{
  "metadata": {
    "armature_name": "KIM_caucasian_male",
    "export_time": "2026-01-13T19:12:21.342836",
    "blender_version": "4.4.1",
    "bone_count": 56,
    "end_bone_count": 13,
    "spaces_included": [
      "LOCAL_CHANNELS",
      "ARMATURE_SPACE",
      "WORLD_SPACE"
    ],
    "note": "LOCAL matches Transform panel; replay pose via local.matrix_basis for best fidelity."
  },
  "bones": {
    "Root": {
      "name": "Root",
      "local": {
        "location": {
          "x": 0.0,
          "y": 0.0,
          "z": 0.0
        },
        "rotation_quaternion": {
          "w": 0.9999871850013733,
          "x": 0.003755526850000024,
          "y": 0.0033927173353731632,
          "z": 0.00021749746520072222
        },
        "scale": {
          "x": 1.0,
          "y": 1.0,
          "z": 1.0
        },
        "matrix_basis": [
          [
            0.9999768733978271,
            -0.00040950646507553756,
            0.0067869811318814754,
            0.0
          ],
          [
            0.0004604722489602864,
            0.9999716877937317,
            -0.007509481627494097,
            0.0
          ],
          [
            -0.006783714052289724,
            0.0075124334543943405,
            0.9999487996101379,
            0.0
          ],
          [
            0.0,
            0.0,
            0.0,
            1.0
          ]
        ],
        "rotation_mode": "QUATERNION"
      },
      "armature_space": {
        "head": {
          "x": 0.0,
          "y": 0.07072800397872925,
          "z": -0.009595036506652832
        },
        "tail": {
          "x": -2.922888052125927e-05,
          "y": -7.00727105140686e-05,
          "z": -0.0005316147580742836
        }
      },
      "world_space": {
        "head": {
          "x": 0.0,
          "y": 0.13397200405597687,
          "z": 0.9402589797973633
        },
        "tail": {
          "x": -2.922888052125927e-05,
          "y": 0.06317392736673355,
          "z": 0.9493224024772644
        },
        "rotation_quaternion": {
          "w": 0.06361980736255646,
          "x": 0.9979684352874756,
          "y": 1.1556860954442527e-05,
          "z": 0.003399662207812071
        },
        "matrix": [
          [
            0.9999768733978271,
            -0.00040950646507553756,
            0.0067869811318814754,
            0.0
          ],
          [
            0.0004556399944704026,
            -0.9919049739837646,
            -0.12698149681091309,
            0.13397200405597687
          ],
          [
            0.00678408844396472,
            0.12698160111904144,
            -0.9918889999389648,
            0.9402589797973633
          ],
          [
            0.0,
            0.0,
            0.0,
            1.0
          ]
        ]
      },
      "bone_length_armature_space": 0.07137586650090814,
      "parent": null,
      "has_children": true,
      "is_end_bone": false
    },
    "spine_01": {
      "name": "spine_01",
      "local": {
        "location": {
          "x": 0.0,
          "y": 0.0,
          "z": 0.0
        },
        "rotation_quaternion": {
          "w": 0.9961656332015991,
          "x": 0.08688513189554214,
          "y": 0.008952375501394272,
          "z": 0.0049766311421990395
        },
        "scale": {
          "x": 1.0,
          "y": 1.0,
          "z": 1.0
        },
        "matrix_basis": [
          [
            0.9997901916503906,
            -0.00835944153368473,
            0.018700888380408287,
            0.0
          ],
          [
            0.011470754630863667,
            0.9848524332046509,
            -0.17301486432552338,
            0.0
          ],
          [
            -0.01697130687534809,
            0.1731930673122406,
            0.9847416281700134,
            0.0
          ],
          [
            0.0,
            0.0,
            0.0,
            1.0
          ]
        ],
        "rotation_mode": "QUATERNION"
      },
      "armature_space": {
        "head": {
          "x": -2.922888052125927e-05,
          "y": -7.00727105140686e-05,
          "z": -0.0005316147580742836
        },
        "tail": {
          "x": -0.007359121460467577,
          "y": -0.06566982716321945,
          "z": 0.48298823833465576
        }
      },
      "world_space": {
        "head": {
          "x": -2.922888052125927e-05,
          "y": 0.06317392736673355,
          "z": 0.9493224024772644
        },
        "tail": {
          "x": -0.007359121460467577,
          "y": -0.0024258270859718323,
          "z": 1.4328422546386719
        },
        "rotation_quaternion": {
          "w": 0.6578648686408997,
          "x": 0.7530317306518555,
          "y": 0.0009440773283131421,
          "z": 0.012496542185544968
        },
        "matrix": [
          [
            0.9996858835220337,
            -0.015020233578979969,
            0.020062623545527458,
            -2.922888052125927e-05
          ],
          [
            0.017863810062408447,
            -0.13442538678646088,
            -0.9907627105712891,
            0.06317392736673355
          ],
          [
            0.017578553408384323,
            0.9908168911933899,
            -0.1341167390346527,
            0.9493224024772644
          ],
          [
            0.0,
            0.0,
            0.0,
            1.0
          ]
        ]
      },
      "bone_length_armature_space": 0.48800460634053705,
      "parent": "Root",
      "has_children": true,
      "is_end_bone": false
    },
    "neck_01": {
      "name": "neck_01",
      "local": {
        "location": {
          "x": 0.0,
          "y": 0.0,
          "z": 0.0
        },
        "rotation_quaternion": {
          "w": 0.9962494373321533,
          "x": -0.05818025767803192,
          "y": 0.008147763088345528,
          "z": -0.06352750211954117
        },
        "scale": {
          "x": 1.0,
          "y": 1.0,
          "z": 1.0
        },
        "matrix_basis": [
          [
            0.9917957186698914,
            0.12563039362430573,
            0.023626500740647316,
            0.0
          ],
          [
            -0.12752655148506165,
            0.9851586222648621,
            0.11488888412714005,
            0.0
          ],
          [
            -0.008842315524816513,
            -0.11695931106805801,
            0.9930973649024963,
            0.0
          ],
          [
            0.0,
            0.0,
            0.0,
            1.0
          ]
        ],
        "rotation_mode": "QUATERNION"
      },
      "armature_space": {
        "head": {
          "x": -0.007763099391013384,
          "y": -0.10987233370542526,
          "z": 0.5508831143379211
        },
        "tail": {
          "x": 0.004209619481116533,
          "y": -0.14985880255699158,
          "z": 0.6445232629776001
        }
      },
      "world_space": {
        "head": {
          "x": -0.007763099391013384,
          "y": -0.04662833362817764,
          "z": 1.500737190246582
        },
        "tail": {
          "x": 0.004209619481116533,
          "y": -0.08661480247974396,
          "z": 1.5943772792816162
        },
        "rotation_quaternion": {
          "w": 0.5488372445106506,
          "x": 0.8335708975791931,
          "y": 0.061336398124694824,
          "z": -0.013233533129096031
        },
        "matrix": [
          [
            0.9921254515647888,
            0.11678270250558853,
            0.04526577517390251,
            -0.007763099391013384
          ],
          [
            0.08773089200258255,
            -0.39003077149391174,
            -0.9166131019592285,
            -0.04662833362817764
          ],
          [
            -0.08939005434513092,
            0.9133723974227905,
            -0.39720863103866577,
            1.500737190246582
          ],
          [
            0.0,
            0.0,
            0.0,
            1.0
          ]
        ]
      },
      "bone_length_armature_space": 0.10252190557063473,
      "parent": "spine_01",
      "has_children": true,
      "is_end_bone": false
    },
    "head": {
      "name": "head",
      "local": {
        "location": {
          "x": 0.0,
          "y": 0.0,
          "z": 0.0
        },
        "rotation_quaternion": {
          "w": 0.977664589881897,
          "x": 0.10324883460998535,
          "y": 0.11652812361717224,
          "z": 0.14118382334709167
        },
        "scale": {
          "x": 1.0,
          "y": 1.0,
          "z": 1.0
        },
        "matrix_basis": [
          [
            0.9329766631126404,
            -0.25199806690216064,
            0.257004976272583,
            0.0
          ],
          [
            0.3001236319541931,
            0.9388136267662048,
            -0.16898168623447418,
            0.0
          ],
          [
            -0.19869670271873474,
            0.23478923738002777,
            0.9515217542648315,
            0.0
          ],
          [
            0.0,
            0.0,
            0.0,
            1.0
          ]
        ],
        "rotation_mode": "QUATERNION"
      },
      "armature_space": {
        "head": {
          "x": 0.004209618084132671,
          "y": -0.14985892176628113,
          "z": 0.6445231437683105
        },
        "tail": {
          "x": -0.018231768161058426,
          "y": -0.19414368271827698,
          "z": 0.79145348072052
        }
      },
      "world_space": {
        "head": {
          "x": 0.004209618084132671,
          "y": -0.08661492168903351,
          "z": 1.5943771600723267
        },
        "tail": {
          "x": -0.018231768161058426,
          "y": -0.13089968264102936,
          "z": 1.7413074970245361
        },
        "rotation_quaternion": {
          "w": 0.596405029296875,
          "x": 0.782917320728302,
          "y": 0.039117325097322464,
          "z": 0.17265981435775757
        },
        "matrix": [
          [
            0.9373173713684082,
            -0.14469891786575317,
            0.31701529026031494,
            0.004209618084132671
          ],
          [
            0.2672007083892822,
            -0.2855418920516968,
            -0.9203640818595886,
            -0.08661492168903351
          ],
          [
            0.22369861602783203,
            0.9473862648010254,
            -0.22898221015930176,
            1.5943771600723267
          ],
          [
            0.0,
            0.0,
            0.0,
            1.0
          ]
        ]
      },
      "bone_length_armature_space": 0.1550912010696966,
      "parent": "neck_01",
      "has_children": false,
      "is_end_bone": true
    },
    "upperarm_l": {
      "name": "upperarm_l",
      "local": {
        "location": {
          "x": 0.0,
          "y": 0.0,
          "z": 0.0
        },
        "rotation_quaternion": {
          "w": 0.850359320640564,
          "x": 0.28585490584373474,
          "y": 0.34111565351486206,
          "z": 0.2807423174381256
        },
        "scale": {
          "x": 1.0,
          "y": 1.0,
          "z": 1.0
        },
        "matrix_basis": [
          [
            0.6096477508544922,
            -0.2824445366859436,
            0.7406448721885681,
            0.0
          ],
          [
            0.6724828481674194,
            0.6789414286613464,
            -0.2946275770664215,
            0.0
          ],
          [
            -0.41963860392570496,
            0.6776899695396423,
            0.6038541793823242,
            0.0
          ],
          [
            0.0,
            0.0,
            0.0,
            1.0
          ]
        ],
        "rotation_mode": "QUATERNION"
      },
      "armature_space": {
        "head": {
          "x": 0.14326323568820953,
          "y": -0.10131800174713135,
          "z": 0.4865016043186188
        },
        "tail": {
          "x": 0.3362215459346771,
          "y": -0.28141260147094727,
          "z": 0.5327688455581665
        }
      },
      "world_space": {
        "head": {
          "x": 0.14326323568820953,
          "y": -0.03807400166988373,
          "z": 1.4363555908203125
        },
        "tail": {
          "x": 0.3362215459346771,
          "y": -0.21816860139369965,
          "z": 1.4826228618621826
        },
        "rotation_quaternion": {
          "w": 0.18865980207920074,
          "x": 0.8860759139060974,
          "y": 0.358289510011673,
          "z": -0.2256230264902115
        },
        "matrix": [
          [
            0.6414456367492676,
            0.7200758457183838,
            -0.264647513628006,
            0.14326323568820953
          ],
          [
            0.5498117208480835,
            -0.6720714569091797,
            -0.4960114359855652,
            -0.03807400166988373
          ],
          [
            -0.5350311994552612,
            0.17265866696834564,
            -0.8270097970962524,
            1.4363555908203125
          ],
          [
            0.0,
            0.0,
            0.0,
            1.0
          ]
        ]
      },
      "bone_length_armature_space": 0.2679694604933748,
      "parent": "spine_01",
      "has_children": true,
      "is_end_bone": false
    },
    "lowerarm_l": {
      "name": "lowerarm_l",
      "local": {
        "location": {
          "x": 0.0,
          "y": 0.0,
          "z": 0.0
        },
        "rotation_quaternion": {
          "w": 0.9563468098640442,
          "x": 0.01903722994029522,
          "y": -0.11222680658102036,
          "z": 0.2691534161567688
        },
        "scale": {
          "x": 1.0,
          "y": 1.0,
          "z": 1.0
        },
        "matrix_basis": [
          [
            0.829923152923584,
            -0.5190809965133667,
            -0.20440763235092163,
            0.0
          ],
          [
            0.5105350613594055,
            0.8543880581855774,
            -0.09682484716176987,
            0.0
          ],
          [
            0.22490337491035461,
            -0.024000069126486778,
            0.9740854501724243,
            0.0
          ],
          [
            0.0,
            0.0,
            0.0,
            1.0
          ]
        ],
        "rotation_mode": "QUATERNION"
      },
      "armature_space": {
        "head": {
          "x": 0.33622151613235474,
          "y": -0.2814127504825592,
          "z": 0.5327689051628113
        },
        "tail": {
          "x": 0.3965602517127991,
          "y": -0.5130411982536316,
          "z": 0.6522552967071533
        }
      },
      "world_space": {
        "head": {
          "x": 0.33622151613235474,
          "y": -0.21816875040531158,
          "z": 1.4826228618621826
        },
        "tail": {
          "x": 0.3965602517127991,
          "y": -0.44979721307754517,
          "z": 1.6021093130111694
        },
        "rotation_quaternion": {
          "w": 0.25780245661735535,
          "x": 0.9002342224121094,
          "y": 0.02504427544772625,
          "z": -0.3499843180179596
        },
        "matrix": [
          [
            0.7537678480148315,
            0.22554472088813782,
            -0.6172224879264832,
            0.33622151613235474
          ],
          [
            -0.13536201417446136,
            -0.8658214807510376,
            -0.48169535398483276,
            -0.21816875040531158
          ],
          [
            -0.6430531740188599,
            0.4466373026371002,
            -0.6221030950546265,
            1.4826228618621826
          ],
          [
            0.0,
            0.0,
            0.0,
            1.0
          ]
        ]
      },
      "bone_length_armature_space": 0.26752476525615676,
      "parent": "upperarm_l",
      "has_children": true,
      "is_end_bone": false
    },
    "metacarpal_thumb_l": {
      "name": "metacarpal_thumb_l",
      "local": {
        "location": {
          "x": 0.0,
          "y": 0.0,
          "z": 0.0
        },
        "rotation_quaternion": {
          "w": 0.9992163181304932,
          "x": -0.03910735249519348,
          "y": -0.004354987759143114,
          "z": 0.004298520274460316
        },
        "scale": {
          "x": 1.0,
          "y": 1.0,
          "z": 1.0
        },
        "matrix_basis": [
          [
            0.9999251365661621,
            -0.008249679580330849,
            -0.009039357304573059,
            0.0
          ],
          [
            0.008930927142500877,
            0.9969042539596558,
            0.07811596989631653,
            0.0
          ],
          [
            0.008366942405700684,
            -0.07819084823131561,
            0.9969033002853394,
            0.0
          ],
          [
            0.0,
            0.0,
            0.0,
            1.0
          ]
        ],
        "rotation_mode": "QUATERNION"
      },
      "armature_space": {
        "head": {
          "x": 0.3965602517127991,
          "y": -0.5130411982536316,
          "z": 0.6522552967071533
        },
        "tail": {
          "x": 0.39110422134399414,
          "y": -0.5621001124382019,
          "z": 0.6481277942657471
        }
      },
      "world_space": {
        "head": {
          "x": 0.3965602517127991,
          "y": -0.44979721307754517,
          "z": 1.6021093130111694
        },
        "tail": {
          "x": 0.39110422134399414,
          "y": -0.4988561272621155,
          "z": 1.5979818105697632
        },
        "rotation_quaternion": {
          "w": 0.016932610422372818,
          "x": -0.9186457991600037,
          "y": 0.06712058186531067,
          "z": -0.3889704644680023
        },
        "matrix": [
          [
            0.6883934736251831,
            -0.11014819145202637,
            0.7169251441955566,
            0.3965602517127991
          ],
          [
            -0.13649244606494904,
            -0.9904160499572754,
            -0.02110656350851059,
            -0.44979721307754517
          ],
          [
            0.7123842239379883,
            -0.08332677185535431,
            -0.6968356370925903,
            1.6021093130111694
          ],
          [
            0.0,
            0.0,
            0.0,
            1.0
          ]
        ]
      },
      "bone_length_armature_space": 0.04953364169138599,
      "parent": "lowerarm_l",
      "has_children": true,
      "is_end_bone": false
    },
    "thumb_01_l": {
      "name": "thumb_01_l",
      "local": {
        "location": {
          "x": 0.0,
          "y": 0.0,
          "z": 0.0
        },
        "rotation_quaternion": {
          "w": 0.9995473623275757,
          "x": -0.024884194135665894,
          "y": -0.015528565272688866,
          "z": -0.006686569657176733
        },
        "scale": {
          "x": 1.0,
          "y": 1.0,
          "z": 1.0
        },
        "matrix_basis": [
          [
            0.9994283318519592,
            0.014139917679131031,
            -0.030710292980074883,
            0.0
          ],
          [
            -0.012594254687428474,
            0.9986721277236938,
            0.04995352774858475,
            0.0
          ],
          [
            0.03137585148215294,
            -0.04953819513320923,
            0.9982792735099792,
            0.0
          ],
          [
            0.0,
            0.0,
            0.0,
            1.0
          ]
        ],
        "rotation_mode": "QUATERNION"
      },
      "armature_space": {
        "head": {
          "x": 0.39110422134399414,
          "y": -0.5621001124382019,
          "z": 0.6481277942657471
        },
        "tail": {
          "x": 0.4023531675338745,
          "y": -0.5842730402946472,
          "z": 0.6248800754547119
        }
      },
      "world_space": {
        "head": {
          "x": 0.39110422134399414,
          "y": -0.4988561272621155,
          "z": 1.5979818105697632
        },
        "tail": {
          "x": 0.4023531675338745,
          "y": -0.5210290551185608,
          "z": 1.574734091758728
        },
        "rotation_quaternion": {
          "w": 0.31548014283180237,
          "x": -0.35887157917022705,
          "y": 0.27343958616256714,
          "z": -0.8348138928413391
        },
        "matrix": [
          [
            -0.5433663129806519,
            0.33047664165496826,
            0.7717111706733704,
            0.39110422134399414
          ],
          [
            -0.7229941487312317,
            -0.6514061093330383,
            -0.23010693490505219,
            -0.4988561272621155
          ],
          [
            0.42665499448776245,
            -0.6829807758331299,
            0.5928890705108643,
            1.5979818105697632
          ],
          [
            0.0,
            0.0,
            0.0,
            1.0
          ]
        ]
      },
      "bone_length_armature_space": 0.0340387125683334,
      "parent": "metacarpal_thumb_l",
      "has_children": true,
      "is_end_bone": false
    },
    "thumb_02_l": {
      "name": "thumb_02_l",
      "local": {
        "location": {
          "x": 0.0,
          "y": 0.0,
          "z": 0.0
        },
        "rotation_quaternion": {
          "w": 0.9971662163734436,
          "x": 0.07487741857767105,
          "y": 0.0010282680159434676,
          "z": 0.007205595262348652
        },
        "scale": {
          "x": 1.0,
          "y": 1.0,
          "z": 1.0
        },
        "matrix_basis": [
          [
            0.9998940229415894,
            -0.014216364361345768,
            0.0031297809910029173,
            0.0
          ],
          [
            0.014524340629577637,
            0.9886829257011414,
            -0.14931564033031464,
            0.0
          ],
          [
            -0.0009716355125419796,
            0.1493452787399292,
            0.9887846112251282,
            0.0
          ],
          [
            0.0,
            0.0,
            0.0,
            1.0
          ]
        ],
        "rotation_mode": "QUATERNION"
      },
      "armature_space": {
        "head": {
          "x": 0.4023531675338745,
          "y": -0.5842730402946472,
          "z": 0.6248800754547119
        },
        "tail": {
          "x": 0.4134990870952606,
          "y": -0.6187443137168884,
          "z": 0.6422202587127686
        }
      },
      "world_space": {
        "head": {
          "x": 0.4023531675338745,
          "y": -0.5210290551185608,
          "z": 1.574734091758728
        },
        "tail": {
          "x": 0.4134990870952606,
          "y": -0.555500328540802,
          "z": 1.5920742750167847
        },
        "rotation_quaternion": {
          "w": 0.15441134572029114,
          "x": 0.045731641352176666,
          "y": -0.21686390042304993,
          "z": -0.9628270864486694
        },
        "matrix": [
          [
            -0.9481314420700073,
            0.2775077223777771,
            -0.15503612160682678,
            0.4023531675338745
          ],
          [
            -0.3171781301498413,
            -0.858254075050354,
            0.40348196029663086,
            -0.5210290551185608
          ],
          [
            -0.02109144628047943,
            0.4317304491996765,
            0.9017640948295593,
            1.574734091758728
          ],
          [
            0.0,
            0.0,
            0.0,
            1.0
          ]
        ]
      },
      "bone_length_armature_space": 0.040164438469626786,
      "parent": "thumb_01_l",
      "has_children": true,
      "is_end_bone": false
    },
    "thumb_03_l": {
      "name": "thumb_03_l",
      "local": {
        "location": {
          "x": 0.0,
          "y": 0.0,
          "z": 0.0
        },
        "rotation_quaternion": {
          "w": 0.9978930950164795,
          "x": 0.06401945650577545,
          "y": -0.010517015121877193,
          "z": -0.0005304501974023879
        },
        "scale": {
          "x": 1.0,
          "y": 1.0,
          "z": 1.0
        },
        "matrix_basis": [
          [
            0.9997782111167908,
            -0.0002879220119211823,
            -0.021057631820440292,
            0.0
          ],
          [
            -0.002405252307653427,
            0.991802453994751,
            -0.1277579963207245,
            0.0
          ],
          [
            0.020921794697642326,
            0.12778030335903168,
            0.9915817975997925,
            0.0
          ],
          [
            0.0,
            0.0,
            0.0,
            1.0
          ]
        ],
        "rotation_mode": "QUATERNION"
      },
      "armature_space": {
        "head": {
          "x": 0.41349902749061584,
          "y": -0.6187442541122437,
          "z": 0.6422201991081238
        },
        "tail": {
          "x": 0.4226280450820923,
          "y": -0.6369139552116394,
          "z": 0.6648789644241333
        }
      },
      "world_space": {
        "head": {
          "x": 0.41349902749061584,
          "y": -0.5555002689361572,
          "z": 1.5920741558074951
        },
        "tail": {
          "x": 0.4226280450820923,
          "y": -0.573669970035553,
          "z": 1.6147329807281494
        },
        "rotation_quaternion": {
          "w": 0.268318772315979,
          "x": 0.22755473852157593,
          "y": -0.360002338886261,
          "z": -0.8640731573104858
        },
        "matrix": [
          [
            -0.7524473071098328,
            0.29985424876213074,
            -0.586438775062561,
            0.41349902749061584
          ],
          [
            -0.6275350451469421,
            -0.5968064069747925,
            0.5000216364860535,
            -0.5555002689361572
          ],
          [
            -0.20005878806114197,
            0.744255781173706,
            0.6372396349906921,
            1.5920741558074951
          ],
          [
            0.0,
            0.0,
            0.0,
            1.0
          ]
        ]
      },
      "bone_length_armature_space": 0.03044497723274894,
      "parent": "thumb_02_l",
      "has_children": false,
      "is_end_bone": true
    },
    "metacarpal_index_l": {
      "name": "metacarpal_index_l",
      "local": {
        "location": {
          "x": 0.0,
          "y": 0.0,
          "z": 0.0
        },
        "rotation_quaternion": {
          "w": 0.9994891285896301,
          "x": -0.024561386555433273,
          "y": -0.019569791853427887,
          "z": 0.005950433202087879
        },
        "scale": {
          "x": 1.0,
          "y": 1.0,
          "z": 1.0
        },
        "matrix_basis": [
          [
            0.9991632103919983,
            -0.010933464393019676,
            -0.039411891251802444,
            0.0
          ],
          [
            0.01285610906779766,
            0.9987226724624634,
            0.048864781856536865,
            0.0
          ],
          [
            0.038827285170555115,
            -0.04933057352900505,
            0.998027503490448,
            0.0
          ],
          [
            0.0,
            0.0,
            0.0,
            1.0
          ]
        ],
        "rotation_mode": "QUATERNION"
      },
      "armature_space": {
        "head": {
          "x": 0.3965602517127991,
          "y": -0.5130411982536316,
          "z": 0.6522552967071533
        },
        "tail": {
          "x": 0.40152403712272644,
          "y": -0.626471221446991,
          "z": 0.6812072396278381
        }
      },
      "world_space": {
        "head": {
          "x": 0.3965602517127991,
          "y": -0.44979721307754517,
          "z": 1.6021093130111694
        },
        "tail": {
          "x": 0.40152403712272644,
          "y": -0.5632272362709045,
          "z": 1.631061315536499
        },
        "rotation_quaternion": {
          "w": 0.12201963365077972,
          "x": 0.9876924753189087,
          "y": 0.03283344954252243,
          "z": 0.09217904508113861
        },
        "matrix": [
          [
            0.9808499813079834,
            0.0423632450401783,
            0.190101757645607,
            0.3965602517127991
          ],
          [
            0.0873541533946991,
            -0.9680663347244263,
            -0.23498296737670898,
            -0.44979721307754517
          ],
          [
            0.17407767474651337,
            0.24709001183509827,
            -0.9532355070114136,
            1.6021093130111694
          ],
          [
            0.0,
            0.0,
            0.0,
            1.0
          ]
        ]
      },
      "bone_length_armature_space": 0.11717177366399895,
      "parent": "lowerarm_l",
      "has_children": true,
      "is_end_bone": false
    },
    "index_01_l": {
      "name": "index_01_l",
      "local": {
        "location": {
          "x": 0.0,
          "y": 0.0,
          "z": 0.0
        },
        "rotation_quaternion": {
          "w": 0.9934712648391724,
          "x": -0.11385626345872879,
          "y": 0.0065168533474206924,
          "z": -0.0030214423313736916
        },
        "scale": {
          "x": 1.0,
          "y": 1.0,
          "z": 1.0
        },
        "matrix_basis": [
          [
            0.9998968243598938,
            0.004519463051110506,
            0.01363663375377655,
            0.0
          ],
          [
            -0.007487401366233826,
            0.9740552306175232,
            0.22618646919727325,
            0.0
          ],
          [
            -0.01226059254258871,
            -0.22626523673534393,
            0.9739885926246643,
            0.0
          ],
          [
            0.0,
            0.0,
            0.0,
            1.0
          ]
        ],
        "rotation_mode": "QUATERNION"
      },
      "armature_space": {
        "head": {
          "x": 0.40152403712272644,
          "y": -0.626471221446991,
          "z": 0.6812072396278381
        },
        "tail": {
          "x": 0.4097985029220581,
          "y": -0.6474775075912476,
          "z": 0.6986239552497864
        }
      },
      "world_space": {
        "head": {
          "x": 0.40152403712272644,
          "y": -0.5632272362709045,
          "z": 1.631061315536499
        },
        "tail": {
          "x": 0.4097985029220581,
          "y": -0.5842335224151611,
          "z": 1.6484780311584473
        },
        "rotation_quaternion": {
          "w": 0.30579376220703125,
          "x": 0.9245969653129578,
          "y": 0.1953054964542389,
          "z": 0.11604506522417068
        },
        "matrix": [
          [
            0.8967785239219666,
            0.2901861071586609,
            0.3340366780757904,
            0.40152403712272644
          ],
          [
            0.4321300685405731,
            -0.7366917133331299,
            -0.5201435089111328,
            -0.5632272362709045
          ],
          [
            0.0951446145772934,
            0.6108043193817139,
            -0.786053478717804,
            1.631061315536499
          ],
          [
            0.0,
            0.0,
            0.0,
            1.0
          ]
        ]
      },
      "bone_length_armature_space": 0.028514431978892692,
      "parent": "metacarpal_index_l",
      "has_children": true,
      "is_end_bone": false
    },
    "index_02_l": {
      "name": "index_02_l",
      "local": {
        "location": {
          "x": 0.0,
          "y": 0.0,
          "z": 0.0
        },
        "rotation_quaternion": {
          "w": 0.9987653493881226,
          "x": 0.049013275653123856,
          "y": 0.006125040352344513,
          "z": -0.005289382301270962
        },
        "scale": {
          "x": 1.0,
          "y": 1.0,
          "z": 1.0
        },
        "matrix_basis": [
          [
            0.9998689889907837,
            0.011166119948029518,
            0.011716456152498722,
            0.0
          ],
          [
            -0.00996528659015894,
            0.9951394200325012,
            -0.09797032177448273,
            0.0
          ],
          [
            -0.012753455899655819,
            0.09784072637557983,
            0.9951203465461731,
            0.0
          ],
          [
            0.0,
            0.0,
            0.0,
            1.0
          ]
        ],
        "rotation_mode": "QUATERNION"
      },
      "armature_space": {
        "head": {
          "x": 0.4097985327243805,
          "y": -0.6474781036376953,
          "z": 0.6986238956451416
        },
        "tail": {
          "x": 0.4185926020145416,
          "y": -0.666782557964325,
          "z": 0.7130494117736816
        }
      },
      "world_space": {
        "head": {
          "x": 0.4097985327243805,
          "y": -0.5842341184616089,
          "z": 1.6484779119491577
        },
        "tail": {
          "x": 0.4185926020145416,
          "y": -0.6035385727882385,
          "z": 1.6629034280776978
        },
        "rotation_quaternion": {
          "w": 0.28389739990234375,
          "x": 0.932770848274231,
          "y": 0.20771381258964539,
          "z": 0.07871484011411667
        },
        "matrix": [
          [
            0.9013177752494812,
            0.34280484914779663,
            0.26478520035743713,
            0.4097985327243805
          ],
          [
            0.43219321966171265,
            -0.7525142431259155,
            -0.4969220757484436,
            -0.5842341184616089
          ],
          [
            0.028907805681228638,
            0.562326192855835,
            -0.8264188170433044,
            1.6484779119491577
          ],
          [
            0.0,
            0.0,
            0.0,
            1.0
          ]
        ]
      },
      "bone_length_armature_space": 0.02565332561106625,
      "parent": "index_01_l",
      "has_children": true,
      "is_end_bone": false
    },
    "index_03_l": {
      "name": "index_03_l",
      "local": {
        "location": {
          "x": 0.0,
          "y": 0.0,
          "z": 0.0
        },
        "rotation_quaternion": {
          "w": 0.9992753267288208,
          "x": 0.03705783188343048,
          "y": 0.003799526719376445,
          "z": 0.007828802801668644
        },
        "scale": {
          "x": 1.0,
          "y": 1.0,
          "z": 1.0
        },
        "matrix_basis": [
          [
            0.9998485445976257,
            -0.01536465436220169,
            0.00817378330975771,
            0.0
          ],
          [
            0.015927864238619804,
            0.9971308708190918,
            -0.0740024596452713,
            0.0
          ],
          [
            -0.007013309746980667,
            0.07412144541740417,
            0.9972245693206787,
            0.0
          ],
          [
            0.0,
            0.0,
            0.0,
            1.0
          ]
        ],
        "rotation_mode": "QUATERNION"
      },
      "armature_space": {
        "head": {
          "x": 0.41859254240989685,
          "y": -0.6667824983596802,
          "z": 0.7130495309829712
        },
        "tail": {
          "x": 0.4318123161792755,
          "y": -0.6897537112236023,
          "z": 0.7253496646881104
        }
      },
      "world_space": {
        "head": {
          "x": 0.41859254240989685,
          "y": -0.6035385131835938,
          "z": 1.6629035472869873
        },
        "tail": {
          "x": 0.4318123161792755,
          "y": -0.6265097260475159,
          "z": 1.6752036809921265
        },
        "rotation_quaternion": {
          "w": 0.20017345249652863,
          "x": 0.9411658048629761,
          "y": 0.2585330009460449,
          "z": 0.08543088287115097
        },
        "matrix": [
          [
            0.85172438621521,
            0.4524427354335785,
            0.26431259512901306,
            0.41859254240989685
          ],
          [
            0.5208472013473511,
            -0.7861824631690979,
            -0.332619309425354,
            -0.6035385131835938
          ],
          [
            0.05730750411748886,
            0.42096853256225586,
            -0.905271053314209,
            1.6629035472869873
          ],
          [
            0.0,
            0.0,
            0.0,
            1.0
          ]
        ]
      },
      "bone_length_armature_space": 0.02921869804749358,
      "parent": "index_02_l",
      "has_children": false,
      "is_end_bone": true
    },
    "metacarpal_pinky_l": {
      "name": "metacarpal_pinky_l",
      "local": {
        "location": {
          "x": 0.0,
          "y": 0.0,
          "z": 0.0
        },
        "rotation_quaternion": {
          "w": 0.999914288520813,
          "x": -0.008858968503773212,
          "y": -0.00013352070527616888,
          "z": -0.009646402671933174
        },
        "scale": {
          "x": 1.0,
          "y": 1.0,
          "z": 1.0
        },
        "matrix_basis": [
          [
            0.9998138546943665,
            0.019293516874313354,
            -9.610416600480676e-05,
            0.0
          ],
          [
            -0.019288785755634308,
            0.9996569156646729,
            0.017718994989991188,
            0.0
          ],
          [
            0.00043793287477456033,
            -0.017713842913508415,
            0.9998430013656616,
            0.0
          ],
          [
            0.0,
            0.0,
            0.0,
            1.0
          ]
        ],
        "rotation_mode": "QUATERNION"
      },
      "armature_space": {
        "head": {
          "x": 0.3965602517127991,
          "y": -0.5130411982536316,
          "z": 0.6522552967071533
        },
        "tail": {
          "x": 0.4398517608642578,
          "y": -0.585103452205658,
          "z": 0.7137055397033691
        }
      },
      "world_space": {
        "head": {
          "x": 0.3965602517127991,
          "y": -0.44979721307754517,
          "z": 1.6021093130111694
        },
        "tail": {
          "x": 0.4398517608642578,
          "y": -0.5218594670295715,
          "z": 1.6635595560073853
        },
        "rotation_quaternion": {
          "w": 0.3576844036579132,
          "x": 0.4675440490245819,
          "y": -0.16137893497943878,
          "z": -0.7920992970466614
        },
        "matrix": [
          [
            -0.306928426027298,
            0.4157419502735138,
            -0.8561270833015442,
            0.3965602517127991
          ],
          [
            -0.7175475358963013,
            -0.6920363903045654,
            -0.07881209254264832,
            -0.44979721307754517
          ],
          [
            -0.625241756439209,
            0.5901256799697876,
            0.510723888874054,
            1.6021093130111694
          ],
          [
            0.0,
            0.0,
            0.0,
            1.0
          ]
        ]
      },
      "bone_length_armature_space": 0.10413095444456066,
      "parent": "lowerarm_l",
      "has_children": true,
      "is_end_bone": false
    },
    "pinky_01_l": {
      "name": "pinky_01_l",
      "local": {
        "location": {
          "x": 0.0,
          "y": 0.0,
          "z": 0.0
        },
        "rotation_quaternion": {
          "w": 0.9668567776679993,
          "x": 0.2552911639213562,
          "y": 0.003707421477884054,
          "z": 0.0008790850406512618
        },
        "scale": {
          "x": 1.0,
          "y": 1.0,
          "z": 1.0
        },
        "matrix_basis": [
          [
            0.9999709725379944,
            0.00019304522720631212,
            0.007617936469614506,
            0.0
          ],
          [
            0.0035928424913436174,
            0.8696513175964355,
            -0.49365347623825073,
            0.0
          ],
          [
            -0.006720245815813541,
            0.49366649985313416,
            0.8696253299713135,
            0.0
          ],
          [
            0.0,
            0.0,
            0.0,
            1.0
          ]
        ],
        "rotation_mode": "QUATERNION"
      },
      "armature_space": {
        "head": {
          "x": 0.4398517608642578,
          "y": -0.585103452205658,
          "z": 0.7137055397033691
