{
  "metadata": {
    "armature_name": "KIM_caucasian_male",
    "export_time": "2026-01-13T21:02:56.463499",
    "blender_version": "4.4.1",
    "bone_count": 56,
    "end_bone_count": 13,
    "spaces_included": [
      "LOCAL_CHANNELS",
      "ARMATURE_SPACE",
      "WORLD_SPACE"
    ],
    "note": "LOCAL matches Transform panel; replay pose via local.matrix_basis for best fidelity."
  },
  "bones": {
    "Root": {
      "name": "Root",
      "local": {
        "location": {
          "x": 0.0,
          "y": 0.0,
          "z": 0.0
        },
        "rotation_quaternion": {
          "w": 0.9995395541191101,
          "x": 0.00346104777418077,
          "y": 0.017538323998451233,
          "z": 0.024515852332115173
        },
        "scale": {
          "x": 1.0,
          "y": 1.0,
          "z": 1.0
        },
        "matrix_basis": [
          [
            0.9981827735900879,
            -0.04888772591948509,
            0.03523019701242447,
            0.0
          ],
          [
            0.049130529165267944,
            0.998773992061615,
            -0.00605897419154644,
            0.0
          ],
          [
            -0.0348907969892025,
            0.007778842002153397,
            0.9993608593940735,
            0.0
          ],
          [
            0.0,
            0.0,
            0.0,
            1.0
          ]
        ],
        "rotation_mode": "QUATERNION"
      },
      "armature_space": {
        "head": {
          "x": 0.0,
          "y": 0.07072800397872925,
          "z": -0.009595036506652832
        },
        "tail": {
          "x": -0.003489403985440731,
          "y": 1.2077391147613525e-05,
          "z": -0.000561949796974659
        }
      },
      "world_space": {
        "head": {
          "x": 0.0,
          "y": 0.13397200405597687,
          "z": 0.9402589797973633
        },
        "tail": {
          "x": -0.003489403985440731,
          "y": 0.06325607746839523,
          "z": 0.9492920637130737
        },
        "rotation_quaternion": {
          "w": 0.06388344615697861,
          "x": 0.9975020885467529,
          "y": -0.023278633132576942,
          "z": 0.019150059670209885
        },
        "matrix": [
          [
            0.9981827735900879,
            -0.04888772591948509,
            0.03523019701242447,
            0.0
          ],
          [
            -0.04399421811103821,
            -0.9907540082931519,
            -0.12833979725837708,
            0.13397200405597687
          ],
          [
            0.04117894545197487,
            0.12655659019947052,
            -0.9911113381385803,
            0.9402589797973633
          ],
          [
            0.0,
            0.0,
            0.0,
            1.0
          ]
        ]
      },
      "bone_length_armature_space": 0.07137586951228361,
      "parent": null,
      "has_children": true,
      "is_end_bone": false
    },
    "spine_01": {
      "name": "spine_01",
      "local": {
        "location": {
          "x": 0.0,
          "y": 0.0,
          "z": 0.0
        },
        "rotation_quaternion": {
          "w": 0.9975875020027161,
          "x": 0.041510261595249176,
          "y": -0.048247940838336945,
          "z": -0.027716632932424545
        },
        "scale": {
          "x": 1.0,
          "y": 1.0,
          "z": 1.0
        },
        "matrix_basis": [
          [
            0.993807852268219,
            0.05129396542906761,
            -0.09856413304805756,
            0.0
          ],
          [
            -0.0593051016330719,
            0.9950173497200012,
            -0.0801456943154335,
            0.0
          ],
          [
            0.09396203607320786,
            0.08549477905035019,
            0.9918980598449707,
            0.0
          ],
          [
            0.0,
            0.0,
            0.0,
            1.0
          ]
        ],
        "rotation_mode": "QUATERNION"
      },
      "armature_space": {
        "head": {
          "x": -0.003489403985440731,
          "y": 1.2077391147613525e-05,
          "z": -0.000561949796974659
        },
        "tail": {
          "x": 0.0004655248485505581,
          "y": -0.02297951653599739,
          "z": 0.486884742975235
        }
      },
      "world_space": {
        "head": {
          "x": -0.003489403985440731,
          "y": 0.06325607746839523,
          "z": 0.9492920637130737
        },
        "tail": {
          "x": 0.0004655248485505581,
          "y": 0.04026448354125023,
          "z": 1.4367387294769287
        },
        "rotation_quaternion": {
          "w": 0.6887357234954834,
          "x": 0.721574604511261,
          "y": -0.045672208070755005,
          "z": -0.053733374923467636
        },
        "matrix": [
          [
            0.9900535941123962,
            0.00810434203594923,
            -0.14045733213424683,
            -0.003489403985440731
          ],
          [
            -0.1399279087781906,
            -0.047113802284002304,
            -0.989040195941925,
            0.06325607746839523
          ],
          [
            -0.014633226208388805,
            0.9988636374473572,
            -0.04551239311695099,
            0.9492920637130737
          ],
          [
            0.0,
            0.0,
            0.0,
            1.0
          ]
        ]
      },
      "bone_length_armature_space": 0.4880046415812591,
      "parent": "Root",
      "has_children": true,
      "is_end_bone": false
    },
    "neck_01": {
      "name": "neck_01",
      "local": {
        "location": {
          "x": 0.0,
          "y": 0.0,
          "z": 0.0
        },
        "rotation_quaternion": {
          "w": 0.9879243969917297,
          "x": 0.07829954475164413,
          "y": -0.044227298349142075,
          "z": -0.12616907060146332
        },
        "scale": {
          "x": 1.0,
          "y": 1.0,
          "z": 1.0
        },
        "matrix_basis": [
          [
            0.9642506241798401,
            0.2423650473356247,
            -0.10714441537857056,
            0.0
          ],
          [
            -0.25621697306632996,
            0.9559010863304138,
            -0.14354783296585083,
            0.0
          ],
          [
            0.06762849539518356,
            0.16586829721927643,
            0.9838262796401978,
            0.0
          ],
          [
            0.0,
            0.0,
            0.0,
            1.0
          ]
        ],
        "rotation_mode": "QUATERNION"
      },
      "armature_space": {
        "head": {
          "x": -0.0038122092373669147,
          "y": -0.06072946637868881,
          "z": 0.5584415793418884
        },
        "tail": {
          "x": 0.013996722176671028,
          "y": -0.12058773636817932,
          "z": 0.6397467851638794
        }
      },
      "world_space": {
        "head": {
          "x": -0.0038122092373669147,
          "y": 0.0025145336985588074,
          "z": 1.5082955360412598
        },
        "tail": {
          "x": 0.013996722176671028,
          "y": -0.0573437362909317,
          "z": 1.5896008014678955
        },
        "rotation_quaternion": {
          "w": 0.45551761984825134,
          "x": 0.8780892491340637,
          "y": 0.02393455244600773,
          "z": -0.1445346176624298
        },
        "matrix": [
          [
            0.9570740461349487,
            0.17370951175689697,
            -0.23202258348464966,
            -0.0038122092373669147
          ],
          [
            -0.08964218199253082,
            -0.5838615298271179,
            -0.8068892359733582,
            0.0025145336985588074
          ],
          [
            -0.27563539147377014,
            0.7930565476417542,
            -0.5432315468788147,
            1.5082955360412598
          ],
          [
            0.0,
            0.0,
            0.0,
            1.0
          ]
        ]
      },
      "bone_length_armature_space": 0.10252173864956411,
      "parent": "spine_01",
      "has_children": true,
      "is_end_bone": false
    },
    "head": {
      "name": "head",
      "local": {
        "location": {
          "x": 0.0,
          "y": 0.0,
          "z": 0.0
        },
        "rotation_quaternion": {
          "w": 0.9977709054946899,
          "x": 0.02817390114068985,
          "y": -0.05170914903283119,
          "z": 0.031396541744470596
        },
        "scale": {
          "x": 1.0,
          "y": 1.0,
          "z": 1.0
        },
        "matrix_basis": [
          [
            0.9926808476448059,
            -0.06556680798530579,
            -0.1014186441898346,
            0.0
          ],
          [
            0.05973941460251808,
            0.9964410066604614,
            -0.05946917459368706,
            0.0
          ],
          [
            0.10495689511299133,
            0.05297522246837616,
            0.9930647611618042,
            0.0
          ],
          [
            0.0,
            0.0,
            0.0,
            1.0
          ]
        ],
        "rotation_mode": "QUATERNION"
      },
      "armature_space": {
        "head": {
          "x": 0.013996672816574574,
          "y": -0.12058781087398529,
          "z": 0.6397466659545898
        },
        "tail": {
          "x": 0.040880631655454636,
          "y": -0.16659876704216003,
          "z": 0.7853952646255493
        }
      },
      "world_space": {
        "head": {
          "x": 0.013996672816574574,
          "y": -0.05734381079673767,
          "z": 1.589600682258606
        },
        "tail": {
          "x": 0.040880631655454636,
          "y": -0.10335476696491241,
          "z": 1.7352492809295654
        },
        "rotation_quaternion": {
          "w": 0.5929096937179565,
          "x": 0.7889574766159058,
          "y": -0.011046120896935463,
          "z": -0.16087943315505981
        },
        "matrix": [
          [
            0.9479919672012329,
            0.17334401607513428,
            -0.26695168018341064,
            0.013996672816574574
          ],
          [
            -0.20820274949073792,
            -0.29667216539382935,
            -0.9320071935653687,
            -0.05734381079673767
          ],
          [
            -0.24075686931610107,
            0.9391217231750488,
            -0.24515467882156372,
            1.589600682258606
          ],
          [
            0.0,
            0.0,
            0.0,
            1.0
          ]
        ]
      },
      "bone_length_armature_space": 0.15509116747922738,
      "parent": "neck_01",
      "has_children": false,
      "is_end_bone": true
    },
    "upperarm_l": {
      "name": "upperarm_l",
      "local": {
        "location": {
          "x": 0.0,
          "y": 0.0,
          "z": 0.0
        },
        "rotation_quaternion": {
          "w": 0.9401888847351074,
          "x": 0.1729438751935959,
          "y": 0.182147815823555,
          "z": -0.2301250398159027
        },
        "scale": {
          "x": 1.0,
          "y": 1.0,
          "z": 1.0
        },
        "matrix_basis": [
          [
            0.8277292847633362,
            0.49572470784187317,
            0.26290926337242126,
            0.0
          ],
          [
            -0.3697192966938019,
            0.8342657685279846,
            -0.4090333580970764,
            0.0
          ],
          [
            -0.422104150056839,
            0.24136626720428467,
            0.873825192451477,
            0.0
          ],
          [
            0.0,
            0.0,
            0.0,
            1.0
          ]
        ],
        "rotation_mode": "QUATERNION"
      },
      "armature_space": {
        "head": {
          "x": 0.14370322227478027,
          "y": -0.08170641958713531,
          "z": 0.4889701008796692
        },
        "tail": {
          "x": 0.35574984550476074,
          "y": -0.15842272341251373,
          "z": 0.34419864416122437
        }
      },
      "world_space": {
        "head": {
          "x": 0.14370322227478027,
          "y": -0.018462419509887695,
          "z": 1.43882417678833
        },
        "tail": {
          "x": 0.35574984550476074,
          "y": -0.09517872333526611,
          "z": 1.2940526008605957
        },
        "rotation_quaternion": {
          "w": 0.11920375376939774,
          "x": 0.5587692856788635,
          "y": 0.5853613018989563,
          "z": -0.5752562284469604
        },
        "matrix": [
          [
            -0.34713149070739746,
            0.7913089990615845,
            -0.5033188462257385,
            0.14370322227478027
          ],
          [
            0.5170208811759949,
            -0.2862875163555145,
            -0.8066777586936951,
            -0.018462419509887695
          ],
          [
            -0.7824301719665527,
            -0.5402536392211914,
            -0.30974674224853516,
            1.43882417678833
          ],
          [
            0.0,
            0.0,
            0.0,
            1.0
          ]
        ]
      },
      "bone_length_armature_space": 0.2679700261271928,
      "parent": "spine_01",
      "has_children": true,
      "is_end_bone": false
    },
    "lowerarm_l": {
      "name": "lowerarm_l",
      "local": {
        "location": {
          "x": 0.0,
          "y": 0.0,
          "z": 0.0
        },
        "rotation_quaternion": {
          "w": 0.9224575757980347,
          "x": 0.38499781489372253,
          "y": -0.0163250919431448,
          "z": -0.024129370227456093
        },
        "scale": {
          "x": 1.0,
          "y": 1.0,
          "z": 1.0
        },
        "matrix_basis": [
          [
            0.9983025193214417,
            0.031946390867233276,
            -0.04869791865348816,
            0.0
          ],
          [
            -0.05708688870072365,
            0.7023888826370239,
            -0.7095004916191101,
            0.0
          ],
          [
            0.011538899503648281,
            0.7110761404037476,
            0.7030203342437744,
            0.0
          ],
          [
            0.0,
            0.0,
            0.0,
            1.0
          ]
        ],
        "rotation_mode": "QUATERNION"
      },
      "armature_space": {
        "head": {
          "x": 0.3557499349117279,
          "y": -0.15842284262180328,
          "z": 0.34419864416122437
        },
        "tail": {
          "x": 0.3897726237773895,
          "y": -0.39034634828567505,
          "z": 0.215266153216362
        }
      },
      "world_space": {
        "head": {
          "x": 0.3557499349117279,
          "y": -0.09517884254455566,
          "z": 1.2940526008605957
        },
        "tail": {
          "x": 0.3897726237773895,
          "y": -0.3271023631095886,
          "z": 1.1651201248168945
        },
        "rotation_quaternion": {
          "w": 0.08228616416454315,
          "x": -0.5316410064697266,
          "y": -0.2444733828306198,
          "z": 0.8067339658737183
        },
        "matrix": [
          [
            -0.4211744964122772,
            0.1271759569644928,
            -0.8980190753936768,
            0.3557499349117279
          ],
          [
            0.3927097022533417,
            -0.8669244050979614,
            -0.3069549798965454,
            -0.09517884254455566
          ],
          [
            -0.8175572156906128,
            -0.48194649815559387,
            0.315185010433197,
            1.2940526008605957
          ],
          [
            0.0,
            0.0,
            0.0,
            1.0
          ]
        ]
      },
      "bone_length_armature_space": 0.2675250320073737,
      "parent": "upperarm_l",
      "has_children": true,
      "is_end_bone": false
    },
    "metacarpal_thumb_l": {
      "name": "metacarpal_thumb_l",
      "local": {
        "location": {
          "x": 0.0,
          "y": 0.0,
          "z": 0.0
        },
        "rotation_quaternion": {
          "w": 0.9994640946388245,
          "x": -0.030002402141690254,
          "y": 0.009528882801532745,
          "z": 0.008981534279882908
        },
        "scale": {
          "x": 1.0,
          "y": 1.0,
          "z": 1.0
        },
        "matrix_basis": [
          [
            0.9996570944786072,
            -0.018525220453739166,
            0.01850861683487892,
            0.0
          ],
          [
            0.017381662502884865,
            0.9980383515357971,
            0.06014381721615791,
            0.0
          ],
          [
            -0.019586486741900444,
            -0.05980147793889046,
            0.9980180859565735,
            0.0
          ],
          [
            0.0,
            0.0,
            0.0,
            1.0
          ]
        ],
        "rotation_mode": "QUATERNION"
      },
      "armature_space": {
        "head": {
          "x": 0.3897726237773895,
          "y": -0.39034634828567505,
          "z": 0.215266153216362
        },
        "tail": {
          "x": 0.3652738630771637,
          "y": -0.43095749616622925,
          "z": 0.20097863674163818
        }
      },
      "world_space": {
        "head": {
          "x": 0.3897726237773895,
          "y": -0.3271023631095886,
          "z": 1.1651201248168945
        },
        "tail": {
          "x": 0.3652738630771637,
          "y": -0.3677135109901428,
          "z": 1.1508326530456543
        },
        "rotation_quaternion": {
          "w": 0.21855460107326508,
          "x": -0.9146712422370911,
          "y": 0.205667182803154,
          "z": 0.27076104283332825
        },
        "matrix": [
          [
            0.7687790989875793,
            -0.49458807706832886,
            -0.4054149091243744,
            0.3897726237773895
          ],
          [
            -0.25788429379463196,
            -0.8198696970939636,
            0.5111841559410095,
            -0.3271023631095886
          ],
          [
            -0.585217297077179,
            -0.2884403467178345,
            -0.7578500509262085,
            1.1651201248168945
          ],
          [
            0.0,
            0.0,
            0.0,
            1.0
          ]
        ]
      },
      "bone_length_armature_space": 0.04953370254020485,
      "parent": "lowerarm_l",
      "has_children": true,
      "is_end_bone": false
    },
    "thumb_01_l": {
      "name": "thumb_01_l",
      "local": {
        "location": {
          "x": 0.0,
          "y": 0.0,
          "z": 0.0
        },
        "rotation_quaternion": {
          "w": 0.999970555305481,
          "x": -0.003387637436389923,
          "y": -0.0008342254441231489,
          "z": -0.006837028078734875
        },
        "scale": {
          "x": 1.0,
          "y": 1.0,
          "z": 1.0
        },
        "matrix_basis": [
          [
            0.9999051094055176,
            0.013679306022822857,
            -0.001622079056687653,
            0.0
          ],
          [
            -0.013668001629412174,
            0.9998835325241089,
            0.006786482408642769,
            0.0
          ],
          [
            0.0017147244652733207,
            -0.006763668265193701,
            0.9999756813049316,
            0.0
          ],
          [
            0.0,
            0.0,
            0.0,
            1.0
          ]
        ],
        "rotation_mode": "QUATERNION"
      },
      "armature_space": {
        "head": {
          "x": 0.3652738630771637,
          "y": -0.43095749616622925,
          "z": 0.20097863674163818
        },
        "tail": {
          "x": 0.34055957198143005,
          "y": -0.4357961416244507,
          "z": 0.1780783236026764
        }
      },
      "world_space": {
        "head": {
          "x": 0.3652738630771637,
          "y": -0.3677135109901428,
          "z": 1.1508326530456543
        },
        "tail": {
          "x": 0.34055957198143005,
          "y": -0.37255215644836426,
          "z": 1.1279323101043701
        },
        "rotation_quaternion": {
          "w": 0.14979730546474457,
          "x": -0.6570996046066284,
          "y": 0.6375609636306763,
          "z": -0.3732251524925232
        },
        "matrix": [
          [
            -0.09156492352485657,
            -0.7260668277740479,
            0.6815003752708435,
            0.3652738630771637
          ],
          [
            -0.9496973752975464,
            -0.14215204119682312,
            -0.279047429561615,
            -0.3677135109901428
          ],
          [
            0.29948487877845764,
            -0.6727750897407532,
            -0.6765326857566833,
            1.1508326530456543
          ],
          [
            0.0,
            0.0,
            0.0,
            1.0
          ]
        ]
      },
      "bone_length_armature_space": 0.0340386995292533,
      "parent": "metacarpal_thumb_l",
      "has_children": true,
      "is_end_bone": false
    },
    "thumb_02_l": {
      "name": "thumb_02_l",
      "local": {
        "location": {
          "x": 0.0,
          "y": 0.0,
          "z": 0.0
        },
        "rotation_quaternion": {
          "w": 0.9960631728172302,
          "x": 0.08857501298189163,
          "y": -0.0027553020045161247,
          "z": -0.00224613631144166
        },
        "scale": {
          "x": 1.0,
          "y": 1.0,
          "z": 1.0
        },
        "matrix_basis": [
          [
            0.9999747276306152,
            0.003986485302448273,
            -0.005886812694370747,
            0.0
          ],
          [
            -0.004962689243257046,
            0.984298825263977,
            -0.17644023895263672,
            0.0
          ],
          [
            0.005091006401926279,
            0.1764649897813797,
            0.9842937588691711,
            0.0
          ],
          [
            0.0,
            0.0,
            0.0,
            1.0
          ]
        ],
        "rotation_mode": "QUATERNION"
      },
      "armature_space": {
        "head": {
          "x": 0.34055957198143005,
          "y": -0.4357961118221283,
          "z": 0.17807835340499878
        },
        "tail": {
          "x": 0.3466844856739044,
          "y": -0.47073686122894287,
          "z": 0.15924182534217834
        }
      },
      "world_space": {
        "head": {
          "x": 0.34055957198143005,
          "y": -0.3725520968437195,
          "z": 1.1279323101043701
        },
        "tail": {
          "x": 0.3466844856739044,
          "y": -0.40749287605285645,
          "z": 1.109095811843872
        },
        "rotation_quaternion": {
          "w": 0.19035209715366364,
          "x": -0.4874417185783386,
          "y": 0.16968946158885956,
          "z": -0.8350880742073059
        },
        "matrix": [
          [
            -0.4523334205150604,
            0.15249624848365784,
            0.8787145614624023,
            0.34055957198143005
          ],
          [
            -0.4833489656448364,
            -0.8699432015419006,
            -0.09783819317817688,
            -0.3725520968437195
          ],
          [
            0.7495166659355164,
            -0.4689854681491852,
            0.4672165513038635,
            1.1279323101043701
          ],
          [
            0.0,
            0.0,
            0.0,
            1.0
          ]
        ]
      },
      "bone_length_armature_space": 0.040164478414112935,
      "parent": "thumb_01_l",
      "has_children": true,
      "is_end_bone": false
    },
    "thumb_03_l": {
      "name": "thumb_03_l",
      "local": {
        "location": {
          "x": 0.0,
          "y": 0.0,
          "z": 0.0
        },
        "rotation_quaternion": {
          "w": 0.9969443678855896,
          "x": 0.0778292641043663,
          "y": 0.004001179244369268,
          "z": 0.005342401098459959
        },
        "scale": {
          "x": 1.0,
          "y": 1.0,
          "z": 1.0
        },
        "matrix_basis": [
          [
            0.9999108910560608,
            -0.010029335506260395,
            0.008809496648609638,
            0.0
          ],
          [
            0.011274971067905426,
            0.9878281354904175,
            -0.15514014661312103,
            0.0
          ],
          [
            -0.007146316114813089,
            0.15522564947605133,
            0.9878531694412231,
            0.0
          ],
          [
            0.0,
            0.0,
            0.0,
            1.0
          ]
        ],
        "rotation_mode": "QUATERNION"
      },
      "armature_space": {
        "head": {
          "x": 0.34668439626693726,
          "y": -0.47073686122894287,
          "z": 0.15924187004566193
        },
        "tail": {
          "x": 0.3633689880371094,
          "y": -0.49434271454811096,
          "z": 0.14968779683113098
        }
      },
      "world_space": {
        "head": {
          "x": 0.34668439626693726,
          "y": -0.40749287605285645,
          "z": 1.1090959310531616
        },
        "tail": {
          "x": 0.3633689880371094,
          "y": -0.43109869956970215,
          "z": 1.0995417833328247
        },
        "rotation_quaternion": {
          "w": 0.32441890239715576,
          "x": -0.24806995689868927,
          "y": 0.08408629894256592,
          "z": -0.9089241623878479
        },
        "matrix": [
          [
            -0.6664267182350159,
            0.5480266213417053,
            0.5055118799209595,
            0.34668439626693726
          ],
          [
            -0.6314629912376404,
            -0.775363564491272,
            0.008102655410766602,
            -0.40749287605285645
          ],
          [
            0.39639812707901,
            -0.3138151466846466,
            0.8627877235412598,
            1.1090959310531616
          ],
          [
            0.0,
            0.0,
            0.0,
            1.0
          ]
        ]
      },
      "bone_length_armature_space": 0.030444904939057448,
      "parent": "thumb_02_l",
      "has_children": false,
      "is_end_bone": true
    },
    "metacarpal_index_l": {
      "name": "metacarpal_index_l",
      "local": {
        "location": {
          "x": 0.0,
          "y": 0.0,
          "z": 0.0
        },
        "rotation_quaternion": {
          "w": 0.9998891949653625,
          "x": -0.004941644612699747,
          "y": 0.011924861930310726,
          "z": -0.007417271379381418
        },
        "scale": {
          "x": 1.0,
          "y": 1.0,
          "z": 1.0
        },
        "matrix_basis": [
          [
            0.9996055364608765,
            0.0147150419652462,
            0.023920388892292976,
            0.0
          ],
          [
            -0.01495075598359108,
            0.9998411536216736,
            0.00970529392361641,
            0.0
          ],
          [
            -0.02377377450466156,
            -0.010059094056487083,
            0.9996667504310608,
            0.0
          ],
          [
            0.0,
            0.0,
            0.0,
            1.0
          ]
        ],
        "rotation_mode": "QUATERNION"
      },
      "armature_space": {
        "head": {
          "x": 0.3897726237773895,
          "y": -0.39034634828567505,
          "z": 0.215266153216362
        },
        "tail": {
          "x": 0.37119153141975403,
          "y": -0.4954991340637207,
          "z": 0.1670282632112503
        }
      },
      "world_space": {
        "head": {
          "x": 0.3897726237773895,
          "y": -0.3271023631095886,
          "z": 1.1651201248168945
        },
        "tail": {
          "x": 0.37119153141975403,
          "y": -0.4322551488876343,
          "z": 1.11688232421875
        },
        "rotation_quaternion": {
          "w": 0.223364919424057,
          "x": -0.8386918306350708,
          "y": -0.03736631199717522,
          "z": 0.4952858090400696
        },
        "matrix": [
          [
            0.5065919756889343,
            -0.15857993066310883,
            -0.8474768996238708,
            0.3897726237773895
          ],
          [
            0.2839362323284149,
            -0.8974245190620422,
            0.33765313029289246,
            -0.3271023631095886
          ],
          [
            -0.8140966892242432,
            -0.41168540716171265,
            -0.4096040725708008,
            1.1651201248168945
          ],
          [
            0.0,
            0.0,
            0.0,
            1.0
          ]
        ]
      },
      "bone_length_armature_space": 0.11717192377444126,
      "parent": "lowerarm_l",
      "has_children": true,
      "is_end_bone": false
    },
    "index_01_l": {
      "name": "index_01_l",
      "local": {
        "location": {
          "x": 0.0,
          "y": 0.0,
          "z": 0.0
        },
        "rotation_quaternion": {
          "w": 0.9938763380050659,
          "x": -0.10906805098056793,
          "y": 0.017690451815724373,
          "z": 0.0010911806020885706
        },
        "scale": {
          "x": 1.0,
          "y": 1.0,
          "z": 1.0
        },
        "matrix_basis": [
          [
            0.9993717074394226,
            -0.006027923431247473,
            0.034926217049360275,
            0.0
          ],
          [
            -0.00168992904946208,
            0.9762059450149536,
            0.21683891117572784,
            0.0
          ],
          [
            -0.035402268171310425,
            -0.21676170825958252,
            0.9755824208259583,
            0.0
          ],
          [
            0.0,
            0.0,
            0.0,
            1.0
          ]
        ],
        "rotation_mode": "QUATERNION"
      },
      "armature_space": {
        "head": {
          "x": 0.37119153141975403,
          "y": -0.4954991340637207,
          "z": 0.1670282632112503
        },
        "tail": {
          "x": 0.3801213502883911,
          "y": -0.5188443064689636,
          "z": 0.1533048003911972
        }
      },
      "world_space": {
        "head": {
          "x": 0.37119153141975403,
          "y": -0.4322551488876343,
          "z": 1.11688232421875
        },
        "tail": {
          "x": 0.3801213502883911,
          "y": -0.4556003212928772,
          "z": 1.1031588315963745
        },
        "rotation_quaternion": {
          "w": 0.1631496399641037,
          "x": -0.8702449798583984,
          "y": -0.25303003191947937,
          "z": 0.3899124562740326
        },
        "matrix": [
          [
            0.5678877830505371,
            0.31316953897476196,
            -0.7612019181251526,
            0.37119153141975403
          ],
          [
            0.5676246881484985,
            -0.8187161087989807,
            0.086639404296875,
            -0.4322551488876343
          ],
          [
            -0.5960788726806641,
            -0.48128241300582886,
            -0.642706036567688,
            1.11688232421875
          ],
          [
            0.0,
            0.0,
            0.0,
            1.0
          ]
        ]
      },
      "bone_length_armature_space": 0.02851441998601554,
      "parent": "metacarpal_index_l",
      "has_children": true,
      "is_end_bone": false
    },
    "index_02_l": {
      "name": "index_02_l",
      "local": {
        "location": {
          "x": 0.0,
          "y": 0.0,
          "z": 0.0
        },
        "rotation_quaternion": {
          "w": 0.9998959302902222,
          "x": 0.01316776592284441,
          "y": 0.005906855221837759,
          "z": -0.00012737567885778844
        },
        "scale": {
          "x": 1.0,
          "y": 1.0,
          "z": 1.0
        },
        "matrix_basis": [
          [
            0.999930202960968,
            0.00041028502164408565,
            0.01180912647396326,
            0.0
          ],
          [
            -9.916467388393357e-05,
            0.999653160572052,
            -0.02633429504930973,
            0.0
          ],
          [
            -0.01181583572179079,
            0.026331286877393723,
            0.9995834231376648,
            0.0
          ],
          [
            0.0,
            0.0,
            0.0,
            1.0
          ]
        ],
        "rotation_mode": "QUATERNION"
      },
      "armature_space": {
        "head": {
          "x": 0.380121111869812,
          "y": -0.518844723701477,
          "z": 0.1533045470714569
        },
        "tail": {
          "x": 0.388746440410614,
          "y": -0.5394220352172852,
          "z": 0.14064472913742065
        }
      },
      "world_space": {
        "head": {
          "x": 0.380121111869812,
          "y": -0.4556007385253906,
          "z": 1.1031585931777954
        },
        "tail": {
          "x": 0.388746440410614,
          "y": -0.47617805004119873,
          "z": 1.090498685836792
        },
        "rotation_quaternion": {
          "w": 0.15805119276046753,
          "x": -0.8562881946563721,
          "y": -0.2719443738460541,
          "z": 0.4096786379814148
        },
        "matrix": [
          [
            0.5164188146591187,
            0.33622679114341736,
            -0.7875679731369019,
            0.380121111869812
          ],
          [
            0.5952263474464417,
            -0.8021320104598999,
            0.04785320907831192,
            -0.4556007385253906
          ],
          [
            -0.6156474947929382,
            -0.49349743127822876,
            -0.6143713593482971,
            1.1031585931777954
          ],
          [
            0.0,
            0.0,
            0.0,
            1.0
          ]
        ]
      },
      "bone_length_armature_space": 0.025653324192934753,
      "parent": "index_01_l",
      "has_children": true,
      "is_end_bone": false
    },
    "index_03_l": {
      "name": "index_03_l",
      "local": {
        "location": {
          "x": 0.0,
          "y": 0.0,
          "z": 0.0
        },
        "rotation_quaternion": {
          "w": 0.9997462034225464,
          "x": 0.022318894043564796,
          "y": 0.0029130131006240845,
          "z": -0.0010178039083257318
        },
        "scale": {
          "x": 1.0,
          "y": 1.0,
          "z": 1.0
        },
        "matrix_basis": [
          [
            0.9999809861183167,
            0.0021651217248290777,
            0.0057791150175035,
            0.0
          ],
          [
            -0.0019050607224926353,
            0.999001681804657,
            -0.04463239014148712,
            0.0
          ],
          [
            -0.0058699799701571465,
            0.04462052881717682,
            0.9989867806434631,
            0.0
          ],
          [
            0.0,
            0.0,
            0.0,
            1.0
          ]
        ],
        "rotation_mode": "QUATERNION"
      },
      "armature_space": {
        "head": {
          "x": 0.3887465298175812,
          "y": -0.5394220352172852,
          "z": 0.140644833445549
        },
        "tail": {
          "x": 0.39684388041496277,
          "y": -0.5606943964958191,
          "z": 0.1223239004611969
        }
      },
      "world_space": {
        "head": {
          "x": 0.3887465298175812,
          "y": -0.47617805004119873,
          "z": 1.0904988050460815
        },
        "tail": {
          "x": 0.39684388041496277,
          "y": -0.49745041131973267,
          "z": 1.0721778869628906
        },
        "rotation_quaternion": {
          "w": 0.2445552498102188,
          "x": -0.8450769782066345,
          "y": -0.2759948670864105,
          "z": 0.38712334632873535
        },
        "matrix": [
          [
            0.5479243397712708,
            0.27712923288345337,
            -0.7892897725105286,
            0.3887465298175812
          ],
          [
            0.6558203101158142,
            -0.7280392646789551,
            0.19964632391929626,
            -0.47617805004119873
          ],
          [
            -0.5193089842796326,
            -0.6270281672477722,
            -0.5806613564491272,
            1.0904988050460815
          ],
          [
            0.0,
            0.0,
            0.0,
            1.0
          ]
        ]
      },
      "bone_length_armature_space": 0.02921877823091357,
      "parent": "index_02_l",
      "has_children": false,
      "is_end_bone": true
    },
    "metacarpal_pinky_l": {
      "name": "metacarpal_pinky_l",
      "local": {
        "location": {
          "x": 0.0,
          "y": 0.0,
          "z": 0.0
        },
        "rotation_quaternion": {
          "w": 0.9991474747657776,
          "x": 0.03708048164844513,
          "y": -0.015623404644429684,
          "z": 0.009241178631782532
        },
        "scale": {
          "x": 1.0,
          "y": 1.0,
          "z": 1.0
        },
        "matrix_basis": [
          [
            0.9993410110473633,
            -0.01962524652481079,
            -0.030534835532307625,
            0.0
          ],
          [
            0.017307953909039497,
            0.9970792531967163,
            -0.07438649982213974,
            0.0
          ],
          [
            0.03190550580620766,
            0.07380898296833038,
            0.9967619180679321,
            0.0
          ],
          [
            0.0,
            0.0,
            0.0,
            1.0
          ]
        ],
        "rotation_mode": "QUATERNION"
      },
      "armature_space": {
        "head": {
          "x": 0.3897726237773895,
          "y": -0.39034634828567505,
          "z": 0.215266153216362
        },
        "tail": {
          "x": 0.43372398614883423,
          "y": -0.4694143533706665,
          "z": 0.16369305551052094
        }
      },
      "world_space": {
        "head": {
          "x": 0.3897726237773895,
          "y": -0.3271023631095886,
          "z": 1.1651201248168945
        },
        "tail": {
          "x": 0.43372398614883423,
          "y": -0.4061703681945801,
          "z": 1.1135470867156982
        },
        "rotation_quaternion": {
          "w": 0.23480726778507233,
          "x": -0.03536161407828331,
          "y": 0.2553591728210449,
          "z": -0.9372336864471436
        },
        "matrix": [
          [
            -0.8872299790382385,
            0.4220787286758423,
            0.18620532751083374,
            0.3897726237773895
          ],
          [
            -0.45819902420043945,
            -0.7593145966529846,
            -0.46205535531044006,
            -0.3271023631095886
          ],
          [
            -0.053636085242033005,
            -0.4952724277973175,
            0.867088258266449,
            1.1651201248168945
          ],
          [
            0.0,
            0.0,
            0.0,
            1.0
          ]
        ]
      },
      "bone_length_armature_space": 0.10413095723948655,
      "parent": "lowerarm_l",
      "has_children": true,
      "is_end_bone": false
    },
    "pinky_01_l": {
      "name": "pinky_01_l",
      "local": {
        "location": {
          "x": 0.0,
          "y": 0.0,
          "z": 0.0
        },
        "rotation_quaternion": {
          "w": 0.9518740773200989,
          "x": 0.3057100176811218,
          "y": -0.01439597550779581,
          "z": 0.016429904848337173
        },
        "scale": {
          "x": 1.0,
          "y": 1.0,
          "z": 1.0
        },
        "matrix_basis": [
          [
            0.9990456104278564,
            -0.04008038714528084,
            -0.017360739409923553,
            0.0
          ],
          [
            0.02247641235589981,
            0.8125429153442383,
            -0.5824679136276245,
            0.0
          ],
          [
            0.037451885640621185,
            0.5815218091011047,
            0.8126682639122009,
            0.0
          ],
          [
            0.0,
            0.0,
            0.0,
            1.0
          ]
        ],
        "rotation_mode": "QUATERNION"
      },
      "armature_space": {
        "head": {
          "x": 0.43372398614883423,
          "y": -0.4694143533706665,
          "z": 0.16369305551052094
