{
  "metadata": {
    "armature_name": "KIM_caucasian_male",
    "export_time": "2026-01-13T21:07:54.275129",
    "blender_version": "4.4.1",
    "bone_count": 56,
    "end_bone_count": 13,
    "spaces_included": [
      "LOCAL_CHANNELS",
      "ARMATURE_SPACE",
      "WORLD_SPACE"
    ],
    "note": "LOCAL matches Transform panel; replay pose via local.matrix_basis for best fidelity."
  },
  "bones": {
    "Root": {
      "name": "Root",
      "local": {
        "location": {
          "x": 0.0,
          "y": 0.0,
          "z": 0.0
        },
        "rotation_quaternion": {
          "w": 0.9998422265052795,
          "x": -0.0010729352943599224,
          "y": 0.01755465567111969,
          "z": -0.0024961635936051607
        },
        "scale": {
          "x": 1.0,
          "y": 1.0,
          "z": 1.0
        },
        "matrix_basis": [
          [
            0.9993712306022644,
            0.004953869618475437,
            0.035109128803014755,
            0.0
          ],
          [
            -0.005029209423810244,
            0.9999852180480957,
            0.0020578934345394373,
            0.0
          ],
          [
            -0.03509841486811638,
            -0.002233170671388507,
            0.9993813633918762,
            0.0
          ],
          [
            0.0,
            0.0,
            0.0,
            1.0
          ]
        ],
        "rotation_mode": "QUATERNION"
      },
      "armature_space": {
        "head": {
          "x": 0.0,
          "y": 0.07072800397872925,
          "z": -0.009595036506652832
        },
        "tail": {
          "x": 0.00035358674358576536,
          "y": 2.247840166091919e-05,
          "z": 0.00015780702233314514
        }
      },
      "world_space": {
        "head": {
          "x": 0.0,
          "y": 0.13397200405597687,
          "z": 0.9402589797973633
        },
        "tail": {
          "x": 0.00035358674358576536,
          "y": 0.06326647847890854,
          "z": 0.9500118494033813
        },
        "rotation_quaternion": {
          "w": 0.06842754036188126,
          "x": 0.997498631477356,
          "y": 0.003673113649711013,
          "z": 0.017346616834402084
        },
        "matrix": [
          [
            0.9993712306022644,
            0.004953869618475437,
            0.035109128803014755,
            0.0
          ],
          [
            0.00970182940363884,
            -0.990608274936676,
            -0.1363857388496399,
            0.13397200405597687
          ],
          [
            0.03410400077700615,
            0.13664062321186066,
            -0.9900405406951904,
            0.9402589797973633
          ],
          [
            0.0,
            0.0,
            0.0,
            1.0
          ]
        ]
      },
      "bone_length_armature_space": 0.07137586500717387,
      "parent": null,
      "has_children": true,
      "is_end_bone": false
    },
    "spine_01": {
      "name": "spine_01",
      "local": {
        "location": {
          "x": 0.0,
          "y": 0.0,
          "z": 0.0
        },
        "rotation_quaternion": {
          "w": 0.9976782202720642,
          "x": -0.05592746287584305,
          "y": 0.033357009291648865,
          "z": 0.01994205079972744
        },
        "scale": {
          "x": 1.0,
          "y": 1.0,
          "z": 1.0
        },
        "matrix_basis": [
          [
            0.9969792366027832,
            -0.04352264478802681,
            0.06432850658893585,
            0.0
          ],
          [
            0.03606035187840462,
            0.9929488897323608,
            0.11292564123868942,
            0.0
          ],
          [
            -0.06878974288702011,
            -0.11026480793952942,
            0.9915188550949097,
            0.0
          ],
          [
            0.0,
            0.0,
            0.0,
            1.0
          ]
        ],
        "rotation_mode": "QUATERNION"
      },
      "armature_space": {
        "head": {
          "x": 0.00035358674358576536,
          "y": 2.247840166091919e-05,
          "z": 0.00015780702233314514
        },
        "tail": {
          "x": -0.038039252161979675,
          "y": 0.07716435939073563,
          "z": 0.48049482703208923
        }
      },
      "world_space": {
        "head": {
          "x": 0.00035358674358576536,
          "y": 0.06326647847890854,
          "z": 0.9500118494033813
        },
        "tail": {
          "x": -0.038039252161979675,
          "y": 0.14040836691856384,
          "z": 1.4303488731384277
        },
        "rotation_quaternion": {
          "w": 0.7609456181526184,
          "x": 0.6467143893241882,
          "y": 0.000564348476473242,
          "z": 0.05217427387833595
        },
        "matrix": [
          [
            0.9945549964904785,
            -0.07867365330457687,
            0.06834304332733154,
            0.00035358674358576536
          ],
          [
            0.08013400435447693,
            0.15807722508907318,
            -0.9841697812080383,
            0.06326647847890854
          ],
          [
            0.06662528961896896,
            0.9842947125434875,
            0.1635211855173111,
            0.9500118494033813
          ],
          [
            0.0,
            0.0,
            0.0,
            1.0
          ]
        ]
      },
      "bone_length_armature_space": 0.48800464066990934,
      "parent": "Root",
      "has_children": true,
      "is_end_bone": false
    },
    "neck_01": {
      "name": "neck_01",
      "local": {
        "location": {
          "x": 0.0,
          "y": 0.0,
          "z": 0.0
        },
        "rotation_quaternion": {
          "w": 0.9952533841133118,
          "x": 0.0488586351275444,
          "y": -0.08413663506507874,
          "z": -0.0021590276155620813
        },
        "scale": {
          "x": 1.0,
          "y": 1.0,
          "z": 1.0
        },
        "matrix_basis": [
          [
            0.9858327507972717,
            -0.003924043383449316,
            -0.16768550872802734,
            0.0
          ],
          [
            -0.012519161216914654,
            0.9952163696289062,
            -0.09689013659954071,
            0.0
          ],
          [
            0.16726356744766235,
            0.09761674702167511,
            0.9810677170753479,
            0.0
          ],
          [
            0.0,
            0.0,
            0.0,
            1.0
          ]
        ],
        "rotation_mode": "QUATERNION"
      },
      "armature_space": {
        "head": {
          "x": -0.04142944887280464,
          "y": 0.0546070896089077,
          "z": 0.5582343935966492
        },
        "tail": {
          "x": -0.045691411942243576,
          "y": 0.02163371443748474,
          "z": 0.6552155613899231
        }
      },
      "world_space": {
        "head": {
          "x": -0.04142944887280464,
          "y": 0.11785109341144562,
          "z": 1.5080883502960205
        },
        "tail": {
          "x": -0.045691411942243576,
          "y": 0.08487771451473236,
          "z": 1.605069637298584
        },
        "rotation_quaternion": {
          "w": 0.5811530351638794,
          "x": 0.8127161860466003,
          "y": -0.03806135803461075,
          "z": -0.017460757866501808
        },
        "matrix": [
          [
            0.996492862701416,
            -0.0415714830160141,
            -0.07262039184570312,
            -0.04142944887280464
          ],
          [
            -0.08216109871864319,
            -0.3216245174407959,
            -0.9432960748672485,
            0.11785109341144562
          ],
          [
            0.015857752412557602,
            0.9459607005119324,
            -0.3239152431488037,
            1.5080883502960205
          ],
          [
            0.0,
            0.0,
            0.0,
            1.0
          ]
        ]
      },
      "bone_length_armature_space": 0.10252197009989159,
      "parent": "spine_01",
      "has_children": true,
      "is_end_bone": false
    },
    "head": {
      "name": "head",
      "local": {
        "location": {
          "x": 0.0,
          "y": 0.0,
          "z": 0.0
        },
        "rotation_quaternion": {
          "w": 0.9836287498474121,
          "x": -0.07136421650648117,
          "y": 0.03877348452806473,
          "z": -0.1608673632144928
        },
        "scale": {
          "x": 1.0,
          "y": 1.0,
          "z": 1.0
        },
        "matrix_basis": [
          [
            0.9452366232872009,
            0.3109334409236908,
            0.09923777729272842,
            0.0
          ],
          [
            -0.3220016062259674,
            0.9380576610565186,
            0.12791700661182404,
            0.0
          ],
          [
            -0.053317081183195114,
            -0.15286657214164734,
            0.9868075251579285,
            0.0
          ],
          [
            0.0,
            0.0,
            0.0,
            1.0
          ]
        ],
        "rotation_mode": "QUATERNION"
      },
      "armature_space": {
        "head": {
          "x": -0.04569141939282417,
          "y": 0.021633591502904892,
          "z": 0.6552154421806335
        },
        "tail": {
          "x": 0.00247124582529068,
          "y": 0.04712103679776192,
          "z": 0.8004188537597656
        }
      },
      "world_space": {
        "head": {
          "x": -0.04569141939282417,
          "y": 0.08487759530544281,
          "z": 1.6050693988800049
        },
        "tail": {
          "x": 0.00247124582529068,
          "y": 0.11036503314971924,
          "z": 1.7502728700637817
        },
        "rotation_quaternion": {
          "w": 0.7555855512619019,
          "x": 0.6358679533004761,
          "y": 0.1061120480298996,
          "z": -0.1162010058760643
        },
        "matrix": [
          [
            0.9504750370979309,
            0.3105461299419403,
            0.012574762105941772,
            -0.04569141939282417
          ],
          [
            -0.04065519571304321,
            0.16433948278427124,
            -0.9855657815933228,
            0.08487759530544281
          ],
          [
            -0.30813243985176086,
            0.9362513422966003,
            0.16882623732089996,
            1.6050693988800049
          ],
          [
            0.0,
            0.0,
            0.0,
            1.0
          ]
        ]
      },
      "bone_length_armature_space": 0.15509120970188306,
      "parent": "neck_01",
      "has_children": false,
      "is_end_bone": true
    },
    "upperarm_l": {
      "name": "upperarm_l",
      "local": {
        "location": {
          "x": 0.0,
          "y": 0.0,
          "z": 0.0
        },
        "rotation_quaternion": {
          "w": 0.9968876838684082,
          "x": 0.060129594057798386,
          "y": -0.011074120178818703,
          "z": 0.04976775869727135
        },
        "scale": {
          "x": 1.0,
          "y": 1.0,
          "z": 1.0
        },
        "matrix_basis": [
          [
            0.9948010444641113,
            -0.10055749863386154,
            -0.016094278544187546,
            0.0
          ],
          [
            0.09789396822452545,
            0.9878152012825012,
            -0.120987169444561,
            0.0
          ],
          [
            0.028064338490366936,
            0.11878263205289841,
            0.9925236105918884,
            0.0
          ],
          [
            0.0,
            0.0,
            0.0,
            1.0
          ]
        ],
        "rotation_mode": "QUATERNION"
      },
      "armature_space": {
        "head": {
          "x": 0.11325924098491669,
          "y": 0.05286453664302826,
          "z": 0.502597451210022
        },
        "tail": {
          "x": 0.3780009150505066,
          "y": 0.05568889528512955,
          "z": 0.5439676642417908
        }
      },
      "world_space": {
        "head": {
          "x": 0.11325924098491669,
          "y": 0.11610853672027588,
          "z": 1.452451467514038
        },
        "tail": {
          "x": 0.3780009150505066,
          "y": 0.11893289536237717,
          "z": 1.493821620941162
        },
        "rotation_quaternion": {
          "w": 0.5736790299415588,
          "x": 0.4979793131351471,
          "y": 0.41971686482429504,
          "z": -0.4967361092567444
        },
        "matrix": [
          [
            0.15418148040771484,
            0.98795485496521,
            -0.013163067400455475,
            0.11325924098491669
          ],
          [
            -0.15191496908664703,
            0.010539859533309937,
            -0.9883374571800232,
            0.11610853672027588
          ],
          [
            -0.9763010740280151,
            0.15438403189182281,
            0.1517103612422943,
            1.452451467514038
          ],
          [
            0.0,
            0.0,
            0.0,
            1.0
          ]
        ]
      },
      "bone_length_armature_space": 0.2679694378857819,
      "parent": "spine_01",
      "has_children": true,
      "is_end_bone": false
    },
    "lowerarm_l": {
      "name": "lowerarm_l",
      "local": {
        "location": {
          "x": 0.0,
          "y": 0.0,
          "z": 0.0
        },
        "rotation_quaternion": {
          "w": 0.9749314785003662,
          "x": 0.21152815222740173,
          "y": 0.008962178602814674,
          "z": 0.06844224780797958
        },
        "scale": {
          "x": 1.0,
          "y": 1.0,
          "z": 1.0
        },
        "matrix_basis": [
          [
            0.9904706478118896,
            -0.12966150045394897,
            0.046429943293333054,
            0.0
          ],
          [
            0.13724450767040253,
            0.9011430144309998,
            -0.4112241268157959,
            0.0
          ],
          [
            0.011479903943836689,
            0.4136776924133301,
            0.910351037979126,
            0.0
          ],
          [
            0.0,
            0.0,
            0.0,
            1.0
          ]
        ],
        "rotation_mode": "QUATERNION"
      },
      "armature_space": {
        "head": {
          "x": 0.37800097465515137,
          "y": 0.05568886920809746,
          "z": 0.5439677834510803
        },
        "tail": {
          "x": 0.5865405797958374,
          "y": -0.06194659695029259,
          "z": 0.6633103489875793
        }
      },
      "world_space": {
        "head": {
          "x": 0.37800097465515137,
          "y": 0.11893287301063538,
          "z": 1.4938218593597412
        },
        "tail": {
          "x": 0.5865405797958374,
          "y": 0.0012974031269550323,
          "z": 1.6131644248962402
        },
        "rotation_quaternion": {
          "w": 0.49760788679122925,
          "x": 0.6471167802810669,
          "y": 0.18034853041172028,
          "z": -0.5487265586853027
        },
        "matrix": [
          [
            0.3327481150627136,
            0.7795159816741943,
            -0.5306914448738098,
            0.37800097465515137
          ],
          [
            -0.3126877546310425,
            -0.4397185146808624,
            -0.8419467210769653,
            0.11893287301063538
          ],
          [
            -0.8896723389625549,
            0.4460996091365814,
            0.09742964804172516,
            1.4938218593597412
          ],
          [
            0.0,
            0.0,
            0.0,
            1.0
          ]
        ]
      },
      "bone_length_armature_space": 0.2675247991984145,
      "parent": "upperarm_l",
      "has_children": true,
      "is_end_bone": false
    },
    "metacarpal_thumb_l": {
      "name": "metacarpal_thumb_l",
      "local": {
        "location": {
          "x": 0.0,
          "y": 0.0,
          "z": 0.0
        },
        "rotation_quaternion": {
          "w": 0.9997190833091736,
          "x": -0.002604794455692172,
          "y": 0.017601991072297096,
          "z": -0.01566268876194954
        },
        "scale": {
          "x": 1.0,
          "y": 1.0,
          "z": 1.0
        },
        "matrix_basis": [
          [
            0.998889684677124,
            0.031224878504872322,
            0.035275690257549286,
            0.0
          ],
          [
            -0.03140827640891075,
            0.999495804309845,
            0.004656736273318529,
            0.0
          ],
          [
            -0.035112496465444565,
            -0.005759514402598143,
            0.9993667602539062,
            0.0
          ],
          [
            0.0,
            0.0,
            0.0,
            1.0
          ]
        ],
        "rotation_mode": "QUATERNION"
      },
      "armature_space": {
        "head": {
          "x": 0.5865405797958374,
          "y": -0.06194659695029259,
          "z": 0.6633103489875793
        },
        "tail": {
          "x": 0.6058559417724609,
          "y": -0.10576523840427399,
          "z": 0.6759763956069946
        }
      },
      "world_space": {
        "head": {
          "x": 0.5865405797958374,
          "y": 0.0012974031269550323,
          "z": 1.6131644248962402
        },
        "tail": {
          "x": 0.6058559417724609,
          "y": -0.04252123832702637,
          "z": 1.6258304119110107
        },
        "rotation_quaternion": {
          "w": 0.11021315306425095,
          "x": 0.965514600276947,
          "y": 0.21340417861938477,
          "z": 0.10046564787626266
        },
        "matrix": [
          [
            0.8887304663658142,
            0.3899443447589874,
            0.2410421371459961,
            0.5865405797958374
          ],
          [
            0.43423518538475037,
            -0.8846233487129211,
            -0.16994528472423553,
            0.0012974031269550323
          ],
          [
            0.14696362614631653,
            0.25570550560951233,
            -0.9555262923240662,
            1.6131644248962402
          ],
          [
            0.0,
            0.0,
            0.0,
            1.0
          ]
        ]
      },
      "bone_length_armature_space": 0.04953367771595223,
      "parent": "lowerarm_l",
      "has_children": true,
      "is_end_bone": false
    },
    "thumb_01_l": {
      "name": "thumb_01_l",
      "local": {
        "location": {
          "x": 0.0,
          "y": 0.0,
          "z": 0.0
        },
        "rotation_quaternion": {
          "w": 0.955715537071228,
          "x": 0.29424670338630676,
          "y": 0.004872603341937065,
          "z": 0.0017390556167811155
        },
        "scale": {
          "x": 1.0,
          "y": 1.0,
          "z": 1.0
        },
        "matrix_basis": [
          [
            0.9999464750289917,
            -0.0004565900017041713,
            0.010337067767977715,
            0.0
          ],
          [
            0.006191580090671778,
            0.8268316984176636,
            -0.562415361404419,
            0.0
          ],
          [
            -0.008290222845971584,
            0.5624492168426514,
            0.8267902731895447,
            0.0
          ],
          [
            0.0,
            0.0,
            0.0,
            1.0
          ]
        ],
        "rotation_mode": "QUATERNION"
      },
      "armature_space": {
        "head": {
          "x": 0.6058559417724609,
          "y": -0.10576523840427399,
          "z": 0.6759763956069946
        },
        "tail": {
          "x": 0.633017897605896,
          "y": -0.12066593021154404,
          "z": 0.66187584400177
        }
      },
      "world_space": {
        "head": {
          "x": 0.6058559417724609,
          "y": -0.04252123832702637,
          "z": 1.6258304119110107
        },
        "tail": {
          "x": 0.633017897605896,
          "y": -0.05742193013429642,
          "z": 1.6117298603057861
        },
        "rotation_quaternion": {
          "w": 0.5183122158050537,
          "x": -0.5403827428817749,
          "y": -0.11167450249195099,
          "z": -0.6533512473106384
        },
        "matrix": [
          [
            0.12132395803928375,
            0.7979758977890015,
            0.5903514623641968,
            0.6058559417724609
          ],
          [
            -0.5565851330757141,
            -0.4377589821815491,
            0.7061021327972412,
            -0.04252123832702637
          ],
          [
            0.821889340877533,
            -0.414251446723938,
            0.3910343050956726,
            1.6258304119110107
          ],
          [
            0.0,
            0.0,
            0.0,
            1.0
          ]
        ]
      },
      "bone_length_armature_space": 0.03403862556978645,
      "parent": "metacarpal_thumb_l",
      "has_children": true,
      "is_end_bone": false
    },
    "thumb_02_l": {
      "name": "thumb_02_l",
      "local": {
        "location": {
          "x": 0.0,
          "y": 0.0,
          "z": 0.0
        },
        "rotation_quaternion": {
          "w": 0.8967678546905518,
          "x": 0.44244515895843506,
          "y": -0.0027654438745230436,
          "z": -0.006501248572021723
        },
        "scale": {
          "x": 1.0,
          "y": 1.0,
          "z": 1.0
        },
        "matrix_basis": [
          [
            0.9999001622200012,
            0.009213106706738472,
            -0.010712814517319202,
            0.0
          ],
          [
            -0.014107336290180683,
            0.6084000468254089,
            -0.7935052514076233,
            0.0
          ],
          [
            -0.0007929696002975106,
            0.7935771346092224,
            0.6084692478179932,
            0.0
          ],
          [
            0.0,
            0.0,
            0.0,
            1.0
          ]
        ],
        "rotation_mode": "QUATERNION"
      },
      "armature_space": {
        "head": {
          "x": 0.633017897605896,
          "y": -0.12066593766212463,
          "z": 0.66187584400177
        },
        "tail": {
          "x": 0.6398746967315674,
          "y": -0.10771466046571732,
          "z": 0.6992716789245605
        }
      },
      "world_space": {
        "head": {
          "x": 0.633017897605896,
          "y": -0.057421937584877014,
          "z": 1.6117298603057861
        },
        "tail": {
          "x": 0.6398746967315674,
          "y": -0.044470660388469696,
          "z": 1.6491256952285767
        },
        "rotation_quaternion": {
          "w": 0.48243448138237,
          "x": 0.2551509439945221,
          "y": -0.6545873880386353,
          "z": -0.5231351852416992
        },
        "matrix": [
          [
            -0.4043075144290924,
            0.17071890830993652,
            -0.8985490798950195,
            0.633017897605896
          ],
          [
            -0.838795006275177,
            0.3224565386772156,
            0.4386853873729706,
            -0.057421937584877014
          ],
          [
            0.3646365702152252,
            0.9310691356658936,
            0.012827128171920776,
            1.6117298603057861
          ],
          [
            0.0,
            0.0,
            0.0,
            1.0
          ]
        ]
      },
      "bone_length_armature_space": 0.04016465802794408,
      "parent": "thumb_01_l",
      "has_children": true,
      "is_end_bone": false
    },
    "thumb_03_l": {
      "name": "thumb_03_l",
      "local": {
        "location": {
          "x": 0.0,
          "y": 0.0,
          "z": 0.0
        },
        "rotation_quaternion": {
          "w": 0.9911486506462097,
          "x": 0.1326601654291153,
          "y": 0.005025350023061037,
          "z": 0.0006539131281897426
        },
        "scale": {
          "x": 1.0,
          "y": 1.0,
          "z": 1.0
        },
        "matrix_basis": [
          [
            0.9999486207962036,
            3.707730138557963e-05,
            0.010135234333574772,
            0.0
          ],
          [
            0.002629577647894621,
            0.9648017287254333,
            -0.2629653215408325,
            0.0
          ],
          [
            -0.009788241237401962,
            0.2629784643650055,
            0.9647520780563354,
            0.0
          ],
          [
            0.0,
            0.0,
            0.0,
            1.0
          ]
        ],
        "rotation_mode": "QUATERNION"
      },
      "armature_space": {
        "head": {
          "x": 0.6398747563362122,
          "y": -0.10771475732326508,
          "z": 0.6992716789245605
        },
        "tail": {
          "x": 0.6314001679420471,
          "y": -0.0911870077252388,
          "z": 0.7233945727348328
        }
      },
      "world_space": {
        "head": {
          "x": 0.6398747563362122,
          "y": -0.044470757246017456,
          "z": 1.6491256952285767
        },
        "tail": {
          "x": 0.6314001679420471,
          "y": -0.02794300764799118,
          "z": 1.673248529434204
        },
        "rotation_quaternion": {
          "w": 0.5682358741760254,
          "x": 0.4126459062099457,
          "y": -0.6697355508804321,
          "z": -0.2414243519306183
        },
        "matrix": [
          [
            -0.0136626111343503,
            -0.2783581614494324,
            -0.9603802561759949,
            0.6398747563362122
          ],
          [
            -0.8270995020866394,
            0.5428745150566101,
            -0.14558130502700806,
            -0.044470757246017456
          ],
          [
            0.5618926882743835,
            0.7923470735549927,
            -0.23764880001544952,
            1.6491256952285767
          ],
          [
            0.0,
            0.0,
            0.0,
            1.0
          ]
        ]
      },
      "bone_length_armature_space": 0.030445018338506883,
      "parent": "thumb_02_l",
      "has_children": false,
      "is_end_bone": true
    },
    "metacarpal_index_l": {
      "name": "metacarpal_index_l",
      "local": {
        "location": {
          "x": 0.0,
          "y": 0.0,
          "z": 0.0
        },
        "rotation_quaternion": {
          "w": 0.9977685213088989,
          "x": -0.06183212250471115,
          "y": -0.01841488853096962,
          "z": 0.017198577523231506
        },
        "scale": {
          "x": 1.0,
          "y": 1.0,
          "z": 1.0
        },
        "matrix_basis": [
          [
            0.9987301826477051,
            -0.03204313665628433,
            -0.038874439895153046,
            0.0
          ],
          [
            0.036597661674022675,
            0.9917619824409485,
            0.12275487184524536,
            0.0
          ],
          [
            0.0346207432448864,
            -0.12402170896530151,
            0.9916753768920898,
            0.0
          ],
          [
            0.0,
            0.0,
            0.0,
            1.0
          ]
        ],
        "rotation_mode": "QUATERNION"
      },
      "armature_space": {
        "head": {
          "x": 0.5865405797958374,
          "y": -0.06194659695029259,
          "z": 0.6633103489875793
        },
        "tail": {
          "x": 0.6556331515312195,
          "y": -0.13470198214054108,
          "z": 0.7238258719444275
        }
      },
      "world_space": {
        "head": {
          "x": 0.5865405797958374,
          "y": 0.0012974031269550323,
          "z": 1.6131644248962402
        },
        "tail": {
          "x": 0.6556331515312195,
          "y": -0.07145798206329346,
          "z": 1.6736798286437988
        },
        "rotation_quaternion": {
          "w": 0.34810900688171387,
          "x": 0.8809825778007507,
          "y": 0.26144808530807495,
          "z": -0.18529625236988068
        },
        "matrix": [
          [
            0.7946203351020813,
            0.5896693468093872,
            -0.1444593071937561,
            0.5865405797958374
          ],
          [
            0.3316569924354553,
            -0.6209295392036438,
            -0.7102466821670532,
            0.0012974031269550323
          ],
          [
            -0.5085132122039795,
            0.5164686441421509,
            -0.6889766454696655,
            1.6131644248962402
          ],
          [
            0.0,
            0.0,
            0.0,
            1.0
          ]
        ]
      },
      "bone_length_armature_space": 0.11717191433578424,
      "parent": "lowerarm_l",
      "has_children": true,
      "is_end_bone": false
    },
    "index_01_l": {
      "name": "index_01_l",
      "local": {
        "location": {
          "x": 0.0,
          "y": 0.0,
          "z": 0.0
        },
        "rotation_quaternion": {
          "w": 0.9479852914810181,
          "x": 0.31755754351615906,
          "y": -0.007391354069113731,
          "z": -0.020651858299970627
        },
        "scale": {
          "x": 1.0,
          "y": 1.0,
          "z": 1.0
        },
        "matrix_basis": [
          [
            0.9990377426147461,
            0.03446095436811447,
            -0.027130097150802612,
            0.0
          ],
          [
            -0.043849676847457886,
            0.7974613904953003,
            -0.6017744541168213,
            0.0
          ],
          [
            0.0008974830852821469,
            0.6023850440979004,
            0.7982051372528076,
            0.0
          ],
          [
            0.0,
            0.0,
            0.0,
            1.0
          ]
        ],
        "rotation_mode": "QUATERNION"
      },
      "armature_space": {
        "head": {
          "x": 0.6556331515312195,
          "y": -0.13470198214054108,
          "z": 0.7238258719444275
        },
        "tail": {
          "x": 0.6748162508010864,
          "y": -0.1556175947189331,
          "z": 0.7210664749145508
        }
      },
      "world_space": {
        "head": {
          "x": 0.6556331515312195,
          "y": -0.07145798206329346,
          "z": 1.6736798286437988
        },
        "tail": {
          "x": 0.6748162508010864,
          "y": -0.09237359464168549,
          "z": 1.670920491218567
        },
        "rotation_quaternion": {
          "w": 0.08781185746192932,
          "x": 0.8625625967979431,
          "y": 0.3543062210083008,
          "z": -0.350345641374588
        },
        "matrix": [
          [
            0.5034496188163757,
            0.6727526187896729,
            -0.5421644449234009,
            0.6556331515312195
          ],
          [
            0.5496936440467834,
            -0.7335115075111389,
            -0.399747371673584,
            -0.07145798206329346
          ],
          [
            -0.6666193604469299,
            -0.09677305817604065,
            -0.7390994429588318,
            1.6736798286437988
          ],
          [
            0.0,
            0.0,
            0.0,
            1.0
          ]
        ]
      },
      "bone_length_armature_space": 0.02851435473478771,
      "parent": "metacarpal_index_l",
      "has_children": true,
      "is_end_bone": false
    },
    "index_02_l": {
      "name": "index_02_l",
      "local": {
        "location": {
          "x": 0.0,
          "y": 0.0,
          "z": 0.0
        },
        "rotation_quaternion": {
          "w": 0.8763175010681152,
          "x": 0.4815385639667511,
          "y": 0.0025281852576881647,
          "z": 0.013491405174136162
        },
        "scale": {
          "x": 1.0,
          "y": 1.0,
          "z": 1.0
        },
        "matrix_basis": [
          [
            0.99962317943573,
            -0.021210672333836555,
            0.01742425002157688,
            0.0
          ],
          [
            0.02608034573495388,
            0.5358771681785583,
            -0.8438931107521057,
            0.0
          ],
          [
            0.008562278002500534,
            0.8440295457839966,
            0.5362284183502197,
            0.0
          ],
          [
            0.0,
            0.0,
            0.0,
            1.0
          ]
        ],
        "rotation_mode": "QUATERNION"
      },
      "armature_space": {
        "head": {
          "x": 0.6748162508010864,
          "y": -0.15561813116073608,
          "z": 0.7210663557052612
        },
        "tail": {
          "x": 0.6724026203155518,
          "y": -0.17554478347301483,
          "z": 0.7050914764404297
        }
      },
      "world_space": {
        "head": {
          "x": 0.6748162508010864,
          "y": -0.09237413108348846,
          "z": 1.6709203720092773
        },
        "tail": {
          "x": 0.6724026203155518,
          "y": -0.11230078339576721,
          "z": 1.6549454927444458
        },
        "rotation_quaternion": {
          "w": 0.306199312210083,
          "x": -0.7978360056877136,
          "y": -0.1336342990398407,
          "z": 0.5018381476402283
        },
        "matrix": [
          [
            0.4606017470359802,
            -0.09408628940582275,
            -0.8826062083244324,
            0.6748162508010864
          ],
          [
            0.5205610990524292,
            -0.776768684387207,
            0.3544667661190033,
            -0.09237413108348846
          ],
          [
            -0.7189361453056335,
            -0.6227235794067383,
            -0.3088051676750183,
            1.6709203720092773
          ],
          [
            0.0,
            0.0,
            0.0,
            1.0
          ]
        ]
      },
      "bone_length_armature_space": 0.025653339943053303,
      "parent": "index_01_l",
      "has_children": true,
      "is_end_bone": false
    },
    "index_03_l": {
      "name": "index_03_l",
      "local": {
        "location": {
          "x": 0.0,
          "y": 0.0,
          "z": 0.0
        },
        "rotation_quaternion": {
          "w": 0.9347631931304932,
          "x": 0.3551722764968872,
          "y": 0.005077681969851255,
          "z": 0.006680110935121775
        },
        "scale": {
          "x": 1.0,
          "y": 1.0,
          "z": 1.0
        },
        "matrix_basis": [
          [
            0.9998592138290405,
            -0.008881740272045135,
            0.014238040894269943,
            0.0
          ],
          [
            0.016095547005534172,
            0.7476160526275635,
            -0.6639360785484314,
            0.0
          ],
          [
            -0.004747679922729731,
            0.664071798324585,
            0.7476537227630615,
            0.0
          ],
          [
            0.0,
            0.0,
            0.0,
            1.0
          ]
        ],
        "rotation_mode": "QUATERNION"
      },
      "armature_space": {
        "head": {
          "x": 0.6724027395248413,
          "y": -0.1755448281764984,
          "z": 0.7050915360450745
        },
        "tail": {
          "x": 0.6532025337219238,
          "y": -0.1818767637014389,
          "z": 0.6839966177940369
        }
      },
      "world_space": {
        "head": {
          "x": 0.6724027395248413,
          "y": -0.1123008280992508,
          "z": 1.6549456119537354
        },
        "tail": {
          "x": 0.6532025337219238,
          "y": -0.11863276362419128,
          "z": 1.6338505744934082
        },
        "rotation_quaternion": {
          "w": 0.6240796446800232,
          "x": -0.614304780960083,
          "y": 0.04659510403871536,
          "z": 0.480607271194458
        },
        "matrix": [
          [
            0.5336881875991821,
            -0.6571217179298401,
            -0.5323231220245361,
            0.6724027395248413
          ],
          [
            0.5426302552223206,
            -0.21670857071876526,
            0.8115354776382446,
            -0.1123008280992508
          ],
          [
            -0.6486408710479736,
            -0.7219668030738831,
            0.2409217804670334,
            1.6549456119537354
          ],
          [
            0.0,
            0.0,
            0.0,
            1.0
          ]
        ]
      },
      "bone_length_armature_space": 0.029218776238781576,
      "parent": "index_02_l",
      "has_children": false,
      "is_end_bone": true
    },
    "metacarpal_pinky_l": {
      "name": "metacarpal_pinky_l",
      "local": {
        "location": {
          "x": 0.0,
          "y": 0.0,
          "z": 0.0
        },
        "rotation_quaternion": {
          "w": 0.9997979402542114,
          "x": -0.01594831421971321,
          "y": 0.003576194401830435,
          "z": -0.01170504093170166
        },
        "scale": {
          "x": 1.0,
          "y": 1.0,
          "z": 1.0
        },
        "matrix_basis": [
          [
            0.9997004270553589,
            0.02329128235578537,
            0.007524294778704643,
            0.0
          ],
          [
            -0.023519420996308327,
            0.9992172718048096,
            0.03180646523833275,
            0.0
          ],
          [
            -0.006777592469006777,
            -0.03197390213608742,
            0.9994657039642334,
            0.0
          ],
          [
            0.0,
            0.0,
            0.0,
            1.0
          ]
        ],
        "rotation_mode": "QUATERNION"
      },
      "armature_space": {
        "head": {
          "x": 0.5865405797958374,
          "y": -0.06194659695029259,
          "z": 0.6633103489875793
        },
        "tail": {
          "x": 0.6816477179527283,
          "y": -0.08165983110666275,
          "z": 0.7008503675460815
        }
      },
      "world_space": {
        "head": {
          "x": 0.5865405797958374,
          "y": 0.0012974031269550323,
          "z": 1.6131644248962402
        },
        "tail": {
          "x": 0.6816477179527283,
          "y": -0.01841583102941513,
          "z": 1.6507043838500977
        },
        "rotation_quaternion": {
          "w": 0.6231300234794617,
          "x": 0.12997965514659882,
          "y": -0.13058586418628693,
          "z": -0.7601063847541809
        },
        "matrix": [
          [
            -0.18962770700454712,
            0.9133432507514954,
            -0.36034059524536133,
            0.5865405797958374
          ],
          [
            -0.981237530708313,
            -0.18931229412555695,
            0.036528266966342926,
            0.0012974031269550323
          ],
          [
            -0.03485500067472458,
            0.3605087101459503,
            0.9321119785308838,
            1.6131644248962402
          ],
          [
            0.0,
            0.0,
            0.0,
            1.0
          ]
        ]
      },
      "bone_length_armature_space": 0.10413084390518151,
      "parent": "lowerarm_l",
      "has_children": true,
      "is_end_bone": false
    },
    "pinky_01_l": {
      "name": "pinky_01_l",
      "local": {
        "location": {
          "x": 0.0,
          "y": 0.0,
          "z": 0.0
        },
        "rotation_quaternion": {
          "w": 0.9490674734115601,
          "x": 0.3148009777069092,
          "y": -0.009385178796947002,
          "z": 0.009117057546973228
        },
        "scale": {
          "x": 1.0,
          "y": 1.0,
          "z": 1.0
        },
        "matrix_basis": [
          [
            0.9996575713157654,
            -0.02321433275938034,
            -0.012074219062924385,
            0.0
          ],
          [
            0.011396478861570358,
            0.8016344308853149,
            -0.5977058410644531,
            0.0
          ],
          [
            0.023554453626275063,
            0.5973635911941528,
            0.8016245365142822,
            0.0
          ],
          [
            0.0,
            0.0,
            0.0,
            1.0
          ]
        ],
        "rotation_mode": "QUATERNION"
      },
      "armature_space": {
        "head": {
          "x": 0.6816477179527283,
          "y": -0.08165983110666275,
          "z": 0.7008503675460815
        },
        "tail": {
