{
  "metadata": {
    "armature_name": "KIM_caucasian_male",
    "export_time": "2026-01-13T21:15:52.304495",
    "blender_version": "4.4.1",
    "bone_count": 56,
    "end_bone_count": 13,
    "spaces_included": [
      "LOCAL_CHANNELS",
      "ARMATURE_SPACE",
      "WORLD_SPACE"
    ],
    "note": "LOCAL matches Transform panel; replay pose via local.matrix_basis for best fidelity."
  },
  "bones": {
    "Root": {
      "name": "Root",
      "local": {
        "location": {
          "x": 0.0,
          "y": 0.0,
          "z": 0.0
        },
        "rotation_quaternion": {
          "w": 0.9997517466545105,
          "x": 0.0040700798854231834,
          "y": -0.015547089278697968,
          "z": 0.015438745729625225
        },
        "scale": {
          "x": 1.0,
          "y": 1.0,
          "z": 1.0
        },
        "matrix_basis": [
          [
            0.999039888381958,
            -0.030996382236480713,
            -0.03096078522503376,
            0.0
          ],
          [
            0.030743271112442017,
            0.9994901418685913,
            -0.008618193678557873,
            0.0
          ],
          [
            0.031212132424116135,
            0.00765808392316103,
            0.9994834661483765,
            0.0
          ],
          [
            0.0,
            0.0,
            0.0,
            1.0
          ]
        ],
        "rotation_mode": "QUATERNION"
      },
      "armature_space": {
        "head": {
          "x": 0.0,
          "y": 0.07072800397872925,
          "z": -0.009595036506652832
        },
        "tail": {
          "x": -0.00221239379607141,
          "y": -3.7416815757751465e-05,
          "z": -0.0005465373396873474
        }
      },
      "world_space": {
        "head": {
          "x": 0.0,
          "y": 0.13397200405597687,
          "z": 0.9402589797973633
        },
        "tail": {
          "x": -0.00221239379607141,
          "y": 0.06320658326148987,
          "z": 0.9493075013160706
        },
        "rotation_quaternion": {
          "w": 0.06329008936882019,
          "x": 0.9977546334266663,
          "y": -0.016451047733426094,
          "z": -0.014471695758402348
        },
        "matrix": [
          [
            0.999039888381958,
            -0.030996382236480713,
            -0.03096078522503376,
            0.0
          ],
          [
            -0.03466005623340607,
            -0.9914474487304688,
            -0.12582027912139893,
            0.13397200405597687
          ],
          [
            -0.026796234771609306,
            0.12677252292633057,
            -0.9915769100189209,
            0.9402589797973633
          ],
          [
            0.0,
            0.0,
            0.0,
            1.0
          ]
        ]
      },
      "bone_length_armature_space": 0.07137586982128505,
      "parent": null,
      "has_children": true,
      "is_end_bone": false
    },
    "spine_01": {
      "name": "spine_01",
      "local": {
        "location": {
          "x": 0.0,
          "y": 0.0,
          "z": 0.0
        },
        "rotation_quaternion": {
          "w": 0.9970763921737671,
          "x": 0.05650126188993454,
          "y": -0.03095744550228119,
          "z": -0.04108550772070885
        },
        "scale": {
          "x": 1.0,
          "y": 1.0,
          "z": 1.0
        },
        "matrix_basis": [
          [
            0.9947072267532349,
            0.07843250781297684,
            -0.06637664139270782,
            0.0
          ],
          [
            -0.08542905002832413,
            0.9902392029762268,
            -0.11012834310531616,
            0.0
          ],
          [
            0.057091109454631805,
            0.1152159571647644,
            0.9916985034942627,
            0.0
          ],
          [
            0.0,
            0.0,
            0.0,
            1.0
          ]
        ],
        "rotation_mode": "QUATERNION"
      },
      "armature_space": {
        "head": {
          "x": -0.00221239379607141,
          "y": -3.7416815757751465e-05,
          "z": -0.0005465373396873474
        },
        "tail": {
          "x": 0.047722622752189636,
          "y": -0.03909583017230034,
          "z": 0.4833226799964905
        }
      },
      "world_space": {
        "head": {
          "x": -0.00221239379607141,
          "y": 0.06320658326148987,
          "z": 0.9493075013160706
        },
        "tail": {
          "x": 0.047722622752189636,
          "y": 0.02414816990494728,
          "z": 1.4331767559051514
        },
        "rotation_quaternion": {
          "w": 0.6782140731811523,
          "x": 0.7312604188919067,
          "y": 0.002590317279100418,
          "z": -0.07264461368322372
        },
        "matrix": [
          [
            0.989432156085968,
            0.10232559591531754,
            -0.10272993892431259,
            -0.00221239379607141
          ],
          [
            -0.0947481170296669,
            -0.08003753423690796,
            -0.9922786951065063,
            0.06320658326148987
          ],
          [
            -0.10975860804319382,
            0.9915328025817871,
            -0.0694979578256607,
            0.9493075013160706
          ],
          [
            0.0,
            0.0,
            0.0,
            1.0
          ]
        ]
      },
      "bone_length_armature_space": 0.4880046048868502,
      "parent": "Root",
      "has_children": true,
      "is_end_bone": false
    },
    "neck_01": {
      "name": "neck_01",
      "local": {
        "location": {
          "x": 0.0,
          "y": 0.0,
          "z": 0.0
        },
        "rotation_quaternion": {
          "w": 0.9944429397583008,
          "x": 0.057011738419532776,
          "y": 0.08835618197917938,
          "z": 0.005104417447000742
        },
        "scale": {
          "x": 1.0,
          "y": 1.0,
          "z": 1.0
        },
        "matrix_basis": [
          [
            0.9843342304229736,
            -7.742471643723547e-05,
            0.1763123869895935,
            0.0
          ],
          [
            0.02022678218781948,
            0.9934471845626831,
            -0.11248783022165298,
            0.0
          ],
          [
            -0.17514833807945251,
            0.11429185420274734,
            0.9778857231140137,
            0.0
          ],
          [
            0.0,
            0.0,
            0.0,
            1.0
          ]
        ],
        "rotation_mode": "QUATERNION"
      },
      "armature_space": {
        "head": {
          "x": 0.05165202543139458,
          "y": -0.0793687254190445,
          "z": 0.5535109639167786
        },
        "tail": {
          "x": 0.05572054907679558,
          "y": -0.13569951057434082,
          "z": 0.6390738487243652
        }
      },
      "world_space": {
        "head": {
          "x": 0.05165202543139458,
          "y": -0.016124725341796875,
          "z": 1.5033650398254395
        },
        "tail": {
          "x": 0.05572054907679558,
          "y": -0.0724555104970932,
          "z": 1.5889278650283813
        },
        "rotation_quaternion": {
          "w": 0.4739218056201935,
          "x": 0.8801639080047607,
          "y": 0.02590048871934414,
          "z": 0.0062338439747691154
        },
        "matrix": [
          [
            0.9985805749893188,
            0.039684660732746124,
            0.03552334010601044,
            0.05165202543139458
          ],
          [
            0.05150221288204193,
            -0.5494542717933655,
            -0.8339352607727051,
            -0.016124725341796875
          ],
          [
            -0.013576023280620575,
            0.8345862030982971,
            -0.5507228374481201,
            1.5033650398254395
          ],
          [
            0.0,
            0.0,
            0.0,
            1.0
          ]
        ]
      },
      "bone_length_armature_space": 0.10252178943738674,
      "parent": "spine_01",
      "has_children": true,
      "is_end_bone": false
    },
    "head": {
      "name": "head",
      "local": {
        "location": {
          "x": 0.0,
          "y": 0.0,
          "z": 0.0
        },
        "rotation_quaternion": {
          "w": 0.9850623607635498,
          "x": -0.1287657618522644,
          "y": -0.08977953344583511,
          "z": 0.0707898810505867
        },
        "scale": {
          "x": 1.0,
          "y": 1.0,
          "z": 1.0
        },
        "matrix_basis": [
          [
            0.9738568663597107,
            -0.11634383350610733,
            -0.19510750472545624,
            0.0
          ],
          [
            0.16258595883846283,
            0.9568163156509399,
            0.24097365140914917,
            0.0
          ],
          [
            0.15864625573158264,
            -0.26639556884765625,
            0.9507180452346802,
            0.0
          ],
          [
            0.0,
            0.0,
            0.0,
            1.0
          ]
        ],
        "rotation_mode": "QUATERNION"
      },
      "armature_space": {
        "head": {
          "x": 0.055720552802085876,
          "y": -0.13569959998130798,
          "z": 0.6390737295150757
        },
        "tail": {
          "x": 0.03935447707772255,
          "y": -0.1275266706943512,
          "z": 0.7930824160575867
        }
      },
      "world_space": {
        "head": {
          "x": 0.055720552802085876,
          "y": -0.07245559990406036,
          "z": 1.5889277458190918
        },
        "tail": {
          "x": 0.03935447707772255,
          "y": -0.06428267061710358,
          "z": 1.742936372756958
        },
        "rotation_quaternion": {
          "w": 0.7199031114578247,
          "x": 0.6881067752838135,
          "y": -0.08993419259786606,
          "z": -0.012670076452195644
        },
        "matrix": [
          [
            0.9835027456283569,
            -0.1055261641740799,
            -0.14692386984825134,
            0.055720552802085876
          ],
          [
            -0.14201034605503082,
            0.05269788205623627,
            -0.9884616732597351,
            -0.07245559990406036
          ],
          [
            0.11205178499221802,
            0.9930263757705688,
            0.0368419885635376,
            1.5889277458190918
          ],
          [
            0.0,
            0.0,
            0.0,
            1.0
          ]
        ]
      },
      "bone_length_armature_space": 0.15509133052898583,
      "parent": "neck_01",
      "has_children": false,
      "is_end_bone": true
    },
    "upperarm_l": {
      "name": "upperarm_l",
      "local": {
        "location": {
          "x": 0.0,
          "y": 0.0,
          "z": 0.0
        },
        "rotation_quaternion": {
          "w": 0.9825531244277954,
          "x": 0.1830100119113922,
          "y": 0.017232796177268028,
          "z": -0.028279298916459084
        },
        "scale": {
          "x": 1.0,
          "y": 1.0,
          "z": 1.0
        },
        "matrix_basis": [
          [
            0.9978066086769104,
            0.06187937408685684,
            0.023513486608862877,
            0.0
          ],
          [
            -0.04926427826285362,
            0.9314152598381042,
            -0.3606087863445282,
            0.0
          ],
          [
            -0.044215064495801926,
            0.35865944623947144,
            0.9324207305908203,
            0.0
          ],
          [
            0.0,
            0.0,
            0.0,
            1.0
          ]
        ],
        "rotation_mode": "QUATERNION"
      },
      "armature_space": {
        "head": {
          "x": 0.19286216795444489,
          "y": -0.09136629849672318,
          "z": 0.47018685936927795
        },
        "tail": {
          "x": 0.43154412508010864,
          "y": -0.19852904975414276,
          "z": 0.41226667165756226
        }
      },
      "world_space": {
        "head": {
          "x": 0.19286216795444489,
          "y": -0.028122298419475555,
          "z": 1.4200408458709717
        },
        "tail": {
          "x": 0.43154412508010864,
          "y": -0.13528504967689514,
          "z": 1.3621206283569336
        },
        "rotation_quaternion": {
          "w": 0.30153071880340576,
          "x": 0.570158839225769,
          "y": 0.45730170607566833,
          "z": -0.6122691035270691
        },
        "matrix": [
          [
            -0.16799743473529816,
            0.890705943107605,
            -0.42239776253700256,
            0.19286216795444489
          ],
          [
            0.1522321254014969,
            -0.39990663528442383,
            -0.9038254022598267,
            -0.028122298419475555
          ],
          [
            -0.9739689230918884,
            -0.21614477038383484,
            -0.06841207295656204,
            1.4200408458709717
          ],
          [
            0.0,
            0.0,
            0.0,
            1.0
          ]
        ]
      },
      "bone_length_armature_space": 0.2679695508558467,
      "parent": "spine_01",
      "has_children": true,
      "is_end_bone": false
    },
    "lowerarm_l": {
      "name": "lowerarm_l",
      "local": {
        "location": {
          "x": 0.0,
          "y": 0.0,
          "z": 0.0
        },
        "rotation_quaternion": {
          "w": 0.8646531701087952,
          "x": 0.49054691195487976,
          "y": -0.046334993094205856,
          "z": -0.09793766587972641
        },
        "scale": {
          "x": 1.0,
          "y": 1.0,
          "z": 1.0
        },
        "matrix_basis": [
          [
            0.9765225648880005,
            0.123905248939991,
            -0.17621344327926636,
            0.0
          ],
          [
            -0.21482320129871368,
            0.4995438754558563,
            -0.8392300009727478,
            0.0
          ],
          [
            -0.015958642587065697,
            0.8573817610740662,
            0.5144335627555847,
            0.0
          ],
          [
            0.0,
            0.0,
            0.0,
            1.0
          ]
        ],
        "rotation_mode": "QUATERNION"
      },
      "armature_space": {
        "head": {
          "x": 0.4315442144870758,
          "y": -0.19852915406227112,
          "z": 0.4122667610645294
        },
        "tail": {
          "x": 0.42325571179389954,
          "y": -0.4640229046344757,
          "z": 0.38042691349983215
        }
      },
      "world_space": {
        "head": {
          "x": 0.4315442144870758,
          "y": -0.1352851539850235,
          "z": 1.3621207475662231
        },
        "tail": {
          "x": 0.42325571179389954,
          "y": -0.4007788896560669,
          "z": 1.3302809000015259
        },
        "rotation_quaternion": {
          "w": 0.04674066603183746,
          "x": -0.5690135955810547,
          "y": -0.04013533890247345,
          "z": 0.8200170993804932
        },
        "matrix": [
          [
            -0.348077654838562,
            -0.03098219633102417,
            -0.9369535446166992,
            0.4315442144870758
          ],
          [
            0.12233114242553711,
            -0.9924091696739197,
            -0.012630105018615723,
            -0.1352851539850235
          ],
          [
            -0.9294562935829163,
            -0.1190166100859642,
            0.3492279648780823,
            1.3621207475662231
          ],
          [
            0.0,
            0.0,
            0.0,
            1.0
          ]
        ]
      },
      "bone_length_armature_space": 0.2675245936545884,
      "parent": "upperarm_l",
      "has_children": true,
      "is_end_bone": false
    },
    "metacarpal_thumb_l": {
      "name": "metacarpal_thumb_l",
      "local": {
        "location": {
          "x": 0.0,
          "y": 0.0,
          "z": 0.0
        },
        "rotation_quaternion": {
          "w": 0.9996099472045898,
          "x": 0.01866871863603592,
          "y": -0.013831282034516335,
          "z": -0.015499298460781574
        },
        "scale": {
          "x": 1.0,
          "y": 1.0,
          "z": 1.0
        },
        "matrix_basis": [
          [
            0.9991369247436523,
            0.03047008067369461,
            -0.02823047898709774,
            0.0
          ],
          [
            -0.03150293231010437,
            0.9988225102424622,
            -0.03689412400126457,
            0.0
          ],
          [
            0.027073070406913757,
            0.03775162249803543,
            0.9989203214645386,
            0.0
          ],
          [
            0.0,
            0.0,
            0.0,
            1.0
          ]
        ],
        "rotation_mode": "QUATERNION"
      },
      "armature_space": {
        "head": {
          "x": 0.42325571179389954,
          "y": -0.4640229046344757,
          "z": 0.38042691349983215
        },
        "tail": {
          "x": 0.3921910524368286,
          "y": -0.5022534728050232,
          "z": 0.3752310574054718
        }
      },
      "world_space": {
        "head": {
          "x": 0.42325571179389954,
          "y": -0.4007788896560669,
          "z": 1.3302809000015259
        },
        "tail": {
          "x": 0.3921910524368286,
          "y": -0.43900948762893677,
          "z": 1.3250850439071655
        },
        "rotation_quaternion": {
          "w": 0.12384944409132004,
          "x": -0.9206079840660095,
          "y": 0.3142552971839905,
          "z": 0.19592364132404327
        },
        "matrix": [
          [
            0.7257151007652283,
            -0.627142071723938,
            -0.28289610147476196,
            0.42325571179389954
          ],
          [
            -0.5300822257995605,
            -0.7718095779418945,
            0.35117363929748535,
            -0.4007788896560669
          ],
          [
            -0.43858131766319275,
            -0.10489524900913239,
            -0.8925566673278809,
            1.3302809000015259
          ],
          [
            0.0,
            0.0,
            0.0,
            1.0
          ]
        ]
      },
      "bone_length_armature_space": 0.04953368847557805,
      "parent": "lowerarm_l",
      "has_children": true,
      "is_end_bone": false
    },
    "thumb_01_l": {
      "name": "thumb_01_l",
      "local": {
        "location": {
          "x": 0.0,
          "y": 0.0,
          "z": 0.0
        },
        "rotation_quaternion": {
          "w": 0.9997307062149048,
          "x": -0.0017144829034805298,
          "y": 0.019624868407845497,
          "z": 0.012270065024495125
        },
        "scale": {
          "x": 1.0,
          "y": 1.0,
          "z": 1.0
        },
        "matrix_basis": [
          [
            0.9989286065101624,
            -0.024600815027952194,
            0.03919709473848343,
            0.0
          ],
          [
            0.024466227740049362,
            0.9996930360794067,
            0.003909639082849026,
            0.0
          ],
          [
            -0.03928124159574509,
            -0.0029464454855769873,
            0.9992238283157349,
            0.0
          ],
          [
            0.0,
            0.0,
            0.0,
            1.0
          ]
        ],
        "rotation_mode": "QUATERNION"
      },
      "armature_space": {
        "head": {
          "x": 0.3921910524368286,
          "y": -0.5022534728050232,
          "z": 0.3752310574054718
        },
        "tail": {
          "x": 0.3681500554084778,
          "y": -0.507815957069397,
          "z": 0.351784884929657
        }
      },
      "world_space": {
        "head": {
          "x": 0.3921910524368286,
          "y": -0.43900948762893677,
          "z": 1.3250850439071655
        },
        "tail": {
          "x": 0.3681500554084778,
          "y": -0.44457197189331055,
          "z": 1.3016388416290283
        },
        "rotation_quaternion": {
          "w": 0.04183611646294594,
          "x": -0.5793254971504211,
          "y": 0.645401120185852,
          "z": -0.4960736930370331
        },
        "matrix": [
          [
            -0.32525962591171265,
            -0.7062863707542419,
            0.6287810802459717,
            0.3921910524368286
          ],
          [
            -0.789304256439209,
            -0.16341687738895416,
            -0.5918563604354858,
            -0.43900948762893677
          ],
          [
            0.5207762718200684,
            -0.6888114809989929,
            -0.5043261051177979,
            1.3250850439071655
          ],
          [
            0.0,
            0.0,
            0.0,
            1.0
          ]
        ]
      },
      "bone_length_armature_space": 0.034038709629196924,
      "parent": "metacarpal_thumb_l",
      "has_children": true,
      "is_end_bone": false
    },
    "thumb_02_l": {
      "name": "thumb_02_l",
      "local": {
        "location": {
          "x": 0.0,
          "y": 0.0,
          "z": 0.0
        },
        "rotation_quaternion": {
          "w": 0.9976128339767456,
          "x": 0.06820808351039886,
          "y": 0.008252875879406929,
          "z": -0.006944059394299984
        },
        "scale": {
          "x": 1.0,
          "y": 1.0,
          "z": 1.0
        },
        "matrix_basis": [
          [
            0.9997673630714417,
            0.014980791136622429,
            0.015519067645072937,
            0.0
          ],
          [
            -0.012729139998555183,
            0.9905988574028015,
            -0.13620513677597046,
            0.0
          ],
          [
            -0.017413631081581116,
            0.1359758973121643,
            0.9905591011047363,
            0.0
          ],
          [
            0.0,
            0.0,
            0.0,
            1.0
          ]
        ],
        "rotation_mode": "QUATERNION"
      },
      "armature_space": {
        "head": {
          "x": 0.3681500554084778,
          "y": -0.5078158974647522,
          "z": 0.35178491473197937
        },
        "tail": {
          "x": 0.3652400076389313,
          "y": -0.546833872795105,
          "z": 0.3427124321460724
        }
      },
      "world_space": {
        "head": {
          "x": 0.3681500554084778,
          "y": -0.44457191228866577,
          "z": 1.3016389608383179
        },
        "tail": {
          "x": 0.3652400076389313,
          "y": -0.48358988761901855,
          "z": 1.2925664186477661
        },
        "rotation_quaternion": {
          "w": 0.018296996131539345,
          "x": -0.4444645941257477,
          "y": 0.11805489659309387,
          "z": -0.8877947926521301
        },
        "matrix": [
          [
            -0.6042331457138062,
            -0.07245359569787979,
            0.7935065627098083,
            0.3681500554084778
          ],
          [
            -0.13743002712726593,
            -0.9714568853378296,
            -0.19335123896598816,
            -0.44457191228866577
          ],
          [
            0.7848718166351318,
            -0.22588342428207397,
            0.5770328044891357,
            1.3016389608383179
          ],
          [
            0.0,
            0.0,
            0.0,
            1.0
          ]
        ]
      },
      "bone_length_armature_space": 0.04016442098824053,
      "parent": "thumb_01_l",
      "has_children": true,
      "is_end_bone": false
    },
    "thumb_03_l": {
      "name": "thumb_03_l",
      "local": {
        "location": {
          "x": 0.0,
          "y": 0.0,
          "z": 0.0
        },
        "rotation_quaternion": {
          "w": 0.9983081817626953,
          "x": 0.057043373584747314,
          "y": 0.01056593842804432,
          "z": 0.0039044232107698917
        },
        "scale": {
          "x": 1.0,
          "y": 1.0,
          "z": 1.0
        },
        "matrix_basis": [
          [
            0.9997462034225464,
            -0.006590201519429684,
            0.021541569381952286,
            0.0
          ],
          [
            0.009001068770885468,
            0.9934616088867188,
            -0.11381122469902039,
            0.0
          ],
          [
            -0.020650682970881462,
            0.11397624015808105,
            0.9932688474655151,
            0.0
          ],
          [
            0.0,
            0.0,
            0.0,
            1.0
          ]
        ],
        "rotation_mode": "QUATERNION"
      },
      "armature_space": {
        "head": {
          "x": 0.3652399182319641,
          "y": -0.546833872795105,
          "z": 0.3427124619483948
        },
        "tail": {
          "x": 0.37449055910110474,
          "y": -0.5757163166999817,
          "z": 0.3400435149669647
        }
      },
      "world_space": {
        "head": {
          "x": 0.3652399182319641,
          "y": -0.48358988761901855,
          "z": 1.2925665378570557
        },
        "tail": {
          "x": 0.37449055910110474,
          "y": -0.5124723315238953,
          "z": 1.2898975610733032
        },
        "rotation_quaternion": {
          "w": 0.16003872454166412,
          "x": -0.23227089643478394,
          "y": 0.00694176135584712,
          "z": -0.959369421005249
        },
        "matrix": [
          [
            -0.8408754467964172,
            0.3038482964038849,
            0.44788897037506104,
            0.3652399182319641
          ],
          [
            -0.3102971911430359,
            -0.9486788511276245,
            0.061026301234960556,
            -0.48358988761901855
          ],
          [
            0.44344842433929443,
            -0.08766483515501022,
            0.8920103311538696,
            1.2925665378570557
          ],
          [
            0.0,
            0.0,
            0.0,
            1.0
          ]
        ]
      },
      "bone_length_armature_space": 0.03044492105578577,
      "parent": "thumb_02_l",
      "has_children": false,
      "is_end_bone": true
    },
    "metacarpal_index_l": {
      "name": "metacarpal_index_l",
      "local": {
        "location": {
          "x": 0.0,
          "y": 0.0,
          "z": 0.0
        },
        "rotation_quaternion": {
          "w": 0.9981139898300171,
          "x": -0.05992966517806053,
          "y": -0.013098652474582195,
          "z": -0.0023446669802069664
        },
        "scale": {
          "x": 1.0,
          "y": 1.0,
          "z": 1.0
        },
        "matrix_basis": [
          [
            0.9996458292007446,
            0.006250485312193632,
            -0.02586686611175537,
            0.0
          ],
          [
            -0.0031104939989745617,
            0.9928058981895447,
            0.11969469487667084,
            0.0
          ],
          [
            0.02642892673611641,
            -0.11957184970378876,
            0.9924737215042114,
            0.0
          ],
          [
            0.0,
            0.0,
            0.0,
            1.0
          ]
        ],
        "rotation_mode": "QUATERNION"
      },
      "armature_space": {
        "head": {
          "x": 0.42325571179389954,
          "y": -0.4640229046344757,
          "z": 0.38042691349983215
        },
        "tail": {
          "x": 0.3959076702594757,
          "y": -0.5779564380645752,
          "z": 0.3811056911945343
        }
      },
      "world_space": {
        "head": {
          "x": 0.42325571179389954,
          "y": -0.4007788896560669,
          "z": 1.3302809000015259
        },
        "tail": {
          "x": 0.3959076702594757,
          "y": -0.5147124528884888,
          "z": 1.330959677696228
        },
        "rotation_quaternion": {
          "w": 0.05520300194621086,
          "x": -0.8649125695228577,
          "y": 0.10378337651491165,
          "z": 0.4879631996154785
        },
        "matrix": [
          [
            0.502241849899292,
            -0.23340129852294922,
            -0.8326324820518494,
            0.42325571179389954
          ],
          [
            -0.125653475522995,
            -0.9723634123802185,
            0.19677633047103882,
            -0.4007788896560669
          ],
          [
            -0.8555551171302795,
            0.00579293817281723,
            -0.5176927447319031,
            1.3302809000015259
          ],
          [
            0.0,
            0.0,
            0.0,
            1.0
          ]
        ]
      },
      "bone_length_armature_space": 0.11717178205503144,
      "parent": "lowerarm_l",
      "has_children": true,
      "is_end_bone": false
    },
    "index_01_l": {
      "name": "index_01_l",
      "local": {
        "location": {
          "x": 0.0,
          "y": 0.0,
          "z": 0.0
        },
        "rotation_quaternion": {
          "w": 0.9955512881278992,
          "x": -0.09315437823534012,
          "y": -0.007292378693819046,
          "z": -0.012117159552872181
        },
        "scale": {
          "x": 1.0,
          "y": 1.0,
          "z": 1.0
        },
        "matrix_basis": [
          [
            0.9995999932289124,
            0.025485141202807426,
            -0.012262340635061264,
            0.0
          ],
          [
            -0.022767873480916023,
            0.9823508858680725,
            0.18565665185451508,
            0.0
          ],
          [
            0.016777407377958298,
            -0.185303196310997,
            0.9825381636619568,
            0.0
          ],
          [
            0.0,
            0.0,
            0.0,
            1.0
          ]
        ],
        "rotation_mode": "QUATERNION"
      },
      "armature_space": {
        "head": {
          "x": 0.3959076702594757,
          "y": -0.5779564380645752,
          "z": 0.3811056911945343
        },
        "tail": {
          "x": 0.402543306350708,
          "y": -0.6054288744926453,
          "z": 0.37732380628585815
        }
      },
      "world_space": {
        "head": {
          "x": 0.3959076702594757,
          "y": -0.5147124528884888,
          "z": 1.330959677696228
        },
        "tail": {
          "x": 0.402543306350708,
          "y": -0.5421848893165588,
          "z": 1.3271777629852295
        },
        "rotation_quaternion": {
          "w": 0.0051777660846710205,
          "x": -0.8789913058280945,
          "y": -0.13506756722927094,
          "z": 0.45727914571762085
        },
        "matrix": [
          [
            0.5453047752380371,
            0.23271209001541138,
            -0.8052873015403748,
            0.3959076702594757
          ],
          [
            0.24218186736106873,
            -0.963459849357605,
            -0.11442609131336212,
            -0.5147124528884888
          ],
          [
            -0.802495539188385,
            -0.13263070583343506,
            -0.5817421674728394,
            1.330959677696228
          ],
          [
            0.0,
            0.0,
            0.0,
            1.0
          ]
        ]
      },
      "bone_length_armature_space": 0.028514366751614315,
      "parent": "metacarpal_index_l",
      "has_children": true,
      "is_end_bone": false
    },
    "index_02_l": {
      "name": "index_02_l",
      "local": {
        "location": {
          "x": 0.0,
          "y": 0.0,
          "z": 0.0
        },
        "rotation_quaternion": {
          "w": 0.9983020424842834,
          "x": 0.05782003700733185,
          "y": -0.007052456960082054,
          "z": 0.0005700908368453383
        },
        "scale": {
          "x": 1.0,
          "y": 1.0,
          "z": 1.0
        },
        "matrix_basis": [
          [
            0.9998998641967773,
            -0.001953792292624712,
            -0.014015039429068565,
            0.0
          ],
          [
            0.0003226990520488471,
            0.9933130145072937,
            -0.11545176059007645,
            0.0
          ],
          [
            0.014146889559924603,
            0.11543568223714828,
            0.9932141900062561,
            0.0
          ],
          [
            0.0,
            0.0,
            0.0,
            1.0
          ]
        ],
        "rotation_mode": "QUATERNION"
      },
      "armature_space": {
        "head": {
          "x": 0.40254300832748413,
          "y": -0.6054293513298035,
          "z": 0.37732377648353577
        },
        "tail": {
          "x": 0.40712589025497437,
          "y": -0.6301624774932861,
          "z": 0.37228789925575256
        }
      },
      "world_space": {
        "head": {
          "x": 0.40254300832748413,
          "y": -0.542185366153717,
          "z": 1.3271777629852295
        },
        "tail": {
          "x": 0.40712589025497437,
          "y": -0.5669184923171997,
          "z": 1.3221418857574463
        },
        "rotation_quaternion": {
          "w": 0.040410637855529785,
          "x": -0.8570701479911804,
          "y": -0.12767553329467773,
          "z": 0.4974905848503113
        },
        "matrix": [
          [
            0.47240400314331055,
            0.17864714562892914,
            -0.8630872368812561,
            0.40254300832748413
          ],
          [
            0.2590615749359131,
            -0.9641318321228027,
            -0.057766787707805634,
            -0.542185366153717
          ],
          [
            -0.842455267906189,
            -0.19630573689937592,
            -0.5017440915107727,
            1.3271777629852295
          ],
          [
            0.0,
            0.0,
            0.0,
            1.0
          ]
        ]
      },
      "bone_length_armature_space": 0.025653272679254945,
      "parent": "index_01_l",
      "has_children": true,
      "is_end_bone": false
    },
    "index_03_l": {
      "name": "index_03_l",
      "local": {
        "location": {
          "x": 0.0,
          "y": 0.0,
          "z": 0.0
        },
        "rotation_quaternion": {
          "w": 0.9983888864517212,
          "x": 0.05659100413322449,
          "y": -0.0019439648604020476,
          "z": 0.003660768736153841
        },
        "scale": {
          "x": 1.0,
          "y": 1.0,
          "z": 1.0
        },
        "matrix_basis": [
          [
            0.9999656677246094,
            -0.007529763504862785,
            -0.003467332571744919,
            0.0
          ],
          [
            0.007089719641953707,
            0.9935681223869324,
            -0.11301389336585999,
            0.0
          ],
          [
            0.004295999184250832,
            0.11298542469739914,
            0.9935873746871948,
            0.0
          ],
          [
            0.0,
            0.0,
            0.0,
            1.0
          ]
        ],
        "rotation_mode": "QUATERNION"
      },
      "armature_space": {
        "head": {
          "x": 0.4071260094642639,
          "y": -0.6301624774932861,
          "z": 0.3722879886627197
        },
        "tail": {
          "x": 0.4084133207798004,
          "y": -0.6572999358177185,
          "z": 0.36153459548950195
        }
      },
      "world_space": {
        "head": {
          "x": 0.4071260094642639,
          "y": -0.5669184923171997,
          "z": 1.3221420049667358
        },
        "tail": {
          "x": 0.4084133207798004,
          "y": -0.5940559506416321,
          "z": 1.311388611793518
        },
        "rotation_quaternion": {
          "w": 0.15264219045639038,
          "x": -0.8573058843612671,
          "y": -0.1109747588634491,
          "z": 0.4789692461490631
        },
        "matrix": [
          [
            0.5165462493896484,
            0.04405829310417175,
            -0.8551249504089355,
            0.4071260094642639
          ],
          [
            0.3365004360675812,
            -0.9287703633308411,
            0.15541347861289978,
            -0.5669184923171997
          ],
          [
            -0.7873724699020386,
            -0.3680316209793091,
            -0.4945818781852722,
            1.3221420049667358
          ],
          [
            0.0,
            0.0,
            0.0,
            1.0
          ]
        ]
      },
      "bone_length_armature_space": 0.029218731511102613,
      "parent": "index_02_l",
      "has_children": false,
      "is_end_bone": true
    },
    "metacarpal_pinky_l": {
      "name": "metacarpal_pinky_l",
      "local": {
        "location": {
          "x": 0.0,
          "y": 0.0,
          "z": 0.0
        },
        "rotation_quaternion": {
          "w": 0.9986768364906311,
          "x": -0.047094181180000305,
          "y": 0.01944580115377903,
          "z": -0.006983526051044464
        },
        "scale": {
          "x": 1.0,
          "y": 1.0,
          "z": 1.0
        },
        "matrix_basis": [
          [
            0.9991461634635925,
            0.012117003090679646,
            0.03949790820479393,
            0.0
          ],
          [
            -0.015780139714479446,
            0.9954667091369629,
            0.0937921330332756,
            0.0
          ],
          [
            -0.038182374089956284,
            -0.09433533996343613,
            0.99480801820755,
            0.0
          ],
          [
            0.0,
            0.0,
            0.0,
            1.0
          ]
        ],
        "rotation_mode": "QUATERNION"
      },
      "armature_space": {
        "head": {
          "x": 0.42325571179389954,
          "y": -0.4640229046344757,
          "z": 0.38042691349983215
        },
        "tail": {
          "x": 0.447355717420578,
          "y": -0.5598759651184082,
          "z": 0.34764549136161804
        }
      },
      "world_space": {
        "head": {
          "x": 0.42325571179389954,
          "y": -0.4007788896560669,
          "z": 1.3302809000015259
        },
        "tail": {
          "x": 0.447355717420578,
          "y": -0.4966319799423218,
          "z": 1.2974995374679565
        },
        "rotation_quaternion": {
          "w": 0.12151721119880676,
          "x": -0.021070756018161774,
          "y": 0.15805195271968842,
          "z": -0.9796985387802124
        },
        "matrix": [
          [
            -0.9695790410041809,
            0.23143988847732544,
            0.07969830185174942,
            0.42325571179389954
          ],
          [
            -0.24476128816604614,
            -0.9205065369606018,
            -0.3045651912689209,
            -0.4007788896560669
          ],
          [
            0.002874143421649933,
            -0.3148101270198822,
            0.9491578340530396,
            1.3302809000015259
          ],
          [
            0.0,
            0.0,
            0.0,
            1.0
          ]
        ]
      },
      "bone_length_armature_space": 0.104130884571389,
      "parent": "lowerarm_l",
      "has_children": true,
      "is_end_bone": false
    },
    "pinky_01_l": {
      "name": "pinky_01_l",
      "local": {
        "location": {
          "x": 0.0,
          "y": 0.0,
          "z": 0.0
        },
        "rotation_quaternion": {
          "w": 0.9488012790679932,
          "x": 0.31564459204673767,
          "y": 0.0001248917542397976,
          "z": -0.012028118595480919
        },
        "scale": {
          "x": 1.0,
          "y": 1.0,
          "z": 1.0
        },
        "matrix_basis": [
          [
            0.9997106194496155,
            0.022903431206941605,
            -0.007356226444244385,
            0.0
          ],
          [
            -0.02274574525654316,
            0.8004476428031921,
            -0.5989710092544556,
            0.0
          ],
          [
            -0.00783021654933691,
            0.5989649891853333,
            0.8007369637489319,
            0.0
          ],
          [
            0.0,
            0.0,
            0.0,
            1.0
          ]
        ],
        "rotation_mode": "QUATERNION"
      },
      "armature_space": {
        "head": {
          "x": 0.447355717420578,
          "y": -0.5598759651184082,
