{
  "metadata": {
    "armature_name": "KIM_caucasian_male",
    "export_time": "2026-01-13T19:11:10.000566",
    "blender_version": "4.4.1",
    "bone_count": 56,
    "end_bone_count": 13,
    "spaces_included": [
      "LOCAL_CHANNELS",
      "ARMATURE_SPACE",
      "WORLD_SPACE"
    ],
    "note": "LOCAL matches Transform panel; replay pose via local.matrix_basis for best fidelity."
  },
  "bones": {
    "Root": {
      "name": "Root",
      "local": {
        "location": {
          "x": 0.0,
          "y": 0.0,
          "z": 0.0
        },
        "rotation_quaternion": {
          "w": 0.9996818900108337,
          "x": 0.0059469351544976234,
          "y": -0.004405784886330366,
          "z": 0.024111676961183548
        },
        "scale": {
          "x": 1.0,
          "y": 1.0,
          "z": 1.0
        },
        "matrix_basis": [
          [
            0.9987984299659729,
            -0.048260416835546494,
            -0.00852198526263237,
            0.0
          ],
          [
            0.048155613243579865,
            0.9987665414810181,
            -0.012102548032999039,
            0.0
          ],
          [
            0.00909554772078991,
            0.01167762465775013,
            0.9998904466629028,
            0.0
          ],
          [
            0.0,
            0.0,
            0.0,
            1.0
          ]
        ],
        "rotation_mode": "QUATERNION"
      },
      "armature_space": {
        "head": {
          "x": 0.0,
          "y": 0.07072800397872925,
          "z": -0.009595036506652832
        },
        "tail": {
          "x": -0.00344462925568223,
          "y": -2.4802982807159424e-05,
          "z": -0.0008377768099308014
        }
      },
      "world_space": {
        "head": {
          "x": 0.0,
          "y": 0.13397200405597687,
          "z": 0.9402589797973633
        },
        "tail": {
          "x": -0.00344462925568223,
          "y": 0.06321919709444046,
          "z": 0.9490162134170532
        },
        "rotation_quaternion": {
          "w": 0.06141280010342598,
          "x": 0.9978114366531372,
          "y": -0.024353710934519768,
          "z": -0.002771423663944006
        },
        "matrix": [
          [
            0.9987984299659729,
            -0.048260416835546494,
            -0.00852198526263237,
            0.0
          ],
          [
            -0.048941224813461304,
            -0.9912707209587097,
            -0.12242227792739868,
            0.13397200405597687
          ],
          [
            -0.0025395085103809834,
            0.12269216030836105,
            -0.992448627948761,
            0.9402589797973633
          ],
          [
            0.0,
            0.0,
            0.0,
            1.0
          ]
        ]
      },
      "bone_length_armature_space": 0.07137587095853777,
      "parent": null,
      "has_children": true,
      "is_end_bone": false
    },
    "spine_01": {
      "name": "spine_01",
      "local": {
        "location": {
          "x": 0.0,
          "y": 0.0,
          "z": 0.0
        },
        "rotation_quaternion": {
          "w": 0.9909312725067139,
          "x": 0.11019101738929749,
          "y": 0.009879359975457191,
          "z": -0.0762602835893631
        },
        "scale": {
          "x": 1.0,
          "y": 1.0,
          "z": 1.0
        },
        "matrix_basis": [
          [
            0.9881735444068909,
            0.15331463515758514,
            0.002773137064650655,
            0.0
          ],
          [
            -0.1489601731300354,
            0.9640846252441406,
            -0.21989025175571442,
            0.0
          ],
          [
            -0.03638593107461929,
            0.21687664091587067,
            0.975520670413971,
            0.0
          ],
          [
            0.0,
            0.0,
            0.0,
            1.0
          ]
        ],
        "rotation_mode": "QUATERNION"
      },
      "armature_space": {
        "head": {
          "x": -0.00344462925568223,
          "y": -2.4802982807159424e-05,
          "z": -0.0008377768099308014
        },
        "tail": {
          "x": 0.06811244040727615,
          "y": -0.09298431873321533,
          "z": 0.47285664081573486
        }
      },
      "world_space": {
        "head": {
          "x": -0.00344462925568223,
          "y": 0.06321919709444046,
          "z": 0.9490162134170532
        },
        "tail": {
          "x": 0.06811244040727615,
          "y": -0.029740318655967712,
          "z": 1.422710657119751
        },
        "rotation_quaternion": {
          "w": 0.6348100900650024,
          "x": 0.7688182592391968,
          "y": 0.04208214581012726,
          "z": -0.06452786922454834
        },
        "matrix": [
          [
            0.988130509853363,
            0.14663296937942505,
            -0.045791145414114,
            -0.00344462925568223
          ],
          [
            -0.017217956483364105,
            -0.19049033522605896,
            -0.9815381765365601,
            0.06321919709444046
          ],
          [
            -0.15264971554279327,
            0.9706828594207764,
            -0.18570679426193237,
            0.9490162134170532
          ],
          [
            0.0,
            0.0,
            0.0,
            1.0
          ]
        ]
      },
      "bone_length_armature_space": 0.48800438422459425,
      "parent": "Root",
      "has_children": true,
      "is_end_bone": false
    },
    "neck_01": {
      "name": "neck_01",
      "local": {
        "location": {
          "x": 0.0,
          "y": 0.0,
          "z": 0.0
        },
        "rotation_quaternion": {
          "w": 0.9932174682617188,
          "x": 0.03943222016096115,
          "y": 0.004442282486706972,
          "z": 0.1092911809682846
        },
        "scale": {
          "x": 1.0,
          "y": 1.0,
          "z": 1.0
        },
        "matrix_basis": [
          [
            0.9760714173316956,
            -0.21674948930740356,
            0.017443493008613586,
            0.0
          ],
          [
            0.21745015680789948,
            0.9730010628700256,
            -0.07735853642225266,
            0.0
          ],
          [
            -0.0002051173069048673,
            0.07930054515600204,
            0.9968507289886475,
            0.0
          ],
          [
            0.0,
            0.0,
            0.0,
            1.0
          ]
        ],
        "rotation_mode": "QUATERNION"
      },
      "armature_space": {
        "head": {
          "x": 0.07726062089204788,
          "y": -0.14097189903259277,
          "z": 0.5374881625175476
        },
        "tail": {
          "x": 0.06629067659378052,
          "y": -0.20212411880493164,
          "z": 0.6190404295921326
        }
      },
      "world_space": {
        "head": {
          "x": 0.07726062089204788,
          "y": -0.07772789895534515,
          "z": 1.487342119216919
        },
        "tail": {
          "x": 0.06629067659378052,
          "y": -0.13888011872768402,
          "z": 1.568894386291504
        },
        "rotation_quaternion": {
          "w": 0.44393420219421387,
          "x": 0.8932790756225586,
          "y": -0.06841608881950378,
          "z": -0.017150988802313805
        },
        "matrix": [
          [
            0.9900500774383545,
            -0.10700161010026932,
            -0.09138604253530502,
            0.07726062089204788
          ],
          [
            -0.13745743036270142,
            -0.5964828729629517,
            -0.7907679677009583,
            -0.07772789895534515
          ],
          [
            0.03010326623916626,
            0.795466423034668,
            -0.6052610874176025,
            1.487342119216919
          ],
          [
            0.0,
            0.0,
            0.0,
            1.0
          ]
        ]
      },
      "bone_length_armature_space": 0.10252173478170444,
      "parent": "spine_01",
      "has_children": true,
      "is_end_bone": false
    },
    "head": {
      "name": "head",
      "local": {
        "location": {
          "x": 0.0,
          "y": 0.0,
          "z": 0.0
        },
        "rotation_quaternion": {
          "w": 0.9905099868774414,
          "x": -0.0006496493588201702,
          "y": 0.06740604341030121,
          "z": 0.11977479606866837
        },
        "scale": {
          "x": 1.0,
          "y": 1.0,
          "z": 1.0
        },
        "matrix_basis": [
          [
            0.9622208476066589,
            -0.23736384510993958,
            0.1333770900964737,
            0.0
          ],
          [
            0.2371886819601059,
            0.9713071584701538,
            0.01743405871093273,
            0.0
          ],
          [
            -0.13368834555149078,
            0.01486012153327465,
            0.9909120202064514,
            0.0
          ],
          [
            0.0,
            0.0,
            0.0,
            1.0
          ]
        ],
        "rotation_mode": "QUATERNION"
      },
      "armature_space": {
        "head": {
          "x": 0.06629066169261932,
          "y": -0.2021241933107376,
          "z": 0.6190402507781982
        },
        "tail": {
          "x": 0.019421115517616272,
          "y": -0.23984931409358978,
          "z": 0.7619854211807251
        }
      },
      "world_space": {
        "head": {
          "x": 0.06629066169261932,
          "y": -0.13888019323349,
          "z": 1.5688942670822144
        },
        "tail": {
          "x": 0.019421115517616272,
          "y": -0.17660531401634216,
          "z": 1.7118394374847412
        },
        "rotation_quaternion": {
          "w": 0.6034011840820312,
          "x": 0.7826372981071472,
          "y": -0.11951449513435364,
          "z": 0.09540499001741409
        },
        "matrix": [
          [
            0.9532282948493958,
            -0.30220827460289,
            0.005103021860122681,
            0.06629066169261932
          ],
          [
            -0.071939617395401,
            -0.24324631690979004,
            -0.9672933220863342,
            -0.13888019323349
          ],
          [
            0.2935672402381897,
            0.9216903448104858,
            -0.2536126971244812,
            1.5688942670822144
          ],
          [
            0.0,
            0.0,
            0.0,
            1.0
          ]
        ]
      },
      "bone_length_armature_space": 0.15509113670359556,
      "parent": "neck_01",
      "has_children": false,
      "is_end_bone": true
    },
    "upperarm_l": {
      "name": "upperarm_l",
      "local": {
        "location": {
          "x": 0.0,
          "y": 0.0,
          "z": 0.0
        },
        "rotation_quaternion": {
          "w": 0.8670905828475952,
          "x": -0.08276516944169998,
          "y": 0.4872753918170929,
          "z": 0.062182020395994186
        },
        "scale": {
          "x": 1.0,
          "y": 1.0,
          "z": 1.0
        },
        "matrix_basis": [
          [
            0.5173921585083008,
            -0.1884937435388565,
            0.8347308039665222,
            0.0
          ],
          [
            0.0271760281175375,
            0.9785666465759277,
            0.20412933826446533,
            0.0
          ],
          [
            -0.8553168177604675,
            -0.08293025940656662,
            0.511425256729126,
            0.0
          ],
          [
            0.0,
            0.0,
            0.0,
            1.0
          ]
        ],
        "rotation_mode": "QUATERNION"
      },
      "armature_space": {
        "head": {
          "x": 0.2154792994260788,
          "y": -0.13388241827487946,
          "z": 0.44876107573509216
        },
        "tail": {
          "x": 0.4826972484588623,
          "y": -0.11634447425603867,
          "z": 0.4584883153438568
        }
      },
      "world_space": {
        "head": {
          "x": 0.2154792994260788,
          "y": -0.07063841819763184,
          "z": 1.3986151218414307
        },
        "tail": {
          "x": 0.4826972484588623,
          "y": -0.053100474178791046,
          "z": 1.4083423614501953
        },
        "rotation_quaternion": {
          "w": 0.12992241978645325,
          "x": 0.6766400933265686,
          "y": 0.718222975730896,
          "z": -0.09712890535593033
        },
        "matrix": [
          [
            -0.05055634677410126,
            0.9971956610679626,
            0.055182360112667084,
            0.2154792994260788
          ],
          [
            0.9467185139656067,
            0.06544756144285202,
            -0.3153427243232727,
            -0.07063841819763184
          ],
          [
            -0.318071186542511,
            0.03629983961582184,
            -0.9473791718482971,
            1.3986151218414307
          ],
          [
            0.0,
            0.0,
            0.0,
            1.0
          ]
        ]
      },
      "bone_length_armature_space": 0.26796944663218164,
      "parent": "spine_01",
      "has_children": true,
      "is_end_bone": false
    },
    "lowerarm_l": {
      "name": "lowerarm_l",
      "local": {
        "location": {
          "x": 0.0,
          "y": 0.0,
          "z": 0.0
        },
        "rotation_quaternion": {
          "w": 0.9310943484306335,
          "x": 0.33879798650741577,
          "y": -0.1282179057598114,
          "z": 0.04289023578166962
        },
        "scale": {
          "x": 1.0,
          "y": 1.0,
          "z": 1.0
        },
        "matrix_basis": [
          [
            0.9634411931037903,
            -0.16674965620040894,
            -0.20970368385314941,
            0.0
          ],
          [
            -0.007010224275290966,
            0.7667527198791504,
            -0.641904354095459,
            0.0
          ],
          [
            0.26782819628715515,
            0.6199072003364563,
            0.7375521659851074,
            0.0
          ],
          [
            0.0,
            0.0,
            0.0,
            1.0
          ]
        ],
        "rotation_mode": "QUATERNION"
      },
      "armature_space": {
        "head": {
          "x": 0.48269736766815186,
          "y": -0.11634459346532822,
          "z": 0.4584883153438568
        },
        "tail": {
          "x": 0.6764416694641113,
          "y": -0.23832938075065613,
          "z": 0.3200956881046295
        }
      },
      "world_space": {
        "head": {
          "x": 0.48269736766815186,
          "y": -0.0531005933880806,
          "z": 1.4083423614501953
        },
        "tail": {
          "x": 0.6764416694641113,
          "y": -0.1750853806734085,
          "z": 1.2699496746063232
        },
        "rotation_quaternion": {
          "w": 0.008909962140023708,
          "x": -0.7026613354682922,
          "y": -0.5214702486991882,
          "z": 0.48400047421455383
        },
        "matrix": [
          [
            -0.01237763836979866,
            0.7242115139961243,
            -0.6894667744636536,
            0.48269736766815186
          ],
          [
            0.741458535194397,
            -0.4559761583805084,
            -0.4922654926776886,
            -0.0531005933880806
          ],
          [
            -0.6708887219429016,
            -0.5173082947731018,
            -0.5313330888748169,
            1.4083423614501953
          ],
          [
            0.0,
            0.0,
            0.0,
            1.0
          ]
        ]
      },
      "bone_length_armature_space": 0.2675250689956944,
      "parent": "upperarm_l",
      "has_children": true,
      "is_end_bone": false
    },
    "metacarpal_thumb_l": {
      "name": "metacarpal_thumb_l",
      "local": {
        "location": {
          "x": 0.0,
          "y": 0.0,
          "z": 0.0
        },
        "rotation_quaternion": {
          "w": 0.997327983379364,
          "x": -0.06897132098674774,
          "y": 0.01849842630326748,
          "z": 0.015416624024510384
        },
        "scale": {
          "x": 1.0,
          "y": 1.0,
          "z": 1.0
        },
        "matrix_basis": [
          [
            0.9988402724266052,
            -0.033302582800388336,
            0.0347713865339756,
            0.0
          ],
          [
            0.02819913998246193,
            0.9900105595588684,
            0.13814441859722137,
            0.0
          ],
          [
            -0.039024606347084045,
            -0.13700369000434875,
            0.9898015260696411,
            0.0
          ],
          [
            0.0,
            0.0,
            0.0,
            1.0
          ]
        ],
        "rotation_mode": "QUATERNION"
      },
      "armature_space": {
        "head": {
          "x": 0.6764416694641113,
          "y": -0.23832938075065613,
          "z": 0.3200956881046295
        },
        "tail": {
          "x": 0.6835830807685852,
          "y": -0.26950129866600037,
          "z": 0.2822681963443756
        }
      },
      "world_space": {
        "head": {
          "x": 0.6764416694641113,
          "y": -0.1750853806734085,
          "z": 1.2699496746063232
        },
        "tail": {
          "x": 0.6835830807685852,
          "y": -0.20625729858875275,
          "z": 1.2321221828460693
        },
        "rotation_quaternion": {
          "w": 0.4235612750053406,
          "x": -0.902562141418457,
          "y": -0.07708617299795151,
          "z": -0.005929016973823309
        },
        "matrix": [
          [
            0.9880450963973999,
            0.14417283236980438,
            -0.054599322378635406,
            0.6764416694641113
          ],
          [
            0.13412806391716003,
            -0.6293075680732727,
            0.7654945850372314,
            -0.1750853806734085
          ],
          [
            0.07600440829992294,
            -0.7636722922325134,
            -0.6411256194114685,
            1.2699496746063232
          ],
          [
            0.0,
            0.0,
            0.0,
            1.0
          ]
        ]
      },
      "bone_length_armature_space": 0.049533901500999025,
      "parent": "lowerarm_l",
      "has_children": true,
      "is_end_bone": false
    },
    "thumb_01_l": {
      "name": "thumb_01_l",
      "local": {
        "location": {
          "x": 0.0,
          "y": 0.0,
          "z": 0.0
        },
        "rotation_quaternion": {
          "w": 0.9999331831932068,
          "x": -0.010300266556441784,
          "y": 0.001861918717622757,
          "z": 0.004913785494863987
        },
        "scale": {
          "x": 1.0,
          "y": 1.0,
          "z": 1.0
        },
        "matrix_basis": [
          [
            0.9999447464942932,
            -0.009865270927548409,
            0.0036223619244992733,
            0.0
          ],
          [
            0.009788557887077332,
            0.9997395277023315,
            0.02061745524406433,
            0.0
          ],
          [
            -0.0038248151540756226,
            -0.02058085799217224,
            0.9997808933258057,
            0.0
          ],
          [
            0.0,
            0.0,
            0.0,
            1.0
          ]
        ],
        "rotation_mode": "QUATERNION"
      },
      "armature_space": {
        "head": {
          "x": 0.6835830807685852,
          "y": -0.26950129866600037,
          "z": 0.2822681963443756
        },
        "tail": {
          "x": 0.6806349754333496,
          "y": -0.2646538317203522,
          "z": 0.24870553612709045
        }
      },
      "world_space": {
        "head": {
          "x": 0.6835830807685852,
          "y": -0.20625729858875275,
          "z": 1.2321221828460693
        },
        "tail": {
          "x": 0.6806349754333496,
          "y": -0.20140983164310455,
          "z": 1.1985595226287842
        },
        "rotation_quaternion": {
          "w": 0.550547182559967,
          "x": -0.5144296288490295,
          "y": 0.5177872776985168,
          "z": -0.40516215562820435
        },
        "matrix": [
          [
            0.13547936081886292,
            -0.08660996705293655,
            0.9869874715805054,
            0.6835830807685852
          ],
          [
            -0.9788522124290466,
            0.14241059124469757,
            0.1468595266342163,
            -0.20625729858875275
          ],
          [
            -0.15327881276607513,
            -0.9860180616378784,
            -0.06548502296209335,
            1.2321221828460693
          ],
          [
            0.0,
            0.0,
            0.0,
            1.0
          ]
        ]
      },
      "bone_length_armature_space": 0.03403882162347675,
      "parent": "metacarpal_thumb_l",
      "has_children": true,
      "is_end_bone": false
    },
    "thumb_02_l": {
      "name": "thumb_02_l",
      "local": {
        "location": {
          "x": 0.0,
          "y": 0.0,
          "z": 0.0
        },
        "rotation_quaternion": {
          "w": 0.9958040714263916,
          "x": 0.0909944698214531,
          "y": 0.009287507273256779,
          "z": -0.0028340755961835384
        },
        "scale": {
          "x": 1.0,
          "y": 1.0,
          "z": 1.0
        },
        "matrix_basis": [
          [
            0.9998114109039307,
            0.007334591820836067,
            0.017981303855776787,
            0.0
          ],
          [
            -0.003954144660383463,
            0.9834239482879639,
            -0.18127797544002533,
            0.0
          ],
          [
            -0.019012846052646637,
            0.1811726838350296,
            0.9832674860954285,
            0.0
          ],
          [
            0.0,
            0.0,
            0.0,
            1.0
          ]
        ],
        "rotation_mode": "QUATERNION"
      },
      "armature_space": {
        "head": {
          "x": 0.6806349158287048,
          "y": -0.2646538019180298,
          "z": 0.24870556592941284
        },
        "tail": {
          "x": 0.7094694375991821,
          "y": -0.28542616963386536,
          "z": 0.2299901843070984
        }
      },
      "world_space": {
        "head": {
          "x": 0.6806349158287048,
          "y": -0.20140980184078217,
          "z": 1.1985595226287842
        },
        "tail": {
          "x": 0.7094694375991821,
          "y": -0.22218216955661774,
          "z": 1.1798441410064697
        },
        "rotation_quaternion": {
          "w": 0.4447934627532959,
          "x": -0.11890825629234314,
          "y": 0.20872706174850464,
          "z": -0.8628166913986206
        },
        "matrix": [
          [
            -0.5760384202003479,
            0.7179118990898132,
            0.39087390899658203,
            0.6806349158287048
          ],
          [
            -0.8171898126602173,
            -0.5171834230422974,
            -0.25440552830696106,
            -0.20140980184078217
          ],
          [
            0.019512176513671875,
            -0.46596917510032654,
            0.8845938444137573,
            1.1985595226287842
          ],
          [
            0.0,
            0.0,
            0.0,
            1.0
          ]
        ]
      },
      "bone_length_armature_space": 0.04016449227239477,
      "parent": "thumb_01_l",
      "has_children": true,
      "is_end_bone": false
    },
    "thumb_03_l": {
      "name": "thumb_03_l",
      "local": {
        "location": {
          "x": 0.0,
          "y": 0.0,
          "z": 0.0
        },
        "rotation_quaternion": {
          "w": 0.9962000846862793,
          "x": 0.08695905655622482,
          "y": -0.0020553243812173605,
          "z": -0.00440300814807415
        },
        "scale": {
          "x": 1.0,
          "y": 1.0,
          "z": 1.0
        },
        "matrix_basis": [
          [
            0.9999527931213379,
            0.008415096439421177,
            -0.004860791377723217,
            0.0
          ],
          [
            -0.00913001224398613,
            0.9848374724388123,
            -0.17323914170265198,
            0.0
          ],
          [
            0.0033292658627033234,
            0.17327533662319183,
            0.9848678112030029,
            0.0
          ],
          [
            0.0,
            0.0,
            0.0,
            1.0
          ]
        ],
        "rotation_mode": "QUATERNION"
      },
      "armature_space": {
        "head": {
          "x": 0.7094693779945374,
          "y": -0.28542616963386536,
          "z": 0.229990154504776
        },
        "tail": {
          "x": 0.7356930375099182,
          "y": -0.30081427097320557,
          "z": 0.22843556106090546
        }
      },
      "world_space": {
        "head": {
          "x": 0.7094693779945374,
          "y": -0.22218216955661774,
          "z": 1.1798441410064697
        },
        "tail": {
          "x": 0.7356930375099182,
          "y": -0.23757027089595795,
          "z": 1.178289532661438
        },
        "rotation_quaternion": {
          "w": 0.48237913846969604,
          "x": 0.16056622564792633,
          "y": 0.12078722566366196,
          "z": -0.8526074290275574
        },
        "matrix": [
          [
            -0.4830576777458191,
            0.8613490462303162,
            -0.15726792812347412,
            0.7094693779945374
          ],
          [
            -0.7837717533111572,
            -0.5054409503936768,
            -0.3608759343624115,
            -0.22218216955661774
          ],
          [
            -0.3903332054615021,
            -0.05106240510940552,
            0.9192643761634827,
            1.1798441410064697
          ],
          [
            0.0,
            0.0,
            0.0,
            1.0
          ]
        ]
      },
      "bone_length_armature_space": 0.03044488056977131,
      "parent": "thumb_02_l",
      "has_children": false,
      "is_end_bone": true
    },
    "metacarpal_index_l": {
      "name": "metacarpal_index_l",
      "local": {
        "location": {
          "x": 0.0,
          "y": 0.0,
          "z": 0.0
        },
        "rotation_quaternion": {
          "w": 0.9997196793556213,
          "x": -0.019023027271032333,
          "y": 0.01338766049593687,
          "z": -0.004414135590195656
        },
        "scale": {
          "x": 1.0,
          "y": 1.0,
          "z": 1.0
        },
        "matrix_basis": [
          [
            0.9996025562286377,
            0.008316448889672756,
            0.02693575620651245,
            0.0
          ],
          [
            -0.00933514442294836,
            0.9992372989654541,
            0.03791720047593117,
            0.0
          ],
          [
            -0.02659987471997738,
            -0.03815357759594917,
            0.998917818069458,
            0.0
          ],
          [
            0.0,
            0.0,
            0.0,
            1.0
          ]
        ],
        "rotation_mode": "QUATERNION"
      },
      "armature_space": {
        "head": {
          "x": 0.6764416694641113,
          "y": -0.23832938075065613,
          "z": 0.3200956881046295
        },
        "tail": {
          "x": 0.7354706525802612,
          "y": -0.3035341501235962,
          "z": 0.24267974495887756
        }
      },
      "world_space": {
        "head": {
          "x": 0.6764416694641113,
          "y": -0.1750853806734085,
          "z": 1.2699496746063232
        },
        "tail": {
          "x": 0.7354706525802612,
          "y": -0.24029015004634857,
          "z": 1.1925337314605713
        },
        "rotation_quaternion": {
          "w": 0.31467297673225403,
          "x": -0.8667157292366028,
          "y": -0.35033759474754333,
          "z": 0.16446387767791748
        },
        "matrix": [
          [
            0.7004293203353882,
            0.5037820339202881,
            -0.5055713653564453,
            0.6764416694641113
          ],
          [
            0.7107919454574585,
            -0.5564889907836914,
            0.4302269220352173,
            -0.1750853806734085
          ],
          [
            -0.06460408866405487,
            -0.6607048511505127,
            -0.7478702068328857,
            1.2699496746063232
          ],
          [
            0.0,
            0.0,
            0.0,
            1.0
          ]
        ]
      },
      "bone_length_armature_space": 0.11717214483750686,
      "parent": "lowerarm_l",
      "has_children": true,
      "is_end_bone": false
    },
    "index_01_l": {
      "name": "index_01_l",
      "local": {
        "location": {
          "x": 0.0,
          "y": 0.0,
          "z": 0.0
        },
        "rotation_quaternion": {
          "w": 0.9965716600418091,
          "x": -0.08233451843261719,
          "y": 0.004297195002436638,
          "z": -0.0068944115191698074
        },
        "scale": {
          "x": 1.0,
          "y": 1.0,
          "z": 1.0
        },
        "matrix_basis": [
          [
            0.9998679757118225,
            0.013033934868872166,
            0.009700221940875053,
            0.0
          ],
          [
            -0.01444916520267725,
            0.986346960067749,
            0.16404524445533752,
            0.0
          ],
          [
            -0.007429629564285278,
            -0.1641637533903122,
            0.9864051342010498,
            0.0
          ],
          [
            0.0,
            0.0,
            0.0,
            1.0
          ]
        ],
        "rotation_mode": "QUATERNION"
      },
      "armature_space": {
        "head": {
          "x": 0.7354706525802612,
          "y": -0.3035341501235962,
          "z": 0.24267974495887756
        },
        "tail": {
          "x": 0.7593663930892944,
          "y": -0.3143647611141205,
          "z": 0.2315099686384201
        }
      },
      "world_space": {
        "head": {
          "x": 0.7354706525802612,
          "y": -0.24029015004634857,
          "z": 1.1925337314605713
        },
        "tail": {
          "x": 0.7593663930892944,
          "y": -0.25112074613571167,
          "z": 1.1813639402389526
        },
        "rotation_quaternion": {
          "w": 0.22262392938137054,
          "x": -0.8303312063217163,
          "y": -0.5104151368141174,
          "z": 0.02156822569668293
        },
        "matrix": [
          [
            0.478021502494812,
            0.8380239009857178,
            -0.2630804181098938,
            0.7354706525802612
          ],
          [
            0.8572313785552979,
            -0.3798295557498932,
            0.34768402576446533,
            -0.24029015004634857
          ],
          [
            0.1914440244436264,
            -0.3917244076728821,
            -0.8999531269073486,
            1.1925337314605713
          ],
          [
            0.0,
            0.0,
            0.0,
            1.0
          ]
        ]
      },
      "bone_length_armature_space": 0.028514425854870944,
      "parent": "metacarpal_index_l",
      "has_children": true,
      "is_end_bone": false
    },
    "index_02_l": {
      "name": "index_02_l",
      "local": {
        "location": {
          "x": 0.0,
          "y": 0.0,
          "z": 0.0
        },
        "rotation_quaternion": {
          "w": 0.9989282488822937,
          "x": 0.046196989715099335,
          "y": 0.002217481378465891,
          "z": -0.0018708561547100544
        },
        "scale": {
          "x": 1.0,
          "y": 1.0,
          "z": 1.0
        },
        "matrix_basis": [
          [
            0.9999831914901733,
            0.003942584153264761,
            0.004257353954017162,
            0.0
          ],
          [
            -0.0035328201483935118,
            0.9957246780395508,
            -0.09230325371026993,
            0.0
          ],
          [
            -0.004603065550327301,
            0.09228666126728058,
            0.9957218170166016,
            0.0
          ],
          [
            0.0,
            0.0,
            0.0,
            1.0
          ]
        ],
        "rotation_mode": "QUATERNION"
      },
      "armature_space": {
        "head": {
          "x": 0.759366512298584,
          "y": -0.3143649697303772,
          "z": 0.2315094918012619
        },
        "tail": {
          "x": 0.780783474445343,
          "y": -0.32293641567230225,
          "z": 0.22028732299804688
        }
      },
      "world_space": {
        "head": {
          "x": 0.759366512298584,
          "y": -0.25112098455429077,
          "z": 1.1813634634017944
        },
        "tail": {
          "x": 0.780783474445343,
          "y": -0.2596924304962158,
          "z": 1.170141339302063
        },
        "rotation_quaternion": {
          "w": 0.2304600328207016,
          "x": -0.8146367073059082,
          "y": -0.5289843082427979,
          "z": 0.05857383832335472
        },
        "matrix": [
          [
            0.43348827958106995,
            0.8348620533943176,
            -0.33925384283065796,
            0.759366512298584
          ],
          [
            0.8888588547706604,
            -0.33412718772888184,
            0.3135111629962921,
            -0.25112098455429077
          ],
          [
            0.14838658273220062,
            -0.4374556541442871,
            -0.8869207501411438,
            1.1813634634017944
          ],
          [
            0.0,
            0.0,
            0.0,
            1.0
          ]
        ]
      },
      "bone_length_armature_space": 0.025653323909308443,
      "parent": "index_01_l",
      "has_children": true,
      "is_end_bone": false
    },
    "index_03_l": {
      "name": "index_03_l",
      "local": {
        "location": {
          "x": 0.0,
          "y": 0.0,
          "z": 0.0
        },
        "rotation_quaternion": {
          "w": 0.9994315505027771,
          "x": 0.032230764627456665,
          "y": 0.005848571192473173,
          "z": -0.007981598377227783
        },
        "scale": {
          "x": 1.0,
          "y": 1.0,
          "z": 1.0
        },
        "matrix_basis": [
          [
            0.9998041987419128,
            0.016331130638718605,
            0.011175987310707569,
            0.0
          ],
          [
            -0.015577114187180996,
            0.9977949261665344,
            -0.06451825052499771,
            0.0
          ],
          [
            -0.012204999104142189,
            0.0643315240740776,
            0.9978539347648621,
            0.0
          ],
          [
            0.0,
            0.0,
            0.0,
            1.0
          ]
        ],
        "rotation_mode": "QUATERNION"
      },
      "armature_space": {
        "head": {
          "x": 0.780783474445343,
          "y": -0.322936475276947,
          "z": 0.22028744220733643
        },
        "tail": {
          "x": 0.8046610951423645,
          "y": -0.3282630741596222,
          "z": 0.204311802983284
        }
      },
      "world_space": {
        "head": {
          "x": 0.780783474445343,
          "y": -0.2596924901008606,
          "z": 1.1701414585113525
        },
        "tail": {
          "x": 0.8046610951423645,
          "y": -0.2650190591812134,
          "z": 1.1541658639907837
        },
        "rotation_quaternion": {
          "w": 0.31709179282188416,
          "x": -0.7669389247894287,
          "y": -0.5552491545677185,
          "z": 0.05436863377690315
        },
        "matrix": [
          [
            0.37748298048973083,
            0.8172043561935425,
            -0.43552684783935547,
            0.780783474445343
          ],
          [
            0.8861656188964844,
            -0.18230143189430237,
            0.4260012209415436,
            -0.2596924901008606
          ],
          [
            0.26873570680618286,
            -0.5467612147331238,
            -0.7929991483688354,
            1.1701414585113525
          ],
          [
            0.0,
            0.0,
            0.0,
            1.0
          ]
        ]
      },
      "bone_length_armature_space": 0.029218734902012083,
      "parent": "index_02_l",
      "has_children": false,
      "is_end_bone": true
    },
    "metacarpal_pinky_l": {
      "name": "metacarpal_pinky_l",
      "local": {
        "location": {
          "x": 0.0,
          "y": 0.0,
          "z": 0.0
        },
        "rotation_quaternion": {
          "w": 0.9991710782051086,
          "x": -0.04062976688146591,
          "y": -1.9815286577795632e-05,
          "z": 0.0025598418433219194
        },
        "scale": {
          "x": 1.0,
          "y": 1.0,
          "z": 1.0
        },
        "matrix_basis": [
          [
            0.9999868869781494,
            -0.005113829858601093,
            -0.00024760927772149444,
            0.0
          ],
          [
            0.005117049906402826,
            0.9966853260993958,
            0.08119207620620728,
            0.0
          ],
          [
            -0.00016841382603161037,
            -0.08119227737188339,
            0.9966984391212463,
            0.0
          ],
          [
            0.0,
            0.0,
            0.0,
            1.0
          ]
        ],
        "rotation_mode": "QUATERNION"
      },
      "armature_space": {
        "head": {
          "x": 0.6764416694641113,
          "y": -0.23832938075065613,
          "z": 0.3200956881046295
        },
        "tail": {
          "x": 0.7708557844161987,
          "y": -0.25985679030418396,
          "z": 0.2818102240562439
        }
      },
      "world_space": {
        "head": {
          "x": 0.6764416694641113,
          "y": -0.1750853806734085,
          "z": 1.2699496746063232
        },
        "tail": {
          "x": 0.7708557844161987,
          "y": -0.19661279022693634,
          "z": 1.2316641807556152
        },
        "rotation_quaternion": {
          "w": 0.45008566975593567,
          "x": 0.2948962152004242,
          "y": 0.4405171871185303,
          "z": -0.7186123728752136
        },
        "matrix": [
          [
            -0.4209173917770386,
            0.9066883325576782,
            -0.027289971709251404,
            0.6764416694641113
          ],
          [
            -0.3870631158351898,
            -0.20673450827598572,
            -0.8985785245895386,
            -0.1750853806734085
          ],
          [
            -0.8203785419464111,
            -0.3676672875881195,
            0.43796589970588684,
            1.2699496746063232
          ],
          [
            0.0,
            0.0,
            0.0,
            1.0
          ]
        ]
      },
      "bone_length_armature_space": 0.10413083873456293,
      "parent": "lowerarm_l",
      "has_children": true,
      "is_end_bone": false
    },
    "pinky_01_l": {
      "name": "pinky_01_l",
      "local": {
        "location": {
          "x": 0.0,
          "y": 0.0,
          "z": 0.0
        },
        "rotation_quaternion": {
          "w": 0.9603809118270874,
          "x": 0.277886301279068,
          "y": -0.01805003359913826,
          "z": 0.011042260564863682
        },
        "scale": {
          "x": 1.0,
          "y": 1.0,
          "z": 1.0
        },
        "matrix_basis": [
          [
            0.9991044998168945,
            -0.031241266056895256,
            -0.028532829135656357,
            0.0
          ],
          [
            0.011177838779985905,
            0.8453145623207092,
            -0.5341520309448242,
            0.0
          ],
          [
            0.04080680012702942,
            0.5333547592163086,
            0.8449068069458008,
            0.0
          ],
          [
            0.0,
            0.0,
            0.0,
            1.0
          ]
        ],
        "rotation_mode": "QUATERNION"
      },
      "armature_space": {
        "head": {
          "x": 0.7708557844161987,
          "y": -0.25985679030418396,
          "z": 0.2818102240562439
        },
