{
  "metadata": {
    "armature_name": "KIM_caucasian_male",
    "export_time": "2026-01-13T21:16:35.227945",
    "blender_version": "4.4.1",
    "bone_count": 56,
    "end_bone_count": 13,
    "spaces_included": [
      "LOCAL_CHANNELS",
      "ARMATURE_SPACE",
      "WORLD_SPACE"
    ],
    "note": "LOCAL matches Transform panel; replay pose via local.matrix_basis for best fidelity."
  },
  "bones": {
    "Root": {
      "name": "Root",
      "local": {
        "location": {
          "x": 0.0,
          "y": 0.0,
          "z": 0.0
        },
        "rotation_quaternion": {
          "w": 0.9997462034225464,
          "x": 0.014093450270593166,
          "y": 0.01585748791694641,
          "z": 0.007586002349853516
        },
        "scale": {
          "x": 1.0,
          "y": 1.0,
          "z": 1.0
        },
        "matrix_basis": [
          [
            0.999381959438324,
            -0.014721180312335491,
            0.03192075341939926,
            0.0
          ],
          [
            0.015615127980709076,
            0.9994876384735107,
            -0.02793915756046772,
            0.0
          ],
          [
            -0.03149310126900673,
            0.028420336544513702,
            0.999099850654602,
            0.0
          ],
          [
            0.0,
            0.0,
            0.0,
            1.0
          ]
        ],
        "rotation_mode": "QUATERNION"
      },
      "armature_space": {
        "head": {
          "x": 0.0,
          "y": 0.07072800397872925,
          "z": -0.009595036506652832
        },
        "tail": {
          "x": -0.0010507369879633188,
          "y": -0.0002364516258239746,
          "z": -0.00201504398137331
        }
      },
      "world_space": {
        "head": {
          "x": 0.0,
          "y": 0.13397200405597687,
          "z": 0.9402589797973633
        },
        "tail": {
          "x": -0.0010507369879633188,
          "y": 0.06300754845142365,
          "z": 0.9478389620780945
        },
        "rotation_quaternion": {
          "w": 0.05328911915421486,
          "x": 0.9984244108200073,
          "y": -0.006500483490526676,
          "z": 0.016332518309354782
        },
        "matrix": [
          [
            0.999381959438324,
            -0.014721180312335491,
            0.03192075341939926,
            0.0
          ],
          [
            -0.011239783838391304,
            -0.9942359924316406,
            -0.10662312060594559,
            0.13397200405597687
          ],
          [
            0.03330660238862038,
            0.106198251247406,
            -0.9937940835952759,
            0.9402589797973633
          ],
          [
            0.0,
            0.0,
            0.0,
            1.0
          ]
        ]
      },
      "bone_length_armature_space": 0.07137586705221798,
      "parent": null,
      "has_children": true,
      "is_end_bone": false
    },
    "spine_01": {
      "name": "spine_01",
      "local": {
        "location": {
          "x": 0.0,
          "y": 0.0,
          "z": 0.0
        },
        "rotation_quaternion": {
          "w": 0.994626522064209,
          "x": 0.08196675777435303,
          "y": -0.03633474186062813,
          "z": 0.051761727780103683
        },
        "scale": {
          "x": 1.0,
          "y": 1.0,
          "z": 1.0
        },
        "matrix_basis": [
          [
            0.9920009970664978,
            -0.10892365872859955,
            -0.06379351019859314,
            0.0
          ],
          [
            0.09701069444417953,
            0.9812043309211731,
            -0.16681411862373352,
            0.0
          ],
          [
            0.08076447993516922,
            0.1592911183834076,
            0.9839224815368652,
            0.0
          ],
          [
            0.0,
            0.0,
            0.0,
            1.0
          ]
        ],
        "rotation_mode": "QUATERNION"
      },
      "armature_space": {
        "head": {
          "x": -0.0010507369879633188,
          "y": -0.0002364516258239746,
          "z": -0.00201504398137331
        },
        "tail": {
          "x": -0.0709398090839386,
          "y": -0.06837765127420425,
          "z": 0.47612786293029785
        }
      },
      "world_space": {
        "head": {
          "x": -0.0010507369879633188,
          "y": 0.06300754845142365,
          "z": 0.9478389620780945
        },
        "tail": {
          "x": -0.0709398090839386,
          "y": -0.0051336511969566345,
          "z": 1.425981879234314
        },
        "rotation_quaternion": {
          "w": 0.6513134837150574,
          "x": 0.7545866370201111,
          "y": -0.07729078084230423,
          "z": 0.020396996289491653
        },
        "matrix": [
          [
            0.987220048904419,
            -0.14321494102478027,
            -0.06989932805299759,
            -0.0010507369879633188
          ],
          [
            -0.09007631242275238,
            -0.13963325321674347,
            -0.9860978126525879,
            0.06300754845142365
          ],
          [
            0.13146449625492096,
            0.9797986149787903,
            -0.1507510095834732,
            0.9478389620780945
          ],
          [
            0.0,
            0.0,
            0.0,
            1.0
          ]
        ]
      },
      "bone_length_armature_space": 0.4880044605618184,
      "parent": "Root",
      "has_children": true,
      "is_end_bone": false
    },
    "neck_01": {
      "name": "neck_01",
      "local": {
        "location": {
          "x": 0.0,
          "y": 0.0,
          "z": 0.0
        },
        "rotation_quaternion": {
          "w": 0.9923930168151855,
          "x": 0.008016262203454971,
          "y": 0.0724794864654541,
          "z": 0.09919027239084244
        },
        "scale": {
          "x": 1.0,
          "y": 1.0,
          "z": 1.0
        },
        "matrix_basis": [
          [
            0.9698160290718079,
            -0.1957094371318817,
            0.1454465389251709,
            0.0
          ],
          [
            0.19803349673748016,
            0.9801940321922302,
            -0.001532045309431851,
            0.0
          ],
          [
            -0.14226600527763367,
            0.03028908558189869,
            0.9893649220466614,
            0.0
          ],
          [
            0.0,
            0.0,
            0.0,
            1.0
          ]
        ],
        "rotation_mode": "QUATERNION"
      },
      "armature_space": {
        "head": {
          "x": -0.08384992182254791,
          "y": -0.11279968917369843,
          "z": 0.5426391363143921
        },
        "tail": {
          "x": -0.11967599391937256,
          "y": -0.164255291223526,
          "z": 0.6237533688545227
        }
      },
      "world_space": {
        "head": {
          "x": -0.08384992182254791,
          "y": -0.049555689096450806,
          "z": 1.4924931526184082
        },
        "tail": {
          "x": -0.11967599391937256,
          "y": -0.10101129114627838,
          "z": 1.5736074447631836
        },
        "rotation_quaternion": {
          "w": 0.4839799702167511,
          "x": 0.8541485667228699,
          "y": -0.12170695513486862,
          "z": 0.1462230086326599
        },
        "matrix": [
          [
            0.9276125431060791,
            -0.34944987297058105,
            0.13198351860046387,
            -0.08384992182254791
          ],
          [
            -0.06637486815452576,
            -0.501901388168335,
            -0.8623744249343872,
            -0.049555689096450806
          ],
          [
            0.36760181188583374,
            0.7911938428878784,
            -0.4887690544128418,
            1.4924931526184082
          ],
          [
            0.0,
            0.0,
            0.0,
            1.0
          ]
        ]
      },
      "bone_length_armature_space": 0.10252173084287473,
      "parent": "spine_01",
      "has_children": true,
      "is_end_bone": false
    },
    "head": {
      "name": "head",
      "local": {
        "location": {
          "x": 0.0,
          "y": 0.0,
          "z": 0.0
        },
        "rotation_quaternion": {
          "w": 0.99013352394104,
          "x": -0.028713520616292953,
          "y": 0.13555534183979034,
          "z": -0.020877249538898468
        },
        "scale": {
          "x": 1.0,
          "y": 1.0,
          "z": 1.0
        },
        "matrix_basis": [
          [
            0.9623777866363525,
            0.033557988703250885,
            0.2696346938610077,
            0.0
          ],
          [
            -0.04912707209587097,
            0.9974793195724487,
            0.051200393587350845,
            0.0
          ],
          [
            -0.2672368586063385,
            -0.06252048164606094,
            0.9616005420684814,
            0.0
          ],
          [
            0.0,
            0.0,
            0.0,
            1.0
          ]
        ],
        "rotation_mode": "QUATERNION"
      },
      "armature_space": {
        "head": {
          "x": -0.11967594176530838,
          "y": -0.16425538063049316,
          "z": 0.6237532496452332
        },
        "tail": {
          "x": -0.1726658195257187,
          "y": -0.1792222112417221,
          "z": 0.7687405943870544
        }
      },
      "world_space": {
        "head": {
          "x": -0.11967594176530838,
          "y": -0.10101138055324554,
          "z": 1.5736072063446045
        },
        "tail": {
          "x": -0.1726658195257187,
          "y": -0.11597821116447449,
          "z": 1.7185945510864258
        },
        "rotation_quaternion": {
          "w": 0.6703848242759705,
          "x": 0.7119131684303284,
          "y": -0.04829331859946251,
          "z": 0.20354735851287842
        },
        "matrix": [
          [
            0.9124729037284851,
            -0.341671347618103,
            0.2250639796257019,
            -0.11967594176530838
          ],
          [
            0.20414681732654572,
            -0.09650398790836334,
            -0.9741721749305725,
            -0.10101138055324554
          ],
          [
            0.3545689880847931,
            0.9348581433296204,
            -0.018307358026504517,
            1.5736072063446045
          ],
          [
            0.0,
            0.0,
            0.0,
            1.0
          ]
        ]
      },
      "bone_length_armature_space": 0.15509114683703598,
      "parent": "neck_01",
      "has_children": false,
      "is_end_bone": true
    },
    "upperarm_l": {
      "name": "upperarm_l",
      "local": {
        "location": {
          "x": 0.0,
          "y": 0.0,
          "z": 0.0
        },
        "rotation_quaternion": {
          "w": 0.8002268671989441,
          "x": 0.517753541469574,
          "y": 0.03906285762786865,
          "z": 0.3000706434249878
        },
        "scale": {
          "x": 1.0,
          "y": 1.0,
          "z": 1.0
        },
        "matrix_basis": [
          [
            0.8168634176254272,
            -0.43979930877685547,
            0.3732435703277588,
            0.0
          ],
          [
            0.5206990242004395,
            0.28377777338027954,
            -0.8051973581314087,
            0.0
          ],
          [
            0.2482069730758667,
            0.8520838022232056,
            0.46081072092056274,
            0.0
          ],
          [
            0.0,
            0.0,
            0.0,
            1.0
          ]
        ],
        "rotation_mode": "QUATERNION"
      },
      "armature_space": {
        "head": {
          "x": 0.07363532483577728,
          "y": -0.12007149308919907,
          "z": 0.49602794647216797
        },
        "tail": {
          "x": 0.12824271619319916,
          "y": -0.3681405782699585,
          "z": 0.5813945531845093
        }
      },
      "world_space": {
        "head": {
          "x": 0.07363532483577728,
          "y": -0.05682749301195145,
          "z": 1.445881962776184
        },
        "tail": {
          "x": 0.12824271619319916,
          "y": -0.30489659309387207,
          "z": 1.5312485694885254
        },
        "rotation_quaternion": {
          "w": 0.19168613851070404,
          "x": 0.8763421773910522,
          "y": 0.019704973325133324,
          "z": -0.4414665102958679
        },
        "matrix": [
          [
            0.6094383001327515,
            0.20378218591213226,
            -0.7661969065666199,
            0.07363532483577728
          ],
          [
            -0.13470947742462158,
            -0.9257365465164185,
            -0.35336315631866455,
            -0.05682749301195145
          ],
          [
            -0.7813111543655396,
            0.3185683488845825,
            -0.5367318987846375,
            1.445881962776184
          ],
          [
            0.0,
            0.0,
            0.0,
            1.0
          ]
        ]
      },
      "bone_length_armature_space": 0.2679695743153297,
      "parent": "spine_01",
      "has_children": true,
      "is_end_bone": false
    },
    "lowerarm_l": {
      "name": "lowerarm_l",
      "local": {
        "location": {
          "x": 0.0,
          "y": 0.0,
          "z": 0.0
        },
        "rotation_quaternion": {
          "w": 0.8417584896087646,
          "x": 0.5051915049552917,
          "y": -0.12037993967533112,
          "z": 0.14742138981819153
        },
        "scale": {
          "x": 1.0,
          "y": 1.0,
          "z": 1.0
        },
        "matrix_basis": [
          [
            0.9275512099266052,
            -0.36981627345085144,
            -0.05370960384607315,
            0.0
          ],
          [
            0.12655656039714813,
            0.4460969567298889,
            -0.885991632938385,
            0.0
          ],
          [
            0.35161373019218445,
            0.8150053024291992,
            0.460580438375473,
            0.0
          ],
          [
            0.0,
            0.0,
            0.0,
            1.0
          ]
        ],
        "rotation_mode": "QUATERNION"
      },
      "armature_space": {
        "head": {
          "x": 0.128242626786232,
          "y": -0.36814066767692566,
          "z": 0.581394612789154
        },
        "tail": {
          "x": -0.10098014771938324,
          "y": -0.5047915577888489,
          "z": 0.6001781821250916
        }
      },
      "world_space": {
        "head": {
          "x": 0.128242626786232,
          "y": -0.30489665269851685,
          "z": 1.5312485694885254
        },
        "tail": {
          "x": -0.10098014771938324,
          "y": -0.44154757261276245,
          "z": 1.550032138824463
        },
        "rotation_quaternion": {
          "w": 0.23469799757003784,
          "x": -0.7287994027137756,
          "y": 0.43533578515052795,
          "z": 0.47355151176452637
        },
        "matrix": [
          [
            0.1724626123905182,
            -0.8568291664123535,
            -0.4859018921852112,
            0.128242626786232
          ],
          [
            -0.41226258873939514,
            -0.5107976198196411,
            0.7544041275978088,
            -0.30489665269851685
          ],
          [
            -0.894599437713623,
            0.07021263241767883,
            -0.4413343667984009,
            1.5312485694885254
          ],
          [
            0.0,
            0.0,
            0.0,
            1.0
          ]
        ]
      },
      "bone_length_armature_space": 0.2675245228734989,
      "parent": "upperarm_l",
      "has_children": true,
      "is_end_bone": false
    },
    "metacarpal_thumb_l": {
      "name": "metacarpal_thumb_l",
      "local": {
        "location": {
          "x": 0.0,
          "y": 0.0,
          "z": 0.0
        },
        "rotation_quaternion": {
          "w": 0.9998066425323486,
          "x": -0.0005022035911679268,
          "y": -0.01687718741595745,
          "z": 0.010083971545100212
        },
        "scale": {
          "x": 1.0,
          "y": 1.0,
          "z": 1.0
        },
        "matrix_basis": [
          [
            0.9992269277572632,
            -0.020147092640399933,
            -0.033757977187633514,
            0.0
          ],
          [
            0.020180994644761086,
            0.9997961521148682,
            0.0006638347986154258,
            0.0
          ],
          [
            0.03373771905899048,
            -0.0013445911463350058,
            0.9994298219680786,
            0.0
          ],
          [
            0.0,
            0.0,
            0.0,
            1.0
          ]
        ],
        "rotation_mode": "QUATERNION"
      },
      "armature_space": {
        "head": {
          "x": -0.10098014771938324,
          "y": -0.5047915577888489,
          "z": 0.6001781821250916
        },
        "tail": {
          "x": -0.1469353437423706,
          "y": -0.5055253505706787,
          "z": 0.5817073583602905
        }
      },
      "world_space": {
        "head": {
          "x": -0.10098014771938324,
          "y": -0.44154757261276245,
          "z": 1.550032138824463
        },
        "tail": {
          "x": -0.1469353437423706,
          "y": -0.4422813653945923,
          "z": 1.5315613746643066
        },
        "rotation_quaternion": {
          "w": 0.021326173096895218,
          "x": -0.6687036752700806,
          "y": 0.701525866985321,
          "z": -0.24544256925582886
        },
        "matrix": [
          [
            -0.10475975275039673,
            -0.9277566075325012,
            0.3581799864768982,
            -0.10098014771938324
          ],
          [
            -0.9486952424049377,
            -0.014814488589763641,
            -0.31584495306015015,
            -0.44154757261276245
          ],
          [
            0.29833468794822693,
            -0.3728939890861511,
            -0.878612756729126,
            1.550032138824463
          ],
          [
            0.0,
            0.0,
            0.0,
            1.0
          ]
        ]
      },
      "bone_length_armature_space": 0.049533724886267574,
      "parent": "lowerarm_l",
      "has_children": true,
      "is_end_bone": false
    },
    "thumb_01_l": {
      "name": "thumb_01_l",
      "local": {
        "location": {
          "x": 0.0,
          "y": 0.0,
          "z": 0.0
        },
        "rotation_quaternion": {
          "w": 0.9872750043869019,
          "x": 0.15889765322208405,
          "y": 0.006263226270675659,
          "z": 0.000621381273958832
        },
        "scale": {
          "x": 1.0,
          "y": 1.0,
          "z": 1.0
        },
        "matrix_basis": [
          [
            0.9999207854270935,
            0.0007634754874743521,
            0.012564525939524174,
            0.0
          ],
          [
            0.0032173723448067904,
            0.9495022892951965,
            -0.31374359130859375,
            0.0
          ],
          [
            -0.012169581837952137,
            0.3137591481208801,
            0.9494246244430542,
            0.0
          ],
          [
            0.0,
            0.0,
            0.0,
            1.0
          ]
        ],
        "rotation_mode": "QUATERNION"
      },
      "armature_space": {
        "head": {
          "x": -0.1469353437423706,
          "y": -0.5055253505706787,
          "z": 0.5817073583602905
        },
        "tail": {
          "x": -0.15936529636383057,
          "y": -0.5200581550598145,
          "z": 0.5535483360290527
        }
      },
      "world_space": {
        "head": {
          "x": -0.1469353437423706,
          "y": -0.4422813653945923,
          "z": 1.5315613746643066
        },
        "tail": {
          "x": -0.15936529636383057,
          "y": -0.456814169883728,
          "z": 1.5034023523330688
        },
        "rotation_quaternion": {
          "w": 0.1721973419189453,
          "x": 0.07438524067401886,
          "y": -0.506825864315033,
          "z": 0.841393232345581
        },
        "matrix": [
          [
            -0.9296294450759888,
            -0.3651723563671112,
            -0.0493752658367157,
            -0.1469353437423706
          ],
          [
            0.21437233686447144,
            -0.42695164680480957,
            -0.8784971237182617,
            -0.4422813653945923
          ],
          [
            0.2997243106365204,
            -0.8272677659988403,
            0.4751921594142914,
            1.5315613746643066
          ],
          [
            0.0,
            0.0,
            0.0,
            1.0
          ]
        ]
      },
      "bone_length_armature_space": 0.034038752540564196,
      "parent": "metacarpal_thumb_l",
      "has_children": true,
      "is_end_bone": false
    },
    "thumb_02_l": {
      "name": "thumb_02_l",
      "local": {
        "location": {
          "x": 0.0,
          "y": 0.0,
          "z": 0.0
        },
        "rotation_quaternion": {
          "w": 0.9401286840438843,
          "x": 0.34070736169815063,
          "y": -0.004779436159878969,
          "z": -0.007325238082557917
        },
        "scale": {
          "x": 1.0,
          "y": 1.0,
          "z": 1.0
        },
        "matrix_basis": [
          [
            0.9998469948768616,
            0.010516555048525333,
            -0.013978094793856144,
            0.0
          ],
          [
            -0.017030110582709312,
            0.767729640007019,
            -0.640547513961792,
            0.0
          ],
          [
            0.003995045088231564,
            0.6406875252723694,
            0.7677913308143616,
            0.0
          ],
          [
            0.0,
            0.0,
            0.0,
            1.0
          ]
        ],
        "rotation_mode": "QUATERNION"
      },
      "armature_space": {
        "head": {
          "x": -0.15936525166034698,
          "y": -0.5200580954551697,
          "z": 0.5535483360290527
        },
        "tail": {
          "x": -0.1830330789089203,
          "y": -0.5367594361305237,
          "z": 0.5813707709312439
        }
      },
      "world_space": {
        "head": {
          "x": -0.15936525166034698,
          "y": -0.45681411027908325,
          "z": 1.5034023523330688
        },
        "tail": {
          "x": -0.1830330789089203,
          "y": -0.47351545095443726,
          "z": 1.5312247276306152
        },
        "rotation_quaternion": {
          "w": 0.4223618507385254,
          "x": 0.16069835424423218,
          "y": 0.33719176054000854,
          "z": 0.8258863687515259
        },
        "matrix": [
          [
            -0.5915716886520386,
            -0.5892736911773682,
            0.5502718687057495,
            -0.15936525166034698
          ],
          [
            0.8060190677642822,
            -0.4158238470554352,
            0.4212173819541931,
            -0.45681411027908325
          ],
          [
            -0.01939554326236248,
            0.6927143931388855,
            0.7209609150886536,
            1.5034023523330688
          ],
          [
            0.0,
            0.0,
            0.0,
            1.0
          ]
        ]
      },
      "bone_length_armature_space": 0.04016452053240564,
      "parent": "thumb_01_l",
      "has_children": true,
      "is_end_bone": false
    },
    "thumb_03_l": {
      "name": "thumb_03_l",
      "local": {
        "location": {
          "x": 0.0,
          "y": 0.0,
          "z": 0.0
        },
        "rotation_quaternion": {
          "w": 0.9824097156524658,
          "x": 0.1865563839673996,
          "y": 0.006668378598988056,
          "z": 0.004861027933657169
        },
        "scale": {
          "x": 1.0,
          "y": 1.0,
          "z": 1.0
        },
        "matrix_basis": [
          [
            0.9998638033866882,
            -0.007062985096126795,
            0.014915871433913708,
            0.0
          ],
          [
            0.012039098888635635,
            0.9303461909294128,
            -0.36648479104042053,
            0.0
          ],
          [
            -0.011288448236882687,
            0.366614431142807,
            0.9303044676780701,
            0.0
          ],
          [
            0.0,
            0.0,
            0.0,
            1.0
          ]
        ],
        "rotation_mode": "QUATERNION"
      },
      "armature_space": {
        "head": {
          "x": -0.18303310871124268,
          "y": -0.5367593765258789,
          "z": 0.5813707113265991
        },
        "tail": {
          "x": -0.18751318752765656,
          "y": -0.5398865938186646,
          "z": 0.6113215684890747
        }
      },
      "world_space": {
        "head": {
          "x": -0.18303310871124268,
          "y": -0.4735153913497925,
          "z": 1.5312247276306152
        },
        "tail": {
          "x": -0.18751318752765656,
          "y": -0.4766426086425781,
          "z": 1.5611755847930908
        },
        "rotation_quaternion": {
          "w": 0.21213467419147491,
          "x": 0.12838825583457947,
          "y": 0.6353263258934021,
          "z": 0.7313520908355713
        },
        "matrix": [
          [
            -0.8770301938056946,
            -0.1471535712480545,
            0.45734405517578125,
            -0.18303310871124268
          ],
          [
            0.47342777252197266,
            -0.10271814465522766,
            0.8748230934143066,
            -0.4735153913497925
          ],
          [
            -0.08175589144229889,
            0.9837725162506104,
            0.15975546836853027,
            1.5312247276306152
          ],
          [
            0.0,
            0.0,
            0.0,
            1.0
          ]
        ]
      },
      "bone_length_armature_space": 0.030445105613375083,
      "parent": "thumb_02_l",
      "has_children": false,
      "is_end_bone": true
    },
    "metacarpal_index_l": {
      "name": "metacarpal_index_l",
      "local": {
        "location": {
          "x": 0.0,
          "y": 0.0,
          "z": 0.0
        },
        "rotation_quaternion": {
          "w": 0.9997598528862,
          "x": -0.0076500545255839825,
          "y": 0.009372665546834469,
          "z": -0.018274663016200066
        },
        "scale": {
          "x": 1.0,
          "y": 1.0,
          "z": 1.0
        },
        "matrix_basis": [
          [
            0.9991563558578491,
            0.036397144198417664,
            0.019020434468984604,
            0.0
          ],
          [
            -0.03668395057320595,
            0.9992150068283081,
            0.014953870326280594,
            0.0
          ],
          [
            -0.01846122555434704,
            -0.01563899964094162,
            0.9997072815895081,
            0.0
          ],
          [
            0.0,
            0.0,
            0.0,
            1.0
          ]
        ],
        "rotation_mode": "QUATERNION"
      },
      "armature_space": {
        "head": {
          "x": -0.10098014771938324,
          "y": -0.5047915577888489,
          "z": 0.6001781821250916
        },
        "tail": {
          "x": -0.2115856111049652,
          "y": -0.5415123701095581,
          "z": 0.588044285774231
        }
      },
      "world_space": {
        "head": {
          "x": -0.10098014771938324,
          "y": -0.44154757261276245,
          "z": 1.550032138824463
        },
        "tail": {
          "x": -0.2115856111049652,
          "y": -0.4782683849334717,
          "z": 1.537898302078247
        },
        "rotation_quaternion": {
          "w": 0.08308035880327225,
          "x": -0.8099267482757568,
          "y": 0.5800008773803711,
          "z": 0.026744145900011063
        },
        "matrix": [
          [
            0.32576727867126465,
            -0.9439603090286255,
            0.053052905946969986,
            -0.10098014771938324
          ],
          [
            -0.9350729584693909,
            -0.3133930265903473,
            0.16560052335262299,
            -0.44154757261276245
          ],
          [
            -0.13969579339027405,
            -0.10355661064386368,
            -0.9847716689109802,
            1.550032138824463
          ],
          [
            0.0,
            0.0,
            0.0,
            1.0
          ]
        ]
      },
      "bone_length_armature_space": 0.11717174518498594,
      "parent": "lowerarm_l",
      "has_children": true,
      "is_end_bone": false
    },
    "index_01_l": {
      "name": "index_01_l",
      "local": {
        "location": {
          "x": 0.0,
          "y": 0.0,
          "z": 0.0
        },
        "rotation_quaternion": {
          "w": 0.9632532000541687,
          "x": 0.2673381567001343,
          "y": -0.024321919307112694,
          "z": 0.009064322337508202
        },
        "scale": {
          "x": 1.0,
          "y": 1.0,
          "z": 1.0
        },
        "matrix_basis": [
          [
            0.9986525774002075,
            -0.030466828495264053,
            -0.042009856551885605,
            0.0
          ],
          [
            0.00445812102407217,
            0.8568962812423706,
            -0.5154696106910706,
            0.0
          ],
          [
            0.05170281231403351,
            0.5145877599716187,
            0.8558775186538696,
            0.0
          ],
          [
            0.0,
            0.0,
            0.0,
            1.0
          ]
        ],
        "rotation_mode": "QUATERNION"
      },
      "armature_space": {
        "head": {
          "x": -0.2115856111049652,
          "y": -0.5415123701095581,
          "z": 0.588044285774231
        },
        "tail": {
          "x": -0.23164582252502441,
          "y": -0.5552808046340942,
          "z": 0.5731751918792725
        }
      },
      "world_space": {
        "head": {
          "x": -0.2115856111049652,
          "y": -0.4782683849334717,
          "z": 1.537898302078247
        },
        "tail": {
          "x": -0.23164582252502441,
          "y": -0.4920368194580078,
          "z": 1.5230292081832886
        },
        "rotation_quaternion": {
          "w": 0.27471593022346497,
          "x": -0.8591242432594299,
          "y": 0.42790329456329346,
          "z": -0.05775381252169609
        },
        "matrix": [
          [
            0.6271255612373352,
            -0.7035126090049744,
            0.3343407213687897,
            -0.2115856111049652
          ],
          [
            -0.7669771313667297,
            -0.48285937309265137,
            0.42260274291038513,
            -0.4782683849334717
          ],
          [
            -0.13586843013763428,
            -0.5214607119560242,
            -0.8423970341682434,
            1.537898302078247
          ],
          [
            0.0,
            0.0,
            0.0,
            1.0
          ]
        ]
      },
      "bone_length_armature_space": 0.02851441449991048,
      "parent": "metacarpal_index_l",
      "has_children": true,
      "is_end_bone": false
    },
    "index_02_l": {
      "name": "index_02_l",
      "local": {
        "location": {
          "x": 0.0,
          "y": 0.0,
          "z": 0.0
        },
        "rotation_quaternion": {
          "w": 0.9080500602722168,
          "x": 0.4187828004360199,
          "y": 0.006284201052039862,
          "z": 0.005148288328200579
        },
        "scale": {
          "x": 1.0,
          "y": 1.0,
          "z": 1.0
        },
        "matrix_basis": [
          [
            0.9998680353164673,
            -0.004086376633495092,
            0.01572476699948311,
            0.0
          ],
          [
            0.014613237231969833,
            0.6491889357566833,
            -0.7604867815971375,
            0.0
          ],
          [
            -0.007100709248334169,
            0.7606161832809448,
            0.6491629481315613,
            0.0
          ],
          [
            0.0,
            0.0,
            0.0,
            1.0
          ]
        ],
        "rotation_mode": "QUATERNION"
      },
      "armature_space": {
        "head": {
          "x": -0.23164615035057068,
          "y": -0.5552806854248047,
          "z": 0.573174774646759
        },
        "tail": {
          "x": -0.23807671666145325,
          "y": -0.5550283789634705,
          "z": 0.548341691493988
        }
      },
      "world_space": {
        "head": {
          "x": -0.23164615035057068,
          "y": -0.49203670024871826,
          "z": 1.52302885055542
        },
        "tail": {
          "x": -0.23807671666145325,
          "y": -0.49178439378738403,
          "z": 1.4981956481933594
        },
        "rotation_quaternion": {
          "w": 0.6099067330360413,
          "x": -0.6751574873924255,
          "y": 0.3645974099636078,
          "z": -0.1981029212474823
        },
        "matrix": [
          [
            0.655646562576294,
            -0.2506726086139679,
            0.7122436165809631,
            -0.23164615035057068
          ],
          [
            -0.7339714169502258,
            0.009835422039031982,
            0.6791092157363892,
            -0.49203670024871826
          ],
          [
            -0.17724120616912842,
            -0.9680288434028625,
            -0.17753863334655762,
            1.52302885055542
          ],
          [
            0.0,
            0.0,
            0.0,
            1.0
          ]
        ]
      },
      "bone_length_armature_space": 0.02565341767089896,
      "parent": "index_01_l",
      "has_children": true,
      "is_end_bone": false
    },
    "index_03_l": {
      "name": "index_03_l",
      "local": {
        "location": {
          "x": 0.0,
          "y": 0.0,
          "z": 0.0
        },
        "rotation_quaternion": {
          "w": 0.9702472686767578,
          "x": 0.24205440282821655,
          "y": 0.005454339552670717,
          "z": 0.0004352154501248151
        },
        "scale": {
          "x": 1.0,
          "y": 1.0,
          "z": 1.0
        },
        "matrix_basis": [
          [
            0.9999400973320007,
            0.0017959605902433395,
            0.01079480815678835,
            0.0
          ],
          [
            0.003485027002170682,
            0.8828189373016357,
            -0.46970048546791077,
            0.0
          ],
          [
            -0.010373424738645554,
            0.46970999240875244,
            0.8827598094940186,
            0.0
          ],
          [
            0.0,
            0.0,
            0.0,
            1.0
          ]
        ],
        "rotation_mode": "QUATERNION"
      },
      "armature_space": {
        "head": {
          "x": -0.2380768358707428,
          "y": -0.55502849817276,
          "z": 0.548341691493988
        },
        "tail": {
          "x": -0.23066873848438263,
          "y": -0.5464239716529846,
          "z": 0.521419107913971
        }
      },
      "world_space": {
        "head": {
          "x": -0.2380768358707428,
          "y": -0.4917845129966736,
          "z": 1.4981956481933594
        },
        "tail": {
          "x": -0.23066873848438263,
          "y": -0.4831799864768982,
          "z": 1.4712731838226318
        },
        "rotation_quaternion": {
          "w": 0.7557317018508911,
          "x": -0.4838908612728119,
          "y": 0.27588626742362976,
          "z": -0.34439241886138916
        },
        "matrix": [
          [
            0.6105605959892273,
            0.25353965163230896,
            0.7502889037132263,
            -0.2380768358707428
          ],
          [
            -0.7875348329544067,
            0.29448628425598145,
            0.5413563847541809,
            -0.4917845129966736
          ],
          [
            -0.08369579911231995,
            -0.9214158058166504,
            0.3794761896133423,
            1.4981956481933594
          ],
          [
            0.0,
            0.0,
            0.0,
            1.0
          ]
        ]
      },
      "bone_length_armature_space": 0.029218885432316107,
      "parent": "index_02_l",
      "has_children": false,
      "is_end_bone": true
    },
    "metacarpal_pinky_l": {
      "name": "metacarpal_pinky_l",
      "local": {
        "location": {
          "x": 0.0,
          "y": 0.0,
          "z": 0.0
        },
        "rotation_quaternion": {
          "w": 0.9983209371566772,
          "x": -0.056667257100343704,
          "y": 0.01183654461055994,
          "z": -0.0020034327171742916
        },
        "scale": {
          "x": 1.0,
          "y": 1.0,
          "z": 1.0
        },
        "matrix_basis": [
          [
            0.9997117519378662,
            0.0026586486492305994,
            0.023860398679971695,
            0.0
          ],
          [
            -0.005341626703739166,
            0.9935696125030518,
            0.11309678852558136,
            0.0
          ],
          [
            -0.02340628206729889,
            -0.1131916493177414,
            0.9932974576950073,
            0.0
          ],
          [
            0.0,
            0.0,
            0.0,
            1.0
          ]
        ],
        "rotation_mode": "QUATERNION"
      },
      "armature_space": {
        "head": {
          "x": -0.10098014771938324,
          "y": -0.5047915577888489,
          "z": 0.6001781821250916
        },
        "tail": {
          "x": -0.16597190499305725,
          "y": -0.5853739380836487,
          "z": 0.6113927960395813
        }
      },
      "world_space": {
        "head": {
          "x": -0.10098014771938324,
          "y": -0.44154757261276245,
          "z": 1.550032138824463
        },
        "tail": {
          "x": -0.16597190499305725,
          "y": -0.5221299529075623,
          "z": 1.5612468719482422
        },
        "rotation_quaternion": {
          "w": 0.2944832444190979,
          "x": -0.3077711760997772,
          "y": 0.16232824325561523,
          "z": 0.8900596499443054
        },
        "matrix": [
          [
            -0.6371129155158997,
            -0.6241360306739807,
            -0.452262818813324,
            -0.10098014771938324
          ],
          [
            0.4242955446243286,
            -0.7738577127456665,
            0.47023168206214905,
            -0.44154757261276245
          ],
          [
            -0.6434795260429382,
            0.10769753903150558,
            0.7578583359718323,
            1.550032138824463
          ],
          [
            0.0,
            0.0,
            0.0,
            1.0
          ]
        ]
      },
      "bone_length_armature_space": 0.10413076334132493,
      "parent": "lowerarm_l",
      "has_children": true,
      "is_end_bone": false
    },
    "pinky_01_l": {
      "name": "pinky_01_l",
      "local": {
        "location": {
          "x": 0.0,
          "y": 0.0,
          "z": 0.0
        },
        "rotation_quaternion": {
          "w": 0.9387585520744324,
          "x": 0.34424006938934326,
          "y": 0.004547671414911747,
          "z": -0.014506904408335686
        },
        "scale": {
          "x": 1.0,
          "y": 1.0,
          "z": 1.0
        },
        "matrix_basis": [
          [
            0.9995377659797668,
            0.03036794252693653,
            -0.0014493847265839577,
            0.0
          ],
          [
            -0.02410597912967205,
            0.7625766396522522,
            -0.64644855260849,
            0.0
          ],
          [
            -0.018526045605540276,
            0.6461846828460693,
            0.7629562020301819,
            0.0
          ],
          [
            0.0,
            0.0,
            0.0,
            1.0
          ]
        ],
        "rotation_mode": "QUATERNION"
      },
      "armature_space": {
        "head": {
          "x": -0.16597190499305725,
          "y": -0.5853739380836487,
          "z": 0.6113927960395813
