{
  "metadata": {
    "armature_name": "KIM_caucasian_male",
    "export_time": "2026-01-13T21:00:41.157545",
    "blender_version": "4.4.1",
    "bone_count": 56,
    "end_bone_count": 13,
    "spaces_included": [
      "LOCAL_CHANNELS",
      "ARMATURE_SPACE",
      "WORLD_SPACE"
    ],
    "note": "LOCAL matches Transform panel; replay pose via local.matrix_basis for best fidelity."
  },
  "bones": {
    "Root": {
      "name": "Root",
      "local": {
        "location": {
          "x": 0.0,
          "y": 0.0,
          "z": 0.0
        },
        "rotation_quaternion": {
          "w": 0.9995784759521484,
          "x": -0.0038448567502200603,
          "y": -0.006869707256555557,
          "z": -0.02794765681028366
        },
        "scale": {
          "x": 1.0,
          "y": 1.0,
          "z": 1.0
        },
        "matrix_basis": [
          [
            0.9983434677124023,
            0.05592457950115204,
            -0.013518713414669037,
            0.0
          ],
          [
            -0.05581892654299736,
            0.998408317565918,
            0.00807045679539442,
            0.0
          ],
          [
            0.0139485327526927,
            -0.00730248773470521,
            0.9998760223388672,
            0.0
          ],
          [
            0.0,
            0.0,
            0.0,
            1.0
          ]
        ],
        "rotation_mode": "QUATERNION"
      },
      "armature_space": {
        "head": {
          "x": 0.0,
          "y": 0.07072800397872925,
          "z": -0.009595036506652832
        },
        "tail": {
          "x": 0.003991665318608284,
          "y": 0.00018265098333358765,
          "z": 0.0005012219771742821
        }
      },
      "world_space": {
        "head": {
          "x": 0.0,
          "y": 0.13397200405597687,
          "z": 0.9402589797973633
        },
        "tail": {
          "x": 0.003991665318608284,
          "y": 0.06342665106058121,
          "z": 0.9503552317619324
        },
        "rotation_quaternion": {
          "w": 0.07117537409067154,
          "x": 0.997048556804657,
          "y": 0.0274213720113039,
          "z": -0.008736876770853996
        },
        "matrix": [
          [
            0.9983434677124023,
            0.05592457950115204,
            -0.013518713414669037,
            0.0
          ],
          [
            0.05343717336654663,
            -0.9883642196655273,
            -0.14241023361682892,
            0.13397200405597687
          ],
          [
            -0.021325742825865746,
            0.14145198464393616,
            -0.9897224307060242,
            0.9402589797973633
          ],
          [
            0.0,
            0.0,
            0.0,
            1.0
          ]
        ]
      },
      "bone_length_armature_space": 0.0713758698818111,
      "parent": null,
      "has_children": true,
      "is_end_bone": false
    },
    "spine_01": {
      "name": "spine_01",
      "local": {
        "location": {
          "x": 0.0,
          "y": 0.0,
          "z": 0.0
        },
        "rotation_quaternion": {
          "w": 0.996465802192688,
          "x": -0.02858908101916313,
          "y": 0.029602838680148125,
          "z": -0.07322711497545242
        },
        "scale": {
          "x": 1.0,
          "y": 1.0,
          "z": 1.0
        },
        "matrix_basis": [
          [
            0.9875229001045227,
            0.1442440003156662,
            0.06318342685699463,
            0.0
          ],
          [
            -0.1476292610168457,
            0.987640917301178,
            0.05264062061905861,
            0.0
          ],
          [
            -0.054809439927339554,
            -0.061311542987823486,
            0.9966126680374146,
            0.0
          ],
          [
            0.0,
            0.0,
            0.0,
            1.0
          ]
        ],
        "rotation_mode": "QUATERNION"
      },
      "armature_space": {
        "head": {
          "x": 0.003991665318608284,
          "y": 0.00018265098333358765,
          "z": 0.0005012219771742821
        },
        "tail": {
          "x": 0.08149658143520355,
          "y": 0.06024264171719551,
          "z": 0.47855374217033386
        }
      },
      "world_space": {
        "head": {
          "x": 0.003991665318608284,
          "y": 0.06342665106058121,
          "z": 0.9503552317619324
        },
        "tail": {
          "x": 0.08149658143520355,
          "y": 0.12348663806915283,
          "z": 1.4284077882766724
        },
        "rotation_quaternion": {
          "w": 0.7429870367050171,
          "x": 0.6618630290031433,
          "y": 0.09750290960073471,
          "z": -0.02002325840294361
        },
        "matrix": [
          [
            0.9801846146583557,
            0.15882115066051483,
            0.11838048696517944,
            0.003991665318608284
          ],
          [
            0.09931200742721558,
            0.12307344377040863,
            -0.9874158501625061,
            0.06342665106058121
          ],
          [
            -0.17139309644699097,
            0.9796133637428284,
            0.10486167669296265,
            0.9503552317619324
          ],
          [
            0.0,
            0.0,
            0.0,
            1.0
          ]
        ]
      },
      "bone_length_armature_space": 0.48800454572552004,
      "parent": "Root",
      "has_children": true,
      "is_end_bone": false
    },
    "neck_01": {
      "name": "neck_01",
      "local": {
        "location": {
          "x": 0.0,
          "y": 0.0,
          "z": 0.0
        },
        "rotation_quaternion": {
          "w": 0.9891492128372192,
          "x": -0.11639176309108734,
          "y": 0.05589227378368378,
          "z": -0.07009309530258179
        },
        "scale": {
          "x": 1.0,
          "y": 1.0,
          "z": 1.0
        },
        "matrix_basis": [
          [
            0.983925998210907,
            0.12565426528453827,
            0.12688811123371124,
            0.0
          ],
          [
            -0.15167586505413055,
            0.9630798101425171,
            0.22242231667041779,
            0.0
          ],
          [
            -0.09425508230924606,
            -0.23809297382831573,
            0.9666579961776733,
            0.0
          ],
          [
            0.0,
            0.0,
            0.0,
            1.0
          ]
        ],
        "rotation_mode": "QUATERNION"
      },
      "armature_space": {
        "head": {
          "x": 0.09723071753978729,
          "y": 0.035009875893592834,
          "z": 0.5539161562919617
        },
        "tail": {
          "x": 0.12764647603034973,
          "y": 0.03391135856509209,
          "z": 0.6518162488937378
        }
      },
      "world_space": {
        "head": {
          "x": 0.09723071753978729,
          "y": 0.09825387597084045,
          "z": 1.503770112991333
        },
        "tail": {
          "x": 0.12764647603034973,
          "y": 0.09715536236763,
          "z": 1.601670265197754
        },
        "rotation_quaternion": {
          "w": 0.6788100600242615,
          "x": 0.7104113101959229,
          "y": 0.1840086430311203,
          "z": -0.025952378287911415
        },
        "matrix": [
          [
            0.9309340715408325,
            0.2966773211956024,
            0.21294191479682922,
            0.09723071753978729
          ],
          [
            0.22621196508407593,
            -0.010715007781982422,
            -0.9740192294120789,
            0.09825387597084045
          ],
          [
            -0.28668949007987976,
            0.9549242854118347,
            -0.07708841562271118,
            1.503770112991333
          ],
          [
            0.0,
            0.0,
            0.0,
            1.0
          ]
        ]
      },
      "bone_length_armature_space": 0.10252196295412559,
      "parent": "spine_01",
      "has_children": true,
      "is_end_bone": false
    },
    "head": {
      "name": "head",
      "local": {
        "location": {
          "x": 0.0,
          "y": 0.0,
          "z": 0.0
        },
        "rotation_quaternion": {
          "w": 0.9911352396011353,
          "x": 0.039258506149053574,
          "y": -0.07600752264261246,
          "z": 0.10164996981620789
        },
        "scale": {
          "x": 1.0,
          "y": 1.0,
          "z": 1.0
        },
        "matrix_basis": [
          [
            0.9677802920341492,
            -0.20746561884880066,
            -0.14268621802330017,
            0.0
          ],
          [
            0.19552984833717346,
            0.9762520790100098,
            -0.09327330440282822,
            0.0
          ],
          [
            0.15864871442317963,
            0.06236865371465683,
            0.985363245010376,
            0.0
          ],
          [
            0.0,
            0.0,
            0.0,
            1.0
          ]
        ],
        "rotation_mode": "QUATERNION"
      },
      "armature_space": {
        "head": {
          "x": 0.12764647603034973,
          "y": 0.03391120582818985,
          "z": 0.651816189289093
        },
        "tail": {
          "x": 0.13072729110717773,
          "y": 0.0696633905172348,
          "z": 0.8026989102363586
        }
      },
      "world_space": {
        "head": {
          "x": 0.12764647603034973,
          "y": 0.09715520590543747,
          "z": 1.601670265197754
        },
        "tail": {
          "x": 0.13072729110717773,
          "y": 0.13290739059448242,
          "z": 1.7525529861450195
        },
        "rotation_quaternion": {
          "w": 0.7817741632461548,
          "x": 0.6191102862358093,
          "y": 0.0639643743634224,
          "z": 0.037950415164232254
        },
        "matrix": [
          [
            0.9889366626739502,
            0.019864682108163834,
            0.1470021903514862,
            0.12764647603034973
          ],
          [
            0.1385391652584076,
            0.23052509129047394,
            -0.9631538391113281,
            0.09715520590543747
          ],
          [
            -0.05302063003182411,
            0.9728706479072571,
            0.22522330284118652,
            1.601670265197754
          ],
          [
            0.0,
            0.0,
            0.0,
            1.0
          ]
        ]
      },
      "bone_length_armature_space": 0.15509128145691428,
      "parent": "neck_01",
      "has_children": false,
      "is_end_bone": true
    },
    "upperarm_l": {
      "name": "upperarm_l",
      "local": {
        "location": {
          "x": 0.0,
          "y": 0.0,
          "z": 0.0
        },
        "rotation_quaternion": {
          "w": 0.9820479154586792,
          "x": 0.12383142113685608,
          "y": -0.1270143985748291,
          "z": 0.06415017694234848
        },
        "scale": {
          "x": 1.0,
          "y": 1.0,
          "z": 1.0
        },
        "matrix_basis": [
          [
            0.9595041871070862,
            -0.15745383501052856,
            -0.2335808426141739,
            0.0
          ],
          [
            0.09454035013914108,
            0.9611010551452637,
            -0.2595127820968628,
            0.0
          ],
          [
            0.26535606384277344,
            0.22692078351974487,
            0.9370662569999695,
            0.0
          ],
          [
            0.0,
            0.0,
            0.0,
            1.0
          ]
        ],
        "rotation_mode": "QUATERNION"
      },
      "armature_space": {
        "head": {
          "x": 0.23396192491054535,
          "y": 0.038486190140247345,
          "z": 0.46270400285720825
        },
        "tail": {
          "x": 0.5010747313499451,
          "y": 0.017655735835433006,
          "z": 0.4577583372592926
        }
      },
      "world_space": {
        "head": {
          "x": 0.23396192491054535,
          "y": 0.10173019021749496,
          "z": 1.4125580787658691
        },
        "tail": {
          "x": 0.5010747313499451,
          "y": 0.08089973777532578,
          "z": 1.4076123237609863
        },
        "rotation_quaternion": {
          "w": 0.5537464022636414,
          "x": 0.4137471914291382,
          "y": 0.39306074380874634,
          "z": -0.6063674092292786
        },
        "matrix": [
          [
            -0.04435516148805618,
            0.9968032240867615,
            -0.06645207107067108,
            0.23396192491054535
          ],
          [
            -0.3462927043437958,
            -0.07773444056510925,
            -0.9349004626274109,
            0.10173019021749496
          ],
          [
            -0.9370841979980469,
            -0.018456051126122475,
            0.348635196685791,
            1.4125580787658691
          ],
          [
            0.0,
            0.0,
            0.0,
            1.0
          ]
        ]
      },
      "bone_length_armature_space": 0.26796941665616103,
      "parent": "spine_01",
      "has_children": true,
      "is_end_bone": false
    },
    "lowerarm_l": {
      "name": "lowerarm_l",
      "local": {
        "location": {
          "x": 0.0,
          "y": 0.0,
          "z": 0.0
        },
        "rotation_quaternion": {
          "w": 0.8745577931404114,
          "x": 0.4070946276187897,
          "y": 0.22837373614311218,
          "z": -0.13140760362148285
        },
        "scale": {
          "x": 1.0,
          "y": 1.0,
          "z": 1.0
        },
        "matrix_basis": [
          [
            0.8611549735069275,
            0.4157865345478058,
            0.2924613952636719,
            0.0
          ],
          [
            -0.04390764608979225,
            0.63401198387146,
            -0.7720756530761719,
            0.0
          ],
          [
            -0.5064427256584167,
            0.6520354747772217,
            0.5642387866973877,
            0.0
          ],
          [
            0.0,
            0.0,
            0.0,
            1.0
          ]
        ],
        "rotation_mode": "QUATERNION"
      },
      "armature_space": {
        "head": {
          "x": 0.5010747909545898,
          "y": 0.01765572279691696,
          "z": 0.45775848627090454
        },
        "tail": {
          "x": 0.635910153388977,
          "y": -0.2134043574333191,
          "z": 0.45771074295043945
        }
      },
      "world_space": {
        "head": {
          "x": 0.5010747909545898,
          "y": 0.08089972287416458,
          "z": 1.4076125621795654
        },
        "tail": {
          "x": 0.635910153388977,
          "y": -0.15016035735607147,
          "z": 1.4075647592544556
        },
        "rotation_quaternion": {
          "w": 0.1790943592786789,
          "x": 0.7021075487136841,
          "y": 0.189938485622406,
          "z": -0.6624904274940491
        },
        "matrix": [
          [
            0.05005931481719017,
            0.5040113925933838,
            -0.8622447848320007,
            0.5010747909545898
          ],
          [
            0.029417604207992554,
            -0.8636969327926636,
            -0.5031523704528809,
            0.08089972287416458
          ],
          [
            -0.9983198642730713,
            -0.00017851591110229492,
            -0.05806359648704529,
            1.4076125621795654
          ],
          [
            0.0,
            0.0,
            0.0,
            1.0
          ]
        ]
      },
      "bone_length_armature_space": 0.2675244675171221,
      "parent": "upperarm_l",
      "has_children": true,
      "is_end_bone": false
    },
    "metacarpal_thumb_l": {
      "name": "metacarpal_thumb_l",
      "local": {
        "location": {
          "x": 0.0,
          "y": 0.0,
          "z": 0.0
        },
        "rotation_quaternion": {
          "w": 0.9997462630271912,
          "x": 0.02158249355852604,
          "y": -0.0011998392874374986,
          "z": -0.00634929770603776
        },
        "scale": {
          "x": 1.0,
          "y": 1.0,
          "z": 1.0
        },
        "matrix_basis": [
          [
            0.9999164938926697,
            0.012643582187592983,
            -0.0026731370016932487,
            0.0
          ],
          [
            -0.012747164815664291,
            0.9989877939224243,
            -0.04313879832625389,
            0.0
          ],
          [
            0.002125002443790436,
            0.04316927120089531,
            0.9990655183792114,
            0.0
          ],
          [
            0.0,
            0.0,
            0.0,
            1.0
          ]
        ],
        "rotation_mode": "QUATERNION"
      },
      "armature_space": {
        "head": {
          "x": 0.635910153388977,
          "y": -0.2134043574333191,
          "z": 0.45771074295043945
        },
        "tail": {
          "x": 0.6315502524375916,
          "y": -0.26105380058288574,
          "z": 0.4449003040790558
        }
      },
      "world_space": {
        "head": {
          "x": 0.635910153388977,
          "y": -0.15016035735607147,
          "z": 1.4075647592544556
        },
        "tail": {
          "x": 0.6315502524375916,
          "y": -0.19780980050563812,
          "z": 1.3947542905807495
        },
        "rotation_quaternion": {
          "w": 0.13079123198986053,
          "x": -0.9904307126998901,
          "y": 0.043739281594753265,
          "z": 0.005266428459435701
        },
        "matrix": [
          [
            0.9961180686950684,
            -0.08801903575658798,
            0.0010095338802784681,
            0.635910153388977
          ],
          [
            -0.08526384830474854,
            -0.961961030960083,
            0.25953954458236694,
            -0.15016035735607147
          ],
          [
            -0.02187364734709263,
            -0.2586207091808319,
            -0.9657384753227234,
            1.4075647592544556
          ],
          [
            0.0,
            0.0,
            0.0,
            1.0
          ]
        ]
      },
      "bone_length_armature_space": 0.04953368070881767,
      "parent": "lowerarm_l",
      "has_children": true,
      "is_end_bone": false
    },
    "thumb_01_l": {
      "name": "thumb_01_l",
      "local": {
        "location": {
          "x": 0.0,
          "y": 0.0,
          "z": 0.0
        },
        "rotation_quaternion": {
          "w": 0.9960941076278687,
          "x": -0.086624376475811,
          "y": 0.010099563747644424,
          "z": 0.013810185715556145
        },
        "scale": {
          "x": 1.0,
          "y": 1.0,
          "z": 1.0
        },
        "matrix_basis": [
          [
            0.9994145631790161,
            -0.029262226074934006,
            0.01772763393819332,
            0.0
          ],
          [
            0.025762751698493958,
            0.9846109747886658,
            0.17285101115703583,
            0.0
          ],
          [
            -0.022512828931212425,
            -0.17229311168193817,
            0.9847884178161621,
            0.0
          ],
          [
            0.0,
            0.0,
            0.0,
            1.0
          ]
        ],
        "rotation_mode": "QUATERNION"
      },
      "armature_space": {
        "head": {
          "x": 0.6315502524375916,
          "y": -0.26105380058288574,
          "z": 0.4449003040790558
        },
        "tail": {
          "x": 0.6199005246162415,
          "y": -0.273820698261261,
          "z": 0.41557577252388
        }
      },
      "world_space": {
        "head": {
          "x": 0.6315502524375916,
          "y": -0.19780980050563812,
          "z": 1.3947542905807495
        },
        "tail": {
          "x": 0.6199005246162415,
          "y": -0.21057669818401337,
          "z": 1.3654297590255737
        },
        "rotation_quaternion": {
          "w": 0.25345659255981445,
          "x": -0.6222621202468872,
          "y": 0.49822014570236206,
          "z": -0.5480203628540039
        },
        "matrix": [
          [
            -0.09710020571947098,
            -0.3422505259513855,
            0.9345779418945312,
            0.6315502524375916
          ],
          [
            -0.8978458046913147,
            -0.3750714063644409,
            -0.2306382656097412,
            -0.19780980050563812
          ],
          [
            0.42947185039520264,
            -0.8615084290504456,
            -0.27087101340293884,
            1.3947542905807495
          ],
          [
            0.0,
            0.0,
            0.0,
            1.0
          ]
        ]
      },
      "bone_length_armature_space": 0.03403877156476451,
      "parent": "metacarpal_thumb_l",
      "has_children": true,
      "is_end_bone": false
    },
    "thumb_02_l": {
      "name": "thumb_02_l",
      "local": {
        "location": {
          "x": 0.0,
          "y": 0.0,
          "z": 0.0
        },
        "rotation_quaternion": {
          "w": 0.9939723610877991,
          "x": 0.10937736928462982,
          "y": -0.006087968125939369,
          "z": 0.00430891290307045
        },
        "scale": {
          "x": 1.0,
          "y": 1.0,
          "z": 1.0
        },
        "matrix_basis": [
          [
            0.9998887181282043,
            -0.009897652082145214,
            -0.011159949004650116,
            0.0
          ],
          [
            0.007234108634293079,
            0.9760360717773438,
            -0.217488631606102,
            0.0
          ],
          [
            0.013045139610767365,
            0.21738369762897491,
            0.9759990572929382,
            0.0
          ],
          [
            0.0,
            0.0,
            0.0,
            1.0
          ]
        ],
        "rotation_mode": "QUATERNION"
      },
      "armature_space": {
        "head": {
          "x": 0.6199004650115967,
          "y": -0.2738206684589386,
          "z": 0.41557577252388
        },
        "tail": {
          "x": 0.6390392184257507,
          "y": -0.30862027406692505,
          "z": 0.409586101770401
        }
      },
      "world_space": {
        "head": {
          "x": 0.6199004650115967,
          "y": -0.21057666838169098,
          "z": 1.3654297590255737
        },
        "tail": {
          "x": 0.6390392184257507,
          "y": -0.24537627398967743,
          "z": 1.3594400882720947
        },
        "rotation_quaternion": {
          "w": 0.25826433300971985,
          "x": -0.32119032740592957,
          "y": -0.009206739254295826,
          "z": -0.9110717177391052
        },
        "matrix": [
          [
            -0.6602723002433777,
            0.47650980949401855,
            0.5804987549781799,
            0.6199004650115967
          ],
          [
            -0.46468037366867065,
            -0.8664290308952332,
            0.18268150091171265,
            -0.21057666838169098
          ],
          [
            0.5900145173072815,
            -0.1491287350654602,
            0.7935095429420471,
            1.3654297590255737
          ],
          [
            0.0,
            0.0,
            0.0,
            1.0
          ]
        ]
      },
      "bone_length_armature_space": 0.04016441994660329,
      "parent": "thumb_01_l",
      "has_children": true,
      "is_end_bone": false
    },
    "thumb_03_l": {
      "name": "thumb_03_l",
      "local": {
        "location": {
          "x": 0.0,
          "y": 0.0,
          "z": 0.0
        },
        "rotation_quaternion": {
          "w": 0.9981162548065186,
          "x": 0.060566410422325134,
          "y": -0.009769544936716557,
          "z": -0.0005871439934708178
        },
        "scale": {
          "x": 1.0,
          "y": 1.0,
          "z": 1.0
        },
        "matrix_basis": [
          [
            0.9998084306716919,
            -1.1336608622514177e-05,
            -0.019573405385017395,
            0.0
          ],
          [
            -0.002355488482862711,
            0.9926627278327942,
            -0.12089316546916962,
            0.0
          ],
          [
            0.019431160762906075,
            0.12091611325740814,
            0.9924725294113159,
            0.0
          ],
          [
            0.0,
            0.0,
            0.0,
            1.0
          ]
        ],
        "rotation_mode": "QUATERNION"
      },
      "armature_space": {
        "head": {
          "x": 0.6390390992164612,
          "y": -0.30862027406692505,
          "z": 0.4095860719680786
        },
        "tail": {
          "x": 0.6613235473632812,
          "y": -0.3291572034358978,
          "z": 0.4125065505504608
        }
      },
      "world_space": {
        "head": {
          "x": 0.6390390992164612,
          "y": -0.24537627398967743,
          "z": 1.3594400882720947
        },
        "tail": {
          "x": 0.6613235473632812,
          "y": -0.265913188457489,
          "z": 1.3623605966567993
        },
        "rotation_quaternion": {
          "w": 0.3921072483062744,
          "x": -0.09745446592569351,
          "y": -0.09471651911735535,
          "z": -0.9098259806632996
        },
        "matrix": [
          [
            -0.6735090017318726,
            0.731959879398346,
            0.1030544638633728,
            0.6390390992164612
          ],
          [
            -0.6950376033782959,
            -0.6745609045028687,
            0.24877700209617615,
            -0.24537627398967743
          ],
          [
            0.25161269307136536,
            0.09592682123184204,
            0.9630696177482605,
            1.3594400882720947
          ],
          [
            0.0,
            0.0,
            0.0,
            1.0
          ]
        ]
      },
      "bone_length_armature_space": 0.030444889240549274,
      "parent": "thumb_02_l",
      "has_children": false,
      "is_end_bone": true
    },
    "metacarpal_index_l": {
      "name": "metacarpal_index_l",
      "local": {
        "location": {
          "x": 0.0,
          "y": 0.0,
          "z": 0.0
        },
        "rotation_quaternion": {
          "w": 0.9986123442649841,
          "x": -0.05232129991054535,
          "y": 0.0027741265948861837,
          "z": 0.005318093579262495
        },
        "scale": {
          "x": 1.0,
          "y": 1.0,
          "z": 1.0
        },
        "matrix_basis": [
          [
            0.9999280571937561,
            -0.010911719873547554,
            0.004984055180102587,
            0.0
          ],
          [
            0.010331136174499989,
            0.9944683909416199,
            0.10452689975500107,
            0.0
          ],
          [
            -0.006097053177654743,
            -0.10446788370609283,
            0.9945095777511597,
            0.0
          ],
          [
            0.0,
            0.0,
            0.0,
            1.0
          ]
        ],
        "rotation_mode": "QUATERNION"
      },
      "armature_space": {
        "head": {
          "x": 0.635910153388977,
          "y": -0.2134043574333191,
          "z": 0.45771074295043945
        },
        "tail": {
          "x": 0.6669456362724304,
          "y": -0.3263508677482605,
          "z": 0.46072664856910706
        }
      },
      "world_space": {
        "head": {
          "x": 0.635910153388977,
          "y": -0.15016035735607147,
          "z": 1.4075647592544556
        },
        "tail": {
          "x": 0.6669456362724304,
          "y": -0.2631068825721741,
          "z": 1.4105806350708008
        },
        "rotation_quaternion": {
          "w": 0.049357976764440536,
          "x": 0.9524778723716736,
          "y": 0.12487486004829407,
          "z": -0.27341562509536743
        },
        "matrix": [
          [
            0.8193001747131348,
            0.26487183570861816,
            -0.5085172653198242,
            0.635910153388977
          ],
          [
            0.21089059114456177,
            -0.9639399647712708,
            -0.16231101751327515,
            -0.15016035735607147
          ],
          [
            -0.533175528049469,
            0.025739282369613647,
            -0.8456213474273682,
            1.4075647592544556
          ],
          [
            0.0,
            0.0,
            0.0,
            1.0
          ]
        ]
      },
      "bone_length_armature_space": 0.11717171505652679,
      "parent": "lowerarm_l",
      "has_children": true,
      "is_end_bone": false
    },
    "index_01_l": {
      "name": "index_01_l",
      "local": {
        "location": {
          "x": 0.0,
          "y": 0.0,
          "z": 0.0
        },
        "rotation_quaternion": {
          "w": 0.9921802282333374,
          "x": -0.1217711791396141,
          "y": 0.022388147190213203,
          "z": -0.015779990702867508
        },
        "scale": {
          "x": 1.0,
          "y": 1.0,
          "z": 1.0
        },
        "matrix_basis": [
          [
            0.9984995126724243,
            0.025860726833343506,
            0.04826924949884415,
            0.0
          ],
          [
            -0.036765649914741516,
            0.9698455333709717,
            0.24093134701251984,
            0.0
          ],
          [
            -0.040583059191703796,
            -0.24234448373317719,
            0.9693410992622375,
            0.0
          ],
          [
            0.0,
            0.0,
            0.0,
            1.0
          ]
        ],
        "rotation_mode": "QUATERNION"
      },
      "armature_space": {
        "head": {
          "x": 0.6669456362724304,
          "y": -0.3263508677482605,
          "z": 0.46072664856910706
        },
        "tail": {
          "x": 0.6868652105331421,
          "y": -0.34629324078559875,
          "z": 0.4650373160839081
        }
      },
      "world_space": {
        "head": {
          "x": 0.6669456362724304,
          "y": -0.2631068825721741,
          "z": 1.4105806350708008
        },
        "tail": {
          "x": 0.6868652105331421,
          "y": -0.28304922580718994,
          "z": 1.4148913621902466
        },
        "rotation_quaternion": {
          "w": 0.15982332825660706,
          "x": 0.9011898040771484,
          "y": 0.3532227575778961,
          "z": -0.19377097487449646
        },
        "matrix": [
          [
            0.6753727793693542,
            0.6985800266265869,
            -0.23634140193462372,
            0.6669456362724304
          ],
          [
            0.5747034549713135,
            -0.6993796229362488,
            -0.42495185136795044,
            -0.2631068825721741
          ],
          [
            -0.46215811371803284,
            0.15117506682872772,
            -0.873824954032898,
            1.4105806350708008
          ],
          [
            0.0,
            0.0,
            0.0,
            1.0
          ]
        ]
      },
      "bone_length_armature_space": 0.028514374279073128,
      "parent": "metacarpal_index_l",
      "has_children": true,
      "is_end_bone": false
    },
    "index_02_l": {
      "name": "index_02_l",
      "local": {
        "location": {
          "x": 0.0,
          "y": 0.0,
          "z": 0.0
        },
        "rotation_quaternion": {
          "w": 0.9967595338821411,
          "x": 0.07997310906648636,
          "y": -0.004943013656884432,
          "z": 0.00709946732968092
        },
        "scale": {
          "x": 1.0,
          "y": 1.0,
          "z": 1.0
        },
        "matrix_basis": [
          [
            0.999850332736969,
            -0.014943540096282959,
            -0.0087184589356184,
            0.0
          ],
          [
            0.013362307101488113,
            0.9871078133583069,
            -0.15949811041355133,
            0.0
          ],
          [
            0.010989525355398655,
            0.1593577265739441,
            0.9871597290039062,
            0.0
          ],
          [
            0.0,
            0.0,
            0.0,
            1.0
          ]
        ],
        "rotation_mode": "QUATERNION"
      },
      "armature_space": {
        "head": {
          "x": 0.6868652701377869,
          "y": -0.34629377722740173,
          "z": 0.46503719687461853
        },
        "tail": {
          "x": 0.7039918303489685,
          "y": -0.3653661608695984,
          "z": 0.4660452604293823
        }
      },
      "world_space": {
        "head": {
          "x": 0.6868652701377869,
          "y": -0.2830497622489929,
          "z": 1.414891242980957
        },
        "tail": {
          "x": 0.7039918303489685,
          "y": -0.30212217569351196,
          "z": 1.4158992767333984
        },
        "rotation_quaternion": {
          "w": 0.11628499627113342,
          "x": 0.8993683457374573,
          "y": 0.33873823285102844,
          "z": -0.25074076652526855
        },
        "matrix": [
          [
            0.6447706818580627,
            0.6676161885261536,
            -0.37223541736602783,
            0.6868652701377869
          ],
          [
            0.550986111164093,
            -0.7434676885604858,
            -0.37903833389282227,
            -0.2830497622489929
          ],
          [
            -0.5298004746437073,
            0.0392957478761673,
            -0.8472198247909546,
            1.414891242980957
          ],
          [
            0.0,
            0.0,
            0.0,
            1.0
          ]
        ]
      },
      "bone_length_armature_space": 0.025653285816937155,
      "parent": "index_01_l",
      "has_children": true,
      "is_end_bone": false
    },
    "index_03_l": {
      "name": "index_03_l",
      "local": {
        "location": {
          "x": 0.0,
          "y": 0.0,
          "z": 0.0
        },
        "rotation_quaternion": {
          "w": 0.9995025992393494,
          "x": 0.029834209010004997,
          "y": -0.009572220034897327,
          "z": -0.0036014248616993427
        },
        "scale": {
          "x": 1.0,
          "y": 1.0,
          "z": 1.0
        },
        "matrix_basis": [
          [
            0.9997907876968384,
            0.006628107745200396,
            -0.019349809736013412,
            0.0
          ],
          [
            -0.007770426105707884,
            0.9981939196586609,
            -0.059569790959358215,
            0.0
          ],
          [
            0.01892002671957016,
            0.05970768630504608,
            0.9980365633964539,
            0.0
          ],
          [
            0.0,
            0.0,
            0.0,
            1.0
          ]
        ],
        "rotation_mode": "QUATERNION"
      },
      "armature_space": {
        "head": {
          "x": 0.7039918303489685,
          "y": -0.3653661012649536,
          "z": 0.4660453796386719
        },
        "tail": {
          "x": 0.7234967350959778,
          "y": -0.3867376744747162,
          "z": 0.4619775414466858
        }
      },
      "world_space": {
        "head": {
          "x": 0.7039918303489685,
          "y": -0.3021221160888672,
          "z": 1.415899395942688
        },
        "tail": {
          "x": 0.7234967350959778,
          "y": -0.3234936594963074,
          "z": 1.4118316173553467
        },
        "rotation_quaternion": {
          "w": 0.027709992602467537,
          "x": 0.8938695192337036,
          "y": 0.3653962016105652,
          "z": -0.25829270482063293
        },
        "matrix": [
          [
            0.5995404124259949,
            0.667548418045044,
            -0.44150903820991516,
            0.7039918303489685
          ],
          [
            0.6389185190200806,
            -0.7314350008964539,
            -0.23829829692840576,
            -0.3021221160888672
          ],
          [
            -0.48201364278793335,
            -0.13922059535980225,
            -0.865040123462677,
            1.415899395942688
          ],
          [
            0.0,
            0.0,
            0.0,
            1.0
          ]
        ]
      },
      "bone_length_armature_space": 0.02921870561138926,
      "parent": "index_02_l",
      "has_children": false,
      "is_end_bone": true
    },
    "metacarpal_pinky_l": {
      "name": "metacarpal_pinky_l",
      "local": {
        "location": {
          "x": 0.0,
          "y": 0.0,
          "z": 0.0
        },
        "rotation_quaternion": {
          "w": 0.9996923208236694,
          "x": 0.01958702690899372,
          "y": -0.00708286976441741,
          "z": 0.013467657379806042
        },
        "scale": {
          "x": 1.0,
          "y": 1.0,
          "z": 1.0
        },
        "matrix_basis": [
          [
            0.99953693151474,
            -0.027204491198062897,
            -0.013633797876536846,
            0.0
          ],
          [
            0.026649562641978264,
            0.9988699555397034,
            -0.03935277834534645,
            0.0
          ],
          [
            0.014688964001834393,
            0.038971222937107086,
            0.9991323351860046,
            0.0
          ],
          [
            0.0,
            0.0,
            0.0,
            1.0
          ]
        ],
        "rotation_mode": "QUATERNION"
      },
      "armature_space": {
        "head": {
          "x": 0.635910153388977,
          "y": -0.2134043574333191,
          "z": 0.45771074295043945
        },
        "tail": {
          "x": 0.7140018343925476,
          "y": -0.28202444314956665,
          "z": 0.4637264013290405
        }
      },
      "world_space": {
        "head": {
          "x": 0.635910153388977,
          "y": -0.15016035735607147,
          "z": 1.4075647592544556
        },
        "tail": {
          "x": 0.7140018343925476,
          "y": -0.21878044307231903,
          "z": 1.4135804176330566
        },
        "rotation_quaternion": {
          "w": 0.411164790391922,
          "x": 0.15349245071411133,
          "y": 0.03812377154827118,
          "z": -0.897736132144928
        },
        "matrix": [
          [
            -0.6147667765617371,
            0.7499385476112366,
            -0.2442404329776764,
            0.635910153388977
          ],
          [
            -0.7265318632125854,
            -0.6589798331260681,
            -0.19467191398143768,
            -0.15016035735607147
          ],
          [
            -0.3069441616535187,
            0.05777037516236305,
            0.949979841709137,
            1.4075647592544556
          ],
          [
            0.0,
            0.0,
            0.0,
            1.0
          ]
        ]
      },
      "bone_length_armature_space": 0.1041307581357657,
      "parent": "lowerarm_l",
      "has_children": true,
      "is_end_bone": false
    },
    "pinky_01_l": {
      "name": "pinky_01_l",
      "local": {
        "location": {
          "x": 0.0,
          "y": 0.0,
          "z": 0.0
        },
        "rotation_quaternion": {
          "w": 0.9935013055801392,
          "x": -0.11155331134796143,
          "y": 0.009421968832612038,
          "z": -0.02055206336081028
        },
        "scale": {
          "x": 1.0,
          "y": 1.0,
          "z": 1.0
        },
        "matrix_basis": [
          [
            0.9989776611328125,
            0.03873490169644356,
            0.023306777700781822,
            0.0
          ],
          [
            -0.04293910786509514,
            0.9742669463157654,
            0.22126944363117218,
            0.0
          ],
          [
            -0.014136175625026226,
            -0.22204400599002838,
            0.9749341607093811,
            0.0
          ],
          [
            0.0,
            0.0,
            0.0,
            1.0
          ]
        ],
        "rotation_mode": "QUATERNION"
      },
      "armature_space": {
        "head": {
          "x": 0.7140018343925476,
          "y": -0.28202444314956665,
          "z": 0.4637264013290405
        },
        "tail": {
          "x": 0.728633463382721,
