{
  "metadata": {
    "armature_name": "KIM_caucasian_male",
    "export_time": "2026-01-13T20:59:43.828653",
    "blender_version": "4.4.1",
    "bone_count": 56,
    "end_bone_count": 13,
    "spaces_included": [
      "LOCAL_CHANNELS",
      "ARMATURE_SPACE",
      "WORLD_SPACE"
    ],
    "note": "LOCAL matches Transform panel; replay pose via local.matrix_basis for best fidelity."
  },
  "bones": {
    "Root": {
      "name": "Root",
      "local": {
        "location": {
          "x": 0.0,
          "y": 0.0,
          "z": 0.0
        },
        "rotation_quaternion": {
          "w": 0.99973464012146,
          "x": -0.007470829878002405,
          "y": -0.017376117408275604,
          "z": 0.013154604472219944
        },
        "scale": {
          "x": 1.0,
          "y": 1.0,
          "z": 1.0
        },
        "matrix_basis": [
          [
            0.9990500807762146,
            -0.026042599231004715,
            -0.034939564764499664,
            0.0
          ],
          [
            0.026561856269836426,
            0.9995422959327698,
            0.014480543322861195,
            0.0
          ],
          [
            0.03454646095633507,
            -0.01539484690874815,
            0.9992845058441162,
            0.0
          ],
          [
            0.0,
            0.0,
            0.0,
            1.0
          ]
        ],
        "rotation_mode": "QUATERNION"
      },
      "armature_space": {
        "head": {
          "x": 0.0,
          "y": 0.07072800397872925,
          "z": -0.009595036506652832
        },
        "tail": {
          "x": -0.0018588131060823798,
          "y": 0.00018008798360824585,
          "z": 0.0010844618082046509
        }
      },
      "world_space": {
        "head": {
          "x": 0.0,
          "y": 0.13397200405597687,
          "z": 0.9402589797973633
        },
        "tail": {
          "x": -0.0018588131060823798,
          "y": 0.06342408806085587,
          "z": 0.9509384632110596
        },
        "rotation_quaternion": {
          "w": 0.07480362802743912,
          "x": 0.9969601035118103,
          "y": -0.014295311644673347,
          "z": -0.016450444236397743
        },
        "matrix": [
          [
            0.9990500807762146,
            -0.026042599231004715,
            -0.034939564764499664,
            0.0
          ],
          [
            -0.03096482902765274,
            -0.9884001016616821,
            -0.1486826092004776,
            0.13397200405597687
          ],
          [
            -0.030662428587675095,
            0.14962337911128998,
            -0.9882745742797852,
            0.9402589797973633
          ],
          [
            0.0,
            0.0,
            0.0,
            1.0
          ]
        ]
      },
      "bone_length_armature_space": 0.07137587265486005,
      "parent": null,
      "has_children": true,
      "is_end_bone": false
    },
    "spine_01": {
      "name": "spine_01",
      "local": {
        "location": {
          "x": 0.0,
          "y": 0.0,
          "z": 0.0
        },
        "rotation_quaternion": {
          "w": 0.9968556761741638,
          "x": 0.015604140236973763,
          "y": 0.02398914098739624,
          "z": 0.07389155775308609
        },
        "scale": {
          "x": 1.0,
          "y": 1.0,
          "z": 1.0
        },
        "matrix_basis": [
          [
            0.987929105758667,
            -0.14656977355480194,
            0.05013345181941986,
            0.0
          ],
          [
            0.14806710183620453,
            0.9885931015014648,
            -0.027564961463212967,
            0.0
          ],
          [
            -0.04552139341831207,
            0.034655340015888214,
            0.9983620643615723,
            0.0
          ],
          [
            0.0,
            0.0,
            0.0,
            1.0
          ]
        ],
        "rotation_mode": "QUATERNION"
      },
      "armature_space": {
        "head": {
          "x": -0.0018588131060823798,
          "y": 0.00018008798360824585,
          "z": 0.0010844618082046509
        },
        "tail": {
          "x": -0.058122314512729645,
          "y": 0.015027418732643127,
          "z": 0.48560744524002075
        }
      },
      "world_space": {
        "head": {
          "x": -0.0018588131060823798,
          "y": 0.06342408806085587,
          "z": 0.9509384632110596
        },
        "tail": {
          "x": -0.058122314512729645,
          "y": 0.07827141880989075,
          "z": 1.4354615211486816
        },
        "rotation_quaternion": {
          "w": 0.7170282602310181,
          "x": 0.694574236869812,
          "y": -0.03290358558297157,
          "z": 0.04852377623319626
        },
        "matrix": [
          [
            0.9931256175041199,
            -0.11529377102851868,
            0.020221898332238197,
            -0.0018588131060823798
          ],
          [
            0.023878708481788635,
            0.030424781143665314,
            -0.9992519021034241,
            0.06342408806085587
          ],
          [
            0.11459311097860336,
            0.992872416973114,
            0.03296801447868347,
            0.9509384632110596
          ],
          [
            0.0,
            0.0,
            0.0,
            1.0
          ]
        ]
      },
      "bone_length_armature_space": 0.4880046715477053,
      "parent": "Root",
      "has_children": true,
      "is_end_bone": false
    },
    "neck_01": {
      "name": "neck_01",
      "local": {
        "location": {
          "x": 0.0,
          "y": 0.0,
          "z": 0.0
        },
        "rotation_quaternion": {
          "w": 0.9897342324256897,
          "x": -0.016546715050935745,
          "y": 0.012608264572918415,
          "z": -0.14139816164970398
        },
        "scale": {
          "x": 1.0,
          "y": 1.0,
          "z": 1.0
        },
        "matrix_basis": [
          [
            0.9596951603889465,
            0.27947595715522766,
            0.029637012630701065,
            0.0
          ],
          [
            -0.2803104519844055,
            0.959465503692627,
            0.0291881300508976,
            0.0
          ],
          [
            -0.020278312265872955,
            -0.036319270730018616,
            0.9991344809532166,
            0.0
          ],
          [
            0.0,
            0.0,
            0.0,
            1.0
          ]
        ],
        "rotation_mode": "QUATERNION"
      },
      "armature_space": {
        "head": {
          "x": -0.06586264073848724,
          "y": -0.01739942468702793,
          "z": 0.5594473481178284
        },
        "tail": {
          "x": -0.04736558347940445,
          "y": -0.047849930822849274,
          "z": 0.6555794477462769
        }
      },
      "world_space": {
        "head": {
          "x": -0.06586264073848724,
          "y": 0.04584457725286484,
          "z": 1.5093014240264893
        },
        "tail": {
          "x": -0.04736558347940445,
          "y": 0.015394069254398346,
          "z": 1.605433464050293
        },
        "rotation_quaternion": {
          "w": 0.5845195055007935,
          "x": 0.8051038384437561,
          "y": 0.09913986921310425,
          "z": -0.01778002642095089
        },
        "matrix": [
          [
            0.9797102212905884,
            0.18042151629924774,
            0.08726971596479416,
            -0.06586264073848724
          ],
          [
            0.1388511210680008,
            -0.29701629281044006,
            -0.9447233080863953,
            0.04584457725286484
          ],
          [
            -0.14452870190143585,
            0.9376786351203918,
            -0.3160446286201477,
            1.5093014240264893
          ],
          [
            0.0,
            0.0,
            0.0,
            1.0
          ]
        ]
      },
      "bone_length_armature_space": 0.10252197412742428,
      "parent": "spine_01",
      "has_children": true,
      "is_end_bone": false
    },
    "head": {
      "name": "head",
      "local": {
        "location": {
          "x": 0.0,
          "y": 0.0,
          "z": 0.0
        },
        "rotation_quaternion": {
          "w": 0.9774796962738037,
          "x": -0.12533067166805267,
          "y": -0.07562407851219177,
          "z": 0.15200872719287872
        },
        "scale": {
          "x": 1.0,
          "y": 1.0,
          "z": 1.0
        },
        "matrix_basis": [
          [
            0.9423487186431885,
            -0.27821484208106995,
            -0.18594472110271454,
            0.0
          ],
          [
            0.31612691283226013,
            0.9223711490631104,
            0.2220253348350525,
            0.0
          ],
          [
            0.109739288687706,
            -0.26800742745399475,
            0.9571464657783508,
            0.0
          ],
          [
            0.0,
            0.0,
            0.0,
            1.0
          ]
        ],
        "rotation_mode": "QUATERNION"
      },
      "armature_space": {
        "head": {
          "x": -0.04736558347940445,
          "y": -0.04785005748271942,
          "z": 0.6555792689323425
        },
        "tail": {
          "x": -0.0761687308549881,
          "y": -0.0033953040838241577,
          "z": 0.8013442754745483
        }
      },
      "world_space": {
        "head": {
          "x": -0.04736558347940445,
          "y": 0.015393942594528198,
          "z": 1.6054332256317139
        },
        "tail": {
          "x": -0.0761687308549881,
          "y": 0.05984869599342346,
          "z": 1.7511982917785645
        },
        "rotation_quaternion": {
          "w": 0.7997150421142578,
          "x": 0.5930457711219788,
          "y": -0.06143787130713463,
          "z": 0.07055489718914032
        },
        "matrix": [
          [
            0.9824948906898499,
            -0.18571864068508148,
            -0.01457996666431427,
            -0.04736558347940445
          ],
          [
            0.03997785598039627,
            0.2866380214691162,
            -0.9572047591209412,
            0.015393942594528198
          ],
          [
            0.18195126950740814,
            0.9398725032806396,
            0.28904613852500916,
            1.6054332256317139
          ],
          [
            0.0,
            0.0,
            0.0,
            1.0
          ]
        ]
      },
      "bone_length_armature_space": 0.15509121045250793,
      "parent": "neck_01",
      "has_children": false,
      "is_end_bone": true
    },
    "upperarm_l": {
      "name": "upperarm_l",
      "local": {
        "location": {
          "x": 0.0,
          "y": 0.0,
          "z": 0.0
        },
        "rotation_quaternion": {
          "w": 0.8635575175285339,
          "x": 0.18664437532424927,
          "y": 0.4678895175457001,
          "z": 0.022622445598244667
        },
        "scale": {
          "x": 1.0,
          "y": 1.0,
          "z": 1.0
        },
        "matrix_basis": [
          [
            0.5611352324485779,
            0.13558632135391235,
            0.816543698310852,
            0.0
          ],
          [
            0.21372945606708527,
            0.9293041825294495,
            -0.3011867105960846,
            0.0
          ],
          [
            -0.7996543049812317,
            0.3435259163379669,
            0.4924865663051605,
            0.0
          ],
          [
            0.0,
            0.0,
            0.0,
            1.0
          ]
        ],
        "rotation_mode": "QUATERNION"
      },
      "armature_space": {
        "head": {
          "x": 0.09091933071613312,
          "y": -0.019049137830734253,
          "z": 0.5100127458572388
        },
        "tail": {
          "x": 0.3474113941192627,
          "y": -0.09566256403923035,
          "z": 0.4977721571922302
        }
      },
      "world_space": {
        "head": {
          "x": 0.09091933071613312,
          "y": 0.04419486224651337,
          "z": 1.4598667621612549
        },
        "tail": {
          "x": 0.3474113941192627,
          "y": -0.03241856396198273,
          "z": 1.4476261138916016
        },
        "rotation_quaternion": {
          "w": 0.15389947593212128,
          "x": 0.7640659213066101,
          "y": 0.5773753523826599,
          "z": -0.2432202398777008
        },
        "matrix": [
          [
            0.21496246755123138,
            0.9571691155433655,
            -0.19395488500595093,
            0.09091933071613312
          ],
          [
            0.8074426054954529,
            -0.28590360283851624,
            -0.5160387754440308,
            0.04419486224651337
          ],
          [
            -0.5493918657302856,
            -0.045679010450839996,
            -0.8343238830566406,
            1.4598667621612549
          ],
          [
            0.0,
            0.0,
            0.0,
            1.0
          ]
        ]
      },
      "bone_length_armature_space": 0.26796946899201,
      "parent": "spine_01",
      "has_children": true,
      "is_end_bone": false
    },
    "lowerarm_l": {
      "name": "lowerarm_l",
      "local": {
        "location": {
          "x": 0.0,
          "y": 0.0,
          "z": 0.0
        },
        "rotation_quaternion": {
          "w": 0.9330229759216309,
          "x": 0.2962231934070587,
          "y": -0.16957999765872955,
          "z": 0.11385338753461838
        },
        "scale": {
          "x": 1.0,
          "y": 1.0,
          "z": 1.0
        },
        "matrix_basis": [
          [
            0.9165600538253784,
            -0.31292271614074707,
            -0.24899204075336456,
            0.0
          ],
          [
            0.1119885966181755,
            0.7985784411430359,
            -0.5913805961608887,
            0.0
          ],
          [
            0.3838960826396942,
            0.5141515731811523,
            0.7669888734817505,
            0.0
          ],
          [
            0.0,
            0.0,
            0.0,
            1.0
          ]
        ],
        "rotation_mode": "QUATERNION"
      },
      "armature_space": {
        "head": {
          "x": 0.3474114239215851,
          "y": -0.09566271305084229,
          "z": 0.4977721571922302
        },
        "tail": {
          "x": 0.4755611717700958,
          "y": -0.32046014070510864,
          "z": 0.42985156178474426
        }
      },
      "world_space": {
        "head": {
          "x": 0.3474114239215851,
          "y": -0.032418712973594666,
          "z": 1.4476261138916016
        },
        "tail": {
          "x": 0.4755611717700958,
          "y": -0.2572161555290222,
          "z": 1.379705548286438
        },
        "rotation_quaternion": {
          "w": 0.04284781590104103,
          "x": 0.7696452736854553,
          "y": 0.27932053804397583,
          "z": -0.5725297331809998
        },
        "matrix": [
          [
            0.18837863206863403,
            0.4790206551551819,
            -0.8573520183563232,
            0.3474114239215851
          ],
          [
            0.380892276763916,
            -0.8402873277664185,
            -0.3857961595058441,
            -0.032418712973594666
          ],
          [
            -0.9052324295043945,
            -0.25388556718826294,
            -0.3407502770423889,
            1.4476261138916016
          ],
          [
            0.0,
            0.0,
            0.0,
            1.0
          ]
        ]
      },
      "bone_length_armature_space": 0.2675246677809312,
      "parent": "upperarm_l",
      "has_children": true,
      "is_end_bone": false
    },
    "metacarpal_thumb_l": {
      "name": "metacarpal_thumb_l",
      "local": {
        "location": {
          "x": 0.0,
          "y": 0.0,
          "z": 0.0
        },
        "rotation_quaternion": {
          "w": 0.9989134073257446,
          "x": -0.04202687740325928,
          "y": -0.017194155603647232,
          "z": 0.010498946532607079
        },
        "scale": {
          "x": 1.0,
          "y": 1.0,
          "z": 1.0
        },
        "matrix_basis": [
          [
            0.999188244342804,
            -0.01952984370291233,
            -0.03523341938853264,
            0.0
          ],
          [
            0.022420309484004974,
            0.9962470531463623,
            0.08360137790441513,
            0.0
          ],
          [
            0.033468469977378845,
            -0.0843234658241272,
            0.9958761930465698,
            0.0
          ],
          [
            0.0,
            0.0,
            0.0,
            1.0
          ]
        ],
        "rotation_mode": "QUATERNION"
      },
      "armature_space": {
        "head": {
          "x": 0.4755611717700958,
          "y": -0.32046014070510864,
          "z": 0.42985156178474426
        },
        "tail": {
          "x": 0.46947258710861206,
          "y": -0.3630566895008087,
          "z": 0.40531468391418457
        }
      },
      "world_space": {
        "head": {
          "x": 0.4755611717700958,
          "y": -0.2572161555290222,
          "z": 1.379705548286438
        },
        "tail": {
          "x": 0.46947258710861206,
          "y": -0.2998126745223999,
          "z": 1.3551687002182007
        },
        "rotation_quaternion": {
          "w": 0.25465095043182373,
          "x": -0.9638540744781494,
          "y": 0.07195380330085754,
          "z": -0.030999308452010155
        },
        "matrix": [
          [
            0.9877232313156128,
            -0.122918039560318,
            0.09640403091907501,
            0.4755611717700958
          ],
          [
            -0.15449409186840057,
            -0.8599513173103333,
            0.4864313006401062,
            -0.2572161555290222
          ],
          [
            0.02311169169843197,
            -0.4953576326370239,
            -0.8683898448944092,
            1.379705548286438
          ],
          [
            0.0,
            0.0,
            0.0,
            1.0
          ]
        ]
      },
      "bone_length_armature_space": 0.04953377837160954,
      "parent": "lowerarm_l",
      "has_children": true,
      "is_end_bone": false
    },
    "thumb_01_l": {
      "name": "thumb_01_l",
      "local": {
        "location": {
          "x": 0.0,
          "y": 0.0,
          "z": 0.0
        },
        "rotation_quaternion": {
          "w": 0.9992518424987793,
          "x": -0.029943140223622322,
          "y": -0.015326151624321938,
          "z": 0.019091879948973656
        },
        "scale": {
          "x": 1.0,
          "y": 1.0,
          "z": 1.0
        },
        "matrix_basis": [
          [
            0.9988012313842773,
            -0.037237364798784256,
            -0.031772710382938385,
            0.0
          ],
          [
            0.039073020219802856,
            0.9974778294563293,
            0.05925626680254936,
            0.0
          ],
          [
            0.029486028477549553,
            -0.06042668595910072,
            0.9977370500564575,
            0.0
          ],
          [
            0.0,
            0.0,
            0.0,
            1.0
          ]
        ],
        "rotation_mode": "QUATERNION"
      },
      "armature_space": {
        "head": {
          "x": 0.46947258710861206,
          "y": -0.3630566895008087,
          "z": 0.40531468391418457
        },
        "tail": {
          "x": 0.463274210691452,
          "y": -0.3678538203239441,
          "z": 0.37219053506851196
        }
      },
      "world_space": {
        "head": {
          "x": 0.46947258710861206,
          "y": -0.2998126745223999,
          "z": 1.3551687002182007
        },
        "tail": {
          "x": 0.463274210691452,
          "y": -0.30460983514785767,
          "z": 1.3220446109771729
        },
        "rotation_quaternion": {
          "w": 0.37564754486083984,
          "x": -0.5393626093864441,
          "y": 0.5370498895645142,
          "z": -0.5287290811538696
        },
        "matrix": [
          [
            -0.13595473766326904,
            -0.18209846317768097,
            0.9738359451293945,
            0.46947258710861206
          ],
          [
            -0.9765605926513672,
            -0.140932098031044,
            -0.16268819570541382,
            -0.2998126745223999
          ],
          [
            0.16687029600143433,
            -0.9731352925300598,
            -0.1586710512638092,
            1.3551687002182007
          ],
          [
            0.0,
            0.0,
            0.0,
            1.0
          ]
        ]
      },
      "bone_length_armature_space": 0.03403882521722722,
      "parent": "metacarpal_thumb_l",
      "has_children": true,
      "is_end_bone": false
    },
    "thumb_02_l": {
      "name": "thumb_02_l",
      "local": {
        "location": {
          "x": 0.0,
          "y": 0.0,
          "z": 0.0
        },
        "rotation_quaternion": {
          "w": 0.997275173664093,
          "x": 0.07374676316976547,
          "y": 0.0016192998737096786,
          "z": 0.0010493475710973144
        },
        "scale": {
          "x": 1.0,
          "y": 1.0,
          "z": 1.0
        },
        "matrix_basis": [
          [
            0.9999925494194031,
            -0.0018541403114795685,
            0.0033845470752567053,
            0.0
          ],
          [
            0.0023318128660321236,
            0.989120602607727,
            -0.14708822965621948,
            0.0
          ],
          [
            -0.003075003158301115,
            0.14709502458572388,
            0.9891175627708435,
            0.0
          ],
          [
            0.0,
            0.0,
            0.0,
            1.0
          ]
        ],
        "rotation_mode": "QUATERNION"
      },
      "armature_space": {
        "head": {
          "x": 0.46327415108680725,
          "y": -0.3678537905216217,
          "z": 0.37219053506851196
        },
        "tail": {
          "x": 0.48280370235443115,
          "y": -0.4001646637916565,
          "z": 0.35848698019981384
        }
      },
      "world_space": {
        "head": {
          "x": 0.46327415108680725,
          "y": -0.3046097755432129,
          "z": 1.3220446109771729
        },
        "tail": {
          "x": 0.48280370235443115,
          "y": -0.33692067861557007,
          "z": 1.3083410263061523
        },
        "rotation_quaternion": {
          "w": 0.2895004451274872,
          "x": -0.21136397123336792,
          "y": 0.11813914775848389,
          "z": -0.9260443449020386
        },
        "matrix": [
          [
            -0.7430291175842285,
            0.4862402379512787,
            0.45986756682395935,
            0.46327415108680725
          ],
          [
            -0.5861212611198425,
            -0.8044652938842773,
            -0.09642284363508224,
            -0.3046097755432129
          ],
          [
            0.3230645954608917,
            -0.3411862850189209,
            0.8827431797981262,
            1.3220446109771729
          ],
          [
            0.0,
            0.0,
            0.0,
            1.0
          ]
        ]
      },
      "bone_length_armature_space": 0.04016445404888688,
      "parent": "thumb_01_l",
      "has_children": true,
      "is_end_bone": false
    },
    "thumb_03_l": {
      "name": "thumb_03_l",
      "local": {
        "location": {
          "x": 0.0,
          "y": 0.0,
          "z": 0.0
        },
        "rotation_quaternion": {
          "w": 0.9982466697692871,
          "x": 0.05830565094947815,
          "y": -0.010125608183443546,
          "z": 0.0012142882915213704
        },
        "scale": {
          "x": 1.0,
          "y": 1.0,
          "z": 1.0
        },
        "matrix_basis": [
          [
            0.9997919797897339,
            -0.0036050789058208466,
            -0.020074110478162766,
            0.0
          ],
          [
            0.0012435581302270293,
            0.9931979775428772,
            -0.11643143743276596,
            0.0
          ],
          [
            0.02035730890929699,
            0.11638225615024567,
            0.9929958581924438,
            0.0
          ],
          [
            0.0,
            0.0,
            0.0,
            1.0
          ]
        ],
        "rotation_mode": "QUATERNION"
      },
      "armature_space": {
        "head": {
          "x": 0.482803612947464,
          "y": -0.4001646637916565,
          "z": 0.35848695039749146
        },
        "tail": {
          "x": 0.5043421983718872,
          "y": -0.4216722548007965,
          "z": 0.3578520715236664
        }
      },
      "world_space": {
        "head": {
          "x": 0.482803612947464,
          "y": -0.33692067861557007,
          "z": 1.3083410263061523
        },
        "tail": {
          "x": 0.5043421983718872,
          "y": -0.3584282398223877,
          "z": 1.3077061176300049
        },
        "rotation_quaternion": {
          "w": 0.38244858384132385,
          "x": 0.02731805294752121,
          "y": 0.02260822243988514,
          "z": -0.9232960939407349
        },
        "matrix": [
          [
            -0.7059735655784607,
            0.7074618935585022,
            -0.03315192833542824,
            0.482803612947464
          ],
          [
            -0.7049914002418518,
            -0.7064439058303833,
            -0.06264334917068481,
            -0.33692067861557007
          ],
          [
            -0.06773892045021057,
            -0.020853430032730103,
            0.9974923729896545,
            1.3083410263061523
          ],
          [
            0.0,
            0.0,
            0.0,
            1.0
          ]
        ]
      },
      "bone_length_armature_space": 0.030444871801435246,
      "parent": "thumb_02_l",
      "has_children": false,
      "is_end_bone": true
    },
    "metacarpal_index_l": {
      "name": "metacarpal_index_l",
      "local": {
        "location": {
          "x": 0.0,
          "y": 0.0,
          "z": 0.0
        },
        "rotation_quaternion": {
          "w": 0.998704195022583,
          "x": -0.047789134085178375,
          "y": -0.008696572855114937,
          "z": 0.015181353315711021
        },
        "scale": {
          "x": 1.0,
          "y": 1.0,
          "z": 1.0
        },
        "matrix_basis": [
          [
            0.999387800693512,
            -0.029492158442735672,
            -0.01882161572575569,
            0.0
          ],
          [
            0.031154565513134003,
            0.9949714541435242,
            0.0951903685927391,
            0.0
          ],
          [
            0.015919599682092667,
            -0.09571846574544907,
            0.9952811598777771,
            0.0
          ],
          [
            0.0,
            0.0,
            0.0,
            1.0
          ]
        ],
        "rotation_mode": "QUATERNION"
      },
      "armature_space": {
        "head": {
          "x": 0.4755611717700958,
          "y": -0.32046014070510864,
          "z": 0.42985156178474426
        },
        "tail": {
          "x": 0.5009089112281799,
          "y": -0.4294314980506897,
          "z": 0.39503809809684753
        }
      },
      "world_space": {
        "head": {
          "x": 0.4755611717700958,
          "y": -0.2572161555290222,
          "z": 1.379705548286438
        },
        "tail": {
          "x": 0.5009089112281799,
          "y": -0.36618751287460327,
          "z": 1.344892144203186
        },
        "rotation_quaternion": {
          "w": 0.12611034512519836,
          "x": -0.9624456167221069,
          "y": -0.13816393911838531,
          "z": 0.19673669338226318
        },
        "matrix": [
          [
            0.884410560131073,
            0.21632973849773407,
            -0.41354459524154663,
            0.4755611717700958
          ],
          [
            0.31557175517082214,
            -0.9300140738487244,
            0.1883840262889862,
            -0.2572161555290222
          ],
          [
            -0.34385138750076294,
            -0.297114759683609,
            -0.8907881379127502,
            1.379705548286438
          ],
          [
            0.0,
            0.0,
            0.0,
            1.0
          ]
        ]
      },
      "bone_length_armature_space": 0.11717184776839201,
      "parent": "lowerarm_l",
      "has_children": true,
      "is_end_bone": false
    },
    "index_01_l": {
      "name": "index_01_l",
      "local": {
        "location": {
          "x": 0.0,
          "y": 0.0,
          "z": 0.0
        },
        "rotation_quaternion": {
          "w": 0.9968690872192383,
          "x": -0.07674150168895721,
          "y": -0.0056109922006726265,
          "z": 0.018204525113105774
        },
        "scale": {
          "x": 1.0,
          "y": 1.0,
          "z": 1.0
        },
        "matrix_basis": [
          [
            0.9992742538452148,
            -0.03543386608362198,
            -0.013980934396386147,
            0.0
          ],
          [
            0.037156250327825546,
            0.9875586628913879,
            0.15279817581176758,
            0.0
          ],
          [
            0.008392764255404472,
            -0.1532067507505417,
            0.9881585240364075,
            0.0
          ],
          [
            0.0,
            0.0,
            0.0,
            1.0
          ]
        ],
        "rotation_mode": "QUATERNION"
      },
      "armature_space": {
        "head": {
          "x": 0.5009089112281799,
          "y": -0.4294314980506897,
          "z": 0.39503809809684753
        },
        "tail": {
          "x": 0.5173818469047546,
          "y": -0.4524478316307068,
          "z": 0.39157962799072266
        }
      },
      "world_space": {
        "head": {
          "x": 0.5009089112281799,
          "y": -0.36618751287460327,
          "z": 1.344892144203186
        },
        "tail": {
          "x": 0.5173818469047546,
          "y": -0.38920384645462036,
          "z": 1.3414336442947388
        },
        "rotation_quaternion": {
          "w": 0.022303303703665733,
          "x": -0.9419193863868713,
          "y": -0.3096943795681,
          "z": 0.12798373401165009
        },
        "matrix": [
          [
            0.7754188179969788,
            0.5777055025100708,
            -0.2549152076244354,
            0.5009089112281799
          ],
          [
            0.5891233086585999,
            -0.8071839213371277,
            -0.03725692629814148,
            -0.36618751287460327
          ],
          [
            -0.22728805243968964,
            -0.12128835916519165,
            -0.9662524461746216,
            1.344892144203186
          ],
          [
            0.0,
            0.0,
            0.0,
            1.0
          ]
        ]
      },
      "bone_length_armature_space": 0.028514385857321575,
      "parent": "metacarpal_index_l",
      "has_children": true,
      "is_end_bone": false
    },
    "index_02_l": {
      "name": "index_02_l",
      "local": {
        "location": {
          "x": 0.0,
          "y": 0.0,
          "z": 0.0
        },
        "rotation_quaternion": {
          "w": 0.9999058246612549,
          "x": 0.009275848977267742,
          "y": 0.010001341812312603,
          "z": 0.0015121855540201068
        },
        "scale": {
          "x": 1.0,
          "y": 1.0,
          "z": 1.0
        },
        "matrix_basis": [
          [
            0.9997953772544861,
            -0.002838544314727187,
            0.0200288537889719,
            0.0
          ],
          [
            0.003209628164768219,
            0.9998233318328857,
            -0.018519703298807144,
            0.0
          ],
          [
            -0.019972745329141617,
            0.018580198287963867,
            0.9996278882026672,
            0.0
          ],
          [
            0.0,
            0.0,
            0.0,
            1.0
          ]
        ],
        "rotation_mode": "QUATERNION"
      },
      "armature_space": {
        "head": {
          "x": 0.5173817873001099,
          "y": -0.4524482786655426,
          "z": 0.39157935976982117
        },
        "tail": {
          "x": 0.5328387022018433,
          "y": -0.4727204740047455,
          "z": 0.3887135982513428
        }
      },
      "world_space": {
        "head": {
          "x": 0.5173817873001099,
          "y": -0.3892042636871338,
          "z": 1.3414334058761597
        },
        "tail": {
          "x": 0.5328387022018433,
          "y": -0.40947645902633667,
          "z": 1.3385676145553589
        },
        "rotation_quaternion": {
          "w": 0.009002503007650375,
          "x": -0.9346891641616821,
          "y": -0.3237275779247284,
          "z": 0.14654530584812164
        },
        "matrix": [
          [
            0.7474496364593506,
            0.6025309562683105,
            -0.27977725863456726,
            0.5173817873001099
          ],
          [
            0.6078078746795654,
            -0.7902387380599976,
            -0.0780535638332367,
            -0.3892042636871338
          ],
          [
            -0.2681218981742859,
            -0.11171122640371323,
            -0.9568938612937927,
            1.3414334058761597
          ],
          [
            0.0,
            0.0,
            0.0,
            1.0
          ]
        ]
      },
      "bone_length_armature_space": 0.025653278617691993,
      "parent": "index_01_l",
      "has_children": true,
      "is_end_bone": false
    },
    "index_03_l": {
      "name": "index_03_l",
      "local": {
        "location": {
          "x": 0.0,
          "y": 0.0,
          "z": 0.0
        },
        "rotation_quaternion": {
          "w": 0.9990537166595459,
          "x": 0.04239312931895256,
          "y": -0.008702920749783516,
          "z": 0.004333261866122484
        },
        "scale": {
          "x": 1.0,
          "y": 1.0,
          "z": 1.0
        },
        "matrix_basis": [
          [
            0.9998109936714172,
            -0.009396211244165897,
            -0.017021968960762024,
            0.0
          ],
          [
            0.007920434698462486,
            0.9963681101799011,
            -0.0847814530134201,
            0.0
          ],
          [
            0.01775677129626274,
            0.08463060110807419,
            0.9962541460990906,
            0.0
          ],
          [
            0.0,
            0.0,
            0.0,
            1.0
          ]
        ],
        "rotation_mode": "QUATERNION"
      },
      "armature_space": {
        "head": {
          "x": 0.5328387022018433,
          "y": -0.47272050380706787,
          "z": 0.3887137472629547
        },
        "tail": {
          "x": 0.5505968928337097,
          "y": -0.4942285716533661,
          "z": 0.3800084888935089
        }
      },
      "world_space": {
        "head": {
          "x": 0.5328387022018433,
          "y": -0.40947651863098145,
          "z": 1.3385677337646484
        },
        "tail": {
          "x": 0.5505968928337097,
          "y": -0.4309845566749573,
          "z": 1.3298624753952026
        },
        "rotation_quaternion": {
          "w": 0.10506828874349594,
          "x": -0.9194437265396118,
          "y": -0.3477173149585724,
          "z": 0.15058785676956177
        },
        "matrix": [
          [
            0.7128314971923828,
            0.607769250869751,
            -0.34998250007629395,
            0.5328387022018433
          ],
          [
            0.6710571646690369,
            -0.7361066341400146,
            0.08848334848880768,
            -0.40947651863098145
          ],
          [
            -0.20384784042835236,
            -0.2979348301887512,
            -0.9325746297836304,
            1.3385677337646484
          ],
          [
            0.0,
            0.0,
            0.0,
            1.0
          ]
        ]
      },
      "bone_length_armature_space": 0.02921868970541706,
      "parent": "index_02_l",
      "has_children": false,
      "is_end_bone": true
    },
    "metacarpal_pinky_l": {
      "name": "metacarpal_pinky_l",
      "local": {
        "location": {
          "x": 0.0,
          "y": 0.0,
          "z": 0.0
        },
        "rotation_quaternion": {
          "w": 0.9997092485427856,
          "x": -0.0198698490858078,
          "y": -0.009288426488637924,
          "z": 0.01001765951514244
        },
        "scale": {
          "x": 1.0,
          "y": 1.0,
          "z": 1.0
        },
        "matrix_basis": [
          [
            0.9996267557144165,
            -0.019660374149680138,
            -0.018969550728797913,
            0.0
          ],
          [
            0.020398613065481186,
            0.9990096688270569,
            0.03954204544425011,
            0.0
          ],
          [
            0.018173353746533394,
            -0.03991423919796944,
            0.9990378022193909,
            0.0
          ],
          [
            0.0,
            0.0,
            0.0,
            1.0
          ]
        ],
        "rotation_mode": "QUATERNION"
      },
      "armature_space": {
        "head": {
          "x": 0.4755611717700958,
          "y": -0.32046014070510864,
          "z": 0.42985156178474426
        },
        "tail": {
          "x": 0.55293869972229,
          "y": -0.38809317350387573,
          "z": 0.4130672514438629
        }
      },
      "world_space": {
        "head": {
          "x": 0.4755611717700958,
          "y": -0.2572161555290222,
          "z": 1.379705548286438
        },
        "tail": {
          "x": 0.55293869972229,
          "y": -0.3248491883277893,
          "z": 1.3629212379455566
        },
        "rotation_quaternion": {
          "w": 0.36422571539878845,
          "x": 0.2700235843658447,
          "y": 0.206370547413826,
          "z": -0.8670860528945923
        },
        "matrix": [
          [
            -0.5888537168502808,
            0.7430802583694458,
            -0.31793519854545593,
            0.4755611717700958
          ],
          [
            -0.5201812982559204,
            -0.6495010256767273,
            -0.5545811653137207,
            -0.2572161555290222
          ],
          [
            -0.618602454662323,
            -0.16118493676185608,
            0.7690024375915527,
            1.379705548286438
          ],
          [
            0.0,
            0.0,
            0.0,
            1.0
          ]
        ]
      },
      "bone_length_armature_space": 0.10413079345670272,
      "parent": "lowerarm_l",
      "has_children": true,
      "is_end_bone": false
    },
    "pinky_01_l": {
      "name": "pinky_01_l",
      "local": {
        "location": {
          "x": 0.0,
          "y": 0.0,
          "z": 0.0
        },
        "rotation_quaternion": {
          "w": 0.9701635837554932,
          "x": 0.2424471229314804,
          "y": 0.0007864641956984997,
          "z": 0.0012296398635953665
        },
        "scale": {
          "x": 1.0,
          "y": 1.0,
          "z": 1.0
        },
        "matrix_basis": [
          [
            0.999995768070221,
            -0.002004551701247692,
            0.0021222431678324938,
            0.0
          ],
          [
            0.0027672555297613144,
            0.8824357390403748,
            -0.4704248011112213,
            0.0
          ],
          [
            -0.0009297525393776596,
            0.4704286754131317,
            0.882437527179718,
            0.0
          ],
          [
            0.0,
            0.0,
            0.0,
            1.0
          ]
        ],
        "rotation_mode": "QUATERNION"
      },
      "armature_space": {
        "head": {
          "x": 0.55293869972229,
          "y": -0.38809317350387573,
          "z": 0.4130672514438629
