{
  "metadata": {
    "armature_name": "KIM_caucasian_male",
    "export_time": "2026-01-13T20:25:50.811123",
    "blender_version": "4.4.1",
    "bone_count": 56,
    "end_bone_count": 13,
    "spaces_included": [
      "LOCAL_CHANNELS",
      "ARMATURE_SPACE",
      "WORLD_SPACE"
    ],
    "note": "LOCAL matches Transform panel; replay pose via local.matrix_basis for best fidelity."
  },
  "bones": {
    "Root": {
      "name": "Root",
      "local": {
        "location": {
          "x": 0.0,
          "y": 0.0,
          "z": 0.0
        },
        "rotation_quaternion": {
          "w": 0.9993760585784912,
          "x": 0.010554631240665913,
          "y": 0.019680794328451157,
          "z": -0.027365664020180702
        },
        "scale": {
          "x": 1.0,
          "y": 1.0,
          "z": 1.0
        },
        "matrix_basis": [
          [
            0.9977275729179382,
            0.055112626403570175,
            0.03875936195254326,
            0.0
          ],
          [
            -0.05428173020482063,
            0.9982794523239136,
            -0.02217324823141098,
            0.0
          ],
          [
            -0.03991469740867615,
            0.020018935203552246,
            0.9990025162696838,
            0.0
          ],
          [
            0.0,
            0.0,
            0.0,
            1.0
          ]
        ],
        "rotation_mode": "QUATERNION"
      },
      "armature_space": {
        "head": {
          "x": 0.0,
          "y": 0.07072800397872925,
          "z": -0.009595036506652832
        },
        "tail": {
          "x": 0.003933711443096399,
          "y": -7.039308547973633e-05,
          "z": -0.0014324188232421875
        }
      },
      "world_space": {
        "head": {
          "x": 0.0,
          "y": 0.13397200405597687,
          "z": 0.9402589797973633
        },
        "tail": {
          "x": 0.003933711443096399,
          "y": 0.06317360699176788,
          "z": 0.9484215974807739
        },
        "rotation_quaternion": {
          "w": 0.05679496377706528,
          "x": 0.9978166818618774,
          "y": 0.028629349544644356,
          "z": 0.01779251918196678
        },
        "matrix": [
          [
            0.9977275729179382,
            0.055112626403570175,
            0.03875936195254326,
            0.0
          ],
          [
            0.05915474519133568,
            -0.991909384727478,
            -0.11232361197471619,
            0.13397200405597687
          ],
          [
            0.03225560113787651,
            0.11436103284358978,
            -0.9929225444793701,
            0.9402589797973633
          ],
          [
            0.0,
            0.0,
            0.0,
            1.0
          ]
        ]
      },
      "bone_length_armature_space": 0.07137587434162555,
      "parent": null,
      "has_children": true,
      "is_end_bone": false
    },
    "spine_01": {
      "name": "spine_01",
      "local": {
        "location": {
          "x": 0.0,
          "y": 0.0,
          "z": 0.0
        },
        "rotation_quaternion": {
          "w": 0.9961377382278442,
          "x": 0.07824143022298813,
          "y": -0.038218170404434204,
          "z": 0.011288819834589958
        },
        "scale": {
          "x": 1.0,
          "y": 1.0,
          "z": 1.0
        },
        "matrix_basis": [
          [
            0.9968238472938538,
            -0.028470927849411964,
            -0.07437461614608765,
            0.0
          ],
          [
            0.016509950160980225,
            0.9875016808509827,
            -0.15674136579036713,
            0.0
          ],
          [
            0.07790762931108475,
            0.15501560270786285,
            0.9848353266716003,
            0.0
          ],
          [
            0.0,
            0.0,
            0.0,
            1.0
          ]
        ],
        "rotation_mode": "QUATERNION"
      },
      "armature_space": {
        "head": {
          "x": 0.003933711443096399,
          "y": -7.039308547973633e-05,
          "z": -0.0014324188232421875
        },
        "tail": {
          "x": -0.021787093952298164,
          "y": -0.06451490521430969,
          "z": 0.4816139340400696
        }
      },
      "world_space": {
        "head": {
          "x": 0.003933711443096399,
          "y": 0.06317360699176788,
          "z": 0.9484215974807739
        },
        "tail": {
          "x": -0.021787093952298164,
          "y": -0.0012709051370620728,
          "z": 1.4314680099487305
        },
        "rotation_quaternion": {
          "w": 0.6583408713340759,
          "x": 0.7522363066673279,
          "y": -0.02362293191254139,
          "z": 0.013037593103945255
        },
        "matrix": [
          [
            0.9985439777374268,
            -0.052706435322761536,
            -0.011489521712064743,
            0.003933711443096399
          ],
          [
            -0.0183740071952343,
            -0.13205809891223907,
            -0.9910717606544495,
            0.06317360699176788
          ],
          [
            0.05071891099214554,
            0.9898465871810913,
            -0.13283608853816986,
            0.9484215974807739
          ],
          [
            0.0,
            0.0,
            0.0,
            1.0
          ]
        ]
      },
      "bone_length_armature_space": 0.4880045454273278,
      "parent": "Root",
      "has_children": true,
      "is_end_bone": false
    },
    "neck_01": {
      "name": "neck_01",
      "local": {
        "location": {
          "x": 0.0,
          "y": 0.0,
          "z": 0.0
        },
        "rotation_quaternion": {
          "w": 0.9917417168617249,
          "x": 0.030298246070742607,
          "y": -0.058022018522024155,
          "z": 0.11028999835252762
        },
        "scale": {
          "x": 1.0,
          "y": 1.0,
          "z": 1.0
        },
        "matrix_basis": [
          [
            0.9689391255378723,
            -0.2222743183374405,
            -0.10840252786874771,
            0.0
          ],
          [
            0.21524246037006378,
            0.9738362431526184,
            -0.07289456576108932,
            0.0
          ],
          [
            0.12176889926195145,
            0.04729757085442543,
            0.991430938243866,
            0.0
          ],
          [
            0.0,
            0.0,
            0.0,
            1.0
          ]
        ],
        "rotation_mode": "QUATERNION"
      },
      "armature_space": {
        "head": {
          "x": -0.026044638827443123,
          "y": -0.10855481028556824,
          "z": 0.5494821071624756
        },
        "tail": {
          "x": -0.05406596511602402,
          "y": -0.16209003329277039,
          "z": 0.6323041915893555
        }
      },
      "world_space": {
        "head": {
          "x": -0.026044638827443123,
          "y": -0.04531081020832062,
          "z": 1.4993361234664917
        },
        "tail": {
          "x": -0.05406596511602402,
          "y": -0.09884603321552277,
          "z": 1.5821582078933716
        },
        "rotation_quaternion": {
          "w": 0.4668128490447998,
          "x": 0.8721275329589844,
          "y": -0.14488789439201355,
          "z": 0.022064747288823128
        },
        "matrix": [
          [
            0.9570412039756775,
            -0.27332189679145813,
            -0.09678550064563751,
            -0.026044638827443123
          ],
          [
            -0.23212215304374695,
            -0.5221861004829407,
            -0.8206347823143005,
            -0.04531081020832062
          ],
          [
            0.1737583577632904,
            0.8078522086143494,
            -0.5632022619247437,
            1.4993361234664917
          ],
          [
            0.0,
            0.0,
            0.0,
            1.0
          ]
        ]
      },
      "bone_length_armature_space": 0.10252176632782166,
      "parent": "spine_01",
      "has_children": true,
      "is_end_bone": false
    },
    "head": {
      "name": "head",
      "local": {
        "location": {
          "x": 0.0,
          "y": 0.0,
          "z": 0.0
        },
        "rotation_quaternion": {
          "w": 0.9754580855369568,
          "x": -0.08783040940761566,
          "y": -0.025926264002919197,
          "z": 0.2002384215593338
        },
        "scale": {
          "x": 1.0,
          "y": 1.0,
          "z": 1.0
        },
        "matrix_basis": [
          [
            0.9184647798538208,
            -0.3860941529273987,
            -0.08575401455163956,
            0.0
          ],
          [
            0.3952026069164276,
            0.9043807983398438,
            0.1609669029712677,
            0.0
          ],
          [
            0.015405922196805477,
            -0.181732639670372,
            0.9832273125648499,
            0.0
          ],
          [
            0.0,
            0.0,
            0.0,
            1.0
          ]
        ],
        "rotation_mode": "QUATERNION"
      },
      "armature_space": {
        "head": {
          "x": -0.05406595766544342,
          "y": -0.16209012269973755,
          "z": 0.6323040723800659
        },
        "tail": {
          "x": -0.13684168457984924,
          "y": -0.14780421555042267,
          "z": 0.762677788734436
        }
      },
      "world_space": {
        "head": {
          "x": -0.05406595766544342,
          "y": -0.09884612262248993,
          "z": 1.582158088684082
        },
        "tail": {
          "x": -0.13684168457984924,
          "y": -0.08456021547317505,
          "z": 1.7125318050384521
        },
        "rotation_quaternion": {
          "w": 0.66892009973526,
          "x": 0.6683437824249268,
          "y": -0.3140103220939636,
          "z": 0.08520616590976715
        },
        "matrix": [
          [
            0.7882736325263977,
            -0.5337263345718384,
            -0.30620431900024414,
            -0.05406595766544342
          ],
          [
            -0.30574455857276917,
            0.09211351722478867,
            -0.9476476311683655,
            -0.09884612262248993
          ],
          [
            0.5339933037757874,
            0.8406316637992859,
            -0.09057475626468658,
            1.582158088684082
          ],
          [
            0.0,
            0.0,
            0.0,
            1.0
          ]
        ]
      },
      "bone_length_armature_space": 0.15509098479573807,
      "parent": "neck_01",
      "has_children": false,
      "is_end_bone": true
    },
    "upperarm_l": {
      "name": "upperarm_l",
      "local": {
        "location": {
          "x": 0.0,
          "y": 0.0,
          "z": 0.0
        },
        "rotation_quaternion": {
          "w": 0.7514302730560303,
          "x": 0.522015392780304,
          "y": -0.012350453995168209,
          "z": 0.4033610224723816
        },
        "scale": {
          "x": 1.0,
          "y": 1.0,
          "z": 1.0
        },
        "matrix_basis": [
          [
            0.6742947101593018,
            -0.6190896034240723,
            0.4025603234767914,
            0.0
          ],
          [
            0.5933011174201965,
            0.12959963083267212,
            -0.7944797277450562,
            0.0
          ],
          [
            0.43968233466148376,
            0.7745529413223267,
            0.4546947777271271,
            0.0
          ],
          [
            0.0,
            0.0,
            0.0,
            1.0
          ]
        ],
        "rotation_mode": "QUATERNION"
      },
      "armature_space": {
        "head": {
          "x": 0.12724259495735168,
          "y": -0.10559622943401337,
          "z": 0.49014100432395935
        },
        "tail": {
          "x": 0.16283583641052246,
          "y": -0.3356392979621887,
          "z": 0.6228856444358826
        }
      },
      "world_space": {
        "head": {
          "x": 0.12724259495735168,
          "y": -0.04235222935676575,
          "z": 1.4399950504302979
        },
        "tail": {
          "x": 0.16283583641052246,
          "y": -0.2723953127861023,
          "z": 1.572739601135254
        },
        "rotation_quaternion": {
          "w": 0.2607295513153076,
          "x": 0.863021731376648,
          "y": -0.0527876615524292,
          "z": -0.42944979667663574
        },
        "matrix": [
          [
            0.6255732178688049,
            0.13282574713230133,
            -0.7687755823135376,
            0.12724259495735168
          ],
          [
            -0.31505444645881653,
            -0.8584676384925842,
            -0.40469062328338623,
            -0.04235222935676575
          ],
          [
            -0.7137272953987122,
            0.49537232518196106,
            -0.4951906204223633,
            1.4399950504302979
          ],
          [
            0.0,
            0.0,
            0.0,
            1.0
          ]
        ]
      },
      "bone_length_armature_space": 0.26796983106620303,
      "parent": "spine_01",
      "has_children": true,
      "is_end_bone": false
    },
    "lowerarm_l": {
      "name": "lowerarm_l",
      "local": {
        "location": {
          "x": 0.0,
          "y": 0.0,
          "z": 0.0
        },
        "rotation_quaternion": {
          "w": 0.9356064200401306,
          "x": 0.24683916568756104,
          "y": -0.03917549178004265,
          "z": 0.2493521124124527
        },
        "scale": {
          "x": 1.0,
          "y": 1.0,
          "z": 1.0
        },
        "matrix_basis": [
          [
            0.8725776076316833,
            -0.4859309792518616,
            0.04979405179619789,
            0.0
          ],
          [
            0.4472507834434509,
            0.7537878751754761,
            -0.48142561316490173,
            0.0
          ],
          [
            0.19640541076660156,
            0.44235163927078247,
            0.8750714063644409,
            0.0
          ],
          [
            0.0,
            0.0,
            0.0,
            1.0
          ]
        ],
        "rotation_mode": "QUATERNION"
      },
      "armature_space": {
        "head": {
          "x": 0.1628357321023941,
          "y": -0.3356393575668335,
          "z": 0.6228857636451721
        },
        "tail": {
          "x": -0.005864933133125305,
          "y": -0.48734593391418457,
          "z": 0.7646418809890747
        }
      },
      "world_space": {
        "head": {
          "x": 0.1628357321023941,
          "y": -0.27239537239074707,
          "z": 1.572739839553833
        },
        "tail": {
          "x": -0.005864933133125305,
          "y": -0.42410194873809814,
          "z": 1.7144958972930908
        },
        "rotation_quaternion": {
          "w": 0.1092836856842041,
          "x": 0.7924883365631104,
          "y": -0.45223748683929443,
          "z": -0.3943357765674591
        },
        "matrix": [
          [
            0.27996012568473816,
            -0.6305989623069763,
            -0.7238561511039734,
            0.1628357321023941
          ],
          [
            -0.8029752373695374,
            -0.5670755505561829,
            0.18345656991004944,
            -0.27239537239074707
          ],
          [
            -0.5261729955673218,
            0.5298810005187988,
            -0.6651181578636169,
            1.572739839553833
          ],
          [
            0.0,
            0.0,
            0.0,
            1.0
          ]
        ]
      },
      "bone_length_armature_space": 0.26752494367054014,
      "parent": "upperarm_l",
      "has_children": true,
      "is_end_bone": false
    },
    "metacarpal_thumb_l": {
      "name": "metacarpal_thumb_l",
      "local": {
        "location": {
          "x": 0.0,
          "y": 0.0,
          "z": 0.0
        },
        "rotation_quaternion": {
          "w": 0.99985671043396,
          "x": -0.002362773520871997,
          "y": 0.013064526952803135,
          "z": 0.010505404323339462
        },
        "scale": {
          "x": 1.0,
          "y": 1.0,
          "z": 1.0
        },
        "matrix_basis": [
          [
            0.9994379281997681,
            -0.021069534122943878,
            0.026075666770339012,
            0.0
          ],
          [
            0.020946061238646507,
            0.999768078327179,
            0.004999366123229265,
            0.0
          ],
          [
            -0.02617495320737362,
            -0.004450373817235231,
            0.9996474981307983,
            0.0
          ],
          [
            0.0,
            0.0,
            0.0,
            1.0
          ]
        ],
        "rotation_mode": "QUATERNION"
      },
      "armature_space": {
        "head": {
          "x": -0.005864933133125305,
          "y": -0.48734593391418457,
          "z": 0.7646418809890747
        },
        "tail": {
          "x": -0.04936117306351662,
          "y": -0.5106772780418396,
          "z": 0.7604813575744629
        }
      },
      "world_space": {
        "head": {
          "x": -0.005864933133125305,
          "y": -0.42410194873809814,
          "z": 1.7144958972930908
        },
        "tail": {
          "x": -0.04936117306351662,
          "y": -0.4474332928657532,
          "z": 1.710335373878479
        },
        "rotation_quaternion": {
          "w": 0.20821446180343628,
          "x": 0.7475638389587402,
          "y": -0.47025054693222046,
          "z": 0.4203089475631714
        },
        "matrix": [
          [
            0.20440852642059326,
            -0.878114640712738,
            0.43258753418922424,
            -0.005864933133125305
          ],
          [
            -0.5280555486679077,
            -0.471019983291626,
            -0.7066099643707275,
            -0.42410194873809814
          ],
          [
            0.8242471218109131,
            -0.08399419486522675,
            -0.5599784255027771,
            1.7144958972930908
          ],
          [
            0.0,
            0.0,
            0.0,
            1.0
          ]
        ]
      },
      "bone_length_armature_space": 0.04953367037149641,
      "parent": "lowerarm_l",
      "has_children": true,
      "is_end_bone": false
    },
    "thumb_01_l": {
      "name": "thumb_01_l",
      "local": {
        "location": {
          "x": 0.0,
          "y": 0.0,
          "z": 0.0
        },
        "rotation_quaternion": {
          "w": 0.999335527420044,
          "x": 0.03455119952559471,
          "y": -0.006131122820079327,
          "z": 0.009859406389296055
        },
        "scale": {
          "x": 1.0,
          "y": 1.0,
          "z": 1.0
        },
        "matrix_basis": [
          [
            0.9997304081916809,
            -0.020129386335611343,
            -0.011572789400815964,
            0.0
          ],
          [
            0.019282035529613495,
            0.9974179863929749,
            -0.06917738169431686,
            0.0
          ],
          [
            0.012935406528413296,
            0.0689355805516243,
            0.9975372552871704,
            0.0
          ],
          [
            0.0,
            0.0,
            0.0,
            1.0
          ]
        ],
        "rotation_mode": "QUATERNION"
      },
      "armature_space": {
        "head": {
          "x": -0.04936117306351662,
          "y": -0.5106772780418396,
          "z": 0.7604813575744629
        },
        "tail": {
          "x": -0.05795414745807648,
          "y": -0.5383983254432678,
          "z": 0.7426955103874207
        }
      },
      "world_space": {
        "head": {
          "x": -0.04936117306351662,
          "y": -0.4474332928657532,
          "z": 1.710335373878479
        },
        "tail": {
          "x": -0.05795414745807648,
          "y": -0.4751543402671814,
          "z": 1.692549467086792
        },
        "rotation_quaternion": {
          "w": 0.09282979369163513,
          "x": 0.13330210745334625,
          "y": -0.290142685174942,
          "z": 0.9430962204933167
        },
        "matrix": [
          [
            -0.9472264647483826,
            -0.25244808197021484,
            0.1975650042295456,
            -0.04936117306351662
          ],
          [
            0.09774228185415268,
            -0.8144000768661499,
            -0.5720133185386658,
            -0.4474332928657532
          ],
          [
            0.30530285835266113,
            -0.5225201845169067,
            0.7961012125015259,
            1.710335373878479
          ],
          [
            0.0,
            0.0,
            0.0,
            1.0
          ]
        ]
      },
      "bone_length_armature_space": 0.034038684993879444,
      "parent": "metacarpal_thumb_l",
      "has_children": true,
      "is_end_bone": false
    },
    "thumb_02_l": {
      "name": "thumb_02_l",
      "local": {
        "location": {
          "x": 0.0,
          "y": 0.0,
          "z": 0.0
        },
        "rotation_quaternion": {
          "w": 0.9946707487106323,
          "x": 0.10305669903755188,
          "y": -0.002447832841426134,
          "z": -0.00186791957821697
        },
        "scale": {
          "x": 1.0,
          "y": 1.0,
          "z": 1.0
        },
        "matrix_basis": [
          [
            0.9999810457229614,
            0.0032113988418132067,
            -0.005254578776657581,
            0.0
          ],
          [
            -0.004220461007207632,
            0.9787516593933105,
            -0.20500582456588745,
            0.0
          ],
          [
            0.004484571982175112,
            0.2050241082906723,
            0.9787466526031494,
            0.0
          ],
          [
            0.0,
            0.0,
            0.0,
            1.0
          ]
        ],
        "rotation_mode": "QUATERNION"
      },
      "armature_space": {
        "head": {
          "x": -0.05795411765575409,
          "y": -0.538398265838623,
          "z": 0.7426954507827759
        },
        "tail": {
          "x": -0.081364206969738,
          "y": -0.5610592365264893,
          "z": 0.7661823034286499
        }
      },
      "world_space": {
        "head": {
          "x": -0.05795411765575409,
          "y": -0.4751542806625366,
          "z": 1.692549467086792
        },
        "tail": {
          "x": -0.081364206969738,
          "y": -0.49781525135040283,
          "z": 1.716036319732666
        },
        "rotation_quaternion": {
          "w": 0.31940627098083496,
          "x": -0.026688333600759506,
          "y": 0.34040623903274536,
          "z": 0.8839632868766785
        },
        "matrix": [
          [
            -0.7945343255996704,
            -0.5828566551208496,
            0.17027415335178375,
            -0.05795411765575409
          ],
          [
            0.5465182065963745,
            -0.5642057061195374,
            0.6188617944717407,
            -0.4751542806625366
          ],
          [
            -0.2646394968032837,
            0.5847684144973755,
            0.7668285369873047,
            1.692549467086792
          ],
          [
            0.0,
            0.0,
            0.0,
            1.0
          ]
        ]
      },
      "bone_length_armature_space": 0.04016446328774757,
      "parent": "thumb_01_l",
      "has_children": true,
      "is_end_bone": false
    },
    "thumb_03_l": {
      "name": "thumb_03_l",
      "local": {
        "location": {
          "x": 0.0,
          "y": 0.0,
          "z": 0.0
        },
        "rotation_quaternion": {
          "w": 0.9980433583259583,
          "x": 0.06241963803768158,
          "y": 0.0029609831981360912,
          "z": -0.0021273617167025805
        },
        "scale": {
          "x": 1.0,
          "y": 1.0,
          "z": 1.0
        },
        "matrix_basis": [
          [
            0.9999734163284302,
            0.004616045393049717,
            0.005644801072776318,
            0.0
          ],
          [
            -0.003876751521602273,
            0.9921985268592834,
            -0.12460760772228241,
            0.0
          ],
          [
            -0.00617595762014389,
            0.12458240985870361,
            0.9921900629997253,
            0.0
          ],
          [
            0.0,
            0.0,
            0.0,
            1.0
          ]
        ],
        "rotation_mode": "QUATERNION"
      },
      "armature_space": {
        "head": {
          "x": -0.0813642367720604,
          "y": -0.5610592365264893,
          "z": 0.7661822438240051
        },
        "tail": {
          "x": -0.09310261905193329,
          "y": -0.5714849233627319,
          "z": 0.7922670245170593
        }
      },
      "world_space": {
        "head": {
          "x": -0.0813642367720604,
          "y": -0.49781525135040283,
          "z": 1.716036319732666
        },
        "tail": {
          "x": -0.09310261905193329,
          "y": -0.5082409381866455,
          "z": 1.7421209812164307
        },
        "rotation_quaternion": {
          "w": 0.16319145262241364,
          "x": -0.10967211425304413,
          "y": 0.5496782660484314,
          "z": 0.811907947063446
        },
        "matrix": [
          [
            -0.9226810932159424,
            -0.3855617940425873,
            0.001319877803325653,
            -0.0813642367720604
          ],
          [
            0.14442598819732666,
            -0.3424445390701294,
            0.928371250629425,
            -0.49781525135040283
          ],
          [
            -0.35749486088752747,
            0.856786847114563,
            0.37165567278862,
            1.716036319732666
          ],
          [
            0.0,
            0.0,
            0.0,
            1.0
          ]
        ]
      },
      "bone_length_armature_space": 0.030445037935418463,
      "parent": "thumb_02_l",
      "has_children": false,
      "is_end_bone": true
    },
    "metacarpal_index_l": {
      "name": "metacarpal_index_l",
      "local": {
        "location": {
          "x": 0.0,
          "y": 0.0,
          "z": 0.0
        },
        "rotation_quaternion": {
          "w": 0.9998319149017334,
          "x": 0.008642610162496567,
          "y": 0.015178690664470196,
          "z": 0.005582449026405811
        },
        "scale": {
          "x": 1.0,
          "y": 1.0,
          "z": 1.0
        },
        "matrix_basis": [
          [
            0.9994769096374512,
            -0.010900654830038548,
            0.03044877201318741,
            0.0
          ],
          [
            0.011425388045608997,
            0.9997882843017578,
            -0.017112845554947853,
            0.0
          ],
          [
            -0.030255785211920738,
            0.017451783642172813,
            0.9993898272514343,
            0.0
          ],
          [
            0.0,
            0.0,
            0.0,
            1.0
          ]
        ],
        "rotation_mode": "QUATERNION"
      },
      "armature_space": {
        "head": {
          "x": -0.005864933133125305,
          "y": -0.48734593391418457,
          "z": 0.7646418809890747
        },
        "tail": {
          "x": -0.10115005075931549,
          "y": -0.5486446619033813,
          "z": 0.7945157289505005
        }
      },
      "world_space": {
        "head": {
          "x": -0.005864933133125305,
          "y": -0.42410194873809814,
          "z": 1.7144958972930908
        },
        "tail": {
          "x": -0.10115005075931549,
          "y": -0.4854006767272949,
          "z": 1.7443697452545166
        },
        "rotation_quaternion": {
          "w": 0.20067371428012848,
          "x": 0.8664379119873047,
          "y": -0.44514426589012146,
          "z": 0.10422156751155853
        },
        "matrix": [
          [
            0.5819688439369202,
            -0.813209056854248,
            0.0019442867487668991,
            -0.005864933133125305
          ],
          [
            -0.7295510172843933,
            -0.5231526494026184,
            -0.44053032994270325,
            -0.42410194873809814
          ],
          [
            0.35926198959350586,
            0.2549575865268707,
            -0.897742509841919,
            1.7144958972930908
          ],
          [
            0.0,
            0.0,
            0.0,
            1.0
          ]
        ]
      },
      "bone_length_armature_space": 0.11717181473306766,
      "parent": "lowerarm_l",
      "has_children": true,
      "is_end_bone": false
    },
    "index_01_l": {
      "name": "index_01_l",
      "local": {
        "location": {
          "x": 0.0,
          "y": 0.0,
          "z": 0.0
        },
        "rotation_quaternion": {
          "w": 0.9974514245986938,
          "x": -0.0680791363120079,
          "y": -0.015831878408789635,
          "z": 0.014328669756650925
        },
        "scale": {
          "x": 1.0,
          "y": 1.0,
          "z": 1.0
        },
        "matrix_basis": [
          [
            0.9990881085395813,
            -0.02642866224050522,
            -0.03353402763605118,
            0.0
          ],
          [
            0.03073994442820549,
            0.9903198480606079,
            0.1353575587272644,
            0.0
          ],
          [
            0.029632091522216797,
            -0.13626496493816376,
            0.9902291893959045,
            0.0
          ],
          [
            0.0,
            0.0,
            0.0,
            1.0
          ]
        ],
        "rotation_mode": "QUATERNION"
      },
      "armature_space": {
        "head": {
          "x": -0.10115005075931549,
          "y": -0.5486446619033813,
          "z": 0.7945157289505005
        },
        "tail": {
          "x": -0.11722458899021149,
          "y": -0.5653305649757385,
          "z": 0.8111369013786316
        }
      },
      "world_space": {
        "head": {
          "x": -0.10115005075931549,
          "y": -0.4854006767272949,
          "z": 1.7443697452545166
        },
        "tail": {
          "x": -0.11722458899021149,
          "y": -0.5020865797996521,
          "z": 1.760990858078003
        },
        "rotation_quaternion": {
          "w": 0.33533990383148193,
          "x": 0.8899844288825989,
          "y": -0.30815503001213074,
          "z": 0.022705258801579475
        },
        "matrix": [
          [
            0.809049665927887,
            -0.5637346506118774,
            -0.16626009345054626,
            -0.10115005075931549
          ],
          [
            -0.533279299736023,
            -0.5851746201515198,
            -0.6108881235122681,
            -0.4854006767272949
          ],
          [
            0.24708868563175201,
            0.582905113697052,
            -0.7740691304206848,
            1.7443697452545166
          ],
          [
            0.0,
            0.0,
            0.0,
            1.0
          ]
        ]
      },
      "bone_length_armature_space": 0.02851444384418108,
      "parent": "metacarpal_index_l",
      "has_children": true,
      "is_end_bone": false
    },
    "index_02_l": {
      "name": "index_02_l",
      "local": {
        "location": {
          "x": 0.0,
          "y": 0.0,
          "z": 0.0
        },
        "rotation_quaternion": {
          "w": 0.9982949495315552,
          "x": 0.057561613619327545,
          "y": -0.009371969848871231,
          "z": 0.0024663093499839306
        },
        "scale": {
          "x": 1.0,
          "y": 1.0,
          "z": 1.0
        },
        "matrix_basis": [
          [
            0.9998121857643127,
            -0.006003139540553093,
            -0.018428049981594086,
            0.0
          ],
          [
            0.0038452770095318556,
            0.9933611750602722,
            -0.11497316509485245,
            0.0
          ],
          [
            0.01899590902030468,
            0.11488071084022522,
            0.9931976795196533,
            0.0
          ],
          [
            0.0,
            0.0,
            0.0,
            1.0
          ]
        ],
        "rotation_mode": "QUATERNION"
      },
      "armature_space": {
        "head": {
          "x": -0.1172250509262085,
          "y": -0.5653308033943176,
          "z": 0.8111368417739868
        },
        "tail": {
          "x": -0.13161660730838776,
          "y": -0.5817821025848389,
          "z": 0.824565589427948
        }
      },
      "world_space": {
        "head": {
          "x": -0.1172250509262085,
          "y": -0.5020868182182312,
          "z": 1.760990858078003
        },
        "tail": {
          "x": -0.13161660730838776,
          "y": -0.5185381174087524,
          "z": 1.7744195461273193
        },
        "rotation_quaternion": {
          "w": 0.28659355640411377,
          "x": 0.9058705568313599,
          "y": -0.31179603934288025,
          "z": -0.006788807921111584
        },
        "matrix": [
          [
            0.8054741024971008,
            -0.5610027313232422,
            -0.19101816415786743,
            -0.1172250509262085
          ],
          [
            -0.5687856078147888,
            -0.6412943005561829,
            -0.5149999856948853,
            -0.5020868182182312
          ],
          [
            0.16641801595687866,
            0.5234702825546265,
            -0.835642397403717,
            1.760990858078003
          ],
          [
            0.0,
            0.0,
            0.0,
            1.0
          ]
        ]
      },
      "bone_length_armature_space": 0.025653331425404574,
      "parent": "index_01_l",
      "has_children": true,
      "is_end_bone": false
    },
    "index_03_l": {
      "name": "index_03_l",
      "local": {
        "location": {
          "x": 0.0,
          "y": 0.0,
          "z": 0.0
        },
        "rotation_quaternion": {
          "w": 0.9997711777687073,
          "x": 0.0209009051322937,
          "y": 0.00181780441198498,
          "z": 0.004178459756076336
        },
        "scale": {
          "x": 1.0,
          "y": 1.0,
          "z": 1.0
        },
        "matrix_basis": [
          [
            0.9999584555625916,
            -0.008279019966721535,
            0.0038094441406428814,
            0.0
          ],
          [
            0.008430995047092438,
            0.999091386795044,
            -0.041777051985263824,
            0.0
          ],
          [
            -0.0034601096995174885,
            0.04180743545293808,
            0.9991196990013123,
            0.0
          ],
          [
            0.0,
            0.0,
            0.0,
            1.0
          ]
        ],
        "rotation_mode": "QUATERNION"
      },
      "armature_space": {
        "head": {
          "x": -0.13161659240722656,
          "y": -0.5817820429801941,
          "z": 0.8245656490325928
        },
        "tail": {
          "x": -0.1465291678905487,
          "y": -0.6036662459373474,
          "z": 0.8369118571281433
        }
      },
      "world_space": {
        "head": {
          "x": -0.13161659240722656,
          "y": -0.5185380578041077,
          "z": 1.7744196653366089
        },
        "tail": {
          "x": -0.1465291678905487,
          "y": -0.540422260761261,
          "z": 1.7867658138275146
        },
        "rotation_quaternion": {
          "w": 0.23609669506549835,
          "x": 0.934471070766449,
          "y": -0.264136403799057,
          "z": 0.035413481295108795
        },
        "matrix": [
          [
            0.8579556941986084,
            -0.5103780031204224,
            -0.05853855982422829,
            -0.13161659240722656
          ],
          [
            -0.4769341051578522,
            -0.7489803433418274,
            -0.4599595069885254,
            -0.5185380578041077
          ],
          [
            0.19090977311134338,
            0.4225459098815918,
            -0.8860150575637817,
            1.7744196653366089
          ],
          [
            0.0,
            0.0,
            0.0,
            1.0
          ]
        ]
      },
      "bone_length_armature_space": 0.02921869431223573,
      "parent": "index_02_l",
      "has_children": false,
      "is_end_bone": true
    },
    "metacarpal_pinky_l": {
      "name": "metacarpal_pinky_l",
      "local": {
        "location": {
          "x": 0.0,
          "y": 0.0,
          "z": 0.0
        },
        "rotation_quaternion": {
          "w": 0.9975350499153137,
          "x": -0.06859360635280609,
          "y": 0.006523653864860535,
          "z": 0.013277928344905376
        },
        "scale": {
          "x": 1.0,
          "y": 1.0,
          "z": 1.0
        },
        "matrix_basis": [
          [
            0.9995622634887695,
            -0.02738535962998867,
            0.011193584650754929,
            0.0
          ],
          [
            0.02559543587267399,
            0.9902372360229492,
            0.13702230155467987,
            0.0
          ],
          [
            -0.014836709015071392,
            -0.13667580485343933,
            0.9905047416687012,
            0.0
          ],
          [
            0.0,
            0.0,
            0.0,
            1.0
          ]
        ],
        "rotation_mode": "QUATERNION"
      },
      "armature_space": {
        "head": {
          "x": -0.005864933133125305,
          "y": -0.48734593391418457,
          "z": 0.7646418809890747
        },
        "tail": {
          "x": -0.03555876761674881,
          "y": -0.5596129894256592,
          "z": 0.8334824442863464
        }
      },
      "world_space": {
        "head": {
          "x": -0.005864933133125305,
          "y": -0.42410194873809814,
          "z": 1.7144958972930908
        },
        "tail": {
          "x": -0.03555876761674881,
          "y": -0.49636900424957275,
          "z": 1.7833364009857178
        },
        "rotation_quaternion": {
          "w": 0.01349156815558672,
          "x": -0.3351488411426544,
          "y": 0.39091789722442627,
          "z": 0.8571326732635498
        },
        "matrix": [
          [
            -0.7749872803688049,
            -0.2851591110229492,
            -0.5639854073524475,
            -0.005864933133125305
          ],
          [
            -0.238902747631073,
            -0.6940028071403503,
            0.6791802644729614,
            -0.42410194873809814
          ],
          [
            -0.5850859880447388,
            0.6610974073410034,
            0.46972188353538513,
            1.7144958972930908
          ],
          [
            0.0,
            0.0,
            0.0,
            1.0
          ]
        ]
      },
      "bone_length_armature_space": 0.10413104444113667,
      "parent": "lowerarm_l",
      "has_children": true,
      "is_end_bone": false
    },
    "pinky_01_l": {
      "name": "pinky_01_l",
      "local": {
        "location": {
          "x": 0.0,
          "y": 0.0,
          "z": 0.0
        },
        "rotation_quaternion": {
          "w": 0.9446699619293213,
          "x": 0.3276210427284241,
          "y": 0.0018087441567331553,
          "z": -0.0161235760897398
        },
        "scale": {
          "x": 1.0,
          "y": 1.0,
          "z": 1.0
        },
        "matrix_basis": [
          [
            0.999473512172699,
            0.03164808079600334,
            -0.00714751286432147,
            0.0
          ],
          [
            -0.029277751222252846,
            0.7848089933395386,
            -0.6190458536148071,
            0.0
          ],
          [
            -0.013982177712023258,
            0.6189292073249817,
            0.785322368144989,
            0.0
          ],
          [
            0.0,
            0.0,
            0.0,
            1.0
          ]
        ],
        "rotation_mode": "QUATERNION"
      },
      "armature_space": {
        "head": {
          "x": -0.03555876761674881,
          "y": -0.5596129894256592,
