{
  "metadata": {
    "armature_name": "KIM_caucasian_male",
    "export_time": "2026-01-13T19:11:37.070687",
    "blender_version": "4.4.1",
    "bone_count": 56,
    "end_bone_count": 13,
    "spaces_included": [
      "LOCAL_CHANNELS",
      "ARMATURE_SPACE",
      "WORLD_SPACE"
    ],
    "note": "LOCAL matches Transform panel; replay pose via local.matrix_basis for best fidelity."
  },
  "bones": {
    "Root": {
      "name": "Root",
      "local": {
        "location": {
          "x": 0.0,
          "y": 0.0,
          "z": 0.0
        },
        "rotation_quaternion": {
          "w": 0.9998127222061157,
          "x": 0.005665221251547337,
          "y": -0.016324186697602272,
          "z": 0.00871358998119831
        },
        "scale": {
          "x": 1.0,
          "y": 1.0,
          "z": 1.0
        },
        "matrix_basis": [
          [
            0.9993152022361755,
            -0.017608877271413803,
            -0.03254352882504463,
            0.0
          ],
          [
            0.017238955944776535,
            0.9997839331626892,
            -0.011612805537879467,
            0.0
          ],
          [
            0.032740987837314606,
            0.011043836362659931,
            0.9994028806686401,
            0.0
          ],
          [
            0.0,
            0.0,
            0.0,
            1.0
          ]
        ],
        "rotation_mode": "QUATERNION"
      },
      "armature_space": {
        "head": {
          "x": 0.0,
          "y": 0.07072800397872925,
          "z": -0.009595036506652832
        },
        "tail": {
          "x": -0.001256848918274045,
          "y": -9.068101644515991e-05,
          "z": -0.0007831873372197151
        }
      },
      "world_space": {
        "head": {
          "x": 0.0,
          "y": 0.13397200405597687,
          "z": 0.9402589797973633
        },
        "tail": {
          "x": -0.001256848918274045,
          "y": 0.06315331906080246,
          "z": 0.9490708112716675
        },
        "rotation_quaternion": {
          "w": 0.06170269474387169,
          "x": 0.9979231357574463,
          "y": -0.009793521836400032,
          "z": -0.01570008508861065
        },
        "matrix": [
          [
            0.9993152022361755,
            -0.017608877271413803,
            -0.03254352882504463,
            0.0
          ],
          [
            -0.02148384228348732,
            -0.9921936988830566,
            -0.12284202128648758,
            0.13397200405597687
          ],
          [
            -0.030126605182886124,
            0.12345697730779648,
            -0.9918996095657349,
            0.9402589797973633
          ],
          [
            0.0,
            0.0,
            0.0,
            1.0
          ]
        ]
      },
      "bone_length_armature_space": 0.0713758678087937,
      "parent": null,
      "has_children": true,
      "is_end_bone": false
    },
    "spine_01": {
      "name": "spine_01",
      "local": {
        "location": {
          "x": 0.0,
          "y": 0.0,
          "z": 0.0
        },
        "rotation_quaternion": {
          "w": 0.9987980127334595,
          "x": 0.045229844748973846,
          "y": -0.018887799233198166,
          "z": 0.0003118376771453768
        },
        "scale": {
          "x": 1.0,
          "y": 1.0,
          "z": 1.0
        },
        "matrix_basis": [
          [
            0.9992862939834595,
            -0.0023315101861953735,
            -0.037701983004808426,
            0.0
          ],
          [
            -0.0010856587905436754,
            0.9959083199501038,
            -0.09036273509263992,
            0.0
          ],
          [
            0.03775840252637863,
            0.09033917635679245,
            0.9951950311660767,
            0.0
          ],
          [
            0.0,
            0.0,
            0.0,
            1.0
          ]
        ],
        "rotation_mode": "QUATERNION"
      },
      "armature_space": {
        "head": {
          "x": -0.001256848918274045,
          "y": -9.068101644515991e-05,
          "z": -0.0007831873372197151
        },
        "tail": {
          "x": 0.011708799749612808,
          "y": -0.0270637646317482,
          "z": 0.4863029420375824
        }
      },
      "world_space": {
        "head": {
          "x": -0.001256848918274045,
          "y": 0.06315331906080246,
          "z": 0.9490708112716675
        },
        "tail": {
          "x": 0.011708799749612808,
          "y": 0.03618023544549942,
          "z": 1.436156988143921
        },
        "rotation_quaternion": {
          "w": 0.6871949434280396,
          "x": 0.725714921951294,
          "y": -0.011252470314502716,
          "z": -0.031214620918035507
        },
        "matrix": [
          [
            0.9977980852127075,
            0.026568884029984474,
            -0.060770902782678604,
            -0.001256848918274045
          ],
          [
            -0.05923303961753845,
            -0.05527257174253464,
            -0.996712863445282,
            0.06315331906080246
          ],
          [
            -0.029840774834156036,
            0.9981247782707214,
            -0.05357841029763222,
            0.9490708112716675
          ],
          [
            0.0,
            0.0,
            0.0,
            1.0
          ]
        ]
      },
      "bone_length_armature_space": 0.4880046580843305,
      "parent": "Root",
      "has_children": true,
      "is_end_bone": false
    },
    "neck_01": {
      "name": "neck_01",
      "local": {
        "location": {
          "x": 0.0,
          "y": 0.0,
          "z": 0.0
        },
        "rotation_quaternion": {
          "w": 0.9891253113746643,
          "x": -0.02924172580242157,
          "y": -0.08679729700088501,
          "z": -0.11507479101419449
        },
        "scale": {
          "x": 1.0,
          "y": 1.0,
          "z": 1.0
        },
        "matrix_basis": [
          [
            0.958448052406311,
            0.23272298276424408,
            -0.1649768352508545,
            0.0
          ],
          [
            -0.22257056832313538,
            0.9718054533004761,
            0.07782382518053055,
            0.0
          ],
          [
            0.1784367710351944,
            -0.0378711000084877,
            0.9832223057746887,
            0.0
          ],
          [
            0.0,
            0.0,
            0.0,
            1.0
          ]
        ],
        "rotation_mode": "QUATERNION"
      },
      "armature_space": {
        "head": {
          "x": 0.011546570807695389,
          "y": -0.06567718088626862,
          "z": 0.5575259327888489
        },
        "tail": {
          "x": 0.0357629656791687,
          "y": -0.10644953697919846,
          "z": 0.648421049118042
        }
      },
      "world_space": {
        "head": {
          "x": 0.011546570807695389,
          "y": -0.002433180809020996,
          "z": 1.5073800086975098
        },
        "tail": {
          "x": 0.0357629656791687,
          "y": -0.043205536901950836,
          "z": 1.598275065422058
        },
        "rotation_quaternion": {
          "w": 0.5476928949356079,
          "x": 0.8197000026702881,
          "y": 0.03441372513771057,
          "z": -0.16413435339927673
        },
        "matrix": [
          [
            0.9437515735626221,
            0.23620834946632385,
            -0.23138433694839478,
            0.011546570807695389
          ],
          [
            -0.12337144464254379,
            -0.39769628643989563,
            -0.9091851115226746,
            -0.002433180809020996
          ],
          [
            -0.30678001046180725,
            0.8865967392921448,
            -0.34618839621543884,
            1.5073800086975098
          ],
          [
            0.0,
            0.0,
            0.0,
            1.0
          ]
        ]
      },
      "bone_length_armature_space": 0.10252190344154115,
      "parent": "spine_01",
      "has_children": true,
      "is_end_bone": false
    },
    "head": {
      "name": "head",
      "local": {
        "location": {
          "x": 0.0,
          "y": 0.0,
          "z": 0.0
        },
        "rotation_quaternion": {
          "w": 0.9868025779724121,
          "x": 0.05892777815461159,
          "y": 0.0427137166261673,
          "z": -0.14465080201625824
        },
        "scale": {
          "x": 1.0,
          "y": 1.0,
          "z": 1.0
        },
        "matrix_basis": [
          [
            0.9545033574104309,
            0.2905176281929016,
            0.06725210696458817,
            0.0
          ],
          [
            -0.2804495096206665,
            0.9512073397636414,
            -0.12865731120109558,
            0.0
          ],
          [
            -0.101347915828228,
            0.10394302010536194,
            0.9894061088562012,
            0.0
          ],
          [
            0.0,
            0.0,
            0.0,
            1.0
          ]
        ],
        "rotation_mode": "QUATERNION"
      },
      "armature_space": {
        "head": {
          "x": 0.03576291352510452,
          "y": -0.10644964873790741,
          "z": 0.6484208703041077
        },
        "tail": {
          "x": 0.12087009847164154,
          "y": -0.13432465493679047,
          "z": 0.7750421762466431
        }
      },
      "world_space": {
        "head": {
          "x": 0.03576291352510452,
          "y": -0.04320564866065979,
          "z": 1.5982749462127686
        },
        "tail": {
          "x": 0.12087009847164154,
          "y": -0.07108065485954285,
          "z": 1.7248961925506592
        },
        "rotation_quaternion": {
          "w": 0.6133770942687988,
          "x": 0.7336883544921875,
          "y": 0.18412435054779053,
          "z": -0.22708645462989807
        },
        "matrix": [
          [
            0.8290601968765259,
            0.5487592220306396,
            -0.10734403133392334,
            0.03576291352510452
          ],
          [
            -0.008396722376346588,
            -0.17973411083221436,
            -0.9836795926094055,
            -0.04320564866065979
          ],
          [
            -0.5591004490852356,
            0.8164364695549011,
            -0.1444045454263687,
            1.5982749462127686
          ],
          [
            0.0,
            0.0,
            0.0,
            1.0
          ]
        ]
      },
      "bone_length_armature_space": 0.15509095223733294,
      "parent": "neck_01",
      "has_children": false,
      "is_end_bone": true
    },
    "upperarm_l": {
      "name": "upperarm_l",
      "local": {
        "location": {
          "x": 0.0,
          "y": 0.0,
          "z": 0.0
        },
        "rotation_quaternion": {
          "w": 0.8206318020820618,
          "x": -0.1758192777633667,
          "y": 0.5437175035476685,
          "z": -0.004728512838482857
        },
        "scale": {
          "x": 1.0,
          "y": 1.0,
          "z": 1.0
        },
        "matrix_basis": [
          [
            0.40869784355163574,
            -0.18343129754066467,
            0.8940464854240417,
            0.0
          ],
          [
            -0.198952779173851,
            0.9381304383277893,
            0.28342384099960327,
            0.0
          ],
          [
            -0.8907210230827332,
            -0.2937077283859253,
            0.3469177186489105,
            0.0
          ],
          [
            0.0,
            0.0,
            0.0,
            1.0
          ]
        ],
        "rotation_mode": "QUATERNION"
      },
      "armature_space": {
        "head": {
          "x": 0.1592368483543396,
          "y": -0.07402603328227997,
          "z": 0.485797256231308
        },
        "tail": {
          "x": 0.4144265055656433,
          "y": -0.004306331276893616,
          "z": 0.5285178422927856
        }
      },
      "world_space": {
        "head": {
          "x": 0.1592368483543396,
          "y": -0.010782033205032349,
          "z": 1.4356513023376465
        },
        "tail": {
          "x": 0.4144265055656433,
          "y": 0.058937668800354004,
          "z": 1.4783718585968018
        },
        "rotation_quaternion": {
          "w": 0.1806526929140091,
          "x": 0.6069682836532593,
          "y": 0.7729513645172119,
          "z": -0.038733091205358505
        },
        "matrix": [
          [
            -0.19790759682655334,
            0.9523088932037354,
            0.23225080966949463,
            0.1592368483543396
          ],
          [
            0.924319326877594,
            0.2601778209209442,
            -0.2791801989078522,
            -0.010782033205032349
          ],
          [
            -0.3262937068939209,
            0.15942330658435822,
            -0.9317354559898376,
            1.4356513023376465
          ],
          [
            0.0,
            0.0,
            0.0,
            1.0
          ]
        ]
      },
      "bone_length_armature_space": 0.267969490686608,
      "parent": "spine_01",
      "has_children": true,
      "is_end_bone": false
    },
    "lowerarm_l": {
      "name": "lowerarm_l",
      "local": {
        "location": {
          "x": 0.0,
          "y": 0.0,
          "z": 0.0
        },
        "rotation_quaternion": {
          "w": 0.8835484385490417,
          "x": 0.39634978771209717,
          "y": 0.16565145552158356,
          "z": -0.18657076358795166
        },
        "scale": {
          "x": 1.0,
          "y": 1.0,
          "z": 1.0
        },
        "matrix_basis": [
          [
            0.8755018711090088,
            0.4610004425048828,
            0.14482760429382324,
            0.0
          ],
          [
            -0.19837677478790283,
            0.6161963939666748,
            -0.7621999382972717,
            0.0
          ],
          [
            -0.4406167268753052,
            0.6385770440101624,
            0.6309328675270081,
            0.0
          ],
          [
            0.0,
            0.0,
            0.0,
            1.0
          ]
        ],
        "rotation_mode": "QUATERNION"
      },
      "armature_space": {
        "head": {
          "x": 0.41442662477493286,
          "y": -0.004306435585021973,
          "z": 0.5285178422927856
        },
        "tail": {
          "x": 0.5864288806915283,
          "y": 0.05753393843770027,
          "z": 0.33316975831985474
        }
      },
      "world_space": {
        "head": {
          "x": 0.41442662477493286,
          "y": 0.05893756449222565,
          "z": 1.4783718585968018
        },
        "tail": {
          "x": 0.5864288806915283,
          "y": 0.12077793478965759,
          "z": 1.2830238342285156
        },
        "rotation_quaternion": {
          "w": 0.2211543470621109,
          "x": -0.5242833495140076,
          "y": -0.7527750730514526,
          "z": 0.33097967505455017
        },
        "matrix": [
          [
            -0.3524331748485565,
            0.6429401636123657,
            -0.6800136566162109,
            0.41442662477493286
          ],
          [
            0.9357309341430664,
            0.2311578094959259,
            -0.266409307718277,
            0.05893756449222565
          ],
          [
            -0.014093995094299316,
            -0.7302063703536987,
            -0.6830917000770569,
            1.4783718585968018
          ],
          [
            0.0,
            0.0,
            0.0,
            1.0
          ]
        ]
      },
      "bone_length_armature_space": 0.2675254828293805,
      "parent": "upperarm_l",
      "has_children": true,
      "is_end_bone": false
    },
    "metacarpal_thumb_l": {
      "name": "metacarpal_thumb_l",
      "local": {
        "location": {
          "x": 0.0,
          "y": 0.0,
          "z": 0.0
        },
        "rotation_quaternion": {
          "w": 0.9979177117347717,
          "x": -0.06252988427877426,
          "y": -0.009450577199459076,
          "z": 0.012690495699644089
        },
        "scale": {
          "x": 1.0,
          "y": 1.0,
          "z": 1.0
        },
        "matrix_basis": [
          [
            0.9994992613792419,
            -0.024146253243088722,
            -0.020448867231607437,
            0.0
          ],
          [
            0.026510028168559074,
            0.9918579459190369,
            0.12455949187278748,
            0.0
          ],
          [
            0.017274726182222366,
            -0.1250392198562622,
            0.9920014142990112,
            0.0
          ],
          [
            0.0,
            0.0,
            0.0,
            1.0
          ]
        ],
        "rotation_mode": "QUATERNION"
      },
      "armature_space": {
        "head": {
          "x": 0.5864288806915283,
          "y": 0.05753393843770027,
          "z": 0.33316975831985474
        },
        "tail": {
          "x": 0.5901100039482117,
          "y": 0.061177145689725876,
          "z": 0.2839072644710541
        }
      },
      "world_space": {
        "head": {
          "x": 0.5864288806915283,
          "y": 0.12077793478965759,
          "z": 1.2830238342285156
        },
        "tail": {
          "x": 0.5901100039482117,
          "y": 0.1244211494922638,
          "z": 1.2337613105773926
        },
        "rotation_quaternion": {
          "w": 0.7073712944984436,
          "x": -0.6685041189193726,
          "y": -0.1907905638217926,
          "z": 0.12777774035930634
        },
        "matrix": [
          [
            0.8945438265800476,
            0.07431581616401672,
            -0.44075876474380493,
            0.5864288806915283
          ],
          [
            0.43586060404777527,
            0.07355009764432907,
            0.8970039486885071,
            0.12077793478965759
          ],
          [
            0.09908044338226318,
            -0.994525671005249,
            0.03340356796979904,
            1.2830238342285156
          ],
          [
            0.0,
            0.0,
            0.0,
            1.0
          ]
        ]
      },
      "bone_length_armature_space": 0.04953399803415289,
      "parent": "lowerarm_l",
      "has_children": true,
      "is_end_bone": false
    },
    "thumb_01_l": {
      "name": "thumb_01_l",
      "local": {
        "location": {
          "x": 0.0,
          "y": 0.0,
          "z": 0.0
        },
        "rotation_quaternion": {
          "w": 0.9993529915809631,
          "x": -0.027866024523973465,
          "y": 0.015366842038929462,
          "z": 0.016765452921390533
        },
        "scale": {
          "x": 1.0,
          "y": 1.0,
          "z": 1.0
        },
        "matrix_basis": [
          [
            0.9989655613899231,
            -0.034365635365247726,
            0.029779426753520966,
            0.0
          ],
          [
            0.03265278413891792,
            0.9978848099708557,
            0.05621125549077988,
            0.0
          ],
          [
            -0.0316481739282608,
            -0.05518072471022606,
            0.997974693775177,
            0.0
          ],
          [
            0.0,
            0.0,
            0.0,
            1.0
          ]
        ],
        "rotation_mode": "QUATERNION"
      },
      "armature_space": {
        "head": {
          "x": 0.5901100039482117,
          "y": 0.061177145689725876,
          "z": 0.2839072644710541
        },
        "tail": {
          "x": 0.5749890208244324,
          "y": 0.08328522741794586,
          "z": 0.26290208101272583
        }
      },
      "world_space": {
        "head": {
          "x": 0.5901100039482117,
          "y": 0.1244211494922638,
          "z": 1.2337613105773926
        },
        "tail": {
          "x": 0.5749890208244324,
          "y": 0.14652922749519348,
          "z": 1.2127561569213867
        },
        "rotation_quaternion": {
          "w": 0.6916822791099548,
          "x": -0.4172532260417938,
          "y": 0.5884958505630493,
          "z": -0.033885251730680466
        },
        "matrix": [
          [
            0.3050488233566284,
            -0.4442310333251953,
            0.8423798680305481,
            0.5901100039482117
          ],
          [
            -0.5379796624183655,
            0.6495007872581482,
            0.5373330116271973,
            0.1244211494922638
          ],
          [
            -0.7858323454856873,
            -0.6170997619628906,
            -0.040857721120119095,
            1.2337613105773926
          ],
          [
            0.0,
            0.0,
            0.0,
            1.0
          ]
        ]
      },
      "bone_length_armature_space": 0.03403864202898806,
      "parent": "metacarpal_thumb_l",
      "has_children": true,
      "is_end_bone": false
    },
    "thumb_02_l": {
      "name": "thumb_02_l",
      "local": {
        "location": {
          "x": 0.0,
          "y": 0.0,
          "z": 0.0
        },
        "rotation_quaternion": {
          "w": 0.9958178997039795,
          "x": 0.09124541282653809,
          "y": 0.00023260631132870913,
          "z": 0.004575205035507679
        },
        "scale": {
          "x": 1.0,
          "y": 1.0,
          "z": 1.0
        },
        "matrix_basis": [
          [
            0.9999580383300781,
            -0.009069693274796009,
            0.0012981999898329377,
            0.0
          ],
          [
            0.009154590778052807,
            0.9833067059516907,
            -0.18172550201416016,
            0.0
          ],
          [
            0.00037166589754633605,
            0.1817297637462616,
            0.9833484292030334,
            0.0
          ],
          [
            0.0,
            0.0,
            0.0,
            1.0
          ]
        ],
        "rotation_mode": "QUATERNION"
      },
      "armature_space": {
        "head": {
          "x": 0.5749889612197876,
          "y": 0.08328521251678467,
          "z": 0.2629021108150482
        },
        "tail": {
          "x": 0.600138247013092,
          "y": 0.09198398888111115,
          "z": 0.23281829059123993
        }
      },
      "world_space": {
        "head": {
          "x": 0.5749889612197876,
          "y": 0.1465292125940323,
          "z": 1.2127561569213867
        },
        "tail": {
          "x": 0.600138247013092,
          "y": 0.15522798895835876,
          "z": 1.1826722621917725
        },
        "rotation_quaternion": {
          "w": 0.583591878414154,
          "x": -0.0929972305893898,
          "y": 0.517406165599823,
          "z": -0.6189207434654236
        },
        "matrix": [
          [
            -0.3015401065349579,
            0.6261586546897888,
            0.7190262675285339,
            0.5749889612197876
          ],
          [
            -0.8186311721801758,
            0.21657919883728027,
            -0.5319178104400635,
            0.1465292125940323
          ],
          [
            -0.48879531025886536,
            -0.7490169405937195,
            0.4472882151603699,
            1.2127561569213867
          ],
          [
            0.0,
            0.0,
            0.0,
            1.0
          ]
        ]
      },
      "bone_length_armature_space": 0.040164555676237584,
      "parent": "thumb_01_l",
      "has_children": true,
      "is_end_bone": false
    },
    "thumb_03_l": {
      "name": "thumb_03_l",
      "local": {
        "location": {
          "x": 0.0,
          "y": 0.0,
          "z": 0.0
        },
        "rotation_quaternion": {
          "w": 0.998210072517395,
          "x": 0.0594991035759449,
          "y": 0.002663042163476348,
          "z": 0.005418053828179836
        },
        "scale": {
          "x": 1.0,
          "y": 1.0,
          "z": 1.0
        },
        "matrix_basis": [
          [
            0.9999271035194397,
            -0.01049981452524662,
            0.005961289629340172,
            0.0
          ],
          [
            0.011133609339594841,
            0.9928610324859619,
            -0.11875635385513306,
            0.0
          ],
          [
            -0.0046718125231564045,
            0.11881406605243683,
            0.9929055571556091,
            0.0
          ],
          [
            0.0,
            0.0,
            0.0,
            1.0
          ]
        ],
        "rotation_mode": "QUATERNION"
      },
      "armature_space": {
        "head": {
          "x": 0.6001381278038025,
          "y": 0.09198396652936935,
          "z": 0.23281827569007874
        },
        "tail": {
          "x": 0.6270590424537659,
          "y": 0.09496550261974335,
          "z": 0.2189161330461502
        }
      },
      "world_space": {
        "head": {
          "x": 0.6001381278038025,
          "y": 0.15522795915603638,
          "z": 1.1826722621917725
        },
        "tail": {
          "x": 0.6270590424537659,
          "y": 0.15820950269699097,
          "z": 1.16877019405365
        },
        "rotation_quaternion": {
          "w": 0.5382938385009766,
          "x": 0.1861591339111328,
          "y": 0.5091220736503601,
          "z": -0.6452746391296387
        },
        "matrix": [
          [
            -0.35116705298423767,
            0.8842501640319824,
            0.3078687787055969,
            0.6001381278038025
          ],
          [
            -0.5051422715187073,
            0.09793224185705185,
            -0.8574619293212891,
            0.15522795915603638
          ],
          [
            -0.7883670926094055,
            -0.4566330015659332,
            0.4122835099697113,
            1.1826722621917725
          ],
          [
            0.0,
            0.0,
            0.0,
            1.0
          ]
        ]
      },
      "bone_length_armature_space": 0.030444947060609313,
      "parent": "thumb_02_l",
      "has_children": false,
      "is_end_bone": true
    },
    "metacarpal_index_l": {
      "name": "metacarpal_index_l",
      "local": {
        "location": {
          "x": 0.0,
          "y": 0.0,
          "z": 0.0
        },
        "rotation_quaternion": {
          "w": 0.9997601509094238,
          "x": 0.018698042258620262,
          "y": 0.00661342591047287,
          "z": 0.00928548164665699
        },
        "scale": {
          "x": 1.0,
          "y": 1.0,
          "z": 1.0
        },
        "matrix_basis": [
          [
            0.9997400641441345,
            -0.01831919327378273,
            0.013570919632911682,
            0.0
          ],
          [
            0.018813826143741608,
            0.9991283416748047,
            -0.037264298647642136,
            0.0
          ],
          [
            -0.012876438908278942,
            0.03750993311405182,
            0.9992132782936096,
            0.0
          ],
          [
            0.0,
            0.0,
            0.0,
            1.0
          ]
        ],
        "rotation_mode": "QUATERNION"
      },
      "armature_space": {
        "head": {
          "x": 0.5864288806915283,
          "y": 0.05753393843770027,
          "z": 0.33316975831985474
        },
        "tail": {
          "x": 0.6271324157714844,
          "y": 0.08002851903438568,
          "z": 0.22562167048454285
        }
      },
      "world_space": {
        "head": {
          "x": 0.5864288806915283,
          "y": 0.12077793478965759,
          "z": 1.2830238342285156
        },
        "tail": {
          "x": 0.6271324157714844,
          "y": 0.1432725191116333,
          "z": 1.1754757165908813
        },
        "rotation_quaternion": {
          "w": 0.6104982495307922,
          "x": -0.6078134179115295,
          "y": -0.47252652049064636,
          "z": 0.1859395056962967
        },
        "matrix": [
          [
            0.4842873811721802,
            0.3473838269710541,
            -0.8029881715774536,
            0.5864288806915283
          ],
          [
            0.8014492988586426,
            0.1919795721769333,
            0.5664123892784119,
            0.12077793478965759
          ],
          [
            0.35092297196388245,
            -0.917867124080658,
            -0.18543799221515656,
            1.2830238342285156
          ],
          [
            0.0,
            0.0,
            0.0,
            1.0
          ]
        ]
      },
      "bone_length_armature_space": 0.11717241756417493,
      "parent": "lowerarm_l",
      "has_children": true,
      "is_end_bone": false
    },
    "index_01_l": {
      "name": "index_01_l",
      "local": {
        "location": {
          "x": 0.0,
          "y": 0.0,
          "z": 0.0
        },
        "rotation_quaternion": {
          "w": 0.9920192956924438,
          "x": -0.1258852630853653,
          "y": -0.00632501533254981,
          "z": -0.003282965626567602
        },
        "scale": {
          "x": 1.0,
          "y": 1.0,
          "z": 1.0
        },
        "matrix_basis": [
          [
            0.9998984336853027,
            0.008105983026325703,
            -0.011722520925104618,
            0.0
          ],
          [
            -0.0049210782162845135,
            0.9682842493057251,
            0.24980275332927704,
            0.0
          ],
          [
            0.013375628739595413,
            -0.24971969425678253,
            0.9682257771492004,
            0.0
          ],
          [
            0.0,
            0.0,
            0.0,
            1.0
          ]
        ],
        "rotation_mode": "QUATERNION"
      },
      "armature_space": {
        "head": {
          "x": 0.6271324157714844,
          "y": 0.08002851903438568,
          "z": 0.22562167048454285
        },
        "tail": {
          "x": 0.6488505601882935,
          "y": 0.08615896105766296,
          "z": 0.2081914246082306
        }
      },
      "world_space": {
        "head": {
          "x": 0.6271324157714844,
          "y": 0.1432725191116333,
          "z": 1.1754757165908813
        },
        "tail": {
          "x": 0.6488505601882935,
          "y": 0.14940296113491058,
          "z": 1.1580454111099243
        },
        "rotation_quaternion": {
          "w": 0.5226880311965942,
          "x": -0.625420868396759,
          "y": -0.5781815052032471,
          "z": -0.03677424415946007
        },
        "matrix": [
          [
            0.32870420813560486,
            0.7616558074951172,
            -0.558420717716217,
            0.6271324157714844
          ],
          [
            0.6847733855247498,
            0.2149949073791504,
            0.6963208317756653,
            0.1432725191116333
          ],
          [
            0.6504196524620056,
            -0.6112796068191528,
            -0.45089447498321533,
            1.1754757165908813
          ],
          [
            0.0,
            0.0,
            0.0,
            1.0
          ]
        ]
      },
      "bone_length_armature_space": 0.028514445183810105,
      "parent": "metacarpal_index_l",
      "has_children": true,
      "is_end_bone": false
    },
    "index_02_l": {
      "name": "index_02_l",
      "local": {
        "location": {
          "x": 0.0,
          "y": 0.0,
          "z": 0.0
        },
        "rotation_quaternion": {
          "w": 0.9979896545410156,
          "x": 0.06328516453504562,
          "y": -0.0033519368153065443,
          "z": 0.0006877616979181767
        },
        "scale": {
          "x": 1.0,
          "y": 1.0,
          "z": 1.0
        },
        "matrix_basis": [
          [
            0.9999765753746033,
            -0.0017970139160752296,
            -0.0066033462062478065,
            0.0
          ],
          [
            0.0009485023911111057,
            0.991989016532898,
            -0.1263204962015152,
            0.0
          ],
          [
            0.0067774467170238495,
            0.1263112723827362,
            0.991967499256134,
            0.0
          ],
          [
            0.0,
            0.0,
            0.0,
            1.0
          ]
        ],
        "rotation_mode": "QUATERNION"
      },
      "armature_space": {
        "head": {
          "x": 0.6488505601882935,
          "y": 0.0861591100692749,
          "z": 0.2081908881664276
        },
        "tail": {
          "x": 0.6671674847602844,
          "y": 0.09365205466747284,
          "z": 0.19186793267726898
        }
      },
      "world_space": {
        "head": {
          "x": 0.6488505601882935,
          "y": 0.14940311014652252,
          "z": 1.1580449342727661
        },
        "tail": {
          "x": 0.6671674847602844,
          "y": 0.15689605474472046,
          "z": 1.1417219638824463
        },
        "rotation_quaternion": {
          "w": 0.5283480286598206,
          "x": -0.5949077606201172,
          "y": -0.605717122554779,
          "z": 0.006315960548818111
        },
        "matrix": [
          [
            0.2661359906196594,
            0.7140200138092041,
            -0.6475698947906494,
            0.6488505601882935
          ],
          [
            0.7273653149604797,
            0.29208534955978394,
            0.6209878325462341,
            0.14940311014652252
          ],
          [
            0.6325485706329346,
            -0.6362916231155396,
            -0.4416216313838959,
            1.1580449342727661
          ],
          [
            0.0,
            0.0,
            0.0,
            1.0
          ]
        ]
      },
      "bone_length_armature_space": 0.025653319584006844,
      "parent": "index_01_l",
      "has_children": true,
      "is_end_bone": false
    },
    "index_03_l": {
      "name": "index_03_l",
      "local": {
        "location": {
          "x": 0.0,
          "y": 0.0,
          "z": 0.0
        },
        "rotation_quaternion": {
          "w": 0.9995850324630737,
          "x": 0.028619276359677315,
          "y": -0.002744030673056841,
          "z": 0.00178067060187459
        },
        "scale": {
          "x": 1.0,
          "y": 1.0,
          "z": 1.0
        },
        "matrix_basis": [
          [
            0.9999786019325256,
            -0.003716927720233798,
            -0.005383860785514116,
            0.0
          ],
          [
            0.0034027989022433758,
            0.998355507850647,
            -0.0572245717048645,
            0.0
          ],
          [
            0.005587706808000803,
            0.05720502883195877,
            0.9983468055725098,
            0.0
          ],
          [
            0.0,
            0.0,
            0.0,
            1.0
          ]
        ],
        "rotation_mode": "QUATERNION"
      },
      "armature_space": {
        "head": {
          "x": 0.667167603969574,
          "y": 0.09365194290876389,
          "z": 0.19186797738075256
        },
        "tail": {
          "x": 0.6856846213340759,
          "y": 0.10661990940570831,
          "z": 0.17335614562034607
        }
      },
      "world_space": {
        "head": {
          "x": 0.667167603969574,
          "y": 0.1568959355354309,
          "z": 1.1417219638824463
        },
        "tail": {
          "x": 0.6856846213340759,
          "y": 0.16986390948295593,
          "z": 1.1232101917266846
        },
        "rotation_quaternion": {
          "w": 0.5896486639976501,
          "x": -0.5272507667541504,
          "y": -0.6117422580718994,
          "z": 0.009621884673833847
        },
        "matrix": [
          [
            0.2513589859008789,
            0.6337388753890991,
            -0.7315690517425537,
            0.667167603969574
          ],
          [
            0.6564304232597351,
            0.4438243806362152,
            0.6100156307220459,
            0.1568959355354309
          ],
          [
            0.7112845182418823,
            -0.6335614919662476,
            -0.3044479191303253,
            1.1417219638824463
          ],
          [
            0.0,
            0.0,
            0.0,
            1.0
          ]
        ]
      },
      "bone_length_armature_space": 0.0292187612977873,
      "parent": "index_02_l",
      "has_children": false,
      "is_end_bone": true
    },
    "metacarpal_pinky_l": {
      "name": "metacarpal_pinky_l",
      "local": {
        "location": {
          "x": 0.0,
          "y": 0.0,
          "z": 0.0
        },
        "rotation_quaternion": {
          "w": 0.9975429177284241,
          "x": -0.06932274997234344,
          "y": -0.009113815613090992,
          "z": 0.004431628156453371
        },
        "scale": {
          "x": 1.0,
          "y": 1.0,
          "z": 1.0
        },
        "matrix_basis": [
          [
            0.999794602394104,
            -0.007577889133244753,
            -0.018797269091010094,
            0.0
          ],
          [
            0.010105067864060402,
            0.9903494119644165,
            0.1382240653038025,
            0.0
          ],
          [
            0.017568418756127357,
            -0.138385608792305,
            0.9902225732803345,
            0.0
          ],
          [
            0.0,
            0.0,
            0.0,
            1.0
          ]
        ],
        "rotation_mode": "QUATERNION"
      },
      "armature_space": {
        "head": {
          "x": 0.5864288806915283,
          "y": 0.05753393843770027,
          "z": 0.33316975831985474
        },
        "tail": {
          "x": 0.6679206490516663,
          "y": 0.10272268950939178,
          "z": 0.28669068217277527
        }
      },
      "world_space": {
        "head": {
          "x": 0.5864288806915283,
          "y": 0.12077793478965759,
          "z": 1.2830238342285156
        },
        "tail": {
          "x": 0.6679206490516663,
          "y": 0.1659666895866394,
          "z": 1.2365447282791138
        },
        "rotation_quaternion": {
          "w": 0.40057238936424255,
          "x": 0.2824486196041107,
          "y": 0.7460043430328369,
          "z": -0.4508238732814789
        },
        "matrix": [
          [
            -0.5195291042327881,
            0.7825909852981567,
            0.34298771619796753,
            0.5864288806915283
          ],
          [
            0.06024225056171417,
            0.4339616298675537,
            -0.8989151120185852,
            0.12077793478965759
          ],
          [
            -0.852332353591919,
            -0.44635310769081116,
            -0.2726036012172699,
            1.2830238342285156
          ],
          [
            0.0,
            0.0,
            0.0,
            1.0
          ]
        ]
      },
      "bone_length_armature_space": 0.10413085997602142,
      "parent": "lowerarm_l",
      "has_children": true,
      "is_end_bone": false
    },
    "pinky_01_l": {
      "name": "pinky_01_l",
      "local": {
        "location": {
          "x": 0.0,
          "y": 0.0,
          "z": 0.0
        },
        "rotation_quaternion": {
          "w": 0.9602479338645935,
          "x": 0.27884218096733093,
          "y": -0.004645697306841612,
          "z": -0.01221952773630619
        },
        "scale": {
          "x": 1.0,
          "y": 1.0,
          "z": 1.0
        },
        "matrix_basis": [
          [
            0.9996582269668579,
            0.020876720547676086,
            -0.01573668234050274,
            0.0
          ],
          [
            -0.026058385148644447,
            0.8441954255104065,
            -0.5354017019271851,
            0.0
          ],
          [
            0.0021074030082672834,
            0.5356287956237793,
            0.8444508910179138,
            0.0
          ],
          [
            0.0,
            0.0,
            0.0,
            1.0
          ]
        ],
        "rotation_mode": "QUATERNION"
      },
      "armature_space": {
        "head": {
          "x": 0.6679206490516663,
          "y": 0.10272268950939178,
          "z": 0.28669068217277527
        },
        "tail": {
          "x": 0.6729732751846313,
