{
  "metadata": {
    "armature_name": "KIM_caucasian_male",
    "export_time": "2026-01-13T21:04:15.780558",
    "blender_version": "4.4.1",
    "bone_count": 56,
    "end_bone_count": 13,
    "spaces_included": [
      "LOCAL_CHANNELS",
      "ARMATURE_SPACE",
      "WORLD_SPACE"
    ],
    "note": "LOCAL matches Transform panel; replay pose via local.matrix_basis for best fidelity."
  },
  "bones": {
    "Root": {
      "name": "Root",
      "local": {
        "location": {
          "x": 0.0,
          "y": 0.0,
          "z": 0.0
        },
        "rotation_quaternion": {
          "w": 0.9998594522476196,
          "x": 0.008021706715226173,
          "y": -0.0045716408640146255,
          "z": -0.013995145447552204
        },
        "scale": {
          "x": 1.0,
          "y": 1.0,
          "z": 1.0
        },
        "matrix_basis": [
          [
            0.9995664954185486,
            0.027913011610507965,
            -0.009366526268422604,
            0.0
          ],
          [
            -0.0280597023665905,
            0.9994795918464661,
            -0.01591319777071476,
            0.0
          ],
          [
            0.00891746673732996,
            0.016169119626283646,
            0.9998295307159424,
            0.0
          ],
          [
            0.0,
            0.0,
            0.0,
            1.0
          ]
        ],
        "rotation_mode": "QUATERNION"
      },
      "armature_space": {
        "head": {
          "x": 0.0,
          "y": 0.07072800397872925,
          "z": -0.009595036506652832
        },
        "tail": {
          "x": 0.0019923155196011066,
          "y": -0.00011833012104034424,
          "z": -0.0011486122384667397
        }
      },
      "world_space": {
        "head": {
          "x": 0.0,
          "y": 0.13397200405597687,
          "z": 0.9402589797973633
        },
        "tail": {
          "x": 0.0019923155196011066,
          "y": 0.06312566995620728,
          "z": 0.9487053751945496
        },
        "rotation_quaternion": {
          "w": 0.05935469642281532,
          "x": 0.9981284141540527,
          "y": 0.01365536917001009,
          "z": -0.005504076834768057
        },
        "matrix": [
          [
            0.9995664954185486,
            0.027913011610507965,
            -0.009366526268422604,
            0.0
          ],
          [
            0.026606237515807152,
            -0.9925810694694519,
            -0.11863801628351212,
            0.13397200405597687
          ],
          [
            -0.012608643621206284,
            0.11833725869655609,
            -0.9929004907608032,
            0.9402589797973633
          ],
          [
            0.0,
            0.0,
            0.0,
            1.0
          ]
        ]
      },
      "bone_length_armature_space": 0.07137586588390578,
      "parent": null,
      "has_children": true,
      "is_end_bone": false
    },
    "spine_01": {
      "name": "spine_01",
      "local": {
        "location": {
          "x": 0.0,
          "y": 0.0,
          "z": 0.0
        },
        "rotation_quaternion": {
          "w": 0.9963566064834595,
          "x": -0.014714260585606098,
          "y": 0.05218137055635452,
          "z": 0.06583444029092789
        },
        "scale": {
          "x": 1.0,
          "y": 1.0,
          "z": 1.0
        },
        "matrix_basis": [
          [
            0.9858858585357666,
            -0.13272477686405182,
            0.10204509645700455,
            0.0
          ],
          [
            0.12965354323387146,
            0.990898609161377,
            0.03619196265935898,
            0.0
          ],
          [
            -0.10591991990804672,
            -0.022450638934969902,
            0.9941211938858032,
            0.0
          ],
          [
            0.0,
            0.0,
            0.0,
            1.0
          ]
        ],
        "rotation_mode": "QUATERNION"
      },
      "armature_space": {
        "head": {
          "x": 0.0019923155196011066,
          "y": -0.00011833012104034424,
          "z": -0.0011486122384667397
        },
        "tail": {
          "x": -0.057345978915691376,
          "y": 0.024028755724430084,
          "z": 0.48263272643089294
        }
      },
      "world_space": {
        "head": {
          "x": 0.0019923155196011066,
          "y": 0.06312566995620728,
          "z": 0.9487053751945496
        },
        "tail": {
          "x": -0.057345978915691376,
          "y": 0.0872727558016777,
          "z": 1.4324867725372314
        },
        "rotation_quaternion": {
          "w": 0.7243704795837402,
          "x": 0.6836313009262085,
          "y": 0.005291074048727751,
          "z": 0.08892469853162766
        },
        "matrix": [
          [
            0.9841287732124329,
            -0.12159455567598343,
            0.12924963235855103,
            0.0019923155196011066
          ],
          [
            0.13606402277946472,
            0.04948160797357559,
            -0.9894636869430542,
            0.06312566995620728
          ],
          [
            0.11391884088516235,
            0.9913527369499207,
            0.06524045765399933,
            0.9487053751945496
          ],
          [
            0.0,
            0.0,
            0.0,
            1.0
          ]
        ]
      },
      "bone_length_armature_space": 0.48800461347478463,
      "parent": "Root",
      "has_children": true,
      "is_end_bone": false
    },
    "neck_01": {
      "name": "neck_01",
      "local": {
        "location": {
          "x": 0.0,
          "y": 0.0,
          "z": 0.0
        },
        "rotation_quaternion": {
          "w": 0.9978280067443848,
          "x": -0.02184680663049221,
          "y": -0.04535175487399101,
          "z": -0.042488861829042435
        },
        "scale": {
          "x": 1.0,
          "y": 1.0,
          "z": 1.0
        },
        "matrix_basis": [
          [
            0.9922758340835571,
            0.08677473664283752,
            -0.08865001052618027,
            0.0
          ],
          [
            -0.08281157165765762,
            0.9954348206520081,
            0.04745259881019592,
            0.0
          ],
          [
            0.09236299246549606,
            -0.039744820445775986,
            0.9949318766593933,
            0.0
          ],
          [
            0.0,
            0.0,
            0.0,
            1.0
          ]
        ],
        "rotation_mode": "QUATERNION"
      },
      "armature_space": {
        "head": {
          "x": -0.06176651269197464,
          "y": -0.006663314998149872,
          "z": 0.5574806332588196
        },
        "tail": {
          "x": -0.06014503911137581,
          "y": -0.03535079210996628,
          "z": 0.6558938026428223
        }
      },
      "world_space": {
        "head": {
          "x": -0.06176651269197464,
          "y": 0.05658068507909775,
          "z": 1.5073347091674805
        },
        "tail": {
          "x": -0.06014503911137581,
          "y": 0.02789320796728134,
          "z": 1.6057478189468384
        },
        "rotation_quaternion": {
          "w": 0.5994111895561218,
          "x": 0.7995699644088745,
          "y": 0.028219852596521378,
          "z": 0.02445034496486187
        },
        "matrix": [
          [
            0.9972116947174072,
            0.015815945342183113,
            0.07293013483285904,
            -0.06176651269197464
          ],
          [
            0.074439138174057,
            -0.2798195481300354,
            -0.957162618637085,
            0.05658068507909775
          ],
          [
            0.005268976092338562,
            0.9599288105964661,
            -0.2802194356918335,
            1.5073347091674805
          ],
          [
            0.0,
            0.0,
            0.0,
            1.0
          ]
        ]
      },
      "bone_length_armature_space": 0.1025219621790029,
      "parent": "spine_01",
      "has_children": true,
      "is_end_bone": false
    },
    "head": {
      "name": "head",
      "local": {
        "location": {
          "x": 0.0,
          "y": 0.0,
          "z": 0.0
        },
        "rotation_quaternion": {
          "w": 0.9922958612442017,
          "x": -0.07082351297140121,
          "y": 0.021992472931742668,
          "z": -0.09924367815256119
        },
        "scale": {
          "x": 1.0,
          "y": 1.0,
          "z": 1.0
        },
        "matrix_basis": [
          [
            0.9793340563774109,
            0.19384300708770752,
            0.0577036514878273,
            0.0
          ],
          [
            -0.20007334649562836,
            0.9702694416046143,
            0.1361905336380005,
            0.0
          ],
          [
            -0.02958850748836994,
            -0.14492098987102509,
            0.9890007376670837,
            0.0
          ],
          [
            0.0,
            0.0,
            0.0,
            1.0
          ]
        ],
        "rotation_mode": "QUATERNION"
      },
      "armature_space": {
        "head": {
          "x": -0.06014503166079521,
          "y": -0.035350918769836426,
          "z": 0.6558936834335327
        },
        "tail": {
          "x": -0.03359149023890495,
          "y": 0.0019367672502994537,
          "z": 0.8040754199028015
        }
      },
      "world_space": {
        "head": {
          "x": -0.06014503166079521,
          "y": 0.027893081307411194,
          "z": 1.6057476997375488
        },
        "tail": {
          "x": -0.03359149023890495,
          "y": 0.06518076360225677,
          "z": 1.7539293766021729
        },
        "rotation_quaternion": {
          "w": 0.7807718515396118,
          "x": 0.6156126260757446,
          "y": 0.10299494862556458,
          "z": -0.02843567728996277
        },
        "matrix": [
          [
            0.9771671295166016,
            0.1712135225534439,
            0.1258193999528885,
            -0.06014503166079521
          ],
          [
            0.08240529894828796,
            0.24042579531669617,
            -0.9671635031700134,
            0.027893081307411194
          ],
          [
            -0.1958429366350174,
            0.9554552435874939,
            0.2208278775215149,
            1.6057476997375488
          ],
          [
            0.0,
            0.0,
            0.0,
            1.0
          ]
        ]
      },
      "bone_length_armature_space": 0.15509123053172227,
      "parent": "neck_01",
      "has_children": false,
      "is_end_bone": true
    },
    "upperarm_l": {
      "name": "upperarm_l",
      "local": {
        "location": {
          "x": 0.0,
          "y": 0.0,
          "z": 0.0
        },
        "rotation_quaternion": {
          "w": 0.7099834680557251,
          "x": 0.40002790093421936,
          "y": 0.49028223752975464,
          "z": 0.30907052755355835
        },
        "scale": {
          "x": 1.0,
          "y": 1.0,
          "z": 1.0
        },
        "matrix_basis": [
          [
            0.3281974792480469,
            -0.04661678150296211,
            0.9434582591056824,
            0.0
          ],
          [
            0.8311230540275574,
            0.4889061748981476,
            -0.2649628221988678,
            0.0
          ],
          [
            -0.4489108920097351,
            0.8710899949073792,
            0.1992020159959793,
            0.0
          ],
          [
            0.0,
            0.0,
            0.0,
            1.0
          ]
        ],
        "rotation_mode": "QUATERNION"
      },
      "armature_space": {
        "head": {
          "x": 0.09443710744380951,
          "y": 0.00726521760225296,
          "z": 0.5081499218940735
        },
        "tail": {
          "x": 0.26143795251846313,
          "y": -0.19941622018814087,
          "z": 0.5428076982498169
        }
      },
      "world_space": {
        "head": {
          "x": 0.09443710744380951,
          "y": 0.07050921767950058,
          "z": 1.4580039978027344
        },
        "tail": {
          "x": 0.26143795251846313,
          "y": -0.13617222011089325,
          "z": 1.492661714553833
        },
        "rotation_quaternion": {
          "w": 0.10662803798913956,
          "x": 0.9347442984580994,
          "y": 0.320915549993515,
          "z": -0.10907251387834549
        },
        "matrix": [
          [
            0.7702328562736511,
            0.6232085227966309,
            -0.13547220826148987,
            0.09443710744380951
          ],
          [
            0.5766876935958862,
            -0.7712873220443726,
            -0.26934677362442017,
            0.07050921767950058
          ],
          [
            -0.27234846353530884,
            0.12933483719825745,
            -0.953474223613739,
            1.4580039978027344
          ],
          [
            0.0,
            0.0,
            0.0,
            1.0
          ]
        ]
      },
      "bone_length_armature_space": 0.2679695087156593,
      "parent": "spine_01",
      "has_children": true,
      "is_end_bone": false
    },
    "lowerarm_l": {
      "name": "lowerarm_l",
      "local": {
        "location": {
          "x": 0.0,
          "y": 0.0,
          "z": 0.0
        },
        "rotation_quaternion": {
          "w": 0.9155162572860718,
          "x": 0.3571329116821289,
          "y": -0.1720600575208664,
          "z": 0.06842092424631119
        },
        "scale": {
          "x": 1.0,
          "y": 1.0,
          "z": 1.0
        },
        "matrix_basis": [
          [
            0.9314278364181519,
            -0.24817755818367004,
            -0.26617681980133057,
            0.0
          ],
          [
            0.002384318271651864,
            0.7355493307113647,
            -0.6774669885635376,
            0.0
          ],
          [
            0.363918274641037,
            0.630376935005188,
            0.6857028603553772,
            0.0
          ],
          [
            0.0,
            0.0,
            0.0,
            1.0
          ]
        ],
        "rotation_mode": "QUATERNION"
      },
      "armature_space": {
        "head": {
          "x": 0.26143789291381836,
          "y": -0.1994163542985916,
          "z": 0.5428076982498169
        },
        "tail": {
          "x": 0.2643848657608032,
          "y": -0.4381873607635498,
          "z": 0.4221869707107544
        }
      },
      "world_space": {
        "head": {
          "x": 0.26143789291381836,
          "y": -0.136172354221344,
          "z": 1.492661714553833
        },
        "tail": {
          "x": 0.2643848657608032,
          "y": -0.3749433755874634,
          "z": 1.3720409870147705
        },
        "rotation_quaternion": {
          "w": 0.20547451078891754,
          "x": -0.8729526996612549,
          "y": -0.10733339935541153,
          "z": 0.4292007386684418
        },
        "matrix": [
          [
            0.6085327863693237,
            0.011015713214874268,
            -0.7934523820877075,
            0.26143789291381836
          ],
          [
            0.3637735843658447,
            -0.8925201296806335,
            0.26660245656967163,
            -0.136172354221344
          ],
          [
            -0.7052398920059204,
            -0.45087730884552,
            -0.5471386909484863,
            1.492661714553833
          ],
          [
            0.0,
            0.0,
            0.0,
            1.0
          ]
        ]
      },
      "bone_length_armature_space": 0.2675250221228561,
      "parent": "upperarm_l",
      "has_children": true,
      "is_end_bone": false
    },
    "metacarpal_thumb_l": {
      "name": "metacarpal_thumb_l",
      "local": {
        "location": {
          "x": 0.0,
          "y": 0.0,
          "z": 0.0
        },
        "rotation_quaternion": {
          "w": 0.9997750520706177,
          "x": 0.008654032833874226,
          "y": 0.016430383548140526,
          "z": 0.010256726294755936
        },
        "scale": {
          "x": 1.0,
          "y": 1.0,
          "z": 1.0
        },
        "matrix_basis": [
          [
            0.9992496967315674,
            -0.02022445946931839,
            0.03303089737892151,
            0.0
          ],
          [
            0.020793216302990913,
            0.9996398091316223,
            -0.016967128962278366,
            0.0
          ],
          [
            -0.032675851136446,
            0.01764121651649475,
            0.999310314655304,
            0.0
          ],
          [
            0.0,
            0.0,
            0.0,
            1.0
          ]
        ],
        "rotation_mode": "QUATERNION"
      },
      "armature_space": {
        "head": {
          "x": 0.2643848657608032,
          "y": -0.4381873607635498,
          "z": 0.4221869707107544
        },
        "tail": {
          "x": 0.2470768839120865,
          "y": -0.46080461144447327,
          "z": 0.3816591799259186
        }
      },
      "world_space": {
        "head": {
          "x": 0.2643848657608032,
          "y": -0.3749433755874634,
          "z": 1.3720409870147705
        },
        "tail": {
          "x": 0.2470768839120865,
          "y": -0.39756059646606445,
          "z": 1.3315131664276123
        },
        "rotation_quaternion": {
          "w": 0.4012746810913086,
          "x": -0.8181140422821045,
          "y": 0.3326811194419861,
          "z": -0.2428814023733139
        },
        "matrix": [
          [
            0.6606630086898804,
            -0.349418580532074,
            0.6644029021263123,
            0.2643848657608032
          ],
          [
            -0.7392673492431641,
            -0.4566037952899933,
            0.49497169256210327,
            -0.3749433755874634
          ],
          [
            0.13041698932647705,
            -0.8181868195533752,
            -0.5599784851074219,
            1.3720409870147705
          ],
          [
            0.0,
            0.0,
            0.0,
            1.0
          ]
        ]
      },
      "bone_length_armature_space": 0.04953390818442268,
      "parent": "lowerarm_l",
      "has_children": true,
      "is_end_bone": false
    },
    "thumb_01_l": {
      "name": "thumb_01_l",
      "local": {
        "location": {
          "x": 0.0,
          "y": 0.0,
          "z": 0.0
        },
        "rotation_quaternion": {
          "w": 0.9529107809066772,
          "x": 0.30294540524482727,
          "y": 0.012775061652064323,
          "z": 0.004689164459705353
        },
        "scale": {
          "x": 1.0,
          "y": 1.0,
          "z": 1.0
        },
        "matrix_basis": [
          [
            0.9996296167373657,
            -0.0011964183067902923,
            0.02718810923397541,
            0.0
          ],
          [
            0.016677003353834152,
            0.8164041638374329,
            -0.5772400498390198,
            0.0
          ],
          [
            -0.021505866199731827,
            0.5774797201156616,
            0.8161217570304871,
            0.0
          ],
          [
            0.0,
            0.0,
            0.0,
            1.0
          ]
        ],
        "rotation_mode": "QUATERNION"
      },
      "armature_space": {
        "head": {
          "x": 0.2470768839120865,
          "y": -0.46080461144447327,
          "z": 0.3816591799259186
        },
        "tail": {
          "x": 0.26562198996543884,
          "y": -0.47079163789749146,
          "z": 0.3549201786518097
        }
      },
      "world_space": {
        "head": {
          "x": 0.2470768839120865,
          "y": -0.39756059646606445,
          "z": 1.3315131664276123
        },
        "tail": {
          "x": 0.26562198996543884,
          "y": -0.40754765272140503,
          "z": 1.3047741651535034
        },
        "rotation_quaternion": {
          "w": 0.3719300627708435,
          "x": -0.05598963424563408,
          "y": 0.463644415140152,
          "z": -0.8022263646125793
        },
        "matrix": [
          [
            -0.7170649170875549,
            0.5448259711265564,
            0.43472135066986084,
            0.2470768839120865
          ],
          [
            -0.648664653301239,
            -0.29340335726737976,
            -0.7022457122802734,
            -0.39756059646606445
          ],
          [
            -0.25505518913269043,
            -0.7855498194694519,
            0.5638019442558289,
            1.3315131664276123
          ],
          [
            0.0,
            0.0,
            0.0,
            1.0
          ]
        ]
      },
      "bone_length_armature_space": 0.03403874024964261,
      "parent": "metacarpal_thumb_l",
      "has_children": true,
      "is_end_bone": false
    },
    "thumb_02_l": {
      "name": "thumb_02_l",
      "local": {
        "location": {
          "x": 0.0,
          "y": 0.0,
          "z": 0.0
        },
        "rotation_quaternion": {
          "w": 0.9063248634338379,
          "x": 0.4224399924278259,
          "y": 0.009912017732858658,
          "z": -0.004646072164177895
        },
        "scale": {
          "x": 1.0,
          "y": 1.0,
          "z": 1.0
        },
        "matrix_basis": [
          [
            0.9997603297233582,
            0.016796166077256203,
            0.014041642658412457,
            0.0
          ],
          [
            -4.7236047976184636e-05,
            0.6430457234382629,
            -0.7658278346061707,
            0.0
          ],
          [
            -0.02189238928258419,
            0.7656436562538147,
            0.6428924202919006,
            0.0
          ],
          [
            0.0,
            0.0,
            0.0,
            1.0
          ]
        ],
        "rotation_mode": "QUATERNION"
      },
      "armature_space": {
        "head": {
          "x": 0.26562198996543884,
          "y": -0.4707915782928467,
          "z": 0.3549201786518097
        },
        "tail": {
          "x": 0.2520847022533417,
          "y": -0.5026260018348694,
          "z": 0.3753284215927124
        }
      },
      "world_space": {
        "head": {
          "x": 0.26562198996543884,
          "y": -0.40754759311676025,
          "z": 1.3047741651535034
        },
        "tail": {
          "x": 0.2520847022533417,
          "y": -0.43938201665878296,
          "z": 1.3251824378967285
        },
        "rotation_quaternion": {
          "w": 0.10304975509643555,
          "x": -0.24334093928337097,
          "y": 0.3050891160964966,
          "z": 0.9149244427680969
        },
        "matrix": [
          [
            -0.8603321313858032,
            -0.3370467722415924,
            -0.38239777088165283,
            0.26562198996543884
          ],
          [
            0.040084801614284515,
            -0.7926028370857239,
            0.6084195375442505,
            -0.40754759311676025
          ],
          [
            -0.5081589221954346,
            0.5081175565719604,
            0.695417582988739,
            1.3047741651535034
          ],
          [
            0.0,
            0.0,
            0.0,
            1.0
          ]
        ]
      },
      "bone_length_armature_space": 0.04016447542507113,
      "parent": "thumb_01_l",
      "has_children": true,
      "is_end_bone": false
    },
    "thumb_03_l": {
      "name": "thumb_03_l",
      "local": {
        "location": {
          "x": 0.0,
          "y": 0.0,
          "z": 0.0
        },
        "rotation_quaternion": {
          "w": 0.9880214333534241,
          "x": 0.1541537344455719,
          "y": 0.007095063105225563,
          "z": -9.105854405788705e-05
        },
        "scale": {
          "x": 1.0,
          "y": 1.0,
          "z": 1.0
        },
        "matrix_basis": [
          [
            0.9998993277549744,
            0.002367396606132388,
            0.013992074877023697,
            0.0
          ],
          [
            0.0020075254142284393,
            0.9524732232093811,
            -0.30461567640304565,
            0.0
          ],
          [
            -0.014048222452402115,
            0.3046130836009979,
            0.9523725509643555,
            0.0
          ],
          [
            0.0,
            0.0,
            0.0,
            1.0
          ]
        ],
        "rotation_mode": "QUATERNION"
      },
      "armature_space": {
        "head": {
          "x": 0.2520847022533417,
          "y": -0.5026260018348694,
          "z": 0.37532833218574524
        },
        "tail": {
          "x": 0.23809358477592468,
          "y": -0.513232946395874,
          "z": 0.40020081400871277
        }
      },
      "world_space": {
        "head": {
          "x": 0.2520847022533417,
          "y": -0.43938201665878296,
          "z": 1.325182318687439
        },
        "tail": {
          "x": 0.23809358477592468,
          "y": -0.4499889612197876,
          "z": 1.3500548601150513
        },
        "rotation_quaternion": {
          "w": 0.028182227164506912,
          "x": -0.36673659086227417,
          "y": 0.5700941681861877,
          "z": 0.7346445322036743
        },
        "matrix": [
          [
            -0.7294212579727173,
            -0.45955586433410645,
            -0.5067079663276672,
            0.2520847022533417
          ],
          [
            -0.3767388164997101,
            -0.3483979105949402,
            0.8583048582077026,
            -0.43938201665878296
          ],
          [
            -0.5709792971611023,
            0.8169679045677185,
            0.08099764585494995,
            1.325182318687439
          ],
          [
            0.0,
            0.0,
            0.0,
            1.0
          ]
        ]
      },
      "bone_length_armature_space": 0.030445015709651933,
      "parent": "thumb_02_l",
      "has_children": false,
      "is_end_bone": true
    },
    "metacarpal_index_l": {
      "name": "metacarpal_index_l",
      "local": {
        "location": {
          "x": 0.0,
          "y": 0.0,
          "z": 0.0
        },
        "rotation_quaternion": {
          "w": 0.998762845993042,
          "x": -0.0451403371989727,
          "y": -0.0151865528896451,
          "z": -0.014302382245659828
        },
        "scale": {
          "x": 1.0,
          "y": 1.0,
          "z": 1.0
        },
        "matrix_basis": [
          [
            0.999129593372345,
            0.029940428212285042,
            -0.029044300317764282,
            0.0
          ],
          [
            -0.027198323979973793,
            0.9955155849456787,
            0.09060338884592056,
            0.0
          ],
          [
            0.031626757234334946,
            -0.08973457664251328,
            0.9954634308815002,
            0.0
          ],
          [
            0.0,
            0.0,
            0.0,
            1.0
          ]
        ],
        "rotation_mode": "QUATERNION"
      },
      "armature_space": {
        "head": {
          "x": 0.2643848657608032,
          "y": -0.4381873607635498,
          "z": 0.4221869707107544
        },
        "tail": {
          "x": 0.24376115202903748,
          "y": -0.5329002141952515,
          "z": 0.356358140707016
        }
      },
      "world_space": {
        "head": {
          "x": 0.2643848657608032,
          "y": -0.3749433755874634,
          "z": 1.3720409870147705
        },
        "tail": {
          "x": 0.24376115202903748,
          "y": -0.46965622901916504,
          "z": 1.3062121868133545
        },
        "rotation_quaternion": {
          "w": 0.2973576486110687,
          "x": -0.9506504535675049,
          "y": 0.08611711859703064,
          "z": 0.02064516581594944
        },
        "matrix": [
          [
            0.9843153357505798,
            -0.17601267993450165,
            0.011962894350290298,
            0.2643848657608032
          ],
          [
            -0.15145687758922577,
            -0.808324933052063,
            0.568921685218811,
            -0.3749433755874634
          ],
          [
            -0.09046817570924759,
            -0.5618149042129517,
            -0.8223100900650024,
            1.3720409870147705
          ],
          [
            0.0,
            0.0,
            0.0,
            1.0
          ]
        ]
      },
      "bone_length_armature_space": 0.11717208224441152,
      "parent": "lowerarm_l",
      "has_children": true,
      "is_end_bone": false
    },
    "index_01_l": {
      "name": "index_01_l",
      "local": {
        "location": {
          "x": 0.0,
          "y": 0.0,
          "z": 0.0
        },
        "rotation_quaternion": {
          "w": 0.9511977434158325,
          "x": 0.30756112933158875,
          "y": -0.02475512959063053,
          "z": -0.004046258516609669
        },
        "scale": {
          "x": 1.0,
          "y": 1.0,
          "z": 1.0
        },
        "matrix_basis": [
          [
            0.998741626739502,
            -0.007529847323894501,
            -0.04958299174904823,
            0.0
          ],
          [
            -0.022925015538930893,
            0.8107795715332031,
            -0.5849025845527649,
            0.0
          ],
          [
            0.04460510239005089,
            0.5853032469749451,
            0.8095866441726685,
            0.0
          ],
          [
            0.0,
            0.0,
            0.0,
            1.0
          ]
        ],
        "rotation_mode": "QUATERNION"
      },
      "armature_space": {
        "head": {
          "x": 0.24376115202903748,
          "y": -0.5329002141952515,
          "z": 0.356358140707016
        },
        "tail": {
          "x": 0.24832534790039062,
          "y": -0.5456203818321228,
          "z": 0.331249475479126
        }
      },
      "world_space": {
        "head": {
          "x": 0.24376115202903748,
          "y": -0.46965622901916504,
          "z": 1.3062121868133545
        },
        "tail": {
          "x": 0.24832534790039062,
          "y": -0.4823763966560364,
          "z": 1.281103491783142
        },
        "rotation_quaternion": {
          "w": 0.5170130133628845,
          "x": -0.8502955436706543,
          "y": -0.09823135286569595,
          "z": 0.0067549641244113445
        },
        "matrix": [
          [
            0.9806100130081177,
            0.16006672382354736,
            -0.11306195706129074,
            0.24376115202903748
          ],
          [
            0.17403702437877655,
            -0.4460967481136322,
            0.8779004216194153,
            -0.46965622901916504
          ],
          [
            0.09008698165416718,
            -0.880561351776123,
            -0.4653067886829376,
            1.3062121868133545
          ],
          [
            0.0,
            0.0,
            0.0,
            1.0
          ]
        ]
      },
      "bone_length_armature_space": 0.028514551046199932,
      "parent": "metacarpal_index_l",
      "has_children": true,
      "is_end_bone": false
    },
    "index_02_l": {
      "name": "index_02_l",
      "local": {
        "location": {
          "x": 0.0,
          "y": 0.0,
          "z": 0.0
        },
        "rotation_quaternion": {
          "w": 0.8981961011886597,
          "x": 0.4394560158252716,
          "y": 0.008868764154613018,
          "z": 0.00659727631136775
        },
        "scale": {
          "x": 1.0,
          "y": 1.0,
          "z": 1.0
        },
        "matrix_basis": [
          [
            0.9997556209564209,
            -0.004056432284414768,
            0.021730205044150352,
            0.0
          ],
          [
            0.019646158441901207,
            0.613669753074646,
            -0.789318323135376,
            0.0
          ],
          [
            -0.010133353061974049,
            0.7895523905754089,
            0.6135995388031006,
            0.0
          ],
          [
            0.0,
            0.0,
            0.0,
            1.0
          ]
        ],
        "rotation_mode": "QUATERNION"
      },
      "armature_space": {
        "head": {
          "x": 0.2483251541852951,
          "y": -0.545620322227478,
          "z": 0.3312489688396454
        },
        "tail": {
          "x": 0.24782976508140564,
          "y": -0.5358797907829285,
          "z": 0.30752187967300415
        }
      },
      "world_space": {
        "head": {
          "x": 0.2483251541852951,
          "y": -0.4823763370513916,
          "z": 1.2811030149459839
        },
        "tail": {
          "x": 0.24782976508140564,
          "y": -0.47263580560684204,
          "z": 1.257375955581665
        },
        "rotation_quaternion": {
          "w": 0.8252575993537903,
          "x": -0.551914393901825,
          "y": -0.09380710124969482,
          "z": 0.07443612068891525
        },
        "matrix": [
          [
            0.9713191390037537,
            -0.01931113749742508,
            -0.23699459433555603,
            0.2483251541852951
          ],
          [
            0.22640489041805267,
            0.3796992599964142,
            0.8969780802726746,
            -0.4823763370513916
          ],
          [
            0.07266584038734436,
            -0.9249146580696106,
            0.3731846213340759,
            1.2811030149459839
          ],
          [
            0.0,
            0.0,
            0.0,
            1.0
          ]
        ]
      },
      "bone_length_armature_space": 0.025653423596007516,
      "parent": "index_01_l",
      "has_children": true,
      "is_end_bone": false
    },
    "index_03_l": {
      "name": "index_03_l",
      "local": {
        "location": {
          "x": 0.0,
          "y": 0.0,
          "z": 0.0
        },
        "rotation_quaternion": {
          "w": 0.928884744644165,
          "x": 0.3702559173107147,
          "y": -0.008745902217924595,
          "z": -0.0026909916196018457
        },
        "scale": {
          "x": 1.0,
          "y": 1.0,
          "z": 1.0
        },
        "matrix_basis": [
          [
            0.9998325109481812,
            -0.00147720193490386,
            -0.018240582197904587,
            0.0
          ],
          [
            -0.011475685983896255,
            0.7258066534996033,
            -0.6878030896186829,
            0.0
          ],
          [
            0.01425515953451395,
            0.6878972053527832,
            0.7256681323051453,
            0.0
          ],
          [
            0.0,
            0.0,
            0.0,
            1.0
          ]
        ],
        "rotation_mode": "QUATERNION"
      },
      "armature_space": {
        "head": {
          "x": 0.24782976508140564,
          "y": -0.535879909992218,
          "z": 0.3075218200683594
        },
        "tail": {
          "x": 0.2454223483800888,
          "y": -0.5082938075065613,
          "z": 0.298197478055954
        }
      },
      "world_space": {
        "head": {
          "x": 0.24782976508140564,
          "y": -0.4726359248161316,
          "z": 1.2573758363723755
        },
        "tail": {
          "x": 0.2454223483800888,
          "y": -0.44504982233047485,
          "z": 1.2480515241622925
        },
        "rotation_quaternion": {
          "w": 0.9827328324317932,
          "x": -0.15794804692268372,
          "y": -0.0793670117855072,
          "z": 0.054676417261362076
        },
        "matrix": [
          [
            0.9814227819442749,
            -0.08239288628101349,
            -0.17326518893241882,
            0.24782976508140564
          ],
          [
            0.13253642618656158,
            0.9441258907318115,
            0.30176272988319397,
            -0.4726359248161316
          ],
          [
            0.138722226023674,
            -0.31912222504615784,
            0.9375133514404297,
            1.2573758363723755
          ],
          [
            0.0,
            0.0,
            0.0,
            1.0
          ]
        ]
      },
      "bone_length_armature_space": 0.029218693666347346,
      "parent": "index_02_l",
      "has_children": false,
      "is_end_bone": true
    },
    "metacarpal_pinky_l": {
      "name": "metacarpal_pinky_l",
      "local": {
        "location": {
          "x": 0.0,
          "y": 0.0,
          "z": 0.0
        },
        "rotation_quaternion": {
          "w": 0.9981026649475098,
          "x": -0.05785771459341049,
          "y": -0.013242852874100208,
          "z": -0.016382591798901558
        },
        "scale": {
          "x": 1.0,
          "y": 1.0,
          "z": 1.0
        },
        "matrix_basis": [
          [
            0.9991124868392944,
            0.03423541784286499,
            -0.024539735168218613,
            0.0
          ],
          [
            -0.031170614063739777,
            0.9927681684494019,
            0.11592978239059448,
            0.0
          ],
          [
            0.028331171721220016,
            -0.11506197601556778,
            0.9929541945457458,
            0.0
          ],
          [
            0.0,
            0.0,
            0.0,
            1.0
          ]
        ],
        "rotation_mode": "QUATERNION"
      },
      "armature_space": {
        "head": {
          "x": 0.2643848657608032,
          "y": -0.4381873607635498,
          "z": 0.4221869707107544
        },
        "tail": {
          "x": 0.2981399893760681,
          "y": -0.5296594500541687,
          "z": 0.38562625646591187
        }
      },
      "world_space": {
        "head": {
          "x": 0.2643848657608032,
          "y": -0.3749433755874634,
          "z": 1.3720409870147705
        },
        "tail": {
          "x": 0.2981399893760681,
          "y": -0.4664154648780823,
          "z": 1.3354802131652832
        },
        "rotation_quaternion": {
          "w": 0.06480927020311356,
          "x": 0.44711658358573914,
          "y": 0.23787102103233337,
          "z": -0.8598278164863586
        },
        "matrix": [
          [
            -0.5917737483978271,
            0.32416099309921265,
            -0.7380539774894714,
            0.2643848657608032
          ],
          [
            0.10126175731420517,
            -0.878434956073761,
            -0.46700984239578247,
            -0.3749433755874634
          ],
          [
            -0.7997244596481323,
            -0.3511040210723877,
            0.48701250553131104,
            1.3720409870147705
          ],
          [
            0.0,
            0.0,
            0.0,
            1.0
          ]
        ]
      },
      "bone_length_armature_space": 0.10413086836080647,
      "parent": "lowerarm_l",
      "has_children": true,
      "is_end_bone": false
    },
    "pinky_01_l": {
      "name": "pinky_01_l",
      "local": {
        "location": {
          "x": 0.0,
          "y": 0.0,
          "z": 0.0
        },
        "rotation_quaternion": {
          "w": 0.9473311901092529,
          "x": 0.3197355270385742,
          "y": 0.018249379470944405,
          "z": 0.00016471161507070065
        },
        "scale": {
          "x": 1.0,
          "y": 1.0,
          "z": 1.0
        },
        "matrix_basis": [
          [
            0.9993338584899902,
            0.011357877403497696,
            0.034681741148233414,
            0.0
          ],
          [
            0.011982022784650326,
            0.7955383062362671,
            -0.6057848334312439,
            0.0
          ],
          [
            -0.03447108343243599,
            0.6057968735694885,
            0.7948722839355469,
            0.0
          ],
          [
            0.0,
            0.0,
            0.0,
            1.0
          ]
        ],
        "rotation_mode": "QUATERNION"
      },
      "armature_space": {
        "head": {
          "x": 0.2981399893760681,
          "y": -0.5296594500541687,
          "z": 0.38562625646591187
        },
        "tail": {
