{
  "metadata": {
    "armature_name": "KIM_caucasian_male",
    "export_time": "2026-01-13T21:02:39.095513",
    "blender_version": "4.4.1",
    "bone_count": 56,
    "end_bone_count": 13,
    "spaces_included": [
      "LOCAL_CHANNELS",
      "ARMATURE_SPACE",
      "WORLD_SPACE"
    ],
    "note": "LOCAL matches Transform panel; replay pose via local.matrix_basis for best fidelity."
  },
  "bones": {
    "Root": {
      "name": "Root",
      "local": {
        "location": {
          "x": 0.0,
          "y": 0.0,
          "z": 0.0
        },
        "rotation_quaternion": {
          "w": 0.9998266696929932,
          "x": -0.003938333131372929,
          "y": 0.015775561332702637,
          "z": 0.009079347364604473
        },
        "scale": {
          "x": 1.0,
          "y": 1.0,
          "z": 1.0
        },
        "matrix_basis": [
          [
            0.999337375164032,
            -0.018279805779457092,
            0.03147413954138756,
            0.0
          ],
          [
            0.0180312879383564,
            0.9998041391372681,
            0.008161764591932297,
            0.0
          ],
          [
            -0.031617168337106705,
            -0.007588837295770645,
            0.9994712471961975,
            0.0
          ],
          [
            0.0,
            0.0,
            0.0,
            1.0
          ]
        ],
        "rotation_mode": "QUATERNION"
      },
      "armature_space": {
        "head": {
          "x": 0.0,
          "y": 0.07072800397872925,
          "z": -0.009595036506652832
        },
        "tail": {
          "x": -0.0013047370593994856,
          "y": 8.667260408401489e-05,
          "z": 0.0005348669365048409
        }
      },
      "world_space": {
        "head": {
          "x": 0.0,
          "y": 0.13397200405597687,
          "z": 0.9402589797973633
        },
        "tail": {
          "x": -0.0013047370593994856,
          "y": 0.06333067268133163,
          "z": 0.9503889083862305
        },
        "rotation_quaternion": {
          "w": 0.07128536701202393,
          "x": 0.9972898960113525,
          "y": -0.007995955646038055,
          "z": 0.016351383179426193
        },
        "matrix": [
          [
            0.999337375164032,
            -0.018279805779457092,
            0.03147413954138756,
            0.0
          ],
          [
            -0.013617334887385368,
            -0.9897089004516602,
            -0.14244629442691803,
            0.13397200405597687
          ],
          [
            0.03375434875488281,
            0.14192336797714233,
            -0.9893090128898621,
            0.9402589797973633
          ],
          [
            0.0,
            0.0,
            0.0,
            1.0
          ]
        ]
      },
      "bone_length_armature_space": 0.07137587125320408,
      "parent": null,
      "has_children": true,
      "is_end_bone": false
    },
    "spine_01": {
      "name": "spine_01",
      "local": {
        "location": {
          "x": 0.0,
          "y": 0.0,
          "z": 0.0
        },
        "rotation_quaternion": {
          "w": 0.9942986369132996,
          "x": 0.08119381964206696,
          "y": 0.007869920693337917,
          "z": 0.0686727836728096
        },
        "scale": {
          "x": 1.0,
          "y": 1.0,
          "z": 1.0
        },
        "matrix_basis": [
          [
            0.9904442429542542,
            -0.13528452813625336,
            0.026801714673638344,
            0.0
          ],
          [
            0.13784049451351166,
            0.9773831963539124,
            -0.16038091480731964,
            0.0
          ],
          [
            -0.004498491529375315,
            0.1625427007675171,
            0.9866912364959717,
            0.0
          ],
          [
            0.0,
            0.0,
            0.0,
            1.0
          ]
        ],
        "rotation_mode": "QUATERNION"
      },
      "armature_space": {
        "head": {
          "x": -0.0013047370593994856,
          "y": 8.667260408401489e-05,
          "z": 0.0005348669365048409
        },
        "tail": {
          "x": -0.08422556519508362,
          "y": -0.05205651745200157,
          "z": 0.4786076247692108
        }
      },
      "world_space": {
        "head": {
          "x": -0.0013047370593994856,
          "y": 0.06333067268133163,
          "z": 0.9503889083862305
        },
        "tail": {
          "x": -0.08422556519508362,
          "y": 0.011187482625246048,
          "z": 1.4284616708755493
        },
        "rotation_quaternion": {
          "w": 0.665758490562439,
          "x": 0.7412306070327759,
          "y": -0.05779451131820679,
          "z": 0.06326702982187271
        },
        "matrix": [
          [
            0.985314130783081,
            -0.16991929709911346,
            0.01683543249964714,
            -0.0013047370593994856
          ],
          [
            -0.0014380468055605888,
            -0.1068505272269249,
            -0.9942741394042969,
            0.06333067268133163
          ],
          [
            0.17074643075466156,
            0.979654848575592,
            -0.10552732646465302,
            0.9503889083862305
          ],
          [
            0.0,
            0.0,
            0.0,
            1.0
          ]
        ]
      },
      "bone_length_armature_space": 0.48800444601003595,
      "parent": "Root",
      "has_children": true,
      "is_end_bone": false
    },
    "neck_01": {
      "name": "neck_01",
      "local": {
        "location": {
          "x": 0.0,
          "y": 0.0,
          "z": 0.0
        },
        "rotation_quaternion": {
          "w": 0.9947681427001953,
          "x": -0.03465389832854271,
          "y": -0.0526440367102623,
          "z": -0.08039980381727219
        },
        "scale": {
          "x": 1.0,
          "y": 1.0,
          "z": 1.0
        },
        "matrix_basis": [
          [
            0.9815289378166199,
            0.16360697150230408,
            -0.09916488826274872,
            0.0
          ],
          [
            -0.15630967915058136,
            0.9846699833869934,
            0.07741032540798187,
            0.0
          ],
          [
            0.11030955612659454,
            -0.06048004701733589,
            0.9920554161071777,
            0.0
          ],
          [
            0.0,
            0.0,
            0.0,
            1.0
          ]
        ],
        "rotation_mode": "QUATERNION"
      },
      "armature_space": {
        "head": {
          "x": -0.09608292579650879,
          "y": -0.094361811876297,
          "z": 0.5466766953468323
        },
        "tail": {
          "x": -0.09526151418685913,
          "y": -0.1370696872472763,
          "z": 0.6398759484291077
        }
      },
      "world_space": {
        "head": {
          "x": -0.09608292579650879,
          "y": -0.031117811799049377,
          "z": 1.4965307712554932
        },
        "tail": {
          "x": -0.09526151418685913,
          "y": -0.07382568717002869,
          "z": 1.5897300243377686
        },
        "rotation_quaternion": {
          "w": 0.5400790572166443,
          "x": 0.8414562940597534,
          "y": -0.0051663098856806755,
          "z": -0.015466776676476002
        },
        "matrix": [
          [
            0.9994681477546692,
            0.008012121543288231,
            -0.03160959482192993,
            -0.09608292579650879
          ],
          [
            -0.025400973856449127,
            -0.41657552123069763,
            -0.9087463617324829,
            -0.031117811799049377
          ],
          [
            -0.020448923110961914,
            0.9090718030929565,
            -0.4161541759967804,
            1.4965307712554932
          ],
          [
            0.0,
            0.0,
            0.0,
            1.0
          ]
        ]
      },
      "bone_length_armature_space": 0.10252189252660916,
      "parent": "spine_01",
      "has_children": true,
      "is_end_bone": false
    },
    "head": {
      "name": "head",
      "local": {
        "location": {
          "x": 0.0,
          "y": 0.0,
          "z": 0.0
        },
        "rotation_quaternion": {
          "w": 0.9905627369880676,
          "x": 0.03526642173528671,
          "y": 0.02779582515358925,
          "z": -0.12949633598327637
        },
        "scale": {
          "x": 1.0,
          "y": 1.0,
          "z": 1.0
        },
        "matrix_basis": [
          [
            0.9649161696434021,
            0.2585090100765228,
            0.04593327268958092,
            0.0
          ],
          [
            -0.25458797812461853,
            0.9639739394187927,
            -0.07706612348556519,
            0.0
          ],
          [
            -0.064200758934021,
            0.06266829371452332,
            0.9959673285484314,
            0.0
          ],
          [
            0.0,
            0.0,
            0.0,
            1.0
          ]
        ],
        "rotation_mode": "QUATERNION"
      },
      "armature_space": {
        "head": {
          "x": -0.09526152163743973,
          "y": -0.13706980645656586,
          "z": 0.6398758292198181
        },
        "tail": {
          "x": -0.052750106900930405,
          "y": -0.15685957670211792,
          "z": 0.7877082228660583
        }
      },
      "world_space": {
        "head": {
          "x": -0.09526152163743973,
          "y": -0.07382580637931824,
          "z": 1.5897297859191895
        },
        "tail": {
          "x": -0.052750106900930405,
          "y": -0.0936155766248703,
          "z": 1.7375621795654297
        },
        "rotation_quaternion": {
          "w": 0.6513575911521912,
          "x": 0.7460055351257324,
          "y": 0.10923551023006439,
          "z": -0.08530409634113312
        },
        "matrix": [
          [
            0.9615815281867981,
            0.2741076648235321,
            0.015029750764369965,
            -0.09526152163743973
          ],
          [
            0.05185528099536896,
            -0.12760168313980103,
            -0.990469217300415,
            -0.07382580637931824
          ],
          [
            -0.2695792019367218,
            0.9532027244567871,
            -0.1369151771068573,
            1.5897297859191895
          ],
          [
            0.0,
            0.0,
            0.0,
            1.0
          ]
        ]
      },
      "bone_length_armature_space": 0.15509117573610318,
      "parent": "neck_01",
      "has_children": false,
      "is_end_bone": true
    },
    "upperarm_l": {
      "name": "upperarm_l",
      "local": {
        "location": {
          "x": 0.0,
          "y": 0.0,
          "z": 0.0
        },
        "rotation_quaternion": {
          "w": 0.8174432516098022,
          "x": 0.5078548192977905,
          "y": -0.23862338066101074,
          "z": 0.13011212646961212
        },
        "scale": {
          "x": 1.0,
          "y": 1.0,
          "z": 1.0
        },
        "matrix_basis": [
          [
            0.8522594571113586,
            -0.45509064197540283,
            -0.257966011762619,
            0.0
          ],
          [
            -0.029653508216142654,
            0.450308620929718,
            -0.8923805952072144,
            0.0
          ],
          [
            0.5222783088684082,
            0.7681893706321716,
            0.3702847361564636,
            0.0
          ],
          [
            0.0,
            0.0,
            0.0,
            1.0
          ]
        ],
        "rotation_mode": "QUATERNION"
      },
      "armature_space": {
        "head": {
          "x": 0.06318777799606323,
          "y": -0.0905672013759613,
          "z": 0.506111741065979
        },
        "tail": {
          "x": 0.17658117413520813,
          "y": -0.30561214685440063,
          "z": 0.6188299059867859
        }
      },
      "world_space": {
        "head": {
          "x": 0.06318777799606323,
          "y": -0.027323201298713684,
          "z": 1.4559657573699951
        },
        "tail": {
          "x": 0.17658117413520813,
          "y": -0.24236814677715302,
          "z": 1.5686838626861572
        },
        "rotation_quaternion": {
          "w": 0.31419163942337036,
          "x": 0.6816599369049072,
          "y": 0.005832851864397526,
          "z": -0.6607490181922913
        },
        "matrix": [
          [
            0.12675359845161438,
            0.4231579601764679,
            -0.8971461057662964,
            0.06318777799606323
          ],
          [
            -0.40725231170654297,
            -0.8024979829788208,
            -0.4360540211200714,
            -0.027323201298713684
          ],
          [
            -0.9044840931892395,
            0.42063820362091064,
            0.07061274349689484,
            1.4559657573699951
          ],
          [
            0.0,
            0.0,
            0.0,
            1.0
          ]
        ]
      },
      "bone_length_armature_space": 0.26796972549861486,
      "parent": "spine_01",
      "has_children": true,
      "is_end_bone": false
    },
    "lowerarm_l": {
      "name": "lowerarm_l",
      "local": {
        "location": {
          "x": 0.0,
          "y": 0.0,
          "z": 0.0
        },
        "rotation_quaternion": {
          "w": 0.9568628072738647,
          "x": 0.0466076135635376,
          "y": -0.1144377738237381,
          "z": 0.26295503973960876
        },
        "scale": {
          "x": 1.0,
          "y": 1.0,
          "z": 1.0
        },
        "matrix_basis": [
          [
            0.8355172872543335,
            -0.5138911604881287,
            -0.19449108839035034,
            0.0
          ],
          [
            0.49255645275115967,
            0.8573647737503052,
            -0.14937816560268402,
            0.0
          ],
          [
            0.24351391196250916,
            0.02901020459830761,
            0.9694634675979614,
            0.0
          ],
          [
            0.0,
            0.0,
            0.0,
            1.0
          ]
        ],
        "rotation_mode": "QUATERNION"
      },
      "armature_space": {
        "head": {
          "x": 0.17658114433288574,
          "y": -0.305612176656723,
          "z": 0.6188300848007202
        },
        "tail": {
          "x": 0.23690931499004364,
          "y": -0.4251013696193695,
          "z": 0.8504610061645508
        }
      },
      "world_space": {
        "head": {
          "x": 0.17658114433288574,
          "y": -0.2423681765794754,
          "z": 1.5686841011047363
        },
        "tail": {
          "x": 0.23690931499004364,
          "y": -0.3618573546409607,
          "z": 1.800315022468567
        },
        "rotation_quaternion": {
          "w": 0.42396557331085205,
          "x": 0.5365013480186462,
          "y": -0.3113337457180023,
          "z": -0.6599173545837402
        },
        "matrix": [
          [
            -0.06483939290046692,
            0.22550524771213531,
            -0.9720820784568787,
            0.17658114433288574
          ],
          [
            -0.8936271667480469,
            -0.4466477334499359,
            -0.044007956981658936,
            -0.2423681765794754
          ],
          [
            -0.44410616159439087,
            0.8658307790756226,
            0.2304796576499939,
            1.5686841011047363
          ],
          [
            0.0,
            0.0,
            0.0,
            1.0
          ]
        ]
      },
      "bone_length_armature_space": 0.2675257700321933,
      "parent": "upperarm_l",
      "has_children": true,
      "is_end_bone": false
    },
    "metacarpal_thumb_l": {
      "name": "metacarpal_thumb_l",
      "local": {
        "location": {
          "x": 0.0,
          "y": 0.0,
          "z": 0.0
        },
        "rotation_quaternion": {
          "w": 0.9993327856063843,
          "x": 0.035217683762311935,
          "y": 0.004972296301275492,
          "z": 0.008306507021188736
        },
        "scale": {
          "x": 1.0,
          "y": 1.0,
          "z": 1.0
        },
        "matrix_basis": [
          [
            0.9998125433921814,
            -0.0162517037242651,
            0.01052302960306406,
            0.0
          ],
          [
            0.0169521551579237,
            0.9973814487457275,
            -0.07030576467514038,
            0.0
          ],
          [
            -0.00935288518667221,
            0.07047097384929657,
            0.997469961643219,
            0.0
          ],
          [
            0.0,
            0.0,
            0.0,
            1.0
          ]
        ],
        "rotation_mode": "QUATERNION"
      },
      "armature_space": {
        "head": {
          "x": 0.23690931499004364,
          "y": -0.4251013696193695,
          "z": 0.8504610061645508
        },
        "tail": {
          "x": 0.2159394770860672,
          "y": -0.45434924960136414,
          "z": 0.8844966888427734
        }
      },
      "world_space": {
        "head": {
          "x": 0.23690931499004364,
          "y": -0.3618573546409607,
          "z": 1.800315022468567
        },
        "tail": {
          "x": 0.2159394770860672,
          "y": -0.3911052346229553,
          "z": 1.8343507051467896
        },
        "rotation_quaternion": {
          "w": 0.40549126267433167,
          "x": 0.8879648447036743,
          "y": -0.20085899531841278,
          "z": 0.0821637436747551
        },
        "matrix": [
          [
            0.9058095216751099,
            -0.42334526777267456,
            -0.016977332532405853,
            0.23690931499004364
          ],
          [
            -0.2900790274143219,
            -0.5904645323753357,
            -0.7531308531761169,
            -0.3618573546409607
          ],
          [
            0.3088115155696869,
            0.6871218681335449,
            -0.6576572060585022,
            1.800315022468567
          ],
          [
            0.0,
            0.0,
            0.0,
            1.0
          ]
        ]
      },
      "bone_length_armature_space": 0.049533829452165855,
      "parent": "lowerarm_l",
      "has_children": true,
      "is_end_bone": false
    },
    "thumb_01_l": {
      "name": "thumb_01_l",
      "local": {
        "location": {
          "x": 0.0,
          "y": 0.0,
          "z": 0.0
        },
        "rotation_quaternion": {
          "w": 0.9985363483428955,
          "x": 0.048573821783065796,
          "y": 0.021862993016839027,
          "z": -0.00936896912753582
        },
        "scale": {
          "x": 1.0,
          "y": 1.0,
          "z": 1.0
        },
        "matrix_basis": [
          [
            0.998868465423584,
            0.02083445154130459,
            0.04275181144475937,
            0.0
          ],
          [
            -0.01658657379448414,
            0.9951056241989136,
            -0.09741511940956116,
            0.0
          ],
          [
            -0.04457215964794159,
            0.09659578651189804,
            0.9943251609802246,
            0.0
          ],
          [
            0.0,
            0.0,
            0.0,
            1.0
          ]
        ],
        "rotation_mode": "QUATERNION"
      },
      "armature_space": {
        "head": {
          "x": 0.2159394770860672,
          "y": -0.45434924960136414,
          "z": 0.8844966888427734
        },
        "tail": {
          "x": 0.20494933426380157,
          "y": -0.48655641078948975,
          "z": 0.8837608695030212
        }
      },
      "world_space": {
        "head": {
          "x": 0.2159394770860672,
          "y": -0.3911052346229553,
          "z": 1.8343507051467896
        },
        "tail": {
          "x": 0.20494933426380157,
          "y": -0.4233124256134033,
          "z": 1.8336148262023926
        },
        "rotation_quaternion": {
          "w": 0.12851138412952423,
          "x": 0.5599604845046997,
          "y": -0.10191720724105835,
          "z": 0.8121219277381897
        },
        "matrix": [
          [
            -0.33985835313796997,
            -0.3228731155395508,
            0.8833174109458923,
            0.2159394770860672
          ],
          [
            0.09459522366523743,
            -0.946195662021637,
            -0.30946072936058044,
            -0.3911052346229553
          ],
          [
            0.9357138872146606,
            -0.021616356447339058,
            0.3521167039871216,
            1.8343507051467896
          ],
          [
            0.0,
            0.0,
            0.0,
            1.0
          ]
        ]
      },
      "bone_length_armature_space": 0.03403859474466633,
      "parent": "metacarpal_thumb_l",
      "has_children": true,
      "is_end_bone": false
    },
    "thumb_02_l": {
      "name": "thumb_02_l",
      "local": {
        "location": {
          "x": 0.0,
          "y": 0.0,
          "z": 0.0
        },
        "rotation_quaternion": {
          "w": 0.9932869672775269,
          "x": 0.115579754114151,
          "y": 0.003806847147643566,
          "z": 0.002834880258888006
        },
        "scale": {
          "x": 1.0,
          "y": 1.0,
          "z": 1.0
        },
        "matrix_basis": [
          [
            0.9999549388885498,
            -0.004751710221171379,
            0.008217892609536648,
            0.0
          ],
          [
            0.006511688232421875,
            0.9732665419578552,
            -0.2295861393213272,
            0.0
          ],
          [
            -0.006907274015247822,
            0.2296293079853058,
            0.9732536673545837,
            0.0
          ],
          [
            0.0,
            0.0,
            0.0,
            1.0
          ]
        ],
        "rotation_mode": "QUATERNION"
      },
      "armature_space": {
        "head": {
          "x": 0.2049493044614792,
          "y": -0.48655638098716736,
          "z": 0.8837608695030212
        },
        "tail": {
          "x": 0.21648111939430237,
          "y": -0.5030806660652161,
          "z": 0.918505072593689
        }
      },
      "world_space": {
        "head": {
          "x": 0.2049493044614792,
          "y": -0.42331236600875854,
          "z": 1.8336148262023926
        },
        "tail": {
          "x": 0.21648111939430237,
          "y": -0.43983668088912964,
          "z": 1.868359088897705
        },
        "rotation_quaternion": {
          "w": 0.024869484826922417,
          "x": 0.3009018003940582,
          "y": 0.5419163703918457,
          "z": 0.784325361251831
        },
        "matrix": [
          [
            -0.817680299282074,
            0.2871151566505432,
            0.4989631772041321,
            0.2049493044614792
          ],
          [
            0.36513751745224,
            -0.41141676902770996,
            0.8351114988327026,
            -0.42331236600875854
          ],
          [
            0.4450583755970001,
            0.8650495409965515,
            0.23157328367233276,
            1.8336148262023926
          ],
          [
            0.0,
            0.0,
            0.0,
            1.0
          ]
        ]
      },
      "bone_length_armature_space": 0.04016459063888524,
      "parent": "thumb_01_l",
      "has_children": true,
      "is_end_bone": false
    },
    "thumb_03_l": {
      "name": "thumb_03_l",
      "local": {
        "location": {
          "x": 0.0,
          "y": 0.0,
          "z": 0.0
        },
        "rotation_quaternion": {
          "w": 0.9949418306350708,
          "x": 0.10044170916080475,
          "y": 0.0010792206740006804,
          "z": -0.001094541628845036
        },
        "scale": {
          "x": 1.0,
          "y": 1.0,
          "z": 1.0
        },
        "matrix_basis": [
          [
            0.9999952912330627,
            0.002394807990640402,
            0.001927648321725428,
            0.0
          ],
          [
            -0.001961213070899248,
            0.9798205494880676,
            -0.19986967742443085,
            0.0
          ],
          [
            -0.0023673989344388247,
            0.1998649537563324,
            0.9798206090927124,
            0.0
          ],
          [
            0.0,
            0.0,
            0.0,
            1.0
          ]
        ],
        "rotation_mode": "QUATERNION"
      },
      "armature_space": {
        "head": {
          "x": 0.2164810299873352,
          "y": -0.5030807256698608,
          "z": 0.918505072593689
        },
        "tail": {
          "x": 0.2329910397529602,
          "y": -0.5038212537765503,
          "z": 0.9440740346908569
        }
      },
      "world_space": {
        "head": {
          "x": 0.2164810299873352,
          "y": -0.4398367404937744,
          "z": 1.868359088897705
        },
        "tail": {
          "x": 0.2329910397529602,
          "y": -0.44057726860046387,
          "z": 1.893928050994873
        },
        "rotation_quaternion": {
          "w": 0.21515783667564392,
          "x": -0.1841273307800293,
          "y": -0.6644889116287231,
          "z": -0.6915625333786011
        },
        "matrix": [
          [
            -0.8396085500717163,
            0.5422915816307068,
            -0.03127102553844452,
            0.2164810299873352
          ],
          [
            -0.05289198085665703,
            -0.024323388934135437,
            0.9983042478561401,
            -0.4398367404937744
          ],
          [
            0.540614902973175,
            0.8398439884185791,
            0.04910649359226227,
            1.868359088897705
          ],
          [
            0.0,
            0.0,
            0.0,
            1.0
          ]
        ]
      },
      "bone_length_armature_space": 0.030445042360405326,
      "parent": "thumb_02_l",
      "has_children": false,
      "is_end_bone": true
    },
    "metacarpal_index_l": {
      "name": "metacarpal_index_l",
      "local": {
        "location": {
          "x": 0.0,
          "y": 0.0,
          "z": 0.0
        },
        "rotation_quaternion": {
          "w": 0.9995658993721008,
          "x": -0.022381462156772614,
          "y": 0.00704566203057766,
          "z": -0.017818717285990715
        },
        "scale": {
          "x": 1.0,
          "y": 1.0,
          "z": 1.0
        },
        "matrix_basis": [
          [
            0.999265730381012,
            0.03530658036470413,
            0.014882825314998627,
            0.0
          ],
          [
            -0.03593735024333,
            0.9983631372451782,
            0.04449240490794182,
            0.0
          ],
          [
            -0.013287588953971863,
            -0.04499458149075508,
            0.9988988637924194,
            0.0
          ],
          [
            0.0,
            0.0,
            0.0,
            1.0
          ]
        ],
        "rotation_mode": "QUATERNION"
      },
      "armature_space": {
        "head": {
          "x": 0.23690931499004364,
          "y": -0.4251013696193695,
          "z": 0.8504610061645508
        },
        "tail": {
          "x": 0.23342908918857574,
          "y": -0.4806297719478607,
          "z": 0.9535815119743347
        }
      },
      "world_space": {
        "head": {
          "x": 0.23690931499004364,
          "y": -0.3618573546409607,
          "z": 1.800315022468567
        },
        "tail": {
          "x": 0.23342908918857574,
          "y": -0.4173857569694519,
          "z": 1.903435468673706
        },
        "rotation_quaternion": {
          "w": 0.47984838485717773,
          "x": 0.8129360675811768,
          "y": -0.18108703196048737,
          "z": -0.27584055066108704
        },
        "matrix": [
          [
            0.7822394967079163,
            -0.02970188856124878,
            -0.6222697496414185,
            0.23690931499004364
          ],
          [
            -0.5591475367546082,
            -0.4739060699939728,
            -0.680270254611969,
            -0.3618573546409607
          ],
          [
            -0.27469468116760254,
            0.8800800442695618,
            -0.38731899857521057,
            1.800315022468567
          ],
          [
            0.0,
            0.0,
            0.0,
            1.0
          ]
        ]
      },
      "bone_length_armature_space": 0.11717232518833309,
      "parent": "lowerarm_l",
      "has_children": true,
      "is_end_bone": false
    },
    "index_01_l": {
      "name": "index_01_l",
      "local": {
        "location": {
          "x": 0.0,
          "y": 0.0,
          "z": 0.0
        },
        "rotation_quaternion": {
          "w": 0.9976526498794556,
          "x": -0.06681159138679504,
          "y": 0.013084713369607925,
          "z": 0.007378228474408388
        },
        "scale": {
          "x": 1.0,
          "y": 1.0,
          "z": 1.0
        },
        "matrix_basis": [
          [
            0.9995487332344055,
            -0.01647023856639862,
            0.02512209489941597,
            0.0
          ],
          [
            0.01297339703887701,
            0.9909635186195374,
            0.13350260257720947,
            0.0
          ],
          [
            -0.027093900367617607,
            -0.1331164389848709,
            0.9907299876213074,
            0.0
          ],
          [
            0.0,
            0.0,
            0.0,
            1.0
          ]
        ],
        "rotation_mode": "QUATERNION"
      },
      "armature_space": {
        "head": {
          "x": 0.23342908918857574,
          "y": -0.4806297719478607,
          "z": 0.9535815119743347
        },
        "tail": {
          "x": 0.24442894756793976,
          "y": -0.492891401052475,
          "z": 0.9768566489219666
        }
      },
      "world_space": {
        "head": {
          "x": 0.23342908918857574,
          "y": -0.4173857569694519,
          "z": 1.903435468673706
        },
        "tail": {
          "x": 0.24442894756793976,
          "y": -0.42964738607406616,
          "z": 1.926710605621338
        },
        "rotation_quaternion": {
          "w": 0.5336238741874695,
          "x": 0.7746278643608093,
          "y": 0.015432731248438358,
          "z": -0.33905619382858276
        },
        "matrix": [
          [
            0.7696068286895752,
            0.38576552271842957,
            -0.5088131427764893,
            0.23342908918857574
          ],
          [
            -0.3379461467266083,
            -0.43001559376716614,
            -0.8371854424476624,
            -0.4173857569694519
          ],
          [
            -0.5417590141296387,
            0.8162598013877869,
            -0.20057719945907593,
            1.903435468673706
          ],
          [
            0.0,
            0.0,
            0.0,
            1.0
          ]
        ]
      },
      "bone_length_armature_space": 0.02851449526037371,
      "parent": "metacarpal_index_l",
      "has_children": true,
      "is_end_bone": false
    },
    "index_02_l": {
      "name": "index_02_l",
      "local": {
        "location": {
          "x": 0.0,
          "y": 0.0,
          "z": 0.0
        },
        "rotation_quaternion": {
          "w": 0.9871325492858887,
          "x": 0.1598442941904068,
          "y": -0.003976891748607159,
          "z": 0.0018654386512935162
        },
        "scale": {
          "x": 1.0,
          "y": 1.0,
          "z": 1.0
        },
        "matrix_basis": [
          [
            0.9999614357948303,
            -0.00495423749089241,
            -0.007255079224705696,
            0.0
          ],
          [
            0.00241150357760489,
            0.9488926529884338,
            -0.3155898451805115,
            0.0
          ],
          [
            0.00844779796898365,
            0.31556016206741333,
            0.9488679766654968,
            0.0
          ],
          [
            0.0,
            0.0,
            0.0,
            1.0
          ]
        ],
        "rotation_mode": "QUATERNION"
      },
      "armature_space": {
        "head": {
          "x": 0.24442875385284424,
          "y": -0.49289175868034363,
          "z": 0.9768570065498352
        },
        "tail": {
          "x": 0.2503301799297333,
          "y": -0.5095592141151428,
          "z": 0.9954436421394348
        }
      },
      "world_space": {
        "head": {
          "x": 0.24442875385284424,
          "y": -0.4296477437019348,
          "z": 1.926711082458496
        },
        "tail": {
          "x": 0.2503301799297333,
          "y": -0.4463152289390564,
          "z": 1.9452977180480957
        },
        "rotation_quaternion": {
          "w": 0.41578060388565063,
          "x": 0.8287437558174133,
          "y": -0.04760989546775818,
          "z": -0.3715421259403229
        },
        "matrix": [
          [
            0.7193805575370789,
            0.23004621267318726,
            -0.6554165482521057,
            0.24442875385284424
          ],
          [
            -0.3878723084926605,
            -0.6497201919555664,
            -0.6537730693817139,
            -0.4296477437019348
          ],
          [
            -0.576239824295044,
            0.7245334386825562,
            -0.3781707286834717,
            1.926711082458496
          ],
          [
            0.0,
            0.0,
            0.0,
            1.0
          ]
        ]
      },
      "bone_length_armature_space": 0.025653341210507555,
      "parent": "index_01_l",
      "has_children": true,
      "is_end_bone": false
    },
    "index_03_l": {
      "name": "index_03_l",
      "local": {
        "location": {
          "x": 0.0,
          "y": 0.0,
          "z": 0.0
        },
        "rotation_quaternion": {
          "w": 0.9755133390426636,
          "x": 0.21991918981075287,
          "y": 0.0018423562869429588,
          "z": -0.0024169161915779114
        },
        "scale": {
          "x": 1.0,
          "y": 1.0,
          "z": 1.0
        },
        "matrix_basis": [
          [
            0.9999815225601196,
            0.0055258069187402725,
            0.0025314337108284235,
            0.0
          ],
          [
            -0.0039051289204508066,
            0.9032593965530396,
            -0.4290771186351776,
            0.0
          ],
          [
            -0.00465753860771656,
            0.42905929684638977,
            0.9032642841339111,
            0.0
          ],
          [
            0.0,
            0.0,
            0.0,
            1.0
          ]
        ],
        "rotation_mode": "QUATERNION"
      },
      "armature_space": {
        "head": {
          "x": 0.25033026933670044,
          "y": -0.5095590949058533,
          "z": 0.9954437017440796
        },
        "tail": {
          "x": 0.24884428083896637,
          "y": -0.5367615818977356,
          "z": 1.0060054063796997
        }
      },
      "world_space": {
        "head": {
          "x": 0.25033026933670044,
          "y": -0.44631510972976685,
          "z": 1.9452977180480957
        },
        "tail": {
          "x": 0.24884428083896637,
          "y": -0.47351759672164917,
          "z": 1.9558594226837158
        },
        "rotation_quaternion": {
          "w": 0.16316711902618408,
          "x": 0.9201527833938599,
          "y": -0.0887591764330864,
          "z": -0.34469878673553467
        },
        "matrix": [
          [
            0.7466093897819519,
            -0.0508575439453125,
            -0.6633162498474121,
            0.25033026933670044
          ],
          [
            -0.27583134174346924,
            -0.9309967756271362,
            -0.2390868365764618,
            -0.44631510972976685
          ],
          [
            -0.6053903102874756,
            0.3614690601825714,
            -0.7091238498687744,
            1.9452977180480957
          ],
          [
            0.0,
            0.0,
            0.0,
            1.0
          ]
        ]
      },
      "bone_length_armature_space": 0.029218711050856237,
      "parent": "index_02_l",
      "has_children": false,
      "is_end_bone": true
    },
    "metacarpal_pinky_l": {
      "name": "metacarpal_pinky_l",
      "local": {
        "location": {
          "x": 0.0,
          "y": 0.0,
          "z": 0.0
        },
        "rotation_quaternion": {
          "w": 0.9998792409896851,
          "x": 0.01525331474840641,
          "y": 0.00018775128410197794,
          "z": 0.002997908042743802
        },
        "scale": {
          "x": 1.0,
          "y": 1.0,
          "z": 1.0
        },
        "matrix_basis": [
          [
            0.9999819397926331,
            -0.005989364348351955,
            0.0004669133049901575,
            0.0
          ],
          [
            0.006000819616019726,
            0.9995167255401611,
            -0.030501820147037506,
            0.0
          ],
          [
            -0.0002840011438820511,
            0.030504072085022926,
            0.9995346069335938,
            0.0
          ],
          [
            0.0,
            0.0,
            0.0,
            1.0
          ]
        ],
        "rotation_mode": "QUATERNION"
      },
      "armature_space": {
        "head": {
          "x": 0.23690931499004364,
          "y": -0.4251013696193695,
          "z": 0.8504610061645508
        },
        "tail": {
          "x": 0.28996264934539795,
          "y": -0.46566522121429443,
          "z": 0.9303560256958008
        }
      },
      "world_space": {
        "head": {
          "x": 0.23690931499004364,
          "y": -0.3618573546409607,
          "z": 1.800315022468567
        },
        "tail": {
          "x": 0.28996264934539795,
          "y": -0.402421236038208,
          "z": 1.880210041999817
        },
        "rotation_quaternion": {
          "w": 0.2772026062011719,
          "x": -0.05045090988278389,
          "y": -0.47789618372917175,
          "z": -0.8320028781890869
        },
        "matrix": [
          [
            -0.8412263989448547,
            0.5094876885414124,
            -0.18099939823150635,
            0.23690931499004364
          ],
          [
            -0.4130479097366333,
            -0.38954710960388184,
            0.8231918215751648,
            -0.3618573546409607
          ],
          [
            0.3489004075527191,
            0.7672567963600159,
            0.5381446480751038,
            1.800315022468567
          ],
          [
            0.0,
            0.0,
            0.0,
            1.0
          ]
        ]
      },
      "bone_length_armature_space": 0.10413115064817602,
      "parent": "lowerarm_l",
      "has_children": true,
      "is_end_bone": false
    },
    "pinky_01_l": {
      "name": "pinky_01_l",
      "local": {
        "location": {
          "x": 0.0,
          "y": 0.0,
          "z": 0.0
        },
        "rotation_quaternion": {
          "w": 0.9983832836151123,
          "x": 0.05422497168183327,
          "y": -0.009425547905266285,
          "z": -0.014202088117599487
        },
        "scale": {
          "x": 1.0,
          "y": 1.0,
          "z": 1.0
        },
        "matrix_basis": [
          [
            0.9994189143180847,
            0.027336055412888527,
            -0.020360834896564484,
            0.0
          ],
          [
            -0.02938045561313629,
            0.9937158823013306,
            -0.10800688713788986,
            0.0
          ],
          [
            0.017280403524637222,
            0.10854233801364899,
            0.993941605091095,
            0.0
          ],
          [
            0.0,
            0.0,
            0.0,
            1.0
          ]
        ],
        "rotation_mode": "QUATERNION"
      },
      "armature_space": {
        "head": {
          "x": 0.28996264934539795,
          "y": -0.46566522121429443,
          "z": 0.9303560256958008
        },
