{
  "metadata": {
    "armature_name": "KIM_caucasian_male",
    "export_time": "2026-01-13T19:11:14.120622",
    "blender_version": "4.4.1",
    "bone_count": 56,
    "end_bone_count": 13,
    "spaces_included": [
      "LOCAL_CHANNELS",
      "ARMATURE_SPACE",
      "WORLD_SPACE"
    ],
    "note": "LOCAL matches Transform panel; replay pose via local.matrix_basis for best fidelity."
  },
  "bones": {
    "Root": {
      "name": "Root",
      "local": {
        "location": {
          "x": 0.0,
          "y": 0.0,
          "z": 0.0
        },
        "rotation_quaternion": {
          "w": 0.9999482035636902,
          "x": 0.002961014863103628,
          "y": -0.009520363062620163,
          "z": -0.0020439084619283676
        },
        "scale": {
          "x": 1.0,
          "y": 1.0,
          "z": 1.0
        },
        "matrix_basis": [
          [
            0.9998103976249695,
            0.004031225107610226,
            -0.019051844254136086,
            0.0
          ],
          [
            -0.004143984988331795,
            0.9999741315841675,
            -0.0058828056789934635,
            0.0
          ],
          [
            0.01902763545513153,
            0.005960640497505665,
            0.9998012185096741,
            0.0
          ],
          [
            0.0,
            0.0,
            0.0,
            1.0
          ]
        ],
        "rotation_mode": "QUATERNION"
      },
      "armature_space": {
        "head": {
          "x": 0.0,
          "y": 0.07072800397872925,
          "z": -0.009595036506652832
        },
        "tail": {
          "x": 0.00028773219673894346,
          "y": -5.535781383514404e-05,
          "z": -0.00042183510959148407
        }
      },
      "world_space": {
        "head": {
          "x": 0.0,
          "y": 0.13397200405597687,
          "z": 0.9402589797973633
        },
        "tail": {
          "x": 0.00028773219673894346,
          "y": 0.06318864226341248,
          "z": 0.9494321942329407
        },
        "rotation_quaternion": {
          "w": 0.06440988183021545,
          "x": 0.9978760480880737,
          "y": 0.0013978981878608465,
          "z": -0.009636429138481617
        },
        "matrix": [
          [
            0.9998103976249695,
            0.004031225107610226,
            -0.019051844254136086,
            0.0
          ],
          [
            0.0015484916511923075,
            -0.9916988015174866,
            -0.12857356667518616,
            0.13397200405597687
          ],
          [
            -0.01941213384270668,
            0.12851963937282562,
            -0.9915240406990051,
            0.9402589797973633
          ],
          [
            0.0,
            0.0,
            0.0,
            1.0
          ]
        ]
      },
      "bone_length_armature_space": 0.07137587053400922,
      "parent": null,
      "has_children": true,
      "is_end_bone": false
    },
    "spine_01": {
      "name": "spine_01",
      "local": {
        "location": {
          "x": 0.0,
          "y": 0.0,
          "z": 0.0
        },
        "rotation_quaternion": {
          "w": 0.9971863031387329,
          "x": 0.06344308704137802,
          "y": 0.03733751177787781,
          "z": -0.014154214411973953
        },
        "scale": {
          "x": 1.0,
          "y": 1.0,
          "z": 1.0
        },
        "matrix_basis": [
          [
            0.9968111515045166,
            0.03296639025211334,
            0.07266893982887268,
            0.0
          ],
          [
            -0.023491162806749344,
            0.9915492534637451,
            -0.12758612632751465,
            0.0
          ],
          [
            -0.07626088708639145,
            0.12547218799591064,
            0.9891617894172668,
            0.0
          ],
          [
            0.0,
            0.0,
            0.0,
            1.0
          ]
        ],
        "rotation_mode": "QUATERNION"
      },
      "armature_space": {
        "head": {
          "x": 0.00028773219673894346,
          "y": -5.535781383514404e-05,
          "z": -0.00042183510959148407
        },
        "tail": {
          "x": 0.0258701853454113,
          "y": -0.04145005717873573,
          "z": 0.4851505160331726
        }
      },
      "world_space": {
        "head": {
          "x": 0.00028773219673894346,
          "y": 0.06318864226341248,
          "z": 0.9494321942329407
        },
        "tail": {
          "x": 0.0258701853454113,
          "y": 0.021793942898511887,
          "z": 1.435004472732544
        },
        "rotation_quaternion": {
          "w": 0.6750285029411316,
          "x": 0.7364314794540405,
          "y": 0.0438615158200264,
          "z": 0.009021198377013206
        },
        "matrix": [
          [
            0.9959896206855774,
            0.05242292955517769,
            0.07250285893678665,
            0.00028773219673894346
          ],
          [
            0.07678144425153732,
            -0.08482498675584793,
            -0.9934331774711609,
            0.06318864226341248
          ],
          [
            -0.045928873121738434,
            0.9950227737426758,
            -0.08851143717765808,
            0.9494321942329407
          ],
          [
            0.0,
            0.0,
            0.0,
            1.0
          ]
        ]
      },
      "bone_length_armature_space": 0.4880045854447203,
      "parent": "Root",
      "has_children": true,
      "is_end_bone": false
    },
    "neck_01": {
      "name": "neck_01",
      "local": {
        "location": {
          "x": 0.0,
          "y": 0.0,
          "z": 0.0
        },
        "rotation_quaternion": {
          "w": 0.9857789278030396,
          "x": -0.0018221966456621885,
          "y": -0.10288286954164505,
          "z": -0.13285969197750092
        },
        "scale": {
          "x": 1.0,
          "y": 1.0,
          "z": 1.0
        },
        "matrix_basis": [
          [
            0.9435268640518188,
            0.2623155117034912,
            -0.20235534012317657,
            0.0
          ],
          [
            -0.261565625667572,
            0.9646899700164795,
            0.030930539593100548,
            0.0
          ],
          [
            0.20332372188568115,
            0.023745406419038773,
            0.9788236021995544,
            0.0
          ],
          [
            0.0,
            0.0,
            0.0,
            1.0
          ]
        ],
        "rotation_mode": "QUATERNION"
      },
      "armature_space": {
        "head": {
          "x": 0.032222941517829895,
          "y": -0.08211350440979004,
          "z": 0.5549349188804626
        },
        "tail": {
          "x": 0.06664086878299713,
          "y": -0.12733548879623413,
          "z": 0.6402642726898193
        }
      },
      "world_space": {
        "head": {
          "x": 0.032222941517829895,
          "y": -0.01886950433254242,
          "z": 1.504788875579834
        },
        "tail": {
          "x": 0.06664086878299713,
          "y": -0.06409148871898651,
          "z": 1.5901182889938354
        },
        "rotation_quaternion": {
          "w": 0.5183839797973633,
          "x": 0.8341824412345886,
          "y": 0.10358061641454697,
          "z": -0.15712714195251465
        },
        "matrix": [
          [
            0.9291645288467407,
            0.33571478724479675,
            -0.1547548919916153,
            0.032222941517829895
          ],
          [
            0.00990729033946991,
            -0.44109824299812317,
            -0.8974043130874634,
            -0.01886950433254242
          ],
          [
            -0.36953651905059814,
            0.8323082327842712,
            -0.4131825268268585,
            1.504788875579834
          ],
          [
            0.0,
            0.0,
            0.0,
            1.0
          ]
        ]
      },
      "bone_length_armature_space": 0.10252180351603285,
      "parent": "spine_01",
      "has_children": true,
      "is_end_bone": false
    },
    "head": {
      "name": "head",
      "local": {
        "location": {
          "x": 0.0,
          "y": 0.0,
          "z": 0.0
        },
        "rotation_quaternion": {
          "w": 0.9801928400993347,
          "x": -0.0663585364818573,
          "y": -0.11203750967979431,
          "z": 0.1492183655500412
        },
        "scale": {
          "x": 1.0,
          "y": 1.0,
          "z": 1.0
        },
        "matrix_basis": [
          [
            0.9303629398345947,
            -0.2776562571525574,
            -0.23944056034088135,
            0.0
          ],
          [
            0.3073948323726654,
            0.9466608762741089,
            0.09665221720933914,
            0.0
          ],
          [
            0.19983290135860443,
            -0.16352443397045135,
            0.9660882949829102,
            0.0
          ],
          [
            0.0,
            0.0,
            0.0,
            1.0
          ]
        ],
        "rotation_mode": "QUATERNION"
      },
      "armature_space": {
        "head": {
          "x": 0.06664082407951355,
          "y": -0.1273355931043625,
          "z": 0.6402641534805298
        },
        "tail": {
          "x": 0.08135820925235748,
          "y": -0.11511882394552231,
          "z": 0.7941714525222778
        }
      },
      "world_space": {
        "head": {
          "x": 0.06664082407951355,
          "y": -0.06409159302711487,
          "z": 1.590118169784546
        },
        "tail": {
          "x": 0.08135820925235748,
          "y": -0.05187482386827469,
          "z": 1.744025468826294
        },
        "rotation_quaternion": {
          "w": 0.7329588532447815,
          "x": 0.6701657772064209,
          "y": -0.04644519463181496,
          "z": -0.10720080137252808
        },
        "matrix": [
          [
            0.9727016091346741,
            0.0948956236243248,
            -0.21177010238170624,
            0.06664082407951355
          ],
          [
            -0.21940018236637115,
            0.07877200841903687,
            -0.9724499583244324,
            -0.06409159302711487
          ],
          [
            -0.07560040056705475,
            0.9923728704452515,
            0.09744159132242203,
            1.590118169784546
          ],
          [
            0.0,
            0.0,
            0.0,
            1.0
          ]
        ]
      },
      "bone_length_armature_space": 0.1550912849989238,
      "parent": "neck_01",
      "has_children": false,
      "is_end_bone": true
    },
    "upperarm_l": {
      "name": "upperarm_l",
      "local": {
        "location": {
          "x": 0.0,
          "y": 0.0,
          "z": 0.0
        },
        "rotation_quaternion": {
          "w": 0.8812758922576904,
          "x": 0.3056620955467224,
          "y": 0.3464440405368805,
          "z": 0.09949921816587448
        },
        "scale": {
          "x": 1.0,
          "y": 1.0,
          "z": 1.0
        },
        "matrix_basis": [
          [
            0.7401528358459473,
            0.036417096853256226,
            0.6714518666267395,
            0.0
          ],
          [
            0.38716214895248413,
            0.7933411598205566,
            -0.46980345249176025,
            0.0
          ],
          [
            -0.5497992634773254,
            0.6076871156692505,
            0.5730944275856018,
            0.0
          ],
          [
            0.0,
            0.0,
            0.0,
            1.0
          ]
        ],
        "rotation_mode": "QUATERNION"
      },
      "armature_space": {
        "head": {
          "x": 0.17832937836647034,
          "y": -0.06806358695030212,
          "z": 0.48089006543159485
        },
        "tail": {
          "x": 0.40609967708587646,
          "y": -0.20282816886901855,
          "z": 0.4388558268547058
        }
      },
      "world_space": {
        "head": {
          "x": 0.17832937836647034,
          "y": -0.004819586873054504,
          "z": 1.4307440519332886
        },
        "tail": {
          "x": 0.40609967708587646,
          "y": -0.13958416879177094,
          "z": 1.3887097835540771
        },
        "rotation_quaternion": {
          "w": 0.12483494728803635,
          "x": 0.7859200239181519,
          "y": 0.48265954852104187,
          "z": -0.36576738953590393
        },
        "matrix": [
          [
            0.2665068507194519,
            0.8499860763549805,
            -0.4544204771518707,
            0.17832937836647034
          ],
          [
            0.6673422455787659,
            -0.5029102563858032,
            -0.5493049621582031,
            -0.004819586873054504
          ],
          [
            -0.6954383254051208,
            -0.1568620204925537,
            -0.7012659907341003,
            1.4307440519332886
          ],
          [
            0.0,
            0.0,
            0.0,
            1.0
          ]
        ]
      },
      "bone_length_armature_space": 0.2679695482492374,
      "parent": "spine_01",
      "has_children": true,
      "is_end_bone": false
    },
    "lowerarm_l": {
      "name": "lowerarm_l",
      "local": {
        "location": {
          "x": 0.0,
          "y": 0.0,
          "z": 0.0
        },
        "rotation_quaternion": {
          "w": 0.8985060453414917,
          "x": 0.416167676448822,
          "y": 0.11336851119995117,
          "z": -0.08147973567247391
        },
        "scale": {
          "x": 1.0,
          "y": 1.0,
          "z": 1.0
        },
        "matrix_basis": [
          [
            0.9610172510147095,
            0.24078069627285004,
            0.13590611517429352,
            0.0
          ],
          [
            -0.05205944925546646,
            0.6403310298919678,
            -0.7663328051567078,
            0.0
          ],
          [
            -0.27154305577278137,
            0.7293838858604431,
            0.6279041171073914,
            0.0
          ],
          [
            0.0,
            0.0,
            0.0,
            1.0
          ]
        ],
        "rotation_mode": "QUATERNION"
      },
      "armature_space": {
        "head": {
          "x": 0.40609967708587646,
          "y": -0.2028283178806305,
          "z": 0.4388558864593506
        },
        "tail": {
          "x": 0.4389711618423462,
          "y": -0.3824361562728882,
          "z": 0.24332976341247559
        }
      },
      "world_space": {
        "head": {
          "x": 0.40609967708587646,
          "y": -0.13958431780338287,
          "z": 1.3887099027633667
        },
        "tail": {
          "x": 0.4389711618423462,
          "y": -0.31919217109680176,
          "z": 1.1931837797164917
        },
        "rotation_quaternion": {
          "w": 0.29867398738861084,
          "x": -0.7667110562324524,
          "y": -0.2740606665611267,
          "z": 0.49783411622047424
        },
        "matrix": [
          [
            0.3541043996810913,
            0.12287282943725586,
            -0.9270989894866943,
            0.40609967708587646
          ],
          [
            0.7176309823989868,
            -0.6713696718215942,
            0.18511837720870972,
            -0.13958431780338287
          ],
          [
            -0.599683403968811,
            -0.7308719158172607,
            -0.3259144425392151,
            1.3887099027633667
          ],
          [
            0.0,
            0.0,
            0.0,
            1.0
          ]
        ]
      },
      "bone_length_armature_space": 0.2675256523225929,
      "parent": "upperarm_l",
      "has_children": true,
      "is_end_bone": false
    },
    "metacarpal_thumb_l": {
      "name": "metacarpal_thumb_l",
      "local": {
        "location": {
          "x": 0.0,
          "y": 0.0,
          "z": 0.0
        },
        "rotation_quaternion": {
          "w": 0.998786211013794,
          "x": -0.04894036427140236,
          "y": 0.002331067807972431,
          "z": 0.005065968260169029
        },
        "scale": {
          "x": 1.0,
          "y": 1.0,
          "z": 1.0
        },
        "matrix_basis": [
          [
            0.9999378323554993,
            -0.010347804985940456,
            0.004160616081207991,
            0.0
          ],
          [
            0.009891471825540066,
            0.9951583743095398,
            0.09778553992509842,
            0.0
          ],
          [
            -0.0051523372530937195,
            -0.09773830324411392,
            0.9951987862586975,
            0.0
          ],
          [
            0.0,
            0.0,
            0.0,
            1.0
          ]
        ],
        "rotation_mode": "QUATERNION"
      },
      "armature_space": {
        "head": {
          "x": 0.4389711618423462,
          "y": -0.3824361562728882,
          "z": 0.24332976341247559
        },
        "tail": {
          "x": 0.4178210198879242,
          "y": -0.40041548013687134,
          "z": 0.20230507850646973
        }
      },
      "world_space": {
        "head": {
          "x": 0.4389711618423462,
          "y": -0.31919217109680176,
          "z": 1.1931837797164917
        },
        "tail": {
          "x": 0.4178210198879242,
          "y": -0.3371714949607849,
          "z": 1.1521590948104858
        },
        "rotation_quaternion": {
          "w": 0.48939746618270874,
          "x": -0.8246738910675049,
          "y": 0.28107690811157227,
          "z": -0.03740212321281433
        },
        "matrix": [
          [
            0.8391929268836975,
            -0.42698508501052856,
            0.33680739998817444,
            0.4389711618423462
          ],
          [
            -0.50020432472229,
            -0.3629717230796814,
            0.786159873008728,
            -0.31919217109680176
          ],
          [
            -0.21342884004116058,
            -0.8282183408737183,
            -0.5181857347488403,
            1.1931837797164917
          ],
          [
            0.0,
            0.0,
            0.0,
            1.0
          ]
        ]
      },
      "bone_length_armature_space": 0.04953392169815567,
      "parent": "lowerarm_l",
      "has_children": true,
      "is_end_bone": false
    },
    "thumb_01_l": {
      "name": "thumb_01_l",
      "local": {
        "location": {
          "x": 0.0,
          "y": 0.0,
          "z": 0.0
        },
        "rotation_quaternion": {
          "w": 0.9974981546401978,
          "x": -0.07035147398710251,
          "y": -0.005540576297789812,
          "z": 0.004182881209999323
        },
        "scale": {
          "x": 1.0,
          "y": 1.0,
          "z": 1.0
        },
        "matrix_basis": [
          [
            0.9999036192893982,
            -0.007565257139503956,
            -0.011641972698271275,
            0.0
          ],
          [
            0.009124407544732094,
            0.9900663495063782,
            0.1403045803308487,
            0.0
          ],
          [
            0.010464885272085667,
            -0.14039728045463562,
            0.9900399446487427,
            0.0
          ],
          [
            0.0,
            0.0,
            0.0,
            1.0
          ]
        ],
        "rotation_mode": "QUATERNION"
      },
      "armature_space": {
        "head": {
          "x": 0.4178210198879242,
          "y": -0.40041548013687134,
          "z": 0.20230507850646973
        },
        "tail": {
          "x": 0.4095020890235901,
          "y": -0.3844165802001953,
          "z": 0.1734352558851242
        }
      },
      "world_space": {
        "head": {
          "x": 0.4178210198879242,
          "y": -0.3371714949607849,
          "z": 1.1521590948104858
        },
        "tail": {
          "x": 0.4095020890235901,
          "y": -0.3211725950241089,
          "z": 1.1232892274856567
        },
        "rotation_quaternion": {
          "w": 0.3479069471359253,
          "x": -0.3309982419013977,
          "y": 0.7835636734962463,
          "z": -0.39424464106559753
        },
        "matrix": [
          [
            -0.5388017296791077,
            -0.24439702928066254,
            0.8062028884887695,
            0.4178210198879242
          ],
          [
            -0.7930377721786499,
            0.47002241015434265,
            -0.3875179886817932,
            -0.3371714949607849
          ],
          [
            -0.2842279076576233,
            -0.8481500148773193,
            -0.44706833362579346,
            1.1521590948104858
          ],
          [
            0.0,
            0.0,
            0.0,
            1.0
          ]
        ]
      },
      "bone_length_armature_space": 0.034038743669725584,
      "parent": "metacarpal_thumb_l",
      "has_children": true,
      "is_end_bone": false
    },
    "thumb_02_l": {
      "name": "thumb_02_l",
      "local": {
        "location": {
          "x": 0.0,
          "y": 0.0,
          "z": 0.0
        },
        "rotation_quaternion": {
          "w": 0.9979148507118225,
          "x": 0.06420862674713135,
          "y": 0.00018033166998066008,
          "z": -0.00656959880143404
        },
        "scale": {
          "x": 1.0,
          "y": 1.0,
          "z": 1.0
        },
        "matrix_basis": [
          [
            0.9999136328697205,
            0.01313495822250843,
            -0.0004837385204154998,
            0.0
          ],
          [
            -0.013088642619550228,
            0.991668164730072,
            -0.12815184891223907,
            0.0
          ],
          [
            -0.0012035610852763057,
            0.12814711034297943,
            0.991754412651062,
            0.0
          ],
          [
            0.0,
            0.0,
            0.0,
            1.0
          ]
        ],
        "rotation_mode": "QUATERNION"
      },
      "armature_space": {
        "head": {
          "x": 0.4095020890235901,
          "y": -0.38441652059555054,
          "z": 0.1734353005886078
        },
        "tail": {
          "x": 0.41212981939315796,
          "y": -0.4087042510509491,
          "z": 0.1415543258190155
        }
      },
      "world_space": {
        "head": {
          "x": 0.4095020890235901,
          "y": -0.3211725354194641,
          "z": 1.1232893466949463
        },
        "tail": {
          "x": 0.41212981939315796,
          "y": -0.3454602360725403,
          "z": 1.091408371925354
        },
        "rotation_quaternion": {
          "w": 0.11873392760753632,
          "x": -0.1675121933221817,
          "y": 0.4284258484840393,
          "z": -0.8799393773078918
        },
        "matrix": [
          [
            -0.9156840443611145,
            0.0654245987534523,
            0.39653849601745605,
            0.4095020890235901
          ],
          [
            -0.35249048471450806,
            -0.604707658290863,
            -0.7141983509063721,
            -0.3211725354194641
          ],
          [
            0.1930646300315857,
            -0.7937619090080261,
            0.5767858028411865,
            1.1232893466949463
          ],
          [
            0.0,
            0.0,
            0.0,
            1.0
          ]
        ]
      },
      "bone_length_armature_space": 0.04016460344983482,
      "parent": "thumb_01_l",
      "has_children": true,
      "is_end_bone": false
    },
    "thumb_03_l": {
      "name": "thumb_03_l",
      "local": {
        "location": {
          "x": 0.0,
          "y": 0.0,
          "z": 0.0
        },
        "rotation_quaternion": {
          "w": 0.9990143775939941,
          "x": 0.04383351281285286,
          "y": 0.0008751885034143925,
          "z": 0.006947238929569721
        },
        "scale": {
          "x": 1.0,
          "y": 1.0,
          "z": 1.0
        },
        "matrix_basis": [
          [
            0.9999019503593445,
            -0.013804057613015175,
            0.002357695484533906,
            0.0
          ],
          [
            0.013957507908344269,
            0.9960607290267944,
            -0.08756846189498901,
            0.0
          ],
          [
            -0.0011396079789847136,
            0.08759278059005737,
            0.9961557388305664,
            0.0
          ],
          [
            0.0,
            0.0,
            0.0,
            1.0
          ]
        ],
        "rotation_mode": "QUATERNION"
      },
      "armature_space": {
        "head": {
          "x": 0.4121297597885132,
          "y": -0.40870416164398193,
          "z": 0.1415543407201767
        },
        "tail": {
          "x": 0.42211705446243286,
          "y": -0.43192344903945923,
          "z": 0.12458335608243942
        }
      },
      "world_space": {
        "head": {
          "x": 0.4121297597885132,
          "y": -0.3454601764678955,
          "z": 1.091408371925354
        },
        "tail": {
          "x": 0.42211705446243286,
          "y": -0.3686794638633728,
          "z": 1.0744373798370361
        },
        "rotation_quaternion": {
          "w": 0.1519489735364914,
          "x": 0.07043629139661789,
          "y": 0.3091575801372528,
          "z": -0.9361473321914673
        },
        "matrix": [
          [
            -0.9439007043838501,
            0.3280452787876129,
            -0.03792426362633705,
            0.4121297597885132
          ],
          [
            -0.24094219505786896,
            -0.7626664638519287,
            -0.6002391576766968,
            -0.3454601764678955
          ],
          [
            -0.22583097219467163,
            -0.5574329495429993,
            0.798926055431366,
            1.091408371925354
          ],
          [
            0.0,
            0.0,
            0.0,
            1.0
          ]
        ]
      },
      "bone_length_armature_space": 0.030444961579088152,
      "parent": "thumb_02_l",
      "has_children": false,
      "is_end_bone": true
    },
    "metacarpal_index_l": {
      "name": "metacarpal_index_l",
      "local": {
        "location": {
          "x": 0.0,
          "y": 0.0,
          "z": 0.0
        },
        "rotation_quaternion": {
          "w": 0.9996501803398132,
          "x": -0.02230873703956604,
          "y": 0.002524574054405093,
          "z": 0.013986144214868546
        },
        "scale": {
          "x": 1.0,
          "y": 1.0,
          "z": 1.0
        },
        "matrix_basis": [
          [
            0.9995959997177124,
            -0.028075143694877625,
            0.004423355218023062,
            0.0
          ],
          [
            0.027849862352013588,
            0.9986134171485901,
            0.04467248544096947,
            0.0
          ],
          [
            -0.005671408027410507,
            -0.04453124850988388,
            0.9989919066429138,
            0.0
          ],
          [
            0.0,
            0.0,
            0.0,
            1.0
          ]
        ],
        "rotation_mode": "QUATERNION"
      },
      "armature_space": {
        "head": {
          "x": 0.4389711618423462,
          "y": -0.3824361562728882,
          "z": 0.24332976341247559
        },
        "tail": {
          "x": 0.41975682973861694,
          "y": -0.45103004574775696,
          "z": 0.15029728412628174
        }
      },
      "world_space": {
        "head": {
          "x": 0.4389711618423462,
          "y": -0.31919217109680176,
          "z": 1.1931837797164917
        },
        "tail": {
          "x": 0.41975682973861694,
          "y": -0.38778603076934814,
          "z": 1.1001513004302979
        },
        "rotation_quaternion": {
          "w": 0.45500504970550537,
          "x": -0.8778108954429626,
          "y": 0.016253594309091568,
          "z": 0.1488436609506607
        },
        "matrix": [
          [
            0.9551630616188049,
            -0.16398446261882782,
            -0.24652153253555298,
            0.4389711618423462
          ],
          [
            0.10691338032484055,
            -0.5854132175445557,
            0.8036549091339111,
            -0.31919217109680176
          ],
          [
            -0.27610549330711365,
            -0.7939839959144592,
            -0.5416358709335327,
            1.1931837797164917
          ],
          [
            0.0,
            0.0,
            0.0,
            1.0
          ]
        ]
      },
      "bone_length_armature_space": 0.11717232901501212,
      "parent": "lowerarm_l",
      "has_children": true,
      "is_end_bone": false
    },
    "index_01_l": {
      "name": "index_01_l",
      "local": {
        "location": {
          "x": 0.0,
          "y": 0.0,
          "z": 0.0
        },
        "rotation_quaternion": {
          "w": 0.9912987351417542,
          "x": -0.13076065480709076,
          "y": 0.010338189080357552,
          "z": 0.011030580848455429
        },
        "scale": {
          "x": 1.0,
          "y": 1.0,
          "z": 1.0
        },
        "matrix_basis": [
          [
            0.9995428919792175,
            -0.024572858586907387,
            0.017611736431717873,
            0.0
          ],
          [
            0.01916554570198059,
            0.9655599594116211,
            0.2594738304615021,
            0.0
          ],
          [
            -0.023381199687719345,
            -0.259017676115036,
            0.9655895233154297,
            0.0
          ],
          [
            0.0,
            0.0,
            0.0,
            1.0
          ]
        ],
        "rotation_mode": "QUATERNION"
      },
      "armature_space": {
        "head": {
          "x": 0.41975682973861694,
          "y": -0.45103004574775696,
          "z": 0.15029728412628174
        },
        "tail": {
          "x": 0.42639604210853577,
          "y": -0.473554402589798,
          "z": 0.13412174582481384
        }
      },
      "world_space": {
        "head": {
          "x": 0.41975682973861694,
          "y": -0.38778603076934814,
          "z": 1.1001513004302979
        },
        "tail": {
          "x": 0.42639604210853577,
          "y": -0.41031038761138916,
          "z": 1.0839757919311523
        },
        "rotation_quaternion": {
          "w": 0.2959677577018738,
          "x": -0.9455947875976562,
          "y": -0.13205422461032867,
          "z": 0.028553662821650505
        },
        "matrix": [
          [
            0.963492751121521,
            0.23283779621124268,
            -0.13216859102249146,
            0.41975682973861694
          ],
          [
            0.26664209365844727,
            -0.7899298667907715,
            0.5521893501281738,
            -0.38778603076934814
          ],
          [
            0.024167224764823914,
            -0.5672768950462341,
            -0.82318115234375,
            1.1001513004302979
          ],
          [
            0.0,
            0.0,
            0.0,
            1.0
          ]
        ]
      },
      "bone_length_armature_space": 0.028514449330280495,
      "parent": "metacarpal_index_l",
      "has_children": true,
      "is_end_bone": false
    },
    "index_02_l": {
      "name": "index_02_l",
      "local": {
        "location": {
          "x": 0.0,
          "y": 0.0,
          "z": 0.0
        },
        "rotation_quaternion": {
          "w": 0.9982353448867798,
          "x": 0.05908862501382828,
          "y": -0.004869529977440834,
          "z": -0.003328110324218869
        },
        "scale": {
          "x": 1.0,
          "y": 1.0,
          "z": 1.0
        },
        "matrix_basis": [
          [
            0.9999304413795471,
            0.006069006863981485,
            -0.010115181095898151,
            0.0
          ],
          [
            -0.007219942286610603,
            0.9929949045181274,
            -0.11793629825115204,
            0.0
          ],
          [
            0.009328566491603851,
            0.11800111830234528,
            0.9929696321487427,
            0.0
          ],
          [
            0.0,
            0.0,
            0.0,
            1.0
          ]
        ],
        "rotation_mode": "QUATERNION"
      },
      "armature_space": {
        "head": {
          "x": 0.42639589309692383,
          "y": -0.4735545814037323,
          "z": 0.13412126898765564
        },
        "tail": {
          "x": 0.4327850937843323,
          "y": -0.4923522472381592,
          "z": 0.11787563562393188
        }
      },
      "world_space": {
        "head": {
          "x": 0.42639589309692383,
          "y": -0.4103105664253235,
          "z": 1.0839753150939941
        },
        "tail": {
          "x": 0.4327850937843323,
          "y": -0.42910826206207275,
          "z": 1.0677297115325928
        },
        "rotation_quaternion": {
          "w": 0.3299146294593811,
          "x": -0.9284852147102356,
          "y": -0.15740743279457092,
          "z": 0.06553353369235992
        },
        "matrix": [
          [
            0.9418565034866333,
            0.24906015396118164,
            -0.22555649280548096,
            0.42639589309692383
          ],
          [
            0.3355425000190735,
            -0.7327588796615601,
            0.5920101404190063,
            -0.4103105664253235
          ],
          [
            -0.01783200353384018,
            -0.6332774758338928,
            -0.7737287282943726,
            1.0839753150939941
          ],
          [
            0.0,
            0.0,
            0.0,
            1.0
          ]
        ]
      },
      "bone_length_armature_space": 0.02565335737719126,
      "parent": "index_01_l",
      "has_children": true,
      "is_end_bone": false
    },
    "index_03_l": {
      "name": "index_03_l",
      "local": {
        "location": {
          "x": 0.0,
          "y": 0.0,
          "z": 0.0
        },
        "rotation_quaternion": {
          "w": 0.9995620846748352,
          "x": 0.02837739698588848,
          "y": -0.008205579593777657,
          "z": 0.0017756677698343992
        },
        "scale": {
          "x": 1.0,
          "y": 1.0,
          "z": 1.0
        },
        "matrix_basis": [
          [
            0.9998590350151062,
            -0.004015486221760511,
            -0.01630319468677044,
            0.0
          ],
          [
            0.0030840744730085135,
            0.9983831644058228,
            -0.05675908178091049,
            0.0
          ],
          [
            0.016504749655723572,
            0.056700799614191055,
            0.9982547760009766,
            0.0
          ],
          [
            0.0,
            0.0,
            0.0,
            1.0
          ]
        ],
        "rotation_mode": "QUATERNION"
      },
      "armature_space": {
        "head": {
          "x": 0.4327850937843323,
          "y": -0.49235233664512634,
          "z": 0.11787573993206024
        },
        "tail": {
          "x": 0.44149109721183777,
          "y": -0.5100627541542053,
          "z": 0.09632843732833862
        }
      },
      "world_space": {
        "head": {
          "x": 0.4327850937843323,
          "y": -0.42910832166671753,
          "z": 1.0677297115325928
        },
        "tail": {
          "x": 0.44149109721183777,
          "y": -0.4468187689781189,
          "z": 1.04618239402771
        },
        "rotation_quaternion": {
          "w": 0.40397727489471436,
          "x": -0.8953214287757874,
          "y": -0.18367412686347961,
          "z": 0.038287803530693054
        },
        "matrix": [
          [
            0.9295955896377563,
            0.29796019196510315,
            -0.2169610857963562,
            0.4327850937843323
          ],
          [
            0.3598305583000183,
            -0.6061328053474426,
            0.7093133330345154,
            -0.42910832166671753
          ],
          [
            0.07984098792076111,
            -0.737449586391449,
            -0.6706773042678833,
            1.0677297115325928
          ],
          [
            0.0,
            0.0,
            0.0,
            1.0
          ]
        ]
      },
      "bone_length_armature_space": 0.029218823053847494,
      "parent": "index_02_l",
      "has_children": false,
      "is_end_bone": true
    },
    "metacarpal_pinky_l": {
      "name": "metacarpal_pinky_l",
      "local": {
        "location": {
          "x": 0.0,
          "y": 0.0,
          "z": 0.0
        },
        "rotation_quaternion": {
          "w": 0.9998118281364441,
          "x": -0.00965283066034317,
          "y": -0.015081622637808323,
          "z": -0.007462139241397381
        },
        "scale": {
          "x": 1.0,
          "y": 1.0,
          "z": 1.0
        },
        "matrix_basis": [
          [
            0.999433696269989,
            0.015212630853056908,
            -0.03001350723206997,
            0.0
          ],
          [
            -0.01463030930608511,
            0.9997022747993469,
            0.01952711120247841,
            0.0
          ],
          [
            0.03030163049697876,
            -0.01907694712281227,
            0.9993587136268616,
            0.0
          ],
          [
            0.0,
            0.0,
            0.0,
            1.0
          ]
        ],
        "rotation_mode": "QUATERNION"
      },
      "armature_space": {
        "head": {
          "x": 0.4389711618423462,
          "y": -0.3824361562728882,
          "z": 0.24332976341247559
        },
        "tail": {
          "x": 0.4806467592716217,
          "y": -0.4528180956840515,
          "z": 0.17888742685317993
        }
      },
      "world_space": {
        "head": {
          "x": 0.4389711618423462,
          "y": -0.31919217109680176,
          "z": 1.1931837797164917
        },
        "tail": {
          "x": 0.4806467592716217,
          "y": -0.3895741105079651,
          "z": 1.1287415027618408
        },
        "rotation_quaternion": {
          "w": 0.07226161658763885,
          "x": 0.35105007886886597,
          "y": 0.3960166573524475,
          "z": -0.8454070687294006
        },
        "matrix": [
          [
            -0.7430851459503174,
            0.40022367238998413,
            -0.5363261699676514,
            0.4389711618423462
          ],
          [
            0.15586084127426147,
            -0.6758994460105896,
            -0.720324695110321,
            -0.31919217109680176
          ],
          [
            -0.6507978439331055,
            -0.6188597679138184,
            0.43987372517585754,
            1.1931837797164917
          ],
          [
            0.0,
            0.0,
            0.0,
            1.0
          ]
        ]
      },
      "bone_length_armature_space": 0.10413110704740455,
      "parent": "lowerarm_l",
      "has_children": true,
      "is_end_bone": false
    },
    "pinky_01_l": {
      "name": "pinky_01_l",
      "local": {
        "location": {
          "x": 0.0,
          "y": 0.0,
          "z": 0.0
        },
        "rotation_quaternion": {
          "w": 0.9910348653793335,
          "x": -0.13133107125759125,
          "y": 0.01936451718211174,
          "z": -0.015071083791553974
        },
        "scale": {
          "x": 1.0,
          "y": 1.0,
          "z": 1.0
        },
        "matrix_basis": [
          [
            0.998795747756958,
            0.024785613641142845,
            0.04234042763710022,
            0.0
          ],
          [
            -0.03495826572179794,
            0.9650500416755676,
            0.2597236633300781,
            0.0
          ],
          [
            -0.03442322090268135,
            -0.26089102029800415,
            0.9647543430328369,
            0.0
          ],
          [
            0.0,
            0.0,
            0.0,
            1.0
          ]
        ],
        "rotation_mode": "QUATERNION"
      },
      "armature_space": {
        "head": {
          "x": 0.4806467592716217,
          "y": -0.4528180956840515,
