{
  "metadata": {
    "armature_name": "KIM_caucasian_male",
    "export_time": "2026-01-13T21:16:14.944060",
    "blender_version": "4.4.1",
    "bone_count": 56,
    "end_bone_count": 13,
    "spaces_included": [
      "LOCAL_CHANNELS",
      "ARMATURE_SPACE",
      "WORLD_SPACE"
    ],
    "note": "LOCAL matches Transform panel; replay pose via local.matrix_basis for best fidelity."
  },
  "bones": {
    "Root": {
      "name": "Root",
      "local": {
        "location": {
          "x": 0.0,
          "y": 0.0,
          "z": 0.0
        },
        "rotation_quaternion": {
          "w": 0.9994724988937378,
          "x": -0.004499912261962891,
          "y": -0.01043257862329483,
          "z": -0.030423389747738838
        },
        "scale": {
          "x": 1.0,
          "y": 1.0,
          "z": 1.0
        },
        "matrix_basis": [
          [
            0.997931182384491,
            0.06090857461094856,
            -0.020580345764756203,
            0.0
          ],
          [
            -0.060720790177583694,
            0.9981083273887634,
            0.009629866108298302,
            0.0
          ],
          [
            0.021127955988049507,
            -0.008360288105905056,
            0.9997418522834778,
            0.0
          ],
          [
            0.0,
            0.0,
            0.0,
            1.0
          ]
        ],
        "rotation_mode": "QUATERNION"
      },
      "armature_space": {
        "head": {
          "x": 0.0,
          "y": 0.07072800397872925,
          "z": -0.009595036506652832
        },
        "tail": {
          "x": 0.004347402602434158,
          "y": 0.00021401047706604004,
          "z": 0.0005731591954827309
        }
      },
      "world_space": {
        "head": {
          "x": 0.0,
          "y": 0.13397200405597687,
          "z": 0.9402589797973633
        },
        "tail": {
          "x": 0.004347402602434158,
          "y": 0.06345801055431366,
          "z": 0.9504271745681763
        },
        "rotation_quaternion": {
          "w": 0.07182180136442184,
          "x": 0.9968988299369812,
          "y": 0.029651449993252754,
          "z": -0.01245843805372715
        },
        "matrix": [
          [
            0.997931182384491,
            0.06090857461094856,
            -0.020580345764756203,
            0.0
          ],
          [
            0.057329412549734116,
            -0.9879248142242432,
            -0.14393743872642517,
            0.13397200405597687
          ],
          [
            -0.029099006205797195,
            0.14245985448360443,
            -0.9893798232078552,
            0.9402589797973633
          ],
          [
            0.0,
            0.0,
            0.0,
            1.0
          ]
        ]
      },
      "bone_length_armature_space": 0.07137587339869339,
      "parent": null,
      "has_children": true,
      "is_end_bone": false
    },
    "spine_01": {
      "name": "spine_01",
      "local": {
        "location": {
          "x": 0.0,
          "y": 0.0,
          "z": 0.0
        },
        "rotation_quaternion": {
          "w": 0.9985530972480774,
          "x": 0.01747649908065796,
          "y": -0.022222930565476418,
          "z": -0.045744042843580246
        },
        "scale": {
          "x": 1.0,
          "y": 1.0,
          "z": 1.0
        },
        "matrix_basis": [
          [
            0.9948272705078125,
            0.09057895094156265,
            -0.04598044231534004,
            0.0
          ],
          [
            -0.09213247150182724,
            0.9952040910720825,
            -0.03286929056048393,
            0.0
          ],
          [
            0.04278266057372093,
            0.036935556679964066,
            0.998401403427124,
            0.0
          ],
          [
            0.0,
            0.0,
            0.0,
            1.0
          ]
        ],
        "rotation_mode": "QUATERNION"
      },
      "armature_space": {
        "head": {
          "x": 0.004347402602434158,
          "y": 0.00021401047706604004,
          "z": 0.0005731591954827309
        },
        "tail": {
          "x": 0.0620780773460865,
          "y": 0.012208588421344757,
          "z": 0.4850025177001953
        }
      },
      "world_space": {
        "head": {
          "x": 0.004347402602434158,
          "y": 0.06345801055431366,
          "z": 0.9504271745681763
        },
        "tail": {
          "x": 0.0620780773460865,
          "y": 0.07545258849859238,
          "z": 1.4348565340042114
        },
        "rotation_quaternion": {
          "w": 0.7142829895019531,
          "x": 0.6973180174827576,
          "y": 0.04570622742176056,
          "z": -0.03818986192345619
        },
        "matrix": [
          [
            0.9929050803184509,
            0.11830026656389236,
            0.0120326466858387,
            0.004347402602434158
          ],
          [
            0.009185981005430222,
            0.024578992277383804,
            -0.9996556639671326,
            0.06345801055431366
          ],
          [
            -0.11855611205101013,
            0.9926806092262268,
            0.023317135870456696,
            0.9504271745681763
          ],
          [
            0.0,
            0.0,
            0.0,
            1.0
          ]
        ]
      },
      "bone_length_armature_space": 0.48800461263984657,
      "parent": "Root",
      "has_children": true,
      "is_end_bone": false
    },
    "neck_01": {
      "name": "neck_01",
      "local": {
        "location": {
          "x": 0.0,
          "y": 0.0,
          "z": 0.0
        },
        "rotation_quaternion": {
          "w": 0.9970272183418274,
          "x": -0.007891169749200344,
          "y": -0.07540415972471237,
          "z": 0.013739856891334057
        },
        "scale": {
          "x": 1.0,
          "y": 1.0,
          "z": 1.0
        },
        "matrix_basis": [
          [
            0.9882508516311646,
            -0.026207968592643738,
            -0.15057684481143951,
            0.0
          ],
          [
            0.028588077053427696,
            0.9994978904724121,
            0.0136633375659585,
            0.0
          ],
          [
            0.15014314651489258,
            -0.017807506024837494,
            0.9885038733482361,
            0.0
          ],
          [
            0.0,
            0.0,
            0.0,
            1.0
          ]
        ],
        "rotation_mode": "QUATERNION"
      },
      "armature_space": {
        "head": {
          "x": 0.07115713506937027,
          "y": -0.020660273730754852,
          "z": 0.5584937334060669
        },
        "tail": {
          "x": 0.08023615926504135,
          "y": -0.055560529232025146,
          "z": 0.6544640064239502
        }
      },
      "world_space": {
        "head": {
          "x": 0.07115713506937027,
          "y": 0.04258372634649277,
          "z": 1.508347749710083
        },
        "tail": {
          "x": 0.08023615926504135,
          "y": 0.007683470845222473,
          "z": 1.6043180227279663
        },
        "rotation_quaternion": {
          "w": 0.5740293860435486,
          "x": 0.8124292492866516,
          "y": -0.01674732193350792,
          "z": -0.10083936899900436
        },
        "matrix": [
          [
            0.9791021347045898,
            0.0885574072599411,
            -0.18307597935199738,
            0.07115713506937027
          ],
          [
            -0.14298097789287567,
            -0.3404194414615631,
            -0.9293391108512878,
            0.04258372634649277
          ],
          [
            -0.14462363719940186,
            0.9361003637313843,
            -0.3206464350223541,
            1.508347749710083
          ],
          [
            0.0,
            0.0,
            0.0,
            1.0
          ]
        ]
      },
      "bone_length_armature_space": 0.1025219471589204,
      "parent": "spine_01",
      "has_children": true,
      "is_end_bone": false
    },
    "head": {
      "name": "head",
      "local": {
        "location": {
          "x": 0.0,
          "y": 0.0,
          "z": 0.0
        },
        "rotation_quaternion": {
          "w": 0.9914047718048096,
          "x": -0.10354115068912506,
          "y": 0.07378920912742615,
          "z": 0.030840452760457993
        },
        "scale": {
          "x": 1.0,
          "y": 1.0,
          "z": 1.0
        },
        "matrix_basis": [
          [
            0.9872080087661743,
            -0.07643118500709534,
            0.13992343842983246,
            0.0
          ],
          [
            0.045870304107666016,
            0.9766561985015869,
            0.20985376834869385,
            0.0
          ],
          [
            -0.15269646048545837,
            -0.20075099170207977,
            0.9676687717437744,
            0.0
          ],
          [
            0.0,
            0.0,
            0.0,
            1.0
          ]
        ],
        "rotation_mode": "QUATERNION"
      },
      "armature_space": {
        "head": {
          "x": 0.08023612201213837,
          "y": -0.0555606484413147,
          "z": 0.6544638872146606
        },
        "tail": {
          "x": 0.09548138082027435,
          "y": -0.02021012082695961,
          "z": 0.8047010898590088
        }
      },
      "world_space": {
        "head": {
          "x": 0.08023612201213837,
          "y": 0.007683351635932922,
          "z": 1.6043179035186768
        },
        "tail": {
          "x": 0.09548138082027435,
          "y": 0.04303387925028801,
          "z": 1.754555106163025
        },
        "rotation_quaternion": {
          "w": 0.7823940515518188,
          "x": 0.6206420660018921,
          "y": 0.042740534991025925,
          "z": -0.02891516126692295
        },
        "matrix": [
          [
            0.9946745038032532,
            0.0982993021607399,
            0.03098738193511963,
            0.08023612201213837
          ],
          [
            0.007806405425071716,
            0.22793525457382202,
            -0.9736451506614685,
            0.007683351635932922
          ],
          [
            -0.10277244448661804,
            0.9687086939811707,
            0.22595471143722534,
            1.6043179035186768
          ],
          [
            0.0,
            0.0,
            0.0,
            1.0
          ]
        ]
      },
      "bone_length_armature_space": 0.15509124732695095,
      "parent": "neck_01",
      "has_children": false,
      "is_end_bone": true
    },
    "upperarm_l": {
      "name": "upperarm_l",
      "local": {
        "location": {
          "x": 0.0,
          "y": 0.0,
          "z": 0.0
        },
        "rotation_quaternion": {
          "w": 0.871694803237915,
          "x": 0.28804317116737366,
          "y": 0.33914077281951904,
          "z": 0.20533625781536102
        },
        "scale": {
          "x": 1.0,
          "y": 1.0,
          "z": 1.0
        },
        "matrix_basis": [
          [
            0.6856411099433899,
            -0.16260673105716705,
            0.709545910358429,
            0.0
          ],
          [
            0.5533554553985596,
            0.7497363090515137,
            -0.362895667552948,
            0.0
          ],
          [
            -0.4729630947113037,
            0.6414472460746765,
            0.6040293574333191,
            0.0
          ],
          [
            0.0,
            0.0,
            0.0,
            1.0
          ]
        ],
        "rotation_mode": "QUATERNION"
      },
      "armature_space": {
        "head": {
          "x": 0.21218058466911316,
          "y": -0.02412230707705021,
          "z": 0.47406885027885437
        },
        "tail": {
          "x": 0.42514917254447937,
          "y": -0.18617889285087585,
          "z": 0.48784109950065613
        }
      },
      "world_space": {
        "head": {
          "x": 0.21218058466911316,
          "y": 0.03912169486284256,
          "z": 1.4239228963851929
        },
        "tail": {
          "x": 0.42514917254447937,
          "y": -0.12293489277362823,
          "z": 1.4376951456069946
        },
        "rotation_quaternion": {
          "w": 0.20516671240329742,
          "x": 0.8196740746498108,
          "y": 0.3943692743778229,
          "z": -0.36126723885536194
        },
        "matrix": [
          [
            0.42791733145713806,
            0.7947495579719543,
            -0.43041858077049255,
            0.21218058466911316
          ],
          [
            0.4982686936855316,
            -0.6047577261924744,
            -0.6212862730026245,
            0.03912169486284256
          ],
          [
            -0.7540706396102905,
            0.05139487609267235,
            -0.6547901630401611,
            1.4239228963851929
          ],
          [
            0.0,
            0.0,
            0.0,
            1.0
          ]
        ]
      },
      "bone_length_armature_space": 0.26796945408545797,
      "parent": "spine_01",
      "has_children": true,
      "is_end_bone": false
    },
    "lowerarm_l": {
      "name": "lowerarm_l",
      "local": {
        "location": {
          "x": 0.0,
          "y": 0.0,
          "z": 0.0
        },
        "rotation_quaternion": {
          "w": 0.9425061941146851,
          "x": 0.08527988195419312,
          "y": 0.05802290886640549,
          "z": -0.31787237524986267
        },
        "scale": {
          "x": 1.0,
          "y": 1.0,
          "z": 1.0
        },
        "matrix_basis": [
          [
            0.7911809682846069,
            0.609089732170105,
            0.05515766516327858,
            0.0
          ],
          [
            -0.5892969965934753,
            0.7833690047264099,
            -0.19764138758182526,
            0.0
          ],
          [
            -0.16359013319015503,
            0.12386587262153625,
            0.9787213802337646,
            0.0
          ],
          [
            0.0,
            0.0,
            0.0,
            1.0
          ]
        ],
        "rotation_mode": "QUATERNION"
      },
      "armature_space": {
        "head": {
          "x": 0.42514920234680176,
          "y": -0.1861790418624878,
          "z": 0.4878411591053009
        },
        "tail": {
          "x": 0.6199555397033691,
          "y": -0.2938704490661621,
          "z": 0.33944058418273926
        }
      },
      "world_space": {
        "head": {
          "x": 0.42514920234680176,
          "y": -0.12293504178524017,
          "z": 1.4376951456069946
        },
        "tail": {
          "x": 0.6199555397033691,
          "y": -0.2306264489889145,
          "z": 1.2892946004867554
        },
        "rotation_quaternion": {
          "w": 0.04406166076660156,
          "x": -0.7048926949501038,
          "y": -0.5447784066200256,
          "z": 0.45210784673690796
        },
        "matrix": [
          [
            -0.0023720860481262207,
            0.7281814813613892,
            -0.6853803396224976,
            0.42514920234680176
          ],
          [
            0.8078613877296448,
            -0.4025478959083557,
            -0.4304827153682709,
            -0.12293504178524017
          ],
          [
            -0.5893712639808655,
            -0.5547176599502563,
            -0.5873193144798279,
            1.4376951456069946
          ],
          [
            0.0,
            0.0,
            0.0,
            1.0
          ]
        ]
      },
      "bone_length_armature_space": 0.2675251003269738,
      "parent": "upperarm_l",
      "has_children": true,
      "is_end_bone": false
    },
    "metacarpal_thumb_l": {
      "name": "metacarpal_thumb_l",
      "local": {
        "location": {
          "x": 0.0,
          "y": 0.0,
          "z": 0.0
        },
        "rotation_quaternion": {
          "w": 0.9997437596321106,
          "x": -0.01759001426398754,
          "y": -0.011567700654268265,
          "z": -0.008319534361362457
        },
        "scale": {
          "x": 1.0,
          "y": 1.0,
          "z": 1.0
        },
        "matrix_basis": [
          [
            0.99959397315979,
            0.017041757702827454,
            -0.02283679135143757,
            0.0
          ],
          [
            -0.016227852553129196,
            0.9992427825927734,
            0.035363487899303436,
            0.0
          ],
          [
            0.023422153666615486,
            -0.03497853875160217,
            0.9991135597229004,
            0.0
          ],
          [
            0.0,
            0.0,
            0.0,
            1.0
          ]
        ],
        "rotation_mode": "QUATERNION"
      },
      "armature_space": {
        "head": {
          "x": 0.6199555397033691,
          "y": -0.2938704490661621,
          "z": 0.33944058418273926
        },
        "tail": {
          "x": 0.6293966174125671,
          "y": -0.31620603799819946,
          "z": 0.29624801874160767
        }
      },
      "world_space": {
        "head": {
          "x": 0.6199555397033691,
          "y": -0.2306264489889145,
          "z": 1.2892946004867554
        },
        "tail": {
          "x": 0.6293966174125671,
          "y": -0.25296205282211304,
          "z": 1.2461020946502686
        },
        "rotation_quaternion": {
          "w": 0.511580228805542,
          "x": -0.851735532283783,
          "y": -0.11325674504041672,
          "z": 0.0022774385288357735
        },
        "matrix": [
          [
            0.9743354916572571,
            0.19059956073760986,
            -0.1197601780295372,
            0.6199555397033691
          ],
          [
            0.19526077806949615,
            -0.4509175419807434,
            0.870945930480957,
            -0.2306264489889145
          ],
          [
            0.1120009571313858,
            -0.8719842433929443,
            -0.4765640199184418,
            1.2892946004867554
          ],
          [
            0.0,
            0.0,
            0.0,
            1.0
          ]
        ]
      },
      "bone_length_armature_space": 0.049533929409795126,
      "parent": "lowerarm_l",
      "has_children": true,
      "is_end_bone": false
    },
    "thumb_01_l": {
      "name": "thumb_01_l",
      "local": {
        "location": {
          "x": 0.0,
          "y": 0.0,
          "z": 0.0
        },
        "rotation_quaternion": {
          "w": 0.9989956021308899,
          "x": 0.04235697165131569,
          "y": 0.007528438698500395,
          "z": -0.012535777874290943
        },
        "scale": {
          "x": 1.0,
          "y": 1.0,
          "z": 1.0
        },
        "matrix_basis": [
          [
            0.9995723366737366,
            0.025684136897325516,
            0.01397979911416769,
            0.0
          ],
          [
            -0.0244086105376482,
            0.9960975050926208,
            -0.08481760323047638,
            0.0
          ],
          [
            -0.016103709116578102,
            0.08444010466337204,
            0.9962984323501587,
            0.0
          ],
          [
            0.0,
            0.0,
            0.0,
            1.0
          ]
        ],
        "rotation_mode": "QUATERNION"
      },
      "armature_space": {
        "head": {
          "x": 0.6293966174125671,
          "y": -0.31620603799819946,
          "z": 0.29624801874160767
        },
        "tail": {
          "x": 0.6296393275260925,
          "y": -0.3053419888019562,
          "z": 0.2639904320240021
        }
      },
      "world_space": {
        "head": {
          "x": 0.6293966174125671,
          "y": -0.25296205282211304,
          "z": 1.2461020946502686
        },
        "tail": {
          "x": 0.6296393275260925,
          "y": -0.24209798872470856,
          "z": 1.2138444185256958
        },
        "rotation_quaternion": {
          "w": 0.6314955949783325,
          "x": -0.45089736580848694,
          "y": 0.5106838345527649,
          "z": -0.3702796399593353
        },
        "matrix": [
          [
            0.20419132709503174,
            0.007129967212677002,
            0.9789053201675415,
            0.6293966174125671
          ],
          [
            -0.9281917810440063,
            0.31916898488998413,
            0.19128844141960144,
            -0.25296205282211304
          ],
          [
            -0.3110751509666443,
            -0.947677493095398,
            0.07179020345211029,
            1.2461020946502686
          ],
          [
            0.0,
            0.0,
            0.0,
            1.0
          ]
        ]
      },
      "bone_length_armature_space": 0.034038777900595715,
      "parent": "metacarpal_thumb_l",
      "has_children": true,
      "is_end_bone": false
    },
    "thumb_02_l": {
      "name": "thumb_02_l",
      "local": {
        "location": {
          "x": 0.0,
          "y": 0.0,
          "z": 0.0
        },
        "rotation_quaternion": {
          "w": 0.9936231374740601,
          "x": 0.11266234517097473,
          "y": 0.001147916540503502,
          "z": 0.004374491050839424
        },
        "scale": {
          "x": 1.0,
          "y": 1.0,
          "z": 1.0
        },
        "matrix_basis": [
          [
            0.9999591112136841,
            -0.0084345368668437,
            0.0032668737694621086,
            0.0
          ],
          [
            0.008951844647526741,
            0.9745761156082153,
            -0.22387778759002686,
            0.0
          ],
          [
            -0.0012955120764672756,
            0.22389787435531616,
            0.974611759185791,
            0.0
          ],
          [
            0.0,
            0.0,
            0.0,
            1.0
          ]
        ],
        "rotation_mode": "QUATERNION"
      },
      "armature_space": {
        "head": {
          "x": 0.6296392679214478,
          "y": -0.3053419589996338,
          "z": 0.26399046182632446
        },
        "tail": {
          "x": 0.6621993780136108,
          "y": -0.3213893473148346,
          "z": 0.24680021405220032
        }
      },
      "world_space": {
        "head": {
          "x": 0.6296392679214478,
          "y": -0.24209795892238617,
          "z": 1.2138445377349854
        },
        "tail": {
          "x": 0.6621993780136108,
          "y": -0.2581453323364258,
          "z": 1.196654200553894
        },
        "rotation_quaternion": {
          "w": 0.49322938919067383,
          "x": -0.029366327449679375,
          "y": 0.2386489361524582,
          "z": -0.836007833480835
        },
        "matrix": [
          [
            -0.5117242336273193,
            0.8106709122657776,
            0.2845199704170227,
            0.6296392679214478
          ],
          [
            -0.8387047648429871,
            -0.39954230189323425,
            -0.37005460262298584,
            -0.24209795892238617
          ],
          [
            -0.18631669878959656,
            -0.4279972314834595,
            0.8843746185302734,
            1.2138445377349854
          ],
          [
            0.0,
            0.0,
            0.0,
            1.0
          ]
        ]
      },
      "bone_length_armature_space": 0.04016446292543935,
      "parent": "thumb_01_l",
      "has_children": true,
      "is_end_bone": false
    },
    "thumb_03_l": {
      "name": "thumb_03_l",
      "local": {
        "location": {
          "x": 0.0,
          "y": 0.0,
          "z": 0.0
        },
        "rotation_quaternion": {
          "w": 0.9979056119918823,
          "x": 0.06428010016679764,
          "y": 0.0067794444039464,
          "z": -0.002563891001045704
        },
        "scale": {
          "x": 1.0,
          "y": 1.0,
          "z": 1.0
        },
        "matrix_basis": [
          [
            0.999894917011261,
            0.005988609045743942,
            0.013200877234339714,
            0.0
          ],
          [
            -0.0042454758659005165,
            0.9917230010032654,
            -0.1283257156610489,
            0.0
          ],
          [
            -0.013860105536878109,
            0.1282561868429184,
            0.9916442036628723,
            0.0
          ],
          [
            0.0,
            0.0,
            0.0,
            1.0
          ]
        ],
        "rotation_mode": "QUATERNION"
      },
      "armature_space": {
        "head": {
          "x": 0.6621993184089661,
          "y": -0.3213893473148346,
          "z": 0.24680015444755554
        },
        "tail": {
          "x": 0.6898027658462524,
          "y": -0.334186851978302,
          "z": 0.24572023749351501
        }
      },
      "world_space": {
        "head": {
          "x": 0.6621993184089661,
          "y": -0.2581453323364258,
          "z": 1.196654200553894
        },
        "tail": {
          "x": 0.6898027658462524,
          "y": -0.2709428668022156,
          "z": 1.1955742835998535
        },
        "rotation_quaternion": {
          "w": 0.5076563358306885,
          "x": 0.24922087788581848,
          "y": 0.1791912317276001,
          "z": -0.8050245642662048
        },
        "matrix": [
          [
            -0.3603477478027344,
            0.9066689610481262,
            -0.2193208634853363,
            0.6621993184089661
          ],
          [
            -0.7280359864234924,
            -0.42034950852394104,
            -0.5415441989898682,
            -0.2581453323364258
          ],
          [
            -0.5831971168518066,
            -0.035471245646476746,
            0.8115644454956055,
            1.196654200553894
          ],
          [
            0.0,
            0.0,
            0.0,
            1.0
          ]
        ]
      },
      "bone_length_armature_space": 0.03044491224498505,
      "parent": "thumb_02_l",
      "has_children": false,
      "is_end_bone": true
    },
    "metacarpal_index_l": {
      "name": "metacarpal_index_l",
      "local": {
        "location": {
          "x": 0.0,
          "y": 0.0,
          "z": 0.0
        },
        "rotation_quaternion": {
          "w": 0.9996620416641235,
          "x": -0.01957586035132408,
          "y": 0.01103503629565239,
          "z": -0.013072487898170948
        },
        "scale": {
          "x": 1.0,
          "y": 1.0,
          "z": 1.0
        },
        "matrix_basis": [
          [
            0.9994146823883057,
            0.025704098865389824,
            0.022574424743652344,
            0.0
          ],
          [
            -0.026568179950118065,
            0.9988917708396912,
            0.038849979639053345,
            0.0
          ],
          [
            -0.021550802513957024,
            -0.039427001029253006,
            0.998989999294281,
            0.0
          ],
          [
            0.0,
            0.0,
            0.0,
            1.0
          ]
        ],
        "rotation_mode": "QUATERNION"
      },
      "armature_space": {
        "head": {
          "x": 0.6199555397033691,
          "y": -0.2938704490661621,
          "z": 0.33944058418273926
        },
        "tail": {
          "x": 0.6810672879219055,
          "y": -0.34945353865623474,
          "z": 0.2563430666923523
        }
      },
      "world_space": {
        "head": {
          "x": 0.6199555397033691,
          "y": -0.2306264489889145,
          "z": 1.2892946004867554
        },
        "tail": {
          "x": 0.6810672879219055,
          "y": -0.2862095236778259,
          "z": 1.2061970233917236
        },
        "rotation_quaternion": {
          "w": 0.35833799839019775,
          "x": -0.8472556471824646,
          "y": -0.3666161298751831,
          "z": 0.1390843540430069
        },
        "matrix": [
          [
            0.6924952864646912,
            0.5215570330619812,
            -0.4984261691570282,
            0.6199555397033691
          ],
          [
            0.7209147810935974,
            -0.4743727445602417,
            0.5052251815795898,
            -0.2306264489889145
          ],
          [
            0.02706475928425789,
            -0.7091941833496094,
            -0.7045035362243652,
            1.2892946004867554
          ],
          [
            0.0,
            0.0,
            0.0,
            1.0
          ]
        ]
      },
      "bone_length_armature_space": 0.11717219451454286,
      "parent": "lowerarm_l",
      "has_children": true,
      "is_end_bone": false
    },
    "index_01_l": {
      "name": "index_01_l",
      "local": {
        "location": {
          "x": 0.0,
          "y": 0.0,
          "z": 0.0
        },
        "rotation_quaternion": {
          "w": 0.9958564639091492,
          "x": -0.0874568372964859,
          "y": -0.02186235785484314,
          "z": 0.011972954496741295
        },
        "scale": {
          "x": 1.0,
          "y": 1.0,
          "z": 1.0
        },
        "matrix_basis": [
          [
            0.9987573623657227,
            -0.020022662356495857,
            -0.04563777521252632,
            0.0
          ],
          [
            0.027670713141560555,
            0.9844158887863159,
            0.17366540431976318,
            0.0
          ],
          [
            0.04144930839538574,
            -0.1747124344110489,
            0.9837467074394226,
            0.0
          ],
          [
            0.0,
            0.0,
            0.0,
            1.0
          ]
        ],
        "rotation_mode": "QUATERNION"
      },
      "armature_space": {
        "head": {
          "x": 0.6810672879219055,
          "y": -0.34945353865623474,
          "z": 0.2563430666923523
        },
        "tail": {
          "x": 0.7049068212509155,
          "y": -0.35964372754096985,
          "z": 0.24447263777256012
        }
      },
      "world_space": {
        "head": {
          "x": 0.6810672879219055,
          "y": -0.2862095236778259,
          "z": 1.2061970233917236
        },
        "tail": {
          "x": 0.7049068212509155,
          "y": -0.29639971256256104,
          "z": 1.194326639175415
        },
        "rotation_quaternion": {
          "w": 0.24549473822116852,
          "x": -0.8237422704696655,
          "y": -0.5109272599220276,
          "z": 0.011590564623475075
        },
        "matrix": [
          [
            0.4776371419429779,
            0.8360539078712463,
            -0.26995694637298584,
            0.6810672879219055
          ],
          [
            0.8474367260932922,
            -0.35737067461013794,
            0.3926033079624176,
            -0.2862095236778259
          ],
          [
            0.23176516592502594,
            -0.4162966012954712,
            -0.8792020678520203,
            1.2061970233917236
          ],
          [
            0.0,
            0.0,
            0.0,
            1.0
          ]
        ]
      },
      "bone_length_armature_space": 0.028514389238296817,
      "parent": "metacarpal_index_l",
      "has_children": true,
      "is_end_bone": false
    },
    "index_02_l": {
      "name": "index_02_l",
      "local": {
        "location": {
          "x": 0.0,
          "y": 0.0,
          "z": 0.0
        },
        "rotation_quaternion": {
          "w": 0.9794759750366211,
          "x": 0.2014986276626587,
          "y": 0.0032975131180137396,
          "z": -0.0038033961318433285
        },
        "scale": {
          "x": 1.0,
          "y": 1.0,
          "z": 1.0
        },
        "matrix_basis": [
          [
            0.9999493360519409,
            0.008779559284448624,
            0.0049269115552306175,
            0.0
          ],
          [
            -0.006121781654655933,
            0.9187676906585693,
            -0.3947512209415436,
            0.0
          ],
          [
            -0.007992427796125412,
            0.3947010338306427,
            0.9187748432159424,
            0.0
          ],
          [
            0.0,
            0.0,
            0.0,
            1.0
          ]
        ],
        "rotation_mode": "QUATERNION"
      },
      "armature_space": {
        "head": {
          "x": 0.7049070000648499,
          "y": -0.35964396595954895,
          "z": 0.24447214603424072
        },
        "tail": {
          "x": 0.7225284576416016,
          "y": -0.3642825186252594,
          "z": 0.22641494870185852
        }
      },
      "world_space": {
        "head": {
          "x": 0.7049070000648499,
          "y": -0.29639995098114014,
          "z": 1.1943261623382568
        },
        "tail": {
          "x": 0.7225284576416016,
          "y": -0.3010385036468506,
          "z": 1.1762689352035522
        },
        "rotation_quaternion": {
          "w": 0.3766656219959259,
          "x": -0.7575187087059021,
          "y": -0.5174104571342468,
          "z": 0.12874364852905273
        },
        "matrix": [
          [
            0.4314206540584564,
            0.6869094371795654,
            -0.5848347544670105,
            0.7049070000648499
          ],
          [
            0.8808843493461609,
            -0.18081779778003693,
            0.437433123588562,
            -0.29639995098114014
          ],
          [
            0.19473053514957428,
            -0.7038946151733398,
            -0.6831008195877075,
            1.1943261623382568
          ],
          [
            0.0,
            0.0,
            0.0,
            1.0
          ]
        ]
      },
      "bone_length_armature_space": 0.025653349293850682,
      "parent": "index_01_l",
      "has_children": true,
      "is_end_bone": false
    },
    "index_03_l": {
      "name": "index_03_l",
      "local": {
        "location": {
          "x": 0.0,
          "y": 0.0,
          "z": 0.0
        },
        "rotation_quaternion": {
          "w": 0.9783473014831543,
          "x": 0.20688173174858093,
          "y": -7.248343899846077e-05,
          "z": 0.0060463654808700085
        },
        "scale": {
          "x": 1.0,
          "y": 1.0,
          "z": 1.0
        },
        "matrix_basis": [
          [
            0.9999268651008606,
            -0.011860881932079792,
            0.0023599371779710054,
            0.0
          ],
          [
            0.011800900101661682,
            0.9143267869949341,
            -0.4048052430152893,
            0.0
          ],
          [
            0.0026435931213200092,
            0.40480348467826843,
            0.9143998622894287,
            0.0
          ],
          [
            0.0,
            0.0,
            0.0,
            1.0
          ]
        ],
        "rotation_mode": "QUATERNION"
      },
      "armature_space": {
        "head": {
          "x": 0.7225285172462463,
          "y": -0.36428260803222656,
          "z": 0.22641505300998688
        },
        "tail": {
          "x": 0.7329638600349426,
          "y": -0.36016759276390076,
          "z": 0.19943520426750183
        }
      },
      "world_space": {
        "head": {
          "x": 0.7225285172462463,
          "y": -0.30103862285614014,
          "z": 1.1762690544128418
        },
        "tail": {
          "x": 0.7329638600349426,
          "y": -0.29692357778549194,
          "z": 1.1492892503738403
        },
        "rotation_quaternion": {
          "w": 0.5732784867286682,
          "x": -0.6179314255714417,
          "y": -0.49169981479644775,
          "z": 0.21850384771823883
        },
        "matrix": [
          [
            0.42097190022468567,
            0.3571457862854004,
            -0.8338042497634888,
            0.7225285172462463
          ],
          [
            0.8582021594047546,
            0.14083489775657654,
            0.4936138689517975,
            -0.30103862285614014
          ],
          [
            0.2937237024307251,
            -0.9233765602111816,
            -0.2472171187400818,
            1.1762690544128418
          ],
          [
            0.0,
            0.0,
            0.0,
            1.0
          ]
        ]
      },
      "bone_length_armature_space": 0.02921886314541347,
      "parent": "index_02_l",
      "has_children": false,
      "is_end_bone": true
    },
    "metacarpal_pinky_l": {
      "name": "metacarpal_pinky_l",
      "local": {
        "location": {
          "x": 0.0,
          "y": 0.0,
          "z": 0.0
        },
        "rotation_quaternion": {
          "w": 0.9995492696762085,
          "x": -0.025094708427786827,
          "y": -0.015535812824964523,
          "z": -0.005509037524461746
        },
        "scale": {
          "x": 1.0,
          "y": 1.0,
          "z": 1.0
        },
        "matrix_basis": [
          [
            0.9994565844535828,
            0.011792842298746109,
            -0.030781125649809837,
            0.0
          ],
          [
            -0.010233375243842602,
            0.9986798167228699,
            0.05033797025680542,
            0.0
          ],
          [
            0.03133411705493927,
            -0.04999561980366707,
            0.9982578158378601,
            0.0
          ],
          [
            0.0,
            0.0,
            0.0,
            1.0
          ]
        ],
        "rotation_mode": "QUATERNION"
      },
      "armature_space": {
        "head": {
          "x": 0.6199555397033691,
          "y": -0.2938704490661621,
          "z": 0.33944058418273926
        },
        "tail": {
          "x": 0.71380215883255,
          "y": -0.31527286767959595,
          "z": 0.2997167110443115
        }
      },
      "world_space": {
        "head": {
          "x": 0.6199555397033691,
          "y": -0.2306264489889145,
          "z": 1.2892946004867554
        },
        "tail": {
          "x": 0.71380215883255,
          "y": -0.2520288825035095,
          "z": 1.2495707273483276
        },
        "rotation_quaternion": {
          "w": 0.43087977170944214,
          "x": 0.31489595770835876,
          "y": 0.4599733352661133,
          "z": -0.7096532583236694
        },
        "matrix": [
          [
            -0.43036583065986633,
            0.9012383222579956,
            -0.050546590238809586,
            0.6199555397033691
          ],
          [
            -0.3218655586242676,
            -0.2055341750383377,
            -0.9242070913314819,
            -0.2306264489889145
          ],
          [
            -0.8433259129524231,
            -0.38148069381713867,
            0.37853410840034485,
            1.2892946004867554
          ],
          [
            0.0,
            0.0,
            0.0,
            1.0
          ]
        ]
      },
      "bone_length_armature_space": 0.10413086710308876,
      "parent": "lowerarm_l",
      "has_children": true,
      "is_end_bone": false
    },
    "pinky_01_l": {
      "name": "pinky_01_l",
      "local": {
        "location": {
          "x": 0.0,
          "y": 0.0,
          "z": 0.0
        },
        "rotation_quaternion": {
          "w": 0.9994527101516724,
          "x": 0.026117563247680664,
          "y": -0.005947869271039963,
          "z": -0.019413426518440247
        },
        "scale": {
          "x": 1.0,
          "y": 1.0,
          "z": 1.0
        },
        "matrix_basis": [
          [
            0.999175488948822,
            0.03849491477012634,
            -0.012903290800750256,
            0.0
          ],
          [
            -0.03911628946661949,
            0.9978820085525513,
            -0.05197560042142868,
            0.0
          ],
          [
            0.010875165462493896,
            0.05243747681379318,
            0.9985650181770325,
            0.0
          ],
          [
            0.0,
            0.0,
            0.0,
            1.0
          ]
        ],
        "rotation_mode": "QUATERNION"
      },
      "armature_space": {
        "head": {
          "x": 0.71380215883255,
          "y": -0.31527286767959595,
          "z": 0.2997167110443115
        },
        "tail": {
