{
  "metadata": {
    "armature_name": "KIM_caucasian_male",
    "export_time": "2026-01-13T21:05:13.529030",
    "blender_version": "4.4.1",
    "bone_count": 56,
    "end_bone_count": 13,
    "spaces_included": [
      "LOCAL_CHANNELS",
      "ARMATURE_SPACE",
      "WORLD_SPACE"
    ],
    "note": "LOCAL matches Transform panel; replay pose via local.matrix_basis for best fidelity."
  },
  "bones": {
    "Root": {
      "name": "Root",
      "local": {
        "location": {
          "x": 0.0,
          "y": 0.0,
          "z": 0.0
        },
        "rotation_quaternion": {
          "w": 0.999718189239502,
          "x": 0.012662675231695175,
          "y": -0.009355958551168442,
          "z": 0.017767813056707382
        },
        "scale": {
          "x": 1.0,
          "y": 1.0,
          "z": 1.0
        },
        "matrix_basis": [
          [
            0.999193549156189,
            -0.03576255589723587,
            -0.018256668001413345,
            0.0
          ],
          [
            0.03528866916894913,
            0.9990479350090027,
            -0.025650683790445328,
            0.0
          ],
          [
            0.019156619906425476,
            0.024985743686556816,
            0.9995042681694031,
            0.0
          ],
          [
            0.0,
            0.0,
            0.0,
            1.0
          ]
        ],
        "rotation_mode": "QUATERNION"
      },
      "armature_space": {
        "head": {
          "x": 0.0,
          "y": 0.07072800397872925,
          "z": -0.009595036506652832
        },
        "tail": {
          "x": -0.0025525835808366537,
          "y": -0.00017239898443222046,
          "z": -0.0017763394862413406
        }
      },
      "world_space": {
        "head": {
          "x": 0.0,
          "y": 0.13397200405597687,
          "z": 0.9402589797973633
        },
        "tail": {
          "x": -0.0025525835808366537,
          "y": 0.0630716010928154,
          "z": 0.9480776786804199
        },
        "rotation_quaternion": {
          "w": 0.05471476539969444,
          "x": 0.9983001351356506,
          "y": -0.018357740715146065,
          "z": -0.008137725293636322
        },
        "matrix": [
          [
            0.999193549156189,
            -0.03576255589723587,
            -0.018256668001413345,
            0.0
          ],
          [
            -0.03754357993602753,
            -0.9933385848999023,
            -0.10894519835710526,
            0.13397200405597687
          ],
          [
            -0.014239027164876461,
            0.10954257845878601,
            -0.9938871264457703,
            0.9402589797973633
          ],
          [
            0.0,
            0.0,
            0.0,
            1.0
          ]
        ]
      },
      "bone_length_armature_space": 0.07137587023222511,
      "parent": null,
      "has_children": true,
      "is_end_bone": false
    },
    "spine_01": {
      "name": "spine_01",
      "local": {
        "location": {
          "x": 0.0,
          "y": 0.0,
          "z": 0.0
        },
        "rotation_quaternion": {
          "w": 0.998986005783081,
          "x": -0.029597770422697067,
          "y": 0.009029638953506947,
          "z": 0.032701220363378525
        },
        "scale": {
          "x": 1.0,
          "y": 1.0,
          "z": 1.0
        },
        "matrix_basis": [
          [
            0.997698187828064,
            -0.06587063521146774,
            0.016105199232697487,
            0.0
          ],
          [
            0.06480161100625992,
            0.9961091876029968,
            0.05972607806324959,
            0.0
          ],
          [
            -0.01997673325240612,
            -0.058544956147670746,
            0.9980849027633667,
            0.0
          ],
          [
            0.0,
            0.0,
            0.0,
            1.0
          ]
        ],
        "rotation_mode": "QUATERNION"
      },
      "armature_space": {
        "head": {
          "x": -0.0025525835808366537,
          "y": -0.00017239898443222046,
          "z": -0.0017763394862413406
        },
        "tail": {
          "x": -0.02629701979458332,
          "y": 0.03985409066081047,
          "z": 0.48400411009788513
        }
      },
      "world_space": {
        "head": {
          "x": -0.0025525835808366537,
          "y": 0.0630716010928154,
          "z": 0.9480776786804199
        },
        "tail": {
          "x": -0.02629701979458332,
          "y": 0.10309809446334839,
          "z": 1.4338581562042236
        },
        "rotation_quaternion": {
          "w": 0.7351453900337219,
          "x": 0.6773974299430847,
          "y": -0.02390986867249012,
          "z": 0.01106144767254591
        },
        "matrix": [
          [
            0.9986119270324707,
            -0.04865650832653046,
            -0.02016814611852169,
            -0.0025525835808366537
          ],
          [
            -0.01612907648086548,
            0.08202128857374191,
            -0.9965001344680786,
            0.0630716010928154
          ],
          [
            0.05014077201485634,
            0.9954492449760437,
            0.08112230896949768,
            0.9480776786804199
          ],
          [
            0.0,
            0.0,
            0.0,
            1.0
          ]
        ]
      },
      "bone_length_armature_space": 0.48800467180116863,
      "parent": "Root",
      "has_children": true,
      "is_end_bone": false
    },
    "neck_01": {
      "name": "neck_01",
      "local": {
        "location": {
          "x": 0.0,
          "y": 0.0,
          "z": 0.0
        },
        "rotation_quaternion": {
          "w": 0.9927151799201965,
          "x": 0.01535324938595295,
          "y": 0.02749689668416977,
          "z": -0.11629625409841537
        },
        "scale": {
          "x": 1.0,
          "y": 1.0,
          "z": 1.0
        },
        "matrix_basis": [
          [
            0.9714382290840149,
            0.23174244165420532,
            0.05102212354540825,
            0.0
          ],
          [
            -0.23005378246307373,
            0.9724789261817932,
            -0.03687838092446327,
            0.0
          ],
          [
            -0.05816422402858734,
            0.02408723533153534,
            0.9980164170265198,
            0.0
          ],
          [
            0.0,
            0.0,
            0.0,
            1.0
          ]
        ],
        "rotation_mode": "QUATERNION"
      },
      "armature_space": {
        "head": {
          "x": -0.030559014528989792,
          "y": 0.011300500482320786,
          "z": 0.5597026944160461
        },
        "tail": {
          "x": -0.012089451774954796,
          "y": -0.02165445312857628,
          "z": 0.6550105810165405
        }
      },
      "world_space": {
        "head": {
          "x": -0.030559014528989792,
          "y": 0.0745445042848587,
          "z": 1.509556770324707
        },
        "tail": {
          "x": -0.012089451774954796,
          "y": 0.04158954694867134,
          "z": 1.6048645973205566
        },
        "rotation_quaternion": {
          "w": 0.5756937861442566,
          "x": 0.8122406601905823,
          "y": 0.0886230617761612,
          "z": -0.0314287394285202
        },
        "matrix": [
          [
            0.9823163151741028,
            0.18015335500240326,
            0.05098501592874527,
            -0.030559014528989792
          ],
          [
            0.10778073966503143,
            -0.3214448392391205,
            -0.94077467918396,
            0.0745445042848587
          ],
          [
            -0.1530957669019699,
            0.9296395182609558,
            -0.33518072962760925,
            1.509556770324707
          ],
          [
            0.0,
            0.0,
            0.0,
            1.0
          ]
        ]
      },
      "bone_length_armature_space": 0.10252193424242392,
      "parent": "spine_01",
      "has_children": true,
      "is_end_bone": false
    },
    "head": {
      "name": "head",
      "local": {
        "location": {
          "x": 0.0,
          "y": 0.0,
          "z": 0.0
        },
        "rotation_quaternion": {
          "w": 0.9665341973304749,
          "x": -0.16082492470741272,
          "y": 0.08537690341472626,
          "z": -0.18071450293064117
        },
        "scale": {
          "x": 1.0,
          "y": 1.0,
          "z": 1.0
        },
        "matrix_basis": [
          [
            0.9201061129570007,
            0.3218720257282257,
            0.22316618263721466,
            0.0
          ],
          [
            -0.3767949640750885,
            0.8829552531242371,
            0.2800278961658478,
            0.0
          ],
          [
            -0.10691259801387787,
            -0.34174326062202454,
            0.9336922764778137,
            0.0
          ],
          [
            0.0,
            0.0,
            0.0,
            1.0
          ]
        ],
        "rotation_mode": "QUATERNION"
      },
      "armature_space": {
        "head": {
          "x": -0.012089457362890244,
          "y": -0.021654576063156128,
          "z": 0.655010461807251
        },
        "tail": {
          "x": 0.05154683068394661,
          "y": 0.04176422953605652,
          "z": 0.7814291715621948
        }
      },
      "world_space": {
        "head": {
          "x": -0.012089457362890244,
          "y": 0.04158942401409149,
          "z": 1.604864478111267
        },
        "tail": {
          "x": 0.05154683068394661,
          "y": 0.10500822961330414,
          "z": 1.731283187866211
        },
        "rotation_quaternion": {
          "w": 0.7922097444534302,
          "x": 0.5390714406967163,
          "y": 0.27723783254623413,
          "z": -0.07031988352537155
        },
        "matrix": [
          [
            0.836389422416687,
            0.41031789779663086,
            0.3634447455406189,
            -0.012089457362890244
          ],
          [
            0.18748360872268677,
            0.40891560912132263,
            -0.8931060433387756,
            0.04158942401409149
          ],
          [
            -0.5150790214538574,
            0.815130352973938,
            0.26508578658103943,
            1.604864478111267
          ],
          [
            0.0,
            0.0,
            0.0,
            1.0
          ]
        ]
      },
      "bone_length_armature_space": 0.15509098357597084,
      "parent": "neck_01",
      "has_children": false,
      "is_end_bone": true
    },
    "upperarm_l": {
      "name": "upperarm_l",
      "local": {
        "location": {
          "x": 0.0,
          "y": 0.0,
          "z": 0.0
        },
        "rotation_quaternion": {
          "w": 0.9369282722473145,
          "x": 0.2802872955799103,
          "y": 0.13247187435626984,
          "z": 0.16141803562641144
        },
        "scale": {
          "x": 1.0,
          "y": 1.0,
          "z": 1.0
        },
        "matrix_basis": [
          [
            0.912790834903717,
            -0.22821387648582458,
            0.3387201428413391,
            0.0
          ],
          [
            0.3767346143722534,
            0.7907664775848389,
            -0.48245149850845337,
            0.0
          ],
          [
            -0.15774643421173096,
            0.5679848790168762,
            0.8077804446220398,
            0.0
          ],
          [
            0.0,
            0.0,
            0.0,
            1.0
          ]
        ],
        "rotation_mode": "QUATERNION"
      },
      "armature_space": {
        "head": {
          "x": 0.12243854999542236,
          "y": 0.0001907050609588623,
          "z": 0.5005806684494019
        },
        "tail": {
          "x": 0.33560389280319214,
          "y": -0.143719881772995,
          "z": 0.5758000612258911
        }
      },
      "world_space": {
        "head": {
          "x": 0.12243854999542236,
          "y": 0.06343470513820648,
          "z": 1.450434684753418
        },
        "tail": {
          "x": 0.33560389280319214,
          "y": -0.08047588169574738,
          "z": 1.5256540775299072
        },
        "rotation_quaternion": {
          "w": 0.3732701241970062,
          "x": 0.747916042804718,
          "y": 0.3035602867603302,
          "z": -0.45732083916664124
        },
        "matrix": [
          [
            0.3974175453186035,
            0.7954837679862976,
            -0.45745477080345154,
            0.12243854999542236
          ],
          [
            0.11266764998435974,
            -0.5370410680770874,
            -0.8359982371330261,
            0.06343470513820648
          ],
          [
            -0.9107013940811157,
            0.2807014584541321,
            -0.3030576705932617,
            1.450434684753418
          ],
          [
            0.0,
            0.0,
            0.0,
            1.0
          ]
        ]
      },
      "bone_length_armature_space": 0.26796954651149785,
      "parent": "spine_01",
      "has_children": true,
      "is_end_bone": false
    },
    "lowerarm_l": {
      "name": "lowerarm_l",
      "local": {
        "location": {
          "x": 0.0,
          "y": 0.0,
          "z": 0.0
        },
        "rotation_quaternion": {
          "w": 0.9986926317214966,
          "x": 0.036710597574710846,
          "y": 0.016162492334842682,
          "z": -0.03168756514787674
        },
        "scale": {
          "x": 1.0,
          "y": 1.0,
          "z": 1.0
        },
        "matrix_basis": [
          [
            0.9974693655967712,
            0.06447894871234894,
            0.029956184327602386,
            0.0
          ],
          [
            -0.062105607241392136,
            0.9952964782714844,
            -0.07434950768947601,
            0.0
          ],
          [
            -0.03460926190018654,
            0.07230090349912643,
            0.9967821836471558,
            0.0
          ],
          [
            0.0,
            0.0,
            0.0,
            1.0
          ]
        ],
        "rotation_mode": "QUATERNION"
      },
      "armature_space": {
        "head": {
          "x": 0.33560389280319214,
          "y": -0.14371998608112335,
          "z": 0.5758002400398254
        },
        "tail": {
          "x": 0.518592894077301,
          "y": -0.3287929892539978,
          "z": 0.637706458568573
        }
      },
      "world_space": {
        "head": {
          "x": 0.33560389280319214,
          "y": -0.08047598600387573,
          "z": 1.5256543159484863
        },
        "tail": {
          "x": 0.518592894077301,
          "y": -0.2655490040779114,
          "z": 1.5875604152679443
        },
        "rotation_quaternion": {
          "w": 0.31442996859550476,
          "x": 0.7576732039451599,
          "y": 0.2350204735994339,
          "z": -0.5213738083839417
        },
        "matrix": [
          [
            0.34586960077285767,
            0.6840084195137024,
            -0.6422667503356934,
            0.33560389280319214
          ],
          [
            0.02826673351228237,
            -0.6917983293533325,
            -0.7215372323989868,
            -0.08047598600387573
          ],
          [
            -0.9378633499145508,
            0.2314038723707199,
            -0.2586091160774231,
            1.5256543159484863
          ],
          [
            0.0,
            0.0,
            0.0,
            1.0
          ]
        ]
      },
      "bone_length_armature_space": 0.2675245233086565,
      "parent": "upperarm_l",
      "has_children": true,
      "is_end_bone": false
    },
    "metacarpal_thumb_l": {
      "name": "metacarpal_thumb_l",
      "local": {
        "location": {
          "x": 0.0,
          "y": 0.0,
          "z": 0.0
        },
        "rotation_quaternion": {
          "w": 0.9998780488967896,
          "x": 0.00477148313075304,
          "y": 9.06256609596312e-05,
          "z": -0.014872106723487377
        },
        "scale": {
          "x": 1.0,
          "y": 1.0,
          "z": 1.0
        },
        "matrix_basis": [
          [
            0.999557614326477,
            0.029741451144218445,
            3.930520688300021e-05,
            0.0
          ],
          [
            -0.02973972074687481,
            0.9995121359825134,
            -0.009544498287141323,
            0.0
          ],
          [
            -0.0003231532173231244,
            0.009539106860756874,
            0.9999544620513916,
            0.0
          ],
          [
            0.0,
            0.0,
            0.0,
            1.0
          ]
        ],
        "rotation_mode": "QUATERNION"
      },
      "armature_space": {
        "head": {
          "x": 0.518592894077301,
          "y": -0.3287929892539978,
          "z": 0.637706458568573
        },
        "tail": {
          "x": 0.5312121510505676,
          "y": -0.3761766850948334,
          "z": 0.6306975483894348
        }
      },
      "world_space": {
        "head": {
          "x": 0.518592894077301,
          "y": -0.2655490040779114,
          "z": 1.5875604152679443
        },
        "tail": {
          "x": 0.5312121510505676,
          "y": -0.31293267011642456,
          "z": 1.5805516242980957
        },
        "rotation_quaternion": {
          "w": 0.08832769095897675,
          "x": -0.9799578189849854,
          "y": -0.11789950728416443,
          "z": -0.13409262895584106
        },
        "matrix": [
          [
            0.9362377524375916,
            0.25476112961769104,
            0.24198241531848907,
            0.518592894077301
          ],
          [
            0.20738500356674194,
            -0.9565957188606262,
            0.20473329722881317,
            -0.2655490040779114
          ],
          [
            0.2836395800113678,
            -0.14149749279022217,
            -0.9484413862228394,
            1.5875604152679443
          ],
          [
            0.0,
            0.0,
            0.0,
            1.0
          ]
        ]
      },
      "bone_length_armature_space": 0.0495336755126156,
      "parent": "lowerarm_l",
      "has_children": true,
      "is_end_bone": false
    },
    "thumb_01_l": {
      "name": "thumb_01_l",
      "local": {
        "location": {
          "x": 0.0,
          "y": 0.0,
          "z": 0.0
        },
        "rotation_quaternion": {
          "w": 0.9791535139083862,
          "x": 0.20297513902187347,
          "y": 0.004661996383219957,
          "z": 0.006158432457596064
        },
        "scale": {
          "x": 1.0,
          "y": 1.0,
          "z": 1.0
        },
        "matrix_basis": [
          [
            0.9998806715011597,
            -0.010167562402784824,
            0.011629637330770493,
            0.0
          ],
          [
            0.013952639885246754,
            0.9175263047218323,
            -0.3974302113056183,
            0.0
          ],
          [
            -0.006629602983593941,
            0.39754506945610046,
            0.9175587296485901,
            0.0
          ],
          [
            0.0,
            0.0,
            0.0,
            1.0
          ]
        ],
        "rotation_mode": "QUATERNION"
      },
      "armature_space": {
        "head": {
          "x": 0.5312121510505676,
          "y": -0.3761766850948334,
          "z": 0.6306975483894348
        },
        "tail": {
          "x": 0.5516695976257324,
          "y": -0.3897015452384949,
          "z": 0.6070923805236816
        }
      },
      "world_space": {
        "head": {
          "x": 0.5312121510505676,
          "y": -0.31293267011642456,
          "z": 1.5805516242980957
        },
        "tail": {
          "x": 0.5516695976257324,
          "y": -0.32645756006240845,
          "z": 1.5569463968276978
        },
        "rotation_quaternion": {
          "w": 0.5320481657981873,
          "x": -0.4774896800518036,
          "y": 0.13510847091674805,
          "z": -0.686056911945343
        },
        "matrix": [
          [
            0.02214527130126953,
            0.6010072827339172,
            0.7989367246627808,
            0.5312121510505676
          ],
          [
            -0.8590559959411621,
            -0.39733895659446716,
            0.3227135241031647,
            -0.31293267011642456
          ],
          [
            0.5114045739173889,
            -0.6934835314750671,
            0.5075036287307739,
            1.5805516242980957
          ],
          [
            0.0,
            0.0,
            0.0,
            1.0
          ]
        ]
      },
      "bone_length_armature_space": 0.03403869717794324,
      "parent": "metacarpal_thumb_l",
      "has_children": true,
      "is_end_bone": false
    },
    "thumb_02_l": {
      "name": "thumb_02_l",
      "local": {
        "location": {
          "x": 0.0,
          "y": 0.0,
          "z": 0.0
        },
        "rotation_quaternion": {
          "w": 0.9238767623901367,
          "x": 0.3826470375061035,
          "y": -0.005424007307738066,
          "z": 0.0019036466255784035
        },
        "scale": {
          "x": 1.0,
          "y": 1.0,
          "z": 1.0
        },
        "matrix_basis": [
          [
            0.9999338984489441,
            -0.0076684304513037205,
            -0.008565379306674004,
            0.0
          ],
          [
            -0.0006334909121505916,
            0.7071552276611328,
            -0.7070580720901489,
            0.0
          ],
          [
            0.011479077860713005,
            0.7070167660713196,
            0.7071036696434021,
            0.0
          ],
          [
            0.0,
            0.0,
            0.0,
            1.0
          ]
        ],
        "rotation_mode": "QUATERNION"
      },
      "armature_space": {
        "head": {
          "x": 0.5516695380210876,
          "y": -0.3897015452384949,
          "z": 0.6070923209190369
        },
        "tail": {
          "x": 0.56915682554245,
          "y": -0.3978745937347412,
          "z": 0.6423143744468689
        }
      },
      "world_space": {
        "head": {
          "x": 0.5516695380210876,
          "y": -0.32645756006240845,
          "z": 1.5569462776184082
        },
        "tail": {
          "x": 0.56915682554245,
          "y": -0.3346306085586548,
          "z": 1.5921683311462402
        },
        "rotation_quaternion": {
          "w": 0.410904198884964,
          "x": 0.19058018922805786,
          "y": -0.47896963357925415,
          "z": -0.7519474625587463
        },
        "matrix": [
          [
            -0.5896720886230469,
            0.43539291620254517,
            -0.6802351474761963,
            0.5516695380210876
          ],
          [
            -0.8005221486091614,
            -0.20349018275737762,
            0.5636982917785645,
            -0.32645756006240845
          ],
          [
            0.10700903087854385,
            0.8769464492797852,
            0.4685382843017578,
            1.5569462776184082
          ],
          [
            0.0,
            0.0,
            0.0,
            1.0
          ]
        ]
      },
      "bone_length_armature_space": 0.04016462360881525,
      "parent": "thumb_01_l",
      "has_children": true,
      "is_end_bone": false
    },
    "thumb_03_l": {
      "name": "thumb_03_l",
      "local": {
        "location": {
          "x": 0.0,
          "y": 0.0,
          "z": 0.0
        },
        "rotation_quaternion": {
          "w": 0.9830067157745361,
          "x": 0.18344415724277496,
          "y": -0.004723281599581242,
          "z": 0.004880999680608511
        },
        "scale": {
          "x": 1.0,
          "y": 1.0,
          "z": 1.0
        },
        "matrix_basis": [
          [
            0.9999077320098877,
            -0.011329027824103832,
            -0.007495253346860409,
            0.0
          ],
          [
            0.00786319375038147,
            0.9326488375663757,
            -0.36069977283477783,
            0.0
          ],
          [
            0.011076816357672215,
            0.3606075644493103,
            0.9326518774032593,
            0.0
          ],
          [
            0.0,
            0.0,
            0.0,
            1.0
          ]
        ],
        "rotation_mode": "QUATERNION"
      },
      "armature_space": {
        "head": {
          "x": 0.56915682554245,
          "y": -0.3978746831417084,
          "z": 0.6423143148422241
        },
        "tail": {
          "x": 0.5682739615440369,
          "y": -0.39240920543670654,
          "z": 0.67225182056427
        }
      },
      "world_space": {
        "head": {
          "x": 0.56915682554245,
          "y": -0.33463066816329956,
          "z": 1.5921683311462402
        },
        "tail": {
          "x": 0.5682739615440369,
          "y": -0.3291652202606201,
          "z": 1.6221058368682861
        },
        "rotation_quaternion": {
          "w": 0.4764293134212494,
          "x": 0.41199061274528503,
          "y": -0.6023080945014954,
          "z": -0.4904120862483978
        },
        "matrix": [
          [
            -0.20655831694602966,
            -0.028997868299484253,
            -0.9780045747756958,
            0.56915682554245
          ],
          [
            -0.9635834097862244,
            0.17952007055282593,
            0.19818978011608124,
            -0.33463066816329956
          ],
          [
            0.16982457041740417,
            0.9833340048789978,
            -0.06502324342727661,
            1.5921683311462402
          ],
          [
            0.0,
            0.0,
            0.0,
            1.0
          ]
        ]
      },
      "bone_length_armature_space": 0.030445117145386648,
      "parent": "thumb_02_l",
      "has_children": false,
      "is_end_bone": true
    },
    "metacarpal_index_l": {
      "name": "metacarpal_index_l",
      "local": {
        "location": {
          "x": 0.0,
          "y": 0.0,
          "z": 0.0
        },
        "rotation_quaternion": {
          "w": 0.9998999834060669,
          "x": 0.00024228476104326546,
          "y": -0.010258597321808338,
          "z": 0.009741013869643211
        },
        "scale": {
          "x": 1.0,
          "y": 1.0,
          "z": 1.0
        },
        "matrix_basis": [
          [
            0.9995997548103333,
            -0.019485050812363625,
            -0.020510422065854073,
            0.0
          ],
          [
            0.01947510801255703,
            0.9998100996017456,
            -0.000684379308950156,
            0.0
          ],
          [
            0.020519861951470375,
            0.0002846627903636545,
            0.9997894167900085,
            0.0
          ],
          [
            0.0,
            0.0,
            0.0,
            1.0
          ]
        ],
        "rotation_mode": "QUATERNION"
      },
      "armature_space": {
        "head": {
          "x": 0.518592894077301,
          "y": -0.3287929892539978,
          "z": 0.637706458568573
        },
        "tail": {
          "x": 0.5719242691993713,
          "y": -0.4324741065502167,
          "z": 0.6493342518806458
        }
      },
      "world_space": {
        "head": {
          "x": 0.518592894077301,
          "y": -0.2655490040779114,
          "z": 1.5875604152679443
        },
        "tail": {
          "x": 0.5719242691993713,
          "y": -0.36923009157180786,
          "z": 1.5991883277893066
        },
        "rotation_quaternion": {
          "w": 0.08502482622861862,
          "x": 0.9602381587028503,
          "y": 0.22436220943927765,
          "z": -0.14274120330810547
        },
        "matrix": [
          [
            0.8585731387138367,
            0.4551555812358856,
            -0.23597800731658936,
            0.518592894077301
          ],
          [
            0.4066092073917389,
            -0.8848645091056824,
            -0.2273404598236084,
            -0.2655490040779114
          ],
          [
            -0.3122859001159668,
            0.09923733025789261,
            -0.9447982907295227,
            1.5875604152679443
          ],
          [
            0.0,
            0.0,
            0.0,
            1.0
          ]
        ]
      },
      "bone_length_armature_space": 0.11717173406970834,
      "parent": "lowerarm_l",
      "has_children": true,
      "is_end_bone": false
    },
    "index_01_l": {
      "name": "index_01_l",
      "local": {
        "location": {
          "x": 0.0,
          "y": 0.0,
          "z": 0.0
        },
        "rotation_quaternion": {
          "w": 0.9758175611495972,
          "x": 0.21839605271816254,
          "y": -0.004234155174344778,
          "z": 0.008082203567028046
        },
        "scale": {
          "x": 1.0,
          "y": 1.0,
          "z": 1.0
        },
        "matrix_basis": [
          [
            0.9998335242271423,
            -0.01762295700609684,
            -0.004733283072710037,
            0.0
          ],
          [
            0.01392406690865755,
            0.9044756889343262,
            -0.4262978434562683,
            0.0
          ],
          [
            0.011793768964707851,
            0.4261609613895416,
            0.904570460319519,
            0.0
          ],
          [
            0.0,
            0.0,
            0.0,
            1.0
          ]
        ],
        "rotation_mode": "QUATERNION"
      },
      "armature_space": {
        "head": {
          "x": 0.5719242691993713,
          "y": -0.4324741065502167,
          "z": 0.6493342518806458
        },
        "tail": {
          "x": 0.5893518328666687,
          "y": -0.45340776443481445,
          "z": 0.6409002542495728
        }
      },
      "world_space": {
        "head": {
          "x": 0.5719242691993713,
          "y": -0.36923009157180786,
          "z": 1.5991883277893066
        },
        "tail": {
          "x": 0.5893518328666687,
          "y": -0.390163779258728,
          "z": 1.5907542705535889
        },
        "rotation_quaternion": {
          "w": 0.080093152821064,
          "x": -0.9068083167076111,
          "y": -0.35568681359291077,
          "z": 0.21159103512763977
        },
        "matrix": [
          [
            0.6574317812919617,
            0.611186146736145,
            -0.4407210052013397,
            0.5719242691993713
          ],
          [
            0.6789736151695251,
            -0.7341437935829163,
            -0.005263656377792358,
            -0.36923009157180786
          ],
          [
            -0.3267715275287628,
            -0.29578036069869995,
            -0.8976350426673889,
            1.5991883277893066
          ],
          [
            0.0,
            0.0,
            0.0,
            1.0
          ]
        ]
      },
      "bone_length_armature_space": 0.02851438809004112,
      "parent": "metacarpal_index_l",
      "has_children": true,
      "is_end_bone": false
    },
    "index_02_l": {
      "name": "index_02_l",
      "local": {
        "location": {
          "x": 0.0,
          "y": 0.0,
          "z": 0.0
        },
        "rotation_quaternion": {
          "w": 0.9127153754234314,
          "x": 0.4085606336593628,
          "y": -0.005224363878369331,
          "z": 0.0012748281005769968
        },
        "scale": {
          "x": 1.0,
          "y": 1.0,
          "z": 1.0
        },
        "matrix_basis": [
          [
            0.9999421834945679,
            -0.006596049293875694,
            -0.008495025336742401,
            0.0
          ],
          [
            -0.0019418284064158797,
            0.6661531925201416,
            -0.7458124756813049,
            0.0
          ],
          [
            0.010578403249382973,
            0.7457858324050903,
            0.6661018133163452,
            0.0
          ],
          [
            0.0,
            0.0,
            0.0,
            1.0
          ]
        ],
        "rotation_mode": "QUATERNION"
      },
      "armature_space": {
        "head": {
          "x": 0.5893518328666687,
          "y": -0.4534081816673279,
          "z": 0.6408999562263489
        },
        "tail": {
          "x": 0.5914945006370544,
          "y": -0.46715056896209717,
          "z": 0.6193441152572632
        }
      },
      "world_space": {
        "head": {
          "x": 0.5893518328666687,
          "y": -0.39016419649124146,
          "z": 1.5907540321350098
        },
        "tail": {
          "x": 0.5914945006370544,
          "y": -0.40390658378601074,
          "z": 1.5691981315612793
        },
        "rotation_quaternion": {
          "w": 0.4140969216823578,
          "x": -0.7937193512916565,
          "y": -0.2463241070508957,
          "z": 0.3712921738624573
        },
        "matrix": [
          [
            0.6029335856437683,
            0.08352389931678772,
            -0.793407142162323,
            0.5893518328666687
          ],
          [
            0.6985262036323547,
            -0.5356970429420471,
            0.4744364619255066,
            -0.39016419649124146
          ],
          [
            -0.38540127873420715,
            -0.8402758240699768,
            -0.3813355565071106,
            1.5907540321350098
          ],
          [
            0.0,
            0.0,
            0.0,
            1.0
          ]
        ]
      },
      "bone_length_armature_space": 0.025653430650075693,
      "parent": "index_01_l",
      "has_children": true,
      "is_end_bone": false
    },
    "index_03_l": {
      "name": "index_03_l",
      "local": {
        "location": {
          "x": 0.0,
          "y": 0.0,
          "z": 0.0
        },
        "rotation_quaternion": {
          "w": 0.9682133197784424,
          "x": 0.25012412667274475,
          "y": 0.0009819752303883433,
          "z": -0.00034161805524490774
        },
        "scale": {
          "x": 1.0,
          "y": 1.0,
          "z": 1.0
        },
        "matrix_basis": [
          [
            0.9999978542327881,
            0.001152749639004469,
            0.0017306291265413165,
            0.0
          ],
          [
            -0.00017028690490406007,
            0.8748756051063538,
            -0.48434770107269287,
            0.0
          ],
          [
            -0.0020724169444292784,
            0.4843463599681854,
            0.8748739361763,
            0.0
          ],
          [
            0.0,
            0.0,
            0.0,
            1.0
          ]
        ],
        "rotation_mode": "QUATERNION"
      },
      "armature_space": {
        "head": {
          "x": 0.591494619846344,
          "y": -0.46715062856674194,
          "z": 0.6193442344665527
        },
        "tail": {
          "x": 0.5825552344322205,
          "y": -0.4699755609035492,
          "z": 0.5916702747344971
        }
      },
      "world_space": {
        "head": {
          "x": 0.591494619846344,
          "y": -0.4039066433906555,
          "z": 1.5691982507705688
        },
        "tail": {
          "x": 0.5825552344322205,
          "y": -0.4067315459251404,
          "z": 1.5415242910385132
        },
        "rotation_quaternion": {
          "w": 0.6535035371780396,
          "x": -0.632082462310791,
          "y": -0.1568196564912796,
          "z": 0.3857622444629669
        },
        "matrix": [
          [
            0.6531884074211121,
            -0.30594801902770996,
            -0.6926332116127014,
            0.591494619846344
          ],
          [
            0.7024415135383606,
            -0.09668278694152832,
            0.7051443457603455,
            -0.4039066433906555
          ],
          [
            -0.2827046811580658,
            -0.9471331834793091,
            0.15176033973693848,
            1.5691982507705688
          ],
          [
            0.0,
            0.0,
            0.0,
            1.0
          ]
        ]
      },
      "bone_length_armature_space": 0.0292188447493679,
      "parent": "index_02_l",
      "has_children": false,
      "is_end_bone": true
    },
    "metacarpal_pinky_l": {
      "name": "metacarpal_pinky_l",
      "local": {
        "location": {
          "x": 0.0,
          "y": 0.0,
          "z": 0.0
        },
        "rotation_quaternion": {
          "w": 0.9997328519821167,
          "x": 0.0042778798379004,
          "y": 0.016945933923125267,
          "z": 0.015126403421163559
        },
        "scale": {
          "x": 1.0,
          "y": 1.0,
          "z": 1.0
        },
        "matrix_basis": [
          [
            0.9989680647850037,
            -0.030099740251898766,
            0.03401223197579384,
            0.0
          ],
          [
            0.030389709398150444,
            0.9995057582855225,
            -0.008040811866521835,
            0.0
          ],
          [
            -0.033753395080566406,
            0.009066135622560978,
            0.9993890523910522,
            0.0
          ],
          [
            0.0,
            0.0,
            0.0,
            1.0
          ]
        ],
        "rotation_mode": "QUATERNION"
      },
      "armature_space": {
        "head": {
          "x": 0.518592894077301,
          "y": -0.3287929892539978,
          "z": 0.637706458568573
        },
        "tail": {
          "x": 0.6074334383010864,
          "y": -0.3721427023410797,
          "z": 0.6704384088516235
        }
      },
      "world_space": {
        "head": {
          "x": 0.518592894077301,
          "y": -0.2655490040779114,
          "z": 1.5875604152679443
        },
        "tail": {
          "x": 0.6074334383010864,
          "y": -0.3088986873626709,
          "z": 1.6202924251556396
        },
        "rotation_quaternion": {
          "w": 0.5401988625526428,
          "x": 0.28237828612327576,
          "y": -0.005836748518049717,
          "z": -0.7927254438400269
        },
        "matrix": [
          [
            -0.2568942606449127,
            0.8531635403633118,
            -0.4540013372898102,
            0.518592894077301
          ],
          [
            -0.8597553372383118,
            -0.41630077362060547,
            -0.29582855105400085,
            -0.2655490040779114
          ],
          [
            -0.4413950741291046,
            0.31433504819869995,
            0.8404629230499268,
            1.5875604152679443
          ],
          [
            0.0,
            0.0,
            0.0,
            1.0
          ]
        ]
      },
      "bone_length_armature_space": 0.10413078507191163,
      "parent": "lowerarm_l",
      "has_children": true,
      "is_end_bone": false
    },
    "pinky_01_l": {
      "name": "pinky_01_l",
      "local": {
        "location": {
          "x": 0.0,
          "y": 0.0,
          "z": 0.0
        },
        "rotation_quaternion": {
          "w": 0.9538043737411499,
          "x": 0.3001384735107422,
          "y": 0.0018239020137116313,
          "z": 0.01306904572993517
        },
        "scale": {
          "x": 1.0,
          "y": 1.0,
          "z": 1.0
        },
        "matrix_basis": [
          [
            0.9996517300605774,
            -0.02383578009903431,
            0.011324338614940643,
            0.0
          ],
          [
            0.026025472208857536,
            0.8194922208786011,
            -0.5724990963935852,
            0.0
          ],
          [
            0.004365755245089531,
            0.5725944638252258,
            0.819827139377594,
            0.0
          ],
          [
            0.0,
            0.0,
            0.0,
            1.0
          ]
        ],
        "rotation_mode": "QUATERNION"
      },
      "armature_space": {
        "head": {
          "x": 0.6074334383010864,
          "y": -0.3721427023410797,
          "z": 0.6704384088516235
        },
        "tail": {
          "x": 0.6248500347137451,
