{
  "metadata": {
    "armature_name": "KIM_caucasian_male",
    "export_time": "2026-01-13T21:04:24.914248",
    "blender_version": "4.4.1",
    "bone_count": 56,
    "end_bone_count": 13,
    "spaces_included": [
      "LOCAL_CHANNELS",
      "ARMATURE_SPACE",
      "WORLD_SPACE"
    ],
    "note": "LOCAL matches Transform panel; replay pose via local.matrix_basis for best fidelity."
  },
  "bones": {
    "Root": {
      "name": "Root",
      "local": {
        "location": {
          "x": 0.0,
          "y": 0.0,
          "z": 0.0
        },
        "rotation_quaternion": {
          "w": 0.9997974634170532,
          "x": 0.01224125362932682,
          "y": 0.006227030418813229,
          "z": 0.014713750220835209
        },
        "scale": {
          "x": 1.0,
          "y": 1.0,
          "z": 1.0
        },
        "matrix_basis": [
          [
            0.9994894862174988,
            -0.029269086197018623,
            0.012811767868697643,
            0.0
          ],
          [
            0.029573993757367134,
            0.9992673397064209,
            -0.024294301867485046,
            0.0
          ],
          [
            -0.012091308832168579,
            0.02466079406440258,
            0.9996227622032166,
            0.0
          ],
          [
            0.0,
            0.0,
            0.0,
            1.0
          ]
        ],
        "rotation_mode": "QUATERNION"
      },
      "armature_space": {
        "head": {
          "x": 0.0,
          "y": 0.07072800397872925,
          "z": -0.009595036506652832
        },
        "tail": {
          "x": -0.0020891064777970314,
          "y": -0.00018480420112609863,
          "z": -0.0017512515187263489
        }
      },
      "world_space": {
        "head": {
          "x": 0.0,
          "y": 0.13397200405597687,
          "z": 0.9402589797973633
        },
        "tail": {
          "x": -0.0020891064777970314,
          "y": 0.06305919587612152,
          "z": 0.9481027722358704
        },
        "rotation_quaternion": {
          "w": 0.05514056235551834,
          "x": 0.9983507990837097,
          "y": -0.014260821044445038,
          "z": 0.007204117253422737
        },
        "matrix": [
          [
            0.9994894862174988,
            -0.029269086197018623,
            0.012811767868697643,
            0.0
          ],
          [
            -0.02768012322485447,
            -0.9935123324394226,
            -0.11030519753694534,
            0.13397200405597687
          ],
          [
            0.015957266092300415,
            0.10989406704902649,
            -0.9938222169876099,
            0.9402589797973633
          ],
          [
            0.0,
            0.0,
            0.0,
            1.0
          ]
        ]
      },
      "bone_length_armature_space": 0.07137587651419221,
      "parent": null,
      "has_children": true,
      "is_end_bone": false
    },
    "spine_01": {
      "name": "spine_01",
      "local": {
        "location": {
          "x": 0.0,
          "y": 0.0,
          "z": 0.0
        },
        "rotation_quaternion": {
          "w": 0.9925764799118042,
          "x": 0.0930381566286087,
          "y": 0.058713726699352264,
          "z": -0.05185270681977272
        },
        "scale": {
          "x": 1.0,
          "y": 1.0,
          "z": 1.0
        },
        "matrix_basis": [
          [
            0.9877279996871948,
            0.11386078596115112,
            0.10690716654062271,
            0.0
          ],
          [
            -0.09201031923294067,
            0.9773104190826416,
            -0.19078390300273895,
            0.0
          ],
          [
            -0.12620428204536438,
            0.1786060333251953,
            0.975793182849884,
            0.0
          ],
          [
            0.0,
            0.0,
            0.0,
            1.0
          ]
        ],
        "rotation_mode": "QUATERNION"
      },
      "armature_space": {
        "head": {
          "x": -0.0020891064777970314,
          "y": -0.00018480420112609863,
          "z": -0.0017512515187263489
        },
        "tail": {
          "x": 0.04368916526436806,
          "y": -0.07810631394386292,
          "z": 0.4778120517730713
        }
      },
      "world_space": {
        "head": {
          "x": -0.0020891064777970314,
          "y": 0.06305919587612152,
          "z": 0.9481027722358704
        },
        "tail": {
          "x": 0.04368916526436806,
          "y": -0.014862313866615295,
          "z": 1.4276660680770874
        },
        "rotation_quaternion": {
          "w": 0.6451742053031921,
          "x": 0.7614699006080627,
          "y": 0.062550850212574,
          "z": 0.0011264935601502657
        },
        "matrix": [
          [
            0.9921722412109375,
            0.09380769729614258,
            0.08242852240800858,
            -0.0020891064777970314
          ],
          [
            0.09671527147293091,
            -0.15967482328414917,
            -0.9824206233024597,
            0.06305919587612152
          ],
          [
            -0.07899732887744904,
            0.9827092289924622,
            -0.1674996316432953,
            0.9481027722358704
          ],
          [
            0.0,
            0.0,
            0.0,
            1.0
          ]
        ]
      },
      "bone_length_armature_space": 0.4880044798846764,
      "parent": "Root",
      "has_children": true,
      "is_end_bone": false
    },
    "neck_01": {
      "name": "neck_01",
      "local": {
        "location": {
          "x": 0.0,
          "y": 0.0,
          "z": 0.0
        },
        "rotation_quaternion": {
          "w": 0.9980496168136597,
          "x": 0.05379643663764,
          "y": 0.008078424260020256,
          "z": -0.03062422014772892
        },
        "scale": {
          "x": 1.0,
          "y": 1.0,
          "z": 1.0
        },
        "matrix_basis": [
          [
            0.9979937672615051,
            0.0619981624186039,
            0.012830388732254505,
            0.0
          ],
          [
            -0.060259800404310226,
            0.9923362135887146,
            -0.10787781327962875,
            0.0
          ],
          [
            -0.019420284777879715,
            0.10688823461532593,
            0.9940813779830933,
            0.0
          ],
          [
            0.0,
            0.0,
            0.0,
            1.0
          ]
        ],
        "rotation_mode": "QUATERNION"
      },
      "armature_space": {
        "head": {
          "x": 0.05341627821326256,
          "y": -0.12386824190616608,
          "z": 0.5439555644989014
        },
        "tail": {
          "x": 0.07216306775808334,
          "y": -0.18555529415607452,
          "z": 0.6236673593521118
        }
      },
      "world_space": {
        "head": {
          "x": 0.05341627821326256,
          "y": -0.06062424182891846,
          "z": 1.4938095808029175
        },
        "tail": {
          "x": 0.07216306775808334,
          "y": -0.1223112940788269,
          "z": 1.573521375656128
        },
        "rotation_quaternion": {
          "w": 0.4368780553340912,
          "x": 0.8946102261543274,
          "y": 0.09103596210479736,
          "z": -0.022859761491417885
        },
        "matrix": [
          [
            0.9823797941207886,
            0.1828574240207672,
            0.03864271193742752,
            0.05341627821326256
          ],
          [
            0.14291009306907654,
            -0.6016996502876282,
            -0.7858336567878723,
            -0.06062424182891846
          ],
          [
            -0.12044490873813629,
            0.7775142788887024,
            -0.6172348260879517,
            1.4938095808029175
          ],
          [
            0.0,
            0.0,
            0.0,
            1.0
          ]
        ]
      },
      "bone_length_armature_space": 0.10252172729437936,
      "parent": "spine_01",
      "has_children": true,
      "is_end_bone": false
    },
    "head": {
      "name": "head",
      "local": {
        "location": {
          "x": 0.0,
          "y": 0.0,
          "z": 0.0
        },
        "rotation_quaternion": {
          "w": 0.9775781035423279,
          "x": 0.08670913428068161,
          "y": -0.11428345739841461,
          "z": -0.15414944291114807
        },
        "scale": {
          "x": 1.0,
          "y": 1.0,
          "z": 1.0
        },
        "matrix_basis": [
          [
            0.9263544678688049,
            0.28156739473342896,
            -0.250174343585968,
            0.0
          ],
          [
            -0.3212050795555115,
            0.93743896484375,
            -0.13429643213748932,
            0.0
          ],
          [
            0.19670967757701874,
            0.20476336777210236,
            0.9588416218757629,
            0.0
          ],
          [
            0.0,
            0.0,
            0.0,
            1.0
          ]
        ],
        "rotation_mode": "QUATERNION"
      },
      "armature_space": {
        "head": {
          "x": 0.07216306030750275,
          "y": -0.1855553686618805,
          "z": 0.6236671805381775
        },
        "tail": {
          "x": 0.14089518785476685,
          "y": -0.24991141259670258,
          "z": 0.7469042539596558
        }
      },
      "world_space": {
        "head": {
          "x": 0.07216306030750275,
          "y": -0.12231136858463287,
          "z": 1.5735211372375488
        },
        "tail": {
          "x": 0.14089518785476685,
          "y": -0.18666741251945496,
          "z": 1.6967582702636719
        },
        "rotation_quaternion": {
          "w": 0.5210083723068237,
          "x": 0.8175988793373108,
          "y": 0.14515835046768188,
          "z": -0.19751332700252533
        },
        "matrix": [
          [
            0.8798353672027588,
            0.4431750774383545,
            -0.17171430587768555,
            0.07216306030750275
          ],
          [
            0.03155222535133362,
            -0.41495877504348755,
            -0.9092931747436523,
            -0.12231136858463287
          ],
          [
            -0.4742336571216583,
            0.7946154475212097,
            -0.3790820837020874,
            1.5735211372375488
          ],
          [
            0.0,
            0.0,
            0.0,
            1.0
          ]
        ]
      },
      "bone_length_armature_space": 0.15509088299205667,
      "parent": "neck_01",
      "has_children": false,
      "is_end_bone": true
    },
    "upperarm_l": {
      "name": "upperarm_l",
      "local": {
        "location": {
          "x": 0.0,
          "y": 0.0,
          "z": 0.0
        },
        "rotation_quaternion": {
          "w": -0.6616359949111938,
          "x": 0.4991050362586975,
          "y": 0.11043800413608551,
          "z": 0.5485759377479553
        },
        "scale": {
          "x": 1.0,
          "y": 1.0,
          "z": 1.0
        },
        "matrix_basis": [
          [
            0.37373578548431396,
            0.8361554741859436,
            0.40145450830459595,
            0.0
          ],
          [
            -0.6156748533248901,
            -0.10008279234170914,
            0.7816189527511597,
            0.0
          ],
          [
            0.6937335729598999,
            -0.5392844676971436,
            0.4773952066898346,
            0.0
          ],
          [
            0.0,
            0.0,
            0.0,
            1.0
          ]
        ],
        "rotation_mode": "QUATERNION"
      },
      "armature_space": {
        "head": {
          "x": 0.1962003856897354,
          "y": -0.10176262259483337,
          "z": 0.4655260741710663
        },
        "tail": {
          "x": 0.12612709403038025,
          "y": 0.07575930655002594,
          "z": 0.2774202823638916
        }
      },
      "world_space": {
        "head": {
          "x": 0.1962003856897354,
          "y": -0.038518622517585754,
          "z": 1.4153801202774048
        },
        "tail": {
          "x": 0.12612709403038025,
          "y": 0.13900330662727356,
          "z": 1.2272742986679077
        },
        "rotation_quaternion": {
          "w": 0.36571118235588074,
          "x": -0.2857832908630371,
          "y": 0.8351591229438782,
          "z": -0.2951144278049469
        },
        "matrix": [
          [
            -0.5691664218902588,
            -0.2614973187446594,
            0.7795313596725464,
            0.1962003856897354
          ],
          [
            -0.6932030916213989,
            0.662470817565918,
            -0.28390586376190186,
            -0.038518622517585754
          ],
          [
            -0.4421796202659607,
            -0.7019673585891724,
            -0.558330774307251,
            1.4153801202774048
          ],
          [
            0.0,
            0.0,
            0.0,
            1.0
          ]
        ]
      },
      "bone_length_armature_space": 0.2679703163290262,
      "parent": "spine_01",
      "has_children": true,
      "is_end_bone": false
    },
    "lowerarm_l": {
      "name": "lowerarm_l",
      "local": {
        "location": {
          "x": 0.0,
          "y": 0.0,
          "z": 0.0
        },
        "rotation_quaternion": {
          "w": 0.9376566410064697,
          "x": 0.345941424369812,
          "y": -0.004178088158369064,
          "z": 0.03327590227127075
        },
        "scale": {
          "x": 1.0,
          "y": 1.0,
          "z": 1.0
        },
        "matrix_basis": [
          [
            0.9977505207061768,
            -0.06529349088668823,
            0.015187801793217659,
            0.0
          ],
          [
            0.05951199308037758,
            0.7584344744682312,
            -0.64902663230896,
            0.0
          ],
          [
            0.030858250334858894,
            0.6484704613685608,
            0.7606141567230225,
            0.0
          ],
          [
            0.0,
            0.0,
            0.0,
            1.0
          ]
        ],
        "rotation_mode": "QUATERNION"
      },
      "armature_space": {
        "head": {
          "x": 0.1261271834373474,
          "y": 0.07575944066047668,
          "z": 0.2774202525615692
        },
        "tail": {
          "x": 0.2601609528064728,
          "y": 0.17802004516124725,
          "z": 0.06970009207725525
        }
      },
      "world_space": {
        "head": {
          "x": 0.1261271834373474,
          "y": 0.1390034407377243,
          "z": 1.2272742986679077
        },
        "tail": {
          "x": 0.2601609528064728,
          "y": 0.24126404523849487,
          "z": 1.0195541381835938
        },
        "rotation_quaternion": {
          "w": 0.5238412022590637,
          "x": -0.06027369573712349,
          "y": 0.6455338597297668,
          "z": -0.5524886250495911
        },
        "matrix": [
          [
            -0.4439115524291992,
            0.5010149478912354,
            0.7429180145263672,
            0.1261271834373474
          ],
          [
            -0.6566529870033264,
            0.382247656583786,
            -0.6501493453979492,
            0.1390034407377243
          ],
          [
            -0.6097177267074585,
            -0.776452898979187,
            0.15930920839309692,
            1.2272742986679077
          ],
          [
            0.0,
            0.0,
            0.0,
            1.0
          ]
        ]
      },
      "bone_length_armature_space": 0.26752559988632174,
      "parent": "upperarm_l",
      "has_children": true,
      "is_end_bone": false
    },
    "metacarpal_thumb_l": {
      "name": "metacarpal_thumb_l",
      "local": {
        "location": {
          "x": 0.0,
          "y": 0.0,
          "z": 0.0
        },
        "rotation_quaternion": {
          "w": 0.998724102973938,
          "x": -0.05047599971294403,
          "y": -0.0007160240784287453,
          "z": -0.0013551702722907066
        },
        "scale": {
          "x": 1.0,
          "y": 1.0,
          "z": 1.0
        },
        "matrix_basis": [
          [
            0.9999952912330627,
            0.0027791664469987154,
            -0.001293413806706667,
            0.0
          ],
          [
            -0.002634598407894373,
            0.9949007034301758,
            0.10082513839006424,
            0.0
          ],
          [
            0.0015670281136408448,
            -0.10082125663757324,
            0.9949033260345459,
            0.0
          ],
          [
            0.0,
            0.0,
            0.0,
            1.0
          ]
        ],
        "rotation_mode": "QUATERNION"
      },
      "armature_space": {
        "head": {
          "x": 0.2601609528064728,
          "y": 0.17802004516124725,
          "z": 0.06970009207725525
        },
        "tail": {
          "x": 0.2999459207057953,
          "y": 0.1716243475675583,
          "z": 0.04089300334453583
        }
      },
      "world_space": {
        "head": {
          "x": 0.2601609528064728,
          "y": 0.24126404523849487,
          "z": 1.0195541381835938
        },
        "tail": {
          "x": 0.2999459207057953,
          "y": 0.2348683476448059,
          "z": 0.9907470345497131
        },
        "rotation_quaternion": {
          "w": 0.05158764123916626,
          "x": 0.5722761154174805,
          "y": 0.6578608155250549,
          "z": -0.48688608407974243
        },
        "matrix": [
          [
            -0.33967477083206177,
            0.8031904101371765,
            -0.48939424753189087,
            0.2601609528064728
          ],
          [
            0.7027236819267273,
            -0.12911829352378845,
            -0.6996488571166992,
            0.24126404523849487
          ],
          [
            -0.6251444220542908,
            -0.5815658569335938,
            -0.5205667018890381,
            1.0195541381835938
          ],
          [
            0.0,
            0.0,
            0.0,
            1.0
          ]
        ]
      },
      "bone_length_armature_space": 0.049533796622540455,
      "parent": "lowerarm_l",
      "has_children": true,
      "is_end_bone": false
    },
    "thumb_01_l": {
      "name": "thumb_01_l",
      "local": {
        "location": {
          "x": 0.0,
          "y": 0.0,
          "z": 0.0
        },
        "rotation_quaternion": {
          "w": 0.999897837638855,
          "x": 0.014223595149815083,
          "y": 0.00019077587057836354,
          "z": -0.0014423124957829714
        },
        "scale": {
          "x": 1.0,
          "y": 1.0,
          "z": 1.0
        },
        "matrix_basis": [
          [
            0.999995768070221,
            0.002889757277444005,
            0.0003404830349609256,
            0.0
          ],
          [
            -0.002878903178498149,
            0.9995912313461304,
            -0.028444834053516388,
            0.0
          ],
          [
            -0.00042254250729456544,
            0.028443733230233192,
            0.9995952844619751,
            0.0
          ],
          [
            0.0,
            0.0,
            0.0,
            1.0
          ]
        ],
        "rotation_mode": "QUATERNION"
      },
      "armature_space": {
        "head": {
          "x": 0.2999459207057953,
          "y": 0.1716243475675583,
          "z": 0.04089300334453583
        },
        "tail": {
          "x": 0.3068292438983917,
          "y": 0.14882376790046692,
          "z": 0.016574539244174957
        }
      },
      "world_space": {
        "head": {
          "x": 0.2999459207057953,
          "y": 0.2348683476448059,
          "z": 0.9907470345497131
        },
        "tail": {
          "x": 0.3068292438983917,
          "y": 0.21206776797771454,
          "z": 0.9664285778999329
        },
        "rotation_quaternion": {
          "w": 0.3746682107448578,
          "x": -0.9070213437080383,
          "y": -0.15716645121574402,
          "z": 0.11061172187328339
        },
        "matrix": [
          [
            0.9261274337768555,
            0.20222151279449463,
            -0.31842535734176636,
            0.2999459207057953
          ],
          [
            0.3679925501346588,
            -0.6698454022407532,
            0.6448948383331299,
            0.2348683476448059
          ],
          [
            -0.08288434892892838,
            -0.7144383192062378,
            -0.6947822570800781,
            0.9907470345497131
          ],
          [
            0.0,
            0.0,
            0.0,
            1.0
          ]
        ]
      },
      "bone_length_armature_space": 0.034038716683124026,
      "parent": "metacarpal_thumb_l",
      "has_children": true,
      "is_end_bone": false
    },
    "thumb_02_l": {
      "name": "thumb_02_l",
      "local": {
        "location": {
          "x": 0.0,
          "y": 0.0,
          "z": 0.0
        },
        "rotation_quaternion": {
          "w": 0.9914242625236511,
          "x": 0.13014337420463562,
          "y": -0.009068986400961876,
          "z": -0.0076402463018894196
        },
        "scale": {
          "x": 1.0,
          "y": 1.0,
          "z": 1.0
        },
        "matrix_basis": [
          [
            0.9997187852859497,
            0.012788914144039154,
            -0.019971081987023354,
            0.0
          ],
          [
            -0.017509987577795982,
            0.9660086631774902,
            -0.25791603326797485,
            0.0
          ],
          [
            0.015993772074580193,
            0.25819316506385803,
            0.9659609198570251,
            0.0
          ],
          [
            0.0,
            0.0,
            0.0,
            1.0
          ]
        ],
        "rotation_mode": "QUATERNION"
      },
      "armature_space": {
        "head": {
          "x": 0.30682921409606934,
          "y": 0.14882373809814453,
          "z": 0.016574587672948837
        },
        "tail": {
          "x": 0.3257543444633484,
          "y": 0.16998226940631866,
          "z": -0.011839253827929497
        }
      },
      "world_space": {
        "head": {
          "x": 0.30682921409606934,
          "y": 0.21206773817539215,
          "z": 0.9664285778999329
        },
        "tail": {
          "x": 0.3257543444633484,
          "y": 0.23322626948356628,
          "z": 0.9380147457122803
        },
        "rotation_quaternion": {
          "w": 0.8489684462547302,
          "x": -0.4571008086204529,
          "y": -0.20652252435684204,
          "z": -0.1663123071193695
        },
        "matrix": [
          [
            0.8593777418136597,
            0.4711913466453552,
            -0.19861790537834167,
            0.30682921409606934
          ],
          [
            -0.09358611702919006,
            0.5267981290817261,
            0.8448231220245361,
            0.21206773817539215
          ],
          [
            0.5027081370353699,
            -0.7074384093284607,
            0.49681952595710754,
            0.9664285778999329
          ],
          [
            0.0,
            0.0,
            0.0,
            1.0
          ]
        ]
      },
      "bone_length_armature_space": 0.04016454118393948,
      "parent": "thumb_01_l",
      "has_children": true,
      "is_end_bone": false
    },
    "thumb_03_l": {
      "name": "thumb_03_l",
      "local": {
        "location": {
          "x": 0.0,
          "y": 0.0,
          "z": 0.0
        },
        "rotation_quaternion": {
          "w": 0.9980802536010742,
          "x": 0.06112106144428253,
          "y": -0.00834343396127224,
          "z": 0.005512894131243229
        },
        "scale": {
          "x": 1.0,
          "y": 1.0,
          "z": 1.0
        },
        "matrix_basis": [
          [
            0.9997999668121338,
            -0.012024540454149246,
            -0.015980925410985947,
            0.0
          ],
          [
            0.009984702803194523,
            0.9924676418304443,
            -0.12209944427013397,
            0.0
          ],
          [
            0.017328741028904915,
            0.12191545963287354,
            0.9923892021179199,
            0.0
          ],
          [
            0.0,
            0.0,
            0.0,
            1.0
          ]
        ],
        "rotation_mode": "QUATERNION"
      },
      "armature_space": {
        "head": {
          "x": 0.3257543444633484,
          "y": 0.1699821799993515,
          "z": -0.011839225888252258
        },
        "tail": {
          "x": 0.33333709836006165,
          "y": 0.19486120343208313,
          "z": -0.027664203196763992
        }
      },
      "world_space": {
        "head": {
          "x": 0.3257543444633484,
          "y": 0.23322618007659912,
          "z": 0.938014805316925
        },
        "tail": {
          "x": 0.33333709836006165,
          "y": 0.25810521841049194,
          "z": 0.9221898317337036
        },
        "rotation_quaternion": {
          "w": 0.9527958035469055,
          "x": -0.27634504437446594,
          "y": -0.027775414288043976,
          "z": -0.1226462796330452
        },
        "matrix": [
          [
            0.9683731198310852,
            0.24906502664089203,
            0.014857251197099686,
            0.3257543444633484
          ],
          [
            -0.218362957239151,
            0.8171825408935547,
            0.5334144830703735,
            0.23322618007659912
          ],
          [
            0.12071441859006882,
            -0.5197910070419312,
            0.845730185508728,
            0.938014805316925
          ],
          [
            0.0,
            0.0,
            0.0,
            1.0
          ]
        ]
      },
      "bone_length_armature_space": 0.03044493212389546,
      "parent": "thumb_02_l",
      "has_children": false,
      "is_end_bone": true
    },
    "metacarpal_index_l": {
      "name": "metacarpal_index_l",
      "local": {
        "location": {
          "x": 0.0,
          "y": 0.0,
          "z": 0.0
        },
        "rotation_quaternion": {
          "w": 0.9998383522033691,
          "x": 0.0005991245270706713,
          "y": 0.0016107429983094335,
          "z": -0.01790029928088188
        },
        "scale": {
          "x": 1.0,
          "y": 1.0,
          "z": 1.0
        },
        "matrix_basis": [
          [
            0.9993539452552795,
            0.035796742886304855,
            0.0031995163299143314,
            0.0
          ],
          [
            -0.03579287976026535,
            0.9993584156036377,
            -0.0012557209702208638,
            0.0
          ],
          [
            -0.0032424142118543386,
            0.0011403898242861032,
            0.9999940991401672,
            0.0
          ],
          [
            0.0,
            0.0,
            0.0,
            1.0
          ]
        ],
        "rotation_mode": "QUATERNION"
      },
      "armature_space": {
        "head": {
          "x": 0.2601609528064728,
          "y": 0.17802004516124725,
          "z": 0.06970009207725525
        },
        "tail": {
          "x": 0.3368026316165924,
          "y": 0.19421713054180145,
          "z": -0.017437905073165894
        }
      },
      "world_space": {
        "head": {
          "x": 0.2601609528064728,
          "y": 0.24126404523849487,
          "z": 1.0195541381835938
        },
        "tail": {
          "x": 0.3368026316165924,
          "y": 0.2574611306190491,
          "z": 0.9324160814285278
        },
        "rotation_quaternion": {
          "w": 0.19063562154769897,
          "x": 0.29489874839782715,
          "y": 0.7299143671989441,
          "z": -0.5864450335502625
        },
        "matrix": [
          [
            -0.7533852458000183,
            0.6540970802307129,
            -0.06759052723646164,
            0.2601609528064728
          ],
          [
            0.20690985023975372,
            0.13823376595973969,
            -0.9685454964637756,
            0.24126404523849487
          ],
          [
            -0.6241832375526428,
            -0.7436776161193848,
            -0.23948486149311066,
            1.0195541381835938
          ],
          [
            0.0,
            0.0,
            0.0,
            1.0
          ]
        ]
      },
      "bone_length_armature_space": 0.11717219414196517,
      "parent": "lowerarm_l",
      "has_children": true,
      "is_end_bone": false
    },
    "index_01_l": {
      "name": "index_01_l",
      "local": {
        "location": {
          "x": 0.0,
          "y": 0.0,
          "z": 0.0
        },
        "rotation_quaternion": {
          "w": 0.9998972415924072,
          "x": -0.012408033013343811,
          "y": -0.006880735978484154,
          "z": 0.0020531127229332924
        },
        "scale": {
          "x": 1.0,
          "y": 1.0,
          "z": 1.0
        },
        "matrix_basis": [
          [
            0.9998968839645386,
            -0.003935050684958696,
            -0.01381100807338953,
            0.0
          ],
          [
            0.004276556428521872,
            0.999683678150177,
            0.02478526160120964,
            0.0
          ],
          [
            0.013709107413887978,
            -0.02484177052974701,
            0.9995973706245422,
            0.0
          ],
          [
            0.0,
            0.0,
            0.0,
            1.0
          ]
        ],
        "rotation_mode": "QUATERNION"
      },
      "armature_space": {
        "head": {
          "x": 0.3368026316165924,
          "y": 0.19421713054180145,
          "z": -0.017437905073165894
        },
        "tail": {
          "x": 0.34712761640548706,
          "y": 0.20422640442848206,
          "z": -0.042060792446136475
        }
      },
      "world_space": {
        "head": {
          "x": 0.3368026316165924,
          "y": 0.2574611306190491,
          "z": 0.9324160814285278
        },
        "tail": {
          "x": 0.34712761640548706,
          "y": 0.26747041940689087,
          "z": 0.9077932238578796
        },
        "rotation_quaternion": {
          "w": 0.09918521344661713,
          "x": 0.15527670085430145,
          "y": 0.8158892393112183,
          "z": -0.5480659604072571
        },
        "matrix": [
          [
            -0.9321030974388123,
            0.36209774017333984,
            -0.008356988430023193,
            0.3368026316165924
          ],
          [
            0.1446586549282074,
            0.35102543234825134,
            -0.9251246452331543,
            0.2574611306190491
          ],
          [
            -0.3320539593696594,
            -0.8635256290435791,
            -0.3795757293701172,
            0.9324160814285278
          ],
          [
            0.0,
            0.0,
            0.0,
            1.0
          ]
        ]
      },
      "bone_length_armature_space": 0.02851451286688983,
      "parent": "metacarpal_index_l",
      "has_children": true,
      "is_end_bone": false
    },
    "index_02_l": {
      "name": "index_02_l",
      "local": {
        "location": {
          "x": 0.0,
          "y": 0.0,
          "z": 0.0
        },
        "rotation_quaternion": {
          "w": 0.9800311326980591,
          "x": 0.19881434738636017,
          "y": 0.003418105887249112,
          "z": 0.00044423434883356094
        },
        "scale": {
          "x": 1.0,
          "y": 1.0,
          "z": 1.0
        },
        "matrix_basis": [
          [
            0.9999762177467346,
            0.0004884100053459406,
            0.006876340601593256,
            0.0
          ],
          [
            0.0022298640105873346,
            0.9209452867507935,
            -0.3896854519844055,
            0.0
          ],
          [
            -0.006523060146719217,
            0.3896915316581726,
            0.9209223389625549,
            0.0
          ],
          [
            0.0,
            0.0,
            0.0,
            1.0
          ]
        ],
        "rotation_mode": "QUATERNION"
      },
      "armature_space": {
        "head": {
          "x": 0.3471279740333557,
          "y": 0.20422619581222534,
          "z": -0.04206116497516632
        },
        "tail": {
          "x": 0.3556368947029114,
          "y": 0.20418454706668854,
          "z": -0.06626228988170624
        }
      },
      "world_space": {
        "head": {
          "x": 0.3471279740333557,
          "y": 0.26747018098831177,
          "z": 0.907792866230011
        },
        "tail": {
          "x": 0.3556368947029114,
          "y": 0.26742854714393616,
          "z": 0.8835917115211487
        },
        "rotation_quaternion": {
          "w": 0.09087716788053513,
          "x": 0.14690916240215302,
          "y": 0.700663685798645,
          "z": -0.6922640204429626
        },
        "matrix": [
          [
            -0.94031822681427,
            0.33169007301330566,
            -0.07605311274528503,
            0.3471279740333557
          ],
          [
            0.08004780858755112,
            -0.001623690128326416,
            -0.9967899918556213,
            0.26747018098831177
          ],
          [
            -0.33075082302093506,
            -0.9433935880661011,
            -0.02502542734146118,
            0.907792866230011
          ],
          [
            0.0,
            0.0,
            0.0,
            1.0
          ]
        ]
      },
      "bone_length_armature_space": 0.025653419123063265,
      "parent": "index_01_l",
      "has_children": true,
      "is_end_bone": false
    },
    "index_03_l": {
      "name": "index_03_l",
      "local": {
        "location": {
          "x": 0.0,
          "y": 0.0,
          "z": 0.0
        },
        "rotation_quaternion": {
          "w": 0.9700249433517456,
          "x": 0.2428727149963379,
          "y": -0.005937561392784119,
          "z": -0.005407115910202265
        },
        "scale": {
          "x": 1.0,
          "y": 1.0,
          "z": 1.0
        },
        "matrix_basis": [
          [
            0.999871015548706,
            0.007605931255966425,
            -0.014145647175610065,
            0.0
          ],
          [
            -0.01337421778589487,
            0.8819671869277954,
            -0.4711209833621979,
            0.0
          ],
          [
            0.008892683312296867,
            0.47124940156936646,
            0.8819552063941956,
            0.0
          ],
          [
            0.0,
            0.0,
            0.0,
            1.0
          ]
        ],
        "rotation_mode": "QUATERNION"
      },
      "armature_space": {
        "head": {
          "x": 0.35563692450523376,
          "y": 0.20418469607830048,
          "z": -0.06626227498054504
        },
        "tail": {
          "x": 0.3591926395893097,
          "y": 0.18854600191116333,
          "z": -0.09068621695041656
        }
      },
      "world_space": {
        "head": {
          "x": 0.35563692450523376,
          "y": 0.2674286961555481,
          "z": 0.8835917711257935
        },
        "tail": {
          "x": 0.3591926395893097,
          "y": 0.25178998708724976,
          "z": 0.8591678142547607
        },
        "rotation_quaternion": {
          "w": 0.007273227907717228,
          "x": -0.13928797841072083,
          "y": -0.48200923204421997,
          "z": 0.864993155002594
        },
        "matrix": [
          [
            -0.961092472076416,
            0.12169353663921356,
            -0.24797725677490234,
            0.35563692450523376
          ],
          [
            0.14685814082622528,
            -0.5352291464805603,
            -0.8318431377410889,
            0.2674286961555481
          ],
          [
            -0.23395587503910065,
            -0.8359014391899109,
            0.4965353012084961,
            0.8835917711257935
          ],
          [
            0.0,
            0.0,
            0.0,
            1.0
          ]
        ]
      },
      "bone_length_armature_space": 0.029218842944002395,
      "parent": "index_02_l",
      "has_children": false,
      "is_end_bone": true
    },
    "metacarpal_pinky_l": {
      "name": "metacarpal_pinky_l",
      "local": {
        "location": {
          "x": 0.0,
          "y": 0.0,
          "z": 0.0
        },
        "rotation_quaternion": {
          "w": 0.9997671246528625,
          "x": -0.016828589141368866,
          "y": -0.01329791359603405,
          "z": 0.0023766637314110994
        },
        "scale": {
          "x": 1.0,
          "y": 1.0,
          "z": 1.0
        },
        "matrix_basis": [
          [
            0.9996350407600403,
            -0.004304650239646435,
            -0.02666962519288063,
            0.0
          ],
          [
            0.005199790932238102,
            0.9994223117828369,
            0.033586129546165466,
            0.0
          ],
          [
            0.026509642601013184,
            -0.03371255099773407,
            0.9990799427032471,
            0.0
          ],
          [
            0.0,
            0.0,
            0.0,
            1.0
          ]
        ],
        "rotation_mode": "QUATERNION"
      },
      "armature_space": {
        "head": {
          "x": 0.2601609528064728,
          "y": 0.17802004516124725,
          "z": 0.06970009207725525
        },
        "tail": {
          "x": 0.283478707075119,
          "y": 0.234645277261734,
          "z": -0.014520898461341858
        }
      },
      "world_space": {
        "head": {
          "x": 0.2601609528064728,
          "y": 0.24126404523849487,
          "z": 1.0195541381835938
        },
        "tail": {
          "x": 0.283478707075119,
          "y": 0.2978892922401428,
          "z": 0.9353331327438354
        },
        "rotation_quaternion": {
          "w": 0.8383559584617615,
          "x": -0.40110018849372864,
          "y": 0.26278167963027954,
          "z": -0.25927549600601196
        },
        "matrix": [
          [
            0.727444052696228,
            0.22392769157886505,
            0.648600161075592,
            0.2601609528064728
          ],
          [
            -0.6455344557762146,
            0.5437897443771362,
            0.5362635254859924,
            0.24126404523849487
          ],
          [
            -0.232619971036911,
            -0.8088002800941467,
            0.5401335954666138,
            1.0195541381835938
          ],
          [
            0.0,
            0.0,
            0.0,
            1.0
          ]
        ]
      },
      "bone_length_armature_space": 0.10413121493133141,
      "parent": "lowerarm_l",
      "has_children": true,
      "is_end_bone": false
    },
    "pinky_01_l": {
      "name": "pinky_01_l",
      "local": {
        "location": {
          "x": 0.0,
          "y": 0.0,
          "z": 0.0
        },
        "rotation_quaternion": {
          "w": 0.998378336429596,
          "x": 0.05642794817686081,
          "y": 0.0031165885739028454,
          "z": -0.00685277720913291
        },
        "scale": {
          "x": 1.0,
          "y": 1.0,
          "z": 1.0
        },
        "matrix_basis": [
          [
            0.9998866319656372,
            0.014035054482519627,
            0.005449692718684673,
            0.0
          ],
          [
            -0.01333160325884819,
            0.9935378432273865,
            -0.11271559447050095,
            0.0
          ],
          [
            -0.00699644535779953,
            0.11263016611337662,
            0.9936123490333557,
            0.0
          ],
          [
            0.0,
            0.0,
            0.0,
            1.0
          ]
        ],
        "rotation_mode": "QUATERNION"
      },
      "armature_space": {
        "head": {
          "x": 0.283478707075119,
          "y": 0.234645277261734,
          "z": -0.014520898461341858
        },
