{
  "metadata": {
    "armature_name": "KIM_caucasian_male",
    "export_time": "2026-01-13T21:16:34.720140",
    "blender_version": "4.4.1",
    "bone_count": 56,
    "end_bone_count": 13,
    "spaces_included": [
      "LOCAL_CHANNELS",
      "ARMATURE_SPACE",
      "WORLD_SPACE"
    ],
    "note": "LOCAL matches Transform panel; replay pose via local.matrix_basis for best fidelity."
  },
  "bones": {
    "Root": {
      "name": "Root",
      "local": {
        "location": {
          "x": 0.0,
          "y": 0.0,
          "z": 0.0
        },
        "rotation_quaternion": {
          "w": 0.9998469352722168,
          "x": 0.008084922097623348,
          "y": -0.01241200789809227,
          "z": -0.009313403628766537
        },
        "scale": {
          "x": 1.0,
          "y": 1.0,
          "z": 1.0
        },
        "matrix_basis": [
          [
            0.9995183944702148,
            0.018423255532979965,
            -0.02497081272304058,
            0.0
          ],
          [
            -0.018824655562639236,
            0.9996957778930664,
            -0.015936173498630524,
            0.0
          ],
          [
            0.024669619277119637,
            0.016398565843701363,
            0.9995611310005188,
            0.0
          ],
          [
            0.0,
            0.0,
            0.0,
            1.0
          ]
        ],
        "rotation_mode": "QUATERNION"
      },
      "armature_space": {
        "head": {
          "x": 0.0,
          "y": 0.07072800397872925,
          "z": -0.009595036506652832
        },
        "tail": {
          "x": 0.0013149759033694863,
          "y": -0.0001358240842819214,
          "z": -0.001162765547633171
        }
      },
      "world_space": {
        "head": {
          "x": 0.0,
          "y": 0.13397200405597687,
          "z": 0.9402589797973633
        },
        "tail": {
          "x": 0.0013149759033694863,
          "y": 0.0631081759929657,
          "z": 0.9486912488937378
        },
        "rotation_quaternion": {
          "w": 0.05929078534245491,
          "x": 0.998120129108429,
          "y": 0.008456074632704258,
          "z": -0.013011234812438488
        },
        "matrix": [
          [
            0.9995183944702148,
            0.018423255532979965,
            -0.02497081272304058,
            0.0
          ],
          [
            0.01533745788037777,
            -0.9928261637687683,
            -0.11857917904853821,
            0.13397200405597687
          ],
          [
            -0.026976464316248894,
            0.11813895404338837,
            -0.9926376342773438,
            0.9402589797973633
          ],
          [
            0.0,
            0.0,
            0.0,
            1.0
          ]
        ]
      },
      "bone_length_armature_space": 0.07137586684515515,
      "parent": null,
      "has_children": true,
      "is_end_bone": false
    },
    "spine_01": {
      "name": "spine_01",
      "local": {
        "location": {
          "x": 0.0,
          "y": 0.0,
          "z": 0.0
        },
        "rotation_quaternion": {
          "w": 0.9976543188095093,
          "x": -0.027670055627822876,
          "y": -0.023473741486668587,
          "z": -0.05804581195116043
        },
        "scale": {
          "x": 1.0,
          "y": 1.0,
          "z": 1.0
        },
        "matrix_basis": [
          [
            0.9921593070030212,
            0.11711835116147995,
            -0.04362509772181511,
            0.0
          ],
          [
            -0.11452027410268784,
            0.9917300939559937,
            0.057935405522584915,
            0.0
          ],
          [
            0.05004962161183357,
            -0.05248519778251648,
            0.997366726398468,
            0.0
          ],
          [
            0.0,
            0.0,
            0.0,
            1.0
          ]
        ],
        "rotation_mode": "QUATERNION"
      },
      "armature_space": {
        "head": {
          "x": 0.0013149759033694863,
          "y": -0.0001358240842819214,
          "z": -0.001162765547633171
        },
        "tail": {
          "x": 0.07085008174180984,
          "y": 0.04123570770025253,
          "z": 0.48008742928504944
        }
      },
      "world_space": {
        "head": {
          "x": 0.0013149759033694863,
          "y": 0.0631081759929657,
          "z": 0.9486912488937378
        },
        "tail": {
          "x": 0.07085008174180984,
          "y": 0.10447970777750015,
          "z": 1.4299414157867432
        },
        "rotation_quaternion": {
          "w": 0.7354552149772644,
          "x": 0.6736718416213989,
          "y": 0.03865483030676842,
          "z": -0.06146416440606117
        },
        "matrix": [
          [
            0.9894558191299438,
            0.14248961210250854,
            -0.025956470519304276,
            0.0013149759033694863
          ],
          [
            -0.03832793980836868,
            0.08477751910686493,
            -0.9956625699996948,
            0.0631081759929657
          ],
          [
            -0.13967205584049225,
            0.9861659407615662,
            0.08934465050697327,
            0.9486912488937378
          ],
          [
            0.0,
            0.0,
            0.0,
            1.0
          ]
        ]
      },
      "bone_length_armature_space": 0.4880045897386877,
      "parent": "Root",
      "has_children": true,
      "is_end_bone": false
    },
    "neck_01": {
      "name": "neck_01",
      "local": {
        "location": {
          "x": 0.0,
          "y": 0.0,
          "z": 0.0
        },
        "rotation_quaternion": {
          "w": 0.9987461566925049,
          "x": -0.04309433698654175,
          "y": 0.006899634841829538,
          "z": -0.024526581168174744
        },
        "scale": {
          "x": 1.0,
          "y": 1.0,
          "z": 1.0
        },
        "matrix_basis": [
          [
            0.9987016916275024,
            0.04839698597788811,
            0.01589588075876236,
            0.0
          ],
          [
            -0.049586325883865356,
            0.995082676410675,
            0.08574216067790985,
            0.0
          ],
          [
            -0.011668054386973381,
            -0.08641905337572098,
            0.9961905479431152,
            0.0
          ],
          [
            0.0,
            0.0,
            0.0,
            1.0
          ]
        ],
        "rotation_mode": "QUATERNION"
      },
      "armature_space": {
        "head": {
          "x": 0.08038277179002762,
          "y": 0.012912970036268234,
          "z": 0.5553914904594421
        },
        "tail": {
          "x": 0.09843967854976654,
          "y": -0.009428687393665314,
          "z": 0.6538066864013672
        }
      },
      "world_space": {
        "head": {
          "x": 0.08038277179002762,
          "y": 0.07615697383880615,
          "z": 1.5052454471588135
        },
        "tail": {
          "x": 0.09843967854976654,
          "y": 0.053815312683582306,
          "z": 1.6036607027053833
        },
        "rotation_quaternion": {
          "w": 0.6231480240821838,
          "x": 0.7766247391700745,
          "y": 0.05220617353916168,
          "z": -0.07625717669725418
        },
        "matrix": [
          [
            0.9829187989234924,
            0.1761282980442047,
            -0.05338102579116821,
            0.08038277179002762
          ],
          [
            -0.013948787935078144,
            -0.21792201697826385,
            -0.9758667349815369,
            0.07615697383880615
          ],
          [
            -0.1835119128227234,
            0.9599485993385315,
            -0.2117452174425125,
            1.5052454471588135
          ],
          [
            0.0,
            0.0,
            0.0,
            1.0
          ]
        ]
      },
      "bone_length_armature_space": 0.10252196035929424,
      "parent": "spine_01",
      "has_children": true,
      "is_end_bone": false
    },
    "head": {
      "name": "head",
      "local": {
        "location": {
          "x": 0.0,
          "y": 0.0,
          "z": 0.0
        },
        "rotation_quaternion": {
          "w": 0.9937777519226074,
          "x": -0.11102961003780365,
          "y": -0.003003018209710717,
          "z": 0.008324205875396729
        },
        "scale": {
          "x": 1.0,
          "y": 1.0,
          "z": 1.0
        },
        "matrix_basis": [
          [
            0.9998433589935303,
            -0.015877973288297653,
            -0.007817132398486137,
            0.0
          ],
          [
            0.0172116681933403,
            0.9752062559127808,
            0.22062751650810242,
            0.0
          ],
          [
            0.004120198544114828,
            -0.22072750329971313,
            0.9753268361091614,
            0.0
          ],
          [
            0.0,
            0.0,
            0.0,
            1.0
          ]
        ],
        "rotation_mode": "QUATERNION"
      },
      "armature_space": {
        "head": {
          "x": 0.09843966364860535,
          "y": -0.009428822435438633,
          "z": 0.6538065671920776
        },
        "tail": {
          "x": 0.12330634146928787,
          "y": 0.04708155617117882,
          "z": 0.7960792183876038
        }
      },
      "world_space": {
        "head": {
          "x": 0.09843966364860535,
          "y": 0.05381517857313156,
          "z": 1.6036605834960938
        },
        "tail": {
          "x": 0.12330634146928787,
          "y": 0.11032555997371674,
          "z": 1.7459332942962646
        },
        "rotation_quaternion": {
          "w": 0.8235182762145996,
          "x": 0.561135470867157,
          "y": 0.06326829642057419,
          "z": -0.05423840507864952
        },
        "matrix": [
          [
            0.9861106276512146,
            0.16033686697483063,
            0.04333413392305374,
            0.09843966364860535
          ],
          [
            -0.01832941360771656,
            0.36437100172042847,
            -0.9310737252235413,
            0.05381517857313156
          ],
          [
            -0.16507630050182343,
            0.9173540472984314,
            0.3622506558895111,
            1.6036605834960938
          ],
          [
            0.0,
            0.0,
            0.0,
            1.0
          ]
        ]
      },
      "bone_length_armature_space": 0.15509120144500907,
      "parent": "neck_01",
      "has_children": false,
      "is_end_bone": true
    },
    "upperarm_l": {
      "name": "upperarm_l",
      "local": {
        "location": {
          "x": 0.0,
          "y": 0.0,
          "z": 0.0
        },
        "rotation_quaternion": {
          "w": 0.6778252124786377,
          "x": 0.49541348218917847,
          "y": 0.10742595791816711,
          "z": 0.532520592212677
        },
        "scale": {
          "x": 1.0,
          "y": 1.0,
          "z": 1.0
        },
        "matrix_basis": [
          [
            0.409762978553772,
            -0.6154712438583374,
            0.6732677817344666,
            0.0
          ],
          [
            0.8283523321151733,
            -0.05802539736032486,
            -0.5571944117546082,
            0.0
          ],
          [
            0.3820037245750427,
            0.7860205769538879,
            0.4860502779483795,
            0.0
          ],
          [
            0.0,
            0.0,
            0.0,
            1.0
          ]
        ],
        "rotation_mode": "QUATERNION"
      },
      "armature_space": {
        "head": {
          "x": 0.21914197504520416,
          "y": -0.0017092227935791016,
          "z": 0.46844762563705444
        },
        "tail": {
          "x": 0.23276269435882568,
          "y": -0.2020392268896103,
          "z": 0.6459029316902161
        }
      },
      "world_space": {
        "head": {
          "x": 0.21914197504520416,
          "y": 0.06153477728366852,
          "z": 1.4183015823364258
        },
        "tail": {
          "x": 0.23276269435882568,
          "y": -0.13879522681236267,
          "z": 1.595757007598877
        },
        "rotation_quaternion": {
          "w": 0.3402821123600006,
          "x": 0.8721878528594971,
          "y": -0.10205736756324768,
          "z": -0.3362748622894287
        },
        "matrix": [
          [
            0.7530075311660767,
            0.05082939565181732,
            -0.6560457348823547,
            0.21914197504520416
          ],
          [
            -0.40688300132751465,
            -0.7475852966308594,
            -0.5249408483505249,
            0.06153477728366852
          ],
          [
            -0.5171365737915039,
            0.6622222065925598,
            -0.5422598123550415,
            1.4183015823364258
          ],
          [
            0.0,
            0.0,
            0.0,
            1.0
          ]
        ]
      },
      "bone_length_armature_space": 0.26797018230621256,
      "parent": "spine_01",
      "has_children": true,
      "is_end_bone": false
    },
    "lowerarm_l": {
      "name": "lowerarm_l",
      "local": {
        "location": {
          "x": 0.0,
          "y": 0.0,
          "z": 0.0
        },
        "rotation_quaternion": {
          "w": 0.9051713943481445,
          "x": 0.4182698428630829,
          "y": 0.054595425724983215,
          "z": -0.05229320749640465
        },
        "scale": {
          "x": 1.0,
          "y": 1.0,
          "z": 1.0
        },
        "matrix_basis": [
          [
            0.9885694980621338,
            0.14033986628055573,
            0.05509109050035477,
            0.0
          ],
          [
            -0.048997391015291214,
            0.6446315050125122,
            -0.7629217505455017,
            0.0
          ],
          [
            -0.1425817757844925,
            0.7515018582344055,
            0.6441393494606018,
            0.0
          ],
          [
            0.0,
            0.0,
            0.0,
            1.0
          ]
        ],
        "rotation_mode": "QUATERNION"
      },
      "armature_space": {
        "head": {
          "x": 0.23276259005069733,
          "y": -0.20203928649425507,
          "z": 0.6459029912948608
        },
        "tail": {
          "x": 0.09210515022277832,
          "y": -0.42857304215431213,
          "z": 0.6242852807044983
        }
      },
      "world_space": {
        "head": {
          "x": 0.23276259005069733,
          "y": -0.13879528641700745,
          "z": 1.595757007598877
        },
        "tail": {
          "x": 0.09210515022277832,
          "y": -0.3653290271759033,
          "z": 1.5741393566131592
        },
        "rotation_quaternion": {
          "w": 0.10874424129724503,
          "x": -0.9307562708854675,
          "y": 0.25453057885169983,
          "z": 0.23891764879226685
        },
        "matrix": [
          [
            0.7562651038169861,
            -0.5257740616798401,
            -0.38939011096954346,
            0.23276259005069733
          ],
          [
            -0.4218505918979645,
            -0.8467776775360107,
            0.324052631855011,
            -0.13879528641700745
          ],
          [
            -0.500109076499939,
            -0.08080652356147766,
            -0.8621921539306641,
            1.595757007598877
          ],
          [
            0.0,
            0.0,
            0.0,
            1.0
          ]
        ]
      },
      "bone_length_armature_space": 0.267524548275821,
      "parent": "upperarm_l",
      "has_children": true,
      "is_end_bone": false
    },
    "metacarpal_thumb_l": {
      "name": "metacarpal_thumb_l",
      "local": {
        "location": {
          "x": 0.0,
          "y": 0.0,
          "z": 0.0
        },
        "rotation_quaternion": {
          "w": 0.9998944997787476,
          "x": -0.0141568873077631,
          "y": 0.0006131383124738932,
          "z": 0.0032247155904769897
        },
        "scale": {
          "x": 1.0,
          "y": 1.0,
          "z": 1.0
        },
        "matrix_basis": [
          [
            0.9999784231185913,
            -0.006466111168265343,
            0.0011348433326929808,
            0.0
          ],
          [
            0.006431390531361103,
            0.9995783567428589,
            0.02831474132835865,
            0.0
          ],
          [
            -0.0013174511259421706,
            -0.028306832537055016,
            0.9995983839035034,
            0.0
          ],
          [
            0.0,
            0.0,
            0.0,
            1.0
          ]
        ],
        "rotation_mode": "QUATERNION"
      },
      "armature_space": {
        "head": {
          "x": 0.09210515022277832,
          "y": -0.42857304215431213,
          "z": 0.6242852807044983
        },
        "tail": {
          "x": 0.06586024165153503,
          "y": -0.4553564190864563,
          "z": 0.5919208526611328
        }
      },
      "world_space": {
        "head": {
          "x": 0.09210515022277832,
          "y": -0.3653290271759033,
          "z": 1.5741393566131592
        },
        "tail": {
          "x": 0.06586024165153503,
          "y": -0.3921124339103699,
          "z": 1.541774868965149
        },
        "rotation_quaternion": {
          "w": 0.1278666853904724,
          "x": -0.7146806716918945,
          "y": 0.4618375599384308,
          "z": -0.5094975233078003
        },
        "matrix": [
          [
            0.05423521623015404,
            -0.529839813709259,
            0.8463616967201233,
            0.09210515022277832
          ],
          [
            -0.7904285788536072,
            -0.5407108068466187,
            -0.2878451645374298,
            -0.3653290271759033
          ],
          [
            0.6101523637771606,
            -0.6533820033073425,
            -0.44812947511672974,
            1.5741393566131592
          ],
          [
            0.0,
            0.0,
            0.0,
            1.0
          ]
        ]
      },
      "bone_length_armature_space": 0.04953383385882533,
      "parent": "lowerarm_l",
      "has_children": true,
      "is_end_bone": false
    },
    "thumb_01_l": {
      "name": "thumb_01_l",
      "local": {
        "location": {
          "x": 0.0,
          "y": 0.0,
          "z": 0.0
        },
        "rotation_quaternion": {
          "w": 0.9995476007461548,
          "x": -0.02905109152197838,
          "y": 0.00571929756551981,
          "z": 0.005302253179252148
        },
        "scale": {
          "x": 1.0,
          "y": 1.0,
          "z": 1.0
        },
        "matrix_basis": [
          [
            0.9998783469200134,
            -0.01093201246112585,
            0.011125347577035427,
            0.0
          ],
          [
            0.010267404839396477,
            0.9982558488845825,
            0.05813654884696007,
            0.0
          ],
          [
            -0.01174149289727211,
            -0.05801524594426155,
            0.9982466697692871,
            0.0
          ],
          [
            0.0,
            0.0,
            0.0,
            1.0
          ]
        ],
        "rotation_mode": "QUATERNION"
      },
      "armature_space": {
        "head": {
          "x": 0.06586024165153503,
          "y": -0.4553564190864563,
          "z": 0.5919208526611328
        },
        "tail": {
          "x": 0.07526354491710663,
          "y": -0.46971818804740906,
          "z": 0.5625277161598206
        }
      },
      "world_space": {
        "head": {
          "x": 0.06586024165153503,
          "y": -0.3921124339103699,
          "z": 1.541774868965149
        },
        "tail": {
          "x": 0.07526354491710663,
          "y": -0.40647417306900024,
          "z": 1.5123817920684814
        },
        "rotation_quaternion": {
          "w": 0.14241696894168854,
          "x": 0.035003721714019775,
          "y": 0.5184152722358704,
          "z": -0.8424593806266785
        },
        "matrix": [
          [
            -0.9569839835166931,
            0.276254266500473,
            0.088685043156147,
            0.06586024165153503
          ],
          [
            -0.20366938412189484,
            -0.4219263792037964,
            -0.8834576606750488,
            -0.3921124339103699
          ],
          [
            -0.2066418081521988,
            -0.8635236024856567,
            0.4600438177585602,
            1.541774868965149
          ],
          [
            0.0,
            0.0,
            0.0,
            1.0
          ]
        ]
      },
      "bone_length_armature_space": 0.03403878642073376,
      "parent": "metacarpal_thumb_l",
      "has_children": true,
      "is_end_bone": false
    },
    "thumb_02_l": {
      "name": "thumb_02_l",
      "local": {
        "location": {
          "x": 0.0,
          "y": 0.0,
          "z": 0.0
        },
        "rotation_quaternion": {
          "w": 0.9977115392684937,
          "x": 0.06694531440734863,
          "y": -0.0006578461034223437,
          "z": -0.009464231319725513
        },
        "scale": {
          "x": 1.0,
          "y": 1.0,
          "z": 1.0
        },
        "matrix_basis": [
          [
            0.9998199939727783,
            0.018797066062688828,
            -0.0025798531714826822,
            0.0
          ],
          [
            -0.018973225727677345,
            0.9908574819564819,
            -0.1335717737674713,
            0.0
          ],
          [
            4.550941594061442e-05,
            0.13359667360782623,
            0.9910357594490051,
            0.0
          ],
          [
            0.0,
            0.0,
            0.0,
            1.0
          ]
        ],
        "rotation_mode": "QUATERNION"
      },
      "armature_space": {
        "head": {
          "x": 0.07526356726884842,
          "y": -0.46971815824508667,
          "z": 0.5625277757644653
        },
        "tail": {
          "x": 0.05567379295825958,
          "y": -0.5041700005531311,
          "z": 0.5560092926025391
        }
      },
      "world_space": {
        "head": {
          "x": 0.07526356726884842,
          "y": -0.40647417306900024,
          "z": 1.5123817920684814
        },
        "tail": {
          "x": 0.05567379295825958,
          "y": -0.4409260153770447,
          "z": 1.5058633089065552
        },
        "rotation_quaternion": {
          "w": 0.26514896750450134,
          "x": -0.20492392778396606,
          "y": -0.028469951823353767,
          "z": 0.9417493343353271
        },
        "matrix": [
          [
            -0.7754040956497192,
            -0.4877397119998932,
            -0.40107136964797974,
            0.07526356726884842
          ],
          [
            0.5110762119293213,
            -0.8577710390090942,
            0.05504877120256424,
            -0.40647417306900024
          ],
          [
            -0.37087905406951904,
            -0.16229471564292908,
            0.9143977761268616,
            1.5123817920684814
          ],
          [
            0.0,
            0.0,
            0.0,
            1.0
          ]
        ]
      },
      "bone_length_armature_space": 0.040164403370980886,
      "parent": "thumb_01_l",
      "has_children": true,
      "is_end_bone": false
    },
    "thumb_03_l": {
      "name": "thumb_03_l",
      "local": {
        "location": {
          "x": 0.0,
          "y": 0.0,
          "z": 0.0
        },
        "rotation_quaternion": {
          "w": 0.997957706451416,
          "x": 0.06363091617822647,
          "y": 0.002353232353925705,
          "z": 0.0050955964252352715
        },
        "scale": {
          "x": 1.0,
          "y": 1.0,
          "z": 1.0
        },
        "matrix_basis": [
          [
            0.9999369978904724,
            -0.009870902635157108,
            0.005345327779650688,
            0.0
          ],
          [
            0.01046985574066639,
            0.9918502569198608,
            -0.12697795033454895,
            0.0
          ],
          [
            -0.004048377741128206,
            0.12702590227127075,
            0.9918911457061768,
            0.0
          ],
          [
            0.0,
            0.0,
            0.0,
            1.0
          ]
        ],
        "rotation_mode": "QUATERNION"
      },
      "armature_space": {
        "head": {
          "x": 0.05567379295825958,
          "y": -0.5041699409484863,
          "z": 0.5560092329978943
        },
        "tail": {
          "x": 0.040201641619205475,
          "y": -0.5292677879333496,
          "z": 0.5635987520217896
        }
      },
      "world_space": {
        "head": {
          "x": 0.05567379295825958,
          "y": -0.4409259557723999,
          "z": 1.5058631896972656
        },
        "tail": {
          "x": 0.040201641619205475,
          "y": -0.4660238027572632,
          "z": 1.5134527683258057
        },
        "rotation_quaternion": {
          "w": 0.20363792777061462,
          "x": -0.3338988423347473,
          "y": 0.21528123319149017,
          "z": 0.8948168158531189
        },
        "matrix": [
          [
            -0.6940862536430359,
            -0.5082020163536072,
            -0.5098772048950195,
            0.05567379295825958
          ],
          [
            0.22067347168922424,
            -0.8243709206581116,
            0.5212640762329102,
            -0.4409259557723999
          ],
          [
            -0.6852400302886963,
            0.249286949634552,
            0.6843364834785461,
            1.5058631896972656
          ],
          [
            0.0,
            0.0,
            0.0,
            1.0
          ]
        ]
      },
      "bone_length_armature_space": 0.030444871540508945,
      "parent": "thumb_02_l",
      "has_children": false,
      "is_end_bone": true
    },
    "metacarpal_index_l": {
      "name": "metacarpal_index_l",
      "local": {
        "location": {
          "x": 0.0,
          "y": 0.0,
          "z": 0.0
        },
        "rotation_quaternion": {
          "w": 0.997675359249115,
          "x": -0.06618409603834152,
          "y": -0.015209668315947056,
          "z": 0.005686710122972727
        },
        "scale": {
          "x": 1.0,
          "y": 1.0,
          "z": 1.0
        },
        "matrix_basis": [
          [
            0.9994726777076721,
            -0.009333704598248005,
            -0.03110136277973652,
            0.0
          ],
          [
            0.013360257260501385,
            0.9911746382713318,
            0.1318874955177307,
            0.0
          ],
          [
            0.029595883563160896,
            -0.13223347067832947,
            0.9907766580581665,
            0.0
          ],
          [
            0.0,
            0.0,
            0.0,
            1.0
          ]
        ],
        "rotation_mode": "QUATERNION"
      },
      "armature_space": {
        "head": {
          "x": 0.09210515022277832,
          "y": -0.42857304215431213,
          "z": 0.6242852807044983
        },
        "tail": {
          "x": 0.016000092029571533,
          "y": -0.5126262903213501,
          "z": 0.5947504639625549
        }
      },
      "world_space": {
        "head": {
          "x": 0.09210515022277832,
          "y": -0.3653290271759033,
          "z": 1.5741393566131592
        },
        "tail": {
          "x": 0.016000092029571533,
          "y": -0.44938230514526367,
          "z": 1.5446045398712158
        },
        "rotation_quaternion": {
          "w": 0.054280880838632584,
          "x": -0.9032304286956787,
          "y": 0.37199217081069946,
          "z": -0.20700271427631378
        },
        "matrix": [
          [
            0.6375429630279541,
            -0.6495172381401062,
            0.4143262803554535,
            0.09210515022277832
          ],
          [
            -0.6944621205329895,
            -0.7173507809638977,
            -0.05595207214355469,
            -0.3653290271759033
          ],
          [
            0.33356091380119324,
            -0.25206446647644043,
            -0.908413290977478,
            1.5741393566131592
          ],
          [
            0.0,
            0.0,
            0.0,
            1.0
          ]
        ]
      },
      "bone_length_armature_space": 0.11717181224920831,
      "parent": "lowerarm_l",
      "has_children": true,
      "is_end_bone": false
    },
    "index_01_l": {
      "name": "index_01_l",
      "local": {
        "location": {
          "x": 0.0,
          "y": 0.0,
          "z": 0.0
        },
        "rotation_quaternion": {
          "w": 0.9917805194854736,
          "x": -0.12786540389060974,
          "y": -0.002538016764447093,
          "z": 0.003935337066650391
        },
        "scale": {
          "x": 1.0,
          "y": 1.0,
          "z": 1.0
        },
        "matrix_basis": [
          [
            0.9999561309814453,
            -0.007156932260841131,
            -0.006040697917342186,
            0.0
          ],
          [
            0.008455030620098114,
            0.9672698974609375,
            0.2536088526248932,
            0.0
          ],
          [
            0.004027924034744501,
            -0.2536488175392151,
            0.9672880172729492,
            0.0
          ],
          [
            0.0,
            0.0,
            0.0,
            1.0
          ]
        ],
        "rotation_mode": "QUATERNION"
      },
      "armature_space": {
        "head": {
          "x": 0.016000092029571533,
          "y": -0.5126262903213501,
          "z": 0.5947504639625549
        },
        "tail": {
          "x": 0.001049618236720562,
          "y": -0.536006510257721,
          "z": 0.6013017296791077
        }
      },
      "world_space": {
        "head": {
          "x": 0.016000092029571533,
          "y": -0.44938230514526367,
          "z": 1.5446045398712158
        },
        "tail": {
          "x": 0.001049618236720562,
          "y": -0.4727625250816345,
          "z": 1.5511558055877686
        },
        "rotation_quaternion": {
          "w": 0.16801881790161133,
          "x": 0.9382792115211487,
          "y": -0.24859075248241425,
          "z": 0.1720593124628067
        },
        "matrix": [
          [
            0.8171964883804321,
            -0.5243136882781982,
            0.23934288322925568,
            0.016000092029571533
          ],
          [
            -0.40867698192596436,
            -0.8199443221092224,
            -0.4008426070213318,
            -0.44938230514526367
          ],
          [
            0.4064176678657532,
            0.22975404560565948,
            -0.8843369483947754,
            1.5446045398712158
          ],
          [
            0.0,
            0.0,
            0.0,
            1.0
          ]
        ]
      },
      "bone_length_armature_space": 0.028514389493464746,
      "parent": "metacarpal_index_l",
      "has_children": true,
      "is_end_bone": false
    },
    "index_02_l": {
      "name": "index_02_l",
      "local": {
        "location": {
          "x": 0.0,
          "y": 0.0,
          "z": 0.0
        },
        "rotation_quaternion": {
          "w": 0.9980844259262085,
          "x": 0.060206715017557144,
          "y": 0.00952423457056284,
          "z": 0.010576160624623299
        },
        "scale": {
          "x": 1.0,
          "y": 1.0,
          "z": 1.0
        },
        "matrix_basis": [
          [
            0.9995948672294617,
            -0.019964955747127533,
            0.02028549276292324,
            0.0
          ],
          [
            0.02225864864885807,
            0.9925265908241272,
            -0.1199813112616539,
            0.0
          ],
          [
            -0.017738468945026398,
            0.12038423120975494,
            0.9925689101219177,
            0.0
          ],
          [
            0.0,
            0.0,
            0.0,
            1.0
          ]
        ],
        "rotation_mode": "QUATERNION"
      },
      "armature_space": {
        "head": {
          "x": 0.0010492997244000435,
          "y": -0.5360068082809448,
          "z": 0.6013014316558838
        },
        "tail": {
          "x": -0.011768660508096218,
          "y": -0.5578669905662537,
          "z": 0.6052916646003723
        }
      },
      "world_space": {
        "head": {
          "x": 0.0010492997244000435,
          "y": -0.4727628231048584,
          "z": 1.5511554479599
        },
        "tail": {
          "x": -0.011768660508096218,
          "y": -0.49462300539016724,
          "z": 1.5551457405090332
        },
        "rotation_quaternion": {
          "w": 0.1227346658706665,
          "x": 0.9490109086036682,
          "y": -0.242622509598732,
          "z": 0.15952683985233307
        },
        "matrix": [
          [
            0.8313709497451782,
            -0.4996618926525116,
            0.24322858452796936,
            0.0010492997244000435
          ],
          [
            -0.4213441014289856,
            -0.8521407842636108,
            -0.3103635609149933,
            -0.4727628231048584
          ],
          [
            0.36234408617019653,
            0.15554454922676086,
            -0.9189814329147339,
            1.5511554479599
          ],
          [
            0.0,
            0.0,
            0.0,
            1.0
          ]
        ]
      },
      "bone_length_armature_space": 0.025653257895199722,
      "parent": "index_01_l",
      "has_children": true,
      "is_end_bone": false
    },
    "index_03_l": {
      "name": "index_03_l",
      "local": {
        "location": {
          "x": 0.0,
          "y": 0.0,
          "z": 0.0
        },
        "rotation_quaternion": {
          "w": 0.9999160766601562,
          "x": 0.007802122738212347,
          "y": -0.010213088244199753,
          "z": 0.0016532447189092636
        },
        "scale": {
          "x": 1.0,
          "y": 1.0,
          "z": 1.0
        },
        "matrix_basis": [
          [
            0.9997859001159668,
            -0.003465579589828849,
            -0.020398665219545364,
            0.0
          ],
          [
            0.0031468444503843784,
            0.9998728036880493,
            -0.015636704862117767,
            0.0
          ],
          [
            0.020450260490179062,
            0.015569166280329227,
            0.99966961145401,
            0.0
          ],
          [
            0.0,
            0.0,
            0.0,
            1.0
          ]
        ],
        "rotation_mode": "QUATERNION"
      },
      "armature_space": {
        "head": {
          "x": -0.011768710799515247,
          "y": -0.5578669309616089,
          "z": 0.6052917838096619
        },
        "tail": {
          "x": -0.023348968476057053,
          "y": -0.5845615267753601,
          "z": 0.6079429984092712
        }
      },
      "world_space": {
        "head": {
          "x": -0.011768710799515247,
          "y": -0.49462294578552246,
          "z": 1.5551457405090332
        },
        "tail": {
          "x": -0.023348968476057053,
          "y": -0.5213175415992737,
          "z": 1.5577969551086426
        },
        "rotation_quaternion": {
          "w": 0.08494199812412262,
          "x": 0.9594405889511108,
          "y": -0.18967919051647186,
          "z": 0.1904742419719696
        },
        "matrix": [
          [
            0.8554825782775879,
            -0.3963305354118347,
            0.33327367901802063,
            -0.011768710799515247
          ],
          [
            -0.3316134512424469,
            -0.9136132001876831,
            -0.2352525144815445,
            -0.49462294578552246
          ],
          [
            0.39772361516952515,
            0.09073615074157715,
            -0.9130153656005859,
            1.5551457405090332
          ],
          [
            0.0,
            0.0,
            0.0,
            1.0
          ]
        ]
      },
      "bone_length_armature_space": 0.02921870601604206,
      "parent": "index_02_l",
      "has_children": false,
      "is_end_bone": true
    },
    "metacarpal_pinky_l": {
      "name": "metacarpal_pinky_l",
      "local": {
        "location": {
          "x": 0.0,
          "y": 0.0,
          "z": 0.0
        },
        "rotation_quaternion": {
          "w": 0.9997254610061646,
          "x": -0.022838115692138672,
          "y": -0.0014210043009370565,
          "z": -0.005054278299212456
        },
        "scale": {
          "x": 1.0,
          "y": 1.0,
          "z": 1.0
        },
        "matrix_basis": [
          [
            0.9999448657035828,
            0.010170687921345234,
            -0.0026103679556399584,
            0.0
          ],
          [
            -0.010040875524282455,
            0.9989057779312134,
            0.04567805677652359,
            0.0
          ],
          [
            0.0030720888171344995,
            -0.04564932733774185,
            0.9989528059959412,
            0.0
          ],
          [
            0.0,
            0.0,
            0.0,
            1.0
          ]
        ],
        "rotation_mode": "QUATERNION"
      },
      "armature_space": {
        "head": {
          "x": 0.09210515022277832,
          "y": -0.42857304215431213,
          "z": 0.6242852807044983
        },
        "tail": {
          "x": 0.05654263123869896,
          "y": -0.5250025987625122,
          "z": 0.6410145163536072
        }
      },
      "world_space": {
        "head": {
          "x": 0.09210515022277832,
          "y": -0.3653290271759033,
          "z": 1.5741393566131592
        },
        "tail": {
          "x": 0.05654263123869896,
          "y": -0.4617586135864258,
          "z": 1.5908684730529785
        },
        "rotation_quaternion": {
          "w": 0.0916261300444603,
          "x": -0.5816712975502014,
          "y": 0.16906589269638062,
          "z": 0.7903669476509094
        },
        "matrix": [
          [
            -0.3065263330936432,
            -0.3415178954601288,
            -0.888485848903656,
            0.09210515022277832
          ],
          [
            -0.05184508115053177,
            -0.9260430335998535,
            0.37384068965911865,
            -0.3653290271759033
          ],
          [
            -0.9504560232162476,
            0.1606559306383133,
            0.26615259051322937,
            1.5741393566131592
          ],
          [
            0.0,
            0.0,
            0.0,
            1.0
          ]
        ]
      },
      "bone_length_armature_space": 0.10413077836407827,
      "parent": "lowerarm_l",
      "has_children": true,
      "is_end_bone": false
    },
    "pinky_01_l": {
      "name": "pinky_01_l",
      "local": {
        "location": {
          "x": 0.0,
          "y": 0.0,
          "z": 0.0
        },
        "rotation_quaternion": {
          "w": 0.9580971598625183,
          "x": 0.2860470712184906,
          "y": -0.011743288487195969,
          "z": -0.009441490285098553
        },
        "scale": {
          "x": 1.0,
          "y": 1.0,
          "z": 1.0
        },
        "matrix_basis": [
          [
            0.9995459318161011,
            0.011373463086783886,
            -0.02790384367108345,
            0.0
          ],
          [
            -0.024809997528791428,
            0.8361758589744568,
            -0.5479000210762024,
            0.0
          ],
          [
            0.017101000994443893,
            0.5483435392379761,
            0.8360783457756042,
            0.0
          ],
          [
            0.0,
            0.0,
            0.0,
            1.0
          ]
        ],
        "rotation_mode": "QUATERNION"
      },
      "armature_space": {
        "head": {
          "x": 0.05654263123869896,
