{
  "metadata": {
    "armature_name": "KIM_caucasian_male",
    "export_time": "2026-01-13T21:08:25.857741",
    "blender_version": "4.4.1",
    "bone_count": 56,
    "end_bone_count": 13,
    "spaces_included": [
      "LOCAL_CHANNELS",
      "ARMATURE_SPACE",
      "WORLD_SPACE"
    ],
    "note": "LOCAL matches Transform panel; replay pose via local.matrix_basis for best fidelity."
  },
  "bones": {
    "Root": {
      "name": "Root",
      "local": {
        "location": {
          "x": 0.0,
          "y": 0.0,
          "z": 0.0
        },
        "rotation_quaternion": {
          "w": 0.9997519254684448,
          "x": -0.004420574754476547,
          "y": 0.017290791496634483,
          "z": -0.013329271227121353
        },
        "scale": {
          "x": 1.0,
          "y": 1.0,
          "z": 1.0
        },
        "matrix_basis": [
          [
            0.9990467429161072,
            0.026499059051275253,
            0.03469084948301315,
            0.0
          ],
          [
            -0.02680479921400547,
            0.9996055960655212,
            0.00837800931185484,
            0.0
          ],
          [
            -0.034455157816410065,
            -0.00929990317672491,
            0.9993629455566406,
            0.0
          ],
          [
            0.0,
            0.0,
            0.0,
            1.0
          ]
        ],
        "rotation_mode": "QUATERNION"
      },
      "armature_space": {
        "head": {
          "x": 0.0,
          "y": 0.07072800397872925,
          "z": -0.009595036506652832
        },
        "tail": {
          "x": 0.0018913933308795094,
          "y": 0.0001171305775642395,
          "z": 0.0006539830937981606
        }
      },
      "world_space": {
        "head": {
          "x": 0.0,
          "y": 0.13397200405597687,
          "z": 0.9402589797973633
        },
        "tail": {
          "x": 0.0018913933308795094,
          "y": 0.06336113065481186,
          "z": 0.9505079984664917
        },
        "rotation_quaternion": {
          "w": 0.07176147401332855,
          "x": 0.9971828460693359,
          "y": 0.014463835395872593,
          "z": 0.0163535475730896
        },
        "matrix": [
          [
            0.9990467429161072,
            0.026499059051275253,
            0.03469084948301315,
            0.0
          ],
          [
            0.031193293631076813,
            -0.9892821311950684,
            -0.14264601469039917,
            0.13397200405597687
          ],
          [
            0.030539296567440033,
            0.1435922235250473,
            -0.9891726970672607,
            0.9402589797973633
          ],
          [
            0.0,
            0.0,
            0.0,
            1.0
          ]
        ]
      },
      "bone_length_armature_space": 0.07137587299412451,
      "parent": null,
      "has_children": true,
      "is_end_bone": false
    },
    "spine_01": {
      "name": "spine_01",
      "local": {
        "location": {
          "x": 0.0,
          "y": 0.0,
          "z": 0.0
        },
        "rotation_quaternion": {
          "w": 0.9926387071609497,
          "x": 0.10499309003353119,
          "y": 0.049913179129362106,
          "z": -0.03396747633814812
        },
        "scale": {
          "x": 1.0,
          "y": 1.0,
          "z": 1.0
        },
        "matrix_basis": [
          [
            0.992709755897522,
            0.07791594415903091,
            0.09195880591869354,
            0.0
          ],
          [
            -0.056953784078359604,
            0.9756453037261963,
            -0.2118312567472458,
            0.0
          ],
          [
            -0.10622420907020569,
            0.2050495594739914,
            0.9729702472686768,
            0.0
          ],
          [
            0.0,
            0.0,
            0.0,
            1.0
          ]
        ],
        "rotation_mode": "QUATERNION"
      },
      "armature_space": {
        "head": {
          "x": 0.0018913933308795094,
          "y": 0.0001171305775642395,
          "z": 0.0006539830937981606
        },
        "tail": {
          "x": 0.02748195454478264,
          "y": -0.07234238088130951,
          "z": 0.482570081949234
        }
      },
      "world_space": {
        "head": {
          "x": 0.0018913933308795094,
          "y": 0.06336113065481186,
          "z": 0.9505079984664917
        },
        "tail": {
          "x": 0.02748195454478264,
          "y": -0.00909838080406189,
          "z": 1.4324240684509277
        },
        "rotation_quaternion": {
          "w": 0.6495964527130127,
          "x": 0.7571393847465515,
          "y": 0.061507873237133026,
          "z": 0.03132760152220726
        },
        "matrix": [
          [
            0.9904707074165344,
            0.05243954434990883,
            0.12734952569007874,
            0.0018913933308795094
          ],
          [
            0.1338408887386322,
            -0.14848223328590393,
            -0.9798161387443542,
            0.06336113065481186
          ],
          [
            -0.032472074031829834,
            0.987530529499054,
            -0.1540878415107727,
            0.9505079984664917
          ],
          [
            0.0,
            0.0,
            0.0,
            1.0
          ]
        ]
      },
      "bone_length_armature_space": 0.48800448596779816,
      "parent": "Root",
      "has_children": true,
      "is_end_bone": false
    },
    "neck_01": {
      "name": "neck_01",
      "local": {
        "location": {
          "x": 0.0,
          "y": 0.0,
          "z": 0.0
        },
        "rotation_quaternion": {
          "w": 0.9931666851043701,
          "x": -0.08822356909513474,
          "y": -0.069959357380867,
          "z": -0.03069651685655117
        },
        "scale": {
          "x": 1.0,
          "y": 1.0,
          "z": 1.0
        },
        "matrix_basis": [
          [
            0.9883268475532532,
            0.07331764698028564,
            -0.13354629278182983,
            0.0
          ],
          [
            -0.048629388213157654,
            0.9825486540794373,
            0.17953643202781677,
            0.0
          ],
          [
            0.1443789154291153,
            -0.170946404337883,
            0.9746446013450623,
            0.0
          ],
          [
            0.0,
            0.0,
            0.0,
            1.0
          ]
        ],
        "rotation_mode": "QUATERNION"
      },
      "armature_space": {
        "head": {
          "x": 0.035738036036491394,
          "y": -0.11719447374343872,
          "z": 0.5495316982269287
        },
        "tail": {
          "x": 0.05125892162322998,
          "y": -0.15263105928897858,
          "z": 0.6444742679595947
        }
      },
      "world_space": {
        "head": {
          "x": 0.035738036036491394,
          "y": -0.0539504736661911,
          "z": 1.4993857145309448
        },
        "tail": {
          "x": 0.05125892162322998,
          "y": -0.08938705921173096,
          "z": 1.5943282842636108
        },
        "rotation_quaternion": {
          "w": 0.5692175626754761,
          "x": 0.8186054229736328,
          "y": 0.056265633553266525,
          "z": -0.05206529051065445
        },
        "matrix": [
          [
            0.9882467985153198,
            0.15139174461364746,
            -0.021186284720897675,
            0.035738036036491394
          ],
          [
            0.032846517860889435,
            -0.3456507921218872,
            -0.9377882480621338,
            -0.0539504736661911
          ],
          [
            -0.14929746091365814,
            0.926076352596283,
            -0.34656432271003723,
            1.4993857145309448
          ],
          [
            0.0,
            0.0,
            0.0,
            1.0
          ]
        ]
      },
      "bone_length_armature_space": 0.10252190464802752,
      "parent": "spine_01",
      "has_children": true,
      "is_end_bone": false
    },
    "head": {
      "name": "head",
      "local": {
        "location": {
          "x": 0.0,
          "y": 0.0,
          "z": 0.0
        },
        "rotation_quaternion": {
          "w": 0.9851170778274536,
          "x": -0.012483139522373676,
          "y": 0.08863222599029541,
          "z": 0.14674153923988342
        },
        "scale": {
          "x": 1.0,
          "y": 1.0,
          "z": 1.0
        },
        "matrix_basis": [
          [
            0.9412224888801575,
            -0.2913280129432678,
            0.1709626466035843,
            0.0
          ],
          [
            0.28690236806869507,
            0.9566221833229065,
            0.05060676485300064,
            0.0
          ],
          [
            -0.17828983068466187,
            0.00141735072247684,
            0.9839770197868347,
            0.0
          ],
          [
            0.0,
            0.0,
            0.0,
            1.0
          ]
        ],
        "rotation_mode": "QUATERNION"
      },
      "armature_space": {
        "head": {
          "x": 0.05125890672206879,
          "y": -0.15263117849826813,
          "z": 0.6444741487503052
        },
        "tail": {
          "x": 0.02859184704720974,
          "y": -0.15171942114830017,
          "z": 0.7978973388671875
        }
      },
      "world_space": {
        "head": {
          "x": 0.05125890672206879,
          "y": -0.08938717842102051,
          "z": 1.5943281650543213
        },
        "tail": {
          "x": 0.02859184704720974,
          "y": -0.08847542107105255,
          "z": 1.7477513551712036
        },
        "rotation_quaternion": {
          "w": 0.7087960839271545,
          "x": 0.6936753988265991,
          "y": 0.023396117612719536,
          "z": 0.12599727511405945
        },
        "matrix": [
          [
            0.9671544432640076,
            -0.1461540311574936,
            0.2079695165157318,
            0.05125890672206879
          ],
          [
            0.21107244491577148,
            0.005878918804228306,
            -0.9774528741836548,
            -0.08938717842102051
          ],
          [
            0.14163720607757568,
            0.9892514944076538,
            0.03653419390320778,
            1.5943281650543213
          ],
          [
            0.0,
            0.0,
            0.0,
            1.0
          ]
        ]
      },
      "bone_length_armature_space": 0.15509127006156836,
      "parent": "neck_01",
      "has_children": false,
      "is_end_bone": true
    },
    "upperarm_l": {
      "name": "upperarm_l",
      "local": {
        "location": {
          "x": 0.0,
          "y": 0.0,
          "z": 0.0
        },
        "rotation_quaternion": {
          "w": 0.9321104288101196,
          "x": 0.03203723207116127,
          "y": 0.35726937651634216,
          "z": 0.05002465099096298
        },
        "scale": {
          "x": 1.0,
          "y": 1.0,
          "z": 1.0
        },
        "matrix_basis": [
          [
            0.7397122383117676,
            -0.07036515325307846,
            0.6692343354225159,
            0.0
          ],
          [
            0.11614884436130524,
            0.9929422736167908,
            -0.023979924619197845,
            0.0
          ],
          [
            -0.6628237366676331,
            0.09546902775764465,
            0.7426643967628479,
            0.0
          ],
          [
            0.0,
            0.0,
            0.0,
            1.0
          ]
        ],
        "rotation_mode": "QUATERNION"
      },
      "armature_space": {
        "head": {
          "x": 0.18119043111801147,
          "y": -0.09026394784450531,
          "z": 0.47779980301856995
        },
        "tail": {
          "x": 0.4485074579715729,
          "y": -0.0716111809015274,
          "z": 0.4789424538612366
        }
      },
      "world_space": {
        "head": {
          "x": 0.18119043111801147,
          "y": -0.02701994776725769,
          "z": 1.4276537895202637
        },
        "tail": {
          "x": 0.4485074579715729,
          "y": -0.008367180824279785,
          "z": 1.4287965297698975
        },
        "rotation_quaternion": {
          "w": 0.23843394219875336,
          "x": 0.6457269787788391,
          "y": 0.6913426518440247,
          "z": -0.2196165919303894
        },
        "matrix": [
          [
            -0.052370887249708176,
            0.9975653290748596,
            0.046051278710365295,
            0.18119043111801147
          ],
          [
            0.7881088256835938,
            0.06960781663656235,
            -0.611587643623352,
            -0.02701994776725769
          ],
          [
            -0.6133077144622803,
            0.004264099523425102,
            -0.7898415327072144,
            1.4276537895202637
          ],
          [
            0.0,
            0.0,
            0.0,
            1.0
          ]
        ]
      },
      "bone_length_armature_space": 0.2679694445726455,
      "parent": "spine_01",
      "has_children": true,
      "is_end_bone": false
    },
    "lowerarm_l": {
      "name": "lowerarm_l",
      "local": {
        "location": {
          "x": 0.0,
          "y": 0.0,
          "z": 0.0
        },
        "rotation_quaternion": {
          "w": 0.8791038990020752,
          "x": 0.36610203981399536,
          "y": -0.2179085910320282,
          "z": 0.2136855125427246
        },
        "scale": {
          "x": 1.0,
          "y": 1.0,
          "z": 1.0
        },
        "matrix_basis": [
          [
            0.8137087225914001,
            -0.53525710105896,
            -0.22666718065738678,
            0.0
          ],
          [
            0.2161499708890915,
            0.6406155824661255,
            -0.7368112802505493,
            0.0
          ],
          [
            0.5395900011062622,
            0.5505556464195251,
            0.6369702816009521,
            0.0
          ],
          [
            0.0,
            0.0,
            0.0,
            1.0
          ]
        ],
        "rotation_mode": "QUATERNION"
      },
      "armature_space": {
        "head": {
          "x": 0.44850751757621765,
          "y": -0.07161130011081696,
          "z": 0.47894248366355896
        },
        "tail": {
          "x": 0.6076242327690125,
          "y": -0.2865734100341797,
          "z": 0.4724225401878357
        }
      },
      "world_space": {
        "head": {
          "x": 0.44850751757621765,
          "y": -0.008367300033569336,
          "z": 1.4287965297698975
        },
        "tail": {
          "x": 0.6076242327690125,
          "y": -0.22332940995693207,
          "z": 1.422276496887207
        },
        "rotation_quaternion": {
          "w": 0.183113694190979,
          "x": 0.7473371624946594,
          "y": 0.25437667965888977,
          "z": -0.5858746767044067
        },
        "matrix": [
          [
            0.1840861290693283,
            0.5947744846343994,
            -0.7825313210487366,
            0.44850751757621765
          ],
          [
            0.16564688086509705,
            -0.8035231828689575,
            -0.5717620849609375,
            -0.008367300033569336
          ],
          [
            -0.9688582420349121,
            -0.02437138557434082,
            -0.24644231796264648,
            1.4287965297698975
          ],
          [
            0.0,
            0.0,
            0.0,
            1.0
          ]
        ]
      },
      "bone_length_armature_space": 0.26752448136354295,
      "parent": "upperarm_l",
      "has_children": true,
      "is_end_bone": false
    },
    "metacarpal_thumb_l": {
      "name": "metacarpal_thumb_l",
      "local": {
        "location": {
          "x": 0.0,
          "y": 0.0,
          "z": 0.0
        },
        "rotation_quaternion": {
          "w": 0.9997966885566711,
          "x": 0.007281402125954628,
          "y": 0.0094546964392066,
          "z": 0.016251085326075554
        },
        "scale": {
          "x": 1.0,
          "y": 1.0,
          "z": 1.0
        },
        "matrix_basis": [
          [
            0.9992930293083191,
            -0.032357875257730484,
            0.019142210483551025,
            0.0
          ],
          [
            0.03263324871659279,
            0.9993657469749451,
            -0.014252545312047005,
            0.0
          ],
          [
            -0.01866888627409935,
            0.014867141842842102,
            0.9997152090072632,
            0.0
          ],
          [
            0.0,
            0.0,
            0.0,
            1.0
          ]
        ],
        "rotation_mode": "QUATERNION"
      },
      "armature_space": {
        "head": {
          "x": 0.6076242327690125,
          "y": -0.2865734100341797,
          "z": 0.4724225401878357
        },
        "tail": {
          "x": 0.6082009673118591,
          "y": -0.33281445503234863,
          "z": 0.4546736180782318
        }
      },
      "world_space": {
        "head": {
          "x": 0.6076242327690125,
          "y": -0.22332940995693207,
          "z": 1.422276496887207
        },
        "tail": {
          "x": 0.6082009673118591,
          "y": -0.2695704698562622,
          "z": 1.4045276641845703
        },
        "rotation_quaternion": {
          "w": 0.18221092224121094,
          "x": -0.9811511635780334,
          "y": 0.005966787692159414,
          "z": -0.06407863646745682
        },
        "matrix": [
          [
            0.9917165040969849,
            0.011642989702522755,
            0.12791599333286285,
            0.6076242327690125
          ],
          [
            -0.03506025671958923,
            -0.9335272908210754,
            0.3567877411842346,
            -0.22332940995693207
          ],
          [
            0.12356802076101303,
            -0.3583204746246338,
            -0.9253925681114197,
            1.422276496887207
          ],
          [
            0.0,
            0.0,
            0.0,
            1.0
          ]
        ]
      },
      "bone_length_armature_space": 0.04953373656852925,
      "parent": "lowerarm_l",
      "has_children": true,
      "is_end_bone": false
    },
    "thumb_01_l": {
      "name": "thumb_01_l",
      "local": {
        "location": {
          "x": 0.0,
          "y": 0.0,
          "z": 0.0
        },
        "rotation_quaternion": {
          "w": 0.9994651675224304,
          "x": 0.029052725061774254,
          "y": -0.011162933893501759,
          "z": -0.010037088766694069
        },
        "scale": {
          "x": 1.0,
          "y": 1.0,
          "z": 1.0
        },
        "matrix_basis": [
          [
            0.9995492696762085,
            0.019414814189076424,
            -0.022897137328982353,
            0.0
          ],
          [
            -0.020712068304419518,
            0.9981104135513306,
            -0.05785028636455536,
            0.0
          ],
          [
            0.02173071727156639,
            0.05829846113920212,
            0.9980626702308655,
            0.0
          ],
          [
            0.0,
            0.0,
            0.0,
            1.0
          ]
        ],
        "rotation_mode": "QUATERNION"
      },
      "armature_space": {
        "head": {
          "x": 0.6082009673118591,
          "y": -0.33281445503234863,
          "z": 0.4546736180782318
        },
        "tail": {
          "x": 0.6095294952392578,
          "y": -0.34540003538131714,
          "z": 0.4230749309062958
        }
      },
      "world_space": {
        "head": {
          "x": 0.6082009673118591,
          "y": -0.2695704698562622,
          "z": 1.4045276641845703
        },
        "tail": {
          "x": 0.6095294952392578,
          "y": -0.2821560502052307,
          "z": 1.3729289770126343
        },
        "rotation_quaternion": {
          "w": 0.39675503969192505,
          "x": -0.5597943067550659,
          "y": 0.39713120460510254,
          "z": -0.609510064125061
        },
        "matrix": [
          [
            -0.05843254178762436,
            0.03903087601065636,
            0.9975278973579407,
            0.6082009673118591
          ],
          [
            -0.9282757043838501,
            -0.36974483728408813,
            -0.03990880399942398,
            -0.2695704698562622
          ],
          [
            0.36727485060691833,
            -0.9283201694488525,
            0.05783692002296448,
            1.4045276641845703
          ],
          [
            0.0,
            0.0,
            0.0,
            1.0
          ]
        ]
      },
      "bone_length_armature_space": 0.03403878373710761,
      "parent": "metacarpal_thumb_l",
      "has_children": true,
      "is_end_bone": false
    },
    "thumb_02_l": {
      "name": "thumb_02_l",
      "local": {
        "location": {
          "x": 0.0,
          "y": 0.0,
          "z": 0.0
        },
        "rotation_quaternion": {
          "w": 0.9934697151184082,
          "x": 0.11402744054794312,
          "y": 0.0036340272054076195,
          "z": 0.001600756193511188
        },
        "scale": {
          "x": 1.0,
          "y": 1.0,
          "z": 1.0
        },
        "matrix_basis": [
          [
            0.9999684691429138,
            -0.002351847942918539,
            0.00758565217256546,
            0.0
          ],
          [
            0.004009363241493702,
            0.9739903807640076,
            -0.22655397653579712,
            0.0
          ],
          [
            -0.006855531595647335,
            0.2265772521495819,
            0.9739691019058228,
            0.0
          ],
          [
            0.0,
            0.0,
            0.0,
            1.0
          ]
        ],
        "rotation_mode": "QUATERNION"
      },
      "armature_space": {
        "head": {
          "x": 0.609529435634613,
          "y": -0.34540000557899475,
          "z": 0.4230749309062958
        },
        "tail": {
          "x": 0.6357533931732178,
          "y": -0.3758029341697693,
          "z": 0.42414480447769165
        }
      },
      "world_space": {
        "head": {
          "x": 0.609529435634613,
          "y": -0.28215599060058594,
          "z": 1.3729289770126343
        },
        "tail": {
          "x": 0.6357533931732178,
          "y": -0.31255894899368286,
          "z": 1.3739988803863525
        },
        "rotation_quaternion": {
          "w": 0.3419657051563263,
          "x": -0.14429861307144165,
          "y": -0.06766407936811447,
          "z": -0.9260987639427185
        },
        "matrix": [
          [
            -0.7244744300842285,
            0.6529159545898438,
            0.22099146246910095,
            0.609529435634613
          ],
          [
            -0.6138603091239929,
            -0.7569617033004761,
            0.2240186482667923,
            -0.28215599060058594
          ],
          [
            0.31354913115501404,
            0.02663731575012207,
            0.9492058157920837,
            1.3729289770126343
          ],
          [
            0.0,
            0.0,
            0.0,
            1.0
          ]
        ]
      },
      "bone_length_armature_space": 0.04016439487229205,
      "parent": "thumb_01_l",
      "has_children": true,
      "is_end_bone": false
    },
    "thumb_03_l": {
      "name": "thumb_03_l",
      "local": {
        "location": {
          "x": 0.0,
          "y": 0.0,
          "z": 0.0
        },
        "rotation_quaternion": {
          "w": 0.9970410466194153,
          "x": 0.07682507485151291,
          "y": 0.0014853528700768948,
          "z": -0.002231133170425892
        },
        "scale": {
          "x": 1.0,
          "y": 1.0,
          "z": 1.0
        },
        "matrix_basis": [
          [
            0.9999856352806091,
            0.004677287302911282,
            0.0026191016659140587,
            0.0
          ],
          [
            -0.004220838192850351,
            0.9881858825683594,
            -0.1532021313905716,
            0.0
          ],
          [
            -0.0033047294709831476,
            0.15318888425827026,
            0.9881914258003235,
            0.0
          ],
          [
            0.0,
            0.0,
            0.0,
            1.0
          ]
        ],
        "rotation_mode": "QUATERNION"
      },
      "armature_space": {
        "head": {
          "x": 0.635753333568573,
          "y": -0.3758029341697693,
          "z": 0.4241447448730469
        },
        "tail": {
          "x": 0.6586679220199585,
          "y": -0.39222002029418945,
          "z": 0.4356466233730316
        }
      },
      "world_space": {
        "head": {
          "x": 0.635753333568573,
          "y": -0.31255894899368286,
          "z": 1.373998761177063
        },
        "tail": {
          "x": 0.6586679220199585,
          "y": -0.328976035118103,
          "z": 1.3855006694793701
        },
        "rotation_quaternion": {
          "w": 0.4511972665786743,
          "x": 0.10252530127763748,
          "y": -0.16371123492717743,
          "z": -0.8712682723999023
        },
        "matrix": [
          [
            -0.5718186497688293,
            0.7526586055755615,
            -0.3263865113258362,
            0.635753333568573
          ],
          [
            -0.8197968602180481,
            -0.5392391085624695,
            0.1927538514137268,
            -0.31255894899368286
          ],
          [
            -0.03092360496520996,
            0.3777931332588196,
            0.9253812432289124,
            1.373998761177063
          ],
          [
            0.0,
            0.0,
            0.0,
            1.0
          ]
        ]
      },
      "bone_length_armature_space": 0.03044490601450205,
      "parent": "thumb_02_l",
      "has_children": false,
      "is_end_bone": true
    },
    "metacarpal_index_l": {
      "name": "metacarpal_index_l",
      "local": {
        "location": {
          "x": 0.0,
          "y": 0.0,
          "z": 0.0
        },
        "rotation_quaternion": {
          "w": 0.999211311340332,
          "x": 0.03694320470094681,
          "y": 0.014499216340482235,
          "z": 0.001385816023685038
        },
        "scale": {
          "x": 1.0,
          "y": 1.0,
          "z": 1.0
        },
        "matrix_basis": [
          [
            0.9995757341384888,
            -0.001698151114396751,
            0.029077954590320587,
            0.0
          ],
          [
            0.0038407412357628345,
            0.9972665309906006,
            -0.07378794997930527,
            0.0
          ],
          [
            -0.028873169794678688,
            0.07386831939220428,
            0.9968499541282654,
            0.0
          ],
          [
            0.0,
            0.0,
            0.0,
            1.0
          ]
        ],
        "rotation_mode": "QUATERNION"
      },
      "armature_space": {
        "head": {
          "x": 0.6076242327690125,
          "y": -0.2865734100341797,
          "z": 0.4724225401878357
        },
        "tail": {
          "x": 0.6432160139083862,
          "y": -0.39536282420158386,
          "z": 0.4473761022090912
        }
      },
      "world_space": {
        "head": {
          "x": 0.6076242327690125,
          "y": -0.22332940995693207,
          "z": 1.422276496887207
        },
        "tail": {
          "x": 0.6432160139083862,
          "y": -0.33211880922317505,
          "z": 1.3972301483154297
        },
        "rotation_quaternion": {
          "w": 0.07562488317489624,
          "x": -0.9620166420936584,
          "y": -0.17335045337677002,
          "z": 0.19686149060726166
        },
        "matrix": [
          [
            0.8623901009559631,
            0.3037571310997009,
            -0.40498727560043335,
            0.6076242327690125
          ],
          [
            0.3633073568344116,
            -0.9284612536430359,
            0.07725172489881516,
            -0.22332940995693207
          ],
          [
            -0.3525513708591461,
            -0.2137584239244461,
            -0.9110592603683472,
            1.422276496887207
          ],
          [
            0.0,
            0.0,
            0.0,
            1.0
          ]
        ]
      },
      "bone_length_armature_space": 0.1171718197007862,
      "parent": "lowerarm_l",
      "has_children": true,
      "is_end_bone": false
    },
    "index_01_l": {
      "name": "index_01_l",
      "local": {
        "location": {
          "x": 0.0,
          "y": 0.0,
          "z": 0.0
        },
        "rotation_quaternion": {
          "w": 0.9967135190963745,
          "x": -0.0801079049706459,
          "y": 0.010874682106077671,
          "z": -0.005160022526979446
        },
        "scale": {
          "x": 1.0,
          "y": 1.0,
          "z": 1.0
        },
        "matrix_basis": [
          [
            0.999710202217102,
            0.0085438322275877,
            0.022504601627588272,
            0.0
          ],
          [
            -0.012028424069285393,
            0.9871122241020203,
            0.15957704186439514,
            0.0
          ],
          [
            -0.020851168781518936,
            -0.15980149805545807,
            0.9869289398193359,
            0.0
          ],
          [
            0.0,
            0.0,
            0.0,
            1.0
          ]
        ],
        "rotation_mode": "QUATERNION"
      },
      "armature_space": {
        "head": {
          "x": 0.6432160139083862,
          "y": -0.39536282420158386,
          "z": 0.4473761022090912
        },
        "tail": {
          "x": 0.662643313407898,
          "y": -0.4161926507949829,
          "z": 0.4460463225841522
        }
      },
      "world_space": {
        "head": {
          "x": 0.6432160139083862,
          "y": -0.33211880922317505,
          "z": 1.3972301483154297
        },
        "tail": {
          "x": 0.662643313407898,
          "y": -0.3529486656188965,
          "z": 1.3959003686904907
        },
        "rotation_quaternion": {
          "w": 0.019798411056399345,
          "x": 0.9232407808303833,
          "y": 0.3665468692779541,
          "z": -0.11348190158605576
        },
        "matrix": [
          [
            0.7055303454399109,
            0.681315541267395,
            -0.1950279176235199,
            0.6432160139083862
          ],
          [
            0.6723284721374512,
            -0.7305029034614563,
            -0.11975130438804626,
            -0.33211880922317505
          ],
          [
            -0.22405782341957092,
            -0.04663573205471039,
            -0.9734666347503662,
            1.3972301483154297
          ],
          [
            0.0,
            0.0,
            0.0,
            1.0
          ]
        ]
      },
      "bone_length_armature_space": 0.028514381481589458,
      "parent": "metacarpal_index_l",
      "has_children": true,
      "is_end_bone": false
    },
    "index_02_l": {
      "name": "index_02_l",
      "local": {
        "location": {
          "x": 0.0,
          "y": 0.0,
          "z": 0.0
        },
        "rotation_quaternion": {
          "w": 0.9873979687690735,
          "x": 0.1581602692604065,
          "y": 0.0004118052893318236,
          "z": -0.005521051120012999
        },
        "scale": {
          "x": 1.0,
          "y": 1.0,
          "z": 1.0
        },
        "matrix_basis": [
          [
            0.9999387264251709,
            0.011033211834728718,
            -0.0009331904584541917,
            0.0
          ],
          [
            -0.010772686451673508,
            0.9499096870422363,
            -0.31233879923820496,
            0.0
          ],
          [
            -0.00255965325050056,
            0.3123297095298767,
            0.9499703049659729,
            0.0
          ],
          [
            0.0,
            0.0,
            0.0,
            1.0
          ]
        ],
        "rotation_mode": "QUATERNION"
      },
      "armature_space": {
        "head": {
          "x": 0.662643313407898,
          "y": -0.4161931276321411,
          "z": 0.44604605436325073
        },
        "tail": {
          "x": 0.67839115858078,
          "y": -0.4346911311149597,
          "z": 0.43780460953712463
        }
      },
      "world_space": {
        "head": {
          "x": 0.662643313407898,
          "y": -0.3529491424560547,
          "z": 1.395900011062622
        },
        "tail": {
          "x": 0.67839115858078,
          "y": -0.3714471459388733,
          "z": 1.3876585960388184
        },
        "rotation_quaternion": {
          "w": 0.09939473867416382,
          "x": -0.9067399501800537,
          "y": -0.35997501015663147,
          "z": 0.19586092233657837
        },
        "matrix": [
          [
            0.6641123294830322,
            0.613872766494751,
            -0.4267490804195404,
            0.662643313407898
          ],
          [
            0.6917427778244019,
            -0.7210773825645447,
            0.03923866152763367,
            -0.3529491424560547
          ],
          [
            -0.28363290429115295,
            -0.3212624490261078,
            -0.9035246968269348,
            1.395900011062622
          ],
          [
            0.0,
            0.0,
            0.0,
            1.0
          ]
        ]
      },
      "bone_length_armature_space": 0.02565330731716391,
      "parent": "index_01_l",
      "has_children": true,
      "is_end_bone": false
    },
    "index_03_l": {
      "name": "index_03_l",
      "local": {
        "location": {
          "x": 0.0,
          "y": 0.0,
          "z": 0.0
        },
        "rotation_quaternion": {
          "w": 0.9711350798606873,
          "x": 0.2384171187877655,
          "y": -0.007294350303709507,
          "z": 0.0009586430387571454
        },
        "scale": {
          "x": 1.0,
          "y": 1.0,
          "z": 1.0
        },
        "matrix_basis": [
          [
            0.9998917579650879,
            -0.005340139847248793,
            -0.013710484839975834,
            0.0
          ],
          [
            -0.0016162522369995713,
            0.88631272315979,
            -0.4630844295024872,
            0.0
          ],
          [
            0.014624712988734245,
            0.4630564749240875,
            0.8862081170082092,
            0.0
          ],
          [
            0.0,
            0.0,
            0.0,
            1.0
          ]
        ],
        "rotation_mode": "QUATERNION"
      },
      "armature_space": {
        "head": {
          "x": 0.6783912181854248,
          "y": -0.4346911311149597,
          "z": 0.4378047585487366
        },
        "tail": {
          "x": 0.688732922077179,
          "y": -0.44954100251197815,
          "z": 0.414864182472229
        }
      },
      "world_space": {
        "head": {
          "x": 0.6783912181854248,
          "y": -0.3714471459388733,
          "z": 1.3876588344573975
        },
        "tail": {
          "x": 0.688732922077179,
          "y": -0.38629698753356934,
          "z": 1.3647181987762451
        },
        "rotation_quaternion": {
          "w": 0.36676540970802307,
          "x": -0.8257433176040649,
          "y": -0.33371680974960327,
          "z": 0.2688201367855072
        },
        "matrix": [
          [
            0.6327366828918457,
            0.35394179821014404,
            -0.6887446641921997,
            0.6783912181854248
          ],
          [
            0.7483174800872803,
            -0.5082325339317322,
            0.4262874126434326,
            -0.3714471459388733
          ],
          [
            -0.19916221499443054,
            -0.7851333618164062,
            -0.5864417552947998,
            1.3876588344573975
          ],
          [
            0.0,
            0.0,
            0.0,
            1.0
          ]
        ]
      },
      "bone_length_armature_space": 0.029218821435242744,
      "parent": "index_02_l",
      "has_children": false,
      "is_end_bone": true
    },
    "metacarpal_pinky_l": {
      "name": "metacarpal_pinky_l",
      "local": {
        "location": {
          "x": 0.0,
          "y": 0.0,
          "z": 0.0
        },
        "rotation_quaternion": {
          "w": 0.9998486042022705,
          "x": -0.012822432443499565,
          "y": 0.0001853671856224537,
          "z": -0.011760847643017769
        },
        "scale": {
          "x": 1.0,
          "y": 1.0,
          "z": 1.0
        },
        "matrix_basis": [
          [
            0.9997233152389526,
            0.02351338043808937,
            0.0006722835823893547,
            0.0
          ],
          [
            -0.023522887378931046,
            0.9993945360183716,
            0.025636622682213783,
            0.0
          ],
          [
            -6.90728920744732e-05,
            -0.025645341724157333,
            0.9996711015701294,
            0.0
          ],
          [
            0.0,
            0.0,
            0.0,
            1.0
          ]
        ],
        "rotation_mode": "QUATERNION"
      },
      "armature_space": {
        "head": {
          "x": 0.6076242327690125,
          "y": -0.2865734100341797,
          "z": 0.4724225401878357
        },
        "tail": {
          "x": 0.6910831928253174,
          "y": -0.34883177280426025,
          "z": 0.47372952103614807
        }
      },
      "world_space": {
        "head": {
          "x": 0.6076242327690125,
          "y": -0.22332940995693207,
          "z": 1.422276496887207
        },
        "tail": {
          "x": 0.6910831928253174,
          "y": -0.28558778762817383,
          "z": 1.4235835075378418
        },
        "rotation_quaternion": {
          "w": 0.43488168716430664,
          "x": 0.23131915926933289,
          "y": 0.10924448817968369,
          "z": -0.8633858561515808
        },
        "matrix": [
          [
            -0.5147384405136108,
            0.8014824986457825,
            -0.3044171631336212,
            0.6076242327690125
          ],
          [
            -0.700401246547699,
            -0.597886323928833,
            -0.3898336887359619,
            -0.22332940995693207
          ],
          [
            -0.4944559335708618,
            0.012551281601190567,
            0.869120180606842,
            1.422276496887207
          ],
          [
            0.0,
            0.0,
            0.0,
            1.0
          ]
        ]
      },
      "bone_length_armature_space": 0.10413073438157723,
      "parent": "lowerarm_l",
      "has_children": true,
      "is_end_bone": false
    },
    "pinky_01_l": {
      "name": "pinky_01_l",
      "local": {
        "location": {
          "x": 0.0,
          "y": 0.0,
          "z": 0.0
        },
        "rotation_quaternion": {
          "w": 0.99974524974823,
          "x": 0.016255516558885574,
          "y": 0.01335908193141222,
          "z": -0.008183023892343044
        },
        "scale": {
          "x": 1.0,
          "y": 1.0,
          "z": 1.0
        },
        "matrix_basis": [
          [
            0.9995091557502747,
            0.01679619587957859,
            0.02644531801342964,
            0.0
          ],
          [
            -0.01592756062746048,
            0.9993376135826111,
            -0.0327213853597641,
            0.0
          ],
          [
            -0.02697739563882351,
            0.03228411450982094,
            0.9991145730018616,
            0.0
          ],
          [
            0.0,
            0.0,
            0.0,
            1.0
          ]
        ],
        "rotation_mode": "QUATERNION"
      },
      "armature_space": {
        "head": {
          "x": 0.6910831928253174,
          "y": -0.34883177280426025,
          "z": 0.47372952103614807
        },
        "tail": {
