{
  "metadata": {
    "armature_name": "KIM_caucasian_male",
    "export_time": "2026-01-13T21:07:37.777546",
    "blender_version": "4.4.1",
    "bone_count": 56,
    "end_bone_count": 13,
    "spaces_included": [
      "LOCAL_CHANNELS",
      "ARMATURE_SPACE",
      "WORLD_SPACE"
    ],
    "note": "LOCAL matches Transform panel; replay pose via local.matrix_basis for best fidelity."
  },
  "bones": {
    "Root": {
      "name": "Root",
      "local": {
        "location": {
          "x": 0.0,
          "y": 0.0,
          "z": 0.0
        },
        "rotation_quaternion": {
          "w": 0.9997533559799194,
          "x": 0.01739281229674816,
          "y": -0.010747653432190418,
          "z": -0.008681109175086021
        },
        "scale": {
          "x": 1.0,
          "y": 1.0,
          "z": 1.0
        },
        "matrix_basis": [
          [
            0.9996182322502136,
            0.01698407158255577,
            -0.021791983395814896,
            0.0
          ],
          [
            -0.01773180067539215,
            0.9992442727088928,
            -0.03459044173359871,
            0.0
          ],
          [
            0.021188028156757355,
            0.03496364876627922,
            0.9991639852523804,
            0.0
          ],
          [
            0.0,
            0.0,
            0.0,
            1.0
          ]
        ],
        "rotation_mode": "QUATERNION"
      },
      "armature_space": {
        "head": {
          "x": 0.0,
          "y": 0.07072800397872925,
          "z": -0.009595036506652832
        },
        "tail": {
          "x": 0.0012122528860345483,
          "y": -0.00028201937675476074,
          "z": -0.0024801786057651043
        }
      },
      "world_space": {
        "head": {
          "x": 0.0,
          "y": 0.13397200405597687,
          "z": 0.9402589797973633
        },
        "tail": {
          "x": 0.0012122528860345483,
          "y": 0.06296198070049286,
          "z": 0.9473738670349121
        },
        "rotation_quaternion": {
          "w": 0.04999773949384689,
          "x": 0.9986538887023926,
          "y": 0.007937341928482056,
          "z": -0.011308067478239536
        },
        "matrix": [
          [
            0.9996182322502136,
            0.01698407158255577,
            -0.021791983395814896,
            0.0
          ],
          [
            0.014722551219165325,
            -0.9948744177818298,
            -0.10004083812236786,
            0.13397200405597687
          ],
          [
            -0.02337953820824623,
            0.099681556224823,
            -0.9947517514228821,
            0.9402589797973633
          ],
          [
            0.0,
            0.0,
            0.0,
            1.0
          ]
        ]
      },
      "bone_length_armature_space": 0.0713758660407957,
      "parent": null,
      "has_children": true,
      "is_end_bone": false
    },
    "spine_01": {
      "name": "spine_01",
      "local": {
        "location": {
          "x": 0.0,
          "y": 0.0,
          "z": 0.0
        },
        "rotation_quaternion": {
          "w": 0.9983804225921631,
          "x": -0.04070335999131203,
          "y": 0.037653326988220215,
          "z": 0.012731571681797504
        },
        "scale": {
          "x": 1.0,
          "y": 1.0,
          "z": 1.0
        },
        "matrix_basis": [
          [
            0.996840238571167,
            -0.02848713845014572,
            0.0741482526063919,
            0.0
          ],
          [
            0.02235667034983635,
            0.9963622689247131,
            0.08223364502191544,
            0.0
          ],
          [
            -0.07622112333774567,
            -0.08031610399484634,
            0.9938509464263916,
            0.0
          ],
          [
            0.0,
            0.0,
            0.0,
            1.0
          ]
        ],
        "rotation_mode": "QUATERNION"
      },
      "armature_space": {
        "head": {
          "x": 0.0012122528860345483,
          "y": -0.00028201937675476074,
          "z": -0.0024801786057651043
        },
        "tail": {
          "x": -0.001990952994674444,
          "y": 0.04460088163614273,
          "z": 0.48344552516937256
        }
      },
      "world_space": {
        "head": {
          "x": 0.0012122528860345483,
          "y": 0.06296198070049286,
          "z": 0.9473738670349121
        },
        "tail": {
          "x": -0.001990952994674444,
          "y": 0.10784488171339035,
          "z": 1.4332995414733887
        },
        "rotation_quaternion": {
          "w": 0.7382403612136841,
          "x": 0.6729924082756042,
          "y": 0.03142332285642624,
          "z": 0.03309168666601181
        },
        "matrix": [
          [
            0.99583500623703,
            -0.006563929840922356,
            0.09093686938285828,
            0.0012122528860345483
          ],
          [
            0.09115458279848099,
            0.09197292476892471,
            -0.9915805459022522,
            0.06296198070049286
          ],
          [
            -0.0018549899104982615,
            0.995746910572052,
            0.09218791127204895,
            0.9473738670349121
          ],
          [
            0.0,
            0.0,
            0.0,
            1.0
          ]
        ]
      },
      "bone_length_armature_space": 0.4880046317548959,
      "parent": "Root",
      "has_children": true,
      "is_end_bone": false
    },
    "neck_01": {
      "name": "neck_01",
      "local": {
        "location": {
          "x": 0.0,
          "y": 0.0,
          "z": 0.0
        },
        "rotation_quaternion": {
          "w": 0.9877709746360779,
          "x": -0.0019803231116384268,
          "y": 0.07625507563352585,
          "z": 0.13597694039344788
        },
        "scale": {
          "x": 1.0,
          "y": 1.0,
          "z": 1.0
        },
        "matrix_basis": [
          [
            0.9513908624649048,
            -0.2689301669597626,
            0.1501065492630005,
            0.0
          ],
          [
            0.26832613348960876,
            0.9630126953125,
            0.024650074541568756,
            0.0
          ],
          [
            -0.15118364989757538,
            0.01682565174996853,
            0.9883624911308289,
            0.0
          ],
          [
            0.0,
            0.0,
            0.0,
            1.0
          ]
        ],
        "rotation_mode": "QUATERNION"
      },
      "armature_space": {
        "head": {
          "x": 0.0006821767892688513,
          "y": 0.016946546733379364,
          "z": 0.5595496892929077
        },
        "tail": {
          "x": -0.02382044494152069,
          "y": -0.015955626964569092,
          "z": 0.6535061001777649
        }
      },
      "world_space": {
        "head": {
          "x": 0.0006821767892688513,
          "y": 0.08019054681062698,
          "z": 1.5094037055969238
        },
        "tail": {
          "x": -0.02382044494152069,
          "y": 0.04728837311267853,
          "z": 1.6033601760864258
        },
        "rotation_quaternion": {
          "w": 0.5820373892784119,
          "x": 0.7952496409416199,
          "y": -0.027704382315278053,
          "z": 0.16746041178703308
        },
        "matrix": [
          [
            0.9423792958259583,
            -0.23900021612644196,
            0.23409444093704224,
            0.0006821767892688513
          ],
          [
            0.1508713811635971,
            -0.32093000411987305,
            -0.9350091218948364,
            0.08019054681062698
          ],
          [
            0.29859745502471924,
            0.9164572358131409,
            -0.2663821280002594,
            1.5094037055969238
          ],
          [
            0.0,
            0.0,
            0.0,
            1.0
          ]
        ]
      },
      "bone_length_armature_space": 0.1025218949251664,
      "parent": "spine_01",
      "has_children": true,
      "is_end_bone": false
    },
    "head": {
      "name": "head",
      "local": {
        "location": {
          "x": 0.0,
          "y": 0.0,
          "z": 0.0
        },
        "rotation_quaternion": {
          "w": 0.9938881397247314,
          "x": -0.028510626405477524,
          "y": -0.07907576858997345,
          "z": 0.07155779004096985
        },
        "scale": {
          "x": 1.0,
          "y": 1.0,
          "z": 1.0
        },
        "matrix_basis": [
          [
            0.9772530198097229,
            -0.1377318799495697,
            -0.16126525402069092,
            0.0
          ],
          [
            0.14674988389015198,
            0.9881332516670227,
            0.045355770736932755,
            0.0
          ],
          [
            0.15310461819171906,
            -0.06798972189426422,
            0.9858683347702026,
            0.0
          ],
          [
            0.0,
            0.0,
            0.0,
            1.0
          ]
        ],
        "rotation_mode": "QUATERNION"
      },
      "armature_space": {
        "head": {
          "x": -0.023820390924811363,
          "y": -0.015955746173858643,
          "z": 0.6535059809684753
        },
        "tail": {
          "x": -0.09252475202083588,
          "y": -0.002766331657767296,
          "z": 0.7919219732284546
        }
      },
      "world_space": {
        "head": {
          "x": -0.023820390924811363,
          "y": 0.04728825390338898,
          "z": 1.6033599376678467
        },
        "tail": {
          "x": -0.09252475202083588,
          "y": 0.060477666556835175,
          "z": 1.7417759895324707
        },
        "rotation_quaternion": {
          "w": 0.7170114517211914,
          "x": 0.6585870385169983,
          "y": -0.16857017576694489,
          "z": 0.15408392250537872
        },
        "matrix": [
          [
            0.8956847190856934,
            -0.4429961144924164,
            -0.03877615928649902,
            -0.023820390924811363
          ],
          [
            -0.0010737329721450806,
            0.08504349738359451,
            -0.9963768124580383,
            0.04728825390338898
          ],
          [
            0.4446916878223419,
            0.8924871683120728,
            0.07569611072540283,
            1.6033599376678467
          ],
          [
            0.0,
            0.0,
            0.0,
            1.0
          ]
        ]
      },
      "bone_length_armature_space": 0.155091059623747,
      "parent": "neck_01",
      "has_children": false,
      "is_end_bone": true
    },
    "upperarm_l": {
      "name": "upperarm_l",
      "local": {
        "location": {
          "x": 0.0,
          "y": 0.0,
          "z": 0.0
        },
        "rotation_quaternion": {
          "w": 0.9800188541412354,
          "x": -0.0781906396150589,
          "y": -0.154656320810318,
          "z": -0.09762576222419739
        },
        "scale": {
          "x": 1.0,
          "y": 1.0,
          "z": 1.0
        },
        "matrix_basis": [
          [
            0.933101236820221,
            0.21553552150726318,
            -0.28786537051200867,
            0.0
          ],
          [
            -0.16716481745243073,
            0.9687108397483826,
            0.1834534853696823,
            0.0
          ],
          [
            0.3183990716934204,
            -0.1230597198009491,
            0.9399352669715881,
            0.0
          ],
          [
            0.0,
            0.0,
            0.0,
            1.0
          ]
        ],
        "rotation_mode": "QUATERNION"
      },
      "armature_space": {
        "head": {
          "x": 0.1507885903120041,
          "y": 0.021276164799928665,
          "z": 0.4926435649394989
        },
        "tail": {
          "x": 0.4028141498565674,
          "y": 0.08303189277648926,
          "z": 0.42573297023773193
        }
      },
      "world_space": {
        "head": {
          "x": 0.1507885903120041,
          "y": 0.08452016115188599,
          "z": 1.4424976110458374
        },
        "tail": {
          "x": 0.4028141498565674,
          "y": 0.14627589285373688,
          "z": 1.375586986541748
        },
        "rotation_quaternion": {
          "w": 0.5987834930419922,
          "x": 0.26574379205703735,
          "y": 0.5066447854042053,
          "z": -0.5604904890060425
        },
        "matrix": [
          [
            -0.14167842268943787,
            0.9405010938644409,
            0.3088444173336029,
            0.1507885903120041
          ],
          [
            -0.40194934606552124,
            0.2304581105709076,
            -0.8861862421035767,
            0.08452016115188599
          ],
          [
            -0.9046413898468018,
            -0.24969482421875,
            0.3453843891620636,
            1.4424976110458374
          ],
          [
            0.0,
            0.0,
            0.0,
            1.0
          ]
        ]
      },
      "bone_length_armature_space": 0.2679695417327139,
      "parent": "spine_01",
      "has_children": true,
      "is_end_bone": false
    },
    "lowerarm_l": {
      "name": "lowerarm_l",
      "local": {
        "location": {
          "x": 0.0,
          "y": 0.0,
          "z": 0.0
        },
        "rotation_quaternion": {
          "w": 0.966056227684021,
          "x": 0.2030147761106491,
          "y": -0.016131257638335228,
          "z": 0.1589343398809433
        },
        "scale": {
          "x": 1.0,
          "y": 1.0,
          "z": 1.0
        },
        "matrix_basis": [
          [
            0.9489592909812927,
            -0.31362879276275635,
            0.033364634960889816,
            0.0
          ],
          [
            0.30052924156188965,
            0.8670497536659241,
            -0.3973749876022339,
            0.0
          ],
          [
            0.09569944441318512,
            0.38711977005004883,
            0.9170495867729187,
            0.0
          ],
          [
            0.0,
            0.0,
            0.0,
            1.0
          ]
        ],
        "rotation_mode": "QUATERNION"
      },
      "armature_space": {
        "head": {
          "x": 0.40281426906585693,
          "y": 0.08303192257881165,
          "z": 0.4257330894470215
        },
        "tail": {
          "x": 0.6546379327774048,
          "y": 0.07435913383960724,
          "z": 0.5156166553497314
        }
      },
      "world_space": {
        "head": {
          "x": 0.40281426906585693,
          "y": 0.14627592265605927,
          "z": 1.3755871057510376
        },
        "tail": {
          "x": 0.6546379327774048,
          "y": 0.13760313391685486,
          "z": 1.4654706716537476
        },
        "rotation_quaternion": {
          "w": 0.6557132005691528,
          "x": 0.45340481400489807,
          "y": 0.23201683163642883,
          "z": -0.5573441982269287
        },
        "matrix": [
          [
            0.27106955647468567,
            0.9413108229637146,
            -0.20113390684127808,
            0.40281426906585693
          ],
          [
            -0.5205230712890625,
            -0.032418668270111084,
            -0.8532321453094482,
            0.14627592265605927
          ],
          [
            -0.8096831440925598,
            0.33598247170448303,
            0.48118889331817627,
            1.3755871057510376
          ],
          [
            0.0,
            0.0,
            0.0,
            1.0
          ]
        ]
      },
      "bone_length_armature_space": 0.26752463022141093,
      "parent": "upperarm_l",
      "has_children": true,
      "is_end_bone": false
    },
    "metacarpal_thumb_l": {
      "name": "metacarpal_thumb_l",
      "local": {
        "location": {
          "x": 0.0,
          "y": 0.0,
          "z": 0.0
        },
        "rotation_quaternion": {
          "w": 0.9997049570083618,
          "x": -0.018973346799612045,
          "y": 0.011505045928061008,
          "z": 0.00988855678588152
        },
        "scale": {
          "x": 1.0,
          "y": 1.0,
          "z": 1.0
        },
        "matrix_basis": [
          [
            0.9995396733283997,
            -0.020207857713103294,
            0.022628065198659897,
            0.0
          ],
          [
            0.01933469995856285,
            0.99908447265625,
            0.03816303610801697,
            0.0
          ],
          [
            -0.023378541693091393,
            -0.03770796209573746,
            0.9990152716636658,
            0.0
          ],
          [
            0.0,
            0.0,
            0.0,
            1.0
          ]
        ],
        "rotation_mode": "QUATERNION"
      },
      "armature_space": {
        "head": {
          "x": 0.6546379327774048,
          "y": 0.07435913383960724,
          "z": 0.5156166553497314
        },
        "tail": {
          "x": 0.6870232224464417,
          "y": 0.04379242658615112,
          "z": 0.5373066663742065
        }
      },
      "world_space": {
        "head": {
          "x": 0.6546379327774048,
          "y": 0.13760313391685486,
          "z": 1.4654706716537476
        },
        "tail": {
          "x": 0.6870232224464417,
          "y": 0.10703642666339874,
          "z": 1.4871606826782227
        },
        "rotation_quaternion": {
          "w": 0.2521567642688751,
          "x": 0.8989314436912537,
          "y": 0.35759198665618896,
          "z": -0.021618811413645744
        },
        "matrix": [
          [
            0.7433207035064697,
            0.653803825378418,
            0.14147186279296875,
            0.6546379327774048
          ],
          [
            0.6319992542266846,
            -0.6170895099639893,
            -0.46880462765693665,
            0.13760313391685486
          ],
          [
            -0.21920639276504517,
            0.4378848075866699,
            -0.8719053268432617,
            1.4654706716537476
          ],
          [
            0.0,
            0.0,
            0.0,
            1.0
          ]
        ]
      },
      "bone_length_armature_space": 0.049533696664643224,
      "parent": "lowerarm_l",
      "has_children": true,
      "is_end_bone": false
    },
    "thumb_01_l": {
      "name": "thumb_01_l",
      "local": {
        "location": {
          "x": 0.0,
          "y": 0.0,
          "z": 0.0
        },
        "rotation_quaternion": {
          "w": 0.9826178550720215,
          "x": 0.18499493598937988,
          "y": 0.007117432076483965,
          "z": 0.013725046999752522
        },
        "scale": {
          "x": 1.0,
          "y": 1.0,
          "z": 1.0
        },
        "matrix_basis": [
          [
            0.9995219111442566,
            -0.024339575320482254,
            0.019065560773015022,
            0.0
          ],
          [
            0.029606331139802933,
            0.931177020072937,
            -0.36336326599121094,
            0.0
          ],
          [
            -0.008909303694963455,
            0.3637540340423584,
            0.9314524531364441,
            0.0
          ],
          [
            0.0,
            0.0,
            0.0,
            1.0
          ]
        ],
        "rotation_mode": "QUATERNION"
      },
      "armature_space": {
        "head": {
          "x": 0.6870232224464417,
          "y": 0.04379242658615112,
          "z": 0.5373066663742065
        },
        "tail": {
          "x": 0.7108173370361328,
          "y": 0.02418561466038227,
          "z": 0.5228830575942993
        }
      },
      "world_space": {
        "head": {
          "x": 0.6870232224464417,
          "y": 0.10703642666339874,
          "z": 1.4871606826782227
        },
        "tail": {
          "x": 0.7108173370361328,
          "y": 0.08742961287498474,
          "z": 1.4727370738983154
        },
        "rotation_quaternion": {
          "w": 0.4238051772117615,
          "x": -0.7202466130256653,
          "y": -0.17994827032089233,
          "z": -0.51889568567276
        },
        "matrix": [
          [
            0.3967326283454895,
            0.6990344524383545,
            0.594940185546875,
            0.6870232224464417
          ],
          [
            -0.18060533702373505,
            -0.5760173797607422,
            0.7972365617752075,
            0.10703642666339874
          ],
          [
            0.8999974131584167,
            -0.42374247312545776,
            -0.1022755354642868,
            1.4871606826782227
          ],
          [
            0.0,
            0.0,
            0.0,
            1.0
          ]
        ]
      },
      "bone_length_armature_space": 0.034038617447060646,
      "parent": "metacarpal_thumb_l",
      "has_children": true,
      "is_end_bone": false
    },
    "thumb_02_l": {
      "name": "thumb_02_l",
      "local": {
        "location": {
          "x": 0.0,
          "y": 0.0,
          "z": 0.0
        },
        "rotation_quaternion": {
          "w": 0.9420395493507385,
          "x": 0.33545181155204773,
          "y": 0.005236748605966568,
          "z": 0.002517135115340352
        },
        "scale": {
          "x": 1.0,
          "y": 1.0,
          "z": 1.0
        },
        "matrix_basis": [
          [
            0.9999324679374695,
            -0.0012291281018406153,
            0.0115552032366395,
            0.0
          ],
          [
            0.008255835622549057,
            0.7749314904212952,
            -0.6319913864135742,
            0.0
          ],
          [
            -0.00817769393324852,
            0.6320441365242004,
            0.7748892903327942,
            0.0
          ],
          [
            0.0,
            0.0,
            0.0,
            1.0
          ]
        ],
        "rotation_mode": "QUATERNION"
      },
      "armature_space": {
        "head": {
          "x": 0.7108173370361328,
          "y": 0.02418559230864048,
          "z": 0.5228830575942993
        },
        "tail": {
          "x": 0.7341101765632629,
          "y": 0.046735864132642746,
          "z": 0.5465920567512512
        }
      },
      "world_space": {
        "head": {
          "x": 0.7108173370361328,
          "y": 0.08742959052324295,
          "z": 1.4727370738983154
        },
        "tail": {
          "x": 0.7341101765632629,
          "y": 0.10997986793518066,
          "z": 1.496446132659912
        },
        "rotation_quaternion": {
          "w": 0.6415577530860901,
          "x": 0.01688375324010849,
          "y": -0.6075602769851685,
          "z": -0.46796277165412903
        },
        "matrix": [
          [
            -0.1762387901544571,
            0.5799371600151062,
            -0.7953695058822632,
            0.7108173370361328
          ],
          [
            -0.6209661364555359,
            0.5614491701126099,
            0.5469703078269958,
            0.08742959052324295
          ],
          [
            0.7637723088264465,
            0.5902991890907288,
            0.26117441058158875,
            1.4727370738983154
          ],
          [
            0.0,
            0.0,
            0.0,
            1.0
          ]
        ]
      },
      "bone_length_armature_space": 0.040164508938557435,
      "parent": "thumb_01_l",
      "has_children": true,
      "is_end_bone": false
    },
    "thumb_03_l": {
      "name": "thumb_03_l",
      "local": {
        "location": {
          "x": 0.0,
          "y": 0.0,
          "z": 0.0
        },
        "rotation_quaternion": {
          "w": 0.9824596643447876,
          "x": 0.18628378212451935,
          "y": -0.006945242639631033,
          "z": 0.004811890423297882
        },
        "scale": {
          "x": 1.0,
          "y": 1.0,
          "z": 1.0
        },
        "matrix_basis": [
          [
            0.9998572468757629,
            -0.012042548507452011,
            -0.011854087002575397,
            0.0
          ],
          [
            0.0068674045614898205,
            0.9305503964424133,
            -0.36609944701194763,
            0.0
          ],
          [
            0.015439596027135849,
            0.36596575379371643,
            0.9305002093315125,
            0.0
          ],
          [
            0.0,
            0.0,
            0.0,
            1.0
          ]
        ],
        "rotation_mode": "QUATERNION"
      },
      "armature_space": {
        "head": {
          "x": 0.7341101765632629,
          "y": 0.046735771000385284,
          "z": 0.546592116355896
        },
        "tail": {
          "x": 0.7343227863311768,
          "y": 0.0707126185297966,
          "z": 0.5653527975082397
        }
      },
      "world_space": {
        "head": {
          "x": 0.7341101765632629,
          "y": 0.1099797710776329,
          "z": 1.496446132659912
        },
        "tail": {
          "x": 0.7343227863311768,
          "y": 0.13395661115646362,
          "z": 1.5152068138122559
        },
        "rotation_quaternion": {
          "w": 0.7451086640357971,
          "x": 0.2545854449272156,
          "y": -0.5818827748298645,
          "z": -0.2034991979598999
        },
        "matrix": [
          [
            0.24000203609466553,
            0.006982952356338501,
            -0.9707472920417786,
            0.7341101765632629
          ],
          [
            -0.5995357632637024,
            0.7875493764877319,
            -0.14256064593791962,
            0.1099797710776329
          ],
          [
            0.763520359992981,
            0.6162170767784119,
            0.19320110976696014,
            1.496446132659912
          ],
          [
            0.0,
            0.0,
            0.0,
            1.0
          ]
        ]
      },
      "bone_length_armature_space": 0.03044499308250405,
      "parent": "thumb_02_l",
      "has_children": false,
      "is_end_bone": true
    },
    "metacarpal_index_l": {
      "name": "metacarpal_index_l",
      "local": {
        "location": {
          "x": 0.0,
          "y": 0.0,
          "z": 0.0
        },
        "rotation_quaternion": {
          "w": 0.9996895790100098,
          "x": -0.020986491814255714,
          "y": -0.008295551873743534,
          "z": -0.010562914423644543
        },
        "scale": {
          "x": 1.0,
          "y": 1.0,
          "z": 1.0
        },
        "matrix_basis": [
          [
            0.9996392130851746,
            0.021467460319399834,
            -0.016142595559358597,
            0.0
          ],
          [
            -0.020771082490682602,
            0.9988960027694702,
            0.04213520511984825,
            0.0
          ],
          [
            0.017029309645295143,
            -0.041784703731536865,
            0.9989814758300781,
            0.0
          ],
          [
            0.0,
            0.0,
            0.0,
            1.0
          ]
        ],
        "rotation_mode": "QUATERNION"
      },
      "armature_space": {
        "head": {
          "x": 0.6546379327774048,
          "y": 0.07435913383960724,
          "z": 0.5156166553497314
        },
        "tail": {
          "x": 0.7556052803993225,
          "y": 0.04239972308278084,
          "z": 0.5657508373260498
        }
      },
      "world_space": {
        "head": {
          "x": 0.6546379327774048,
          "y": 0.13760313391685486,
          "z": 1.4654706716537476
        },
        "tail": {
          "x": 0.7556052803993225,
          "y": 0.10564371943473816,
          "z": 1.515604853630066
        },
        "rotation_quaternion": {
          "w": 0.4454799294471741,
          "x": 0.743645966053009,
          "y": 0.4064095914363861,
          "z": -0.2887379825115204
        },
        "matrix": [
          [
            0.5029224157333374,
            0.8617039918899536,
            -0.06734152138233185,
            0.6546379327774048
          ],
          [
            0.34719768166542053,
            -0.27275699377059937,
            -0.8972500562667847,
            0.13760313391685486
          ],
          [
            -0.7915369868278503,
            0.42786917090415955,
            -0.4363609552383423,
            1.4654706716537476
          ],
          [
            0.0,
            0.0,
            0.0,
            1.0
          ]
        ]
      },
      "bone_length_armature_space": 0.11717186118122781,
      "parent": "lowerarm_l",
      "has_children": true,
      "is_end_bone": false
    },
    "index_01_l": {
      "name": "index_01_l",
      "local": {
        "location": {
          "x": 0.0,
          "y": 0.0,
          "z": 0.0
        },
        "rotation_quaternion": {
          "w": 0.9742414355278015,
          "x": 0.2254672348499298,
          "y": -0.003766307607293129,
          "z": 0.002023209584876895
        },
        "scale": {
          "x": 1.0,
          "y": 1.0,
          "z": 1.0
        },
        "matrix_basis": [
          [
            0.9999634623527527,
            -0.005640547256916761,
            -0.0064262510277330875,
            0.0
          ],
          [
            0.0022438312880694866,
            0.8983208537101746,
            -0.43933427333831787,
            0.0
          ],
          [
            0.008250921033322811,
            0.43930381536483765,
            0.8983007073402405,
            0.0
          ],
          [
            0.0,
            0.0,
            0.0,
            1.0
          ]
        ],
        "rotation_mode": "QUATERNION"
      },
      "armature_space": {
        "head": {
          "x": 0.7556052803993225,
          "y": 0.04239972308278084,
          "z": 0.5657508373260498
        },
        "tail": {
          "x": 0.7815808057785034,
          "y": 0.030647780746221542,
          "z": 0.56526780128479
        }
      },
      "world_space": {
        "head": {
          "x": 0.7556052803993225,
          "y": 0.10564371943473816,
          "z": 1.515604853630066
        },
        "tail": {
          "x": 0.7815808057785034,
          "y": 0.09389178454875946,
          "z": 1.5151218175888062
        },
        "rotation_quaternion": {
          "w": 0.27642330527305603,
          "x": 0.714765727519989,
          "y": 0.46638888120651245,
          "z": -0.44179368019104004
        },
        "matrix": [
          [
            0.17459827661514282,
            0.9109625220298767,
            -0.3737143874168396,
            0.7556052803993225
          ],
          [
            0.4224734604358673,
            -0.41214102506637573,
            -0.8072522878646851,
            0.10564371943473816
          ],
          [
            -0.8894054293632507,
            -0.0169399231672287,
            -0.45682036876678467,
            1.515604853630066
          ],
          [
            0.0,
            0.0,
            0.0,
            1.0
          ]
        ]
      },
      "bone_length_armature_space": 0.02851437134862727,
      "parent": "metacarpal_index_l",
      "has_children": true,
      "is_end_bone": false
    },
    "index_02_l": {
      "name": "index_02_l",
      "local": {
        "location": {
          "x": 0.0,
          "y": 0.0,
          "z": 0.0
        },
        "rotation_quaternion": {
          "w": 0.9133194088935852,
          "x": 0.4070799946784973,
          "y": -0.00047655164962634444,
          "z": -0.011556102894246578
        },
        "scale": {
          "x": 1.0,
          "y": 1.0,
          "z": 1.0
        },
        "matrix_basis": [
          [
            0.9997324347496033,
            0.020720837637782097,
            -0.010279004462063313,
            0.0
          ],
          [
            -0.021496815606951714,
            0.6683046817779541,
            -0.7435771226882935,
            0.0
          ],
          [
            -0.00853802915662527,
            0.7435991168022156,
            0.6685712933540344,
            0.0
          ],
          [
            0.0,
            0.0,
            0.0,
            1.0
          ]
        ],
        "rotation_mode": "QUATERNION"
      },
      "armature_space": {
        "head": {
          "x": 0.7815809845924377,
          "y": 0.030647266656160355,
          "z": 0.5652679204940796
        },
        "tail": {
          "x": 0.7908713817596436,
          "y": 0.008328542113304138,
          "z": 0.5566856861114502
        }
      },
      "world_space": {
        "head": {
          "x": 0.7815809845924377,
          "y": 0.09389126300811768,
          "z": 1.5151219367980957
        },
        "tail": {
          "x": 0.7908713817596436,
          "y": 0.07157254219055176,
          "z": 1.5065397024154663
        },
        "rotation_quaternion": {
          "w": 0.013333402574062347,
          "x": -0.7436225414276123,
          "y": -0.2545868158340454,
          "z": 0.61808842420578
        },
        "matrix": [
          [
            0.10630398988723755,
            0.3621528744697571,
            -0.926037073135376,
            0.7815809845924377
          ],
          [
            0.39511555433273315,
            -0.8700149059295654,
            -0.29488664865493774,
            0.09389126300811768
          ],
          [
            -0.9124659299850464,
            -0.3345469832420349,
            -0.2355802208185196,
            1.5151219367980957
          ],
          [
            0.0,
            0.0,
            0.0,
            1.0
          ]
        ]
      },
      "bone_length_armature_space": 0.0256532973902347,
      "parent": "index_01_l",
      "has_children": true,
      "is_end_bone": false
    },
    "index_03_l": {
      "name": "index_03_l",
      "local": {
        "location": {
          "x": 0.0,
          "y": 0.0,
          "z": 0.0
        },
        "rotation_quaternion": {
          "w": 0.9697850942611694,
          "x": 0.24395647644996643,
          "y": 0.0010344324400648475,
          "z": 0.0010620892280712724
        },
        "scale": {
          "x": 1.0,
          "y": 1.0,
          "z": 1.0
        },
        "matrix_basis": [
          [
            0.9999955892562866,
            -0.0015552836703136563,
            0.002524561481550336,
            0.0
          ],
          [
            0.002564709633588791,
            0.8809682130813599,
            -0.4731685221195221,
            0.0
          ],
          [
            -0.0014881471870467067,
            0.4731729030609131,
            0.8809683322906494,
            0.0
          ],
          [
            0.0,
            0.0,
            0.0,
            1.0
          ]
        ],
        "rotation_mode": "QUATERNION"
      },
      "armature_space": {
        "head": {
          "x": 0.7908715009689331,
          "y": 0.008328583091497421,
          "z": 0.5566858053207397
        },
        "tail": {
          "x": 0.7851710319519043,
          "y": -0.016202976927161217,
          "z": 0.5418722033500671
        }
      },
      "world_space": {
        "head": {
          "x": 0.7908715009689331,
          "y": 0.07157258689403534,
          "z": 1.5065398216247559
        },
        "tail": {
          "x": 0.7851710319519043,
          "y": 0.047041021287441254,
          "z": 1.4917261600494385
        },
        "rotation_quaternion": {
          "w": 0.26401010155677795,
          "x": -0.7097234725952148,
          "y": -0.1025032326579094,
          "z": 0.645046055316925
        },
        "matrix": [
          [
            0.14681850373744965,
            -0.19509652256965637,
            -0.9697326421737671,
            0.7908715009689331
          ],
          [
            0.48609450459480286,
            -0.8395847082138062,
            0.24250787496566772,
            0.07157258689403534
          ],
          [
            -0.8614905476570129,
            -0.5069906115531921,
            -0.02843126654624939,
            1.5065398216247559
          ],
          [
            0.0,
            0.0,
            0.0,
            1.0
          ]
        ]
      },
      "bone_length_armature_space": 0.029218753889541475,
      "parent": "index_02_l",
      "has_children": false,
      "is_end_bone": true
    },
    "metacarpal_pinky_l": {
      "name": "metacarpal_pinky_l",
      "local": {
        "location": {
          "x": 0.0,
          "y": 0.0,
          "z": 0.0
        },
        "rotation_quaternion": {
          "w": 0.9996753334999084,
          "x": -0.017595769837498665,
          "y": -0.008854181505739689,
          "z": -0.016162896528840065
        },
        "scale": {
          "x": 1.0,
          "y": 1.0,
          "z": 1.0
        },
        "matrix_basis": [
          [
            0.9993207454681396,
            0.032626889646053314,
            -0.017133817076683044,
            0.0
          ],
          [
            -0.03200370445847511,
            0.9988582730293274,
            0.035466331988573074,
            0.0
          ],
          [
            0.01827141083776951,
            -0.03489389643073082,
            0.9992240071296692,
            0.0
          ],
          [
            0.0,
            0.0,
            0.0,
            1.0
          ]
        ],
        "rotation_mode": "QUATERNION"
      },
      "armature_space": {
        "head": {
          "x": 0.6546379327774048,
          "y": 0.07435913383960724,
          "z": 0.5156166553497314
        },
        "tail": {
          "x": 0.755813479423523,
          "y": 0.09361662715673447,
          "z": 0.5309748649597168
        }
      },
      "world_space": {
        "head": {
          "x": 0.6546379327774048,
          "y": 0.13760313391685486,
          "z": 1.4654706716537476
        },
        "tail": {
          "x": 0.755813479423523,
          "y": 0.1568606197834015,
          "z": 1.480828881263733
        },
        "rotation_quaternion": {
          "w": 0.7488539814949036,
          "x": -0.05275008827447891,
          "y": -0.17800575494766235,
          "z": -0.6361991167068481
        },
        "matrix": [
          [
            0.12712900340557098,
            0.9716200232505798,
            -0.19947998225688934,
            0.6546379327774048
          ],
          [
            -0.9340604543685913,
            0.18493568897247314,
            0.30550000071525574,
            0.13760313391685486
          ],
          [
            0.3337225317955017,
            0.14748969674110413,
            0.9310692548751831,
            1.4654706716537476
          ],
          [
            0.0,
            0.0,
            0.0,
            1.0
          ]
        ]
      },
      "bone_length_armature_space": 0.10413076921067999,
      "parent": "lowerarm_l",
      "has_children": true,
      "is_end_bone": false
    },
    "pinky_01_l": {
      "name": "pinky_01_l",
      "local": {
        "location": {
          "x": 0.0,
          "y": 0.0,
          "z": 0.0
        },
        "rotation_quaternion": {
          "w": 0.9463121294975281,
          "x": 0.3229782283306122,
          "y": 0.00767950713634491,
          "z": 0.010935644619166851
        },
        "scale": {
          "x": 1.0,
          "y": 1.0,
          "z": 1.0
        },
        "matrix_basis": [
          [
            0.9996428489685059,
            -0.01573643833398819,
            0.021598372608423233,
            0.0
          ],
          [
            0.025657692924141884,
            0.7911309599876404,
            -0.6111084818840027,
            0.0
          ],
          [
            -0.007470471318811178,
            0.6114444136619568,
            0.7912521958351135,
            0.0
          ],
          [
            0.0,
            0.0,
            0.0,
            1.0
          ]
        ],
        "rotation_mode": "QUATERNION"
      },
      "armature_space": {
        "head": {
          "x": 0.755813479423523,
          "y": 0.09361662715673447,
          "z": 0.5309748649597168
        },
        "tail": {
          "x": 0.7755452394485474,
