{
  "metadata": {
    "armature_name": "KIM_caucasian_male",
    "export_time": "2026-01-13T21:15:49.248145",
    "blender_version": "4.4.1",
    "bone_count": 56,
    "end_bone_count": 13,
    "spaces_included": [
      "LOCAL_CHANNELS",
      "ARMATURE_SPACE",
      "WORLD_SPACE"
    ],
    "note": "LOCAL matches Transform panel; replay pose via local.matrix_basis for best fidelity."
  },
  "bones": {
    "Root": {
      "name": "Root",
      "local": {
        "location": {
          "x": 0.0,
          "y": 0.0,
          "z": 0.0
        },
        "rotation_quaternion": {
          "w": 0.9997797012329102,
          "x": -0.006972899194806814,
          "y": 0.018178680911660194,
          "z": -0.0078438650816679
        },
        "scale": {
          "x": 1.0,
          "y": 1.0,
          "z": 1.0
        },
        "matrix_basis": [
          [
            0.9992160201072693,
            0.015430757775902748,
            0.03645874187350273,
            0.0
          ],
          [
            -0.015937790274620056,
            0.9997797012329102,
            0.013657543808221817,
            0.0
          ],
          [
            -0.03623996302485466,
            -0.014227908104658127,
            0.999241828918457,
            0.0
          ],
          [
            0.0,
            0.0,
            0.0,
            1.0
          ]
        ],
        "rotation_mode": "QUATERNION"
      },
      "armature_space": {
        "head": {
          "x": 0.0,
          "y": 0.07072800397872925,
          "z": -0.009595036506652832
        },
        "tail": {
          "x": 0.0011013837065547705,
          "y": 0.00015209615230560303,
          "z": 0.001004205085337162
        }
      },
      "world_space": {
        "head": {
          "x": 0.0,
          "y": 0.13397200405597687,
          "z": 0.9402589797973633
        },
        "tail": {
          "x": 0.0011013837065547705,
          "y": 0.06339609622955322,
          "z": 0.9508582353591919
        },
        "rotation_quaternion": {
          "w": 0.07430987060070038,
          "x": 0.9970386624336243,
          "y": 0.009050704538822174,
          "z": 0.01760895736515522
        },
        "matrix": [
          [
            0.9992160201072693,
            0.015430757775902748,
            0.03645874187350273,
            0.0
          ],
          [
            0.020664852112531662,
            -0.9887922406196594,
            -0.14786134660243988,
            0.13397200405597687
          ],
          [
            0.03376876190304756,
            0.14849895238876343,
            -0.9883428812026978,
            0.9402589797973633
          ],
          [
            0.0,
            0.0,
            0.0,
            1.0
          ]
        ]
      },
      "bone_length_armature_space": 0.07137587803849296,
      "parent": null,
      "has_children": true,
      "is_end_bone": false
    },
    "spine_01": {
      "name": "spine_01",
      "local": {
        "location": {
          "x": 0.0,
          "y": 0.0,
          "z": 0.0
        },
        "rotation_quaternion": {
          "w": 0.9987872838973999,
          "x": -0.020926937460899353,
          "y": -0.04080112650990486,
          "z": 0.01792364940047264
        },
        "scale": {
          "x": 1.0,
          "y": 1.0,
          "z": 1.0
        },
        "matrix_basis": [
          [
            0.9960280060768127,
            -0.034096140414476395,
            -0.08225346356630325,
            0.0
          ],
          [
            0.03751151263713837,
            0.9984816312789917,
            0.04034050926566124,
            0.0
          ],
          [
            0.08075311779975891,
            -0.043265726417303085,
            0.9957946538925171,
            0.0
          ],
          [
            0.0,
            0.0,
            0.0,
            1.0
          ]
        ],
        "rotation_mode": "QUATERNION"
      },
      "armature_space": {
        "head": {
          "x": 0.0011013837065547705,
          "y": 0.00015209615230560303,
          "z": 0.001004205085337162
        },
        "tail": {
          "x": -0.032951392233371735,
          "y": 0.05026334524154663,
          "z": 0.4852333068847656
        }
      },
      "world_space": {
        "head": {
          "x": 0.0011013837065547705,
          "y": 0.06339609622955322,
          "z": 0.9508582353591919
        },
        "tail": {
          "x": -0.032951392233371735,
          "y": 0.11350734531879425,
          "z": 1.4350873231887817
        },
        "rotation_quaternion": {
          "w": 0.7409977316856384,
          "x": 0.6698062419891357,
          "y": -0.04759755730628967,
          "z": 0.004060616251081228
        },
        "matrix": [
          [
            0.9954359531402588,
            -0.06978009641170502,
            -0.06509923934936523,
            0.0011013837065547705
          ],
          [
            -0.057743966579437256,
            0.10268672555685043,
            -0.9930363893508911,
            0.06339609622955322
          ],
          [
            0.07597947865724564,
            0.9922702312469482,
            0.09818845987319946,
            0.9508582353591919
          ],
          [
            0.0,
            0.0,
            0.0,
            1.0
          ]
        ]
      },
      "bone_length_armature_space": 0.4880046434132771,
      "parent": "Root",
      "has_children": true,
      "is_end_bone": false
    },
    "neck_01": {
      "name": "neck_01",
      "local": {
        "location": {
          "x": 0.0,
          "y": 0.0,
          "z": 0.0
        },
        "rotation_quaternion": {
          "w": 0.9799585938453674,
          "x": -0.12980392575263977,
          "y": 0.019066262990236282,
          "z": -0.14989538490772247
        },
        "scale": {
          "x": 1.0,
          "y": 1.0,
          "z": 1.0
        },
        "matrix_basis": [
          [
            0.9543356895446777,
            0.28883278369903564,
            0.0762823149561882,
            0.0
          ],
          [
            -0.29873228073120117,
            0.9213646054267883,
            0.24868905544281006,
            0.0
          ],
          [
            0.0015457222471013665,
            -0.26012083888053894,
            0.9655748605728149,
            0.0
          ],
          [
            0.0,
            0.0,
            0.0,
            1.0
          ]
        ],
        "rotation_mode": "QUATERNION"
      },
      "armature_space": {
        "head": {
          "x": -0.04031825065612793,
          "y": 0.02334296703338623,
          "z": 0.5612910389900208
        },
        "tail": {
          "x": -0.018331754952669144,
          "y": 0.020455196499824524,
          "z": 0.6613860726356506
        }
      },
      "world_space": {
        "head": {
          "x": -0.04031825065612793,
          "y": 0.08658696711063385,
          "z": 1.5111451148986816
        },
        "tail": {
          "x": -0.018331754952669144,
          "y": 0.08369919657707214,
          "z": 1.6112401485443115
        },
        "rotation_quaternion": {
          "w": 0.6919641494750977,
          "x": 0.7137611508369446,
          "y": 0.08427133411169052,
          "z": -0.06803711503744125
        },
        "matrix": [
          [
            0.9765385389328003,
            0.21445775032043457,
            0.0195024274289608,
            -0.04031825065612793
          ],
          [
            0.026142116636037827,
            -0.028167515993118286,
            -0.9992614984512329,
            0.08658696711063385
          ],
          [
            -0.21375147998332977,
            0.9763338565826416,
            -0.033114269375801086,
            1.5111451148986816
          ],
          [
            0.0,
            0.0,
            0.0,
            1.0
          ]
        ]
      },
      "bone_length_armature_space": 0.10252200114914836,
      "parent": "spine_01",
      "has_children": true,
      "is_end_bone": false
    },
    "head": {
      "name": "head",
      "local": {
        "location": {
          "x": 0.0,
          "y": 0.0,
          "z": 0.0
        },
        "rotation_quaternion": {
          "w": 0.9823595285415649,
          "x": 0.028498070314526558,
          "y": 0.014980453997850418,
          "z": -0.18421024084091187
        },
        "scale": {
          "x": 1.0,
          "y": 1.0,
          "z": 1.0
        },
        "matrix_basis": [
          [
            0.9316843748092651,
            0.36277520656585693,
            0.018933109939098358,
            0.0
          ],
          [
            -0.361067533493042,
            0.9305089116096497,
            -0.06150980666279793,
            0.0
          ],
          [
            -0.039931654930114746,
            0.05047159641981125,
            0.9979268908500671,
            0.0
          ],
          [
            0.0,
            0.0,
            0.0,
            1.0
          ]
        ],
        "rotation_mode": "QUATERNION"
      },
      "armature_space": {
        "head": {
          "x": -0.01833176799118519,
          "y": 0.020455041900277138,
          "z": 0.6613860130310059
        },
        "tail": {
          "x": 0.06510979682207108,
          "y": 0.06274311989545822,
          "z": 0.7850890159606934
        }
      },
      "world_space": {
        "head": {
          "x": -0.01833176799118519,
          "y": 0.08369904011487961,
          "z": 1.611240029335022
        },
        "tail": {
          "x": 0.06510979682207108,
          "y": 0.12598711252212524,
          "z": 1.7349430322647095
        },
        "rotation_quaternion": {
          "w": 0.7699058055877686,
          "x": 0.5707712173461914,
          "y": 0.2087537944316864,
          "z": -0.19464588165283203
        },
        "matrix": [
          [
            0.8370699286460876,
            0.5380195379257202,
            0.09924323856830597,
            -0.01833176799118519
          ],
          [
            -0.06141958758234978,
            0.27266761660575867,
            -0.9601460099220276,
            0.08369904011487961
          ],
          [
            -0.5436415076255798,
            0.7976195812225342,
            0.2612875699996948,
            1.611240029335022
          ],
          [
            0.0,
            0.0,
            0.0,
            1.0
          ]
        ]
      },
      "bone_length_armature_space": 0.15509096968938957,
      "parent": "neck_01",
      "has_children": false,
      "is_end_bone": true
    },
    "upperarm_l": {
      "name": "upperarm_l",
      "local": {
        "location": {
          "x": 0.0,
          "y": 0.0,
          "z": 0.0
        },
        "rotation_quaternion": {
          "w": 0.7818483710289001,
          "x": 0.6039977073669434,
          "y": 0.10403216630220413,
          "z": 0.1143563911318779
        },
        "scale": {
          "x": 1.0,
          "y": 1.0,
          "z": 1.0
        },
        "matrix_basis": [
          [
            0.9521998763084412,
            -0.053148336708545685,
            0.30081674456596375,
            0.0
          ],
          [
            0.3044891059398651,
            0.24421876668930054,
            -0.9206757545471191,
            0.0
          ],
          [
            -0.02453276328742504,
            0.9682627320289612,
            0.24872815608978271,
            0.0
          ],
          [
            0.0,
            0.0,
            0.0,
            1.0
          ]
        ],
        "rotation_mode": "QUATERNION"
      },
      "armature_space": {
        "head": {
          "x": 0.11347930878400803,
          "y": 0.004613112658262253,
          "z": 0.5063127875328064
        },
        "tail": {
          "x": 0.17167998850345612,
          "y": -0.25428640842437744,
          "z": 0.5436140298843384
        }
      },
      "world_space": {
        "head": {
          "x": 0.11347930878400803,
          "y": 0.06785711646080017,
          "z": 1.4561667442321777
        },
        "tail": {
          "x": 0.17167998850345612,
          "y": -0.19104240834712982,
          "z": 1.4934680461883545
        },
        "rotation_quaternion": {
          "w": 0.12025277316570282,
          "x": 0.8129988312721252,
          "y": 0.04962705448269844,
          "z": -0.5675467848777771
        },
        "matrix": [
          [
            0.35085564851760864,
            0.21719147264957428,
            -0.9108942151069641,
            0.11347930878400803
          ],
          [
            -0.05580483376979828,
            -0.9661531448364258,
            -0.2518620491027832,
            0.06785711646080017
          ],
          [
            -0.9347720146179199,
            0.1391996443271637,
            -0.3268623352050781,
            1.4561667442321777
          ],
          [
            0.0,
            0.0,
            0.0,
            1.0
          ]
        ]
      },
      "bone_length_armature_space": 0.2679695065434845,
      "parent": "spine_01",
      "has_children": true,
      "is_end_bone": false
    },
    "lowerarm_l": {
      "name": "lowerarm_l",
      "local": {
        "location": {
          "x": 0.0,
          "y": 0.0,
          "z": 0.0
        },
        "rotation_quaternion": {
          "w": 0.9365105032920837,
          "x": 0.328522264957428,
          "y": -0.0875682532787323,
          "z": 0.08575074374675751
        },
        "scale": {
          "x": 1.0,
          "y": 1.0,
          "z": 1.0
        },
        "matrix_basis": [
          [
            0.9699572324752808,
            -0.21814918518066406,
            -0.10767512023448944,
            0.0
          ],
          [
            0.10307670384645462,
            0.7694398760795593,
            -0.6303471922874451,
            0.0
          ],
          [
            0.22035923600196838,
            0.6003110408782959,
            0.7688098549842834,
            0.0
          ],
          [
            0.0,
            0.0,
            0.0,
            1.0
          ]
        ],
        "rotation_mode": "QUATERNION"
      },
      "armature_space": {
        "head": {
          "x": 0.17167991399765015,
          "y": -0.2542864978313446,
          "z": 0.5436141490936279
        },
        "tail": {
          "x": 0.020122423768043518,
          "y": -0.4673521816730499,
          "z": 0.6002069115638733
        }
      },
      "world_space": {
        "head": {
          "x": 0.17167991399765015,
          "y": -0.19104249775409698,
          "z": 1.493468165397644
        },
        "tail": {
          "x": 0.020122423768043518,
          "y": -0.4041081666946411,
          "z": 1.5500609874725342
        },
        "rotation_quaternion": {
          "w": 0.11777377873659134,
          "x": -0.7027628421783447,
          "y": 0.29649925231933594,
          "z": 0.6358790397644043
        },
        "matrix": [
          [
            0.015491917729377747,
            -0.5665181875228882,
            -0.8239037990570068,
            0.17167991399765015
          ],
          [
            -0.266958087682724,
            -0.7964343428611755,
            0.5426104664802551,
            -0.19104249775409698
          ],
          [
            -0.963590681552887,
            0.21154242753982544,
            -0.16357548534870148,
            1.493468165397644
          ],
          [
            0.0,
            0.0,
            0.0,
            1.0
          ]
        ]
      },
      "bone_length_armature_space": 0.26752457944397734,
      "parent": "upperarm_l",
      "has_children": true,
      "is_end_bone": false
    },
    "metacarpal_thumb_l": {
      "name": "metacarpal_thumb_l",
      "local": {
        "location": {
          "x": 0.0,
          "y": 0.0,
          "z": 0.0
        },
        "rotation_quaternion": {
          "w": 0.9996042251586914,
          "x": 0.02668125182390213,
          "y": -0.008317329920828342,
          "z": 0.0032139397226274014
        },
        "scale": {
          "x": 1.0,
          "y": 1.0,
          "z": 1.0
        },
        "matrix_basis": [
          [
            0.9998409748077393,
            -0.0068691689521074295,
            -0.016456572338938713,
            0.0
          ],
          [
            0.0059815021231770515,
            0.9985555410385132,
            -0.05339484661817551,
            0.0
          ],
          [
            0.016799580305814743,
            0.053287919610738754,
            0.9984378814697266,
            0.0
          ],
          [
            0.0,
            0.0,
            0.0,
            1.0
          ]
        ],
        "rotation_mode": "QUATERNION"
      },
      "armature_space": {
        "head": {
          "x": 0.020122423768043518,
          "y": -0.4673521816730499,
          "z": 0.6002069115638733
        },
        "tail": {
          "x": -0.025459393858909607,
          "y": -0.48508018255233765,
          "z": 0.5923582315444946
        }
      },
      "world_space": {
        "head": {
          "x": 0.020122423768043518,
          "y": -0.4041081666946411,
          "z": 1.5500609874725342
        },
        "tail": {
          "x": -0.025459393858909607,
          "y": -0.4218361973762512,
          "z": 1.5422122478485107
        },
        "rotation_quaternion": {
          "w": 0.016118288040161133,
          "x": -0.8156827092170715,
          "y": 0.5663843154907227,
          "z": -0.11666589975357056
        },
        "matrix": [
          [
            0.33119556307792664,
            -0.9202188849449158,
            0.20858275890350342,
            0.020122423768043518
          ],
          [
            -0.9277406334877014,
            -0.3578978478908539,
            -0.1058620736002922,
            -0.4041081666946411
          ],
          [
            0.17206798493862152,
            -0.15845100581645966,
            -0.972265362739563,
            1.5500609874725342
          ],
          [
            0.0,
            0.0,
            0.0,
            1.0
          ]
        ]
      },
      "bone_length_armature_space": 0.04953368550107422,
      "parent": "lowerarm_l",
      "has_children": true,
      "is_end_bone": false
    },
    "thumb_01_l": {
      "name": "thumb_01_l",
      "local": {
        "location": {
          "x": 0.0,
          "y": 0.0,
          "z": 0.0
        },
        "rotation_quaternion": {
          "w": 0.9627747535705566,
          "x": 0.2701683044433594,
          "y": -0.003596249967813492,
          "z": 0.007813147269189358
        },
        "scale": {
          "x": 1.0,
          "y": 1.0,
          "z": 1.0
        },
        "matrix_basis": [
          [
            0.9998520612716675,
            -0.016987787559628487,
            -0.0027030277997255325,
            0.0
          ],
          [
            0.013101416639983654,
            0.8538960814476013,
            -0.5202786326408386,
            0.0
          ],
          [
            0.01114648673683405,
            0.520166277885437,
            0.8539922833442688,
            0.0
          ],
          [
            0.0,
            0.0,
            0.0,
            1.0
          ]
        ],
        "rotation_mode": "QUATERNION"
      },
      "armature_space": {
        "head": {
          "x": -0.025459393858909607,
          "y": -0.48508018255233765,
          "z": 0.5923582315444946
        },
        "tail": {
          "x": -0.03452572971582413,
          "y": -0.5078517198562622,
          "z": 0.5687384605407715
        }
      },
      "world_space": {
        "head": {
          "x": -0.025459393858909607,
          "y": -0.4218361973762512,
          "z": 1.5422122478485107
        },
        "tail": {
          "x": -0.03452572971582413,
          "y": -0.4446077346801758,
          "z": 1.5185924768447876
        },
        "rotation_quaternion": {
          "w": 0.01735156588256359,
          "x": 0.2906877398490906,
          "y": -0.406452476978302,
          "z": 0.866023063659668
        },
        "matrix": [
          [
            -0.830399751663208,
            -0.2663547098636627,
            0.4893786311149597,
            -0.025459393858909607
          ],
          [
            -0.20624658465385437,
            -0.66899174451828,
            -0.7140819430351257,
            -0.4218361973762512
          ],
          [
            0.51759272813797,
            -0.6939114332199097,
            0.5005986094474792,
            1.5422122478485107
          ],
          [
            0.0,
            0.0,
            0.0,
            1.0
          ]
        ]
      },
      "bone_length_armature_space": 0.0340387268899402,
      "parent": "metacarpal_thumb_l",
      "has_children": true,
      "is_end_bone": false
    },
    "thumb_02_l": {
      "name": "thumb_02_l",
      "local": {
        "location": {
          "x": 0.0,
          "y": 0.0,
          "z": 0.0
        },
        "rotation_quaternion": {
          "w": 0.9046499729156494,
          "x": 0.42613014578819275,
          "y": -0.0009191447170451283,
          "z": 0.004569980315864086
        },
        "scale": {
          "x": 1.0,
          "y": 1.0,
          "z": 1.0
        },
        "matrix_basis": [
          [
            0.9999565482139587,
            -0.00905181560665369,
            0.0022318041883409023,
            0.0
          ],
          [
            0.007485114503651857,
            0.6367844343185425,
            -0.7710056304931641,
            0.0
          ],
          [
            0.00555782113224268,
            0.7709888219833374,
            0.6368244886398315,
            0.0
          ],
          [
            0.0,
            0.0,
            0.0,
            1.0
          ]
        ],
        "rotation_mode": "QUATERNION"
      },
      "armature_space": {
        "head": {
          "x": -0.03452571853995323,
          "y": -0.5078516602516174,
          "z": 0.5687384605407715
        },
        "tail": {
          "x": -0.036894455552101135,
          "y": -0.5237528681755066,
          "z": 0.6055452227592468
        }
      },
      "world_space": {
        "head": {
          "x": -0.03452571853995323,
          "y": -0.444607675075531,
          "z": 1.5185924768447876
        },
        "tail": {
          "x": -0.036894455552101135,
          "y": -0.46050888299942017,
          "z": 1.5553991794586182
        },
        "rotation_quaternion": {
          "w": 0.13901770114898682,
          "x": 0.1589760035276413,
          "y": 0.531716525554657,
          "z": 0.8201696872711182
        },
        "matrix": [
          [
            -0.9108015298843384,
            -0.05897606909275055,
            0.408610463142395,
            -0.03452571853995323
          ],
          [
            0.39709681272506714,
            -0.39590317010879517,
            0.8279947638511658,
            -0.444607675075531
          ],
          [
            0.11293938755989075,
            0.9164027571678162,
            0.38401174545288086,
            1.5185924768447876
          ],
          [
            0.0,
            0.0,
            0.0,
            1.0
          ]
        ]
      },
      "bone_length_armature_space": 0.04016462508634754,
      "parent": "thumb_01_l",
      "has_children": true,
      "is_end_bone": false
    },
    "thumb_03_l": {
      "name": "thumb_03_l",
      "local": {
        "location": {
          "x": 0.0,
          "y": 0.0,
          "z": 0.0
        },
        "rotation_quaternion": {
          "w": 0.9863035678863525,
          "x": 0.16479651629924774,
          "y": 0.0009461744339205325,
          "z": 0.006832798011600971
        },
        "scale": {
          "x": 1.0,
          "y": 1.0,
          "z": 1.0
        },
        "matrix_basis": [
          [
            0.9999048113822937,
            -0.013166573829948902,
            0.004118473269045353,
            0.0
          ],
          [
            0.013790278695523739,
            0.9455908536911011,
            -0.32506585121154785,
            0.0
          ],
          [
            0.00038561219116672873,
            0.32509171962738037,
            0.9456824064254761,
            0.0
          ],
          [
            0.0,
            0.0,
            0.0,
            1.0
          ]
        ],
        "rotation_mode": "QUATERNION"
      },
      "armature_space": {
        "head": {
          "x": -0.036894530057907104,
          "y": -0.5237528681755066,
          "z": 0.6055452227592468
        },
        "tail": {
          "x": -0.030422791838645935,
          "y": -0.5202902555465698,
          "z": 0.6350923180580139
        }
      },
      "world_space": {
        "head": {
          "x": -0.036894530057907104,
          "y": -0.46050888299942017,
          "z": 1.5553991794586182
        },
        "tail": {
          "x": -0.030422791838645935,
          "y": -0.4570462703704834,
          "z": 1.5849463939666748
        },
        "rotation_quaternion": {
          "w": 0.0871393233537674,
          "x": -0.06552258133888245,
          "y": -0.7411296963691711,
          "z": -0.6624502539634705
        },
        "matrix": [
          [
            -0.9762270450592041,
            0.21257230639457703,
            -0.04235097020864487,
            -0.036894530057907104
          ],
          [
            -0.018327903002500534,
            0.11373358964920044,
            0.9933425188064575,
            -0.46050888299942017
          ],
          [
            0.21597528457641602,
            0.9705109000205994,
            -0.10713371634483337,
            1.5553991794586182
          ],
          [
            0.0,
            0.0,
            0.0,
            1.0
          ]
        ]
      },
      "bone_length_armature_space": 0.030445097189113243,
      "parent": "thumb_02_l",
      "has_children": false,
      "is_end_bone": true
    },
    "metacarpal_index_l": {
      "name": "metacarpal_index_l",
      "local": {
        "location": {
          "x": 0.0,
          "y": 0.0,
          "z": 0.0
        },
        "rotation_quaternion": {
          "w": 0.9998399615287781,
          "x": -0.0171164870262146,
          "y": 0.002570945769548416,
          "z": -0.004537018481642008
        },
        "scale": {
          "x": 1.0,
          "y": 1.0,
          "z": 1.0
        },
        "matrix_basis": [
          [
            0.9999456405639648,
            0.008984573185443878,
            0.005296384450048208,
            0.0
          ],
          [
            -0.009160595946013927,
            0.9993728995323181,
            0.03420416638255119,
            0.0
          ],
          [
            -0.004985752981156111,
            -0.03425082564353943,
            0.9994008541107178,
            0.0
          ],
          [
            0.0,
            0.0,
            0.0,
            1.0
          ]
        ],
        "rotation_mode": "QUATERNION"
      },
      "armature_space": {
        "head": {
          "x": 0.020122423768043518,
          "y": -0.4673521816730499,
          "z": 0.6002069115638733
        },
        "tail": {
          "x": -0.07050048559904099,
          "y": -0.540037989616394,
          "z": 0.6154870390892029
        }
      },
      "world_space": {
        "head": {
          "x": 0.020122423768043518,
          "y": -0.4041081666946411,
          "z": 1.5500609874725342
        },
        "tail": {
          "x": -0.07050048559904099,
          "y": -0.4767940044403076,
          "z": 1.5653409957885742
        },
        "rotation_quaternion": {
          "w": 0.027699967846274376,
          "x": -0.8762549161911011,
          "y": 0.4348156750202179,
          "z": 0.20578038692474365
        },
        "matrix": [
          [
            0.5371794104576111,
            -0.7734195590019226,
            -0.3365424573421478,
            0.020122423768043518
          ],
          [
            -0.7506187558174133,
            -0.6203358173370361,
            0.22749820351600647,
            -0.4041081666946411
          ],
          [
            -0.3847241699695587,
            0.13040800392627716,
            -0.9137808084487915,
            1.5500609874725342
          ],
          [
            0.0,
            0.0,
            0.0,
            1.0
          ]
        ]
      },
      "bone_length_armature_space": 0.11717175617606945,
      "parent": "lowerarm_l",
      "has_children": true,
      "is_end_bone": false
    },
    "index_01_l": {
      "name": "index_01_l",
      "local": {
        "location": {
          "x": 0.0,
          "y": 0.0,
          "z": 0.0
        },
        "rotation_quaternion": {
          "w": 0.9496822357177734,
          "x": 0.312785267829895,
          "y": -0.007927807979285717,
          "z": -0.014359387569129467
        },
        "scale": {
          "x": 1.0,
          "y": 1.0,
          "z": 1.0
        },
        "matrix_basis": [
          [
            0.9994618892669678,
            0.02231430821120739,
            -0.02404060587286949,
            0.0
          ],
          [
            -0.032233115285634995,
            0.8039183616638184,
            -0.5938655734062195,
            0.0
          ],
          [
            0.006074986886233091,
            0.5943208932876587,
            0.804205060005188,
            0.0
          ],
          [
            0.0,
            0.0,
            0.0,
            1.0
          ]
        ],
        "rotation_mode": "QUATERNION"
      },
      "armature_space": {
        "head": {
          "x": -0.07050048559904099,
          "y": -0.540037989616394,
          "z": 0.6154870390892029
        },
        "tail": {
          "x": -0.08794998377561569,
          "y": -0.5583484768867493,
          "z": 0.6023222208023071
        }
      },
      "world_space": {
        "head": {
          "x": -0.07050048559904099,
          "y": -0.4767940044403076,
          "z": 1.5653409957885742
        },
        "tail": {
          "x": -0.08794998377561569,
          "y": -0.49510449171066284,
          "z": 1.5521762371063232
        },
        "rotation_quaternion": {
          "w": 0.29926934838294983,
          "x": -0.897315263748169,
          "y": 0.29893606901168823,
          "z": 0.12609775364398956
        },
        "matrix": [
          [
            0.7894730567932129,
            -0.6119545102119446,
            -0.04737254977226257,
            -0.07050048559904099
          ],
          [
            -0.46100664138793945,
            -0.6421501636505127,
            0.6124676465988159,
            -0.4767940044403076
          ],
          [
            -0.4052257835865021,
            -0.46169134974479675,
            -0.7890801429748535,
            1.5653409957885742
          ],
          [
            0.0,
            0.0,
            0.0,
            1.0
          ]
        ]
      },
      "bone_length_armature_space": 0.02851440607937508,
      "parent": "metacarpal_index_l",
      "has_children": true,
      "is_end_bone": false
    },
    "index_02_l": {
      "name": "index_02_l",
      "local": {
        "location": {
          "x": 0.0,
          "y": 0.0,
          "z": 0.0
        },
        "rotation_quaternion": {
          "w": 0.8832747340202332,
          "x": 0.46877408027648926,
          "y": 0.0039719524793326855,
          "z": 0.007804368156939745
        },
        "scale": {
          "x": 1.0,
          "y": 1.0,
          "z": 1.0
        },
        "matrix_basis": [
          [
            0.9998466372489929,
            -0.010062905959784985,
            0.014333621598780155,
            0.0
          ],
          [
            0.01751069910824299,
            0.5603799223899841,
            -0.8280506134033203,
            0.0
          ],
          [
            0.0003003204765263945,
            0.8281745910644531,
            0.5604701638221741,
            0.0
          ],
          [
            0.0,
            0.0,
            0.0,
            1.0
          ]
        ],
        "rotation_mode": "QUATERNION"
      },
      "armature_space": {
        "head": {
          "x": -0.08795042335987091,
          "y": -0.5583484768867493,
          "z": 0.6023218631744385
        },
        "tail": {
          "x": -0.09913509339094162,
          "y": -0.5548635721206665,
          "z": 0.5794996023178101
        }
      },
      "world_space": {
        "head": {
          "x": -0.08795042335987091,
          "y": -0.49510449171066284,
          "z": 1.5521758794784546
        },
        "tail": {
          "x": -0.09913509339094162,
          "y": -0.4916195869445801,
          "z": 1.5293536186218262
        },
        "rotation_quaternion": {
          "w": 0.6809921860694885,
          "x": -0.6572694778442383,
          "y": 0.3227577209472656,
          "z": 0.008602232672274113
        },
        "matrix": [
          [
            0.7915055751800537,
            -0.43599385023117065,
            0.4282855987548828,
            -0.08795042335987091
          ],
          [
            -0.4125645160675049,
            0.1358453333377838,
            0.9007425308227539,
            -0.49510449171066284
          ],
          [
            -0.45090219378471375,
            -0.8896441459655762,
            -0.07235297560691833,
            1.5521758794784546
          ],
          [
            0.0,
            0.0,
            0.0,
            1.0
          ]
        ]
      },
      "bone_length_armature_space": 0.02565340144553392,
      "parent": "index_01_l",
      "has_children": true,
      "is_end_bone": false
    },
    "index_03_l": {
      "name": "index_03_l",
      "local": {
        "location": {
          "x": 0.0,
          "y": 0.0,
          "z": 0.0
        },
        "rotation_quaternion": {
          "w": 0.9342795610427856,
          "x": 0.35640236735343933,
          "y": 0.009949090890586376,
          "z": 0.0002807597629725933
        },
        "scale": {
          "x": 1.0,
          "y": 1.0,
          "z": 1.0
        },
        "matrix_basis": [
          [
            0.9998018741607666,
            0.006567142903804779,
            0.0187905915081501,
            0.0
          ],
          [
            0.007616375107318163,
            0.7459545731544495,
            -0.6659532785415649,
            0.0
          ],
          [
            -0.018390337005257607,
            0.6659644842147827,
            0.7457567453384399,
            0.0
          ],
          [
            0.0,
            0.0,
            0.0,
            1.0
          ]
        ],
        "rotation_mode": "QUATERNION"
      },
      "armature_space": {
        "head": {
          "x": -0.09913516044616699,
          "y": -0.554863691329956,
          "z": 0.5794996023178101
        },
        "tail": {
          "x": -0.09591151773929596,
          "y": -0.5344860553741455,
          "z": 0.5588091015815735
        }
      },
      "world_space": {
        "head": {
          "x": -0.09913516044616699,
          "y": -0.49161970615386963,
          "z": 1.5293536186218262
        },
        "tail": {
          "x": -0.09591151773929596,
          "y": -0.4712420701980591,
          "z": 1.5086631774902344
        },
        "rotation_quaternion": {
          "w": 0.8767762780189514,
          "x": -0.34738844633102417,
          "y": 0.282794326543808,
          "z": -0.17496271431446075
        },
        "matrix": [
          [
            0.7788310050964355,
            0.11032821238040924,
            0.6174546480178833,
            -0.09913516044616699
          ],
          [
            -0.5032855272293091,
            0.6974189877510071,
            0.5102068185806274,
            -0.49161970615386963
          ],
          [
            -0.374337375164032,
            -0.7081251740455627,
            0.5987026691436768,
            1.5293536186218262
          ],
          [
            0.0,
            0.0,
            0.0,
            1.0
          ]
        ]
      },
      "bone_length_armature_space": 0.029218773748616395,
      "parent": "index_02_l",
      "has_children": false,
      "is_end_bone": true
    },
    "metacarpal_pinky_l": {
      "name": "metacarpal_pinky_l",
      "local": {
        "location": {
          "x": 0.0,
          "y": 0.0,
          "z": 0.0
        },
        "rotation_quaternion": {
          "w": 0.9987375140190125,
          "x": -0.047728534787893295,
          "y": 0.006995055824518204,
          "z": -0.014020473696291447
        },
        "scale": {
          "x": 1.0,
          "y": 1.0,
          "z": 1.0
        },
        "matrix_basis": [
          [
            0.9995089769363403,
            0.02733781933784485,
            0.0153108024969697,
            0.0
          ],
          [
            -0.02867327444255352,
            0.995050847530365,
            0.09514040499925613,
            0.0
          ],
          [
            -0.01263409573584795,
            -0.09553270787000656,
            0.9953461289405823,
            0.0
          ],
          [
            0.0,
            0.0,
            0.0,
            1.0
          ]
        ],
        "rotation_mode": "QUATERNION"
      },
      "armature_space": {
        "head": {
          "x": 0.020122423768043518,
          "y": -0.4673521816730499,
          "z": 0.6002069115638733
        },
        "tail": {
          "x": -0.009763171896338463,
          "y": -0.5658893585205078,
          "z": 0.6157147884368896
        }
      },
      "world_space": {
        "head": {
          "x": 0.020122423768043518,
          "y": -0.4041081666946411,
          "z": 1.5500609874725342
        },
        "tail": {
          "x": -0.009763171896338463,
          "y": -0.5026453733444214,
          "z": 1.5655688047409058
        },
        "rotation_quaternion": {
          "w": 0.12978072464466095,
          "x": -0.1748872846364975,
          "y": 0.10007701069116592,
          "z": 0.970853328704834
        },
        "matrix": [
          [
            -0.9051429033279419,
            -0.2870006561279297,
            -0.31360357999801636,
            0.020122423768043518
          ],
          [
            0.21699172258377075,
            -0.9462831616401672,
            0.2397148311138153,
            -0.4041081666946411
          ],
          [
            -0.3655582666397095,
            0.1489270031452179,
            0.9188047051429749,
            1.5500609874725342
          ],
          [
            0.0,
            0.0,
            0.0,
            1.0
          ]
        ]
      },
      "bone_length_armature_space": 0.10413077494028816,
      "parent": "lowerarm_l",
      "has_children": true,
      "is_end_bone": false
    },
    "pinky_01_l": {
      "name": "pinky_01_l",
      "local": {
        "location": {
          "x": 0.0,
          "y": 0.0,
          "z": 0.0
        },
        "rotation_quaternion": {
          "w": 0.9429421424865723,
          "x": 0.33221352100372314,
          "y": -0.016561705619096756,
          "z": -0.014835434034466743
        },
        "scale": {
          "x": 1.0,
          "y": 1.0,
          "z": 1.0
        },
        "matrix_basis": [
          [
            0.999011218547821,
            0.016973866149783134,
            -0.041090525686740875,
            0.0
          ],
          [
            -0.038981955498456955,
            0.7788281440734863,
            -0.6260248422622681,
            0.0
          ],
          [
            0.02137639746069908,
            0.6270076632499695,
            0.7787197828292847,
            0.0
          ],
          [
            0.0,
            0.0,
            0.0,
            1.0
          ]
        ],
        "rotation_mode": "QUATERNION"
      },
      "armature_space": {
        "head": {
          "x": -0.009763171896338463,
