{
  "metadata": {
    "armature_name": "KIM_caucasian_male",
    "export_time": "2026-01-13T21:02:23.762671",
    "blender_version": "4.4.1",
    "bone_count": 56,
    "end_bone_count": 13,
    "spaces_included": [
      "LOCAL_CHANNELS",
      "ARMATURE_SPACE",
      "WORLD_SPACE"
    ],
    "note": "LOCAL matches Transform panel; replay pose via local.matrix_basis for best fidelity."
  },
  "bones": {
    "Root": {
      "name": "Root",
      "local": {
        "location": {
          "x": 0.0,
          "y": 0.0,
          "z": 0.0
        },
        "rotation_quaternion": {
          "w": 0.9999743103981018,
          "x": -0.003975027706474066,
          "y": -0.005833917297422886,
          "z": -0.0013258797116577625
        },
        "scale": {
          "x": 1.0,
          "y": 1.0,
          "z": 1.0
        },
        "matrix_basis": [
          [
            0.9999284148216248,
            0.002698071300983429,
            -0.011656994000077248,
            0.0
          ],
          [
            -0.0026053113397210836,
            0.9999648928642273,
            0.007965321652591228,
            0.0
          ],
          [
            0.011678075417876244,
            -0.007934381254017353,
            0.9999003410339355,
            0.0
          ],
          [
            0.0,
            0.0,
            0.0,
            1.0
          ]
        ],
        "rotation_mode": "QUATERNION"
      },
      "armature_space": {
        "head": {
          "x": 0.0,
          "y": 0.07072800397872925,
          "z": -0.009595036506652832
        },
        "tail": {
          "x": 0.00019257717940490693,
          "y": 7.861852645874023e-05,
          "z": 0.0005608499050140381
        }
      },
      "world_space": {
        "head": {
          "x": 0.0,
          "y": 0.13397200405597687,
          "z": 0.9402589797973633
        },
        "tail": {
          "x": 0.00019257717940490693,
          "y": 0.06332261860370636,
          "z": 0.9504148960113525
        },
        "rotation_quaternion": {
          "w": 0.0713319256901741,
          "x": 0.997434675693512,
          "y": 0.0009298490476794541,
          "z": -0.0059099867939949036
        },
        "matrix": [
          [
            0.9999284148216248,
            0.002698071300983429,
            -0.011656994000077248,
            0.0
          ],
          [
            0.00101178337354213,
            -0.98982173204422,
            -0.14230932295322418,
            0.13397200405597687
          ],
          [
            -0.011922389268875122,
            0.14228738844394684,
            -0.9897606372833252,
            0.9402589797973633
          ],
          [
            0.0,
            0.0,
            0.0,
            1.0
          ]
        ]
      },
      "bone_length_armature_space": 0.07137587061103559,
      "parent": null,
      "has_children": true,
      "is_end_bone": false
    },
    "spine_01": {
      "name": "spine_01",
      "local": {
        "location": {
          "x": 0.0,
          "y": 0.0,
          "z": 0.0
        },
        "rotation_quaternion": {
          "w": 0.9927095174789429,
          "x": 0.0948270782828331,
          "y": -0.027103275060653687,
          "z": 0.06929019838571548
        },
        "scale": {
          "x": 1.0,
          "y": 1.0,
          "z": 1.0
        },
        "matrix_basis": [
          [
            0.9889285564422607,
            -0.14271032810211182,
            -0.040670182555913925,
            0.0
          ],
          [
            0.1324298232793808,
            0.9724133610725403,
            -0.19202746450901031,
            0.0
          ],
          [
            0.06695253401994705,
            0.18451550602912903,
            0.9805464744567871,
            0.0
          ],
          [
            0.0,
            0.0,
            0.0,
            1.0
          ]
        ],
        "rotation_mode": "QUATERNION"
      },
      "armature_space": {
        "head": {
          "x": 0.00019257717940490693,
          "y": 7.861852645874023e-05,
          "z": 0.0005608499050140381
        },
        "tail": {
          "x": -0.06367270648479462,
          "y": -0.06395113468170166,
          "z": 0.4801124930381775
        }
      },
      "world_space": {
        "head": {
          "x": 0.00019257717940490693,
          "y": 0.06332261860370636,
          "z": 0.9504148960113525
        },
        "tail": {
          "x": -0.06367270648479462,
          "y": -0.0007071346044540405,
          "z": 1.4299664497375488
        },
        "rotation_quaternion": {
          "w": 0.6560664176940918,
          "x": 0.7515624165534973,
          "y": -0.06302876770496368,
          "z": 0.027536051347851753
        },
        "matrix": [
          [
            0.9905381798744202,
            -0.13087114691734314,
            -0.0413128063082695,
            0.00019257717940490693
          ],
          [
            -0.058609940111637115,
            -0.13120818138122559,
            -0.9896208047866821,
            0.06332261860370636
          ],
          [
            0.12409303337335587,
            0.9826853275299072,
            -0.13763894140720367,
            0.9504148960113525
          ],
          [
            0.0,
            0.0,
            0.0,
            1.0
          ]
        ]
      },
      "bone_length_armature_space": 0.4880044753521542,
      "parent": "Root",
      "has_children": true,
      "is_end_bone": false
    },
    "neck_01": {
      "name": "neck_01",
      "local": {
        "location": {
          "x": 0.0,
          "y": 0.0,
          "z": 0.0
        },
        "rotation_quaternion": {
          "w": 0.9902925491333008,
          "x": -0.04931009188294411,
          "y": 0.019286058843135834,
          "z": -0.12851983308792114
        },
        "scale": {
          "x": 1.0,
          "y": 1.0,
          "z": 1.0
        },
        "matrix_basis": [
          [
            0.9662213921546936,
            0.2526424825191498,
            0.050872329622507095,
            0.0
          ],
          [
            -0.2564464509487152,
            0.9621023535728455,
            0.09270554780960083,
            0.0
          ],
          [
            -0.025523031130433083,
            -0.10262011736631393,
            0.9943931102752686,
            0.0
          ],
          [
            0.0,
            0.0,
            0.0,
            1.0
          ]
        ],
        "rotation_mode": "QUATERNION"
      },
      "armature_space": {
        "head": {
          "x": -0.07468763738870621,
          "y": -0.10787847638130188,
          "z": 0.5472897887229919
        },
        "tail": {
          "x": -0.06262271106243134,
          "y": -0.14938472211360931,
          "z": 0.6402543187141418
        }
      },
      "world_space": {
        "head": {
          "x": -0.07468763738870621,
          "y": -0.04463447630405426,
          "z": 1.4971437454223633
        },
        "tail": {
          "x": -0.06262271106243134,
          "y": -0.0861407220363617,
          "z": 1.5901083946228027
        },
        "rotation_quaternion": {
          "w": 0.5419195294380188,
          "x": 0.838022768497467,
          "y": 0.06241510808467865,
          "z": -0.012060243636369705
        },
        "matrix": [
          [
            0.9919177293777466,
            0.1176820620894432,
            0.04743495211005211,
            -0.07468763738870621
          ],
          [
            0.09153969585895538,
            -0.4048547148704529,
            -0.9097875356674194,
            -0.04463447630405426
          ],
          [
            -0.08786191046237946,
            0.9067824482917786,
            -0.4123588800430298,
            1.4971437454223633
          ],
          [
            0.0,
            0.0,
            0.0,
            1.0
          ]
        ]
      },
      "bone_length_armature_space": 0.10252187214386047,
      "parent": "spine_01",
      "has_children": true,
      "is_end_bone": false
    },
    "head": {
      "name": "head",
      "local": {
        "location": {
          "x": 0.0,
          "y": 0.0,
          "z": 0.0
        },
        "rotation_quaternion": {
          "w": 0.9903059005737305,
          "x": 0.005957760848104954,
          "y": -0.032233212143182755,
          "z": -0.13498076796531677
        },
        "scale": {
          "x": 1.0,
          "y": 1.0,
          "z": 1.0
        },
        "matrix_basis": [
          [
            0.9614824056625366,
            0.26696041226387024,
            -0.06544984877109528,
            0.0
          ],
          [
            -0.2677285671234131,
            0.9634894132614136,
            -0.0030982838943600655,
            0.0
          ],
          [
            0.06223311275243759,
            0.020501738414168358,
            0.9978510737419128,
            0.0
          ],
          [
            0.0,
            0.0,
            0.0,
            1.0
          ]
        ],
        "rotation_mode": "QUATERNION"
      },
      "armature_space": {
        "head": {
          "x": -0.06262271851301193,
          "y": -0.14938482642173767,
          "z": 0.6402541995048523
        },
        "tail": {
          "x": -0.0075349994003772736,
          "y": -0.15615230798721313,
          "z": 0.7850741147994995
        }
      },
      "world_space": {
        "head": {
          "x": -0.06262271851301193,
          "y": -0.08614082634449005,
          "z": 1.5901081562042236
        },
        "tail": {
          "x": -0.0075349994003772736,
          "y": -0.09290830790996552,
          "z": 1.7349281311035156
        },
        "rotation_quaternion": {
          "w": 0.6777410507202148,
          "x": 0.7127220034599304,
          "y": 0.1372927725315094,
          "z": -0.11766637861728668
        },
        "matrix": [
          [
            0.9346105456352234,
            0.3551979064941406,
            0.01837307959794998,
            -0.06262271851301193
          ],
          [
            0.03621065244078636,
            -0.04363582283258438,
            -0.9983912110328674,
            -0.08614082634449005
          ],
          [
            -0.3538270890712738,
            0.933778703212738,
            -0.053645748645067215,
            1.5901081562042236
          ],
          [
            0.0,
            0.0,
            0.0,
            1.0
          ]
        ]
      },
      "bone_length_armature_space": 0.15509114299008184,
      "parent": "neck_01",
      "has_children": false,
      "is_end_bone": true
    },
    "upperarm_l": {
      "name": "upperarm_l",
      "local": {
        "location": {
          "x": 0.0,
          "y": 0.0,
          "z": 0.0
        },
        "rotation_quaternion": {
          "w": 0.934039831161499,
          "x": 0.3519049882888794,
          "y": -0.0537082701921463,
          "z": 0.02911933697760105
        },
        "scale": {
          "x": 1.0,
          "y": 1.0,
          "z": 1.0
        },
        "matrix_basis": [
          [
            0.9925349950790405,
            -0.09219765663146973,
            -0.07983684539794922,
            0.0
          ],
          [
            0.016596823930740356,
            0.7506299018859863,
            -0.6605144739151001,
            0.0
          ],
          [
            0.12082580476999283,
            0.654258668422699,
            0.7465565800666809,
            0.0
          ],
          [
            0.0,
            0.0,
            0.0,
            1.0
          ]
        ],
        "rotation_mode": "QUATERNION"
      },
      "armature_space": {
        "head": {
          "x": 0.08255690336227417,
          "y": -0.11100779473781586,
          "z": 0.49942076206207275
        },
        "tail": {
          "x": 0.2798425853252411,
          "y": -0.2914166748523712,
          "z": 0.517822265625
        }
      },
      "world_space": {
        "head": {
          "x": 0.08255690336227417,
          "y": -0.04776379466056824,
          "z": 1.4492747783660889
        },
        "tail": {
          "x": 0.2798425853252411,
          "y": -0.2281726747751236,
          "z": 1.4676762819290161
        },
        "rotation_quaternion": {
          "w": 0.29218992590904236,
          "x": 0.6906839609146118,
          "y": 0.2792898714542389,
          "z": -0.599648118019104
        },
        "matrix": [
          [
            0.1248384490609169,
            0.7362245917320251,
            -0.6651230454444885,
            0.08255690336227417
          ],
          [
            0.03537975251674652,
            -0.6732442378997803,
            -0.7385733723640442,
            -0.04776379466056824
          ],
          [
            -0.991553008556366,
            0.06867025792598724,
            -0.11009561270475388,
            1.4492747783660889
          ],
          [
            0.0,
            0.0,
            0.0,
            1.0
          ]
        ]
      },
      "bone_length_armature_space": 0.26796943953188357,
      "parent": "spine_01",
      "has_children": true,
      "is_end_bone": false
    },
    "lowerarm_l": {
      "name": "lowerarm_l",
      "local": {
        "location": {
          "x": 0.0,
          "y": 0.0,
          "z": 0.0
        },
        "rotation_quaternion": {
          "w": 0.9865273237228394,
          "x": 0.01974523440003395,
          "y": -0.09984343498945236,
          "z": 0.12808342278003693
        },
        "scale": {
          "x": 1.0,
          "y": 1.0,
          "z": 1.0
        },
        "matrix_basis": [
          [
            0.9472518563270569,
            -0.2566584646701813,
            -0.19193847477436066,
            0.0
          ],
          [
            0.2487727254629135,
            0.9664095044136047,
            -0.06453500688076019,
            0.0
          ],
          [
            0.20205463469028473,
            0.01338184904307127,
            0.9792828559875488,
            0.0
          ],
          [
            0.0,
            0.0,
            0.0,
            1.0
          ]
        ],
        "rotation_mode": "QUATERNION"
      },
      "armature_space": {
        "head": {
          "x": 0.2798426151275635,
          "y": -0.2914167642593384,
          "z": 0.5178224444389343
        },
        "tail": {
          "x": 0.4389111399650574,
          "y": -0.48149439692497253,
          "z": 0.6185058355331421
        }
      },
      "world_space": {
        "head": {
          "x": 0.2798426151275635,
          "y": -0.22817276418209076,
          "z": 1.4676764011383057
        },
        "tail": {
          "x": 0.4389111399650574,
          "y": -0.4182503819465637,
          "z": 1.5683598518371582
        },
        "rotation_quaternion": {
          "w": 0.3741053640842438,
          "x": 0.6285218596458435,
          "y": 0.06922052055597305,
          "z": -0.6783907413482666
        },
        "matrix": [
          [
            0.06998980045318604,
            0.5945942997932434,
            -0.8009737133979797,
            0.2798426151275635
          ],
          [
            -0.420566588640213,
            -0.7105055451393127,
            -0.5641859769821167,
            -0.22817276418209076
          ],
          [
            -0.9045647978782654,
            0.3763519525527954,
            0.20033930242061615,
            1.4676764011383057
          ],
          [
            0.0,
            0.0,
            0.0,
            1.0
          ]
        ]
      },
      "bone_length_armature_space": 0.26752467039187516,
      "parent": "upperarm_l",
      "has_children": true,
      "is_end_bone": false
    },
    "metacarpal_thumb_l": {
      "name": "metacarpal_thumb_l",
      "local": {
        "location": {
          "x": 0.0,
          "y": 0.0,
          "z": 0.0
        },
        "rotation_quaternion": {
          "w": 0.9995866417884827,
          "x": -0.023112205788493156,
          "y": -0.015138453803956509,
          "z": -0.00795978493988514
        },
        "scale": {
          "x": 1.0,
          "y": 1.0,
          "z": 1.0
        },
        "matrix_basis": [
          [
            0.9994149208068848,
            0.01661275513470173,
            -0.029896456748247147,
            0.0
          ],
          [
            -0.015213223174214363,
            0.9988049268722534,
            0.0464463010430336,
            0.0
          ],
          [
            0.030632328242063522,
            -0.045964308083057404,
            0.9984732866287231,
            0.0
          ],
          [
            0.0,
            0.0,
            0.0,
            1.0
          ]
        ],
        "rotation_mode": "QUATERNION"
      },
      "armature_space": {
        "head": {
          "x": 0.4389111399650574,
          "y": -0.48149439692497253,
          "z": 0.6185058355331421
        },
        "tail": {
          "x": 0.44025030732154846,
          "y": -0.5288277864456177,
          "z": 0.6330434083938599
        }
      },
      "world_space": {
        "head": {
          "x": 0.4389111399650574,
          "y": -0.4182503819465637,
          "z": 1.5683598518371582
        },
        "tail": {
          "x": 0.44025030732154846,
          "y": -0.46558380126953125,
          "z": 1.582897424697876
        },
        "rotation_quaternion": {
          "w": 0.14861659705638885,
          "x": 0.9886826872825623,
          "y": 0.011082565411925316,
          "z": -0.017230406403541565
        },
        "matrix": [
          [
            0.9991605281829834,
            0.027035605162382126,
            -0.030776651576161385,
            0.4389111399650574
          ],
          [
            0.016792960464954376,
            -0.9555802941322327,
            -0.2942516803741455,
            -0.4182503819465637
          ],
          [
            -0.03736516833305359,
            0.2934889495372772,
            -0.9552392959594727,
            1.5683598518371582
          ],
          [
            0.0,
            0.0,
            0.0,
            1.0
          ]
        ]
      },
      "bone_length_armature_space": 0.04953366587531183,
      "parent": "lowerarm_l",
      "has_children": true,
      "is_end_bone": false
    },
    "thumb_01_l": {
      "name": "thumb_01_l",
      "local": {
        "location": {
          "x": 0.0,
          "y": 0.0,
          "z": 0.0
        },
        "rotation_quaternion": {
          "w": 0.9853935241699219,
          "x": 0.1687219738960266,
          "y": -0.014680648222565651,
          "z": -0.017804976552724838
        },
        "scale": {
          "x": 1.0,
          "y": 1.0,
          "z": 1.0
        },
        "matrix_basis": [
          [
            0.9989349246025085,
            0.030135922133922577,
            -0.03494061157107353,
            0.0
          ],
          [
            -0.04004371166229248,
            0.9424317479133606,
            -0.3319922983646393,
            0.0
          ],
          [
            0.02292424999177456,
            0.3330378532409668,
            0.9426347613334656,
            0.0
          ],
          [
            0.0,
            0.0,
            0.0,
            1.0
          ]
        ],
        "rotation_mode": "QUATERNION"
      },
      "armature_space": {
        "head": {
          "x": 0.44025030732154846,
          "y": -0.5288277864456177,
          "z": 0.6330434083938599
        },
        "tail": {
          "x": 0.4474865794181824,
          "y": -0.5576663017272949,
          "z": 0.6164721846580505
        }
      },
      "world_space": {
        "head": {
          "x": 0.44025030732154846,
          "y": -0.46558380126953125,
          "z": 1.582897424697876
        },
        "tail": {
          "x": 0.4474865794181824,
          "y": -0.4944223165512085,
          "z": 1.5663261413574219
        },
        "rotation_quaternion": {
          "w": 0.257729709148407,
          "x": -0.6824384927749634,
          "y": 0.09979899972677231,
          "z": -0.6766780614852905
        },
        "matrix": [
          [
            0.06429345160722733,
            0.2125900685787201,
            0.9750241041183472,
            0.44025030732154846
          ],
          [
            -0.4850131869316101,
            -0.8472304344177246,
            0.21670863032341003,
            -0.46558380126953125
          ],
          [
            0.8721457123756409,
            -0.48683688044548035,
            0.04863813519477844,
            1.582897424697876
          ],
          [
            0.0,
            0.0,
            0.0,
            1.0
          ]
        ]
      },
      "bone_length_armature_space": 0.03403864042581942,
      "parent": "metacarpal_thumb_l",
      "has_children": true,
      "is_end_bone": false
    },
    "thumb_02_l": {
      "name": "thumb_02_l",
      "local": {
        "location": {
          "x": 0.0,
          "y": 0.0,
          "z": 0.0
        },
        "rotation_quaternion": {
          "w": 0.9414335489273071,
          "x": 0.3371471166610718,
          "y": -0.005769927520304918,
          "z": 0.001194425392895937
        },
        "scale": {
          "x": 1.0,
          "y": 1.0,
          "z": 1.0
        },
        "matrix_basis": [
          [
            0.9999305605888367,
            -0.0061395731754601,
            -0.010058612562716007,
            0.0
          ],
          [
            -0.0016416845610365272,
            0.7726607918739319,
            -0.6348170042037964,
            0.0
          ],
          [
            0.011669401079416275,
            0.6347894072532654,
            0.772597074508667,
            0.0
          ],
          [
            0.0,
            0.0,
            0.0,
            1.0
          ]
        ],
        "rotation_mode": "QUATERNION"
      },
      "armature_space": {
        "head": {
          "x": 0.4474865198135376,
          "y": -0.5576663017272949,
          "z": 0.6164721250534058
        },
        "tail": {
          "x": 0.4765169620513916,
          "y": -0.5582150220870972,
          "z": 0.6442232131958008
        }
      },
      "world_space": {
        "head": {
          "x": 0.4474865198135376,
          "y": -0.4944223165512085,
          "z": 1.5663261413574219
        },
        "tail": {
          "x": 0.4765169620513916,
          "y": -0.49497103691101074,
          "z": 1.594077229499817
        },
        "rotation_quaternion": {
          "w": 0.4039402902126312,
          "x": -0.13800154626369476,
          "y": -0.5744571685791016,
          "z": -0.6984173655509949
        },
        "matrix": [
          [
            -0.635574221611023,
            0.7227903008460999,
            -0.2713298797607422,
            0.4474865198135376
          ],
          [
            -0.405688613653183,
            -0.013661116361618042,
            0.9139091372489929,
            -0.4944223165512085
          ],
          [
            0.656862199306488,
            0.6909371614456177,
            0.3019135594367981,
            1.5663261413574219
          ],
          [
            0.0,
            0.0,
            0.0,
            1.0
          ]
        ]
      },
      "bone_length_armature_space": 0.04016454426779906,
      "parent": "thumb_01_l",
      "has_children": true,
      "is_end_bone": false
    },
    "thumb_03_l": {
      "name": "thumb_03_l",
      "local": {
        "location": {
          "x": 0.0,
          "y": 0.0,
          "z": 0.0
        },
        "rotation_quaternion": {
          "w": 0.9845725297927856,
          "x": 0.17477484047412872,
          "y": 0.003674191189929843,
          "z": 0.007569573353976011
        },
        "scale": {
          "x": 1.0,
          "y": 1.0,
          "z": 1.0
        },
        "matrix_basis": [
          [
            0.9998583793640137,
            -0.013621275313198566,
            0.009880957193672657,
            0.0
          ],
          [
            0.016189901158213615,
            0.938792884349823,
            -0.3441013991832733,
            0.0
          ],
          [
            -0.004589073359966278,
            0.3442126512527466,
            0.9388805031776428,
            0.0
          ],
          [
            0.0,
            0.0,
            0.0,
            1.0
          ]
        ],
        "rotation_mode": "QUATERNION"
      },
      "armature_space": {
        "head": {
          "x": 0.4765169322490692,
          "y": -0.5582150816917419,
          "z": 0.6442232131958008
        },
        "tail": {
          "x": 0.49048879742622375,
          "y": -0.5423370599746704,
          "z": 0.6661223769187927
        }
      },
      "world_space": {
        "head": {
          "x": 0.4765169322490692,
          "y": -0.4949710965156555,
          "z": 1.594077229499817
        },
        "tail": {
          "x": 0.49048879742622375,
          "y": -0.479093074798584,
          "z": 1.615976333618164
        },
        "rotation_quaternion": {
          "w": 0.5892016887664795,
          "x": 0.08456570655107498,
          "y": -0.6431249380111694,
          "z": -0.4817471504211426
        },
        "matrix": [
          [
            -0.2913808822631836,
            0.45892333984375,
            -0.8393371105194092,
            0.4765169322490692
          ],
          [
            -0.6764649748802185,
            0.5215340256690979,
            0.519997239112854,
            -0.4949710965156555
          ],
          [
            0.676385760307312,
            0.7193049192428589,
            0.1584823727607727,
            1.594077229499817
          ],
          [
            0.0,
            0.0,
            0.0,
            1.0
          ]
        ]
      },
      "bone_length_armature_space": 0.030444999219556602,
      "parent": "thumb_02_l",
      "has_children": false,
      "is_end_bone": true
    },
    "metacarpal_index_l": {
      "name": "metacarpal_index_l",
      "local": {
        "location": {
          "x": 0.0,
          "y": 0.0,
          "z": 0.0
        },
        "rotation_quaternion": {
          "w": 0.999828040599823,
          "x": -0.013173273764550686,
          "y": -0.009493270888924599,
          "z": 0.00896404217928648
        },
        "scale": {
          "x": 1.0,
          "y": 1.0,
          "z": 1.0
        },
        "matrix_basis": [
          [
            0.9996590614318848,
            -0.01767488569021225,
            -0.019219448789954185,
            0.0
          ],
          [
            0.018175115808844566,
            0.9994922280311584,
            0.026171820238232613,
            0.0
          ],
          [
            0.018747106194496155,
            -0.026512213051319122,
            0.9994726777076721,
            0.0
          ],
          [
            0.0,
            0.0,
            0.0,
            1.0
          ]
        ],
        "rotation_mode": "QUATERNION"
      },
      "armature_space": {
        "head": {
          "x": 0.4389111399650574,
          "y": -0.48149439692497253,
          "z": 0.6185058355331421
        },
        "tail": {
          "x": 0.4768497049808502,
          "y": -0.5818214416503906,
          "z": 0.6656692028045654
        }
      },
      "world_space": {
        "head": {
          "x": 0.4389111399650574,
          "y": -0.4182503819465637,
          "z": 1.5683598518371582
        },
        "tail": {
          "x": 0.4768497049808502,
          "y": -0.5185774564743042,
          "z": 1.6155232191085815
        },
        "rotation_quaternion": {
          "w": 0.2516304850578308,
          "x": 0.9129443168640137,
          "y": 0.09253264963626862,
          "z": -0.3076566755771637
        },
        "matrix": [
          [
            0.793570339679718,
            0.3237858712673187,
            -0.5151783227920532,
            0.4389111399650574
          ],
          [
            0.014123017899692059,
            -0.8562395572662354,
            -0.5163860321044922,
            -0.4182503819465637
          ],
          [
            -0.6083189249038696,
            0.40251466631889343,
            -0.6840644478797913,
            1.5683598518371582
          ],
          [
            0.0,
            0.0,
            0.0,
            1.0
          ]
        ]
      },
      "bone_length_armature_space": 0.1171718115040505,
      "parent": "lowerarm_l",
      "has_children": true,
      "is_end_bone": false
    },
    "index_01_l": {
      "name": "index_01_l",
      "local": {
        "location": {
          "x": 0.0,
          "y": 0.0,
          "z": 0.0
        },
        "rotation_quaternion": {
          "w": 0.9736305475234985,
          "x": 0.22793567180633545,
          "y": -0.0026743493508547544,
          "z": 0.00903975497931242
        },
        "scale": {
          "x": 1.0,
          "y": 1.0,
          "z": 1.0
        },
        "matrix_basis": [
          [
            0.9998222589492798,
            -0.018821923062205315,
            -0.0010866911616176367,
            0.0
          ],
          [
            0.01638360321521759,
            0.8959272503852844,
            -0.44389861822128296,
            0.0
          ],
          [
            0.009328621439635754,
            0.4438019096851349,
            0.8960763812065125,
            0.0
          ],
          [
            0.0,
            0.0,
            0.0,
            1.0
          ]
        ],
        "rotation_mode": "QUATERNION"
      },
      "armature_space": {
        "head": {
          "x": 0.4768497049808502,
          "y": -0.5818214416503906,
          "z": 0.6656692028045654
        },
        "tail": {
          "x": 0.4875229299068451,
          "y": -0.6082214713096619,
          "z": 0.6641895174980164
        }
      },
      "world_space": {
        "head": {
          "x": 0.4768497049808502,
          "y": -0.5185774564743042,
          "z": 1.6155232191085815
        },
        "tail": {
          "x": 0.4875229299068451,
          "y": -0.5449774861335754,
          "z": 1.6140434741973877
        },
        "rotation_quaternion": {
          "w": 0.0493498295545578,
          "x": 0.9049883484840393,
          "y": 0.18611639738082886,
          "z": -0.37936997413635254
        },
        "matrix": [
          [
            0.6428781151771545,
            0.37431079149246216,
            -0.6682807207107544,
            0.4768497049808502
          ],
          [
            0.2994227111339569,
            -0.9258502721786499,
            -0.2305372655391693,
            -0.5185774564743042
          ],
          [
            -0.7050251960754395,
            -0.05189238488674164,
            -0.7072911858558655,
            1.6155232191085815
          ],
          [
            0.0,
            0.0,
            0.0,
            1.0
          ]
        ]
      },
      "bone_length_armature_space": 0.02851436120569397,
      "parent": "metacarpal_index_l",
      "has_children": true,
      "is_end_bone": false
    },
    "index_02_l": {
      "name": "index_02_l",
      "local": {
        "location": {
          "x": 0.0,
          "y": 0.0,
          "z": 0.0
        },
        "rotation_quaternion": {
          "w": 0.9236007928848267,
          "x": 0.38335198163986206,
          "y": -0.000360283040208742,
          "z": 0.0016206735745072365
        },
        "scale": {
          "x": 1.0,
          "y": 1.0,
          "z": 1.0
        },
        "matrix_basis": [
          [
            0.9999945163726807,
            -0.0032699413131922483,
            0.0005770614370703697,
            0.0
          ],
          [
            0.002717480296269059,
            0.7060772776603699,
            -0.7081295847892761,
            0.0
          ],
          [
            0.0019080922938883305,
            0.7081272006034851,
            0.706082284450531,
            0.0
          ],
          [
            0.0,
            0.0,
            0.0,
            1.0
          ]
        ],
        "rotation_mode": "QUATERNION"
      },
      "armature_space": {
        "head": {
          "x": 0.4875227212905884,
          "y": -0.6082219481468201,
          "z": 0.6641894578933716
        },
        "tail": {
          "x": 0.48241129517555237,
          "y": -0.6298303008079529,
          "z": 0.6513424515724182
        }
      },
      "world_space": {
        "head": {
          "x": 0.4875227212905884,
          "y": -0.5449779629707336,
          "z": 1.6140434741973877
        },
        "tail": {
          "x": 0.48241129517555237,
          "y": -0.5665863156318665,
          "z": 1.601196527481079
        },
        "rotation_quaternion": {
          "w": 0.27896785736083984,
          "x": -0.8457368612289429,
          "y": -0.031873028725385666,
          "z": 0.4537513554096222
        },
        "matrix": [
          [
            0.5861884951591492,
            -0.19925040006637573,
            -0.785291314125061,
            0.4875227212905884
          ],
          [
            0.30707594752311707,
            -0.8423230051994324,
            0.4429405927658081,
            -0.5449779629707336
          ],
          [
            -0.7497300505638123,
            -0.5007950663566589,
            -0.43257761001586914,
            1.6140434741973877
          ],
          [
            0.0,
            0.0,
            0.0,
            1.0
          ]
        ]
      },
      "bone_length_armature_space": 0.025653326213772115,
      "parent": "index_01_l",
      "has_children": true,
      "is_end_bone": false
    },
    "index_03_l": {
      "name": "index_03_l",
      "local": {
        "location": {
          "x": 0.0,
          "y": 0.0,
          "z": 0.0
        },
        "rotation_quaternion": {
          "w": 0.9681253433227539,
          "x": 0.2503097951412201,
          "y": 0.007387420162558556,
          "z": -0.0048788608983159065
        },
        "scale": {
          "x": 1.0,
          "y": 1.0,
          "z": 1.0
        },
        "matrix_basis": [
          [
            0.9998432397842407,
            0.01314498484134674,
            0.01186144445091486,
            0.0
          ],
          [
            -0.00574841070920229,
            0.8746424317359924,
            -0.48473459482192993,
            0.0
          ],
          [
            -0.01674635149538517,
            0.48459044098854065,
            0.8745808601379395,
            0.0
          ],
          [
            0.0,
            0.0,
            0.0,
            1.0
          ]
        ],
        "rotation_mode": "QUATERNION"
      },
      "armature_space": {
        "head": {
          "x": 0.4824114143848419,
          "y": -0.6298303604125977,
          "z": 0.651342511177063
        },
        "tail": {
          "x": 0.46698373556137085,
          "y": -0.6416975259780884,
          "z": 0.6295503973960876
        }
      },
      "world_space": {
        "head": {
          "x": 0.4824114143848419,
          "y": -0.5665863752365112,
          "z": 1.601196527481079
        },
        "tail": {
          "x": 0.46698373556137085,
          "y": -0.578453540802002,
          "z": 1.579404354095459
        },
        "rotation_quaternion": {
          "w": 0.5410869717597961,
          "x": -0.7368395924568176,
          "y": 0.06442931294441223,
          "z": 0.40017637610435486
        },
        "matrix": [
          [
            0.6714168190956116,
            -0.5280076861381531,
            -0.5200071334838867,
            0.4824114143848419
          ],
          [
            0.3381098806858063,
            -0.40614965558052063,
            0.8489547967910767,
            -0.5665863752365112
          ],
          [
            -0.6594597101211548,
            -0.7458276748657227,
            -0.09417080879211426,
            1.601196527481079
          ],
          [
            0.0,
            0.0,
            0.0,
            1.0
          ]
        ]
      },
      "bone_length_armature_space": 0.029218814587298577,
      "parent": "index_02_l",
      "has_children": false,
      "is_end_bone": true
    },
    "metacarpal_pinky_l": {
      "name": "metacarpal_pinky_l",
      "local": {
        "location": {
          "x": 0.0,
          "y": 0.0,
          "z": 0.0
        },
        "rotation_quaternion": {
          "w": 0.9990857243537903,
          "x": -0.041598107665777206,
          "y": -0.0053450665436685085,
          "z": -0.008298765867948532
        },
        "scale": {
          "x": 1.0,
          "y": 1.0,
          "z": 1.0
        },
        "matrix_basis": [
          [
            0.9998050928115845,
            0.017027046531438828,
            -0.009989933110773563,
            0.0
          ],
          [
            -0.01613766700029373,
            0.9964014291763306,
            0.08320886641740799,
            0.0
          ],
          [
            0.011370785534381866,
            -0.08303143829107285,
            0.9964820742607117,
            0.0
          ],
          [
            0.0,
            0.0,
            0.0,
            1.0
          ]
        ],
        "rotation_mode": "QUATERNION"
      },
      "armature_space": {
        "head": {
          "x": 0.4389111399650574,
          "y": -0.48149439692497253,
          "z": 0.6185058355331421
        },
        "tail": {
          "x": 0.5239013433456421,
          "y": -0.5374040603637695,
          "z": 0.6407316327095032
        }
      },
      "world_space": {
        "head": {
          "x": 0.4389111399650574,
          "y": -0.4182503819465637,
          "z": 1.5683598518371582
        },
        "tail": {
          "x": 0.5239013433456421,
          "y": -0.4741600751876831,
          "z": 1.590585708618164
        },
        "rotation_quaternion": {
          "w": 0.468868225812912,
          "x": 0.025433048605918884,
          "y": -0.10818289965391159,
          "z": -0.8762489557266235
        },
        "matrix": [
          [
            -0.5590314865112305,
            0.8161875605583191,
            -0.1460188627243042,
            0.4389111399650574
          ],
          [
            -0.827193558216095,
            -0.5369178652763367,
            0.1657407283782959,
            -0.4182503819465637
          ],
          [
            0.05687512457370758,
            0.21344104409217834,
            0.9753062725067139,
            1.5683598518371582
          ],
          [
            0.0,
            0.0,
            0.0,
            1.0
          ]
        ]
      },
      "bone_length_armature_space": 0.10413074035301444,
      "parent": "lowerarm_l",
      "has_children": true,
      "is_end_bone": false
    },
    "pinky_01_l": {
      "name": "pinky_01_l",
      "local": {
        "location": {
          "x": 0.0,
          "y": 0.0,
          "z": 0.0
        },
        "rotation_quaternion": {
          "w": 0.944844126701355,
          "x": 0.3273521661758423,
          "y": 0.010480858385562897,
          "z": 0.0005939950933679938
        },
        "scale": {
          "x": 1.0,
          "y": 1.0,
          "z": 1.0
        },
        "matrix_basis": [
          [
            0.9997795820236206,
            0.005739397834986448,
            0.02019444666802883,
            0.0
          ],
          [
            0.007984329015016556,
            0.7856804132461548,
            -0.6185811161994934,
            0.0
          ],
          [
            -0.01941666379570961,
            0.6186059713363647,
            0.78546142578125,
            0.0
          ],
          [
            0.0,
            0.0,
            0.0,
            1.0
          ]
        ],
        "rotation_mode": "QUATERNION"
      },
      "armature_space": {
        "head": {
          "x": 0.5239013433456421,
          "y": -0.5374040603637695,
          "z": 0.6407316327095032
        },
        "tail": {
