{
  "metadata": {
    "armature_name": "KIM_caucasian_male",
    "export_time": "2026-01-13T20:54:41.925014",
    "blender_version": "4.4.1",
    "bone_count": 56,
    "end_bone_count": 13,
    "spaces_included": [
      "LOCAL_CHANNELS",
      "ARMATURE_SPACE",
      "WORLD_SPACE"
    ],
    "note": "LOCAL matches Transform panel; replay pose via local.matrix_basis for best fidelity."
  },
  "bones": {
    "Root": {
      "name": "Root",
      "local": {
        "location": {
          "x": 0.0,
          "y": 0.0,
          "z": 0.0
        },
        "rotation_quaternion": {
          "w": 0.9997000694274902,
          "x": 0.008404050953686237,
          "y": -0.000494792649988085,
          "z": -0.022999510169029236
        },
        "scale": {
          "x": 1.0,
          "y": 1.0,
          "z": 1.0
        },
        "matrix_basis": [
          [
            0.9989415407180786,
            0.0459769070148468,
            -0.001375866588205099,
            0.0
          ],
          [
            -0.045993540436029434,
            0.9988008141517639,
            -0.016780300065875053,
            0.0
          ],
          [
            0.0006027104100212455,
            0.01682582125067711,
            0.9998582601547241,
            0.0
          ],
          [
            0.0,
            0.0,
            0.0,
            1.0
          ]
        ],
        "rotation_mode": "QUATERNION"
      },
      "armature_space": {
        "head": {
          "x": 0.0,
          "y": 0.07072800397872925,
          "z": -0.009595036506652832
        },
        "tail": {
          "x": 0.0032816417515277863,
          "y": -7.662922143936157e-05,
          "z": -0.0012015709653496742
        }
      },
      "world_space": {
        "head": {
          "x": 0.0,
          "y": 0.13397200405597687,
          "z": 0.9402589797973633
        },
        "tail": {
          "x": 0.0032816417515277863,
          "y": 0.06316737085580826,
          "z": 0.948652446269989
        },
        "rotation_quaternion": {
          "w": 0.058962490409612656,
          "x": 0.997995138168335,
          "y": 0.02291392907500267,
          "z": -0.0020430961158126593
        },
        "matrix": [
          [
            0.9989415407180786,
            0.0459769070148468,
            -0.001375866588205099,
            0.0
          ],
          [
            0.04549504444003105,
            -0.9919967651367188,
            -0.11778264492750168,
            0.13397200405597687
          ],
          [
            -0.006780141498893499,
            0.11759527772665024,
            -0.9930455684661865,
            0.9402589797973633
          ],
          [
            0.0,
            0.0,
            0.0,
            1.0
          ]
        ]
      },
      "bone_length_armature_space": 0.07137587375547853,
      "parent": null,
      "has_children": true,
      "is_end_bone": false
    },
    "spine_01": {
      "name": "spine_01",
      "local": {
        "location": {
          "x": 0.0,
          "y": 0.0,
          "z": 0.0
        },
        "rotation_quaternion": {
          "w": 0.998559296131134,
          "x": -0.0021234971936792135,
          "y": 0.01757880300283432,
          "z": 0.05065394192934036
        },
        "scale": {
          "x": 1.0,
          "y": 1.0,
          "z": 1.0
        },
        "matrix_basis": [
          [
            0.9942503571510315,
            -0.10123658925294876,
            0.03489182889461517,
            0.0
          ],
          [
            0.10108727216720581,
            0.9948593378067017,
            0.006021746899932623,
            0.0
          ],
          [
            -0.03532208129763603,
            -0.002460004296153784,
            0.9993729591369629,
            0.0
          ],
          [
            0.0,
            0.0,
            0.0,
            1.0
          ]
        ],
        "rotation_mode": "QUATERNION"
      },
      "armature_space": {
        "head": {
          "x": 0.0032816417515277863,
          "y": -7.662922143936157e-05,
          "z": -0.0012015709653496742
        },
        "tail": {
          "x": -0.043495506048202515,
          "y": 0.013468916527926922,
          "z": 0.48436716198921204
        }
      },
      "world_space": {
        "head": {
          "x": 0.0032816417515277863,
          "y": 0.06316737085580826,
          "z": 0.948652446269989
        },
        "tail": {
          "x": -0.043495506048202515,
          "y": 0.07671291381120682,
          "z": 1.4342211484909058
        },
        "rotation_quaternion": {
          "w": 0.7168394327163696,
          "x": 0.6944114565849304,
          "y": -0.004433069843798876,
          "z": 0.06256480515003204
        },
        "matrix": [
          [
            0.9921319484710693,
            -0.09585457295179367,
            0.08053649961948395,
            0.0032816417515277863
          ],
          [
            0.08354179561138153,
            0.027757195755839348,
            -0.9961177706718445,
            0.06316737085580826
          ],
          [
            0.09324769675731659,
            0.9950153827667236,
            0.035546012222766876,
            0.948652446269989
          ],
          [
            0.0,
            0.0,
            0.0,
            1.0
          ]
        ]
      },
      "bone_length_armature_space": 0.48800468656167884,
      "parent": "Root",
      "has_children": true,
      "is_end_bone": false
    },
    "neck_01": {
      "name": "neck_01",
      "local": {
        "location": {
          "x": 0.0,
          "y": 0.0,
          "z": 0.0
        },
        "rotation_quaternion": {
          "w": 0.9963608980178833,
          "x": -0.07182323187589645,
          "y": -0.0363268181681633,
          "z": -0.028051676228642464
        },
        "scale": {
          "x": 1.0,
          "y": 1.0,
          "z": 1.0
        },
        "matrix_basis": [
          [
            0.9957869052886963,
            0.06111740693449974,
            -0.06835971772670746,
            0.0
          ],
          [
            -0.050680968910455704,
            0.9881090521812439,
            0.14516177773475647,
            0.0
          ],
          [
            0.07641876488924026,
            -0.1410856693983078,
            0.987043559551239,
            0.0
          ],
          [
            0.0,
            0.0,
            0.0,
            1.0
          ]
        ],
        "rotation_mode": "QUATERNION"
      },
      "armature_space": {
        "head": {
          "x": -0.04772079363465309,
          "y": -0.019044548273086548,
          "z": 0.558453381061554
        },
        "tail": {
          "x": -0.04896516352891922,
          "y": -0.0407831072807312,
          "z": 0.6586364507675171
        }
      },
      "world_space": {
        "head": {
          "x": -0.04772079363465309,
          "y": 0.04419945180416107,
          "z": 1.5083074569702148
        },
        "tail": {
          "x": -0.04896516352891922,
          "y": 0.02246089279651642,
          "z": 1.6084904670715332
        },
        "rotation_quaternion": {
          "w": 0.6276571154594421,
          "x": 0.7783068418502808,
          "y": 0.00516505679115653,
          "z": 0.016073813661932945
        },
        "matrix": [
          [
            0.9994299411773682,
            -0.012137673795223236,
            0.03150440752506256,
            -0.04772079363465309
          ],
          [
            0.02821759134531021,
            -0.21203933656215668,
            -0.9768539071083069,
            0.04419945180416107
          ],
          [
            0.01853705383837223,
            0.9771925210952759,
            -0.21157832443714142,
            1.5083074569702148
          ],
          [
            0.0,
            0.0,
            0.0,
            1.0
          ]
        ]
      },
      "bone_length_armature_space": 0.10252200117520756,
      "parent": "spine_01",
      "has_children": true,
      "is_end_bone": false
    },
    "head": {
      "name": "head",
      "local": {
        "location": {
          "x": 0.0,
          "y": 0.0,
          "z": 0.0
        },
        "rotation_quaternion": {
          "w": 0.9847155213356018,
          "x": -0.08139047026634216,
          "y": 0.15392015874385834,
          "z": -0.0044287340715527534
        },
        "scale": {
          "x": 1.0,
          "y": 1.0,
          "z": 1.0
        },
        "matrix_basis": [
          [
            0.9525779485702515,
            -0.01633318141102791,
            0.3038560450077057,
            0.0
          ],
          [
            -0.03377735614776611,
            0.9867119789123535,
            0.15892957150936127,
            0.0
          ],
          [
            -0.3024142384529114,
            -0.16165626049041748,
            0.9393683671951294,
            0.0
          ],
          [
            0.0,
            0.0,
            0.0,
            1.0
          ]
        ],
        "rotation_mode": "QUATERNION"
      },
      "armature_space": {
        "head": {
          "x": -0.04896515980362892,
          "y": -0.040783241391181946,
          "z": 0.6586363315582275
        },
        "tail": {
          "x": -0.05561892315745354,
          "y": 0.007694318890571594,
          "z": 0.8058061599731445
        }
      },
      "world_space": {
        "head": {
          "x": -0.04896515980362892,
          "y": 0.022460758686065674,
          "z": 1.6084903478622437
        },
        "tail": {
          "x": -0.05561892315745354,
          "y": 0.07093831896781921,
          "z": 1.7556601762771606
        },
        "rotation_quaternion": {
          "w": 0.80128014087677,
          "x": 0.5753832459449768,
          "y": 0.11932373046875,
          "z": 0.11245512962341309
        },
        "matrix": [
          [
            0.946231484413147,
            -0.042902540415525436,
            0.3206331133842468,
            -0.04896515980362892
          ],
          [
            0.3175300061702728,
            0.3125765323638916,
            -0.8952492475509644,
            0.022460758686065674
          ],
          [
            -0.061814066022634506,
            0.9489304423332214,
            0.30939388275146484,
            1.6084903478622437
          ],
          [
            0.0,
            0.0,
            0.0,
            1.0
          ]
        ]
      },
      "bone_length_armature_space": 0.1550912802371494,
      "parent": "neck_01",
      "has_children": false,
      "is_end_bone": true
    },
    "upperarm_l": {
      "name": "upperarm_l",
      "local": {
        "location": {
          "x": 0.0,
          "y": 0.0,
          "z": 0.0
        },
        "rotation_quaternion": {
          "w": 0.9723715782165527,
          "x": 0.1898902803659439,
          "y": -0.12899638712406158,
          "z": -0.04237007349729538
        },
        "scale": {
          "x": 1.0,
          "y": 1.0,
          "z": 1.0
        },
        "matrix_basis": [
          [
            0.9631294012069702,
            0.03340858966112137,
            -0.2669561803340912,
            0.0
          ],
          [
            -0.13138923048973083,
            0.9242929220199585,
            -0.35835665464401245,
            0.0
          ],
          [
            0.23477351665496826,
            0.3802189826965332,
            0.8946032524108887,
            0.0
          ],
          [
            0.0,
            0.0,
            0.0,
            1.0
          ]
        ],
        "rotation_mode": "QUATERNION"
      },
      "armature_space": {
        "head": {
          "x": 0.1077980250120163,
          "y": -0.011555522680282593,
          "z": 0.5056812167167664
        },
        "tail": {
          "x": 0.3660022020339966,
          "y": -0.08255483210086823,
          "z": 0.515546441078186
        }
      },
      "world_space": {
        "head": {
          "x": 0.1077980250120163,
          "y": 0.05168847739696503,
          "z": 1.4555351734161377
        },
        "tail": {
          "x": 0.3660022020339966,
          "y": -0.019310832023620605,
          "z": 1.4654004573822021
        },
        "rotation_quaternion": {
          "w": 0.48889610171318054,
          "x": 0.4944027066230774,
          "y": 0.35847392678260803,
          "z": -0.6229310631752014
        },
        "matrix": [
          [
            -0.03309234604239464,
            0.9635583162307739,
            -0.2654435634613037,
            0.1077980250120163
          ],
          [
            -0.2546367943286896,
            -0.26495301723480225,
            -0.9300326108932495,
            0.05168847739696503
          ],
          [
            -0.9664775133132935,
            0.036814700812101364,
            0.25412625074386597,
            1.4555351734161377
          ],
          [
            0.0,
            0.0,
            0.0,
            1.0
          ]
        ]
      },
      "bone_length_armature_space": 0.2679694272998209,
      "parent": "spine_01",
      "has_children": true,
      "is_end_bone": false
    },
    "lowerarm_l": {
      "name": "lowerarm_l",
      "local": {
        "location": {
          "x": 0.0,
          "y": 0.0,
          "z": 0.0
        },
        "rotation_quaternion": {
          "w": 0.9751100540161133,
          "x": 0.08863578736782074,
          "y": 0.03453107923269272,
          "z": -0.20027929544448853
        },
        "scale": {
          "x": 1.0,
          "y": 1.0,
          "z": 1.0
        },
        "matrix_basis": [
          [
            0.9173915982246399,
            0.3967100977897644,
            0.03183937817811966,
            0.0
          ],
          [
            -0.38446733355522156,
            0.9040638208389282,
            -0.186691015958786,
            0.0
          ],
          [
            -0.10284703224897385,
            0.1590275764465332,
            0.9819025993347168,
            0.0
          ],
          [
            0.0,
            0.0,
            0.0,
            1.0
          ]
        ],
        "rotation_mode": "QUATERNION"
      },
      "armature_space": {
        "head": {
          "x": 0.36600226163864136,
          "y": -0.08255486935377121,
          "z": 0.5155465602874756
        },
        "tail": {
          "x": 0.5720457434654236,
          "y": -0.24609121680259705,
          "z": 0.4668498933315277
        }
      },
      "world_space": {
        "head": {
          "x": 0.36600226163864136,
          "y": -0.01931086927652359,
          "z": 1.4654005765914917
        },
        "tail": {
          "x": 0.5720457434654236,
          "y": -0.18284721672534943,
          "z": 1.4167039394378662
        },
        "rotation_quaternion": {
          "w": 0.3040735125541687,
          "x": 0.490083247423172,
          "y": 0.3192053735256195,
          "z": -0.7519744634628296
        },
        "matrix": [
          [
            -0.3347153663635254,
            0.7701854705810547,
            -0.5429364442825317,
            0.36600226163864136
          ],
          [
            -0.1444379836320877,
            -0.6112948656082153,
            -0.7781111001968384,
            -0.01931086927652359
          ],
          [
            -0.9311904907226562,
            -0.1820269227027893,
            0.3158554136753082,
            1.4654005765914917
          ],
          [
            0.0,
            0.0,
            0.0,
            1.0
          ]
        ]
      },
      "bone_length_armature_space": 0.2675246064237397,
      "parent": "upperarm_l",
      "has_children": true,
      "is_end_bone": false
    },
    "metacarpal_thumb_l": {
      "name": "metacarpal_thumb_l",
      "local": {
        "location": {
          "x": 0.0,
          "y": 0.0,
          "z": 0.0
        },
        "rotation_quaternion": {
          "w": 0.999896764755249,
          "x": -0.009771034121513367,
          "y": 0.008563030511140823,
          "z": 0.006148131564259529
        },
        "scale": {
          "x": 1.0,
          "y": 1.0,
          "z": 1.0
        },
        "matrix_basis": [
          [
            0.9997777342796326,
            -0.012462332844734192,
            0.017004145309329033,
            0.0
          ],
          [
            0.012127654626965523,
            0.9997334480285645,
            0.019645344465970993,
            0.0
          ],
          [
            -0.01724443957209587,
            -0.01943475753068924,
            0.9996623992919922,
            0.0
          ],
          [
            0.0,
            0.0,
            0.0,
            1.0
          ]
        ],
        "rotation_mode": "QUATERNION"
      },
      "armature_space": {
        "head": {
          "x": 0.5720457434654236,
          "y": -0.24609121680259705,
          "z": 0.4668498933315277
        },
        "tail": {
          "x": 0.5831618309020996,
          "y": -0.2940811812877655,
          "z": 0.46165546774864197
        }
      },
      "world_space": {
        "head": {
          "x": 0.5720457434654236,
          "y": -0.18284721672534943,
          "z": 1.4167039394378662
        },
        "tail": {
          "x": 0.5831618309020996,
          "y": -0.23083718121051788,
          "z": 1.4115095138549805
        },
        "rotation_quaternion": {
          "w": 0.026920726522803307,
          "x": -0.9683142900466919,
          "y": -0.12189221382141113,
          "z": 0.21629881858825684
        },
        "matrix": [
          [
            0.876714289188385,
            0.22441427409648895,
            -0.42545315623283386,
            0.5720457434654236
          ],
          [
            0.2477058321237564,
            -0.9688352346420288,
            -0.0005956413224339485,
            -0.18284721672534943
          ],
          [
            -0.4123304784297943,
            -0.10486652702093124,
            -0.904986560344696,
            1.4167039394378662
          ],
          [
            0.0,
            0.0,
            0.0,
            1.0
          ]
        ]
      },
      "bone_length_armature_space": 0.04953368636404756,
      "parent": "lowerarm_l",
      "has_children": true,
      "is_end_bone": false
    },
    "thumb_01_l": {
      "name": "thumb_01_l",
      "local": {
        "location": {
          "x": 0.0,
          "y": 0.0,
          "z": 0.0
        },
        "rotation_quaternion": {
          "w": 0.9968461990356445,
          "x": -0.0771978348493576,
          "y": -0.00915075745433569,
          "z": 0.015952644869685173
        },
        "scale": {
          "x": 1.0,
          "y": 1.0,
          "z": 1.0
        },
        "matrix_basis": [
          [
            0.9993235468864441,
            -0.03039182908833027,
            -0.020706815645098686,
            0.0
          ],
          [
            0.03321750462055206,
            0.9875720143318176,
            0.1536167860031128,
            0.0
          ],
          [
            0.015780776739120483,
            -0.1542006880044937,
            0.9879134893417358,
            0.0
          ],
          [
            0.0,
            0.0,
            0.0,
            1.0
          ]
        ],
        "rotation_mode": "QUATERNION"
      },
      "armature_space": {
        "head": {
          "x": 0.5831618309020996,
          "y": -0.2940811812877655,
          "z": 0.46165546774864197
        },
        "tail": {
          "x": 0.5690387487411499,
          "y": -0.316719651222229,
          "z": 0.44052088260650635
        }
      },
      "world_space": {
        "head": {
          "x": 0.5831618309020996,
          "y": -0.23083718121051788,
          "z": 1.4115095138549805
        },
        "tail": {
          "x": 0.5690387487411499,
          "y": -0.2534756660461426,
          "z": 1.3903748989105225
        },
        "rotation_quaternion": {
          "w": 0.21077901124954224,
          "x": -0.8252947330474854,
          "y": 0.350757896900177,
          "z": -0.38913998007774353
        },
        "matrix": [
          [
            0.4510771334171295,
            -0.4149138927459717,
            0.7901746034622192,
            0.5831618309020996
          ],
          [
            -0.7430025935173035,
            -0.6650822758674622,
            0.07491990178823471,
            -0.23083718121051788
          ],
          [
            0.4944484829902649,
            -0.6209012269973755,
            -0.6082897782325745,
            1.4115095138549805
          ],
          [
            0.0,
            0.0,
            0.0,
            1.0
          ]
        ]
      },
      "bone_length_armature_space": 0.0340386901240121,
      "parent": "metacarpal_thumb_l",
      "has_children": true,
      "is_end_bone": false
    },
    "thumb_02_l": {
      "name": "thumb_02_l",
      "local": {
        "location": {
          "x": 0.0,
          "y": 0.0,
          "z": 0.0
        },
        "rotation_quaternion": {
          "w": 0.9966436624526978,
          "x": 0.08182355016469955,
          "y": -0.0020559816621243954,
          "z": 0.0014418356586247683
        },
        "scale": {
          "x": 1.0,
          "y": 1.0,
          "z": 1.0
        },
        "matrix_basis": [
          [
            0.9999873638153076,
            -0.003210448194295168,
            -0.003862209850922227,
            0.0
          ],
          [
            0.0025375373661518097,
            0.9866056442260742,
            -0.16310377418994904,
            0.0
          ],
          [
            0.004334114491939545,
            0.16309191286563873,
            0.9866013526916504,
            0.0
          ],
          [
            0.0,
            0.0,
            0.0,
            1.0
          ]
        ],
        "rotation_mode": "QUATERNION"
      },
      "armature_space": {
        "head": {
          "x": 0.5690386891365051,
          "y": -0.31671959161758423,
          "z": 0.44052088260650635
        },
        "tail": {
          "x": 0.5964708924293518,
          "y": -0.3436782658100128,
          "z": 0.4289500117301941
        }
      },
      "world_space": {
        "head": {
          "x": 0.5690386891365051,
          "y": -0.2534756064414978,
          "z": 1.3903748989105225
        },
        "tail": {
          "x": 0.5964708924293518,
          "y": -0.280434250831604,
          "z": 1.3788039684295654
        },
        "rotation_quaternion": {
          "w": 0.3979288637638092,
          "x": -0.5102096199989319,
          "y": -0.07776663452386856,
          "z": -0.7584795355796814
        },
        "matrix": [
          [
            -0.1626763790845871,
            0.6829982995986938,
            0.7120741605758667,
            0.5690386891365051
          ],
          [
            -0.5242872834205627,
            -0.6712081432342529,
            0.524025559425354,
            -0.2534756064414978
          ],
          [
            0.8358639478683472,
            -0.2880874574184418,
            0.46728044748306274,
            1.3903748989105225
          ],
          [
            0.0,
            0.0,
            0.0,
            1.0
          ]
        ]
      },
      "bone_length_armature_space": 0.04016442325266923,
      "parent": "thumb_01_l",
      "has_children": true,
      "is_end_bone": false
    },
    "thumb_03_l": {
      "name": "thumb_03_l",
      "local": {
        "location": {
          "x": 0.0,
          "y": 0.0,
          "z": 0.0
        },
        "rotation_quaternion": {
          "w": 0.995862603187561,
          "x": 0.09059906005859375,
          "y": -0.0022587175481021404,
          "z": -0.0066641541197896
        },
        "scale": {
          "x": 1.0,
          "y": 1.0,
          "z": 1.0
        },
        "matrix_basis": [
          [
            0.9999009966850281,
            0.012863888405263424,
            -0.005706276744604111,
            0.0
          ],
          [
            -0.013682438991963863,
            0.9834948182106018,
            -0.18041832745075226,
            0.0
          ],
          [
            0.0032912124879658222,
            0.1804785430431366,
            0.9835734367370605,
            0.0
          ],
          [
            0.0,
            0.0,
            0.0,
            1.0
          ]
        ],
        "rotation_mode": "QUATERNION"
      },
      "armature_space": {
        "head": {
          "x": 0.596470832824707,
          "y": -0.3436782956123352,
          "z": 0.4289500415325165
        },
        "tail": {
          "x": 0.6248171925544739,
          "y": -0.35410428047180176,
          "z": 0.4251193404197693
        }
      },
      "world_space": {
        "head": {
          "x": 0.596470832824707,
          "y": -0.2804343104362488,
          "z": 1.378804087638855
        },
        "tail": {
          "x": 0.6248171925544739,
          "y": -0.29086029529571533,
          "z": 1.3749732971191406
        },
        "rotation_quaternion": {
          "w": 0.5624315738677979,
          "x": -0.2655721604824066,
          "y": -0.11154649406671524,
          "z": -0.7750481367111206
        },
        "matrix": [
          [
            -0.22628356516361237,
            0.9310711026191711,
            0.2861858606338501,
            0.596470832824707
          ],
          [
            -0.81257563829422,
            -0.34245455265045166,
            0.4716418981552124,
            -0.2804343104362488
          ],
          [
            0.5371409058570862,
            -0.12582406401634216,
            0.8340635895729065,
            1.378804087638855
          ],
          [
            0.0,
            0.0,
            0.0,
            1.0
          ]
        ]
      },
      "bone_length_armature_space": 0.03044489388587461,
      "parent": "thumb_02_l",
      "has_children": false,
      "is_end_bone": true
    },
    "metacarpal_index_l": {
      "name": "metacarpal_index_l",
      "local": {
        "location": {
          "x": 0.0,
          "y": 0.0,
          "z": 0.0
        },
        "rotation_quaternion": {
          "w": 0.9997329115867615,
          "x": 0.017377501353621483,
          "y": -0.012775301933288574,
          "z": -0.008315679617226124
        },
        "scale": {
          "x": 1.0,
          "y": 1.0,
          "z": 1.0
        },
        "matrix_basis": [
          [
            0.9995352625846863,
            0.01618291065096855,
            -0.02583279088139534,
            0.0
          ],
          [
            -0.017070923000574112,
            0.9992577433586121,
            -0.03453325107693672,
            0.0
          ],
          [
            0.025254767388105392,
            0.034958191215991974,
            0.9990696310997009,
            0.0
          ],
          [
            0.0,
            0.0,
            0.0,
            1.0
          ]
        ],
        "rotation_mode": "QUATERNION"
      },
      "armature_space": {
        "head": {
          "x": 0.5720457434654236,
          "y": -0.24609121680259705,
          "z": 0.4668498933315277
        },
        "tail": {
          "x": 0.634171187877655,
          "y": -0.34373968839645386,
          "z": 0.448562353849411
        }
      },
      "world_space": {
        "head": {
          "x": 0.5720457434654236,
          "y": -0.18284721672534943,
          "z": 1.4167039394378662
        },
        "tail": {
          "x": 0.634171187877655,
          "y": -0.28049570322036743,
          "z": 1.3984163999557495
        },
        "rotation_quaternion": {
          "w": 0.07049167156219482,
          "x": 0.8246309757232666,
          "y": 0.27989470958709717,
          "z": -0.48649126291275024
        },
        "matrix": [
          [
            0.36996978521347046,
            0.5302082896232605,
            -0.7628901600837708,
            0.5720457434654236
          ],
          [
            0.3930327594280243,
            -0.8333790898323059,
            -0.38859379291534424,
            -0.18284721672534943
          ],
          [
            -0.8418178558349609,
            -0.15607470273971558,
            -0.5167180299758911,
            1.4167039394378662
          ],
          [
            0.0,
            0.0,
            0.0,
            1.0
          ]
        ]
      },
      "bone_length_armature_space": 0.1171717936202615,
      "parent": "lowerarm_l",
      "has_children": true,
      "is_end_bone": false
    },
    "index_01_l": {
      "name": "index_01_l",
      "local": {
        "location": {
          "x": 0.0,
          "y": 0.0,
          "z": 0.0
        },
        "rotation_quaternion": {
          "w": 0.9906268119812012,
          "x": -0.1347275674343109,
          "y": 0.019210146740078926,
          "z": 0.01175076887011528
        },
        "scale": {
          "x": 1.0,
          "y": 1.0,
          "z": 1.0
        },
        "matrix_basis": [
          [
            0.998985767364502,
            -0.028457526117563248,
            0.03489386662840843,
            0.0
          ],
          [
            0.018104981631040573,
            0.9634208083152771,
            0.267380952835083,
            0.0
          ],
          [
            -0.041226476430892944,
            -0.2664780020713806,
            0.9629589319229126,
            0.0
          ],
          [
            0.0,
            0.0,
            0.0,
            1.0
          ]
        ],
        "rotation_mode": "QUATERNION"
      },
      "armature_space": {
        "head": {
          "x": 0.634171187877655,
          "y": -0.34373968839645386,
          "z": 0.448562353849411
        },
        "tail": {
          "x": 0.6589567065238953,
          "y": -0.35689622163772583,
          "z": 0.44349730014801025
        }
      },
      "world_space": {
        "head": {
          "x": 0.634171187877655,
          "y": -0.28049570322036743,
          "z": 1.3984163999557495
        },
        "tail": {
          "x": 0.6589567065238953,
          "y": -0.2936522364616394,
          "z": 1.3933513164520264
        },
        "rotation_quaternion": {
          "w": 0.13142511248588562,
          "x": 0.766854465007782,
          "y": 0.5020221471786499,
          "z": -0.37767112255096436
        },
        "matrix": [
          [
            0.2106752246618271,
            0.8692281246185303,
            -0.44727879762649536,
            0.634171187877655
          ],
          [
            0.670684814453125,
            -0.4614003002643585,
            -0.5807687044143677,
            -0.28049570322036743
          ],
          [
            -0.7111993432044983,
            -0.17763127386569977,
            -0.680188775062561,
            1.3984163999557495
          ],
          [
            0.0,
            0.0,
            0.0,
            1.0
          ]
        ]
      },
      "bone_length_armature_space": 0.028514400529475386,
      "parent": "metacarpal_index_l",
      "has_children": true,
      "is_end_bone": false
    },
    "index_02_l": {
      "name": "index_02_l",
      "local": {
        "location": {
          "x": 0.0,
          "y": 0.0,
          "z": 0.0
        },
        "rotation_quaternion": {
          "w": 0.9995763897895813,
          "x": 0.028982391580939293,
          "y": -0.001984060276299715,
          "z": 0.0017954211216419935
        },
        "scale": {
          "x": 1.0,
          "y": 1.0,
          "z": 1.0
        },
        "matrix_basis": [
          [
            0.9999856948852539,
            -0.003704326692968607,
            -0.003862368408590555,
            0.0
          ],
          [
            0.003474315395578742,
            0.9983136057853699,
            -0.05794735252857208,
            0.0
          ],
          [
            0.004070510622113943,
            0.057933103293180466,
            0.9983121752738953,
            0.0
          ],
          [
            0.0,
            0.0,
            0.0,
            1.0
          ]
        ],
        "rotation_mode": "QUATERNION"
      },
      "armature_space": {
        "head": {
          "x": 0.6589568257331848,
          "y": -0.3568967282772064,
          "z": 0.4434972107410431
        },
        "tail": {
          "x": 0.6811065673828125,
          "y": -0.36866384744644165,
          "z": 0.4381106495857239
        }
      },
      "world_space": {
        "head": {
          "x": 0.6589568257331848,
          "y": -0.2936527132987976,
          "z": 1.3933511972427368
        },
        "tail": {
          "x": 0.6811065673828125,
          "y": -0.3054198622703552,
          "z": 1.3879647254943848
        },
        "rotation_quaternion": {
          "w": 0.13583284616470337,
          "x": 0.7483587861061096,
          "y": 0.5021942257881165,
          "z": -0.411472350358963
        },
        "matrix": [
          [
            0.15698139369487762,
            0.8634274005889893,
            -0.47942668199539185,
            0.6589568257331848
          ],
          [
            0.6398597955703735,
            -0.4586983919143677,
            -0.6165839433670044,
            -0.2936527132987976
          ],
          [
            -0.752292275428772,
            -0.20997563004493713,
            -0.6244843602180481,
            1.3933511972427368
          ],
          [
            0.0,
            0.0,
            0.0,
            1.0
          ]
        ]
      },
      "bone_length_armature_space": 0.025653288455995123,
      "parent": "index_01_l",
      "has_children": true,
      "is_end_bone": false
    },
    "index_03_l": {
      "name": "index_03_l",
      "local": {
        "location": {
          "x": 0.0,
          "y": 0.0,
          "z": 0.0
        },
        "rotation_quaternion": {
          "w": 0.9983628392219543,
          "x": 0.05667347088456154,
          "y": 0.005185044836252928,
          "z": -0.0057508815079927444
        },
        "scale": {
          "x": 1.0,
          "y": 1.0,
          "z": 1.0
        },
        "matrix_basis": [
          [
            0.9998800754547119,
            0.012070641852915287,
            0.009701266884803772,
            0.0
          ],
          [
            -0.01089522335678339,
            0.9935100674629211,
            -0.11322101205587387,
            0.0
          ],
          [
            -0.011004957370460033,
            0.11310173571109772,
            0.9935224652290344,
            0.0
          ],
          [
            0.0,
            0.0,
            0.0,
            1.0
          ]
        ],
        "rotation_mode": "QUATERNION"
      },
      "armature_space": {
        "head": {
          "x": 0.6811066269874573,
          "y": -0.3686637580394745,
          "z": 0.4381107687950134
        },
        "tail": {
          "x": 0.7033920288085938,
          "y": -0.38324812054634094,
          "z": 0.4260944426059723
        }
      },
      "world_space": {
        "head": {
          "x": 0.6811066269874573,
          "y": -0.3054197430610657,
          "z": 1.3879647254943848
        },
        "tail": {
          "x": 0.7033920288085938,
          "y": -0.32000410556793213,
          "z": 1.375948429107666
        },
        "rotation_quaternion": {
          "w": 0.01791170984506607,
          "x": 0.7468628287315369,
          "y": 0.500105619430542,
          "z": -0.4379149079322815
        },
        "matrix": [
          [
            0.11624787747859955,
            0.7627102136611938,
            -0.636207103729248,
            0.6811066269874573
          ],
          [
            0.7313328385353088,
            -0.499144971370697,
            -0.46476560831069946,
            -0.3054197430610657
          ],
          [
            -0.6720449328422546,
            -0.41125452518463135,
            -0.6158241629600525,
            1.3879647254943848
          ],
          [
            0.0,
            0.0,
            0.0,
            1.0
          ]
        ]
      },
      "bone_length_armature_space": 0.029218741127432914,
      "parent": "index_02_l",
      "has_children": false,
      "is_end_bone": true
    },
    "metacarpal_pinky_l": {
      "name": "metacarpal_pinky_l",
      "local": {
        "location": {
          "x": 0.0,
          "y": 0.0,
          "z": 0.0
        },
        "rotation_quaternion": {
          "w": 0.9985885620117188,
          "x": -0.05161748081445694,
          "y": -0.007489646784961224,
          "z": -0.010022467002272606
        },
        "scale": {
          "x": 1.0,
          "y": 1.0,
          "z": 1.0
        },
        "matrix_basis": [
          [
            0.9996868968009949,
            0.02078983560204506,
            -0.013923482038080692,
            0.0
          ],
          [
            -0.019243448972702026,
            0.9944703578948975,
            0.10323937982320786,
            0.0
          ],
          [
            0.015992820262908936,
            -0.10293912142515182,
            0.994559109210968,
            0.0
          ],
          [
            0.0,
            0.0,
            0.0,
            1.0
          ]
        ],
        "rotation_mode": "QUATERNION"
      },
      "armature_space": {
        "head": {
          "x": 0.5720457434654236,
          "y": -0.24609121680259705,
          "z": 0.4668498933315277
        },
        "tail": {
          "x": 0.6614454388618469,
          "y": -0.2828340530395508,
          "z": 0.4281083941459656
        }
      },
      "world_space": {
        "head": {
          "x": 0.5720457434654236,
          "y": -0.18284721672534943,
          "z": 1.4167039394378662
        },
        "tail": {
          "x": 0.6614454388618469,
          "y": -0.21959005296230316,
          "z": 1.377962350845337
        },
        "rotation_quaternion": {
          "w": 0.5472830533981323,
          "x": -0.10887482762336731,
          "y": 0.15509618818759918,
          "z": -0.8152133226394653
        },
        "matrix": [
          [
            -0.3772541284561157,
            0.8585327863693237,
            0.3472762107849121,
            0.5720457434654236
          ],
          [
            -0.926077663898468,
            -0.3528527021408081,
            -0.13370037078857422,
            -0.18284721672534943
          ],
          [
            0.0077506257221102715,
            -0.3720466196537018,
            0.9281893968582153,
            1.4167039394378662
          ],
          [
            0.0,
            0.0,
            0.0,
            1.0
          ]
        ]
      },
      "bone_length_armature_space": 0.10413090581283814,
      "parent": "lowerarm_l",
      "has_children": true,
      "is_end_bone": false
    },
    "pinky_01_l": {
      "name": "pinky_01_l",
      "local": {
        "location": {
          "x": 0.0,
          "y": 0.0,
          "z": 0.0
        },
        "rotation_quaternion": {
          "w": 0.9904134273529053,
          "x": -0.13744941353797913,
          "y": -0.01321906317025423,
          "z": 0.003780835308134556
        },
        "scale": {
          "x": 1.0,
          "y": 1.0,
          "z": 1.0
        },
        "matrix_basis": [
          [
            0.9996219277381897,
            -0.00385527522303164,
            -0.027224022895097733,
            0.0
          ],
          [
            0.011123085394501686,
            0.9621867537498474,
            0.2721635401248932,
            0.0
          ],
          [
            0.025145327672362328,
            -0.27236345410346985,
            0.9618658423423767,
            0.0
          ],
          [
            0.0,
            0.0,
            0.0,
            1.0
          ]
        ],
        "rotation_mode": "QUATERNION"
      },
      "armature_space": {
        "head": {
          "x": 0.6614454388618469,
          "y": -0.2828340530395508,
          "z": 0.4281083941459656
        },
        "tail": {
