{
  "metadata": {
    "armature_name": "KIM_caucasian_male",
    "export_time": "2026-01-13T20:56:03.639540",
    "blender_version": "4.4.1",
    "bone_count": 56,
    "end_bone_count": 13,
    "spaces_included": [
      "LOCAL_CHANNELS",
      "ARMATURE_SPACE",
      "WORLD_SPACE"
    ],
    "note": "LOCAL matches Transform panel; replay pose via local.matrix_basis for best fidelity."
  },
  "bones": {
    "Root": {
      "name": "Root",
      "local": {
        "location": {
          "x": 0.0,
          "y": 0.0,
          "z": 0.0
        },
        "rotation_quaternion": {
          "w": 0.9996516704559326,
          "x": -0.004586969502270222,
          "y": 0.004255963023751974,
          "z": -0.025643453001976013
        },
        "scale": {
          "x": 1.0,
          "y": 1.0,
          "z": 1.0
        },
        "matrix_basis": [
          [
            0.9986485838890076,
            0.05122999846935272,
            0.008744212798774242,
            0.0
          ],
          [
            -0.05130808427929878,
            0.9986427426338196,
            0.008952468633651733,
            0.0
          ],
          [
            -0.008273709565401077,
            -0.009389018639922142,
            0.9999216794967651,
            0.0
          ],
          [
            0.0,
            0.0,
            0.0,
            1.0
          ]
        ],
        "rotation_mode": "QUATERNION"
      },
      "armature_space": {
        "head": {
          "x": 0.0,
          "y": 0.07072800397872925,
          "z": -0.009595036506652832
        },
        "tail": {
          "x": 0.0036565857008099556,
          "y": 0.00018608570098876953,
          "z": 0.0006510484963655472
        }
      },
      "world_space": {
        "head": {
          "x": 0.0,
          "y": 0.13397200405597687,
          "z": 0.9402589797973633
        },
        "tail": {
          "x": 0.0036565857008099556,
          "y": 0.06343008577823639,
          "z": 0.9505050778388977
        },
        "rotation_quaternion": {
          "w": 0.07192074507474899,
          "x": 0.9970715641975403,
          "y": 0.025871917605400085,
          "z": 0.002518748864531517
        },
        "matrix": [
          [
            0.9986485838890076,
            0.05122999846935272,
            0.008744212798774242,
            0.0
          ],
          [
            0.05195460468530655,
            -0.9883160591125488,
            -0.14329037070274353,
            0.13397200405597687
          ],
          [
            0.00130133843049407,
            0.14355111122131348,
            -0.9896491169929504,
            0.9402589797973633
          ],
          [
            0.0,
            0.0,
            0.0,
            1.0
          ]
        ]
      },
      "bone_length_armature_space": 0.07137587197792393,
      "parent": null,
      "has_children": true,
      "is_end_bone": false
    },
    "spine_01": {
      "name": "spine_01",
      "local": {
        "location": {
          "x": 0.0,
          "y": 0.0,
          "z": 0.0
        },
        "rotation_quaternion": {
          "w": 0.997295081615448,
          "x": -0.052461933344602585,
          "y": 0.010068533010780811,
          "z": -0.050488054752349854
        },
        "scale": {
          "x": 1.0,
          "y": 1.0,
          "z": 1.0
        },
        "matrix_basis": [
          [
            0.9946991801261902,
            0.09964654594659805,
            0.025379998609423637,
            0.0
          ],
          [
            -0.1017594039440155,
            0.989397406578064,
            0.10362337529659271,
            0.0
          ],
          [
            -0.014785194769501686,
            -0.10565673559904099,
            0.9942927360534668,
            0.0
          ],
          [
            0.0,
            0.0,
            0.0,
            1.0
          ]
        ],
        "rotation_mode": "QUATERNION"
      },
      "armature_space": {
        "head": {
          "x": 0.0036565857008099556,
          "y": 0.00018608570098876953,
          "z": 0.0006510484963655472
        },
        "tail": {
          "x": 0.04751799255609512,
          "y": 0.08106182515621185,
          "z": 0.4799044132232666
        }
      },
      "world_space": {
        "head": {
          "x": 0.0036565857008099556,
          "y": 0.06343008577823639,
          "z": 0.9505050778388977
        },
        "tail": {
          "x": 0.04751799255609512,
          "y": 0.14430582523345947,
          "z": 1.4297584295272827
        },
        "rotation_quaternion": {
          "w": 0.7612252831459045,
          "x": 0.6457898616790771,
          "y": 0.05831006169319153,
          "z": -0.009568545036017895
        },
        "matrix": [
          [
            0.9930168390274048,
            0.08987970650196075,
            0.07641507685184479,
            0.0036565857008099556
          ],
          [
            0.060743823647499084,
            0.16572855412960052,
            -0.9842988848686218,
            0.06343008577823639
          ],
          [
            -0.1011333018541336,
            0.9820740818977356,
            0.15911182761192322,
            0.9505050778388977
          ],
          [
            0.0,
            0.0,
            0.0,
            1.0
          ]
        ]
      },
      "bone_length_armature_space": 0.48800459021579523,
      "parent": "Root",
      "has_children": true,
      "is_end_bone": false
    },
    "neck_01": {
      "name": "neck_01",
      "local": {
        "location": {
          "x": 0.0,
          "y": 0.0,
          "z": 0.0
        },
        "rotation_quaternion": {
          "w": 0.9865847826004028,
          "x": -0.14594510197639465,
          "y": 0.03593070060014725,
          "z": -0.0637153908610344
        },
        "scale": {
          "x": 1.0,
          "y": 1.0,
          "z": 1.0
        },
        "matrix_basis": [
          [
            0.9892986416816711,
            0.11523345112800598,
            0.08949526399374008,
            0.0
          ],
          [
            -0.13620908558368683,
            0.9492807388305664,
            0.28339576721191406,
            0.0
          ],
          [
            -0.052299465984106064,
            -0.2925530970096588,
            0.9548180103302002,
            0.0
          ],
          [
            0.0,
            0.0,
            0.0,
            1.0
          ]
        ],
        "rotation_mode": "QUATERNION"
      },
      "armature_space": {
        "head": {
          "x": 0.056748952716588974,
          "y": 0.059060294181108475,
          "z": 0.557328462600708
        },
        "tail": {
          "x": 0.07835372537374496,
          "y": 0.06748571991920471,
          "z": 0.6571934223175049
        }
      },
      "world_space": {
        "head": {
          "x": 0.056748952716588974,
          "y": 0.1223042905330658,
          "z": 1.5071824789047241
        },
        "tail": {
          "x": 0.07835372537374496,
          "y": 0.13072971999645233,
          "z": 1.607047438621521
        },
        "rotation_quaternion": {
          "w": 0.7241365313529968,
          "x": 0.6769804358482361,
          "y": 0.12929467856884003,
          "z": -0.024632448330521584
        },
        "matrix": [
          [
            0.965352475643158,
            0.21073441207408905,
            0.1539013683795929,
            0.056748952716588974
          ],
          [
            0.13938400149345398,
            0.08218216896057129,
            -0.9868224263191223,
            0.1223042905330658
          ],
          [
            -0.2206067591905594,
            0.9740895628929138,
            0.04996122419834137,
            1.5071824789047241
          ],
          [
            0.0,
            0.0,
            0.0,
            1.0
          ]
        ]
      },
      "bone_length_armature_space": 0.10252201745444,
      "parent": "spine_01",
      "has_children": true,
      "is_end_bone": false
    },
    "head": {
      "name": "head",
      "local": {
        "location": {
          "x": 0.0,
          "y": 0.0,
          "z": 0.0
        },
        "rotation_quaternion": {
          "w": 0.9814810156822205,
          "x": -0.04608388990163803,
          "y": -0.06179383397102356,
          "z": 0.17536520957946777
        },
        "scale": {
          "x": 1.0,
          "y": 1.0,
          "z": 1.0
        },
        "matrix_basis": [
          [
            0.9308571219444275,
            -0.33853983879089355,
            -0.13746197521686554,
            0.0
          ],
          [
            0.34993064403533936,
            0.9342466592788696,
            0.06878794729709625,
            0.0
          ],
          [
            0.10513592511415482,
            -0.11213390529155731,
            0.9881156086921692,
            0.0
          ],
          [
            0.0,
            0.0,
            0.0,
            1.0
          ]
        ],
        "rotation_mode": "QUATERNION"
      },
      "armature_space": {
        "head": {
          "x": 0.07835373282432556,
          "y": 0.06748556345701218,
          "z": 0.6571933627128601
        },
        "tail": {
          "x": 0.04417935013771057,
          "y": 0.1385636329650879,
          "z": 0.7907346487045288
        }
      },
      "world_space": {
        "head": {
          "x": 0.07835373282432556,
          "y": 0.1307295560836792,
          "z": 1.6070473194122314
        },
        "tail": {
          "x": 0.04417935013771057,
          "y": 0.2018076330423355,
          "z": 1.740588665008545
        },
        "rotation_quaternion": {
          "w": 0.8537296652793884,
          "x": 0.5066829323768616,
          "y": -0.0172142144292593,
          "z": 0.11883573979139328
        },
        "matrix": [
          [
            0.9711633920669556,
            -0.22035165131092072,
            0.0910324677824974,
            0.07835373282432556
          ],
          [
            0.18546392023563385,
            0.45830148458480835,
            -0.8692314028739929,
            0.1307295560836792
          ],
          [
            0.14981749653816223,
            0.861055314540863,
            0.4859554171562195,
            1.6070473194122314
          ],
          [
            0.0,
            0.0,
            0.0,
            1.0
          ]
        ]
      },
      "bone_length_armature_space": 0.1550911220664027,
      "parent": "neck_01",
      "has_children": false,
      "is_end_bone": true
    },
    "upperarm_l": {
      "name": "upperarm_l",
      "local": {
        "location": {
          "x": 0.0,
          "y": 0.0,
          "z": 0.0
        },
        "rotation_quaternion": {
          "w": 0.8468669056892395,
          "x": 0.40379297733306885,
          "y": 0.31599894165992737,
          "z": -0.14111150801181793
        },
        "scale": {
          "x": 1.0,
          "y": 1.0,
          "z": 1.0
        },
        "matrix_basis": [
          [
            0.7604644298553467,
            0.4942016303539276,
            0.42125841975212097,
            0.0
          ],
          [
            0.016190974041819572,
            0.6340775489807129,
            -0.7731000185012817,
            0.0
          ],
          [
            -0.6491777896881104,
            0.5947356224060059,
            0.474191814661026,
            0.0
          ],
          [
            0.0,
            0.0,
            0.0,
            1.0
          ]
        ],
        "rotation_mode": "QUATERNION"
      },
      "armature_space": {
        "head": {
          "x": 0.19990456104278564,
          "y": 0.05389456823468208,
          "z": 0.47666287422180176
        },
        "tail": {
          "x": 0.37039124965667725,
          "y": -0.10585038363933563,
          "z": 0.3454236388206482
        }
      },
      "world_space": {
        "head": {
          "x": 0.19990456104278564,
          "y": 0.1171385645866394,
          "z": 1.4265168905258179
        },
        "tail": {
          "x": 0.37039124965667725,
          "y": -0.04260638356208801,
          "z": 1.2952775955200195
        },
        "rotation_quaternion": {
          "w": 0.04276597499847412,
          "x": 0.652822732925415,
          "y": 0.4473299980163574,
          "z": -0.6098273992538452
        },
        "matrix": [
          [
            -0.1439884901046753,
            0.636216938495636,
            -0.7579548358917236,
            0.19990456104278564
          ],
          [
            0.5318944454193115,
            -0.5961312651634216,
            -0.6014283299446106,
            0.1171385645866394
          ],
          [
            -0.8344847559928894,
            -0.4897545874118805,
            -0.25256648659706116,
            1.4265168905258179
          ],
          [
            0.0,
            0.0,
            0.0,
            1.0
          ]
        ]
      },
      "bone_length_armature_space": 0.26796995487998804,
      "parent": "spine_01",
      "has_children": true,
      "is_end_bone": false
    },
    "lowerarm_l": {
      "name": "lowerarm_l",
      "local": {
        "location": {
          "x": 0.0,
          "y": 0.0,
          "z": 0.0
        },
        "rotation_quaternion": {
          "w": 0.8595424294471741,
          "x": 0.42129623889923096,
          "y": 0.25654879212379456,
          "z": -0.13371263444423676
        },
        "scale": {
          "x": 1.0,
          "y": 1.0,
          "z": 1.0
        },
        "matrix_basis": [
          [
            0.8326072692871094,
            0.4460294544696808,
            0.32836389541625977,
            0.0
          ],
          [
            -0.01369728334248066,
            0.6092607975006104,
            -0.7928516268730164,
            0.0
          ],
          [
            -0.5536944270133972,
            0.6556363701820374,
            0.5133844017982483,
            0.0
          ],
          [
            0.0,
            0.0,
            0.0,
            1.0
          ]
        ],
        "rotation_mode": "QUATERNION"
      },
      "armature_space": {
        "head": {
          "x": 0.37039127945899963,
          "y": -0.10585053265094757,
          "z": 0.34542369842529297
        },
        "tail": {
          "x": 0.2935428023338318,
          "y": -0.2744554281234741,
          "z": 0.15245570242404938
        }
      },
      "world_space": {
        "head": {
          "x": 0.37039127945899963,
          "y": -0.04260653257369995,
          "z": 1.295277714729309
        },
        "tail": {
          "x": 0.2935428023338318,
          "y": -0.2112114280462265,
          "z": 1.1023097038269043
        },
        "rotation_quaternion": {
          "w": 0.40578508377075195,
          "x": -0.6811234354972839,
          "y": -0.14218756556510925,
          "z": 0.5926146507263184
        },
        "matrix": [
          [
            0.25718069076538086,
            -0.28725770115852356,
            -0.9226815700531006,
            0.37039127945899963
          ],
          [
            0.6746430397033691,
            -0.6302409172058105,
            0.3842567503452301,
            -0.04260653257369995
          ],
          [
            -0.6918966770172119,
            -0.7213096618652344,
            0.03171103075146675,
            1.295277714729309
          ],
          [
            0.0,
            0.0,
            0.0,
            1.0
          ]
        ]
      },
      "bone_length_armature_space": 0.2675255955347635,
      "parent": "upperarm_l",
      "has_children": true,
      "is_end_bone": false
    },
    "metacarpal_thumb_l": {
      "name": "metacarpal_thumb_l",
      "local": {
        "location": {
          "x": 0.0,
          "y": 0.0,
          "z": 0.0
        },
        "rotation_quaternion": {
          "w": 0.9997676014900208,
          "x": -0.018177460879087448,
          "y": 0.01151079498231411,
          "z": 0.0013956776820123196
        },
        "scale": {
          "x": 1.0,
          "y": 1.0,
          "z": 1.0
        },
        "matrix_basis": [
          [
            0.9997311234474182,
            -0.0032091806642711163,
            0.022965500131249428,
            0.0
          ],
          [
            0.002372232498601079,
            0.9993352890014648,
            0.03637860342860222,
            0.0
          ],
          [
            -0.02306697890162468,
            -0.03631434217095375,
            0.9990741610527039,
            0.0
          ],
          [
            0.0,
            0.0,
            0.0,
            1.0
          ]
        ],
        "rotation_mode": "QUATERNION"
      },
      "armature_space": {
        "head": {
          "x": 0.2935428023338318,
          "y": -0.2744554281234741,
          "z": 0.15245570242404938
        },
        "tail": {
          "x": 0.2570730149745941,
          "y": -0.2830299735069275,
          "z": 0.12005153298377991
        }
      },
      "world_space": {
        "head": {
          "x": 0.2935428023338318,
          "y": -0.2112114280462265,
          "z": 1.1023097038269043
        },
        "tail": {
          "x": 0.2570730149745941,
          "y": -0.21978597342967987,
          "z": 1.0699055194854736
        },
        "rotation_quaternion": {
          "w": 0.455808162689209,
          "x": -0.7644209265708923,
          "y": 0.4535258114337921,
          "z": 0.047051988542079926
        },
        "matrix": [
          [
            0.5841991305351257,
            -0.7362627983093262,
            0.34150898456573486,
            0.2935428023338318
          ],
          [
            -0.6504784822463989,
            -0.173105388879776,
            0.7395352721214294,
            -0.2112114280462265
          ],
          [
            -0.4853791892528534,
            -0.6541847586631775,
            -0.5800546407699585,
            1.1023097038269043
          ],
          [
            0.0,
            0.0,
            0.0,
            1.0
          ]
        ]
      },
      "bone_length_armature_space": 0.04953381131141357,
      "parent": "lowerarm_l",
      "has_children": true,
      "is_end_bone": false
    },
    "thumb_01_l": {
      "name": "thumb_01_l",
      "local": {
        "location": {
          "x": 0.0,
          "y": 0.0,
          "z": 0.0
        },
        "rotation_quaternion": {
          "w": 0.9967489242553711,
          "x": -0.07919353246688843,
          "y": 0.007310361135751009,
          "z": -0.012907704338431358
        },
        "scale": {
          "x": 1.0,
          "y": 1.0,
          "z": 1.0
        },
        "matrix_basis": [
          [
            0.9995598793029785,
            0.024573614820837975,
            0.016617601737380028,
            0.0
          ],
          [
            -0.026889348402619362,
            0.9871235489845276,
            0.15768341720104218,
            0.0
          ],
          [
            -0.012528776191174984,
            -0.15806086361408234,
            0.9873498678207397,
            0.0
          ],
          [
            0.0,
            0.0,
            0.0,
            1.0
          ]
        ],
        "rotation_mode": "QUATERNION"
      },
      "armature_space": {
        "head": {
          "x": 0.2570730149745941,
          "y": -0.2830299735069275,
          "z": 0.12005153298377991
        },
        "tail": {
          "x": 0.2432708889245987,
          "y": -0.2631171941757202,
          "z": 0.09614306688308716
        }
      },
      "world_space": {
        "head": {
          "x": 0.2570730149745941,
          "y": -0.21978597342967987,
          "z": 1.0699055194854736
        },
        "tail": {
          "x": 0.2432708889245987,
          "y": -0.1998731940984726,
          "z": 1.045997142791748
        },
        "rotation_quaternion": {
          "w": 0.15747791528701782,
          "x": -0.29393643140792847,
          "y": 0.8761872053146362,
          "z": -0.3479917347431183
        },
        "matrix": [
          [
            -0.7776035070419312,
            -0.40548497438430786,
            0.4805358350276947,
            0.2570730149745941
          ],
          [
            -0.6246894598007202,
            0.5850058794021606,
            -0.5172342658042908,
            -0.21978597342967987
          ],
          [
            -0.07138645648956299,
            -0.7023933529853821,
            -0.7082102298736572,
            1.0699055194854736
          ],
          [
            0.0,
            0.0,
            0.0,
            1.0
          ]
        ]
      },
      "bone_length_armature_space": 0.03403868755894587,
      "parent": "metacarpal_thumb_l",
      "has_children": true,
      "is_end_bone": false
    },
    "thumb_02_l": {
      "name": "thumb_02_l",
      "local": {
        "location": {
          "x": 0.0,
          "y": 0.0,
          "z": 0.0
        },
        "rotation_quaternion": {
          "w": 0.9959172606468201,
          "x": 0.08995738625526428,
          "y": -0.007376817520707846,
          "z": -0.0014823146630078554
        },
        "scale": {
          "x": 1.0,
          "y": 1.0,
          "z": 1.0
        },
        "matrix_basis": [
          [
            0.9998867511749268,
            0.0016253270441666245,
            -0.014960089698433876,
            0.0
          ],
          [
            -0.004279723856598139,
            0.9838109612464905,
            -0.17915835976600647,
            0.0
          ],
          [
            0.014426709152758121,
            0.1792020946741104,
            0.9837064743041992,
            0.0
          ],
          [
            0.0,
            0.0,
            0.0,
            1.0
          ]
        ],
        "rotation_mode": "QUATERNION"
      },
      "armature_space": {
        "head": {
          "x": 0.2432708889245987,
          "y": -0.2631171643733978,
          "z": 0.09614310413599014
        },
        "tail": {
          "x": 0.22988170385360718,
          "y": -0.28612253069877625,
          "z": 0.06606526672840118
        }
      },
      "world_space": {
        "head": {
          "x": 0.2432708889245987,
          "y": -0.1998731642961502,
          "z": 1.045997142791748
        },
        "tail": {
          "x": 0.22988170385360718,
          "y": -0.22287853062152863,
          "z": 1.0159193277359009
        },
        "rotation_quaternion": {
          "w": 0.047795891761779785,
          "x": 0.27492478489875793,
          "y": -0.4597022235393524,
          "z": 0.8430930376052856
        },
        "matrix": [
          [
            -0.8442645072937012,
            -0.33335956931114197,
            0.41962939500808716,
            0.2432708889245987
          ],
          [
            -0.17217284440994263,
            -0.5727797746658325,
            -0.8014237284660339,
            -0.1998731642961502
          ],
          [
            0.5075209736824036,
            -0.7488680481910706,
            0.4261844754219055,
            1.045997142791748
          ],
          [
            0.0,
            0.0,
            0.0,
            1.0
          ]
        ]
      },
      "bone_length_armature_space": 0.0401645799508252,
      "parent": "thumb_01_l",
      "has_children": true,
      "is_end_bone": false
    },
    "thumb_03_l": {
      "name": "thumb_03_l",
      "local": {
        "location": {
          "x": 0.0,
          "y": 0.0,
          "z": 0.0
        },
        "rotation_quaternion": {
          "w": 0.994774580001831,
          "x": 0.10169805586338043,
          "y": 0.008667238987982273,
          "z": -0.002454584464430809
        },
        "scale": {
          "x": 1.0,
          "y": 1.0,
          "z": 1.0
        },
        "matrix_basis": [
          [
            0.9998376965522766,
            0.006646399386227131,
            0.016744645312428474,
            0.0
          ],
          [
            -0.0031206337735056877,
            0.9793029427528381,
            -0.20237582921981812,
            0.0
          ],
          [
            -0.017743151634931564,
            0.20229072868824005,
            0.9791647791862488,
            0.0
          ],
          [
            0.0,
            0.0,
            0.0,
            1.0
          ]
        ],
        "rotation_mode": "QUATERNION"
      },
      "armature_space": {
        "head": {
          "x": 0.2298816442489624,
          "y": -0.2861224412918091,
          "z": 0.06606529653072357
        },
        "tail": {
          "x": 0.22840842604637146,
          "y": -0.3121635317802429,
          "z": 0.05036222189664841
        }
      },
      "world_space": {
        "head": {
          "x": 0.2298816442489624,
          "y": -0.22287844121456146,
          "z": 1.0159193277359009
        },
        "tail": {
          "x": 0.22840842604637146,
          "y": -0.2489195317029953,
          "z": 1.0002162456512451
        },
        "rotation_quaternion": {
          "w": 0.00831110030412674,
          "x": 0.0602877140045166,
          "y": -0.26880311965942383,
          "z": 0.9612706303596497
        },
        "matrix": [
          [
            -0.9925926327705383,
            -0.04838952422142029,
            0.11143732815980911,
            0.2298816442489624
          ],
          [
            -0.01643255352973938,
            -0.8553519248962402,
            -0.5177869200706482,
            -0.22287844121456146
          ],
          [
            0.12037445604801178,
            -0.51578688621521,
            0.8482263684272766,
            1.0159193277359009
          ],
          [
            0.0,
            0.0,
            0.0,
            1.0
          ]
        ]
      },
      "bone_length_armature_space": 0.030444955440102575,
      "parent": "thumb_02_l",
      "has_children": false,
      "is_end_bone": true
    },
    "metacarpal_index_l": {
      "name": "metacarpal_index_l",
      "local": {
        "location": {
          "x": 0.0,
          "y": 0.0,
          "z": 0.0
        },
        "rotation_quaternion": {
          "w": 0.9987247586250305,
          "x": -0.04968186095356941,
          "y": -0.004111070651561022,
          "z": 0.007991396822035313
        },
        "scale": {
          "x": 1.0,
          "y": 1.0,
          "z": 1.0
        },
        "matrix_basis": [
          [
            0.9998384714126587,
            -0.015553920529782772,
            -0.009005711413919926,
            0.0
          ],
          [
            0.016370903700590134,
            0.9949356913566589,
            0.09917130321264267,
            0.0
          ],
          [
            0.007417601067572832,
            -0.09930271655321121,
            0.995029628276825,
            0.0
          ],
          [
            0.0,
            0.0,
            0.0,
            1.0
          ]
        ],
        "rotation_mode": "QUATERNION"
      },
      "armature_space": {
        "head": {
          "x": 0.2935428023338318,
          "y": -0.2744554281234741,
          "z": 0.15245570242404938
        },
        "tail": {
          "x": 0.23160606622695923,
          "y": -0.33699196577072144,
          "z": 0.07511017471551895
        }
      },
      "world_space": {
        "head": {
          "x": 0.2935428023338318,
          "y": -0.2112114280462265,
          "z": 1.1023097038269043
        },
        "tail": {
          "x": 0.23160606622695923,
          "y": -0.273747980594635,
          "z": 1.0249642133712769
        },
        "rotation_quaternion": {
          "w": 0.45111846923828125,
          "x": -0.8337814807891846,
          "y": 0.17214545607566833,
          "z": 0.2677063047885895
        },
        "matrix": [
          [
            0.79739910364151,
            -0.528597891330719,
            -0.29109981656074524,
            0.2935428023338318
          ],
          [
            -0.04553094878792763,
            -0.5337170362472534,
            0.844436526298523,
            -0.2112114280462265
          ],
          [
            -0.6017365455627441,
            -0.660103976726532,
            -0.4496556222438812,
            1.1023097038269043
          ],
          [
            0.0,
            0.0,
            0.0,
            1.0
          ]
        ]
      },
      "bone_length_armature_space": 0.11717213192147405,
      "parent": "lowerarm_l",
      "has_children": true,
      "is_end_bone": false
    },
    "index_01_l": {
      "name": "index_01_l",
      "local": {
        "location": {
          "x": 0.0,
          "y": 0.0,
          "z": 0.0
        },
        "rotation_quaternion": {
          "w": 0.9960435628890991,
          "x": -0.08766724914312363,
          "y": 0.007212625816464424,
          "z": -0.012634999118745327
        },
        "scale": {
          "x": 1.0,
          "y": 1.0,
          "z": 1.0
        },
        "matrix_basis": [
          [
            0.9995766878128052,
            0.023905396461486816,
            0.016583530232310295,
            0.0
          ],
          [
            -0.02643464133143425,
            0.9843096137046814,
            0.17445853352546692,
            0.0
          ],
          [
            -0.012152827344834805,
            -0.17482306063175201,
            0.9845248460769653,
            0.0
          ],
          [
            0.0,
            0.0,
            0.0,
            1.0
          ]
        ],
        "rotation_mode": "QUATERNION"
      },
      "armature_space": {
        "head": {
          "x": 0.23160606622695923,
          "y": -0.33699196577072144,
          "z": 0.07511017471551895
        },
        "tail": {
          "x": 0.22877401113510132,
          "y": -0.3582553565502167,
          "z": 0.05632395297288895
        }
      },
      "world_space": {
        "head": {
          "x": 0.23160606622695923,
          "y": -0.273747980594635,
          "z": 1.0249642133712769
        },
        "tail": {
          "x": 0.22877401113510132,
          "y": -0.29501134157180786,
          "z": 1.0061780214309692
        },
        "rotation_quaternion": {
          "w": 0.3563914895057678,
          "x": -0.9188776612281799,
          "y": -0.01145351305603981,
          "z": 0.1688724160194397
        },
        "matrix": [
          [
            0.9427021145820618,
            -0.09932051599025726,
            -0.318509578704834,
            0.23160606622695923
          ],
          [
            0.14141777157783508,
            -0.745708167552948,
            0.6510915756225586,
            -0.273747980594635
          ],
          [
            -0.30218395590782166,
            -0.6588335633277893,
            -0.6889394521713257,
            1.0249642133712769
          ],
          [
            0.0,
            0.0,
            0.0,
            1.0
          ]
        ]
      },
      "bone_length_armature_space": 0.028514460446007757,
      "parent": "metacarpal_index_l",
      "has_children": true,
      "is_end_bone": false
    },
    "index_02_l": {
      "name": "index_02_l",
      "local": {
        "location": {
          "x": 0.0,
          "y": 0.0,
          "z": 0.0
        },
        "rotation_quaternion": {
          "w": 0.9965764284133911,
          "x": 0.08244739472866058,
          "y": -0.004937420133501291,
          "z": -0.0036868518218398094
        },
        "scale": {
          "x": 1.0,
          "y": 1.0,
          "z": 1.0
        },
        "matrix_basis": [
          [
            0.9999240636825562,
            0.006534304469823837,
            -0.01044897548854351,
            0.0
          ],
          [
            -0.008162613958120346,
            0.9863776564598083,
            -0.16429385542869568,
            0.0
          ],
          [
            0.009233090095221996,
            0.16436666250228882,
            0.9863560795783997,
            0.0
          ],
          [
            0.0,
            0.0,
            0.0,
            1.0
          ]
        ],
        "rotation_mode": "QUATERNION"
      },
      "armature_space": {
        "head": {
          "x": 0.22877363860607147,
          "y": -0.3582554757595062,
          "z": 0.05632355436682701
        },
        "tail": {
          "x": 0.22582568228244781,
          "y": -0.3749437928199768,
          "z": 0.03706464171409607
        }
      },
      "world_space": {
        "head": {
          "x": 0.22877363860607147,
          "y": -0.2950114607810974,
          "z": 1.006177544593811
        },
        "tail": {
          "x": 0.22582568228244781,
          "y": -0.3116998076438904,
          "z": 0.9869186878204346
        },
        "rotation_quaternion": {
          "w": 0.4170125424861908,
          "x": -0.886340320110321,
          "y": -0.0288795568048954,
          "z": 0.19916649162769318
        },
        "matrix": [
          [
            0.9189977049827576,
            -0.1149153932929039,
            -0.3771442770957947,
            0.22877363860607147
          ],
          [
            0.2173035442829132,
            -0.6505334973335266,
            0.7277261018753052,
            -0.2950114607810974
          ],
          [
            -0.3289740979671478,
            -0.7507391571998596,
            -0.5728708505630493,
            1.006177544593811
          ],
          [
            0.0,
            0.0,
            0.0,
            1.0
          ]
        ]
      },
      "bone_length_armature_space": 0.02565338359485074,
      "parent": "index_01_l",
      "has_children": true,
      "is_end_bone": false
    },
    "index_03_l": {
      "name": "index_03_l",
      "local": {
        "location": {
          "x": 0.0,
          "y": 0.0,
          "z": 0.0
        },
        "rotation_quaternion": {
          "w": 0.9998334050178528,
          "x": 0.016871074214577675,
          "y": 0.0008734086295589805,
          "z": 0.006914015859365463
        },
        "scale": {
          "x": 1.0,
          "y": 1.0,
          "z": 1.0
        },
        "matrix_basis": [
          [
            0.9999028444290161,
            -0.01379625778645277,
            0.0019798199646174908,
            0.0
          ],
          [
            0.01385519839823246,
            0.9993351101875305,
            -0.03372444957494736,
            0.0
          ],
          [
            -0.0015132324770092964,
            0.033748604357242584,
            0.9994292259216309,
            0.0
          ],
          [
            0.0,
            0.0,
            0.0,
            1.0
          ]
        ],
        "rotation_mode": "QUATERNION"
      },
      "armature_space": {
        "head": {
          "x": 0.2258257269859314,
          "y": -0.37494388222694397,
          "z": 0.03706473857164383
        },
        "tail": {
          "x": 0.22328099608421326,
          "y": -0.39063915610313416,
          "z": 0.012551004067063332
        }
      },
      "world_space": {
        "head": {
          "x": 0.2258257269859314,
          "y": -0.31169986724853516,
          "z": 0.9869187474250793
        },
        "tail": {
          "x": 0.22328099608421326,
          "y": -0.32739514112472534,
          "z": 0.9624050259590149
        },
        "rotation_quaternion": {
          "w": 0.4798026978969574,
          "x": -0.8631888628005981,
          "y": -0.034739356487989426,
          "z": 0.15325678884983063
        },
        "matrix": [
          [
            0.9506112933158875,
            -0.08709258586168289,
            -0.2979145348072052,
            0.2258257269859314
          ],
          [
            0.20703870058059692,
            -0.5371655821800232,
            0.8176723122596741,
            -0.31169986724853516
          ],
          [
            -0.23124413192272186,
            -0.83897465467453,
            -0.49260714650154114,
            0.9869187474250793
          ],
          [
            0.0,
            0.0,
            0.0,
            1.0
          ]
        ]
      },
      "bone_length_armature_space": 0.029218837909210944,
      "parent": "index_02_l",
      "has_children": false,
      "is_end_bone": true
    },
    "metacarpal_pinky_l": {
      "name": "metacarpal_pinky_l",
      "local": {
        "location": {
          "x": 0.0,
          "y": 0.0,
          "z": 0.0
        },
        "rotation_quaternion": {
          "w": 0.9996686577796936,
          "x": -0.02178003638982773,
          "y": 0.009653519839048386,
          "z": 0.009744733572006226
        },
        "scale": {
          "x": 1.0,
          "y": 1.0,
          "z": 1.0
        },
        "matrix_basis": [
          [
            0.999623715877533,
            -0.0199035182595253,
            0.01887616142630577,
            0.0
          ],
          [
            0.019062502309679985,
            0.9988613128662109,
            0.043733783066272736,
            0.0
          ],
          [
            -0.019725123420357704,
            -0.043357498943805695,
            0.9988648891448975,
            0.0
          ],
          [
            0.0,
            0.0,
            0.0,
            1.0
          ]
        ],
        "rotation_mode": "QUATERNION"
      },
      "armature_space": {
        "head": {
          "x": 0.2935428023338318,
          "y": -0.2744554281234741,
          "z": 0.15245570242404938
        },
        "tail": {
          "x": 0.2984391450881958,
          "y": -0.3466619551181793,
          "z": 0.07758551090955734
        }
      },
      "world_space": {
        "head": {
          "x": 0.2935428023338318,
          "y": -0.2112114280462265,
          "z": 1.1023097038269043
        },
        "tail": {
          "x": 0.2984391450881958,
          "y": -0.2834179401397705,
          "z": 1.0274394750595093
        },
        "rotation_quaternion": {
          "w": 0.08539493381977081,
          "x": -0.2588745355606079,
          "y": -0.3820957839488983,
          "z": 0.8830031156539917
        },
        "matrix": [
          [
            -0.8513838648796082,
            0.04702109470963478,
            -0.5224316716194153,
            0.2935428023338318
          ],
          [
            0.34863731265068054,
            -0.6934216618537903,
            -0.6305699348449707,
            -0.2112114280462265
          ],
          [
            -0.3919180929660797,
            -0.7190017104148865,
            0.5739781260490417,
            1.1023097038269043
          ],
          [
            0.0,
            0.0,
            0.0,
            1.0
          ]
        ]
      },
      "bone_length_armature_space": 0.10413117780257354,
      "parent": "lowerarm_l",
      "has_children": true,
      "is_end_bone": false
    },
    "pinky_01_l": {
      "name": "pinky_01_l",
      "local": {
        "location": {
          "x": 0.0,
          "y": 0.0,
          "z": 0.0
        },
        "rotation_quaternion": {
          "w": 0.9946115016937256,
          "x": -0.10365673899650574,
          "y": -0.00042273482540622354,
          "z": 0.0018120298627763987
        },
        "scale": {
          "x": 1.0,
          "y": 1.0,
          "z": 1.0
        },
        "matrix_basis": [
          [
            0.999993085861206,
            -0.0035168929025530815,
            -0.0012165720108896494,
            0.0
          ],
          [
            0.003692170139402151,
            0.9785040020942688,
            0.20619483292102814,
            0.0
          ],
          [
            0.0004652556381188333,
            -0.20619790256023407,
            0.9785102009773254,
            0.0
          ],
          [
            0.0,
            0.0,
            0.0,
            1.0
          ]
        ],
        "rotation_mode": "QUATERNION"
      },
      "armature_space": {
        "head": {
          "x": 0.2984391450881958,
          "y": -0.3466619551181793,
          "z": 0.07758551090955734
        },
        "tail": {
