{
  "metadata": {
    "armature_name": "KIM_caucasian_male",
    "export_time": "2026-01-13T21:12:28.888825",
    "blender_version": "4.4.1",
    "bone_count": 56,
    "end_bone_count": 13,
    "spaces_included": [
      "LOCAL_CHANNELS",
      "ARMATURE_SPACE",
      "WORLD_SPACE"
    ],
    "note": "LOCAL matches Transform panel; replay pose via local.matrix_basis for best fidelity."
  },
  "bones": {
    "Root": {
      "name": "Root",
      "local": {
        "location": {
          "x": 0.0,
          "y": 0.0,
          "z": 0.0
        },
        "rotation_quaternion": {
          "w": 0.999913215637207,
          "x": -0.005443507339805365,
          "y": 0.007265809923410416,
          "z": -0.009551052004098892
        },
        "scale": {
          "x": 1.0,
          "y": 1.0,
          "z": 1.0
        },
        "matrix_basis": [
          [
            0.9997119903564453,
            0.01902134343981743,
            0.01463434100151062,
            0.0
          ],
          [
            -0.01917954906821251,
            0.9997583031654358,
            0.010747277177870274,
            0.0
          ],
          [
            -0.014426376670598984,
            -0.01102486252784729,
            0.9998351335525513,
            0.0
          ],
          [
            0.0,
            0.0,
            0.0,
            1.0
          ]
        ],
        "rotation_mode": "QUATERNION"
      },
      "armature_space": {
        "head": {
          "x": 0.0,
          "y": 0.07072800397872925,
          "z": -0.009595036506652832
        },
        "tail": {
          "x": 0.001357664936222136,
          "y": 0.0001228824257850647,
          "z": 0.0007774531841278076
        }
      },
      "world_space": {
        "head": {
          "x": 0.0,
          "y": 0.13397200405597687,
          "z": 0.9402589797973633
        },
        "tail": {
          "x": 0.001357664936222136,
          "y": 0.06336688250303268,
          "z": 0.9506314992904663
        },
        "rotation_quaternion": {
          "w": 0.07279294729232788,
          "x": 0.9972748756408691,
          "y": 0.01001883577555418,
          "z": 0.00660586915910244
        },
        "matrix": [
          [
            0.9997119903564453,
            0.01902134343981743,
            0.01463434100151062,
            0.0
          ],
          [
            0.02094479277729988,
            -0.9892016053199768,
            -0.14505726099014282,
            0.13397200405597687
          ],
          [
            0.011717231944203377,
            0.14532208442687988,
            -0.9893220663070679,
            0.9402589797973633
          ],
          [
            0.0,
            0.0,
            0.0,
            1.0
          ]
        ]
      },
      "bone_length_armature_space": 0.0713758723872712,
      "parent": null,
      "has_children": true,
      "is_end_bone": false
    },
    "spine_01": {
      "name": "spine_01",
      "local": {
        "location": {
          "x": 0.0,
          "y": 0.0,
          "z": 0.0
        },
        "rotation_quaternion": {
          "w": 0.993820309638977,
          "x": 0.1100519448518753,
          "y": 0.009371252730488777,
          "z": -0.011048776097595692
        },
        "scale": {
          "x": 1.0,
          "y": 1.0,
          "z": 1.0
        },
        "matrix_basis": [
          [
            0.9995802044868469,
            0.024023644626140594,
            0.01619480364024639,
            0.0
          ],
          [
            -0.019898347556591034,
            0.9755330085754395,
            -0.2189507931470871,
            0.0
          ],
          [
            -0.02105856128036976,
            0.2185366302728653,
            0.9756014943122864,
            0.0
          ],
          [
            0.0,
            0.0,
            0.0,
            1.0
          ]
        ],
        "rotation_mode": "QUATERNION"
      },
      "armature_space": {
        "head": {
          "x": 0.001357664936222136,
          "y": 0.0001228824257850647,
          "z": 0.0007774531841278076
        },
        "tail": {
          "x": 0.00909258984029293,
          "y": -0.07871592789888382,
          "z": 0.48230940103530884
        }
      },
      "world_space": {
        "head": {
          "x": 0.001357664936222136,
          "y": 0.06336688250303268,
          "z": 0.9506314992904663
        },
        "tail": {
          "x": 0.00909258984029293,
          "y": -0.0154719278216362,
          "z": 1.4321634769439697
        },
        "rotation_quaternion": {
          "w": 0.6472070813179016,
          "x": 0.7620266079902649,
          "y": 0.01858910359442234,
          "z": 0.00964188389480114
        },
        "matrix": [
          [
            0.9991229772567749,
            0.015850216150283813,
            0.03875681757926941,
            0.001357664936222136
          ],
          [
            0.0408114492893219,
            -0.16155453026294708,
            -0.9860196113586426,
            0.06336688250303268
          ],
          [
            -0.009367315098643303,
            0.9867433309555054,
            -0.16206175088882446,
            0.9506314992904663
          ],
          [
            0.0,
            0.0,
            0.0,
            1.0
          ]
        ]
      },
      "bone_length_armature_space": 0.48800451587647925,
      "parent": "Root",
      "has_children": true,
      "is_end_bone": false
    },
    "neck_01": {
      "name": "neck_01",
      "local": {
        "location": {
          "x": 0.0,
          "y": 0.0,
          "z": 0.0
        },
        "rotation_quaternion": {
          "w": 0.9974936246871948,
          "x": -0.011308858171105385,
          "y": -0.06758903712034225,
          "z": 0.017615286633372307
        },
        "scale": {
          "x": 1.0,
          "y": 1.0,
          "z": 1.0
        },
        "matrix_basis": [
          [
            0.9902428388595581,
            -0.03361356258392334,
            -0.1352376788854599,
            0.0
          ],
          [
            0.036670982837677,
            0.9991236329078674,
            0.020179826766252518,
            0.0
          ],
          [
            0.1344408541917801,
            -0.024942228570580482,
            0.9906076788902283,
            0.0
          ],
          [
            0.0,
            0.0,
            0.0,
            1.0
          ]
        ],
        "rotation_mode": "QUATERNION"
      },
      "armature_space": {
        "head": {
          "x": 0.011597221717238426,
          "y": -0.12474029511213303,
          "z": 0.5489368438720703
        },
        "tail": {
          "x": 0.011092153377830982,
          "y": -0.17637765407562256,
          "z": 0.6375035047531128
        }
      },
      "world_space": {
        "head": {
          "x": 0.011597221717238426,
          "y": -0.061496295034885406,
          "z": 1.4987908601760864
        },
        "tail": {
          "x": 0.011092153377830982,
          "y": -0.11313365399837494,
          "z": 1.587357521057129
        },
        "rotation_quaternion": {
          "w": 0.4973289966583252,
          "x": 0.865911602973938,
          "y": -0.028749944642186165,
          "z": -0.045104339718818665
        },
        "matrix": [
          [
            0.9942781329154968,
            -0.004926471970975399,
            -0.10670901834964752,
            0.011597221717238426
          ],
          [
            -0.09465319663286209,
            -0.5036742091178894,
            -0.8586927652359009,
            -0.061496295034885406
          ],
          [
            -0.0495167039334774,
            0.8638852834701538,
            -0.501262903213501,
            1.4987908601760864
          ],
          [
            0.0,
            0.0,
            0.0,
            1.0
          ]
        ]
      },
      "bone_length_armature_space": 0.10252182749871264,
      "parent": "spine_01",
      "has_children": true,
      "is_end_bone": false
    },
    "head": {
      "name": "head",
      "local": {
        "location": {
          "x": 0.0,
          "y": 0.0,
          "z": 0.0
        },
        "rotation_quaternion": {
          "w": 0.9768674373626709,
          "x": -0.14101003110408783,
          "y": -0.06476548314094543,
          "z": 0.147145614027977
        },
        "scale": {
          "x": 1.0,
          "y": 1.0,
          "z": 1.0
        },
        "matrix_basis": [
          [
            0.94830721616745,
            -0.2692183554172516,
            -0.16803260147571564,
            0.0
          ],
          [
            0.30574867129325867,
            0.9169287085533142,
            0.256436288356781,
            0.0
          ],
          [
            0.08503656834363937,
            -0.2945561408996582,
            0.9518432021141052,
            0.0
          ],
          [
            0.0,
            0.0,
            0.0,
            1.0
          ]
        ],
        "rotation_mode": "QUATERNION"
      },
      "armature_space": {
        "head": {
          "x": 0.011092137545347214,
          "y": -0.17637774348258972,
          "z": 0.6375033855438232
        },
        "tail": {
          "x": -0.020903367549180984,
          "y": -0.15004856884479523,
          "z": 0.7869569659233093
        }
      },
      "world_space": {
        "head": {
          "x": 0.011092137545347214,
          "y": -0.1131337434053421,
          "z": 1.5873574018478394
        },
        "tail": {
          "x": -0.020903367549180984,
          "y": -0.08680456876754761,
          "z": 1.7368109226226807
        },
        "rotation_quaternion": {
          "w": 0.7462514042854309,
          "x": 0.6442657709121704,
          "y": -0.16730789840221405,
          "z": -0.006216991227120161
        },
        "matrix": [
          [
            0.9439393281936646,
            -0.20630255341529846,
            -0.2577170729637146,
            0.011092137545347214
          ],
          [
            -0.22485898435115814,
            0.16976682841777802,
            -0.9594883322715759,
            -0.1131337434053421
          ],
          [
            0.24169817566871643,
            0.9636557102203369,
            0.11386047303676605,
            1.5873574018478394
          ],
          [
            0.0,
            0.0,
            0.0,
            1.0
          ]
        ]
      },
      "bone_length_armature_space": 0.1550912984632506,
      "parent": "neck_01",
      "has_children": false,
      "is_end_bone": true
    },
    "upperarm_l": {
      "name": "upperarm_l",
      "local": {
        "location": {
          "x": 0.0,
          "y": 0.0,
          "z": 0.0
        },
        "rotation_quaternion": {
          "w": 0.9602190256118774,
          "x": -0.04618785157799721,
          "y": -0.03775734081864357,
          "z": 0.27280154824256897
        },
        "scale": {
          "x": 1.0,
          "y": 1.0,
          "z": 1.0
        },
        "matrix_basis": [
          [
            0.8483073711395264,
            -0.5204105973243713,
            -0.09771087020635605,
            0.0
          ],
          [
            0.5273863077163696,
            0.8468919992446899,
            0.06810038536787033,
            0.0
          ],
          [
            0.04731040075421333,
            -0.10930143296718597,
            0.9928821325302124,
            0.0
          ],
          [
            0.0,
            0.0,
            0.0,
            1.0
          ]
        ],
        "rotation_mode": "QUATERNION"
      },
      "armature_space": {
        "head": {
          "x": 0.16052402555942535,
          "y": -0.11090540885925293,
          "z": 0.4806981384754181
        },
        "tail": {
          "x": 0.38988807797431946,
          "y": -0.08907926827669144,
          "z": 0.61753249168396
        }
      },
      "world_space": {
        "head": {
          "x": 0.16052402555942535,
          "y": -0.04766140878200531,
          "z": 1.4305521249771118
        },
        "tail": {
          "x": 0.38988807797431946,
          "y": -0.025835268199443817,
          "z": 1.567386507987976
        },
        "rotation_quaternion": {
          "w": 0.6094638705253601,
          "x": 0.6134098768234253,
          "y": 0.41143539547920227,
          "z": -0.28810247778892517
        },
        "matrix": [
          [
            0.4954346716403961,
            0.855933666229248,
            0.14806118607521057,
            0.16052402555942535
          ],
          [
            0.15358388423919678,
            0.08145011961460114,
            -0.9847731590270996,
            -0.04766140878200531
          ],
          [
            -0.8549659252166748,
            0.5106340646743774,
            -0.09110597521066666,
            1.4305521249771118
          ],
          [
            0.0,
            0.0,
            0.0,
            1.0
          ]
        ]
      },
      "bone_length_armature_space": 0.26796994021783227,
      "parent": "spine_01",
      "has_children": true,
      "is_end_bone": false
    },
    "lowerarm_l": {
      "name": "lowerarm_l",
      "local": {
        "location": {
          "x": 0.0,
          "y": 0.0,
          "z": 0.0
        },
        "rotation_quaternion": {
          "w": 0.8160008788108826,
          "x": 0.4937426447868347,
          "y": 0.21271683275699615,
          "z": -0.21239662170410156
        },
        "scale": {
          "x": 1.0,
          "y": 1.0,
          "z": 1.0
        },
        "matrix_basis": [
          [
            0.8192784190177917,
            0.5566864013671875,
            0.13741570711135864,
            0.0
          ],
          [
            -0.13657692074775696,
            0.42221176624298096,
            -0.8961495161056519,
            0.0
          ],
          [
            -0.5568928122520447,
            0.7154281735420227,
            0.421939492225647,
            0.0
          ],
          [
            0.0,
            0.0,
            0.0,
            1.0
          ]
        ],
        "rotation_mode": "QUATERNION"
      },
      "armature_space": {
        "head": {
          "x": 0.38988810777664185,
          "y": -0.08907932788133621,
          "z": 0.6175326108932495
        },
        "tail": {
          "x": 0.5611511468887329,
          "y": -0.2830864489078522,
          "z": 0.5497118830680847
        }
      },
      "world_space": {
        "head": {
          "x": 0.38988810777664185,
          "y": -0.025835327804088593,
          "z": 1.5673866271972656
        },
        "tail": {
          "x": 0.5611511468887329,
          "y": -0.21984244883060455,
          "z": 1.499565839767456
        },
        "rotation_quaternion": {
          "w": 0.03843461722135544,
          "x": 0.8234077095985413,
          "y": 0.368680477142334,
          "z": -0.42964786291122437
        },
        "matrix": [
          [
            0.35895371437072754,
            0.6401770114898682,
            -0.679209291934967,
            0.38988810777664185
          ],
          [
            0.5741220712661743,
            -0.7251939177513123,
            -0.38010263442993164,
            -0.025835327804088593
          ],
          [
            -0.7358960509300232,
            -0.25351232290267944,
            -0.6278554797172546,
            1.5673866271972656
          ],
          [
            0.0,
            0.0,
            0.0,
            1.0
          ]
        ]
      },
      "bone_length_armature_space": 0.2675246616887284,
      "parent": "upperarm_l",
      "has_children": true,
      "is_end_bone": false
    },
    "metacarpal_thumb_l": {
      "name": "metacarpal_thumb_l",
      "local": {
        "location": {
          "x": 0.0,
          "y": 0.0,
          "z": 0.0
        },
        "rotation_quaternion": {
          "w": 0.9994462132453918,
          "x": -0.03327084705233574,
          "y": -0.00016854051500558853,
          "z": -0.0005771461874246597
        },
        "scale": {
          "x": 1.0,
          "y": 1.0,
          "z": 1.0
        },
        "matrix_basis": [
          [
            0.9999992847442627,
            0.0011648681247606874,
            -0.0002984900784213096,
            0.0
          ],
          [
            -0.0011424381518736482,
            0.9977854490280151,
            0.06650503724813461,
            0.0
          ],
          [
            0.00037529863766394556,
            -0.06650464981794357,
            0.9977860450744629,
            0.0
          ],
          [
            0.0,
            0.0,
            0.0,
            1.0
          ]
        ],
        "rotation_mode": "QUATERNION"
      },
      "armature_space": {
        "head": {
          "x": 0.5611511468887329,
          "y": -0.2830864489078522,
          "z": 0.5497118830680847
        },
        "tail": {
          "x": 0.5687581300735474,
          "y": -0.31957417726516724,
          "z": 0.5170870423316956
        }
      },
      "world_space": {
        "head": {
          "x": 0.5611511468887329,
          "y": -0.21984244883060455,
          "z": 1.499565839767456
        },
        "tail": {
          "x": 0.5687581300735474,
          "y": -0.2563301920890808,
          "z": 1.4669411182403564
        },
        "rotation_quaternion": {
          "w": 0.36229461431503296,
          "x": -0.9181053042411804,
          "y": -0.020751165226101875,
          "z": -0.15935753285884857
        },
        "matrix": [
          [
            0.9483491778373718,
            0.15357212722301483,
            0.27757728099823,
            0.5611511468887329
          ],
          [
            -0.07736463844776154,
            -0.736624538898468,
            0.6718624830245972,
            -0.21984244883060455
          ],
          [
            0.30765166878700256,
            -0.6586400270462036,
            -0.6867004632949829,
            1.499565839767456
          ],
          [
            0.0,
            0.0,
            0.0,
            1.0
          ]
        ]
      },
      "bone_length_armature_space": 0.04953383540115605,
      "parent": "lowerarm_l",
      "has_children": true,
      "is_end_bone": false
    },
    "thumb_01_l": {
      "name": "thumb_01_l",
      "local": {
        "location": {
          "x": 0.0,
          "y": 0.0,
          "z": 0.0
        },
        "rotation_quaternion": {
          "w": 0.9572335481643677,
          "x": 0.28873345255851746,
          "y": 0.0063187126070261,
          "z": -0.017234936356544495
        },
        "scale": {
          "x": 1.0,
          "y": 1.0,
          "z": 1.0
        },
        "matrix_basis": [
          [
            0.9993260502815247,
            0.03664456680417061,
            0.0021443620789796114,
            0.0
          ],
          [
            -0.029346870258450508,
            0.8326718807220459,
            -0.5529885292053223,
            0.0
          ],
          [
            -0.022049572318792343,
            0.5525528788566589,
            0.833186149597168,
            0.0
          ],
          [
            0.0,
            0.0,
            0.0,
            1.0
          ]
        ],
        "rotation_mode": "QUATERNION"
      },
      "armature_space": {
        "head": {
          "x": 0.5687581300735474,
          "y": -0.31957417726516724,
          "z": 0.5170870423316956
        },
        "tail": {
          "x": 0.5925220847129822,
          "y": -0.32171210646629333,
          "z": 0.49281078577041626
        }
      },
      "world_space": {
        "head": {
          "x": 0.5687581300735474,
          "y": -0.2563301920890808,
          "z": 1.4669411182403564
        },
        "tail": {
          "x": 0.5925220847129822,
          "y": -0.2584680914878845,
          "z": 1.4426648616790771
        },
        "rotation_quaternion": {
          "w": 0.619867742061615,
          "x": -0.25534921884536743,
          "y": 0.2904461622238159,
          "z": -0.6827897429466248
        },
        "matrix": [
          [
            -0.10111822187900543,
            0.6981480121612549,
            0.7087765336036682,
            0.5687581300735474
          ],
          [
            -0.9948093295097351,
            -0.06280890852212906,
            -0.080058254301548,
            -0.2563301920890808
          ],
          [
            -0.011375847272574902,
            -0.7131980657577515,
            0.7008802890777588,
            1.4669411182403564
          ],
          [
            0.0,
            0.0,
            0.0,
            1.0
          ]
        ]
      },
      "bone_length_armature_space": 0.03403869716458353,
      "parent": "metacarpal_thumb_l",
      "has_children": true,
      "is_end_bone": false
    },
    "thumb_02_l": {
      "name": "thumb_02_l",
      "local": {
        "location": {
          "x": 0.0,
          "y": 0.0,
          "z": 0.0
        },
        "rotation_quaternion": {
          "w": 0.8898297548294067,
          "x": 0.45625752210617065,
          "y": 0.0020113554783165455,
          "z": 0.0053025176748633385
        },
        "scale": {
          "x": 1.0,
          "y": 1.0,
          "z": 1.0
        },
        "matrix_basis": [
          [
            0.9999356865882874,
            -0.007601283956319094,
            0.008418154902756214,
            0.0
          ],
          [
            0.01127206813544035,
            0.5836018919944763,
            -0.8119617104530334,
            0.0
          ],
          [
            0.0012590992264449596,
            0.8120043873786926,
            0.5836500525474548,
            0.0
          ],
          [
            0.0,
            0.0,
            0.0,
            1.0
          ]
        ],
        "rotation_mode": "QUATERNION"
      },
      "armature_space": {
        "head": {
          "x": 0.5925220251083374,
          "y": -0.32171207666397095,
          "z": 0.49281075596809387
        },
        "tail": {
          "x": 0.598292887210846,
          "y": -0.3462195098400116,
          "z": 0.524104118347168
        }
      },
      "world_space": {
        "head": {
          "x": 0.5925220251083374,
          "y": -0.2584680914878845,
          "z": 1.4426647424697876
        },
        "tail": {
          "x": 0.598292887210846,
          "y": -0.2829754948616028,
          "z": 1.473958134651184
        },
        "rotation_quaternion": {
          "w": 0.2476825714111328,
          "x": 0.36033499240875244,
          "y": -0.36546459794044495,
          "z": -0.821734607219696
        },
        "matrix": [
          [
            -0.6176242828369141,
            0.14368081092834473,
            -0.7732371687889099,
            0.5925220251083374
          ],
          [
            -0.670438289642334,
            -0.6101781129837036,
            0.42213174700737,
            -0.2584680914878845
          ],
          [
            -0.41116371750831604,
            0.7791317701339722,
            0.4731936454772949,
            1.4426647424697876
          ],
          [
            0.0,
            0.0,
            0.0,
            1.0
          ]
        ]
      },
      "bone_length_armature_space": 0.04016455721604395,
      "parent": "thumb_01_l",
      "has_children": true,
      "is_end_bone": false
    },
    "thumb_03_l": {
      "name": "thumb_03_l",
      "local": {
        "location": {
          "x": 0.0,
          "y": 0.0,
          "z": 0.0
        },
        "rotation_quaternion": {
          "w": 0.9898930788040161,
          "x": 0.1414603739976883,
          "y": -0.00820181518793106,
          "z": -0.0057770926505327225
        },
        "scale": {
          "x": 1.0,
          "y": 1.0,
          "z": 1.0
        },
        "matrix_basis": [
          [
            0.9997987151145935,
            0.009116943925619125,
            -0.017872299998998642,
            0.0
          ],
          [
            -0.013757871463894844,
            0.9599111676216125,
            -0.2799665331840515,
            0.0
          ],
          [
            0.014603381045162678,
            0.28015604615211487,
            0.9598433971405029,
            0.0
          ],
          [
            0.0,
            0.0,
            0.0,
            1.0
          ]
        ],
        "rotation_mode": "QUATERNION"
      },
      "armature_space": {
        "head": {
          "x": 0.598292887210846,
          "y": -0.34621956944465637,
          "z": 0.5241040587425232
        },
        "tail": {
          "x": 0.590776264667511,
          "y": -0.35485848784446716,
          "z": 0.552313506603241
        }
      },
      "world_space": {
        "head": {
          "x": 0.598292887210846,
          "y": -0.28297555446624756,
          "z": 1.4739580154418945
        },
        "tail": {
          "x": 0.590776264667511,
          "y": -0.29161447286605835,
          "z": 1.5021674633026123
        },
        "rotation_quaternion": {
          "w": 0.27140551805496216,
          "x": 0.5349498987197876,
          "y": -0.5333479046821594,
          "z": -0.5964123010635376
        },
        "matrix": [
          [
            -0.28033506870269775,
            -0.24689236283302307,
            -0.9276078343391418,
            0.598292887210846
          ],
          [
            -0.894368588924408,
            -0.28375592827796936,
            0.34581422805786133,
            -0.28297555446624756
          ],
          [
            -0.3485963046550751,
            0.9265734553337097,
            -0.14126676321029663,
            1.4739580154418945
          ],
          [
            0.0,
            0.0,
            0.0,
            1.0
          ]
        ]
      },
      "bone_length_armature_space": 0.030445089317504774,
      "parent": "thumb_02_l",
      "has_children": false,
      "is_end_bone": true
    },
    "metacarpal_index_l": {
      "name": "metacarpal_index_l",
      "local": {
        "location": {
          "x": 0.0,
          "y": 0.0,
          "z": 0.0
        },
        "rotation_quaternion": {
          "w": 0.9995896220207214,
          "x": 0.01260598935186863,
          "y": 0.017411980777978897,
          "z": -0.01893410086631775
        },
        "scale": {
          "x": 1.0,
          "y": 1.0,
          "z": 1.0
        },
        "matrix_basis": [
          [
            0.9986766576766968,
            0.038291651755571365,
            0.03433230519294739,
            0.0
          ],
          [
            -0.03741367161273956,
            0.9989652037620544,
            -0.025860993191599846,
            0.0
          ],
          [
            -0.0352870374917984,
            0.024542272090911865,
            0.9990758299827576,
            0.0
          ],
          [
            0.0,
            0.0,
            0.0,
            1.0
          ]
        ],
        "rotation_mode": "QUATERNION"
      },
      "armature_space": {
        "head": {
          "x": 0.5611511468887329,
          "y": -0.2830864489078522,
          "z": 0.5497118830680847
        },
        "tail": {
          "x": 0.6135980486869812,
          "y": -0.3706725537776947,
          "z": 0.4922029972076416
        }
      },
      "world_space": {
        "head": {
          "x": 0.5611511468887329,
          "y": -0.21984244883060455,
          "z": 1.499565839767456
        },
        "tail": {
          "x": 0.6135980486869812,
          "y": -0.3074285387992859,
          "z": 1.4420570135116577
        },
        "rotation_quaternion": {
          "w": 0.2523936629295349,
          "x": -0.9339446425437927,
          "y": -0.25009310245513916,
          "z": 0.03870778530836105
        },
        "matrix": [
          [
            0.8719098567962646,
            0.4476070702075958,
            -0.19854646921157837,
            0.5611511468887329
          ],
          [
            0.48668617010116577,
            -0.7475019693374634,
            0.4520815908908844,
            -0.21984244883060455
          ],
          [
            0.05394177511334419,
            -0.4908084273338318,
            -0.8696041703224182,
            1.499565839767456
          ],
          [
            0.0,
            0.0,
            0.0,
            1.0
          ]
        ]
      },
      "bone_length_armature_space": 0.11717199083856142,
      "parent": "lowerarm_l",
      "has_children": true,
      "is_end_bone": false
    },
    "index_01_l": {
      "name": "index_01_l",
      "local": {
        "location": {
          "x": 0.0,
          "y": 0.0,
          "z": 0.0
        },
        "rotation_quaternion": {
          "w": 0.944753110408783,
          "x": 0.32665976881980896,
          "y": -0.02635081298649311,
          "z": 0.006367169786244631
        },
        "scale": {
          "x": 1.0,
          "y": 1.0,
          "z": 1.0
        },
        "matrix_basis": [
          [
            0.9985302090644836,
            -0.029246307909488678,
            -0.04563022777438164,
            0.0
          ],
          [
            -0.005184694193303585,
            0.7865056991577148,
            -0.6175612211227417,
            0.0
          ],
          [
            0.05394982174038887,
            0.6168901324272156,
            0.7851980328559875,
            0.0
          ],
          [
            0.0,
            0.0,
            0.0,
            1.0
          ]
        ],
        "rotation_mode": "QUATERNION"
      },
      "armature_space": {
        "head": {
          "x": 0.6135980486869812,
          "y": -0.3706725537776947,
          "z": 0.4922029972076416
        },
        "tail": {
          "x": 0.6280500292778015,
          "y": -0.3776730000972748,
          "z": 0.4686400890350342
        }
      },
      "world_space": {
        "head": {
          "x": 0.6135980486869812,
          "y": -0.3074285387992859,
          "z": 1.4420570135116577
        },
        "tail": {
          "x": 0.6280500292778015,
          "y": -0.31442898511886597,
          "z": 1.4184941053390503
        },
        "rotation_quaternion": {
          "w": 0.46777451038360596,
          "x": -0.779704213142395,
          "y": -0.39803722500801086,
          "z": 0.12171553075313568
        },
        "matrix": [
          [
            0.6535015106201172,
            0.5068320035934448,
            -0.5621892213821411,
            0.6135980486869812
          ],
          [
            0.7345754504203796,
            -0.2455061972141266,
            0.6325551271438599,
            -0.3074285387992859
          ],
          [
            0.1825801283121109,
            -0.8263522386550903,
            -0.5327481031417847,
            1.4420570135116577
          ],
          [
            0.0,
            0.0,
            0.0,
            1.0
          ]
        ]
      },
      "bone_length_armature_space": 0.028514498386169033,
      "parent": "metacarpal_index_l",
      "has_children": true,
      "is_end_bone": false
    },
    "index_02_l": {
      "name": "index_02_l",
      "local": {
        "location": {
          "x": 0.0,
          "y": 0.0,
          "z": 0.0
        },
        "rotation_quaternion": {
          "w": 0.8824729919433594,
          "x": 0.47021788358688354,
          "y": -0.003835939336568117,
          "z": -0.01104163657873869
        },
        "scale": {
          "x": 1.0,
          "y": 1.0,
          "z": 1.0
        },
        "matrix_basis": [
          [
            0.9997267127037048,
            0.015880437567830086,
            -0.01715417578816414,
            0.0
          ],
          [
            -0.023095346987247467,
            0.5575464367866516,
            -0.8298244476318359,
            0.0
          ],
          [
            -0.0036137241404503584,
            0.8299939036369324,
            0.5577608346939087,
            0.0
          ],
          [
            0.0,
            0.0,
            0.0,
            1.0
          ]
        ],
        "rotation_mode": "QUATERNION"
      },
      "armature_space": {
        "head": {
          "x": 0.628049910068512,
          "y": -0.37767305970191956,
          "z": 0.4686395525932312
        },
        "tail": {
          "x": 0.6236588954925537,
          "y": -0.36862272024154663,
          "z": 0.44504064321517944
        }
      },
      "world_space": {
        "head": {
          "x": 0.628049910068512,
          "y": -0.31442904472351074,
          "z": 1.4184935092926025
        },
        "tail": {
          "x": 0.6236588954925537,
          "y": -0.3053787350654602,
          "z": 1.3948945999145508
        },
        "rotation_quaternion": {
          "w": 0.7557440400123596,
          "x": -0.4728642702102661,
          "y": -0.32442018389701843,
          "z": 0.31623098254203796
        },
        "matrix": [
          [
            0.5894988179206848,
            -0.17116692662239075,
            -0.7894254922866821,
            0.628049910068512
          ],
          [
            0.7847930788993835,
            0.3527945876121521,
            0.5095450282096863,
            -0.31442904472351074
          ],
          [
            0.1912897378206253,
            -0.9199181199073792,
            0.342305451631546,
            1.4184935092926025
          ],
          [
            0.0,
            0.0,
            0.0,
            1.0
          ]
        ]
      },
      "bone_length_armature_space": 0.02565342470281055,
      "parent": "index_01_l",
      "has_children": true,
      "is_end_bone": false
    },
    "index_03_l": {
      "name": "index_03_l",
      "local": {
        "location": {
          "x": 0.0,
          "y": 0.0,
          "z": 0.0
        },
        "rotation_quaternion": {
          "w": 0.9341481924057007,
          "x": 0.35677218437194824,
          "y": -0.007291324436664581,
          "z": -0.005260268691927195
        },
        "scale": {
          "x": 1.0,
          "y": 1.0,
          "z": 1.0
        },
        "matrix_basis": [
          [
            0.9998383522033691,
            0.004625057335942984,
            -0.01737578958272934,
            0.0
          ],
          [
            -0.015030424110591412,
            0.7453718781471252,
            -0.6664794683456421,
            0.0
          ],
          [
            0.009868919849395752,
            0.666632890701294,
            0.7453209161758423,
            0.0
          ],
          [
            0.0,
            0.0,
            0.0,
            1.0
          ]
        ],
        "rotation_mode": "QUATERNION"
      },
      "armature_space": {
        "head": {
          "x": 0.6236590147018433,
          "y": -0.3686228096485138,
          "z": 0.44504058361053467
        },
        "tail": {
          "x": 0.6055127382278442,
          "y": -0.3481411337852478,
          "z": 0.4347962737083435
        }
      },
      "world_space": {
        "head": {
          "x": 0.6236590147018433,
          "y": -0.305378794670105,
          "z": 1.3948945999145508
        },
        "tail": {
          "x": 0.6055127382278442,
          "y": -0.2848971486091614,
          "z": 1.3846502304077148
        },
        "rotation_quaternion": {
          "w": 0.9022019505500793,
          "x": -0.11618741601705551,
          "y": -0.19110558927059174,
          "z": 0.36879661679267883
        },
        "matrix": [
          [
            0.654934823513031,
            -0.621050238609314,
            -0.43053051829338074,
            0.6236590147018433
          ],
          [
            0.709866464138031,
            0.7009789943695068,
            0.0686899721622467,
            -0.305378794670105
          ],
          [
            0.25913524627685547,
            -0.35060858726501465,
            0.8999648094177246,
            1.3948945999145508
          ],
          [
            0.0,
            0.0,
            0.0,
            1.0
          ]
        ]
      },
      "bone_length_armature_space": 0.029218697175933457,
      "parent": "index_02_l",
      "has_children": false,
      "is_end_bone": true
    },
    "metacarpal_pinky_l": {
      "name": "metacarpal_pinky_l",
      "local": {
        "location": {
          "x": 0.0,
          "y": 0.0,
          "z": 0.0
        },
        "rotation_quaternion": {
          "w": 0.9990872144699097,
          "x": -0.03413017839193344,
          "y": 0.022837217897176743,
          "z": 0.011759471148252487
        },
        "scale": {
          "x": 1.0,
          "y": 1.0,
          "z": 1.0
        },
        "matrix_basis": [
          [
            0.9986803531646729,
            -0.025056350976228714,
            0.04483003914356232,
            0.0
          ],
          [
            0.021938597783446312,
            0.9973936676979065,
            0.06873515993356705,
            0.0
          ],
          [
            -0.04643544927239418,
            -0.06766094267368317,
            0.9966272115707397,
            0.0
          ],
          [
            0.0,
            0.0,
            0.0,
            1.0
          ]
        ],
        "rotation_mode": "QUATERNION"
      },
      "armature_space": {
        "head": {
          "x": 0.5611511468887329,
          "y": -0.2830864489078522,
          "z": 0.5497118830680847
        },
        "tail": {
          "x": 0.6502721905708313,
          "y": -0.33646151423454285,
          "z": 0.5425180792808533
        }
      },
      "world_space": {
        "head": {
          "x": 0.5611511468887329,
          "y": -0.21984244883060455,
          "z": 1.499565839767456
        },
        "tail": {
          "x": 0.6502721905708313,
          "y": -0.27321749925613403,
          "z": 1.4923720359802246
        },
        "rotation_quaternion": {
          "w": 0.40933874249458313,
          "x": 0.4265333116054535,
          "y": 0.2759576737880707,
          "z": -0.7578644752502441
        },
        "matrix": [
          [
            -0.3010216951370239,
            0.855857253074646,
            -0.42058759927749634,
            0.5611511468887329
          ],
          [
            -0.38503751158714294,
            -0.5125774145126343,
            -0.7674705386161804,
            -0.21984244883060455
          ],
          [
            -0.8724352717399597,
            -0.06908431649208069,
            0.48383674025535583,
            1.499565839767456
          ],
          [
            0.0,
            0.0,
            0.0,
            1.0
          ]
        ]
      },
      "bone_length_armature_space": 0.10413072810771931,
      "parent": "lowerarm_l",
      "has_children": true,
      "is_end_bone": false
    },
    "pinky_01_l": {
      "name": "pinky_01_l",
      "local": {
        "location": {
          "x": 0.0,
          "y": 0.0,
          "z": 0.0
        },
        "rotation_quaternion": {
          "w": 0.9506323337554932,
          "x": 0.3100415766239166,
          "y": -0.013127917423844337,
          "z": -0.00038227607728913426
        },
        "scale": {
          "x": 1.0,
          "y": 1.0,
          "z": 1.0
        },
        "matrix_basis": [
          [
            0.99965500831604,
            -0.007413592655211687,
            -0.025196688249707222,
            0.0
          ],
          [
            -0.00886720884591341,
            0.8077481389045715,
            -0.5894610285758972,
            0.0
          ],
          [
            0.02472260221838951,
            0.5894811153411865,
            0.8074037432670593,
            0.0
          ],
          [
            0.0,
            0.0,
            0.0,
            1.0
          ]
        ],
        "rotation_mode": "QUATERNION"
      },
      "armature_space": {
        "head": {
          "x": 0.6502721905708313,
          "y": -0.33646151423454285,
          "z": 0.5425180792808533
        },
        "tail": {
          "x": 0.6669586300849915,
