{
  "metadata": {
    "armature_name": "KIM_caucasian_male",
    "export_time": "2026-01-13T19:11:21.090688",
    "blender_version": "4.4.1",
    "bone_count": 56,
    "end_bone_count": 13,
    "spaces_included": [
      "LOCAL_CHANNELS",
      "ARMATURE_SPACE",
      "WORLD_SPACE"
    ],
    "note": "LOCAL matches Transform panel; replay pose via local.matrix_basis for best fidelity."
  },
  "bones": {
    "Root": {
      "name": "Root",
      "local": {
        "location": {
          "x": 0.0,
          "y": 0.0,
          "z": 0.0
        },
        "rotation_quaternion": {
          "w": 0.9998754262924194,
          "x": -0.013761005364358425,
          "y": -0.00018588968669064343,
          "z": -0.007728707976639271
        },
        "scale": {
          "x": 1.0,
          "y": 1.0,
          "z": 1.0
        },
        "matrix_basis": [
          [
            0.9998804926872253,
            0.015460606664419174,
            -0.00015902347513474524,
            0.0
          ],
          [
            -0.015450374223291874,
            0.9995018243789673,
            0.02752145566046238,
            0.0
          ],
          [
            0.0005844426341354847,
            -0.027515709400177002,
            0.9996212124824524,
            0.0
          ],
          [
            0.0,
            0.0,
            0.0,
            1.0
          ]
        ],
        "rotation_mode": "QUATERNION"
      },
      "armature_space": {
        "head": {
          "x": 0.0,
          "y": 0.07072800397872925,
          "z": -0.009595036506652832
        },
        "tail": {
          "x": 0.0011035142233595252,
          "y": 0.00029925256967544556,
          "z": 0.0019413651898503304
        }
      },
      "world_space": {
        "head": {
          "x": 0.0,
          "y": 0.13397200405597687,
          "z": 0.9402589797973633
        },
        "tail": {
          "x": 0.0011035142233595252,
          "y": 0.06354325264692307,
          "z": 0.9517953991889954
        },
        "rotation_quaternion": {
          "w": 0.08108901232481003,
          "x": 0.9966769218444824,
          "y": 0.007698626723140478,
          "z": -0.0007061348296701908
        },
        "matrix": [
          [
            0.9998804926872253,
            0.015460606664419174,
            -0.00015902347513474524,
            0.0
          ],
          [
            0.015231567434966564,
            -0.9867305755615234,
            -0.1616504192352295,
            0.13397200405597687
          ],
          [
            -0.0026561308186501265,
            0.1616288721561432,
            -0.986855149269104,
            0.9402589797973633
          ],
          [
            0.0,
            0.0,
            0.0,
            1.0
          ]
        ]
      },
      "bone_length_armature_space": 0.0713758742986202,
      "parent": null,
      "has_children": true,
      "is_end_bone": false
    },
    "spine_01": {
      "name": "spine_01",
      "local": {
        "location": {
          "x": 0.0,
          "y": 0.0,
          "z": 0.0
        },
        "rotation_quaternion": {
          "w": 0.9966843724250793,
          "x": 0.035015758126974106,
          "y": -0.04820004478096962,
          "z": -0.055416420102119446
        },
        "scale": {
          "x": 1.0,
          "y": 1.0,
          "z": 1.0
        },
        "matrix_basis": [
          [
            0.9892115592956543,
            0.10708983987569809,
            -0.09996135532855988,
            0.0
          ],
          [
            -0.11384088546037674,
            0.9914058446884155,
            -0.06445717066526413,
            0.0
          ],
          [
            0.09219956398010254,
            0.07514146715402603,
            0.9929013252258301,
            0.0
          ],
          [
            0.0,
            0.0,
            0.0,
            1.0
          ]
        ],
        "rotation_mode": "QUATERNION"
      },
      "armature_space": {
        "head": {
          "x": 0.0011035142233595252,
          "y": 0.00029925256967544556,
          "z": 0.0019413651898503304
        },
        "tail": {
          "x": 0.054656099528074265,
          "y": 0.00044073606841266155,
          "z": 0.48699870705604553
        }
      },
      "world_space": {
        "head": {
          "x": 0.0011035142233595252,
          "y": 0.06354325264692307,
          "z": 0.9517953991889954
        },
        "tail": {
          "x": 0.054656099528074265,
          "y": 0.06368473917245865,
          "z": 1.4368526935577393
        },
        "rotation_quaternion": {
          "w": 0.7071559429168701,
          "x": 0.7036335468292236,
          "y": 0.008677339181303978,
          "z": -0.06895744800567627
        },
        "matrix": [
          [
            0.9903391599655151,
            0.10973863303661346,
            -0.0847698375582695,
            0.0011035142233595252
          ],
          [
            -0.08531679958105087,
            0.0002899244427680969,
            -0.9963538646697998,
            0.06354325264692307
          ],
          [
            -0.10931477695703506,
            0.9939674735069275,
            0.009648822247982025,
            0.9517953991889954
          ],
          [
            0.0,
            0.0,
            0.0,
            1.0
          ]
        ]
      },
      "bone_length_armature_space": 0.4880046440036626,
      "parent": "Root",
      "has_children": true,
      "is_end_bone": false
    },
    "neck_01": {
      "name": "neck_01",
      "local": {
        "location": {
          "x": 0.0,
          "y": 0.0,
          "z": 0.0
        },
        "rotation_quaternion": {
          "w": 0.9937710762023926,
          "x": -0.046182781457901,
          "y": 0.012812637723982334,
          "z": -0.10060904175043106
        },
        "scale": {
          "x": 1.0,
          "y": 1.0,
          "z": 1.0
        },
        "matrix_basis": [
          [
            0.9794273376464844,
            0.19878126680850983,
            0.034758467227220535,
            0.0
          ],
          [
            -0.2011481523513794,
            0.9754899144172668,
            0.0892120897769928,
            0.0
          ],
          [
            -0.016172846779227257,
            -0.0943683609366417,
            0.9954059720039368,
            0.0
          ],
          [
            0.0,
            0.0,
            0.0,
            1.0
          ]
        ],
        "rotation_mode": "QUATERNION"
      },
      "armature_space": {
        "head": {
          "x": 0.05975114181637764,
          "y": -0.03409202769398689,
          "z": 0.5601101517677307
        },
        "tail": {
          "x": 0.08803926408290863,
          "y": -0.06477504968643188,
          "z": 0.6537535190582275
        }
      },
      "world_space": {
        "head": {
          "x": 0.05975114181637764,
          "y": 0.029151972383260727,
          "z": 1.5099642276763916
        },
        "tail": {
          "x": 0.08803926408290863,
          "y": -0.0015310496091842651,
          "z": 1.6036075353622437
        },
        "rotation_quaternion": {
          "w": 0.5852857232093811,
          "x": 0.7977057695388794,
          "y": 0.08830830454826355,
          "z": -0.11535902321338654
        },
        "matrix": [
          [
            0.9577880501747131,
            0.2759242653846741,
            -0.08067250996828079,
            0.05975114181637764
          ],
          [
            0.005853523500263691,
            -0.2992842495441437,
            -0.954146146774292,
            0.029151972383260727
          ],
          [
            -0.28741806745529175,
            0.9134035706520081,
            -0.28826892375946045,
            1.5099642276763916
          ],
          [
            0.0,
            0.0,
            0.0,
            1.0
          ]
        ]
      },
      "bone_length_armature_space": 0.10252192813902393,
      "parent": "spine_01",
      "has_children": true,
      "is_end_bone": false
    },
    "head": {
      "name": "head",
      "local": {
        "location": {
          "x": 0.0,
          "y": 0.0,
          "z": 0.0
        },
        "rotation_quaternion": {
          "w": 0.9835729598999023,
          "x": -0.1482461839914322,
          "y": 0.07495337724685669,
          "z": -0.07063502073287964
        },
        "scale": {
          "x": 1.0,
          "y": 1.0,
          "z": 1.0
        },
        "matrix_basis": [
          [
            0.9787853956222534,
            0.11672628670930862,
            0.16838698089122772,
            0.0
          ],
          [
            -0.16117249429225922,
            0.9460675120353699,
            0.2810332179069519,
            0.0
          ],
          [
            -0.12650148570537567,
            -0.3022105395793915,
            0.9448100924491882,
            0.0
          ],
          [
            0.0,
            0.0,
            0.0,
            1.0
          ]
        ],
        "rotation_mode": "QUATERNION"
      },
      "armature_space": {
        "head": {
          "x": 0.08803923428058624,
          "y": -0.06477517634630203,
          "z": 0.653753399848938
        },
        "tail": {
          "x": 0.14630597829818726,
          "y": -0.008289199322462082,
          "z": 0.7859182953834534
        }
      },
      "world_space": {
        "head": {
          "x": 0.08803923428058624,
          "y": -0.0015311762690544128,
          "z": 1.603607416152954
        },
        "tail": {
          "x": 0.14630597829818726,
          "y": 0.05495480075478554,
          "z": 1.7357723712921143
        },
        "rotation_quaternion": {
          "w": 0.7956719994544983,
          "x": 0.5579966306686401,
          "y": 0.2213873565196991,
          "z": -0.08083046972751617
        },
        "matrix": [
          [
            0.8889088034629822,
            0.3756957948207855,
            0.26209568977355957,
            0.08803923428058624
          ],
          [
            0.1184355840086937,
            0.3642136752605438,
            -0.923754096031189,
            -0.0015311762690544128
          ],
          [
            -0.4425123333930969,
            0.8521808981895447,
            0.2792580723762512,
            1.603607416152954
          ],
          [
            0.0,
            0.0,
            0.0,
            1.0
          ]
        ]
      },
      "bone_length_armature_space": 0.15509106764605804,
      "parent": "neck_01",
      "has_children": false,
      "is_end_bone": true
    },
    "upperarm_l": {
      "name": "upperarm_l",
      "local": {
        "location": {
          "x": 0.0,
          "y": 0.0,
          "z": 0.0
        },
        "rotation_quaternion": {
          "w": 0.9293197393417358,
          "x": 0.36101144552230835,
          "y": 0.05833197757601738,
          "z": -0.0513131320476532
        },
        "scale": {
          "x": 1.0,
          "y": 1.0,
          "z": 1.0
        },
        "matrix_basis": [
          [
            0.9879286885261536,
            0.13748963177204132,
            0.07136885821819305,
            0.0
          ],
          [
            -0.0532555915415287,
            0.7340754270553589,
            -0.6769765019416809,
            0.0
          ],
          [
            -0.1454673707485199,
            0.6650037169456482,
            0.732536256313324,
            0.0
          ],
          [
            0.0,
            0.0,
            0.0,
            1.0
          ]
        ],
        "rotation_mode": "QUATERNION"
      },
      "armature_space": {
        "head": {
          "x": 0.20065639913082123,
          "y": -0.05008653178811073,
          "z": 0.4769413471221924
        },
        "tail": {
          "x": 0.3818857669830322,
          "y": -0.23619337379932404,
          "z": 0.4111548662185669
        }
      },
      "world_space": {
        "head": {
          "x": 0.20065639913082123,
          "y": 0.013157468289136887,
          "z": 1.4267953634262085
        },
        "tail": {
          "x": 0.3818857669830322,
          "y": -0.17294937372207642,
          "z": 1.361008882522583
        },
        "rotation_quaternion": {
          "w": 0.1839129626750946,
          "x": 0.6156452298164368,
          "y": 0.34485194087028503,
          "z": -0.6842764019966125
        },
        "matrix": [
          [
            -0.17431478202342987,
            0.6763061881065369,
            -0.7156985998153687,
            0.20065639913082123
          ],
          [
            0.17291724681854248,
            -0.6945077776908875,
            -0.6983972787857056,
            0.013157468289136887
          ],
          [
            -0.9693951606750488,
            -0.24549998342990875,
            0.004117383621633053,
            1.4267953634262085
          ],
          [
            0.0,
            0.0,
            0.0,
            1.0
          ]
        ]
      },
      "bone_length_armature_space": 0.2679695995125498,
      "parent": "spine_01",
      "has_children": true,
      "is_end_bone": false
    },
    "lowerarm_l": {
      "name": "lowerarm_l",
      "local": {
        "location": {
          "x": 0.0,
          "y": 0.0,
          "z": 0.0
        },
        "rotation_quaternion": {
          "w": 0.9909729957580566,
          "x": 0.11382481455802917,
          "y": 0.0055194455198943615,
          "z": 0.0706118494272232
        },
        "scale": {
          "x": 1.0,
          "y": 1.0,
          "z": 1.0
        },
        "matrix_basis": [
          [
            0.9899669885635376,
            -0.13869237899780273,
            0.027014004066586494,
            0.0
          ],
          [
            0.14120537042617798,
            0.9641157388687134,
            -0.22481516003608704,
            0.0
          ],
          [
            0.0051355184987187386,
            0.22637410461902618,
            0.9740269184112549,
            0.0
          ],
          [
            0.0,
            0.0,
            0.0,
            1.0
          ]
        ],
        "rotation_mode": "QUATERNION"
      },
      "armature_space": {
        "head": {
          "x": 0.381885826587677,
          "y": -0.23619350790977478,
          "z": 0.41115495562553406
        },
        "tail": {
          "x": 0.49918344616889954,
          "y": -0.4766286015510559,
          "z": 0.41241195797920227
        }
      },
      "world_space": {
        "head": {
          "x": 0.381885826587677,
          "y": -0.17294950783252716,
          "z": 1.3610090017318726
        },
        "tail": {
          "x": 0.49918344616889954,
          "y": -0.4133846163749695,
          "z": 1.362265944480896
        },
        "rotation_quaternion": {
          "w": 0.17395055294036865,
          "x": 0.6260823011398315,
          "y": 0.14272688329219818,
          "z": -0.7465863823890686
        },
        "matrix": [
          [
            -0.15552419424057007,
            0.4384556710720062,
            -0.8851943016052246,
            0.381885826587677
          ],
          [
            -0.08102130144834518,
            -0.8987404704093933,
            -0.43093055486679077,
            -0.17294950783252716
          ],
          [
            -0.9845107793807983,
            0.004698697477579117,
            0.17530101537704468,
            1.3610090017318726
          ],
          [
            0.0,
            0.0,
            0.0,
            1.0
          ]
        ]
      },
      "bone_length_armature_space": 0.26752447469466706,
      "parent": "upperarm_l",
      "has_children": true,
      "is_end_bone": false
    },
    "metacarpal_thumb_l": {
      "name": "metacarpal_thumb_l",
      "local": {
        "location": {
          "x": 0.0,
          "y": 0.0,
          "z": 0.0
        },
        "rotation_quaternion": {
          "w": 0.9996984601020813,
          "x": -0.022282380610704422,
          "y": 0.007842503488063812,
          "z": -0.006712785921990871
        },
        "scale": {
          "x": 1.0,
          "y": 1.0,
          "z": 1.0
        },
        "matrix_basis": [
          [
            0.9997868537902832,
            0.01307202409952879,
            0.015979431569576263,
            0.0
          ],
          [
            -0.01377102266997099,
            0.9989168643951416,
            0.044446032494306564,
            0.0
          ],
          [
            -0.01538112387061119,
            -0.04465661197900772,
            0.9988839626312256,
            0.0
          ],
          [
            0.0,
            0.0,
            0.0,
            1.0
          ]
        ],
        "rotation_mode": "QUATERNION"
      },
      "armature_space": {
        "head": {
          "x": 0.49918344616889954,
          "y": -0.4766286015510559,
          "z": 0.41241195797920227
        },
        "tail": {
          "x": 0.490162193775177,
          "y": -0.5253081917762756,
          "z": 0.41083163022994995
        }
      },
      "world_space": {
        "head": {
          "x": 0.49918344616889954,
          "y": -0.4133846163749695,
          "z": 1.362265944480896
        },
        "tail": {
          "x": 0.490162193775177,
          "y": -0.4620642066001892,
          "z": 1.3606855869293213
        },
        "rotation_quaternion": {
          "w": 0.024597441777586937,
          "x": -0.991218626499176,
          "y": 0.08953210711479187,
          "z": 0.0941530168056488
        },
        "matrix": [
          [
            0.9662384390830994,
            -0.18212366104125977,
            -0.1822478026151657,
            0.49918344616889954
          ],
          [
            -0.17285987734794617,
            -0.9827578067779541,
            0.06562197208404541,
            -0.4133846163749695
          ],
          [
            -0.19105826318264008,
            -0.031904205679893494,
            -0.9810671806335449,
            1.362265944480896
          ],
          [
            0.0,
            0.0,
            0.0,
            1.0
          ]
        ]
      },
      "bone_length_armature_space": 0.04953365516617426,
      "parent": "lowerarm_l",
      "has_children": true,
      "is_end_bone": false
    },
    "thumb_01_l": {
      "name": "thumb_01_l",
      "local": {
        "location": {
          "x": 0.0,
          "y": 0.0,
          "z": 0.0
        },
        "rotation_quaternion": {
          "w": 0.9886360764503479,
          "x": 0.14773429930210114,
          "y": 0.026514701545238495,
          "z": -0.00838463194668293
        },
        "scale": {
          "x": 1.0,
          "y": 1.0,
          "z": 1.0
        },
        "matrix_basis": [
          [
            0.9984533190727234,
            0.024412961676716805,
            0.04994938522577286,
            0.0
          ],
          [
            -0.008744437247514725,
            0.9562085270881653,
            -0.2925555408000946,
            0.0
          ],
          [
            -0.05490417778491974,
            0.29166626930236816,
            0.9549431204795837,
            0.0
          ],
          [
            0.0,
            0.0,
            0.0,
            1.0
          ]
        ],
        "rotation_mode": "QUATERNION"
      },
      "armature_space": {
        "head": {
          "x": 0.490162193775177,
          "y": -0.5253081917762756,
          "z": 0.41083163022994995
        },
        "tail": {
          "x": 0.48724138736724854,
          "y": -0.5472665429115295,
          "z": 0.3849871754646301
        }
      },
      "world_space": {
        "head": {
          "x": 0.490162193775177,
          "y": -0.4620642066001892,
          "z": 1.3606855869293213
        },
        "tail": {
          "x": 0.48724138736724854,
          "y": -0.4840225577354431,
          "z": 1.334841251373291
        },
        "rotation_quaternion": {
          "w": 0.2580878734588623,
          "x": -0.6326411962509155,
          "y": 0.33292630314826965,
          "z": -0.6498583555221558
        },
        "matrix": [
          [
            -0.0663100853562355,
            -0.08580833673477173,
            0.9941026568412781,
            0.490162193775177
          ],
          [
            -0.7566865682601929,
            -0.6451013684272766,
            -0.10615703463554382,
            -0.4620642066001892
          ],
          [
            0.6504099369049072,
            -0.7592694163322449,
            -0.022153496742248535,
            1.3606855869293213
          ],
          [
            0.0,
            0.0,
            0.0,
            1.0
          ]
        ]
      },
      "bone_length_armature_space": 0.03403874429763141,
      "parent": "metacarpal_thumb_l",
      "has_children": true,
      "is_end_bone": false
    },
    "thumb_02_l": {
      "name": "thumb_02_l",
      "local": {
        "location": {
          "x": 0.0,
          "y": 0.0,
          "z": 0.0
        },
        "rotation_quaternion": {
          "w": 0.9341425895690918,
          "x": 0.3568081259727478,
          "y": 0.007519932929426432,
          "z": -0.0029963625129312277
        },
        "scale": {
          "x": 1.0,
          "y": 1.0,
          "z": 1.0
        },
        "matrix_basis": [
          [
            0.9998689293861389,
            0.010964405722916126,
            0.011911125853657722,
            0.0
          ],
          [
            -0.00023171331849880517,
            0.7453579902648926,
            -0.6666644215583801,
            0.0
          ],
          [
            -0.016187632456421852,
            0.666574239730835,
            0.7452628016471863,
            0.0
          ],
          [
            0.0,
            0.0,
            0.0,
            1.0
          ]
        ],
        "rotation_mode": "QUATERNION"
      },
      "armature_space": {
        "head": {
          "x": 0.48724135756492615,
          "y": -0.5472664833068848,
          "z": 0.3849871754646301
        },
        "tail": {
          "x": 0.5149945020675659,
          "y": -0.5648456811904907,
          "z": 0.4080938994884491
        }
      },
      "world_space": {
        "head": {
          "x": 0.48724135756492615,
          "y": -0.48402249813079834,
          "z": 1.334841251373291
        },
        "tail": {
          "x": 0.5149945020675659,
          "y": -0.5016016960144043,
          "z": 1.3579479455947876
        },
        "rotation_quaternion": {
          "w": 0.3333587944507599,
          "x": -0.16564616560935974,
          "y": -0.41234761476516724,
          "z": -0.8315063714981079
        },
        "matrix": [
          [
            -0.7228661179542542,
            0.6909879446029663,
            0.0005504488945007324,
            0.48724135756492615
          ],
          [
            -0.4177737832069397,
            -0.4376816749572754,
            0.7961780428886414,
            -0.48402249813079834
          ],
          [
            0.55039381980896,
            0.5753037929534912,
            0.6050668954849243,
            1.334841251373291
          ],
          [
            0.0,
            0.0,
            0.0,
            1.0
          ]
        ]
      },
      "bone_length_armature_space": 0.04016448575085097,
      "parent": "thumb_01_l",
      "has_children": true,
      "is_end_bone": false
    },
    "thumb_03_l": {
      "name": "thumb_03_l",
      "local": {
        "location": {
          "x": 0.0,
          "y": 0.0,
          "z": 0.0
        },
        "rotation_quaternion": {
          "w": 0.9817796349525452,
          "x": 0.18975195288658142,
          "y": -0.009504768066108227,
          "z": 0.0035569278988987207
        },
        "scale": {
          "x": 1.0,
          "y": 1.0,
          "z": 1.0
        },
        "matrix_basis": [
          [
            0.9997940063476562,
            -0.010591335594654083,
            -0.017313307151198387,
            0.0
          ],
          [
            0.0033771421294659376,
            0.9279630780220032,
            -0.37265682220458984,
            0.0
          ],
          [
            0.02001304365694523,
            0.3725215792655945,
            0.9278076887130737,
            0.0
          ],
          [
            0.0,
            0.0,
            0.0,
            1.0
          ]
        ],
        "rotation_mode": "QUATERNION"
      },
      "armature_space": {
        "head": {
          "x": 0.5149943828582764,
          "y": -0.5648457407951355,
          "z": 0.4080938696861267
        },
        "tail": {
          "x": 0.532311201095581,
          "y": -0.5610759258270264,
          "z": 0.4328489899635315
        }
      },
      "world_space": {
        "head": {
          "x": 0.5149943828582764,
          "y": -0.5016017556190491,
          "z": 1.357947826385498
        },
        "tail": {
          "x": 0.532311201095581,
          "y": -0.49783194065093994,
          "z": 1.3827030658721924
        },
        "rotation_quaternion": {
          "w": 0.49902674555778503,
          "x": 0.07795076072216034,
          "y": -0.5593594312667847,
          "z": -0.6572770476341248
        },
        "matrix": [
          [
            -0.4897887706756592,
            0.5687925219535828,
            -0.6607435941696167,
            0.5149943828582764
          ],
          [
            -0.7432045340538025,
            0.12382333725690842,
            0.6575062870979309,
            -0.5016017556190491
          ],
          [
            0.4558025896549225,
            0.813112735748291,
            0.36208510398864746,
            1.357947826385498
          ],
          [
            0.0,
            0.0,
            0.0,
            1.0
          ]
        ]
      },
      "bone_length_armature_space": 0.03044502674785387,
      "parent": "thumb_02_l",
      "has_children": false,
      "is_end_bone": true
    },
    "metacarpal_index_l": {
      "name": "metacarpal_index_l",
      "local": {
        "location": {
          "x": 0.0,
          "y": 0.0,
          "z": 0.0
        },
        "rotation_quaternion": {
          "w": 0.99983811378479,
          "x": 0.0008633756078779697,
          "y": -0.007183704525232315,
          "z": 0.01647838205099106
        },
        "scale": {
          "x": 1.0,
          "y": 1.0,
          "z": 1.0
        },
        "matrix_basis": [
          [
            0.9993537068367004,
            -0.0329638347029686,
            -0.014336628839373589,
            0.0
          ],
          [
            0.03293902426958084,
            0.999455451965332,
            -0.0019632233306765556,
            0.0
          ],
          [
            0.014393537305295467,
            0.0014897200744599104,
            0.9998952746391296,
            0.0
          ],
          [
            0.0,
            0.0,
            0.0,
            1.0
          ]
        ],
        "rotation_mode": "QUATERNION"
      },
      "armature_space": {
        "head": {
          "x": 0.49918344616889954,
          "y": -0.4766286015510559,
          "z": 0.41241195797920227
        },
        "tail": {
          "x": 0.5126444101333618,
          "y": -0.5929692387580872,
          "z": 0.41600024700164795
        }
      },
      "world_space": {
        "head": {
          "x": 0.49918344616889954,
          "y": -0.4133846163749695,
          "z": 1.362265944480896
        },
        "tail": {
          "x": 0.5126444101333618,
          "y": -0.5297252535820007,
          "z": 1.365854263305664
        },
        "rotation_quaternion": {
          "w": 0.03660491853952408,
          "x": 0.9188637733459473,
          "y": 0.04697458818554878,
          "z": -0.39005497097969055
        },
        "matrix": [
          [
            0.6913009881973267,
            0.11488259583711624,
            -0.7133758068084717,
            0.49918344616889954
          ],
          [
            0.05777060240507126,
            -0.992906928062439,
            -0.10391581058502197,
            -0.4133846163749695
          ],
          [
            -0.7202587723731995,
            0.03062429092824459,
            -0.6930392384529114,
            1.362265944480896
          ],
          [
            0.0,
            0.0,
            0.0,
            1.0
          ]
        ]
      },
      "bone_length_armature_space": 0.11717174223540121,
      "parent": "lowerarm_l",
      "has_children": true,
      "is_end_bone": false
    },
    "index_01_l": {
      "name": "index_01_l",
      "local": {
        "location": {
          "x": 0.0,
          "y": 0.0,
          "z": 0.0
        },
        "rotation_quaternion": {
          "w": 0.9750916957855225,
          "x": 0.22078129649162292,
          "y": 0.021110938861966133,
          "z": -0.0024772798642516136
        },
        "scale": {
          "x": 1.0,
          "y": 1.0,
          "z": 1.0
        },
        "matrix_basis": [
          [
            0.9990963935852051,
            0.0141529506072402,
            0.040076326578855515,
            0.0
          ],
          [
            0.004490650724619627,
            0.9024989604949951,
            -0.4306686222553253,
            0.0
          ],
          [
            -0.04226407781243324,
            0.4304594099521637,
            0.9016199111938477,
            0.0
          ],
          [
            0.0,
            0.0,
            0.0,
            1.0
          ]
        ],
        "rotation_mode": "QUATERNION"
      },
      "armature_space": {
        "head": {
          "x": 0.5126444101333618,
          "y": -0.5929692387580872,
          "z": 0.41600024700164795
        },
        "tail": {
          "x": 0.5161750316619873,
          "y": -0.6183899641036987,
          "z": 0.40357476472854614
        }
      },
      "world_space": {
        "head": {
          "x": 0.5126444101333618,
          "y": -0.5297252535820007,
          "z": 1.365854263305664
        },
        "tail": {
          "x": 0.5161750316619873,
          "y": -0.5551459789276123,
          "z": 1.353428840637207
        },
        "rotation_quaternion": {
          "w": 0.1789802610874176,
          "x": -0.888953685760498,
          "y": -0.14904029667377472,
          "z": 0.39435330033302307
        },
        "matrix": [
          [
            0.6445450186729431,
            0.12381809949874878,
            -0.7544739246368408,
            0.5126444101333618
          ],
          [
            0.40614286065101624,
            -0.8915064930915833,
            0.20065972208976746,
            -0.5297252535820007
          ],
          [
            -0.6477771401405334,
            -0.4357621669769287,
            -0.6249079704284668,
            1.365854263305664
          ],
          [
            0.0,
            0.0,
            0.0,
            1.0
          ]
        ]
      },
      "bone_length_armature_space": 0.028514403304425368,
      "parent": "metacarpal_index_l",
      "has_children": true,
      "is_end_bone": false
    },
    "index_02_l": {
      "name": "index_02_l",
      "local": {
        "location": {
          "x": 0.0,
          "y": 0.0,
          "z": 0.0
        },
        "rotation_quaternion": {
          "w": 0.9145141839981079,
          "x": 0.40439310669898987,
          "y": 0.009780630469322205,
          "z": 0.005873415153473616
        },
        "scale": {
          "x": 1.0,
          "y": 1.0,
          "z": 1.0
        },
        "matrix_basis": [
          [
            0.9997397065162659,
            -0.002832203870639205,
            0.022639388218522072,
            0.0
          ],
          [
            0.018653081730008125,
            0.6728634238243103,
            -0.7395315766334534,
            0.0
          ],
          [
            -0.01313871331512928,
            0.7397613525390625,
            0.6727411150932312,
            0.0
          ],
          [
            0.0,
            0.0,
            0.0,
            1.0
          ]
        ],
        "rotation_mode": "QUATERNION"
      },
      "armature_space": {
        "head": {
          "x": 0.5161746740341187,
          "y": -0.6183903813362122,
          "z": 0.40357455611228943
        },
        "tail": {
          "x": 0.5040770769119263,
          "y": -0.6310165524482727,
          "z": 0.38480424880981445
        }
      },
      "world_space": {
        "head": {
          "x": 0.5161746740341187,
          "y": -0.5551463961601257,
          "z": 1.353428602218628
        },
        "tail": {
          "x": 0.5040770769119263,
          "y": -0.5677725672721863,
          "z": 1.3346582651138306
        },
        "rotation_quaternion": {
          "w": 0.5036526918411255,
          "x": -0.7401437163352966,
          "y": 0.015566724352538586,
          "z": 0.4452851116657257
        },
        "matrix": [
          [
            0.602959156036377,
            -0.47158023715019226,
            -0.6434691548347473,
            0.5161746740341187
          ],
          [
            0.4254930317401886,
            -0.492185115814209,
            0.75941401720047,
            -0.5551463961601257
          ],
          [
            -0.6748347282409668,
            -0.7316926717758179,
            -0.09611347317695618,
            1.353428602218628
          ],
          [
            0.0,
            0.0,
            0.0,
            1.0
          ]
        ]
      },
      "bone_length_armature_space": 0.025653391270468763,
      "parent": "index_01_l",
      "has_children": true,
      "is_end_bone": false
    },
    "index_03_l": {
      "name": "index_03_l",
      "local": {
        "location": {
          "x": 0.0,
          "y": 0.0,
          "z": 0.0
        },
        "rotation_quaternion": {
          "w": 0.9672003984451294,
          "x": 0.25386345386505127,
          "y": -0.008758793585002422,
          "z": 0.00020333798602223396
        },
        "scale": {
          "x": 1.0,
          "y": 1.0,
          "z": 1.0
        },
        "matrix_basis": [
          [
            0.9998464584350586,
            -0.004840412177145481,
            -0.016839778050780296,
            0.0
          ],
          [
            -0.004053737968206406,
            0.8711066246032715,
            -0.4910772442817688,
            0.0
          ],
          [
            0.017046257853507996,
            0.49107009172439575,
            0.8709532618522644,
            0.0
          ],
          [
            0.0,
            0.0,
            0.0,
            1.0
          ]
        ],
        "rotation_mode": "QUATERNION"
      },
      "armature_space": {
        "head": {
          "x": 0.5040771961212158,
          "y": -0.6310166716575623,
          "z": 0.38480427861213684
        },
        "tail": {
          "x": 0.4840715229511261,
          "y": -0.6289176940917969,
          "z": 0.36361217498779297
        }
      },
      "world_space": {
        "head": {
          "x": 0.5040771961212158,
          "y": -0.5677726864814758,
          "z": 1.3346582651138306
        },
        "tail": {
          "x": 0.4840715229511261,
          "y": -0.5656737089157104,
          "z": 1.313466191291809
        },
        "rotation_quaternion": {
          "w": 0.7227813005447388,
          "x": -0.5633283853530884,
          "y": 0.11621654033660889,
          "z": 0.3830694556236267
        },
        "matrix": [
          [
            0.6795018315315247,
            -0.6846874952316284,
            -0.2635917663574219,
            0.5040771961212158
          ],
          [
            0.4228174090385437,
            0.07183694839477539,
            0.9033631086349487,
            -0.5677726864814758
          ],
          [
            -0.599589467048645,
            -0.7252929210662842,
            0.3383141756057739,
            1.3346582651138306
          ],
          [
            0.0,
            0.0,
            0.0,
            1.0
          ]
        ]
      },
      "bone_length_armature_space": 0.029218794136837575,
      "parent": "index_02_l",
      "has_children": false,
      "is_end_bone": true
    },
    "metacarpal_pinky_l": {
      "name": "metacarpal_pinky_l",
      "local": {
        "location": {
          "x": 0.0,
          "y": 0.0,
          "z": 0.0
        },
        "rotation_quaternion": {
          "w": 0.9998695850372314,
          "x": 0.005547159817069769,
          "y": -0.014269527047872543,
          "z": -0.005160872358828783
        },
        "scale": {
          "x": 1.0,
          "y": 1.0,
          "z": 1.0
        },
        "matrix_basis": [
          [
            0.9995394945144653,
            0.010162088088691235,
            -0.028592588379979134,
            0.0
          ],
          [
            -0.010478708893060684,
            0.9998852014541626,
            -0.010945586487650871,
            0.0
          ],
          [
            0.028478076681494713,
            0.011240159161388874,
            0.9995312094688416,
            0.0
          ],
          [
            0.0,
            0.0,
            0.0,
            1.0
          ]
        ],
        "rotation_mode": "QUATERNION"
      },
      "armature_space": {
        "head": {
          "x": 0.49918344616889954,
          "y": -0.4766286015510559,
          "z": 0.41241195797920227
        },
        "tail": {
          "x": 0.5697684288024902,
          "y": -0.5530492067337036,
          "z": 0.4078434705734253
        }
      },
      "world_space": {
        "head": {
          "x": 0.49918344616889954,
          "y": -0.4133846163749695,
          "z": 1.362265944480896
        },
        "tail": {
          "x": 0.5697684288024902,
          "y": -0.4898052215576172,
          "z": 1.3576974868774414
        },
        "rotation_quaternion": {
          "w": 0.36320316791534424,
          "x": 0.02605750970542431,
          "y": 0.03373684734106064,
          "z": -0.9307342767715454
        },
        "matrix": [
          [
            -0.7348090410232544,
            0.6778494119644165,
            -0.02399824559688568,
            0.49918344616889954
          ],
          [
            -0.6743332147598267,
            -0.7338905334472656,
            -0.08172805607318878,
            -0.4133846163749695
          ],
          [
            -0.07301239669322968,
            -0.043872665613889694,
            0.996372640132904,
            1.362265944480896
          ],
          [
            0.0,
            0.0,
            0.0,
            1.0
          ]
        ]
      },
      "bone_length_armature_space": 0.10413078014584655,
      "parent": "lowerarm_l",
      "has_children": true,
      "is_end_bone": false
    },
    "pinky_01_l": {
      "name": "pinky_01_l",
      "local": {
        "location": {
          "x": 0.0,
          "y": 0.0,
          "z": 0.0
        },
        "rotation_quaternion": {
          "w": 0.9546650648117065,
          "x": 0.29724934697151184,
          "y": -0.008388781920075417,
          "z": -0.013682331889867783
        },
        "scale": {
          "x": 1.0,
          "y": 1.0,
          "z": 1.0
        },
        "matrix_basis": [
          [
            0.9994848370552063,
            0.021136969327926636,
            -0.024151083081960678,
            0.0
          ],
          [
            -0.031111208721995354,
            0.822911262512207,
            -0.5673176050186157,
            0.0
          ],
          [
            0.007882826030254364,
            0.5677766799926758,
            0.8231449127197266,
            0.0
          ],
          [
            0.0,
            0.0,
            0.0,
            1.0
          ]
        ],
        "rotation_mode": "QUATERNION"
      },
      "armature_space": {
        "head": {
          "x": 0.5697684288024902,
          "y": -0.5530492067337036,
          "z": 0.4078434705734253
        },
        "tail": {
