{
  "metadata": {
    "armature_name": "KIM_caucasian_male",
    "export_time": "2026-01-13T20:56:08.184309",
    "blender_version": "4.4.1",
    "bone_count": 56,
    "end_bone_count": 13,
    "spaces_included": [
      "LOCAL_CHANNELS",
      "ARMATURE_SPACE",
      "WORLD_SPACE"
    ],
    "note": "LOCAL matches Transform panel; replay pose via local.matrix_basis for best fidelity."
  },
  "bones": {
    "Root": {
      "name": "Root",
      "local": {
        "location": {
          "x": 0.0,
          "y": 0.0,
          "z": 0.0
        },
        "rotation_quaternion": {
          "w": 0.9997817277908325,
          "x": 0.006957395933568478,
          "y": -0.014097671024501324,
          "z": 0.013766639865934849
        },
        "scale": {
          "x": 1.0,
          "y": 1.0,
          "z": 1.0
        },
        "matrix_basis": [
          [
            0.9992234706878662,
            -0.027723435312509537,
            -0.02799762785434723,
            0.0
          ],
          [
            0.02733110450208187,
            0.9995241761207581,
            -0.014299909584224224,
            0.0
          ],
          [
            0.028380747884511948,
            0.01352359913289547,
            0.9995056986808777,
            0.0
          ],
          [
            0.0,
            0.0,
            0.0,
            1.0
          ]
        ],
        "rotation_mode": "QUATERNION"
      },
      "armature_space": {
        "head": {
          "x": 0.0,
          "y": 0.07072800397872925,
          "z": -0.009595036506652832
        },
        "tail": {
          "x": -0.0019787843339145184,
          "y": -9.610503911972046e-05,
          "z": -0.0009610699489712715
        }
      },
      "world_space": {
        "head": {
          "x": 0.0,
          "y": 0.13397200405597687,
          "z": 0.9402589797973633
        },
        "tail": {
          "x": -0.0019787843339145184,
          "y": 0.0631478950381279,
          "z": 0.9488929510116577
        },
        "rotation_quaternion": {
          "w": 0.06041135638952255,
          "x": 0.9979791045188904,
          "y": -0.014685096219182014,
          "z": -0.01313821692019701
        },
        "matrix": [
          [
            0.9992234706878662,
            -0.027723435312509537,
            -0.02799762785434723,
            0.0
          ],
          [
            -0.030898239463567734,
            -0.9922696352005005,
            -0.12019313871860504,
            0.13397200405597687
          ],
          [
            -0.02444922737777233,
            0.12096478044986725,
            -0.9923626780509949,
            0.9402589797973633
          ],
          [
            0.0,
            0.0,
            0.0,
            1.0
          ]
        ]
      },
      "bone_length_armature_space": 0.07137587449453348,
      "parent": null,
      "has_children": true,
      "is_end_bone": false
    },
    "spine_01": {
      "name": "spine_01",
      "local": {
        "location": {
          "x": 0.0,
          "y": 0.0,
          "z": 0.0
        },
        "rotation_quaternion": {
          "w": 0.9957067966461182,
          "x": 0.06606747210025787,
          "y": -0.02665916457772255,
          "z": -0.05909649282693863
        },
        "scale": {
          "x": 1.0,
          "y": 1.0,
          "z": 1.0
        },
        "matrix_basis": [
          [
            0.9915937781333923,
            0.11416295170783997,
            -0.06089813634753227,
            0.0
          ],
          [
            -0.12120816856622696,
            0.9842854142189026,
            -0.1284167319536209,
            0.0
          ],
          [
            0.045280709862709045,
            0.13471858203411102,
            0.9898487329483032,
            0.0
          ],
          [
            0.0,
            0.0,
            0.0,
            1.0
          ]
        ],
        "rotation_mode": "QUATERNION"
      },
      "armature_space": {
        "head": {
          "x": -0.0019787843339145184,
          "y": -9.610503911972046e-05,
          "z": -0.0009610699489712715
        },
        "tail": {
          "x": 0.063936747610569,
          "y": -0.05191316455602646,
          "z": 0.47978684306144714
        }
      },
      "world_space": {
        "head": {
          "x": -0.0019787843339145184,
          "y": 0.0631478950381279,
          "z": 0.9488929510116577
        },
        "tail": {
          "x": 0.063936747610569,
          "y": 0.011330835521221161,
          "z": 1.4296408891677856
        },
        "rotation_quaternion": {
          "w": 0.6682511568069458,
          "x": 0.7393436431884766,
          "y": 0.01868753507733345,
          "z": -0.08038851618766785
        },
        "matrix": [
          [
            0.9863770604133606,
            0.1350724697113037,
            -0.09389263391494751,
            -0.0019787843339145184
          ],
          [
            -0.07980553805828094,
            -0.10618223249912262,
            -0.9911390542984009,
            0.0631478950381279
          ],
          [
            -0.14384639263153076,
            0.9851366877555847,
            -0.09395775198936462,
            0.9488929510116577
          ],
          [
            0.0,
            0.0,
            0.0,
            1.0
          ]
        ]
      },
      "bone_length_armature_space": 0.4880045182918363,
      "parent": "Root",
      "has_children": true,
      "is_end_bone": false
    },
    "neck_01": {
      "name": "neck_01",
      "local": {
        "location": {
          "x": 0.0,
          "y": 0.0,
          "z": 0.0
        },
        "rotation_quaternion": {
          "w": 0.9974508285522461,
          "x": 0.052916135638952255,
          "y": -0.04358320310711861,
          "z": -0.019805848598480225
        },
        "scale": {
          "x": 1.0,
          "y": 1.0,
          "z": 1.0
        },
        "matrix_basis": [
          [
            0.9954164624214172,
            0.03489821031689644,
            -0.08904030174016953,
            0.0
          ],
          [
            -0.04412322863936424,
            0.9936152100563049,
            -0.10383608192205429,
            0.0
          ],
          [
            0.08484810590744019,
            0.1072888895869255,
            0.9906007647514343,
            0.0
          ],
          [
            0.0,
            0.0,
            0.0,
            1.0
          ]
        ],
        "rotation_mode": "QUATERNION"
      },
      "armature_space": {
        "head": {
          "x": 0.07057030498981476,
          "y": -0.09406080842018127,
          "z": 0.5486584901809692
        },
        "tail": {
          "x": 0.08165407180786133,
          "y": -0.15235301852226257,
          "z": 0.6322640180587769
        }
      },
      "world_space": {
        "head": {
          "x": 0.07057030498981476,
          "y": -0.030816808342933655,
          "z": 1.4985125064849854
        },
        "tail": {
          "x": 0.08165407180786133,
          "y": -0.08910901844501495,
          "z": 1.582118034362793
        },
        "rotation_quaternion": {
          "w": 0.464382141828537,
          "x": 0.8759294748306274,
          "y": -0.007494397461414337,
          "z": -0.13054011762142181
        },
        "matrix": [
          [
            0.9658064246177673,
            0.10811182856559753,
            -0.2356477677822113,
            0.07057030498981476
          ],
          [
            -0.13436967134475708,
            -0.5685860514640808,
            -0.811575710773468,
            -0.030816808342933655
          ],
          [
            -0.2217286229133606,
            0.8154938220977783,
            -0.5346215963363647,
            1.4985125064849854
          ],
          [
            0.0,
            0.0,
            0.0,
            1.0
          ]
        ]
      },
      "bone_length_armature_space": 0.10252178279283286,
      "parent": "spine_01",
      "has_children": true,
      "is_end_bone": false
    },
    "head": {
      "name": "head",
      "local": {
        "location": {
          "x": 0.0,
          "y": 0.0,
          "z": 0.0
        },
        "rotation_quaternion": {
          "w": 0.9894973039627075,
          "x": -0.10937462002038956,
          "y": 0.07258310914039612,
          "z": 0.06053066626191139
        },
        "scale": {
          "x": 1.0,
          "y": 1.0,
          "z": 1.0
        },
        "matrix_basis": [
          [
            0.9821354746818542,
            -0.1356673687696457,
            0.13040053844451904,
            0.0
          ],
          [
            0.1039123609662056,
            0.9687464833259583,
            0.22523878514766693,
            0.0
          ],
          [
            -0.1568826138973236,
            -0.20766477286815643,
            0.9655377864837646,
            0.0
          ],
          [
            0.0,
            0.0,
            0.0,
            1.0
          ]
        ],
        "rotation_mode": "QUATERNION"
      },
      "armature_space": {
        "head": {
          "x": 0.08165402710437775,
          "y": -0.15235309302806854,
          "z": 0.6322638988494873
        },
        "tail": {
          "x": 0.09510491788387299,
          "y": -0.15404152870178223,
          "z": 0.7867615818977356
        }
      },
      "world_space": {
        "head": {
          "x": 0.08165402710437775,
          "y": -0.08910909295082092,
          "z": 1.5821179151535034
        },
        "tail": {
          "x": 0.09510491788387299,
          "y": -0.0907975286245346,
          "z": 1.7366156578063965
        },
        "rotation_quaternion": {
          "w": 0.7027097940444946,
          "x": 0.7101351022720337,
          "y": 0.027483215555548668,
          "z": -0.03393710404634476
        },
        "matrix": [
          [
            0.9961860775947571,
            0.08672948181629181,
            -0.009573772549629211,
            0.08165402710437775
          ],
          [
            -0.00866168737411499,
            -0.010886818170547485,
            -0.9999035000801086,
            -0.08910909295082092
          ],
          [
            -0.08682596683502197,
            0.996179461479187,
            -0.010095208883285522,
            1.5821179151535034
          ],
          [
            0.0,
            0.0,
            0.0,
            1.0
          ]
        ]
      },
      "bone_length_armature_space": 0.15509130289735926,
      "parent": "neck_01",
      "has_children": false,
      "is_end_bone": true
    },
    "upperarm_l": {
      "name": "upperarm_l",
      "local": {
        "location": {
          "x": 0.0,
          "y": 0.0,
          "z": 0.0
        },
        "rotation_quaternion": {
          "w": 0.8165383338928223,
          "x": -0.3544038236141205,
          "y": 0.28897804021835327,
          "z": -0.3523560166358948
        },
        "scale": {
          "x": 1.0,
          "y": 1.0,
          "z": 1.0
        },
        "matrix_basis": [
          [
            0.5846738815307617,
            0.3705945312976837,
            0.7216759324073792,
            0.0
          ],
          [
            -0.7802542448043823,
            0.5004863142967224,
            0.3751223087310791,
            0.0
          ],
          [
            -0.2221706509590149,
            -0.7824149131774902,
            0.5817792415618896,
            0.0
          ],
          [
            0.0,
            0.0,
            0.0,
            1.0
          ]
        ],
        "rotation_mode": "QUATERNION"
      },
      "armature_space": {
        "head": {
          "x": 0.2091495245695114,
          "y": -0.10205623507499695,
          "z": 0.46057307720184326
        },
        "tail": {
          "x": 0.3383600115776062,
          "y": 0.11352315545082092,
          "z": 0.36763283610343933
        }
      },
      "world_space": {
        "head": {
          "x": 0.2091495245695114,
          "y": -0.03881223499774933,
          "z": 1.4104270935058594
        },
        "tail": {
          "x": 0.3383600115776062,
          "y": 0.17676715552806854,
          "z": 1.3174868822097778
        },
        "rotation_quaternion": {
          "w": 0.17187775671482086,
          "x": 0.21659104526042938,
          "y": 0.9341865181922913,
          "z": -0.22548149526119232
        },
        "matrix": [
          [
            -0.8470926880836487,
            0.48218366503715515,
            0.2234565168619156,
            0.2091495245695114
          ],
          [
            0.3271627128124237,
            0.8044924736022949,
            -0.49573853611946106,
            -0.03881223499774933
          ],
          [
            -0.4188086986541748,
            -0.3468315005302429,
            -0.8392386436462402,
            1.4104270935058594
          ],
          [
            0.0,
            0.0,
            0.0,
            1.0
          ]
        ]
      },
      "bone_length_armature_space": 0.2679696142833329,
      "parent": "spine_01",
      "has_children": true,
      "is_end_bone": false
    },
    "lowerarm_l": {
      "name": "lowerarm_l",
      "local": {
        "location": {
          "x": 0.0,
          "y": 0.0,
          "z": 0.0
        },
        "rotation_quaternion": {
          "w": 0.8968523740768433,
          "x": 0.2681887447834015,
          "y": 0.2603856921195984,
          "z": -0.23649515211582184
        },
        "scale": {
          "x": 1.0,
          "y": 1.0,
          "z": 1.0
        },
        "matrix_basis": [
          [
            0.7525386810302734,
            0.5638675093650818,
            0.3402043879032135,
            0.0
          ],
          [
            -0.2845374643802643,
            0.7442896962165833,
            -0.6042113304138184,
            0.0
          ],
          [
            -0.5939057469367981,
            0.3578915297985077,
            0.720548152923584,
            0.0
          ],
          [
            0.0,
            0.0,
            0.0,
            1.0
          ]
        ],
        "rotation_mode": "QUATERNION"
      },
      "armature_space": {
        "head": {
          "x": 0.3383601903915405,
          "y": 0.11352316290140152,
          "z": 0.36763283610343933
        },
        "tail": {
          "x": 0.3594690263271332,
          "y": 0.24026432633399963,
          "z": 0.13298165798187256
        }
      },
      "world_space": {
        "head": {
          "x": 0.3383601903915405,
          "y": 0.17676717042922974,
          "z": 1.3174868822097778
        },
        "tail": {
          "x": 0.3594690263271332,
          "y": 0.30350834131240845,
          "z": 1.0828356742858887
        },
        "rotation_quaternion": {
          "w": 0.15948674082756042,
          "x": -0.14007841050624847,
          "y": -0.8434700965881348,
          "z": 0.49345746636390686
        },
        "matrix": [
          [
            -0.9098840355873108,
            0.07890433073043823,
            -0.40728992223739624,
            0.3383601903915405
          ],
          [
            0.39370396733283997,
            0.473755419254303,
            -0.7877519726753235,
            0.17676717042922974
          ],
          [
            0.13080009818077087,
            -0.8771203756332397,
            -0.46213147044181824,
            1.3174868822097778
          ],
          [
            0.0,
            0.0,
            0.0,
            1.0
          ]
        ]
      },
      "bone_length_armature_space": 0.2675258576072321,
      "parent": "upperarm_l",
      "has_children": true,
      "is_end_bone": false
    },
    "metacarpal_thumb_l": {
      "name": "metacarpal_thumb_l",
      "local": {
        "location": {
          "x": 0.0,
          "y": 0.0,
          "z": 0.0
        },
        "rotation_quaternion": {
          "w": 0.9996882081031799,
          "x": 0.023613151162862778,
          "y": 0.007800001185387373,
          "z": -0.0022334768436849117
        },
        "scale": {
          "x": 1.0,
          "y": 1.0,
          "z": 1.0
        },
        "matrix_basis": [
          [
            0.9998683333396912,
            0.004833925981074572,
            0.015489659272134304,
            0.0
          ],
          [
            -0.0040971958078444,
            0.998874843120575,
            -0.04724641889333725,
            0.0
          ],
          [
            -0.01570061780512333,
            0.04717673361301422,
            0.9987631440162659,
            0.0
          ],
          [
            0.0,
            0.0,
            0.0,
            1.0
          ]
        ],
        "rotation_mode": "QUATERNION"
      },
      "armature_space": {
        "head": {
          "x": 0.3594690263271332,
          "y": 0.24026432633399963,
          "z": 0.13298165798187256
        },
        "tail": {
          "x": 0.3404874801635742,
          "y": 0.24038837850093842,
          "z": 0.08722907304763794
        }
      },
      "world_space": {
        "head": {
          "x": 0.3594690263271332,
          "y": 0.30350834131240845,
          "z": 1.0828356742858887
        },
        "tail": {
          "x": 0.3404874801635742,
          "y": 0.30363237857818604,
          "z": 1.0370831489562988
        },
        "rotation_quaternion": {
          "w": 0.6497969031333923,
          "x": -0.4912415146827698,
          "y": -0.28109973669052124,
          "z": 0.5073744058609009
        },
        "matrix": [
          [
            0.3271057903766632,
            -0.38320493698120117,
            -0.8638030290603638,
            0.3594690263271332
          ],
          [
            0.9355571866035461,
            0.002504434436559677,
            0.3531668186187744,
            0.30350834131240845
          ],
          [
            -0.13317202031612396,
            -0.9236662983894348,
            0.35933220386505127,
            1.0828356742858887
          ],
          [
            0.0,
            0.0,
            0.0,
            1.0
          ]
        ]
      },
      "bone_length_armature_space": 0.04953396363769369,
      "parent": "lowerarm_l",
      "has_children": true,
      "is_end_bone": false
    },
    "thumb_01_l": {
      "name": "thumb_01_l",
      "local": {
        "location": {
          "x": 0.0,
          "y": 0.0,
          "z": 0.0
        },
        "rotation_quaternion": {
          "w": 0.9989655017852783,
          "x": -0.038164932280778885,
          "y": -0.018910670652985573,
          "z": 0.01593320071697235
        },
        "scale": {
          "x": 1.0,
          "y": 1.0,
          "z": 1.0
        },
        "matrix_basis": [
          [
            0.9987770318984985,
            -0.03038998693227768,
            -0.03899839520454407,
            0.0
          ],
          [
            0.033276885747909546,
            0.9965791702270508,
            0.07564828544855118,
            0.0
          ],
          [
            0.03656603768467903,
            -0.07685351371765137,
            0.9963716268539429,
            0.0
          ],
          [
            0.0,
            0.0,
            0.0,
            1.0
          ]
        ],
        "rotation_mode": "QUATERNION"
      },
      "armature_space": {
        "head": {
          "x": 0.3404874801635742,
          "y": 0.24038837850093842,
          "z": 0.08722907304763794
        },
        "tail": {
          "x": 0.30797579884529114,
          "y": 0.2432180643081665,
          "z": 0.07755385339260101
        }
      },
      "world_space": {
        "head": {
          "x": 0.3404874801635742,
          "y": 0.30363237857818604,
          "z": 1.0370831489562988
        },
        "tail": {
          "x": 0.30797579884529114,
          "y": 0.30646204948425293,
          "z": 1.0274078845977783
        },
        "rotation_quaternion": {
          "w": 0.543420672416687,
          "x": -0.5802136063575745,
          "y": 0.4962459206581116,
          "z": 0.3489789068698883
        },
        "matrix": [
          [
            0.2639068067073822,
            -0.955142080783844,
            0.1343759298324585,
            0.3404874801635742
          ],
          [
            -0.19657476246356964,
            0.08313151448965073,
            0.9769585132598877,
            0.30363237857818604
          ],
          [
            -0.9443114995956421,
            -0.28424271941185,
            -0.16581818461418152,
            1.0370831489562988
          ],
          [
            0.0,
            0.0,
            0.0,
            1.0
          ]
        ]
      },
      "bone_length_armature_space": 0.03403860220358478,
      "parent": "metacarpal_thumb_l",
      "has_children": true,
      "is_end_bone": false
    },
    "thumb_02_l": {
      "name": "thumb_02_l",
      "local": {
        "location": {
          "x": 0.0,
          "y": 0.0,
          "z": 0.0
        },
        "rotation_quaternion": {
          "w": 0.9951645135879517,
          "x": 0.09804797172546387,
          "y": -0.004583147820085287,
          "z": -0.0036650754045695066
        },
        "scale": {
          "x": 1.0,
          "y": 1.0,
          "z": 1.0
        },
        "matrix_basis": [
          [
            0.9999310970306396,
            0.006395969074219465,
            -0.009840678423643112,
            0.0
          ],
          [
            -0.008193442597985268,
            0.980746328830719,
            -0.1951141357421875,
            0.0
          ],
          [
            0.008403265848755836,
            0.19518132507801056,
            0.980731189250946,
            0.0
          ],
          [
            0.0,
            0.0,
            0.0,
            1.0
          ]
        ],
        "rotation_mode": "QUATERNION"
      },
      "armature_space": {
        "head": {
          "x": 0.30797579884529114,
          "y": 0.24321801960468292,
          "z": 0.0775538980960846
        },
        "tail": {
          "x": 0.3068479299545288,
          "y": 0.2651263475418091,
          "z": 0.04390948638319969
        }
      },
      "world_space": {
        "head": {
          "x": 0.30797579884529114,
          "y": 0.30646201968193054,
          "z": 1.0274078845977783
        },
        "tail": {
          "x": 0.3068479299545288,
          "y": 0.3283703327178955,
          "z": 0.9937635064125061
        },
        "rotation_quaternion": {
          "w": 0.6784121990203857,
          "x": -0.37786605954170227,
          "y": 0.5590082406997681,
          "z": -0.2906613349914551
        },
        "matrix": [
          [
            0.20605312287807465,
            -0.028081342577934265,
            0.9781377911567688,
            0.30797579884529114
          ],
          [
            -0.8168371319770813,
            0.5454665422439575,
            0.18773342669010162,
            0.30646201968193054
          ],
          [
            -0.5388175845146179,
            -0.8376674056053162,
            0.0894579291343689,
            1.0274078845977783
          ],
          [
            0.0,
            0.0,
            0.0,
            1.0
          ]
        ]
      },
      "bone_length_armature_space": 0.04016457872520796,
      "parent": "thumb_01_l",
      "has_children": true,
      "is_end_bone": false
    },
    "thumb_03_l": {
      "name": "thumb_03_l",
      "local": {
        "location": {
          "x": 0.0,
          "y": 0.0,
          "z": 0.0
        },
        "rotation_quaternion": {
          "w": 0.9960041046142578,
          "x": 0.08925624936819077,
          "y": -0.003043128876015544,
          "z": -0.00019679238903336227
        },
        "scale": {
          "x": 1.0,
          "y": 1.0,
          "z": 1.0
        },
        "matrix_basis": [
          [
            0.9999814033508301,
            -0.00015122447803150862,
            -0.00609706761315465,
            0.0
          ],
          [
            -0.000935248623136431,
            0.9840665459632874,
            -0.17779798805713654,
            0.0
          ],
          [
            0.006026807706803083,
            0.17780037224292755,
            0.9840481281280518,
            0.0
          ],
          [
            0.0,
            0.0,
            0.0,
            1.0
          ]
        ],
        "rotation_mode": "QUATERNION"
      },
      "armature_space": {
        "head": {
          "x": 0.30684787034988403,
          "y": 0.2651262879371643,
          "z": 0.04390948638319969
        },
        "tail": {
          "x": 0.31822484731674194,
          "y": 0.28474822640419006,
          "z": 0.023600870743393898
        }
      },
      "world_space": {
        "head": {
          "x": 0.30684787034988403,
          "y": 0.32837027311325073,
          "z": 0.9937635064125061
        },
        "tail": {
          "x": 0.31822484731674194,
          "y": 0.3479922413825989,
          "z": 0.9734548926353455
        },
        "rotation_quaternion": {
          "w": 0.6444986462593079,
          "x": -0.11648096144199371,
          "y": 0.637868344783783,
          "z": -0.4051886200904846
        },
        "matrix": [
          [
            -0.14210744202136993,
            0.37369126081466675,
            0.9166026711463928,
            0.30684787034988403
          ],
          [
            -0.6708868741989136,
            0.6445068717002869,
            -0.3667725920677185,
            0.32837027311325073
          ],
          [
            -0.7278218865394592,
            -0.6670616865158081,
            0.15911605954170227,
            0.9937635064125061
          ],
          [
            0.0,
            0.0,
            0.0,
            1.0
          ]
        ]
      },
      "bone_length_armature_space": 0.030444966000351938,
      "parent": "thumb_02_l",
      "has_children": false,
      "is_end_bone": true
    },
    "metacarpal_index_l": {
      "name": "metacarpal_index_l",
      "local": {
        "location": {
          "x": 0.0,
          "y": 0.0,
          "z": 0.0
        },
        "rotation_quaternion": {
          "w": 0.9989370703697205,
          "x": -0.03947470337152481,
          "y": 0.013697199523448944,
          "z": -0.019465673714876175
        },
        "scale": {
          "x": 1.0,
          "y": 1.0,
          "z": 1.0
        },
        "matrix_basis": [
          [
            0.9988669753074646,
            0.037808582186698914,
            0.0289020836353302,
            0.0
          ],
          [
            -0.039971351623535156,
            0.9961256980895996,
            0.07833223789930344,
            0.0
          ],
          [
            -0.02582847699522972,
            -0.0793987363576889,
            0.9965082406997681,
            0.0
          ],
          [
            0.0,
            0.0,
            0.0,
            1.0
          ]
        ],
        "rotation_mode": "QUATERNION"
      },
      "armature_space": {
        "head": {
          "x": 0.3594690263271332,
          "y": 0.24026432633399963,
          "z": 0.13298165798187256
        },
        "tail": {
          "x": 0.3565714657306671,
          "y": 0.2732998728752136,
          "z": 0.020599961280822754
        }
      },
      "world_space": {
        "head": {
          "x": 0.3594690263271332,
          "y": 0.30350834131240845,
          "z": 1.0828356742858887
        },
        "tail": {
          "x": 0.3565714657306671,
          "y": 0.33654385805130005,
          "z": 0.9704539775848389
        },
        "rotation_quaternion": {
          "w": 0.5224740505218506,
          "x": -0.3791974186897278,
          "y": -0.6066232919692993,
          "z": 0.4639381170272827
        },
        "matrix": [
          [
            -0.16646221280097961,
            -0.024729259312152863,
            -0.9857376217842102,
            0.3594690263271332
          ],
          [
            0.9448510408401489,
            0.28194138407707214,
            -0.16663050651550293,
            0.30350834131240845
          ],
          [
            0.28204381465911865,
            -0.9591194987297058,
            -0.02356743812561035,
            1.0828356742858887
          ],
          [
            0.0,
            0.0,
            0.0,
            1.0
          ]
        ]
      },
      "bone_length_armature_space": 0.11717247562019253,
      "parent": "lowerarm_l",
      "has_children": true,
      "is_end_bone": false
    },
    "index_01_l": {
      "name": "index_01_l",
      "local": {
        "location": {
          "x": 0.0,
          "y": 0.0,
          "z": 0.0
        },
        "rotation_quaternion": {
          "w": 0.991773247718811,
          "x": -0.12773601710796356,
          "y": -0.008229930885136127,
          "z": -0.0013234441867098212
        },
        "scale": {
          "x": 1.0,
          "y": 1.0,
          "z": 1.0
        },
        "matrix_basis": [
          [
            0.9998610615730286,
            0.004727630410343409,
            -0.015986347571015358,
            0.0
          ],
          [
            -0.0005225958884693682,
            0.9673635363578796,
            0.2533921003341675,
            0.0
          ],
          [
            0.01666255295276642,
            -0.25334855914115906,
            0.9672315716743469,
            0.0
          ],
          [
            0.0,
            0.0,
            0.0,
            1.0
          ]
        ],
        "rotation_mode": "QUATERNION"
      },
      "armature_space": {
        "head": {
          "x": 0.3565714657306671,
          "y": 0.2732998728752136,
          "z": 0.020599961280822754
        },
        "tail": {
          "x": 0.36510562896728516,
          "y": 0.29077503085136414,
          "z": -0.00025338493287563324
        }
      },
      "world_space": {
        "head": {
          "x": 0.3565714657306671,
          "y": 0.33654385805130005,
          "z": 0.9704539775848389
        },
        "tail": {
          "x": 0.36510562896728516,
          "y": 0.35401904582977295,
          "z": 0.9496006369590759
        },
        "rotation_quaternion": {
          "w": 0.531440258026123,
          "x": -0.3752996027469635,
          "y": -0.7238778471946716,
          "z": 0.22961373627185822
        },
        "matrix": [
          [
            -0.15344296395778656,
            0.2992931306362152,
            -0.9417424201965332,
            0.3565714657306671
          ],
          [
            0.7873949408531189,
            0.6128543019294739,
            0.06647583097219467,
            0.33654385805130005
          ],
          [
            0.5970516800880432,
            -0.7313276529312134,
            -0.32970234751701355,
            0.9704539775848389
          ],
          [
            0.0,
            0.0,
            0.0,
            1.0
          ]
        ]
      },
      "bone_length_armature_space": 0.02851447216775276,
      "parent": "metacarpal_index_l",
      "has_children": true,
      "is_end_bone": false
    },
    "index_02_l": {
      "name": "index_02_l",
      "local": {
        "location": {
          "x": 0.0,
          "y": 0.0,
          "z": 0.0
        },
        "rotation_quaternion": {
          "w": 0.9995638132095337,
          "x": 0.029127635061740875,
          "y": 0.004151841159909964,
          "z": -0.002598725026473403
        },
        "scale": {
          "x": 1.0,
          "y": 1.0,
          "z": 1.0
        },
        "matrix_basis": [
          [
            0.9999520182609558,
            0.005437049549072981,
            0.008148671127855778,
            0.0
          ],
          [
            -0.004953316412866116,
            0.9982896447181702,
            -0.05825144052505493,
            0.0
          ],
          [
            -0.008451449684798717,
            0.05820827931165695,
            0.9982686638832092,
            0.0
          ],
          [
            0.0,
            0.0,
            0.0,
            1.0
          ]
        ],
        "rotation_mode": "QUATERNION"
      },
      "armature_space": {
        "head": {
          "x": 0.3651054799556732,
          "y": 0.2907751202583313,
          "z": -0.0002539120614528656
        },
        "tail": {
          "x": 0.37207087874412537,
          "y": 0.3071850538253784,
          "z": -0.018700912594795227
        }
      },
      "world_space": {
        "head": {
          "x": 0.3651054799556732,
          "y": 0.3540191054344177,
          "z": 0.949600100517273
        },
        "tail": {
          "x": 0.37207087874412537,
          "y": 0.37042903900146484,
          "z": 0.9311531186103821
        },
        "rotation_quaternion": {
          "w": 0.5182202458381653,
          "x": -0.3502160608768463,
          "y": -0.7424885630607605,
          "z": 0.23980654776096344
        },
        "matrix": [
          [
            -0.2175929993391037,
            0.2715204358100891,
            -0.9375126361846924,
            0.3651054799556732
          ],
          [
            0.7686089873313904,
            0.6396820545196533,
            0.006872542202472687,
            0.3540191054344177
          ],
          [
            0.6015811562538147,
            -0.719089686870575,
            -0.3478859066963196,
            0.949600100517273
          ],
          [
            0.0,
            0.0,
            0.0,
            1.0
          ]
        ]
      },
      "bone_length_armature_space": 0.025653353193708296,
      "parent": "index_01_l",
      "has_children": true,
      "is_end_bone": false
    },
    "index_03_l": {
      "name": "index_03_l",
      "local": {
        "location": {
          "x": 0.0,
          "y": 0.0,
          "z": 0.0
        },
        "rotation_quaternion": {
          "w": 0.9987492561340332,
          "x": 0.04975198209285736,
          "y": -0.0042484477162361145,
          "z": -0.0025986796244978905
        },
        "scale": {
          "x": 1.0,
          "y": 1.0,
          "z": 1.0
        },
        "matrix_basis": [
          [
            0.9999504089355469,
            0.004768121521919966,
            -0.008744847029447556,
            0.0
          ],
          [
            -0.005613596178591251,
            0.9950359463691711,
            -0.09935742616653442,
            0.0
          ],
          [
            0.008227689191699028,
            0.09940159320831299,
            0.9950133562088013,
            0.0
          ],
          [
            0.0,
            0.0,
            0.0,
            1.0
          ]
        ],
        "rotation_mode": "QUATERNION"
      },
      "armature_space": {
        "head": {
          "x": 0.3720709979534149,
          "y": 0.30718502402305603,
          "z": -0.018700867891311646
        },
        "tail": {
          "x": 0.3740827441215515,
          "y": 0.3277720510959625,
          "z": -0.03933735191822052
        }
      },
      "world_space": {
        "head": {
          "x": 0.3720709979534149,
          "y": 0.37042903900146484,
          "z": 0.9311531782150269
        },
        "tail": {
          "x": 0.3740827441215515,
          "y": 0.39101606607437134,
          "z": 0.9105166792869568
        },
        "rotation_quaternion": {
          "w": 0.5816622376441956,
          "x": -0.26996034383773804,
          "y": -0.7169110178947449,
          "z": 0.27354946732521057
        },
        "matrix": [
          [
            -0.17758218944072723,
            0.06885139644145966,
            -0.9816944599151611,
            0.3720709979534149
          ],
          [
            0.7053022980690002,
            0.7045838832855225,
            -0.07816816866397858,
            0.37042903900146484
          ],
          [
            0.686309814453125,
            -0.7062769532203674,
            -0.17368395626544952,
            0.9311531782150269
          ],
          [
            0.0,
            0.0,
            0.0,
            1.0
          ]
        ]
      },
      "bone_length_armature_space": 0.029218783250151776,
      "parent": "index_02_l",
      "has_children": false,
      "is_end_bone": true
    },
    "metacarpal_pinky_l": {
      "name": "metacarpal_pinky_l",
      "local": {
        "location": {
          "x": 0.0,
          "y": 0.0,
          "z": 0.0
        },
        "rotation_quaternion": {
          "w": 0.9991074800491333,
          "x": -0.03869817778468132,
          "y": 0.00958211999386549,
          "z": -0.013964356854557991
        },
        "scale": {
          "x": 1.0,
          "y": 1.0,
          "z": 1.0
        },
        "matrix_basis": [
          [
            0.9994263648986816,
            0.02716216631233692,
            0.02022792585194111,
            0.0
          ],
          [
            -0.028645407408475876,
            0.9966148734092712,
            0.07705966383218765,
            0.0
          ],
          [
            -0.018066344782710075,
            -0.07759489119052887,
            0.9968212842941284,
            0.0
          ],
          [
            0.0,
            0.0,
            0.0,
            1.0
          ]
        ],
        "rotation_mode": "QUATERNION"
      },
      "armature_space": {
        "head": {
          "x": 0.3594690263271332,
          "y": 0.24026432633399963,
          "z": 0.13298165798187256
        },
        "tail": {
          "x": 0.371619313955307,
          "y": 0.3151463270187378,
          "z": 0.06164911389350891
        }
      },
      "world_space": {
        "head": {
          "x": 0.3594690263271332,
          "y": 0.30350834131240845,
          "z": 1.0828356742858887
        },
        "tail": {
          "x": 0.371619313955307,
          "y": 0.3783903121948242,
          "z": 1.0115031003952026
        },
        "rotation_quaternion": {
          "w": 0.42419832944869995,
          "x": -0.11307750642299652,
          "y": 0.8243865966796875,
          "z": -0.35729002952575684
        },
        "matrix": [
          [
            -0.6145393252372742,
            0.11668293178081512,
            0.7802091836929321,
            0.3594690263271332
          ],
          [
            -0.4895625710487366,
            0.7191152572631836,
            -0.4931551516056061,
            0.30350834131240845
          ],
          [
            -0.6186079978942871,
            -0.6850285530090332,
            -0.3848043382167816,
            1.0828356742858887
          ],
          [
            0.0,
            0.0,
            0.0,
            1.0
          ]
        ]
      },
      "bone_length_armature_space": 0.10413104758542559,
      "parent": "lowerarm_l",
      "has_children": true,
      "is_end_bone": false
    },
    "pinky_01_l": {
      "name": "pinky_01_l",
      "local": {
        "location": {
          "x": 0.0,
          "y": 0.0,
          "z": 0.0
        },
        "rotation_quaternion": {
          "w": 0.9928518533706665,
          "x": -0.11694622039794922,
          "y": 0.023782920092344284,
          "z": 0.0017822831869125366
        },
        "scale": {
          "x": 1.0,
          "y": 1.0,
          "z": 1.0
        },
        "matrix_basis": [
          [
            0.9988623857498169,
            -0.009101731702685356,
            0.04680896922945976,
            0.0
          ],
          [
            -0.0020235588308423758,
            0.9726408123970032,
            0.23230531811714172,
            0.0
          ],
          [
            -0.047642696648836136,
            -0.23213577270507812,
            0.9715158939361572,
            0.0
          ],
          [
            0.0,
            0.0,
            0.0,
            1.0
          ]
        ],
        "rotation_mode": "QUATERNION"
      },
      "armature_space": {
        "head": {
          "x": 0.371619313955307,
          "y": 0.3151463270187378,
          "z": 0.06164911389350891
        },
