{
  "metadata": {
    "armature_name": "KIM_caucasian_male",
    "export_time": "2026-01-13T21:04:43.615617",
    "blender_version": "4.4.1",
    "bone_count": 56,
    "end_bone_count": 13,
    "spaces_included": [
      "LOCAL_CHANNELS",
      "ARMATURE_SPACE",
      "WORLD_SPACE"
    ],
    "note": "LOCAL matches Transform panel; replay pose via local.matrix_basis for best fidelity."
  },
  "bones": {
    "Root": {
      "name": "Root",
      "local": {
        "location": {
          "x": 0.0,
          "y": 0.0,
          "z": 0.0
        },
        "rotation_quaternion": {
          "w": 0.9996664524078369,
          "x": -0.017206866294145584,
          "y": -0.008911630138754845,
          "z": -0.017078982666134834
        },
        "scale": {
          "x": 1.0,
          "y": 1.0,
          "z": 1.0
        },
        "matrix_basis": [
          [
            0.9992578029632568,
            0.03445325419306755,
            -0.017229564487934113,
            0.0
          ],
          [
            -0.033839888870716095,
            0.9988244771957397,
            0.03470665588974953,
            0.0
          ],
          [
            0.018405066803097725,
            -0.03409785032272339,
            0.9992490410804749,
            0.0
          ],
          [
            0.0,
            0.0,
            0.0,
            1.0
          ]
        ],
        "rotation_mode": "QUATERNION"
      },
      "armature_space": {
        "head": {
          "x": 0.0,
          "y": 0.07072800397872925,
          "z": -0.009595036506652832
        },
        "tail": {
          "x": 0.002459130948409438,
          "y": 0.00041031837463378906,
          "z": 0.0024004103615880013
        }
      },
      "world_space": {
        "head": {
          "x": 0.0,
          "y": 0.13397200405597687,
          "z": 0.9402589797973633
        },
        "tail": {
          "x": 0.002459130948409438,
          "y": 0.06365431845188141,
          "z": 0.9522544145584106
        },
        "rotation_quaternion": {
          "w": 0.08451296389102936,
          "x": 0.9962361454963684,
          "y": 0.016439827159047127,
          "z": -0.010041963309049606
        },
        "matrix": [
          [
            0.9992578029632568,
            0.03445325419306755,
            -0.017229564487934113,
            0.0
          ],
          [
            0.031058544293045998,
            -0.9851745367050171,
            -0.16872036457061768,
            0.13397200405597687
          ],
          [
            -0.022787222638726234,
            0.16806025803089142,
            -0.9855204224586487,
            0.9402589797973633
          ],
          [
            0.0,
            0.0,
            0.0,
            1.0
          ]
        ]
      },
      "bone_length_armature_space": 0.07137587096490892,
      "parent": null,
      "has_children": true,
      "is_end_bone": false
    },
    "spine_01": {
      "name": "spine_01",
      "local": {
        "location": {
          "x": 0.0,
          "y": 0.0,
          "z": 0.0
        },
        "rotation_quaternion": {
          "w": 0.9945696592330933,
          "x": 0.07536163926124573,
          "y": -0.056539859622716904,
          "z": 0.04421629756689072
        },
        "scale": {
          "x": 1.0,
          "y": 1.0,
          "z": 1.0
        },
        "matrix_basis": [
          [
            0.9896963238716125,
            -0.09647425264120102,
            -0.10580123215913773,
            0.0
          ],
          [
            0.07943050563335419,
            0.9847310781478882,
            -0.15490476787090302,
            0.0
          ],
          [
            0.11913008242845535,
            0.14490483701229095,
            0.9822477102279663,
            0.0
          ],
          [
            0.0,
            0.0,
            0.0,
            1.0
          ]
        ],
        "rotation_mode": "QUATERNION"
      },
      "armature_space": {
        "head": {
          "x": 0.002459130948409438,
          "y": 0.00041031837463378906,
          "z": 0.0024004103615880013
        },
        "tail": {
          "x": -0.032561760395765305,
          "y": -0.032379236072301865,
          "z": 0.48804110288619995
        }
      },
      "world_space": {
        "head": {
          "x": 0.002459130948409438,
          "y": 0.06365431845188141,
          "z": 0.9522544145584106
        },
        "tail": {
          "x": -0.032561760395765305,
          "y": 0.030864764004945755,
          "z": 1.4378950595855713
        },
        "rotation_quaternion": {
          "w": 0.6809211373329163,
          "x": 0.7304679155349731,
          "y": -0.05244454741477966,
          "z": -0.0035644613672047853
        },
        "matrix": [
          [
            0.9944736361503601,
            -0.07176394015550613,
            -0.07662911713123322,
            0.002459130948409438
          ],
          [
            -0.08147278428077698,
            -0.06719154119491577,
            -0.9944081902503967,
            0.06365431845188141
          ],
          [
            0.06621420383453369,
            0.9951629042625427,
            -0.07266844809055328,
            0.9522544145584106
          ],
          [
            0.0,
            0.0,
            0.0,
            1.0
          ]
        ]
      },
      "bone_length_armature_space": 0.48800462063139655,
      "parent": "Root",
      "has_children": true,
      "is_end_bone": false
    },
    "neck_01": {
      "name": "neck_01",
      "local": {
        "location": {
          "x": 0.0,
          "y": 0.0,
          "z": 0.0
        },
        "rotation_quaternion": {
          "w": 0.9974603652954102,
          "x": -0.00511121703311801,
          "y": 0.031280651688575745,
          "z": 0.06378301978111267
        },
        "scale": {
          "x": 1.0,
          "y": 1.0,
          "z": 1.0
        },
        "matrix_basis": [
          [
            0.9899064898490906,
            -0.12756183743476868,
            0.06175040453672409,
            0.0
          ],
          [
            0.12692230939865112,
            0.991811215877533,
            0.01418682187795639,
            0.0
          ],
          [
            -0.06305443495512009,
            -0.00620612408965826,
            0.9979907870292664,
            0.0
          ],
          [
            0.0,
            0.0,
            0.0,
            1.0
          ]
        ],
        "rotation_mode": "QUATERNION"
      },
      "armature_space": {
        "head": {
          "x": -0.04047373682260513,
          "y": -0.07178541272878647,
          "z": 0.5583852529525757
        },
        "tail": {
          "x": -0.0631595104932785,
          "y": -0.11486354470252991,
          "z": 0.6486092209815979
        }
      },
      "world_space": {
        "head": {
          "x": -0.04047373682260513,
          "y": -0.008541412651538849,
          "z": 1.5082392692565918
        },
        "tail": {
          "x": -0.0631595104932785,
          "y": -0.05161954462528229,
          "z": 1.5984632968902588
        },
        "rotation_quaternion": {
          "w": 0.530829668045044,
          "x": 0.8401007056236267,
          "y": -0.09014568477869034,
          "z": 0.06576073169708252
        },
        "matrix": [
          [
            0.9750985503196716,
            -0.2212785929441452,
            0.014786209911108017,
            -0.04047373682260513
          ],
          [
            -0.08164839446544647,
            -0.42018699645996094,
            -0.9037570357322693,
            -0.008541412651538849
          ],
          [
            0.2061963975429535,
            0.8800505995750427,
            -0.42779460549354553,
            1.5082392692565918
          ],
          [
            0.0,
            0.0,
            0.0,
            1.0
          ]
        ]
      },
      "bone_length_armature_space": 0.10252187278258873,
      "parent": "spine_01",
      "has_children": true,
      "is_end_bone": false
    },
    "head": {
      "name": "head",
      "local": {
        "location": {
          "x": 0.0,
          "y": 0.0,
          "z": 0.0
        },
        "rotation_quaternion": {
          "w": 0.972561240196228,
          "x": -0.03488025814294815,
          "y": -0.10427644103765488,
          "z": 0.2050231695175171
        },
        "scale": {
          "x": 1.0,
          "y": 1.0,
          "z": 1.0
        },
        "matrix_basis": [
          [
            0.894183874130249,
            -0.39152079820632935,
            -0.21713297069072723,
            0.0
          ],
          [
            0.4060695469379425,
            0.9134977459907532,
            0.025088202208280563,
            0.0
          ],
          [
            0.1885279268026352,
            -0.11060454696416855,
            0.9758195877075195,
            0.0
          ],
          [
            0.0,
            0.0,
            0.0,
            1.0
          ]
        ],
        "rotation_mode": "QUATERNION"
      },
      "armature_space": {
        "head": {
          "x": -0.06315949559211731,
          "y": -0.11486365646123886,
          "z": 0.6486091017723083
        },
        "tail": {
          "x": -0.1512356996536255,
          "y": -0.10187608003616333,
          "z": 0.7756016850471497
        }
      },
      "world_space": {
        "head": {
          "x": -0.06315949559211731,
          "y": -0.05161965638399124,
          "z": 1.5984630584716797
        },
        "tail": {
          "x": -0.1512356996536255,
          "y": -0.03863207995891571,
          "z": 1.7254557609558105
        },
        "rotation_quaternion": {
          "w": 0.662638247013092,
          "x": 0.668657124042511,
          "y": -0.3205953538417816,
          "z": 0.10500901192426682
        },
        "matrix": [
          [
            0.7723821997642517,
            -0.5679031014442444,
            -0.2844502329826355,
            -0.06315949559211731
          ],
          [
            -0.2895739674568176,
            0.08374205231666565,
            -0.9534854888916016,
            -0.05161965638399124
          ],
          [
            0.5653114914894104,
            0.8188303112983704,
            -0.09977065026760101,
            1.5984630584716797
          ],
          [
            0.0,
            0.0,
            0.0,
            1.0
          ]
        ]
      },
      "bone_length_armature_space": 0.15509097968209853,
      "parent": "neck_01",
      "has_children": false,
      "is_end_bone": true
    },
    "upperarm_l": {
      "name": "upperarm_l",
      "local": {
        "location": {
          "x": 0.0,
          "y": 0.0,
          "z": 0.0
        },
        "rotation_quaternion": {
          "w": 0.8110644221305847,
          "x": 0.011004511266946793,
          "y": 0.5625711679458618,
          "z": 0.15989762544631958
        },
        "scale": {
          "x": 1.0,
          "y": 1.0,
          "z": 1.0
        },
        "matrix_basis": [
          [
            0.31589287519454956,
            -0.24699291586875916,
            0.9160820841789246,
            0.0
          ],
          [
            0.27175620198249817,
            0.9486232995986938,
            0.1620568484067917,
            0.0
          ],
          [
            -0.9090437293052673,
            0.19775831699371338,
            0.3667851686477661,
            0.0
          ],
          [
            0.0,
            0.0,
            0.0,
            1.0
          ]
        ],
        "rotation_mode": "QUATERNION"
      },
      "armature_space": {
        "head": {
          "x": 0.11327602714300156,
          "y": -0.08266183733940125,
          "z": 0.5012030005455017
        },
        "tail": {
          "x": 0.3616904318332672,
          "y": -0.1519434154033661,
          "z": 0.573990523815155
        }
      },
      "world_space": {
        "head": {
          "x": 0.11327602714300156,
          "y": -0.019417837262153625,
          "z": 1.451056957244873
        },
        "tail": {
          "x": 0.3616904318332672,
          "y": -0.08869941532611847,
          "z": 1.5238444805145264
        },
        "rotation_quaternion": {
          "w": 0.17590469121932983,
          "x": 0.7932407855987549,
          "y": 0.5829115509986877,
          "z": -0.006386728957295418
        },
        "matrix": [
          [
            0.32034626603126526,
            0.9270251393318176,
            0.1949424147605896,
            0.11327602714300156
          ],
          [
            0.9225320816040039,
            -0.25854283571243286,
            -0.2865147590637207,
            -0.019417837262153625
          ],
          [
            -0.2152060568332672,
            0.27162617444992065,
            -0.9380404353141785,
            1.451056957244873
          ],
          [
            0.0,
            0.0,
            0.0,
            1.0
          ]
        ]
      },
      "bone_length_armature_space": 0.2679695386916696,
      "parent": "spine_01",
      "has_children": true,
      "is_end_bone": false
    },
    "lowerarm_l": {
      "name": "lowerarm_l",
      "local": {
        "location": {
          "x": 0.0,
          "y": 0.0,
          "z": 0.0
        },
        "rotation_quaternion": {
          "w": 0.822495698928833,
          "x": 0.48935094475746155,
          "y": 0.18649427592754364,
          "z": -0.22193799912929535
        },
        "scale": {
          "x": 1.0,
          "y": 1.0,
          "z": 1.0
        },
        "matrix_basis": [
          [
            0.8319268226623535,
            0.5476083755493164,
            0.08957034349441528,
            0.0
          ],
          [
            -0.18256379663944244,
            0.42255836725234985,
            -0.8877584338188171,
            0.0
          ],
          [
            -0.5239925980567932,
            0.7221977710723877,
            0.45151108503341675,
            0.0
          ],
          [
            0.0,
            0.0,
            0.0,
            1.0
          ]
        ],
        "rotation_mode": "QUATERNION"
      },
      "armature_space": {
        "head": {
          "x": 0.3616904616355896,
          "y": -0.15194356441497803,
          "z": 0.573990523815155
        },
        "tail": {
          "x": 0.5296189188957214,
          "y": -0.13909144699573517,
          "z": 0.36613279581069946
        }
      },
      "world_space": {
        "head": {
          "x": 0.3616904616355896,
          "y": -0.08869956433773041,
          "z": 1.5238444805145264
        },
        "tail": {
          "x": 0.5296189188957214,
          "y": -0.07584744691848755,
          "z": 1.3159868717193604
        },
        "rotation_quaternion": {
          "w": 0.38318195939064026,
          "x": -0.6519155502319336,
          "y": -0.6141590476036072,
          "z": 0.2258017510175705
        },
        "matrix": [
          [
            0.1436406672000885,
            0.6277124881744385,
            -0.7650779485702515,
            0.3616904616355896
          ],
          [
            0.9738070964813232,
            0.04804089665412903,
            0.22224408388137817,
            -0.08869956433773041
          ],
          [
            0.17626258730888367,
            -0.7769670486450195,
            -0.6043741703033447,
            1.5238444805145264
          ],
          [
            0.0,
            0.0,
            0.0,
            1.0
          ]
        ]
      },
      "bone_length_armature_space": 0.2675256632014861,
      "parent": "upperarm_l",
      "has_children": true,
      "is_end_bone": false
    },
    "metacarpal_thumb_l": {
      "name": "metacarpal_thumb_l",
      "local": {
        "location": {
          "x": 0.0,
          "y": 0.0,
          "z": 0.0
        },
        "rotation_quaternion": {
          "w": 0.9996308088302612,
          "x": -0.017092732712626457,
          "y": -0.010525677353143692,
          "z": 0.01831377111375332
        },
        "scale": {
          "x": 1.0,
          "y": 1.0,
          "z": 1.0
        },
        "matrix_basis": [
          [
            0.9991076588630676,
            -0.036254193633794785,
            -0.021669646725058556,
            0.0
          ],
          [
            0.03697384521365166,
            0.9987449049949646,
            0.0337873138487339,
            0.0
          ],
          [
            0.02041751705110073,
            -0.03455837443470955,
            0.9991940855979919,
            0.0
          ],
          [
            0.0,
            0.0,
            0.0,
            1.0
          ]
        ],
        "rotation_mode": "QUATERNION"
      },
      "armature_space": {
        "head": {
          "x": 0.5296189188957214,
          "y": -0.13909144699573517,
          "z": 0.36613279581069946
        },
        "tail": {
          "x": 0.5312369465827942,
          "y": -0.12341388314962387,
          "z": 0.319173127412796
        }
      },
      "world_space": {
        "head": {
          "x": 0.5296189188957214,
          "y": -0.07584744691848755,
          "z": 1.3159868717193604
        },
        "tail": {
          "x": 0.5312369465827942,
          "y": -0.06016988307237625,
          "z": 1.2690271139144897
        },
        "rotation_quaternion": {
          "w": 0.811286449432373,
          "x": -0.5840145945549011,
          "y": 0.008129407651722431,
          "z": -0.025983963161706924
        },
        "matrix": [
          [
            0.9985175132751465,
            0.03266561031341553,
            0.04354071617126465,
            0.5296189188957214
          ],
          [
            -0.051656343042850494,
            0.3165031671524048,
            0.9471842050552368,
            -0.07584744691848755
          ],
          [
            0.01715955138206482,
            -0.9480352997779846,
            0.31772446632385254,
            1.3159868717193604
          ],
          [
            0.0,
            0.0,
            0.0,
            1.0
          ]
        ]
      },
      "bone_length_armature_space": 0.04953397348087353,
      "parent": "lowerarm_l",
      "has_children": true,
      "is_end_bone": false
    },
    "thumb_01_l": {
      "name": "thumb_01_l",
      "local": {
        "location": {
          "x": 0.0,
          "y": 0.0,
          "z": 0.0
        },
        "rotation_quaternion": {
          "w": 0.9552711844444275,
          "x": 0.2956666946411133,
          "y": -0.00619115773588419,
          "z": 0.00018165846995543689
        },
        "scale": {
          "x": 1.0,
          "y": 1.0,
          "z": 1.0
        },
        "matrix_basis": [
          [
            0.9999232888221741,
            -0.004008104559034109,
            -0.011721048504114151,
            0.0
          ],
          [
            -0.0033139721490442753,
            0.8251623511314392,
            -0.5648859739303589,
            0.0
          ],
          [
            0.011935889720916748,
            0.5648815035820007,
            0.8250857591629028,
            0.0
          ],
          [
            0.0,
            0.0,
            0.0,
            1.0
          ]
        ],
        "rotation_mode": "QUATERNION"
      },
      "armature_space": {
        "head": {
          "x": 0.5312369465827942,
          "y": -0.12341388314962387,
          "z": 0.319173127412796
        },
        "tail": {
          "x": 0.5485390424728394,
          "y": -0.09647459536790848,
          "z": 0.3076172471046448
        }
      },
      "world_space": {
        "head": {
          "x": 0.5312369465827942,
          "y": -0.06016988307237625,
          "z": 1.2690271139144897
        },
        "tail": {
          "x": 0.5485390424728394,
          "y": -0.03323059529066086,
          "z": 1.2574713230133057
        },
        "rotation_quaternion": {
          "w": 0.7069211602210999,
          "x": 0.04458357393741608,
          "y": 0.6292693018913269,
          "z": -0.3198356032371521
        },
        "matrix": [
          [
            0.0034502139315009117,
            0.5083093047142029,
            0.861167848110199,
            0.5312369465827942
          ],
          [
            -0.3960877060890198,
            0.7914339900016785,
            -0.46556147933006287,
            -0.06016988307237625
          ],
          [
            -0.9182131290435791,
            -0.3394933342933655,
            0.20406648516654968,
            1.2690271139144897
          ],
          [
            0.0,
            0.0,
            0.0,
            1.0
          ]
        ]
      },
      "bone_length_armature_space": 0.03403859714023765,
      "parent": "metacarpal_thumb_l",
      "has_children": true,
      "is_end_bone": false
    },
    "thumb_02_l": {
      "name": "thumb_02_l",
      "local": {
        "location": {
          "x": 0.0,
          "y": 0.0,
          "z": 0.0
        },
        "rotation_quaternion": {
          "w": 0.8874489068984985,
          "x": 0.4608408212661743,
          "y": -0.007358480244874954,
          "z": -0.002472235355526209
        },
        "scale": {
          "x": 1.0,
          "y": 1.0,
          "z": 1.0
        },
        "matrix_basis": [
          [
            0.9998794794082642,
            -0.0023942110128700733,
            -0.015339164063334465,
            0.0
          ],
          [
            -0.011170141398906708,
            0.5752392411231995,
            -0.8179090023040771,
            0.0
          ],
          [
            0.010781936347484589,
            0.8179817795753479,
            0.5751431584358215,
            0.0
          ],
          [
            0.0,
            0.0,
            0.0,
            1.0
          ]
        ],
        "rotation_mode": "QUATERNION"
      },
      "armature_space": {
        "head": {
          "x": 0.5485389828681946,
          "y": -0.09647457301616669,
          "z": 0.30761730670928955
        },
        "tail": {
          "x": 0.5637955069541931,
          "y": -0.13224419951438904,
          "z": 0.2975696921348572
        }
      },
      "world_space": {
        "head": {
          "x": 0.5485389828681946,
          "y": -0.03323057293891907,
          "z": 1.2574713230133057
        },
        "tail": {
          "x": 0.5637955069541931,
          "y": -0.06900019943714142,
          "z": 1.2474236488342285
        },
        "rotation_quaternion": {
          "w": 0.12428349256515503,
          "x": 0.4037397503852844,
          "y": 0.19815093278884888,
          "z": -0.8844681978225708
        },
        "matrix": [
          [
            -0.6430959701538086,
            0.3798523545265198,
            -0.6649360656738281,
            0.5485389828681946
          ],
          [
            -0.05984755605459213,
            -0.8905802369117737,
            -0.45087242126464844,
            -0.03323057293891907
          ],
          [
            -0.76344895362854,
            -0.25016188621520996,
            0.595465362071991,
            1.2574713230133057
          ],
          [
            0.0,
            0.0,
            0.0,
            1.0
          ]
        ]
      },
      "bone_length_armature_space": 0.04016444055290029,
      "parent": "thumb_01_l",
      "has_children": true,
      "is_end_bone": false
    },
    "thumb_03_l": {
      "name": "thumb_03_l",
      "local": {
        "location": {
          "x": 0.0,
          "y": 0.0,
          "z": 0.0
        },
        "rotation_quaternion": {
          "w": 0.9897818565368652,
          "x": 0.14232946932315826,
          "y": -0.006878280080854893,
          "z": 0.0051992833614349365
        },
        "scale": {
          "x": 1.0,
          "y": 1.0,
          "z": 1.0
        },
        "matrix_basis": [
          [
            0.9998512864112854,
            -0.012250276282429695,
            -0.012135971337556839,
            0.0
          ],
          [
            0.008334348909556866,
            0.9594305753707886,
            -0.2818217873573303,
            0.0
          ],
          [
            0.015096016228199005,
            0.2816787362098694,
            0.9593900442123413,
            0.0
          ],
          [
            0.0,
            0.0,
            0.0,
            1.0
          ]
        ],
        "rotation_mode": "QUATERNION"
      },
      "armature_space": {
        "head": {
          "x": 0.5637955069541931,
          "y": -0.13224413990974426,
          "z": 0.2975696325302124
        },
        "tail": {
          "x": 0.5642957091331482,
          "y": -0.1623917818069458,
          "z": 0.30178406834602356
        }
      },
      "world_space": {
        "head": {
          "x": 0.5637955069541931,
          "y": -0.06900013983249664,
          "z": 1.2474236488342285
        },
        "tail": {
          "x": 0.5642957091331482,
          "y": -0.09914778172969818,
          "z": 1.2516380548477173
        },
        "rotation_quaternion": {
          "w": 0.048243530094623566,
          "x": 0.5989309549331665,
          "y": -0.05054190009832382,
          "z": -0.7977467179298401
        },
        "matrix": [
          [
            -0.2779086232185364,
            0.016430437564849854,
            -0.9604671597480774,
            0.5637955069541931
          ],
          [
            -0.13751494884490967,
            -0.9902365803718567,
            0.022849813103675842,
            -0.06900013983249664
          ],
          [
            -0.9507206082344055,
            0.13842879235744476,
            0.2774566411972046,
            1.2474236488342285
          ],
          [
            0.0,
            0.0,
            0.0,
            1.0
          ]
        ]
      },
      "bone_length_armature_space": 0.030444900909874034,
      "parent": "thumb_02_l",
      "has_children": false,
      "is_end_bone": true
    },
    "metacarpal_index_l": {
      "name": "metacarpal_index_l",
      "local": {
        "location": {
          "x": 0.0,
          "y": 0.0,
          "z": 0.0
        },
        "rotation_quaternion": {
          "w": 0.9977101683616638,
          "x": -0.06544941663742065,
          "y": 0.011900048702955246,
          "z": -0.012215830385684967
        },
        "scale": {
          "x": 1.0,
          "y": 1.0,
          "z": 1.0
        },
        "matrix_basis": [
          [
            0.999418318271637,
            0.02281801402568817,
            0.025344636291265488,
            0.0
          ],
          [
            -0.025933418422937393,
            0.9911342859268188,
            0.1303083598613739,
            0.0
          ],
          [
            -0.02214656211435795,
            -0.13088983297348022,
            0.9911495447158813,
            0.0
          ],
          [
            0.0,
            0.0,
            0.0,
            1.0
          ]
        ],
        "rotation_mode": "QUATERNION"
      },
      "armature_space": {
        "head": {
          "x": 0.5296189188957214,
          "y": -0.13909144699573517,
          "z": 0.36613279581069946
        },
        "tail": {
          "x": 0.581560492515564,
          "y": -0.13291004300117493,
          "z": 0.26128414273262024
        }
      },
      "world_space": {
        "head": {
          "x": 0.5296189188957214,
          "y": -0.07584744691848755,
          "z": 1.3159868717193604
        },
        "tail": {
          "x": 0.581560492515564,
          "y": -0.06966604292392731,
          "z": 1.211138129234314
        },
        "rotation_quaternion": {
          "w": 0.660739541053772,
          "x": -0.687800407409668,
          "y": -0.2996683716773987,
          "z": -0.023511625826358795
        },
        "matrix": [
          [
            0.8192910552024841,
            0.4432941675186157,
            -0.3636651039123535,
            0.5296189188957214
          ],
          [
            0.3811570405960083,
            0.05275512486696243,
            0.9230043292045593,
            -0.07584744691848755
          ],
          [
            0.42835089564323425,
            -0.8948288559913635,
            -0.1257428377866745,
            1.3159868717193604
          ],
          [
            0.0,
            0.0,
            0.0,
            1.0
          ]
        ]
      },
      "bone_length_armature_space": 0.117172425667724,
      "parent": "lowerarm_l",
      "has_children": true,
      "is_end_bone": false
    },
    "index_01_l": {
      "name": "index_01_l",
      "local": {
        "location": {
          "x": 0.0,
          "y": 0.0,
          "z": 0.0
        },
        "rotation_quaternion": {
          "w": 0.9412999153137207,
          "x": 0.3372250199317932,
          "y": 0.015216518193483353,
          "z": -0.0015441675204783678
        },
        "scale": {
          "x": 1.0,
          "y": 1.0,
          "z": 1.0
        },
        "matrix_basis": [
          [
            0.999532163143158,
            0.013169830664992332,
            0.027605149894952774,
            0.0
          ],
          [
            0.007355731911957264,
            0.7725538015365601,
            -0.6349067687988281,
            0.0
          ],
          [
            -0.02968807891011238,
            0.6348127722740173,
            0.7720955014228821,
            0.0
          ],
          [
            0.0,
            0.0,
            0.0,
            1.0
          ]
        ],
        "rotation_mode": "QUATERNION"
      },
      "armature_space": {
        "head": {
          "x": 0.581560492515564,
          "y": -0.13291004300117493,
          "z": 0.26128414273262024
        },
        "tail": {
          "x": 0.5934264063835144,
          "y": -0.1144629567861557,
          "z": 0.24306386709213257
        }
      },
      "world_space": {
        "head": {
          "x": 0.581560492515564,
          "y": -0.06966604292392731,
          "z": 1.211138129234314
        },
        "tail": {
          "x": 0.5934264063835144,
          "y": -0.05121895670890808,
          "z": 1.192917823791504
        },
        "rotation_quaternion": {
          "w": 0.799914538860321,
          "x": -0.41862139105796814,
          "y": -0.4284929037094116,
          "z": -0.03587039187550545
        },
        "matrix": [
          [
            0.6302152276039124,
            0.41613832116127014,
            -0.655482828617096,
            0.581560492515564
          ],
          [
            0.30136528611183167,
            0.6469400525093079,
            0.7004629373550415,
            -0.06966604292392731
          ],
          [
            0.7155526280403137,
            -0.6389859914779663,
            0.2823045551776886,
            1.211138129234314
          ],
          [
            0.0,
            0.0,
            0.0,
            1.0
          ]
        ]
      },
      "bone_length_armature_space": 0.028514440782171645,
      "parent": "metacarpal_index_l",
      "has_children": true,
      "is_end_bone": false
    },
    "index_02_l": {
      "name": "index_02_l",
      "local": {
        "location": {
          "x": 0.0,
          "y": 0.0,
          "z": 0.0
        },
        "rotation_quaternion": {
          "w": 0.901718020439148,
          "x": 0.43227583169937134,
          "y": 0.006360943429172039,
          "z": -0.001304753590375185
        },
        "scale": {
          "x": 1.0,
          "y": 1.0,
          "z": 1.0
        },
        "matrix_basis": [
          [
            0.9999156594276428,
            0.007852403447031975,
            0.010343527421355247,
            0.0
          ],
          [
            0.0031463245395570993,
            0.6262717843055725,
            -0.7795984148979187,
            0.0
          ],
          [
            -0.012599581852555275,
            0.7795652151107788,
            0.6261942982673645,
            0.0
          ],
          [
            0.0,
            0.0,
            0.0,
            1.0
          ]
        ],
        "rotation_mode": "QUATERNION"
      },
      "armature_space": {
        "head": {
          "x": 0.5934262275695801,
          "y": -0.11446255445480347,
          "z": 0.2430635392665863
        },
        "tail": {
          "x": 0.587313175201416,
          "y": -0.09020151942968369,
          "z": 0.237395778298378
        }
      },
      "world_space": {
        "head": {
          "x": 0.5934262275695801,
          "y": -0.05121855437755585,
          "z": 1.1929175853729248
        },
        "tail": {
          "x": 0.587313175201416,
          "y": -0.026957519352436066,
          "z": 1.187249779701233
        },
        "rotation_quaternion": {
          "w": 0.8884419202804565,
          "x": -0.04841446503996849,
          "y": -0.428410142660141,
          "z": 0.1574539691209793
        },
        "matrix": [
          [
            0.5833458304405212,
            -0.23829573392868042,
            -0.7764810919761658,
            0.5934262275695801
          ],
          [
            0.32126057147979736,
            0.9457287788391113,
            -0.04888355731964111,
            -0.05121855437755585
          ],
          [
            0.7459944486618042,
            -0.22093726694583893,
            0.6282463073730469,
            1.1929175853729248
          ],
          [
            0.0,
            0.0,
            0.0,
            1.0
          ]
        ]
      },
      "bone_length_armature_space": 0.025653279876285937,
      "parent": "index_01_l",
      "has_children": true,
      "is_end_bone": false
    },
    "index_03_l": {
      "name": "index_03_l",
      "local": {
        "location": {
          "x": 0.0,
          "y": 0.0,
          "z": 0.0
        },
        "rotation_quaternion": {
          "w": 0.9207963347434998,
          "x": 0.39000964164733887,
          "y": 0.0036061364226043224,
          "z": -0.0037166920956224203
        },
        "scale": {
          "x": 1.0,
          "y": 1.0,
          "z": 1.0
        },
        "matrix_basis": [
          [
            0.9999463558197021,
            0.009657489135861397,
            0.003741942811757326,
            0.0
          ],
          [
            -0.004031776916235685,
            0.6957573294639587,
            -0.7182657122612,
            0.0
          ],
          [
            -0.009540125727653503,
            0.7182120680809021,
            0.6957589387893677,
            0.0
          ],
          [
            0.0,
            0.0,
            0.0,
            1.0
          ]
        ],
        "rotation_mode": "QUATERNION"
      },
      "armature_space": {
        "head": {
          "x": 0.5873132944107056,
          "y": -0.09020153433084488,
          "z": 0.23739567399024963
        },
        "tail": {
          "x": 0.5674872398376465,
          "y": -0.07299461215734482,
          "z": 0.2502247393131256
        }
      },
      "world_space": {
        "head": {
          "x": 0.5873132944107056,
          "y": -0.02695753425359726,
          "z": 1.1872496604919434
        },
        "tail": {
          "x": 0.5674872398376465,
          "y": -0.009750612080097198,
          "z": 1.2000787258148193
        },
        "rotation_quaternion": {
          "w": 0.8381332755088806,
          "x": 0.3611234724521637,
          "y": -0.3032870590686798,
          "z": 0.2741156220436096
        },
        "matrix": [
          [
            0.6657552719116211,
            -0.6785393953323364,
            -0.3104098439216614,
            0.5873132944107056
          ],
          [
            0.24044471979141235,
            0.5889013409614563,
            -0.7716103196144104,
            -0.02695753425359726
          ],
          [
            0.7063735723495483,
            0.4390708804130554,
            0.555218517780304,
            1.1872496604919434
          ],
          [
            0.0,
            0.0,
            0.0,
            1.0
          ]
        ]
      },
      "bone_length_armature_space": 0.029218752582203782,
      "parent": "index_02_l",
      "has_children": false,
      "is_end_bone": true
    },
    "metacarpal_pinky_l": {
      "name": "metacarpal_pinky_l",
      "local": {
        "location": {
          "x": 0.0,
          "y": 0.0,
          "z": 0.0
        },
        "rotation_quaternion": {
          "w": 0.9985695481300354,
          "x": -0.049900155514478683,
          "y": -0.012694140896201134,
          "z": 0.014411956071853638
        },
        "scale": {
          "x": 1.0,
          "y": 1.0,
          "z": 1.0
        },
        "matrix_basis": [
          [
            0.9992623329162598,
            -0.027515802532434464,
            -0.026790283620357513,
            0.0
          ],
          [
            0.030049560591578484,
            0.9946045279502869,
            0.09929165989160538,
            0.0
          ],
          [
            0.02391364797949791,
            -0.10002344846725464,
            0.9946976900100708,
            0.0
          ],
          [
            0.0,
            0.0,
            0.0,
            1.0
          ]
        ],
        "rotation_mode": "QUATERNION"
      },
      "armature_space": {
        "head": {
          "x": 0.5296189188957214,
          "y": -0.13909144699573517,
          "z": 0.36613279581069946
        },
        "tail": {
          "x": 0.6199824213981628,
          "y": -0.13303834199905396,
          "z": 0.31474167108535767
        }
      },
      "world_space": {
        "head": {
          "x": 0.5296189188957214,
          "y": -0.07584744691848755,
          "z": 1.3159868717193604
        },
        "tail": {
          "x": 0.6199824213981628,
          "y": -0.06979434192180634,
          "z": 1.2645957469940186
        },
        "rotation_quaternion": {
          "w": 0.2071312963962555,
          "x": 0.4752194881439209,
          "y": 0.6972533464431763,
          "z": -0.4950765371322632
        },
        "matrix": [
          [
            -0.46252450346946716,
            0.8677888512611389,
            -0.18169628083705902,
            0.5296189188957214
          ],
          [
            0.45760759711265564,
            0.05812983214855194,
            -0.8872524499893188,
            -0.07584744691848755
          ],
          [
            -0.7593905925750732,
            -0.49352502822875977,
            -0.4239971339702606,
            1.3159868717193604
          ],
          [
            0.0,
            0.0,
            0.0,
            1.0
          ]
        ]
      },
      "bone_length_armature_space": 0.10413092923781939,
      "parent": "lowerarm_l",
      "has_children": true,
      "is_end_bone": false
    },
    "pinky_01_l": {
      "name": "pinky_01_l",
      "local": {
        "location": {
          "x": 0.0,
          "y": 0.0,
          "z": 0.0
        },
        "rotation_quaternion": {
          "w": 0.9490745067596436,
          "x": 0.31398218870162964,
          "y": 0.025471264496445656,
          "z": -0.0049001295119524
        },
        "scale": {
          "x": 1.0,
          "y": 1.0,
          "z": 1.0
        },
        "matrix_basis": [
          [
            0.9986544251441956,
            0.025296222418546677,
            0.045271147042512894,
            0.0
          ],
          [
            0.006693870760500431,
            0.8027823567390442,
            -0.5962346196174622,
            0.0
          ],
          [
            -0.05142536386847496,
            0.5957353711128235,
            0.8015328049659729,
            0.0
          ],
          [
            0.0,
            0.0,
            0.0,
            1.0
          ]
        ],
        "rotation_mode": "QUATERNION"
      },
      "armature_space": {
        "head": {
          "x": 0.6199824213981628,
          "y": -0.13303834199905396,
          "z": 0.31474167108535767
        },
        "tail": {
