{
  "metadata": {
    "armature_name": "KIM_caucasian_male",
    "export_time": "2026-01-13T21:08:19.832904",
    "blender_version": "4.4.1",
    "bone_count": 56,
    "end_bone_count": 13,
    "spaces_included": [
      "LOCAL_CHANNELS",
      "ARMATURE_SPACE",
      "WORLD_SPACE"
    ],
    "note": "LOCAL matches Transform panel; replay pose via local.matrix_basis for best fidelity."
  },
  "bones": {
    "Root": {
      "name": "Root",
      "local": {
        "location": {
          "x": 0.0,
          "y": 0.0,
          "z": 0.0
        },
        "rotation_quaternion": {
          "w": 0.9995046854019165,
          "x": 0.014049974270164967,
          "y": 0.001710119773633778,
          "z": -0.028108302503824234
        },
        "scale": {
          "x": 1.0,
          "y": 1.0,
          "z": 1.0
        },
        "matrix_basis": [
          [
            0.9984139800071716,
            0.056236814707517624,
            0.0026287036016583443,
            0.0
          ],
          [
            -0.056140705943107605,
            0.9980250597000122,
            -0.028182167559862137,
            0.0
          ],
          [
            -0.004208387341350317,
            0.027989892289042473,
            0.9995993375778198,
            0.0
          ],
          [
            0.0,
            0.0,
            0.0,
            1.0
          ]
        ],
        "rotation_mode": "QUATERNION"
      },
      "armature_space": {
        "head": {
          "x": 0.0,
          "y": 0.07072800397872925,
          "z": -0.009595036506652832
        },
        "tail": {
          "x": 0.004013951402157545,
          "y": -0.00012888014316558838,
          "z": -0.001998633611947298
        }
      },
      "world_space": {
        "head": {
          "x": 0.0,
          "y": 0.13397200405597687,
          "z": 0.9402589797973633
        },
        "tail": {
          "x": 0.004013951402157545,
          "y": 0.06311511993408203,
          "z": 0.9478553533554077
        },
        "rotation_quaternion": {
          "w": 0.053316231817007065,
          "x": 0.9981805086135864,
          "y": 0.02815965935587883,
          "z": -0.00018735973571892828
        },
        "matrix": [
          [
            0.9984139800071716,
            0.056236814707517624,
            0.0026287036016583443,
            0.0
          ],
          [
            0.05619686096906662,
            -0.9927288293838501,
            -0.10644946247339249,
            0.13397200405597687
          ],
          [
            -0.0033767600543797016,
            0.10642816871404648,
            -0.9943217039108276,
            0.9402589797973633
          ],
          [
            0.0,
            0.0,
            0.0,
            1.0
          ]
        ]
      },
      "bone_length_armature_space": 0.07137587273609239,
      "parent": null,
      "has_children": true,
      "is_end_bone": false
    },
    "spine_01": {
      "name": "spine_01",
      "local": {
        "location": {
          "x": 0.0,
          "y": 0.0,
          "z": 0.0
        },
        "rotation_quaternion": {
          "w": 0.9965709447860718,
          "x": 0.07326977699995041,
          "y": -0.025223534554243088,
          "z": -0.029011471197009087
        },
        "scale": {
          "x": 1.0,
          "y": 1.0,
          "z": 1.0
        },
        "matrix_basis": [
          [
            0.9970442056655884,
            0.054127734154462814,
            -0.05452541261911392,
            0.0
          ],
          [
            -0.06152022257447243,
            0.9875797629356384,
            -0.14457352459430695,
            0.0
          ],
          [
            0.04602275416254997,
            0.14750060439109802,
            0.9879906177520752,
            0.0
          ],
          [
            0.0,
            0.0,
            0.0,
            1.0
          ]
        ],
        "rotation_mode": "QUATERNION"
      },
      "armature_space": {
        "head": {
          "x": 0.004013951402157545,
          "y": -0.00012888014316558838,
          "z": -0.001998633611947298
        },
        "tail": {
          "x": 0.03555759787559509,
          "y": -0.061482690274715424,
          "z": 0.4811050593852997
        }
      },
      "world_space": {
        "head": {
          "x": 0.004013951402157545,
          "y": 0.06311511993408203,
          "z": 0.9478553533554077
        },
        "tail": {
          "x": 0.03555759787559509,
          "y": 0.001761309802532196,
          "z": 1.4309591054916382
        },
        "rotation_quaternion": {
          "w": 0.6607086062431335,
          "x": 0.7499455809593201,
          "y": 0.024527084082365036,
          "z": -0.021076206117868423
        },
        "matrix": [
          [
            0.9979084730148315,
            0.06463845819234848,
            0.0007989294826984406,
            0.004013951402157545
          ],
          [
            0.008937899023294449,
            -0.1257247030735016,
            -0.9920250177383423,
            0.06311511993408203
          ],
          [
            -0.064022958278656,
            0.9899640679359436,
            -0.1260412633419037,
            0.9478553533554077
          ],
          [
            0.0,
            0.0,
            0.0,
            1.0
          ]
        ]
      },
      "bone_length_armature_space": 0.48800458568327404,
      "parent": "Root",
      "has_children": true,
      "is_end_bone": false
    },
    "neck_01": {
      "name": "neck_01",
      "local": {
        "location": {
          "x": 0.0,
          "y": 0.0,
          "z": 0.0
        },
        "rotation_quaternion": {
          "w": 0.9954862594604492,
          "x": -0.07804116606712341,
          "y": 0.01592937298119068,
          "z": -0.05160538852214813
        },
        "scale": {
          "x": 1.0,
          "y": 1.0,
          "z": 1.0
        },
        "matrix_basis": [
          [
            0.9941662549972534,
            0.10025861859321594,
            0.03976963460445404,
            0.0
          ],
          [
            -0.10523120313882828,
            0.9824929237365723,
            0.1537337303161621,
            0.0
          ],
          [
            -0.02366025373339653,
            -0.1570218950510025,
            0.9873116612434387,
            0.0
          ],
          [
            0.0,
            0.0,
            0.0,
            1.0
          ]
        ],
        "rotation_mode": "QUATERNION"
      },
      "armature_space": {
        "head": {
          "x": 0.04031803458929062,
          "y": -0.10509192943572998,
          "z": 0.5492175221443176
        },
        "tail": {
          "x": 0.057039402425289154,
          "y": -0.14068716764450073,
          "z": 0.6438965797424316
        }
      },
      "world_space": {
        "head": {
          "x": 0.04031803458929062,
          "y": -0.04184792935848236,
          "z": 1.4990715980529785
        },
        "tail": {
          "x": 0.057039402425289154,
          "y": -0.07744316756725311,
          "z": 1.5937505960464478
        },
        "rotation_quaternion": {
          "w": 0.5664916038513184,
          "x": 0.8199084997177124,
          "y": 0.07408066093921661,
          "z": -0.036737069487571716
        },
        "matrix": [
          [
            0.9863249659538269,
            0.16310134530067444,
            0.023690899834036827,
            0.04031803458929062
          ],
          [
            0.07985701411962509,
            -0.3471984267234802,
            -0.9343856573104858,
            -0.04184792935848236
          ],
          [
            -0.14417500793933868,
            0.9235056638717651,
            -0.35547858476638794,
            1.4990715980529785
          ],
          [
            0.0,
            0.0,
            0.0,
            1.0
          ]
        ]
      },
      "bone_length_armature_space": 0.10252194502982769,
      "parent": "spine_01",
      "has_children": true,
      "is_end_bone": false
    },
    "head": {
      "name": "head",
      "local": {
        "location": {
          "x": 0.0,
          "y": 0.0,
          "z": 0.0
        },
        "rotation_quaternion": {
          "w": 0.9775305390357971,
          "x": 0.007372155319899321,
          "y": 0.015251697972416878,
          "z": 0.21011224389076233
        },
        "scale": {
          "x": 1.0,
          "y": 1.0,
          "z": 1.0
        },
        "matrix_basis": [
          [
            0.9112404584884644,
            -0.4105573892593384,
            0.03291596099734306,
            0.0
          ],
          [
            0.4110071361064911,
            0.9115970134735107,
            -0.00800387654453516,
            0.0
          ],
          [
            -0.026720041409134865,
            0.020822150632739067,
            0.9994260668754578,
            0.0
          ],
          [
            0.0,
            0.0,
            0.0,
            1.0
          ]
        ],
        "rotation_mode": "QUATERNION"
      },
      "armature_space": {
        "head": {
          "x": 0.05703939497470856,
          "y": -0.14068730175495148,
          "z": 0.6438964605331421
        },
        "tail": {
          "x": 0.014668896794319153,
          "y": -0.14681969583034515,
          "z": 0.7929616570472717
        }
      },
      "world_space": {
        "head": {
          "x": 0.05703939497470856,
          "y": -0.07744330167770386,
          "z": 1.5937504768371582
        },
        "tail": {
          "x": 0.014668896794319153,
          "y": -0.08357569575309753,
          "z": 1.7428157329559326
        },
        "rotation_quaternion": {
          "w": 0.6903578042984009,
          "x": 0.7080016732215881,
          "y": -0.06029642000794411,
          "z": 0.13603027164936066
        },
        "matrix": [
          [
            0.9557206034660339,
            -0.27319905161857605,
            0.10936535894870758,
            0.05703939497470856
          ],
          [
            0.10243743658065796,
            -0.03954082727432251,
            -0.9939534664154053,
            -0.07744330167770386
          ],
          [
            0.275873601436615,
            0.9611514210700989,
            -0.00980517826974392,
            1.5937504768371582
          ],
          [
            0.0,
            0.0,
            0.0,
            1.0
          ]
        ]
      },
      "bone_length_armature_space": 0.1550912572844565,
      "parent": "neck_01",
      "has_children": false,
      "is_end_bone": true
    },
    "upperarm_l": {
      "name": "upperarm_l",
      "local": {
        "location": {
          "x": 0.0,
          "y": 0.0,
          "z": 0.0
        },
        "rotation_quaternion": {
          "w": 0.8886507153511047,
          "x": 0.3814912438392639,
          "y": -0.11901792138814926,
          "z": -0.2249426394701004
        },
        "scale": {
          "x": 1.0,
          "y": 1.0,
          "z": 1.0
        },
        "matrix_basis": [
          [
            0.8704710602760315,
            0.3089822828769684,
            -0.38315802812576294,
            0.0
          ],
          [
            -0.49059945344924927,
            0.607730507850647,
            -0.6244805455207825,
            0.0
          ],
          [
            0.0399034284055233,
            0.7315693497657776,
            0.6805983185768127,
            0.0
          ],
          [
            0.0,
            0.0,
            0.0,
            1.0
          ]
        ],
        "rotation_mode": "QUATERNION"
      },
      "armature_space": {
        "head": {
          "x": 0.1856626570224762,
          "y": -0.09846526384353638,
          "z": 0.4726788401603699
        },
        "tail": {
          "x": 0.34792909026145935,
          "y": -0.27147671580314636,
          "z": 0.34800106287002563
        }
      },
      "world_space": {
        "head": {
          "x": 0.1856626570224762,
          "y": -0.03522126376628876,
          "z": 1.4225327968597412
        },
        "tail": {
          "x": 0.34792909026145935,
          "y": -0.20823271572589874,
          "z": 1.2978551387786865
        },
        "rotation_quaternion": {
          "w": 0.16962830722332,
          "x": 0.43558406829833984,
          "y": 0.3852369785308838,
          "z": -0.795666515827179
        },
        "matrix": [
          [
            -0.5629862546920776,
            0.6055408120155334,
            -0.5624650716781616,
            0.1856626570224762
          ],
          [
            0.06566929817199707,
            -0.6456387639045715,
            -0.760814368724823,
            -0.03522126376628876
          ],
          [
            -0.823858916759491,
            -0.465268611907959,
            0.32372185587882996,
            1.4225327968597412
          ],
          [
            0.0,
            0.0,
            0.0,
            1.0
          ]
        ]
      },
      "bone_length_armature_space": 0.26796997051962,
      "parent": "spine_01",
      "has_children": true,
      "is_end_bone": false
    },
    "lowerarm_l": {
      "name": "lowerarm_l",
      "local": {
        "location": {
          "x": 0.0,
          "y": 0.0,
          "z": 0.0
        },
        "rotation_quaternion": {
          "w": 0.9369884729385376,
          "x": 0.19795586168766022,
          "y": -0.1824100762605667,
          "z": 0.22269406914710999
        },
        "scale": {
          "x": 1.0,
          "y": 1.0,
          "z": 1.0
        },
        "matrix_basis": [
          [
            0.8342678546905518,
            -0.48954182863235474,
            -0.25366508960723877,
            0.0
          ],
          [
            0.34510526061058044,
            0.8224416375160217,
            -0.452208012342453,
            0.0
          ],
          [
            0.4299994707107544,
            0.28972142934799194,
            0.8550800681114197,
            0.0
          ],
          [
            0.0,
            0.0,
            0.0,
            1.0
          ]
        ],
        "rotation_mode": "QUATERNION"
      },
      "armature_space": {
        "head": {
          "x": 0.3479291796684265,
          "y": -0.2714768350124359,
          "z": 0.3480011522769928
        },
        "tail": {
          "x": 0.5108699798583984,
          "y": -0.4745962619781494,
          "z": 0.4093376696109772
        }
      },
      "world_space": {
        "head": {
          "x": 0.3479291796684265,
          "y": -0.2082328349351883,
          "z": 1.2978551387786865
        },
        "tail": {
          "x": 0.5108699798583984,
          "y": -0.411352276802063,
          "z": 1.359191656112671
        },
        "rotation_quaternion": {
          "w": 0.3469460606575012,
          "x": 0.3288443088531494,
          "y": -0.0006214255699887872,
          "z": -0.8783447742462158
        },
        "matrix": [
          [
            -0.5429792404174805,
            0.6090688109397888,
            -0.5781078934669495,
            0.3479291796684265
          ],
          [
            -0.6098856925964355,
            -0.7592554092407227,
            -0.22709199786186218,
            -0.2082328349351883
          ],
          [
            -0.5772507190704346,
            0.22927436232566833,
            0.7837276458740234,
            1.2978551387786865
          ],
          [
            0.0,
            0.0,
            0.0,
            1.0
          ]
        ]
      },
      "bone_length_armature_space": 0.2675245285305473,
      "parent": "upperarm_l",
      "has_children": true,
      "is_end_bone": false
    },
    "metacarpal_thumb_l": {
      "name": "metacarpal_thumb_l",
      "local": {
        "location": {
          "x": 0.0,
          "y": 0.0,
          "z": 0.0
        },
        "rotation_quaternion": {
          "w": 0.9986621737480164,
          "x": -0.04957171157002449,
          "y": 0.010835055261850357,
          "z": 0.009960560128092766
        },
        "scale": {
          "x": 1.0,
          "y": 1.0,
          "z": 1.0
        },
        "matrix_basis": [
          [
            0.9995667934417725,
            -0.020968694239854813,
            0.02065359614789486,
            0.0
          ],
          [
            0.018820244818925858,
            0.9948868751525879,
            0.09922663122415543,
            0.0
          ],
          [
            -0.022628644481301308,
            -0.09879493713378906,
            0.9948505163192749,
            0.0
          ],
          [
            0.0,
            0.0,
            0.0,
            1.0
          ]
        ],
        "rotation_mode": "QUATERNION"
      },
      "armature_space": {
        "head": {
          "x": 0.5108699798583984,
          "y": -0.4745962619781494,
          "z": 0.4093376696109772
        },
        "tail": {
          "x": 0.5150924324989319,
          "y": -0.5136591196060181,
          "z": 0.4395015239715576
        }
      },
      "world_space": {
        "head": {
          "x": 0.5108699798583984,
          "y": -0.411352276802063,
          "z": 1.359191656112671
        },
        "tail": {
          "x": 0.5150924324989319,
          "y": -0.45041513442993164,
          "z": 1.3893555402755737
        },
        "rotation_quaternion": {
          "w": 0.31897667050361633,
          "x": 0.8935514688491821,
          "y": -0.06283153593540192,
          "z": -0.3096318542957306
        },
        "matrix": [
          [
            0.8003610968589783,
            0.08524353802204132,
            -0.5934271216392517,
            0.5108699798583984
          ],
          [
            -0.3098168969154358,
            -0.7886123061180115,
            -0.5311346054077148,
            -0.411352276802063
          ],
          [
            -0.5132637619972229,
            0.6089567542076111,
            -0.6047693490982056,
            1.359191656112671
          ],
          [
            0.0,
            0.0,
            0.0,
            1.0
          ]
        ]
      },
      "bone_length_armature_space": 0.04953376671230911,
      "parent": "lowerarm_l",
      "has_children": true,
      "is_end_bone": false
    },
    "thumb_01_l": {
      "name": "thumb_01_l",
      "local": {
        "location": {
          "x": 0.0,
          "y": 0.0,
          "z": 0.0
        },
        "rotation_quaternion": {
          "w": 0.9603976011276245,
          "x": 0.2781603932380676,
          "y": 0.0151672950014472,
          "z": -0.005757041275501251
        },
        "scale": {
          "x": 1.0,
          "y": 1.0,
          "z": 1.0
        },
        "matrix_basis": [
          [
            0.9994736313819885,
            0.019495978951454163,
            0.025930505245923996,
            0.0
          ],
          [
            -0.0026202157605439425,
            0.8451873064041138,
            -0.5344637632369995,
            0.0
          ],
          [
            -0.0323360301554203,
            0.5341145396232605,
            0.8447934985160828,
            0.0
          ],
          [
            0.0,
            0.0,
            0.0,
            1.0
          ]
        ],
        "rotation_mode": "QUATERNION"
      },
      "armature_space": {
        "head": {
          "x": 0.5150924324989319,
          "y": -0.5136591196060181,
          "z": 0.4395015239715576
        },
        "tail": {
          "x": 0.5151974558830261,
          "y": -0.546675980091095,
          "z": 0.43122491240501404
        }
      },
      "world_space": {
        "head": {
          "x": 0.5150924324989319,
          "y": -0.45041513442993164,
          "z": 1.3893555402755737
        },
        "tail": {
          "x": 0.5151974558830261,
          "y": -0.48343199491500854,
          "z": 1.3810789585113525
        },
        "rotation_quaternion": {
          "w": 0.10447099804878235,
          "x": -0.8396921753883362,
          "y": 0.06398602575063705,
          "z": -0.5290640592575073
        },
        "matrix": [
          [
            0.43199422955513,
            0.003085196018218994,
            0.9018711447715759,
            0.5150924324989319
          ],
          [
            -0.21800054609775543,
            -0.9699834585189819,
            0.10774010419845581,
            -0.45041513442993164
          ],
          [
            0.8751381635665894,
            -0.2431541383266449,
            -0.41835761070251465,
            1.3893555402755737
          ],
          [
            0.0,
            0.0,
            0.0,
            1.0
          ]
        ]
      },
      "bone_length_armature_space": 0.03403860162264422,
      "parent": "metacarpal_thumb_l",
      "has_children": true,
      "is_end_bone": false
    },
    "thumb_02_l": {
      "name": "thumb_02_l",
      "local": {
        "location": {
          "x": 0.0,
          "y": 0.0,
          "z": 0.0
        },
        "rotation_quaternion": {
          "w": 0.8977031111717224,
          "x": 0.4405098855495453,
          "y": -0.0035919523797929287,
          "z": -0.008219411596655846
        },
        "scale": {
          "x": 1.0,
          "y": 1.0,
          "z": 1.0
        },
        "matrix_basis": [
          [
            0.9998390674591064,
            0.011592601425945759,
            -0.013690478168427944,
            0.0
          ],
          [
            -0.01792176440358162,
            0.6117669343948364,
            -0.7908351421356201,
            0.0
          ],
          [
            -0.0007924504461698234,
            0.7909532189369202,
            0.6118762493133545,
            0.0
          ],
          [
            0.0,
            0.0,
            0.0,
            1.0
          ]
        ],
        "rotation_mode": "QUATERNION"
      },
      "armature_space": {
        "head": {
          "x": 0.5151973962783813,
          "y": -0.546675980091095,
          "z": 0.43122491240501404
        },
        "tail": {
          "x": 0.5507877469062805,
          "y": -0.5339450836181641,
          "z": 0.4448055922985077
        }
      },
      "world_space": {
        "head": {
          "x": 0.5151973962783813,
          "y": -0.48343199491500854,
          "z": 1.3810789585113525
        },
        "tail": {
          "x": 0.5507877469062805,
          "y": -0.47070109844207764,
          "z": 1.3946596384048462
        },
        "rotation_quaternion": {
          "w": 0.5034853219985962,
          "x": -0.29892173409461975,
          "y": -0.6363875269889832,
          "z": -0.5021547675132751
        },
        "matrix": [
          [
            -0.3142978549003601,
            0.8861162066459656,
            -0.3406101167201996,
            0.5151973962783813
          ],
          [
            -0.1251932680606842,
            0.3169699013233185,
            0.9401366710662842,
            -0.48343199491500854
          ],
          [
            0.9410396814346313,
            0.3381274938583374,
            0.011313840746879578,
            1.3810789585113525
          ],
          [
            0.0,
            0.0,
            0.0,
            1.0
          ]
        ]
      },
      "bone_length_armature_space": 0.040164458034278025,
      "parent": "thumb_01_l",
      "has_children": true,
      "is_end_bone": false
    },
    "thumb_03_l": {
      "name": "thumb_03_l",
      "local": {
        "location": {
          "x": 0.0,
          "y": 0.0,
          "z": 0.0
        },
        "rotation_quaternion": {
          "w": 0.9904466867446899,
          "x": 0.13787414133548737,
          "y": 0.0022357406560331583,
          "z": -0.0010395529679954052
        },
        "scale": {
          "x": 1.0,
          "y": 1.0,
          "z": 1.0
        },
        "matrix_basis": [
          [
            0.9999878406524658,
            0.0026757451705634594,
            0.004142108839005232,
            0.0
          ],
          [
            -0.001442741951905191,
            0.9619792699813843,
            -0.27311861515045166,
            0.0
          ],
          [
            -0.00471541890874505,
            0.2731093168258667,
            0.9619714617729187,
            0.0
          ],
          [
            0.0,
            0.0,
            0.0,
            1.0
          ]
        ],
        "rotation_mode": "QUATERNION"
      },
      "armature_space": {
        "head": {
          "x": 0.5507876873016357,
          "y": -0.5339451432228088,
          "z": 0.44480565190315247
        },
        "tail": {
          "x": 0.5692279934883118,
          "y": -0.5109731554985046,
          "z": 0.4524955749511719
        }
      },
      "world_space": {
        "head": {
          "x": 0.5507876873016357,
          "y": -0.4707011580467224,
          "z": 1.3946596384048462
        },
        "tail": {
          "x": 0.5692279934883118,
          "y": -0.4477291703224182,
          "z": 1.402349591255188
        },
        "rotation_quaternion": {
          "w": 0.7175705432891846,
          "x": -0.10450612753629684,
          "y": -0.6019679307937622,
          "z": -0.3343736231327057
        },
        "matrix": [
          [
            0.05165688693523407,
            0.605694055557251,
            -0.794019341468811,
            0.5507876873016357
          ],
          [
            -0.35405442118644714,
            0.7545441389083862,
            0.5525476336479187,
            -0.4707011580467224
          ],
          [
            0.9338033199310303,
            0.2525855302810669,
            0.2534283697605133,
            1.3946596384048462
          ],
          [
            0.0,
            0.0,
            0.0,
            1.0
          ]
        ]
      },
      "bone_length_armature_space": 0.030444901832217274,
      "parent": "thumb_02_l",
      "has_children": false,
      "is_end_bone": true
    },
    "metacarpal_index_l": {
      "name": "metacarpal_index_l",
      "local": {
        "location": {
          "x": 0.0,
          "y": 0.0,
          "z": 0.0
        },
        "rotation_quaternion": {
          "w": 0.9988541007041931,
          "x": -0.047662634402513504,
          "y": -0.004221342038363218,
          "z": 0.0010647359304130077
        },
        "scale": {
          "x": 1.0,
          "y": 1.0,
          "z": 1.0
        },
        "matrix_basis": [
          [
            0.9999620914459229,
            -0.0017246311763301492,
            -0.0085345059633255,
            0.0
          ],
          [
            0.002529432298615575,
            0.9954542517662048,
            0.09520704299211502,
            0.0
          ],
          [
            0.008331513032317162,
            -0.0952250212430954,
            0.9954209327697754,
            0.0
          ],
          [
            0.0,
            0.0,
            0.0,
            1.0
          ]
        ],
        "rotation_mode": "QUATERNION"
      },
      "armature_space": {
        "head": {
          "x": 0.5108699798583984,
          "y": -0.4745962619781494,
          "z": 0.4093376696109772
        },
        "tail": {
          "x": 0.5644975900650024,
          "y": -0.5653693079948425,
          "z": 0.4604608118534088
        }
      },
      "world_space": {
        "head": {
          "x": 0.5108699798583984,
          "y": -0.411352276802063,
          "z": 1.359191656112671
        },
        "tail": {
          "x": 0.5644975900650024,
          "y": -0.5021253228187561,
          "z": 1.4103147983551025
        },
        "rotation_quaternion": {
          "w": 0.3336024284362793,
          "x": 0.7209426760673523,
          "y": 0.03687117621302605,
          "z": -0.6062933206558228
        },
        "matrix": [
          [
            0.2620986998081207,
            0.4576840400695801,
            -0.8496055603027344,
            0.5108699798583984
          ],
          [
            -0.3513575494289398,
            -0.7747008204460144,
            -0.5257249474525452,
            -0.411352276802063
          ],
          [
            -0.8988126516342163,
            0.43630942702293396,
            -0.04223797842860222,
            1.359191656112671
          ],
          [
            0.0,
            0.0,
            0.0,
            1.0
          ]
        ]
      },
      "bone_length_armature_space": 0.1171718497554789,
      "parent": "lowerarm_l",
      "has_children": true,
      "is_end_bone": false
    },
    "index_01_l": {
      "name": "index_01_l",
      "local": {
        "location": {
          "x": 0.0,
          "y": 0.0,
          "z": 0.0
        },
        "rotation_quaternion": {
          "w": 0.9556324481964111,
          "x": 0.29430821537971497,
          "y": 0.011909481137990952,
          "z": 0.0027658811304718256
        },
        "scale": {
          "x": 1.0,
          "y": 1.0,
          "z": 1.0
        },
        "matrix_basis": [
          [
            0.9997010231018066,
            0.0017237847205251455,
            0.024390216916799545,
            0.0
          ],
          [
            0.012296447530388832,
            0.8267500400543213,
            -0.5624350905418396,
            0.0
          ],
          [
            -0.021134130656719208,
            0.5625668168067932,
            0.8264816999435425,
            0.0
          ],
          [
            0.0,
            0.0,
            0.0,
            1.0
          ]
        ],
        "rotation_mode": "QUATERNION"
      },
      "armature_space": {
        "head": {
          "x": 0.5644975900650024,
          "y": -0.5653693079948425,
          "z": 0.4604608118534088
        },
        "tail": {
          "x": 0.5669419765472412,
          "y": -0.5937265753746033,
          "z": 0.4621809124946594
        }
      },
      "world_space": {
        "head": {
          "x": 0.5644975900650024,
          "y": -0.5021253228187561,
          "z": 1.4103147983551025
        },
        "tail": {
          "x": 0.5669419765472412,
          "y": -0.5304825901985168,
          "z": 1.4120349884033203
        },
        "rotation_quaternion": {
          "w": 0.05109101161360741,
          "x": 0.7463225722312927,
          "y": 0.012009557336568832,
          "z": -0.6635119915008545
        },
        "matrix": [
          [
            0.11921540647745132,
            0.08572492003440857,
            -0.9891607761383057,
            0.5644975900650024
          ],
          [
            -0.04987325519323349,
            -0.9944910407066345,
            -0.09219792485237122,
            -0.5021253228187561
          ],
          [
            -0.9916220903396606,
            0.06032358109951019,
            -0.11428399384021759,
            1.4103147983551025
          ],
          [
            0.0,
            0.0,
            0.0,
            1.0
          ]
        ]
      },
      "bone_length_armature_space": 0.028514353542673575,
      "parent": "metacarpal_index_l",
      "has_children": true,
      "is_end_bone": false
    },
    "index_02_l": {
      "name": "index_02_l",
      "local": {
        "location": {
          "x": 0.0,
          "y": 0.0,
          "z": 0.0
        },
        "rotation_quaternion": {
          "w": 0.901836633682251,
          "x": 0.43198418617248535,
          "y": 0.008327909745275974,
          "z": 0.003342761192470789
        },
        "scale": {
          "x": 1.0,
          "y": 1.0,
          "z": 1.0
        },
        "matrix_basis": [
          [
            0.9998389482498169,
            0.0011658016592264175,
            0.017908867448568344,
            0.0
          ],
          [
            0.013224299997091293,
            0.6267569661140442,
            -0.779102623462677,
            0.0
          ],
          [
            -0.012132788076996803,
            0.7792140245437622,
            0.6266406178474426,
            0.0
          ],
          [
            0.0,
            0.0,
            0.0,
            1.0
          ]
        ],
        "rotation_mode": "QUATERNION"
      },
      "armature_space": {
        "head": {
          "x": 0.5669416785240173,
          "y": -0.5937269926071167,
          "z": 0.46218112111091614
        },
        "tail": {
          "x": 0.5491194725036621,
          "y": -0.6121732592582703,
          "z": 0.4617394804954529
        }
      },
      "world_space": {
        "head": {
          "x": 0.5669416785240173,
          "y": -0.5304830074310303,
          "z": 1.4120351076126099
        },
        "tail": {
          "x": 0.5491194725036621,
          "y": -0.5489292740821838,
          "z": 1.4115934371948242
        },
        "rotation_quaternion": {
          "w": 0.26086708903312683,
          "x": -0.6814579367637634,
          "y": 0.26910683512687683,
          "z": 0.6286056041717529
        },
        "matrix": [
          [
            0.06487337499856949,
            -0.6947349309921265,
            -0.7163345217704773,
            0.5669416785240173
          ],
          [
            -0.03880556300282478,
            -0.7190601825714111,
            0.6938636898994446,
            -0.5304830074310303
          ],
          [
            -0.9971457719802856,
            -0.017216185107827187,
            -0.0736071988940239,
            1.4120351076126099
          ],
          [
            0.0,
            0.0,
            0.0,
            1.0
          ]
        ]
      },
      "bone_length_armature_space": 0.025653281078653025,
      "parent": "index_01_l",
      "has_children": true,
      "is_end_bone": false
    },
    "index_03_l": {
      "name": "index_03_l",
      "local": {
        "location": {
          "x": 0.0,
          "y": 0.0,
          "z": 0.0
        },
        "rotation_quaternion": {
          "w": 0.9142359495162964,
          "x": 0.405085027217865,
          "y": -0.0023207790218293667,
          "z": -0.00857227947562933
        },
        "scale": {
          "x": 1.0,
          "y": 1.0,
          "z": 1.0
        },
        "matrix_basis": [
          [
            0.9998422861099243,
            0.013793946243822575,
            -0.01118848379701376,
            0.0
          ],
          [
            -0.017554398626089096,
            0.6716652512550354,
            -0.7406467795372009,
            0.0
          ],
          [
            -0.002701524877920747,
            0.7407263517379761,
            0.6718014478683472,
            0.0
          ],
          [
            0.0,
            0.0,
            0.0,
            1.0
          ]
        ],
        "rotation_mode": "QUATERNION"
      },
      "armature_space": {
        "head": {
          "x": 0.5491195917129517,
          "y": -0.612173318862915,
          "z": 0.4617394804954529
        },
        "tail": {
          "x": 0.5206563472747803,
          "y": -0.6087262034416199,
          "z": 0.4561099708080292
        }
      },
      "world_space": {
        "head": {
          "x": 0.5491195917129517,
          "y": -0.5489293336868286,
          "z": 1.4115934371948242
        },
        "tail": {
          "x": 0.5206563472747803,
          "y": -0.5454822182655334,
          "z": 1.4059640169143677
        },
        "rotation_quaternion": {
          "w": 0.5727243423461914,
          "x": -0.5174691677093506,
          "y": 0.48059895634651184,
          "z": 0.4162178337574005
        },
        "matrix": [
          [
            0.19157494604587555,
            -0.9741463661193848,
            0.11974227428436279,
            0.5491195917129517
          ],
          [
            -0.0206332765519619,
            0.1179773211479187,
            0.9928019642829895,
            -0.5489293336868286
          ],
          [
            -0.981268048286438,
            -0.19266770780086517,
            0.0025025904178619385,
            1.4115934371948242
          ],
          [
            0.0,
            0.0,
            0.0,
            1.0
          ]
        ]
      },
      "bone_length_armature_space": 0.02921866302943251,
      "parent": "index_02_l",
      "has_children": false,
      "is_end_bone": true
    },
    "metacarpal_pinky_l": {
      "name": "metacarpal_pinky_l",
      "local": {
        "location": {
          "x": 0.0,
          "y": 0.0,
          "z": 0.0
        },
        "rotation_quaternion": {
          "w": 0.9999474287033081,
          "x": -0.009826535359025002,
          "y": 0.0026813994627445936,
          "z": -0.0011891679605469108
        },
        "scale": {
          "x": 1.0,
          "y": 1.0,
          "z": 1.0
        },
        "matrix_basis": [
          [
            0.9999827742576599,
            0.002325513167306781,
            0.005385887809097767,
            0.0
          ],
          [
            -0.002430908614769578,
            0.9998040795326233,
            0.019645661115646362,
            0.0
          ],
          [
            -0.005339146126061678,
            -0.019658414646983147,
            0.9997925162315369,
            0.0
          ],
          [
            0.0,
            0.0,
            0.0,
            1.0
          ]
        ],
        "rotation_mode": "QUATERNION"
      },
      "armature_space": {
        "head": {
          "x": 0.5108699798583984,
          "y": -0.4745962619781494,
          "z": 0.4093376696109772
        },
        "tail": {
          "x": 0.5882627367973328,
          "y": -0.5441606640815735,
          "z": 0.4055466949939728
        }
      },
      "world_space": {
        "head": {
          "x": 0.5108699798583984,
          "y": -0.411352276802063,
          "z": 1.359191656112671
        },
        "tail": {
          "x": 0.5882627367973328,
          "y": -0.48091667890548706,
          "z": 1.3554006814956665
        },
        "rotation_quaternion": {
          "w": 0.389381468296051,
          "x": -0.3109824061393738,
          "y": -0.11982210725545883,
          "z": -0.8586702942848206
        },
        "matrix": [
          [
            -0.5033434629440308,
            0.7432267665863037,
            0.4407486319541931,
            0.5108699798583984
          ],
          [
            -0.5941755771636963,
            -0.6680483818054199,
            0.4479585587978363,
            -0.411352276802063
          ],
          [
            0.6273801922798157,
            -0.03640592098236084,
            0.777870774269104,
            1.359191656112671
          ],
          [
            0.0,
            0.0,
            0.0,
            1.0
          ]
        ]
      },
      "bone_length_armature_space": 0.10413076503138478,
      "parent": "lowerarm_l",
      "has_children": true,
      "is_end_bone": false
    },
    "pinky_01_l": {
      "name": "pinky_01_l",
      "local": {
        "location": {
          "x": 0.0,
          "y": 0.0,
          "z": 0.0
        },
        "rotation_quaternion": {
          "w": 0.9455002546310425,
          "x": 0.3241354823112488,
          "y": -0.02079075202345848,
          "z": -0.023091327399015427
        },
        "scale": {
          "x": 1.0,
          "y": 1.0,
          "z": 1.0
        },
        "matrix_basis": [
          [
            0.9980690479278564,
            0.03018767014145851,
            -0.05428475886583328,
            0.0
          ],
          [
            -0.05714375153183937,
            0.7888059616088867,
            -0.6119801998138428,
            0.0
          ],
          [
            0.02434588596224785,
            0.6139005422592163,
            0.789007842540741,
            0.0
          ],
          [
            0.0,
            0.0,
            0.0,
            1.0
          ]
        ],
        "rotation_mode": "QUATERNION"
      },
      "armature_space": {
        "head": {
          "x": 0.5882627367973328,
          "y": -0.5441606640815735,
          "z": 0.4055466949939728
        },
        "tail": {
          "x": 0.5896582007408142,
