{
  "metadata": {
    "armature_name": "KIM_caucasian_male",
    "export_time": "2026-01-13T20:54:56.544196",
    "blender_version": "4.4.1",
    "bone_count": 56,
    "end_bone_count": 13,
    "spaces_included": [
      "LOCAL_CHANNELS",
      "ARMATURE_SPACE",
      "WORLD_SPACE"
    ],
    "note": "LOCAL matches Transform panel; replay pose via local.matrix_basis for best fidelity."
  },
  "bones": {
    "Root": {
      "name": "Root",
      "local": {
        "location": {
          "x": 0.0,
          "y": 0.0,
          "z": 0.0
        },
        "rotation_quaternion": {
          "w": 0.9997373819351196,
          "x": 0.010202322155237198,
          "y": -0.011708078905940056,
          "z": 0.0168572086840868
        },
        "scale": {
          "x": 1.0,
          "y": 1.0,
          "z": 1.0
        },
        "matrix_basis": [
          [
            0.9991574883460999,
            -0.03394446149468422,
            -0.023066043853759766,
            0.0
          ],
          [
            0.03346666321158409,
            0.9992234706878662,
            -0.020794017240405083,
            0.0
          ],
          [
            0.023753972724080086,
            0.020004553720355034,
            0.9995176792144775,
            0.0
          ],
          [
            0.0,
            0.0,
            0.0,
            1.0
          ]
        ],
        "rotation_mode": "QUATERNION"
      },
      "armature_space": {
        "head": {
          "x": 0.0,
          "y": 0.07072800397872925,
          "z": -0.009595036506652832
        },
        "tail": {
          "x": -0.0024228154215961695,
          "y": -0.0001370161771774292,
          "z": -0.0014223428443074226
        }
      },
      "world_space": {
        "head": {
          "x": 0.0,
          "y": 0.13397200405597687,
          "z": 0.9402589797973633
        },
        "tail": {
          "x": -0.0024228154215961695,
          "y": 0.06310698390007019,
          "z": 0.948431670665741
        },
        "rotation_quaternion": {
          "w": 0.05717082694172859,
          "x": 0.9981535077095032,
          "y": -0.017607664689421654,
          "z": -0.010545848868787289
        },
        "matrix": [
          [
            0.9991574883460999,
            -0.03394446149468422,
            -0.023066043853759766,
            0.0
          ],
          [
            -0.036356132477521896,
            -0.9928428530693054,
            -0.1137595847249031,
            0.13397200405597687
          ],
          [
            -0.019039614126086235,
            0.1145021915435791,
            -0.9932475686073303,
            0.9402589797973633
          ],
          [
            0.0,
            0.0,
            0.0,
            1.0
          ]
        ]
      },
      "bone_length_armature_space": 0.07137586425925893,
      "parent": null,
      "has_children": true,
      "is_end_bone": false
    },
    "spine_01": {
      "name": "spine_01",
      "local": {
        "location": {
          "x": 0.0,
          "y": 0.0,
          "z": 0.0
        },
        "rotation_quaternion": {
          "w": 0.9962939023971558,
          "x": 0.04622739925980568,
          "y": -0.034468863159418106,
          "z": 0.06382501870393753
        },
        "scale": {
          "x": 1.0,
          "y": 1.0,
          "z": 1.0
        },
        "matrix_basis": [
          [
            0.9894765019416809,
            -0.13036376237869263,
            -0.06278130412101746,
            0.0
          ],
          [
            0.12399014085531235,
            0.987578809261322,
            -0.09651210159063339,
            0.0
          ],
          [
            0.07458316534757614,
            0.08771219849586487,
            0.9933498501777649,
            0.0
          ],
          [
            0.0,
            0.0,
            0.0,
            1.0
          ]
        ],
        "rotation_mode": "QUATERNION"
      },
      "armature_space": {
        "head": {
          "x": -0.0024228154215961695,
          "y": -0.0001370161771774292,
          "z": -0.0014223428443074226
        },
        "tail": {
          "x": -0.057886816561222076,
          "y": -0.028064599260687828,
          "z": 0.4826151132583618
        }
      },
      "world_space": {
        "head": {
          "x": -0.0024228154215961695,
          "y": 0.06310698390007019,
          "z": 0.948431670665741
        },
        "tail": {
          "x": -0.057886816561222076,
          "y": 0.03517939895391464,
          "z": 1.432469129562378
        },
        "rotation_quaternion": {
          "w": 0.6823599934577942,
          "x": 0.7270550727844238,
          "y": -0.07596250623464584,
          "z": 0.002342991763725877
        },
        "matrix": [
          [
            0.9884483218193054,
            -0.1136554479598999,
            -0.10026134550571442,
            -0.0024228154215961695
          ],
          [
            -0.1072610393166542,
            -0.057228509336709976,
            -0.9925824999809265,
            0.06310698390007019
          ],
          [
            0.1070752665400505,
            0.991877555847168,
            -0.06875962018966675,
            0.948431670665741
          ],
          [
            0.0,
            0.0,
            0.0,
            1.0
          ]
        ]
      },
      "bone_length_armature_space": 0.4880045839537594,
      "parent": "Root",
      "has_children": true,
      "is_end_bone": false
    },
    "neck_01": {
      "name": "neck_01",
      "local": {
        "location": {
          "x": 0.0,
          "y": 0.0,
          "z": 0.0
        },
        "rotation_quaternion": {
          "w": 0.9955151677131653,
          "x": -0.06984253972768784,
          "y": 0.06228528171777725,
          "z": -0.01386982575058937
        },
        "scale": {
          "x": 1.0,
          "y": 1.0,
          "z": 1.0
        },
        "matrix_basis": [
          [
            0.9918563365936279,
            0.01891491934657097,
            0.12594929337501526,
            0.0
          ],
          [
            -0.036315567791461945,
            0.9898592829704285,
            0.13733084499835968,
            0.0
          ],
          [
            -0.12207447737455368,
            -0.14078639447689056,
            0.9824851155281067,
            0.0
          ],
          [
            0.0,
            0.0,
            0.0,
            1.0
          ]
        ],
        "rotation_mode": "QUATERNION"
      },
      "armature_space": {
        "head": {
          "x": -0.06968559324741364,
          "y": -0.06667798012495041,
          "z": 0.5528542399406433
        },
        "tail": {
          "x": -0.08156327903270721,
          "y": -0.09759233891963959,
          "z": 0.6498798727989197
        }
      },
      "world_space": {
        "head": {
          "x": -0.06968559324741364,
          "y": -0.0034339800477027893,
          "z": 1.5027081966400146
        },
        "tail": {
          "x": -0.08156327903270721,
          "y": -0.03434833884239197,
          "z": 1.599733829498291
        },
        "rotation_quaternion": {
          "w": 0.5901592969894409,
          "x": 0.8047353625297546,
          "y": -0.030683517456054688,
          "z": 0.056316521018743515
        },
        "matrix": [
          [
            0.9917739629745483,
            -0.11585570871829987,
            0.05442275479435921,
            -0.06968559324741364
          ],
          [
            0.01708657294511795,
            -0.301540732383728,
            -0.9533002972602844,
            -0.0034339800477027893
          ],
          [
            0.12685689330101013,
            0.9463945627212524,
            -0.29708367586135864,
            1.5027081966400146
          ],
          [
            0.0,
            0.0,
            0.0,
            1.0
          ]
        ]
      },
      "bone_length_armature_space": 0.10252195084934768,
      "parent": "spine_01",
      "has_children": true,
      "is_end_bone": false
    },
    "head": {
      "name": "head",
      "local": {
        "location": {
          "x": 0.0,
          "y": 0.0,
          "z": 0.0
        },
        "rotation_quaternion": {
          "w": 0.9893555641174316,
          "x": -0.06402364373207092,
          "y": -0.08978518098592758,
          "z": 0.09494922310113907
        },
        "scale": {
          "x": 1.0,
          "y": 1.0,
          "z": 1.0
        },
        "matrix_basis": [
          [
            0.9658465385437012,
            -0.17638033628463745,
            -0.1898169219493866,
            0.0
          ],
          [
            0.19937382638454437,
            0.9737712144851685,
            0.10963422805070877,
            0.0
          ],
          [
            0.1655009388923645,
            -0.14373436570167542,
            0.9756791591644287,
            0.0
          ],
          [
            0.0,
            0.0,
            0.0,
            1.0
          ]
        ],
        "rotation_mode": "QUATERNION"
      },
      "armature_space": {
        "head": {
          "x": -0.08156325668096542,
          "y": -0.09759246557950974,
          "z": 0.6498797535896301
        },
        "tail": {
          "x": -0.12820151448249817,
          "y": -0.06615020334720612,
          "z": 0.7944118976593018
        }
      },
      "world_space": {
        "head": {
          "x": -0.08156325668096542,
          "y": -0.034348465502262115,
          "z": 1.599733829498291
        },
        "tail": {
          "x": -0.12820151448249817,
          "y": -0.002906203269958496,
          "z": 1.7442659139633179
        },
        "rotation_quaternion": {
          "w": 0.7555473446846008,
          "x": 0.6290983557701111,
          "y": -0.17468662559986115,
          "z": 0.05355515331029892
        },
        "matrix": [
          [
            0.9332332015037537,
            -0.30071693658828735,
            -0.196583554148674,
            -0.08156325668096542
          ],
          [
            -0.1388612687587738,
            0.2027353197336197,
            -0.9693379998207092,
            -0.034348465502262115
          ],
          [
            0.33135294914245605,
            0.931922972202301,
            0.14744147658348083,
            1.599733829498291
          ],
          [
            0.0,
            0.0,
            0.0,
            1.0
          ]
        ]
      },
      "bone_length_armature_space": 0.15509121251672636,
      "parent": "neck_01",
      "has_children": false,
      "is_end_bone": true
    },
    "upperarm_l": {
      "name": "upperarm_l",
      "local": {
        "location": {
          "x": 0.0,
          "y": 0.0,
          "z": 0.0
        },
        "rotation_quaternion": {
          "w": 0.8742989301681519,
          "x": 0.47258734703063965,
          "y": 0.003894731169566512,
          "z": 0.11066804081201553
        },
        "scale": {
          "x": 1.0,
          "y": 1.0,
          "z": 1.0
        },
        "matrix_basis": [
          [
            0.9754748344421387,
            -0.18983270227909088,
            0.111410953104496,
            0.0
          ],
          [
            0.19719509780406952,
            0.5288275480270386,
            -0.8255031704902649,
            0.0
          ],
          [
            0.09779031574726105,
            0.8272272944450378,
            0.5532920360565186,
            0.0
          ],
          [
            0.0,
            0.0,
            0.0,
            1.0
          ]
        ],
        "rotation_mode": "QUATERNION"
      },
      "armature_space": {
        "head": {
          "x": 0.0859004408121109,
          "y": -0.08208641409873962,
          "z": 0.5020344257354736
        },
        "tail": {
          "x": 0.20887237787246704,
          "y": -0.3162279725074768,
          "z": 0.5452001094818115
        }
      },
      "world_space": {
        "head": {
          "x": 0.0859004408121109,
          "y": -0.018842414021492004,
          "z": 1.4518884420394897
        },
        "tail": {
          "x": 0.20887237787246704,
          "y": -0.2529839873313904,
          "z": 1.4950541257858276
        },
        "rotation_quaternion": {
          "w": 0.2092248797416687,
          "x": 0.7725736498832703,
          "y": 0.13908252120018005,
          "z": -0.5831046104431152
        },
        "matrix": [
          [
            0.2812902331352234,
            0.45890286564826965,
            -0.8427834510803223,
            0.0859004408121109
          ],
          [
            -0.029097028076648712,
            -0.8737621307373047,
            -0.48548251390457153,
            -0.018842414021492004
          ],
          [
            -0.9591883420944214,
            0.16108427941799164,
            -0.2324300855398178,
            1.4518884420394897
          ],
          [
            0.0,
            0.0,
            0.0,
            1.0
          ]
        ]
      },
      "bone_length_armature_space": 0.26796948156347317,
      "parent": "spine_01",
      "has_children": true,
      "is_end_bone": false
    },
    "lowerarm_l": {
      "name": "lowerarm_l",
      "local": {
        "location": {
          "x": 0.0,
          "y": 0.0,
          "z": 0.0
        },
        "rotation_quaternion": {
          "w": 0.9089903831481934,
          "x": 0.33491021394729614,
          "y": 0.2250014841556549,
          "z": -0.10462305694818497
        },
        "scale": {
          "x": 1.0,
          "y": 1.0,
          "z": 1.0
        },
        "matrix_basis": [
          [
            0.8768566846847534,
            0.3409132957458496,
            0.33896970748901367,
            0.0
          ],
          [
            -0.03949211537837982,
            0.753778338432312,
            -0.6559410095214844,
            0.0
          ],
          [
            -0.47912701964378357,
            0.5617796182632446,
            0.6744189858436584,
            0.0
          ],
          [
            0.0,
            0.0,
            0.0,
            1.0
          ]
        ],
        "rotation_mode": "QUATERNION"
      },
      "armature_space": {
        "head": {
          "x": 0.20887234807014465,
          "y": -0.31622806191444397,
          "z": 0.5452002286911011
        },
        "tail": {
          "x": 0.1546177864074707,
          "y": -0.5697754621505737,
          "z": 0.4793244004249573
        }
      },
      "world_space": {
        "head": {
          "x": 0.20887234807014465,
          "y": -0.25298404693603516,
          "z": 1.4950542449951172
        },
        "tail": {
          "x": 0.1546177864074707,
          "y": -0.5065314769744873,
          "z": 1.4291784763336182
        },
        "rotation_quaternion": {
          "w": 0.15798240900039673,
          "x": -0.8770571947097778,
          "y": 0.034129343926906586,
          "z": 0.45237967371940613
        },
        "matrix": [
          [
            0.5883759260177612,
            -0.20280221104621887,
            -0.7827420234680176,
            0.20887234807014465
          ],
          [
            0.08306889235973358,
            -0.9477538466453552,
            0.30799704790115356,
            -0.25298404693603516
          ],
          [
            -0.8043148517608643,
            -0.2462422102689743,
            -0.5407924652099609,
            1.4950542449951172
          ],
          [
            0.0,
            0.0,
            0.0,
            1.0
          ]
        ]
      },
      "bone_length_armature_space": 0.26752470215835855,
      "parent": "upperarm_l",
      "has_children": true,
      "is_end_bone": false
    },
    "metacarpal_thumb_l": {
      "name": "metacarpal_thumb_l",
      "local": {
        "location": {
          "x": 0.0,
          "y": 0.0,
          "z": 0.0
        },
        "rotation_quaternion": {
          "w": 0.9999115467071533,
          "x": 0.0002821702801156789,
          "y": 0.012453589588403702,
          "z": -0.0046857744455337524
        },
        "scale": {
          "x": 1.0,
          "y": 1.0,
          "z": 1.0
        },
        "matrix_basis": [
          [
            0.9996458888053894,
            0.009377747774124146,
            0.024902332574129105,
            0.0
          ],
          [
            -0.009363692253828049,
            0.999955952167511,
            -0.0006810000631958246,
            0.0
          ],
          [
            -0.02490762062370777,
            0.0004475812311284244,
            0.9996896386146545,
            0.0
          ],
          [
            0.0,
            0.0,
            0.0,
            1.0
          ]
        ],
        "rotation_mode": "QUATERNION"
      },
      "armature_space": {
        "head": {
          "x": 0.1546177864074707,
          "y": -0.5697754621505737,
          "z": 0.4793244004249573
        },
        "tail": {
          "x": 0.1294945925474167,
          "y": -0.5974134206771851,
          "z": 0.4467887580394745
        }
      },
      "world_space": {
        "head": {
          "x": 0.1546177864074707,
          "y": -0.5065314769744873,
          "z": 1.4291784763336182
        },
        "tail": {
          "x": 0.1294945925474167,
          "y": -0.5341694355010986,
          "z": 1.396642804145813
        },
        "rotation_quaternion": {
          "w": 0.26285842061042786,
          "x": -0.8378159999847412,
          "y": 0.3897739052772522,
          "z": -0.27757182717323303
        },
        "matrix": [
          [
            0.5420591235160828,
            -0.5071942806243896,
            0.6700191497802734,
            0.1546177864074707
          ],
          [
            -0.7990424036979675,
            -0.5579633116722107,
            0.2240716964006424,
            -0.5065314769744873
          ],
          [
            0.2601993680000305,
            -0.6568388938903809,
            -0.7077237367630005,
            1.4291784763336182
          ],
          [
            0.0,
            0.0,
            0.0,
            1.0
          ]
        ]
      },
      "bone_length_armature_space": 0.049533823282841935,
      "parent": "lowerarm_l",
      "has_children": true,
      "is_end_bone": false
    },
    "thumb_01_l": {
      "name": "thumb_01_l",
      "local": {
        "location": {
          "x": 0.0,
          "y": 0.0,
          "z": 0.0
        },
        "rotation_quaternion": {
          "w": 0.9997813105583191,
          "x": 0.002395935356616974,
          "y": -0.013952360488474369,
          "z": 0.015392676927149296
        },
        "scale": {
          "x": 1.0,
          "y": 1.0,
          "z": 1.0
        },
        "matrix_basis": [
          [
            0.9991368055343628,
            -0.030845480039715767,
            -0.02782485820353031,
            0.0
          ],
          [
            0.030711762607097626,
            0.999514639377594,
            -0.005220351275056601,
            0.0
          ],
          [
            0.027972377836704254,
            0.004361294209957123,
            0.9995991587638855,
            0.0
          ],
          [
            0.0,
            0.0,
            0.0,
            1.0
          ]
        ],
        "rotation_mode": "QUATERNION"
      },
      "armature_space": {
        "head": {
          "x": 0.1294945925474167,
          "y": -0.5974134206771851,
          "z": 0.4467887580394745
        },
        "tail": {
          "x": 0.13372011482715607,
          "y": -0.6005337238311768,
          "z": 0.4131576716899872
        }
      },
      "world_space": {
        "head": {
          "x": 0.1294945925474167,
          "y": -0.5341694355010986,
          "z": 1.396642804145813
        },
        "tail": {
          "x": 0.13372011482715607,
          "y": -0.5372897386550903,
          "z": 1.3630117177963257
        },
        "rotation_quaternion": {
          "w": 0.2489311546087265,
          "x": -0.1851818561553955,
          "y": 0.6262573003768921,
          "z": -0.715222179889679
        },
        "matrix": [
          [
            -0.8074812889099121,
            0.12413928657770157,
            0.5766828060150146,
            0.1294945925474167
          ],
          [
            -0.588025689125061,
            -0.09167033433914185,
            -0.8036307096481323,
            -0.5341694355010986
          ],
          [
            -0.04689817875623703,
            -0.9880282878875732,
            0.14701947569847107,
            1.396642804145813
          ],
          [
            0.0,
            0.0,
            0.0,
            1.0
          ]
        ]
      },
      "bone_length_armature_space": 0.03403882003367624,
      "parent": "metacarpal_thumb_l",
      "has_children": true,
      "is_end_bone": false
    },
    "thumb_02_l": {
      "name": "thumb_02_l",
      "local": {
        "location": {
          "x": 0.0,
          "y": 0.0,
          "z": 0.0
        },
        "rotation_quaternion": {
          "w": 0.9982376098632812,
          "x": 0.058738823980093,
          "y": -0.003217493649572134,
          "z": -0.007818497717380524
        },
        "scale": {
          "x": 1.0,
          "y": 1.0,
          "z": 1.0
        },
        "matrix_basis": [
          [
            0.9998570084571838,
            0.015231453813612461,
            -0.007342144846916199,
            0.0
          ],
          [
            -0.015987420454621315,
            0.9929772615432739,
            -0.11722029745578766,
            0.0
          ],
          [
            0.005505147390067577,
            0.11732091754674911,
            0.9930787682533264,
            0.0
          ],
          [
            0.0,
            0.0,
            0.0,
            1.0
          ]
        ],
        "rotation_mode": "QUATERNION"
      },
      "armature_space": {
        "head": {
          "x": 0.13372011482715607,
          "y": -0.600533664226532,
          "z": 0.41315770149230957
        },
        "tail": {
          "x": 0.1286705881357193,
          "y": -0.6383039951324463,
          "z": 0.4004656672477722
        }
      },
      "world_space": {
        "head": {
          "x": 0.13372011482715607,
          "y": -0.5372896790504456,
          "z": 1.3630117177963257
        },
        "tail": {
          "x": 0.1286705881357193,
          "y": -0.5750600099563599,
          "z": 1.3503196239471436
        },
        "rotation_quaternion": {
          "w": 0.06748928129673004,
          "x": -0.022641682997345924,
          "y": -0.1588987559080124,
          "z": 0.9847252368927002
        },
        "matrix": [
          [
            -0.9898648858070374,
            -0.125721275806427,
            -0.06603975594043732,
            0.13372011482715607
          ],
          [
            0.14011238515377045,
            -0.9403928518295288,
            -0.3098865747451782,
            -0.5372896790504456
          ],
          [
            -0.023143978789448738,
            -0.3160019516944885,
            0.9484835267066956,
            1.3630117177963257
          ],
          [
            0.0,
            0.0,
            0.0,
            1.0
          ]
        ]
      },
      "bone_length_armature_space": 0.040164454411195184,
      "parent": "thumb_01_l",
      "has_children": true,
      "is_end_bone": false
    },
    "thumb_03_l": {
      "name": "thumb_03_l",
      "local": {
        "location": {
          "x": 0.0,
          "y": 0.0,
          "z": 0.0
        },
        "rotation_quaternion": {
          "w": 0.9979405403137207,
          "x": 0.063748799264431,
          "y": -0.0010767924832180142,
          "z": -0.007057470269501209
        },
        "scale": {
          "x": 1.0,
          "y": 1.0,
          "z": 1.0
        },
        "matrix_basis": [
          [
            0.9998980760574341,
            0.013948583044111729,
            -0.0030489603523164988,
            0.0
          ],
          [
            -0.014223160222172737,
            0.9917725920677185,
            -0.12721982598304749,
            0.0
          ],
          [
            0.001249339198693633,
            0.12725022435188293,
            0.9918698668479919,
            0.0
          ],
          [
            0.0,
            0.0,
            0.0,
            1.0
          ]
        ],
        "rotation_mode": "QUATERNION"
      },
      "armature_space": {
        "head": {
          "x": 0.12867054343223572,
          "y": -0.6383039355278015,
          "z": 0.40046563744544983
        },
        "tail": {
          "x": 0.12733909487724304,
          "y": -0.6686438322067261,
          "z": 0.4026123583316803
        }
      },
      "world_space": {
        "head": {
          "x": 0.12867054343223572,
          "y": -0.5750599503517151,
          "z": 1.3503196239471436
        },
        "tail": {
          "x": 0.12733909487724304,
          "y": -0.6053998470306396,
          "z": 1.352466344833374
        },
        "rotation_quaternion": {
          "w": 0.013875935226678848,
          "x": -0.21259720623493195,
          "y": 0.03913507238030434,
          "z": 0.97625732421875
        },
        "matrix": [
          [
            -0.9092196226119995,
            -0.04373303800821304,
            -0.4140130579471588,
            0.12867054343223572
          ],
          [
            0.010452901013195515,
            -0.9965516924858093,
            0.0823121964931488,
            -0.5750599503517151
          ],
          [
            -0.4161880910396576,
            0.07051188498735428,
            0.9065481424331665,
            1.3503196239471436
          ],
          [
            0.0,
            0.0,
            0.0,
            1.0
          ]
        ]
      },
      "bone_length_armature_space": 0.030444876469635132,
      "parent": "thumb_02_l",
      "has_children": false,
      "is_end_bone": true
    },
    "metacarpal_index_l": {
      "name": "metacarpal_index_l",
      "local": {
        "location": {
          "x": 0.0,
          "y": 0.0,
          "z": 0.0
        },
        "rotation_quaternion": {
          "w": 0.999189019203186,
          "x": -0.038245849311351776,
          "y": -0.010617125779390335,
          "z": -0.006781271193176508
        },
        "scale": {
          "x": 1.0,
          "y": 1.0,
          "z": 1.0
        },
        "matrix_basis": [
          [
            0.999682605266571,
            0.014363665133714676,
            -0.020698320120573044,
            0.0
          ],
          [
            -0.012739421799778938,
            0.9969825148582458,
            0.07657366245985031,
            0.0
          ],
          [
            0.021735742688179016,
            -0.07628566771745682,
            0.9968490600585938,
            0.0
          ],
          [
            0.0,
            0.0,
            0.0,
            1.0
          ]
        ],
        "rotation_mode": "QUATERNION"
      },
      "armature_space": {
        "head": {
          "x": 0.1546177864074707,
          "y": -0.5697754621505737,
          "z": 0.4793244004249573
        },
        "tail": {
          "x": 0.10834226757287979,
          "y": -0.6682102680206299,
          "z": 0.43575355410575867
        }
      },
      "world_space": {
        "head": {
          "x": 0.1546177864074707,
          "y": -0.5065314769744873,
          "z": 1.4291784763336182
        },
        "tail": {
          "x": 0.10834226757287979,
          "y": -0.6049662828445435,
          "z": 1.3856076002120972
        },
        "rotation_quaternion": {
          "w": 0.19771747291088104,
          "x": -0.9590162634849548,
          "y": 0.20214568078517914,
          "z": 0.018247028812766075
        },
        "matrix": [
          [
            0.9176082611083984,
            -0.39493754506111145,
            0.04493778944015503,
            0.1546177864074707
          ],
          [
            -0.3805067539215088,
            -0.8400899767875671,
            0.38660502433776855,
            -0.5065314769744873
          ],
          [
            -0.11493432521820068,
            -0.3718545138835907,
            -0.9211560487747192,
            1.4291784763336182
          ],
          [
            0.0,
            0.0,
            0.0,
            1.0
          ]
        ]
      },
      "bone_length_armature_space": 0.11717189744555397,
      "parent": "lowerarm_l",
      "has_children": true,
      "is_end_bone": false
    },
    "index_01_l": {
      "name": "index_01_l",
      "local": {
        "location": {
          "x": 0.0,
          "y": 0.0,
          "z": 0.0
        },
        "rotation_quaternion": {
          "w": 0.9970017671585083,
          "x": -0.07676538825035095,
          "y": -0.008714658208191395,
          "z": 0.004316655453294516
        },
        "scale": {
          "x": 1.0,
          "y": 1.0,
          "z": 1.0
        },
        "matrix_basis": [
          [
            0.9998108148574829,
            -0.0072694579139351845,
            -0.018039798364043236,
            0.0
          ],
          [
            0.009945394471287727,
            0.9881768822669983,
            0.15299521386623383,
            0.0
          ],
          [
            0.016714319586753845,
            -0.1531456857919693,
            0.9880622625350952,
            0.0
          ],
          [
            0.0,
            0.0,
            0.0,
            1.0
          ]
        ],
        "rotation_mode": "QUATERNION"
      },
      "armature_space": {
        "head": {
          "x": 0.10834226757287979,
          "y": -0.6682102680206299,
          "z": 0.43575355410575867
        },
        "tail": {
          "x": 0.10630737990140915,
          "y": -0.69647216796875,
          "z": 0.4325607717037201
        }
      },
      "world_space": {
        "head": {
          "x": 0.10834226757287979,
          "y": -0.6049662828445435,
          "z": 1.3856076002120972
        },
        "tail": {
          "x": 0.10630737990140915,
          "y": -0.6332281827926636,
          "z": 1.3824148178100586
        },
        "rotation_quaternion": {
          "w": 0.055803630501031876,
          "x": -0.997748076915741,
          "y": 0.03623633459210396,
          "z": -0.008475732058286667
        },
        "matrix": [
          [
            0.9972301721572876,
            -0.07136356085538864,
            0.020957618951797485,
            0.10834226757287979
          ],
          [
            -0.07325533777475357,
            -0.9911457896232605,
            0.11074118316173553,
            -0.6049662828445435
          ],
          [
            0.012869102880358696,
            -0.1119714081287384,
            -0.9936352372169495,
            1.3856076002120972
          ],
          [
            0.0,
            0.0,
            0.0,
            1.0
          ]
        ]
      },
      "bone_length_armature_space": 0.02851437599348349,
      "parent": "metacarpal_index_l",
      "has_children": true,
      "is_end_bone": false
    },
    "index_02_l": {
      "name": "index_02_l",
      "local": {
        "location": {
          "x": 0.0,
          "y": 0.0,
          "z": 0.0
        },
        "rotation_quaternion": {
          "w": 0.9999547004699707,
          "x": 0.009461188688874245,
          "y": 0.0004779976443387568,
          "z": 0.0009733782499097288
        },
        "scale": {
          "x": 1.0,
          "y": 1.0,
          "z": 1.0
        },
        "matrix_basis": [
          [
            0.9999976754188538,
            -0.0019376234849914908,
            0.0009743706323206425,
            0.0
          ],
          [
            0.0019557131454348564,
            0.9998190999031067,
            -0.018920589238405228,
            0.0
          ],
          [
            -0.0009375333320349455,
            0.01892245002090931,
            0.9998205304145813,
            0.0
          ],
          [
            0.0,
            0.0,
            0.0,
            1.0
          ]
        ],
        "rotation_mode": "QUATERNION"
      },
      "armature_space": {
        "head": {
          "x": 0.10630712658166885,
          "y": -0.6964724659919739,
          "z": 0.43256038427352905
        },
        "tail": {
          "x": 0.1051834300160408,
          "y": -0.7219828963279724,
          "z": 0.4301017224788666
        }
      },
      "world_space": {
        "head": {
          "x": 0.10630712658166885,
          "y": -0.6332284808158875,
          "z": 1.3824143409729004
        },
        "tail": {
          "x": 0.1051834300160408,
          "y": -0.658738911151886,
          "z": 1.379955768585205
        },
        "rotation_quaternion": {
          "w": 0.04848743975162506,
          "x": -0.998333752155304,
          "y": 0.020803287625312805,
          "z": 0.023365503177046776
        },
        "matrix": [
          [
            0.9980425834655762,
            -0.04380317032337189,
            -0.04463566839694977,
            0.10630712658166885
          ],
          [
            -0.03927132859826088,
            -0.9944323897361755,
            0.09778499603271484,
            -0.6332284808158875
          ],
          [
            -0.048670921474695206,
            -0.09584227949380875,
            -0.9942131042480469,
            1.3824143409729004
          ],
          [
            0.0,
            0.0,
            0.0,
            1.0
          ]
        ]
      },
      "bone_length_armature_space": 0.02565326084226177,
      "parent": "index_01_l",
      "has_children": true,
      "is_end_bone": false
    },
    "index_03_l": {
      "name": "index_03_l",
      "local": {
        "location": {
          "x": 0.0,
          "y": 0.0,
          "z": 0.0
        },
        "rotation_quaternion": {
          "w": 0.9999741315841675,
          "x": 0.007059828378260136,
          "y": 0.0003986945375800133,
          "z": 0.0013357315910980105
        },
        "scale": {
          "x": 1.0,
          "y": 1.0,
          "z": 1.0
        },
        "matrix_basis": [
          [
            0.9999961256980896,
            -0.0026657646521925926,
            0.0008162285084836185,
            0.0
          ],
          [
            0.002677023410797119,
            0.999896764755249,
            -0.014118226245045662,
            0.0
          ],
          [
            -0.000778508372604847,
            0.014120356179773808,
            0.9998999834060669,
            0.0
          ],
          [
            0.0,
            0.0,
            0.0,
            1.0
          ]
        ],
        "rotation_mode": "QUATERNION"
      },
      "armature_space": {
        "head": {
          "x": 0.10518341511487961,
          "y": -0.7219828963279724,
          "z": 0.4301018714904785
        },
        "tail": {
          "x": 0.10637807846069336,
          "y": -0.7505804896354675,
          "z": 0.42422980070114136
        }
      },
      "world_space": {
        "head": {
          "x": 0.10518341511487961,
          "y": -0.658738911151886,
          "z": 1.3799558877944946
        },
        "tail": {
          "x": 0.10637807846069336,
          "y": -0.6873365044593811,
          "z": 1.3740837574005127
        },
        "rotation_quaternion": {
          "w": 0.1013299748301506,
          "x": -0.9945513606071472,
          "y": -0.018978005275130272,
          "z": -0.015483015216886997
        },
        "matrix": [
          [
            0.9988002777099609,
            0.040886931121349335,
            0.026951231062412262,
            0.10518341511487961
          ],
          [
            0.03461148217320442,
            -0.9787441492080688,
            0.20214290916919708,
            -0.658738911151886
          ],
          [
            0.03464356064796448,
            -0.20096993446350098,
            -0.9789918661117554,
            1.3799558877944946
          ],
          [
            0.0,
            0.0,
            0.0,
            1.0
          ]
        ]
      },
      "bone_length_armature_space": 0.029218671861769647,
      "parent": "index_02_l",
      "has_children": false,
      "is_end_bone": true
    },
    "metacarpal_pinky_l": {
      "name": "metacarpal_pinky_l",
      "local": {
        "location": {
          "x": 0.0,
          "y": 0.0,
          "z": 0.0
        },
        "rotation_quaternion": {
          "w": 0.9996311664581299,
          "x": -0.024911874905228615,
          "y": -0.0031506516970694065,
          "z": 0.0103464899584651
        },
        "scale": {
          "x": 1.0,
          "y": 1.0,
          "z": 1.0
        },
        "matrix_basis": [
          [
            0.9997660517692566,
            -0.020528370514512062,
            -0.006814480293542147,
            0.0
          ],
          [
            0.020842324942350388,
            0.9985446929931641,
            0.049740176647901535,
            0.0
          ],
          [
            0.0057834782637655735,
            -0.0498705692589283,
            0.9987389445304871,
            0.0
          ],
          [
            0.0,
            0.0,
            0.0,
            1.0
          ]
        ],
        "rotation_mode": "QUATERNION"
      },
      "armature_space": {
        "head": {
          "x": 0.1546177864074707,
          "y": -0.5697754621505737,
          "z": 0.4793244004249573
        },
        "tail": {
          "x": 0.16496220231056213,
          "y": -0.672974169254303,
          "z": 0.4700377583503723
        }
      },
      "world_space": {
        "head": {
          "x": 0.1546177864074707,
          "y": -0.5065314769744873,
          "z": 1.4291784763336182
        },
        "tail": {
          "x": 0.16496220231056213,
          "y": -0.6097301840782166,
          "z": 1.4198918342590332
        },
        "rotation_quaternion": {
          "w": 0.025437064468860626,
          "x": 0.4332659840583801,
          "y": 0.06187470257282257,
          "z": -0.8987798094749451
        },
        "matrix": [
          [
            -0.6232672333717346,
            0.09934067726135254,
            -0.7756736278533936,
            0.1546177864074707
          ],
          [
            0.007891413755714893,
            -0.99104905128479,
            -0.13326489925384521,
            -0.5065314769744873
          ],
          [
            -0.7819746136665344,
            -0.08918239921331406,
            0.616908609867096,
            1.4291784763336182
          ],
          [
            0.0,
            0.0,
            0.0,
            1.0
          ]
        ]
      },
      "bone_length_armature_space": 0.10413079366632248,
      "parent": "lowerarm_l",
      "has_children": true,
      "is_end_bone": false
    },
    "pinky_01_l": {
      "name": "pinky_01_l",
      "local": {
        "location": {
          "x": 0.0,
          "y": 0.0,
          "z": 0.0
        },
        "rotation_quaternion": {
          "w": 0.9581408500671387,
          "x": 0.2862796485424042,
          "y": 0.0027544188778847456,
          "z": 0.0016456228913739324
        },
        "scale": {
          "x": 1.0,
          "y": 1.0,
          "z": 1.0
        },
        "matrix_basis": [
          [
            0.9999794363975525,
            -0.0015764088602736592,
            0.006220459006726742,
            0.0
          ],
          [
            0.004730544984340668,
            0.8360825181007385,
            -0.5485833883285522,
            0.0
          ],
          [
            -0.004336026031523943,
            0.548601508140564,
            0.8360727429389954,
            0.0
          ],
          [
            0.0,
            0.0,
            0.0,
            1.0
          ]
        ],
        "rotation_mode": "QUATERNION"
      },
      "armature_space": {
        "head": {
          "x": 0.16496220231056213,
