{
  "metadata": {
    "armature_name": "KIM_caucasian_male",
    "export_time": "2026-01-13T21:04:19.313732",
    "blender_version": "4.4.1",
    "bone_count": 56,
    "end_bone_count": 13,
    "spaces_included": [
      "LOCAL_CHANNELS",
      "ARMATURE_SPACE",
      "WORLD_SPACE"
    ],
    "note": "LOCAL matches Transform panel; replay pose via local.matrix_basis for best fidelity."
  },
  "bones": {
    "Root": {
      "name": "Root",
      "local": {
        "location": {
          "x": 0.0,
          "y": 0.0,
          "z": 0.0
        },
        "rotation_quaternion": {
          "w": 0.9998774528503418,
          "x": -0.012777404859662056,
          "y": -0.00026315770810469985,
          "z": 0.009053503163158894
        },
        "scale": {
          "x": 1.0,
          "y": 1.0,
          "z": 1.0
        },
        "matrix_basis": [
          [
            0.9998359084129333,
            -0.01809806190431118,
            -0.0007576114730909467,
            0.0
          ],
          [
            0.018111512064933777,
            0.9995095729827881,
            0.025546913966536522,
            0.0
          ],
          [
            0.0002948903711512685,
            -0.025556443259119987,
            0.9996733665466309,
            0.0
          ],
          [
            0.0,
            0.0,
            0.0,
            1.0
          ]
        ],
        "rotation_mode": "QUATERNION"
      },
      "armature_space": {
        "head": {
          "x": 0.0,
          "y": 0.07072800397872925,
          "z": -0.009595036506652832
        },
        "tail": {
          "x": -0.0012917649000883102,
          "y": 0.0002799034118652344,
          "z": 0.0018028635531663895
        }
      },
      "world_space": {
        "head": {
          "x": 0.0,
          "y": 0.13397200405597687,
          "z": 0.9402589797973633
        },
        "tail": {
          "x": -0.0012917649000883102,
          "y": 0.06352390348911285,
          "z": 0.9516568779945374
        },
        "rotation_quaternion": {
          "w": 0.08010777086019516,
          "x": 0.9967450499534607,
          "y": -0.00905066542327404,
          "z": 0.0003473564865998924
        },
        "matrix": [
          [
            0.9998359084129333,
            -0.01809806190431118,
            -0.0007576114730909467,
            0.0
          ],
          [
            -0.017986759543418884,
            -0.9870016574859619,
            -0.15970081090927124,
            0.13397200405597687
          ],
          [
            0.002142509212717414,
            0.15968842804431915,
            -0.9871723055839539,
            0.9402589797973633
          ],
          [
            0.0,
            0.0,
            0.0,
            1.0
          ]
        ]
      },
      "bone_length_armature_space": 0.0713758742476509,
      "parent": null,
      "has_children": true,
      "is_end_bone": false
    },
    "spine_01": {
      "name": "spine_01",
      "local": {
        "location": {
          "x": 0.0,
          "y": 0.0,
          "z": 0.0
        },
        "rotation_quaternion": {
          "w": 0.9984060525894165,
          "x": -0.017338236793875694,
          "y": -0.0038011774886399508,
          "z": -0.05357680097222328
        },
        "scale": {
          "x": 1.0,
          "y": 1.0,
          "z": 1.0
        },
        "matrix_basis": [
          [
            0.9942301511764526,
            0.10711461305618286,
            -0.005732382647693157,
            0.0
          ],
          [
            -0.1068509966135025,
            0.9936578273773193,
            0.03502850979566574,
            0.0
          ],
          [
            0.009448091499507427,
            -0.03421389311552048,
            0.9993698596954346,
            0.0
          ],
          [
            0.0,
            0.0,
            0.0,
            1.0
          ]
        ],
        "rotation_mode": "QUATERNION"
      },
      "armature_space": {
        "head": {
          "x": -0.0012917649000883102,
          "y": 0.0002799034118652344,
          "z": 0.0018028635531663895
        },
        "tail": {
          "x": 0.05086778104305267,
          "y": 0.051027264446020126,
          "z": 0.48435091972351074
        }
      },
      "world_space": {
        "head": {
          "x": -0.0012917649000883102,
          "y": 0.06352390348911285,
          "z": 0.9516568779945374
        },
        "tail": {
          "x": 0.05086778104305267,
          "y": 0.11427126824855804,
          "z": 1.4342049360275269
        },
        "rotation_quaternion": {
          "w": 0.7424761652946472,
          "x": 0.6676241159439087,
          "y": 0.02690858207643032,
          "z": -0.04778226837515831
        },
        "matrix": [
          [
            0.9939855337142944,
            0.10688403993844986,
            -0.0238439179956913,
            -0.0012917649000883102
          ],
          [
            -0.03502549231052399,
            0.10399023443460464,
            -0.9939614534378052,
            0.06352390348911285
          ],
          [
            -0.10375984758138657,
            0.9888255000114441,
            0.10710829496383667,
            0.9516568779945374
          ],
          [
            0.0,
            0.0,
            0.0,
            1.0
          ]
        ]
      },
      "bone_length_armature_space": 0.48800464734941346,
      "parent": "Root",
      "has_children": true,
      "is_end_bone": false
    },
    "neck_01": {
      "name": "neck_01",
      "local": {
        "location": {
          "x": 0.0,
          "y": 0.0,
          "z": 0.0
        },
        "rotation_quaternion": {
          "w": 0.9908696413040161,
          "x": 0.07101589441299438,
          "y": 0.032248299568891525,
          "z": -0.10997315496206284
        },
        "scale": {
          "x": 1.0,
          "y": 1.0,
          "z": 1.0
        },
        "matrix_basis": [
          [
            0.9737318754196167,
            0.22251839935779572,
            0.04828803986310959,
            0.0
          ],
          [
            -0.2133578360080719,
            0.965725302696228,
            -0.1478278785943985,
            0.0
          ],
          [
            -0.07952740788459778,
            0.13364209234714508,
            0.987833559513092,
            0.0
          ],
          [
            0.0,
            0.0,
            0.0,
            1.0
          ]
        ],
        "rotation_mode": "QUATERNION"
      },
      "armature_space": {
        "head": {
          "x": 0.057866744697093964,
          "y": 0.024170249700546265,
          "z": 0.5604657530784607
        },
        "tail": {
          "x": 0.08854970335960388,
          "y": -0.017666757106781006,
          "z": 0.6488905549049377
        }
      },
      "world_space": {
        "head": {
          "x": 0.057866744697093964,
          "y": 0.08741424977779388,
          "z": 1.510319709777832
        },
        "tail": {
          "x": 0.08854970335960388,
          "y": 0.045577242970466614,
          "z": 1.5987446308135986
        },
        "rotation_quaternion": {
          "w": 0.5306482315063477,
          "x": 0.8338320255279541,
          "y": 0.11988270282745361,
          "z": -0.09362072497606277
        },
        "matrix": [
          [
            0.9537264704704285,
            0.29928362369537354,
            -0.028895467519760132,
            0.057866744697093964
          ],
          [
            0.10056604444980621,
            -0.40808096528053284,
            -0.9073900580406189,
            0.08741424977779388
          ],
          [
            -0.2833605706691742,
            0.8625016212463379,
            -0.4192991852760315,
            1.510319709777832
          ],
          [
            0.0,
            0.0,
            0.0,
            1.0
          ]
        ]
      },
      "bone_length_armature_space": 0.10252182565862547,
      "parent": "spine_01",
      "has_children": true,
      "is_end_bone": false
    },
    "head": {
      "name": "head",
      "local": {
        "location": {
          "x": 0.0,
          "y": 0.0,
          "z": 0.0
        },
        "rotation_quaternion": {
          "w": 0.9730793237686157,
          "x": -0.09788408875465393,
          "y": 0.19302460551261902,
          "z": 0.07922718673944473
        },
        "scale": {
          "x": 1.0,
          "y": 1.0,
          "z": 1.0
        },
        "matrix_basis": [
          [
            0.912929117679596,
            -0.19197675585746765,
            0.36014634370803833,
            0.0
          ],
          [
            0.11640059947967529,
            0.9682835340499878,
            0.22108355164527893,
            0.0
          ],
          [
            -0.39116665720939636,
            -0.1599123775959015,
            0.9063203930854797,
            0.0
          ],
          [
            0.0,
            0.0,
            0.0,
            1.0
          ]
        ],
        "rotation_mode": "QUATERNION"
      },
      "armature_space": {
        "head": {
          "x": 0.0885496735572815,
          "y": -0.01766686886548996,
          "z": 0.6488904356956482
        },
        "tail": {
          "x": 0.10158006101846695,
          "y": -0.003810417838394642,
          "z": 0.8028109669685364
        }
      },
      "world_space": {
        "head": {
          "x": 0.0885496735572815,
          "y": 0.04557713121175766,
          "z": 1.5987443923950195
        },
        "tail": {
          "x": 0.10158006101846695,
          "y": 0.05943358317017555,
          "z": 1.7526650428771973
        },
        "rotation_quaternion": {
          "w": 0.7074324488639832,
          "x": 0.6607262492179871,
          "y": 0.2102646678686142,
          "z": 0.13700009882450104
        },
        "matrix": [
          [
            0.8740397095680237,
            0.08401811867952347,
            0.47853463888168335,
            0.0885496735572815
          ],
          [
            0.4716908633708954,
            0.08934445679187775,
            -0.8772261142730713,
            0.04557713121175766
          ],
          [
            -0.11645768582820892,
            0.9924579858779907,
            0.03845947980880737,
            1.5987443923950195
          ],
          [
            0.0,
            0.0,
            0.0,
            1.0
          ]
        ]
      },
      "bone_length_armature_space": 0.15509133317962787,
      "parent": "neck_01",
      "has_children": false,
      "is_end_bone": true
    },
    "upperarm_l": {
      "name": "upperarm_l",
      "local": {
        "location": {
          "x": 0.0,
          "y": 0.0,
          "z": 0.0
        },
        "rotation_quaternion": {
          "w": 0.8136296272277832,
          "x": 0.0032369541004300117,
          "y": 0.5667023062705994,
          "z": 0.1297878623008728
        },
        "scale": {
          "x": 1.0,
          "y": 1.0,
          "z": 1.0
        },
        "matrix_basis": [
          [
            0.32400721311569214,
            -0.2075297236442566,
            0.9230117797851562,
            0.0
          ],
          [
            0.21486727893352509,
            0.9662892818450928,
            0.1418347954750061,
            0.0
          ],
          [
            -0.9213313460350037,
            0.15236952900886536,
            0.35767602920532227,
            0.0
          ],
          [
            0.0,
            0.0,
            0.0,
            1.0
          ]
        ],
        "rotation_mode": "QUATERNION"
      },
      "armature_space": {
        "head": {
          "x": 0.199705109000206,
          "y": 0.00875760242342949,
          "z": 0.4787866473197937
        },
        "tail": {
          "x": 0.4641187787055969,
          "y": -0.027105916291475296,
          "z": 0.5034211277961731
        }
      },
      "world_space": {
        "head": {
          "x": 0.199705109000206,
          "y": 0.07200160622596741,
          "z": 1.428640604019165
        },
        "tail": {
          "x": 0.4641187787055969,
          "y": 0.036138083785772324,
          "z": 1.453275203704834
        },
        "rotation_quaternion": {
          "w": 0.17592082917690277,
          "x": 0.7410808205604553,
          "y": 0.6341405510902405,
          "z": -0.1331053376197815
        },
        "matrix": [
          [
            0.16029739379882812,
            0.9867306351661682,
            0.02583540603518486,
            0.199705109000206
          ],
          [
            0.8930668830871582,
            -0.1338343620300293,
            -0.42955827713012695,
            0.07200160622596741
          ],
          [
            -0.42040276527404785,
            0.09193027019500732,
            -0.9026763439178467,
            1.428640604019165
          ],
          [
            0.0,
            0.0,
            0.0,
            1.0
          ]
        ]
      },
      "bone_length_armature_space": 0.2679694553887631,
      "parent": "spine_01",
      "has_children": true,
      "is_end_bone": false
    },
    "lowerarm_l": {
      "name": "lowerarm_l",
      "local": {
        "location": {
          "x": 0.0,
          "y": 0.0,
          "z": 0.0
        },
        "rotation_quaternion": {
          "w": 0.9348791837692261,
          "x": 0.1729910522699356,
          "y": 0.041949912905693054,
          "z": -0.3071080148220062
        },
        "scale": {
          "x": 1.0,
          "y": 1.0,
          "z": 1.0
        },
        "matrix_basis": [
          [
            0.8078497648239136,
            0.5887317061424255,
            -0.027817675843834877,
            0.0
          ],
          [
            -0.5597038865089417,
            0.7515175342559814,
            -0.3492177724838257,
            0.0
          ],
          [
            -0.18469007313251495,
            0.2976851463317871,
            0.9366285800933838,
            0.0
          ],
          [
            0.0,
            0.0,
            0.0,
            1.0
          ]
        ],
        "rotation_mode": "QUATERNION"
      },
      "armature_space": {
        "head": {
          "x": 0.4641188383102417,
          "y": -0.027106057852506638,
          "z": 0.5034211277961731
        },
        "tail": {
          "x": 0.6834213733673096,
          "y": 0.009620577096939087,
          "z": 0.3546689748764038
        }
      },
      "world_space": {
        "head": {
          "x": 0.4641188383102417,
          "y": 0.03613794222474098,
          "z": 1.453275203704834
        },
        "tail": {
          "x": 0.6834213733673096,
          "y": 0.0728645771741867,
          "z": 1.30452299118042
        },
        "rotation_quaternion": {
          "w": 0.05505094677209854,
          "x": -0.5690034627914429,
          "y": -0.7520716786384583,
          "z": 0.32801342010498047
        },
        "matrix": [
          [
            -0.3464069366455078,
            0.8197475075721741,
            -0.45608770847320557,
            0.4641188383102417
          ],
          [
            0.8919790387153625,
            0.13728326559066772,
            -0.4307287633419037,
            0.03613794222474098
          ],
          [
            -0.29047691822052,
            -0.5560319423675537,
            -0.778759241104126,
            1.453275203704834
          ],
          [
            0.0,
            0.0,
            0.0,
            1.0
          ]
        ]
      },
      "bone_length_armature_space": 0.26752504810817274,
      "parent": "upperarm_l",
      "has_children": true,
      "is_end_bone": false
    },
    "metacarpal_thumb_l": {
      "name": "metacarpal_thumb_l",
      "local": {
        "location": {
          "x": 0.0,
          "y": 0.0,
          "z": 0.0
        },
        "rotation_quaternion": {
          "w": 0.9998236894607544,
          "x": 0.015855174511671066,
          "y": 0.009890560060739517,
          "z": 0.0018629960250109434
        },
        "scale": {
          "x": 1.0,
          "y": 1.0,
          "z": 1.0
        },
        "matrix_basis": [
          [
            0.9997974038124084,
            -0.003411702113226056,
            0.019836708903312683,
            0.0
          ],
          [
            0.004038968123495579,
            0.9994902610778809,
            -0.031667906790971756,
            0.0
          ],
          [
            -0.019718555733561516,
            0.031741611659526825,
            0.999301552772522,
            0.0
          ],
          [
            0.0,
            0.0,
            0.0,
            1.0
          ]
        ],
        "rotation_mode": "QUATERNION"
      },
      "armature_space": {
        "head": {
          "x": 0.6834213733673096,
          "y": 0.009620577096939087,
          "z": 0.3546689748764038
        },
        "tail": {
          "x": 0.6981191039085388,
          "y": 0.011782373301684856,
          "z": 0.3074151873588562
        }
      },
      "world_space": {
        "head": {
          "x": 0.6834213733673096,
          "y": 0.0728645771741867,
          "z": 1.30452299118042
        },
        "tail": {
          "x": 0.6981191039085388,
          "y": 0.07502637058496475,
          "z": 1.2572691440582275
        },
        "rotation_quaternion": {
          "w": 0.6661030650138855,
          "x": -0.6883365511894226,
          "y": -0.2795146405696869,
          "z": 0.0661148726940155
        },
        "matrix": [
          [
            0.8349996209144592,
            0.2967214584350586,
            -0.46339139342308044,
            0.6834213733673096
          ],
          [
            0.472881019115448,
            0.043642960488796234,
            0.8800450563430786,
            0.0728645771741867
          ],
          [
            0.2813544273376465,
            -0.9539728760719299,
            -0.1038721352815628,
            1.30452299118042
          ],
          [
            0.0,
            0.0,
            0.0,
            1.0
          ]
        ]
      },
      "bone_length_armature_space": 0.049533998676788565,
      "parent": "lowerarm_l",
      "has_children": true,
      "is_end_bone": false
    },
    "thumb_01_l": {
      "name": "thumb_01_l",
      "local": {
        "location": {
          "x": 0.0,
          "y": 0.0,
          "z": 0.0
        },
        "rotation_quaternion": {
          "w": 0.9843119382858276,
          "x": 0.17606589198112488,
          "y": 0.0010864309733733535,
          "z": -0.011393527500331402
        },
        "scale": {
          "x": 1.0,
          "y": 1.0,
          "z": 1.0
        },
        "matrix_basis": [
          [
            0.9997380375862122,
            0.022812137380242348,
            -0.0018732491880655289,
            0.0
          ],
          [
            -0.022047003731131554,
            0.9377419948577881,
            -0.3466322720050812,
            0.0
          ],
          [
            -0.006150797009468079,
            0.3465827703475952,
            0.9379992485046387,
            0.0
          ],
          [
            0.0,
            0.0,
            0.0,
            1.0
          ]
        ],
        "rotation_mode": "QUATERNION"
      },
      "armature_space": {
        "head": {
          "x": 0.6981191039085388,
          "y": 0.011782373301684856,
          "z": 0.3074151873588562
        },
        "tail": {
          "x": 0.7001799941062927,
          "y": 0.03775888308882713,
          "z": 0.28551530838012695
        }
      },
      "world_space": {
        "head": {
          "x": 0.6981191039085388,
          "y": 0.07502637058496475,
          "z": 1.2572691440582275
        },
        "tail": {
          "x": 0.7001799941062927,
          "y": 0.10100288689136505,
          "z": 1.235369324684143
        },
        "rotation_quaternion": {
          "w": 0.8256095051765442,
          "x": -0.2859140634536743,
          "y": 0.44715026021003723,
          "z": -0.19151711463928223
        },
        "matrix": [
          [
            0.5267559289932251,
            0.060545414686203,
            0.8478573560714722,
            0.6981191039085388
          ],
          [
            -0.5719301700592041,
            0.7631491422653198,
            0.3008319139480591,
            0.07502637058496475
          ],
          [
            -0.6288323402404785,
            -0.6433841586112976,
            0.43662434816360474,
            1.2572691440582275
          ],
          [
            0.0,
            0.0,
            0.0,
            1.0
          ]
        ]
      },
      "bone_length_armature_space": 0.03403866876181398,
      "parent": "metacarpal_thumb_l",
      "has_children": true,
      "is_end_bone": false
    },
    "thumb_02_l": {
      "name": "thumb_02_l",
      "local": {
        "location": {
          "x": 0.0,
          "y": 0.0,
          "z": 0.0
        },
        "rotation_quaternion": {
          "w": 0.92847740650177,
          "x": 0.3711748719215393,
          "y": -0.01197091955691576,
          "z": -0.003957029432058334
        },
        "scale": {
          "x": 1.0,
          "y": 1.0,
          "z": 1.0
        },
        "matrix_basis": [
          [
            0.9996820688247681,
            -0.001538584241643548,
            -0.025166956707835197,
            0.0
          ],
          [
            -0.016234634444117546,
            0.7244271039962769,
            -0.6891602277755737,
            0.0
          ],
          [
            0.0192919559776783,
            0.6893497109413147,
            0.7241718173027039,
            0.0
          ],
          [
            0.0,
            0.0,
            0.0,
            1.0
          ]
        ],
        "rotation_mode": "QUATERNION"
      },
      "armature_space": {
        "head": {
          "x": 0.7001798748970032,
          "y": 0.037758879363536835,
          "z": 0.28551530838012695
        },
        "tail": {
          "x": 0.7379289865493774,
          "y": 0.02431868389248848,
          "z": 0.28826209902763367
        }
      },
      "world_space": {
        "head": {
          "x": 0.7001798748970032,
          "y": 0.10100287944078445,
          "z": 1.235369324684143
        },
        "tail": {
          "x": 0.7379289865493774,
          "y": 0.0875626802444458,
          "z": 1.2381161451339722
        },
        "rotation_quaternion": {
          "w": 0.5474813580513,
          "x": 0.31267353892326355,
          "y": 0.18151667714118958,
          "z": -0.754686176776886
        },
        "matrix": [
          [
            -0.2049979567527771,
            0.9398647546768188,
            -0.2731843888759613,
            0.7001798748970032
          ],
          [
            -0.7128427624702454,
            -0.33462953567504883,
            -0.616343080997467,
            0.10100287944078445
          ],
          [
            -0.670699954032898,
            0.06838873028755188,
            0.7385789155960083,
            1.235369324684143
          ],
          [
            0.0,
            0.0,
            0.0,
            1.0
          ]
        ]
      },
      "bone_length_armature_space": 0.040164402193477396,
      "parent": "thumb_01_l",
      "has_children": true,
      "is_end_bone": false
    },
    "thumb_03_l": {
      "name": "thumb_03_l",
      "local": {
        "location": {
          "x": 0.0,
          "y": 0.0,
          "z": 0.0
        },
        "rotation_quaternion": {
          "w": 0.9791237711906433,
          "x": 0.20295584201812744,
          "y": 0.005972334183752537,
          "z": 0.00948303285986185
        },
        "scale": {
          "x": 1.0,
          "y": 1.0,
          "z": 1.0
        },
        "matrix_basis": [
          [
            0.9997488260269165,
            -0.01614588499069214,
            0.015544582158327103,
            0.0
          ],
          [
            0.020994365215301514,
            0.9174379706382751,
            -0.39732450246810913,
            0.0
          ],
          [
            -0.007846035063266754,
            0.3975510597229004,
            0.9175465106964111,
            0.0
          ],
          [
            0.0,
            0.0,
            0.0,
            1.0
          ]
        ],
        "rotation_mode": "QUATERNION"
      },
      "armature_space": {
        "head": {
          "x": 0.7379289269447327,
          "y": 0.024318696931004524,
          "z": 0.2882620096206665
        },
        "tail": {
          "x": 0.7555090188980103,
          "y": 0.004969686269760132,
          "z": 0.3038649260997772
        }
      },
      "world_space": {
        "head": {
          "x": 0.7379289269447327,
          "y": 0.087562695145607,
          "z": 1.2381160259246826
        },
        "tail": {
          "x": 0.7555090188980103,
          "y": 0.06821368634700775,
          "z": 1.2537189722061157
        },
        "rotation_quaternion": {
          "w": 0.4263981282711029,
          "x": 0.6317712068557739,
          "y": 0.020307118073105812,
          "z": -0.6470220685005188
        },
        "matrix": [
          [
            0.16190111637115479,
            0.5774393081665039,
            -0.8002196550369263,
            0.7379289269447327
          ],
          [
            -0.526119589805603,
            -0.6355422735214233,
            -0.5650529861450195,
            0.087562695145607
          ],
          [
            -0.8348634243011475,
            0.5124971270561218,
            0.20090818405151367,
            1.2381160259246826
          ],
          [
            0.0,
            0.0,
            0.0,
            1.0
          ]
        ]
      },
      "bone_length_armature_space": 0.03044494807630559,
      "parent": "thumb_02_l",
      "has_children": false,
      "is_end_bone": true
    },
    "metacarpal_index_l": {
      "name": "metacarpal_index_l",
      "local": {
        "location": {
          "x": 0.0,
          "y": 0.0,
          "z": 0.0
        },
        "rotation_quaternion": {
          "w": 0.9997195601463318,
          "x": -0.013569915667176247,
          "y": -0.008034717291593552,
          "z": -0.01766972802579403
        },
        "scale": {
          "x": 1.0,
          "y": 1.0,
          "z": 1.0
        },
        "matrix_basis": [
          [
            0.9992464184761047,
            0.03554760664701462,
            -0.015585375018417835,
            0.0
          ],
          [
            -0.03511148318648338,
            0.9990072846412659,
            0.027416162192821503,
            0.0
          ],
          [
            0.016544481739401817,
            -0.02684827707707882,
            0.9995025992393494,
            0.0
          ],
          [
            0.0,
            0.0,
            0.0,
            1.0
          ]
        ],
        "rotation_mode": "QUATERNION"
      },
      "armature_space": {
        "head": {
          "x": 0.6834213733673096,
          "y": 0.009620577096939087,
          "z": 0.3546689748764038
        },
        "tail": {
          "x": 0.7599510550498962,
          "y": 0.017045045271515846,
          "z": 0.2662528455257416
        }
      },
      "world_space": {
        "head": {
          "x": 0.6834213733673096,
          "y": 0.0728645771741867,
          "z": 1.30452299118042
        },
        "tail": {
          "x": 0.7599510550498962,
          "y": 0.08028904348611832,
          "z": 1.21610689163208
        },
        "rotation_quaternion": {
          "w": 0.4471012055873871,
          "x": -0.671066164970398,
          "y": -0.5760049819946289,
          "z": 0.1341230720281601
        },
        "matrix": [
          [
            0.30045485496520996,
            0.6531410217285156,
            -0.6950780153274536,
            0.6834213733673096
          ],
          [
            0.8930100798606873,
            0.06336398422718048,
            0.4455541670322418,
            0.0728645771741867
          ],
          [
            0.3350556492805481,
            -0.754585862159729,
            -0.5642271041870117,
            1.30452299118042
          ],
          [
            0.0,
            0.0,
            0.0,
            1.0
          ]
        ]
      },
      "bone_length_armature_space": 0.11717220873459054,
      "parent": "lowerarm_l",
      "has_children": true,
      "is_end_bone": false
    },
    "index_01_l": {
      "name": "index_01_l",
      "local": {
        "location": {
          "x": 0.0,
          "y": 0.0,
          "z": 0.0
        },
        "rotation_quaternion": {
          "w": 0.9764481782913208,
          "x": 0.21503065526485443,
          "y": -0.00989280641078949,
          "z": 0.014594128355383873
        },
        "scale": {
          "x": 1.0,
          "y": 1.0,
          "z": 1.0
        },
        "matrix_basis": [
          [
            0.9993782639503479,
            -0.03275533393025398,
            -0.013043255545198917,
            0.0
          ],
          [
            0.024246307089924812,
            0.9070976376533508,
            -0.42022132873535156,
            0.0
          ],
          [
            0.025595994666218758,
            0.4196438193321228,
            0.9073278903961182,
            0.0
          ],
          [
            0.0,
            0.0,
            0.0,
            1.0
          ]
        ],
        "rotation_mode": "QUATERNION"
      },
      "armature_space": {
        "head": {
          "x": 0.7599510550498962,
          "y": 0.017045045271515846,
          "z": 0.2662528455257416
        },
        "tail": {
          "x": 0.7735690474510193,
          "y": 0.030200079083442688,
          "z": 0.244932159781456
        }
      },
      "world_space": {
        "head": {
          "x": 0.7599510550498962,
          "y": 0.08028904348611832,
          "z": 1.21610689163208
        },
        "tail": {
          "x": 0.7735690474510193,
          "y": 0.09344407916069031,
          "z": 1.1947861909866333
        },
        "rotation_quaternion": {
          "w": 0.5387399196624756,
          "x": -0.49253731966018677,
          "y": -0.6636521816253662,
          "z": 0.16349945962429047
        },
        "matrix": [
          [
            0.06566837430000305,
            0.47758254408836365,
            -0.876129150390625,
            0.7599510550498962
          ],
          [
            0.8299150466918945,
            0.4613475799560547,
            0.3136875033378601,
            0.08028904348611832
          ],
          [
            0.5540162920951843,
            -0.7477171421051025,
            -0.3660593032836914,
            1.21610689163208
          ],
          [
            0.0,
            0.0,
            0.0,
            1.0
          ]
        ]
      },
      "bone_length_armature_space": 0.028514492581120304,
      "parent": "metacarpal_index_l",
      "has_children": true,
      "is_end_bone": false
    },
    "index_02_l": {
      "name": "index_02_l",
      "local": {
        "location": {
          "x": 0.0,
          "y": 0.0,
          "z": 0.0
        },
        "rotation_quaternion": {
          "w": 0.9260091185569763,
          "x": 0.37745437026023865,
          "y": -0.0009881467558443546,
          "z": 0.0058651030994951725
        },
        "scale": {
          "x": 1.0,
          "y": 1.0,
          "z": 1.0
        },
        "matrix_basis": [
          [
            0.9999292492866516,
            -0.011608238331973553,
            0.002597551792860031,
            0.0
          ],
          [
            0.010116317309439182,
            0.714987576007843,
            -0.6990639567375183,
            0.0
          ],
          [
            0.006257683504372835,
            0.6990407705307007,
            0.715054452419281,
            0.0
          ],
          [
            0.0,
            0.0,
            0.0,
            1.0
          ]
        ],
        "rotation_mode": "QUATERNION"
      },
      "armature_space": {
        "head": {
          "x": 0.773568868637085,
          "y": 0.030200159177184105,
          "z": 0.24493162333965302
        },
        "tail": {
          "x": 0.7674823999404907,
          "y": 0.043625202029943466,
          "z": 0.22393593192100525
        }
      },
      "world_space": {
        "head": {
          "x": 0.773568868637085,
          "y": 0.09344416111707687,
          "z": 1.1947855949401855
        },
        "tail": {
          "x": 0.7674823999404907,
          "y": 0.10686920583248138,
          "z": 1.1737899780273438
        },
        "rotation_quaternion": {
          "w": 0.6545063853263855,
          "x": -0.2617304027080536,
          "y": -0.5773087739944458,
          "z": 0.4121081829071045
        },
        "matrix": [
          [
            -0.006236799526959658,
            -0.23725959658622742,
            -0.9714261293411255,
            0.773568868637085
          ],
          [
            0.8416542410850525,
            0.5233268737792969,
            -0.1332201063632965,
            0.09344416111707687
          ],
          [
            0.5399855971336365,
            -0.8184412717819214,
            0.19642803072929382,
            1.1947855949401855
          ],
          [
            0.0,
            0.0,
            0.0,
            1.0
          ]
        ]
      },
      "bone_length_armature_space": 0.02565338077632068,
      "parent": "index_01_l",
      "has_children": true,
      "is_end_bone": false
    },
    "index_03_l": {
      "name": "index_03_l",
      "local": {
        "location": {
          "x": 0.0,
          "y": 0.0,
          "z": 0.0
        },
        "rotation_quaternion": {
          "w": 0.9665939211845398,
          "x": 0.2563014328479767,
          "y": 0.00038897403283044696,
          "z": 0.002355614211410284
        },
        "scale": {
          "x": 1.0,
          "y": 1.0,
          "z": 1.0
        },
        "matrix_basis": [
          [
            0.9999886155128479,
            -0.004354455508291721,
            0.0019594545010477304,
            0.0
          ],
          [
            0.00475323386490345,
            0.8686080574989319,
            -0.49547699093818665,
            0.0
          ],
          [
            0.0004555347259156406,
            0.49548065662384033,
            0.8686188459396362,
            0.0
          ],
          [
            0.0,
            0.0,
            0.0,
            1.0
          ]
        ],
        "rotation_mode": "QUATERNION"
      },
      "armature_space": {
        "head": {
          "x": 0.7674825191497803,
          "y": 0.04362519457936287,
          "z": 0.22393590211868286
        },
        "tail": {
          "x": 0.745661735534668,
          "y": 0.056526023894548416,
          "z": 0.20940472185611725
        }
      },
      "world_space": {
        "head": {
          "x": 0.7674825191497803,
          "y": 0.10686919093132019,
          "z": 1.1737899780273438
        },
        "tail": {
          "x": 0.745661735534668,
          "y": 0.11977002024650574,
          "z": 1.1592587232589722
        },
        "rotation_quaternion": {
          "w": 0.7356745600700378,
          "x": -0.034284815192222595,
          "y": -0.4237302839756012,
          "z": 0.5273140072822571
        },
        "matrix": [
          [
            0.08478329330682755,
            -0.7468100786209106,
            -0.6596105694770813,
            0.7674825191497803
          ],
          [
            0.8049184679985046,
            0.4415266811847687,
            -0.39643529057502747,
            0.10686919093132019
          ],
          [
            0.5873023867607117,
            -0.4973248243331909,
            0.6385595798492432,
            1.1737899780273438
          ],
          [
            0.0,
            0.0,
            0.0,
            1.0
          ]
        ]
      },
      "bone_length_armature_space": 0.029218713486554287,
      "parent": "index_02_l",
      "has_children": false,
      "is_end_bone": true
    },
    "metacarpal_pinky_l": {
      "name": "metacarpal_pinky_l",
      "local": {
        "location": {
          "x": 0.0,
          "y": 0.0,
          "z": 0.0
        },
        "rotation_quaternion": {
          "w": 0.999803364276886,
          "x": 0.013355080969631672,
          "y": -0.00795510783791542,
          "z": -0.012311125174164772
        },
        "scale": {
          "x": 1.0,
          "y": 1.0,
          "z": 1.0
        },
        "matrix_basis": [
          [
            0.9995703101158142,
            0.024404926225543022,
            -0.016235919669270515,
            0.0
          ],
          [
            -0.024829890578985214,
            0.9993401765823364,
            -0.026509037241339684,
            0.0
          ],
          [
            0.0155782550573349,
            0.02690078318119049,
            0.9995167255401611,
            0.0
          ],
          [
            0.0,
            0.0,
            0.0,
            1.0
          ]
        ],
        "rotation_mode": "QUATERNION"
      },
      "armature_space": {
        "head": {
          "x": 0.6834213733673096,
          "y": 0.009620577096939087,
          "z": 0.3546689748764038
        },
        "tail": {
          "x": 0.7790315747261047,
          "y": 0.0343630388379097,
          "z": 0.3216579854488373
        }
      },
      "world_space": {
        "head": {
          "x": 0.6834213733673096,
          "y": 0.0728645771741867,
          "z": 1.30452299118042
        },
        "tail": {
          "x": 0.7790315747261047,
          "y": 0.09760703891515732,
          "z": 1.2715120315551758
        },
        "rotation_quaternion": {
          "w": 0.5008704662322998,
          "x": 0.32171687483787537,
          "y": 0.6065759062767029,
          "z": -0.5269657373428345
        },
        "matrix": [
          [
            -0.29125362634658813,
            0.9181745648384094,
            0.26856380701065063,
            0.6834213733673096
          ],
          [
            -0.13759450614452362,
            0.23760952055454254,
            -0.9615664482116699,
            0.0728645771741867
          ],
          [
            -0.9467059969902039,
            -0.3170146644115448,
            0.05713072419166565,
            1.30452299118042
          ],
          [
            0.0,
            0.0,
            0.0,
            1.0
          ]
        ]
      },
      "bone_length_armature_space": 0.10413081134425478,
      "parent": "lowerarm_l",
      "has_children": true,
      "is_end_bone": false
    },
    "pinky_01_l": {
      "name": "pinky_01_l",
      "local": {
        "location": {
          "x": 0.0,
          "y": 0.0,
          "z": 0.0
        },
        "rotation_quaternion": {
          "w": 0.93918776512146,
          "x": 0.34236207604408264,
          "y": 0.006926967296749353,
          "z": 0.025821447372436523
        },
        "scale": {
          "x": 1.0,
          "y": 1.0,
          "z": 1.0
        },
        "matrix_basis": [
          [
            0.9985705614089966,
            -0.043759312480688095,
            0.03069201484322548,
            0.0
          ],
          [
            0.053245436400175095,
            0.764242947101593,
            -0.6427268385887146,
            0.0
          ],
          [
            0.004669122863560915,
            0.6434422731399536,
            0.7654804587364197,
            0.0
          ],
          [
            0.0,
            0.0,
            0.0,
            1.0
          ]
        ],
        "rotation_mode": "QUATERNION"
      },
      "armature_space": {
        "head": {
          "x": 0.7790315747261047,
          "y": 0.0343630388379097,
          "z": 0.3216579854488373
        },
        "tail": {
          "x": 0.7862774133682251,
          "y": 0.04963168874382973,
