{
  "metadata": {
    "armature_name": "KIM_caucasian_male",
    "export_time": "2026-01-13T20:26:00.756292",
    "blender_version": "4.4.1",
    "bone_count": 56,
    "end_bone_count": 13,
    "spaces_included": [
      "LOCAL_CHANNELS",
      "ARMATURE_SPACE",
      "WORLD_SPACE"
    ],
    "note": "LOCAL matches Transform panel; replay pose via local.matrix_basis for best fidelity."
  },
  "bones": {
    "Root": {
      "name": "Root",
      "local": {
        "location": {
          "x": 0.0,
          "y": 0.0,
          "z": 0.0
        },
        "rotation_quaternion": {
          "w": 0.9997063875198364,
          "x": -0.018234362825751305,
          "y": 0.00016793608665466309,
          "z": -0.015960125252604485
        },
        "scale": {
          "x": 1.0,
          "y": 1.0,
          "z": 1.0
        },
        "matrix_basis": [
          [
            0.99949049949646,
            0.03190475329756737,
            0.0009178189793601632,
            0.0
          ],
          [
            -0.03191700205206871,
            0.9988255500793457,
            0.03645265847444534,
            0.0
          ],
          [
            0.00024627186940051615,
            -0.036463379859924316,
            0.9993349313735962,
            0.0
          ],
          [
            0.0,
            0.0,
            0.0,
            1.0
          ]
        ],
        "rotation_mode": "QUATERNION"
      },
      "armature_space": {
        "head": {
          "x": 0.0,
          "y": 0.07072800397872925,
          "z": -0.009595036506652832
        },
        "tail": {
          "x": 0.0022772294469177723,
          "y": 0.0004329383373260498,
          "z": 0.0025677308440208435
        }
      },
      "world_space": {
        "head": {
          "x": 0.0,
          "y": 0.13397200405597687,
          "z": 0.9402589797973633
        },
        "tail": {
          "x": 0.0022772294469177723,
          "y": 0.06367693841457367,
          "z": 0.9524217247962952
        },
        "rotation_quaternion": {
          "w": 0.08554081618785858,
          "x": 0.9962068200111389,
          "y": 0.015935182571411133,
          "z": -0.0009076475398615003
        },
        "matrix": [
          [
            0.99949049949646,
            0.03190475329756737,
            0.0009178189793601632,
            0.0
          ],
          [
            0.03159419074654579,
            -0.9848576188087463,
            -0.17046207189559937,
            0.13397200405597687
          ],
          [
            -0.004534631036221981,
            0.17040447890758514,
            -0.9853708148002625,
            0.9402589797973633
          ],
          [
            0.0,
            0.0,
            0.0,
            1.0
          ]
        ]
      },
      "bone_length_armature_space": 0.07137587195243929,
      "parent": null,
      "has_children": true,
      "is_end_bone": false
    },
    "spine_01": {
      "name": "spine_01",
      "local": {
        "location": {
          "x": 0.0,
          "y": 0.0,
          "z": 0.0
        },
        "rotation_quaternion": {
          "w": 0.9936012029647827,
          "x": 0.10367733240127563,
          "y": -0.008975258097052574,
          "z": -0.04390072077512741
        },
        "scale": {
          "x": 1.0,
          "y": 1.0,
          "z": 1.0
        },
        "matrix_basis": [
          [
            0.9959843158721924,
            0.08537855744361877,
            -0.026938673108816147,
            0.0
          ],
          [
            -0.089100681245327,
            0.9746474623680115,
            -0.20523980259895325,
            0.0
          ],
          [
            0.008732635527849197,
            0.20681588351726532,
            0.9783409237861633,
            0.0
          ],
          [
            0.0,
            0.0,
            0.0,
            1.0
          ]
        ],
        "rotation_mode": "QUATERNION"
      },
      "armature_space": {
        "head": {
          "x": 0.0022772294469177723,
          "y": 0.0004329383373260498,
          "z": 0.0025677308440208435
        },
        "tail": {
          "x": 0.0480366013944149,
          "y": -0.05922151356935501,
          "z": 0.48474591970443726
        }
      },
      "world_space": {
        "head": {
          "x": 0.0022772294469177723,
          "y": 0.06367693841457367,
          "z": 0.9524217247962952
        },
        "tail": {
          "x": 0.0480366013944149,
          "y": 0.004022486507892609,
          "z": 1.4345998764038086
        },
        "rotation_quaternion": {
          "w": 0.661475658416748,
          "x": 0.7484939694404602,
          "y": 0.036449071019887924,
          "z": -0.029634566977620125
        },
        "matrix": [
          [
            0.9955864548683167,
            0.09376896917819977,
            0.0038583707064390182,
            0.0022772294469177723
          ],
          [
            0.015359305776655674,
            -0.12224242091178894,
            -0.9923814535140991,
            0.06367693841457367
          ],
          [
            -0.0925835520029068,
            0.9880675673484802,
            -0.12314487248659134,
            0.9524217247962952
          ],
          [
            0.0,
            0.0,
            0.0,
            1.0
          ]
        ]
      },
      "bone_length_armature_space": 0.4880044810774454,
      "parent": "Root",
      "has_children": true,
      "is_end_bone": false
    },
    "neck_01": {
      "name": "neck_01",
      "local": {
        "location": {
          "x": 0.0,
          "y": 0.0,
          "z": 0.0
        },
        "rotation_quaternion": {
          "w": 0.9970825910568237,
          "x": -0.0518130287528038,
          "y": -0.017359664663672447,
          "z": -0.053294409066438675
        },
        "scale": {
          "x": 1.0,
          "y": 1.0,
          "z": 1.0
        },
        "matrix_basis": [
          [
            0.9937167167663574,
            0.10807676613330841,
            -0.029095349833369255,
            0.0
          ],
          [
            -0.10447894036769867,
            0.988950252532959,
            0.10517408698797226,
            0.0
          ],
          [
            0.040140729397535324,
            -0.10147339105606079,
            0.9940280914306641,
            0.0
          ],
          [
            0.0,
            0.0,
            0.0,
            1.0
          ]
        ],
        "rotation_mode": "QUATERNION"
      },
      "armature_space": {
        "head": {
          "x": 0.0550360307097435,
          "y": -0.10258814692497253,
          "z": 0.5528200268745422
        },
        "tail": {
          "x": 0.07536111772060394,
          "y": -0.14305664598941803,
          "z": 0.6447979211807251
        }
      },
      "world_space": {
        "head": {
          "x": 0.0550360307097435,
          "y": -0.039344146847724915,
          "z": 1.5026741027832031
        },
        "tail": {
          "x": 0.07536111772060394,
          "y": -0.07981264591217041,
          "z": 1.5946519374847412
        },
        "rotation_quaternion": {
          "w": 0.5458255410194397,
          "x": 0.8315200805664062,
          "y": 0.06861601024866104,
          "z": -0.07707682251930237
        },
        "matrix": [
          [
            0.9787019491195679,
            0.19825229048728943,
            -0.053276095539331436,
            0.0550360307097435
          ],
          [
            0.029971111565828323,
            -0.39473244547843933,
            -0.9183072447776794,
            -0.039344146847724915
          ],
          [
            -0.2030876874923706,
            0.8971582651138306,
            -0.39227086305618286,
            1.5026741027832031
          ],
          [
            0.0,
            0.0,
            0.0,
            1.0
          ]
        ]
      },
      "bone_length_armature_space": 0.1025219084094261,
      "parent": "spine_01",
      "has_children": true,
      "is_end_bone": false
    },
    "head": {
      "name": "head",
      "local": {
        "location": {
          "x": 0.0,
          "y": 0.0,
          "z": 0.0
        },
        "rotation_quaternion": {
          "w": 0.9803993105888367,
          "x": 0.06470920890569687,
          "y": 0.12052338570356369,
          "z": 0.14178907871246338
        },
        "scale": {
          "x": 1.0,
          "y": 1.0,
          "z": 1.0
        },
        "matrix_basis": [
          [
            0.9307399392127991,
            -0.2624218761920929,
            0.25467219948768616,
            0.0
          ],
          [
            0.29361778497695923,
            0.9514171481132507,
            -0.0927039310336113,
            0.0
          ],
          [
            -0.21797196567058563,
            0.16105952858924866,
            0.9625736474990845,
            0.0
          ],
          [
            0.0,
            0.0,
            0.0,
            1.0
          ]
        ],
        "rotation_mode": "QUATERNION"
      },
      "armature_space": {
        "head": {
          "x": 0.07536110281944275,
          "y": -0.1430567502975464,
          "z": 0.6447977423667908
        },
        "tail": {
          "x": 0.06602251529693604,
          "y": -0.1744314432144165,
          "z": 0.796394944190979
        }
      },
      "world_space": {
        "head": {
          "x": 0.07536110281944275,
          "y": -0.07981275022029877,
          "z": 1.594651699066162
        },
        "tail": {
          "x": 0.06602251529693604,
          "y": -0.11118744313716888,
          "z": 1.7462489604949951
        },
        "rotation_quaternion": {
          "w": 0.6290493607521057,
          "x": 0.766578197479248,
          "y": 0.056097906082868576,
          "z": 0.11622371524572372
        },
        "matrix": [
          [
            0.9666902422904968,
            -0.06021391972899437,
            0.248765230178833,
            0.07536110281944275
          ],
          [
            0.23222725093364716,
            -0.20229962468147278,
            -0.9513912796974182,
            -0.07981275022029877
          ],
          [
            0.10761314630508423,
            0.9774775505065918,
            -0.18157988786697388,
            1.594651699066162
          ],
          [
            0.0,
            0.0,
            0.0,
            1.0
          ]
        ]
      },
      "bone_length_armature_space": 0.15509123559843951,
      "parent": "neck_01",
      "has_children": false,
      "is_end_bone": true
    },
    "upperarm_l": {
      "name": "upperarm_l",
      "local": {
        "location": {
          "x": 0.0,
          "y": 0.0,
          "z": 0.0
        },
        "rotation_quaternion": {
          "w": 0.9169467687606812,
          "x": -0.23893621563911438,
          "y": 0.04165259376168251,
          "z": -0.3168332874774933
        },
        "scale": {
          "x": 1.0,
          "y": 1.0,
          "z": 1.0
        },
        "matrix_basis": [
          [
            0.7957634329795837,
            0.5611339211463928,
            0.22779232263565063,
            0.0
          ],
          [
            -0.6009431481361389,
            0.6850523352622986,
            0.4117897152900696,
            0.0
          ],
          [
            0.075019471347332,
            -0.46457743644714355,
            0.8823490738868713,
            0.0
          ],
          [
            0.0,
            0.0,
            0.0,
            1.0
          ]
        ],
        "rotation_mode": "QUATERNION"
      },
      "armature_space": {
        "head": {
          "x": 0.19808430969715118,
          "y": -0.09523344039916992,
          "z": 0.47213396430015564
        },
        "tail": {
          "x": 0.3577527403831482,
          "y": 0.06005831062793732,
          "z": 0.32314279675483704
        }
      },
      "world_space": {
        "head": {
          "x": 0.19808430969715118,
          "y": -0.0319894403219223,
          "z": 1.4219880104064941
        },
        "tail": {
          "x": 0.3577527403831482,
          "y": 0.12330231070518494,
          "z": 1.2729967832565308
        },
        "rotation_quaternion": {
          "w": 0.35044530034065247,
          "x": 0.18471552431583405,
          "y": 0.8166666030883789,
          "z": -0.4196711778640747
        },
        "matrix": [
          [
            -0.6861369609832764,
            0.5958456993103027,
            0.41735365986824036,
            0.19808430969715118
          ],
          [
            0.0075598061084747314,
            0.5795129537582397,
            -0.8149281740188599,
            -0.0319894403219223
          ],
          [
            -0.72743821144104,
            -0.5560005903244019,
            -0.40213316679000854,
            1.4219880104064941
          ],
          [
            0.0,
            0.0,
            0.0,
            1.0
          ]
        ]
      },
      "bone_length_armature_space": 0.26796996530640943,
      "parent": "spine_01",
      "has_children": true,
      "is_end_bone": false
    },
    "lowerarm_l": {
      "name": "lowerarm_l",
      "local": {
        "location": {
          "x": 0.0,
          "y": 0.0,
          "z": 0.0
        },
        "rotation_quaternion": {
          "w": 0.8981906175613403,
          "x": 0.4129953980445862,
          "y": 0.1441650688648224,
          "z": -0.04364633187651634
        },
        "scale": {
          "x": 1.0,
          "y": 1.0,
          "z": 1.0
        },
        "matrix_basis": [
          [
            0.9546228647232056,
            0.19748447835445404,
            0.22292394936084747,
            0.0
          ],
          [
            0.04067356884479523,
            0.6550595760345459,
            -0.7544817328453064,
            0.0
          ],
          [
            -0.29502689838409424,
            0.7293126583099365,
            0.6173024773597717,
            0.0
          ],
          [
            0.0,
            0.0,
            0.0,
            1.0
          ]
        ],
        "rotation_mode": "QUATERNION"
      },
      "armature_space": {
        "head": {
          "x": 0.3577529191970825,
          "y": 0.06005832552909851,
          "z": 0.3231428265571594
        },
        "tail": {
          "x": 0.5310791730880737,
          "y": -0.030592821538448334,
          "z": 0.14063189923763275
        }
      },
      "world_space": {
        "head": {
          "x": 0.3577529191970825,
          "y": 0.12330232560634613,
          "z": 1.2729969024658203
        },
        "tail": {
          "x": 0.5310791730880737,
          "y": 0.032651178538799286,
          "z": 1.09048593044281
        },
        "rotation_quaternion": {
          "w": 0.15411528944969177,
          "x": 0.38378095626831055,
          "y": 0.5539166331291199,
          "z": -0.7225905656814575
        },
        "matrix": [
          [
            -0.6579223275184631,
            0.647889256477356,
            -0.3838983178138733,
            0.3577529191970825
          ],
          [
            0.20243816077709198,
            -0.33885177969932556,
            -0.9188028573989868,
            0.12330232560634613
          ],
          [
            -0.7253717184066772,
            -0.6822214126586914,
            0.0917803943157196,
            1.2729969024658203
          ],
          [
            0.0,
            0.0,
            0.0,
            1.0
          ]
        ]
      },
      "bone_length_armature_space": 0.26752543800830764,
      "parent": "upperarm_l",
      "has_children": true,
      "is_end_bone": false
    },
    "metacarpal_thumb_l": {
      "name": "metacarpal_thumb_l",
      "local": {
        "location": {
          "x": 0.0,
          "y": 0.0,
          "z": 0.0
        },
        "rotation_quaternion": {
          "w": 0.9997286796569824,
          "x": -0.01737547293305397,
          "y": -0.010828991420567036,
          "z": 0.011118553578853607
        },
        "scale": {
          "x": 1.0,
          "y": 1.0,
          "z": 1.0
        },
        "matrix_basis": [
          [
            0.9995182156562805,
            -0.021854756399989128,
            -0.02203848771750927,
            0.0
          ],
          [
            0.022607391700148582,
            0.999148964881897,
            0.03450071066617966,
            0.0
          ],
          [
            0.021265726536512375,
            -0.03498232364654541,
            0.9991616606712341,
            0.0
          ],
          [
            0.0,
            0.0,
            0.0,
            1.0
          ]
        ],
        "rotation_mode": "QUATERNION"
      },
      "armature_space": {
        "head": {
          "x": 0.5310791730880737,
          "y": -0.030592821538448334,
          "z": 0.14063189923763275
        },
        "tail": {
          "x": 0.5398327112197876,
          "y": -0.06985823810100555,
          "z": 0.11173206567764282
        }
      },
      "world_space": {
        "head": {
          "x": 0.5310791730880737,
          "y": 0.032651178538799286,
          "z": 1.09048593044281
        },
        "tail": {
          "x": 0.5398327112197876,
          "y": -0.006614238023757935,
          "z": 1.0615861415863037
        },
        "rotation_quaternion": {
          "w": 0.24582752585411072,
          "x": -0.8690934777259827,
          "y": -0.20789006352424622,
          "z": 0.3755355179309845
        },
        "matrix": [
          [
            0.63150954246521,
            0.1767192929983139,
            -0.7549610137939453,
            0.5310791730880737
          ],
          [
            0.545985996723175,
            -0.7927015423774719,
            0.2711527347564697,
            0.032651178538799286
          ],
          [
            -0.5505441427230835,
            -0.5834381580352783,
            -0.5970885753631592,
            1.09048593044281
          ],
          [
            0.0,
            0.0,
            0.0,
            1.0
          ]
        ]
      },
      "bone_length_armature_space": 0.049533804260755016,
      "parent": "lowerarm_l",
      "has_children": true,
      "is_end_bone": false
    },
    "thumb_01_l": {
      "name": "thumb_01_l",
      "local": {
        "location": {
          "x": 0.0,
          "y": 0.0,
          "z": 0.0
        },
        "rotation_quaternion": {
          "w": 0.9637904167175293,
          "x": 0.26600381731987,
          "y": -0.006611323449760675,
          "z": 0.017505578696727753
        },
        "scale": {
          "x": 1.0,
          "y": 1.0,
          "z": 1.0
        },
        "matrix_basis": [
          [
            0.9992997050285339,
            -0.037260692566633224,
            -0.003430758835747838,
            0.0
          ],
          [
            0.030226143077015877,
            0.8578710556030273,
            -0.5129753351211548,
            0.0
          ],
          [
            0.022056961432099342,
            0.5125123858451843,
            0.8583965301513672,
            0.0
          ],
          [
            0.0,
            0.0,
            0.0,
            1.0
          ]
        ],
        "rotation_mode": "QUATERNION"
      },
      "armature_space": {
        "head": {
          "x": 0.5398327112197876,
          "y": -0.06985823810100555,
          "z": 0.11173206567764282
        },
        "tail": {
          "x": 0.5339016914367676,
          "y": -0.07150334119796753,
          "z": 0.07825435698032379
        }
      },
      "world_space": {
        "head": {
          "x": 0.5398327112197876,
          "y": -0.006614238023757935,
          "z": 1.0615861415863037
        },
        "tail": {
          "x": 0.5339016914367676,
          "y": -0.00825934112071991,
          "z": 1.0281083583831787
        },
        "rotation_quaternion": {
          "w": 0.5946772694587708,
          "x": -0.6785799264907837,
          "y": 0.3495619595050812,
          "z": -0.25237807631492615
        },
        "matrix": [
          [
            0.6282225847244263,
            -0.17424434423446655,
            0.7582714557647705,
            0.5398327112197876
          ],
          [
            -0.7745793461799622,
            -0.048330456018447876,
            0.6306276917457581,
            -0.006614238023757935
          ],
          [
            -0.07323683798313141,
            -0.9835225343704224,
            -0.16532909870147705,
            1.0615861415863037
          ],
          [
            0.0,
            0.0,
            0.0,
            1.0
          ]
        ]
      },
      "bone_length_armature_space": 0.034038806126258515,
      "parent": "metacarpal_thumb_l",
      "has_children": true,
      "is_end_bone": false
    },
    "thumb_02_l": {
      "name": "thumb_02_l",
      "local": {
        "location": {
          "x": 0.0,
          "y": 0.0,
          "z": 0.0
        },
        "rotation_quaternion": {
          "w": 0.8898539543151855,
          "x": 0.45610639452934265,
          "y": -0.01126260869204998,
          "z": -0.0003689216682687402
        },
        "scale": {
          "x": 1.0,
          "y": 1.0,
          "z": 1.0
        },
        "matrix_basis": [
          [
            0.9997460246086121,
            -0.00961732305586338,
            -0.020380688831210136,
            0.0
          ],
          [
            -0.010930468328297138,
            0.5839336514472961,
            -0.8117278218269348,
            0.0
          ],
          [
            0.01970761828124523,
            0.8117444515228271,
            0.5836802124977112,
            0.0
          ],
          [
            0.0,
            0.0,
            0.0,
            1.0
          ]
        ],
        "rotation_mode": "QUATERNION"
      },
      "armature_space": {
        "head": {
          "x": 0.5339016318321228,
          "y": -0.07150334119796753,
          "z": 0.07825438678264618
        },
        "tail": {
          "x": 0.5727732181549072,
          "y": -0.07112535089254379,
          "z": 0.08835572004318237
        }
      },
      "world_space": {
        "head": {
          "x": 0.5339016318321228,
          "y": -0.00825934112071991,
          "z": 1.0281083583831787
        },
        "tail": {
          "x": 0.5727732181549072,
          "y": -0.007881350815296173,
          "z": 1.0382096767425537
        },
        "rotation_quaternion": {
          "w": 0.6934226155281067,
          "x": 0.02463454380631447,
          "y": -0.1545005738735199,
          "z": -0.703340470790863
        },
        "matrix": [
          [
            -0.03711596503853798,
            0.9678122997283936,
            -0.2489222288131714,
            0.5339016318321228
          ],
          [
            -0.9830368161201477,
            0.00941111147403717,
            0.18316751718521118,
            -0.00825934112071991
          ],
          [
            0.17961479723453522,
            0.2514997124671936,
            0.951052188873291,
            1.0281083583831787
          ],
          [
            0.0,
            0.0,
            0.0,
            1.0
          ]
        ]
      },
      "bone_length_armature_space": 0.04016441236713472,
      "parent": "thumb_01_l",
      "has_children": true,
      "is_end_bone": false
    },
    "thumb_03_l": {
      "name": "thumb_03_l",
      "local": {
        "location": {
          "x": 0.0,
          "y": 0.0,
          "z": 0.0
        },
        "rotation_quaternion": {
          "w": 0.9883671402931213,
          "x": 0.15175093710422516,
          "y": -0.01007283478975296,
          "z": -0.0007252959767356515
        },
        "scale": {
          "x": 1.0,
          "y": 1.0,
          "z": 1.0
        },
        "matrix_basis": [
          [
            0.9997960329055786,
            -0.0016234067734330893,
            -0.020131446421146393,
            0.0
          ],
          [
            -0.004490841645747423,
            0.9539422392845154,
            -0.29995667934417725,
            0.0
          ],
          [
            0.019691189751029015,
            0.2999858856201172,
            0.9537403583526611,
            0.0
          ],
          [
            0.0,
            0.0,
            0.0,
            1.0
          ]
        ],
        "rotation_mode": "QUATERNION"
      },
      "armature_space": {
        "head": {
          "x": 0.5727732181549072,
          "y": -0.07112541794776917,
          "z": 0.0883556604385376
        },
        "tail": {
          "x": 0.5937747955322266,
          "y": -0.0667514055967331,
          "z": 0.10995888710021973
        }
      },
      "world_space": {
        "head": {
          "x": 0.5727732181549072,
          "y": -0.007881417870521545,
          "z": 1.0382096767425537
        },
        "tail": {
          "x": 0.5937747955322266,
          "y": -0.0035074055194854736,
          "z": 1.0598129034042358
        },
        "rotation_quaternion": {
          "w": 0.7285587787628174,
          "x": 0.3298395872116089,
          "y": -0.2025774121284485,
          "z": -0.565128743648529
        },
        "matrix": [
          [
            0.27918124198913574,
            0.6898229122161865,
            -0.6679841876029968,
            0.5727732181549072
          ],
          [
            -0.9570959806442261,
            0.14366988837718964,
            -0.2516475319862366,
            -0.007881417870521545
          ],
          [
            -0.07762430608272552,
            0.7095848917961121,
            0.700340986251831,
            1.0382096767425537
          ],
          [
            0.0,
            0.0,
            0.0,
            1.0
          ]
        ]
      },
      "bone_length_armature_space": 0.030444993453995803,
      "parent": "thumb_02_l",
      "has_children": false,
      "is_end_bone": true
    },
    "metacarpal_index_l": {
      "name": "metacarpal_index_l",
      "local": {
        "location": {
          "x": 0.0,
          "y": 0.0,
          "z": 0.0
        },
        "rotation_quaternion": {
          "w": 0.9997509121894836,
          "x": -0.018979324027895927,
          "y": 0.01088540256023407,
          "z": 0.004408075474202633
        },
        "scale": {
          "x": 1.0,
          "y": 1.0,
          "z": 1.0
        },
        "matrix_basis": [
          [
            0.9997241497039795,
            -0.009227150119841099,
            0.021598057821393013,
            0.0
          ],
          [
            0.008400759659707546,
            0.9992406964302063,
            0.038045160472393036,
            0.0
          ],
          [
            -0.021932706236839294,
            -0.03785322606563568,
            0.9990425705909729,
            0.0
          ],
          [
            0.0,
            0.0,
            0.0,
            1.0
          ]
        ],
        "rotation_mode": "QUATERNION"
      },
      "armature_space": {
        "head": {
          "x": 0.5310791730880737,
          "y": -0.030592821538448334,
          "z": 0.14063189923763275
        },
        "tail": {
          "x": 0.5894642472267151,
          "y": -0.09961079061031342,
          "z": 0.0660865381360054
        }
      },
      "world_space": {
        "head": {
          "x": 0.5310791730880737,
          "y": 0.032651178538799286,
          "z": 1.09048593044281
        },
        "tail": {
          "x": 0.5894642472267151,
          "y": -0.036366790533065796,
          "z": 1.015940546989441
        },
        "rotation_quaternion": {
          "w": 0.12706106901168823,
          "x": -0.724280595779419,
          "y": -0.4351305663585663,
          "z": 0.5195522904396057
        },
        "matrix": [
          [
            0.08145233988761902,
            0.49828627705574036,
            -0.8631781935691833,
            0.5310791730880737
          ],
          [
            0.7623432278633118,
            -0.5890325903892517,
            -0.2680929899215698,
            0.032651178538799286
          ],
          [
            -0.6420305967330933,
            -0.6362060308456421,
            -0.42784634232521057,
            1.09048593044281
          ],
          [
            0.0,
            0.0,
            0.0,
            1.0
          ]
        ]
      },
      "bone_length_armature_space": 0.11717212993439195,
      "parent": "lowerarm_l",
      "has_children": true,
      "is_end_bone": false
    },
    "index_01_l": {
      "name": "index_01_l",
      "local": {
        "location": {
          "x": 0.0,
          "y": 0.0,
          "z": 0.0
        },
        "rotation_quaternion": {
          "w": 0.9439594745635986,
          "x": 0.3298209309577942,
          "y": 0.010968714021146297,
          "z": 0.006200907286256552
        },
        "scale": {
          "x": 1.0,
          "y": 1.0,
          "z": 1.0
        },
        "matrix_basis": [
          [
            0.9996824860572815,
            -0.0044713872484862804,
            0.024798421189188957,
            0.0
          ],
          [
            0.01894223317503929,
            0.7823594212532043,
            -0.6225391626358032,
            0.0
          ],
          [
            -0.0166176650673151,
            0.6228111982345581,
            0.7821956872940063,
            0.0
          ],
          [
            0.0,
            0.0,
            0.0,
            1.0
          ]
        ],
        "rotation_mode": "QUATERNION"
      },
      "armature_space": {
        "head": {
          "x": 0.5894642472267151,
          "y": -0.09961079061031342,
          "z": 0.0660865381360054
        },
        "tail": {
          "x": 0.5889574289321899,
          "y": -0.11051946878433228,
          "z": 0.039746008813381195
        }
      },
      "world_space": {
        "head": {
          "x": 0.5894642472267151,
          "y": -0.036366790533065796,
          "z": 1.015940546989441
        },
        "tail": {
          "x": 0.5889574289321899,
          "y": -0.047275468707084656,
          "z": 0.9896000027656555
        },
        "rotation_quaternion": {
          "w": 0.3855637013912201,
          "x": -0.5653363466262817,
          "y": -0.40007129311561584,
          "z": 0.6096543669700623
        },
        "matrix": [
          [
            -0.06347203254699707,
            -0.01777324080467224,
            -0.9978255033493042,
            0.5894642472267151
          ],
          [
            0.9224709272384644,
            -0.3825676441192627,
            -0.05186420679092407,
            -0.036366790533065796
          ],
          [
            -0.3808155059814453,
            -0.9237633943557739,
            0.040677934885025024,
            1.015940546989441
          ],
          [
            0.0,
            0.0,
            0.0,
            1.0
          ]
        ]
      },
      "bone_length_armature_space": 0.028514551170792938,
      "parent": "metacarpal_index_l",
      "has_children": true,
      "is_end_bone": false
    },
    "index_02_l": {
      "name": "index_02_l",
      "local": {
        "location": {
          "x": 0.0,
          "y": 0.0,
          "z": 0.0
        },
        "rotation_quaternion": {
          "w": 0.8954672813415527,
          "x": 0.4449259042739868,
          "y": -0.013341936282813549,
          "z": 0.001186839654110372
        },
        "scale": {
          "x": 1.0,
          "y": 1.0,
          "z": 1.0
        },
        "matrix_basis": [
          [
            0.9996411800384521,
            -0.013997898437082767,
            -0.022838423028588295,
            0.0
          ],
          [
            -0.009746793657541275,
            0.6040790677070618,
            -0.7968648672103882,
            0.0
          ],
          [
            0.024950645864009857,
            0.7968015074729919,
            0.6037258505821228,
            0.0
          ],
          [
            0.0,
            0.0,
            0.0,
            1.0
          ]
        ],
        "rotation_mode": "QUATERNION"
      },
      "armature_space": {
        "head": {
          "x": 0.5889571905136108,
          "y": -0.11051984876394272,
          "z": 0.0397457554936409
        },
        "tail": {
          "x": 0.5689634084701538,
          "y": -0.11886859685182571,
          "z": 0.026011096313595772
        }
      },
      "world_space": {
        "head": {
          "x": 0.5889571905136108,
          "y": -0.0472758486866951,
          "z": 0.9895997643470764
        },
        "tail": {
          "x": 0.5689634084701538,
          "y": -0.055624596774578094,
          "z": 0.9758651256561279
        },
        "rotation_quaternion": {
          "w": 0.5687796473503113,
          "x": -0.315876305103302,
          "y": -0.11733029782772064,
          "z": 0.7502970099449158
        },
        "matrix": [
          [
            -0.1534220278263092,
            -0.7793847322463989,
            -0.6074714660644531,
            0.5889571905136108
          ],
          [
            0.9276309013366699,
            -0.32544583082199097,
            0.18326573073863983,
            -0.0472758486866951
          ],
          [
            -0.34053483605384827,
            -0.5353960990905762,
            0.7729172110557556,
            0.9895997643470764
          ],
          [
            0.0,
            0.0,
            0.0,
            1.0
          ]
        ]
      },
      "bone_length_armature_space": 0.02565333851605928,
      "parent": "index_01_l",
      "has_children": true,
      "is_end_bone": false
    },
    "index_03_l": {
      "name": "index_03_l",
      "local": {
        "location": {
          "x": 0.0,
          "y": 0.0,
          "z": 0.0
        },
        "rotation_quaternion": {
          "w": 0.9349122047424316,
          "x": 0.354808509349823,
          "y": -0.006534208077937365,
          "z": 0.002707998501136899
        },
        "scale": {
          "x": 1.0,
          "y": 1.0,
          "z": 1.0
        },
        "matrix_basis": [
          [
            0.9998999238014221,
            -0.009700266644358635,
            -0.010296179912984371,
            0.0
          ],
          [
            0.00042669643880799413,
            0.748207151889801,
            -0.6634650230407715,
            0.0
          ],
          [
            0.014139463193714619,
            0.6633942127227783,
            0.7481364607810974,
            0.0
          ],
          [
            0.0,
            0.0,
            0.0,
            1.0
          ]
        ],
        "rotation_mode": "QUATERNION"
      },
      "armature_space": {
        "head": {
          "x": 0.5689635276794434,
          "y": -0.1188686415553093,
          "z": 0.02601100131869316
        },
        "tail": {
          "x": 0.5401290059089661,
          "y": -0.11866895109415054,
          "z": 0.030729342252016068
        }
      },
      "world_space": {
        "head": {
          "x": 0.5689635276794434,
          "y": -0.055624641478061676,
          "z": 0.9758650064468384
        },
        "tail": {
          "x": 0.5401290059089661,
          "y": -0.055424951016902924,
          "z": 0.9805833697319031
        },
        "rotation_quaternion": {
          "w": 0.6862995028495789,
          "x": -0.06638222932815552,
          "y": 0.18002723157405853,
          "z": 0.7015531659126282
        },
        "matrix": [
          [
            -0.04917271435260773,
            -0.9868520498275757,
            0.1539655327796936,
            0.5689635276794434
          ],
          [
            0.9390501379966736,
            0.006834343075752258,
            0.3437129259109497,
            -0.055624641478061676
          ],
          [
            -0.34024733304977417,
            0.16148370504379272,
            0.9263739585876465,
            0.9758650064468384
          ],
          [
            0.0,
            0.0,
            0.0,
            1.0
          ]
        ]
      },
      "bone_length_armature_space": 0.029218697587334645,
      "parent": "index_02_l",
      "has_children": false,
      "is_end_bone": true
    },
    "metacarpal_pinky_l": {
      "name": "metacarpal_pinky_l",
      "local": {
        "location": {
          "x": 0.0,
          "y": 0.0,
          "z": 0.0
        },
        "rotation_quaternion": {
          "w": 0.9988261461257935,
          "x": -0.04437915235757828,
          "y": 0.0192671287804842,
          "z": -0.0023641479201614857
        },
        "scale": {
          "x": 1.0,
          "y": 1.0,
          "z": 1.0
        },
        "matrix_basis": [
          [
            0.99924635887146,
            0.0030126278288662434,
            0.03869886323809624,
            0.0
          ],
          [
            -0.0064328634180128574,
            0.9960498213768005,
            0.08856301754713058,
            0.0
          ],
          [
            -0.03827918693423271,
            -0.08874521404504776,
            0.9953185319900513,
            0.0
          ],
          [
            0.0,
            0.0,
            0.0,
            1.0
          ]
        ],
        "rotation_mode": "QUATERNION"
      },
      "armature_space": {
        "head": {
          "x": 0.5310791730880737,
          "y": -0.030592821538448334,
          "z": 0.14063189923763275
        },
        "tail": {
          "x": 0.6012523770332336,
          "y": -0.031073184683918953,
          "z": 0.06369821727275848
        }
      },
      "world_space": {
        "head": {
          "x": 0.5310791730880737,
          "y": 0.032651178538799286,
          "z": 1.09048593044281
        },
        "tail": {
          "x": 0.6012523770332336,
          "y": 0.032170817255973816,
          "z": 1.013552188873291
        },
        "rotation_quaternion": {
          "w": 0.5512490272521973,
          "x": -0.11110208928585052,
          "y": 0.4402468204498291,
          "z": -0.699974000453949
        },
        "matrix": [
          [
            -0.36755862832069397,
            0.6738949418067932,
            0.6409106850624084,
            0.5310791730880737
          ],
          [
            -0.8695467114448547,
            -0.004613079130649567,
            -0.49382978677749634,
            0.032651178538799286
          ],
          [
            -0.3298357129096985,
            -0.7388180494308472,
            0.5876820087432861,
            1.09048593044281
          ],
          [
            0.0,
            0.0,
            0.0,
            1.0
          ]
        ]
      },
      "bone_length_armature_space": 0.10413117195480388,
      "parent": "lowerarm_l",
      "has_children": true,
      "is_end_bone": false
    },
    "pinky_01_l": {
      "name": "pinky_01_l",
      "local": {
        "location": {
          "x": 0.0,
          "y": 0.0,
          "z": 0.0
        },
        "rotation_quaternion": {
          "w": 0.9508811831474304,
          "x": 0.30939069390296936,
          "y": -0.007380222901701927,
          "z": -0.006922268308699131
        },
        "scale": {
          "x": 1.0,
          "y": 1.0,
          "z": 1.0
        },
        "matrix_basis": [
          [
            0.9997952580451965,
            0.008597765117883682,
            -0.018318800255656242,
            0.0
          ],
          [
            -0.017731253057718277,
            0.8084589838981628,
            -0.5882853865623474,
            0.0
          ],
          [
            0.009752059355378151,
            0.5884897708892822,
            0.8084458708763123,
            0.0
          ],
          [
            0.0,
            0.0,
            0.0,
            1.0
          ]
        ],
        "rotation_mode": "QUATERNION"
      },
      "armature_space": {
        "head": {
          "x": 0.6012523770332336,
          "y": -0.031073184683918953,
          "z": 0.06369821727275848
        },
