{
  "metadata": {
    "armature_name": "KIM_caucasian_male",
    "export_time": "2026-01-13T20:56:30.104920",
    "blender_version": "4.4.1",
    "bone_count": 56,
    "end_bone_count": 13,
    "spaces_included": [
      "LOCAL_CHANNELS",
      "ARMATURE_SPACE",
      "WORLD_SPACE"
    ],
    "note": "LOCAL matches Transform panel; replay pose via local.matrix_basis for best fidelity."
  },
  "bones": {
    "Root": {
      "name": "Root",
      "local": {
        "location": {
          "x": 0.0,
          "y": 0.0,
          "z": 0.0
        },
        "rotation_quaternion": {
          "w": 0.9995652437210083,
          "x": -0.017431342974305153,
          "y": 0.005111581180244684,
          "z": -0.02322772704064846
        },
        "scale": {
          "x": 1.0,
          "y": 1.0,
          "z": 1.0
        },
        "matrix_basis": [
          [
            0.9988687038421631,
            0.046257052570581436,
            0.011028498411178589,
            0.0
          ],
          [
            -0.04661346226930618,
            0.9983132481575012,
            0.034610066562891006,
            0.0
          ],
          [
            -0.009408936835825443,
            -0.03508498892188072,
            0.9993400573730469,
            0.0
          ],
          [
            0.0,
            0.0,
            0.0,
            1.0
          ]
        ],
        "rotation_mode": "QUATERNION"
      },
      "armature_space": {
        "head": {
          "x": 0.0,
          "y": 0.07072800397872925,
          "z": -0.009595036506652832
        },
        "tail": {
          "x": 0.0033016372472047806,
          "y": 0.0004559457302093506,
          "z": 0.0024653244763612747
        }
      },
      "world_space": {
        "head": {
          "x": 0.0,
          "y": 0.13397200405597687,
          "z": 0.9402589797973633
        },
        "tail": {
          "x": 0.0033016372472047806,
          "y": 0.06369994580745697,
          "z": 0.952319324016571
        },
        "rotation_quaternion": {
          "w": 0.0847301110625267,
          "x": 0.9961200952529907,
          "y": 0.02351931668817997,
          "z": 0.0035351633559912443
        },
        "matrix": [
          [
            0.9988687038421631,
            0.046257052570581436,
            0.011028498411178589,
            0.0
          ],
          [
            0.04745519906282425,
            -0.984535276889801,
            -0.16863688826560974,
            0.13397200405597687
          ],
          [
            0.0030573662370443344,
            0.16896972060203552,
            -0.9856235980987549,
            0.9402589797973633
          ],
          [
            0.0,
            0.0,
            0.0,
            1.0
          ]
        ]
      },
      "bone_length_armature_space": 0.07137587482583396,
      "parent": null,
      "has_children": true,
      "is_end_bone": false
    },
    "spine_01": {
      "name": "spine_01",
      "local": {
        "location": {
          "x": 0.0,
          "y": 0.0,
          "z": 0.0
        },
        "rotation_quaternion": {
          "w": 0.9943735599517822,
          "x": 0.06915736198425293,
          "y": 0.03541497886180878,
          "z": 0.07200317829847336
        },
        "scale": {
          "x": 1.0,
          "y": 1.0,
          "z": 1.0
        },
        "matrix_basis": [
          [
            0.987122654914856,
            -0.13829770684242249,
            0.08039053529500961,
            0.0
          ],
          [
            0.1480945199728012,
            0.9800655841827393,
            -0.13243652880191803,
            0.0
          ],
          [
            -0.060472335666418076,
            0.1426364928483963,
            0.9879260659217834,
            0.0
          ],
          [
            0.0,
            0.0,
            0.0,
            1.0
          ]
        ],
        "rotation_mode": "QUATERNION"
      },
      "armature_space": {
        "head": {
          "x": 0.0033016372472047806,
          "y": 0.0004559457302093506,
          "z": 0.0024653244763612747
        },
        "tail": {
          "x": -0.06414461135864258,
          "y": -0.03312474116683006,
          "z": 0.484618604183197
        }
      },
      "world_space": {
        "head": {
          "x": 0.0033016372472047806,
          "y": 0.06369994580745697,
          "z": 0.952319324016571
        },
        "tail": {
          "x": -0.06414461135864258,
          "y": 0.030119258910417557,
          "z": 1.4344725608825684
        },
        "rotation_quaternion": {
          "w": 0.6823123097419739,
          "x": 0.7249262928962708,
          "y": -0.006590185221284628,
          "z": 0.09427820891141891
        },
        "matrix": [
          [
            0.9821364879608154,
            -0.13820917904376984,
            0.12769544124603271,
            0.0033016372472047806
          ],
          [
            0.11909867078065872,
            -0.06881271302700043,
            -0.9904950857162476,
            0.06369994580745697
          ],
          [
            0.14568369090557098,
            0.9880164861679077,
            -0.05112419277429581,
            0.952319324016571
          ],
          [
            0.0,
            0.0,
            0.0,
            1.0
          ]
        ]
      },
      "bone_length_armature_space": 0.48800454679901195,
      "parent": "Root",
      "has_children": true,
      "is_end_bone": false
    },
    "neck_01": {
      "name": "neck_01",
      "local": {
        "location": {
          "x": 0.0,
          "y": 0.0,
          "z": 0.0
        },
        "rotation_quaternion": {
          "w": 0.9890555143356323,
          "x": -0.08962534368038177,
          "y": -0.08478293567895889,
          "z": 0.08092182874679565
        },
        "scale": {
          "x": 1.0,
          "y": 1.0,
          "z": 1.0
        },
        "matrix_basis": [
          [
            0.972527027130127,
            -0.1448749601840973,
            -0.1822153478860855,
            0.0
          ],
          [
            0.17526976764202118,
            0.9708378911018372,
            0.16356730461120605,
            0.0
          ],
          [
            0.1532047688961029,
            -0.1910104602575302,
            0.9695582985877991,
            0.0
          ],
          [
            0.0,
            0.0,
            0.0,
            1.0
          ]
        ],
        "rotation_mode": "QUATERNION"
      },
      "armature_space": {
        "head": {
          "x": -0.06983554363250732,
          "y": -0.07251390814781189,
          "z": 0.5551866292953491
        },
        "tail": {
          "x": -0.09563159942626953,
          "y": -0.10061368346214294,
          "z": 0.6503481268882751
        }
      },
      "world_space": {
        "head": {
          "x": -0.06983554363250732,
          "y": -0.00926990807056427,
          "z": 1.5050406455993652
        },
        "tail": {
          "x": -0.09563159942626953,
          "y": -0.037369683384895325,
          "z": 1.6002020835876465
        },
        "rotation_quaternion": {
          "w": 0.5922867655754089,
          "x": 0.7955528497695923,
          "y": -0.11023923009634018,
          "z": 0.06433876603841782
        },
        "matrix": [
          [
            0.9674156308174133,
            -0.2516164183616638,
            -0.028217986226081848,
            -0.06983554363250732
          ],
          [
            -0.09918954968452454,
            -0.2740870714187622,
            -0.9565762281417847,
            -0.00926990807056427
          ],
          [
            0.2329576015472412,
            0.9282116889953613,
            -0.29011672735214233,
            1.5050406455993652
          ],
          [
            0.0,
            0.0,
            0.0,
            1.0
          ]
        ]
      },
      "bone_length_armature_space": 0.10252192104204673,
      "parent": "spine_01",
      "has_children": true,
      "is_end_bone": false
    },
    "head": {
      "name": "head",
      "local": {
        "location": {
          "x": 0.0,
          "y": 0.0,
          "z": 0.0
        },
        "rotation_quaternion": {
          "w": 0.9753371477127075,
          "x": -0.04769762232899666,
          "y": -0.08979740738868713,
          "z": -0.19590559601783752
        },
        "scale": {
          "x": 1.0,
          "y": 1.0,
          "z": 1.0
        },
        "matrix_basis": [
          [
            0.9071148633956909,
            0.39071425795555115,
            -0.15647703409194946,
            0.0
          ],
          [
            -0.37358176708221436,
            0.918691873550415,
            0.1282261610031128,
            0.0
          ],
          [
            0.193853959441185,
            -0.057858895510435104,
            0.9793227314949036,
            0.0
          ],
          [
            0.0,
            0.0,
            0.0,
            1.0
          ]
        ],
        "rotation_mode": "QUATERNION"
      },
      "armature_space": {
        "head": {
          "x": -0.09563158452510834,
          "y": -0.10061381012201309,
          "z": 0.6503480076789856
        },
        "tail": {
          "x": -0.06802120804786682,
          "y": -0.08504419028759003,
          "z": 0.8021655082702637
        }
      },
      "world_space": {
        "head": {
          "x": -0.09563158452510834,
          "y": -0.03736981004476547,
          "z": 1.6002020835876465
        },
        "tail": {
          "x": -0.06802120804786682,
          "y": -0.021800190210342407,
          "z": 1.7520195245742798
        },
        "rotation_quaternion": {
          "w": 0.7397796511650085,
          "x": 0.6493526697158813,
          "y": -0.0540492907166481,
          "z": -0.16776742041110992
        },
        "matrix": [
          [
            0.9378653764724731,
            0.17802783846855164,
            -0.297850638628006,
            -0.09563158452510834
          ],
          [
            -0.31841713190078735,
            0.10039075464010239,
            -0.9426200985908508,
            -0.03736981004476547
          ],
          [
            -0.13791239261627197,
            0.9788981080055237,
            0.15084022283554077,
            1.6002020835876465
          ],
          [
            0.0,
            0.0,
            0.0,
            1.0
          ]
        ]
      },
      "bone_length_armature_space": 0.15509126201104606,
      "parent": "neck_01",
      "has_children": false,
      "is_end_bone": true
    },
    "upperarm_l": {
      "name": "upperarm_l",
      "local": {
        "location": {
          "x": 0.0,
          "y": 0.0,
          "z": 0.0
        },
        "rotation_quaternion": {
          "w": 0.9343217611312866,
          "x": 0.16334834694862366,
          "y": 0.15296609699726105,
          "z": -0.27741944789886475
        },
        "scale": {
          "x": 1.0,
          "y": 1.0,
          "z": 1.0
        },
        "matrix_basis": [
          [
            0.7992796301841736,
            0.568371593952179,
            0.19520708918571472,
            0.0
          ],
          [
            -0.468424528837204,
            0.7927115559577942,
            -0.39011135697364807,
            0.0
          ],
          [
            -0.3764711320400238,
            0.22036829590797424,
            0.8998373746871948,
            0.0
          ],
          [
            0.0,
            0.0,
            0.0,
            1.0
          ]
        ],
        "rotation_mode": "QUATERNION"
      },
      "armature_space": {
        "head": {
          "x": 0.08718089759349823,
          "y": -0.0531831756234169,
          "z": 0.5104737877845764
        },
        "tail": {
          "x": 0.32230597734451294,
          "y": -0.06373970210552216,
          "z": 0.3823620676994324
        }
      },
      "world_space": {
        "head": {
          "x": 0.08718089759349823,
          "y": 0.010060824453830719,
          "z": 1.4603278636932373
        },
        "tail": {
          "x": 0.32230597734451294,
          "y": -0.0004957020282745361,
          "z": 1.3322160243988037
        },
        "rotation_quaternion": {
          "w": 0.23619021475315094,
          "x": 0.47758662700653076,
          "y": 0.6515500545501709,
          "z": -0.5400071740150452
        },
        "matrix": [
          [
            -0.4322487413883209,
            0.8774325251579285,
            -0.2080225944519043,
            0.08718089759349823
          ],
          [
            0.36725687980651855,
            -0.03939451277256012,
            -0.9292851090431213,
            0.010060824453830719
          ],
          [
            -0.823585033416748,
            -0.47808337211608887,
            -0.3052177429199219,
            1.4603278636932373
          ],
          [
            0.0,
            0.0,
            0.0,
            1.0
          ]
        ]
      },
      "bone_length_armature_space": 0.26796987852816073,
      "parent": "spine_01",
      "has_children": true,
      "is_end_bone": false
    },
    "lowerarm_l": {
      "name": "lowerarm_l",
      "local": {
        "location": {
          "x": 0.0,
          "y": 0.0,
          "z": 0.0
        },
        "rotation_quaternion": {
          "w": 0.9796133041381836,
          "x": 0.02518574893474579,
          "y": 0.04569282755255699,
          "z": 0.19399912655353546
        },
        "scale": {
          "x": 1.0,
          "y": 1.0,
          "z": 1.0
        },
        "matrix_basis": [
          [
            0.9205530285835266,
            -0.37778663635253906,
            0.09929463267326355,
            0.0
          ],
          [
            0.3823898732662201,
            0.9234600067138672,
            -0.03161585330963135,
            0.0
          ],
          [
            -0.07975057512521744,
            0.06707333028316498,
            0.9945557117462158,
            0.0
          ],
          [
            0.0,
            0.0,
            0.0,
            1.0
          ]
        ],
        "rotation_mode": "QUATERNION"
      },
      "armature_space": {
        "head": {
          "x": 0.3223060965538025,
          "y": -0.06373979896306992,
          "z": 0.38236212730407715
        },
        "tail": {
          "x": 0.5755499601364136,
          "y": -0.14648959040641785,
          "z": 0.35808470845222473
        }
      },
      "world_space": {
        "head": {
          "x": 0.3223060965538025,
          "y": -0.0004957988858222961,
          "z": 1.3322161436080933
        },
        "tail": {
          "x": 0.5755499601364136,
          "y": -0.08324559032917023,
          "z": 1.3079386949539185
        },
        "rotation_quaternion": {
          "w": 0.3420076072216034,
          "x": 0.6100297570228577,
          "y": 0.4778822958469391,
          "z": -0.531528890132904
        },
        "matrix": [
          [
            -0.021790307015180588,
            0.9466193318367004,
            -0.32161635160446167,
            0.3223060965538025
          ],
          [
            0.21947041153907776,
            -0.3093166947364807,
            -0.9252871870994568,
            -0.0004957988858222961
          ],
          [
            -0.9753823280334473,
            -0.09074844419956207,
            -0.20101702213287354,
            1.3322161436080933
          ],
          [
            0.0,
            0.0,
            0.0,
            1.0
          ]
        ]
      },
      "bone_length_armature_space": 0.2675245276602322,
      "parent": "upperarm_l",
      "has_children": true,
      "is_end_bone": false
    },
    "metacarpal_thumb_l": {
      "name": "metacarpal_thumb_l",
      "local": {
        "location": {
          "x": 0.0,
          "y": 0.0,
          "z": 0.0
        },
        "rotation_quaternion": {
          "w": 0.999889612197876,
          "x": -0.014642124064266682,
          "y": -0.0025198813527822495,
          "z": 0.0003982076596003026
        },
        "scale": {
          "x": 1.0,
          "y": 1.0,
          "z": 1.0
        },
        "matrix_basis": [
          [
            0.999987006187439,
            -0.0007225345470942557,
            -0.005050867795944214,
            0.0
          ],
          [
            0.000870120245963335,
            0.999570906162262,
            0.029279008507728577,
            0.0
          ],
          [
            0.005027545150369406,
            -0.02928302250802517,
            0.9995585083961487,
            0.0
          ],
          [
            0.0,
            0.0,
            0.0,
            1.0
          ]
        ],
        "rotation_mode": "QUATERNION"
      },
      "armature_space": {
        "head": {
          "x": 0.5755499601364136,
          "y": -0.14648959040641785,
          "z": 0.35808470845222473
        },
        "tail": {
          "x": 0.603160560131073,
          "y": -0.18400044739246368,
          "z": 0.34122708439826965
        }
      },
      "world_space": {
        "head": {
          "x": 0.5755499601364136,
          "y": -0.08324559032917023,
          "z": 1.3079386949539185
        },
        "tail": {
          "x": 0.603160560131073,
          "y": -0.12075644731521606,
          "z": 1.2910810708999634
        },
        "rotation_quaternion": {
          "w": 0.17004579305648804,
          "x": -0.9366741180419922,
          "y": -0.3040468096733093,
          "z": 0.03579872474074364
        },
        "matrix": [
          [
            0.8125477433204651,
            0.5574107766151428,
            -0.1704680472612381,
            0.5755499601364136
          ],
          [
            0.5817609429359436,
            -0.7572799921035767,
            0.29678529500961304,
            -0.08324559032917023
          ],
          [
            0.03634008765220642,
            -0.3403267562389374,
            -0.9396120309829712,
            1.3079386949539185
          ],
          [
            0.0,
            0.0,
            0.0,
            1.0
          ]
        ]
      },
      "bone_length_armature_space": 0.04953371664154991,
      "parent": "lowerarm_l",
      "has_children": true,
      "is_end_bone": false
    },
    "thumb_01_l": {
      "name": "thumb_01_l",
      "local": {
        "location": {
          "x": 0.0,
          "y": 0.0,
          "z": 0.0
        },
        "rotation_quaternion": {
          "w": 0.9559367895126343,
          "x": 0.29336607456207275,
          "y": -0.008822895586490631,
          "z": -0.006587675306946039
        },
        "scale": {
          "x": 1.0,
          "y": 1.0,
          "z": 1.0
        },
        "matrix_basis": [
          [
            0.9997575283050537,
            0.007418125867843628,
            -0.020733462646603584,
            0.0
          ],
          [
            -0.01777147874236107,
            0.8277859091758728,
            -0.5607625842094421,
            0.0
          ],
          [
            0.013003059662878513,
            0.5609951019287109,
            0.8277170062065125,
            0.0
          ],
          [
            0.0,
            0.0,
            0.0,
            1.0
          ]
        ],
        "rotation_mode": "QUATERNION"
      },
      "armature_space": {
        "head": {
          "x": 0.603160560131073,
          "y": -0.18400044739246368,
          "z": 0.34122708439826965
        },
        "tail": {
          "x": 0.6233352422714233,
          "y": -0.18374913930892944,
          "z": 0.31381258368492126
        }
      },
      "world_space": {
        "head": {
          "x": 0.603160560131073,
          "y": -0.12075644731521606,
          "z": 1.2910810708999634
        },
        "tail": {
          "x": 0.6233352422714233,
          "y": -0.12050513923168182,
          "z": 1.2636666297912598
        },
        "rotation_quaternion": {
          "w": 0.7055674195289612,
          "x": -0.5190244317054749,
          "y": 0.07659684121608734,
          "z": -0.47636258602142334
        },
        "matrix": [
          [
            0.5344206690788269,
            0.5927004814147949,
            0.6025784015655518,
            0.603160560131073
          ],
          [
            -0.7517249584197998,
            0.007383018732070923,
            0.6594355702400208,
            -0.12075644731521606
          ],
          [
            0.38640087842941284,
            -0.8053946495056152,
            0.4494970440864563,
            1.2910810708999634
          ],
          [
            0.0,
            0.0,
            0.0,
            1.0
          ]
        ]
      },
      "bone_length_armature_space": 0.03403873972172572,
      "parent": "metacarpal_thumb_l",
      "has_children": true,
      "is_end_bone": false
    },
    "thumb_02_l": {
      "name": "thumb_02_l",
      "local": {
        "location": {
          "x": 0.0,
          "y": 0.0,
          "z": 0.0
        },
        "rotation_quaternion": {
          "w": 0.905950665473938,
          "x": 0.4233679175376892,
          "y": 0.0023281527683138847,
          "z": 0.002753071952611208
        },
        "scale": {
          "x": 1.0,
          "y": 1.0,
          "z": 1.0
        },
        "matrix_basis": [
          [
            0.9999740123748779,
            -0.0030169642996042967,
            0.006549507845193148,
            0.0
          ],
          [
            0.00695962505415082,
            0.6415040493011475,
            -0.7670880556106567,
            0.0
          ],
          [
            -0.0018872583750635386,
            0.7671136856079102,
            0.6415084004402161,
            0.0
          ],
          [
            0.0,
            0.0,
            0.0,
            1.0
          ]
        ],
        "rotation_mode": "QUATERNION"
      },
      "armature_space": {
        "head": {
          "x": 0.6233352422714233,
          "y": -0.18374913930892944,
          "z": 0.3138125538825989
        },
        "tail": {
          "x": 0.6452937722206116,
          "y": -0.18351109325885773,
          "z": 0.3474423289299011
        }
      },
      "world_space": {
        "head": {
          "x": 0.6233352422714233,
          "y": -0.12050513923168182,
          "z": 1.2636666297912598
        },
        "tail": {
          "x": 0.6452937722206116,
          "y": -0.12026709318161011,
          "z": 1.2972962856292725
        },
        "rotation_quaternion": {
          "w": 0.6075360774993896,
          "x": 0.30684202909469604,
          "y": -0.36587202548980713,
          "z": -0.6347326636314392
        },
        "matrix": [
          [
            -0.07349243015050888,
            0.5467163324356079,
            -0.8340864181518555,
            0.6233352422714233
          ],
          [
            -0.9957762360572815,
            0.0059269145131111145,
            0.09162384271621704,
            -0.12050513923168182
          ],
          [
            0.05503525212407112,
            0.8373026847839355,
            0.5439752340316772,
            1.2636666297912598
          ],
          [
            0.0,
            0.0,
            0.0,
            1.0
          ]
        ]
      },
      "bone_length_armature_space": 0.040164605321827765,
      "parent": "thumb_01_l",
      "has_children": true,
      "is_end_bone": false
    },
    "thumb_03_l": {
      "name": "thumb_03_l",
      "local": {
        "location": {
          "x": 0.0,
          "y": 0.0,
          "z": 0.0
        },
        "rotation_quaternion": {
          "w": 0.9894635677337646,
          "x": 0.1447448879480362,
          "y": 0.0031443024054169655,
          "z": 0.0009829592891037464
        },
        "scale": {
          "x": 1.0,
          "y": 1.0,
          "z": 1.0
        },
        "matrix_basis": [
          [
            0.9999783039093018,
            -0.001034961431287229,
            0.006506902165710926,
            0.0
          ],
          [
            0.0028554482851177454,
            0.958095908164978,
            -0.2864333987236023,
            0.0
          ],
          [
            -0.005937788635492325,
            0.2864457666873932,
            0.9580780863761902,
            0.0
          ],
          [
            0.0,
            0.0,
            0.0,
            1.0
          ]
        ],
        "rotation_mode": "QUATERNION"
      },
      "armature_space": {
        "head": {
          "x": 0.6452938318252563,
          "y": -0.1835111379623413,
          "z": 0.34744226932525635
        },
        "tail": {
          "x": 0.6464526057243347,
          "y": -0.18055517971515656,
          "z": 0.37772136926651
        }
      },
      "world_space": {
        "head": {
          "x": 0.6452938318252563,
          "y": -0.12026713788509369,
          "z": 1.2972962856292725
        },
        "tail": {
          "x": 0.6464526057243347,
          "y": -0.11731117963790894,
          "z": 1.327575445175171
        },
        "rotation_quaternion": {
          "w": 0.6169680953025818,
          "x": 0.5450850129127502,
          "y": -0.4097513258457184,
          "z": -0.3928568959236145
        },
        "matrix": [
          [
            0.35553449392318726,
            0.03806191682815552,
            -0.9338879585266113,
            0.6452938318252563
          ],
          [
            -0.9314591288566589,
            0.09709198772907257,
            -0.3506528437137604,
            -0.12026713788509369
          ],
          [
            0.07732619345188141,
            0.9945542216300964,
            0.06997284293174744,
            1.2972962856292725
          ],
          [
            0.0,
            0.0,
            0.0,
            1.0
          ]
        ]
      },
      "bone_length_armature_space": 0.03044510413278136,
      "parent": "thumb_02_l",
      "has_children": false,
      "is_end_bone": true
    },
    "metacarpal_index_l": {
      "name": "metacarpal_index_l",
      "local": {
        "location": {
          "x": 0.0,
          "y": 0.0,
          "z": 0.0
        },
        "rotation_quaternion": {
          "w": 0.9975632429122925,
          "x": -0.06962855905294418,
          "y": -0.00275797420181334,
          "z": 0.0034362715668976307
        },
        "scale": {
          "x": 1.0,
          "y": 1.0,
          "z": 1.0
        },
        "matrix_basis": [
          [
            0.9999611973762512,
            -0.006471728906035423,
            -0.005981032736599445,
            0.0
          ],
          [
            0.007239863742142916,
            0.9902800917625427,
            0.1388988345861435,
            0.0
          ],
          [
            0.005023981910198927,
            -0.13893674314022064,
            0.990288496017456,
            0.0
          ],
          [
            0.0,
            0.0,
            0.0,
            1.0
          ]
        ],
        "rotation_mode": "QUATERNION"
      },
      "armature_space": {
        "head": {
          "x": 0.5755499601364136,
          "y": -0.14648959040641785,
          "z": 0.35808470845222473
        },
        "tail": {
          "x": 0.6746402978897095,
          "y": -0.20848307013511658,
          "z": 0.3498910665512085
        }
      },
      "world_space": {
        "head": {
          "x": 0.5755499601364136,
          "y": -0.08324559032917023,
          "z": 1.3079386949539185
        },
        "tail": {
          "x": 0.6746402978897095,
          "y": -0.14523907005786896,
          "z": 1.2997450828552246
        },
        "rotation_quaternion": {
          "w": 0.07937338203191757,
          "x": 0.8478829860687256,
          "y": 0.4787049889564514,
          "z": -0.2136256992816925
        },
        "matrix": [
          [
            0.45041072368621826,
            0.8456845283508301,
            -0.2862653136253357,
            0.5755499601364136
          ],
          [
            0.7778592109680176,
            -0.5290822386741638,
            -0.3391276001930237,
            -0.08324559032917023
          ],
          [
            -0.43825504183769226,
            -0.0699283704161644,
            -0.896134078502655,
            1.3079386949539185
          ],
          [
            0.0,
            0.0,
            0.0,
            1.0
          ]
        ]
      },
      "bone_length_armature_space": 0.11717176325507185,
      "parent": "lowerarm_l",
      "has_children": true,
      "is_end_bone": false
    },
    "index_01_l": {
      "name": "index_01_l",
      "local": {
        "location": {
          "x": 0.0,
          "y": 0.0,
          "z": 0.0
        },
        "rotation_quaternion": {
          "w": 0.9390078783035278,
          "x": 0.34361031651496887,
          "y": -0.013628195971250534,
          "z": 0.0032250971999019384
        },
        "scale": {
          "x": 1.0,
          "y": 1.0,
          "z": 1.0
        },
        "matrix_basis": [
          [
            0.9996077418327332,
            -0.015422360971570015,
            -0.023377614095807076,
            0.0
          ],
          [
            -0.0033087939955294132,
            0.7638431191444397,
            -0.6453934907913208,
            0.0
          ],
          [
            0.027810320258140564,
            0.6452176570892334,
            0.7634924650192261,
            0.0
          ],
          [
            0.0,
            0.0,
            0.0,
            1.0
          ]
        ],
        "rotation_mode": "QUATERNION"
      },
      "armature_space": {
        "head": {
          "x": 0.6746402978897095,
          "y": -0.20848307013511658,
          "z": 0.3498910665512085
        },
        "tail": {
          "x": 0.6930393576622009,
          "y": -0.21934321522712708,
          "z": 0.33100706338882446
        }
      },
      "world_space": {
        "head": {
          "x": 0.6746402978897095,
          "y": -0.14523907005786896,
          "z": 1.2997450828552246
        },
        "tail": {
          "x": 0.6930393576622009,
          "y": -0.15609921514987946,
          "z": 1.2808611392974854
        },
        "rotation_quaternion": {
          "w": 0.16566137969493866,
          "x": -0.7307624816894531,
          "y": -0.5311525464057922,
          "z": 0.39549896121025085
        },
        "matrix": [
          [
            0.12291281670331955,
            0.645256519317627,
            -0.7540135383605957,
            0.6746402978897095
          ],
          [
            0.9073308110237122,
            -0.3808654546737671,
            -0.17802506685256958,
            -0.14523907005786896
          ],
          [
            -0.4020513594150543,
            -0.6622628569602966,
            -0.6322787404060364,
            1.2997450828552246
          ],
          [
            0.0,
            0.0,
            0.0,
            1.0
          ]
        ]
      },
      "bone_length_armature_space": 0.028514447416525004,
      "parent": "metacarpal_index_l",
      "has_children": true,
      "is_end_bone": false
    },
    "index_02_l": {
      "name": "index_02_l",
      "local": {
        "location": {
          "x": 0.0,
          "y": 0.0,
          "z": 0.0
        },
        "rotation_quaternion": {
          "w": 0.9015607833862305,
          "x": 0.432584673166275,
          "y": 0.006579036824405193,
          "z": 0.003923665266484022
        },
        "scale": {
          "x": 1.0,
          "y": 1.0,
          "z": 1.0
        },
        "matrix_basis": [
          [
            0.9998826384544373,
            -0.001382864429615438,
            0.015257437713444233,
            0.0
          ],
          [
            0.012766826897859573,
            0.6257101893424988,
            -0.7799511551856995,
            0.0
          ],
          [
            -0.00846816785633564,
            0.7800543904304504,
            0.6256544589996338,
            0.0
          ],
          [
            0.0,
            0.0,
            0.0,
            1.0
          ]
        ],
        "rotation_mode": "QUATERNION"
      },
      "armature_space": {
        "head": {
          "x": 0.6930393576622009,
          "y": -0.2193436324596405,
          "z": 0.3310067057609558
        },
        "tail": {
          "x": 0.689128577709198,
          "y": -0.2299395352602005,
          "z": 0.3079734444618225
        }
      },
      "world_space": {
        "head": {
          "x": 0.6930393576622009,
          "y": -0.15609963238239288,
          "z": 1.2808606624603271
        },
        "tail": {
          "x": 0.689128577709198,
          "y": -0.16669553518295288,
          "z": 1.2578275203704834
        },
        "rotation_quaternion": {
          "w": 0.437328040599823,
          "x": -0.5859377384185791,
          "y": -0.3197226822376251,
          "z": 0.6026594638824463
        },
        "matrix": [
          [
            0.06915726512670517,
            -0.15244686603546143,
            -0.9858890771865845,
            0.6930393576622009
          ],
          [
            0.901795506477356,
            -0.4130428433418274,
            0.12712670862674713,
            -0.15609963238239288
          ],
          [
            -0.426596462726593,
            -0.897868275642395,
            0.10891175270080566,
            1.2808606624603271
          ],
          [
            0.0,
            0.0,
            0.0,
            1.0
          ]
        ]
      },
      "bone_length_armature_space": 0.025653429808063573,
      "parent": "index_01_l",
      "has_children": true,
      "is_end_bone": false
    },
    "index_03_l": {
      "name": "index_03_l",
      "local": {
        "location": {
          "x": 0.0,
          "y": 0.0,
          "z": 0.0
        },
        "rotation_quaternion": {
          "w": 0.9253603219985962,
          "x": 0.37908509373664856,
          "y": -0.0013937301700934768,
          "z": 0.000850994314532727
        },
        "scale": {
          "x": 1.0,
          "y": 1.0,
          "z": 1.0
        },
        "matrix_basis": [
          [
            0.999994695186615,
            -0.0026316375005990267,
            -0.0019342066952958703,
            0.0
          ],
          [
            0.000518268090672791,
            0.7125875353813171,
            -0.7015829682350159,
            0.0
          ],
          [
            0.003224603831768036,
            0.7015782594680786,
            0.7125850915908813,
            0.0
          ],
          [
            0.0,
            0.0,
            0.0,
            1.0
          ]
        ],
        "rotation_mode": "QUATERNION"
      },
      "armature_space": {
        "head": {
          "x": 0.6891286969184875,
          "y": -0.2299395650625229,
          "z": 0.3079734444618225
        },
        "tail": {
          "x": 0.6646069884300232,
          "y": -0.2319774478673935,
          "z": 0.292216956615448
        }
      },
      "world_space": {
        "head": {
          "x": 0.6891286969184875,
          "y": -0.16669556498527527,
          "z": 1.2578275203704834
        },
        "tail": {
          "x": 0.6646069884300232,
          "y": -0.16873344779014587,
          "z": 1.2420709133148193
        },
        "rotation_quaternion": {
          "w": 0.67927485704422,
          "x": -0.3387877345085144,
          "y": -0.060939572751522064,
          "z": 0.6481472849845886
        },
        "matrix": [
          [
            0.15238036215305328,
            -0.839248538017273,
            -0.5219598412513733,
            0.6891286969184875
          ],
          [
            0.9218329191207886,
            -0.06974571943283081,
            0.38126152753829956,
            -0.16669556498527527
          ],
          [
            -0.3563792109489441,
            -0.53926020860672,
            0.7630242705345154,
            1.2578275203704834
          ],
          [
            0.0,
            0.0,
            0.0,
            1.0
          ]
        ]
      },
      "bone_length_armature_space": 0.029218727851721384,
      "parent": "index_02_l",
      "has_children": false,
      "is_end_bone": true
    },
    "metacarpal_pinky_l": {
      "name": "metacarpal_pinky_l",
      "local": {
        "location": {
          "x": 0.0,
          "y": 0.0,
          "z": 0.0
        },
        "rotation_quaternion": {
          "w": 0.9997860193252563,
          "x": -0.010999609716236591,
          "y": -0.015524497255682945,
          "z": 0.008125019259750843
        },
        "scale": {
          "x": 1.0,
          "y": 1.0,
          "z": 1.0
        },
        "matrix_basis": [
          [
            0.9993859529495239,
            -0.01590503379702568,
            -0.031221095472574234,
            0.0
          ],
          [
            0.016588088124990463,
            0.9996259808540344,
            0.021742237731814384,
            0.0
          ],
          [
            0.030863607302308083,
            -0.02224678546190262,
            0.9992759823799133,
            0.0
          ],
          [
            0.0,
            0.0,
            0.0,
            1.0
          ]
        ],
        "rotation_mode": "QUATERNION"
      },
      "armature_space": {
        "head": {
          "x": 0.5755499601364136,
          "y": -0.14648959040641785,
          "z": 0.35808470845222473
        },
        "tail": {
          "x": 0.6795783638954163,
          "y": -0.14523926377296448,
          "z": 0.35364091396331787
        }
      },
      "world_space": {
        "head": {
          "x": 0.5755499601364136,
          "y": -0.08324559032917023,
          "z": 1.3079386949539185
        },
        "tail": {
          "x": 0.6795783638954163,
          "y": -0.08199526369571686,
          "z": 1.303494930267334
        },
        "rotation_quaternion": {
          "w": 0.688806414604187,
          "x": 0.14629636704921722,
          "y": 0.1776241511106491,
          "z": -0.6874538660049438
        },
        "matrix": [
          [
            -0.008286871947348118,
            0.9990169405937195,
            0.043550413101911545,
            0.5755499601364136
          ],
          [
            -0.8950740694999695,
            0.012007306329905987,
            -0.4457564949989319,
            -0.08324559032917023
          ],
          [
            -0.44584494829177856,
            -0.04267501085996628,
            0.89410001039505,
            1.3079386949539185
          ],
          [
            0.0,
            0.0,
            0.0,
            1.0
          ]
        ]
      },
      "bone_length_armature_space": 0.10413077997498459,
      "parent": "lowerarm_l",
      "has_children": true,
      "is_end_bone": false
    },
    "pinky_01_l": {
      "name": "pinky_01_l",
      "local": {
        "location": {
          "x": 0.0,
          "y": 0.0,
          "z": 0.0
        },
        "rotation_quaternion": {
          "w": 0.9505940675735474,
          "x": 0.30973106622695923,
          "y": -0.020599953830242157,
          "z": 0.003628878854215145
        },
        "scale": {
          "x": 1.0,
          "y": 1.0,
          "z": 1.0
        },
        "matrix_basis": [
          [
            0.9991249442100525,
            -0.019660072401165962,
            -0.03691643476486206,
            0.0
          ],
          [
            -0.005861709825694561,
            0.8081070184707642,
            -0.5890065431594849,
            0.0
          ],
          [
            0.041412342339754105,
            0.5887075066566467,
            0.8072845935821533,
            0.0
          ],
          [
            0.0,
            0.0,
            0.0,
            1.0
          ]
        ],
        "rotation_mode": "QUATERNION"
      },
      "armature_space": {
        "head": {
          "x": 0.6795783638954163,
          "y": -0.14523926377296448,
          "z": 0.35364091396331787
        },
