{
  "metadata": {
    "armature_name": "KIM_caucasian_male",
    "export_time": "2026-01-13T21:16:25.272962",
    "blender_version": "4.4.1",
    "bone_count": 56,
    "end_bone_count": 13,
    "spaces_included": [
      "LOCAL_CHANNELS",
      "ARMATURE_SPACE",
      "WORLD_SPACE"
    ],
    "note": "LOCAL matches Transform panel; replay pose via local.matrix_basis for best fidelity."
  },
  "bones": {
    "Root": {
      "name": "Root",
      "local": {
        "location": {
          "x": 0.0,
          "y": 0.0,
          "z": 0.0
        },
        "rotation_quaternion": {
          "w": 0.9994865655899048,
          "x": 0.011895749717950821,
          "y": 0.0035024338867515326,
          "z": 0.029546689242124557
        },
        "scale": {
          "x": 1.0,
          "y": 1.0,
          "z": 1.0
        },
        "matrix_basis": [
          [
            0.998229444026947,
            -0.05897970870137215,
            0.007704231422394514,
            0.0
          ],
          [
            0.05914636701345444,
            0.9979709982872009,
            -0.02357231266796589,
            0.0
          ],
          [
            -0.0062983110547065735,
            0.023986253887414932,
            0.999692440032959,
            0.0
          ],
          [
            0.0,
            0.0,
            0.0,
            1.0
          ]
        ],
        "rotation_mode": "QUATERNION"
      },
      "armature_space": {
        "head": {
          "x": 0.0,
          "y": 0.07072800397872925,
          "z": -0.009595036506652832
        },
        "tail": {
          "x": -0.004209727980196476,
          "y": -8.66428017616272e-05,
          "z": -0.0017159795388579369
        }
      },
      "world_space": {
        "head": {
          "x": 0.0,
          "y": 0.13397200405597687,
          "z": 0.9402589797973633
        },
        "tail": {
          "x": -0.004209727980196476,
          "y": 0.06315735727548599,
          "z": 0.9481380581855774
        },
        "rotation_quaternion": {
          "w": 0.05546433851122856,
          "x": 0.9980172514915466,
          "y": -0.02924361824989319,
          "z": 0.005484973546117544
        },
        "matrix": [
          [
            0.998229444026947,
            -0.05897970870137215,
            0.007704231422394514,
            0.0
          ],
          [
            -0.05776282399892807,
            -0.99213707447052,
            -0.11102999001741409,
            0.13397200405597687
          ],
          [
            0.014192214235663414,
            0.11038824170827866,
            -0.9937942624092102,
            0.9402589797973633
          ],
          [
            0.0,
            0.0,
            0.0,
            1.0
          ]
        ]
      },
      "bone_length_armature_space": 0.07137587595990101,
      "parent": null,
      "has_children": true,
      "is_end_bone": false
    },
    "spine_01": {
      "name": "spine_01",
      "local": {
        "location": {
          "x": 0.0,
          "y": 0.0,
          "z": 0.0
        },
        "rotation_quaternion": {
          "w": 0.9974488615989685,
          "x": 0.020552199333906174,
          "y": -0.05314858630299568,
          "z": 0.042996782809495926
        },
        "scale": {
          "x": 1.0,
          "y": 1.0,
          "z": 1.0
        },
        "matrix_basis": [
          [
            0.9906530380249023,
            -0.08795882761478424,
            -0.10425863415002823,
            0.0
          ],
          [
            0.08358954638242722,
            0.9954577684402466,
            -0.045569971203804016,
            0.0
          ],
          [
            0.10779335349798203,
            0.03642909973859787,
            0.9935056567192078,
            0.0
          ],
          [
            0.0,
            0.0,
            0.0,
            1.0
          ]
        ],
        "rotation_mode": "QUATERNION"
      },
      "armature_space": {
        "head": {
          "x": -0.004209727980196476,
          "y": -8.66428017616272e-05,
          "z": -0.0017159795388579369
        },
        "tail": {
          "x": -0.054338663816452026,
          "y": -0.004020522814244032,
          "z": 0.48369115591049194
        }
      },
      "world_space": {
        "head": {
          "x": -0.004209727980196476,
          "y": 0.06315735727548599,
          "z": 0.9481380581855774
        },
        "tail": {
          "x": -0.054338663816452026,
          "y": 0.0592234767973423,
          "z": 1.4335451126098633
        },
        "rotation_quaternion": {
          "w": 0.6980078816413879,
          "x": 0.7096245288848877,
          "y": -0.09356345981359482,
          "z": -0.021537672728300095
        },
        "matrix": [
          [
            0.981563925743103,
            -0.10272297263145447,
            -0.16118407249450684,
            -0.004209727980196476
          ],
          [
            -0.16285742819309235,
            -0.008061209693551064,
            -0.9866167902946472,
            0.06315735727548599
          ],
          [
            0.10004941374063492,
            0.9946842789649963,
            -0.024642830714583397,
            0.9481380581855774
          ],
          [
            0.0,
            0.0,
            0.0,
            1.0
          ]
        ]
      },
      "bone_length_armature_space": 0.4880045923366871,
      "parent": "Root",
      "has_children": true,
      "is_end_bone": false
    },
    "neck_01": {
      "name": "neck_01",
      "local": {
        "location": {
          "x": 0.0,
          "y": 0.0,
          "z": 0.0
        },
        "rotation_quaternion": {
          "w": 0.9843743443489075,
          "x": 0.07217443734407425,
          "y": 0.03462046757340431,
          "z": 0.1568421870470047
        },
        "scale": {
          "x": 1.0,
          "y": 1.0,
          "z": 1.0
        },
        "matrix_basis": [
          [
            0.9484038949012756,
            -0.30378541350364685,
            0.0907989963889122,
            0.0
          ],
          [
            0.313780277967453,
            0.9403827786445618,
            -0.13123342394828796,
            0.0
          ],
          [
            -0.04551900550723076,
            0.15295322239398956,
            0.9871845245361328,
            0.0
          ],
          [
            0.0,
            0.0,
            0.0,
            1.0
          ]
        ],
        "rotation_mode": "QUATERNION"
      },
      "armature_space": {
        "head": {
          "x": -0.06744982302188873,
          "y": -0.03882705792784691,
          "z": 0.5556657910346985
        },
        "tail": {
          "x": -0.11483150720596313,
          "y": -0.08481898903846741,
          "z": 0.6340904235839844
        }
      },
      "world_space": {
        "head": {
          "x": -0.06744982302188873,
          "y": 0.02441694214940071,
          "z": 1.5055198669433594
        },
        "tail": {
          "x": -0.11483150720596313,
          "y": -0.021574988961219788,
          "z": 1.5839444398880005
        },
        "rotation_quaternion": {
          "w": 0.4826948046684265,
          "x": 0.8428540825843811,
          "y": -0.20664310455322266,
          "z": 0.11790450662374496
        },
        "matrix": [
          [
            0.8867940902709961,
            -0.46216410398483276,
            -0.0007401853799819946,
            -0.06744982302188873
          ],
          [
            -0.23451778292655945,
            -0.4486083686351776,
            -0.8624107241630554,
            0.02441694214940071
          ],
          [
            0.3982457220554352,
            0.7649590969085693,
            -0.5062131881713867,
            1.5055198669433594
          ],
          [
            0.0,
            0.0,
            0.0,
            1.0
          ]
        ]
      },
      "bone_length_armature_space": 0.10252172913959696,
      "parent": "spine_01",
      "has_children": true,
      "is_end_bone": false
    },
    "head": {
      "name": "head",
      "local": {
        "location": {
          "x": 0.0,
          "y": 0.0,
          "z": 0.0
        },
        "rotation_quaternion": {
          "w": 0.9687688946723938,
          "x": -0.10389355570077896,
          "y": -0.09462720155715942,
          "z": -0.20430052280426025
        },
        "scale": {
          "x": 1.0,
          "y": 1.0,
          "z": 1.0
        },
        "matrix_basis": [
          [
            0.8986139893531799,
            0.41550230979919434,
            -0.14089275896549225,
            0.0
          ],
          [
            -0.37617766857147217,
            0.8949348330497742,
            0.23996245861053467,
            0.0
          ],
          [
            0.22579479217529297,
            -0.16263291239738464,
            0.9605036377906799,
            0.0
          ],
          [
            0.0,
            0.0,
            0.0,
            1.0
          ]
        ],
        "rotation_mode": "QUATERNION"
      },
      "armature_space": {
        "head": {
          "x": -0.11483146995306015,
          "y": -0.08481909334659576,
          "z": 0.6340903043746948
        },
        "tail": {
          "x": -0.11328636854887009,
          "y": -0.09053187072277069,
          "z": 0.7890686392784119
        }
      },
      "world_space": {
        "head": {
          "x": -0.11483146995306015,
          "y": -0.021575093269348145,
          "z": 1.583944320678711
        },
        "tail": {
          "x": -0.11328636854887009,
          "y": -0.02728787064552307,
          "z": 1.7389225959777832
        },
        "rotation_quaternion": {
          "w": 0.680640697479248,
          "x": 0.704757034778595,
          "y": -0.13531611859798431,
          "z": -0.1474292129278183
        },
        "matrix": [
          [
            0.9199084639549255,
            0.009962594136595726,
            -0.39200663566589355,
            -0.11483146995306015
          ],
          [
            -0.39142245054244995,
            -0.03683517873287201,
            -0.9194737672805786,
            -0.021575093269348145
          ],
          [
            -0.023600511252880096,
            0.9992786049842834,
            -0.029986396431922913,
            1.583944320678711
          ],
          [
            0.0,
            0.0,
            0.0,
            1.0
          ]
        ]
      },
      "bone_length_armature_space": 0.1550912863308425,
      "parent": "neck_01",
      "has_children": false,
      "is_end_bone": true
    },
    "upperarm_l": {
      "name": "upperarm_l",
      "local": {
        "location": {
          "x": 0.0,
          "y": 0.0,
          "z": 0.0
        },
        "rotation_quaternion": {
          "w": 0.734043538570404,
          "x": 0.33519962430000305,
          "y": 0.28627291321754456,
          "z": 0.5165938138961792
        },
        "scale": {
          "x": 1.0,
          "y": 1.0,
          "z": 1.0
        },
        "matrix_basis": [
          [
            0.3023573160171509,
            -0.5664875507354736,
            0.7665976881980896,
            0.0
          ],
          [
            0.9503218531608582,
            0.24154408276081085,
            -0.19632861018180847,
            0.0
          ],
          [
            -0.07394945621490479,
            0.7878758907318115,
            0.6113780736923218,
            0.0
          ],
          [
            0.0,
            0.0,
            0.0,
            1.0
          ]
        ],
        "rotation_mode": "QUATERNION"
      },
      "armature_space": {
        "head": {
          "x": 0.08617451786994934,
          "y": -0.06586034595966339,
          "z": 0.5037441253662109
        },
        "tail": {
          "x": 0.11197905987501144,
          "y": -0.28861790895462036,
          "z": 0.650444746017456
        }
      },
      "world_space": {
        "head": {
          "x": 0.08617451786994934,
          "y": -0.0026163458824157715,
          "z": 1.453598141670227
        },
        "tail": {
          "x": 0.11197905987501144,
          "y": -0.22537390887737274,
          "z": 1.6002987623214722
        },
        "rotation_quaternion": {
          "w": 0.28998103737831116,
          "x": 0.9503044486045837,
          "y": 0.01646615006029606,
          "z": -0.11207777261734009
        },
        "matrix": [
          [
            0.9743350148200989,
            0.09629657864570618,
            -0.20346596837043762,
            0.08617451786994934
          ],
          [
            -0.033705003559589386,
            -0.8312796950340271,
            -0.554831862449646,
            -0.0026163458824157715
          ],
          [
            -0.2225671261548996,
            0.5474529266357422,
            -0.8067052364349365,
            1.453598141670227
          ],
          [
            0.0,
            0.0,
            0.0,
            1.0
          ]
        ]
      },
      "bone_length_armature_space": 0.2679699187133357,
      "parent": "spine_01",
      "has_children": true,
      "is_end_bone": false
    },
    "lowerarm_l": {
      "name": "lowerarm_l",
      "local": {
        "location": {
          "x": 0.0,
          "y": 0.0,
          "z": 0.0
        },
        "rotation_quaternion": {
          "w": 0.8709694147109985,
          "x": 0.361958384513855,
          "y": 0.27830538153648376,
          "z": -0.18150676786899567
        },
        "scale": {
          "x": 1.0,
          "y": 1.0,
          "z": 1.0
        },
        "matrix_basis": [
          [
            0.7792028188705444,
            0.5176436305046082,
            0.35339516401290894,
            0.0
          ],
          [
            -0.11470375210046768,
            0.6720828413963318,
            -0.7315379977226257,
            0.0
          ],
          [
            -0.6161867380142212,
            0.5294807553291321,
            0.5830644965171814,
            0.0
          ],
          [
            0.0,
            0.0,
            0.0,
            1.0
          ]
        ],
        "rotation_mode": "QUATERNION"
      },
      "armature_space": {
        "head": {
          "x": 0.1119789406657219,
          "y": -0.2886179983615875,
          "z": 0.6504448056221008
        },
        "tail": {
          "x": 0.19361278414726257,
          "y": -0.531633734703064,
          "z": 0.5739675760269165
        }
      },
      "world_space": {
        "head": {
          "x": 0.1119789406657219,
          "y": -0.2253739982843399,
          "z": 1.6002988815307617
        },
        "tail": {
          "x": 0.19361278414726257,
          "y": -0.46838974952697754,
          "z": 1.5238215923309326
        },
        "rotation_quaternion": {
          "w": 0.16002574563026428,
          "x": -0.9727154970169067,
          "y": -0.14212127029895782,
          "z": -0.08954238891601562
        },
        "matrix": [
          [
            0.9435675740242004,
            0.3051453232765198,
            0.1287120133638382,
            0.1119789406657219
          ],
          [
            0.24782931804656982,
            -0.9083868265151978,
            0.3367703855037689,
            -0.2253739982843399
          ],
          [
            0.21968594193458557,
            -0.2858700156211853,
            -0.9327544569969177,
            1.6002988815307617
          ],
          [
            0.0,
            0.0,
            0.0,
            1.0
          ]
        ]
      },
      "bone_length_armature_space": 0.2675247617748993,
      "parent": "upperarm_l",
      "has_children": true,
      "is_end_bone": false
    },
    "metacarpal_thumb_l": {
      "name": "metacarpal_thumb_l",
      "local": {
        "location": {
          "x": 0.0,
          "y": 0.0,
          "z": 0.0
        },
        "rotation_quaternion": {
          "w": 0.9984046220779419,
          "x": -0.05553761124610901,
          "y": -0.006647129543125629,
          "z": 0.007722143549472094
        },
        "scale": {
          "x": 1.0,
          "y": 1.0,
          "z": 1.0
        },
        "matrix_basis": [
          [
            0.9997923970222473,
            -0.01468131598085165,
            -0.01413078885525465,
            0.0
          ],
          [
            0.016157979145646095,
            0.9937118887901306,
            0.11079535633325577,
            0.0
          ],
          [
            0.012415311299264431,
            -0.1110006794333458,
            0.9937427639961243,
            0.0
          ],
          [
            0.0,
            0.0,
            0.0,
            1.0
          ]
        ],
        "rotation_mode": "QUATERNION"
      },
      "armature_space": {
        "head": {
          "x": 0.19361278414726257,
          "y": -0.531633734703064,
          "z": 0.5739675760269165
        },
        "tail": {
          "x": 0.21280986070632935,
          "y": -0.5565033555030823,
          "z": 0.535671591758728
        }
      },
      "world_space": {
        "head": {
          "x": 0.19361278414726257,
          "y": -0.46838974952697754,
          "z": 1.5238215923309326
        },
        "tail": {
          "x": 0.21280986070632935,
          "y": -0.49325937032699585,
          "z": 1.4855256080627441
        },
        "rotation_quaternion": {
          "w": 0.46988290548324585,
          "x": -0.5989469885826111,
          "y": 0.16784411668777466,
          "z": -0.6263393759727478
        },
        "matrix": [
          [
            0.1590554565191269,
            0.38755595684051514,
            0.9080207943916321,
            0.19361278414726257
          ],
          [
            -0.7896719574928284,
            -0.5020750164985657,
            0.35261741280555725,
            -0.46838974952697754
          ],
          [
            0.5925569534301758,
            -0.7731302380561829,
            0.22618621587753296,
            1.5238215923309326
          ],
          [
            0.0,
            0.0,
            0.0,
            1.0
          ]
        ]
      },
      "bone_length_armature_space": 0.04953390935953004,
      "parent": "lowerarm_l",
      "has_children": true,
      "is_end_bone": false
    },
    "thumb_01_l": {
      "name": "thumb_01_l",
      "local": {
        "location": {
          "x": 0.0,
          "y": 0.0,
          "z": 0.0
        },
        "rotation_quaternion": {
          "w": 0.9998814463615417,
          "x": -0.00322127528488636,
          "y": 0.0012805622536689043,
          "z": -0.015004752203822136
        },
        "scale": {
          "x": 1.0,
          "y": 1.0,
          "z": 1.0
        },
        "matrix_basis": [
          [
            0.9995464086532593,
            0.029997697100043297,
            0.002657489851117134,
            0.0
          ],
          [
            -0.030014196410775185,
            0.9995289444923401,
            0.006403357721865177,
            0.0
          ],
          [
            -0.002464151941239834,
            -0.006480216048657894,
            0.9999759793281555,
            0.0
          ],
          [
            0.0,
            0.0,
            0.0,
            1.0
          ]
        ],
        "rotation_mode": "QUATERNION"
      },
      "armature_space": {
        "head": {
          "x": 0.21280986070632935,
          "y": -0.5565033555030823,
          "z": 0.535671591758728
        },
        "tail": {
          "x": 0.2433793544769287,
          "y": -0.556077241897583,
          "z": 0.5207065343856812
        }
      },
      "world_space": {
        "head": {
          "x": 0.21280986070632935,
          "y": -0.49325937032699585,
          "z": 1.4855256080627441
        },
        "tail": {
          "x": 0.2433793544769287,
          "y": -0.4928332567214966,
          "z": 1.4705605506896973
        },
        "rotation_quaternion": {
          "w": 0.549530565738678,
          "x": 0.1622743457555771,
          "y": 0.4519677758216858,
          "z": -0.6836726665496826
        },
        "matrix": [
          [
            -0.3433643877506256,
            0.8980837464332581,
            0.27485743165016174,
            0.21280986070632935
          ],
          [
            -0.60471510887146,
            0.012519324198365211,
            -0.7963435649871826,
            -0.49325937032699585
          ],
          [
            -0.7186297178268433,
            -0.4396495819091797,
            0.5387890934944153,
            1.4855256080627441
          ],
          [
            0.0,
            0.0,
            0.0,
            1.0
          ]
        ]
      },
      "bone_length_armature_space": 0.03403863210812842,
      "parent": "metacarpal_thumb_l",
      "has_children": true,
      "is_end_bone": false
    },
    "thumb_02_l": {
      "name": "thumb_02_l",
      "local": {
        "location": {
          "x": 0.0,
          "y": 0.0,
          "z": 0.0
        },
        "rotation_quaternion": {
          "w": 0.992716908454895,
          "x": 0.12007025629281998,
          "y": 0.008691038936376572,
          "z": -0.004573020618408918
        },
        "scale": {
          "x": 1.0,
          "y": 1.0,
          "z": 1.0
        },
        "matrix_basis": [
          [
            0.9998071193695068,
            0.011166499927639961,
            0.01615731418132782,
            0.0
          ],
          [
            -0.006992359180003405,
            0.9711244702339172,
            -0.23847103118896484,
            0.0
          ],
          [
            -0.018353650346398354,
            0.23831206560134888,
            0.971015214920044,
            0.0
          ],
          [
            0.0,
            0.0,
            0.0,
            1.0
          ]
        ],
        "rotation_mode": "QUATERNION"
      },
      "armature_space": {
        "head": {
          "x": 0.24337933957576752,
          "y": -0.5560771226882935,
          "z": 0.5207065939903259
        },
        "tail": {
          "x": 0.2510564923286438,
          "y": -0.594247579574585,
          "z": 0.5108446478843689
        }
      },
      "world_space": {
        "head": {
          "x": 0.24337933957576752,
          "y": -0.49283313751220703,
          "z": 1.4705605506896973
        },
        "tail": {
          "x": 0.2510564923286438,
          "y": -0.5310035943984985,
          "z": 1.4606986045837402
        },
        "rotation_quaternion": {
          "w": 0.021992597728967667,
          "x": 0.49189722537994385,
          "y": 0.15600880980491638,
          "z": -0.8562795519828796
        },
        "matrix": [
          [
            -0.5151072144508362,
            0.19114331901073456,
            -0.8355410695075989,
            0.24337933957576752
          ],
          [
            0.11581650376319885,
            -0.9503556489944458,
            -0.28880947828292847,
            -0.49283313751220703
          ],
          [
            -0.8492709994316101,
            -0.2455398440361023,
            0.4674004912376404,
            1.4705605506896973
          ],
          [
            0.0,
            0.0,
            0.0,
            1.0
          ]
        ]
      },
      "bone_length_armature_space": 0.04016441695755713,
      "parent": "thumb_01_l",
      "has_children": true,
      "is_end_bone": false
    },
    "thumb_03_l": {
      "name": "thumb_03_l",
      "local": {
        "location": {
          "x": 0.0,
          "y": 0.0,
          "z": 0.0
        },
        "rotation_quaternion": {
          "w": 0.9985340237617493,
          "x": 0.05328072980046272,
          "y": 0.007769844029098749,
          "z": 0.005547953303903341
        },
        "scale": {
          "x": 1.0,
          "y": 1.0,
          "z": 1.0
        },
        "matrix_basis": [
          [
            0.9998177289962769,
            -0.010251674801111221,
            0.016108104959130287,
            0.0
          ],
          [
            0.01190760638564825,
            0.9942607879638672,
            -0.10631903260946274,
            0.0
          ],
          [
            -0.014925708994269371,
            0.10649145394563675,
            0.9942016005516052,
            0.0
          ],
          [
            0.0,
            0.0,
            0.0,
            1.0
          ]
        ],
        "rotation_mode": "QUATERNION"
      },
      "armature_space": {
        "head": {
          "x": 0.2510565221309662,
          "y": -0.5942475199699402,
          "z": 0.5108445882797241
        },
        "tail": {
          "x": 0.2490498423576355,
          "y": -0.6245796084403992,
          "z": 0.5125269293785095
        }
      },
      "world_space": {
        "head": {
          "x": 0.2510565221309662,
          "y": -0.5310035347938538,
          "z": 1.4606986045837402
        },
        "tail": {
          "x": 0.2490498423576355,
          "y": -0.5613356232643127,
          "z": 1.4623808860778809
        },
        "rotation_quaternion": {
          "w": 0.006411489564925432,
          "x": -0.6614699959754944,
          "y": 0.04256501793861389,
          "z": 0.7487353086471558
        },
        "matrix": [
          [
            -0.12483266741037369,
            -0.06591212749481201,
            -0.9899861812591553,
            0.2510565221309662
          ],
          [
            -0.04671042039990425,
            -0.9962942600250244,
            0.07222193479537964,
            -0.5310035347938538
          ],
          [
            -0.9910848140716553,
            0.05525779724121094,
            0.12129216641187668,
            1.4606986045837402
          ],
          [
            0.0,
            0.0,
            0.0,
            1.0
          ]
        ]
      },
      "bone_length_armature_space": 0.030444911242357216,
      "parent": "thumb_02_l",
      "has_children": false,
      "is_end_bone": true
    },
    "metacarpal_index_l": {
      "name": "metacarpal_index_l",
      "local": {
        "location": {
          "x": 0.0,
          "y": 0.0,
          "z": 0.0
        },
        "rotation_quaternion": {
          "w": 0.9988266825675964,
          "x": -0.047758884727954865,
          "y": 0.007472335826605558,
          "z": 0.002923420164734125
        },
        "scale": {
          "x": 1.0,
          "y": 1.0,
          "z": 1.0
        },
        "matrix_basis": [
          [
            0.9998712539672852,
            -0.006553721148520708,
            0.014647898264229298,
            0.0
          ],
          [
            0.005126239266246557,
            0.9954211115837097,
            0.09544938802719116,
            0.0
          ],
          [
            -0.015206375159323215,
            -0.09536200761795044,
            0.9953265190124512,
            0.0
          ],
          [
            0.0,
            0.0,
            0.0,
            1.0
          ]
        ],
        "rotation_mode": "QUATERNION"
      },
      "armature_space": {
        "head": {
          "x": 0.19361278414726257,
          "y": -0.531633734703064,
          "z": 0.5739675760269165
        },
        "tail": {
          "x": 0.2286166250705719,
          "y": -0.6251994371414185,
          "z": 0.5127346515655518
        }
      },
      "world_space": {
        "head": {
          "x": 0.19361278414726257,
          "y": -0.46838974952697754,
          "z": 1.5238215923309326
        },
        "tail": {
          "x": 0.2286166250705719,
          "y": -0.561955451965332,
          "z": 1.4625886678695679
        },
        "rotation_quaternion": {
          "w": 0.31723079085350037,
          "x": -0.8082018494606018,
          "y": 0.00989257451146841,
          "z": -0.4960610866546631
        },
        "matrix": [
          [
            0.5076522827148438,
            0.29873958230018616,
            0.8081114888191223,
            0.19361278414726257
          ],
          [
            -0.33072108030319214,
            -0.7985348701477051,
            0.5029571056365967,
            -0.46838974952697754
          ],
          [
            0.7955635786056519,
            -0.5225913524627686,
            -0.30658021569252014,
            1.5238215923309326
          ],
          [
            0.0,
            0.0,
            0.0,
            1.0
          ]
        ]
      },
      "bone_length_armature_space": 0.11717201070940446,
      "parent": "lowerarm_l",
      "has_children": true,
      "is_end_bone": false
    },
    "index_01_l": {
      "name": "index_01_l",
      "local": {
        "location": {
          "x": 0.0,
          "y": 0.0,
          "z": 0.0
        },
        "rotation_quaternion": {
          "w": 0.9912693500518799,
          "x": -0.13149771094322205,
          "y": 0.009148789569735527,
          "z": -0.003131053876131773
        },
        "scale": {
          "x": 1.0,
          "y": 1.0,
          "z": 1.0
        },
        "matrix_basis": [
          [
            0.9998130202293396,
            0.0038013458251953125,
            0.018961282446980476,
            0.0
          ],
          [
            -0.008613524958491325,
            0.9653971195220947,
            0.26064202189445496,
            0.0
          ],
          [
            -0.017314376309514046,
            -0.26075658202171326,
            0.9652493000030518,
            0.0
          ],
          [
            0.0,
            0.0,
            0.0,
            1.0
          ]
        ],
        "rotation_mode": "QUATERNION"
      },
      "armature_space": {
        "head": {
          "x": 0.2286166250705719,
          "y": -0.6251994371414185,
          "z": 0.5127346515655518
        },
        "tail": {
          "x": 0.23170961439609528,
          "y": -0.653458833694458,
          "z": 0.5105189085006714
        }
      },
      "world_space": {
        "head": {
          "x": 0.2286166250705719,
          "y": -0.561955451965332,
          "z": 1.4625886678695679
        },
        "tail": {
          "x": 0.23170961439609528,
          "y": -0.5902148485183716,
          "z": 1.4603729248046875
        },
        "rotation_quaternion": {
          "w": 0.06306236982345581,
          "x": -0.8176720142364502,
          "y": -0.022231124341487885,
          "z": -0.5717877745628357
        },
        "matrix": [
          [
            0.345129132270813,
            0.10847145318984985,
            0.9322661757469177,
            0.2286166250705719
          ],
          [
            -0.03576057404279709,
            -0.9910581111907959,
            0.12855088710784912,
            -0.561955451965332
          ],
          [
            0.9378805756568909,
            -0.07770664244890213,
            -0.338166207075119,
            1.4625886678695679
          ],
          [
            0.0,
            0.0,
            0.0,
            1.0
          ]
        ]
      },
      "bone_length_armature_space": 0.02851437546719939,
      "parent": "metacarpal_index_l",
      "has_children": true,
      "is_end_bone": false
    },
    "index_02_l": {
      "name": "index_02_l",
      "local": {
        "location": {
          "x": 0.0,
          "y": 0.0,
          "z": 0.0
        },
        "rotation_quaternion": {
          "w": 0.9999768137931824,
          "x": 0.0053470926359295845,
          "y": -0.0038801489863544703,
          "z": 0.0016251022461801767
        },
        "scale": {
          "x": 1.0,
          "y": 1.0,
          "z": 1.0
        },
        "matrix_basis": [
          [
            0.9999645948410034,
            -0.0032916241325438023,
            -0.00774273881688714,
            0.0
          ],
          [
            0.0032086342107504606,
            0.9999375343322754,
            -0.01070654857903719,
            0.0
          ],
          [
            0.007777497172355652,
            0.010681326501071453,
            0.999912679195404,
            0.0
          ],
          [
            0.0,
            0.0,
            0.0,
            1.0
          ]
        ],
        "rotation_mode": "QUATERNION"
      },
      "armature_space": {
        "head": {
          "x": 0.23170988261699677,
          "y": -0.6534591317176819,
          "z": 0.5105185508728027
        },
        "tail": {
          "x": 0.2341538667678833,
          "y": -0.6789706945419312,
          "z": 0.5093882083892822
        }
      },
      "world_space": {
        "head": {
          "x": 0.23170988261699677,
          "y": -0.5902151465415955,
          "z": 1.4603725671768188
        },
        "tail": {
          "x": 0.2341538667678833,
          "y": -0.6157267093658447,
          "z": 1.4592422246932983
        },
        "rotation_quaternion": {
          "w": 0.04443364217877388,
          "x": -0.8384456038475037,
          "y": -0.028066538274288177,
          "z": -0.5424453020095825
        },
        "matrix": [
          [
            0.4099309742450714,
            0.09526970237493515,
            0.9071277379989624,
            0.23170988261699677
          ],
          [
            -0.0011406273115426302,
            -0.9944760799407959,
            0.1049589216709137,
            -0.5902151465415955
          ],
          [
            0.9121224880218506,
            -0.04406197741627693,
            -0.4075605571269989,
            1.4603725671768188
          ],
          [
            0.0,
            0.0,
            0.0,
            1.0
          ]
        ]
      },
      "bone_length_armature_space": 0.025653275710517013,
      "parent": "index_01_l",
      "has_children": true,
      "is_end_bone": false
    },
    "index_03_l": {
      "name": "index_03_l",
      "local": {
        "location": {
          "x": 0.0,
          "y": 0.0,
          "z": 0.0
        },
        "rotation_quaternion": {
          "w": 0.9991834759712219,
          "x": 0.039085254073143005,
          "y": 0.007350653409957886,
          "z": 0.007122909650206566
        },
        "scale": {
          "x": 1.0,
          "y": 1.0,
          "z": 1.0
        },
        "matrix_basis": [
          [
            0.9997904896736145,
            -0.01365958247333765,
            0.015246104449033737,
            0.0
          ],
          [
            0.014808791689574718,
            0.9968432188034058,
            -0.0780019611120224,
            0.0
          ],
          [
            -0.014132501557469368,
            0.07821139693260193,
            0.9968366026878357,
            0.0
          ],
          [
            0.0,
            0.0,
            0.0,
            1.0
          ]
        ],
        "rotation_mode": "QUATERNION"
      },
      "armature_space": {
        "head": {
          "x": 0.23415371775627136,
          "y": -0.6789706945419312,
          "z": 0.509388267993927
        },
        "tail": {
          "x": 0.24228543043136597,
          "y": -0.7070150375366211,
          "z": 0.5083292722702026
        }
      },
      "world_space": {
        "head": {
          "x": 0.23415371775627136,
          "y": -0.6157267093658447,
          "z": 1.459242343902588
        },
        "tail": {
          "x": 0.24228543043136597,
          "y": -0.6437710523605347,
          "z": 1.4581832885742188
        },
        "rotation_quaternion": {
          "w": 0.09632427245378494,
          "x": -0.8070541024208069,
          "y": -0.10400652140378952,
          "z": -0.5732085108757019
        },
        "matrix": [
          [
            0.321229487657547,
            0.2783053517341614,
            0.9051839709281921,
            0.23415371775627136
          ],
          [
            0.05745065212249756,
            -0.9598088264465332,
            0.27471229434013367,
            -0.6157267093658447
          ],
          [
            0.9452641010284424,
            -0.03624355047941208,
            -0.32430964708328247,
            1.459242343902588
          ],
          [
            0.0,
            0.0,
            0.0,
            1.0
          ]
        ]
      },
      "bone_length_armature_space": 0.029218681978099653,
      "parent": "index_02_l",
      "has_children": false,
      "is_end_bone": true
    },
    "metacarpal_pinky_l": {
      "name": "metacarpal_pinky_l",
      "local": {
        "location": {
          "x": 0.0,
          "y": 0.0,
          "z": 0.0
        },
        "rotation_quaternion": {
          "w": 0.9989383220672607,
          "x": -0.04473217576742172,
          "y": 0.00624589528888464,
          "z": -0.009074595756828785
        },
        "scale": {
          "x": 1.0,
          "y": 1.0,
          "z": 1.0
        },
        "matrix_basis": [
          [
            0.9997572898864746,
            0.017571138218045235,
            0.01329038105905056,
            0.0
          ],
          [
            -0.018688708543777466,
            0.9958333969116211,
            0.08925601094961166,
            0.0
          ],
          [
            -0.011666675098240376,
            -0.08948272466659546,
            0.9959200620651245,
            0.0
          ],
          [
            0.0,
            0.0,
            0.0,
            1.0
          ]
        ],
        "rotation_mode": "QUATERNION"
      },
      "armature_space": {
        "head": {
          "x": 0.19361278414726257,
          "y": -0.531633734703064,
          "z": 0.5739675760269165
        },
        "tail": {
          "x": 0.228989839553833,
          "y": -0.6294870376586914,
          "z": 0.5780189633369446
        }
      },
      "world_space": {
        "head": {
          "x": 0.19361278414726257,
          "y": -0.46838974952697754,
          "z": 1.5238215923309326
        },
        "tail": {
          "x": 0.228989839553833,
          "y": -0.566243052482605,
          "z": 1.5278730392456055
        },
        "rotation_quaternion": {
          "w": 0.104277104139328,
          "x": 0.8495770692825317,
          "y": 0.13881082832813263,
          "z": -0.49807310104370117
        },
        "matrix": [
          [
            0.4653094410896301,
            0.3397368788719177,
            -0.8173531293869019,
            0.19361278414726257
          ],
          [
            0.13198573887348175,
            -0.9397155046463013,
            -0.315459668636322,
            -0.46838974952697754
          ],
          [
            -0.87525874376297,
            0.038906581699848175,
            -0.482102632522583,
            1.5238215923309326
          ],
          [
            0.0,
            0.0,
            0.0,
            1.0
          ]
        ]
      },
      "bone_length_armature_space": 0.1041307783378758,
      "parent": "lowerarm_l",
      "has_children": true,
      "is_end_bone": false
    },
    "pinky_01_l": {
      "name": "pinky_01_l",
      "local": {
        "location": {
          "x": 0.0,
          "y": 0.0,
          "z": 0.0
        },
        "rotation_quaternion": {
          "w": 0.9567765593528748,
          "x": 0.29040613770484924,
          "y": -0.007132247556000948,
          "z": -0.013861128129065037
        },
        "scale": {
          "x": 1.0,
          "y": 1.0,
          "z": 1.0
        },
        "matrix_basis": [
          [
            0.9995139837265015,
            0.022381508722901344,
            -0.02169864811003208,
            0.0
          ],
          [
            -0.030666502192616463,
            0.830944299697876,
            -0.5555098652839661,
            0.0
          ],
          [
            0.005597221199423075,
            0.555905282497406,
            0.8312268257141113,
            0.0
          ],
          [
            0.0,
            0.0,
            0.0,
            1.0
          ]
        ],
        "rotation_mode": "QUATERNION"
      },
      "armature_space": {
        "head": {
          "x": 0.228989839553833,
          "y": -0.6294870376586914,
          "z": 0.5780189633369446
        },
