{
  "metadata": {
    "armature_name": "KIM_caucasian_male",
    "export_time": "2026-01-13T20:56:01.032520",
    "blender_version": "4.4.1",
    "bone_count": 56,
    "end_bone_count": 13,
    "spaces_included": [
      "LOCAL_CHANNELS",
      "ARMATURE_SPACE",
      "WORLD_SPACE"
    ],
    "note": "LOCAL matches Transform panel; replay pose via local.matrix_basis for best fidelity."
  },
  "bones": {
    "Root": {
      "name": "Root",
      "local": {
        "location": {
          "x": 0.0,
          "y": 0.0,
          "z": 0.0
        },
        "rotation_quaternion": {
          "w": 0.999768078327179,
          "x": -0.003048332640901208,
          "y": 0.0041924468241631985,
          "z": -0.020904352888464928
        },
        "scale": {
          "x": 1.0,
          "y": 1.0,
          "z": 1.0
        },
        "matrix_basis": [
          [
            0.999090850353241,
            0.04177344962954521,
            0.008510395884513855,
            0.0
          ],
          [
            -0.041824568063020706,
            0.9991074204444885,
            0.0059199705719947815,
            0.0
          ],
          [
            -0.008255502209067345,
            -0.00627053203061223,
            0.9999462366104126,
            0.0
          ],
          [
            0.0,
            0.0,
            0.0,
            1.0
          ]
        ],
        "rotation_mode": "QUATERNION"
      },
      "armature_space": {
        "head": {
          "x": 0.0,
          "y": 0.07072800397872925,
          "z": -0.009595036506652832
        },
        "tail": {
          "x": 0.00298161618411541,
          "y": 0.00012329965829849243,
          "z": 0.0004349416121840477
        }
      },
      "world_space": {
        "head": {
          "x": 0.0,
          "y": 0.13397200405597687,
          "z": 0.9402589797973633
        },
        "tail": {
          "x": 0.00298161618411541,
          "y": 0.06336729973554611,
          "z": 0.9502889513969421
        },
        "rotation_quaternion": {
          "w": 0.07039344310760498,
          "x": 0.9972914457321167,
          "y": 0.021139301359653473,
          "z": 0.002774640452116728
        },
        "matrix": [
          [
            0.999090850353241,
            0.04177344962954521,
            0.008510395884513855,
            0.0
          ],
          [
            0.04255472123622894,
            -0.9891957640647888,
            -0.14028869569301605,
            0.13397200405597687
          ],
          [
            0.0025581629015505314,
            0.14052337408065796,
            -0.9900810718536377,
            0.9402589797973633
          ],
          [
            0.0,
            0.0,
            0.0,
            1.0
          ]
        ]
      },
      "bone_length_armature_space": 0.07137586928929289,
      "parent": null,
      "has_children": true,
      "is_end_bone": false
    },
    "spine_01": {
      "name": "spine_01",
      "local": {
        "location": {
          "x": 0.0,
          "y": 0.0,
          "z": 0.0
        },
        "rotation_quaternion": {
          "w": 0.9980425834655762,
          "x": 0.020635150372982025,
          "y": -0.03645242005586624,
          "z": -0.0464385487139225
        },
        "scale": {
          "x": 1.0,
          "y": 1.0,
          "z": 1.0
        },
        "matrix_basis": [
          [
            0.9930293560028076,
            0.0911908969283104,
            -0.07467866688966751,
            0.0
          ],
          [
            -0.09419970214366913,
            0.9948353171348572,
            -0.03780392184853554,
            0.0
          ],
          [
            0.0708456039428711,
            0.04457511380314827,
            0.9964908361434937,
            0.0
          ],
          [
            0.0,
            0.0,
            0.0,
            1.0
          ]
        ],
        "rotation_mode": "QUATERNION"
      },
      "armature_space": {
        "head": {
          "x": 0.00298161618411541,
          "y": 0.00012329965829849243,
          "z": 0.0004349416121840477
        },
        "tail": {
          "x": 0.04603228718042374,
          "y": 0.005911949556320906,
          "z": 0.486502468585968
        }
      },
      "world_space": {
        "head": {
          "x": 0.00298161618411541,
          "y": 0.06336729973554611,
          "z": 0.9502889513969421
        },
        "tail": {
          "x": 0.04603228718042374,
          "y": 0.06915594637393951,
          "z": 1.436356544494629
        },
        "rotation_quaternion": {
          "w": 0.71101975440979,
          "x": 0.7015988826751709,
          "y": 0.019536633044481277,
          "z": -0.0427587553858757
        },
        "matrix": [
          [
            0.9955799579620361,
            0.08821836858987808,
            -0.032217711210250854,
            0.00298161618411541
          ],
          [
            -0.03339151293039322,
            0.011861957609653473,
            -0.9993720054626465,
            0.06336729973554611
          ],
          [
            -0.08778143674135208,
            0.9960375428199768,
            0.01475450024008751,
            0.9502889513969421
          ],
          [
            0.0,
            0.0,
            0.0,
            1.0
          ]
        ]
      },
      "bone_length_armature_space": 0.48800463059474203,
      "parent": "Root",
      "has_children": true,
      "is_end_bone": false
    },
    "neck_01": {
      "name": "neck_01",
      "local": {
        "location": {
          "x": 0.0,
          "y": 0.0,
          "z": 0.0
        },
        "rotation_quaternion": {
          "w": 0.9844441413879395,
          "x": -0.021216847002506256,
          "y": 0.09496238827705383,
          "z": -0.14629405736923218
        },
        "scale": {
          "x": 1.0,
          "y": 1.0,
          "z": 1.0
        },
        "matrix_basis": [
          [
            0.9391604065895081,
            0.2840070426464081,
            0.19317813217639923,
            0.0
          ],
          [
            -0.2920662462711334,
            0.9562957882881165,
            0.013988735154271126,
            0.0
          ],
          [
            -0.18076252937316895,
            -0.06955846399068832,
            0.981063961982727,
            0.0
          ],
          [
            0.0,
            0.0,
            0.0,
            1.0
          ]
        ],
        "rotation_mode": "QUATERNION"
      },
      "armature_space": {
        "head": {
          "x": 0.051374178379774094,
          "y": -0.02787819877266884,
          "z": 0.5599425435066223
        },
        "tail": {
          "x": 0.0876234918832779,
          "y": -0.05842006951570511,
          "z": 0.6508486270904541
        }
      },
      "world_space": {
        "head": {
          "x": 0.051374178379774094,
          "y": 0.03536580130457878,
          "z": 1.5097966194152832
        },
        "tail": {
          "x": 0.0876234918832779,
          "y": 0.004823930561542511,
          "z": 1.6007026433944702
        },
        "rotation_quaternion": {
          "w": 0.5627381205558777,
          "x": 0.8040696382522583,
          "y": 0.18539629876613617,
          "z": -0.04925447329878807
        },
        "matrix": [
          [
            0.9264040589332581,
            0.3535781800746918,
            0.12945273518562317,
            0.051374178379774094
          ],
          [
            0.24270997941493988,
            -0.2979074716567993,
            -0.9232244491577148,
            0.03536580130457878
          ],
          [
            -0.28786882758140564,
            0.8867040872573853,
            -0.36180293560028076,
            1.5097966194152832
          ],
          [
            0.0,
            0.0,
            0.0,
            1.0
          ]
        ]
      },
      "bone_length_armature_space": 0.1025218724987095,
      "parent": "spine_01",
      "has_children": true,
      "is_end_bone": false
    },
    "head": {
      "name": "head",
      "local": {
        "location": {
          "x": 0.0,
          "y": 0.0,
          "z": 0.0
        },
        "rotation_quaternion": {
          "w": 0.9917948842048645,
          "x": -0.06974911689758301,
          "y": -0.1071234717965126,
          "z": 0.001639717724174261
        },
        "scale": {
          "x": 1.0,
          "y": 1.0,
          "z": 1.0
        },
        "matrix_basis": [
          [
            0.9770437479019165,
            0.011691007763147354,
            -0.21271775662899017,
            0.0
          ],
          [
            0.018196063116192818,
            0.9902647733688354,
            0.13800233602523804,
            0.0
          ],
          [
            0.21226029098033905,
            -0.13870494067668915,
            0.9673192501068115,
            0.0
          ],
          [
            0.0,
            0.0,
            0.0,
            1.0
          ]
        ],
        "rotation_mode": "QUATERNION"
      },
      "armature_space": {
        "head": {
          "x": 0.0876234769821167,
          "y": -0.05842019245028496,
          "z": 0.6508485078811646
        },
        "tail": {
          "x": 0.1273723840713501,
          "y": -0.028561117127537727,
          "z": 0.797755777835846
        }
      },
      "world_space": {
        "head": {
          "x": 0.0876234769821167,
          "y": 0.004823807626962662,
          "z": 1.6007025241851807
        },
        "tail": {
          "x": 0.1273723840713501,
          "y": 0.03468288481235504,
          "z": 1.7476098537445068
        },
        "rotation_quaternion": {
          "w": 0.7638286352157593,
          "x": 0.6310564875602722,
          "y": 0.11326581984758377,
          "z": -0.07419279962778091
        },
        "matrix": [
          [
            0.9633327126502991,
            0.25629541277885437,
            0.07939021289348602,
            0.0876234769821167
          ],
          [
            0.02961142361164093,
            0.1925271451473236,
            -0.9808449149131775,
            0.004823807626962662
          ],
          [
            -0.26667261123657227,
            0.9472376108169556,
            0.17787882685661316,
            1.6007025241851807
          ],
          [
            0.0,
            0.0,
            0.0,
            1.0
          ]
        ]
      },
      "bone_length_armature_space": 0.15509122021063113,
      "parent": "neck_01",
      "has_children": false,
      "is_end_bone": true
    },
    "upperarm_l": {
      "name": "upperarm_l",
      "local": {
        "location": {
          "x": 0.0,
          "y": 0.0,
          "z": 0.0
        },
        "rotation_quaternion": {
          "w": 0.9320741891860962,
          "x": 0.26018741726875305,
          "y": 0.17348548769950867,
          "z": 0.1828746497631073
        },
        "scale": {
          "x": 1.0,
          "y": 1.0,
          "z": 1.0
        },
        "matrix_basis": [
          [
            0.8729193210601807,
            -0.2506279945373535,
            0.4185660481452942,
            0.0
          ],
          [
            0.43118295073509216,
            0.7977187633514404,
            -0.42157575488090515,
            0.0
          ],
          [
            -0.22823932766914368,
            0.5484801530838013,
            0.8044105768203735,
            0.0
          ],
          [
            0.0,
            0.0,
            0.0,
            1.0
          ]
        ],
        "rotation_mode": "QUATERNION"
      },
      "armature_space": {
        "head": {
          "x": 0.19467945396900177,
          "y": -0.03687126561999321,
          "z": 0.4798809289932251
        },
        "tail": {
          "x": 0.41513675451278687,
          "y": -0.1835166960954666,
          "z": 0.521128237247467
        }
      },
      "world_space": {
        "head": {
          "x": 0.19467945396900177,
          "y": 0.02637273445725441,
          "z": 1.4297349452972412
        },
        "tail": {
          "x": 0.41513675451278687,
          "y": -0.120272696018219,
          "z": 1.470982313156128
        },
        "rotation_quaternion": {
          "w": 0.317769318819046,
          "x": 0.7514990568161011,
          "y": 0.35411691665649414,
          "z": -0.45702633261680603
        },
        "matrix": [
          [
            0.331455796957016,
            0.8226956725120544,
            -0.46185392141342163,
            0.19467945396900177
          ],
          [
            0.24177967011928558,
            -0.5472468733787537,
            -0.8012887239456177,
            0.02637273445725441
          ],
          [
            -0.9119709730148315,
            0.15392549335956573,
            -0.3803024888038635,
            1.4297349452972412
          ],
          [
            0.0,
            0.0,
            0.0,
            1.0
          ]
        ]
      },
      "bone_length_armature_space": 0.26796948286677813,
      "parent": "spine_01",
      "has_children": true,
      "is_end_bone": false
    },
    "lowerarm_l": {
      "name": "lowerarm_l",
      "local": {
        "location": {
          "x": 0.0,
          "y": 0.0,
          "z": 0.0
        },
        "rotation_quaternion": {
          "w": 0.945543646812439,
          "x": 0.3018702566623688,
          "y": -0.08374235033988953,
          "z": 0.08836700022220612
        },
        "scale": {
          "x": 1.0,
          "y": 1.0,
          "z": 1.0
        },
        "matrix_basis": [
          [
            0.9703570008277893,
            -0.217668354511261,
            -0.10501335561275482,
            0.0
          ],
          [
            0.11655106395483017,
            0.8021312355995178,
            -0.5856631398200989,
            0.0
          ],
          [
            0.21171483397483826,
            0.5560628771781921,
            0.803723156452179,
            0.0
          ],
          [
            0.0,
            0.0,
            0.0,
            1.0
          ]
        ],
        "rotation_mode": "QUATERNION"
      },
      "armature_space": {
        "head": {
          "x": 0.41513675451278687,
          "y": -0.18351683020591736,
          "z": 0.5211283564567566
        },
        "tail": {
          "x": 0.466287225484848,
          "y": -0.44081953167915344,
          "z": 0.5735527873039246
        }
      },
      "world_space": {
        "head": {
          "x": 0.41513675451278687,
          "y": -0.12027283012866974,
          "z": 1.470982313156128
        },
        "tail": {
          "x": 0.466287225484848,
          "y": -0.37757551670074463,
          "z": 1.523406744003296
        },
        "rotation_quaternion": {
          "w": 0.13739162683486938,
          "x": 0.7801974415779114,
          "y": 0.01510026678442955,
          "z": -0.6100718379020691
        },
        "matrix": [
          [
            0.2551689147949219,
            0.1911991834640503,
            -0.9478036165237427,
            0.41513675451278687
          ],
          [
            -0.14407533407211304,
            -0.9617912769317627,
            -0.2328091859817505,
            -0.12027283012866974
          ],
          [
            -0.9561089277267456,
            0.19596128165721893,
            -0.21787384152412415,
            1.470982313156128
          ],
          [
            0.0,
            0.0,
            0.0,
            1.0
          ]
        ]
      },
      "bone_length_armature_space": 0.26752452940086247,
      "parent": "upperarm_l",
      "has_children": true,
      "is_end_bone": false
    },
    "metacarpal_thumb_l": {
      "name": "metacarpal_thumb_l",
      "local": {
        "location": {
          "x": 0.0,
          "y": 0.0,
          "z": 0.0
        },
        "rotation_quaternion": {
          "w": 0.9981439113616943,
          "x": -0.05898367613554001,
          "y": 0.002209000987932086,
          "z": -0.014996577054262161
        },
        "scale": {
          "x": 1.0,
          "y": 1.0,
          "z": 1.0
        },
        "matrix_basis": [
          [
            0.9995404481887817,
            0.02967689372599125,
            0.006178908050060272,
            0.0
          ],
          [
            -0.030198074877262115,
            0.9925920367240906,
            0.11768213659524918,
            0.0
          ],
          [
            -0.002640695311129093,
            -0.11781465262174606,
            0.9930320978164673,
            0.0
          ],
          [
            0.0,
            0.0,
            0.0,
            1.0
          ]
        ],
        "rotation_mode": "QUATERNION"
      },
      "armature_space": {
        "head": {
          "x": 0.466287225484848,
          "y": -0.44081953167915344,
          "z": 0.5735527873039246
        },
        "tail": {
          "x": 0.4483600854873657,
          "y": -0.48697608709335327,
          "z": 0.572221040725708
        }
      },
      "world_space": {
        "head": {
          "x": 0.466287225484848,
          "y": -0.37757551670074463,
          "z": 1.523406744003296
        },
        "tail": {
          "x": 0.4483600854873657,
          "y": -0.42373210191726685,
          "z": 1.5220750570297241
        },
        "rotation_quaternion": {
          "w": 0.008323787711560726,
          "x": 0.9758285284042358,
          "y": -0.18444405496120453,
          "z": 0.11691878736019135
        },
        "matrix": [
          [
            0.9046207666397095,
            -0.36191803216934204,
            0.22511477768421173,
            0.466287225484848
          ],
          [
            -0.3580250144004822,
            -0.9318221807479858,
            -0.059375837445259094,
            -0.37757551670074463
          ],
          [
            0.23125746846199036,
            -0.026885084807872772,
            -0.972528338432312,
            1.523406744003296
          ],
          [
            0.0,
            0.0,
            0.0,
            1.0
          ]
        ]
      },
      "bone_length_armature_space": 0.04953366043582304,
      "parent": "lowerarm_l",
      "has_children": true,
      "is_end_bone": false
    },
    "thumb_01_l": {
      "name": "thumb_01_l",
      "local": {
        "location": {
          "x": 0.0,
          "y": 0.0,
          "z": 0.0
        },
        "rotation_quaternion": {
          "w": 0.9998104572296143,
          "x": 0.006639450788497925,
          "y": -0.006417653989046812,
          "z": -0.017140913754701614
        },
        "scale": {
          "x": 1.0,
          "y": 1.0,
          "z": 1.0
        },
        "matrix_basis": [
          [
            0.9993299841880798,
            0.034190110862255096,
            -0.013060487806797028,
            0.0
          ],
          [
            -0.034360550343990326,
            0.9993242025375366,
            -0.0130563760176301,
            0.0
          ],
          [
            0.01260526292026043,
            0.013496393337845802,
            0.9998294711112976,
            0.0
          ],
          [
            0.0,
            0.0,
            0.0,
            1.0
          ]
        ],
        "rotation_mode": "QUATERNION"
      },
      "armature_space": {
        "head": {
          "x": 0.4483600854873657,
          "y": -0.48697608709335327,
          "z": 0.572221040725708
        },
        "tail": {
          "x": 0.44209954142570496,
          "y": -0.5088862180709839,
          "z": 0.546934962272644
        }
      },
      "world_space": {
        "head": {
          "x": 0.4483600854873657,
          "y": -0.42373210191726685,
          "z": 1.5220750570297241
        },
        "tail": {
          "x": 0.44209954142570496,
          "y": -0.44564223289489746,
          "z": 1.4967889785766602
        },
        "rotation_quaternion": {
          "w": 0.15347787737846375,
          "x": -0.5229410529136658,
          "y": 0.3931949734687805,
          "z": -0.7405234575271606
        },
        "matrix": [
          [
            -0.4059560000896454,
            -0.1839253157377243,
            0.8951935172080994,
            0.4483600854873657
          ],
          [
            -0.6385425329208374,
            -0.6436857581138611,
            -0.42181986570358276,
            -0.42373210191726685
          ],
          [
            0.6538105607032776,
            -0.7428653240203857,
            0.14386461675167084,
            1.5220750570297241
          ],
          [
            0.0,
            0.0,
            0.0,
            1.0
          ]
        ]
      },
      "bone_length_armature_space": 0.03403871353023255,
      "parent": "metacarpal_thumb_l",
      "has_children": true,
      "is_end_bone": false
    },
    "thumb_02_l": {
      "name": "thumb_02_l",
      "local": {
        "location": {
          "x": 0.0,
          "y": 0.0,
          "z": 0.0
        },
        "rotation_quaternion": {
          "w": 0.9979711174964905,
          "x": 0.06298425793647766,
          "y": -0.0034745708107948303,
          "z": 0.008636586368083954
        },
        "scale": {
          "x": 1.0,
          "y": 1.0,
          "z": 1.0
        },
        "matrix_basis": [
          [
            0.9998266696929932,
            -0.017675813287496567,
            -0.005847104825079441,
            0.0
          ],
          [
            0.016800440847873688,
            0.9919167757034302,
            -0.12577295303344727,
            0.0
          ],
          [
            0.008022980764508247,
            0.12565292418003082,
            0.992041826248169,
            0.0
          ],
          [
            0.0,
            0.0,
            0.0,
            1.0
          ]
        ],
        "rotation_mode": "QUATERNION"
      },
      "armature_space": {
        "head": {
          "x": 0.44209951162338257,
          "y": -0.5088861584663391,
          "z": 0.546934962272644
        },
        "tail": {
          "x": 0.45255666971206665,
          "y": -0.546477198600769,
          "z": 0.5564606785774231
        }
      },
      "world_space": {
        "head": {
          "x": 0.44209951162338257,
          "y": -0.4456421732902527,
          "z": 1.4967889785766602
        },
        "tail": {
          "x": 0.45255666971206665,
          "y": -0.4832332134246826,
          "z": 1.506314754486084
        },
        "rotation_quaternion": {
          "w": 0.10122644156217575,
          "x": -0.22512100636959076,
          "y": -0.14760813117027283,
          "z": -0.9577502608299255
        },
        "matrix": [
          [
            -0.8781476616859436,
            0.2603589594364166,
            0.40133559703826904,
            0.44209951162338257
          ],
          [
            -0.12743985652923584,
            -0.9359298348426819,
            0.32832035422325134,
            -0.4456421732902527
          ],
          [
            0.4611061215400696,
            0.23716840147972107,
            0.8550710082054138,
            1.4967889785766602
          ],
          [
            0.0,
            0.0,
            0.0,
            1.0
          ]
        ]
      },
      "bone_length_armature_space": 0.04016438394216887,
      "parent": "thumb_01_l",
      "has_children": true,
      "is_end_bone": false
    },
    "thumb_03_l": {
      "name": "thumb_03_l",
      "local": {
        "location": {
          "x": 0.0,
          "y": 0.0,
          "z": 0.0
        },
        "rotation_quaternion": {
          "w": 0.998564600944519,
          "x": 0.05351130664348602,
          "y": 0.0020087999291718006,
          "z": -0.0011367457918822765
        },
        "scale": {
          "x": 1.0,
          "y": 1.0,
          "z": 1.0
        },
        "matrix_basis": [
          [
            0.9999893307685852,
            0.002485215198248625,
            0.0038901756051927805,
            0.0
          ],
          [
            -0.002055241260677576,
            0.9942705035209656,
            -0.10687355697154999,
            0.0
          ],
          [
            -0.00413349037989974,
            0.10686442255973816,
            0.9942650198936462,
            0.0
          ],
          [
            0.0,
            0.0,
            0.0,
            1.0
          ]
        ],
        "rotation_mode": "QUATERNION"
      },
      "armature_space": {
        "head": {
          "x": 0.4525565803050995,
          "y": -0.546477198600769,
          "z": 0.5564606189727783
        },
        "tail": {
          "x": 0.4674539864063263,
          "y": -0.5687016844749451,
          "z": 0.5709875822067261
        }
      },
      "world_space": {
        "head": {
          "x": 0.4525565803050995,
          "y": -0.4832332134246826,
          "z": 1.5063146352767944
        },
        "tail": {
          "x": 0.4674539864063263,
          "y": -0.5054576992988586,
          "z": 1.5208415985107422
        },
        "rotation_quaternion": {
          "w": 0.25522875785827637,
          "x": -0.02797103300690651,
          "y": -0.2643146514892578,
          "z": -0.9296309351921082
        },
        "matrix": [
          [
            -0.8681517839431763,
            0.4893237054347992,
            -0.08291678875684738,
            0.4525565803050995
          ],
          [
            -0.4597512185573578,
            -0.729991614818573,
            0.5057083368301392,
            -0.4832332134246826
          ],
          [
            0.18692731857299805,
            0.47715532779693604,
            0.8587172031402588,
            1.5063146352767944
          ],
          [
            0.0,
            0.0,
            0.0,
            1.0
          ]
        ]
      },
      "bone_length_armature_space": 0.030444920353759786,
      "parent": "thumb_02_l",
      "has_children": false,
      "is_end_bone": true
    },
    "metacarpal_index_l": {
      "name": "metacarpal_index_l",
      "local": {
        "location": {
          "x": 0.0,
          "y": 0.0,
          "z": 0.0
        },
        "rotation_quaternion": {
          "w": 0.9976068139076233,
          "x": -0.06817282736301422,
          "y": 0.010346483439207077,
          "z": -0.0051061837002635
        },
        "scale": {
          "x": 1.0,
          "y": 1.0,
          "z": 1.0
        },
        "matrix_basis": [
          [
            0.9997337460517883,
            0.008777229115366936,
            0.021339651197195053,
            0.0
          ],
          [
            -0.011598625220358372,
            0.9906527996063232,
            0.13591368496418,
            0.0
          ],
          [
            -0.019947238266468048,
            -0.13612501323223114,
            0.9904908537864685,
            0.0
          ],
          [
            0.0,
            0.0,
            0.0,
            1.0
          ]
        ],
        "rotation_mode": "QUATERNION"
      },
      "armature_space": {
        "head": {
          "x": 0.466287225484848,
          "y": -0.44081953167915344,
          "z": 0.5735527873039246
        },
        "tail": {
          "x": 0.46186888217926025,
          "y": -0.5556503534317017,
          "z": 0.5964348316192627
        }
      },
      "world_space": {
        "head": {
          "x": 0.466287225484848,
          "y": -0.37757551670074463,
          "z": 1.523406744003296
        },
        "tail": {
          "x": 0.46186888217926025,
          "y": -0.49240636825561523,
          "z": 1.5462888479232788
        },
        "rotation_quaternion": {
          "w": 0.09344687312841415,
          "x": 0.9803292751312256,
          "y": -0.035455372184515,
          "z": -0.17019149661064148
        },
        "matrix": [
          [
            0.9395555257797241,
            -0.03770820423960686,
            -0.34031379222869873,
            0.466287225484848
          ],
          [
            -0.10132363438606262,
            -0.9800212383270264,
            -0.1711493283510208,
            -0.37757551670074463
          ],
          [
            -0.3270634114742279,
            0.1952865719795227,
            -0.9246117472648621,
            1.523406744003296
          ],
          [
            0.0,
            0.0,
            0.0,
            1.0
          ]
        ]
      },
      "bone_length_armature_space": 0.11717178573400647,
      "parent": "lowerarm_l",
      "has_children": true,
      "is_end_bone": false
    },
    "index_01_l": {
      "name": "index_01_l",
      "local": {
        "location": {
          "x": 0.0,
          "y": 0.0,
          "z": 0.0
        },
        "rotation_quaternion": {
          "w": 0.9927650690078735,
          "x": -0.1196855679154396,
          "y": -0.00446469197049737,
          "z": 0.008553595282137394
        },
        "scale": {
          "x": 1.0,
          "y": 1.0,
          "z": 1.0
        },
        "matrix_basis": [
          [
            0.9998137950897217,
            -0.01591470278799534,
            -0.010912264697253704,
            0.0
          ],
          [
            0.01805214025080204,
            0.971204400062561,
            0.23756292462348938,
            0.0
          ],
          [
            0.006817296613007784,
            -0.2377156764268875,
            0.9713108539581299,
            0.0
          ],
          [
            0.0,
            0.0,
            0.0,
            1.0
          ]
        ],
        "rotation_mode": "QUATERNION"
      },
      "armature_space": {
        "head": {
          "x": 0.46186888217926025,
          "y": -0.5556503534317017,
          "z": 0.5964348316192627
        },
        "tail": {
          "x": 0.47265565395355225,
          "y": -0.5793304443359375,
          "z": 0.6080954670906067
        }
      },
      "world_space": {
        "head": {
          "x": 0.46186888217926025,
          "y": -0.49240636825561523,
          "z": 1.5462888479232788
        },
        "tail": {
          "x": 0.47265565395355225,
          "y": -0.5160864591598511,
          "z": 1.5579495429992676
        },
        "rotation_quaternion": {
          "w": 0.2426319122314453,
          "x": 0.9443288445472717,
          "y": 0.16093097627162933,
          "z": -0.15321236848831177
        },
        "matrix": [
          [
            0.9012544751167297,
            0.37829211354255676,
            -0.21127110719680786,
            0.46186888217926025
          ],
          [
            0.22959546744823456,
            -0.8304616212844849,
            -0.5075622797012329,
            -0.49240636825561523
          ],
          [
            -0.3674617409706116,
            0.4089379906654358,
            -0.8353177309036255,
            1.5462888479232788
          ],
          [
            0.0,
            0.0,
            0.0,
            1.0
          ]
        ]
      },
      "bone_length_armature_space": 0.028514409779307606,
      "parent": "metacarpal_index_l",
      "has_children": true,
      "is_end_bone": false
    },
    "index_02_l": {
      "name": "index_02_l",
      "local": {
        "location": {
          "x": 0.0,
          "y": 0.0,
          "z": 0.0
        },
        "rotation_quaternion": {
          "w": 0.9999516606330872,
          "x": 0.00962068885564804,
          "y": 0.0015348955057561398,
          "z": 0.0013398485025390983
        },
        "scale": {
          "x": 1.0,
          "y": 1.0,
          "z": 1.0
        },
        "matrix_basis": [
          [
            0.9999917149543762,
            -0.0026500339154154062,
            0.0030954231042414904,
            0.0
          ],
          [
            0.0027091009542346,
            0.9998112916946411,
            -0.019236333668231964,
            0.0
          ],
          [
            -0.00304386205971241,
            0.019244560971856117,
            0.9998101592063904,
            0.0
          ],
          [
            0.0,
            0.0,
            0.0,
            1.0
          ]
        ],
        "rotation_mode": "QUATERNION"
      },
      "armature_space": {
        "head": {
          "x": 0.4726555049419403,
          "y": -0.5793309807777405,
          "z": 0.6080954670906067
        },
        "tail": {
          "x": 0.4830682575702667,
          "y": -0.6002620458602905,
          "z": 0.6186574697494507
        }
      },
      "world_space": {
        "head": {
          "x": 0.4726555049419403,
          "y": -0.516086995601654,
          "z": 1.5579495429992676
        },
        "tail": {
          "x": 0.4830682575702667,
          "y": -0.5370180606842041,
          "z": 1.5685114860534668
        },
        "rotation_quaternion": {
          "w": 0.2532123327255249,
          "x": 0.9348163604736328,
          "y": 0.1670992374420166,
          "z": -0.18460696935653687
        },
        "matrix": [
          [
            0.8759962916374207,
            0.4059039354324341,
            -0.26052337884902954,
            0.4726555049419403
          ],
          [
            0.21892507374286652,
            -0.8159223198890686,
            -0.5351098775863647,
            -0.516086995601654
          ],
          [
            -0.42977288365364075,
            0.41172128915786743,
            -0.8036137223243713,
            1.5579495429992676
          ],
          [
            0.0,
            0.0,
            0.0,
            1.0
          ]
        ]
      },
      "bone_length_armature_space": 0.025653280372632828,
      "parent": "index_01_l",
      "has_children": true,
      "is_end_bone": false
    },
    "index_03_l": {
      "name": "index_03_l",
      "local": {
        "location": {
          "x": 0.0,
          "y": 0.0,
          "z": 0.0
        },
        "rotation_quaternion": {
          "w": 0.9993280172348022,
          "x": 0.03656363859772682,
          "y": 0.0018442756263539195,
          "z": 0.0018295126501470804
        },
        "scale": {
          "x": 1.0,
          "y": 1.0,
          "z": 1.0
        },
        "matrix_basis": [
          [
            0.9999865293502808,
            -0.0035216996911913157,
            0.0038198598194867373,
            0.0
          ],
          [
            0.0037914332933723927,
            0.9973195195198059,
            -0.07307139039039612,
            0.0
          ],
          [
            -0.0035522852558642626,
            0.07308488339185715,
            0.9973194003105164,
            0.0
          ],
          [
            0.0,
            0.0,
            0.0,
            1.0
          ]
        ],
        "rotation_mode": "QUATERNION"
      },
      "armature_space": {
        "head": {
          "x": 0.4830682575702667,
          "y": -0.6002619862556458,
          "z": 0.6186575889587402
        },
        "tail": {
          "x": 0.4958523213863373,
          "y": -0.625614583492279,
          "z": 0.6255528926849365
        }
      },
      "world_space": {
        "head": {
          "x": 0.4830682575702667,
          "y": -0.5370180010795593,
          "z": 1.5685116052627563
        },
        "tail": {
          "x": 0.4958523213863373,
          "y": -0.5623705983161926,
          "z": 1.5754069089889526
        },
        "rotation_quaternion": {
          "w": 0.16106802225112915,
          "x": 0.9503874778747559,
          "y": 0.2005358785390854,
          "z": -0.17494599521160126
        },
        "matrix": [
          [
            0.8583585619926453,
            0.43753015995025635,
            -0.267932653427124,
            0.4830682575702667
          ],
          [
            0.3248172998428345,
            -0.867684543132782,
            -0.37632063031196594,
            -0.5370180010795593
          ],
          [
            -0.3971351981163025,
            0.23598968982696533,
            -0.8869084119796753,
            1.5685116052627563
          ],
          [
            0.0,
            0.0,
            0.0,
            1.0
          ]
        ]
      },
      "bone_length_armature_space": 0.029218687402007455,
      "parent": "index_02_l",
      "has_children": false,
      "is_end_bone": true
    },
    "metacarpal_pinky_l": {
      "name": "metacarpal_pinky_l",
      "local": {
        "location": {
          "x": 0.0,
          "y": 0.0,
          "z": 0.0
        },
        "rotation_quaternion": {
          "w": 0.9984675645828247,
          "x": -0.05511348694562912,
          "y": 0.0032659131102263927,
          "z": -0.003801969811320305
        },
        "scale": {
          "x": 1.0,
          "y": 1.0,
          "z": 1.0
        },
        "matrix_basis": [
          [
            0.9999497532844543,
            0.007232295349240303,
            0.0069408961571753025,
            0.0
          ],
          [
            -0.007952278479933739,
            0.9938961267471313,
            0.11003322154283524,
            0.0
          ],
          [
            -0.0061027370393276215,
            -0.11008289456367493,
            0.9939036965370178,
            0.0
          ],
          [
            0.0,
            0.0,
            0.0,
            1.0
          ]
        ],
        "rotation_mode": "QUATERNION"
      },
      "armature_space": {
        "head": {
          "x": 0.466287225484848,
          "y": -0.44081953167915344,
          "z": 0.5735527873039246
        },
        "tail": {
          "x": 0.5198987722396851,
          "y": -0.5287809371948242,
          "z": 0.5887781381607056
        }
      },
      "world_space": {
        "head": {
          "x": 0.466287225484848,
          "y": -0.37757551670074463,
          "z": 1.523406744003296
        },
        "tail": {
          "x": 0.5198987722396851,
          "y": -0.4655369520187378,
          "z": 1.5386321544647217
        },
        "rotation_quaternion": {
          "w": 0.27836790680885315,
          "x": 0.2213941067457199,
          "y": -0.012281988747417927,
          "z": -0.9345293641090393
        },
        "matrix": [
          [
            -0.7469918131828308,
            0.5148480534553528,
            -0.4206361770629883,
            0.466287225484848
          ],
          [
            -0.5257247090339661,
            -0.844720721244812,
            -0.1003027856349945,
            -0.37757551670074463
          ],
          [
            -0.4069640040397644,
            0.14621372520923615,
            0.9016740322113037,
            1.523406744003296
          ],
          [
            0.0,
            0.0,
            0.0,
            1.0
          ]
        ]
      },
      "bone_length_armature_space": 0.10413077501016144,
      "parent": "lowerarm_l",
      "has_children": true,
      "is_end_bone": false
    },
    "pinky_01_l": {
      "name": "pinky_01_l",
      "local": {
        "location": {
          "x": 0.0,
          "y": 0.0,
          "z": 0.0
        },
        "rotation_quaternion": {
          "w": 0.9575538039207458,
          "x": 0.28759169578552246,
          "y": 0.011878144927322865,
          "z": 0.015518884174525738
        },
        "scale": {
          "x": 1.0,
          "y": 1.0,
          "z": 1.0
        },
        "matrix_basis": [
          [
            0.9992361664772034,
            -0.022888220846652985,
            0.031674131751060486,
            0.0
          ],
          [
            0.036552444100379944,
            0.8341003656387329,
            -0.5504003763198853,
            0.0
          ],
          [
            -0.013821721076965332,
            0.5511377453804016,
            0.8342998623847961,
            0.0
          ],
          [
            0.0,
            0.0,
            0.0,
            1.0
          ]
        ],
        "rotation_mode": "QUATERNION"
      },
      "armature_space": {
        "head": {
          "x": 0.5198987722396851,
          "y": -0.5287809371948242,
          "z": 0.5887781381607056
        },
        "tail": {
          "x": 0.5262335538864136,
