{
  "metadata": {
    "armature_name": "KIM_caucasian_male",
    "export_time": "2026-01-13T21:01:12.183312",
    "blender_version": "4.4.1",
    "bone_count": 56,
    "end_bone_count": 13,
    "spaces_included": [
      "LOCAL_CHANNELS",
      "ARMATURE_SPACE",
      "WORLD_SPACE"
    ],
    "note": "LOCAL matches Transform panel; replay pose via local.matrix_basis for best fidelity."
  },
  "bones": {
    "Root": {
      "name": "Root",
      "local": {
        "location": {
          "x": 0.0,
          "y": 0.0,
          "z": 0.0
        },
        "rotation_quaternion": {
          "w": 0.9999417066574097,
          "x": -0.007023574784398079,
          "y": 0.00811889860779047,
          "z": 0.0011656539281830192
        },
        "scale": {
          "x": 1.0,
          "y": 1.0,
          "z": 1.0
        },
        "matrix_basis": [
          [
            0.9998654723167419,
            -0.0024452193174511194,
            0.01622047647833824,
            0.0
          ],
          [
            0.002217124681919813,
            0.9998986124992371,
            0.014065258204936981,
            0.0
          ],
          [
            -0.01625322550535202,
            -0.014027402736246586,
            0.9997695088386536,
            0.0
          ],
          [
            0.0,
            0.0,
            0.0,
            1.0
          ]
        ],
        "rotation_mode": "QUATERNION"
      },
      "armature_space": {
        "head": {
          "x": 0.0,
          "y": 0.07072800397872925,
          "z": -0.009595036506652832
        },
        "tail": {
          "x": -0.0001745296613080427,
          "y": 0.0001417696475982666,
          "z": 0.0009911637753248215
        }
      },
      "world_space": {
        "head": {
          "x": 0.0,
          "y": 0.13397200405597687,
          "z": 0.9402589797973633
        },
        "tail": {
          "x": -0.0001745296613080427,
          "y": 0.06338576972484589,
          "z": 0.9508451819419861
        },
        "rotation_quaternion": {
          "w": 0.0743713527917862,
          "x": 0.9971969127655029,
          "y": -0.0006160527700558305,
          "z": 0.008178981952369213
        },
        "matrix": [
          [
            0.9998654723167419,
            -0.0024452193174511194,
            0.01622047647833824,
            0.0
          ],
          [
            -1.2084143236279488e-05,
            -0.9889369606971741,
            -0.14833630621433258,
            0.13397200405597687
          ],
          [
            0.016403859481215477,
            0.14831623435020447,
            -0.9888110160827637,
            0.9402589797973633
          ],
          [
            0.0,
            0.0,
            0.0,
            1.0
          ]
        ]
      },
      "bone_length_armature_space": 0.07137586859346723,
      "parent": null,
      "has_children": true,
      "is_end_bone": false
    },
    "spine_01": {
      "name": "spine_01",
      "local": {
        "location": {
          "x": 0.0,
          "y": 0.0,
          "z": 0.0
        },
        "rotation_quaternion": {
          "w": 0.9965940117835999,
          "x": -0.04053706303238869,
          "y": 0.06048133969306946,
          "z": 0.038720156997442245
        },
        "scale": {
          "x": 1.0,
          "y": 1.0,
          "z": 1.0
        },
        "matrix_basis": [
          [
            0.9896855354309082,
            -0.08208002150058746,
            0.11741147935390472,
            0.0
          ],
          [
            0.07227308303117752,
            0.9937149882316589,
            0.0854816809296608,
            0.0
          ],
          [
            -0.12368988245725632,
            -0.07611429691314697,
            0.9893975257873535,
            0.0
          ],
          [
            0.0,
            0.0,
            0.0,
            1.0
          ]
        ],
        "rotation_mode": "QUATERNION"
      },
      "armature_space": {
        "head": {
          "x": -0.0001745296613080427,
          "y": 0.0001417696475982666,
          "z": 0.0009911637753248215
        },
        "tail": {
          "x": -0.048126500099897385,
          "y": 0.06668476015329361,
          "z": 0.4820537269115448
        }
      },
      "world_space": {
        "head": {
          "x": -0.0001745296613080427,
          "y": 0.06338576972484589,
          "z": 0.9508451819419861
        },
        "tail": {
          "x": -0.048126500099897385,
          "y": 0.12992876768112183,
          "z": 1.4319077730178833
        },
        "rotation_quaternion": {
          "w": 0.7536914348602295,
          "x": 0.6528371572494507,
          "y": 0.011326898820698261,
          "z": 0.07499833405017853
        },
        "matrix": [
          [
            0.9884938597679138,
            -0.0982619896531105,
            0.1149979680776596,
            -0.0001745296613080427
          ],
          [
            0.1278410702943802,
            0.13635824620723724,
            -0.9823763370513916,
            0.06338576972484589
          ],
          [
            0.0808500200510025,
            0.9857814311981201,
            0.14735132455825806,
            0.9508451819419861
          ],
          [
            0.0,
            0.0,
            0.0,
            1.0
          ]
        ]
      },
      "bone_length_armature_space": 0.4880046602313139,
      "parent": "Root",
      "has_children": true,
      "is_end_bone": false
    },
    "neck_01": {
      "name": "neck_01",
      "local": {
        "location": {
          "x": 0.0,
          "y": 0.0,
          "z": 0.0
        },
        "rotation_quaternion": {
          "w": 0.9799631237983704,
          "x": -0.1303846836090088,
          "y": 0.016196193173527718,
          "z": -0.1496991515159607
        },
        "scale": {
          "x": 1.0,
          "y": 1.0,
          "z": 1.0
        },
        "matrix_basis": [
          [
            0.9546557068824768,
            0.2891758382320404,
            0.07078029960393906,
            0.0
          ],
          [
            -0.29762277007102966,
            0.921180009841919,
            0.25069525837898254,
            0.0
          ],
          [
            0.007293608970940113,
            -0.2603934705257416,
            0.9654750227928162,
            0.0
          ],
          [
            0.0,
            0.0,
            0.0,
            1.0
          ]
        ],
        "rotation_mode": "QUATERNION"
      },
      "armature_space": {
        "head": {
          "x": -0.05133291333913803,
          "y": 0.04259945824742317,
          "z": 0.559341311454773
        },
        "tail": {
          "x": -0.030268577858805656,
          "y": 0.04865441843867302,
          "z": 0.6594932079315186
        }
      },
      "world_space": {
        "head": {
          "x": -0.05133291333913803,
          "y": 0.1058434545993805,
          "z": 1.509195327758789
        },
        "tail": {
          "x": -0.030268577858805656,
          "y": 0.11189842224121094,
          "z": 1.6093472242355347
        },
        "rotation_quaternion": {
          "w": 0.7134907245635986,
          "x": 0.6858777403831482,
          "y": 0.14304164052009583,
          "z": -0.006478600203990936
        },
        "matrix": [
          [
            0.9589945673942566,
            0.20546293258666992,
            0.19522951543331146,
            -0.05133291333913803
          ],
          [
            0.18697190284729004,
            0.059060484170913696,
            -0.980588436126709,
            0.1058434545993805
          ],
          [
            -0.2130061835050583,
            0.9768881797790527,
            0.018222063779830933,
            1.509195327758789
          ],
          [
            0.0,
            0.0,
            0.0,
            1.0
          ]
        ]
      },
      "bone_length_armature_space": 0.10252205409254507,
      "parent": "spine_01",
      "has_children": true,
      "is_end_bone": false
    },
    "head": {
      "name": "head",
      "local": {
        "location": {
          "x": 0.0,
          "y": 0.0,
          "z": 0.0
        },
        "rotation_quaternion": {
          "w": 0.9778400659561157,
          "x": 0.048642631620168686,
          "y": -0.14138591289520264,
          "z": -0.14653584361076355
        },
        "scale": {
          "x": 1.0,
          "y": 1.0,
          "z": 1.0
        },
        "matrix_basis": [
          [
            0.9170745611190796,
            0.27282246947288513,
            -0.29076141119003296,
            0.0
          ],
          [
            -0.3003320097923279,
            0.9523223042488098,
            -0.053693220019340515,
            0.0
          ],
          [
            0.2622498571872711,
            0.13656564056873322,
            0.9552878141403198,
            0.0
          ],
          [
            0.0,
            0.0,
            0.0,
            1.0
          ]
        ],
        "rotation_mode": "QUATERNION"
      },
      "armature_space": {
        "head": {
          "x": -0.030268564820289612,
          "y": 0.048654261976480484,
          "z": 0.659493088722229
        },
        "tail": {
          "x": 0.03349223732948303,
          "y": 0.09800989925861359,
          "z": 0.7919763922691345
        }
      },
      "world_space": {
        "head": {
          "x": -0.030268564820289612,
          "y": 0.1118982583284378,
          "z": 1.6093471050262451
        },
        "tail": {
          "x": 0.03349223732948303,
          "y": 0.1612538993358612,
          "z": 1.7418303489685059
        },
        "rotation_quaternion": {
          "w": 0.805583655834198,
          "x": 0.5534502267837524,
          "y": 0.10076642036437988,
          "z": -0.1859409660100937
        },
        "matrix": [
          [
            0.9105441570281982,
            0.4111207127571106,
            -0.04346837103366852,
            -0.030268564820289612
          ],
          [
            -0.18804579973220825,
            0.3182382583618164,
            -0.9291735887527466,
            0.1118982583284378
          ],
          [
            -0.36817190051078796,
            0.8542337417602539,
            0.36708107590675354,
            1.6093471050262451
          ],
          [
            0.0,
            0.0,
            0.0,
            1.0
          ]
        ]
      },
      "bone_length_armature_space": 0.15509108716232176,
      "parent": "neck_01",
      "has_children": false,
      "is_end_bone": true
    },
    "upperarm_l": {
      "name": "upperarm_l",
      "local": {
        "location": {
          "x": 0.0,
          "y": 0.0,
          "z": 0.0
        },
        "rotation_quaternion": {
          "w": 0.9444962739944458,
          "x": 0.16481128334999084,
          "y": 0.027837436646223068,
          "z": -0.282823771238327
        },
        "scale": {
          "x": 1.0,
          "y": 1.0,
          "z": 1.0
        },
        "matrix_basis": [
          [
            0.8384715914726257,
            0.5434278249740601,
            -0.04064038768410683,
            0.0
          ],
          [
            -0.525076150894165,
            0.7856959104537964,
            -0.32707345485687256,
            0.0
          ],
          [
            -0.1458098143339157,
            0.2955811023712158,
            0.9441246390342712,
            0.0
          ],
          [
            0.0,
            0.0,
            0.0,
            1.0
          ]
        ],
        "rotation_mode": "QUATERNION"
      },
      "armature_space": {
        "head": {
          "x": 0.1039118766784668,
          "y": 0.04947836324572563,
          "z": 0.5056865811347961
        },
        "tail": {
          "x": 0.3342503011226654,
          "y": -0.01062014326453209,
          "z": 0.38264092803001404
        }
      },
      "world_space": {
        "head": {
          "x": 0.1039118766784668,
          "y": 0.11272236704826355,
          "z": 1.455540657043457
        },
        "tail": {
          "x": 0.3342503011226654,
          "y": 0.05262385681271553,
          "z": 1.3324949741363525
        },
        "rotation_quaternion": {
          "w": 0.3310946524143219,
          "x": 0.38851213455200195,
          "y": 0.5274848937988281,
          "z": -0.6791129112243652
        },
        "matrix": [
          [
            -0.47886958718299866,
            0.859569787979126,
            -0.1783924549818039,
            0.1039118766784668
          ],
          [
            -0.03983563184738159,
            -0.22427374124526978,
            -0.9737117886543274,
            0.11272236704826355
          ],
          [
            -0.8769880533218384,
            -0.4591779410839081,
            0.14163944125175476,
            1.455540657043457
          ],
          [
            0.0,
            0.0,
            0.0,
            1.0
          ]
        ]
      },
      "bone_length_armature_space": 0.26796987233747105,
      "parent": "spine_01",
      "has_children": true,
      "is_end_bone": false
    },
    "lowerarm_l": {
      "name": "lowerarm_l",
      "local": {
        "location": {
          "x": 0.0,
          "y": 0.0,
          "z": 0.0
        },
        "rotation_quaternion": {
          "w": 0.9442487359046936,
          "x": 0.3098488450050354,
          "y": -0.1111256554722786,
          "z": -0.006270210724323988
        },
        "scale": {
          "x": 1.0,
          "y": 1.0,
          "z": 1.0
        },
        "matrix_basis": [
          [
            0.9752235412597656,
            -0.05702303349971771,
            -0.21374616026878357,
            0.0
          ],
          [
            -0.08070559054613113,
            0.8079087734222412,
            -0.5837551951408386,
            0.0
          ],
          [
            0.20597487688064575,
            0.5865423083305359,
            0.7832895517349243,
            0.0
          ],
          [
            0.0,
            0.0,
            0.0,
            1.0
          ]
        ],
        "rotation_mode": "QUATERNION"
      },
      "armature_space": {
        "head": {
          "x": 0.33425042033195496,
          "y": -0.010620206594467163,
          "z": 0.3826409876346588
        },
        "tail": {
          "x": 0.4940764307975769,
          "y": -0.22435782849788666,
          "z": 0.36416831612586975
        }
      },
      "world_space": {
        "head": {
          "x": 0.33425042033195496,
          "y": 0.05262379348278046,
          "z": 1.3324949741363525
        },
        "tail": {
          "x": 0.4940764307975769,
          "y": -0.16111382842063904,
          "z": 1.3140223026275635
        },
        "rotation_quaternion": {
          "w": 0.27324023842811584,
          "x": 0.3840635120868683,
          "y": 0.16083091497421265,
          "z": -0.867161214351654
        },
        "matrix": [
          [
            -0.5556699633598328,
            0.5974258184432983,
            -0.578198254108429,
            0.33425042033195496
          ],
          [
            -0.35034891963005066,
            -0.7989460229873657,
            -0.48881614208221436,
            0.05262379348278046
          ],
          [
            -0.7539862394332886,
            -0.06905040144920349,
            0.6532618403434753,
            1.3324949741363525
          ],
          [
            0.0,
            0.0,
            0.0,
            1.0
          ]
        ]
      },
      "bone_length_armature_space": 0.26752451063469196,
      "parent": "upperarm_l",
      "has_children": true,
      "is_end_bone": false
    },
    "metacarpal_thumb_l": {
      "name": "metacarpal_thumb_l",
      "local": {
        "location": {
          "x": 0.0,
          "y": 0.0,
          "z": 0.0
        },
        "rotation_quaternion": {
          "w": 0.9999503493309021,
          "x": 0.0004276363179087639,
          "y": 0.0010689040645956993,
          "z": -0.009903930127620697
        },
        "scale": {
          "x": 1.0,
          "y": 1.0,
          "z": 1.0
        },
        "matrix_basis": [
          [
            0.999801516532898,
            0.019807791337370872,
            0.002129231346771121,
            0.0
          ],
          [
            -0.019805962219834328,
            0.9998034834861755,
            -0.0008764028898440301,
            0.0
          ],
          [
            -0.002146172570064664,
            0.0008340574568137527,
            0.9999973773956299,
            0.0
          ],
          [
            0.0,
            0.0,
            0.0,
            1.0
          ]
        ],
        "rotation_mode": "QUATERNION"
      },
      "armature_space": {
        "head": {
          "x": 0.4940764307975769,
          "y": -0.22435782849788666,
          "z": 0.36416831612586975
        },
        "tail": {
          "x": 0.49627232551574707,
          "y": -0.27304041385650635,
          "z": 0.373043417930603
        }
      },
      "world_space": {
        "head": {
          "x": 0.4940764307975769,
          "y": -0.16111382842063904,
          "z": 1.3140223026275635
        },
        "tail": {
          "x": 0.49627232551574707,
          "y": -0.20979641377925873,
          "z": 1.3228974342346191
        },
        "rotation_quaternion": {
          "w": 0.09224433451890945,
          "x": 0.9385967254638672,
          "y": -0.009045423939824104,
          "z": -0.3323332965373993
        },
        "matrix": [
          [
            0.7789454460144043,
            0.04433165490627289,
            -0.6255227327346802,
            0.4940764307975769
          ],
          [
            -0.0782918930053711,
            -0.9828182458877563,
            -0.1671484261751175,
            -0.16111382842063904
          ],
          [
            -0.6221895217895508,
            0.17917324602603912,
            -0.7620967626571655,
            1.3140223026275635
          ],
          [
            0.0,
            0.0,
            0.0,
            1.0
          ]
        ]
      },
      "bone_length_armature_space": 0.04953365974039468,
      "parent": "lowerarm_l",
      "has_children": true,
      "is_end_bone": false
    },
    "thumb_01_l": {
      "name": "thumb_01_l",
      "local": {
        "location": {
          "x": 0.0,
          "y": 0.0,
          "z": 0.0
        },
        "rotation_quaternion": {
          "w": 0.9877992272377014,
          "x": 0.15468616783618927,
          "y": 0.010307984426617622,
          "z": 0.014786167070269585
        },
        "scale": {
          "x": 1.0,
          "y": 1.0,
          "z": 1.0
        },
        "matrix_basis": [
          [
            0.9993502497673035,
            -0.026022523641586304,
            0.02493886835873127,
            0.0
          ],
          [
            0.03240053355693817,
            0.951707124710083,
            -0.30529293417930603,
            0.0
          ],
          [
            -0.015790006145834923,
            0.3059025704860687,
            0.951931893825531,
            0.0
          ],
          [
            0.0,
            0.0,
            0.0,
            1.0
          ]
        ],
        "rotation_mode": "QUATERNION"
      },
      "armature_space": {
        "head": {
          "x": 0.49627232551574707,
          "y": -0.27304041385650635,
          "z": 0.373043417930603
        },
        "tail": {
          "x": 0.4862671196460724,
          "y": -0.2990310490131378,
          "z": 0.35347267985343933
        }
      },
      "world_space": {
        "head": {
          "x": 0.49627232551574707,
          "y": -0.20979641377925873,
          "z": 1.3228974342346191
        },
        "tail": {
          "x": 0.4862671196460724,
          "y": -0.2357870489358902,
          "z": 1.3033267259597778
        },
        "rotation_quaternion": {
          "w": 0.19098223745822906,
          "x": -0.8198614716529846,
          "y": 0.2859083116054535,
          "z": -0.45783132314682007
        },
        "matrix": [
          [
            0.4172935485839844,
            -0.2939373850822449,
            0.8599226474761963,
            0.49627232551574707
          ],
          [
            -0.6436858773231506,
            -0.76356440782547,
            0.05136033892631531,
            -0.20979641377925873
          ],
          [
            0.6415135860443115,
            -0.5749573707580566,
            -0.5078372955322266,
            1.3228974342346191
          ],
          [
            0.0,
            0.0,
            0.0,
            1.0
          ]
        ]
      },
      "bone_length_armature_space": 0.03403867013786592,
      "parent": "metacarpal_thumb_l",
      "has_children": true,
      "is_end_bone": false
    },
    "thumb_02_l": {
      "name": "thumb_02_l",
      "local": {
        "location": {
          "x": 0.0,
          "y": 0.0,
          "z": 0.0
        },
        "rotation_quaternion": {
          "w": 0.9356327056884766,
          "x": 0.3527682423591614,
          "y": 0.011134686879813671,
          "z": -0.004706648178398609
        },
        "scale": {
          "x": 1.0,
          "y": 1.0,
          "z": 1.0
        },
        "matrix_basis": [
          [
            0.9997077584266663,
            0.016663316637277603,
            0.017515242099761963,
            0.0
          ],
          [
            -0.0009514600969851017,
            0.7510648369789124,
            -0.6602278351783752,
            0.0
          ],
          [
            -0.024156667292118073,
            0.6600182056427002,
            0.7508611679077148,
            0.0
          ],
          [
            0.0,
            0.0,
            0.0,
            1.0
          ]
        ],
        "rotation_mode": "QUATERNION"
      },
      "armature_space": {
        "head": {
          "x": 0.48626708984375,
          "y": -0.29903101921081543,
          "z": 0.3534727096557617
        },
        "tail": {
          "x": 0.5246307849884033,
          "y": -0.30844351649284363,
          "z": 0.36073988676071167
        }
      },
      "world_space": {
        "head": {
          "x": 0.48626708984375,
          "y": -0.2357870191335678,
          "z": 1.3033267259597778
        },
        "tail": {
          "x": 0.5246307849884033,
          "y": -0.245199516415596,
          "z": 1.310593843460083
        },
        "rotation_quaternion": {
          "w": 0.4942052960395813,
          "x": -0.3476286232471466,
          "y": -0.3722706139087677,
          "z": -0.7045069932937622
        },
        "matrix": [
          [
            -0.2698298394680023,
            0.9551665782928467,
            0.12185552716255188,
            0.48626708984375
          ],
          [
            -0.4375191628932953,
            -0.23434928059577942,
            0.8681344985961914,
            -0.2357870191335678
          ],
          [
            0.8577754497528076,
            0.18093569576740265,
            0.4811423420906067,
            1.3033267259597778
          ],
          [
            0.0,
            0.0,
            0.0,
            1.0
          ]
        ]
      },
      "bone_length_armature_space": 0.040164413470336335,
      "parent": "thumb_01_l",
      "has_children": true,
      "is_end_bone": false
    },
    "thumb_03_l": {
      "name": "thumb_03_l",
      "local": {
        "location": {
          "x": 0.0,
          "y": 0.0,
          "z": 0.0
        },
        "rotation_quaternion": {
          "w": 0.9791421294212341,
          "x": 0.20316120982170105,
          "y": 0.0011810107389464974,
          "z": 0.002190849045291543
        },
        "scale": {
          "x": 1.0,
          "y": 1.0,
          "z": 1.0
        },
        "matrix_basis": [
          [
            0.9999876022338867,
            -0.0038104341365396976,
            0.003202945925295353,
            0.0
          ],
          [
            0.004770176485180855,
            0.9174414277076721,
            -0.3978422284126282,
            0.0
          ],
          [
            -0.0014225636841729283,
            0.3978525698184967,
            0.9174482822418213,
            0.0
          ],
          [
            0.0,
            0.0,
            0.0,
            1.0
          ]
        ],
        "rotation_mode": "QUATERNION"
      },
      "armature_space": {
        "head": {
          "x": 0.5246307253837585,
          "y": -0.3084436058998108,
          "z": 0.36073988676071167
        },
        "tail": {
          "x": 0.5499438047409058,
          "y": -0.2980489730834961,
          "z": 0.374085009098053
        }
      },
      "world_space": {
        "head": {
          "x": 0.5246307253837585,
          "y": -0.24519960582256317,
          "z": 1.310593843460083
        },
        "tail": {
          "x": 0.5499438047409058,
          "y": -0.23480497300624847,
          "z": 1.3239390850067139
        },
        "rotation_quaternion": {
          "w": 0.6902913451194763,
          "x": -0.04758474603295326,
          "y": -0.4406943917274475,
          "z": -0.5718584060668945
        },
        "matrix": [
          [
            -0.04246947914361954,
            0.8314404487609863,
            -0.5539883971214294,
            0.5246307253837585
          ],
          [
            -0.7475563287734985,
            0.3414243459701538,
            0.5697271823883057,
            -0.24519960582256317
          ],
          [
            0.6628433465957642,
            0.43833714723587036,
            0.6070532202720642,
            1.310593843460083
          ],
          [
            0.0,
            0.0,
            0.0,
            1.0
          ]
        ]
      },
      "bone_length_armature_space": 0.030444911750205954,
      "parent": "thumb_02_l",
      "has_children": false,
      "is_end_bone": true
    },
    "metacarpal_index_l": {
      "name": "metacarpal_index_l",
      "local": {
        "location": {
          "x": 0.0,
          "y": 0.0,
          "z": 0.0
        },
        "rotation_quaternion": {
          "w": 0.9995670914649963,
          "x": -0.02278248593211174,
          "y": 0.010768087580800056,
          "z": 0.015189635567367077
        },
        "scale": {
          "x": 1.0,
          "y": 1.0,
          "z": 1.0
        },
        "matrix_basis": [
          [
            0.9993066191673279,
            -0.030856767669320107,
            0.02083473652601242,
            0.0
          ],
          [
            0.02987547218799591,
            0.9985004663467407,
            0.04587237164378166,
            0.0
          ],
          [
            -0.022218966856598854,
            -0.04521812126040459,
            0.9987300038337708,
            0.0
          ],
          [
            0.0,
            0.0,
            0.0,
            1.0
          ]
        ],
        "rotation_mode": "QUATERNION"
      },
      "armature_space": {
        "head": {
          "x": 0.4940764307975769,
          "y": -0.22435782849788666,
          "z": 0.36416831612586975
        },
        "tail": {
          "x": 0.5404269099235535,
          "y": -0.33078351616859436,
          "z": 0.3801189363002777
        }
      },
      "world_space": {
        "head": {
          "x": 0.4940764307975769,
          "y": -0.16111382842063904,
          "z": 1.3140223026275635
        },
        "tail": {
          "x": 0.5404269099235535,
          "y": -0.26753950119018555,
          "z": 1.3299729824066162
        },
        "rotation_quaternion": {
          "w": 0.17688526213169098,
          "x": 0.7831486463546753,
          "y": 0.1206962913274765,
          "z": -0.5837998986244202
        },
        "matrix": [
          [
            0.28922024369239807,
            0.3955773413181305,
            -0.8717052936553955,
            0.4940764307975769
          ],
          [
            -0.01748492196202278,
            -0.9082881212234497,
            -0.417979896068573,
            -0.16111382842063904
          ],
          [
            -0.9571096301078796,
            0.1361301839351654,
            -0.25578102469444275,
            1.3140223026275635
          ],
          [
            0.0,
            0.0,
            0.0,
            1.0
          ]
        ]
      },
      "bone_length_armature_space": 0.11717173686405197,
      "parent": "lowerarm_l",
      "has_children": true,
      "is_end_bone": false
    },
    "index_01_l": {
      "name": "index_01_l",
      "local": {
        "location": {
          "x": 0.0,
          "y": 0.0,
          "z": 0.0
        },
        "rotation_quaternion": {
          "w": 0.9710666537284851,
          "x": 0.23729585111141205,
          "y": 0.02683543786406517,
          "z": 0.0004996387870050967
        },
        "scale": {
          "x": 1.0,
          "y": 1.0,
          "z": 1.0
        },
        "matrix_basis": [
          [
            0.9985592365264893,
            0.011765510775148869,
            0.052355121821165085,
            0.0
          ],
          [
            0.013706240803003311,
            0.887380838394165,
            -0.4608333706855774,
            0.0
          ],
          [
            -0.05188087373971939,
            0.46088698506355286,
            0.8859410881996155,
            0.0
          ],
          [
            0.0,
            0.0,
            0.0,
            1.0
          ]
        ],
        "rotation_mode": "QUATERNION"
      },
      "armature_space": {
        "head": {
          "x": 0.5404269099235535,
          "y": -0.33078351616859436,
          "z": 0.3801189363002777
        },
        "tail": {
          "x": 0.5447222590446472,
          "y": -0.3576899766921997,
          "z": 0.3717127740383148
        }
      },
      "world_space": {
        "head": {
          "x": 0.5404269099235535,
          "y": -0.26753950119018555,
          "z": 1.3299729824066162
        },
        "tail": {
          "x": 0.5447222590446472,
          "y": -0.2944459915161133,
          "z": 1.3215668201446533
        },
        "rotation_quaternion": {
          "w": 0.0688021332025528,
          "x": -0.7688649296760559,
          "y": -0.15317027270793915,
          "z": 0.6169698238372803
        },
        "matrix": [
          [
            0.19177429378032684,
            0.15063893795013428,
            -0.9698095321655273,
            0.5404269099235535
          ],
          [
            0.32043221592903137,
            -0.9436101913452148,
            -0.08320584893226624,
            -0.26753950119018555
          ],
          [
            -0.9276624321937561,
            -0.29480433464050293,
            -0.229231595993042,
            1.3299729824066162
          ],
          [
            0.0,
            0.0,
            0.0,
            1.0
          ]
        ]
      },
      "bone_length_armature_space": 0.028514403272529392,
      "parent": "metacarpal_index_l",
      "has_children": true,
      "is_end_bone": false
    },
    "index_02_l": {
      "name": "index_02_l",
      "local": {
        "location": {
          "x": 0.0,
          "y": 0.0,
          "z": 0.0
        },
        "rotation_quaternion": {
          "w": 0.9175070524215698,
          "x": 0.3976367115974426,
          "y": 0.0081148287281394,
          "z": 0.00025019829627126455
        },
        "scale": {
          "x": 1.0,
          "y": 1.0,
          "z": 1.0
        },
        "matrix_basis": [
          [
            0.9998681545257568,
            0.005994390230625868,
            0.015089801512658596,
            0.0
          ],
          [
            0.006912624929100275,
            0.683769941329956,
            -0.7296649217605591,
            0.0
          ],
          [
            -0.014691849239170551,
            0.7296730279922485,
            0.6836383938789368,
            0.0
          ],
          [
            0.0,
            0.0,
            0.0,
            1.0
          ]
        ],
        "rotation_mode": "QUATERNION"
      },
      "armature_space": {
        "head": {
          "x": 0.5447220206260681,
          "y": -0.3576904237270355,
          "z": 0.3717128336429596
        },
        "tail": {
          "x": 0.5298401117324829,
          "y": -0.3765339255332947,
          "z": 0.3626827597618103
        }
      },
      "world_space": {
        "head": {
          "x": 0.5447220206260681,
          "y": -0.2944464087486267,
          "z": 1.3215668201446533
        },
        "tail": {
          "x": 0.5298401117324829,
          "y": -0.31328994035720825,
          "z": 1.3125367164611816
        },
        "rotation_quaternion": {
          "w": 0.3527190387248993,
          "x": -0.6670041084289551,
          "y": 0.09118865430355072,
          "z": 0.6499072313308716
        },
        "matrix": [
          [
            0.13861101865768433,
            -0.5801182985305786,
            -0.8026517033576965,
            0.5447220206260681
          ],
          [
            0.3368225693702698,
            -0.7345459461212158,
            0.5890609622001648,
            -0.2944464087486267
          ],
          [
            -0.9313159584999084,
            -0.3520048260688782,
            0.09358179569244385,
            1.3215668201446533
          ],
          [
            0.0,
            0.0,
            0.0,
            1.0
          ]
        ]
      },
      "bone_length_armature_space": 0.025653284485220983,
      "parent": "index_01_l",
      "has_children": true,
      "is_end_bone": false
    },
    "index_03_l": {
      "name": "index_03_l",
      "local": {
        "location": {
          "x": 0.0,
          "y": 0.0,
          "z": 0.0
        },
        "rotation_quaternion": {
          "w": 0.9663269519805908,
          "x": 0.25717753171920776,
          "y": -0.0065885079093277454,
          "z": 0.005355041474103928
        },
        "scale": {
          "x": 1.0,
          "y": 1.0,
          "z": 1.0
        },
        "matrix_basis": [
          [
            0.9998558163642883,
            -0.013738274574279785,
            -0.009978912770748138,
            0.0
          ],
          [
            0.006960609462112188,
            0.8676620721817017,
            -0.4971057176589966,
            0.0
          ],
          [
            0.015487697906792164,
            0.49696460366249084,
            0.8676326274871826,
            0.0
          ],
          [
            0.0,
            0.0,
            0.0,
            1.0
          ]
        ],
        "rotation_mode": "QUATERNION"
      },
      "armature_space": {
        "head": {
          "x": 0.5298402309417725,
          "y": -0.37653401494026184,
          "z": 0.3626827895641327
        },
        "tail": {
          "x": 0.5030317902565002,
          "y": -0.38322827219963074,
          "z": 0.35318392515182495
        }
      },
      "world_space": {
        "head": {
          "x": 0.5298402309417725,
          "y": -0.313289999961853,
          "z": 1.3125368356704712
        },
        "tail": {
          "x": 0.5030317902565002,
          "y": -0.3199842572212219,
          "z": 1.3030378818511963
        },
        "rotation_quaternion": {
          "w": 0.5651760697364807,
          "x": -0.544158399105072,
          "y": 0.2569481432437897,
          "z": 0.5643095374107361
        },
        "matrix": [
          [
            0.23106220364570618,
            -0.9175096154212952,
            -0.3237072825431824,
            0.5298402309417725
          ],
          [
            0.3582294285297394,
            -0.22910907864570618,
            0.9050859808921814,
            -0.313289999961853
          ],
          [
            -0.9045954346656799,
            -0.32509541511535645,
            0.2757432162761688,
            1.3125368356704712
          ],
          [
            0.0,
            0.0,
            0.0,
            1.0
          ]
        ]
      },
      "bone_length_armature_space": 0.029218726808963015,
      "parent": "index_02_l",
      "has_children": false,
      "is_end_bone": true
    },
    "metacarpal_pinky_l": {
      "name": "metacarpal_pinky_l",
      "local": {
        "location": {
          "x": 0.0,
          "y": 0.0,
          "z": 0.0
        },
        "rotation_quaternion": {
          "w": 0.9996553659439087,
          "x": -0.016111185774207115,
          "y": 0.020635420456528664,
          "z": 0.001982935471460223
        },
        "scale": {
          "x": 1.0,
          "y": 1.0,
          "z": 1.0
        },
        "matrix_basis": [
          [
            0.9991405010223389,
            -0.004629426170140505,
            0.04119272157549858,
            0.0
          ],
          [
            0.003299582051113248,
            0.999472975730896,
            0.03229310363531113,
            0.0
          ],
          [
            -0.04132051393389702,
            -0.032129429280757904,
            0.9986292123794556,
            0.0
          ],
          [
            0.0,
            0.0,
            0.0,
            1.0
          ]
        ],
        "rotation_mode": "QUATERNION"
      },
      "armature_space": {
        "head": {
          "x": 0.4940764307975769,
          "y": -0.22435782849788666,
          "z": 0.36416831612586975
        },
        "tail": {
          "x": 0.5700551867485046,
          "y": -0.28843382000923157,
          "z": 0.33310824632644653
        }
      },
      "world_space": {
        "head": {
          "x": 0.4940764307975769,
          "y": -0.16111382842063904,
          "z": 1.3140223026275635
        },
        "tail": {
          "x": 0.5700551867485046,
          "y": -0.22518981993198395,
          "z": 1.2829623222351074
        },
        "rotation_quaternion": {
          "w": 0.4345390796661377,
          "x": -0.22465890645980835,
          "y": 0.059201933443546295,
          "z": -0.8701720833778381
        },
        "matrix": [
          [
            -0.5214075446128845,
            0.7296475768089294,
            0.4424346685409546,
            0.4940764307975769
          ],
          [
            -0.7828481197357178,
            -0.6153416633605957,
            0.09221628308296204,
            -0.16111382842063904
          ],
          [
            0.33953550457954407,
            -0.29827937483787537,
            0.892053484916687,
            1.3140223026275635
          ],
          [
            0.0,
            0.0,
            0.0,
            1.0
          ]
        ]
      },
      "bone_length_armature_space": 0.10413084097050612,
      "parent": "lowerarm_l",
      "has_children": true,
      "is_end_bone": false
    },
    "pinky_01_l": {
      "name": "pinky_01_l",
      "local": {
        "location": {
          "x": 0.0,
          "y": 0.0,
          "z": 0.0
        },
        "rotation_quaternion": {
          "w": 0.9517658948898315,
          "x": 0.3050980567932129,
          "y": -0.0309770368039608,
          "z": 0.009863091632723808
        },
        "scale": {
          "x": 1.0,
          "y": 1.0,
          "z": 1.0
        },
        "matrix_basis": [
          [
            0.9978863000869751,
            -0.03767677769064903,
            -0.052947353571653366,
            0.0
          ],
          [
            -0.00012735900236293674,
            0.8136357665061951,
            -0.5813748836517334,
            0.0
          ],
          [
            0.06498419493436813,
            0.5801528096199036,
            0.8119112253189087,
            0.0
          ],
          [
            0.0,
            0.0,
            0.0,
            1.0
          ]
        ],
        "rotation_mode": "QUATERNION"
      },
      "armature_space": {
        "head": {
          "x": 0.5700551867485046,
          "y": -0.28843382000923157,
          "z": 0.33310824632644653
        },
        "tail": {
