{
  "metadata": {
    "armature_name": "KIM_caucasian_male",
    "export_time": "2026-01-13T21:04:23.913620",
    "blender_version": "4.4.1",
    "bone_count": 56,
    "end_bone_count": 13,
    "spaces_included": [
      "LOCAL_CHANNELS",
      "ARMATURE_SPACE",
      "WORLD_SPACE"
    ],
    "note": "LOCAL matches Transform panel; replay pose via local.matrix_basis for best fidelity."
  },
  "bones": {
    "Root": {
      "name": "Root",
      "local": {
        "location": {
          "x": 0.0,
          "y": 0.0,
          "z": 0.0
        },
        "rotation_quaternion": {
          "w": 0.9998270273208618,
          "x": -0.01739339902997017,
          "y": -0.006517479661852121,
          "z": -0.0009825387969613075
        },
        "scale": {
          "x": 1.0,
          "y": 1.0,
          "z": 1.0
        },
        "matrix_basis": [
          [
            0.9999130964279175,
            0.0021914599929004908,
            -0.01299852505326271,
            0.0
          ],
          [
            -0.0017380154458805919,
            0.9993929862976074,
            0.034793589264154434,
            0.0
          ],
          [
            0.013066884130239487,
            -0.03476797416806221,
            0.9993099570274353,
            0.0
          ],
          [
            0.0,
            0.0,
            0.0,
            1.0
          ]
        ],
        "rotation_mode": "QUATERNION"
      },
      "armature_space": {
        "head": {
          "x": 0.0,
          "y": 0.07072800397872925,
          "z": -0.009595036506652832
        },
        "tail": {
          "x": 0.0001564173580845818,
          "y": 0.0003765374422073364,
          "z": 0.002453261986374855
        }
      },
      "world_space": {
        "head": {
          "x": 0.0,
          "y": 0.13397200405597687,
          "z": 0.9402589797973633
        },
        "tail": {
          "x": 0.0001564173580845818,
          "y": 0.06362053751945496,
          "z": 0.9523072838783264
        },
        "rotation_quaternion": {
          "w": 0.08470990508794785,
          "x": 0.9963839650154114,
          "y": 0.0005412379396148026,
          "z": -0.00656886724755168
        },
        "matrix": [
          [
            0.9999130964279175,
            0.0021914599929004908,
            -0.01299852505326271,
            0.0
          ],
          [
            -3.4337397664785385e-05,
            -0.9856477975845337,
            -0.16881470382213593,
            0.13397200405597687
          ],
          [
            -0.013182011432945728,
            0.1688007265329361,
            -0.9855691194534302,
            0.9402589797973633
          ],
          [
            0.0,
            0.0,
            0.0,
            1.0
          ]
        ]
      },
      "bone_length_armature_space": 0.07137587069145909,
      "parent": null,
      "has_children": true,
      "is_end_bone": false
    },
    "spine_01": {
      "name": "spine_01",
      "local": {
        "location": {
          "x": 0.0,
          "y": 0.0,
          "z": 0.0
        },
        "rotation_quaternion": {
          "w": 0.9964785575866699,
          "x": 0.05153299868106842,
          "y": 0.028212357312440872,
          "z": 0.059823788702487946
        },
        "scale": {
          "x": 1.0,
          "y": 1.0,
          "z": 1.0
        },
        "matrix_basis": [
          [
            0.9912503361701965,
            -0.11631850898265839,
            0.062391817569732666,
            0.0
          ],
          [
            0.12213397771120071,
            0.9875309467315674,
            -0.09932751953601837,
            0.0
          ],
          [
            -0.0500602200627327,
            0.10607859492301941,
            0.9930968284606934,
            0.0
          ],
          [
            0.0,
            0.0,
            0.0,
            1.0
          ]
        ],
        "rotation_mode": "QUATERNION"
      },
      "armature_space": {
        "head": {
          "x": 0.0001564173580845818,
          "y": 0.0003765374422073364,
          "z": 0.002453261986374855
        },
        "tail": {
          "x": -0.050215594470500946,
          "y": -0.011962034739553928,
          "z": 0.4876943826675415
        }
      },
      "world_space": {
        "head": {
          "x": 0.0001564173580845818,
          "y": 0.06362053751945496,
          "z": 0.9523072838783264
        },
        "tail": {
          "x": -0.050215594470500946,
          "y": 0.051281966269016266,
          "z": 1.4375483989715576
        },
        "rotation_quaternion": {
          "w": 0.6979445219039917,
          "x": 0.7136049866676331,
          "y": -0.015208776108920574,
          "z": 0.058396439999341965
        },
        "matrix": [
          [
            0.9927171468734741,
            -0.10322107374668121,
            0.06211346387863159,
            0.0001564173580845818
          ],
          [
            0.05980812385678291,
            -0.025283895432949066,
            -0.9978896379470825,
            0.06362053751945496
          ],
          [
            0.10457450896501541,
            0.9943440556526184,
            -0.018927350640296936,
            0.9523072838783264
          ],
          [
            0.0,
            0.0,
            0.0,
            1.0
          ]
        ]
      },
      "bone_length_armature_space": 0.4880046314557719,
      "parent": "Root",
      "has_children": true,
      "is_end_bone": false
    },
    "neck_01": {
      "name": "neck_01",
      "local": {
        "location": {
          "x": 0.0,
          "y": 0.0,
          "z": 0.0
        },
        "rotation_quaternion": {
          "w": 0.9928920865058899,
          "x": 0.05801912769675255,
          "y": 0.042258694767951965,
          "z": -0.0949382409453392
        },
        "scale": {
          "x": 1.0,
          "y": 1.0,
          "z": 1.0
        },
        "matrix_basis": [
          [
            0.9784018397331238,
            0.19343048334121704,
            0.07290017604827881,
            0.0
          ],
          [
            -0.18362322449684143,
            0.9752410054206848,
            -0.12323740124702454,
            0.0
          ],
          [
            -0.09493311494588852,
            0.10718953609466553,
            0.9896959662437439,
            0.0
          ],
          [
            0.0,
            0.0,
            0.0,
            1.0
          ]
        ],
        "rotation_mode": "QUATERNION"
      },
      "armature_space": {
        "head": {
          "x": -0.05561915785074234,
          "y": -0.048420537263154984,
          "z": 0.5598422884941101
        },
        "tail": {
          "x": -0.04207351803779602,
          "y": -0.09754744172096252,
          "z": 0.6488018035888672
        }
      },
      "world_space": {
        "head": {
          "x": -0.05561915785074234,
          "y": 0.014823462814092636,
          "z": 1.5096962451934814
        },
        "tail": {
          "x": -0.04207351803779602,
          "y": -0.034303441643714905,
          "z": 1.5986558198928833
        },
        "rotation_quaternion": {
          "w": 0.5000454783439636,
          "x": 0.8589342832565308,
          "y": 0.10178807377815247,
          "z": 0.04272971302270889
        },
        "matrix": [
          [
            0.9756265878677368,
            0.13212507963180542,
            0.17520174384117126,
            -0.05561915785074234
          ],
          [
            0.2175925076007843,
            -0.47918710112571716,
            -0.8503137826919556,
            0.014823462814092636
          ],
          [
            -0.02839331328868866,
            0.8677167892456055,
            -0.4962614178657532,
            1.5096962451934814
          ],
          [
            0.0,
            0.0,
            0.0,
            1.0
          ]
        ]
      },
      "bone_length_armature_space": 0.10252186348554349,
      "parent": "spine_01",
      "has_children": true,
      "is_end_bone": false
    },
    "head": {
      "name": "head",
      "local": {
        "location": {
          "x": 0.0,
          "y": 0.0,
          "z": 0.0
        },
        "rotation_quaternion": {
          "w": 0.9770314693450928,
          "x": -0.10846809297800064,
          "y": -0.12201496958732605,
          "z": 0.13695505261421204
        },
        "scale": {
          "x": 1.0,
          "y": 1.0,
          "z": 1.0
        },
        "matrix_basis": [
          [
            0.9327113032341003,
            -0.24114933609962463,
            -0.2681354284286499,
            0.0
          ],
          [
            0.2940882444381714,
            0.9389559626579285,
            0.17853234708309174,
            0.0
          ],
          [
            0.20871442556381226,
            -0.2453746199607849,
            0.946694016456604,
            0.0
          ],
          [
            0.0,
            0.0,
            0.0,
            1.0
          ]
        ],
        "rotation_mode": "QUATERNION"
      },
      "armature_space": {
        "head": {
          "x": -0.04207350313663483,
          "y": -0.09754753857851028,
          "z": 0.6488016247749329
        },
        "tail": {
          "x": -0.07788243889808655,
          "y": -0.08910439908504486,
          "z": 0.7994658946990967
        }
      },
      "world_space": {
        "head": {
          "x": -0.04207350313663483,
          "y": -0.034303538501262665,
          "z": 1.5986557006835938
        },
        "tail": {
          "x": -0.07788243889808655,
          "y": -0.02586039900779724,
          "z": 1.7493199110031128
        },
        "rotation_quaternion": {
          "w": 0.7191927433013916,
          "x": 0.6844694018363953,
          "y": -0.09990760684013367,
          "z": 0.06543699651956558
        },
        "matrix": [
          [
            0.971472978591919,
            -0.23089100420475006,
            -0.05412498116493225,
            -0.04207350313663483
          ],
          [
            -0.04264219105243683,
            0.054440200328826904,
            -0.9976062178611755,
            -0.034303538501262665
          ],
          [
            0.23328647017478943,
            0.9714623093605042,
            0.043040767312049866,
            1.5986557006835938
          ],
          [
            0.0,
            0.0,
            0.0,
            1.0
          ]
        ]
      },
      "bone_length_armature_space": 0.15509122949961318,
      "parent": "neck_01",
      "has_children": false,
      "is_end_bone": true
    },
    "upperarm_l": {
      "name": "upperarm_l",
      "local": {
        "location": {
          "x": 0.0,
          "y": 0.0,
          "z": 0.0
        },
        "rotation_quaternion": {
          "w": 0.9383392333984375,
          "x": -0.03170594945549965,
          "y": -0.1327233612537384,
          "z": 0.31764572858810425
        },
        "scale": {
          "x": 1.0,
          "y": 1.0,
          "z": 1.0
        },
        "matrix_basis": [
          [
            0.7629714012145996,
            -0.5877026319503784,
            -0.26922160387039185,
            0.0
          ],
          [
            0.6045351624488831,
            0.7961918711662292,
            -0.02481614425778389,
            0.0
          ],
          [
            0.2289365530014038,
            -0.1438198834657669,
            0.962758481502533,
            0.0
          ],
          [
            0.0,
            0.0,
            0.0,
            1.0
          ]
        ],
        "rotation_mode": "QUATERNION"
      },
      "armature_space": {
        "head": {
          "x": 0.10042375326156616,
          "y": -0.040932439267635345,
          "z": 0.508640468120575
        },
        "tail": {
          "x": 0.2955721616744995,
          "y": 0.011048689484596252,
          "z": 0.6847742795944214
        }
      },
      "world_space": {
        "head": {
          "x": 0.10042375326156616,
          "y": 0.022311560809612274,
          "z": 1.4584944248199463
        },
        "tail": {
          "x": 0.2955721616744995,
          "y": 0.07429268956184387,
          "z": 1.6346282958984375
        },
        "rotation_quaternion": {
          "w": 0.7254601120948792,
          "x": 0.5615415573120117,
          "y": 0.2658904194831848,
          "z": -0.296109676361084
        },
        "matrix": [
          [
            0.683242678642273,
            0.7282487750053406,
            0.05322869122028351,
            0.10042375326156616
          ],
          [
            -0.13101792335510254,
            0.19398155808448792,
            -0.9722168445587158,
            0.022311560809612274
          ],
          [
            -0.718346357345581,
            0.6572908163070679,
            0.2279508411884308,
            1.4584944248199463
          ],
          [
            0.0,
            0.0,
            0.0,
            1.0
          ]
        ]
      },
      "bone_length_armature_space": 0.26797025550830866,
      "parent": "spine_01",
      "has_children": true,
      "is_end_bone": false
    },
    "lowerarm_l": {
      "name": "lowerarm_l",
      "local": {
        "location": {
          "x": 0.0,
          "y": 0.0,
          "z": 0.0
        },
        "rotation_quaternion": {
          "w": 0.8589863777160645,
          "x": 0.4920596182346344,
          "y": 0.14065565168857574,
          "z": -0.015356432646512985
        },
        "scale": {
          "x": 1.0,
          "y": 1.0,
          "z": 1.0
        },
        "matrix_basis": [
          [
            0.9599603414535522,
            0.1648038625717163,
            0.2265300154685974,
            0.0
          ],
          [
            0.11203999817371368,
            0.5152830481529236,
            -0.8496649265289307,
            0.0
          ],
          [
            -0.25675514340400696,
            0.8410250544548035,
            0.4761866331100464,
            0.0
          ],
          [
            0.0,
            0.0,
            0.0,
            1.0
          ]
        ],
        "rotation_mode": "QUATERNION"
      },
      "armature_space": {
        "head": {
          "x": 0.2955721318721771,
          "y": 0.01104867085814476,
          "z": 0.6847744584083557
        },
        "tail": {
          "x": 0.39146316051483154,
          "y": -0.2044660598039627,
          "z": 0.8109800219535828
        }
      },
      "world_space": {
        "head": {
          "x": 0.2955721318721771,
          "y": 0.07429267466068268,
          "z": 1.6346285343170166
        },
        "tail": {
          "x": 0.39146316051483154,
          "y": -0.1412220597267151,
          "z": 1.760833978652954
        },
        "rotation_quaternion": {
          "w": 0.2947564721107483,
          "x": 0.9025810360908508,
          "y": 0.10160835832357407,
          "z": -0.2968871295452118
        },
        "matrix": [
          [
            0.8030679821968079,
            0.3584383726119995,
            -0.4760291576385498,
            0.2955721318721771
          ],
          [
            0.008401244878768921,
            -0.8055888414382935,
            -0.5924156308174133,
            0.07429267466068268
          ],
          [
            -0.5958327054977417,
            0.4717532992362976,
            -0.6499587893486023,
            1.6346285343170166
          ],
          [
            0.0,
            0.0,
            0.0,
            1.0
          ]
        ]
      },
      "bone_length_armature_space": 0.26752482530784055,
      "parent": "upperarm_l",
      "has_children": true,
      "is_end_bone": false
    },
    "metacarpal_thumb_l": {
      "name": "metacarpal_thumb_l",
      "local": {
        "location": {
          "x": 0.0,
          "y": 0.0,
          "z": 0.0
        },
        "rotation_quaternion": {
          "w": 0.9997211694717407,
          "x": 0.018730919808149338,
          "y": -0.009806429967284203,
          "z": -0.010525264777243137
        },
        "scale": {
          "x": 1.0,
          "y": 1.0,
          "z": 1.0
        },
        "matrix_basis": [
          [
            0.9995861053466797,
            0.020677292719483376,
            -0.020001687109470367,
            0.0
          ],
          [
            -0.02141202613711357,
            0.9990767240524292,
            -0.03724496439099312,
            0.0
          ],
          [
            0.01921309530735016,
            0.03765782341361046,
            0.9991059899330139,
            0.0
          ],
          [
            0.0,
            0.0,
            0.0,
            1.0
          ]
        ],
        "rotation_mode": "QUATERNION"
      },
      "armature_space": {
        "head": {
          "x": 0.39146316051483154,
          "y": -0.2044660598039627,
          "z": 0.8109800219535828
        },
        "tail": {
          "x": 0.4008965492248535,
          "y": -0.2526822090148926,
          "z": 0.8046714067459106
        }
      },
      "world_space": {
        "head": {
          "x": 0.39146316051483154,
          "y": -0.1412220597267151,
          "z": 1.760833978652954
        },
        "tail": {
          "x": 0.4008965492248535,
          "y": -0.18943820893764496,
          "z": 1.7545254230499268
        },
        "rotation_quaternion": {
          "w": 0.09776683896780014,
          "x": -0.9060525894165039,
          "y": -0.06116269901394844,
          "z": -0.4071480631828308
        },
        "matrix": [
          [
            0.6609792113304138,
            0.1904442459344864,
            0.7258357405662537,
            0.39146316051483154
          ],
          [
            0.031222384423017502,
            -0.9734016060829163,
            0.22696784138679504,
            -0.1412220597267151
          ],
          [
            0.7497596144676208,
            -0.12736043334007263,
            -0.6493489146232605,
            1.760833978652954
          ],
          [
            0.0,
            0.0,
            0.0,
            1.0
          ]
        ]
      },
      "bone_length_armature_space": 0.049533669673773054,
      "parent": "lowerarm_l",
      "has_children": true,
      "is_end_bone": false
    },
    "thumb_01_l": {
      "name": "thumb_01_l",
      "local": {
        "location": {
          "x": 0.0,
          "y": 0.0,
          "z": 0.0
        },
        "rotation_quaternion": {
          "w": 0.9624123573303223,
          "x": 0.2707582414150238,
          "y": 0.005158151034265757,
          "z": 0.020635239779949188
        },
        "scale": {
          "x": 1.0,
          "y": 1.0,
          "z": 1.0
        },
        "matrix_basis": [
          [
            0.9990951418876648,
            -0.036925993859767914,
            0.02110285870730877,
            0.0
          ],
          [
            0.0425124429166317,
            0.8525283336639404,
            -0.5209493041038513,
            0.0
          ],
          [
            0.0012457858538255095,
            0.5213750600814819,
            0.8533267378807068,
            0.0
          ],
          [
            0.0,
            0.0,
            0.0,
            1.0
          ]
        ],
        "rotation_mode": "QUATERNION"
      },
      "armature_space": {
        "head": {
          "x": 0.4008965492248535,
          "y": -0.2526822090148926,
          "z": 0.8046714067459106
        },
        "tail": {
          "x": 0.4313247501850128,
          "y": -0.2659936249256134,
          "z": 0.7972177267074585
        }
      },
      "world_space": {
        "head": {
          "x": 0.4008965492248535,
          "y": -0.18943820893764496,
          "z": 1.7545254230499268
        },
        "tail": {
          "x": 0.4313247501850128,
          "y": -0.20274962484836578,
          "z": 1.7470717430114746
        },
        "rotation_quaternion": {
          "w": 0.5517661571502686,
          "x": -0.19188715517520905,
          "y": 0.004449460189789534,
          "z": -0.8116118311882019
        },
        "matrix": [
          [
            -0.31746625900268555,
            0.8939328193664551,
            0.3163849413394928,
            0.4008965492248535
          ],
          [
            -0.8973470330238342,
            -0.3910682499408722,
            0.20453302562236786,
            -0.18943820893764496
          ],
          [
            0.3065683841705322,
            -0.21897685527801514,
            0.9263255596160889,
            1.7545254230499268
          ],
          [
            0.0,
            0.0,
            0.0,
            1.0
          ]
        ]
      },
      "bone_length_armature_space": 0.03403860349948089,
      "parent": "metacarpal_thumb_l",
      "has_children": true,
      "is_end_bone": false
    },
    "thumb_02_l": {
      "name": "thumb_02_l",
      "local": {
        "location": {
          "x": 0.0,
          "y": 0.0,
          "z": 0.0
        },
        "rotation_quaternion": {
          "w": 0.8928244113922119,
          "x": 0.4502156674861908,
          "y": -0.012781358323991299,
          "z": 0.002690341556444764
        },
        "scale": {
          "x": 1.0,
          "y": 1.0,
          "z": 1.0
        },
        "matrix_basis": [
          [
            0.9996588230133057,
            -0.016312740743160248,
            -0.020400550216436386,
            0.0
          ],
          [
            -0.006704730447381735,
            0.5945972204208374,
            -0.8039958477020264,
            0.0
          ],
          [
            0.025245485827326775,
            0.8038582801818848,
            0.5942849516868591,
            0.0
          ],
          [
            0.0,
            0.0,
            0.0,
            1.0
          ]
        ],
        "rotation_mode": "QUATERNION"
      },
      "armature_space": {
        "head": {
          "x": 0.4313247501850128,
          "y": -0.26599356532096863,
          "z": 0.7972176671028137
        },
        "tail": {
          "x": 0.4183783531188965,
          "y": -0.27482980489730835,
          "z": 0.8341975212097168
        }
      },
      "world_space": {
        "head": {
          "x": 0.4313247501850128,
          "y": -0.202749565243721,
          "z": 1.7470717430114746
        },
        "tail": {
          "x": 0.4183783531188965,
          "y": -0.21158580482006073,
          "z": 1.784051537513733
        },
        "rotation_quaternion": {
          "w": 0.16320638358592987,
          "x": 0.441754013299942,
          "y": -0.6027958393096924,
          "z": -0.644091784954071
        },
        "matrix": [
          [
            -0.5564315319061279,
            -0.32233476638793945,
            -0.7658226490020752,
            0.4313247501850128
          ],
          [
            -0.7428167462348938,
            -0.22000212967395782,
            0.6323149800300598,
            -0.202749565243721
          ],
          [
            -0.37230291962623596,
            0.9207122325897217,
            -0.11701962351799011,
            1.7470717430114746
          ],
          [
            0.0,
            0.0,
            0.0,
            1.0
          ]
        ]
      },
      "bone_length_armature_space": 0.04016463520263036,
      "parent": "thumb_01_l",
      "has_children": true,
      "is_end_bone": false
    },
    "thumb_03_l": {
      "name": "thumb_03_l",
      "local": {
        "location": {
          "x": 0.0,
          "y": 0.0,
          "z": 0.0
        },
        "rotation_quaternion": {
          "w": 0.9860662221908569,
          "x": 0.16624656319618225,
          "y": 0.00047946334234438837,
          "z": -0.005955103784799576
        },
        "scale": {
          "x": 1.0,
          "y": 1.0,
          "z": 1.0
        },
        "matrix_basis": [
          [
            0.9999285936355591,
            0.0119036715477705,
            -0.0010344658512622118,
            0.0
          ],
          [
            -0.01158483512699604,
            0.9446532130241394,
            -0.32786595821380615,
            0.0
          ],
          [
            -0.002925596199929714,
            0.32785454392433167,
            0.9447237253189087,
            0.0
          ],
          [
            0.0,
            0.0,
            0.0,
            1.0
          ]
        ],
        "rotation_mode": "QUATERNION"
      },
      "armature_space": {
        "head": {
          "x": 0.41837841272354126,
          "y": -0.2748298943042755,
          "z": 0.834197461605072
        },
        "tail": {
          "x": 0.39765337109565735,
          "y": -0.2695571780204773,
          "z": 0.8558670282363892
        }
      },
      "world_space": {
        "head": {
          "x": 0.41837841272354126,
          "y": -0.2115858942270279,
          "z": 1.7840514183044434
        },
        "tail": {
          "x": 0.39765337109565735,
          "y": -0.20631317794322968,
          "z": 1.8057210445404053
        },
        "rotation_quaternion": {
          "w": 0.19576255977153778,
          "x": 0.5484123826026917,
          "y": -0.7404539585113525,
          "z": -0.3356321454048157
        },
        "matrix": [
          [
            -0.3218390941619873,
            -0.6807398796081543,
            -0.6580373048782349,
            0.41837841272354126
          ],
          [
            -0.9435575008392334,
            0.1731889545917511,
            0.28232020139694214,
            -0.2115858942270279
          ],
          [
            -0.07822317630052567,
            0.7117629051208496,
            -0.6980607509613037,
            1.7840514183044434
          ],
          [
            0.0,
            0.0,
            0.0,
            1.0
          ]
        ]
      },
      "bone_length_armature_space": 0.030445015739525287,
      "parent": "thumb_02_l",
      "has_children": false,
      "is_end_bone": true
    },
    "metacarpal_index_l": {
      "name": "metacarpal_index_l",
      "local": {
        "location": {
          "x": 0.0,
          "y": 0.0,
          "z": 0.0
        },
        "rotation_quaternion": {
          "w": 0.9993313550949097,
          "x": 0.0349002480506897,
          "y": 0.007766553200781345,
          "z": 0.007656598463654518
        },
        "scale": {
          "x": 1.0,
          "y": 1.0,
          "z": 1.0
        },
        "matrix_basis": [
          [
            0.9997621178627014,
            -0.014760848134756088,
            0.016057154163718224,
            0.0
          ],
          [
            0.01584506779909134,
            0.9974467158317566,
            -0.06963489204645157,
            0.0
          ],
          [
            -0.01498828548938036,
            0.06987275183200836,
            0.9974433183670044,
            0.0
          ],
          [
            0.0,
            0.0,
            0.0,
            1.0
          ]
        ],
        "rotation_mode": "QUATERNION"
      },
      "armature_space": {
        "head": {
          "x": 0.39146316051483154,
          "y": -0.2044660598039627,
          "z": 0.8109800219535828
        },
        "tail": {
          "x": 0.4200403392314911,
          "y": -0.31672975420951843,
          "z": 0.8285706043243408
        }
      },
      "world_space": {
        "head": {
          "x": 0.39146316051483154,
          "y": -0.1412220597267151,
          "z": 1.760833978652954
        },
        "tail": {
          "x": 0.4200403392314911,
          "y": -0.2534857392311096,
          "z": 1.778424620628357
        },
        "rotation_quaternion": {
          "w": 0.05610746145248413,
          "x": 0.9778172969818115,
          "y": 0.13340091705322266,
          "z": 0.15142492949962616
        },
        "matrix": [
          [
            0.9185493588447571,
            0.2438913881778717,
            0.31110161542892456,
            0.39146316051483154
          ],
          [
            0.277875691652298,
            -0.958112359046936,
            -0.06932537257671356,
            -0.1412220597267151
          ],
          [
            0.281164288520813,
            0.15012648701667786,
            -0.9478517174720764,
            1.760833978652954
          ],
          [
            0.0,
            0.0,
            0.0,
            1.0
          ]
        ]
      },
      "bone_length_armature_space": 0.11717175623816597,
      "parent": "lowerarm_l",
      "has_children": true,
      "is_end_bone": false
    },
    "index_01_l": {
      "name": "index_01_l",
      "local": {
        "location": {
          "x": 0.0,
          "y": 0.0,
          "z": 0.0
        },
        "rotation_quaternion": {
          "w": 0.9460585117340088,
          "x": 0.3226412534713745,
          "y": 0.01769131049513817,
          "z": 0.023727688938379288
        },
        "scale": {
          "x": 1.0,
          "y": 1.0,
          "z": 1.0
        },
        "matrix_basis": [
          [
            0.9982480406761169,
            -0.03347967192530632,
            0.048785094171762466,
            0.0
          ],
          [
            0.056311458349227905,
            0.7906792163848877,
            -0.6096354722976685,
            0.0
          ],
          [
            -0.018162967637181282,
            0.6113145351409912,
            0.7911792993545532,
            0.0
          ],
          [
            0.0,
            0.0,
            0.0,
            1.0
          ]
        ],
        "rotation_mode": "QUATERNION"
      },
      "armature_space": {
        "head": {
          "x": 0.4200403392314911,
          "y": -0.31672975420951843,
          "z": 0.8285706043243408
        },
        "tail": {
          "x": 0.43739402294158936,
          "y": -0.3379606008529663,
          "z": 0.8207494020462036
        }
      },
      "world_space": {
        "head": {
          "x": 0.4200403392314911,
          "y": -0.2534857392311096,
          "z": 1.778424620628357
        },
        "tail": {
          "x": 0.43739402294158936,
          "y": -0.2747166156768799,
          "z": 1.7706034183502197
        },
        "rotation_quaternion": {
          "w": 0.17423215508460999,
          "x": -0.9305227398872375,
          "y": -0.3120257258415222,
          "z": -0.08006717264652252
        },
        "matrix": [
          [
            0.7924584150314331,
            0.6085947155952454,
            0.04027801752090454,
            0.4200403392314911
          ],
          [
            0.5527939796447754,
            -0.7445662021636963,
            0.37421953678131104,
            -0.2534857392311096
          ],
          [
            0.2577396035194397,
            -0.27429065108299255,
            -0.9264713525772095,
            1.778424620628357
          ],
          [
            0.0,
            0.0,
            0.0,
            1.0
          ]
        ]
      },
      "bone_length_armature_space": 0.028514389493464746,
      "parent": "metacarpal_index_l",
      "has_children": true,
      "is_end_bone": false
    },
    "index_02_l": {
      "name": "index_02_l",
      "local": {
        "location": {
          "x": 0.0,
          "y": 0.0,
          "z": 0.0
        },
        "rotation_quaternion": {
          "w": 0.8861018419265747,
          "x": 0.4634595811367035,
          "y": -0.005158832296729088,
          "z": -0.0014536790549755096
        },
        "scale": {
          "x": 1.0,
          "y": 1.0,
          "z": 1.0
        },
        "matrix_basis": [
          [
            0.9999425411224365,
            -0.0022056051529943943,
            -0.010489944368600845,
            0.0
          ],
          [
            -0.007358036004006863,
            0.5704061985015869,
            -0.8213297724723816,
            0.0
          ],
          [
            0.007795058656483889,
            0.8213597536087036,
            0.5703572034835815,
            0.0
          ],
          [
            0.0,
            0.0,
            0.0,
            1.0
          ]
        ],
        "rotation_mode": "QUATERNION"
      },
      "armature_space": {
        "head": {
          "x": 0.43739408254623413,
          "y": -0.3379608988761902,
          "z": 0.8207489252090454
        },
        "tail": {
          "x": 0.4468178153038025,
          "y": -0.3422810435295105,
          "z": 0.7972834706306458
        }
      },
      "world_space": {
        "head": {
          "x": 0.43739408254623413,
          "y": -0.27471691370010376,
          "z": 1.7706029415130615
        },
        "tail": {
          "x": 0.4468178153038025,
          "y": -0.2790370583534241,
          "z": 1.7471375465393066
        },
        "rotation_quaternion": {
          "w": 0.5590978860855103,
          "x": -0.7568913102149963,
          "y": -0.3212575614452362,
          "z": 0.10638939589262009
        },
        "matrix": [
          [
            0.7709485292434692,
            0.367350310087204,
            -0.5202808380126953,
            0.43739408254623413
          ],
          [
            0.6052799820899963,
            -0.16840580105781555,
            0.7779947519302368,
            -0.27471691370010376
          ],
          [
            0.19817985594272614,
            -0.9147161245346069,
            -0.3521837592124939,
            1.7706029415130615
          ],
          [
            0.0,
            0.0,
            0.0,
            1.0
          ]
        ]
      },
      "bone_length_armature_space": 0.0256534192784781,
      "parent": "index_01_l",
      "has_children": true,
      "is_end_bone": false
    },
    "index_03_l": {
      "name": "index_03_l",
      "local": {
        "location": {
          "x": 0.0,
          "y": 0.0,
          "z": 0.0
        },
        "rotation_quaternion": {
          "w": 0.9201805591583252,
          "x": 0.39140546321868896,
          "y": -0.005762470420449972,
          "z": -0.006017587147653103
        },
        "scale": {
          "x": 1.0,
          "y": 1.0,
          "z": 1.0
        },
        "matrix_basis": [
          [
            0.9998611807823181,
            0.006563608534634113,
            -0.01531565934419632,
            0.0
          ],
          [
            -0.015585457906126976,
            0.6935310959815979,
            -0.7202580571174622,
            0.0
          ],
          [
            0.005894393660128117,
            0.7203967571258545,
            0.6935371160507202,
            0.0
          ],
          [
            0.0,
            0.0,
            0.0,
            1.0
          ]
        ],
        "rotation_mode": "QUATERNION"
      },
      "armature_space": {
        "head": {
          "x": 0.4468178451061249,
          "y": -0.34228119254112244,
          "z": 0.7972835302352905
        },
        "tail": {
          "x": 0.44432133436203003,
          "y": -0.3256034255027771,
          "z": 0.7734223008155823
        }
      },
      "world_space": {
        "head": {
          "x": 0.4468178451061249,
          "y": -0.2790371775627136,
          "z": 1.7471375465393066
        },
        "tail": {
          "x": 0.44432133436203003,
          "y": -0.2623594403266907,
          "z": 1.7232763767242432
        },
        "rotation_quaternion": {
          "w": 0.8397327661514282,
          "x": -0.42115938663482666,
          "y": -0.28327491879463196,
          "z": 0.192948117852211
        },
        "matrix": [
          [
            0.7650527358055115,
            -0.08544266223907471,
            -0.6382741332054138,
            0.4468178451061249
          ],
          [
            0.5626577138900757,
            0.5707916021347046,
            0.5980077385902405,
            -0.2790371775627136
          ],
          [
            0.3132285475730896,
            -0.8166426420211792,
            0.48476478457450867,
            1.7471375465393066
          ],
          [
            0.0,
            0.0,
            0.0,
            1.0
          ]
        ]
      },
      "bone_length_armature_space": 0.02921880877432653,
      "parent": "index_02_l",
      "has_children": false,
      "is_end_bone": true
    },
    "metacarpal_pinky_l": {
      "name": "metacarpal_pinky_l",
      "local": {
        "location": {
          "x": 0.0,
          "y": 0.0,
          "z": 0.0
        },
        "rotation_quaternion": {
          "w": 0.9994503259658813,
          "x": -0.031584788113832474,
          "y": 0.0017664358019828796,
          "z": -0.009925523772835732
        },
        "scale": {
          "x": 1.0,
          "y": 1.0,
          "z": 1.0
        },
        "matrix_basis": [
          [
            0.9997967481613159,
            0.01972855068743229,
            0.0041579208336770535,
            0.0
          ],
          [
            -0.019951721653342247,
            0.9978077411651611,
            0.06309978663921356,
            0.0
          ],
          [
            -0.002903938526287675,
            -0.0631699189543724,
            0.9979985356330872,
            0.0
          ],
          [
            0.0,
            0.0,
            0.0,
            1.0
          ]
        ],
        "rotation_mode": "QUATERNION"
      },
      "armature_space": {
        "head": {
          "x": 0.39146316051483154,
          "y": -0.2044660598039627,
          "z": 0.8109800219535828
        },
        "tail": {
          "x": 0.4478517174720764,
          "y": -0.2656099796295166,
          "z": 0.8736299276351929
        }
      },
      "world_space": {
        "head": {
          "x": 0.39146316051483154,
          "y": -0.1412220597267151,
          "z": 1.760833978652954
        },
        "tail": {
          "x": 0.4478517174720764,
          "y": -0.20236597955226898,
          "z": 1.823483943939209
        },
        "rotation_quaternion": {
          "w": 0.4401782751083374,
          "x": 0.49398598074913025,
          "y": -0.11247352510690689,
          "z": -0.7413304448127747
        },
        "matrix": [
          [
            -0.12444082647562027,
            0.5415169596672058,
            -0.8314288854598999,
            0.39146316051483154
          ],
          [
            -0.7637564539909363,
            -0.587183952331543,
            -0.26812586188316345,
            -0.1412220597267151
          ],
          [
            -0.6334013938903809,
            0.6016467809677124,
            0.48666009306907654,
            1.760833978652954
          ],
          [
            0.0,
            0.0,
            0.0,
            1.0
          ]
        ]
      },
      "bone_length_armature_space": 0.10413096953715958,
      "parent": "lowerarm_l",
      "has_children": true,
      "is_end_bone": false
    },
    "pinky_01_l": {
      "name": "pinky_01_l",
      "local": {
        "location": {
          "x": 0.0,
          "y": 0.0,
          "z": 0.0
        },
        "rotation_quaternion": {
          "w": 0.9259083867073059,
          "x": 0.377248078584671,
          "y": -0.01930961199104786,
          "z": 0.0021842182613909245
        },
        "scale": {
          "x": 1.0,
          "y": 1.0,
          "z": 1.0
        },
        "matrix_basis": [
          [
            0.999244749546051,
            -0.018613800406455994,
            -0.03410987928509712,
            0.0
          ],
          [
            -0.010524256154894829,
            0.7153582572937012,
            -0.6986786723136902,
            0.0
          ],
          [
            0.03740584850311279,
            0.6985099911689758,
            0.7146220803260803,
            0.0
          ],
          [
            0.0,
            0.0,
            0.0,
            1.0
          ]
        ],
        "rotation_mode": "QUATERNION"
      },
      "armature_space": {
        "head": {
          "x": 0.4478517174720764,
          "y": -0.2656099796295166,
          "z": 0.8736299276351929
        },
        "tail": {
