{
  "metadata": {
    "armature_name": "KIM_caucasian_male",
    "export_time": "2026-01-13T21:15:48.301951",
    "blender_version": "4.4.1",
    "bone_count": 56,
    "end_bone_count": 13,
    "spaces_included": [
      "LOCAL_CHANNELS",
      "ARMATURE_SPACE",
      "WORLD_SPACE"
    ],
    "note": "LOCAL matches Transform panel; replay pose via local.matrix_basis for best fidelity."
  },
  "bones": {
    "Root": {
      "name": "Root",
      "local": {
        "location": {
          "x": 0.0,
          "y": 0.0,
          "z": 0.0
        },
        "rotation_quaternion": {
          "w": 0.9998048543930054,
          "x": -0.015439176000654697,
          "y": 0.011456225998699665,
          "z": -0.004544771276414394
        },
        "scale": {
          "x": 1.0,
          "y": 1.0,
          "z": 1.0
        },
        "matrix_basis": [
          [
            0.9996961951255798,
            0.008734019473195076,
            0.023048315197229385,
            0.0
          ],
          [
            -0.009441518224775791,
            0.9994819760322571,
            0.030768195167183876,
            0.0
          ],
          [
            -0.022767646238207817,
            -0.03097645752131939,
            0.9992607831954956,
            0.0
          ],
          [
            0.0,
            0.0,
            0.0,
            1.0
          ]
        ],
        "rotation_mode": "QUATERNION"
      },
      "armature_space": {
        "head": {
          "x": 0.0,
          "y": 0.07072800397872925,
          "z": -0.009595036506652832
        },
        "tail": {
          "x": 0.0006233982276171446,
          "y": 0.00033386051654815674,
          "z": 0.0021859481930732727
        }
      },
      "world_space": {
        "head": {
          "x": 0.0,
          "y": 0.13397200405597687,
          "z": 0.9402589797973633
        },
        "tail": {
          "x": 0.0006233982276171446,
          "y": 0.06357786059379578,
          "z": 0.9520399570465088
        },
        "rotation_quaternion": {
          "w": 0.08275862783193588,
          "x": 0.9964935183525085,
          "y": 0.005306228529661894,
          "z": 0.011124028824269772
        },
        "matrix": [
          [
            0.9996961951255798,
            0.008734019473195076,
            0.023048315197229385,
            0.0
          ],
          [
            0.012416467070579529,
            -0.9862456917762756,
            -0.16481924057006836,
            0.13397200405597687
          ],
          [
            0.021291926503181458,
            0.16505557298660278,
            -0.9860615134239197,
            0.9402589797973633
          ],
          [
            0.0,
            0.0,
            0.0,
            1.0
          ]
        ]
      },
      "bone_length_armature_space": 0.07137587648293368,
      "parent": null,
      "has_children": true,
      "is_end_bone": false
    },
    "spine_01": {
      "name": "spine_01",
      "local": {
        "location": {
          "x": 0.0,
          "y": 0.0,
          "z": 0.0
        },
        "rotation_quaternion": {
          "w": 0.9941753149032593,
          "x": 0.10033770650625229,
          "y": 0.03413388505578041,
          "z": 0.01956181973218918
        },
        "scale": {
          "x": 1.0,
          "y": 1.0,
          "z": 1.0
        },
        "matrix_basis": [
          [
            0.9969044327735901,
            -0.03204592689871788,
            0.07179570943117142,
            0.0
          ],
          [
            0.04574558883905411,
            0.9790993332862854,
            -0.19817109405994415,
            0.0
          ],
          [
            -0.06394455581903458,
            0.2008419781923294,
            0.9775344729423523,
            0.0
          ],
          [
            0.0,
            0.0,
            0.0,
            1.0
          ]
        ],
        "rotation_mode": "QUATERNION"
      },
      "armature_space": {
        "head": {
          "x": 0.0006233982276171446,
          "y": 0.00033386051654815674,
          "z": 0.0021859481930732727
        },
        "tail": {
          "x": -0.024561595171689987,
          "y": -0.06057766079902649,
          "z": 0.4857187271118164
        }
      },
      "world_space": {
        "head": {
          "x": 0.0006233982276171446,
          "y": 0.06357786059379578,
          "z": 0.9520399570465088
        },
        "tail": {
          "x": -0.024561595171689987,
          "y": 0.0026663392782211304,
          "z": 1.4355727434158325
        },
        "rotation_quaternion": {
          "w": 0.6614398956298828,
          "x": 0.7482964396476746,
          "y": 0.009374390356242657,
          "z": 0.04961759224534035
        },
        "matrix": [
          [
            0.9949004650115967,
            -0.05160846188664436,
            0.08665812760591507,
            0.0006233982276171446
          ],
          [
            0.07966740429401398,
            -0.12481837719678879,
            -0.9889760613441467,
            0.06357786059379578
          ],
          [
            0.06185656413435936,
            0.9908433556556702,
            -0.12007208168506622,
            0.9520399570465088
          ],
          [
            0.0,
            0.0,
            0.0,
            1.0
          ]
        ]
      },
      "bone_length_armature_space": 0.48800456445199025,
      "parent": "Root",
      "has_children": true,
      "is_end_bone": false
    },
    "neck_01": {
      "name": "neck_01",
      "local": {
        "location": {
          "x": 0.0,
          "y": 0.0,
          "z": 0.0
        },
        "rotation_quaternion": {
          "w": 0.9882965683937073,
          "x": 0.03792743757367134,
          "y": -0.002280148910358548,
          "z": 0.1477370262145996
        },
        "scale": {
          "x": 1.0,
          "y": 1.0,
          "z": 1.0
        },
        "matrix_basis": [
          [
            0.9563371539115906,
            -0.29218894243240356,
            0.006699646823108196,
            0.0
          ],
          [
            0.2918430268764496,
            0.9534705877304077,
            -0.07564083486795425,
            0.0
          ],
          [
            0.01571349985897541,
            0.07429338991641998,
            0.9971126317977905,
            0.0
          ],
          [
            0.0,
            0.0,
            0.0,
            1.0
          ]
        ],
        "rotation_mode": "QUATERNION"
      },
      "armature_space": {
        "head": {
          "x": -0.02533494494855404,
          "y": -0.1040147989988327,
          "z": 0.5541025996208191
        },
        "tail": {
          "x": -0.05584472045302391,
          "y": -0.16097652912139893,
          "z": 0.6336966753005981
        }
      },
      "world_space": {
        "head": {
          "x": -0.02533494494855404,
          "y": -0.04077079892158508,
          "z": 1.5039565563201904
        },
        "tail": {
          "x": -0.05584472045302391,
          "y": -0.0977325290441513,
          "z": 1.5835506916046143
        },
        "rotation_quaternion": {
          "w": 0.4586871266365051,
          "x": 0.8740862607955933,
          "y": -0.10863582789897919,
          "z": 0.11737849563360214
        },
        "matrix": [
          [
            0.9488411545753479,
            -0.2975943982601166,
            0.10553700476884842,
            -0.02533494494855404
          ],
          [
            -0.08223515748977661,
            -0.5556085109710693,
            -0.8273674845695496,
            -0.04077079892158508
          ],
          [
            0.3048591911792755,
            0.7763662338256836,
            -0.551661491394043,
            1.5039565563201904
          ],
          [
            0.0,
            0.0,
            0.0,
            1.0
          ]
        ]
      },
      "bone_length_armature_space": 0.10252171522949419,
      "parent": "spine_01",
      "has_children": true,
      "is_end_bone": false
    },
    "head": {
      "name": "head",
      "local": {
        "location": {
          "x": 0.0,
          "y": 0.0,
          "z": 0.0
        },
        "rotation_quaternion": {
          "w": 0.9959595203399658,
          "x": 0.07246784120798111,
          "y": 0.02638605609536171,
          "z": -0.04600874334573746
        },
        "scale": {
          "x": 1.0,
          "y": 1.0,
          "z": 1.0
        },
        "matrix_basis": [
          [
            0.9943739175796509,
            0.09546997398138046,
            0.045890577137470245,
            0.0
          ],
          [
            -0.08782140910625458,
            0.9852632284164429,
            -0.14677804708480835,
            0.0
          ],
          [
            -0.059227194637060165,
            0.14192210137844086,
            0.9881044030189514,
            0.0
          ],
          [
            0.0,
            0.0,
            0.0,
            1.0
          ]
        ],
        "rotation_mode": "QUATERNION"
      },
      "armature_space": {
        "head": {
          "x": -0.05584467947483063,
          "y": -0.1609766185283661,
          "z": 0.6336965560913086
        },
        "tail": {
          "x": -0.09038375318050385,
          "y": -0.2170814871788025,
          "z": 0.7740979194641113
        }
      },
      "world_space": {
        "head": {
          "x": -0.05584467947483063,
          "y": -0.09773261845111847,
          "z": 1.5835505723953247
        },
        "tail": {
          "x": -0.09038375318050385,
          "y": -0.15383748710155487,
          "z": 1.7239519357681274
        },
        "rotation_quaternion": {
          "w": 0.5605071187019348,
          "x": 0.8195793628692627,
          "y": -0.07038118690252304,
          "z": 0.09574993699789047
        },
        "matrix": [
          [
            0.9717569351196289,
            -0.22270314395427704,
            0.07804986834526062,
            -0.05584467947483063
          ],
          [
            -0.008029982447624207,
            -0.3617563843727112,
            -0.9322382807731628,
            -0.09773261845111847
          ],
          [
            0.2358490228652954,
            0.9052882790565491,
            -0.3533308506011963,
            1.5835505723953247
          ],
          [
            0.0,
            0.0,
            0.0,
            1.0
          ]
        ]
      },
      "bone_length_armature_space": 0.15509109241670002,
      "parent": "neck_01",
      "has_children": false,
      "is_end_bone": true
    },
    "upperarm_l": {
      "name": "upperarm_l",
      "local": {
        "location": {
          "x": 0.0,
          "y": 0.0,
          "z": 0.0
        },
        "rotation_quaternion": {
          "w": 0.8471964597702026,
          "x": 0.5184465050697327,
          "y": -0.08813311159610748,
          "z": -0.07552536576986313
        },
        "scale": {
          "x": 1.0,
          "y": 1.0,
          "z": 1.0
        },
        "matrix_basis": [
          [
            0.973056972026825,
            0.03658503666520119,
            -0.22764384746551514,
            0.0
          ],
          [
            -0.21935425698757172,
            0.4510182738304138,
            -0.8651395440101624,
            0.0
          ],
          [
            0.07102039456367493,
            0.8917646408081055,
            0.44689154624938965,
            0.0
          ],
          [
            0.0,
            0.0,
            0.0,
            1.0
          ]
        ],
        "rotation_mode": "QUATERNION"
      },
      "armature_space": {
        "head": {
          "x": 0.12764498591423035,
          "y": -0.08682990074157715,
          "z": 0.49640581011772156
        },
        "tail": {
          "x": 0.27792561054229736,
          "y": -0.30537188053131104,
          "z": 0.4581589698791504
        }
      },
      "world_space": {
        "head": {
          "x": 0.12764498591423035,
          "y": -0.02358590066432953,
          "z": 1.44625985622406
        },
        "tail": {
          "x": 0.27792561054229736,
          "y": -0.24212788045406342,
          "z": 1.4080129861831665
        },
        "rotation_quaternion": {
          "w": 0.17662431299686432,
          "x": 0.6144440770149231,
          "y": 0.2470429241657257,
          "z": -0.7281705141067505
        },
        "matrix": [
          [
            -0.18252505362033844,
            0.5608125329017639,
            -0.8075730204582214,
            0.12764498591423035
          ],
          [
            0.046362072229385376,
            -0.8155481815338135,
            -0.5768294930458069,
            -0.02358590066432953
          ],
          [
            -0.9821144342422485,
            -0.14272837340831757,
            0.12285786867141724,
            1.44625985622406
          ],
          [
            0.0,
            0.0,
            0.0,
            1.0
          ]
        ]
      },
      "bone_length_armature_space": 0.2679695619339362,
      "parent": "spine_01",
      "has_children": true,
      "is_end_bone": false
    },
    "lowerarm_l": {
      "name": "lowerarm_l",
      "local": {
        "location": {
          "x": 0.0,
          "y": 0.0,
          "z": 0.0
        },
        "rotation_quaternion": {
          "w": 0.9824711084365845,
          "x": 0.18311093747615814,
          "y": 0.012685081921517849,
          "z": 0.032557979226112366
        },
        "scale": {
          "x": 1.0,
          "y": 1.0,
          "z": 1.0
        },
        "matrix_basis": [
          [
            0.9975581169128418,
            -0.059328991919755936,
            0.036848898977041245,
            0.0
          ],
          [
            0.06862010061740875,
            0.9308207035064697,
            -0.35897642374038696,
            0.0
          ],
          [
            -0.013002009131014347,
            0.3606284260749817,
            0.9326189756393433,
            0.0
          ],
          [
            0.0,
            0.0,
            0.0,
            1.0
          ]
        ],
        "rotation_mode": "QUATERNION"
      },
      "armature_space": {
        "head": {
          "x": 0.27792561054229736,
          "y": -0.3053719997406006,
          "z": 0.45815908908843994
        },
        "tail": {
          "x": 0.31961044669151306,
          "y": -0.5682234764099121,
          "z": 0.4853772819042206
        }
      },
      "world_space": {
        "head": {
          "x": 0.27792561054229736,
          "y": -0.24212799966335297,
          "z": 1.408013105392456
        },
        "tail": {
          "x": 0.31961044669151306,
          "y": -0.5049794912338257,
          "z": 1.435231328010559
        },
        "rotation_quaternion": {
          "w": 0.09308048337697983,
          "x": 0.6166744232177734,
          "y": 0.008354177698493004,
          "z": -0.7816513776779175
        },
        "matrix": [
          [
            -0.22209730744361877,
            0.15581688284873962,
            -0.9624937176704407,
            0.27792561054229736
          ],
          [
            -0.13520997762680054,
            -0.9825325012207031,
            -0.1278611719608307,
            -0.24212799966335297
          ],
          [
            -0.965610921382904,
            0.10174089670181274,
            0.23928748071193695,
            1.408013105392456
          ],
          [
            0.0,
            0.0,
            0.0,
            1.0
          ]
        ]
      },
      "bone_length_armature_space": 0.26752448664662865,
      "parent": "upperarm_l",
      "has_children": true,
      "is_end_bone": false
    },
    "metacarpal_thumb_l": {
      "name": "metacarpal_thumb_l",
      "local": {
        "location": {
          "x": 0.0,
          "y": 0.0,
          "z": 0.0
        },
        "rotation_quaternion": {
          "w": 0.9999294877052307,
          "x": 0.005232952535152435,
          "y": 0.008521903306245804,
          "z": 0.006408216431736946
        },
        "scale": {
          "x": 1.0,
          "y": 1.0,
          "z": 1.0
        },
        "matrix_basis": [
          [
            0.9997726082801819,
            -0.012726339511573315,
            0.017109673470258713,
            0.0
          ],
          [
            0.012904718518257141,
            0.9998630881309509,
            -0.010355946607887745,
            0.0
          ],
          [
            -0.016975536942481995,
            0.01057438738644123,
            0.9997999668121338,
            0.0
          ],
          [
            0.0,
            0.0,
            0.0,
            1.0
          ]
        ],
        "rotation_mode": "QUATERNION"
      },
      "armature_space": {
        "head": {
          "x": 0.31961044669151306,
          "y": -0.5682234764099121,
          "z": 0.4853772819042206
        },
        "tail": {
          "x": 0.2950156629085541,
          "y": -0.6111809015274048,
          "z": 0.48720496892929077
        }
      },
      "world_space": {
        "head": {
          "x": 0.31961044669151306,
          "y": -0.5049794912338257,
          "z": 1.435231328010559
        },
        "tail": {
          "x": 0.2950156629085541,
          "y": -0.5479369163513184,
          "z": 1.437058925628662
        },
        "rotation_quaternion": {
          "w": 0.005920342169702053,
          "x": -0.9616826176643372,
          "y": 0.25757795572280884,
          "z": 0.09372910857200623
        },
        "matrix": [
          [
            0.8497370481491089,
            -0.4965263903141022,
            -0.17722511291503906,
            0.31961044669151306
          ],
          [
            -0.49430668354034424,
            -0.8672370910644531,
            0.059671953320503235,
            -0.5049794912338257
          ],
          [
            -0.18332673609256744,
            0.03689759597182274,
            -0.9823664426803589,
            1.435231328010559
          ],
          [
            0.0,
            0.0,
            0.0,
            1.0
          ]
        ]
      },
      "bone_length_armature_space": 0.049533667181248076,
      "parent": "lowerarm_l",
      "has_children": true,
      "is_end_bone": false
    },
    "thumb_01_l": {
      "name": "thumb_01_l",
      "local": {
        "location": {
          "x": 0.0,
          "y": 0.0,
          "z": 0.0
        },
        "rotation_quaternion": {
          "w": 0.9829737544059753,
          "x": 0.18216150999069214,
          "y": -0.017364390194416046,
          "z": 0.01668541692197323
        },
        "scale": {
          "x": 1.0,
          "y": 1.0,
          "z": 1.0
        },
        "matrix_basis": [
          [
            0.9988401532173157,
            -0.039128899574279785,
            -0.028058597818017006,
            0.0
          ],
          [
            0.026476407423615456,
            0.9330775737762451,
            -0.3586994409561157,
            0.0
          ],
          [
            0.0402163602411747,
            0.357540488243103,
            0.9330313205718994,
            0.0
          ],
          [
            0.0,
            0.0,
            0.0,
            1.0
          ]
        ],
        "rotation_mode": "QUATERNION"
      },
      "armature_space": {
        "head": {
          "x": 0.2950156629085541,
          "y": -0.6111809015274048,
          "z": 0.48720496892929077
        },
        "tail": {
          "x": 0.2870778441429138,
          "y": -0.6319357752799988,
          "z": 0.46142005920410156
        }
      },
      "world_space": {
        "head": {
          "x": 0.2950156629085541,
          "y": -0.5479369163513184,
          "z": 1.437058925628662
        },
        "tail": {
          "x": 0.2870778441429138,
          "y": -0.5686917901039124,
          "z": 1.4112740755081177
        },
        "rotation_quaternion": {
          "w": 0.1797405183315277,
          "x": -0.5900095105171204,
          "y": 0.40350979566574097,
          "z": -0.675841748714447
        },
        "matrix": [
          [
            -0.23916363716125488,
            -0.23320060968399048,
            0.9425595998764038,
            0.2950156629085541
          ],
          [
            -0.71910160779953,
            -0.6097453832626343,
            -0.33332210779190063,
            -0.5479369163513184
          ],
          [
            0.6524558663368225,
            -0.7575204372406006,
            -0.021866559982299805,
            1.437058925628662
          ],
          [
            0.0,
            0.0,
            0.0,
            1.0
          ]
        ]
      },
      "bone_length_armature_space": 0.03403873266133229,
      "parent": "metacarpal_thumb_l",
      "has_children": true,
      "is_end_bone": false
    },
    "thumb_02_l": {
      "name": "thumb_02_l",
      "local": {
        "location": {
          "x": 0.0,
          "y": 0.0,
          "z": 0.0
        },
        "rotation_quaternion": {
          "w": 0.9306470155715942,
          "x": 0.36574587225914,
          "y": 0.002828798955306411,
          "z": 0.010867551900446415
        },
        "scale": {
          "x": 1.0,
          "y": 1.0,
          "z": 1.0
        },
        "matrix_basis": [
          [
            0.9997478127479553,
            -0.01815846562385559,
            0.01321475114673376,
            0.0
          ],
          [
            0.022296952083706856,
            0.7322236895561218,
            -0.6806991100311279,
            0.0
          ],
          [
            0.0026842979714274406,
            0.6808220744132996,
            0.7324439287185669,
            0.0
          ],
          [
            0.0,
            0.0,
            0.0,
            1.0
          ]
        ],
        "rotation_mode": "QUATERNION"
      },
      "armature_space": {
        "head": {
          "x": 0.28707781434059143,
          "y": -0.631935715675354,
          "z": 0.4614200294017792
        },
        "tail": {
          "x": 0.31109538674354553,
          "y": -0.6545101404190063,
          "z": 0.48437076807022095
        }
      },
      "world_space": {
        "head": {
          "x": 0.28707781434059143,
          "y": -0.5686917304992676,
          "z": 1.4112740755081177
        },
        "tail": {
          "x": 0.31109538674354553,
          "y": -0.5912661552429199,
          "z": 1.4342248439788818
        },
        "rotation_quaternion": {
          "w": 0.2490062117576599,
          "x": -0.21607665717601776,
          "y": -0.3961944580078125,
          "z": -0.8569345474243164
        },
        "matrix": [
          [
            -0.7826137542724609,
            0.5979812741279602,
            0.17301596701145172,
            0.28707781434059143
          ],
          [
            -0.2555485963821411,
            -0.5620510578155518,
            0.7866343259811401,
            -0.5686917304992676
          ],
          [
            0.5676400661468506,
            0.5714200139045715,
            0.5926870703697205,
            1.4112740755081177
          ],
          [
            0.0,
            0.0,
            0.0,
            1.0
          ]
        ]
      },
      "bone_length_armature_space": 0.040164472707760204,
      "parent": "thumb_01_l",
      "has_children": true,
      "is_end_bone": false
    },
    "thumb_03_l": {
      "name": "thumb_03_l",
      "local": {
        "location": {
          "x": 0.0,
          "y": 0.0,
          "z": 0.0
        },
        "rotation_quaternion": {
          "w": 0.9857100248336792,
          "x": 0.16844645142555237,
          "y": 0.0008357238257303834,
          "z": -0.0009913622634485364
        },
        "scale": {
          "x": 1.0,
          "y": 1.0,
          "z": 1.0
        },
        "matrix_basis": [
          [
            0.9999966621398926,
            0.0022359408903867006,
            0.0013135798508301377,
            0.0
          ],
          [
            -0.0016728420741856098,
            0.9432496428489685,
            -0.3320803642272949,
            0.0
          ],
          [
            -0.0019815457053482533,
            0.3320770561695099,
            0.9432501792907715,
            0.0
          ],
          [
            0.0,
            0.0,
            0.0,
            1.0
          ]
        ],
        "rotation_mode": "QUATERNION"
      },
      "armature_space": {
        "head": {
          "x": 0.31109529733657837,
          "y": -0.6545102000236511,
          "z": 0.48437073826789856
        },
        "tail": {
          "x": 0.32968202233314514,
          "y": -0.6553061008453369,
          "z": 0.5084705352783203
        }
      },
      "world_space": {
        "head": {
          "x": 0.31109529733657837,
          "y": -0.5912662148475647,
          "z": 1.4342247247695923
        },
        "tail": {
          "x": 0.32968202233314514,
          "y": -0.5920621156692505,
          "z": 1.4583245515823364
        },
        "rotation_quaternion": {
          "w": 0.4355350732803345,
          "x": 0.01223871111869812,
          "y": -0.5451940894126892,
          "z": -0.7161862850189209
        },
        "matrix": [
          [
            -0.6203166842460632,
            0.6105037927627563,
            -0.49243539571762085,
            0.31109529733657837
          ],
          [
            -0.6371957659721375,
            -0.026143237948417664,
            0.7702584862709045,
            -0.5912662148475647
          ],
          [
            0.4573743939399719,
            0.7915873527526855,
            0.4052312970161438,
            1.4342247247695923
          ],
          [
            0.0,
            0.0,
            0.0,
            1.0
          ]
        ]
      },
      "bone_length_armature_space": 0.030445032895226945,
      "parent": "thumb_02_l",
      "has_children": false,
      "is_end_bone": true
    },
    "metacarpal_index_l": {
      "name": "metacarpal_index_l",
      "local": {
        "location": {
          "x": 0.0,
          "y": 0.0,
          "z": 0.0
        },
        "rotation_quaternion": {
          "w": 0.9999273419380188,
          "x": 0.00300280237570405,
          "y": -0.0084844920784235,
          "z": 0.008025710470974445
        },
        "scale": {
          "x": 1.0,
          "y": 1.0,
          "z": 1.0
        },
        "matrix_basis": [
          [
            0.999727189540863,
            -0.016101209446787834,
            -0.01691955141723156,
            0.0
          ],
          [
            0.01599930040538311,
            0.9998531341552734,
            -0.006141356658190489,
            0.0
          ],
          [
            0.01701595075428486,
            0.005868980195373297,
            0.9998379945755005,
            0.0
          ],
          [
            0.0,
            0.0,
            0.0,
            1.0
          ]
        ],
        "rotation_mode": "QUATERNION"
      },
      "armature_space": {
        "head": {
          "x": 0.31961044669151306,
          "y": -0.5682234764099121,
          "z": 0.4853772819042206
        },
        "tail": {
          "x": 0.2995016276836395,
          "y": -0.6826665997505188,
          "z": 0.5004644989967346
        }
      },
      "world_space": {
        "head": {
          "x": 0.31961044669151306,
          "y": -0.5049794912338257,
          "z": 1.435231328010559
        },
        "tail": {
          "x": 0.2995016276836395,
          "y": -0.6194226145744324,
          "z": 1.4503185749053955
        },
        "rotation_quaternion": {
          "w": 0.023390134796500206,
          "x": 0.9056445360183716,
          "y": -0.10534003376960754,
          "z": -0.4100784659385681
        },
        "matrix": [
          [
            0.6414783000946045,
            -0.1716182678937912,
            -0.7476984262466431,
            0.31961044669151306
          ],
          [
            -0.2099851667881012,
            -0.9767128825187683,
            0.044029273092746735,
            -0.5049794912338257
          ],
          [
            -0.7378482222557068,
            0.12876175343990326,
            -0.6625818014144897,
            1.435231328010559
          ],
          [
            0.0,
            0.0,
            0.0,
            1.0
          ]
        ]
      },
      "bone_length_armature_space": 0.11717174232854599,
      "parent": "lowerarm_l",
      "has_children": true,
      "is_end_bone": false
    },
    "index_01_l": {
      "name": "index_01_l",
      "local": {
        "location": {
          "x": 0.0,
          "y": 0.0,
          "z": 0.0
        },
        "rotation_quaternion": {
          "w": 0.9798634052276611,
          "x": 0.19945408403873444,
          "y": -0.004757053684443235,
          "z": -0.007950360886752605
        },
        "scale": {
          "x": 1.0,
          "y": 1.0,
          "z": 1.0
        },
        "matrix_basis": [
          [
            0.9998283386230469,
            0.013682907447218895,
            -0.012493989430367947,
            0.0
          ],
          [
            -0.017478162422776222,
            0.9203097224235535,
            -0.390799880027771,
            0.0
          ],
          [
            0.006151061970740557,
            0.39095115661621094,
            0.9203909039497375,
            0.0
          ],
          [
            0.0,
            0.0,
            0.0,
            1.0
          ]
        ],
        "rotation_mode": "QUATERNION"
      },
      "armature_space": {
        "head": {
          "x": 0.2995016276836395,
          "y": -0.6826665997505188,
          "z": 0.5004644989967346
        },
        "tail": {
          "x": 0.2958897352218628,
          "y": -0.7094478011131287,
          "z": 0.49136537313461304
        }
      },
      "world_space": {
        "head": {
          "x": 0.2995016276836395,
          "y": -0.6194226145744324,
          "z": 1.4503185749053955
        },
        "tail": {
          "x": 0.2958897352218628,
          "y": -0.6462038159370422,
          "z": 1.4412193298339844
        },
        "rotation_quaternion": {
          "w": 0.1740880161523819,
          "x": -0.8946974873542786,
          "y": -0.00923031847923994,
          "z": 0.41124778985977173
        },
        "matrix": [
          [
            0.661580502986908,
            -0.1266692727804184,
            -0.739098310470581,
            0.2995016276836395
          ],
          [
            0.1597031056880951,
            -0.9392169117927551,
            0.3039191961288452,
            -0.6194226145744324
          ],
          [
            -0.7326757907867432,
            -0.3191063404083252,
            -0.6011418700218201,
            1.4503185749053955
          ],
          [
            0.0,
            0.0,
            0.0,
            1.0
          ]
        ]
      },
      "bone_length_armature_space": 0.028514428231119122,
      "parent": "metacarpal_index_l",
      "has_children": true,
      "is_end_bone": false
    },
    "index_02_l": {
      "name": "index_02_l",
      "local": {
        "location": {
          "x": 0.0,
          "y": 0.0,
          "z": 0.0
        },
        "rotation_quaternion": {
          "w": 0.9179365634918213,
          "x": 0.39665037393569946,
          "y": 0.0009597367607057095,
          "z": 0.007758622989058495
        },
        "scale": {
          "x": 1.0,
          "y": 1.0,
          "z": 1.0
        },
        "matrix_basis": [
          [
            0.9998777508735657,
            -0.013482487760484219,
            0.00791687611490488,
            0.0
          ],
          [
            0.015005207620561123,
            0.6852165460586548,
            -0.7281848788261414,
            0.0
          ],
          [
            0.004392966628074646,
            0.728214681148529,
            0.685335099697113,
            0.0
          ],
          [
            0.0,
            0.0,
            0.0,
            1.0
          ]
        ],
        "rotation_mode": "QUATERNION"
      },
      "armature_space": {
        "head": {
          "x": 0.295889288187027,
          "y": -0.7094480395317078,
          "z": 0.4913652539253235
        },
        "tail": {
          "x": 0.2796061933040619,
          "y": -0.7212809920310974,
          "z": 0.47546130418777466
        }
      },
      "world_space": {
        "head": {
          "x": 0.295889288187027,
          "y": -0.6462040543556213,
          "z": 1.4412193298339844
        },
        "tail": {
          "x": 0.2796061933040619,
          "y": -0.658037006855011,
          "z": 1.4253153800964355
        },
        "rotation_quaternion": {
          "w": 0.49751582741737366,
          "x": -0.7466619610786438,
          "y": 0.14780424535274506,
          "z": 0.41608643531799316
        },
        "matrix": [
          [
            0.6100531816482544,
            -0.6347380876541138,
            -0.47428154945373535,
            0.295889288187027
          ],
          [
            0.19329716265201569,
            -0.4612658619880676,
            0.8659505844116211,
            -0.6462040543556213
          ],
          [
            -0.768426775932312,
            -0.6199578046798706,
            -0.15870390832424164,
            1.4412193298339844
          ],
          [
            0.0,
            0.0,
            0.0,
            1.0
          ]
        ]
      },
      "bone_length_armature_space": 0.025653334545292887,
      "parent": "index_01_l",
      "has_children": true,
      "is_end_bone": false
    },
    "index_03_l": {
      "name": "index_03_l",
      "local": {
        "location": {
          "x": 0.0,
          "y": 0.0,
          "z": 0.0
        },
        "rotation_quaternion": {
          "w": 0.9729619026184082,
          "x": 0.2308482527732849,
          "y": 0.00736015010625124,
          "z": 0.00020544342987705022
        },
        "scale": {
          "x": 1.0,
          "y": 1.0,
          "z": 1.0
        },
        "matrix_basis": [
          [
            0.9998915791511536,
            0.002998378360643983,
            0.014417143538594246,
            0.0
          ],
          [
            0.0037979327607899904,
            0.8934180736541748,
            -0.4492100775241852,
            0.0
          ],
          [
            -0.01422743871808052,
            0.4492161273956299,
            0.8933098316192627,
            0.0
          ],
          [
            0.0,
            0.0,
            0.0,
            1.0
          ]
        ],
        "rotation_mode": "QUATERNION"
      },
      "armature_space": {
        "head": {
          "x": 0.2796062231063843,
          "y": -0.721281111240387,
          "z": 0.47546136379241943
        },
        "tail": {
          "x": 0.2587248682975769,
          "y": -0.7187318801879883,
          "z": 0.45518308877944946
        }
      },
      "world_space": {
        "head": {
          "x": 0.2796062231063843,
          "y": -0.6580371260643005,
          "z": 1.4253153800964355
        },
        "tail": {
          "x": 0.2587248682975769,
          "y": -0.6554878950119019,
          "z": 1.4050371646881104
        },
        "rotation_quaternion": {
          "w": 0.6990101337432861,
          "x": -0.6003570556640625,
          "y": 0.2345380336046219,
          "z": 0.3097550868988037
        },
        "matrix": [
          [
            0.6980870962142944,
            -0.7146574258804321,
            -0.044040143489837646,
            0.2796062231063843
          ],
          [
            0.15143385529518127,
            0.08724662661552429,
            0.9846096038818359,
            -0.6580371260643005
          ],
          [
            -0.6998209357261658,
            -0.6940169930458069,
            0.16913118958473206,
            1.4253153800964355
          ],
          [
            0.0,
            0.0,
            0.0,
            1.0
          ]
        ]
      },
      "bone_length_armature_space": 0.029218794899450153,
      "parent": "index_02_l",
      "has_children": false,
      "is_end_bone": true
    },
    "metacarpal_pinky_l": {
      "name": "metacarpal_pinky_l",
      "local": {
        "location": {
          "x": 0.0,
          "y": 0.0,
          "z": 0.0
        },
        "rotation_quaternion": {
          "w": 0.9981718063354492,
          "x": -0.05907750129699707,
          "y": -0.0063363974913954735,
          "z": 0.011084960773587227
        },
        "scale": {
          "x": 1.0,
          "y": 1.0,
          "z": 1.0
        },
        "matrix_basis": [
          [
            0.9996739625930786,
            -0.02138071320950985,
            -0.0139593705534935,
            0.0
          ],
          [
            0.022878067567944527,
            0.9927739500999451,
            0.11779851466417313,
            0.0
          ],
          [
            0.01133988332003355,
            -0.11807946860790253,
            0.9929394125938416,
            0.0
          ],
          [
            0.0,
            0.0,
            0.0,
            1.0
          ]
        ],
        "rotation_mode": "QUATERNION"
      },
      "armature_space": {
        "head": {
          "x": 0.31961044669151306,
          "y": -0.5682234764099121,
          "z": 0.4853772819042206
        },
        "tail": {
          "x": 0.367263525724411,
          "y": -0.660236656665802,
          "z": 0.4750826060771942
        }
      },
      "world_space": {
        "head": {
          "x": 0.31961044669151306,
          "y": -0.5049794912338257,
          "z": 1.435231328010559
        },
        "tail": {
          "x": 0.367263525724411,
          "y": -0.5969926714897156,
          "z": 1.4249366521835327
        },
        "rotation_quaternion": {
          "w": 0.23642033338546753,
          "x": -0.0126632796600461,
          "y": 0.047854017466306686,
          "z": -0.9703892469406128
        },
        "matrix": [
          [
            -0.8878903985023499,
            0.45762738585472107,
            0.047204069793224335,
            0.31961044669151306
          ],
          [
            -0.460051566362381,
            -0.8836310505867004,
            -0.08688578009605408,
            -0.5049794912338257
          ],
          [
            0.0019494863227009773,
            -0.09886288642883301,
            0.9951063394546509,
            1.435231328010559
          ],
          [
            0.0,
            0.0,
            0.0,
            1.0
          ]
        ]
      },
      "bone_length_armature_space": 0.10413079080151895,
      "parent": "lowerarm_l",
      "has_children": true,
      "is_end_bone": false
    },
    "pinky_01_l": {
      "name": "pinky_01_l",
      "local": {
        "location": {
          "x": 0.0,
          "y": 0.0,
          "z": 0.0
        },
        "rotation_quaternion": {
          "w": 0.9417645931243896,
          "x": 0.33580416440963745,
          "y": 0.009779753163456917,
          "z": 0.014812598004937172
        },
        "scale": {
          "x": 1.0,
          "y": 1.0,
          "z": 1.0
        },
        "matrix_basis": [
          [
            0.9993698596954346,
            -0.021331796422600746,
            0.028368715196847916,
            0.0
          ],
          [
            0.03446812555193901,
            0.7740322947502136,
            -0.6322072148323059,
            0.0
          ],
          [
            -0.008472186513245106,
            0.6327866911888123,
            0.7742798328399658,
            0.0
          ],
          [
            0.0,
            0.0,
            0.0,
            1.0
          ]
        ],
        "rotation_mode": "QUATERNION"
      },
      "armature_space": {
        "head": {
          "x": 0.367263525724411,
          "y": -0.660236656665802,
          "z": 0.4750826060771942
        },
        "tail": {
