{
  "metadata": {
    "armature_name": "KIM_caucasian_male",
    "export_time": "2026-01-13T21:04:23.235109",
    "blender_version": "4.4.1",
    "bone_count": 56,
    "end_bone_count": 13,
    "spaces_included": [
      "LOCAL_CHANNELS",
      "ARMATURE_SPACE",
      "WORLD_SPACE"
    ],
    "note": "LOCAL matches Transform panel; replay pose via local.matrix_basis for best fidelity."
  },
  "bones": {
    "Root": {
      "name": "Root",
      "local": {
        "location": {
          "x": 0.0,
          "y": 0.0,
          "z": 0.0
        },
        "rotation_quaternion": {
          "w": 0.9996535778045654,
          "x": 0.0006631338037550449,
          "y": -0.0008355850004591048,
          "z": 0.02630016952753067
        },
        "scale": {
          "x": 1.0,
          "y": 1.0,
          "z": 1.0
        },
        "matrix_basis": [
          [
            0.9986152052879333,
            -0.052583225071430206,
            -0.001635710010305047,
            0.0
          ],
          [
            0.05258100852370262,
            0.9986157417297363,
            -0.001369760255329311,
            0.0
          ],
          [
            0.0017054721247404814,
            0.0012818560935556889,
            0.9999977350234985,
            0.0
          ],
          [
            0.0,
            0.0,
            0.0,
            1.0
          ]
        ],
        "rotation_mode": "QUATERNION"
      },
      "armature_space": {
        "head": {
          "x": 0.0,
          "y": 0.07072800397872925,
          "z": -0.009595036506652832
        },
        "tail": {
          "x": -0.0037531733978539705,
          "y": 8.560717105865479e-05,
          "z": -0.00010394677519798279
        }
      },
      "world_space": {
        "head": {
          "x": 0.0,
          "y": 0.13397200405597687,
          "z": 0.9402589797973633
        },
        "tail": {
          "x": -0.0037531733978539705,
          "y": 0.06332960724830627,
          "z": 0.9497500658035278
        },
        "rotation_quaternion": {
          "w": 0.06668269634246826,
          "x": 0.9974272847175598,
          "y": -0.026296719908714294,
          "z": 0.0009381003328599036
        },
        "matrix": [
          [
            0.9986152052879333,
            -0.052583225071430206,
            -0.001635710010305047,
            0.0
          ],
          [
            -0.052333004772663116,
            -0.989723801612854,
            -0.13307206332683563,
            0.13397200405597687
          ],
          [
            0.00537844467908144,
            0.13297337293624878,
            -0.9911120533943176,
            0.9402589797973633
          ],
          [
            0.0,
            0.0,
            0.0,
            1.0
          ]
        ]
      },
      "bone_length_armature_space": 0.071375872838031,
      "parent": null,
      "has_children": true,
      "is_end_bone": false
    },
    "spine_01": {
      "name": "spine_01",
      "local": {
        "location": {
          "x": 0.0,
          "y": 0.0,
          "z": 0.0
        },
        "rotation_quaternion": {
          "w": 0.9968274831771851,
          "x": 0.03283132240176201,
          "y": -0.013161188922822475,
          "z": -0.07130230963230133
        },
        "scale": {
          "x": 1.0,
          "y": 1.0,
          "z": 1.0
        },
        "matrix_basis": [
          [
            0.989485502243042,
            0.14128801226615906,
            -0.030920768156647682,
            0.0
          ],
          [
            -0.14301639795303345,
            0.9876761436462402,
            -0.06357748061418533,
            0.0
          ],
          [
            0.021556971594691277,
            0.06733117252588272,
            0.9974977970123291,
            0.0
          ],
          [
            0.0,
            0.0,
            0.0,
            1.0
          ]
        ],
        "rotation_mode": "QUATERNION"
      },
      "armature_space": {
        "head": {
          "x": -0.0037531733978539705,
          "y": 8.560717105865479e-05,
          "z": -0.00010394677519798279
        },
        "tail": {
          "x": 0.061930086463689804,
          "y": -0.01437509898096323,
          "z": 0.48324379324913025
        }
      },
      "world_space": {
        "head": {
          "x": -0.0037531733978539705,
          "y": 0.06332960724830627,
          "z": 0.9497500658035278
        },
        "tail": {
          "x": 0.061930086463689804,
          "y": 0.048868902027606964,
          "z": 1.4330978393554688
        },
        "rotation_quaternion": {
          "w": 0.6962864398956299,
          "x": 0.7133660316467285,
          "y": 0.019205350428819656,
          "z": -0.07697667926549911
        },
        "matrix": [
          [
            0.9874114990234375,
            0.13459651172161102,
            -0.08307929337024689,
            -0.0037531733978539705
          ],
          [
            -0.07979382574558258,
            -0.02963251993060112,
            -0.9963709115982056,
            0.06332960724830627
          ],
          [
            -0.13657090067863464,
            0.9904642105102539,
            -0.01852056384086609,
            0.9497500658035278
          ],
          [
            0.0,
            0.0,
            0.0,
            1.0
          ]
        ]
      },
      "bone_length_armature_space": 0.48800455152535843,
      "parent": "Root",
      "has_children": true,
      "is_end_bone": false
    },
    "neck_01": {
      "name": "neck_01",
      "local": {
        "location": {
          "x": 0.0,
          "y": 0.0,
          "z": 0.0
        },
        "rotation_quaternion": {
          "w": 0.9915252327919006,
          "x": 0.051389340311288834,
          "y": -0.0031463017221540213,
          "z": -0.11927729845046997
        },
        "scale": {
          "x": 1.0,
          "y": 1.0,
          "z": 1.0
        },
        "matrix_basis": [
          [
            0.971526026725769,
            0.23620952665805817,
            -0.018498439341783524,
            0.0
          ],
          [
            -0.23685628175735474,
            0.9662641286849976,
            -0.10115709155797958,
            0.0
          ],
          [
            -0.006019888445734978,
            0.1026582196354866,
            0.9946984648704529,
            0.0
          ],
          [
            0.0,
            0.0,
            0.0,
            1.0
          ]
        ],
        "rotation_mode": "QUATERNION"
      },
      "armature_space": {
        "head": {
          "x": 0.06890381127595901,
          "y": -0.05109933018684387,
          "z": 0.5551217794418335
        },
        "tail": {
          "x": 0.10065217316150665,
          "y": -0.10286322981119156,
          "z": 0.637724757194519
        }
      },
      "world_space": {
        "head": {
          "x": 0.06890381127595901,
          "y": 0.012144669890403748,
          "z": 1.5049757957458496
        },
        "tail": {
          "x": 0.10065217316150665,
          "y": -0.03961922973394394,
          "z": 1.5875787734985352
        },
        "rotation_quaternion": {
          "w": 0.4879608154296875,
          "x": 0.8548780679702759,
          "y": 0.09715953469276428,
          "z": -0.14709830284118652
        },
        "matrix": [
          [
            0.9378442764282227,
            0.3096756339073181,
            -0.1566808521747589,
            0.06890381127595901
          ],
          [
            0.022563889622688293,
            -0.504908561706543,
            -0.8628780841827393,
            0.012144669890403748
          ],
          [
            -0.3463241457939148,
            0.805715024471283,
            -0.48051726818084717,
            1.5049757957458496
          ],
          [
            0.0,
            0.0,
            0.0,
            1.0
          ]
        ]
      },
      "bone_length_armature_space": 0.10252176150186959,
      "parent": "spine_01",
      "has_children": true,
      "is_end_bone": false
    },
    "head": {
      "name": "head",
      "local": {
        "location": {
          "x": 0.0,
          "y": 0.0,
          "z": 0.0
        },
        "rotation_quaternion": {
          "w": 0.9842092990875244,
          "x": 0.005812762305140495,
          "y": -0.09084232896566391,
          "z": 0.1518089771270752
        },
        "scale": {
          "x": 1.0,
          "y": 1.0,
          "z": 1.0
        },
        "matrix_basis": [
          [
            0.9374034404754639,
            -0.29987969994544983,
            -0.1770508736371994,
            0.0
          ],
          [
            0.2977675199508667,
            0.9538404941558838,
            -0.03902330994606018,
            0.0
          ],
          [
            0.18058058619499207,
            -0.01613941229879856,
            0.9834277629852295,
            0.0
          ],
          [
            0.0,
            0.0,
            0.0,
            1.0
          ]
        ],
        "rotation_mode": "QUATERNION"
      },
      "armature_space": {
        "head": {
          "x": 0.10065212845802307,
          "y": -0.10286332666873932,
          "z": 0.6377246379852295
        },
        "tail": {
          "x": 0.10812592506408691,
          "y": -0.12479718774557114,
          "z": 0.7910750508308411
        }
      },
      "world_space": {
        "head": {
          "x": 0.10065212845802307,
          "y": -0.0396193265914917,
          "z": 1.5875786542892456
        },
        "tail": {
          "x": 0.10812592506408691,
          "y": -0.06155318766832352,
          "z": 1.740929126739502
        },
        "rotation_quaternion": {
          "w": 0.6530448198318481,
          "x": 0.7490984201431274,
          "y": -0.05309490114450455,
          "z": -0.09780081361532211
        },
        "matrix": [
          [
            0.975231945514679,
            0.048189982771873474,
            -0.21587112545967102,
            0.10065212845802307
          ],
          [
            -0.2072829008102417,
            -0.1414264589548111,
            -0.9680045247077942,
            -0.0396193265914917
          ],
          [
            -0.07717868685722351,
            0.9887819886207581,
            -0.127936452627182,
            1.5875786542892456
          ],
          [
            0.0,
            0.0,
            0.0,
            1.0
          ]
        ]
      },
      "bone_length_armature_space": 0.15509126794567196,
      "parent": "neck_01",
      "has_children": false,
      "is_end_bone": true
    },
    "upperarm_l": {
      "name": "upperarm_l",
      "local": {
        "location": {
          "x": 0.0,
          "y": 0.0,
          "z": 0.0
        },
        "rotation_quaternion": {
          "w": 0.9684342741966248,
          "x": -0.1421114057302475,
          "y": 0.1561659574508667,
          "z": 0.1324828714132309
        },
        "scale": {
          "x": 1.0,
          "y": 1.0,
          "z": 1.0
        },
        "matrix_basis": [
          [
            0.9161209464073181,
            -0.3009878396987915,
            0.2648182809352875,
            0.0
          ],
          [
            0.21221597492694855,
            0.9245052933692932,
            0.3166297376155853,
            0.0
          ],
          [
            -0.3401275873184204,
            -0.23387248814105988,
            0.9108330607414246,
            0.0
          ],
          [
            0.0,
            0.0,
            0.0,
            1.0
          ]
        ],
        "rotation_mode": "QUATERNION"
      },
      "armature_space": {
        "head": {
          "x": 0.20770466327667236,
          "y": -0.06425441801548004,
          "z": 0.46801018714904785
        },
        "tail": {
          "x": 0.46768632531166077,
          "y": -0.016112186014652252,
          "z": 0.5115934610366821
        }
      },
      "world_space": {
        "head": {
          "x": 0.20770466327667236,
          "y": -0.0010104179382324219,
          "z": 1.417864203453064
        },
        "tail": {
          "x": 0.46768632531166077,
          "y": 0.04713181406259537,
          "z": 1.4614474773406982
        },
        "rotation_quaternion": {
          "w": 0.47651663422584534,
          "x": 0.5610470175743103,
          "y": 0.6022968888282776,
          "z": -0.30886366963386536
        },
        "matrix": [
          [
            0.08368542790412903,
            0.970191478729248,
            0.22743162512779236,
            0.20770466327667236
          ],
          [
            0.3814752697944641,
            0.17965568602085114,
            -0.9067528247833252,
            -0.0010104179382324219
          ],
          [
            -0.92058926820755,
            0.16264282166957855,
            -0.3550727963447571,
            1.417864203453064
          ],
          [
            0.0,
            0.0,
            0.0,
            1.0
          ]
        ]
      },
      "bone_length_armature_space": 0.26796948308399565,
      "parent": "spine_01",
      "has_children": true,
      "is_end_bone": false
    },
    "lowerarm_l": {
      "name": "lowerarm_l",
      "local": {
        "location": {
          "x": 0.0,
          "y": 0.0,
          "z": 0.0
        },
        "rotation_quaternion": {
          "w": 0.8843474388122559,
          "x": 0.35003310441970825,
          "y": -0.24351149797439575,
          "z": 0.19002264738082886
        },
        "scale": {
          "x": 1.0,
          "y": 1.0,
          "z": 1.0
        },
        "matrix_basis": [
          [
            0.809187114238739,
            -0.5065662264823914,
            -0.29766911268234253,
            0.0
          ],
          [
            0.1656179130077362,
            0.6827364563941956,
            -0.7116471529006958,
            0.0
          ],
          [
            0.5637259483337402,
            0.5265563726425171,
            0.6363579630851746,
            0.0
          ],
          [
            0.0,
            0.0,
            0.0,
            1.0
          ]
        ],
        "rotation_mode": "QUATERNION"
      },
      "armature_space": {
        "head": {
          "x": 0.46768641471862793,
          "y": -0.01611226052045822,
          "z": 0.5115935802459717
        },
        "tail": {
          "x": 0.6370996236801147,
          "y": -0.17840680480003357,
          "z": 0.6401593685150146
        }
      },
      "world_space": {
        "head": {
          "x": 0.46768641471862793,
          "y": 0.0471317395567894,
          "z": 1.4614475965499878
        },
        "tail": {
          "x": 0.6370996236801147,
          "y": -0.11516280472278595,
          "z": 1.5900133848190308
        },
        "rotation_quaternion": {
          "w": 0.4299972355365753,
          "x": 0.7000587582588196,
          "y": 0.10852017253637314,
          "z": -0.5596817135810852
        },
        "matrix": [
          [
            0.3499605655670166,
            0.633262574672699,
            -0.6902939677238464,
            0.46768641471862793
          ],
          [
            -0.32938122749328613,
            -0.6066530346870422,
            -0.723519504070282,
            0.0471317395567894
          ],
          [
            -0.8769531846046448,
            0.4805758595466614,
            -0.003720492124557495,
            1.4614475965499878
          ],
          [
            0.0,
            0.0,
            0.0,
            1.0
          ]
        ]
      },
      "bone_length_armature_space": 0.2675247904952719,
      "parent": "upperarm_l",
      "has_children": true,
      "is_end_bone": false
    },
    "metacarpal_thumb_l": {
      "name": "metacarpal_thumb_l",
      "local": {
        "location": {
          "x": 0.0,
          "y": 0.0,
          "z": 0.0
        },
        "rotation_quaternion": {
          "w": 0.9992178678512573,
          "x": -0.034501928836107254,
          "y": 0.01672031357884407,
          "z": -0.009681956842541695
        },
        "scale": {
          "x": 1.0,
          "y": 1.0,
          "z": 1.0
        },
        "matrix_basis": [
          [
            0.9992533922195435,
            0.018195003271102905,
            0.0340825654566288,
            0.0
          ],
          [
            -0.02050253376364708,
            0.997431755065918,
            0.06862611323595047,
            0.0
          ],
          [
            -0.03274637833237648,
            -0.06927365809679031,
            0.9970601201057434,
            0.0
          ],
          [
            0.0,
            0.0,
            0.0,
            1.0
          ]
        ],
        "rotation_mode": "QUATERNION"
      },
      "armature_space": {
        "head": {
          "x": 0.6370996236801147,
          "y": -0.17840680480003357,
          "z": 0.6401593685150146
        },
        "tail": {
          "x": 0.6448224782943726,
          "y": -0.22524087131023407,
          "z": 0.6543196439743042
        }
      },
      "world_space": {
        "head": {
          "x": 0.6370996236801147,
          "y": -0.11516280472278595,
          "z": 1.5900133848190308
        },
        "tail": {
          "x": 0.6448224782943726,
          "y": -0.16199687123298645,
          "z": 1.6041736602783203
        },
        "rotation_quaternion": {
          "w": 0.1320708841085434,
          "x": 0.9760582447052002,
          "y": 0.09903214871883392,
          "z": 0.14163433015346527
        },
        "matrix": [
          [
            0.9402644634246826,
            0.1559106707572937,
            0.3026452660560608,
            0.6370996236801147
          ],
          [
            0.23073403537273407,
            -0.9454997181892395,
            -0.22976529598236084,
            -0.11516280472278595
          ],
          [
            0.2503301203250885,
            0.2858717143535614,
            -0.9250005483627319,
            1.5900133848190308
          ],
          [
            0.0,
            0.0,
            0.0,
            1.0
          ]
        ]
      },
      "bone_length_armature_space": 0.049533681718680195,
      "parent": "lowerarm_l",
      "has_children": true,
      "is_end_bone": false
    },
    "thumb_01_l": {
      "name": "thumb_01_l",
      "local": {
        "location": {
          "x": 0.0,
          "y": 0.0,
          "z": 0.0
        },
        "rotation_quaternion": {
          "w": 0.9586149454116821,
          "x": 0.28434476256370544,
          "y": -0.013303709216415882,
          "z": -0.005351531784981489
        },
        "scale": {
          "x": 1.0,
          "y": 1.0,
          "z": 1.0
        },
        "matrix_basis": [
          [
            0.9995887279510498,
            0.0026944365818053484,
            -0.02854962833225727,
            0.0
          ],
          [
            -0.017825797200202942,
            0.8382388353347778,
            -0.5450118780136108,
            0.0
          ],
          [
            0.022462908178567886,
            0.5452966690063477,
            0.8379421234130859,
            0.0
          ],
          [
            0.0,
            0.0,
            0.0,
            1.0
          ]
        ],
        "rotation_mode": "QUATERNION"
      },
      "armature_space": {
        "head": {
          "x": 0.6448224782943726,
          "y": -0.22524087131023407,
          "z": 0.6543196439743042
        },
        "tail": {
          "x": 0.6689629554748535,
          "y": -0.24634696543216705,
          "z": 0.6429005265235901
        }
      },
      "world_space": {
        "head": {
          "x": 0.6448224782943726,
          "y": -0.16199687123298645,
          "z": 1.6041736602783203
        },
        "tail": {
          "x": 0.6689629554748535,
          "y": -0.18310296535491943,
          "z": 1.592754602432251
        },
        "rotation_quaternion": {
          "w": 0.42814236879348755,
          "x": -0.5303887128829956,
          "y": -0.08161497116088867,
          "z": -0.7271320223808289
        },
        "matrix": [
          [
            -0.07076230645179749,
            0.7092095017433167,
            0.7014373540878296,
            0.6448224782943726
          ],
          [
            -0.5360563397407532,
            -0.6200640201568604,
            0.5728561878204346,
            -0.16199687123298645
          ],
          [
            0.8412162661552429,
            -0.33547648787498474,
            0.4240570068359375,
            1.6041736602783203
          ],
          [
            0.0,
            0.0,
            0.0,
            1.0
          ]
        ]
      },
      "bone_length_armature_space": 0.03403859735399374,
      "parent": "metacarpal_thumb_l",
      "has_children": true,
      "is_end_bone": false
    },
    "thumb_02_l": {
      "name": "thumb_02_l",
      "local": {
        "location": {
          "x": 0.0,
          "y": 0.0,
          "z": 0.0
        },
        "rotation_quaternion": {
          "w": 0.8869929313659668,
          "x": 0.4617425799369812,
          "y": 0.005559025332331657,
          "z": 0.0025648754090070724
        },
        "scale": {
          "x": 1.0,
          "y": 1.0,
          "z": 1.0
        },
        "matrix_basis": [
          [
            0.9999250173568726,
            0.0005836247000843287,
            0.01223025657236576,
            0.0
          ],
          [
            0.009683730080723763,
            0.573574423789978,
            -0.8190962672233582,
            0.0
          ],
          [
            -0.007493007928133011,
            0.8191533088684082,
            0.5735257863998413,
            0.0
          ],
          [
            0.0,
            0.0,
            0.0,
            1.0
          ]
        ],
        "rotation_mode": "QUATERNION"
      },
      "armature_space": {
        "head": {
          "x": 0.6689628958702087,
          "y": -0.24634696543216705,
          "z": 0.6429004669189453
        },
        "tail": {
          "x": 0.6744681596755981,
          "y": -0.2324301302433014,
          "z": 0.6801726222038269
        }
      },
      "world_space": {
        "head": {
          "x": 0.6689628958702087,
          "y": -0.18310296535491943,
          "z": 1.5927544832229614
        },
        "tail": {
          "x": 0.6744681596755981,
          "y": -0.16918613016605377,
          "z": 1.6300265789031982
        },
        "rotation_quaternion": {
          "w": 0.4036775529384613,
          "x": 0.20548994839191437,
          "y": -0.7143473029136658,
          "z": -0.5334099531173706
        },
        "matrix": [
          [
            -0.5896376967430115,
            0.13706785440444946,
            -0.7959519624710083,
            0.6689628958702087
          ],
          [
            -0.72423255443573,
            0.3464966118335724,
            0.5961772203445435,
            -0.18310296535491943
          ],
          [
            0.3575129806995392,
            0.9279898405075073,
            -0.10503837466239929,
            1.5927544832229614
          ],
          [
            0.0,
            0.0,
            0.0,
            1.0
          ]
        ]
      },
      "bone_length_armature_space": 0.04016465911486346,
      "parent": "thumb_01_l",
      "has_children": true,
      "is_end_bone": false
    },
    "thumb_03_l": {
      "name": "thumb_03_l",
      "local": {
        "location": {
          "x": 0.0,
          "y": 0.0,
          "z": 0.0
        },
        "rotation_quaternion": {
          "w": 0.9926669597625732,
          "x": 0.12072218954563141,
          "y": 0.003983213100582361,
          "z": -0.00476946821436286
        },
        "scale": {
          "x": 1.0,
          "y": 1.0,
          "z": 1.0
        },
        "matrix_basis": [
          [
            0.9999227523803711,
            0.010430711321532726,
            0.006756446789950132,
            0.0
          ],
          [
            -0.008507262915372849,
            0.9708068370819092,
            -0.23971185088157654,
            0.0
          ],
          [
            -0.009059569798409939,
            0.23963585495948792,
            0.9708205461502075,
            0.0
          ],
          [
            0.0,
            0.0,
            0.0,
            1.0
          ]
        ],
        "rotation_mode": "QUATERNION"
      },
      "armature_space": {
        "head": {
          "x": 0.6744681596755981,
          "y": -0.23243023455142975,
          "z": 0.6801726222038269
        },
        "tail": {
          "x": 0.6675865054130554,
          "y": -0.21333694458007812,
          "z": 0.7028659582138062
        }
      },
      "world_space": {
        "head": {
          "x": 0.6744681596755981,
          "y": -0.16918623447418213,
          "z": 1.6300265789031982
        },
        "tail": {
          "x": 0.6675865054130554,
          "y": -0.1500929445028305,
          "z": 1.6527199745178223
        },
        "rotation_quaternion": {
          "w": 0.520534873008728,
          "x": 0.3407824635505676,
          "y": -0.7366239428520203,
          "z": -0.26513364911079407
        },
        "matrix": [
          [
            -0.22582140564918518,
            -0.22603708505630493,
            -0.9475820064544678,
            0.6744681596755981
          ],
          [
            -0.7780798077583313,
            0.6271427869796753,
            0.03582763671875,
            -0.16918623447418213
          ],
          [
            0.5861740112304688,
            0.7453911900520325,
            -0.3174992799758911,
            1.6300265789031982
          ],
          [
            0.0,
            0.0,
            0.0,
            1.0
          ]
        ]
      },
      "bone_length_armature_space": 0.030445006329417643,
      "parent": "thumb_02_l",
      "has_children": false,
      "is_end_bone": true
    },
    "metacarpal_index_l": {
      "name": "metacarpal_index_l",
      "local": {
        "location": {
          "x": 0.0,
          "y": 0.0,
          "z": 0.0
        },
        "rotation_quaternion": {
          "w": 0.9978053569793701,
          "x": -0.06454688310623169,
          "y": -0.00952872447669506,
          "z": -0.01129165943711996
        },
        "scale": {
          "x": 1.0,
          "y": 1.0,
          "z": 1.0
        },
        "matrix_basis": [
          [
            0.9995633959770203,
            0.023763855919241905,
            -0.017557941377162933,
            0.0
          ],
          [
            -0.021303657442331314,
            0.9914124011993408,
            0.1290256381034851,
            0.0
          ],
          [
            0.020473306998610497,
            -0.1285952627658844,
            0.9914858341217041,
            0.0
          ],
          [
            0.0,
            0.0,
            0.0,
            1.0
          ]
        ],
        "rotation_mode": "QUATERNION"
      },
      "armature_space": {
        "head": {
          "x": 0.6370996236801147,
          "y": -0.17840680480003357,
          "z": 0.6401593685150146
        },
        "tail": {
          "x": 0.6905633211135864,
          "y": -0.26437023282051086,
          "z": 0.6991608142852783
        }
      },
      "world_space": {
        "head": {
          "x": 0.6370996236801147,
          "y": -0.11516280472278595,
          "z": 1.5900133848190308
        },
        "tail": {
          "x": 0.6905633211135864,
          "y": -0.20112623274326324,
          "z": 1.6490148305892944
        },
        "rotation_quaternion": {
          "w": 0.31044885516166687,
          "x": 0.9155331254005432,
          "y": 0.19181932508945465,
          "z": -0.16919219493865967
        },
        "matrix": [
          [
            0.8691585659980774,
            0.45628514885902405,
            -0.19070088863372803,
            0.6370996236801147
          ],
          [
            0.2461836040019989,
            -0.7336533665657043,
            -0.6333615779876709,
            -0.11516280472278595
          ],
          [
            -0.42890462279319763,
            0.5035468339920044,
            -0.7499969005584717,
            1.5900133848190308
          ],
          [
            0.0,
            0.0,
            0.0,
            1.0
          ]
        ]
      },
      "bone_length_armature_space": 0.1171718755876053,
      "parent": "lowerarm_l",
      "has_children": true,
      "is_end_bone": false
    },
    "index_01_l": {
      "name": "index_01_l",
      "local": {
        "location": {
          "x": 0.0,
          "y": 0.0,
          "z": 0.0
        },
        "rotation_quaternion": {
          "w": 0.9406580328941345,
          "x": 0.33869194984436035,
          "y": -0.016725219786167145,
          "z": 0.013060417026281357
        },
        "scale": {
          "x": 1.0,
          "y": 1.0,
          "z": 1.0
        },
        "matrix_basis": [
          [
            0.9990993738174438,
            -0.03590016812086105,
            -0.022618507966399193,
            0.0
          ],
          [
            0.013241377659142017,
            0.7702344059944153,
            -0.6376234889030457,
            0.0
          ],
          [
            0.04031234234571457,
            0.6367497444152832,
            0.770016074180603,
            0.0
          ],
          [
            0.0,
            0.0,
            0.0,
            1.0
          ]
        ],
        "rotation_mode": "QUATERNION"
      },
      "armature_space": {
        "head": {
          "x": 0.6905633211135864,
          "y": -0.26437023282051086,
          "z": 0.6991608142852783
        },
        "tail": {
          "x": 0.7047887444496155,
          "y": -0.2888985574245453,
          "z": 0.696149468421936
        }
      },
      "world_space": {
        "head": {
          "x": 0.6905633211135864,
          "y": -0.20112623274326324,
          "z": 1.6490148305892944
        },
        "tail": {
          "x": 0.7047887444496155,
          "y": -0.22565455734729767,
          "z": 1.6460034847259521
        },
        "rotation_quaternion": {
          "w": 0.03280496597290039,
          "x": 0.9114363193511963,
          "y": 0.2623336613178253,
          "z": -0.31525999307632446
        },
        "matrix": [
          [
            0.6635839343070984,
            0.4988858103752136,
            -0.5574665665626526,
            0.6905633211135864
          ],
          [
            0.45751675963401794,
            -0.860209584236145,
            -0.22520747780799866,
            -0.20112623274326324
          ],
          [
            -0.5918945074081421,
            -0.10560798645019531,
            -0.7990756034851074,
            1.6490148305892944
          ],
          [
            0.0,
            0.0,
            0.0,
            1.0
          ]
        ]
      },
      "bone_length_armature_space": 0.028514374757513238,
      "parent": "metacarpal_index_l",
      "has_children": true,
      "is_end_bone": false
    },
    "index_02_l": {
      "name": "index_02_l",
      "local": {
        "location": {
          "x": 0.0,
          "y": 0.0,
          "z": 0.0
        },
        "rotation_quaternion": {
          "w": 0.8827318549156189,
          "x": 0.46984773874282837,
          "y": -0.004605717025697231,
          "z": -0.002540596527978778
        },
        "scale": {
          "x": 1.0,
          "y": 1.0,
          "z": 1.0
        },
        "matrix_basis": [
          [
            0.9999446868896484,
            0.00015735950728412718,
            -0.010518613271415234,
            0.0
          ],
          [
            -0.008813302032649517,
            0.5584732890129089,
            -0.8294757008552551,
            0.0
          ],
          [
            0.0057438393123447895,
            0.8295225501060486,
            0.5584437847137451,
            0.0
          ],
          [
            0.0,
            0.0,
            0.0,
            1.0
          ]
        ],
        "rotation_mode": "QUATERNION"
      },
      "armature_space": {
        "head": {
          "x": 0.7047885656356812,
          "y": -0.2888990640640259,
          "z": 0.6961493492126465
        },
        "tail": {
          "x": 0.7001441717147827,
          "y": -0.30697160959243774,
          "z": 0.6785451769828796
        }
      },
      "world_space": {
        "head": {
          "x": 0.7047885656356812,
          "y": -0.22565506398677826,
          "z": 1.6460033655166626
        },
        "tail": {
          "x": 0.7001441717147827,
          "y": -0.24372760951519012,
          "z": 1.628399133682251
        },
        "rotation_quaternion": {
          "w": 0.37384453415870667,
          "x": -0.8133646845817566,
          "y": -0.08941184729337692,
          "z": 0.43667352199554443
        },
        "matrix": [
          [
            0.6026445031166077,
            -0.1810455620288849,
            -0.777201235294342,
            0.7047885656356812
          ],
          [
            0.47194400429725647,
            -0.7044931054115295,
            0.5300555229187012,
            -0.22565506398677826
          ],
          [
            -0.6435009837150574,
            -0.6862361431121826,
            -0.33911728858947754,
            1.6460033655166626
          ],
          [
            0.0,
            0.0,
            0.0,
            1.0
          ]
        ]
      },
      "bone_length_armature_space": 0.025653345961244613,
      "parent": "index_01_l",
      "has_children": true,
      "is_end_bone": false
    },
    "index_03_l": {
      "name": "index_03_l",
      "local": {
        "location": {
          "x": 0.0,
          "y": 0.0,
          "z": 0.0
        },
        "rotation_quaternion": {
          "w": 0.9390355348587036,
          "x": 0.34373608231544495,
          "y": -0.0070191556587815285,
          "z": 0.0029338872991502285
        },
        "scale": {
          "x": 1.0,
          "y": 1.0,
          "z": 1.0
        },
        "matrix_basis": [
          [
            0.9998842477798462,
            -0.010335522703826427,
            -0.011165507137775421,
            0.0
          ],
          [
            0.0006845747120678425,
            0.7636737823486328,
            -0.6456019878387451,
            0.0
          ],
          [
            0.01519943866878748,
            0.6455196142196655,
            0.7635924816131592,
            0.0
          ],
          [
            0.0,
            0.0,
            0.0,
            1.0
          ]
        ],
        "rotation_mode": "QUATERNION"
      },
      "armature_space": {
        "head": {
          "x": 0.7001442909240723,
          "y": -0.3069716989994049,
          "z": 0.6785452365875244
        },
        "tail": {
          "x": 0.6821510195732117,
          "y": -0.3089352250099182,
          "z": 0.6556077599525452
        }
      },
      "world_space": {
        "head": {
          "x": 0.7001442909240723,
          "y": -0.2437276989221573,
          "z": 1.6283992528915405
        },
        "tail": {
          "x": 0.6821510195732117,
          "y": -0.2456912249326706,
          "z": 1.605461835861206
        },
        "rotation_quaternion": {
          "w": 0.6811850070953369,
          "x": -0.6055244207382202,
          "y": 0.048859965056180954,
          "z": 0.4085829257965088
        },
        "matrix": [
          [
            0.6613430976867676,
            -0.615813136100769,
            -0.428251177072525,
            0.7001442909240723
          ],
          [
            0.49747225642204285,
            -0.0672009289264679,
            0.8648734092712402,
            -0.2437276989221573
          ],
          [
            -0.5613824129104614,
            -0.7850267887115479,
            0.26190996170043945,
            1.6283992528915405
          ],
          [
            0.0,
            0.0,
            0.0,
            1.0
          ]
        ]
      },
      "bone_length_armature_space": 0.0292188478153763,
      "parent": "index_02_l",
      "has_children": false,
      "is_end_bone": true
    },
    "metacarpal_pinky_l": {
      "name": "metacarpal_pinky_l",
      "local": {
        "location": {
          "x": 0.0,
          "y": 0.0,
          "z": 0.0
        },
        "rotation_quaternion": {
          "w": 0.9983384013175964,
          "x": -0.05745793879032135,
          "y": 0.0012083069887012243,
          "z": 0.004217479843646288
        },
        "scale": {
          "x": 1.0,
          "y": 1.0,
          "z": 1.0
        },
        "matrix_basis": [
          [
            0.9999614953994751,
            -0.008559797890484333,
            0.001927943085320294,
            0.0
          ],
          [
            0.008282090537250042,
            0.9933615922927856,
            0.11473512649536133,
            0.0
          ],
          [
            -0.0028972539585083723,
            -0.11471474170684814,
            0.9933942556381226,
            0.0
          ],
          [
            0.0,
            0.0,
            0.0,
            1.0
          ]
        ],
        "rotation_mode": "QUATERNION"
      },
      "armature_space": {
        "head": {
          "x": 0.6370996236801147,
          "y": -0.17840680480003357,
          "z": 0.6401593685150146
        },
        "tail": {
          "x": 0.7271727323532104,
          "y": -0.21578648686408997,
          "z": 0.6766671538352966
        }
      },
      "world_space": {
        "head": {
          "x": 0.6370996236801147,
          "y": -0.11516280472278595,
          "z": 1.5900133848190308
        },
        "tail": {
          "x": 0.7271727323532104,
          "y": -0.15254248678684235,
          "z": 1.626521110534668
        },
        "rotation_quaternion": {
          "w": 0.5534012317657471,
          "x": 0.14151450991630554,
          "y": -0.11942640691995621,
          "z": -0.8120703101158142
        },
        "matrix": [
          [
            -0.3474409282207489,
            0.865000307559967,
            -0.36202067136764526,
            0.6370996236801147
          ],
          [
            -0.9326028227806091,
            -0.35896870493888855,
            0.03733549267053604,
            -0.11516280472278595
          ],
          [
            -0.09766039252281189,
            0.3505953550338745,
            0.9314286112785339,
            1.5900133848190308
          ],
          [
            0.0,
            0.0,
            0.0,
            1.0
          ]
        ]
      },
      "bone_length_armature_space": 0.1041308001645351,
      "parent": "lowerarm_l",
      "has_children": true,
      "is_end_bone": false
    },
    "pinky_01_l": {
      "name": "pinky_01_l",
      "local": {
        "location": {
          "x": 0.0,
          "y": 0.0,
          "z": 0.0
        },
        "rotation_quaternion": {
          "w": 0.9404464960098267,
          "x": 0.3387436866760254,
          "y": 0.01871967688202858,
          "z": 0.021510858088731766
        },
        "scale": {
          "x": 1.0,
          "y": 1.0,
          "z": 1.0
        },
        "matrix_basis": [
          [
            0.9983736872673035,
            -0.027777276933193207,
            0.049783043563365936,
            0.0
          ],
          [
            0.053141966462135315,
            0.7695800065994263,
            -0.6363352537155151,
            0.0
          ],
          [
            -0.02063637413084507,
            0.6379459500312805,
            0.7698045969009399,
            0.0
          ],
          [
            0.0,
            0.0,
            0.0,
            1.0
          ]
        ],
        "rotation_mode": "QUATERNION"
      },
      "armature_space": {
        "head": {
          "x": 0.7271727323532104,
          "y": -0.21578648686408997,
          "z": 0.6766671538352966
        },
        "tail": {
