{
  "metadata": {
    "armature_name": "KIM_caucasian_male",
    "export_time": "2026-01-13T19:12:19.692726",
    "blender_version": "4.4.1",
    "bone_count": 56,
    "end_bone_count": 13,
    "spaces_included": [
      "LOCAL_CHANNELS",
      "ARMATURE_SPACE",
      "WORLD_SPACE"
    ],
    "note": "LOCAL matches Transform panel; replay pose via local.matrix_basis for best fidelity."
  },
  "bones": {
    "Root": {
      "name": "Root",
      "local": {
        "location": {
          "x": 0.0,
          "y": 0.0,
          "z": 0.0
        },
        "rotation_quaternion": {
          "w": 0.9998936653137207,
          "x": 0.005212047602981329,
          "y": 0.008337723091244698,
          "z": -0.010772227309644222
        },
        "scale": {
          "x": 1.0,
          "y": 1.0,
          "z": 1.0
        },
        "matrix_basis": [
          [
            0.9996289014816284,
            0.021629076451063156,
            0.01656138151884079,
            0.0
          ],
          [
            -0.021455250680446625,
            0.9997135996818542,
            -0.01060261856764555,
            0.0
          ],
          [
            -0.016785964369773865,
            0.010243355296552181,
            0.9998066425323486,
            0.0
          ],
          [
            0.0,
            0.0,
            0.0,
            1.0
          ]
        ],
        "rotation_mode": "QUATERNION"
      },
      "armature_space": {
        "head": {
          "x": 0.0,
          "y": 0.07072800397872925,
          "z": -0.009595036506652832
        },
        "tail": {
          "x": 0.0015437941765412688,
          "y": -7.802993059158325e-05,
          "z": -0.0007272455841302872
        }
      },
      "world_space": {
        "head": {
          "x": 0.0,
          "y": 0.13397200405597687,
          "z": 0.9402589797973633
        },
        "tail": {
          "x": 0.0015437941765412688,
          "y": 0.06316597014665604,
          "z": 0.9491267800331116
        },
        "rotation_quaternion": {
          "w": 0.06216028332710266,
          "x": 0.9979732632637024,
          "y": 0.011309449560940266,
          "z": 0.007593079470098019
        },
        "matrix": [
          [
            0.9996289014816284,
            0.021629076451063156,
            0.01656138151884079,
            0.0
          ],
          [
            0.02351703681051731,
            -0.9920163750648499,
            -0.12389732897281647,
            0.13397200405597687
          ],
          [
            0.013749497011303902,
            0.12424074113368988,
            -0.992163896560669,
            0.9402589797973633
          ],
          [
            0.0,
            0.0,
            0.0,
            1.0
          ]
        ]
      },
      "bone_length_armature_space": 0.07137587337639431,
      "parent": null,
      "has_children": true,
      "is_end_bone": false
    },
    "spine_01": {
      "name": "spine_01",
      "local": {
        "location": {
          "x": 0.0,
          "y": 0.0,
          "z": 0.0
        },
        "rotation_quaternion": {
          "w": 0.9977741837501526,
          "x": 0.056806858628988266,
          "y": 0.03304794803261757,
          "z": -0.011292059905827045
        },
        "scale": {
          "x": 1.0,
          "y": 1.0,
          "z": 1.0
        },
        "matrix_basis": [
          [
            0.9975606203079224,
            0.026288552209734917,
            0.06466584652662277,
            0.0
          ],
          [
            -0.018779151141643524,
            0.9932909607887268,
            -0.11410719156265259,
            0.0
          ],
          [
            -0.06723171472549438,
            0.1126144751906395,
            0.9913616180419922,
            0.0
          ],
          [
            0.0,
            0.0,
            0.0,
            1.0
          ]
        ],
        "rotation_mode": "QUATERNION"
      },
      "armature_space": {
        "head": {
          "x": 0.0015437941765412688,
          "y": -7.802993059158325e-05,
          "z": -0.0007272455841302872
        },
        "tail": {
          "x": 0.008557635359466076,
          "y": -0.03715812414884567,
          "z": 0.485816091299057
        }
      },
      "world_space": {
        "head": {
          "x": 0.0015437941765412688,
          "y": 0.06316597014665604,
          "z": 0.9491267800331116
        },
        "tail": {
          "x": 0.008557635359466076,
          "y": 0.026085875928401947,
          "z": 1.4356701374053955
        },
        "rotation_quaternion": {
          "w": 0.678779661655426,
          "x": 0.7329511046409607,
          "y": 0.035583026707172394,
          "z": 0.027835749089717865
        },
        "matrix": [
          [
            0.9959180355072021,
            0.014372589066624641,
            0.0891105979681015,
            0.0015437941765412688
          ],
          [
            0.08994996547698975,
            -0.07598360627889633,
            -0.9930436015129089,
            0.06316597014665604
          ],
          [
            -0.007501633837819099,
            0.9970124959945679,
            -0.07696771621704102,
            0.9491267800331116
          ],
          [
            0.0,
            0.0,
            0.0,
            1.0
          ]
        ]
      },
      "bone_length_armature_space": 0.48800464531797944,
      "parent": "Root",
      "has_children": true,
      "is_end_bone": false
    },
    "neck_01": {
      "name": "neck_01",
      "local": {
        "location": {
          "x": 0.0,
          "y": 0.0,
          "z": 0.0
        },
        "rotation_quaternion": {
          "w": 0.9980618357658386,
          "x": 0.0316493846476078,
          "y": 0.05327243357896805,
          "z": 0.005746021866798401
        },
        "scale": {
          "x": 1.0,
          "y": 1.0,
          "z": 1.0
        },
        "matrix_basis": [
          [
            0.9942580461502075,
            -0.008097690530121326,
            0.10670208185911179,
            0.0
          ],
          [
            0.01484184991568327,
            0.9979305863380432,
            -0.06256387382745743,
            0.0
          ],
          [
            -0.10597465187311172,
            0.06378829479217529,
            0.992320716381073,
            0.0
          ],
          [
            0.0,
            0.0,
            0.0,
            1.0
          ]
        ],
        "rotation_mode": "QUATERNION"
      },
      "armature_space": {
        "head": {
          "x": 0.012700369581580162,
          "y": -0.07716071605682373,
          "z": 0.5561465620994568
        },
        "tail": {
          "x": 0.017189159989356995,
          "y": -0.1288415938615799,
          "z": 0.6445754170417786
        }
      },
      "world_space": {
        "head": {
          "x": 0.012700369581580162,
          "y": -0.01391671597957611,
          "z": 1.5060005187988281
        },
        "tail": {
          "x": 0.017189159989356995,
          "y": -0.06559759378433228,
          "z": 1.5944294929504395
        },
        "rotation_quaternion": {
          "w": 0.493891179561615,
          "x": 0.8646391034126282,
          "y": 0.06341876834630966,
          "z": 0.06669975072145462
        },
        "matrix": [
          [
            0.9830583333969116,
            0.04378395527601242,
            0.17798636853694916,
            0.012700369581580162
          ],
          [
            0.17555361986160278,
            -0.5040987730026245,
            -0.8456154465675354,
            -0.01391671597957611
          ],
          [
            0.052698858082294464,
            0.8625410795211792,
            -0.5032493472099304,
            1.5060005187988281
          ],
          [
            0.0,
            0.0,
            0.0,
            1.0
          ]
        ]
      },
      "bone_length_armature_space": 0.10252182829338077,
      "parent": "spine_01",
      "has_children": true,
      "is_end_bone": false
    },
    "head": {
      "name": "head",
      "local": {
        "location": {
          "x": 0.0,
          "y": 0.0,
          "z": 0.0
        },
        "rotation_quaternion": {
          "w": 0.979534387588501,
          "x": -0.1341700553894043,
          "y": -0.017747312784194946,
          "z": 0.1489826738834381
        },
        "scale": {
          "x": 1.0,
          "y": 1.0,
          "z": 1.0
        },
        "matrix_basis": [
          [
            0.9549784064292908,
            -0.287104994058609,
            -0.07474623620510101,
            0.0
          ],
          [
            0.2966296076774597,
            0.9196051359176636,
            0.25756028294563293,
            0.0
          ],
          [
            -0.005209820810705423,
            -0.2681364417076111,
            0.9633668661117554,
            0.0
          ],
          [
            0.0,
            0.0,
            0.0,
            1.0
          ]
        ],
        "rotation_mode": "QUATERNION"
      },
      "armature_space": {
        "head": {
          "x": 0.017189184203743935,
          "y": -0.12884169816970825,
          "z": 0.644575297832489
        },
        "tail": {
          "x": -0.03748592734336853,
          "y": -0.11958762258291245,
          "z": 0.7894140481948853
        }
      },
      "world_space": {
        "head": {
          "x": 0.017189184203743935,
          "y": -0.06559769809246063,
          "z": 1.5944292545318604
        },
        "tail": {
          "x": -0.03748592734336853,
          "y": -0.056343622505664825,
          "z": 1.7392680644989014
        },
        "rotation_quaternion": {
          "w": 0.7226886749267578,
          "x": 0.6658283472061157,
          "y": -0.08692079037427902,
          "z": 0.1638248860836029
        },
        "matrix": [
          [
            0.9312121868133545,
            -0.35253745317459106,
            0.0925271064043045,
            0.017189184203743935
          ],
          [
            0.12104251980781555,
            0.05966900289058685,
            -0.990852415561676,
            -0.06559769809246063
          ],
          [
            0.3437941372394562,
            0.9339002370834351,
            0.09823629260063171,
            1.5944292545318604
          ],
          [
            0.0,
            0.0,
            0.0,
            1.0
          ]
        ]
      },
      "bone_length_armature_space": 0.15509116675205933,
      "parent": "neck_01",
      "has_children": false,
      "is_end_bone": true
    },
    "upperarm_l": {
      "name": "upperarm_l",
      "local": {
        "location": {
          "x": 0.0,
          "y": 0.0,
          "z": 0.0
        },
        "rotation_quaternion": {
          "w": 0.7848747372627258,
          "x": 0.19273756444454193,
          "y": 0.5269231796264648,
          "z": 0.26301297545433044
        },
        "scale": {
          "x": 1.0,
          "y": 1.0,
          "z": 1.0
        },
        "matrix_basis": [
          [
            0.30635228753089905,
            -0.20974870026111603,
            0.9285223484039307,
            0.0
          ],
          [
            0.6159802675247192,
            0.7873528003692627,
            -0.02537442371249199,
            0.0
          ],
          [
            -0.7257524132728577,
            0.5797249674797058,
            0.37040838599205017,
            0.0
          ],
          [
            0.0,
            0.0,
            0.0,
            1.0
          ]
        ],
        "rotation_mode": "QUATERNION"
      },
      "armature_space": {
        "head": {
          "x": 0.16140630841255188,
          "y": -0.061728473752737045,
          "z": 0.48776882886886597
        },
        "tail": {
          "x": 0.39247071743011475,
          "y": -0.1929769068956375,
          "z": 0.5222758054733276
        }
      },
      "world_space": {
        "head": {
          "x": 0.16140630841255188,
          "y": 0.0015155263245105743,
          "z": 1.4376227855682373
        },
        "tail": {
          "x": 0.39247071743011475,
          "y": -0.1297329068183899,
          "z": 1.4721298217773438
        },
        "rotation_quaternion": {
          "w": 0.11831699311733246,
          "x": 0.8597171902656555,
          "y": 0.4910259544849396,
          "z": -0.07603232562541962
        },
        "matrix": [
          [
            0.506225049495697,
            0.862278938293457,
            -0.014538273215293884,
            0.16140630841255188
          ],
          [
            0.8262952566146851,
            -0.48978883028030396,
            -0.27810654044151306,
            0.0015155263245105743
          ],
          [
            -0.24692708253860474,
            0.12877199053764343,
            -0.9604473114013672,
            1.4376227855682373
          ],
          [
            0.0,
            0.0,
            0.0,
            1.0
          ]
        ]
      },
      "bone_length_armature_space": 0.2679694789568631,
      "parent": "spine_01",
      "has_children": true,
      "is_end_bone": false
    },
    "lowerarm_l": {
      "name": "lowerarm_l",
      "local": {
        "location": {
          "x": 0.0,
          "y": 0.0,
          "z": 0.0
        },
        "rotation_quaternion": {
          "w": 0.8852346539497375,
          "x": 0.3254319429397583,
          "y": -0.2578185200691223,
          "z": 0.20972198247909546
        },
        "scale": {
          "x": 1.0,
          "y": 1.0,
          "z": 1.0
        },
        "matrix_basis": [
          [
            0.7790926098823547,
            -0.5391110777854919,
            -0.3199593126773834,
            0.0
          ],
          [
            0.20350156724452972,
            0.7002214789390564,
            -0.6843076944351196,
            0.0
          ],
          [
            0.5929602384567261,
            0.4680268466472626,
            0.6552473306655884,
            0.0
          ],
          [
            0.0,
            0.0,
            0.0,
            1.0
          ]
        ],
        "rotation_mode": "QUATERNION"
      },
      "armature_space": {
        "head": {
          "x": 0.39247071743011475,
          "y": -0.19297707080841064,
          "z": 0.5222757458686829
        },
        "tail": {
          "x": 0.44303324818611145,
          "y": -0.44975998997688293,
          "z": 0.4668196737766266
        }
      },
      "world_space": {
        "head": {
          "x": 0.39247071743011475,
          "y": -0.12973307073116302,
          "z": 1.4721298217773438
        },
        "tail": {
          "x": 0.44303324818611145,
          "y": -0.3865159749984741,
          "z": 1.4166736602783203
        },
        "rotation_quaternion": {
          "w": 0.04325951635837555,
          "x": -0.8584458827972412,
          "y": -0.13492363691329956,
          "z": 0.49294513463974
        },
        "matrix": [
          [
            0.4776012897491455,
            0.18900153040885925,
            -0.8580066561698914,
            0.39247071743011475
          ],
          [
            0.27429842948913574,
            -0.9598483443260193,
            -0.05874960124492645,
            -0.12973307073116302
          ],
          [
            -0.8346657752990723,
            -0.20729342103004456,
            -0.5102712512016296,
            1.4721298217773438
          ],
          [
            0.0,
            0.0,
            0.0,
            1.0
          ]
        ]
      },
      "bone_length_armature_space": 0.26752460120185045,
      "parent": "upperarm_l",
      "has_children": true,
      "is_end_bone": false
    },
    "metacarpal_thumb_l": {
      "name": "metacarpal_thumb_l",
      "local": {
        "location": {
          "x": 0.0,
          "y": 0.0,
          "z": 0.0
        },
        "rotation_quaternion": {
          "w": 0.9997833967208862,
          "x": 0.01848464645445347,
          "y": -0.006634959951043129,
          "z": -0.006902008317410946
        },
        "scale": {
          "x": 1.0,
          "y": 1.0,
          "z": 1.0
        },
        "matrix_basis": [
          [
            0.9998166561126709,
            0.0135557372123003,
            -0.013522207736968994,
            0.0
          ],
          [
            -0.014046316035091877,
            0.9992213845252991,
            -0.03686969727277756,
            0.0
          ],
          [
            0.01301188301295042,
            0.03705287352204323,
            0.9992285966873169,
            0.0
          ],
          [
            0.0,
            0.0,
            0.0,
            1.0
          ]
        ],
        "rotation_mode": "QUATERNION"
      },
      "armature_space": {
        "head": {
          "x": 0.44303324818611145,
          "y": -0.44975998997688293,
          "z": 0.4668196737766266
        },
        "tail": {
          "x": 0.4311864674091339,
          "y": -0.4859328866004944,
          "z": 0.43512144684791565
        }
      },
      "world_space": {
        "head": {
          "x": 0.44303324818611145,
          "y": -0.3865159749984741,
          "z": 1.4166736602783203
        },
        "tail": {
          "x": 0.4311864674091339,
          "y": -0.42268890142440796,
          "z": 1.3849754333496094
        },
        "rotation_quaternion": {
          "w": 0.30954423546791077,
          "x": -0.9095953106880188,
          "y": 0.19760626554489136,
          "z": -0.19434642791748047
        },
        "matrix": [
          [
            0.8463621139526367,
            -0.2391662746667862,
            0.47588929533958435,
            0.44303324818611145
          ],
          [
            -0.4798015058040619,
            -0.7302685379981995,
            0.4863109588623047,
            -0.3865159749984741
          ],
          [
            0.2312188744544983,
            -0.6399327516555786,
            -0.7328288555145264,
            1.4166736602783203
          ],
          [
            0.0,
            0.0,
            0.0,
            1.0
          ]
        ]
      },
      "bone_length_armature_space": 0.049533849429018985,
      "parent": "lowerarm_l",
      "has_children": true,
      "is_end_bone": false
    },
    "thumb_01_l": {
      "name": "thumb_01_l",
      "local": {
        "location": {
          "x": 0.0,
          "y": 0.0,
          "z": 0.0
        },
        "rotation_quaternion": {
          "w": 0.9640346765518188,
          "x": 0.2644592225551605,
          "y": -0.026247385889291763,
          "z": -0.0031063463538885117
        },
        "scale": {
          "x": 1.0,
          "y": 1.0,
          "z": 1.0
        },
        "matrix_basis": [
          [
            0.9986028671264648,
            -0.007893475703895092,
            -0.052249785512685776,
            0.0
          ],
          [
            -0.01987197808921337,
            0.8601033687591553,
            -0.5097326636314392,
            0.0
          ],
          [
            0.04896377772092819,
            0.5100587606430054,
            0.8587448000907898,
            0.0
          ],
          [
            0.0,
            0.0,
            0.0,
            1.0
          ]
        ],
        "rotation_mode": "QUATERNION"
      },
      "armature_space": {
        "head": {
          "x": 0.4311864674091339,
          "y": -0.4859328866004944,
          "z": 0.43512144684791565
        },
        "tail": {
          "x": 0.4489903748035431,
          "y": -0.4961468279361725,
          "z": 0.40796759724617004
        }
      },
      "world_space": {
        "head": {
          "x": 0.4311864674091339,
          "y": -0.42268890142440796,
          "z": 1.3849754333496094
        },
        "tail": {
          "x": 0.4489903748035431,
          "y": -0.43290281295776367,
          "z": 1.3578215837478638
        },
        "rotation_quaternion": {
          "w": 0.459448903799057,
          "x": -0.2451673448085785,
          "y": 0.37265464663505554,
          "z": -0.7680678963661194
        },
        "matrix": [
          [
            -0.4575972557067871,
            0.523050844669342,
            0.7190427780151367,
            0.4311864674091339
          ],
          [
            -0.8885023593902588,
            -0.3000698387622833,
            -0.3471623361110687,
            -0.42268890142440796
          ],
          [
            0.03417909890413284,
            -0.7977378964424133,
            0.6020469665527344,
            1.3849754333496094
          ],
          [
            0.0,
            0.0,
            0.0,
            1.0
          ]
        ]
      },
      "bone_length_armature_space": 0.03403873244757704,
      "parent": "metacarpal_thumb_l",
      "has_children": true,
      "is_end_bone": false
    },
    "thumb_02_l": {
      "name": "thumb_02_l",
      "local": {
        "location": {
          "x": 0.0,
          "y": 0.0,
          "z": 0.0
        },
        "rotation_quaternion": {
          "w": 0.8998030424118042,
          "x": 0.43620604276657104,
          "y": 0.00867488607764244,
          "z": -0.0019045720109716058
        },
        "scale": {
          "x": 1.0,
          "y": 1.0,
          "z": 1.0
        },
        "matrix_basis": [
          [
            0.9998422265052795,
            0.010995554737746716,
            0.013949805870652199,
            0.0
          ],
          [
            0.004140595905482769,
            0.6194413304328918,
            -0.7850320935249329,
            0.0
          ],
          [
            -0.01727294921875,
            0.784965991973877,
            0.6192980408668518,
            0.0
          ],
          [
            0.0,
            0.0,
            0.0,
            1.0
          ]
        ],
        "rotation_mode": "QUATERNION"
      },
      "armature_space": {
        "head": {
          "x": 0.4489903450012207,
          "y": -0.4961467683315277,
          "z": 0.40796756744384766
        },
        "tail": {
          "x": 0.4498492181301117,
          "y": -0.5231273770332336,
          "z": 0.4377081096172333
        }
      },
      "world_space": {
        "head": {
          "x": 0.4489903450012207,
          "y": -0.4329027533531189,
          "z": 1.3578215837478638
        },
        "tail": {
          "x": 0.4498492181301117,
          "y": -0.4598833918571472,
          "z": 1.3875621557235718
        },
        "rotation_quaternion": {
          "w": 0.11377736926078796,
          "x": 0.23133213818073273,
          "y": -0.38881587982177734,
          "z": -0.8845126032829285
        },
        "matrix": [
          [
            -0.8670804500579834,
            0.021384254097938538,
            -0.49770891666412354,
            0.4489903450012207
          ],
          [
            -0.38116616010665894,
            -0.6717539429664612,
            0.6351841688156128,
            -0.4329027533531189
          ],
          [
            -0.32075753808021545,
            0.7404704093933105,
            0.5906206369400024,
            1.3578215837478638
          ],
          [
            0.0,
            0.0,
            0.0,
            1.0
          ]
        ]
      },
      "bone_length_armature_space": 0.04016454658600082,
      "parent": "thumb_01_l",
      "has_children": true,
      "is_end_bone": false
    },
    "thumb_03_l": {
      "name": "thumb_03_l",
      "local": {
        "location": {
          "x": 0.0,
          "y": 0.0,
          "z": 0.0
        },
        "rotation_quaternion": {
          "w": 0.9910533428192139,
          "x": 0.13345696032047272,
          "y": 0.0013888452667742968,
          "z": -0.0007927353144623339
        },
        "scale": {
          "x": 1.0,
          "y": 1.0,
          "z": 1.0
        },
        "matrix_basis": [
          [
            0.9999948740005493,
            0.0019419881282374263,
            0.0025412472896277905,
            0.0
          ],
          [
            -0.0012005838798359036,
            0.964377224445343,
            -0.2645281255245209,
            0.0
          ],
          [
            -0.0029644316527992487,
            0.2645237445831299,
            0.9643746018409729,
            0.0
          ],
          [
            0.0,
            0.0,
            0.0,
            1.0
          ]
        ],
        "rotation_mode": "QUATERNION"
      },
      "armature_space": {
        "head": {
          "x": 0.4498492181301117,
          "y": -0.5231273770332336,
          "z": 0.4377080500125885
        },
        "tail": {
          "x": 0.4442097842693329,
          "y": -0.5305696129798889,
          "z": 0.46668586134910583
        }
      },
      "world_space": {
        "head": {
          "x": 0.4498492181301117,
          "y": -0.4598833918571472,
          "z": 1.3875620365142822
        },
        "tail": {
          "x": 0.4442097842693329,
          "y": -0.4673256278038025,
          "z": 1.4165399074554443
        },
        "rotation_quaternion": {
          "w": 0.19836530089378357,
          "x": 0.39251405000686646,
          "y": -0.5817447900772095,
          "z": -0.6842198967933655
        },
        "matrix": [
          [
            -0.613169252872467,
            -0.1852339208126068,
            -0.7679269909858704,
            0.4498492181301117
          ],
          [
            -0.728135883808136,
            -0.24444887042045593,
            0.6403615474700928,
            -0.4598833918571472
          ],
          [
            -0.3063383102416992,
            0.9518119692802429,
            0.015013888478279114,
            1.3875620365142822
          ],
          [
            0.0,
            0.0,
            0.0,
            1.0
          ]
        ]
      },
      "bone_length_armature_space": 0.030445092304832708,
      "parent": "thumb_02_l",
      "has_children": false,
      "is_end_bone": true
    },
    "metacarpal_index_l": {
      "name": "metacarpal_index_l",
      "local": {
        "location": {
          "x": 0.0,
          "y": 0.0,
          "z": 0.0
        },
        "rotation_quaternion": {
          "w": 0.9983006715774536,
          "x": -0.0551014170050621,
          "y": -0.0003270981542300433,
          "z": 0.01896054297685623
        },
        "scale": {
          "x": 1.0,
          "y": 1.0,
          "z": 1.0
        },
        "matrix_basis": [
          [
            0.9992808103561401,
            -0.03782059997320175,
            -0.0027425901498645544,
            0.0
          ],
          [
            0.03789269179105759,
            0.993208646774292,
            0.11000315845012665,
            0.0
          ],
          [
            -0.0014364209491759539,
            -0.1100279688835144,
            0.9939274787902832,
            0.0
          ],
          [
            0.0,
            0.0,
            0.0,
            1.0
          ]
        ],
        "rotation_mode": "QUATERNION"
      },
      "armature_space": {
        "head": {
          "x": 0.44303324818611145,
          "y": -0.44975998997688293,
          "z": 0.4668196737766266
        },
        "tail": {
          "x": 0.4334578812122345,
          "y": -0.5615852475166321,
          "z": 0.4331645369529724
        }
      },
      "world_space": {
        "head": {
          "x": 0.44303324818611145,
          "y": -0.3865159749984741,
          "z": 1.4166736602783203
        },
        "tail": {
          "x": 0.4334578812122345,
          "y": -0.49834126234054565,
          "z": 1.3830184936523438
        },
        "rotation_quaternion": {
          "w": 0.1478516012430191,
          "x": -0.9860245585441589,
          "y": 0.030899712815880775,
          "z": 0.07029020041227341
        },
        "matrix": [
          [
            0.988209068775177,
            -0.08172076940536499,
            -0.12947838008403778,
            0.44303324818611145
          ],
          [
            -0.04015079885721207,
            -0.954370379447937,
            0.29591405391693115,
            -0.3865159749984741
          ],
          [
            -0.14775386452674866,
            -0.2872292399406433,
            -0.9464050531387329,
            1.4166736602783203
          ],
          [
            0.0,
            0.0,
            0.0,
            1.0
          ]
        ]
      },
      "bone_length_armature_space": 0.11717185518891943,
      "parent": "lowerarm_l",
      "has_children": true,
      "is_end_bone": false
    },
    "index_01_l": {
      "name": "index_01_l",
      "local": {
        "location": {
          "x": 0.0,
          "y": 0.0,
          "z": 0.0
        },
        "rotation_quaternion": {
          "w": 0.9368595480918884,
          "x": 0.3495136797428131,
          "y": 0.0005346420221030712,
          "z": -0.011577802710235119
        },
        "scale": {
          "x": 1.0,
          "y": 1.0,
          "z": 1.0
        },
        "matrix_basis": [
          [
            0.9997313618659973,
            0.022067278623580933,
            -0.007091431878507137,
            0.0
          ],
          [
            -0.02131982147693634,
            0.7554122805595398,
            -0.6549028158187866,
            0.0
          ],
          [
            -0.009094969369471073,
            0.6548780798912048,
            0.7556797862052917,
            0.0
          ],
          [
            0.0,
            0.0,
            0.0,
            1.0
          ]
        ],
        "rotation_mode": "QUATERNION"
      },
      "armature_space": {
        "head": {
          "x": 0.4334578812122345,
          "y": -0.5615852475166321,
          "z": 0.4331645369529724
        },
        "tail": {
          "x": 0.43857425451278687,
          "y": -0.5783798098564148,
          "z": 0.4106958508491516
        }
      },
      "world_space": {
        "head": {
          "x": 0.4334578812122345,
          "y": -0.49834126234054565,
          "z": 1.3830184936523438
        },
        "tail": {
          "x": 0.43857425451278687,
          "y": -0.5151358246803284,
          "z": 1.3605499267578125
        },
        "rotation_quaternion": {
          "w": 0.4318755269050598,
          "x": -0.8881268501281738,
          "y": -0.13780584931373596,
          "z": 0.0756555050611496
        },
        "matrix": [
          [
            0.9505714774131775,
            0.17943096160888672,
            -0.2534137964248657,
            0.4334578812122345
          ],
          [
            0.31012624502182007,
            -0.5889863967895508,
            0.7462685704231262,
            -0.49834126234054565
          ],
          [
            -0.015353529714047909,
            -0.7879780530929565,
            -0.6155234575271606,
            1.3830184936523438
          ],
          [
            0.0,
            0.0,
            0.0,
            1.0
          ]
        ]
      },
      "bone_length_armature_space": 0.028514495579332434,
      "parent": "metacarpal_index_l",
      "has_children": true,
      "is_end_bone": false
    },
    "index_02_l": {
      "name": "index_02_l",
      "local": {
        "location": {
          "x": 0.0,
          "y": 0.0,
          "z": 0.0
        },
        "rotation_quaternion": {
          "w": 0.8822129964828491,
          "x": 0.47077783942222595,
          "y": 0.006901145912706852,
          "z": -0.004579574801027775
        },
        "scale": {
          "x": 1.0,
          "y": 1.0,
          "z": 1.0
        },
        "matrix_basis": [
          [
            0.999862790107727,
            0.014578133821487427,
            0.007864636369049549,
            0.0
          ],
          [
            -0.0015825077425688505,
            0.556694507598877,
            -0.8307158946990967,
            0.0
          ],
          [
            -0.016488485038280487,
            0.8305894732475281,
            0.5566412210464478,
            0.0
          ],
          [
            0.0,
            0.0,
            0.0,
            1.0
          ]
        ],
        "rotation_mode": "QUATERNION"
      },
      "armature_space": {
        "head": {
          "x": 0.4385739862918854,
          "y": -0.5783798694610596,
          "z": 0.410695344209671
        },
        "tail": {
          "x": 0.43546855449676514,
          "y": -0.5719023942947388,
          "z": 0.386068195104599
        }
      },
      "world_space": {
        "head": {
          "x": 0.4385739862918854,
          "y": -0.5151358842849731,
          "z": 1.3605493307113647
        },
        "tail": {
          "x": 0.43546855449676514,
          "y": -0.5086584091186523,
          "z": 1.3359222412109375
        },
        "rotation_quaternion": {
          "w": 0.7846248745918274,
          "x": -0.5914267301559448,
          "y": -0.10302901268005371,
          "z": 0.15480133891105652
        },
        "matrix": [
          [
            0.9308429956436157,
            -0.12105396389961243,
            -0.34478601813316345,
            0.4385739862918854
          ],
          [
            0.3647906184196472,
            0.2525014579296112,
            0.8961980938911438,
            -0.5151358842849731
          ],
          [
            -0.021429266780614853,
            -0.9600009918212891,
            0.2792014479637146,
            1.3605493307113647
          ],
          [
            0.0,
            0.0,
            0.0,
            1.0
          ]
        ]
      },
      "bone_length_armature_space": 0.02565341814397705,
      "parent": "index_01_l",
      "has_children": true,
      "is_end_bone": false
    },
    "index_03_l": {
      "name": "index_03_l",
      "local": {
        "location": {
          "x": 0.0,
          "y": 0.0,
          "z": 0.0
        },
        "rotation_quaternion": {
          "w": 0.9220553636550903,
          "x": 0.38697800040245056,
          "y": 1.2530479580163956e-05,
          "z": 0.00786839984357357
        },
        "scale": {
          "x": 1.0,
          "y": 1.0,
          "z": 1.0
        },
        "matrix_basis": [
          [
            0.9998762011528015,
            -0.014500502496957779,
            0.006112902890890837,
            0.0
          ],
          [
            0.014519898220896721,
            0.7003722190856934,
            -0.7136300802230835,
            0.0
          ],
          [
            0.006066687870770693,
            0.7136304974555969,
            0.7004960775375366,
            0.0
          ],
          [
            0.0,
            0.0,
            0.0,
            1.0
          ]
        ],
        "rotation_mode": "QUATERNION"
      },
      "armature_space": {
        "head": {
          "x": 0.4354685842990875,
          "y": -0.5719025135040283,
          "z": 0.3860681653022766
        },
        "tail": {
          "x": 0.4281103312969208,
          "y": -0.5460255146026611,
          "z": 0.37466779351234436
        }
      },
      "world_space": {
        "head": {
          "x": 0.4354685842990875,
          "y": -0.5086585283279419,
          "z": 1.3359222412109375
        },
        "tail": {
          "x": 0.4281103312969208,
          "y": -0.4827815294265747,
          "z": 1.324521780014038
        },
        "rotation_quaternion": {
          "w": 0.9700838327407837,
          "x": -0.19513489305973053,
          "y": -0.04187918081879616,
          "z": 0.13822391629219055
        },
        "matrix": [
          [
            0.958280622959137,
            -0.2518334984779358,
            -0.13519760966300964,
            0.4354685842990875
          ],
          [
            0.2845219075679779,
            0.8856328725814819,
            0.36701735854148865,
            -0.5086585283279419
          ],
          [
            0.027308540418744087,
            -0.3901742398738861,
            0.9203439354896545,
            1.3359222412109375
          ],
          [
            0.0,
            0.0,
            0.0,
            1.0
          ]
        ]
      },
      "bone_length_armature_space": 0.029218682981950673,
      "parent": "index_02_l",
      "has_children": false,
      "is_end_bone": true
    },
    "metacarpal_pinky_l": {
      "name": "metacarpal_pinky_l",
      "local": {
        "location": {
          "x": 0.0,
          "y": 0.0,
          "z": 0.0
        },
        "rotation_quaternion": {
          "w": 0.9998723268508911,
          "x": 0.0015892654191702604,
          "y": 0.013098702766001225,
          "z": -0.00902447011321783
        },
        "scale": {
          "x": 1.0,
          "y": 1.0,
          "z": 1.0
        },
        "matrix_basis": [
          [
            0.9994939565658569,
            0.018088269978761673,
            0.026165375486016273,
            0.0
          ],
          [
            -0.018005000427365303,
            0.9998320937156677,
            -0.0034145426470786333,
            0.0
          ],
          [
            -0.026222744956612587,
            0.002941707381978631,
            0.9996517896652222,
            0.0
          ],
          [
            0.0,
            0.0,
            0.0,
            1.0
          ]
        ],
        "rotation_mode": "QUATERNION"
      },
      "armature_space": {
        "head": {
          "x": 0.44303324818611145,
          "y": -0.44975998997688293,
          "z": 0.4668196737766266
        },
        "tail": {
          "x": 0.4878329634666443,
          "y": -0.5435623526573181,
          "z": 0.4607105255126953
        }
      },
      "world_space": {
        "head": {
          "x": 0.44303324818611145,
          "y": -0.3865159749984741,
          "z": 1.4166736602783203
        },
        "tail": {
          "x": 0.4878329634666443,
          "y": -0.4803183674812317,
          "z": 1.4105645418167114
        },
        "rotation_quaternion": {
          "w": 0.18766847252845764,
          "x": 0.40902939438819885,
          "y": 0.11989141255617142,
          "z": -0.8849302530288696
        },
        "matrix": [
          [
            -0.5949510335922241,
            0.4302256405353546,
            -0.678925096988678,
            0.44303324818611145
          ],
          [
            -0.23406945168972015,
            -0.9008129835128784,
            -0.3657149374485016,
            -0.3865159749984741
          ],
          [
            -0.7689301371574402,
            -0.05866816267371178,
            0.6366464495658875,
            1.4166736602783203
          ],
          [
            0.0,
            0.0,
            0.0,
            1.0
          ]
        ]
      },
      "bone_length_armature_space": 0.10413078110660394,
      "parent": "lowerarm_l",
      "has_children": true,
      "is_end_bone": false
    },
    "pinky_01_l": {
      "name": "pinky_01_l",
      "local": {
        "location": {
          "x": 0.0,
          "y": 0.0,
          "z": 0.0
        },
        "rotation_quaternion": {
          "w": 0.9326173663139343,
          "x": 0.36079493165016174,
          "y": 0.005495626013725996,
          "z": 0.004650823771953583
        },
        "scale": {
          "x": 1.0,
          "y": 1.0,
          "z": 1.0
        },
        "matrix_basis": [
          [
            0.9998963475227356,
            -0.004709289874881506,
            0.013606620021164417,
            0.0
          ],
          [
            0.01264046598225832,
            0.7396107912063599,
            -0.6729161143302917,
            0.0
          ],
          [
            -0.006894645281136036,
            0.6730183362960815,
            0.7395936250686646,
            0.0
          ],
          [
            0.0,
            0.0,
            0.0,
            1.0
          ]
        ],
        "rotation_mode": "QUATERNION"
      },
      "armature_space": {
        "head": {
          "x": 0.4878329634666443,
          "y": -0.5435623526573181,
          "z": 0.4607105255126953
        },
