{
  "metadata": {
    "armature_name": "KIM_caucasian_male",
    "export_time": "2026-01-13T20:24:42.492179",
    "blender_version": "4.4.1",
    "bone_count": 56,
    "end_bone_count": 13,
    "spaces_included": [
      "LOCAL_CHANNELS",
      "ARMATURE_SPACE",
      "WORLD_SPACE"
    ],
    "note": "LOCAL matches Transform panel; replay pose via local.matrix_basis for best fidelity."
  },
  "bones": {
    "Root": {
      "name": "Root",
      "local": {
        "location": {
          "x": 0.0,
          "y": 0.0,
          "z": 0.0
        },
        "rotation_quaternion": {
          "w": 0.9997392892837524,
          "x": -0.015181880444288254,
          "y": 0.015975937247276306,
          "z": -0.005984585732221603
        },
        "scale": {
          "x": 1.0,
          "y": 1.0,
          "z": 1.0
        },
        "matrix_basis": [
          [
            0.9994179010391235,
            0.011480960994958878,
            0.032125260680913925,
            0.0
          ],
          [
            -0.012451140210032463,
            0.9994673728942871,
            0.030164625495672226,
            0.0
          ],
          [
            -0.03176182880997658,
            -0.030547063797712326,
            0.9990285634994507,
            0.0
          ],
          [
            0.0,
            0.0,
            0.0,
            1.0
          ]
        ],
        "rotation_mode": "QUATERNION"
      },
      "armature_space": {
        "head": {
          "x": 0.0,
          "y": 0.07072800397872925,
          "z": -0.009595036506652832
        },
        "tail": {
          "x": 0.0008194635738618672,
          "y": 0.0003307759761810303,
          "z": 0.002155437134206295
        }
      },
      "world_space": {
        "head": {
          "x": 0.0,
          "y": 0.13397200405597687,
          "z": 0.9402589797973633
        },
        "tail": {
          "x": 0.0008194635738618672,
          "y": 0.06357477605342865,
          "z": 0.9520094394683838
        },
        "rotation_quaternion": {
          "w": 0.0824974849820137,
          "x": 0.9964452385902405,
          "y": 0.007047255989164114,
          "z": 0.01553647592663765
        },
        "matrix": [
          [
            0.9994179010391235,
            0.011480960994958878,
            0.032125260680913925,
            0.0
          ],
          [
            0.01660785637795925,
            -0.9862889051437378,
            -0.1641899198293686,
            0.13397200405597687
          ],
          [
            0.02979995310306549,
            0.16462810337543488,
            -0.985912561416626,
            0.9402589797973633
          ],
          [
            0.0,
            0.0,
            0.0,
            1.0
          ]
        ]
      },
      "bone_length_armature_space": 0.07137586898108783,
      "parent": null,
      "has_children": true,
      "is_end_bone": false
    },
    "spine_01": {
      "name": "spine_01",
      "local": {
        "location": {
          "x": 0.0,
          "y": 0.0,
          "z": 0.0
        },
        "rotation_quaternion": {
          "w": 0.9978184103965759,
          "x": 0.011574598029255867,
          "y": -0.01457839086651802,
          "z": 0.06334004551172256
        },
        "scale": {
          "x": 1.0,
          "y": 1.0,
          "z": 1.0
        },
        "matrix_basis": [
          [
            0.9915510416030884,
            -0.1267412006855011,
            -0.027626901865005493,
            0.0
          ],
          [
            0.12606625258922577,
            0.9917081594467163,
            -0.024945486336946487,
            0.0
          ],
          [
            0.030559444800019264,
            0.021251901984214783,
            0.9993069767951965,
            0.0
          ],
          [
            0.0,
            0.0,
            0.0,
            1.0
          ]
        ],
        "rotation_mode": "QUATERNION"
      },
      "armature_space": {
        "head": {
          "x": 0.0008194635738618672,
          "y": 0.0003307759761810303,
          "z": 0.002155437134206295
        },
        "tail": {
          "x": -0.07584460079669952,
          "y": 0.026127884164452553,
          "z": 0.4834096133708954
        }
      },
      "world_space": {
        "head": {
          "x": 0.0008194635738618672,
          "y": 0.06357477605342865,
          "z": 0.9520094394683838
        },
        "tail": {
          "x": -0.07584460079669952,
          "y": 0.08937188237905502,
          "z": 1.4332636594772339
        },
        "rotation_quaternion": {
          "w": 0.723168134689331,
          "x": 0.686133623123169,
          "y": -0.05881360173225403,
          "z": 0.05281630530953407
        },
        "matrix": [
          [
            0.9875028133392334,
            -0.15709809958934784,
            -0.012585149146616459,
            0.0008194635738618672
          ],
          [
            -0.004316737875342369,
            0.05286279320716858,
            -0.9985924363136292,
            0.06357477605342865
          ],
          [
            0.1575433611869812,
            0.9861741662025452,
            0.051523447036743164,
            0.9520094394683838
          ],
          [
            0.0,
            0.0,
            0.0,
            1.0
          ]
        ]
      },
      "bone_length_armature_space": 0.4880045691634269,
      "parent": "Root",
      "has_children": true,
      "is_end_bone": false
    },
    "neck_01": {
      "name": "neck_01",
      "local": {
        "location": {
          "x": 0.0,
          "y": 0.0,
          "z": 0.0
        },
        "rotation_quaternion": {
          "w": 0.984092652797699,
          "x": -0.09619255363941193,
          "y": -0.09762071073055267,
          "z": -0.1130436435341835
        },
        "scale": {
          "x": 1.0,
          "y": 1.0,
          "z": 1.0
        },
        "matrix_basis": [
          [
            0.9553826451301575,
            0.24127161502838135,
            -0.17038773000240326,
            0.0
          ],
          [
            -0.20371006429195404,
            0.9559362530708313,
            0.21139557659626007,
            0.0
          ],
          [
            0.21388356387615204,
            -0.16725397109985352,
            0.9624343514442444,
            0.0
          ],
          [
            0.0,
            0.0,
            0.0,
            1.0
          ]
        ],
        "rotation_mode": "QUATERNION"
      },
      "armature_space": {
        "head": {
          "x": -0.08778354525566101,
          "y": -0.004633208736777306,
          "z": 0.5574026703834534
        },
        "tail": {
          "x": -0.07885986566543579,
          "y": -0.020984282717108727,
          "z": 0.6582182049751282
        }
      },
      "world_space": {
        "head": {
          "x": -0.08778354525566101,
          "y": 0.058610789477825165,
          "z": 1.5072567462921143
        },
        "tail": {
          "x": -0.07885986566543579,
          "y": 0.042259715497493744,
          "z": 1.608072280883789
        },
        "rotation_quaternion": {
          "w": 0.6480323076248169,
          "x": 0.7563444375991821,
          "y": -0.017583979293704033,
          "z": -0.08768181502819061
        },
        "matrix": [
          [
            0.9840055108070374,
            0.08704220503568649,
            -0.15542462468147278,
            -0.08778354525566101
          ],
          [
            -0.14023981988430023,
            -0.1594894677400589,
            -0.9771878719329834,
            0.058610789477825165
          ],
          [
            -0.10984606295824051,
            0.9833616018295288,
            -0.14473368227481842,
            1.5072567462921143
          ],
          [
            0.0,
            0.0,
            0.0,
            1.0
          ]
        ]
      },
      "bone_length_armature_space": 0.1025220054605587,
      "parent": "spine_01",
      "has_children": true,
      "is_end_bone": false
    },
    "head": {
      "name": "head",
      "local": {
        "location": {
          "x": 0.0,
          "y": 0.0,
          "z": 0.0
        },
        "rotation_quaternion": {
          "w": 0.9710872173309326,
          "x": -0.12445051223039627,
          "y": 0.1012672707438469,
          "z": -0.17676731944084167
        },
        "scale": {
          "x": 1.0,
          "y": 1.0,
          "z": 1.0
        },
        "matrix_basis": [
          [
            0.9169965386390686,
            0.3181074559688568,
            0.24067626893520355,
            0.0
          ],
          [
            -0.36851850152015686,
            0.9065307974815369,
            0.20590311288833618,
            0.0
          ],
          [
            -0.1526811420917511,
            -0.2775060832500458,
            0.9485140442848206,
            0.0
          ],
          [
            0.0,
            0.0,
            0.0,
            1.0
          ]
        ],
        "rotation_mode": "QUATERNION"
      },
      "armature_space": {
        "head": {
          "x": -0.07885988801717758,
          "y": -0.02098442241549492,
          "z": 0.6582181453704834
        },
        "tail": {
          "x": -0.006093971431255341,
          "y": 0.04240569844841957,
          "z": 0.7796266078948975
        }
      },
      "world_space": {
        "head": {
          "x": -0.07885988801717758,
          "y": 0.0422595776617527,
          "z": 1.6080721616744995
        },
        "tail": {
          "x": -0.006093971431255341,
          "y": 0.10564969480037689,
          "z": 1.7294806241989136
        },
        "rotation_quaternion": {
          "w": 0.8156507611274719,
          "x": 0.5190896987915039,
          "y": 0.19768336415290833,
          "z": -0.1618054062128067
        },
        "matrix": [
          [
            0.8694808483123779,
            0.46918442845344543,
            0.15449652075767517,
            -0.07885988801717758
          ],
          [
            -0.05872492492198944,
            0.4087306261062622,
            -0.9107639193534851,
            0.0422595776617527
          ],
          [
            -0.4904671311378479,
            0.7828248143196106,
            0.382938027381897,
            1.6080721616744995
          ],
          [
            0.0,
            0.0,
            0.0,
            1.0
          ]
        ]
      },
      "bone_length_armature_space": 0.15509094154091016,
      "parent": "neck_01",
      "has_children": false,
      "is_end_bone": true
    },
    "upperarm_l": {
      "name": "upperarm_l",
      "local": {
        "location": {
          "x": 0.0,
          "y": 0.0,
          "z": 0.0
        },
        "rotation_quaternion": {
          "w": 0.8530080318450928,
          "x": 0.09342825412750244,
          "y": 0.5114586353302002,
          "z": 0.04537077248096466
        },
        "scale": {
          "x": 1.0,
          "y": 1.0,
          "z": 1.0
        },
        "matrix_basis": [
          [
            0.47270312905311584,
            0.018166108056902885,
            0.8810344934463501,
            0.0
          ],
          [
            0.1729726344347,
            0.9784253239631653,
            -0.11297955363988876,
            0.0
          ],
          [
            -0.8640788197517395,
            0.20580065250396729,
            0.4593624472618103,
            0.0
          ],
          [
            0.0,
            0.0,
            0.0,
            1.0
          ]
        ],
        "rotation_mode": "QUATERNION"
      },
      "armature_space": {
        "head": {
          "x": 0.07085995376110077,
          "y": -0.012018147855997086,
          "z": 0.5149198770523071
        },
        "tail": {
          "x": 0.3328225612640381,
          "y": -0.058437418192625046,
          "z": 0.5469896197319031
        }
      },
      "world_space": {
        "head": {
          "x": 0.07085995376110077,
          "y": 0.051225852221250534,
          "z": 1.4647738933563232
        },
        "tail": {
          "x": 0.3328225612640381,
          "y": 0.004806581884622574,
          "z": 1.4968435764312744
        },
        "rotation_quaternion": {
          "w": 0.20235975086688995,
          "x": 0.7508877515792847,
          "y": 0.61027592420578,
          "z": -0.15093520283699036
        },
        "matrix": [
          [
            0.20956306159496307,
            0.9775839447975159,
            0.020322008058428764,
            0.07085995376110077
          ],
          [
            0.8554112315177917,
            -0.173225998878479,
            -0.48812341690063477,
            0.051225852221250534
          ],
          [
            -0.47366389632225037,
            0.11967693269252777,
            -0.8725445866584778,
            1.4647738933563232
          ],
          [
            0.0,
            0.0,
            0.0,
            1.0
          ]
        ]
      },
      "bone_length_armature_space": 0.26796943225509606,
      "parent": "spine_01",
      "has_children": true,
      "is_end_bone": false
    },
    "lowerarm_l": {
      "name": "lowerarm_l",
      "local": {
        "location": {
          "x": 0.0,
          "y": 0.0,
          "z": 0.0
        },
        "rotation_quaternion": {
          "w": 0.9429177045822144,
          "x": 0.17509324848651886,
          "y": -0.11558954417705536,
          "z": 0.2586264908313751
        },
        "scale": {
          "x": 1.0,
          "y": 1.0,
          "z": 1.0
        },
        "matrix_basis": [
          [
            0.8395028114318848,
            -0.5282049179077148,
            -0.12741534411907196,
            0.0
          ],
          [
            0.44724908471107483,
            0.8049094080924988,
            -0.3899860978126526,
            0.0
          ],
          [
            0.3085503578186035,
            0.2704080045223236,
            0.9119628071784973,
            0.0
          ],
          [
            0.0,
            0.0,
            0.0,
            1.0
          ]
        ],
        "rotation_mode": "QUATERNION"
      },
      "armature_space": {
        "head": {
          "x": 0.33282262086868286,
          "y": -0.058437567204236984,
          "z": 0.5469896197319031
        },
        "tail": {
          "x": 0.49212485551834106,
          "y": -0.27039220929145813,
          "z": 0.5825898051261902
        }
      },
      "world_space": {
        "head": {
          "x": 0.33282262086868286,
          "y": 0.004806432873010635,
          "z": 1.4968435764312744
        },
        "tail": {
          "x": 0.49212485551834106,
          "y": -0.2071482092142105,
          "z": 1.5324437618255615
        },
        "rotation_quaternion": {
          "w": 0.1829032599925995,
          "x": 0.8778278231620789,
          "y": 0.2653401494026184,
          "z": -0.35434362292289734
        },
        "matrix": [
          [
            0.6080701351165771,
            0.5954678654670715,
            -0.5250414609909058,
            0.33282262086868286
          ],
          [
            0.33622491359710693,
            -0.7922813296318054,
            -0.5091592669487,
            0.004806432873010635
          ],
          [
            -0.7191734313964844,
            0.13307268917560577,
            -0.6819790005683899,
            1.4968435764312744
          ],
          [
            0.0,
            0.0,
            0.0,
            1.0
          ]
        ]
      },
      "bone_length_armature_space": 0.2675244765292135,
      "parent": "upperarm_l",
      "has_children": true,
      "is_end_bone": false
    },
    "metacarpal_thumb_l": {
      "name": "metacarpal_thumb_l",
      "local": {
        "location": {
          "x": 0.0,
          "y": 0.0,
          "z": 0.0
        },
        "rotation_quaternion": {
          "w": 0.9997102618217468,
          "x": -0.019166667014360428,
          "y": -0.014474833384156227,
          "z": 0.0015975820133462548
        },
        "scale": {
          "x": 1.0,
          "y": 1.0,
          "z": 1.0
        },
        "matrix_basis": [
          [
            0.9995758533477783,
            -0.002639369573444128,
            -0.029002519324421883,
            0.0
          ],
          [
            0.003749106777831912,
            0.9992601871490479,
            0.038275979459285736,
            0.0
          ],
          [
            0.028880039229989052,
            -0.038368478417396545,
            0.9988462328910828,
            0.0
          ],
          [
            0.0,
            0.0,
            0.0,
            1.0
          ]
        ],
        "rotation_mode": "QUATERNION"
      },
      "armature_space": {
        "head": {
          "x": 0.49212485551834106,
          "y": -0.27039220929145813,
          "z": 0.5825898051261902
        },
        "tail": {
          "x": 0.5044828057289124,
          "y": -0.31403377652168274,
          "z": 0.5626828670501709
        }
      },
      "world_space": {
        "head": {
          "x": 0.49212485551834106,
          "y": -0.2071482092142105,
          "z": 1.5324437618255615
        },
        "tail": {
          "x": 0.5044828057289124,
          "y": -0.2507897615432739,
          "z": 1.512536883354187
        },
        "rotation_quaternion": {
          "w": 0.23580585420131683,
          "x": -0.9271829128265381,
          "y": -0.062221769243478775,
          "z": -0.28435203433036804
        },
        "matrix": [
          [
            0.8305449485778809,
            0.24948543310165405,
            0.497947633266449,
            0.49212485551834106
          ],
          [
            -0.01872129738330841,
            -0.881048321723938,
            0.47265538573265076,
            -0.2071482092142105
          ],
          [
            0.5566405653953552,
            -0.401887446641922,
            -0.7270844578742981,
            1.5324437618255615
          ],
          [
            0.0,
            0.0,
            0.0,
            1.0
          ]
        ]
      },
      "bone_length_armature_space": 0.04953374175956085,
      "parent": "lowerarm_l",
      "has_children": true,
      "is_end_bone": false
    },
    "thumb_01_l": {
      "name": "thumb_01_l",
      "local": {
        "location": {
          "x": 0.0,
          "y": 0.0,
          "z": 0.0
        },
        "rotation_quaternion": {
          "w": 0.9829510450363159,
          "x": 0.1833990216255188,
          "y": -0.011195751838386059,
          "z": 0.006833265069872141
        },
        "scale": {
          "x": 1.0,
          "y": 1.0,
          "z": 1.0
        },
        "matrix_basis": [
          [
            0.9996559023857117,
            -0.017540110275149345,
            -0.01950332336127758,
            0.0
          ],
          [
            0.009326950646936893,
            0.9326362013816833,
            -0.36069753766059875,
            0.0
          ],
          [
            0.024516180157661438,
            0.3603915274143219,
            0.9324789047241211,
            0.0
          ],
          [
            0.0,
            0.0,
            0.0,
            1.0
          ]
        ],
        "rotation_mode": "QUATERNION"
      },
      "armature_space": {
        "head": {
          "x": 0.5044828057289124,
          "y": -0.31403377652168274,
          "z": 0.5626828670501709
        },
        "tail": {
          "x": 0.5292314291000366,
          "y": -0.32134467363357544,
          "z": 0.540486216545105
        }
      },
      "world_space": {
        "head": {
          "x": 0.5044828057289124,
          "y": -0.2507897615432739,
          "z": 1.512536883354187
        },
        "tail": {
          "x": 0.5292314291000366,
          "y": -0.258100688457489,
          "z": 1.490340232849121
        },
        "rotation_quaternion": {
          "w": 0.5911744832992554,
          "x": -0.29867181181907654,
          "y": 0.2076561450958252,
          "z": -0.7198520302772522
        },
        "matrix": [
          [
            -0.12261316180229187,
            0.7270748615264893,
            0.6755205988883972,
            0.5044828057289124
          ],
          [
            -0.9751580357551575,
            -0.21478243172168732,
            0.05417398735880852,
            -0.2507897615432739
          ],
          [
            0.18447907269001007,
            -0.652101993560791,
            0.7353534698486328,
            1.512536883354187
          ],
          [
            0.0,
            0.0,
            0.0,
            1.0
          ]
        ]
      },
      "bone_length_armature_space": 0.03403872608835789,
      "parent": "metacarpal_thumb_l",
      "has_children": true,
      "is_end_bone": false
    },
    "thumb_02_l": {
      "name": "thumb_02_l",
      "local": {
        "location": {
          "x": 0.0,
          "y": 0.0,
          "z": 0.0
        },
        "rotation_quaternion": {
          "w": 0.9454510807991028,
          "x": 0.3256487250328064,
          "y": 0.001978691201657057,
          "z": -0.008438928984105587
        },
        "scale": {
          "x": 1.0,
          "y": 1.0,
          "z": 1.0
        },
        "matrix_basis": [
          [
            0.9998497366905212,
            0.017245905473828316,
            -0.0017547414172440767,
            0.0
          ],
          [
            -0.014668472111225128,
            0.7877633571624756,
            -0.6158033013343811,
            0.0
          ],
          [
            -0.009237764403223991,
            0.6157364845275879,
            0.7878980040550232,
            0.0
          ],
          [
            0.0,
            0.0,
            0.0,
            1.0
          ]
        ],
        "rotation_mode": "QUATERNION"
      },
      "armature_space": {
        "head": {
          "x": 0.5292313098907471,
          "y": -0.32134461402893066,
          "z": 0.5404861569404602
        },
        "tail": {
          "x": 0.5410802364349365,
          "y": -0.34500283002853394,
          "z": 0.570703387260437
        }
      },
      "world_space": {
        "head": {
          "x": 0.5292313098907471,
          "y": -0.25810062885284424,
          "z": 1.490340232849121
        },
        "tail": {
          "x": 0.5410802364349365,
          "y": -0.2817588448524475,
          "z": 1.5205574035644531
        },
        "rotation_quaternion": {
          "w": 0.3014388680458069,
          "x": 0.30880171060562134,
          "y": -0.3385513722896576,
          "z": -0.8361573815345764
        },
        "matrix": [
          [
            -0.627551794052124,
            0.29501134157180786,
            -0.7205184698104858,
            0.5292313098907471
          ],
          [
            -0.7131915092468262,
            -0.5890347957611084,
            0.3799939453601837,
            -0.25810062885284424
          ],
          [
            -0.3123108744621277,
            0.7523385882377625,
            0.5800541043281555,
            1.490340232849121
          ],
          [
            0.0,
            0.0,
            0.0,
            1.0
          ]
        ]
      },
      "bone_length_armature_space": 0.04016452723509761,
      "parent": "thumb_01_l",
      "has_children": true,
      "is_end_bone": false
    },
    "thumb_03_l": {
      "name": "thumb_03_l",
      "local": {
        "location": {
          "x": 0.0,
          "y": 0.0,
          "z": 0.0
        },
        "rotation_quaternion": {
          "w": 0.982679009437561,
          "x": 0.18530333042144775,
          "y": -0.001594081288203597,
          "z": 0.001448369468562305
        },
        "scale": {
          "x": 1.0,
          "y": 1.0,
          "z": 1.0
        },
        "matrix_basis": [
          [
            0.999990701675415,
            -0.003437341656535864,
            -0.0025961650535464287,
            0.0
          ],
          [
            0.0022557873744517565,
            0.9313211441040039,
            -0.36419200897216797,
            0.0
          ],
          [
            0.0036697157192975283,
            0.3641827702522278,
            0.9313202500343323,
            0.0
          ],
          [
            0.0,
            0.0,
            0.0,
            1.0
          ]
        ],
        "rotation_mode": "QUATERNION"
      },
      "armature_space": {
        "head": {
          "x": 0.5410802960395813,
          "y": -0.3450028896331787,
          "z": 0.5707032680511475
        },
        "tail": {
          "x": 0.5358613729476929,
          "y": -0.3525802493095398,
          "z": 0.5997247695922852
        }
      },
      "world_space": {
        "head": {
          "x": 0.5410802960395813,
          "y": -0.2817589044570923,
          "z": 1.5205572843551636
        },
        "tail": {
          "x": 0.5358613729476929,
          "y": -0.28933626413345337,
          "z": 1.5495787858963013
        },
        "rotation_quaternion": {
          "w": 0.3159339427947998,
          "x": 0.5207979083061218,
          "y": -0.5251113176345825,
          "z": -0.5943176746368408
        },
        "matrix": [
          [
            -0.25790756940841675,
            -0.17142215371131897,
            -0.9508406519889832,
            0.5410802960395813
          ],
          [
            -0.9224845767021179,
            -0.24888812005519867,
            0.2950870394706726,
            -0.2817589044570923
          ],
          [
            -0.28724032640457153,
            0.9532479047775269,
            -0.0939445048570633,
            1.5205572843551636
          ],
          [
            0.0,
            0.0,
            0.0,
            1.0
          ]
        ]
      },
      "bone_length_armature_space": 0.03044505054196162,
      "parent": "thumb_02_l",
      "has_children": false,
      "is_end_bone": true
    },
    "metacarpal_index_l": {
      "name": "metacarpal_index_l",
      "local": {
        "location": {
          "x": 0.0,
          "y": 0.0,
          "z": 0.0
        },
        "rotation_quaternion": {
          "w": 0.9998379945755005,
          "x": -0.0031509175896644592,
          "y": 0.0013319917488843203,
          "z": -0.01767323911190033
        },
        "scale": {
          "x": 1.0,
          "y": 1.0,
          "z": 1.0
        },
        "matrix_basis": [
          [
            0.9993717670440674,
            0.03533235937356949,
            0.002774925669655204,
            0.0
          ],
          [
            -0.03534914553165436,
            0.9993554353713989,
            0.006253732834011316,
            0.0
          ],
          [
            -0.0025521779898554087,
            -0.006347895599901676,
            0.9999765753746033,
            0.0
          ],
          [
            0.0,
            0.0,
            0.0,
            1.0
          ]
        ],
        "rotation_mode": "QUATERNION"
      },
      "armature_space": {
        "head": {
          "x": 0.49212485551834106,
          "y": -0.27039220929145813,
          "z": 0.5825898051261902
        },
        "tail": {
          "x": 0.5469211339950562,
          "y": -0.3732064962387085,
          "z": 0.5701073408126831
        }
      },
      "world_space": {
        "head": {
          "x": 0.49212485551834106,
          "y": -0.2071482092142105,
          "z": 1.5324437618255615
        },
        "tail": {
          "x": 0.5469211339950562,
          "y": -0.30996251106262207,
          "z": 1.5199613571166992
        },
        "rotation_quaternion": {
          "w": 0.06976941972970963,
          "x": -0.9670345187187195,
          "y": -0.2374846488237381,
          "z": -0.059812311083078384
        },
        "matrix": [
          [
            0.8800470232963562,
            0.4676578640937805,
            0.08254249393939972,
            0.49212485551834106
          ],
          [
            0.4509657323360443,
            -0.8774665594100952,
            0.16334757208824158,
            -0.2071482092142105
          ],
          [
            0.14882035553455353,
            -0.1065312922000885,
            -0.9831163287162781,
            1.5324437618255615
          ],
          [
            0.0,
            0.0,
            0.0,
            1.0
          ]
        ]
      },
      "bone_length_armature_space": 0.11717176139217653,
      "parent": "lowerarm_l",
      "has_children": true,
      "is_end_bone": false
    },
    "index_01_l": {
      "name": "index_01_l",
      "local": {
        "location": {
          "x": 0.0,
          "y": 0.0,
          "z": 0.0
        },
        "rotation_quaternion": {
          "w": 0.9723756313323975,
          "x": 0.23219285905361176,
          "y": 0.008611724711954594,
          "z": 0.022315528243780136
        },
        "scale": {
          "x": 1.0,
          "y": 1.0,
          "z": 1.0
        },
        "matrix_basis": [
          [
            0.998855710029602,
            -0.03939899057149887,
            0.02711067534983158,
            0.0
          ],
          [
            0.04739731550216675,
            0.8911769986152649,
            -0.45117300748825073,
            0.0
          ],
          [
            -0.006384649779647589,
            0.45194169878959656,
            0.8920246362686157,
            0.0
          ],
          [
            0.0,
            0.0,
            0.0,
            1.0
          ]
        ],
        "rotation_mode": "QUATERNION"
      },
      "armature_space": {
        "head": {
          "x": 0.5469211339950562,
          "y": -0.3732064962387085,
          "z": 0.5701073408126831
        },
        "tail": {
          "x": 0.5670603513717651,
          "y": -0.3903149366378784,
          "z": 0.559393584728241
        }
      },
      "world_space": {
        "head": {
          "x": 0.5469211339950562,
          "y": -0.30996251106262207,
          "z": 1.5199613571166992
        },
        "tail": {
          "x": 0.5670603513717651,
          "y": -0.327070951461792,
          "z": 1.5092475414276123
        },
        "rotation_quaternion": {
          "w": 0.2167734056711197,
          "x": -0.8942943811416626,
          "y": -0.39116767048835754,
          "z": -0.01532584335654974
        },
        "matrix": [
          [
            0.693505585193634,
            0.7062825560569763,
            -0.14217913150787354,
            0.5469211339950562
          ],
          [
            0.6929942965507507,
            -0.5999941229820251,
            0.39970746636390686,
            -0.30996251106262207
          ],
          [
            0.19700169563293457,
            -0.3757319152355194,
            -0.905555009841919,
            1.5199613571166992
          ],
          [
            0.0,
            0.0,
            0.0,
            1.0
          ]
        ]
      },
      "bone_length_armature_space": 0.028514406462126742,
      "parent": "metacarpal_index_l",
      "has_children": true,
      "is_end_bone": false
    },
    "index_02_l": {
      "name": "index_02_l",
      "local": {
        "location": {
          "x": 0.0,
          "y": 0.0,
          "z": 0.0
        },
        "rotation_quaternion": {
          "w": 0.9092376232147217,
          "x": 0.4162457585334778,
          "y": -0.004779145121574402,
          "z": -0.0019170092418789864
        },
        "scale": {
          "x": 1.0,
          "y": 1.0,
          "z": 1.0
        },
        "matrix_basis": [
          [
            0.9999469518661499,
            -0.0004925639368593693,
            -0.010286650620400906,
            0.0
          ],
          [
            -0.007464631460607052,
            0.6534715890884399,
            -0.7569142580032349,
            0.0
          ],
          [
            0.007094863336533308,
            0.7569509148597717,
            0.6534332633018494,
            0.0
          ],
          [
            0.0,
            0.0,
            0.0,
            1.0
          ]
        ],
        "rotation_mode": "QUATERNION"
      },
      "armature_space": {
        "head": {
          "x": 0.5670604109764099,
          "y": -0.3903152346611023,
          "z": 0.5593931078910828
        },
        "tail": {
          "x": 0.5761972069740295,
          "y": -0.3938003480434418,
          "z": 0.5356766581535339
        }
      },
      "world_space": {
        "head": {
          "x": 0.5670604109764099,
          "y": -0.32707124948501587,
          "z": 1.509247064590454
        },
        "tail": {
          "x": 0.5761972069740295,
          "y": -0.33055633306503296,
          "z": 1.4855306148529053
        },
        "rotation_quaternion": {
          "w": 0.5399935841560364,
          "x": -0.732184886932373,
          "y": -0.37480559945106506,
          "z": 0.17841792106628418
        },
        "matrix": [
          [
            0.6553739905357361,
            0.3561651110649109,
            -0.6660564541816711,
            0.5670604109764099
          ],
          [
            0.7415445446968079,
            -0.1358547806739807,
            0.657004714012146,
            -0.32707124948501587
          ],
          [
            0.14351680874824524,
            -0.9245010614395142,
            -0.3531498908996582,
            1.509247064590454
          ],
          [
            0.0,
            0.0,
            0.0,
            1.0
          ]
        ]
      },
      "bone_length_armature_space": 0.025653402420496397,
      "parent": "index_01_l",
      "has_children": true,
      "is_end_bone": false
    },
    "index_03_l": {
      "name": "index_03_l",
      "local": {
        "location": {
          "x": 0.0,
          "y": 0.0,
          "z": 0.0
        },
        "rotation_quaternion": {
          "w": 0.9701712727546692,
          "x": 0.24240951240062714,
          "y": 0.0018891358049586415,
          "z": 0.001317312940955162
        },
        "scale": {
          "x": 1.0,
          "y": 1.0,
          "z": 1.0
        },
        "matrix_basis": [
          [
            0.99998939037323,
            -0.0016401493921875954,
            0.004304228816181421,
            0.0
          ],
          [
            0.0034719272516667843,
            0.8824717998504639,
            -0.47035250067710876,
            0.0
          ],
          [
            -0.003026912221685052,
            0.47036245465278625,
            0.8824681043624878,
            0.0
          ],
          [
            0.0,
            0.0,
            0.0,
            1.0
          ]
        ],
        "rotation_mode": "QUATERNION"
      },
      "armature_space": {
        "head": {
          "x": 0.5761973261833191,
          "y": -0.3938004672527313,
          "z": 0.5356767177581787
        },
        "tail": {
          "x": 0.5763463377952576,
          "y": -0.3842536509037018,
          "z": 0.5080618858337402
        }
      },
      "world_space": {
        "head": {
          "x": 0.5761973261833191,
          "y": -0.3305564522743225,
          "z": 1.4855307340621948
        },
        "tail": {
          "x": 0.5763463377952576,
          "y": -0.32100963592529297,
          "z": 1.4579159021377563
        },
        "rotation_quaternion": {
          "w": 0.7446382641792297,
          "x": -0.5317122936248779,
          "y": -0.329973042011261,
          "z": 0.23219333589076996
        },
        "matrix": [
          [
            0.6744086146354675,
            0.005100429058074951,
            -0.7383404970169067,
            0.5761973261833191
          ],
          [
            0.6967012286186218,
            0.32673659920692444,
            0.6386317610740662,
            -0.3305564522743225
          ],
          [
            0.2445024698972702,
            -0.9451081156730652,
            0.216802716255188,
            1.4855307340621948
          ],
          [
            0.0,
            0.0,
            0.0,
            1.0
          ]
        ]
      },
      "bone_length_armature_space": 0.029218877807185784,
      "parent": "index_02_l",
      "has_children": false,
      "is_end_bone": true
    },
    "metacarpal_pinky_l": {
      "name": "metacarpal_pinky_l",
      "local": {
        "location": {
          "x": 0.0,
          "y": 0.0,
          "z": 0.0
        },
        "rotation_quaternion": {
          "w": 0.9992774724960327,
          "x": -0.03682167828083038,
          "y": 0.0014894697815179825,
          "z": -0.009301516227424145
        },
        "scale": {
          "x": 1.0,
          "y": 1.0,
          "z": 1.0
        },
        "matrix_basis": [
          [
            0.9998224973678589,
            0.018479902297258377,
            0.0036617820151150227,
            0.0
          ],
          [
            -0.0186992809176445,
            0.9971153140068054,
            0.07356243580579758,
            0.0
          ],
          [
            -0.002291792305186391,
            -0.0736178532242775,
            0.9972838759422302,
            0.0
          ],
          [
            0.0,
            0.0,
            0.0,
            1.0
          ]
        ],
        "rotation_mode": "QUATERNION"
      },
      "armature_space": {
        "head": {
          "x": 0.49212485551834106,
          "y": -0.27039220929145813,
          "z": 0.5825898051261902
        },
        "tail": {
          "x": 0.5727626085281372,
          "y": -0.3296981155872345,
          "z": 0.6112880110740662
        }
      },
      "world_space": {
        "head": {
          "x": 0.49212485551834106,
          "y": -0.2071482092142105,
          "z": 1.5324437618255615
        },
        "tail": {
          "x": 0.5727626085281372,
          "y": -0.2664541006088257,
          "z": 1.5611419677734375
        },
        "rotation_quaternion": {
          "w": 0.4538060426712036,
          "x": 0.46395573019981384,
          "y": 0.09639746695756912,
          "z": -0.7546607255935669
        },
        "matrix": [
          [
            -0.15760910511016846,
            0.7743891477584839,
            -0.6127647757530212,
            0.49212485551834106
          ],
          [
            -0.595491349697113,
            -0.569533109664917,
            -0.566588282585144,
            -0.2071482092142105
          ],
          [
            -0.7877556681632996,
            0.27559801936149597,
            0.5509091019630432,
            1.5324437618255615
          ],
          [
            0.0,
            0.0,
            0.0,
            1.0
          ]
        ]
      },
      "bone_length_armature_space": 0.1041308054749021,
      "parent": "lowerarm_l",
      "has_children": true,
      "is_end_bone": false
    },
    "pinky_01_l": {
      "name": "pinky_01_l",
      "local": {
        "location": {
          "x": 0.0,
          "y": 0.0,
          "z": 0.0
        },
        "rotation_quaternion": {
          "w": 0.9436386227607727,
          "x": 0.3307245373725891,
          "y": -0.010929010808467865,
          "z": -0.006935515441000462
        },
        "scale": {
          "x": 1.0,
          "y": 1.0,
          "z": 1.0
        },
        "matrix_basis": [
          [
            0.9996649026870728,
            0.0058602564968168736,
            -0.025213563814759254,
            0.0
          ],
          [
            -0.020318225026130676,
            0.7811463475227356,
            -0.6240172982215881,
            0.0
          ],
          [
            0.01603858359158039,
            0.6243205070495605,
            0.7810036540031433,
            0.0
          ],
          [
            0.0,
            0.0,
            0.0,
            1.0
          ]
        ],
        "rotation_mode": "QUATERNION"
      },
      "armature_space": {
        "head": {
          "x": 0.5727626085281372,
          "y": -0.3296981155872345,
          "z": 0.6112880110740662
        },
        "tail": {
