{
  "metadata": {
    "armature_name": "KIM_caucasian_male",
    "export_time": "2026-01-13T21:15:47.285868",
    "blender_version": "4.4.1",
    "bone_count": 56,
    "end_bone_count": 13,
    "spaces_included": [
      "LOCAL_CHANNELS",
      "ARMATURE_SPACE",
      "WORLD_SPACE"
    ],
    "note": "LOCAL matches Transform panel; replay pose via local.matrix_basis for best fidelity."
  },
  "bones": {
    "Root": {
      "name": "Root",
      "local": {
        "location": {
          "x": 0.0,
          "y": 0.0,
          "z": 0.0
        },
        "rotation_quaternion": {
          "w": 0.9997069835662842,
          "x": -0.015326824970543385,
          "y": 0.01698368787765503,
          "z": 0.00791891384869814
        },
        "scale": {
          "x": 1.0,
          "y": 1.0,
          "z": 1.0
        },
        "matrix_basis": [
          [
            0.9992976784706116,
            -0.016353799030184746,
            0.03371467813849449,
            0.0
          ],
          [
            0.015312574803829193,
            0.999404788017273,
            0.03091365285217762,
            0.0
          ],
          [
            -0.034200165420770645,
            -0.030375683680176735,
            0.9989532828330994,
            0.0
          ],
          [
            0.0,
            0.0,
            0.0,
            1.0
          ]
        ],
        "rotation_mode": "QUATERNION"
      },
      "armature_space": {
        "head": {
          "x": 0.0,
          "y": 0.07072800397872925,
          "z": -0.009595036506652832
        },
        "tail": {
          "x": -0.0011672666296362877,
          "y": 0.00033355504274368286,
          "z": 0.0021427152678370476
        }
      },
      "world_space": {
        "head": {
          "x": 0.0,
          "y": 0.13397200405597687,
          "z": 0.9402589797973633
        },
        "tail": {
          "x": -0.0011672666296362877,
          "y": 0.0635775551199913,
          "z": 0.9519967436790466
        },
        "rotation_quaternion": {
          "w": 0.0826399102807045,
          "x": 0.9964032769203186,
          "y": -0.006756768096238375,
          "z": 0.017478585243225098
        },
        "matrix": [
          [
            0.9992976784706116,
            -0.016353799030184746,
            0.03371467813849449,
            0.0
          ],
          [
            -0.010576067492365837,
            -0.9862499833106995,
            -0.16492202877998352,
            0.13397200405597687
          ],
          [
            0.03594844043254852,
            0.16444985568523407,
            -0.9857372641563416,
            0.9402589797973633
          ],
          [
            0.0,
            0.0,
            0.0,
            1.0
          ]
        ]
      },
      "bone_length_armature_space": 0.07137587606900718,
      "parent": null,
      "has_children": true,
      "is_end_bone": false
    },
    "spine_01": {
      "name": "spine_01",
      "local": {
        "location": {
          "x": 0.0,
          "y": 0.0,
          "z": 0.0
        },
        "rotation_quaternion": {
          "w": 0.9987275004386902,
          "x": 0.01976747438311577,
          "y": 0.026589183136820793,
          "z": 0.03802427649497986
        },
        "scale": {
          "x": 1.0,
          "y": 1.0,
          "z": 1.0
        },
        "matrix_basis": [
          [
            0.9956943392753601,
            -0.07490058243274689,
            0.05461398512125015,
            0.0
          ],
          [
            0.07700297981500626,
            0.9963268041610718,
            -0.03746257349848747,
            0.0
          ],
          [
            -0.0516074076294899,
            0.04150670766830444,
            0.9978045225143433,
            0.0
          ],
          [
            0.0,
            0.0,
            0.0,
            1.0
          ]
        ],
        "rotation_mode": "QUATERNION"
      },
      "armature_space": {
        "head": {
          "x": -0.0011672666296362877,
          "y": 0.00033355504274368286,
          "z": 0.0021427152678370476
        },
        "tail": {
          "x": -0.05499136075377464,
          "y": 0.01821940578520298,
          "z": 0.486840158700943
        }
      },
      "world_space": {
        "head": {
          "x": -0.0011672666296362877,
          "y": 0.0635775551199913,
          "z": 0.9519967436790466
        },
        "tail": {
          "x": -0.05499136075377464,
          "y": 0.08146340399980545,
          "z": 1.4366941452026367
        },
        "rotation_quaternion": {
          "w": 0.7195835709571838,
          "x": 0.6918761134147644,
          "y": -0.022911468520760536,
          "z": 0.054608821868896484
        },
        "matrix": [
          [
            0.9929858446121216,
            -0.11029499769210815,
            0.0425923615694046,
            -0.0011672666296362877
          ],
          [
            0.04688820242881775,
            0.03665124252438545,
            -0.998227596282959,
            0.0635775551199913
          ],
          [
            0.10853922367095947,
            0.9932299256324768,
            0.04156509041786194,
            0.9519967436790466
          ],
          [
            0.0,
            0.0,
            0.0,
            1.0
          ]
        ]
      },
      "bone_length_armature_space": 0.48800465134518817,
      "parent": "Root",
      "has_children": true,
      "is_end_bone": false
    },
    "neck_01": {
      "name": "neck_01",
      "local": {
        "location": {
          "x": 0.0,
          "y": 0.0,
          "z": 0.0
        },
        "rotation_quaternion": {
          "w": 0.9898015260696411,
          "x": -0.06355510652065277,
          "y": 0.026031650602817535,
          "z": -0.12480439990758896
        },
        "scale": {
          "x": 1.0,
          "y": 1.0,
          "z": 1.0
        },
        "matrix_basis": [
          [
            0.967492401599884,
            0.2437542825937271,
            0.06739624589681625,
            0.0
          ],
          [
            -0.250372052192688,
            0.9607692360877991,
            0.11931615322828293,
            0.0
          ],
          [
            -0.035668421536684036,
            -0.13231161236763,
            0.9905661940574646,
            0.0
          ],
          [
            0.0,
            0.0,
            0.0,
            1.0
          ]
        ],
        "rotation_mode": "QUATERNION"
      },
      "armature_space": {
        "head": {
          "x": -0.06158987060189247,
          "y": -0.013716019690036774,
          "z": 0.5610044002532959
        },
        "tail": {
          "x": -0.04630664736032486,
          "y": -0.03388383612036705,
          "z": 0.660354495048523
        }
      },
      "world_space": {
        "head": {
          "x": -0.06158987060189247,
          "y": 0.049527980387210846,
          "z": 1.510858416557312
        },
        "tail": {
          "x": -0.04630664736032486,
          "y": 0.02936016395688057,
          "z": 1.610208511352539
        },
        "rotation_quaternion": {
          "w": 0.6256383061408997,
          "x": 0.7735150456428528,
          "y": 0.10108093172311783,
          "z": 0.005835445132106543
        },
        "matrix": [
          [
            0.9794970750808716,
            0.14907360076904297,
            0.13550862669944763,
            -0.06158987060189247
          ],
          [
            0.16367776691913605,
            -0.196718230843544,
            -0.9667015075683594,
            0.049527980387210846
          ],
          [
            -0.11745335161685944,
            0.9690675735473633,
            -0.21708732843399048,
            1.510858416557312
          ],
          [
            0.0,
            0.0,
            0.0,
            1.0
          ]
        ]
      },
      "bone_length_armature_space": 0.10252199449573698,
      "parent": "spine_01",
      "has_children": true,
      "is_end_bone": false
    },
    "head": {
      "name": "head",
      "local": {
        "location": {
          "x": 0.0,
          "y": 0.0,
          "z": 0.0
        },
        "rotation_quaternion": {
          "w": 0.9885101318359375,
          "x": -0.09815894812345505,
          "y": -0.06433810293674469,
          "z": 0.09525422751903534
        },
        "scale": {
          "x": 1.0,
          "y": 1.0,
          "z": 1.0
        },
        "matrix_basis": [
          [
            0.9735744595527649,
            -0.17568881809711456,
            -0.14589783549308777,
            0.0
          ],
          [
            0.2009502649307251,
            0.9625828862190247,
            0.18180528283119202,
            0.0
          ],
          [
            0.10849762707948685,
            -0.2063191831111908,
            0.972450852394104,
            0.0
          ],
          [
            0.0,
            0.0,
            0.0,
            1.0
          ]
        ],
        "rotation_mode": "QUATERNION"
      },
      "armature_space": {
        "head": {
          "x": -0.046306632459163666,
          "y": -0.03388397395610809,
          "z": 0.6603543758392334
        },
        "tail": {
          "x": -0.06533998250961304,
          "y": 0.01763860136270523,
          "z": 0.8053938150405884
        }
      },
      "world_space": {
        "head": {
          "x": -0.046306632459163666,
          "y": 0.029360026121139526,
          "z": 1.6102083921432495
        },
        "tail": {
          "x": -0.06533998250961304,
          "y": 0.08088260143995285,
          "z": 1.7552478313446045
        },
        "rotation_quaternion": {
          "w": 0.815981924533844,
          "x": 0.574341893196106,
          "y": -0.016687730327248573,
          "z": 0.06345441192388535
        },
        "matrix": [
          [
            0.9913901090621948,
            -0.12272435426712036,
            0.04565592110157013,
            -0.046306632459163666
          ],
          [
            0.08438705652952194,
            0.33221036195755005,
            -0.9394229054450989,
            0.029360026121139526
          ],
          [
            0.10012345016002655,
            0.9351941347122192,
            0.33970797061920166,
            1.6102083921432495
          ],
          [
            0.0,
            0.0,
            0.0,
            1.0
          ]
        ]
      },
      "bone_length_armature_space": 0.15509120801297704,
      "parent": "neck_01",
      "has_children": false,
      "is_end_bone": true
    },
    "upperarm_l": {
      "name": "upperarm_l",
      "local": {
        "location": {
          "x": 0.0,
          "y": 0.0,
          "z": 0.0
        },
        "rotation_quaternion": {
          "w": 0.8349341154098511,
          "x": 0.5389212369918823,
          "y": -0.06175537407398224,
          "z": -0.09292580932378769
        },
        "scale": {
          "x": 1.0,
          "y": 1.0,
          "z": 1.0
        },
        "matrix_basis": [
          [
            0.9751021265983582,
            0.08861128985881805,
            -0.20328272879123688,
            0.0
          ],
          [
            -0.22173641622066498,
            0.4018573760986328,
            -0.8884501457214355,
            0.0
          ],
          [
            0.0029639529529958963,
            0.9114047884941101,
            0.41150033473968506,
            0.0
          ],
          [
            0.0,
            0.0,
            0.0,
            1.0
          ]
        ],
        "rotation_mode": "QUATERNION"
      },
      "armature_space": {
        "head": {
          "x": 0.0949065163731575,
          "y": -0.01232951320707798,
          "z": 0.5106650590896606
        },
        "tail": {
          "x": 0.224284827709198,
          "y": -0.24681083858013153,
          "z": 0.5013161897659302
        }
      },
      "world_space": {
        "head": {
          "x": 0.0949065163731575,
          "y": 0.05091448873281479,
          "z": 1.4605190753936768
        },
        "tail": {
          "x": 0.224284827709198,
          "y": -0.1835668385028839,
          "z": 1.4511702060699463
        },
        "rotation_quaternion": {
          "w": 0.17683182656764984,
          "x": 0.6332182884216309,
          "y": 0.17667940258979797,
          "z": -0.7324954271316528
        },
        "matrix": [
          [
            -0.13553030788898468,
            0.4828099310398102,
            -0.8651741147041321,
            0.0949065163731575
          ],
          [
            -0.03530443087220192,
            -0.8750301003456116,
            -0.4827796220779419,
            0.05091448873281479
          ],
          [
            -0.9901509881019592,
            -0.034887850284576416,
            0.1356389820575714,
            1.4605190753936768
          ],
          [
            0.0,
            0.0,
            0.0,
            1.0
          ]
        ]
      },
      "bone_length_armature_space": 0.2679694761194595,
      "parent": "spine_01",
      "has_children": true,
      "is_end_bone": false
    },
    "lowerarm_l": {
      "name": "lowerarm_l",
      "local": {
        "location": {
          "x": 0.0,
          "y": 0.0,
          "z": 0.0
        },
        "rotation_quaternion": {
          "w": 0.9043177962303162,
          "x": 0.24786880612373352,
          "y": -0.08266425877809525,
          "z": 0.33754584193229675
        },
        "scale": {
          "x": 1.0,
          "y": 1.0,
          "z": 1.0
        },
        "matrix_basis": [
          [
            0.7584588527679443,
            -0.6514772176742554,
            0.017824649810791016,
            0.0
          ],
          [
            0.5695176124572754,
            0.6492477059364319,
            -0.5041102766990662,
            0.0
          ],
          [
            0.3168436884880066,
            0.3924984037876129,
            0.8634553551673889,
            0.0
          ],
          [
            0.0,
            0.0,
            0.0,
            1.0
          ]
        ],
        "rotation_mode": "QUATERNION"
      },
      "armature_space": {
        "head": {
          "x": 0.224284827709198,
          "y": -0.2468109279870987,
          "z": 0.5013163089752197
        },
        "tail": {
          "x": 0.23852592706680298,
          "y": -0.4180971682071686,
          "z": 0.7063238620758057
        }
      },
      "world_space": {
        "head": {
          "x": 0.224284827709198,
          "y": -0.18356692790985107,
          "z": 1.4511703252792358
        },
        "tail": {
          "x": 0.23852592706680298,
          "y": -0.35485315322875977,
          "z": 1.6561778783798218
        },
        "rotation_quaternion": {
          "w": 0.28030925989151,
          "x": 0.5500196814537048,
          "y": -0.31826838850975037,
          "z": -0.7194515466690063
        },
        "matrix": [
          [
            -0.23781134188175201,
            0.05323287844657898,
            -0.969851553440094,
            0.224284827709198
          ],
          [
            -0.7534459233283997,
            -0.6402637958526611,
            0.14960503578186035,
            -0.18356692790985107
          ],
          [
            -0.613001823425293,
            0.7663133144378662,
            0.192371666431427,
            1.4511703252792358
          ],
          [
            0.0,
            0.0,
            0.0,
            1.0
          ]
        ]
      },
      "bone_length_armature_space": 0.2675254770091688,
      "parent": "upperarm_l",
      "has_children": true,
      "is_end_bone": false
    },
    "metacarpal_thumb_l": {
      "name": "metacarpal_thumb_l",
      "local": {
        "location": {
          "x": 0.0,
          "y": 0.0,
          "z": 0.0
        },
        "rotation_quaternion": {
          "w": 0.9992062449455261,
          "x": -0.03745303303003311,
          "y": 0.01152526680380106,
          "z": 0.007159803528338671
        },
        "scale": {
          "x": 1.0,
          "y": 1.0,
          "z": 1.0
        },
        "matrix_basis": [
          [
            0.9996318221092224,
            -0.015171553008258343,
            0.022495923563838005,
            0.0
          ],
          [
            0.013444928452372551,
            0.9970920085906982,
            0.07501164823770523,
            0.0
          ],
          [
            -0.023568550124764442,
            -0.07468157261610031,
            0.996928870677948,
            0.0
          ],
          [
            0.0,
            0.0,
            0.0,
            1.0
          ]
        ],
        "rotation_mode": "QUATERNION"
      },
      "armature_space": {
        "head": {
          "x": 0.23852592706680298,
          "y": -0.4180971682071686,
          "z": 0.7063238620758057
        },
        "tail": {
          "x": 0.2104034721851349,
          "y": -0.44273221492767334,
          "z": 0.7388175129890442
        }
      },
      "world_space": {
        "head": {
          "x": 0.23852592706680298,
          "y": -0.35485315322875977,
          "z": 1.6561778783798218
        },
        "tail": {
          "x": 0.2104034721851349,
          "y": -0.3794882297515869,
          "z": 1.688671588897705
        },
        "rotation_quaternion": {
          "w": 0.3855971693992615,
          "x": 0.8650820851325989,
          "y": -0.3203819692134857,
          "z": 0.017415327951312065
        },
        "matrix": [
          [
            0.7941035032272339,
            -0.5677441954612732,
            -0.21694697439670563,
            0.23852592706680298
          ],
          [
            -0.5408840179443359,
            -0.49733972549438477,
            -0.6783050894737244,
            -0.35485315322875977
          ],
          [
            0.27720895409584045,
            0.6559917330741882,
            -0.7020285129547119,
            1.6561778783798218
          ],
          [
            0.0,
            0.0,
            0.0,
            1.0
          ]
        ]
      },
      "bone_length_armature_space": 0.04953378039133059,
      "parent": "lowerarm_l",
      "has_children": true,
      "is_end_bone": false
    },
    "thumb_01_l": {
      "name": "thumb_01_l",
      "local": {
        "location": {
          "x": 0.0,
          "y": 0.0,
          "z": 0.0
        },
        "rotation_quaternion": {
          "w": 0.9998747110366821,
          "x": 0.012181254103779793,
          "y": -0.00708749471232295,
          "z": -0.00721674133092165
        },
        "scale": {
          "x": 1.0,
          "y": 1.0,
          "z": 1.0
        },
        "matrix_basis": [
          [
            0.9997953772544861,
            0.014259004965424538,
            -0.014349031262099743,
            0.0
          ],
          [
            -0.014604343101382256,
            0.9995990991592407,
            -0.024257158860564232,
            0.0
          ],
          [
            0.013997395522892475,
            0.02446175366640091,
            0.9996027946472168,
            0.0
          ],
          [
            0.0,
            0.0,
            0.0,
            1.0
          ]
        ],
        "rotation_mode": "QUATERNION"
      },
      "armature_space": {
        "head": {
          "x": 0.2104034721851349,
          "y": -0.44273221492767334,
          "z": 0.7388175129890442
        },
        "tail": {
          "x": 0.18937207758426666,
          "y": -0.46927568316459656,
          "z": 0.7353895306587219
        }
      },
      "world_space": {
        "head": {
          "x": 0.2104034721851349,
          "y": -0.3794882297515869,
          "z": 1.688671588897705
        },
        "tail": {
          "x": 0.18937207758426666,
          "y": -0.40603166818618774,
          "z": 1.6852436065673828
        },
        "rotation_quaternion": {
          "w": 0.23154065012931824,
          "x": 0.5610046982765198,
          "y": -0.23766900599002838,
          "z": 0.7584035992622375
        },
        "matrix": [
          [
            -0.26332521438598633,
            -0.6178693175315857,
            0.7408760190010071,
            0.2104034721851349
          ],
          [
            0.084536612033844,
            -0.7798051238059998,
            -0.620288610458374,
            -0.3794882297515869
          ],
          [
            0.961002767086029,
            -0.10070795565843582,
            0.2575763165950775,
            1.688671588897705
          ],
          [
            0.0,
            0.0,
            0.0,
            1.0
          ]
        ]
      },
      "bone_length_armature_space": 0.034038600533615494,
      "parent": "metacarpal_thumb_l",
      "has_children": true,
      "is_end_bone": false
    },
    "thumb_02_l": {
      "name": "thumb_02_l",
      "local": {
        "location": {
          "x": 0.0,
          "y": 0.0,
          "z": 0.0
        },
        "rotation_quaternion": {
          "w": 0.9937528967857361,
          "x": 0.1114349216222763,
          "y": -0.006090508308261633,
          "z": -0.0006753463530912995
        },
        "scale": {
          "x": 1.0,
          "y": 1.0,
          "z": 1.0
        },
        "matrix_basis": [
          [
            0.999924898147583,
            -1.5135842659219634e-05,
            -0.01225543487817049,
            0.0
          ],
          [
            -0.0026996454689651728,
            0.9751635789871216,
            -0.22146932780742645,
            0.0
          ],
          [
            0.011954406276345253,
            0.22148577868938446,
            0.9750903248786926,
            0.0
          ],
          [
            0.0,
            0.0,
            0.0,
            1.0
          ]
        ],
        "rotation_mode": "QUATERNION"
      },
      "armature_space": {
        "head": {
          "x": 0.18937206268310547,
          "y": -0.4692756235599518,
          "z": 0.7353895306587219
        },
        "tail": {
          "x": 0.19538278877735138,
          "y": -0.49286317825317383,
          "z": 0.7673377990722656
        }
      },
      "world_space": {
        "head": {
          "x": 0.18937206268310547,
          "y": -0.40603160858154297,
          "z": 1.6852436065673828
        },
        "tail": {
          "x": 0.19538278877735138,
          "y": -0.4296191930770874,
          "z": 1.7171918153762817
        },
        "rotation_quaternion": {
          "w": 0.13259567320346832,
          "x": 0.41309353709220886,
          "y": 0.43448951840400696,
          "z": 0.7892977595329285
        },
        "matrix": [
          [
            -0.6235452890396118,
            0.14965322613716125,
            0.7673298716545105,
            0.18937206268310547
          ],
          [
            0.5682841539382935,
            -0.5872752070426941,
            0.5763343572616577,
            -0.40603160858154297
          ],
          [
            0.5368881821632385,
            0.7954369187355042,
            0.28114962577819824,
            1.6852436065673828
          ],
          [
            0.0,
            0.0,
            0.0,
            1.0
          ]
        ]
      },
      "bone_length_armature_space": 0.040164578909192075,
      "parent": "thumb_01_l",
      "has_children": true,
      "is_end_bone": false
    },
    "thumb_03_l": {
      "name": "thumb_03_l",
      "local": {
        "location": {
          "x": 0.0,
          "y": 0.0,
          "z": 0.0
        },
        "rotation_quaternion": {
          "w": 0.9987629652023315,
          "x": 0.049555111676454544,
          "y": 0.0024987536016851664,
          "z": 0.003278153482824564
        },
        "scale": {
          "x": 1.0,
          "y": 1.0,
          "z": 1.0
        },
        "matrix_basis": [
          [
            0.999966025352478,
            -0.006300544366240501,
            0.005316223483532667,
            0.0
          ],
          [
            0.006795848719775677,
            0.9950670599937439,
            -0.09897124022245407,
            0.0
          ],
          [
            -0.004666426684707403,
            0.09900400042533875,
            0.9950761198997498,
            0.0
          ],
          [
            0.0,
            0.0,
            0.0,
            1.0
          ]
        ],
        "rotation_mode": "QUATERNION"
      },
      "armature_space": {
        "head": {
          "x": 0.1953827142715454,
          "y": -0.49286314845085144,
          "z": 0.7673377990722656
        },
        "tail": {
          "x": 0.21044614911079407,
          "y": -0.5052618980407715,
          "z": 0.7907100319862366
        }
      },
      "world_space": {
        "head": {
          "x": 0.1953827142715454,
          "y": -0.4296191334724426,
          "z": 1.7171918153762817
        },
        "tail": {
          "x": 0.21044614911079407,
          "y": -0.44201791286468506,
          "z": 1.7405641078948975
        },
        "rotation_quaternion": {
          "w": 0.10451675951480865,
          "x": -0.31060662865638733,
          "y": -0.534275233745575,
          "z": -0.7791982293128967
        },
        "matrix": [
          [
            -0.785200297832489,
            0.494777113199234,
            0.3723655343055725,
            0.1953827142715454
          ],
          [
            0.16901831328868866,
            -0.4072532057762146,
            0.8975399732589722,
            -0.4296191334724426
          ],
          [
            0.5957334041595459,
            0.7676900625228882,
            0.23615141212940216,
            1.7171918153762817
          ],
          [
            0.0,
            0.0,
            0.0,
            1.0
          ]
        ]
      },
      "bone_length_armature_space": 0.030444988465141796,
      "parent": "thumb_02_l",
      "has_children": false,
      "is_end_bone": true
    },
    "metacarpal_index_l": {
      "name": "metacarpal_index_l",
      "local": {
        "location": {
          "x": 0.0,
          "y": 0.0,
          "z": 0.0
        },
        "rotation_quaternion": {
          "w": 0.9998708963394165,
          "x": -0.009595026262104511,
          "y": -0.01090299617499113,
          "z": -0.006873762235045433
        },
        "scale": {
          "x": 1.0,
          "y": 1.0,
          "z": 1.0
        },
        "matrix_basis": [
          [
            0.999667763710022,
            0.013954978436231613,
            -0.021671269088983536,
            0.0
          ],
          [
            -0.013536520302295685,
            0.999721348285675,
            0.01933746412396431,
            0.0
          ],
          [
            0.021935084834694862,
            -0.01903768628835678,
            0.9995781183242798,
            0.0
          ],
          [
            0.0,
            0.0,
            0.0,
            1.0
          ]
        ],
        "rotation_mode": "QUATERNION"
      },
      "armature_space": {
        "head": {
          "x": 0.23852592706680298,
          "y": -0.4180971682071686,
          "z": 0.7063238620758057
        },
        "tail": {
          "x": 0.21104682981967926,
          "y": -0.48880037665367126,
          "z": 0.7956282496452332
        }
      },
      "world_space": {
        "head": {
          "x": 0.23852592706680298,
          "y": -0.35485315322875977,
          "z": 1.6561778783798218
        },
        "tail": {
          "x": 0.21104682981967926,
          "y": -0.42555636167526245,
          "z": 1.7454822063446045
        },
        "rotation_quaternion": {
          "w": 0.3456956148147583,
          "x": 0.8303472399711609,
          "y": -0.28069016337394714,
          "z": -0.33500897884368896
        },
        "matrix": [
          [
            0.6179638504981995,
            -0.2345198094844818,
            -0.7504139542579651,
            0.23852592706680298
          ],
          [
            -0.6977632641792297,
            -0.6034151911735535,
            -0.3860268294811249,
            -0.35485315322875977
          ],
          [
            -0.36228346824645996,
            0.7621667981147766,
            -0.5365321040153503,
            1.6561778783798218
          ],
          [
            0.0,
            0.0,
            0.0,
            1.0
          ]
        ]
      },
      "bone_length_armature_space": 0.11717217389857548,
      "parent": "lowerarm_l",
      "has_children": true,
      "is_end_bone": false
    },
    "index_01_l": {
      "name": "index_01_l",
      "local": {
        "location": {
          "x": 0.0,
          "y": 0.0,
          "z": 0.0
        },
        "rotation_quaternion": {
          "w": 0.9984183311462402,
          "x": -0.055564384907484055,
          "y": 0.0019300342537462711,
          "z": -0.008352285251021385
        },
        "scale": {
          "x": 1.0,
          "y": 1.0,
          "z": 1.0
        },
        "matrix_basis": [
          [
            0.9998530149459839,
            0.016463667154312134,
            0.0047821421176195145,
            0.0
          ],
          [
            -0.016892632469534874,
            0.9936856627464294,
            0.11092075705528259,
            0.0
          ],
          [
            -0.0029257838614284992,
            -0.11098524183034897,
            0.9938177466392517,
            0.0
          ],
          [
            0.0,
            0.0,
            0.0,
            1.0
          ]
        ],
        "rotation_mode": "QUATERNION"
      },
      "armature_space": {
        "head": {
          "x": 0.21104682981967926,
          "y": -0.48880037665367126,
          "z": 0.7956282496452332
        },
        "tail": {
          "x": 0.21637210249900818,
          "y": -0.5086775422096252,
          "z": 0.8153668642044067
        }
      },
      "world_space": {
        "head": {
          "x": 0.21104682981967926,
          "y": -0.42555636167526245,
          "z": 1.7454822063446045
        },
        "tail": {
          "x": 0.21637210249900818,
          "y": -0.4454335570335388,
          "z": 1.7652208805084229
        },
        "rotation_quaternion": {
          "w": 0.38246509432792664,
          "x": 0.8296915292739868,
          "y": -0.07193298637866974,
          "z": -0.4001975357532501
        },
        "matrix": [
          [
            0.6693360805511475,
            0.18675753474235535,
            -0.7191041707992554,
            0.21104682981967926
          ],
          [
            -0.42548710107803345,
            -0.6970928907394409,
            -0.5770810842514038,
            -0.42555636167526245
          ],
          [
            -0.6090613603591919,
            0.6922349333763123,
            -0.38712960481643677,
            1.7454822063446045
          ],
          [
            0.0,
            0.0,
            0.0,
            1.0
          ]
        ]
      },
      "bone_length_armature_space": 0.028514437018451265,
      "parent": "metacarpal_index_l",
      "has_children": true,
      "is_end_bone": false
    },
    "index_02_l": {
      "name": "index_02_l",
      "local": {
        "location": {
          "x": 0.0,
          "y": 0.0,
          "z": 0.0
        },
        "rotation_quaternion": {
          "w": 0.9871627688407898,
          "x": 0.15958087146282196,
          "y": 0.0048346249386668205,
          "z": -0.004520463291555643
        },
        "scale": {
          "x": 1.0,
          "y": 1.0,
          "z": 1.0
        },
        "matrix_basis": [
          [
            0.9999123811721802,
            0.010467893444001675,
            0.008102364838123322,
            0.0
          ],
          [
            -0.007381838746368885,
            0.9490270018577576,
            -0.3151082992553711,
            0.0
          ],
          [
            -0.010987882502377033,
            0.315020889043808,
            0.9490211606025696,
            0.0
          ],
          [
            0.0,
            0.0,
            0.0,
            1.0
          ]
        ],
        "rotation_mode": "QUATERNION"
      },
      "armature_space": {
        "head": {
          "x": 0.2163717895746231,
          "y": -0.5086778998374939,
          "z": 0.8153671622276306
        },
        "tail": {
          "x": 0.2160996049642563,
          "y": -0.5302194356918335,
          "z": 0.8292948603630066
        }
      },
      "world_space": {
        "head": {
          "x": 0.2163717895746231,
          "y": -0.44543391466140747,
          "z": 1.765221118927002
        },
        "tail": {
          "x": 0.2160996049642563,
          "y": -0.46697545051574707,
          "z": 1.779148817062378
        },
        "rotation_quaternion": {
          "w": 0.2526348829269409,
          "x": 0.8641997575759888,
          "y": -0.12773558497428894,
          "z": -0.4159542918205261
        },
        "matrix": [
          [
            0.6213316321372986,
            -0.010610401630401611,
            -0.7834758758544922,
            0.2163717895746231
          ],
          [
            -0.43094751238822937,
            -0.8397188186645508,
            -0.33038896322250366,
            -0.44543391466140747
          ],
          [
            -0.6543989777565002,
            0.5429211258888245,
            -0.526320219039917,
            1.765221118927002
          ],
          [
            0.0,
            0.0,
            0.0,
            1.0
          ]
        ]
      },
      "bone_length_armature_space": 0.02565331583883684,
      "parent": "index_01_l",
      "has_children": true,
      "is_end_bone": false
    },
    "index_03_l": {
      "name": "index_03_l",
      "local": {
        "location": {
          "x": 0.0,
          "y": 0.0,
          "z": 0.0
        },
        "rotation_quaternion": {
          "w": 0.9775962829589844,
          "x": 0.2104622721672058,
          "y": -0.0032598786056041718,
          "z": 0.0007521502557210624
        },
        "scale": {
          "x": 1.0,
          "y": 1.0,
          "z": 1.0
        },
        "matrix_basis": [
          [
            0.9999775886535645,
            -0.0028427615761756897,
            -0.006057091988623142,
            0.0
          ],
          [
            9.84356738626957e-05,
            0.9114101529121399,
            -0.41149917244911194,
            0.0
          ],
          [
            0.00669028889387846,
            0.4114893674850464,
            0.9113900065422058,
            0.0
          ],
          [
            0.0,
            0.0,
            0.0,
            1.0
          ]
        ],
        "rotation_mode": "QUATERNION"
      },
      "armature_space": {
        "head": {
          "x": 0.21609967947006226,
          "y": -0.5302193760871887,
          "z": 0.8292949199676514
        },
        "tail": {
          "x": 0.2065838873386383,
          "y": -0.5575312972068787,
          "z": 0.8334471583366394
        }
      },
      "world_space": {
        "head": {
          "x": 0.21609967947006226,
          "y": -0.4669753909111023,
          "z": 1.7791489362716675
        },
        "tail": {
          "x": 0.2065838873386383,
          "y": -0.49428731203079224,
          "z": 1.7833011150360107
        },
        "rotation_quaternion": {
          "w": 0.006158879958093166,
          "x": 0.9143533706665039,
          "y": -0.18053077161312103,
          "z": -0.36239293217658997
        },
        "matrix": [
          [
            0.6721597909927368,
            -0.32567474246025085,
            -0.6649338603019714,
            0.21609967947006226
          ],
          [
            -0.33460214734077454,
            -0.9347414374351501,
            0.11958387494087219,
            -0.4669753909111023
          ],
          [
            -0.6604917049407959,
            0.14210903644561768,
            -0.7372720241546631,
            1.7791489362716675
          ],
          [
            0.0,
            0.0,
            0.0,
            1.0
          ]
        ]
      },
      "bone_length_armature_space": 0.029218699354833715,
      "parent": "index_02_l",
      "has_children": false,
      "is_end_bone": true
    },
    "metacarpal_pinky_l": {
      "name": "metacarpal_pinky_l",
      "local": {
        "location": {
          "x": 0.0,
          "y": 0.0,
          "z": 0.0
        },
        "rotation_quaternion": {
          "w": 0.9993419647216797,
          "x": -0.029640089720487595,
          "y": -0.015528762713074684,
          "z": -0.014005276374518871
        },
        "scale": {
          "x": 1.0,
          "y": 1.0,
          "z": 1.0
        },
        "matrix_basis": [
          [
            0.9991254210472107,
            0.02891266904771328,
            -0.03020685352385044,
            0.0
          ],
          [
            -0.027071572840213776,
            0.9978506565093994,
            0.059676140546798706,
            0.0
          ],
          [
            0.03186732530593872,
            -0.05880620330572128,
            0.9977606534957886,
            0.0
          ],
          [
            0.0,
            0.0,
            0.0,
            1.0
          ]
        ],
        "rotation_mode": "QUATERNION"
      },
      "armature_space": {
        "head": {
          "x": 0.23852592706680298,
          "y": -0.4180971682071686,
          "z": 0.7063238620758057
        },
        "tail": {
          "x": 0.27151980996131897,
          "y": -0.4917152523994446,
          "z": 0.7721649408340454
        }
      },
      "world_space": {
        "head": {
          "x": 0.23852592706680298,
          "y": -0.35485315322875977,
          "z": 1.6561778783798218
        },
        "tail": {
          "x": 0.27151980996131897,
          "y": -0.42847126722335815,
          "z": 1.7220189571380615
        },
        "rotation_quaternion": {
          "w": 0.14321354031562805,
          "x": -0.07480290532112122,
          "y": -0.35496625304222107,
          "z": -0.9208112359046936
        },
        "matrix": [
          [
            -0.9477888345718384,
            0.3168504238128662,
            0.036085888743400574,
            0.23852592706680298
          ],
          [
            -0.2106410413980484,
            -0.706977367401123,
            0.6751396059989929,
            -0.35485315322875977
          ],
          [
            0.23943181335926056,
            0.6322925090789795,
            0.7368125915527344,
            1.6561778783798218
          ],
          [
            0.0,
            0.0,
            0.0,
            1.0
          ]
        ]
      },
      "bone_length_armature_space": 0.10413100475321523,
      "parent": "lowerarm_l",
      "has_children": true,
      "is_end_bone": false
    },
    "pinky_01_l": {
      "name": "pinky_01_l",
      "local": {
        "location": {
          "x": 0.0,
          "y": 0.0,
          "z": 0.0
        },
        "rotation_quaternion": {
          "w": 0.9996597766876221,
          "x": 0.019514862447977066,
          "y": 0.01330049429088831,
          "z": -0.0110715227201581
        },
        "scale": {
          "x": 1.0,
          "y": 1.0,
          "z": 1.0
        },
        "matrix_basis": [
          [
            0.9994010329246521,
            0.02265462651848793,
            0.026159819215536118,
            0.0
          ],
          [
            -0.02161639742553234,
            0.9989931583404541,
            -0.03931095823645592,
            0.0
          ],
          [
            -0.027024056762456894,
            0.03872193396091461,
            0.9988845586776733,
            0.0
          ],
          [
            0.0,
            0.0,
            0.0,
            1.0
          ]
        ],
        "rotation_mode": "QUATERNION"
      },
      "armature_space": {
        "head": {
          "x": 0.27151980996131897,
          "y": -0.4917152523994446,
          "z": 0.7721649408340454
        },
