{
  "metadata": {
    "armature_name": "KIM_caucasian_male",
    "export_time": "2026-01-13T19:11:44.026630",
    "blender_version": "4.4.1",
    "bone_count": 56,
    "end_bone_count": 13,
    "spaces_included": [
      "LOCAL_CHANNELS",
      "ARMATURE_SPACE",
      "WORLD_SPACE"
    ],
    "note": "LOCAL matches Transform panel; replay pose via local.matrix_basis for best fidelity."
  },
  "bones": {
    "Root": {
      "name": "Root",
      "local": {
        "location": {
          "x": 0.0,
          "y": 0.0,
          "z": 0.0
        },
        "rotation_quaternion": {
          "w": 0.9998472929000854,
          "x": -0.012519930489361286,
          "y": -0.012054048478603363,
          "z": -0.0018560995813459158
        },
        "scale": {
          "x": 1.0,
          "y": 1.0,
          "z": 1.0
        },
        "matrix_basis": [
          [
            0.999702513217926,
            0.004013463854789734,
            -0.024057939648628235,
            0.0
          ],
          [
            -0.003409800585359335,
            0.9996796250343323,
            0.025080785155296326,
            0.0
          ],
          [
            0.024150891229510307,
            -0.024991290643811226,
            0.9993959069252014,
            0.0
          ],
          [
            0.0,
            0.0,
            0.0,
            1.0
          ]
        ],
        "rotation_mode": "QUATERNION"
      },
      "armature_space": {
        "head": {
          "x": 0.0,
          "y": 0.07072800397872925,
          "z": -0.009595036506652832
        },
        "tail": {
          "x": 0.0002864644629880786,
          "y": 0.00026245415210723877,
          "z": 0.0017645228654146194
        }
      },
      "world_space": {
        "head": {
          "x": 0.0,
          "y": 0.13397200405597687,
          "z": 0.9402589797973633
        },
        "tail": {
          "x": 0.0002864644629880786,
          "y": 0.06350645422935486,
          "z": 0.9516185522079468
        },
        "rotation_quaternion": {
          "w": 0.07984884828329086,
          "x": 0.9967324137687683,
          "y": 0.001039826893247664,
          "z": -0.012151706963777542
        },
        "matrix": [
          [
            0.999702513217926,
            0.004013463854789734,
            -0.024057939648628235,
            0.0
          ],
          [
            0.00013225339353084564,
            -0.9872461557388306,
            -0.15920160710811615,
            0.13397200405597687
          ],
          [
            -0.02439022623002529,
            0.15915125608444214,
            -0.9869599938392639,
            0.9402589797973633
          ],
          [
            0.0,
            0.0,
            0.0,
            1.0
          ]
        ]
      },
      "bone_length_armature_space": 0.0713758744563065,
      "parent": null,
      "has_children": true,
      "is_end_bone": false
    },
    "spine_01": {
      "name": "spine_01",
      "local": {
        "location": {
          "x": 0.0,
          "y": 0.0,
          "z": 0.0
        },
        "rotation_quaternion": {
          "w": 0.9971401691436768,
          "x": -0.021098269149661064,
          "y": -0.05214126408100128,
          "z": 0.05047465115785599
        },
        "scale": {
          "x": 1.0,
          "y": 1.0,
          "z": 1.0
        },
        "matrix_basis": [
          [
            0.989467203617096,
            -0.09846042096614838,
            -0.10611415654420853,
            0.0
          ],
          [
            0.10286078602075577,
            0.994014322757721,
            0.03681223839521408,
            0.0
          ],
          [
            0.10185444355010986,
            -0.047339487820863724,
            0.9936723113059998,
            0.0
          ],
          [
            0.0,
            0.0,
            0.0,
            1.0
          ]
        ],
        "rotation_mode": "QUATERNION"
      },
      "armature_space": {
        "head": {
          "x": 0.0002864644629880786,
          "y": 0.00026245415210723877,
          "z": 0.0017645228654146194
        },
        "tail": {
          "x": -0.03599546477198601,
          "y": 0.05809671804308891,
          "z": 0.484969824552536
        }
      },
      "world_space": {
        "head": {
          "x": 0.0002864644629880786,
          "y": 0.06350645422935486,
          "z": 0.9516185522079468
        },
        "tail": {
          "x": -0.03599546477198601,
          "y": 0.12134072184562683,
          "z": 1.4348238706588745
        },
        "rotation_quaternion": {
          "w": 0.7451394200325012,
          "x": 0.6638525724411011,
          "y": -0.06342928856611252,
          "z": -0.006621137261390686
        },
        "matrix": [
          [
            0.991865873336792,
            -0.07434802502393723,
            -0.1033177524805069,
            0.0002864644629880786
          ],
          [
            -0.09408220648765564,
            0.11851254105567932,
            -0.9884855151176453,
            0.06350645422935486
          ],
          [
            0.08573691546916962,
            0.990172266960144,
            0.11055360734462738,
            0.9516185522079468
          ],
          [
            0.0,
            0.0,
            0.0,
            1.0
          ]
        ]
      },
      "bone_length_armature_space": 0.48800464472532257,
      "parent": "Root",
      "has_children": true,
      "is_end_bone": false
    },
    "neck_01": {
      "name": "neck_01",
      "local": {
        "location": {
          "x": 0.0,
          "y": 0.0,
          "z": 0.0
        },
        "rotation_quaternion": {
          "w": 0.9889882802963257,
          "x": -0.030080333352088928,
          "y": 0.04585582762956619,
          "z": -0.13745804131031036
        },
        "scale": {
          "x": 1.0,
          "y": 1.0,
          "z": 1.0
        },
        "matrix_basis": [
          [
            0.9580050706863403,
            0.26913008093833923,
            0.09897132217884064,
            0.0
          ],
          [
            -0.2746475040912628,
            0.9604009389877319,
            0.04689168930053711,
            0.0
          ],
          [
            -0.08243218809366226,
            -0.07210469990968704,
            0.9939848184585571,
            0.0
          ],
          [
            0.0,
            0.0,
            0.0,
            1.0
          ]
        ],
        "rotation_mode": "QUATERNION"
      },
      "armature_space": {
        "head": {
          "x": -0.04502221569418907,
          "y": 0.03249291330575943,
          "z": 0.5613027215003967
        },
        "tail": {
          "x": -0.027784133329987526,
          "y": 0.010760940611362457,
          "z": 0.6600008606910706
        }
      },
      "world_space": {
        "head": {
          "x": -0.04502221569418907,
          "y": 0.09573691338300705,
          "z": 1.5111567974090576
        },
        "tail": {
          "x": -0.027784133329987526,
          "y": 0.07400494068861008,
          "z": 1.6098549365997314
        },
        "rotation_quaternion": {
          "w": 0.6233861446380615,
          "x": 0.7772513628005981,
          "y": 0.07349849492311478,
          "z": -0.043221745640039444
        },
        "matrix": [
          [
            0.9854597449302673,
            0.1681414097547531,
            0.02444850653409958,
            -0.04502221569418907
          ],
          [
            0.06036686152219772,
            -0.2119751274585724,
            -0.9754090905189514,
            0.09573691338300705
          ],
          [
            -0.15882517397403717,
            0.9627084732055664,
            -0.2190454751253128,
            1.5111567974090576
          ],
          [
            0.0,
            0.0,
            0.0,
            1.0
          ]
        ]
      },
      "bone_length_armature_space": 0.10252196433360002,
      "parent": "spine_01",
      "has_children": true,
      "is_end_bone": false
    },
    "head": {
      "name": "head",
      "local": {
        "location": {
          "x": 0.0,
          "y": 0.0,
          "z": 0.0
        },
        "rotation_quaternion": {
          "w": 0.9800262451171875,
          "x": -0.02376268431544304,
          "y": 0.020721476525068283,
          "z": -0.19635319709777832
        },
        "scale": {
          "x": 1.0,
          "y": 1.0,
          "z": 1.0
        },
        "matrix_basis": [
          [
            0.9220320582389832,
            0.38387778401374817,
            0.04994694143533707,
            0.0
          ],
          [
            -0.3858473598957062,
            0.9217615127563477,
            0.03843865171074867,
            0.0
          ],
          [
            -0.0312834233045578,
            -0.05471356585621834,
            0.9980118870735168,
            0.0
          ],
          [
            0.0,
            0.0,
            0.0,
            1.0
          ]
        ],
        "rotation_mode": "QUATERNION"
      },
      "armature_space": {
        "head": {
          "x": -0.027784142643213272,
          "y": 0.010760802775621414,
          "z": 0.660000741481781
        },
        "tail": {
          "x": 0.05128118023276329,
          "y": 0.0447012297809124,
          "z": 0.7890353798866272
        }
      },
      "world_space": {
        "head": {
          "x": -0.027784142643213272,
          "y": 0.07400479912757874,
          "z": 1.6098546981811523
        },
        "tail": {
          "x": 0.05128118023276329,
          "y": 0.10794523358345032,
          "z": 1.738889455795288
        },
        "rotation_quaternion": {
          "w": 0.7486761808395386,
          "x": 0.6035501956939697,
          "y": 0.2211446613073349,
          "z": -0.16219177842140198
        },
        "matrix": [
          [
            0.8495781421661377,
            0.5098021626472473,
            0.13534793257713318,
            -0.027784142643213272
          ],
          [
            0.024082837626338005,
            0.21884313225746155,
            -0.9754630923271179,
            0.07400479912757874
          ],
          [
            -0.5269165635108948,
            0.8319973349571228,
            0.17364713549613953,
            1.6098546981811523
          ],
          [
            0.0,
            0.0,
            0.0,
            1.0
          ]
        ]
      },
      "bone_length_armature_space": 0.15509098995629156,
      "parent": "neck_01",
      "has_children": false,
      "is_end_bone": true
    },
    "upperarm_l": {
      "name": "upperarm_l",
      "local": {
        "location": {
          "x": 0.0,
          "y": 0.0,
          "z": 0.0
        },
        "rotation_quaternion": {
          "w": 0.8403767347335815,
          "x": 0.43217942118644714,
          "y": 0.06919708847999573,
          "z": 0.31968697905540466
        },
        "scale": {
          "x": 1.0,
          "y": 1.0,
          "z": 1.0
        },
        "matrix_basis": [
          [
            0.7860239744186401,
            -0.4775038957595825,
            0.3926275074481964,
            0.0
          ],
          [
            0.5971261262893677,
            0.4220423698425293,
            -0.6821442246437073,
            0.0
          ],
          [
            0.16002102196216583,
            0.7706298828125,
            0.6168653964996338,
            0.0
          ],
          [
            0.0,
            0.0,
            0.0,
            1.0
          ]
        ],
        "rotation_mode": "QUATERNION"
      },
      "armature_space": {
        "head": {
          "x": 0.10842493176460266,
          "y": 0.007263213396072388,
          "z": 0.5079686641693115
        },
        "tail": {
          "x": 0.2011813521385193,
          "y": -0.1926981508731842,
          "z": 0.6603484749794006
        }
      },
      "world_space": {
        "head": {
          "x": 0.10842493176460266,
          "y": 0.07050721347332001,
          "z": 1.4578226804733276
        },
        "tail": {
          "x": 0.2011813521385193,
          "y": -0.12945415079593658,
          "z": 1.6102025508880615
        },
        "rotation_quaternion": {
          "w": 0.35541269183158875,
          "x": 0.8291100859642029,
          "y": 0.024029701948165894,
          "z": -0.4309072494506836
        },
        "matrix": [
          [
            0.6274840235710144,
            0.34614551067352295,
            -0.6974577903747559,
            0.10842493176460266
          ],
          [
            -0.26645272970199585,
            -0.7462096214294434,
            -0.6100611686706543,
            0.07050721347332001
          ],
          [
            -0.7316247224807739,
            0.5686463117599487,
            -0.376006156206131,
            1.4578226804733276
          ],
          [
            0.0,
            0.0,
            0.0,
            1.0
          ]
        ]
      },
      "bone_length_armature_space": 0.2679699722573568,
      "parent": "spine_01",
      "has_children": true,
      "is_end_bone": false
    },
    "lowerarm_l": {
      "name": "lowerarm_l",
      "local": {
        "location": {
          "x": 0.0,
          "y": 0.0,
          "z": 0.0
        },
        "rotation_quaternion": {
          "w": 0.8875018358230591,
          "x": 0.3323170244693756,
          "y": 0.16106265783309937,
          "z": -0.2756170928478241
        },
        "scale": {
          "x": 1.0,
          "y": 1.0,
          "z": 1.0
        },
        "matrix_basis": [
          [
            0.7961880564689636,
            0.5962690711021423,
            0.1027023047208786,
            0.0
          ],
          [
            -0.382173627614975,
            0.6272011995315552,
            -0.6786471605300903,
            0.0
          ],
          [
            -0.46907129883766174,
            0.5010806918144226,
            0.7272484302520752,
            0.0
          ],
          [
            0.0,
            0.0,
            0.0,
            1.0
          ]
        ],
        "rotation_mode": "QUATERNION"
      },
      "armature_space": {
        "head": {
          "x": 0.20118126273155212,
          "y": -0.19269822537899017,
          "z": 0.660348653793335
        },
        "tail": {
          "x": 0.21447540819644928,
          "y": -0.4509018659591675,
          "z": 0.5916200280189514
        }
      },
      "world_space": {
        "head": {
          "x": 0.20118126273155212,
          "y": -0.12945422530174255,
          "z": 1.610202670097351
        },
        "tail": {
          "x": 0.21447540819644928,
          "y": -0.38765788078308105,
          "z": 1.5414741039276123
        },
        "rotation_quaternion": {
          "w": 0.111446812748909,
          "x": -0.9226087927818298,
          "y": -0.0707130953669548,
          "z": 0.3624532222747803
        },
        "matrix": [
          [
            0.7272548079490662,
            0.04969319701194763,
            -0.6845665574073792,
            0.20118126273155212
          ],
          [
            0.2112695425748825,
            -0.9651588797569275,
            0.1543821096420288,
            -0.12945422530174255
          ],
          [
            -0.6530478000640869,
            -0.25690585374832153,
            -0.7124196290969849,
            1.610202670097351
          ],
          [
            0.0,
            0.0,
            0.0,
            1.0
          ]
        ]
      },
      "bone_length_armature_space": 0.26752471306448766,
      "parent": "upperarm_l",
      "has_children": true,
      "is_end_bone": false
    },
    "metacarpal_thumb_l": {
      "name": "metacarpal_thumb_l",
      "local": {
        "location": {
          "x": 0.0,
          "y": 0.0,
          "z": 0.0
        },
        "rotation_quaternion": {
          "w": 0.9995510578155518,
          "x": -0.024585716426372528,
          "y": 0.01290489174425602,
          "z": -0.011265433393418789
        },
        "scale": {
          "x": 1.0,
          "y": 1.0,
          "z": 1.0
        },
        "matrix_basis": [
          [
            0.9994131326675415,
            0.021886199712753296,
            0.026352133601903915,
            0.0
          ],
          [
            -0.023155303671956062,
            0.9985372424125671,
            0.04885859787464142,
            0.0
          ],
          [
            -0.02524425834417343,
            -0.04944011569023132,
            0.9984580278396606,
            0.0
          ],
          [
            0.0,
            0.0,
            0.0,
            1.0
          ]
        ],
        "rotation_mode": "QUATERNION"
      },
      "armature_space": {
        "head": {
          "x": 0.21447540819644928,
          "y": -0.4509018659591675,
          "z": 0.5916200280189514
        },
        "tail": {
          "x": 0.20194032788276672,
          "y": -0.48378947377204895,
          "z": 0.5567649006843567
        }
      },
      "world_space": {
        "head": {
          "x": 0.21447540819644928,
          "y": -0.38765788078308105,
          "z": 1.5414741039276123
        },
        "tail": {
          "x": 0.20194032788276672,
          "y": -0.42054545879364014,
          "z": 1.5066189765930176
        },
        "rotation_quaternion": {
          "w": 0.3058913052082062,
          "x": -0.8459799885749817,
          "y": 0.272870808839798,
          "z": -0.34101319313049316
        },
        "matrix": [
          [
            0.6185028553009033,
            -0.2530619204044342,
            0.7439181804656982,
            0.21447540819644928
          ],
          [
            -0.6703127026557922,
            -0.6639444231987,
            0.33144959807395935,
            -0.38765788078308105
          ],
          [
            0.41004517674446106,
            -0.7036654949188232,
            -0.5802857279777527,
            1.5414741039276123
          ],
          [
            0.0,
            0.0,
            0.0,
            1.0
          ]
        ]
      },
      "bone_length_armature_space": 0.049533855892116806,
      "parent": "lowerarm_l",
      "has_children": true,
      "is_end_bone": false
    },
    "thumb_01_l": {
      "name": "thumb_01_l",
      "local": {
        "location": {
          "x": 0.0,
          "y": 0.0,
          "z": 0.0
        },
        "rotation_quaternion": {
          "w": 0.9878679513931274,
          "x": 0.1534782201051712,
          "y": 0.023692306131124496,
          "z": 0.00039313617162406445
        },
        "scale": {
          "x": 1.0,
          "y": 1.0,
          "z": 1.0
        },
        "matrix_basis": [
          [
            0.9988770484924316,
            0.006495772860944271,
            0.04693041369318962,
            0.0
          ],
          [
            0.00804923940449953,
            0.952888548374176,
            -0.30321380496025085,
            0.0
          ],
          [
            -0.04668906331062317,
            0.3032510578632355,
            0.9517661929130554,
            0.0
          ],
          [
            0.0,
            0.0,
            0.0,
            1.0
          ]
        ],
        "rotation_mode": "QUATERNION"
      },
      "armature_space": {
        "head": {
          "x": 0.20194032788276672,
          "y": -0.48378947377204895,
          "z": 0.5567649006843567
        },
        "tail": {
          "x": 0.21862123906612396,
          "y": -0.49470266699790955,
          "z": 0.5291734933853149
        }
      },
      "world_space": {
        "head": {
          "x": 0.20194032788276672,
          "y": -0.42054545879364014,
          "z": 1.5066189765930176
        },
        "tail": {
          "x": 0.21862123906612396,
          "y": -0.43145865201950073,
          "z": 1.479027509689331
        },
        "rotation_quaternion": {
          "w": 0.36338913440704346,
          "x": -0.10487361997365952,
          "y": 0.4556773006916046,
          "z": -0.8057965636253357
        },
        "matrix": [
          [
            -0.7138984799385071,
            0.4900588393211365,
            0.5001915693283081,
            0.20194032788276672
          ],
          [
            -0.6812140941619873,
            -0.32061269879341125,
            -0.6581451296806335,
            -0.42054545879364014
          ],
          [
            -0.1621636152267456,
            -0.8105921149253845,
            0.5627230405807495,
            1.5066189765930176
          ],
          [
            0.0,
            0.0,
            0.0,
            1.0
          ]
        ]
      },
      "bone_length_armature_space": 0.03403874773107367,
      "parent": "metacarpal_thumb_l",
      "has_children": true,
      "is_end_bone": false
    },
    "thumb_02_l": {
      "name": "thumb_02_l",
      "local": {
        "location": {
          "x": 0.0,
          "y": 0.0,
          "z": 0.0
        },
        "rotation_quaternion": {
          "w": 0.9317728877067566,
          "x": 0.3629881739616394,
          "y": -5.901640543015674e-05,
          "z": 0.006241936702281237
        },
        "scale": {
          "x": 1.0,
          "y": 1.0,
          "z": 1.0
        },
        "matrix_basis": [
          [
            0.9999220967292786,
            -0.011674979701638222,
            0.00442151864990592,
            0.0
          ],
          [
            0.011589290574193,
            0.7364012598991394,
            -0.6764458417892456,
            0.0
          ],
          [
            0.004641478415578604,
            0.6764443516731262,
            0.7364791631698608,
            0.0
          ],
          [
            0.0,
            0.0,
            0.0,
            1.0
          ]
        ],
        "rotation_mode": "QUATERNION"
      },
      "armature_space": {
        "head": {
          "x": 0.21862122416496277,
          "y": -0.49470260739326477,
          "z": 0.5291734933853149
        },
        "tail": {
          "x": 0.21061062812805176,
          "y": -0.5287498235702515,
          "z": 0.5489168763160706
        }
      },
      "world_space": {
        "head": {
          "x": 0.21862122416496277,
          "y": -0.43145859241485596,
          "z": 1.479027509689331
        },
        "tail": {
          "x": 0.21061062812805176,
          "y": -0.46550583839416504,
          "z": 1.4987709522247314
        },
        "rotation_quaternion": {
          "w": 0.0457284078001976,
          "x": -0.20878557860851288,
          "y": 0.27214133739471436,
          "z": 0.9382199645042419
        },
        "matrix": [
          [
            -0.9086352586746216,
            -0.19944506883621216,
            -0.3668840825557709,
            0.21862122416496277
          ],
          [
            -0.02783159352838993,
            -0.84769606590271,
            0.5297520160675049,
            -0.43145859241485596
          ],
          [
            -0.41666534543037415,
            0.49156486988067627,
            0.764701247215271,
            1.479027509689331
          ],
          [
            0.0,
            0.0,
            0.0,
            1.0
          ]
        ]
      },
      "bone_length_armature_space": 0.040164458306009225,
      "parent": "thumb_01_l",
      "has_children": true,
      "is_end_bone": false
    },
    "thumb_03_l": {
      "name": "thumb_03_l",
      "local": {
        "location": {
          "x": 0.0,
          "y": 0.0,
          "z": 0.0
        },
        "rotation_quaternion": {
          "w": 0.977157711982727,
          "x": 0.21238435804843903,
          "y": -0.006971869617700577,
          "z": 0.002657928504049778
        },
        "scale": {
          "x": 1.0,
          "y": 1.0,
          "z": 1.0
        },
        "matrix_basis": [
          [
            0.9998886585235596,
            -0.008155862800776958,
            -0.012496227398514748,
            0.0
          ],
          [
            0.0022329986095428467,
            0.9097716212272644,
            -0.41510307788848877,
            0.0
          ],
          [
            0.014754237607121468,
            0.41502895951271057,
            0.9096885323524475,
            0.0
          ],
          [
            0.0,
            0.0,
            0.0,
            1.0
          ]
        ],
        "rotation_mode": "QUATERNION"
      },
      "armature_space": {
        "head": {
          "x": 0.21061062812805176,
          "y": -0.5287498235702515,
          "z": 0.5489168167114258
        },
        "tail": {
          "x": 0.1987282931804657,
          "y": -0.5388758778572083,
          "z": 0.575054407119751
        }
      },
      "world_space": {
        "head": {
          "x": 0.21061062812805176,
          "y": -0.46550583839416504,
          "z": 1.498770833015442
        },
        "tail": {
          "x": 0.1987282931804657,
          "y": -0.4756318926811218,
          "z": 1.524908423423767
        },
        "rotation_quaternion": {
          "w": 0.005554314702749252,
          "x": 0.34494516253471375,
          "y": -0.5776405334472656,
          "z": -0.7398063540458679
        },
        "matrix": [
          [
            -0.7619652152061462,
            -0.390289843082428,
            -0.5168008804321289,
            0.21061062812805176
          ],
          [
            -0.406725138425827,
            -0.332601934671402,
            0.8508532047271729,
            -0.46550583839416504
          ],
          [
            -0.5039718747138977,
            0.8585218787193298,
            0.0946919322013855,
            1.498770833015442
          ],
          [
            0.0,
            0.0,
            0.0,
            1.0
          ]
        ]
      },
      "bone_length_armature_space": 0.030445040922751434,
      "parent": "thumb_02_l",
      "has_children": false,
      "is_end_bone": true
    },
    "metacarpal_index_l": {
      "name": "metacarpal_index_l",
      "local": {
        "location": {
          "x": 0.0,
          "y": 0.0,
          "z": 0.0
        },
        "rotation_quaternion": {
          "w": 0.9991071820259094,
          "x": -0.033500779420137405,
          "y": -0.01728176698088646,
          "z": -0.01907600648701191
        },
        "scale": {
          "x": 1.0,
          "y": 1.0,
          "z": 1.0
        },
        "matrix_basis": [
          [
            0.9986748695373535,
            0.03927585482597351,
            -0.03325455263257027,
            0.0
          ],
          [
            -0.036960043013095856,
            0.9970276355743408,
            0.06760106980800629,
            0.0
          ],
          [
            0.03581079840660095,
            -0.06628240644931793,
            0.9971580505371094,
            0.0
          ],
          [
            0.0,
            0.0,
            0.0,
            1.0
          ]
        ],
        "rotation_mode": "QUATERNION"
      },
      "armature_space": {
        "head": {
          "x": 0.21447540819644928,
          "y": -0.4509018659591675,
          "z": 0.5916200280189514
        },
        "tail": {
          "x": 0.20275089144706726,
          "y": -0.5559535622596741,
          "z": 0.5410636067390442
        }
      },
      "world_space": {
        "head": {
          "x": 0.21447540819644928,
          "y": -0.38765788078308105,
          "z": 1.5414741039276123
        },
        "tail": {
          "x": 0.20275089144706726,
          "y": -0.49270957708358765,
          "z": 1.490917682647705
        },
        "rotation_quaternion": {
          "w": 0.2172941267490387,
          "x": -0.9712994694709778,
          "y": 0.06710229068994522,
          "z": -0.06969879567623138
        },
        "matrix": [
          [
            0.9812787771224976,
            -0.10006272792816162,
            0.16455884277820587,
            0.21447540819644928
          ],
          [
            -0.16064311563968658,
            -0.8965615630149841,
            0.41276100277900696,
            -0.38765788078308105
          ],
          [
            0.10623563081026077,
            -0.43147262930870056,
            -0.8958566784858704,
            1.5414741039276123
          ],
          [
            0.0,
            0.0,
            0.0,
            1.0
          ]
        ]
      },
      "bone_length_armature_space": 0.11717198748535632,
      "parent": "lowerarm_l",
      "has_children": true,
      "is_end_bone": false
    },
    "index_01_l": {
      "name": "index_01_l",
      "local": {
        "location": {
          "x": 0.0,
          "y": 0.0,
          "z": 0.0
        },
        "rotation_quaternion": {
          "w": 0.9742215871810913,
          "x": 0.22532786428928375,
          "y": -0.007723120041191578,
          "z": -0.007759111933410168
        },
        "scale": {
          "x": 1.0,
          "y": 1.0,
          "z": 1.0
        },
        "matrix_basis": [
          [
            0.9997602701187134,
            0.01163772027939558,
            -0.018544748425483704,
            0.0
          ],
          [
            -0.018598657101392746,
            0.8983343243598938,
            -0.43891867995262146,
            0.0
          ],
          [
            0.011551372706890106,
            0.4391583800315857,
            0.8983353972434998,
            0.0
          ],
          [
            0.0,
            0.0,
            0.0,
            1.0
          ]
        ],
        "rotation_mode": "QUATERNION"
      },
      "armature_space": {
        "head": {
          "x": 0.20275089144706726,
          "y": -0.5559535622596741,
          "z": 0.5410636067390442
        },
        "tail": {
          "x": 0.21135221421718597,
          "y": -0.576421320438385,
          "z": 0.5231704711914062
        }
      },
      "world_space": {
        "head": {
          "x": 0.20275089144706726,
          "y": -0.49270957708358765,
          "z": 1.490917682647705
        },
        "tail": {
          "x": 0.21135221421718597,
          "y": -0.5131773352622986,
          "z": 1.4730244874954224
        },
        "rotation_quaternion": {
          "w": 0.3523979187011719,
          "x": -0.9226301312446594,
          "y": -0.13005280494689941,
          "z": -0.08749653398990631
        },
        "matrix": [
          [
            0.9508613348007202,
            0.3016486167907715,
            0.06979234516620636,
            0.20275089144706726
          ],
          [
            0.17831508815288544,
            -0.7178043723106384,
            0.6730238795280457,
            -0.49270957708358765
          ],
          [
            0.25311577320098877,
            -0.6275122761726379,
            -0.7363250851631165,
            1.490917682647705
          ],
          [
            0.0,
            0.0,
            0.0,
            1.0
          ]
        ]
      },
      "bone_length_armature_space": 0.028514490794951226,
      "parent": "metacarpal_index_l",
      "has_children": true,
      "is_end_bone": false
    },
    "index_02_l": {
      "name": "index_02_l",
      "local": {
        "location": {
          "x": 0.0,
          "y": 0.0,
          "z": 0.0
        },
        "rotation_quaternion": {
          "w": 0.9208324551582336,
          "x": 0.38987287878990173,
          "y": -0.004063470289111137,
          "z": -0.007093556225299835
        },
        "scale": {
          "x": 1.0,
          "y": 1.0,
          "z": 1.0
        },
        "matrix_basis": [
          [
            0.9998663663864136,
            0.00989548023790121,
            -0.013014720752835274,
            0.0
          ],
          [
            -0.016232427209615707,
            0.69589763879776,
            -0.7179575562477112,
            0.0
          ],
          [
            0.001952380291186273,
            0.7180728316307068,
            0.6959652304649353,
            0.0
          ],
          [
            0.0,
            0.0,
            0.0,
            1.0
          ]
        ],
        "rotation_mode": "QUATERNION"
      },
      "armature_space": {
        "head": {
          "x": 0.21135210990905762,
          "y": -0.5764213800430298,
          "z": 0.5231699347496033
        },
        "tail": {
          "x": 0.21780472993850708,
          "y": -0.5778090357780457,
          "z": 0.49838006496429443
        }
      },
      "world_space": {
        "head": {
          "x": 0.21135210990905762,
          "y": -0.5131773948669434,
          "z": 1.4730238914489746
        },
        "tail": {
          "x": 0.21780472993850708,
          "y": -0.5145650506019592,
          "z": 1.4482340812683105
        },
        "rotation_quaternion": {
          "w": 0.6651363372802734,
          "x": -0.7259777784347534,
          "y": -0.17477741837501526,
          "z": 0.0016817532014101744
        },
        "matrix": [
          [
            0.9388997554779053,
            0.25153183937072754,
            -0.23494483530521393,
            0.21135210990905762
          ],
          [
            0.25600799918174744,
            -0.05409359931945801,
            0.9651602506637573,
            -0.5131773948669434
          ],
          [
            0.23006124794483185,
            -0.9663429856300354,
            -0.11518245935440063,
            1.4730238914489746
          ],
          [
            0.0,
            0.0,
            0.0,
            1.0
          ]
        ]
      },
      "bone_length_armature_space": 0.02565345038860452,
      "parent": "index_01_l",
      "has_children": true,
      "is_end_bone": false
    },
    "index_03_l": {
      "name": "index_03_l",
      "local": {
        "location": {
          "x": 0.0,
          "y": 0.0,
          "z": 0.0
        },
        "rotation_quaternion": {
          "w": 0.9612969756126404,
          "x": 0.2754242420196533,
          "y": -0.005140270572155714,
          "z": 0.004831039346754551
        },
        "scale": {
          "x": 1.0,
          "y": 1.0,
          "z": 1.0
        },
        "matrix_basis": [
          [
            0.9999004602432251,
            -0.012119636870920658,
            -0.00722148222848773,
            0.0
          ],
          [
            0.006456616800278425,
            0.8482363224029541,
            -0.5295786261558533,
            0.0
          ],
          [
            0.012543823570013046,
            0.5294793248176575,
            0.8482301235198975,
            0.0
          ],
          [
            0.0,
            0.0,
            0.0,
            1.0
          ]
        ],
        "rotation_mode": "QUATERNION"
      },
      "armature_space": {
        "head": {
          "x": 0.21780472993850708,
          "y": -0.5778091549873352,
          "z": 0.4983800947666168
        },
        "tail": {
          "x": 0.22225543856620789,
          "y": -0.5613470673561096,
          "z": 0.474653959274292
        }
      },
      "world_space": {
        "head": {
          "x": 0.21780472993850708,
          "y": -0.5145651698112488,
          "z": 1.4482340812683105
        },
        "tail": {
          "x": 0.22225543856620789,
          "y": -0.4981030821800232,
          "z": 1.424507975578308
        },
        "rotation_quaternion": {
          "w": 0.8638982772827148,
          "x": -0.46702441573143005,
          "y": -0.18810848891735077,
          "z": 0.013530869036912918
        },
        "matrix": [
          [
            0.9288644790649414,
            0.15232399106025696,
            -0.33765095472335815,
            0.21780472993850708
          ],
          [
            0.1990806758403778,
            0.5634103417396545,
            0.8018330335617065,
            -0.5145651698112488
          ],
          [
            0.31237658858299255,
            -0.8120189905166626,
            0.4930112361907959,
            1.4482340812683105
          ],
          [
            0.0,
            0.0,
            0.0,
            1.0
          ]
        ]
      },
      "bone_length_armature_space": 0.029218805840603917,
      "parent": "index_02_l",
      "has_children": false,
      "is_end_bone": true
    },
    "metacarpal_pinky_l": {
      "name": "metacarpal_pinky_l",
      "local": {
        "location": {
          "x": 0.0,
          "y": 0.0,
          "z": 0.0
        },
        "rotation_quaternion": {
          "w": 0.9990262389183044,
          "x": -0.04165042191743851,
          "y": -0.013741875067353249,
          "z": -0.004811780992895365
        },
        "scale": {
          "x": 1.0,
          "y": 1.0,
          "z": 1.0
        },
        "matrix_basis": [
          [
            0.9995760321617126,
            0.01075890101492405,
            -0.02705616131424904,
            0.0
          ],
          [
            -0.008469481021165848,
            0.9964841604232788,
            0.0833519771695137,
            0.0
          ],
          [
            0.027857812121510506,
            -0.0830874815583229,
            0.9961528182029724,
            0.0
          ],
          [
            0.0,
            0.0,
            0.0,
            1.0
          ]
        ],
        "rotation_mode": "QUATERNION"
      },
      "armature_space": {
        "head": {
          "x": 0.21447540819644928,
          "y": -0.4509018659591675,
          "z": 0.5916200280189514
        },
        "tail": {
          "x": 0.24842266738414764,
          "y": -0.5490175485610962,
          "z": 0.5836130380630493
        }
      },
      "world_space": {
        "head": {
          "x": 0.21447540819644928,
          "y": -0.38765788078308105,
          "z": 1.5414741039276123
        },
        "tail": {
          "x": 0.24842266738414764,
          "y": -0.48577356338500977,
          "z": 1.5334670543670654
        },
        "rotation_quaternion": {
          "w": 0.1209748387336731,
          "x": 0.5126121640205383,
          "y": 0.1193624958395958,
          "z": -0.8416332602500916
        },
        "matrix": [
          [
            -0.4451880156993866,
            0.32600611448287964,
            -0.833983302116394,
            0.21447540819644928
          ],
          [
            -0.08126021176576614,
            -0.9422356486320496,
            -0.3249449133872986,
            -0.38765788078308105
          ],
          [
            -0.8917486667633057,
            -0.07689335197210312,
            0.44596585631370544,
            1.5414741039276123
          ],
          [
            0.0,
            0.0,
            0.0,
            1.0
          ]
        ]
      },
      "bone_length_armature_space": 0.104130763236515,
      "parent": "lowerarm_l",
      "has_children": true,
      "is_end_bone": false
    },
    "pinky_01_l": {
      "name": "pinky_01_l",
      "local": {
        "location": {
          "x": 0.0,
          "y": 0.0,
          "z": 0.0
        },
        "rotation_quaternion": {
          "w": 0.9363400936126709,
          "x": 0.35096266865730286,
          "y": -0.0008017114596441388,
          "z": 0.009588324464857578
        },
        "scale": {
          "x": 1.0,
          "y": 1.0,
          "z": 1.0
        },
        "matrix_basis": [
          [
            0.9998148679733276,
            -0.018518606200814247,
            0.005228938534855843,
            0.0
          ],
          [
            0.017393123358488083,
            0.7534665465354919,
            -0.6572561860084534,
            0.0
          ],
          [
            0.008231637068092823,
            0.657225489616394,
            0.753649115562439,
            0.0
          ],
          [
            0.0,
            0.0,
            0.0,
            1.0
          ]
        ],
        "rotation_mode": "QUATERNION"
      },
      "armature_space": {
        "head": {
          "x": 0.24842266738414764,
          "y": -0.5490175485610962,
          "z": 0.5836130380630493
        },
        "tail": {
