{
  "metadata": {
    "armature_name": "KIM_caucasian_male",
    "export_time": "2026-01-13T21:02:50.703871",
    "blender_version": "4.4.1",
    "bone_count": 56,
    "end_bone_count": 13,
    "spaces_included": [
      "LOCAL_CHANNELS",
      "ARMATURE_SPACE",
      "WORLD_SPACE"
    ],
    "note": "LOCAL matches Transform panel; replay pose via local.matrix_basis for best fidelity."
  },
  "bones": {
    "Root": {
      "name": "Root",
      "local": {
        "location": {
          "x": 0.0,
          "y": 0.0,
          "z": 0.0
        },
        "rotation_quaternion": {
          "w": 0.9996814727783203,
          "x": -0.005890313070267439,
          "y": 0.018785767257213593,
          "z": -0.015793446451425552
        },
        "scale": {
          "x": 1.0,
          "y": 1.0,
          "z": 1.0
        },
        "matrix_basis": [
          [
            0.9987953305244446,
            0.03135552257299423,
            0.03774562478065491,
            0.0
          ],
          [
            -0.031798139214515686,
            0.9994317293167114,
            0.011183490045368671,
            0.0
          ],
          [
            -0.037373509258031845,
            -0.012370257638394833,
            0.9992247819900513,
            0.0
          ],
          [
            0.0,
            0.0,
            0.0,
            1.0
          ]
        ],
        "rotation_mode": "QUATERNION"
      },
      "armature_space": {
        "head": {
          "x": 0.0,
          "y": 0.07072800397872925,
          "z": -0.009595036506652832
        },
        "tail": {
          "x": 0.0022380277514457703,
          "y": 0.00015888363122940063,
          "z": 0.000869477167725563
        }
      },
      "world_space": {
        "head": {
          "x": 0.0,
          "y": 0.13397200405597687,
          "z": 0.9402589797973633
        },
        "tail": {
          "x": 0.0022380277514457703,
          "y": 0.06340288370847702,
          "z": 0.9507234692573547
        },
        "rotation_quaternion": {
          "w": 0.07322312891483307,
          "x": 0.9970135688781738,
          "y": 0.017023123800754547,
          "z": 0.01767911948263645
        },
        "matrix": [
          [
            0.9987953305244446,
            0.03135552257299423,
            0.03774562478065491,
            0.0
          ],
          [
            0.036533620208501816,
            -0.9886971712112427,
            -0.14540745317935944,
            0.13397200405597687
          ],
          [
            0.03275992348790169,
            0.14661136269569397,
            -0.988658607006073,
            0.9402589797973633
          ],
          [
            0.0,
            0.0,
            0.0,
            1.0
          ]
        ]
      },
      "bone_length_armature_space": 0.07137587462832791,
      "parent": null,
      "has_children": true,
      "is_end_bone": false
    },
    "spine_01": {
      "name": "spine_01",
      "local": {
        "location": {
          "x": 0.0,
          "y": 0.0,
          "z": 0.0
        },
        "rotation_quaternion": {
          "w": 0.9933650493621826,
          "x": 0.07884594053030014,
          "y": -0.03504592552781105,
          "z": -0.07603268325328827
        },
        "scale": {
          "x": 1.0,
          "y": 1.0,
          "z": 1.0
        },
        "matrix_basis": [
          [
            0.9859816431999207,
            0.14552995562553406,
            -0.08161652833223343,
            0.0
          ],
          [
            -0.15658287703990936,
            0.9760047197341919,
            -0.1513163298368454,
            0.0
          ],
          [
            0.057637058198451996,
            0.16197487711906433,
            0.9851102232933044,
            0.0
          ],
          [
            0.0,
            0.0,
            0.0,
            1.0
          ]
        ],
        "rotation_mode": "QUATERNION"
      },
      "armature_space": {
        "head": {
          "x": 0.0022380277514457703,
          "y": 0.00015888363122940063,
          "z": 0.000869477167725563
        },
        "tail": {
          "x": 0.05930812284350395,
          "y": -0.04854259639978409,
          "z": 0.4830723702907562
        }
      },
      "world_space": {
        "head": {
          "x": 0.0022380277514457703,
          "y": 0.06340288370847702,
          "z": 0.9507234692573547
        },
        "tail": {
          "x": 0.05930812284350395,
          "y": 0.014701403677463531,
          "z": 1.4329264163970947
        },
        "rotation_quaternion": {
          "w": 0.670259416103363,
          "x": 0.7395084500312805,
          "y": 0.029209958389401436,
          "z": -0.055011942982673645
        },
        "matrix": [
          [
            0.9922409653663635,
            0.11694662272930145,
            -0.0422063022851944,
            0.0022380277514457703
          ],
          [
            -0.030541766434907913,
            -0.09979786723852158,
            -0.9945390224456787,
            0.06340288370847702
          ],
          [
            -0.1205209493637085,
            0.9881181716918945,
            -0.09545332193374634,
            0.9507234692573547
          ],
          [
            0.0,
            0.0,
            0.0,
            1.0
          ]
        ]
      },
      "bone_length_armature_space": 0.4880045660025896,
      "parent": "Root",
      "has_children": true,
      "is_end_bone": false
    },
    "neck_01": {
      "name": "neck_01",
      "local": {
        "location": {
          "x": 0.0,
          "y": 0.0,
          "z": 0.0
        },
        "rotation_quaternion": {
          "w": 0.9963209629058838,
          "x": 0.04042242467403412,
          "y": -0.06122102960944176,
          "z": 0.04430234059691429
        },
        "scale": {
          "x": 1.0,
          "y": 1.0,
          "z": 1.0
        },
        "matrix_basis": [
          [
            0.9885785579681396,
            -0.09322810918092728,
            -0.11840997636318207,
            0.0
          ],
          [
            0.08332929760217667,
            0.9928066730499268,
            -0.0859718844294548,
            0.0
          ],
          [
            0.12557320296764374,
            0.07512294501066208,
            0.9892359972000122,
            0.0
          ],
          [
            0.0,
            0.0,
            0.0,
            1.0
          ]
        ],
        "rotation_mode": "QUATERNION"
      },
      "armature_space": {
        "head": {
          "x": 0.06640703976154327,
          "y": -0.09034069627523422,
          "z": 0.552110493183136
        },
        "tail": {
          "x": 0.06564738601446152,
          "y": -0.14467991888523102,
          "z": 0.6390437483787537
        }
      },
      "world_space": {
        "head": {
          "x": 0.06640703976154327,
          "y": -0.027096696197986603,
          "z": 1.5019645690917969
        },
        "tail": {
          "x": 0.06564738601446152,
          "y": -0.0814359188079834,
          "z": 1.588897705078125
        },
        "rotation_quaternion": {
          "w": 0.4816990792751312,
          "x": 0.8699638843536377,
          "y": -0.05432867631316185,
          "z": -0.09042812883853912
        },
        "matrix": [
          [
            0.9777423739433289,
            -0.007409748155623674,
            -0.20967841148376465,
            0.06640703976154327
          ],
          [
            -0.18164625763893127,
            -0.5300284624099731,
            -0.8282963633537292,
            -0.027096696197986603
          ],
          [
            -0.10499897599220276,
            0.8479530215263367,
            -0.5195816159248352,
            1.5019645690917969
          ],
          [
            0.0,
            0.0,
            0.0,
            1.0
          ]
        ]
      },
      "bone_length_armature_space": 0.10252179671789667,
      "parent": "spine_01",
      "has_children": true,
      "is_end_bone": false
    },
    "head": {
      "name": "head",
      "local": {
        "location": {
          "x": 0.0,
          "y": 0.0,
          "z": 0.0
        },
        "rotation_quaternion": {
          "w": 0.9881116151809692,
          "x": -0.13587722182273865,
          "y": -0.021278141066432,
          "z": -0.06870308518409729
        },
        "scale": {
          "x": 1.0,
          "y": 1.0,
          "z": 1.0
        },
        "matrix_basis": [
          [
            0.9896542429924011,
            0.141555055975914,
            -0.023379987105727196,
            0.0
          ],
          [
            -0.12999020516872406,
            0.9536345601081848,
            0.27144747972488403,
            0.0
          ],
          [
            0.06072072684764862,
            -0.26559996604919434,
            0.9621692299842834,
            0.0
          ],
          [
            0.0,
            0.0,
            0.0,
            1.0
          ]
        ],
        "rotation_mode": "QUATERNION"
      },
      "armature_space": {
        "head": {
          "x": 0.06564735621213913,
          "y": -0.14468000829219818,
          "z": 0.6390436291694641
        },
        "tail": {
          "x": 0.10548257827758789,
          "y": -0.13783973455429077,
          "z": 0.788775622844696
        }
      },
      "world_space": {
        "head": {
          "x": 0.06564735621213913,
          "y": -0.08143600821495056,
          "z": 1.588897705078125
        },
        "tail": {
          "x": 0.10548257827758789,
          "y": -0.07459573447704315,
          "z": 1.7386295795440674
        },
        "rotation_quaternion": {
          "w": 0.7223715782165527,
          "x": 0.6716941595077515,
          "y": 0.015222117304801941,
          "z": -0.16362957656383514
        },
        "matrix": [
          [
            0.9459871053695679,
            0.2568519711494446,
            -0.19782759249210358,
            0.06564735621213913
          ],
          [
            -0.21595530211925507,
            0.0441051721572876,
            -0.97540682554245,
            -0.08143600821495056
          ],
          [
            -0.2418118119239807,
            0.9654508233070374,
            0.09719127416610718,
            1.588897705078125
          ],
          [
            0.0,
            0.0,
            0.0,
            1.0
          ]
        ]
      },
      "bone_length_armature_space": 0.15509127909948406,
      "parent": "neck_01",
      "has_children": false,
      "is_end_bone": true
    },
    "upperarm_l": {
      "name": "upperarm_l",
      "local": {
        "location": {
          "x": 0.0,
          "y": 0.0,
          "z": 0.0
        },
        "rotation_quaternion": {
          "w": 0.8929650187492371,
          "x": 0.14690594375133514,
          "y": 0.3997451364994049,
          "z": 0.14572572708129883
        },
        "scale": {
          "x": 1.0,
          "y": 1.0,
          "z": 1.0
        },
        "matrix_basis": [
          [
            0.6379356980323792,
            -0.14280608296394348,
            0.7567328214645386,
            0.0
          ],
          [
            0.37770581245422363,
            0.914365291595459,
            -0.14585743844509125,
            0.0
          ],
          [
            -0.671100914478302,
            0.37887004017829895,
            0.6372449398040771,
            0.0
          ],
          [
            0.0,
            0.0,
            0.0,
            1.0
          ]
        ],
        "rotation_mode": "QUATERNION"
      },
      "armature_space": {
        "head": {
          "x": 0.20724886655807495,
          "y": -0.09138648211956024,
          "z": 0.46731871366500854
        },
        "tail": {
          "x": 0.4545179307460785,
          "y": -0.19427378475666046,
          "z": 0.45838385820388794
        }
      },
      "world_space": {
        "head": {
          "x": 0.20724886655807495,
          "y": -0.028142482042312622,
          "z": 1.4171726703643799
        },
        "tail": {
          "x": 0.4545179307460785,
          "y": -0.13102978467941284,
          "z": 1.4082379341125488
        },
        "rotation_quaternion": {
          "w": 0.16090503334999084,
          "x": 0.7868958115577698,
          "y": 0.531161904335022,
          "z": -0.2697620689868927
        },
        "matrix": [
          [
            0.290190190076828,
            0.9227510094642639,
            -0.2536141574382782,
            0.20724886655807495
          ],
          [
            0.7491260170936584,
            -0.3839516341686249,
            -0.5398072004318237,
            -0.028142482042312622
          ],
          [
            -0.595486581325531,
            -0.03334279730916023,
            -0.8026818037033081,
            1.4171726703643799
          ],
          [
            0.0,
            0.0,
            0.0,
            1.0
          ]
        ]
      },
      "bone_length_armature_space": 0.2679694362871966,
      "parent": "spine_01",
      "has_children": true,
      "is_end_bone": false
    },
    "lowerarm_l": {
      "name": "lowerarm_l",
      "local": {
        "location": {
          "x": 0.0,
          "y": 0.0,
          "z": 0.0
        },
        "rotation_quaternion": {
          "w": 0.9565069675445557,
          "x": 0.2816140353679657,
          "y": -0.07233741134405136,
          "z": 0.023563899099826813
        },
        "scale": {
          "x": 1.0,
          "y": 1.0,
          "z": 1.0
        },
        "matrix_basis": [
          [
            0.9884240627288818,
            -0.0858205258846283,
            -0.12511062622070312,
            0.0
          ],
          [
            0.004335606936365366,
            0.8402765393257141,
            -0.5421406626701355,
            0.0
          ],
          [
            0.15165431797504425,
            0.5353224873542786,
            0.8309216499328613,
            0.0
          ],
          [
            0.0,
            0.0,
            0.0,
            1.0
          ]
        ],
        "rotation_mode": "QUATERNION"
      },
      "armature_space": {
        "head": {
          "x": 0.4545179605484009,
          "y": -0.1942739337682724,
          "z": 0.4583838880062103
        },
        "tail": {
          "x": 0.5841233134269714,
          "y": -0.40426909923553467,
          "z": 0.35506874322891235
        }
      },
      "world_space": {
        "head": {
          "x": 0.4545179605484009,
          "y": -0.13102993369102478,
          "z": 1.4082379341125488
        },
        "tail": {
          "x": 0.5841233134269714,
          "y": -0.34102511405944824,
          "z": 1.3049228191375732
        },
        "rotation_quaternion": {
          "w": 0.02820691652595997,
          "x": -0.7866389155387878,
          "y": -0.326688677072525,
          "z": 0.5231426358222961
        },
        "matrix": [
          [
            0.23919180035591125,
            0.4844617247581482,
            -0.8414771556854248,
            0.4545179605484009
          ],
          [
            0.5434846878051758,
            -0.7849568128585815,
            -0.29743480682373047,
            -0.13102993369102478
          ],
          [
            -0.804624080657959,
            -0.38618946075439453,
            -0.45105627179145813,
            1.4082379341125488
          ],
          [
            0.0,
            0.0,
            0.0,
            1.0
          ]
        ]
      },
      "bone_length_armature_space": 0.2675248374922385,
      "parent": "upperarm_l",
      "has_children": true,
      "is_end_bone": false
    },
    "metacarpal_thumb_l": {
      "name": "metacarpal_thumb_l",
      "local": {
        "location": {
          "x": 0.0,
          "y": 0.0,
          "z": 0.0
        },
        "rotation_quaternion": {
          "w": 0.9992779493331909,
          "x": -0.03774077817797661,
          "y": -0.0040680947713553905,
          "z": 0.0016235808143392205
        },
        "scale": {
          "x": 1.0,
          "y": 1.0,
          "z": 1.0
        },
        "matrix_basis": [
          [
            0.9999616146087646,
            -0.002937750890851021,
            -0.008252865634858608,
            0.0
          ],
          [
            0.0035518831573426723,
            0.9971460103988647,
            0.07541384547948837,
            0.0
          ],
          [
            0.00800776481628418,
            -0.07544026523828506,
            0.9971181750297546,
            0.0
          ],
          [
            0.0,
            0.0,
            0.0,
            1.0
          ]
        ],
        "rotation_mode": "QUATERNION"
      },
      "armature_space": {
        "head": {
          "x": 0.5841233134269714,
          "y": -0.40426909923553467,
          "z": 0.35506874322891235
        },
        "tail": {
          "x": 0.5798545479774475,
          "y": -0.44113728404045105,
          "z": 0.32226455211639404
        }
      },
      "world_space": {
        "head": {
          "x": 0.5841233134269714,
          "y": -0.34102511405944824,
          "z": 1.3049228191375732
        },
        "tail": {
          "x": 0.5798545479774475,
          "y": -0.37789326906204224,
          "z": 1.2721185684204102
        },
        "rotation_quaternion": {
          "w": 0.35039275884628296,
          "x": -0.9315299987792969,
          "y": 0.07122001051902771,
          "z": -0.06636647880077362
        },
        "matrix": [
          [
            0.981046199798584,
            -0.08617866784334183,
            0.17355479300022125,
            0.5841233134269714
          ],
          [
            -0.17919589579105377,
            -0.7443056106567383,
            0.6433491110801697,
            -0.34102511405944824
          ],
          [
            0.07373524457216263,
            -0.6622607707977295,
            -0.7456457614898682,
            1.3049228191375732
          ],
          [
            0.0,
            0.0,
            0.0,
            1.0
          ]
        ]
      },
      "bone_length_armature_space": 0.04953383077416374,
      "parent": "lowerarm_l",
      "has_children": true,
      "is_end_bone": false
    },
    "thumb_01_l": {
      "name": "thumb_01_l",
      "local": {
        "location": {
          "x": 0.0,
          "y": 0.0,
          "z": 0.0
        },
        "rotation_quaternion": {
          "w": 0.9811771512031555,
          "x": 0.19286268949508667,
          "y": -0.0011917328229174018,
          "z": 0.009705103002488613
        },
        "scale": {
          "x": 1.0,
          "y": 1.0,
          "z": 1.0
        },
        "matrix_basis": [
          [
            0.9998087882995605,
            -0.01950453221797943,
            0.0014049025485292077,
            0.0
          ],
          [
            0.018585169687867165,
            0.9254195690155029,
            -0.37848806381225586,
            0.0
          ],
          [
            0.006082106381654739,
            0.37844181060791016,
            0.9256051182746887,
            0.0
          ],
          [
            0.0,
            0.0,
            0.0,
            1.0
          ]
        ],
        "rotation_mode": "QUATERNION"
      },
      "armature_space": {
        "head": {
          "x": 0.5798545479774475,
          "y": -0.44113728404045105,
          "z": 0.32226455211639404
        },
        "tail": {
          "x": 0.5911440253257751,
          "y": -0.44262149930000305,
          "z": 0.2901867628097534
        }
      },
      "world_space": {
        "head": {
          "x": 0.5798545479774475,
          "y": -0.37789326906204224,
          "z": 1.2721185684204102
        },
        "tail": {
          "x": 0.5911440253257751,
          "y": -0.37937748432159424,
          "z": 1.2400407791137695
        },
        "rotation_quaternion": {
          "w": 0.5272001624107361,
          "x": -0.3642909526824951,
          "y": 0.4475012421607971,
          "z": -0.6237745881080627
        },
        "matrix": [
          [
            -0.17870163917541504,
            0.3316667377948761,
            0.9263167381286621,
            0.5798545479774475
          ],
          [
            -0.9837499856948853,
            -0.04360414668917656,
            -0.17416897416114807,
            -0.37789326906204224
          ],
          [
            -0.01737573742866516,
            -0.942395031452179,
            0.33407148718833923,
            1.2721185684204102
          ],
          [
            0.0,
            0.0,
            0.0,
            1.0
          ]
        ]
      },
      "bone_length_armature_space": 0.03403879759610565,
      "parent": "metacarpal_thumb_l",
      "has_children": true,
      "is_end_bone": false
    },
    "thumb_02_l": {
      "name": "thumb_02_l",
      "local": {
        "location": {
          "x": 0.0,
          "y": 0.0,
          "z": 0.0
        },
        "rotation_quaternion": {
          "w": 0.9327359795570374,
          "x": 0.36053794622421265,
          "y": -0.003085572039708495,
          "z": 0.002541154623031616
        },
        "scale": {
          "x": 1.0,
          "y": 1.0,
          "z": 1.0
        },
        "matrix_basis": [
          [
            0.9999680519104004,
            -0.006965384352952242,
            -0.00392368296161294,
            0.0
          ],
          [
            0.0025155211333185434,
            0.7400118708610535,
            -0.672589123249054,
            0.0
          ],
          [
            0.007588413543999195,
            0.6725577712059021,
            0.7400057315826416,
            0.0
          ],
          [
            0.0,
            0.0,
            0.0,
            1.0
          ]
        ],
        "rotation_mode": "QUATERNION"
      },
      "armature_space": {
        "head": {
          "x": 0.5911439657211304,
          "y": -0.44262146949768066,
          "z": 0.2901867628097534
        },
        "tail": {
          "x": 0.6108266711235046,
          "y": -0.47283414006233215,
          "z": 0.30787765979766846
        }
      },
      "world_space": {
        "head": {
          "x": 0.5911439657211304,
          "y": -0.37937748432159424,
          "z": 1.2400407791137695
        },
        "tail": {
          "x": 0.6108266711235046,
          "y": -0.40959012508392334,
          "z": 1.2577316761016846
        },
        "rotation_quaternion": {
          "w": 0.2932882308959961,
          "x": 0.1364821344614029,
          "y": -0.1946008950471878,
          "z": -0.926004946231842
        },
        "matrix": [
          [
            -0.7907090187072754,
            0.4900537431240082,
            -0.3669147789478302,
            0.5911439657211304
          ],
          [
            -0.5962921977043152,
            -0.7522249817848206,
            0.2803451716899872,
            -0.37937748432159424
          ],
          [
            -0.1386198103427887,
            0.4404624104499817,
            0.8870126605033875,
            1.2400407791137695
          ],
          [
            0.0,
            0.0,
            0.0,
            1.0
          ]
        ]
      },
      "bone_length_armature_space": 0.04016443901308945,
      "parent": "thumb_01_l",
      "has_children": true,
      "is_end_bone": false
    },
    "thumb_03_l": {
      "name": "thumb_03_l",
      "local": {
        "location": {
          "x": 0.0,
          "y": 0.0,
          "z": 0.0
        },
        "rotation_quaternion": {
          "w": 0.9858435392379761,
          "x": 0.16735556721687317,
          "y": -0.01022415328770876,
          "z": -0.0004861322231590748
        },
        "scale": {
          "x": 1.0,
          "y": 1.0,
          "z": 1.0
        },
        "matrix_basis": [
          [
            0.9997904896736145,
            -0.0024636373855173588,
            -0.020321544259786606,
            0.0
          ],
          [
            -0.004380638711154461,
            0.9439837336540222,
            -0.3299628794193268,
            0.0
          ],
          [
            0.019996117800474167,
            0.3299827575683594,
            0.9437751770019531,
            0.0
          ],
          [
            0.0,
            0.0,
            0.0,
            1.0
          ]
        ],
        "rotation_mode": "QUATERNION"
      },
      "armature_space": {
        "head": {
          "x": 0.6108266115188599,
          "y": -0.47283416986465454,
          "z": 0.3078776001930237
        },
        "tail": {
          "x": 0.6176995038986206,
          "y": -0.4866694509983063,
          "z": 0.3341120779514313
        }
      },
      "world_space": {
        "head": {
          "x": 0.6108266115188599,
          "y": -0.4095901846885681,
          "z": 1.2577316761016846
        },
        "tail": {
          "x": 0.6176995038986206,
          "y": -0.42342543601989746,
          "z": 1.283966064453125
        },
        "rotation_quaternion": {
          "w": 0.3402431607246399,
          "x": 0.3734380304813385,
          "y": -0.3962525725364685,
          "z": -0.7666566371917725
        },
        "matrix": [
          [
            -0.48955705761909485,
            0.22574932873249054,
            -0.8422417640686035,
            0.6108266115188599
          ],
          [
            -0.8176516890525818,
            -0.4544365108013153,
            0.35345935821533203,
            -0.4095901846885681
          ],
          [
            -0.3029549717903137,
            0.861704409122467,
            0.40706002712249756,
            1.2577316761016846
          ],
          [
            0.0,
            0.0,
            0.0,
            1.0
          ]
        ]
      },
      "bone_length_armature_space": 0.030445024253429695,
      "parent": "thumb_02_l",
      "has_children": false,
      "is_end_bone": true
    },
    "metacarpal_index_l": {
      "name": "metacarpal_index_l",
      "local": {
        "location": {
          "x": 0.0,
          "y": 0.0,
          "z": 0.0
        },
        "rotation_quaternion": {
          "w": 0.9999071359634399,
          "x": -0.002313726581633091,
          "y": -0.011819088831543922,
          "z": -0.0063857268542051315
        },
        "scale": {
          "x": 1.0,
          "y": 1.0,
          "z": 1.0
        },
        "matrix_basis": [
          [
            0.9996390342712402,
            0.012824960052967072,
            -0.0236064326018095,
            0.0
          ],
          [
            -0.012715575285255909,
            0.9999077320098877,
            0.004777970258146524,
            0.0
          ],
          [
            0.02366553246974945,
            -0.004476076457649469,
            0.9997099041938782,
            0.0
          ],
          [
            0.0,
            0.0,
            0.0,
            1.0
          ]
        ],
        "rotation_mode": "QUATERNION"
      },
      "armature_space": {
        "head": {
          "x": 0.5841233134269714,
          "y": -0.40426909923553467,
          "z": 0.35506874322891235
        },
        "tail": {
          "x": 0.610983669757843,
          "y": -0.49881261587142944,
          "z": 0.2912774682044983
        }
      },
      "world_space": {
        "head": {
          "x": 0.5841233134269714,
          "y": -0.34102511405944824,
          "z": 1.3049228191375732
        },
        "tail": {
          "x": 0.610983669757843,
          "y": -0.435568630695343,
          "z": 1.2411315441131592
        },
        "rotation_quaternion": {
          "w": 0.2617756426334381,
          "x": -0.9367130398750305,
          "y": -0.16743269562721252,
          "z": 0.16127155721187592
        },
        "matrix": [
          [
            0.8919152021408081,
            0.2292390614748001,
            -0.3897901773452759,
            0.5841233134269714
          ],
          [
            0.39810711145401,
            -0.806879997253418,
            0.4364122450351715,
            -0.34102511405944824
          ],
          [
            -0.2144721895456314,
            -0.5444256067276001,
            -0.8109354972839355,
            1.3049228191375732
          ],
          [
            0.0,
            0.0,
            0.0,
            1.0
          ]
        ]
      },
      "bone_length_armature_space": 0.11717201915451173,
      "parent": "lowerarm_l",
      "has_children": true,
      "is_end_bone": false
    },
    "index_01_l": {
      "name": "index_01_l",
      "local": {
        "location": {
          "x": 0.0,
          "y": 0.0,
          "z": 0.0
        },
        "rotation_quaternion": {
          "w": 0.9717527031898499,
          "x": 0.23573975265026093,
          "y": -0.010275029577314854,
          "z": -0.004227237775921822
        },
        "scale": {
          "x": 1.0,
          "y": 1.0,
          "z": 1.0
        },
        "matrix_basis": [
          [
            0.9997531175613403,
            0.003371193539351225,
            -0.02196263149380684,
            0.0
          ],
          [
            -0.013060125522315502,
            0.8888177871704102,
            -0.4580745995044708,
            0.0
          ],
          [
            0.017976518720388412,
            0.4582483470439911,
            0.8886423707008362,
            0.0
          ],
          [
            0.0,
            0.0,
            0.0,
            1.0
          ]
        ],
        "rotation_mode": "QUATERNION"
      },
      "armature_space": {
        "head": {
          "x": 0.610983669757843,
          "y": -0.49881261587142944,
          "z": 0.2912774682044983
        },
        "tail": {
          "x": 0.6215190887451172,
          "y": -0.5110921859741211,
          "z": 0.2677977979183197
        }
      },
      "world_space": {
        "head": {
          "x": 0.610983669757843,
          "y": -0.435568630695343,
          "z": 1.2411315441131592
        },
        "tail": {
          "x": 0.6215190887451172,
          "y": -0.44784820079803467,
          "z": 1.2176518440246582
        },
        "rotation_quaternion": {
          "w": 0.4327537715435028,
          "x": -0.8283973932266235,
          "y": -0.3120918273925781,
          "z": 0.17053073644638062
        },
        "matrix": [
          [
            0.7470349073410034,
            0.3694767355918884,
            -0.5526530742645264,
            0.610983669757843
          ],
          [
            0.6646689176559448,
            -0.43064579367637634,
            0.610540509223938,
            -0.435568630695343
          ],
          [
            -0.01241653598845005,
            -0.8234325647354126,
            -0.5672904849052429,
            1.2411315441131592
          ],
          [
            0.0,
            0.0,
            0.0,
            1.0
          ]
        ]
      },
      "bone_length_armature_space": 0.028514519883976554,
      "parent": "metacarpal_index_l",
      "has_children": true,
      "is_end_bone": false
    },
    "index_02_l": {
      "name": "index_02_l",
      "local": {
        "location": {
          "x": 0.0,
          "y": 0.0,
          "z": 0.0
        },
        "rotation_quaternion": {
          "w": 0.9238173365592957,
          "x": 0.3827345371246338,
          "y": -0.004606768488883972,
          "z": -0.007391433231532574
        },
        "scale": {
          "x": 1.0,
          "y": 1.0,
          "z": 1.0
        },
        "matrix_basis": [
          [
            0.9998483061790466,
            0.010130329057574272,
            -0.014169538393616676,
            0.0
          ],
          [
            -0.017183007672429085,
            0.706919252872467,
            -0.7070854902267456,
            0.0
          ],
          [
            0.002853711601346731,
            0.7072216868400574,
            0.706986129283905,
            0.0
          ],
          [
            0.0,
            0.0,
            0.0,
            1.0
          ]
        ],
        "rotation_mode": "QUATERNION"
      },
      "armature_space": {
        "head": {
          "x": 0.6215188503265381,
          "y": -0.5110923647880554,
          "z": 0.2677973210811615
        },
        "tail": {
          "x": 0.6185280680656433,
          "y": -0.5087369680404663,
          "z": 0.24242793023586273
        }
      },
      "world_space": {
        "head": {
          "x": 0.6215188503265381,
          "y": -0.447848379611969,
          "z": 1.2176513671875
        },
        "tail": {
          "x": 0.6185280680656433,
          "y": -0.4454929828643799,
          "z": 1.19228196144104
        },
        "rotation_quaternion": {
          "w": 0.6943960189819336,
          "x": -0.6020025610923767,
          "y": -0.25243425369262695,
          "z": 0.30279386043548584
        },
        "matrix": [
          [
            0.689185380935669,
            -0.11658596992492676,
            -0.7151439189910889,
            0.6215188503265381
          ],
          [
            0.7244502305984497,
            0.09181720018386841,
            0.6831851005554199,
            -0.447848379611969
          ],
          [
            -0.013986561447381973,
            -0.9889340400695801,
            0.1477413773536682,
            1.2176513671875
          ],
          [
            0.0,
            0.0,
            0.0,
            1.0
          ]
        ]
      },
      "bone_length_armature_space": 0.025653434062440316,
      "parent": "index_01_l",
      "has_children": true,
      "is_end_bone": false
    },
    "index_03_l": {
      "name": "index_03_l",
      "local": {
        "location": {
          "x": 0.0,
          "y": 0.0,
          "z": 0.0
        },
        "rotation_quaternion": {
          "w": 0.9689801335334778,
          "x": 0.24704737961292267,
          "y": 0.006013310048729181,
          "z": 0.0029804445803165436
        },
        "scale": {
          "x": 1.0,
          "y": 1.0,
          "z": 1.0
        },
        "matrix_basis": [
          [
            0.9999099373817444,
            -0.0028048381209373474,
            0.013126177713274956,
            0.0
          ],
          [
            0.008747127838432789,
            0.8779174089431763,
            -0.478732168674469,
            0.0
          ],
          [
            -0.010180934332311153,
            0.4788038432598114,
            0.8778628706932068,
            0.0
          ],
          [
            0.0,
            0.0,
            0.0,
            1.0
          ]
        ],
        "rotation_mode": "QUATERNION"
      },
      "armature_space": {
        "head": {
          "x": 0.6185281276702881,
          "y": -0.5087370872497559,
          "z": 0.24242791533470154
        },
        "tail": {
          "x": 0.606351912021637,
          "y": -0.4931732714176178,
          "z": 0.22090479731559753
        }
      },
      "world_space": {
        "head": {
          "x": 0.6185281276702881,
          "y": -0.44549310207366943,
          "z": 1.19228196144104
        },
        "tail": {
          "x": 0.606351912021637,
          "y": -0.429929256439209,
          "z": 1.170758843421936
        },
        "rotation_quaternion": {
          "w": 0.8604062795639038,
          "x": -0.36964941024780273,
          "y": -0.16135339438915253,
          "z": 0.31148937344551086
        },
        "matrix": [
          [
            0.7538781762123108,
            -0.4167267084121704,
            -0.5079430937767029,
            0.6185281276702881
          ],
          [
            0.6553041338920593,
            0.5326669812202454,
            0.5355770587921143,
            -0.44549310207366943
          ],
          [
            0.04737631604075432,
            -0.736621618270874,
            0.6746538281440735,
            1.19228196144104
          ],
          [
            0.0,
            0.0,
            0.0,
            1.0
          ]
        ]
      },
      "bone_length_armature_space": 0.02921878171714423,
      "parent": "index_02_l",
      "has_children": false,
      "is_end_bone": true
    },
    "metacarpal_pinky_l": {
      "name": "metacarpal_pinky_l",
      "local": {
        "location": {
          "x": 0.0,
          "y": 0.0,
          "z": 0.0
        },
        "rotation_quaternion": {
          "w": 0.9996271729469299,
          "x": -0.0266236811876297,
          "y": 0.005994956009089947,
          "z": 0.0008888118900358677
        },
        "scale": {
          "x": 1.0,
          "y": 1.0,
          "z": 1.0
        },
        "matrix_basis": [
          [
            0.9999265670776367,
            -0.002096176613122225,
            0.011938114650547504,
            0.0
          ],
          [
            0.0014577454421669245,
            0.9985807538032532,
            0.053238168358802795,
            0.0
          ],
          [
            -0.012032768689095974,
            -0.053216852247714996,
            0.998510479927063,
            0.0
          ],
          [
            0.0,
            0.0,
            0.0,
            1.0
          ]
        ],
        "rotation_mode": "QUATERNION"
      },
      "armature_space": {
        "head": {
          "x": 0.5841233134269714,
          "y": -0.40426909923553467,
          "z": 0.35506874322891235
        },
        "tail": {
          "x": 0.6611780524253845,
          "y": -0.46856778860092163,
          "z": 0.3272934556007385
        }
      },
      "world_space": {
        "head": {
          "x": 0.5841233134269714,
          "y": -0.34102511405944824,
          "z": 1.3049228191375732
        },
        "tail": {
          "x": 0.6611780524253845,
          "y": -0.4053238034248352,
          "z": 1.2771475315093994
        },
        "rotation_quaternion": {
          "w": 0.3262591063976288,
          "x": 0.335878849029541,
          "y": 0.2912295162677765,
          "z": -0.8342217206954956
        },
        "matrix": [
          [
            -0.5614808201789856,
            0.7399807572364807,
            -0.3703612685203552,
            0.5841233134269714
          ],
          [
            -0.3487107455730438,
            -0.6174803972244263,
            -0.7050667405128479,
            -0.34102511405944824
          ],
          [
            -0.7504323720932007,
            -0.2667348384857178,
            0.6047461032867432,
            1.3049228191375732
          ],
          [
            0.0,
            0.0,
            0.0,
            1.0
          ]
        ]
      },
      "bone_length_armature_space": 0.10413078814633511,
      "parent": "lowerarm_l",
      "has_children": true,
      "is_end_bone": false
    },
    "pinky_01_l": {
      "name": "pinky_01_l",
      "local": {
        "location": {
          "x": 0.0,
          "y": 0.0,
          "z": 0.0
        },
        "rotation_quaternion": {
          "w": 0.9473229646682739,
          "x": 0.319638729095459,
          "y": -0.01861143484711647,
          "z": 0.007999966852366924
        },
        "scale": {
          "x": 1.0,
          "y": 1.0,
          "z": 1.0
        },
        "matrix_basis": [
          [
            0.9991792440414429,
            -0.02705497480928898,
            -0.03014788031578064,
            0.0
          ],
          [
            0.003259233897551894,
            0.7955341935157776,
            -0.60589998960495,
            0.0
          ],
          [
            0.04037627950310707,
            0.6053044199943542,
            0.794969379901886,
            0.0
          ],
          [
            0.0,
            0.0,
            0.0,
            1.0
          ]
        ],
        "rotation_mode": "QUATERNION"
      },
      "armature_space": {
        "head": {
          "x": 0.6611780524253845,
          "y": -0.46856778860092163,
          "z": 0.3272934556007385
        },
        "tail": {
          "x": 0.6721330881118774,
