{
  "metadata": {
    "armature_name": "KIM_caucasian_male",
    "export_time": "2026-01-13T21:04:08.086712",
    "blender_version": "4.4.1",
    "bone_count": 56,
    "end_bone_count": 13,
    "spaces_included": [
      "LOCAL_CHANNELS",
      "ARMATURE_SPACE",
      "WORLD_SPACE"
    ],
    "note": "LOCAL matches Transform panel; replay pose via local.matrix_basis for best fidelity."
  },
  "bones": {
    "Root": {
      "name": "Root",
      "local": {
        "location": {
          "x": 0.0,
          "y": 0.0,
          "z": 0.0
        },
        "rotation_quaternion": {
          "w": 0.9993875622749329,
          "x": -0.015469729900360107,
          "y": -0.014971732161939144,
          "z": 0.027588287368416786
        },
        "scale": {
          "x": 1.0,
          "y": 1.0,
          "z": 1.0
        },
        "matrix_basis": [
          [
            0.9980294704437256,
            -0.054679565131664276,
            -0.03077869303524494,
            0.0
          ],
          [
            0.05560600012540817,
            0.9979991316795349,
            0.03009442239999771,
            0.0
          ],
          [
            0.029071558266878128,
            -0.031746599823236465,
            0.9990730881690979,
            0.0
          ],
          [
            0.0,
            0.0,
            0.0,
            1.0
          ]
        ],
        "rotation_mode": "QUATERNION"
      },
      "armature_space": {
        "head": {
          "x": 0.0,
          "y": 0.07072800397872925,
          "z": -0.009595036506652832
        },
        "tail": {
          "x": -0.0039028015453368425,
          "y": 0.000446125864982605,
          "z": 0.0022261906415224075
        }
      },
      "world_space": {
        "head": {
          "x": 0.0,
          "y": 0.13397200405597687,
          "z": 0.9402589797973633
        },
        "tail": {
          "x": -0.0039028015453368425,
          "y": 0.06369012594223022,
          "z": 0.9520801901817322
        },
        "rotation_quaternion": {
          "w": 0.08276098221540451,
          "x": 0.9960749745368958,
          "y": -0.02853422611951828,
          "z": -0.013079152442514896
        },
        "matrix": [
          [
            0.9980294704437256,
            -0.054679565131664276,
            -0.03077869303524494,
            0.0
          ],
          [
            -0.059009354561567307,
            -0.9846727848052979,
            -0.16412635147571564,
            0.13397200405597687
          ],
          [
            -0.021332789212465286,
            0.1656193733215332,
            -0.9859660863876343,
            0.9402589797973633
          ],
          [
            0.0,
            0.0,
            0.0,
            1.0
          ]
        ]
      },
      "bone_length_armature_space": 0.0713758775335783,
      "parent": null,
      "has_children": true,
      "is_end_bone": false
    },
    "spine_01": {
      "name": "spine_01",
      "local": {
        "location": {
          "x": 0.0,
          "y": 0.0,
          "z": 0.0
        },
        "rotation_quaternion": {
          "w": 0.9950318336486816,
          "x": 0.07848694175481796,
          "y": -0.05741313472390175,
          "z": 0.021338142454624176
        },
        "scale": {
          "x": 1.0,
          "y": 1.0,
          "z": 1.0
        },
        "matrix_basis": [
          [
            0.9924968481063843,
            -0.051476623862981796,
            -0.11090626567602158,
            0.0
          ],
          [
            0.03345189988613129,
            0.9867689609527588,
            -0.1586441844701767,
            0.0
          ],
          [
            0.11760532110929489,
            0.15374383330345154,
            0.9810870885848999,
            0.0
          ],
          [
            0.0,
            0.0,
            0.0,
            1.0
          ]
        ],
        "rotation_mode": "QUATERNION"
      },
      "armature_space": {
        "head": {
          "x": -0.0039028015453368425,
          "y": 0.000446125864982605,
          "z": 0.0022261906415224075
        },
        "tail": {
          "x": -0.020816076546907425,
          "y": -0.03572951257228851,
          "z": 0.4885941445827484
        }
      },
      "world_space": {
        "head": {
          "x": -0.0039028015453368425,
          "y": 0.06369012594223022,
          "z": 0.9520801901817322
        },
        "tail": {
          "x": -0.020816076546907425,
          "y": 0.027514487504959106,
          "z": 1.438448190689087
        },
        "rotation_quaternion": {
          "w": 0.6766753792762756,
          "x": 0.7310617566108704,
          "y": -0.07102855294942856,
          "z": -0.051128145307302475
        },
        "matrix": [
          [
            0.9846816658973694,
            -0.03465826064348221,
            -0.17088237404823303,
            -0.0039028015453368425
          ],
          [
            -0.17304697632789612,
            -0.07413022220134735,
            -0.9821199774742126,
            0.06369012594223022
          ],
          [
            0.021371010690927505,
            0.9966530799865723,
            -0.07899361848831177,
            0.9520801901817322
          ],
          [
            0.0,
            0.0,
            0.0,
            1.0
          ]
        ]
      },
      "bone_length_armature_space": 0.4880046197666393,
      "parent": "Root",
      "has_children": true,
      "is_end_bone": false
    },
    "neck_01": {
      "name": "neck_01",
      "local": {
        "location": {
          "x": 0.0,
          "y": 0.0,
          "z": 0.0
        },
        "rotation_quaternion": {
          "w": 0.9813554286956787,
          "x": -0.1177980825304985,
          "y": -0.06677518784999847,
          "z": -0.13640522956848145
        },
        "scale": {
          "x": 1.0,
          "y": 1.0,
          "z": 1.0
        },
        "matrix_basis": [
          [
            0.9538694024085999,
            0.2834559977054596,
            -0.09892383962869644,
            0.0
          ],
          [
            -0.25199204683303833,
            0.935034453868866,
            0.24942053854465485,
            0.0
          ],
          [
            0.16319693624973297,
            -0.21298660337924957,
            0.9633293747901917,
            0.0
          ],
          [
            0.0,
            0.0,
            0.0,
            1.0
          ]
        ],
        "rotation_mode": "QUATERNION"
      },
      "armature_space": {
        "head": {
          "x": -0.029279977083206177,
          "y": -0.07521757483482361,
          "z": 0.5588279962539673
        },
        "tail": {
          "x": -0.006767095997929573,
          "y": -0.10341502726078033,
          "z": 0.6547906398773193
        }
      },
      "world_space": {
        "head": {
          "x": -0.029279977083206177,
          "y": -0.011973574757575989,
          "z": 1.5086820125579834
        },
        "tail": {
          "x": -0.006767095997929573,
          "y": -0.040171027183532715,
          "z": 1.6046446561813354
        },
        "rotation_quaternion": {
          "w": 0.6020264625549316,
          "x": 0.7793115973472595,
          "y": 0.006655266508460045,
          "z": -0.1737624704837799
        },
        "matrix": [
          [
            0.9395250082015991,
            0.2195921540260315,
            -0.2628156542778015,
            -0.029279977083206177
          ],
          [
            -0.19884487986564636,
            -0.2750398814678192,
            -0.940645694732666,
            -0.011973574757575989
          ],
          [
            -0.27884528040885925,
            0.9360257387161255,
            -0.21474449336528778,
            1.5086820125579834
          ],
          [
            0.0,
            0.0,
            0.0,
            1.0
          ]
        ]
      },
      "bone_length_armature_space": 0.10252197469518219,
      "parent": "spine_01",
      "has_children": true,
      "is_end_bone": false
    },
    "head": {
      "name": "head",
      "local": {
        "location": {
          "x": 0.0,
          "y": 0.0,
          "z": 0.0
        },
        "rotation_quaternion": {
          "w": 0.9827022552490234,
          "x": 0.05002295598387718,
          "y": -0.17300279438495636,
          "z": 0.043176665902137756
        },
        "scale": {
          "x": 1.0,
          "y": 1.0,
          "z": 1.0
        },
        "matrix_basis": [
          [
            0.9364116191864014,
            -0.10216783732175827,
            -0.3357008099555969,
            0.0
          ],
          [
            0.067551389336586,
            0.9912669658660889,
            -0.11325471103191376,
            0.0
          ],
          [
            0.34434011578559875,
            0.0833759754896164,
            0.9351354837417603,
            0.0
          ],
          [
            0.0,
            0.0,
            0.0,
            1.0
          ]
        ],
        "rotation_mode": "QUATERNION"
      },
      "armature_space": {
        "head": {
          "x": -0.006767153739929199,
          "y": -0.10341516137123108,
          "z": 0.654790461063385
        },
        "tail": {
          "x": 0.022163337096571922,
          "y": -0.099964939057827,
          "z": 0.8071204423904419
        }
      },
      "world_space": {
        "head": {
          "x": -0.006767153739929199,
          "y": -0.04017116129398346,
          "z": 1.604644536972046
        },
        "tail": {
          "x": 0.022163337096571922,
          "y": -0.036720938980579376,
          "z": 1.756974458694458
        },
        "rotation_quaternion": {
          "w": 0.703476071357727,
          "x": 0.6526566743850708,
          "y": -0.1274539679288864,
          "z": -0.2508309781551361
        },
        "matrix": [
          [
            0.8416780233383179,
            0.18653975427150726,
            -0.5067358016967773,
            -0.006767153739929199
          ],
          [
            -0.5192759037017822,
            0.02224656194448471,
            -0.8543174266815186,
            -0.04017116129398346
          ],
          [
            -0.14809256792068481,
            0.9822025299072266,
            0.11558995395898819,
            1.604644536972046
          ],
          [
            0.0,
            0.0,
            0.0,
            1.0
          ]
        ]
      },
      "bone_length_armature_space": 0.15509126613948152,
      "parent": "neck_01",
      "has_children": false,
      "is_end_bone": true
    },
    "upperarm_l": {
      "name": "upperarm_l",
      "local": {
        "location": {
          "x": 0.0,
          "y": 0.0,
          "z": 0.0
        },
        "rotation_quaternion": {
          "w": 0.9442305564880371,
          "x": 0.08796443790197372,
          "y": 0.26314592361450195,
          "z": -0.1773281693458557
        },
        "scale": {
          "x": 1.0,
          "y": 1.0,
          "z": 1.0
        },
        "matrix_basis": [
          [
            0.7986178994178772,
            0.3811723291873932,
            0.46574369072914124,
            0.0
          ],
          [
            -0.28858238458633423,
            0.9216339588165283,
            -0.2594437897205353,
            0.0
          ],
          [
            -0.5281379818916321,
            0.07279104739427567,
            0.846032977104187,
            0.0
          ],
          [
            0.0,
            0.0,
            0.0,
            1.0
          ]
        ],
        "rotation_mode": "QUATERNION"
      },
      "armature_space": {
        "head": {
          "x": 0.12020662426948547,
          "y": -0.09932459890842438,
          "z": 0.4947988986968994
        },
        "tail": {
          "x": 0.36407166719436646,
          "y": -0.14098113775253296,
          "z": 0.3918311893939972
        }
      },
      "world_space": {
        "head": {
          "x": 0.12020662426948547,
          "y": -0.03608059883117676,
          "z": 1.4446529150009155
        },
        "tail": {
          "x": 0.36407166719436646,
          "y": -0.07773713767528534,
          "z": 1.341685175895691
        },
        "rotation_quaternion": {
          "w": 0.15014466643333435,
          "x": 0.612964391708374,
          "y": 0.6322435736656189,
          "z": -0.449443519115448
        },
        "matrix": [
          [
            -0.20345982909202576,
            0.9100480079650879,
            -0.36113250255584717,
            0.12020662426948547
          ],
          [
            0.6401242017745972,
            -0.15545259416103363,
            -0.7523801326751709,
            -0.03608059883117676
          ],
          [
            -0.7408455610275269,
            -0.3842516839504242,
            -0.5509198904037476,
            1.4446529150009155
          ],
          [
            0.0,
            0.0,
            0.0,
            1.0
          ]
        ]
      },
      "bone_length_armature_space": 0.26796972723635326,
      "parent": "spine_01",
      "has_children": true,
      "is_end_bone": false
    },
    "lowerarm_l": {
      "name": "lowerarm_l",
      "local": {
        "location": {
          "x": 0.0,
          "y": 0.0,
          "z": 0.0
        },
        "rotation_quaternion": {
          "w": 0.9202933311462402,
          "x": 0.38482099771499634,
          "y": 0.05139816179871559,
          "z": 0.048282966017723083
        },
        "scale": {
          "x": 1.0,
          "y": 1.0,
          "z": 1.0
        },
        "matrix_basis": [
          [
            0.9900539517402649,
            -0.049310799688100815,
            0.13176336884498596,
            0.0
          ],
          [
            0.1284271627664566,
            0.6991631388664246,
            -0.7033330798149109,
            0.0
          ],
          [
            -0.05744217336177826,
            0.7132596969604492,
            0.698542058467865,
            0.0
          ],
          [
            0.0,
            0.0,
            0.0,
            1.0
          ]
        ],
        "rotation_mode": "QUATERNION"
      },
      "armature_space": {
        "head": {
          "x": 0.364071786403656,
          "y": -0.1409812718629837,
          "z": 0.3918312191963196
        },
        "tail": {
          "x": 0.4462786018848419,
          "y": -0.35541918873786926,
          "z": 0.2546156942844391
        }
      },
      "world_space": {
        "head": {
          "x": 0.364071786403656,
          "y": -0.07773727178573608,
          "z": 1.3416852951049805
        },
        "tail": {
          "x": 0.4462786018848419,
          "y": -0.29217517375946045,
          "z": 1.2044696807861328
        },
        "rotation_quaternion": {
          "w": 0.08034050464630127,
          "x": -0.679297149181366,
          "y": -0.3045703172683716,
          "z": 0.6628256440162659
        },
        "matrix": [
          [
            -0.0642017349600792,
            0.3072870969772339,
            -0.9494485855102539,
            0.364071786403656
          ],
          [
            0.5202911496162415,
            -0.8015637397766113,
            -0.2946067452430725,
            -0.07773727178573608
          ],
          [
            -0.851577877998352,
            -0.5129082798957825,
            -0.10841807723045349,
            1.3416852951049805
          ],
          [
            0.0,
            0.0,
            0.0,
            1.0
          ]
        ]
      },
      "bone_length_armature_space": 0.26752510206760033,
      "parent": "upperarm_l",
      "has_children": true,
      "is_end_bone": false
    },
    "metacarpal_thumb_l": {
      "name": "metacarpal_thumb_l",
      "local": {
        "location": {
          "x": 0.0,
          "y": 0.0,
          "z": 0.0
        },
        "rotation_quaternion": {
          "w": 0.999781608581543,
          "x": -0.01793726533651352,
          "y": -0.007063420955091715,
          "z": -0.008070994168519974
        },
        "scale": {
          "x": 1.0,
          "y": 1.0,
          "z": 1.0
        },
        "matrix_basis": [
          [
            0.999769926071167,
            0.01639186032116413,
            -0.013834213837981224,
            0.0
          ],
          [
            -0.015885066241025925,
            0.9992262125015259,
            0.0359807126224041,
            0.0
          ],
          [
            0.014413299970328808,
            -0.03575268015265465,
            0.9992567300796509,
            0.0
          ],
          [
            0.0,
            0.0,
            0.0,
            1.0
          ]
        ],
        "rotation_mode": "QUATERNION"
      },
      "armature_space": {
        "head": {
          "x": 0.4462786018848419,
          "y": -0.35541918873786926,
          "z": 0.2546156942844391
        },
        "tail": {
          "x": 0.43094417452812195,
          "y": -0.3919157385826111,
          "z": 0.22484229505062103
        }
      },
      "world_space": {
        "head": {
          "x": 0.4462786018848419,
          "y": -0.29217517375946045,
          "z": 1.2044696807861328
        },
        "tail": {
          "x": 0.43094417452812195,
          "y": -0.32867175340652466,
          "z": 1.1746963262557983
        },
        "rotation_quaternion": {
          "w": 0.3383980393409729,
          "x": -0.9265512824058533,
          "y": 0.13071125745773315,
          "z": 0.09951961785554886
        },
        "matrix": [
          [
            0.946020781993866,
            -0.30957600474357605,
            -0.09595425426959991,
            0.4462786018848419
          ],
          [
            -0.1748676747083664,
            -0.736802875995636,
            0.6531025767326355,
            -0.29217517375946045
          ],
          [
            -0.27288633584976196,
            -0.6010740995407104,
            -0.7511704564094543,
            1.2044696807861328
          ],
          [
            0.0,
            0.0,
            0.0,
            1.0
          ]
        ]
      },
      "bone_length_armature_space": 0.04953380771264006,
      "parent": "lowerarm_l",
      "has_children": true,
      "is_end_bone": false
    },
    "thumb_01_l": {
      "name": "thumb_01_l",
      "local": {
        "location": {
          "x": 0.0,
          "y": 0.0,
          "z": 0.0
        },
        "rotation_quaternion": {
          "w": 0.9979599714279175,
          "x": -0.06279657036066055,
          "y": -0.010929231531918049,
          "z": -0.003627299563959241
        },
        "scale": {
          "x": 1.0,
          "y": 1.0,
          "z": 1.0
        },
        "matrix_basis": [
          [
            0.9997348189353943,
            0.0086124362424016,
            -0.02135830745100975,
            0.0
          ],
          [
            -0.005867163185030222,
            0.9920868873596191,
            0.12541621923446655,
            0.0
          ],
          [
            0.022269435226917267,
            -0.12525764107704163,
            0.9918742775917053,
            0.0
          ],
          [
            0.0,
            0.0,
            0.0,
            1.0
          ]
        ],
        "rotation_mode": "QUATERNION"
      },
      "armature_space": {
        "head": {
          "x": 0.43094417452812195,
          "y": -0.3919157385826111,
          "z": 0.22484229505062103
        },
        "tail": {
          "x": 0.413865864276886,
          "y": -0.39080584049224854,
          "z": 0.19541889429092407
        }
      },
      "world_space": {
        "head": {
          "x": 0.43094417452812195,
          "y": -0.32867175340652466,
          "z": 1.1746963262557983
        },
        "tail": {
          "x": 0.413865864276886,
          "y": -0.3275618553161621,
          "z": 1.145272970199585
        },
        "rotation_quaternion": {
          "w": 0.30966395139694214,
          "x": -0.5742696523666382,
          "y": 0.6483924984931946,
          "z": -0.3923135995864868
        },
        "matrix": [
          [
            -0.1486423760652542,
            -0.501733660697937,
            0.8521553874015808,
            0.43094417452812195
          ],
          [
            -0.9876754283905029,
            0.03260721266269684,
            -0.1530827432870865,
            -0.32867175340652466
          ],
          [
            0.049019910395145416,
            -0.8644135594367981,
            -0.5004004240036011,
            1.1746963262557983
          ],
          [
            0.0,
            0.0,
            0.0,
            1.0
          ]
        ]
      },
      "bone_length_armature_space": 0.034038758465588397,
      "parent": "metacarpal_thumb_l",
      "has_children": true,
      "is_end_bone": false
    },
    "thumb_02_l": {
      "name": "thumb_02_l",
      "local": {
        "location": {
          "x": 0.0,
          "y": 0.0,
          "z": 0.0
        },
        "rotation_quaternion": {
          "w": 0.9925594925880432,
          "x": 0.12136021256446838,
          "y": 0.009274733252823353,
          "z": 0.0033861068077385426
        },
        "scale": {
          "x": 1.0,
          "y": 1.0,
          "z": 1.0
        },
        "matrix_basis": [
          [
            0.9998050332069397,
            -0.004470657557249069,
            0.019233325496315956,
            0.0
          ],
          [
            0.008972992189228535,
            0.9705204367637634,
            -0.24085165560245514,
            0.0
          ],
          [
            -0.017589570954442024,
            0.24097727239131927,
            0.9703713655471802,
            0.0
          ],
          [
            0.0,
            0.0,
            0.0,
            1.0
          ]
        ],
        "rotation_mode": "QUATERNION"
      },
      "armature_space": {
        "head": {
          "x": 0.413865864276886,
          "y": -0.39080581068992615,
          "z": 0.19541892409324646
        },
        "tail": {
          "x": 0.42802757024765015,
          "y": -0.4214460849761963,
          "z": 0.17365184426307678
        }
      },
      "world_space": {
        "head": {
          "x": 0.413865864276886,
          "y": -0.32756179571151733,
          "z": 1.145272970199585
        },
        "tail": {
          "x": 0.42802757024765015,
          "y": -0.35820209980010986,
          "z": 1.1235058307647705
        },
        "rotation_quaternion": {
          "w": 0.2742471992969513,
          "x": -0.31718191504478455,
          "y": 0.20821306109428406,
          "z": -0.8836466670036316
        },
        "matrix": [
          [
            -0.648367702960968,
            0.3525935709476471,
            0.674757182598114,
            0.413865864276886
          ],
          [
            -0.6167585849761963,
            -0.7628717422485352,
            -0.19399957358837128,
            -0.32756179571151733
          ],
          [
            0.4463527500629425,
            -0.5419495701789856,
            0.712091326713562,
            1.145272970199585
          ],
          [
            0.0,
            0.0,
            0.0,
            1.0
          ]
        ]
      },
      "bone_length_armature_space": 0.040164487924699024,
      "parent": "thumb_01_l",
      "has_children": true,
      "is_end_bone": false
    },
    "thumb_03_l": {
      "name": "thumb_03_l",
      "local": {
        "location": {
          "x": 0.0,
          "y": 0.0,
          "z": 0.0
        },
        "rotation_quaternion": {
          "w": 0.9985104203224182,
          "x": 0.05427813157439232,
          "y": -0.005319963674992323,
          "z": -0.001586250844411552
        },
        "scale": {
          "x": 1.0,
          "y": 1.0,
          "z": 1.0
        },
        "matrix_basis": [
          [
            0.9999383687973022,
            0.00259026070125401,
            -0.010796275921165943,
            0.0
          ],
          [
            -0.003745291382074356,
            0.9941027164459229,
            -0.10837768018245697,
            0.0
          ],
          [
            0.01045188121497631,
            0.10841143876314163,
            0.9940511584281921,
            0.0
          ],
          [
            0.0,
            0.0,
            0.0,
            1.0
          ]
        ],
        "rotation_mode": "QUATERNION"
      },
      "armature_space": {
        "head": {
          "x": 0.428027480840683,
          "y": -0.4214460849761963,
          "z": 0.17365184426307678
        },
        "tail": {
          "x": 0.44774702191352844,
          "y": -0.4428764879703522,
          "z": 0.16477663815021515
        }
      },
      "world_space": {
        "head": {
          "x": 0.428027480840683,
          "y": -0.35820209980010986,
          "z": 1.1235058307647705
        },
        "tail": {
          "x": 0.44774702191352844,
          "y": -0.37963247299194336,
          "z": 1.1146306991577148
        },
        "rotation_quaternion": {
          "w": 0.3623996078968048,
          "x": -0.07400013506412506,
          "y": 0.1292763501405716,
          "z": -0.9200425744056702
        },
        "matrix": [
          [
            -0.7263807654380798,
            0.6477132439613342,
            0.229866623878479,
            0.428027480840683
          ],
          [
            -0.6859793066978455,
            -0.7039083242416382,
            -0.1842433512210846,
            -0.35820209980010986
          ],
          [
            0.04246791452169418,
            -0.2915169596672058,
            0.9556299448013306,
            1.1235058307647705
          ],
          [
            0.0,
            0.0,
            0.0,
            1.0
          ]
        ]
      },
      "bone_length_armature_space": 0.03044489693296866,
      "parent": "thumb_02_l",
      "has_children": false,
      "is_end_bone": true
    },
    "metacarpal_index_l": {
      "name": "metacarpal_index_l",
      "local": {
        "location": {
          "x": 0.0,
          "y": 0.0,
          "z": 0.0
        },
        "rotation_quaternion": {
          "w": 0.9977486729621887,
          "x": -0.0655570849776268,
          "y": -0.012442903593182564,
          "z": -0.006717563606798649
        },
        "scale": {
          "x": 1.0,
          "y": 1.0,
          "z": 1.0
        },
        "matrix_basis": [
          [
            0.9996001124382019,
            0.015036321245133877,
            -0.023949014022946358,
            0.0
          ],
          [
            -0.01177343912422657,
            0.9913142919540405,
            0.13098615407943726,
            0.0
          ],
          [
            0.02571054920554161,
            -0.1306518167257309,
            0.9910948872566223,
            0.0
          ],
          [
            0.0,
            0.0,
            0.0,
            1.0
          ]
        ],
        "rotation_mode": "QUATERNION"
      },
      "armature_space": {
        "head": {
          "x": 0.4462786018848419,
          "y": -0.35541918873786926,
          "z": 0.2546156942844391
        },
        "tail": {
          "x": 0.45728304982185364,
          "y": -0.4573879837989807,
          "z": 0.19795405864715576
        }
      },
      "world_space": {
        "head": {
          "x": 0.4462786018848419,
          "y": -0.29217517375946045,
          "z": 1.2044696807861328
        },
        "tail": {
          "x": 0.45728304982185364,
          "y": -0.3941439986228943,
          "z": 1.1478080749511719
        },
        "rotation_quaternion": {
          "w": 0.2191992998123169,
          "x": -0.9108439683914185,
          "y": -0.12971706688404083,
          "z": 0.3247900605201721
        },
        "matrix": [
          [
            0.7553697824478149,
            0.09391728043556213,
            -0.6485337018966675,
            0.4462786018848419
          ],
          [
            0.378691703081131,
            -0.8702508807182312,
            0.3150498867034912,
            -0.29217517375946045
          ],
          [
            -0.534801721572876,
            -0.4835776090621948,
            -0.6929315328598022,
            1.2044696807861328
          ],
          [
            0.0,
            0.0,
            0.0,
            1.0
          ]
        ]
      },
      "bone_length_armature_space": 0.1171719852809344,
      "parent": "lowerarm_l",
      "has_children": true,
      "is_end_bone": false
    },
    "index_01_l": {
      "name": "index_01_l",
      "local": {
        "location": {
          "x": 0.0,
          "y": 0.0,
          "z": 0.0
        },
        "rotation_quaternion": {
          "w": 0.9907841682434082,
          "x": -0.13454683125019073,
          "y": 0.012391377240419388,
          "z": -0.009506210684776306
        },
        "scale": {
          "x": 1.0,
          "y": 1.0,
          "z": 1.0
        },
        "matrix_basis": [
          [
            0.9995121955871582,
            0.015502764843404293,
            0.02711242251098156,
            0.0
          ],
          [
            -0.02217164635658264,
            0.9636135697364807,
            0.26637816429138184,
            0.0
          ],
          [
            -0.02199629880487919,
            -0.2668493390083313,
            0.9634872078895569,
            0.0
          ],
          [
            0.0,
            0.0,
            0.0,
            1.0
          ]
        ],
        "rotation_mode": "QUATERNION"
      },
      "armature_space": {
        "head": {
          "x": 0.45728304982185364,
          "y": -0.4573879837989807,
          "z": 0.19795405864715576
        },
        "tail": {
          "x": 0.4739762246608734,
          "y": -0.47863253951072693,
          "z": 0.1888393610715866
        }
      },
      "world_space": {
        "head": {
          "x": 0.45728304982185364,
          "y": -0.3941439986228943,
          "z": 1.1478080749511719
        },
        "tail": {
          "x": 0.4739762246608734,
          "y": -0.4153885245323181,
          "z": 1.1386933326721191
        },
        "rotation_quaternion": {
          "w": 0.10007528960704803,
          "x": -0.9124487042427063,
          "y": -0.34272658824920654,
          "z": 0.19990220665931702
        },
        "matrix": [
          [
            0.6851547360420227,
            0.5854306817054749,
            -0.4333980679512024,
            0.45728304982185364
          ],
          [
            0.6654516458511353,
            -0.7450469136238098,
            0.04560200870037079,
            -0.3941439986228943
          ],
          [
            -0.2962065041065216,
            -0.3196526765823364,
            -0.9000545740127563,
            1.1478080749511719
          ],
          [
            0.0,
            0.0,
            0.0,
            1.0
          ]
        ]
      },
      "bone_length_armature_space": 0.028514398679508585,
      "parent": "metacarpal_index_l",
      "has_children": true,
      "is_end_bone": false
    },
    "index_02_l": {
      "name": "index_02_l",
      "local": {
        "location": {
          "x": 0.0,
          "y": 0.0,
          "z": 0.0
        },
        "rotation_quaternion": {
          "w": 0.9986237287521362,
          "x": 0.05223323032259941,
          "y": 0.0004633876960724592,
          "z": -0.004712885711342096
        },
        "scale": {
          "x": 1.0,
          "y": 1.0,
          "z": 1.0
        },
        "matrix_basis": [
          [
            0.9999551773071289,
            0.009461207315325737,
            0.00043316141818650067,
            0.0
          ],
          [
            -0.00936439074575901,
            0.9944989681243896,
            -0.10432705283164978,
            0.0
          ],
          [
            -0.001417838386259973,
            0.10431832075119019,
            0.9945429563522339,
            0.0
          ],
          [
            0.0,
            0.0,
            0.0,
            1.0
          ]
        ],
        "rotation_mode": "QUATERNION"
      },
      "armature_space": {
        "head": {
          "x": 0.47397613525390625,
          "y": -0.47863295674324036,
          "z": 0.18883903324604034
        },
        "tail": {
          "x": 0.48875781893730164,
          "y": -0.4970320165157318,
          "z": 0.1787857711315155
        }
      },
      "world_space": {
        "head": {
          "x": 0.47397613525390625,
          "y": -0.41538894176483154,
          "z": 1.13869309425354
        },
        "tail": {
          "x": 0.48875781893730164,
          "y": -0.433788001537323,
          "z": 1.128639817237854
        },
        "rotation_quaternion": {
          "w": 0.12376058101654053,
          "x": -0.8950226306915283,
          "y": -0.35506758093833923,
          "z": 0.23988525569438934
        },
        "matrix": [
          [
            0.6327635049819946,
            0.5762109160423279,
            -0.5172922611236572,
            0.47397613525390625
          ],
          [
            0.6949639916419983,
            -0.717220664024353,
            0.05118437856435776,
            -0.41538894176483154
          ],
          [
            -0.34152141213417053,
            -0.39189034700393677,
            -0.8542829751968384,
            1.13869309425354
          ],
          [
            0.0,
            0.0,
            0.0,
            1.0
          ]
        ]
      },
      "bone_length_armature_space": 0.025653296964794788,
      "parent": "index_01_l",
      "has_children": true,
      "is_end_bone": false
    },
    "index_03_l": {
      "name": "index_03_l",
      "local": {
        "location": {
          "x": 0.0,
          "y": 0.0,
          "z": 0.0
        },
        "rotation_quaternion": {
          "w": 0.9998469352722168,
          "x": 0.015615574084222317,
          "y": 0.007044578902423382,
          "z": -0.003580781864002347
        },
        "scale": {
          "x": 1.0,
          "y": 1.0,
          "z": 1.0
        },
        "matrix_basis": [
          [
            0.9998751282691956,
            0.0073804776184260845,
            0.013975169509649277,
            0.0
          ],
          [
            -0.006940457038581371,
            0.9994866847991943,
            -0.03127681836485863,
            0.0
          ],
          [
            -0.014198833145201206,
            0.031175917014479637,
            0.9994130730628967,
            0.0
          ],
          [
            0.0,
            0.0,
            0.0,
            1.0
          ]
        ],
        "rotation_mode": "QUATERNION"
      },
      "armature_space": {
        "head": {
          "x": 0.4887578785419464,
          "y": -0.4970320165157318,
          "z": 0.17878589034080505
        },
        "tail": {
          "x": 0.5054513812065125,
          "y": -0.5155247449874878,
          "z": 0.16351893544197083
        }
      },
      "world_space": {
        "head": {
          "x": 0.4887578785419464,
          "y": -0.433788001537323,
          "z": 1.1286399364471436
        },
        "tail": {
          "x": 0.5054513812065125,
          "y": -0.45228075981140137,
          "z": 1.1133729219436646
        },
        "rotation_quaternion": {
          "w": 0.20467771589756012,
          "x": -0.8770967125892639,
          "y": -0.3763682544231415,
          "z": 0.21715302765369415
        },
        "matrix": [
          [
            0.6223821640014648,
            0.5713304281234741,
            -0.5349972248077393,
            0.4887578785419464
          ],
          [
            0.749116063117981,
            -0.6329079866409302,
            0.19558359682559967,
            -0.433788001537323
          ],
          [
            -0.22686201333999634,
            -0.522506833076477,
            -0.8219091296195984,
            1.1286399364471436
          ],
          [
            0.0,
            0.0,
            0.0,
            1.0
          ]
        ]
      },
      "bone_length_armature_space": 0.029218725937403753,
      "parent": "index_02_l",
      "has_children": false,
      "is_end_bone": true
    },
    "metacarpal_pinky_l": {
      "name": "metacarpal_pinky_l",
      "local": {
        "location": {
          "x": 0.0,
          "y": 0.0,
          "z": 0.0
        },
        "rotation_quaternion": {
          "w": 0.9995307922363281,
          "x": -0.02528168074786663,
          "y": 0.006610726937651634,
          "z": -0.015985803678631783
        },
        "scale": {
          "x": 1.0,
          "y": 1.0,
          "z": 1.0
        },
        "matrix_basis": [
          [
            0.9994015097618103,
            0.03162234649062157,
            0.014023546129465103,
            0.0
          ],
          [
            -0.03229086846113205,
            0.998210608959198,
            0.05032828077673912,
            0.0
          ],
          [
            -0.012406954541802406,
            -0.05075099319219589,
            0.9986342787742615,
            0.0
          ],
          [
            0.0,
            0.0,
            0.0,
            1.0
          ]
        ],
        "rotation_mode": "QUATERNION"
      },
      "armature_space": {
        "head": {
          "x": 0.4462786018848419,
          "y": -0.35541918873786926,
          "z": 0.2546156942844391
        },
        "tail": {
          "x": 0.5048208832740784,
          "y": -0.42300212383270264,
          "z": 0.2012433409690857
        }
      },
      "world_space": {
        "head": {
          "x": 0.4462786018848419,
          "y": -0.29217517375946045,
          "z": 1.2044696807861328
        },
        "tail": {
          "x": 0.5048208832740784,
          "y": -0.3597581386566162,
          "z": 1.151097297668457
        },
        "rotation_quaternion": {
          "w": 0.25128409266471863,
          "x": 0.16993477940559387,
          "y": 0.3351810574531555,
          "z": -0.8919821381568909
        },
        "matrix": [
          [
            -0.8159569501876831,
            0.5621999502182007,
            -0.13470494747161865,
            0.4462786018848419
          ],
          [
            -0.3343656659126282,
            -0.6490199565887451,
            -0.683354377746582,
            -0.29217517375946045
          ],
          [
            -0.47161152958869934,
            -0.5125511884689331,
            0.7175570726394653,
            1.2044696807861328
          ],
          [
            0.0,
            0.0,
            0.0,
            1.0
          ]
        ]
      },
      "bone_length_armature_space": 0.10413097512701049,
      "parent": "lowerarm_l",
      "has_children": true,
      "is_end_bone": false
    },
    "pinky_01_l": {
      "name": "pinky_01_l",
      "local": {
        "location": {
          "x": 0.0,
          "y": 0.0,
          "z": 0.0
        },
        "rotation_quaternion": {
          "w": 0.9910554885864258,
          "x": -0.13311856985092163,
          "y": -0.002505821641534567,
          "z": -0.009066367521882057
        },
        "scale": {
          "x": 1.0,
          "y": 1.0,
          "z": 1.0
        },
        "matrix_basis": [
          [
            0.9998230338096619,
            0.01863768883049488,
            -0.0025530129205435514,
            0.0
          ],
          [
            -0.017303403466939926,
            0.9643945097923279,
            0.2639012038707733,
            0.0
          ],
          [
            0.007380620110780001,
            -0.26381033658981323,
            0.9645463228225708,
            0.0
          ],
          [
            0.0,
            0.0,
            0.0,
            1.0
          ]
        ],
        "rotation_mode": "QUATERNION"
      },
      "armature_space": {
        "head": {
          "x": 0.5048208832740784,
          "y": -0.42300212383270264,
          "z": 0.2012433409690857
        },
