{
  "metadata": {
    "armature_name": "KIM_caucasian_male",
    "export_time": "2026-01-13T19:12:17.590801",
    "blender_version": "4.4.1",
    "bone_count": 56,
    "end_bone_count": 13,
    "spaces_included": [
      "LOCAL_CHANNELS",
      "ARMATURE_SPACE",
      "WORLD_SPACE"
    ],
    "note": "LOCAL matches Transform panel; replay pose via local.matrix_basis for best fidelity."
  },
  "bones": {
    "Root": {
      "name": "Root",
      "local": {
        "location": {
          "x": 0.0,
          "y": 0.0,
          "z": 0.0
        },
        "rotation_quaternion": {
          "w": 0.99991774559021,
          "x": 0.008759835734963417,
          "y": -0.008336707018315792,
          "z": 0.004281578119844198
        },
        "scale": {
          "x": 1.0,
          "y": 1.0,
          "z": 1.0
        },
        "matrix_basis": [
          [
            0.9998243451118469,
            -0.008708508685231209,
            -0.01659703068435192,
            0.0
          ],
          [
            0.008416395634412766,
            0.9998098611831665,
            -0.017589619383215904,
            0.0
          ],
          [
            0.01674705371260643,
            0.017446842044591904,
            0.9997075200080872,
            0.0
          ],
          [
            0.0,
            0.0,
            0.0,
            1.0
          ]
        ],
        "rotation_mode": "QUATERNION"
      },
      "armature_space": {
        "head": {
          "x": 0.0,
          "y": 0.07072800397872925,
          "z": -0.009595036506652832
        },
        "tail": {
          "x": -0.0006215773755684495,
          "y": -0.00015395134687423706,
          "z": -0.0012358138337731361
        }
      },
      "world_space": {
        "head": {
          "x": 0.0,
          "y": 0.13397200405597687,
          "z": 0.9402589797973633
        },
        "tail": {
          "x": -0.0006215773755684495,
          "y": 0.06309004873037338,
          "z": 0.9486181735992432
        },
        "rotation_quaternion": {
          "w": 0.05862218141555786,
          "x": 0.9982362389564514,
          "y": -0.0048334780149161816,
          "z": -0.008029326796531677
        },
        "matrix": [
          [
            0.9998243451118469,
            -0.008708508685231209,
            -0.01659703068435192,
            0.0
          ],
          [
            -0.010591302067041397,
            -0.9930801391601562,
            -0.11696040630340576,
            0.13397200405597687
          ],
          [
            -0.015463747084140778,
            0.11711553484201431,
            -0.9930049777030945,
            0.9402589797973633
          ],
          [
            0.0,
            0.0,
            0.0,
            1.0
          ]
        ]
      },
      "bone_length_armature_space": 0.07137586768754248,
      "parent": null,
      "has_children": true,
      "is_end_bone": false
    },
    "spine_01": {
      "name": "spine_01",
      "local": {
        "location": {
          "x": 0.0,
          "y": 0.0,
          "z": 0.0
        },
        "rotation_quaternion": {
          "w": 0.9982584714889526,
          "x": 0.04233570769429207,
          "y": -0.03469383716583252,
          "z": 0.0220012329518795
        },
        "scale": {
          "x": 1.0,
          "y": 1.0,
          "z": 1.0
        },
        "matrix_basis": [
          [
            0.9966245889663696,
            -0.046863410621881485,
            -0.06740395724773407,
            0.0
          ],
          [
            0.0409882590174675,
            0.9954472780227661,
            -0.08605057001113892,
            0.0
          ],
          [
            0.071129709482193,
            0.08299734443426132,
            0.9940080642700195,
            0.0
          ],
          [
            0.0,
            0.0,
            0.0,
            1.0
          ]
        ],
        "rotation_mode": "QUATERNION"
      },
      "armature_space": {
        "head": {
          "x": -0.0006215773755684495,
          "y": -0.00015395134687423706,
          "z": -0.0012358138337731361
        },
        "tail": {
          "x": -0.01623835228383541,
          "y": -0.026236146688461304,
          "z": 0.485821008682251
        }
      },
      "world_space": {
        "head": {
          "x": -0.0006215773755684495,
          "y": 0.06309004873037338,
          "z": 0.9486181735992432
        },
        "tail": {
          "x": -0.01623835228383541,
          "y": 0.037007853388786316,
          "z": 1.435675024986267
        },
        "rotation_quaternion": {
          "w": 0.6868586540222168,
          "x": 0.7255430221557617,
          "y": -0.03874948248267174,
          "z": -0.01763635128736496
        },
        "matrix": [
          [
            0.9963749051094055,
            -0.03200150653719902,
            -0.07882288843393326,
            -0.0006215773755684495
          ],
          [
            -0.08045637607574463,
            -0.05344698578119278,
            -0.9953242540359497,
            0.06309004873037338
          ],
          [
            0.027639154344797134,
            0.9980647563934326,
            -0.0558292418718338,
            0.9486181735992432
          ],
          [
            0.0,
            0.0,
            0.0,
            1.0
          ]
        ]
      },
      "bone_length_armature_space": 0.4880046157559547,
      "parent": "Root",
      "has_children": true,
      "is_end_bone": false
    },
    "neck_01": {
      "name": "neck_01",
      "local": {
        "location": {
          "x": 0.0,
          "y": 0.0,
          "z": 0.0
        },
        "rotation_quaternion": {
          "w": 0.9915015697479248,
          "x": -0.02106868475675583,
          "y": -0.027151985093951225,
          "z": 0.1254732608795166
        },
        "scale": {
          "x": 1.0,
          "y": 1.0,
          "z": 1.0
        },
        "matrix_basis": [
          [
            0.9670384526252747,
            -0.2476697564125061,
            -0.059129584580659866,
            0.0
          ],
          [
            0.24995797872543335,
            0.9676251411437988,
            0.03496557101607323,
            0.0
          ],
          [
            0.04855535924434662,
            -0.04859296604990959,
            0.9976377487182617,
            0.0
          ],
          [
            0.0,
            0.0,
            0.0,
            1.0
          ]
        ],
        "rotation_mode": "QUATERNION"
      },
      "armature_space": {
        "head": {
          "x": -0.021315066143870354,
          "y": -0.0646677315235138,
          "z": 0.5569615960121155
        },
        "tail": {
          "x": -0.05220761150121689,
          "y": -0.10051542520523071,
          "z": 0.6479084491729736
        }
      },
      "world_space": {
        "head": {
          "x": -0.021315066143870354,
          "y": -0.0014237314462661743,
          "z": 1.5068156719207764
        },
        "tail": {
          "x": -0.05220761150121689,
          "y": -0.03727142512798309,
          "z": 1.5977624654769897
        },
        "rotation_quaternion": {
          "w": 0.5468006730079651,
          "x": 0.8208315968513489,
          "y": -0.16179752349853516,
          "z": 0.032654136419296265
        },
        "matrix": [
          [
            0.9455103278160095,
            -0.3013279438018799,
            -0.12333624809980392,
            -0.021315066143870354
          ],
          [
            -0.22990770637989044,
            -0.3496607542037964,
            -0.9082291126251221,
            -0.0014237314462661743
          ],
          [
            0.23055030405521393,
            0.8871016502380371,
            -0.3998890817165375,
            1.5068156719207764
          ],
          [
            0.0,
            0.0,
            0.0,
            1.0
          ]
        ]
      },
      "bone_length_armature_space": 0.10252188328611976,
      "parent": "spine_01",
      "has_children": true,
      "is_end_bone": false
    },
    "head": {
      "name": "head",
      "local": {
        "location": {
          "x": 0.0,
          "y": 0.0,
          "z": 0.0
        },
        "rotation_quaternion": {
          "w": 0.9781390428543091,
          "x": 0.03801112622022629,
          "y": 0.03407511115074158,
          "z": 0.20158891379833221
        },
        "scale": {
          "x": 1.0,
          "y": 1.0,
          "z": 1.0
        },
        "matrix_basis": [
          [
            0.9164015650749207,
            -0.391773521900177,
            0.08198563754558563,
            0.0
          ],
          [
            0.3969544470310211,
            0.9158341288566589,
            -0.06062200292944908,
            0.0
          ],
          [
            -0.05133514851331711,
            0.08809866011142731,
            0.9947881102561951,
            0.0
          ],
          [
            0.0,
            0.0,
            0.0,
            1.0
          ]
        ],
        "rotation_mode": "QUATERNION"
      },
      "armature_space": {
        "head": {
          "x": -0.05220760405063629,
          "y": -0.10051553696393967,
          "z": 0.6479083299636841
        },
        "tail": {
          "x": -0.14636215567588806,
          "y": -0.09930700808763504,
          "z": 0.7711424827575684
        }
      },
      "world_space": {
        "head": {
          "x": -0.05220760405063629,
          "y": -0.03727153688669205,
          "z": 1.5977623462677002
        },
        "tail": {
          "x": -0.14636215567588806,
          "y": -0.03606300801038742,
          "z": 1.7209964990615845
        },
        "rotation_quaternion": {
          "w": 0.6516420841217041,
          "x": 0.6833789348602295,
          "y": -0.28152963519096375,
          "z": 0.17057842016220093
        },
        "matrix": [
          [
            0.783287525177002,
            -0.6070953607559204,
            -0.13377608358860016,
            -0.05220760405063629
          ],
          [
            -0.16247379779815674,
            0.007792435586452484,
            -0.9866823554039001,
            -0.03727153688669205
          ],
          [
            0.6000565886497498,
            0.7945964336395264,
            -0.09253494441509247,
            1.5977623462677002
          ],
          [
            0.0,
            0.0,
            0.0,
            1.0
          ]
        ]
      },
      "bone_length_armature_space": 0.1550909302668563,
      "parent": "neck_01",
      "has_children": false,
      "is_end_bone": true
    },
    "upperarm_l": {
      "name": "upperarm_l",
      "local": {
        "location": {
          "x": 0.0,
          "y": 0.0,
          "z": 0.0
        },
        "rotation_quaternion": {
          "w": 0.9083803296089172,
          "x": -0.07608997821807861,
          "y": 0.40306153893470764,
          "z": -0.08122121542692184
        },
        "scale": {
          "x": 1.0,
          "y": 1.0,
          "z": 1.0
        },
        "matrix_basis": [
          [
            0.6618890166282654,
            0.0862216204404831,
            0.7446265816688538,
            0.0
          ],
          [
            -0.2088973969221115,
            0.975226879119873,
            0.07276298105716705,
            0.0
          ],
          [
            -0.7199060916900635,
            -0.20371156930923462,
            0.6635034084320068,
            0.0
          ],
          [
            0.0,
            0.0,
            0.0,
            1.0
          ]
        ],
        "rotation_mode": "QUATERNION"
      },
      "armature_space": {
        "head": {
          "x": 0.13004054129123688,
          "y": -0.07631836086511612,
          "z": 0.4938517212867737
        },
        "tail": {
          "x": 0.39356303215026855,
          "y": -0.03063363954424858,
          "z": 0.4772254228591919
        }
      },
      "world_space": {
        "head": {
          "x": 0.13004054129123688,
          "y": -0.0130743607878685,
          "z": 1.4437057971954346
        },
        "tail": {
          "x": 0.39356303215026855,
          "y": 0.03261036053299904,
          "z": 1.427079439163208
        },
        "rotation_quaternion": {
          "w": 0.2253512740135193,
          "x": 0.6022741198539734,
          "y": 0.7310678958892822,
          "z": -0.22808419167995453
        },
        "matrix": [
          [
            -0.1729646474123001,
            0.9834050536155701,
            0.054753199219703674,
            0.13004054129123688
          ],
          [
            0.7778086066246033,
            0.17048482596874237,
            -0.6049371361732483,
            -0.0130743607878685
          ],
          [
            -0.6042362451553345,
            -0.062045544385910034,
            -0.7943946719169617,
            1.4437057971954346
          ],
          [
            0.0,
            0.0,
            0.0,
            1.0
          ]
        ]
      },
      "bone_length_armature_space": 0.267969475752905,
      "parent": "spine_01",
      "has_children": true,
      "is_end_bone": false
    },
    "lowerarm_l": {
      "name": "lowerarm_l",
      "local": {
        "location": {
          "x": 0.0,
          "y": 0.0,
          "z": 0.0
        },
        "rotation_quaternion": {
          "w": 0.8711488842964172,
          "x": 0.4427972733974457,
          "y": 0.08320905268192291,
          "z": -0.19520871341228485
        },
        "scale": {
          "x": 1.0,
          "y": 1.0,
          "z": 1.0
        },
        "matrix_basis": [
          [
            0.9099396467208862,
            0.4138011932373047,
            -0.027900826185941696,
            0.0
          ],
          [
            -0.26642221212387085,
            0.5316482782363892,
            -0.803970992565155,
            0.0
          ],
          [
            -0.3178507089614868,
            0.7389984130859375,
            0.5940136313438416,
            0.0
          ],
          [
            0.0,
            0.0,
            0.0,
            1.0
          ]
        ],
        "rotation_mode": "QUATERNION"
      },
      "armature_space": {
        "head": {
          "x": 0.3935631513595581,
          "y": -0.030633747577667236,
          "z": 0.4772254526615143
        },
        "tail": {
          "x": 0.5137468576431274,
          "y": -0.0906442254781723,
          "z": 0.24587130546569824
        }
      },
      "world_space": {
        "head": {
          "x": 0.3935631513595581,
          "y": 0.03261025249958038,
          "z": 1.427079439163208
        },
        "tail": {
          "x": 0.5137468576431274,
          "y": -0.027400225400924683,
          "z": 1.1957253217697144
        },
        "rotation_quaternion": {
          "w": 0.17594672739505768,
          "x": -0.5421468615531921,
          "y": -0.597398579120636,
          "z": 0.5641228556632996
        },
        "matrix": [
          [
            -0.350235253572464,
            0.4492437243461609,
            -0.8218972682952881,
            0.3935631513595581
          ],
          [
            0.8462680578231812,
            -0.22431769967079163,
            -0.48323091864585876,
            0.03261025249958038
          ],
          [
            -0.40145668387413025,
            -0.8647961616516113,
            -0.30161917209625244,
            1.427079439163208
          ],
          [
            0.0,
            0.0,
            0.0,
            1.0
          ]
        ]
      },
      "bone_length_armature_space": 0.26752592494752186,
      "parent": "upperarm_l",
      "has_children": true,
      "is_end_bone": false
    },
    "metacarpal_thumb_l": {
      "name": "metacarpal_thumb_l",
      "local": {
        "location": {
          "x": 0.0,
          "y": 0.0,
          "z": 0.0
        },
        "rotation_quaternion": {
          "w": 0.9978737831115723,
          "x": -0.06401733309030533,
          "y": -0.00820221845060587,
          "z": -0.00908571481704712
        },
        "scale": {
          "x": 1.0,
          "y": 1.0,
          "z": 1.0
        },
        "matrix_basis": [
          [
            0.9997003674507141,
            0.0191829614341259,
            -0.015206270851194859,
            0.0
          ],
          [
            -0.01708262413740158,
            0.9916384816169739,
            0.12791147828102112,
            0.0
          ],
          [
            0.017532844096422195,
            -0.1276133954524994,
            0.9916689991950989,
            0.0
          ],
          [
            0.0,
            0.0,
            0.0,
            1.0
          ]
        ],
        "rotation_mode": "QUATERNION"
      },
      "armature_space": {
        "head": {
          "x": 0.5137468576431274,
          "y": -0.0906442254781723,
          "z": 0.24587130546569824
        },
        "tail": {
          "x": 0.5075516104698181,
          "y": -0.11107061803340912,
          "z": 0.2011723667383194
        }
      },
      "world_space": {
        "head": {
          "x": 0.5137468576431274,
          "y": -0.027400225400924683,
          "z": 1.1957253217697144
        },
        "tail": {
          "x": 0.5075516104698181,
          "y": -0.0478266179561615,
          "z": 1.1510263681411743
        },
        "rotation_quaternion": {
          "w": 0.5380620360374451,
          "x": -0.8123133182525635,
          "y": -0.06559490412473679,
          "z": 0.21525268256664276
        },
        "matrix": [
          [
            0.8987274765968323,
            -0.12507103383541107,
            -0.42029261589050293,
            0.5137468576431274
          ],
          [
            0.33820492029190063,
            -0.41237396001815796,
            0.8459109663963318,
            -0.027400225400924683
          ],
          [
            -0.2791184186935425,
            -0.9023950099945068,
            -0.32831379771232605,
            1.1957253217697144
          ],
          [
            0.0,
            0.0,
            0.0,
            1.0
          ]
        ]
      },
      "bone_length_armature_space": 0.04953396609514924,
      "parent": "lowerarm_l",
      "has_children": true,
      "is_end_bone": false
    },
    "thumb_01_l": {
      "name": "thumb_01_l",
      "local": {
        "location": {
          "x": 0.0,
          "y": 0.0,
          "z": 0.0
        },
        "rotation_quaternion": {
          "w": 0.9996395707130432,
          "x": 0.023304790258407593,
          "y": -0.01243092492222786,
          "z": 0.0048031010664999485
        },
        "scale": {
          "x": 1.0,
          "y": 1.0,
          "z": 1.0
        },
        "matrix_basis": [
          [
            0.9996448159217834,
            -0.01018214039504528,
            -0.02462901920080185,
            0.0
          ],
          [
            0.009023339487612247,
            0.9988676309585571,
            -0.04671219363808632,
            0.0
          ],
          [
            0.025076759979128838,
            0.046473365277051926,
            0.9986047148704529,
            0.0
          ],
          [
            0.0,
            0.0,
            0.0,
            1.0
          ]
        ],
        "rotation_mode": "QUATERNION"
      },
      "armature_space": {
        "head": {
          "x": 0.5075516104698181,
          "y": -0.11107061803340912,
          "z": 0.2011723667383194
        },
        "tail": {
          "x": 0.4917248785495758,
          "y": -0.09950073063373566,
          "z": 0.17334634065628052
        }
      },
      "world_space": {
        "head": {
          "x": 0.5075516104698181,
          "y": -0.0478266179561615,
          "z": 1.1510263681411743
        },
        "tail": {
          "x": 0.4917248785495758,
          "y": -0.03625673055648804,
          "z": 1.1232004165649414
        },
        "rotation_quaternion": {
          "w": 0.5493546724319458,
          "x": -0.5457155704498291,
          "y": 0.6067647337913513,
          "z": -0.17955657839775085
        },
        "matrix": [
          [
            0.19919326901435852,
            -0.46496421098709106,
            0.862629771232605,
            0.5075516104698181
          ],
          [
            -0.8595227003097534,
            0.3399052619934082,
            0.38168737292289734,
            -0.0478266179561615
          ],
          [
            -0.4706871807575226,
            -0.8174849152565002,
            -0.33194267749786377,
            1.1510263681411743
          ],
          [
            0.0,
            0.0,
            0.0,
            1.0
          ]
        ]
      },
      "bone_length_armature_space": 0.03403873479888466,
      "parent": "metacarpal_thumb_l",
      "has_children": true,
      "is_end_bone": false
    },
    "thumb_02_l": {
      "name": "thumb_02_l",
      "local": {
        "location": {
          "x": 0.0,
          "y": 0.0,
          "z": 0.0
        },
        "rotation_quaternion": {
          "w": 0.9872056841850281,
          "x": 0.15885350108146667,
          "y": -0.00952711421996355,
          "z": -0.009989993646740913
        },
        "scale": {
          "x": 1.0,
          "y": 1.0,
          "z": 1.0
        },
        "matrix_basis": [
          [
            0.9996188879013062,
            0.01669752597808838,
            -0.02198433317244053,
            0.0
          ],
          [
            -0.022751187905669212,
            0.949331521987915,
            -0.3134517967700958,
            0.0
          ],
          [
            0.01563655212521553,
            0.31383252143859863,
            0.949349582195282,
            0.0
          ],
          [
            0.0,
            0.0,
            0.0,
            1.0
          ]
        ],
        "rotation_mode": "QUATERNION"
      },
      "armature_space": {
        "head": {
          "x": 0.49172481894493103,
          "y": -0.09950071573257446,
          "z": 0.1733463853597641
        },
        "tail": {
          "x": 0.5176966786384583,
          "y": -0.11032591760158539,
          "z": 0.14468508958816528
        }
      },
      "world_space": {
        "head": {
          "x": 0.49172481894493103,
          "y": -0.03625671565532684,
          "z": 1.1232004165649414
        },
        "tail": {
          "x": 0.5176966786384583,
          "y": -0.04708191752433777,
          "z": 1.0945391654968262
        },
        "rotation_quaternion": {
          "w": 0.5097951889038086,
          "x": -0.2106926441192627,
          "y": 0.3245725631713867,
          "z": -0.7683554887771606
        },
        "matrix": [
          [
            -0.39143258333206177,
            0.646638035774231,
            0.6547057032585144,
            0.49172481894493103
          ],
          [
            -0.9201790690422058,
            -0.26952221989631653,
            -0.28395161032676697,
            -0.03625671565532684
          ],
          [
            -0.007156750187277794,
            -0.7135996222496033,
            0.7005271315574646,
            1.1232004165649414
          ],
          [
            0.0,
            0.0,
            0.0,
            1.0
          ]
        ]
      },
      "bone_length_armature_space": 0.04016456609257362,
      "parent": "thumb_01_l",
      "has_children": true,
      "is_end_bone": false
    },
    "thumb_03_l": {
      "name": "thumb_03_l",
      "local": {
        "location": {
          "x": 0.0,
          "y": 0.0,
          "z": 0.0
        },
        "rotation_quaternion": {
          "w": 0.9974797964096069,
          "x": 0.07071826606988907,
          "y": 0.0022732247598469257,
          "z": -0.005274678580462933
        },
        "scale": {
          "x": 1.0,
          "y": 1.0,
          "z": 1.0
        },
        "matrix_basis": [
          [
            0.9999340176582336,
            0.01084428746253252,
            0.0037889592349529266,
            0.0
          ],
          [
            -0.010201253928244114,
            0.989942193031311,
            -0.141104057431221,
            0.0
          ],
          [
            -0.005281023681163788,
            0.1410561054944992,
            0.9899874925613403,
            0.0
          ],
          [
            0.0,
            0.0,
            0.0,
            1.0
          ]
        ],
        "rotation_mode": "QUATERNION"
      },
      "armature_space": {
        "head": {
          "x": 0.5176965594291687,
          "y": -0.11032593995332718,
          "z": 0.1446850746870041
        },
        "tail": {
          "x": 0.5446535348892212,
          "y": -0.11855478584766388,
          "z": 0.13317416608333588
        }
      },
      "world_space": {
        "head": {
          "x": 0.5176965594291687,
          "y": -0.04708193987607956,
          "z": 1.0945390462875366
        },
        "tail": {
          "x": 0.5446535348892212,
          "y": -0.05531078577041626,
          "z": 1.0830281972885132
        },
        "rotation_quaternion": {
          "w": 0.531859278678894,
          "x": 0.0718548595905304,
          "y": 0.28632473945617676,
          "z": -0.7937133312225342
        },
        "matrix": [
          [
            -0.4239243268966675,
            0.8854349851608276,
            0.19050666689872742,
            0.5176965594291687
          ],
          [
            -0.8031412959098816,
            -0.2702867388725281,
            -0.5309514403343201,
            -0.04708193987607956
          ],
          [
            -0.41863492131233215,
            -0.37808993458747864,
            0.825715959072113,
            1.0945390462875366
          ],
          [
            0.0,
            0.0,
            0.0,
            1.0
          ]
        ]
      },
      "bone_length_armature_space": 0.030444924894523325,
      "parent": "thumb_02_l",
      "has_children": false,
      "is_end_bone": true
    },
    "metacarpal_index_l": {
      "name": "metacarpal_index_l",
      "local": {
        "location": {
          "x": 0.0,
          "y": 0.0,
          "z": 0.0
        },
        "rotation_quaternion": {
          "w": 0.9997118711471558,
          "x": 0.017464442178606987,
          "y": 0.01529726106673479,
          "z": -0.0061041670851409435
        },
        "scale": {
          "x": 1.0,
          "y": 1.0,
          "z": 1.0
        },
        "matrix_basis": [
          [
            0.9994574785232544,
            0.012739133089780807,
            0.03037249483168125,
            0.0
          ],
          [
            -0.011670500040054321,
            0.9993154406547546,
            -0.03510557487607002,
            0.0
          ],
          [
            -0.03079891949892044,
            0.034732066094875336,
            0.9989219903945923,
            0.0
          ],
          [
            0.0,
            0.0,
            0.0,
            1.0
          ]
        ],
        "rotation_mode": "QUATERNION"
      },
      "armature_space": {
        "head": {
          "x": 0.5137468576431274,
          "y": -0.0906442254781723,
          "z": 0.24587130546569824
        },
        "tail": {
          "x": 0.5297608375549316,
          "y": -0.12473718822002411,
          "z": 0.13491809368133545
        }
      },
      "world_space": {
        "head": {
          "x": 0.5137468576431274,
          "y": -0.027400225400924683,
          "z": 1.1957253217697144
        },
        "tail": {
          "x": 0.5297608375549316,
          "y": -0.06149318814277649,
          "z": 1.0847721099853516
        },
        "rotation_quaternion": {
          "w": 0.49878227710723877,
          "x": -0.7288056015968323,
          "y": -0.3251669704914093,
          "z": 0.3381201922893524
        },
        "matrix": [
          [
            0.5598821640014648,
            0.1366710066795349,
            -0.8172227144241333,
            0.5137468576431274
          ],
          [
            0.8112637996673584,
            -0.2909657657146454,
            0.5071392059326172,
            -0.027400225400924683
          ],
          [
            -0.16847310960292816,
            -0.9469281435012817,
            -0.2737843096256256,
            1.1957253217697144
          ],
          [
            0.0,
            0.0,
            0.0,
            1.0
          ]
        ]
      },
      "bone_length_armature_space": 0.11717249046504835,
      "parent": "lowerarm_l",
      "has_children": true,
      "is_end_bone": false
    },
    "index_01_l": {
      "name": "index_01_l",
      "local": {
        "location": {
          "x": 0.0,
          "y": 0.0,
          "z": 0.0
        },
        "rotation_quaternion": {
          "w": 0.9976785182952881,
          "x": -0.0672491043806076,
          "y": 0.01054453570395708,
          "z": -0.0020341984927654266
        },
        "scale": {
          "x": 1.0,
          "y": 1.0,
          "z": 1.0
        },
        "matrix_basis": [
          [
            0.9997693300247192,
            0.002640731167048216,
            0.021313710138201714,
            0.0
          ],
          [
            -0.005477173253893852,
            0.9909468293190002,
            0.13414306938648224,
            0.0
          ],
          [
            -0.020766517147421837,
            -0.1342288702726364,
            0.990732729434967,
            0.0
          ],
          [
            0.0,
            0.0,
            0.0,
            1.0
          ]
        ],
        "rotation_mode": "QUATERNION"
      },
      "armature_space": {
        "head": {
          "x": 0.5297608375549316,
          "y": -0.12473718822002411,
          "z": 0.13491809368133545
        },
        "tail": {
          "x": 0.5448193550109863,
          "y": -0.12829957902431488,
          "z": 0.11096756160259247
        }
      },
      "world_space": {
        "head": {
          "x": 0.5297608375549316,
          "y": -0.06149318814277649,
          "z": 1.0847721099853516
        },
        "tail": {
          "x": 0.5448193550109863,
          "y": -0.06505557894706726,
          "z": 1.060821533203125
        },
        "rotation_quaternion": {
          "w": 0.46507611870765686,
          "x": -0.7302690744400024,
          "y": -0.47035863995552063,
          "z": 0.17080458998680115
        },
        "matrix": [
          [
            0.49917471408843994,
            0.5281023383140564,
            -0.6869734525680542,
            0.5297608375549316
          ],
          [
            0.8458524942398071,
            -0.12493303418159485,
            0.5185802578926086,
            -0.06149318814277649
          ],
          [
            0.18803972005844116,
            -0.8399462103843689,
            -0.5090632438659668,
            1.0847721099853516
          ],
          [
            0.0,
            0.0,
            0.0,
            1.0
          ]
        ]
      },
      "bone_length_armature_space": 0.028514515115547354,
      "parent": "metacarpal_index_l",
      "has_children": true,
      "is_end_bone": false
    },
    "index_02_l": {
      "name": "index_02_l",
      "local": {
        "location": {
          "x": 0.0,
          "y": 0.0,
          "z": 0.0
        },
        "rotation_quaternion": {
          "w": 0.9853469133377075,
          "x": 0.17039811611175537,
          "y": 0.006529109086841345,
          "z": 0.00367180653847754
        },
        "scale": {
          "x": 1.0,
          "y": 1.0,
          "z": 1.0
        },
        "matrix_basis": [
          [
            0.9998877644538879,
            -0.005010910797864199,
            0.014118213206529617,
            0.0
          ],
          [
            0.009461102075874805,
            0.9419019818305969,
            -0.3357545733451843,
            0.0
          ],
          [
            -0.011615537106990814,
            0.33585047721862793,
            0.9418436884880066,
            0.0
          ],
          [
            0.0,
            0.0,
            0.0,
            1.0
          ]
        ],
        "rotation_mode": "QUATERNION"
      },
      "armature_space": {
        "head": {
          "x": 0.544819176197052,
          "y": -0.12829965353012085,
          "z": 0.11096702516078949
        },
        "tail": {
          "x": 0.552443265914917,
          "y": -0.12728241086006165,
          "z": 0.0864938497543335
        }
      },
      "world_space": {
        "head": {
          "x": 0.544819176197052,
          "y": -0.06505565345287323,
          "z": 1.0608210563659668
        },
        "tail": {
          "x": 0.552443265914917,
          "y": -0.06403841078281403,
          "z": 1.0363478660583496
        },
        "rotation_quaternion": {
          "w": 0.5586416125297546,
          "x": -0.6429073810577393,
          "y": -0.4557914137840271,
          "z": 0.2585417628288269
        },
        "matrix": [
          [
            0.45081838965415955,
            0.2971985340118408,
            -0.8416862487792969,
            0.544819176197052
          ],
          [
            0.8749289512634277,
            0.03965336084365845,
            0.4826253056526184,
            -0.06505565345287323
          ],
          [
            0.17681311070919037,
            -0.9539984464645386,
            -0.24215257167816162,
            1.0608210563659668
          ],
          [
            0.0,
            0.0,
            0.0,
            1.0
          ]
        ]
      },
      "bone_length_armature_space": 0.025653418276926396,
      "parent": "index_01_l",
      "has_children": true,
      "is_end_bone": false
    },
    "index_03_l": {
      "name": "index_03_l",
      "local": {
        "location": {
          "x": 0.0,
          "y": 0.0,
          "z": 0.0
        },
        "rotation_quaternion": {
          "w": 0.9722528457641602,
          "x": 0.23391297459602356,
          "y": -0.003023766912519932,
          "z": -9.941549797076732e-05
        },
        "scale": {
          "x": 1.0,
          "y": 1.0,
          "z": 1.0
        },
        "matrix_basis": [
          [
            0.999981701374054,
            -0.0012212826404720545,
            -0.0059262411668896675,
            0.0
          ],
          [
            -0.0016079106135293841,
            0.8905694484710693,
            -0.45484450459480286,
            0.0
          ],
          [
            0.00583322299644351,
            0.45484572649002075,
            0.8905511498451233,
            0.0
          ],
          [
            0.0,
            0.0,
            0.0,
            1.0
          ]
        ],
        "rotation_mode": "QUATERNION"
      },
      "armature_space": {
        "head": {
          "x": 0.5524433851242065,
          "y": -0.12728251516819,
          "z": 0.08649389445781708
        },
        "tail": {
          "x": 0.5481519103050232,
          "y": -0.11601564288139343,
          "z": 0.059878453612327576
        }
      },
      "world_space": {
        "head": {
          "x": 0.5524433851242065,
          "y": -0.06403851509094238,
          "z": 1.0363478660583496
        },
        "tail": {
          "x": 0.5481519103050232,
          "y": -0.05277164280414581,
          "z": 1.0097324848175049
        },
        "rotation_quaternion": {
          "w": 0.7372466921806335,
          "x": -0.4437137842178345,
          "y": -0.3863547444343567,
          "z": 0.3321378529071808
        },
        "matrix": [
          [
            0.4808291494846344,
            -0.14687466621398926,
            -0.8644253015518188,
            0.5524433851242065
          ],
          [
            0.8325970768928528,
            0.38560497760772705,
            0.39760681986808777,
            -0.06403851509094238
          ],
          [
            0.27493083477020264,
            -0.9109049439430237,
            0.3076997697353363,
            1.0363478660583496
          ],
          [
            0.0,
            0.0,
            0.0,
            1.0
          ]
        ]
      },
      "bone_length_armature_space": 0.029218844438097993,
      "parent": "index_02_l",
      "has_children": false,
      "is_end_bone": true
    },
    "metacarpal_pinky_l": {
      "name": "metacarpal_pinky_l",
      "local": {
        "location": {
          "x": 0.0,
          "y": 0.0,
          "z": 0.0
        },
        "rotation_quaternion": {
          "w": 0.9993656277656555,
          "x": -0.030373066663742065,
          "y": 0.005914822220802307,
          "z": -0.01763603836297989
        },
        "scale": {
          "x": 1.0,
          "y": 1.0,
          "z": 1.0
        },
        "matrix_basis": [
          [
            0.9993079900741577,
            0.034890398383140564,
            0.012893461622297764,
            0.0
          ],
          [
            -0.03560900315642357,
            0.9975329041481018,
            0.06049896776676178,
            0.0
          ],
          [
            -0.010750818997621536,
            -0.0609162263572216,
            0.9980849623680115,
            0.0
          ],
          [
            0.0,
            0.0,
            0.0,
            1.0
          ]
        ],
        "rotation_mode": "QUATERNION"
      },
      "armature_space": {
        "head": {
          "x": 0.5137468576431274,
          "y": -0.0906442254781723,
          "z": 0.24587130546569824
        },
        "tail": {
          "x": 0.5802704095840454,
          "y": -0.09208305925130844,
          "z": 0.16577231884002686
        }
      },
      "world_space": {
        "head": {
          "x": 0.5137468576431274,
          "y": -0.027400225400924683,
          "z": 1.1957253217697144
        },
        "tail": {
          "x": 0.5802704095840454,
          "y": -0.02883905917406082,
          "z": 1.115626335144043
        },
        "rotation_quaternion": {
          "w": 0.32602033019065857,
          "x": 0.14859537780284882,
          "y": 0.6219344139099121,
          "z": -0.6962957978248596
        },
        "matrix": [
          [
            -0.7432594299316406,
            0.6388465762138367,
            0.19859600067138672,
            0.5137468576431274
          ],
          [
            -0.26918360590934753,
            -0.013817563652992249,
            -0.962989866733551,
            -0.027400225400924683
          ],
          [
            -0.6124631762504578,
            -0.7692153453826904,
            0.182237446308136,
            1.1957253217697144
          ],
          [
            0.0,
            0.0,
            0.0,
            1.0
          ]
        ]
      },
      "bone_length_armature_space": 0.10413117258720915,
      "parent": "lowerarm_l",
      "has_children": true,
      "is_end_bone": false
    },
    "pinky_01_l": {
      "name": "pinky_01_l",
      "local": {
        "location": {
          "x": 0.0,
          "y": 0.0,
          "z": 0.0
        },
        "rotation_quaternion": {
          "w": 0.9985403418540955,
          "x": 0.05242612957954407,
          "y": -0.012919026426970959,
          "z": -0.0013374569825828075
        },
        "scale": {
          "x": 1.0,
          "y": 1.0,
          "z": 1.0
        },
        "matrix_basis": [
          [
            0.9996626377105713,
            0.001316420384682715,
            -0.02594057284295559,
            0.0
          ],
          [
            -0.004025598522275686,
            0.9944994449615479,
            -0.10466465353965759,
            0.0
          ],
          [
            0.02566010318696499,
            0.10473376512527466,
            0.9941691756248474,
            0.0
          ],
          [
            0.0,
            0.0,
            0.0,
            1.0
          ]
        ],
        "rotation_mode": "QUATERNION"
      },
      "armature_space": {
        "head": {
          "x": 0.5802704095840454,
          "y": -0.09208305925130844,
