{
  "metadata": {
    "armature_name": "KIM_caucasian_male",
    "export_time": "2026-01-13T21:04:11.522808",
    "blender_version": "4.4.1",
    "bone_count": 56,
    "end_bone_count": 13,
    "spaces_included": [
      "LOCAL_CHANNELS",
      "ARMATURE_SPACE",
      "WORLD_SPACE"
    ],
    "note": "LOCAL matches Transform panel; replay pose via local.matrix_basis for best fidelity."
  },
  "bones": {
    "Root": {
      "name": "Root",
      "local": {
        "location": {
          "x": 0.0,
          "y": 0.0,
          "z": 0.0
        },
        "rotation_quaternion": {
          "w": 0.9998899698257446,
          "x": -0.0009320172830484807,
          "y": -0.011958889663219452,
          "z": -0.00873118732124567
        },
        "scale": {
          "x": 1.0,
          "y": 1.0,
          "z": 1.0
        },
        "matrix_basis": [
          [
            0.9995614886283875,
            0.01748274452984333,
            -0.02389887161552906,
            0.0
          ],
          [
            -0.017438162118196487,
            0.9998458027839661,
            0.002072660019621253,
            0.0
          ],
          [
            0.02393142320215702,
            -0.0016549988649785519,
            0.9997122287750244,
            0.0
          ],
          [
            0.0,
            0.0,
            0.0,
            1.0
          ]
        ],
        "rotation_mode": "QUATERNION"
      },
      "armature_space": {
        "head": {
          "x": 0.0,
          "y": 0.07072800397872925,
          "z": -0.009595036506652832
        },
        "tail": {
          "x": 0.0012478460557758808,
          "y": 2.6792287826538086e-05,
          "z": 0.00011557620018720627
        }
      },
      "world_space": {
        "head": {
          "x": 0.0,
          "y": 0.13397200405597687,
          "z": 0.9402589797973633
        },
        "tail": {
          "x": 0.0012478460557758808,
          "y": 0.06327079236507416,
          "z": 0.9499695897102356
        },
        "rotation_quaternion": {
          "w": 0.06829014420509338,
          "x": 0.9975556135177612,
          "y": 0.007905705831944942,
          "z": -0.012519923970103264
        },
        "matrix": [
          [
            0.9995614886283875,
            0.01748274452984333,
            -0.02389887161552906,
            0.0
          ],
          [
            0.014062784612178802,
            -0.9905478358268738,
            -0.1364448517560959,
            0.13397200405597687
          ],
          [
            -0.02605857513844967,
            0.13604895770549774,
            -0.9903663992881775,
            0.9402589797973633
          ],
          [
            0.0,
            0.0,
            0.0,
            1.0
          ]
        ]
      },
      "bone_length_armature_space": 0.0713758658631995,
      "parent": null,
      "has_children": true,
      "is_end_bone": false
    },
    "spine_01": {
      "name": "spine_01",
      "local": {
        "location": {
          "x": 0.0,
          "y": 0.0,
          "z": 0.0
        },
        "rotation_quaternion": {
          "w": 0.9929468035697937,
          "x": 0.092411570250988,
          "y": 0.060061074793338776,
          "z": -0.04369848594069481
        },
        "scale": {
          "x": 1.0,
          "y": 1.0,
          "z": 1.0
        },
        "matrix_basis": [
          [
            0.9889662265777588,
            0.09788122028112411,
            0.11119841039180756,
            0.0
          ],
          [
            -0.07567986845970154,
            0.9791010618209839,
            -0.18876869976520538,
            0.0
          ],
          [
            -0.12735140323638916,
            0.1782703846693039,
            0.9757055640220642,
            0.0
          ],
          [
            0.0,
            0.0,
            0.0,
            1.0
          ]
        ],
        "rotation_mode": "QUATERNION"
      },
      "armature_space": {
        "head": {
          "x": 0.0012478460557758808,
          "y": 2.6792287826538086e-05,
          "z": 0.00011557620018720627
        },
        "tail": {
          "x": 0.06243469566106796,
          "y": -0.06287900358438492,
          "z": 0.48016494512557983
        }
      },
      "world_space": {
        "head": {
          "x": 0.0012478460557758808,
          "y": 0.06327079236507416,
          "z": 0.9499695897102356
        },
        "tail": {
          "x": 0.06243469566106796,
          "y": 0.0003649964928627014,
          "z": 1.4300189018249512
        },
        "rotation_quaternion": {
          "w": 0.6541411876678467,
          "x": 0.7512866258621216,
          "y": 0.08744499087333679,
          "z": 0.004593841265887022
        },
        "matrix": [
          [
            0.9846644401550293,
            0.12538257241249084,
            0.12130606174468994,
            0.0012478460557758808
          ],
          [
            0.13740327954292297,
            -0.12890499830245972,
            -0.9820916652679443,
            0.06327079236507416
          ],
          [
            -0.10750085115432739,
            0.9837052822113037,
            -0.1441580355167389,
            0.9499695897102356
          ],
          [
            0.0,
            0.0,
            0.0,
            1.0
          ]
        ]
      },
      "bone_length_armature_space": 0.4880044739208314,
      "parent": "Root",
      "has_children": true,
      "is_end_bone": false
    },
    "neck_01": {
      "name": "neck_01",
      "local": {
        "location": {
          "x": 0.0,
          "y": 0.0,
          "z": 0.0
        },
        "rotation_quaternion": {
          "w": 0.9885050058364868,
          "x": -0.11292053759098053,
          "y": 0.08383787423372269,
          "z": 0.055479854345321655
        },
        "scale": {
          "x": 1.0,
          "y": 1.0,
          "z": 1.0
        },
        "matrix_basis": [
          [
            0.9797863960266113,
            -0.1286182701587677,
            0.15321868658065796,
            0.0
          ],
          [
            0.09075019508600235,
            0.9683418869972229,
            0.23254765570163727,
            0.0
          ],
          [
            -0.17827793955802917,
            -0.21394240856170654,
            0.9604403376579285,
            0.0
          ],
          [
            0.0,
            0.0,
            0.0,
            1.0
          ]
        ],
        "rotation_mode": "QUATERNION"
      },
      "armature_space": {
        "head": {
          "x": 0.07582196593284607,
          "y": -0.10637660324573517,
          "z": 0.5471909046173096
        },
        "tail": {
          "x": 0.077547088265419,
          "y": -0.13818888366222382,
          "z": 0.6446371078491211
        }
      },
      "world_space": {
        "head": {
          "x": 0.07582196593284607,
          "y": -0.04313260316848755,
          "z": 1.4970449209213257
        },
        "tail": {
          "x": 0.077547088265419,
          "y": -0.0749448835849762,
          "z": 1.5944911241531372
        },
        "rotation_quaternion": {
          "w": 0.5817040205001831,
          "x": 0.8036203384399414,
          "y": 0.08044072985649109,
          "z": 0.09666495770215988
        },
        "matrix": [
          [
            0.9683703780174255,
            0.0168269295245409,
            0.24894914031028748,
            0.07582196593284607
          ],
          [
            0.2417484074831009,
            -0.3102990984916687,
            -0.9193870425224304,
            -0.04313260316848755
          ],
          [
            0.061778850853443146,
            0.95049649477005,
            -0.30455535650253296,
            1.4970449209213257
          ],
          [
            0.0,
            0.0,
            0.0,
            1.0
          ]
        ]
      },
      "bone_length_armature_space": 0.10252199487830815,
      "parent": "spine_01",
      "has_children": true,
      "is_end_bone": false
    },
    "head": {
      "name": "head",
      "local": {
        "location": {
          "x": 0.0,
          "y": 0.0,
          "z": 0.0
        },
        "rotation_quaternion": {
          "w": 0.9848334789276123,
          "x": -0.04654299467802048,
          "y": -0.16553732752799988,
          "z": 0.02311280556023121
        },
        "scale": {
          "x": 1.0,
          "y": 1.0,
          "z": 1.0
        },
        "matrix_basis": [
          [
            0.9441263675689697,
            -0.030115323141217232,
            -0.328204870223999,
            0.0
          ],
          [
            0.060933735221624374,
            0.9945991039276123,
            0.08402213454246521,
            0.0
          ],
          [
            0.3239019215106964,
            -0.09932626038789749,
            0.9408622980117798,
            0.0
          ],
          [
            0.0,
            0.0,
            0.0,
            1.0
          ]
        ],
        "rotation_mode": "QUATERNION"
      },
      "armature_space": {
        "head": {
          "x": 0.0775471180677414,
          "y": -0.13818900287151337,
          "z": 0.6446369290351868
        },
        "tail": {
          "x": 0.057840727269649506,
          "y": -0.11774423718452454,
          "z": 0.7971065640449524
        }
      },
      "world_space": {
        "head": {
          "x": 0.0775471180677414,
          "y": -0.07494500279426575,
          "z": 1.5944910049438477
        },
        "tail": {
          "x": 0.057840727269649506,
          "y": -0.054500237107276917,
          "z": 1.7469606399536133
        },
        "rotation_quaternion": {
          "w": 0.7479085326194763,
          "x": 0.6587111353874207,
          "y": -0.08090177178382874,
          "z": 0.013693022541701794
        },
        "matrix": [
          [
            0.986534833908081,
            -0.127064049243927,
            -0.10297395288944244,
            0.0775471180677414
          ],
          [
            -0.08609864115715027,
            0.13182498514652252,
            -0.9875270128250122,
            -0.07494500279426575
          ],
          [
            0.1390545666217804,
            0.9831027984619141,
            0.11910981684923172,
            1.5944910049438477
          ],
          [
            0.0,
            0.0,
            0.0,
            1.0
          ]
        ]
      },
      "bone_length_armature_space": 0.15509133055244284,
      "parent": "neck_01",
      "has_children": false,
      "is_end_bone": true
    },
    "upperarm_l": {
      "name": "upperarm_l",
      "local": {
        "location": {
          "x": 0.0,
          "y": 0.0,
          "z": 0.0
        },
        "rotation_quaternion": {
          "w": 0.8813986778259277,
          "x": 0.21963852643966675,
          "y": 0.3681644797325134,
          "z": 0.1983688324689865
        },
        "scale": {
          "x": 1.0,
          "y": 1.0,
          "z": 1.0
        },
        "matrix_basis": [
          [
            0.6502094268798828,
            -0.18795785307884216,
            0.7361382246017456,
            0.0
          ],
          [
            0.5114102363586426,
            0.824817419052124,
            -0.24111349880695343,
            0.0
          ],
          [
            -0.5618605017662048,
            0.53324294090271,
            0.6324276924133301,
            0.0
          ],
          [
            0.0,
            0.0,
            0.0,
            1.0
          ]
        ],
        "rotation_mode": "QUATERNION"
      },
      "armature_space": {
        "head": {
          "x": 0.21548181772232056,
          "y": -0.08023471385240555,
          "z": 0.46449339389801025
        },
        "tail": {
          "x": 0.4611366391181946,
          "y": -0.1872584968805313,
          "z": 0.46180254220962524
        }
      },
      "world_space": {
        "head": {
          "x": 0.21548181772232056,
          "y": -0.01699071377515793,
          "z": 1.4143474102020264
        },
        "tail": {
          "x": 0.4611366391181946,
          "y": -0.12401449680328369,
          "z": 1.4116566181182861
        },
        "rotation_quaternion": {
          "w": 0.1698143482208252,
          "x": 0.7924156785011292,
          "y": 0.5210261940956116,
          "z": -0.26790371537208557
        },
        "matrix": [
          [
            0.3135179877281189,
            0.9167270064353943,
            -0.24762481451034546,
            0.21548181772232056
          ],
          [
            0.7347507476806641,
            -0.39938804507255554,
            -0.5482981204986572,
            -0.01699071377515793
          ],
          [
            -0.6015415191650391,
            -0.010041683912277222,
            -0.7987871170043945,
            1.4143474102020264
          ],
          [
            0.0,
            0.0,
            0.0,
            1.0
          ]
        ]
      },
      "bone_length_armature_space": 0.26796944159375313,
      "parent": "spine_01",
      "has_children": true,
      "is_end_bone": false
    },
    "lowerarm_l": {
      "name": "lowerarm_l",
      "local": {
        "location": {
          "x": 0.0,
          "y": 0.0,
          "z": 0.0
        },
        "rotation_quaternion": {
          "w": 0.9880466461181641,
          "x": 0.07533810287714005,
          "y": -0.0038993963971734047,
          "z": -0.13443578779697418
        },
        "scale": {
          "x": 1.0,
          "y": 1.0,
          "z": 1.0
        },
        "matrix_basis": [
          [
            0.9638236165046692,
            0.2650701105594635,
            -0.027961844578385353,
            0.0
          ],
          [
            -0.2662452161312103,
            0.9525023698806763,
            -0.147826686501503,
            0.0
          ],
          [
            -0.01255070324987173,
            0.14992356300354004,
            0.9886179566383362,
            0.0
          ],
          [
            0.0,
            0.0,
            0.0,
            1.0
          ]
        ],
        "rotation_mode": "QUATERNION"
      },
      "armature_space": {
        "head": {
          "x": 0.4611366391181946,
          "y": -0.18725866079330444,
          "z": 0.46180257201194763
        },
        "tail": {
          "x": 0.6865200996398926,
          "y": -0.29681113362312317,
          "z": 0.3681541383266449
        }
      },
      "world_space": {
        "head": {
          "x": 0.4611366391181946,
          "y": -0.12401466071605682,
          "z": 1.4116566181182861
        },
        "tail": {
          "x": 0.6865200996398926,
          "y": -0.23356713354587555,
          "z": 1.3180081844329834
        },
        "rotation_quaternion": {
          "w": 0.059334736317396164,
          "x": 0.7354278564453125,
          "y": 0.5401166677474976,
          "z": -0.40484488010406494
        },
        "matrix": [
          [
            0.08874747157096863,
            0.8424779176712036,
            -0.5313705205917358,
            0.4611366391181946
          ],
          [
            0.7463903427124023,
            -0.4095045030117035,
            -0.524602472782135,
            -0.12401466071605682
          ],
          [
            -0.6595683693885803,
            -0.3500555455684662,
            -0.6651650667190552,
            1.4116566181182861
          ],
          [
            0.0,
            0.0,
            0.0,
            1.0
          ]
        ]
      },
      "bone_length_armature_space": 0.2675247243513789,
      "parent": "upperarm_l",
      "has_children": true,
      "is_end_bone": false
    },
    "metacarpal_thumb_l": {
      "name": "metacarpal_thumb_l",
      "local": {
        "location": {
          "x": 0.0,
          "y": 0.0,
          "z": 0.0
        },
        "rotation_quaternion": {
          "w": 0.9999154806137085,
          "x": -0.005623295903205872,
          "y": 0.009485103189945221,
          "z": -0.006892773322761059
        },
        "scale": {
          "x": 1.0,
          "y": 1.0,
          "z": 1.0
        },
        "matrix_basis": [
          [
            0.9997250437736511,
            0.013677706010639668,
            0.019046124070882797,
            0.0
          ],
          [
            -0.013891056180000305,
            0.9998417496681213,
            0.011114884167909622,
            0.0
          ],
          [
            -0.01889108307659626,
            -0.011376398615539074,
            0.9997568130493164,
            0.0
          ],
          [
            0.0,
            0.0,
            0.0,
            1.0
          ]
        ],
        "rotation_mode": "QUATERNION"
      },
      "armature_space": {
        "head": {
          "x": 0.6865200996398926,
          "y": -0.29681113362312317,
          "z": 0.3681541383266449
        },
        "tail": {
          "x": 0.7053825855255127,
          "y": -0.3216375410556793,
          "z": 0.32966434955596924
        }
      },
      "world_space": {
        "head": {
          "x": 0.6865200996398926,
          "y": -0.23356713354587555,
          "z": 1.3180081844329834
        },
        "tail": {
          "x": 0.7053825855255127,
          "y": -0.2583935260772705,
          "z": 1.2795183658599854
        },
        "rotation_quaternion": {
          "w": 0.4673682749271393,
          "x": -0.8624186515808105,
          "y": -0.1759708821773529,
          "z": -0.08267556130886078
        },
        "matrix": [
          [
            0.9243978261947632,
            0.3808012008666992,
            -0.021885991096496582,
            0.6865200996398926
          ],
          [
            0.22624292969703674,
            -0.5012025833129883,
            0.8352305889129639,
            -0.23356713354587555
          ],
          [
            0.3070899546146393,
            -0.7770427465438843,
            -0.5494670867919922,
            1.3180081844329834
          ],
          [
            0.0,
            0.0,
            0.0,
            1.0
          ]
        ]
      },
      "bone_length_armature_space": 0.04953390407154669,
      "parent": "lowerarm_l",
      "has_children": true,
      "is_end_bone": false
    },
    "thumb_01_l": {
      "name": "thumb_01_l",
      "local": {
        "location": {
          "x": 0.0,
          "y": 0.0,
          "z": 0.0
        },
        "rotation_quaternion": {
          "w": 0.9788204431533813,
          "x": 0.20273518562316895,
          "y": 0.01817072369158268,
          "z": 0.021880965679883957
        },
        "scale": {
          "x": 1.0,
          "y": 1.0,
          "z": 1.0
        },
        "matrix_basis": [
          [
            0.9983820915222168,
            -0.03546738252043724,
            0.04444383457303047,
            0.0
          ],
          [
            0.05020276457071304,
            0.9168393611907959,
            -0.39608749747276306,
            0.0
          ],
          [
            -0.026699667796492577,
            0.39767786860466003,
            0.917136549949646,
            0.0
          ],
          [
            0.0,
            0.0,
            0.0,
            1.0
          ]
        ],
        "rotation_mode": "QUATERNION"
      },
      "armature_space": {
        "head": {
          "x": 0.7053825855255127,
          "y": -0.3216375410556793,
          "z": 0.32966434955596924
        },
        "tail": {
          "x": 0.7216985821723938,
          "y": -0.3089067041873932,
          "z": 0.3026393949985504
        }
      },
      "world_space": {
        "head": {
          "x": 0.7053825855255127,
          "y": -0.2583935260772705,
          "z": 1.2795183658599854
        },
        "tail": {
          "x": 0.7216985821723938,
          "y": -0.24566270411014557,
          "z": 1.2524933815002441
        },
        "rotation_quaternion": {
          "w": 0.7407652735710144,
          "x": -0.2983131408691406,
          "y": 0.3718511164188385,
          "z": -0.4732893407344818
        },
        "matrix": [
          [
            0.2754465341567993,
            0.4793381690979004,
            0.8332851529121399,
            0.7053825855255127
          ],
          [
            -0.92304927110672,
            0.3740119934082031,
            0.08997230231761932,
            -0.2583935260772705
          ],
          [
            -0.26853418350219727,
            -0.7939509749412537,
            0.5454769730567932,
            1.2795183658599854
          ],
          [
            0.0,
            0.0,
            0.0,
            1.0
          ]
        ]
      },
      "bone_length_armature_space": 0.03403871513339775,
      "parent": "metacarpal_thumb_l",
      "has_children": true,
      "is_end_bone": false
    },
    "thumb_02_l": {
      "name": "thumb_02_l",
      "local": {
        "location": {
          "x": 0.0,
          "y": 0.0,
          "z": 0.0
        },
        "rotation_quaternion": {
          "w": 0.9288893342018127,
          "x": 0.3703479766845703,
          "y": 0.002458502072840929,
          "z": 0.0009795376099646091
        },
        "scale": {
          "x": 1.0,
          "y": 1.0,
          "z": 1.0
        },
        "matrix_basis": [
          [
            0.9999859929084778,
            1.2384599585857359e-06,
            0.0052928924560546875,
            0.0
          ],
          [
            0.0036407667212188244,
            0.7256828546524048,
            -0.6880197525024414,
            0.0
          ],
          [
            -0.003841813188046217,
            0.688029408454895,
            0.7256726622581482,
            0.0
          ],
          [
            0.0,
            0.0,
            0.0,
            1.0
          ]
        ],
        "rotation_mode": "QUATERNION"
      },
      "armature_space": {
        "head": {
          "x": 0.721698522567749,
          "y": -0.3089066743850708,
          "z": 0.302639365196228
        },
        "tail": {
          "x": 0.7484691739082336,
          "y": -0.33381715416908264,
          "z": 0.319252073764801
        }
      },
      "world_space": {
        "head": {
          "x": 0.721698522567749,
          "y": -0.24566267430782318,
          "z": 1.2524933815002441
        },
        "tail": {
          "x": 0.7484691739082336,
          "y": -0.27057313919067383,
          "z": 1.269106149673462
        },
        "rotation_quaternion": {
          "w": 0.4289543628692627,
          "x": 0.3324623703956604,
          "y": -0.07675329595804214,
          "z": -0.8364065289497375
        },
        "matrix": [
          [
            -0.4109330177307129,
            0.666526734828949,
            -0.6219936609268188,
            0.721698522567749
          ],
          [
            -0.7685959935188293,
            -0.6202132105827332,
            -0.15683001279830933,
            -0.24566267430782318
          ],
          [
            -0.49030429124832153,
            0.4136175513267517,
            0.7671611309051514,
            1.2524933815002441
          ],
          [
            0.0,
            0.0,
            0.0,
            1.0
          ]
        ]
      },
      "bone_length_armature_space": 0.04016443575231336,
      "parent": "thumb_01_l",
      "has_children": true,
      "is_end_bone": false
    },
    "thumb_03_l": {
      "name": "thumb_03_l",
      "local": {
        "location": {
          "x": 0.0,
          "y": 0.0,
          "z": 0.0
        },
        "rotation_quaternion": {
          "w": 0.9828015565872192,
          "x": 0.18462352454662323,
          "y": -0.002810869598761201,
          "z": 0.0027342503890395164
        },
        "scale": {
          "x": 1.0,
          "y": 1.0,
          "z": 1.0
        },
        "matrix_basis": [
          [
            0.9999692440032959,
            -0.006412356160581112,
            -0.0045154402032494545,
            0.0
          ],
          [
            0.004336545709520578,
            0.9318133592605591,
            -0.3629119396209717,
            0.0
          ],
          [
            0.006534668151289225,
            0.36288121342658997,
            0.9318125247955322,
            0.0
          ],
          [
            0.0,
            0.0,
            0.0,
            1.0
          ]
        ],
        "rotation_mode": "QUATERNION"
      },
      "armature_space": {
        "head": {
          "x": 0.7484691739082336,
          "y": -0.33381718397140503,
          "z": 0.3192519545555115
        },
        "tail": {
          "x": 0.754151463508606,
          "y": -0.3515773415565491,
          "z": 0.34331825375556946
        }
      },
      "world_space": {
        "head": {
          "x": 0.7484691739082336,
          "y": -0.2705731987953186,
          "z": 1.2691059112548828
        },
        "tail": {
          "x": 0.754151463508606,
          "y": -0.28833335638046265,
          "z": 1.2931722402572632
        },
        "rotation_quaternion": {
          "w": 0.3762334883213043,
          "x": 0.598059356212616,
          "y": -0.2584002912044525,
          "z": -0.6587887406349182
        },
        "matrix": [
          [
            -0.0015473198145627975,
            0.18664267659187317,
            -0.9824267029762268,
            0.7484691739082336
          ],
          [
            -0.8047949075698853,
            -0.583354115486145,
            -0.10955891013145447,
            -0.2705731987953186
          ],
          [
            -0.5935559272766113,
            0.7904874086380005,
            0.15111270546913147,
            1.2691059112548828
          ],
          [
            0.0,
            0.0,
            0.0,
            1.0
          ]
        ]
      },
      "bone_length_armature_space": 0.030445006150177468,
      "parent": "thumb_02_l",
      "has_children": false,
      "is_end_bone": true
    },
    "metacarpal_index_l": {
      "name": "metacarpal_index_l",
      "local": {
        "location": {
          "x": 0.0,
          "y": 0.0,
          "z": 0.0
        },
        "rotation_quaternion": {
          "w": 0.9979367256164551,
          "x": -0.06091970205307007,
          "y": 0.01980571076273918,
          "z": -0.004354383796453476
        },
        "scale": {
          "x": 1.0,
          "y": 1.0,
          "z": 1.0
        },
        "matrix_basis": [
          [
            0.9991775751113892,
            0.006277683191001415,
            0.04006022959947586,
            0.0
          ],
          [
            -0.011103915050625801,
            0.992539644241333,
            0.12141553312540054,
            0.0
          ],
          [
            -0.038999155163764954,
            -0.12176050245761871,
            0.9917930364608765,
            0.0
          ],
          [
            0.0,
            0.0,
            0.0,
            1.0
          ]
        ],
        "rotation_mode": "QUATERNION"
      },
      "armature_space": {
        "head": {
          "x": 0.6865200996398926,
          "y": -0.29681113362312317,
          "z": 0.3681541383266449
        },
        "tail": {
          "x": 0.7675539255142212,
          "y": -0.36160385608673096,
          "z": 0.3137052655220032
        }
      },
      "world_space": {
        "head": {
          "x": 0.6865200996398926,
          "y": -0.23356713354587555,
          "z": 1.3180081844329834
        },
        "tail": {
          "x": 0.7675539255142212,
          "y": -0.29835987091064453,
          "z": 1.263559341430664
        },
        "rotation_quaternion": {
          "w": 0.23818622529506683,
          "x": -0.8794012665748596,
          "y": -0.4083884358406067,
          "z": 0.056033238768577576
        },
        "matrix": [
          [
            0.6601576805114746,
            0.6915818452835083,
            -0.2930976450443268,
            0.6865200996398926
          ],
          [
            0.7449681758880615,
            -0.5529723763465881,
            0.37315452098846436,
            -0.23356713354587555
          ],
          [
            0.09599343687295914,
            -0.46469295024871826,
            -0.8802611231803894,
            1.3180081844329834
          ],
          [
            0.0,
            0.0,
            0.0,
            1.0
          ]
        ]
      },
      "bone_length_armature_space": 0.11717191334224134,
      "parent": "lowerarm_l",
      "has_children": true,
      "is_end_bone": false
    },
    "index_01_l": {
      "name": "index_01_l",
      "local": {
        "location": {
          "x": 0.0,
          "y": 0.0,
          "z": 0.0
        },
        "rotation_quaternion": {
          "w": 0.9768213033676147,
          "x": 0.21375741064548492,
          "y": -0.011292668990790844,
          "z": -0.0006103420164436102
        },
        "scale": {
          "x": 1.0,
          "y": 1.0,
          "z": 1.0
        },
        "matrix_basis": [
          [
            0.999744176864624,
            -0.0036353932227939367,
            -0.022322770208120346,
            0.0
          ],
          [
            -0.00602017343044281,
            0.9086148142814636,
            -0.41759181022644043,
            0.0
          ],
          [
            0.02180090919137001,
            0.41761937737464905,
            0.908360481262207,
            0.0
          ],
          [
            0.0,
            0.0,
            0.0,
            1.0
          ]
        ],
        "rotation_mode": "QUATERNION"
      },
      "armature_space": {
        "head": {
          "x": 0.7675539255142212,
          "y": -0.36160385608673096,
          "z": 0.3137052655220032
        },
        "tail": {
          "x": 0.7890443205833435,
          "y": -0.36555424332618713,
          "z": 0.2953850030899048
        }
      },
      "world_space": {
        "head": {
          "x": 0.7675539255142212,
          "y": -0.29835987091064453,
          "z": 1.263559341430664
        },
        "tail": {
          "x": 0.7890443205833435,
          "y": -0.3023102283477783,
          "z": 1.245239019393921
        },
        "rotation_quaternion": {
          "w": 0.3557561933994293,
          "x": -0.7478328347206116,
          "y": -0.5515133738517761,
          "z": 0.1000833585858345
        },
        "matrix": [
          [
            0.37163037061691284,
            0.7536686658859253,
            -0.5421017408370972,
            0.7675539255142212
          ],
          [
            0.8960918188095093,
            -0.1385400891304016,
            0.421694815158844,
            -0.29835987091064453
          ],
          [
            0.24271796643733978,
            -0.6424920558929443,
            -0.7268466353416443,
            1.263559341430664
          ],
          [
            0.0,
            0.0,
            0.0,
            1.0
          ]
        ]
      },
      "bone_length_armature_space": 0.02851446371533848,
      "parent": "metacarpal_index_l",
      "has_children": true,
      "is_end_bone": false
    },
    "index_02_l": {
      "name": "index_02_l",
      "local": {
        "location": {
          "x": 0.0,
          "y": 0.0,
          "z": 0.0
        },
        "rotation_quaternion": {
          "w": 0.9049542546272278,
          "x": 0.4254130423069,
          "y": 0.006901607848703861,
          "z": -0.005821320693939924
        },
        "scale": {
          "x": 1.0,
          "y": 1.0,
          "z": 1.0
        },
        "matrix_basis": [
          [
            0.9998369812965393,
            0.016408124938607216,
            0.007538347505033016,
            0.0
          ],
          [
            -0.004663989879190922,
            0.6379796862602234,
            -0.7700390219688416,
            0.0
          ],
          [
            -0.01744421012699604,
            0.7698783278465271,
            0.6379522085189819,
            0.0
          ],
          [
            0.0,
            0.0,
            0.0,
            1.0
          ]
        ],
        "rotation_mode": "QUATERNION"
      },
      "armature_space": {
        "head": {
          "x": 0.7890443205833435,
          "y": -0.3655543923377991,
          "z": 0.2953844666481018
        },
        "tail": {
          "x": 0.7913841605186462,
          "y": -0.36015474796295166,
          "z": 0.27041512727737427
        }
      },
      "world_space": {
        "head": {
          "x": 0.7890443205833435,
          "y": -0.30231040716171265,
          "z": 1.2452385425567627
        },
        "tail": {
          "x": 0.7913841605186462,
          "y": -0.29691076278686523,
          "z": 1.2202692031860352
        },
        "rotation_quaternion": {
          "w": 0.6149457097053528,
          "x": -0.5303754210472107,
          "y": -0.47653380036354065,
          "z": 0.33683717250823975
        },
        "matrix": [
          [
            0.31891050934791565,
            0.09120932221412659,
            -0.9433857202529907,
            0.7890443205833435
          ],
          [
            0.9197577834129333,
            0.21048520505428314,
            0.33127331733703613,
            -0.30231040716171265
          ],
          [
            0.22878652811050415,
            -0.9733394384384155,
            -0.01676449179649353,
            1.2452385425567627
          ],
          [
            0.0,
            0.0,
            0.0,
            1.0
          ]
        ]
      },
      "bone_length_armature_space": 0.0256534386004414,
      "parent": "index_01_l",
      "has_children": true,
      "is_end_bone": false
    },
    "index_03_l": {
      "name": "index_03_l",
      "local": {
        "location": {
          "x": 0.0,
          "y": 0.0,
          "z": 0.0
        },
        "rotation_quaternion": {
          "w": 0.9571504592895508,
          "x": 0.28954747319221497,
          "y": 0.005002928897738457,
          "z": 0.0005780758801847696
        },
        "scale": {
          "x": 1.0,
          "y": 1.0,
          "z": 1.0
        },
        "matrix_basis": [
          [
            0.9999492764472961,
            0.0017905596178025007,
            0.009911872446537018,
            0.0
          ],
          [
            0.004003781825304031,
            0.8323238492012024,
            -0.5542752146720886,
            0.0
          ],
          [
            -0.009242350235581398,
            0.554286777973175,
            0.8322744369506836,
            0.0
          ],
          [
            0.0,
            0.0,
            0.0,
            1.0
          ]
        ],
        "rotation_mode": "QUATERNION"
      },
      "armature_space": {
        "head": {
          "x": 0.791384220123291,
          "y": -0.3601548373699188,
          "z": 0.27041512727737427
        },
        "tail": {
          "x": 0.7773191928863525,
          "y": -0.3462855815887451,
          "z": 0.24888478219509125
        }
      },
      "world_space": {
        "head": {
          "x": 0.791384220123291,
          "y": -0.29691082239151,
          "z": 1.2202692031860352
        },
        "tail": {
          "x": 0.7773191928863525,
          "y": -0.2830415964126587,
          "z": 1.1987388134002686
        },
        "rotation_quaternion": {
          "w": 0.785214900970459,
          "x": -0.27891606092453003,
          "y": -0.3475245535373688,
          "z": 0.4299653470516205
        },
        "matrix": [
          [
            0.38871172070503235,
            -0.4813714921474457,
            -0.7856107950210571,
            0.791384220123291
          ],
          [
            0.8690915703773499,
            0.47467052936553955,
            0.13916949927806854,
            -0.29691082239151
          ],
          [
            0.3059171140193939,
            -0.7368693351745605,
            0.6028701663017273,
            1.2202692031860352
          ],
          [
            0.0,
            0.0,
            0.0,
            1.0
          ]
        ]
      },
      "bone_length_armature_space": 0.02921877847993006,
      "parent": "index_02_l",
      "has_children": false,
      "is_end_bone": true
    },
    "metacarpal_pinky_l": {
      "name": "metacarpal_pinky_l",
      "local": {
        "location": {
          "x": 0.0,
          "y": 0.0,
          "z": 0.0
        },
        "rotation_quaternion": {
          "w": 0.999434232711792,
          "x": -0.029028410091996193,
          "y": 0.01621762104332447,
          "z": 0.005070784594863653
        },
        "scale": {
          "x": 1.0,
          "y": 1.0,
          "z": 1.0
        },
        "matrix_basis": [
          [
            0.999422550201416,
            -0.011077375151216984,
            0.032122496515512466,
            0.0
          ],
          [
            0.009194287471473217,
            0.9982632994651794,
            0.05818844586610794,
            0.0
          ],
          [
            -0.03271128609776497,
            -0.057859502732753754,
            0.997788667678833,
            0.0
          ],
          [
            0.0,
            0.0,
            0.0,
            1.0
          ]
        ],
        "rotation_mode": "QUATERNION"
      },
      "armature_space": {
        "head": {
          "x": 0.6865200996398926,
          "y": -0.29681113362312317,
          "z": 0.3681541383266449
        },
        "tail": {
          "x": 0.7879244685173035,
          "y": -0.3145831227302551,
          "z": 0.35251671075820923
        }
      },
      "world_space": {
        "head": {
          "x": 0.6865200996398926,
          "y": -0.23356713354587555,
          "z": 1.3180081844329834
        },
        "tail": {
          "x": 0.7879244685173035,
          "y": -0.2513391375541687,
          "z": 1.3023707866668701
        },
        "rotation_quaternion": {
          "w": 0.5057172179222107,
          "x": 0.37652093172073364,
          "y": 0.3986409604549408,
          "z": -0.666008710861206
        },
        "matrix": [
          [
            -0.20496343076229095,
            0.9738176465034485,
            -0.09833215177059174,
            0.6865200996398926
          ],
          [
            -0.3734322786331177,
            -0.17066994309425354,
            -0.9118226170539856,
            -0.23356713354587555
          ],
          [
            -0.9047378301620483,
            -0.15017107129096985,
            0.39863771200180054,
            1.3180081844329834
          ],
          [
            0.0,
            0.0,
            0.0,
            1.0
          ]
        ]
      },
      "bone_length_armature_space": 0.10413077780509214,
      "parent": "lowerarm_l",
      "has_children": true,
      "is_end_bone": false
    },
    "pinky_01_l": {
      "name": "pinky_01_l",
      "local": {
        "location": {
          "x": 0.0,
          "y": 0.0,
          "z": 0.0
        },
        "rotation_quaternion": {
          "w": 0.9458980560302734,
          "x": 0.3241715729236603,
          "y": -0.013773473910987377,
          "z": -0.00022969674319028854
        },
        "scale": {
          "x": 1.0,
          "y": 1.0,
          "z": 1.0
        },
        "matrix_basis": [
          [
            0.9996204972267151,
            -0.008495397865772247,
            -0.026205526664853096,
            0.0
          ],
          [
            -0.009364476427435875,
            0.7898254990577698,
            -0.6132602095603943,
            0.0
          ],
          [
            0.02590768225491047,
            0.6132728457450867,
            0.7894461750984192,
            0.0
          ],
          [
            0.0,
            0.0,
            0.0,
            1.0
          ]
        ],
        "rotation_mode": "QUATERNION"
      },
      "armature_space": {
        "head": {
          "x": 0.7879244685173035,
          "y": -0.3145831227302551,
          "z": 0.35251671075820923
        },
        "tail": {
          "x": 0.802955150604248,
