{
  "metadata": {
    "armature_name": "KIM_caucasian_male",
    "export_time": "2026-01-13T21:13:08.197068",
    "blender_version": "4.4.1",
    "bone_count": 56,
    "end_bone_count": 13,
    "spaces_included": [
      "LOCAL_CHANNELS",
      "ARMATURE_SPACE",
      "WORLD_SPACE"
    ],
    "note": "LOCAL matches Transform panel; replay pose via local.matrix_basis for best fidelity."
  },
  "bones": {
    "Root": {
      "name": "Root",
      "local": {
        "location": {
          "x": 0.0,
          "y": 0.0,
          "z": 0.0
        },
        "rotation_quaternion": {
          "w": 0.999940037727356,
          "x": -0.0034549711272120476,
          "y": -0.0015592352719977498,
          "z": 0.010283861309289932
        },
        "scale": {
          "x": 1.0,
          "y": 1.0,
          "z": 1.0
        },
        "matrix_basis": [
          [
            0.9997836351394653,
            -0.020555716007947922,
            -0.003189344424754381,
            0.0
          ],
          [
            0.020577263087034225,
            0.999764621257782,
            0.006877458188682795,
            0.0
          ],
          [
            0.00304722273722291,
            -0.006941597908735275,
            0.9999712705612183,
            0.0
          ],
          [
            0.0,
            0.0,
            0.0,
            1.0
          ]
        ],
        "rotation_mode": "QUATERNION"
      },
      "armature_space": {
        "head": {
          "x": 0.0,
          "y": 0.07072800397872925,
          "z": -0.009595036506652832
        },
        "tail": {
          "x": -0.0014671820681542158,
          "y": 8.325278759002686e-05,
          "z": 0.0004887105897068977
        }
      },
      "world_space": {
        "head": {
          "x": 0.0,
          "y": 0.13397200405597687,
          "z": 0.9402589797973633
        },
        "tail": {
          "x": -0.0014671820681542158,
          "y": 0.06332725286483765,
          "z": 0.9503427147865295
        },
        "rotation_quaternion": {
          "w": 0.07081073522567749,
          "x": 0.9974355697631836,
          "y": -0.010365541093051434,
          "z": -0.0008628907962702215
        },
        "matrix": [
          [
            0.9997836351394653,
            -0.020555716007947922,
            -0.003189344424754381,
            0.0
          ],
          [
            -0.020800122991204262,
            -0.9897567629814148,
            -0.14124086499214172,
            0.13397200405597687
          ],
          [
            -0.00025338982231914997,
            0.14127670228481293,
            -0.9899771809577942,
            0.9402589797973633
          ],
          [
            0.0,
            0.0,
            0.0,
            1.0
          ]
        ]
      },
      "bone_length_armature_space": 0.07137587587229752,
      "parent": null,
      "has_children": true,
      "is_end_bone": false
    },
    "spine_01": {
      "name": "spine_01",
      "local": {
        "location": {
          "x": 0.0,
          "y": 0.0,
          "z": 0.0
        },
        "rotation_quaternion": {
          "w": 0.9991773366928101,
          "x": -0.025107581168413162,
          "y": -0.024898165836930275,
          "z": -0.019858701154589653
        },
        "scale": {
          "x": 1.0,
          "y": 1.0,
          "z": 1.0
        },
        "matrix_basis": [
          [
            0.9979714155197144,
            0.04093499481678009,
            -0.04875815659761429,
            0.0
          ],
          [
            -0.0384344644844532,
            0.9979504942893982,
            0.05116274207830429,
            0.0
          ],
          [
            0.05075257271528244,
            -0.04918496310710907,
            0.997499406337738,
            0.0
          ],
          [
            0.0,
            0.0,
            0.0,
            1.0
          ]
        ],
        "rotation_mode": "QUATERNION"
      },
      "armature_space": {
        "head": {
          "x": -0.0014671820681542158,
          "y": 8.325278759002686e-05,
          "z": 0.0004887105897068977
        },
        "tail": {
          "x": 0.01966959610581398,
          "y": 0.04974599555134773,
          "z": 0.48549941182136536
        }
      },
      "world_space": {
        "head": {
          "x": -0.0014671820681542158,
          "y": 0.06332725286483765,
          "z": 0.9503427147865295
        },
        "tail": {
          "x": 0.01966959610581398,
          "y": 0.11298999190330505,
          "z": 1.435353398323059
        },
        "rotation_quaternion": {
          "w": 0.7421297430992126,
          "x": 0.6690054535865784,
          "y": -0.011275806464254856,
          "z": -0.03934629634022713
        },
        "matrix": [
          [
            0.9966493844985962,
            0.043312959372997284,
            -0.06938226521015167,
            -0.0014671820681542158
          ],
          [
            -0.0734875500202179,
            0.1017676591873169,
            -0.9920902848243713,
            0.06332725286483765
          ],
          [
            -0.03590981289744377,
            0.9938719272613525,
            0.10460947453975677,
            0.9503427147865295
          ],
          [
            0.0,
            0.0,
            0.0,
            1.0
          ]
        ]
      },
      "bone_length_armature_space": 0.48800465617590083,
      "parent": "Root",
      "has_children": true,
      "is_end_bone": false
    },
    "neck_01": {
      "name": "neck_01",
      "local": {
        "location": {
          "x": 0.0,
          "y": 0.0,
          "z": 0.0
        },
        "rotation_quaternion": {
          "w": 0.9921832084655762,
          "x": 0.03298274055123329,
          "y": -0.07463495433330536,
          "z": 0.09441537410020828
        },
        "scale": {
          "x": 1.0,
          "y": 1.0,
          "z": 1.0
        },
        "matrix_basis": [
          [
            0.9710307121276855,
            -0.19227802753448486,
            -0.14187493920326233,
            0.0
          ],
          [
            0.18243137001991272,
            0.9799957275390625,
            -0.07954321801662445,
            0.0
          ],
          [
            0.1543312519788742,
            0.051356468349695206,
            0.9866835474967957,
            0.0
          ],
          [
            0.0,
            0.0,
            0.0,
            1.0
          ]
        ],
        "rotation_mode": "QUATERNION"
      },
      "armature_space": {
        "head": {
          "x": 0.020434696227312088,
          "y": 0.02279113605618477,
          "z": 0.5618970990180969
        },
        "tail": {
          "x": 0.0017344187945127487,
          "y": -0.009170964360237122,
          "z": 0.6574976444244385
        }
      },
      "world_space": {
        "head": {
          "x": 0.020434696227312088,
          "y": 0.08603513240814209,
          "z": 1.5117511749267578
        },
        "tail": {
          "x": 0.0017344187945127487,
          "y": 0.0540730357170105,
          "z": 1.6073516607284546
        },
        "rotation_quaternion": {
          "w": 0.5695478320121765,
          "x": 0.8089061379432678,
          "y": -0.14048059284687042,
          "z": -0.039388854056596756
        },
        "matrix": [
          [
            0.9574272632598877,
            -0.18240375816822052,
            -0.22374536097049713,
            0.020434696227312088
          ],
          [
            -0.27213966846466064,
            -0.31176048517227173,
            -0.9103547930717468,
            0.08603513240814209
          ],
          [
            0.09629756212234497,
            0.9324944019317627,
            -0.348130464553833,
            1.5117511749267578
          ],
          [
            0.0,
            0.0,
            0.0,
            1.0
          ]
        ]
      },
      "bone_length_armature_space": 0.10252190244796414,
      "parent": "spine_01",
      "has_children": true,
      "is_end_bone": false
    },
    "head": {
      "name": "head",
      "local": {
        "location": {
          "x": 0.0,
          "y": 0.0,
          "z": 0.0
        },
        "rotation_quaternion": {
          "w": 0.9899627566337585,
          "x": -0.11643871665000916,
          "y": 0.0782466009259224,
          "z": -0.017125442624092102
        },
        "scale": {
          "x": 1.0,
          "y": 1.0,
          "z": 1.0
        },
        "matrix_basis": [
          [
            0.9871683716773987,
            0.01568523235619068,
            0.1589105725288391,
            0.0
          ],
          [
            -0.05212896689772606,
            0.9722974896430969,
            0.2278599739074707,
            0.0
          ],
          [
            -0.15093430876731873,
            -0.23321999609470367,
            0.9606389999389648,
            0.0
          ],
          [
            0.0,
            0.0,
            0.0,
            1.0
          ]
        ],
        "rotation_mode": "QUATERNION"
      },
      "armature_space": {
        "head": {
          "x": 0.001734396442770958,
          "y": -0.009171083569526672,
          "z": 0.6574975252151489
        },
        "tail": {
          "x": 0.0005568348569795489,
          "y": 0.030726294964551926,
          "z": 0.8073645234107971
        }
      },
      "world_space": {
        "head": {
          "x": 0.001734396442770958,
          "y": 0.05407291650772095,
          "z": 1.607351541519165
        },
        "tail": {
          "x": 0.0005568348569795489,
          "y": 0.09397029876708984,
          "z": 1.757218599319458
        },
        "rotation_quaternion": {
          "w": 0.7908836603164673,
          "x": 0.6082049608230591,
          "y": -0.055939070880413055,
          "z": -0.03821805492043495
        },
        "matrix": [
          [
            0.9908204078674316,
            -0.007592752575874329,
            -0.13497132062911987,
            0.001734396442770958
          ],
          [
            -0.12849684059619904,
            0.2572527229785919,
            -0.9577630758285522,
            0.05407291650772095
          ],
          [
            0.04199392721056938,
            0.9663214683532715,
            0.253916472196579,
            1.607351541519165
          ],
          [
            0.0,
            0.0,
            0.0,
            1.0
          ]
        ]
      },
      "bone_length_armature_space": 0.1550912809152038,
      "parent": "neck_01",
      "has_children": false,
      "is_end_bone": true
    },
    "upperarm_l": {
      "name": "upperarm_l",
      "local": {
        "location": {
          "x": 0.0,
          "y": 0.0,
          "z": 0.0
        },
        "rotation_quaternion": {
          "w": 0.941559910774231,
          "x": 0.30015960335731506,
          "y": 0.15166781842708588,
          "z": -0.019133692607283592
        },
        "scale": {
          "x": 1.0,
          "y": 1.0,
          "z": 1.0
        },
        "matrix_basis": [
          [
            0.9532615542411804,
            0.12708014249801636,
            0.27412235736846924,
            0.0
          ],
          [
            0.055018067359924316,
            0.8190762400627136,
            -0.5710404515266418,
            0.0
          ],
          [
            -0.29709500074386597,
            0.5594325661659241,
            0.7738021612167358,
            0.0
          ],
          [
            0.0,
            0.0,
            0.0,
            1.0
          ]
        ],
        "rotation_mode": "QUATERNION"
      },
      "armature_space": {
        "head": {
          "x": 0.1667998731136322,
          "y": 0.0017645247280597687,
          "z": 0.490048348903656
        },
        "tail": {
          "x": 0.37874162197113037,
          "y": -0.15828411281108856,
          "z": 0.4543723165988922
        }
      },
      "world_space": {
        "head": {
          "x": 0.1667998731136322,
          "y": 0.06500852108001709,
          "z": 1.4399023056030273
        },
        "tail": {
          "x": 0.37874162197113037,
          "y": -0.09504011273384094,
          "z": 1.404226303100586
        },
        "rotation_quaternion": {
          "w": 0.2392229586839676,
          "x": 0.6665154099464417,
          "y": 0.37965691089630127,
          "z": -0.5953068137168884
        },
        "matrix": [
          [
            0.002939927391707897,
            0.7909176349639893,
            -0.6119155883789062,
            0.1667998731136322
          ],
          [
            0.22127191722393036,
            -0.5972645282745361,
            -0.7709177732467651,
            0.06500852108001709
          ],
          [
            -0.975214421749115,
            -0.13313475251197815,
            -0.17676568031311035,
            1.4399023056030273
          ],
          [
            0.0,
            0.0,
            0.0,
            1.0
          ]
        ]
      },
      "bone_length_armature_space": 0.2679694932932179,
      "parent": "spine_01",
      "has_children": true,
      "is_end_bone": false
    },
    "lowerarm_l": {
      "name": "lowerarm_l",
      "local": {
        "location": {
          "x": 0.0,
          "y": 0.0,
          "z": 0.0
        },
        "rotation_quaternion": {
          "w": 0.9209192395210266,
          "x": 0.37575846910476685,
          "y": -0.016586488112807274,
          "z": 0.10216797888278961
        },
        "scale": {
          "x": 1.0,
          "y": 1.0,
          "z": 1.0
        },
        "matrix_basis": [
          [
            0.978573203086853,
            -0.2006419450044632,
            0.046231333166360855,
            0.0
          ],
          [
            0.17571188509464264,
            0.6967345476150513,
            -0.6954756379127502,
            0.0
          ],
          [
            0.10733059793710709,
            0.6886972188949585,
            0.717060923576355,
            0.0
          ],
          [
            0.0,
            0.0,
            0.0,
            1.0
          ]
        ],
        "rotation_mode": "QUATERNION"
      },
      "armature_space": {
        "head": {
          "x": 0.37874168157577515,
          "y": -0.1582842320203781,
          "z": 0.4543724060058594
        },
        "tail": {
          "x": 0.3848623037338257,
          "y": -0.4236277937889099,
          "z": 0.4879087507724762
        }
      },
      "world_space": {
        "head": {
          "x": 0.37874168157577515,
          "y": -0.0950402319431305,
          "z": 1.4042264223098755
        },
        "tail": {
          "x": 0.3848623037338257,
          "y": -0.3603838086128235,
          "z": 1.43776273727417
        },
        "rotation_quaternion": {
          "w": 0.05264626815915108,
          "x": 0.7081815004348755,
          "y": -0.036117780953645706,
          "z": -0.7031379342079163
        },
        "matrix": [
          [
            0.008585289120674133,
            0.022878706455230713,
            -0.9997013211250305,
            0.37874168157577515
          ],
          [
            -0.1251913607120514,
            -0.9918478727340698,
            -0.023774385452270508,
            -0.0950402319431305
          ],
          [
            -0.9921026229858398,
            0.12535807490348816,
            -0.005651140585541725,
            1.4042264223098755
          ],
          [
            0.0,
            0.0,
            0.0,
            1.0
          ]
        ]
      },
      "bone_length_armature_space": 0.2675244761484506,
      "parent": "upperarm_l",
      "has_children": true,
      "is_end_bone": false
    },
    "metacarpal_thumb_l": {
      "name": "metacarpal_thumb_l",
      "local": {
        "location": {
          "x": 0.0,
          "y": 0.0,
          "z": 0.0
        },
        "rotation_quaternion": {
          "w": 0.9995182156562805,
          "x": 0.023567792028188705,
          "y": 0.0035780607722699642,
          "z": 0.01987779326736927
        },
        "scale": {
          "x": 1.0,
          "y": 1.0,
          "z": 1.0
        },
        "matrix_basis": [
          [
            0.9991841316223145,
            -0.03956777974963188,
            0.008089625276625156,
            0.0
          ],
          [
            0.039905086159706116,
            0.9980988502502441,
            -0.04697062820196152,
            0.0
          ],
          [
            -0.0062157223001122475,
            0.04725512117147446,
            0.9988635182380676,
            0.0
          ],
          [
            0.0,
            0.0,
            0.0,
            1.0
          ]
        ],
        "rotation_mode": "QUATERNION"
      },
      "armature_space": {
        "head": {
          "x": 0.3848623037338257,
          "y": -0.4236277937889099,
          "z": 0.4879087507724762
        },
        "tail": {
          "x": 0.35529324412345886,
          "y": -0.46281927824020386,
          "z": 0.48132964968681335
        }
      },
      "world_space": {
        "head": {
          "x": 0.3848623037338257,
          "y": -0.3603838086128235,
          "z": 1.43776273727417
        },
        "tail": {
          "x": 0.35529324412345886,
          "y": -0.39957529306411743,
          "z": 1.4311836957931519
        },
        "rotation_quaternion": {
          "w": 0.061204057186841965,
          "x": -0.9459834098815918,
          "y": 0.31725338101387024,
          "z": -0.026829030364751816
        },
        "matrix": [
          [
            0.7972608208656311,
            -0.5969488024711609,
            0.08959438651800156,
            0.3848623037338257
          ],
          [
            -0.6035169363021851,
            -0.791208803653717,
            0.09877221286296844,
            -0.3603838086128235
          ],
          [
            0.011925497092306614,
            -0.13282057642936707,
            -0.9910754561424255,
            1.43776273727417
          ],
          [
            0.0,
            0.0,
            0.0,
            1.0
          ]
        ]
      },
      "bone_length_armature_space": 0.049533688879522995,
      "parent": "lowerarm_l",
      "has_children": true,
      "is_end_bone": false
    },
    "thumb_01_l": {
      "name": "thumb_01_l",
      "local": {
        "location": {
          "x": 0.0,
          "y": 0.0,
          "z": 0.0
        },
        "rotation_quaternion": {
          "w": 0.9974765181541443,
          "x": 0.07008569687604904,
          "y": -0.010805601254105568,
          "z": -0.0034504784271121025
        },
        "scale": {
          "x": 1.0,
          "y": 1.0,
          "z": 1.0
        },
        "matrix_basis": [
          [
            0.9997426867485046,
            0.005368906073272228,
            -0.02204032614827156,
            0.0
          ],
          [
            -0.008398178964853287,
            0.9901521801948547,
            -0.13974310457706451,
            0.0
          ],
          [
            0.021073007956147194,
            0.13989223539829254,
            0.9899424910545349,
            0.0
          ],
          [
            0.0,
            0.0,
            0.0,
            1.0
          ]
        ],
        "rotation_mode": "QUATERNION"
      },
      "armature_space": {
        "head": {
          "x": 0.35529324412345886,
          "y": -0.46281927824020386,
          "z": 0.48132964968681335
        },
        "tail": {
          "x": 0.34447285532951355,
          "y": -0.47873827815055847,
          "z": 0.4532557725906372
        }
      },
      "world_space": {
        "head": {
          "x": 0.35529324412345886,
          "y": -0.39957529306411743,
          "z": 1.4311836957931519
        },
        "tail": {
          "x": 0.34447285532951355,
          "y": -0.41549426317214966,
          "z": 1.4031097888946533
        },
        "rotation_quaternion": {
          "w": 0.12330300360918045,
          "x": -0.49019506573677063,
          "y": 0.5009588003158569,
          "z": -0.7025278210639954
        },
        "matrix": [
          [
            -0.4890122711658478,
            -0.31788575649261475,
            0.8122904300689697,
            0.35529324412345886
          ],
          [
            -0.6643810868263245,
            -0.4676749110221863,
            -0.5829904675483704,
            -0.39957529306411743
          ],
          [
            0.5652155876159668,
            -0.824766218662262,
            0.017501115798950195,
            1.4311836957931519
          ],
          [
            0.0,
            0.0,
            0.0,
            1.0
          ]
        ]
      },
      "bone_length_armature_space": 0.0340387709234995,
      "parent": "metacarpal_thumb_l",
      "has_children": true,
      "is_end_bone": false
    },
    "thumb_02_l": {
      "name": "thumb_02_l",
      "local": {
        "location": {
          "x": 0.0,
          "y": 0.0,
          "z": 0.0
        },
        "rotation_quaternion": {
          "w": 0.9904764294624329,
          "x": 0.13758276402950287,
          "y": 0.00482575548812747,
          "z": -0.0020240063313394785
        },
        "scale": {
          "x": 1.0,
          "y": 1.0,
          "z": 1.0
        },
        "matrix_basis": [
          [
            0.9999452233314514,
            0.005337342619895935,
            0.009002657607197762,
            0.0
          ],
          [
            -0.0026815796736627817,
            0.9621337652206421,
            -0.27256450057029724,
            0.0
          ],
          [
            -0.01011653058230877,
            0.272525429725647,
            0.9620953798294067,
            0.0
          ],
          [
            0.0,
            0.0,
            0.0,
            1.0
          ]
        ],
        "rotation_mode": "QUATERNION"
      },
      "armature_space": {
        "head": {
          "x": 0.34447285532951355,
          "y": -0.4787382185459137,
          "z": 0.4532557725906372
        },
        "tail": {
          "x": 0.3505386710166931,
          "y": -0.5175703763961792,
          "z": 0.4615292549133301
        }
      },
      "world_space": {
        "head": {
          "x": 0.34447285532951355,
          "y": -0.4154942035675049,
          "z": 1.4031097888946533
        },
        "tail": {
          "x": 0.3505386710166931,
          "y": -0.4543263912200928,
          "z": 1.4113832712173462
        },
        "rotation_quaternion": {
          "w": 0.04879721626639366,
          "x": -0.2395963817834854,
          "y": -0.11918036639690399,
          "z": -0.9622933268547058
        },
        "matrix": [
          [
            -0.880424976348877,
            0.15102490782737732,
            0.44949257373809814,
            0.34447285532951355
          ],
          [
            -0.03680410981178284,
            -0.9668295979499817,
            0.25275659561157227,
            -0.4154942035675049
          ],
          [
            0.47275856137275696,
            0.20599064230918884,
            0.8567854762077332,
            1.4031097888946533
          ],
          [
            0.0,
            0.0,
            0.0,
            1.0
          ]
        ]
      },
      "bone_length_armature_space": 0.040164426287003493,
      "parent": "thumb_01_l",
      "has_children": true,
      "is_end_bone": false
    },
    "thumb_03_l": {
      "name": "thumb_03_l",
      "local": {
        "location": {
          "x": 0.0,
          "y": 0.0,
          "z": 0.0
        },
        "rotation_quaternion": {
          "w": 0.9973416328430176,
          "x": 0.07280797511339188,
          "y": 0.0029366868548095226,
          "z": -0.00015052920207381248
        },
        "scale": {
          "x": 1.0,
          "y": 1.0,
          "z": 1.0
        },
        "matrix_basis": [
          [
            0.9999827146530151,
            0.0007278865086846054,
            0.005835840478539467,
            0.0
          ],
          [
            0.0001273703674087301,
            0.9893979430198669,
            -0.14522972702980042,
            0.0
          ],
          [
            -0.005879679694771767,
            0.14522796869277954,
            0.9893807768821716,
            0.0
          ],
          [
            0.0,
            0.0,
            0.0,
            1.0
          ]
        ],
        "rotation_mode": "QUATERNION"
      },
      "armature_space": {
        "head": {
          "x": 0.35053858160972595,
          "y": -0.5175703167915344,
          "z": 0.4615292251110077
        },
        "tail": {
          "x": 0.36293551325798035,
          "y": -0.5412139296531677,
          "z": 0.47616440057754517
        }
      },
      "world_space": {
        "head": {
          "x": 0.35053858160972595,
          "y": -0.454326331615448,
          "z": 1.4113832712173462
        },
        "tail": {
          "x": 0.36293551325798035,
          "y": -0.4779699444770813,
          "z": 1.426018476486206
        },
        "rotation_quaternion": {
          "w": 0.2042635679244995,
          "x": -0.04262413829565048,
          "y": -0.26452597975730896,
          "z": -0.941533625125885
        },
        "matrix": [
          [
            -0.9129192233085632,
            0.40719255805015564,
            -0.027802616357803345,
            0.35053858160972595
          ],
          [
            -0.36209210753440857,
            -0.776604413986206,
            0.5155335664749146,
            -0.454326331615448
          ],
          [
            0.1883307844400406,
            0.4807102680206299,
            0.8564247488975525,
            1.4113832712173462
          ],
          [
            0.0,
            0.0,
            0.0,
            1.0
          ]
        ]
      },
      "bone_length_armature_space": 0.0304449127061565,
      "parent": "thumb_02_l",
      "has_children": false,
      "is_end_bone": true
    },
    "metacarpal_index_l": {
      "name": "metacarpal_index_l",
      "local": {
        "location": {
          "x": 0.0,
          "y": 0.0,
          "z": 0.0
        },
        "rotation_quaternion": {
          "w": 0.9994701743125916,
          "x": -0.029112298041582108,
          "y": -0.014501153491437435,
          "z": -0.001295352471061051
        },
        "scale": {
          "x": 1.0,
          "y": 1.0,
          "z": 1.0
        },
        "matrix_basis": [
          [
            0.9995760917663574,
            0.0034336561802774668,
            -0.028911519795656204,
            0.0
          ],
          [
            -0.0017450085142627358,
            0.9983015656471252,
            0.05823131650686264,
            0.0
          ],
          [
            0.029062362387776375,
            -0.058156177401542664,
            0.9978843927383423,
            0.0
          ],
          [
            0.0,
            0.0,
            0.0,
            1.0
          ]
        ],
        "rotation_mode": "QUATERNION"
      },
      "armature_space": {
        "head": {
          "x": 0.3848623037338257,
          "y": -0.4236277937889099,
          "z": 0.4879087507724762
        },
        "tail": {
          "x": 0.35578736662864685,
          "y": -0.536347508430481,
          "z": 0.5012552738189697
        }
      },
      "world_space": {
        "head": {
          "x": 0.3848623037338257,
          "y": -0.3603838086128235,
          "z": 1.43776273727417
        },
        "tail": {
          "x": 0.35578736662864685,
          "y": -0.47310352325439453,
          "z": 1.4511092901229858
        },
        "rotation_quaternion": {
          "w": 0.016040990129113197,
          "x": 0.9421193599700928,
          "y": -0.1368957906961441,
          "z": -0.3056359887123108
        },
        "matrix": [
          [
            0.7756922841072083,
            -0.2481393963098526,
            -0.5802828669548035,
            0.3848623037338257
          ],
          [
            -0.26774993538856506,
            -0.9620044827461243,
            0.05345562845468521,
            -0.3603838086128235
          ],
          [
            -0.5715034008026123,
            0.11390550434589386,
            -0.8126645088195801,
            1.43776273727417
          ],
          [
            0.0,
            0.0,
            0.0,
            1.0
          ]
        ]
      },
      "bone_length_armature_space": 0.11717173562212148,
      "parent": "lowerarm_l",
      "has_children": true,
      "is_end_bone": false
    },
    "index_01_l": {
      "name": "index_01_l",
      "local": {
        "location": {
          "x": 0.0,
          "y": 0.0,
          "z": 0.0
        },
        "rotation_quaternion": {
          "w": 0.9971895217895508,
          "x": -0.07135532051324844,
          "y": -0.022823577746748924,
          "z": -0.0007958197966217995
        },
        "scale": {
          "x": 1.0,
          "y": 1.0,
          "z": 1.0
        },
        "matrix_basis": [
          [
            0.9989569187164307,
            0.0048443335108459,
            -0.04540529474616051,
            0.0
          ],
          [
            0.0016700010746717453,
            0.9898155927658081,
            0.1423458755016327,
            0.0
          ],
          [
            0.045632436871528625,
            -0.14227323234081268,
            0.9887750148773193,
            0.0
          ],
          [
            0.0,
            0.0,
            0.0,
            1.0
          ]
        ],
        "rotation_mode": "QUATERNION"
      },
      "armature_space": {
        "head": {
          "x": 0.35578736662864685,
          "y": -0.536347508430481,
          "z": 0.5012552738189697
        },
        "tail": {
          "x": 0.3613809049129486,
          "y": -0.5640544295310974,
          "z": 0.505011260509491
        }
      },
      "world_space": {
        "head": {
          "x": 0.35578736662864685,
          "y": -0.47310352325439453,
          "z": 1.4511092901229858
        },
        "tail": {
          "x": 0.3613809049129486,
          "y": -0.500810444355011,
          "z": 1.4548652172088623
        },
        "rotation_quaternion": {
          "w": 0.09409704804420471,
          "x": 0.9422454237937927,
          "y": 0.07282938808202744,
          "z": -0.3130738437175751
        },
        "matrix": [
          [
            0.793361246585846,
            0.19616509974002838,
            -0.5762786865234375,
            0.35578736662864685
          ],
          [
            0.07832775264978409,
            -0.9716833829879761,
            -0.222927525639534,
            -0.47310352325439453
          ],
          [
            -0.6036950349807739,
            0.1317235231399536,
            -0.7862667441368103,
            1.4511092901229858
          ],
          [
            0.0,
            0.0,
            0.0,
            1.0
          ]
        ]
      },
      "bone_length_armature_space": 0.02851435756556019,
      "parent": "metacarpal_index_l",
      "has_children": true,
      "is_end_bone": false
    },
    "index_02_l": {
      "name": "index_02_l",
      "local": {
        "location": {
          "x": 0.0,
          "y": 0.0,
          "z": 0.0
        },
        "rotation_quaternion": {
          "w": 0.9879950284957886,
          "x": 0.154400035738945,
          "y": 0.005154758226126432,
          "z": 0.00023761048214510083
        },
        "scale": {
          "x": 1.0,
          "y": 1.0,
          "z": 1.0
        },
        "matrix_basis": [
          [
            0.9999467730522156,
            0.001122273737564683,
            0.010259125381708145,
            0.0
          ],
          [
            0.0020613055676221848,
            0.9523211717605591,
            -0.3050904870033264,
            0.0
          ],
          [
            -0.010112376883625984,
            0.305095374584198,
            0.952268123626709,
            0.0
          ],
          [
            0.0,
            0.0,
            0.0,
            1.0
          ]
        ],
        "rotation_mode": "QUATERNION"
      },
      "armature_space": {
        "head": {
          "x": 0.36138060688972473,
          "y": -0.5640549063682556,
          "z": 0.505011260509491
        },
        "tail": {
          "x": 0.362434059381485,
          "y": -0.5895746946334839,
          "z": 0.5026194453239441
        }
      },
      "world_space": {
        "head": {
          "x": 0.36138060688972473,
          "y": -0.5008109211921692,
          "z": 1.4548652172088623
        },
        "tail": {
          "x": 0.362434059381485,
          "y": -0.5263307094573975,
          "z": 1.4524734020233154
        },
        "rotation_quaternion": {
          "w": 0.036565184593200684,
          "x": -0.9358710646629333,
          "y": -0.03556065261363983,
          "z": 0.348631352186203
        },
        "matrix": [
          [
            0.7543831467628479,
            0.04106508195400238,
            -0.6551485061645508,
            0.36138060688972473
          ],
          [
            0.09205593168735504,
            -0.9947971105575562,
            0.043644726276397705,
            -0.5008109211921692
          ],
          [
            -0.6499519348144531,
            -0.09323666989803314,
            -0.754243791103363,
            1.4548652172088623
          ],
          [
            0.0,
            0.0,
            0.0,
            1.0
          ]
        ]
      },
      "bone_length_armature_space": 0.025653267970605187,
      "parent": "index_01_l",
      "has_children": true,
      "is_end_bone": false
    },
    "index_03_l": {
      "name": "index_03_l",
      "local": {
        "location": {
          "x": 0.0,
          "y": 0.0,
          "z": 0.0
        },
        "rotation_quaternion": {
          "w": 0.9726046919822693,
          "x": 0.23228082060813904,
          "y": 0.009059705771505833,
          "z": -0.0018960507586598396
        },
        "scale": {
          "x": 1.0,
          "y": 1.0,
          "z": 1.0
        },
        "matrix_basis": [
          [
            0.9998286366462708,
            0.007897007279098034,
            0.016742192208766937,
            0.0
          ],
          [
            0.0005205760826356709,
            0.8920840620994568,
            -0.4518691897392273,
            0.0
          ],
          [
            -0.018503857776522636,
            0.45180046558380127,
            0.8919270634651184,
            0.0
          ],
          [
            0.0,
            0.0,
            0.0,
            1.0
          ]
        ],
        "rotation_mode": "QUATERNION"
      },
      "armature_space": {
        "head": {
          "x": 0.36243411898612976,
          "y": -0.5895746946334839,
          "z": 0.5026195645332336
        },
        "tail": {
          "x": 0.3559863269329071,
          "y": -0.6130466461181641,
          "z": 0.486456960439682
        }
      },
      "world_space": {
        "head": {
          "x": 0.36243411898612976,
          "y": -0.5263307094573975,
          "z": 1.4524736404418945
        },
        "tail": {
          "x": 0.3559863269329071,
          "y": -0.5498026609420776,
          "z": 1.4363110065460205
        },
        "rotation_quaternion": {
          "w": 0.3132593631744385,
          "x": -0.8972497582435608,
          "y": 0.01445857621729374,
          "z": 0.31080958247184753
        },
        "matrix": [
          [
            0.806377112865448,
            -0.2206735610961914,
            -0.5486883521080017,
            0.36243411898612976
          ],
          [
            0.16878147423267365,
            -0.803320050239563,
            0.5711307525634766,
            -0.5263307094573975
          ],
          [
            -0.5668094754219055,
            -0.553159773349762,
            -0.610537052154541,
            1.4524736404418945
          ],
          [
            0.0,
            0.0,
            0.0,
            1.0
          ]
        ]
      },
      "bone_length_armature_space": 0.029218766029102984,
      "parent": "index_02_l",
      "has_children": false,
      "is_end_bone": true
    },
    "metacarpal_pinky_l": {
      "name": "metacarpal_pinky_l",
      "local": {
        "location": {
          "x": 0.0,
          "y": 0.0,
          "z": 0.0
        },
        "rotation_quaternion": {
          "w": 0.99950110912323,
          "x": -0.031370777636766434,
          "y": 0.0015505312476307154,
          "z": -0.003319654380902648
        },
        "scale": {
          "x": 1.0,
          "y": 1.0,
          "z": 1.0
        },
        "matrix_basis": [
          [
            0.9999731779098511,
            0.006538713816553354,
            0.0033077956177294254,
            0.0
          ],
          [
            -0.006733279209583998,
            0.9980096817016602,
            0.06269995868206024,
            0.0
          ],
          [
            -0.002891235053539276,
            -0.06272055208683014,
            0.998026967048645,
            0.0
          ],
          [
            0.0,
            0.0,
            0.0,
            1.0
          ]
        ],
        "rotation_mode": "QUATERNION"
      },
      "armature_space": {
        "head": {
          "x": 0.3848623037338257,
          "y": -0.4236277937889099,
          "z": 0.4879087507724762
        },
        "tail": {
          "x": 0.41976484656333923,
          "y": -0.5215763449668884,
          "z": 0.49348658323287964
        }
      },
      "world_space": {
        "head": {
          "x": 0.3848623037338257,
          "y": -0.3603838086128235,
          "z": 1.43776273727417
        },
        "tail": {
          "x": 0.41976484656333923,
          "y": -0.458332359790802,
          "z": 1.443340539932251
        },
        "rotation_quaternion": {
          "w": 0.17219801247119904,
          "x": 0.12304386496543884,
          "y": -0.005724823568016291,
          "z": -0.9773306846618652
        },
        "matrix": [
          [
            -0.9104161262512207,
            0.33517986536026,
            -0.24248063564300537,
            0.3848623037338257
          ],
          [
            -0.3379979133605957,
            -0.9406301379203796,
            -0.03118562139570713,
            -0.3603838086128235
          ],
          [
            -0.23853930830955505,
            0.05356558784842491,
            0.9696618318557739,
            1.43776273727417
          ],
          [
            0.0,
            0.0,
            0.0,
            1.0
          ]
        ]
      },
      "bone_length_armature_space": 0.10413077663471491,
      "parent": "lowerarm_l",
      "has_children": true,
      "is_end_bone": false
    },
    "pinky_01_l": {
      "name": "pinky_01_l",
      "local": {
        "location": {
          "x": 0.0,
          "y": 0.0,
          "z": 0.0
        },
        "rotation_quaternion": {
          "w": 0.9990918040275574,
          "x": 0.03782957047224045,
          "y": -0.01763497106730938,
          "z": -0.008576398715376854
        },
        "scale": {
          "x": 1.0,
          "y": 1.0,
          "z": 1.0
        },
        "matrix_basis": [
          [
            0.9992309212684631,
            0.01580297201871872,
            -0.035886794328689575,
            0.0
          ],
          [
            -0.01847146637737751,
            0.9969907402992249,
            -0.07528793811798096,
            0.0
          ],
          [
            0.034589026123285294,
            0.07589291781187057,
            0.9965158700942993,
            0.0
          ],
          [
            0.0,
            0.0,
            0.0,
            1.0
          ]
        ],
        "rotation_mode": "QUATERNION"
      },
      "armature_space": {
        "head": {
          "x": 0.41976484656333923,
          "y": -0.5215763449668884,
