{
  "metadata": {
    "armature_name": "KIM_caucasian_male",
    "export_time": "2026-01-13T21:16:35.028320",
    "blender_version": "4.4.1",
    "bone_count": 56,
    "end_bone_count": 13,
    "spaces_included": [
      "LOCAL_CHANNELS",
      "ARMATURE_SPACE",
      "WORLD_SPACE"
    ],
    "note": "LOCAL matches Transform panel; replay pose via local.matrix_basis for best fidelity."
  },
  "bones": {
    "Root": {
      "name": "Root",
      "local": {
        "location": {
          "x": 0.0,
          "y": 0.0,
          "z": 0.0
        },
        "rotation_quaternion": {
          "w": 0.999755859375,
          "x": -0.007685771211981773,
          "y": 0.001441035303287208,
          "z": 0.020665615797042847
        },
        "scale": {
          "x": 1.0,
          "y": 1.0,
          "z": 1.0
        },
        "matrix_basis": [
          [
            0.9991416931152344,
            -0.041343290358781815,
            0.002563704503700137,
            0.0
          ],
          [
            0.041298989206552505,
            0.9990277290344238,
            0.015427349135279655,
            0.0
          ],
          [
            -0.003199029481038451,
            -0.015308230184018612,
            0.9998776912689209,
            0.0
          ],
          [
            0.0,
            0.0,
            0.0,
            1.0
          ]
        ],
        "rotation_mode": "QUATERNION"
      },
      "armature_space": {
        "head": {
          "x": 0.0,
          "y": 0.07072800397872925,
          "z": -0.009595036506652832
        },
        "tail": {
          "x": -0.0029509132727980614,
          "y": 0.0002156570553779602,
          "z": 0.0010733986273407936
        }
      },
      "world_space": {
        "head": {
          "x": 0.0,
          "y": 0.13397200405597687,
          "z": 0.9402589797973633
        },
        "tail": {
          "x": -0.0029509132727980614,
          "y": 0.06345965713262558,
          "z": 0.9509274363517761
        },
        "rotation_quaternion": {
          "w": 0.07501951605081558,
          "x": 0.9969668984413147,
          "y": -0.020521586760878563,
          "z": 0.0028299614787101746
        },
        "matrix": [
          [
            0.9991416931152344,
            -0.041343290358781815,
            0.002563704503700137,
            0.0
          ],
          [
            -0.040494080632925034,
            -0.9879018068313599,
            -0.1497005820274353,
            0.13397200405597687
          ],
          [
            0.008721824735403061,
            0.14946837723255157,
            -0.9887351393699646,
            0.9402589797973633
          ],
          [
            0.0,
            0.0,
            0.0,
            1.0
          ]
        ]
      },
      "bone_length_armature_space": 0.07137586908541564,
      "parent": null,
      "has_children": true,
      "is_end_bone": false
    },
    "spine_01": {
      "name": "spine_01",
      "local": {
        "location": {
          "x": 0.0,
          "y": 0.0,
          "z": 0.0
        },
        "rotation_quaternion": {
          "w": 0.9997930526733398,
          "x": 0.008483867160975933,
          "y": 0.018130304291844368,
          "z": -0.0036348369903862476
        },
        "scale": {
          "x": 1.0,
          "y": 1.0,
          "z": 1.0
        },
        "matrix_basis": [
          [
            0.9993161559104919,
            0.007575799711048603,
            0.0361914299428463,
            0.0
          ],
          [
            -0.006960539147257805,
            0.9998296499252319,
            -0.01709602400660515,
            0.0
          ],
          [
            -0.03631477802991867,
            0.016832420602440834,
            0.9991986155509949,
            0.0
          ],
          [
            0.0,
            0.0,
            0.0,
            1.0
          ]
        ],
        "rotation_mode": "QUATERNION"
      },
      "armature_space": {
        "head": {
          "x": -0.0029509132727980614,
          "y": 0.0002156570553779602,
          "z": 0.0010733986273407936
        },
        "tail": {
          "x": -0.002614071359857917,
          "y": 0.022230476140975952,
          "z": 0.48858118057250977
        }
      },
      "world_space": {
        "head": {
          "x": -0.0029509132727980614,
          "y": 0.06345965713262558,
          "z": 0.9509274363517761
        },
        "tail": {
          "x": -0.002614071359857917,
          "y": 0.08547447621822357,
          "z": 1.4384351968765259
        },
        "rotation_quaternion": {
          "w": 0.7228788137435913,
          "x": 0.6909708380699158,
          "y": -0.0014452871400862932,
          "z": -0.001858923234976828
        },
        "matrix": [
          [
            0.9999889135360718,
            0.0006902480381540954,
            -0.004658464342355728,
            -0.0029509132727980614
          ],
          [
            -0.004684861749410629,
            0.04511222243309021,
            -0.9989709854125977,
            0.06345965713262558
          ],
          [
            -0.00047939433716237545,
            0.9989888668060303,
            0.04511434584856033,
            0.9509274363517761
          ],
          [
            0.0,
            0.0,
            0.0,
            1.0
          ]
        ]
      },
      "bone_length_armature_space": 0.4880047293981981,
      "parent": "Root",
      "has_children": true,
      "is_end_bone": false
    },
    "neck_01": {
      "name": "neck_01",
      "local": {
        "location": {
          "x": 0.0,
          "y": 0.0,
          "z": 0.0
        },
        "rotation_quaternion": {
          "w": 0.9986672401428223,
          "x": 0.012625426054000854,
          "y": 0.04585682973265648,
          "z": -0.020040949806571007
        },
        "scale": {
          "x": 1.0,
          "y": 1.0,
          "z": 1.0
        },
        "matrix_basis": [
          [
            0.9949910044670105,
            0.04118640348315239,
            0.09108537435531616,
            0.0
          ],
          [
            -0.03887055441737175,
            0.9988779425621033,
            -0.027055228129029274,
            0.0
          ],
          [
            -0.09209747612476349,
            0.023379169404506683,
            0.9954754710197449,
            0.0
          ],
          [
            0.0,
            0.0,
            0.0,
            1.0
          ]
        ],
        "rotation_mode": "QUATERNION"
      },
      "armature_space": {
        "head": {
          "x": -0.0027250901330262423,
          "y": -0.009111227467656136,
          "z": 0.5632901787757874
        },
        "tail": {
          "x": 0.0013663249555975199,
          "y": -0.04598467797040939,
          "z": 0.6588640213012695
        }
      },
      "world_space": {
        "head": {
          "x": -0.0027250901330262423,
          "y": 0.05413277447223663,
          "z": 1.5131442546844482
        },
        "tail": {
          "x": 0.0013663249555975199,
          "y": 0.017259322106838226,
          "z": 1.6087180376052856
        },
        "rotation_quaternion": {
          "w": 0.5643835067749023,
          "x": 0.8241779804229736,
          "y": 0.04047239571809769,
          "z": 0.02374720759689808
        },
        "matrix": [
          [
            0.9955961108207703,
            0.03990793600678444,
            0.08482789993286133,
            -0.0027250901330262423
          ],
          [
            0.09351813793182373,
            -0.359666109085083,
            -0.928382933139801,
            0.05413277447223663
          ],
          [
            -0.006540082395076752,
            0.9322335720062256,
            -0.36181771755218506,
            1.5131442546844482
          ],
          [
            0.0,
            0.0,
            0.0,
            1.0
          ]
        ]
      },
      "bone_length_armature_space": 0.10252195268569003,
      "parent": "spine_01",
      "has_children": true,
      "is_end_bone": false
    },
    "head": {
      "name": "head",
      "local": {
        "location": {
          "x": 0.0,
          "y": 0.0,
          "z": 0.0
        },
        "rotation_quaternion": {
          "w": 0.9855222702026367,
          "x": -0.1456925868988037,
          "y": 0.012150822207331657,
          "z": -0.08586038649082184
        },
        "scale": {
          "x": 1.0,
          "y": 1.0,
          "z": 1.0
        },
        "matrix_basis": [
          [
            0.984960675239563,
            0.16569407284259796,
            0.04896825551986694,
            0.0
          ],
          [
            -0.17277520895004272,
            0.9428033232688904,
            0.2850800156593323,
            0.0
          ],
          [
            0.001068631885573268,
            -0.2892531156539917,
            0.957252025604248,
            0.0
          ],
          [
            0.0,
            0.0,
            0.0,
            1.0
          ]
        ],
        "rotation_mode": "QUATERNION"
      },
      "armature_space": {
        "head": {
          "x": 0.0013663354329764843,
          "y": -0.045984793454408646,
          "z": 0.65886390209198
        },
        "tail": {
          "x": 0.023762358352541924,
          "y": 0.0010481104254722595,
          "z": 0.8049447536468506
        }
      },
      "world_space": {
        "head": {
          "x": 0.0013663354329764843,
          "y": 0.017259206622838974,
          "z": 1.608717918395996
        },
        "tail": {
          "x": 0.023762358352541924,
          "y": 0.06429211050271988,
          "z": 1.7547987699508667
        },
        "rotation_quaternion": {
          "w": 0.8012034296989441,
          "x": 0.5899664163589478,
          "y": 0.09850696474313736,
          "z": -0.017582815140485764
        },
        "matrix": [
          [
            0.9799745678901672,
            0.14440642297267914,
            0.13710081577301025,
            0.0013663354329764843
          ],
          [
            0.08805582672357559,
            0.30326157808303833,
            -0.948830246925354,
            0.017259206622838974
          ],
          [
            -0.17859576642513275,
            0.9419090151786804,
            0.2844739556312561,
            1.608717918395996
          ],
          [
            0.0,
            0.0,
            0.0,
            1.0
          ]
        ]
      },
      "bone_length_armature_space": 0.15509123691203283,
      "parent": "neck_01",
      "has_children": false,
      "is_end_bone": true
    },
    "upperarm_l": {
      "name": "upperarm_l",
      "local": {
        "location": {
          "x": 0.0,
          "y": 0.0,
          "z": 0.0
        },
        "rotation_quaternion": {
          "w": 0.8554779887199402,
          "x": 0.25954973697662354,
          "y": 0.3645173907279968,
          "z": 0.2606118321418762
        },
        "scale": {
          "x": 1.0,
          "y": 1.0,
          "z": 1.0
        },
        "matrix_basis": [
          [
            0.5984171032905579,
            -0.256674587726593,
            0.7589566707611084,
            0.0
          ],
          [
            0.6351161599159241,
            0.7294307947158813,
            -0.2540830969810486,
            0.0
          ],
          [
            -0.4883897304534912,
            0.6340732574462891,
            0.5995219945907593,
            0.0
          ],
          [
            0.0,
            0.0,
            0.0,
            1.0
          ]
        ],
        "rotation_mode": "QUATERNION"
      },
      "armature_space": {
        "head": {
          "x": 0.14721201360225677,
          "y": -0.016031697392463684,
          "z": 0.4962223768234253
        },
        "tail": {
          "x": 0.34988927841186523,
          "y": -0.17782501876354218,
          "z": 0.5636946558952332
        }
      },
      "world_space": {
        "head": {
          "x": 0.14721201360225677,
          "y": 0.047212302684783936,
          "z": 1.4460763931274414
        },
        "tail": {
          "x": 0.34988927841186523,
          "y": -0.11458101868629456,
          "z": 1.5135486125946045
        },
        "rotation_quaternion": {
          "w": 0.25490570068359375,
          "x": 0.8584916591644287,
          "y": 0.36487650871276855,
          "z": -0.2547161281108856
        },
        "matrix": [
          [
            0.6039693355560303,
            0.7563447952270508,
            -0.25132378935813904,
            0.14721201360225677
          ],
          [
            0.4966304302215576,
            -0.6037753224372864,
            -0.6235494017601013,
            0.047212302684783936
          ],
          [
            -0.6233654022216797,
            0.2517908811569214,
            -0.74029141664505,
            1.4460763931274414
          ],
          [
            0.0,
            0.0,
            0.0,
            1.0
          ]
        ]
      },
      "bone_length_armature_space": 0.26796951088783405,
      "parent": "spine_01",
      "has_children": true,
      "is_end_bone": false
    },
    "lowerarm_l": {
      "name": "lowerarm_l",
      "local": {
        "location": {
          "x": 0.0,
          "y": 0.0,
          "z": 0.0
        },
        "rotation_quaternion": {
          "w": 0.9992427229881287,
          "x": 0.03141672909259796,
          "y": 0.004788331221789122,
          "z": -0.022451069205999374
        },
        "scale": {
          "x": 1.0,
          "y": 1.0,
          "z": 1.0
        },
        "matrix_basis": [
          [
            0.9989460706710815,
            0.045169003307819366,
            0.008158732205629349,
            0.0
          ],
          [
            -0.04456726834177971,
            0.9970178604125977,
            -0.0630008801817894,
            0.0
          ],
          [
            -0.010980088263750076,
            0.06257086992263794,
            0.9979801177978516,
            0.0
          ],
          [
            0.0,
            0.0,
            0.0,
            1.0
          ]
        ],
        "rotation_mode": "QUATERNION"
      },
      "armature_space": {
        "head": {
          "x": 0.34988927841186523,
          "y": -0.1778251677751541,
          "z": 0.5636947154998779
        },
        "tail": {
          "x": 0.5307573676109314,
          "y": -0.37168607115745544,
          "z": 0.5993883013725281
        }
      },
      "world_space": {
        "head": {
          "x": 0.34988927841186523,
          "y": -0.1145811676979065,
          "z": 1.513548731803894
        },
        "tail": {
          "x": 0.5307573676109314,
          "y": -0.30844205617904663,
          "z": 1.5492422580718994
        },
        "rotation_quaternion": {
          "w": 0.19953235983848572,
          "x": 0.8647844791412354,
          "y": 0.3128301501274109,
          "z": -0.33833712339401245
        },
        "matrix": [
          [
            0.5753302574157715,
            0.6760804653167725,
            -0.4603370428085327,
            0.34988927841186523
          ],
          [
            0.4060431718826294,
            -0.7246473431587219,
            -0.5567902326583862,
            -0.1145811676979065
          ],
          [
            -0.7100216746330261,
            0.13342171907424927,
            -0.6914349794387817,
            1.513548731803894
          ],
          [
            0.0,
            0.0,
            0.0,
            1.0
          ]
        ]
      },
      "bone_length_armature_space": 0.26752447979289584,
      "parent": "upperarm_l",
      "has_children": true,
      "is_end_bone": false
    },
    "metacarpal_thumb_l": {
      "name": "metacarpal_thumb_l",
      "local": {
        "location": {
          "x": 0.0,
          "y": 0.0,
          "z": 0.0
        },
        "rotation_quaternion": {
          "w": 0.9997208714485168,
          "x": 0.016275247558951378,
          "y": -0.01476207748055458,
          "z": 0.00868766475468874
        },
        "scale": {
          "x": 1.0,
          "y": 1.0,
          "z": 1.0
        },
        "matrix_basis": [
          [
            0.9994131922721863,
            -0.01785099320113659,
            -0.02923312596976757,
            0.0
          ],
          [
            0.016889967024326324,
            0.9993192553520203,
            -0.032797906547784805,
            0.0
          ],
          [
            0.029798701405525208,
            0.03228491172194481,
            0.9990344047546387,
            0.0
          ],
          [
            0.0,
            0.0,
            0.0,
            1.0
          ]
        ],
        "rotation_mode": "QUATERNION"
      },
      "armature_space": {
        "head": {
          "x": 0.5307573676109314,
          "y": -0.37168607115745544,
          "z": 0.5993883013725281
        },
        "tail": {
          "x": 0.5489504933357239,
          "y": -0.4116365313529968,
          "z": 0.5764413475990295
        }
      },
      "world_space": {
        "head": {
          "x": 0.5307573676109314,
          "y": -0.30844205617904663,
          "z": 1.5492422580718994
        },
        "tail": {
          "x": 0.5489504933357239,
          "y": -0.3483925461769104,
          "z": 1.5262954235076904
        },
        "rotation_quaternion": {
          "w": 0.2885633111000061,
          "x": -0.9112557172775269,
          "y": -0.11604148149490356,
          "z": -0.26996031403541565
        },
        "matrix": [
          [
            0.8273119926452637,
            0.3672879636287689,
            0.42503437399864197,
            0.5307573676109314
          ],
          [
            0.05568676441907883,
            -0.806531548500061,
            0.5885624885559082,
            -0.30844205617904663
          ],
          [
            0.558979868888855,
            -0.4632601737976074,
            -0.6877106428146362,
            1.5492422580718994
          ],
          [
            0.0,
            0.0,
            0.0,
            1.0
          ]
        ]
      },
      "bone_length_armature_space": 0.04953374396289453,
      "parent": "lowerarm_l",
      "has_children": true,
      "is_end_bone": false
    },
    "thumb_01_l": {
      "name": "thumb_01_l",
      "local": {
        "location": {
          "x": 0.0,
          "y": 0.0,
          "z": 0.0
        },
        "rotation_quaternion": {
          "w": 0.9963709115982056,
          "x": -0.08338142186403275,
          "y": -0.016846340149641037,
          "z": 0.0029782180208712816
        },
        "scale": {
          "x": 1.0,
          "y": 1.0,
          "z": 1.0
        },
        "matrix_basis": [
          [
            0.9994146823883057,
            -0.0031254759524017572,
            -0.0340670645236969,
            0.0
          ],
          [
            0.008744163438677788,
            0.9860773086547852,
            0.1660573035478592,
            0.0
          ],
          [
            0.033073749393224716,
            -0.16625799238681793,
            0.9855274558067322,
            0.0
          ],
          [
            0.0,
            0.0,
            0.0,
            1.0
          ]
        ],
        "rotation_mode": "QUATERNION"
      },
      "armature_space": {
        "head": {
          "x": 0.5489504933357239,
          "y": -0.4116365313529968,
          "z": 0.5764413475990295
        },
        "tail": {
          "x": 0.5592721700668335,
          "y": -0.41520586609840393,
          "z": 0.5442022085189819
        }
      },
      "world_space": {
        "head": {
          "x": 0.5489504933357239,
          "y": -0.3483925461769104,
          "z": 1.5262954235076904
        },
        "tail": {
          "x": 0.5592721700668335,
          "y": -0.3519618511199951,
          "z": 1.494056224822998
        },
        "rotation_quaternion": {
          "w": 0.5512180328369141,
          "x": -0.45480677485466003,
          "y": 0.37911367416381836,
          "z": -0.5878625512123108
        },
        "matrix": [
          [
            0.021383022889494896,
            0.3032340407371521,
            0.9526761770248413,
            0.5489504933357239
          ],
          [
            -0.992927610874176,
            -0.10486181825399399,
            0.05566396564245224,
            -0.3483925461769104
          ],
          [
            0.1167784258723259,
            -0.9471358060836792,
            0.29884961247444153,
            1.5262954235076904
          ],
          [
            0.0,
            0.0,
            0.0,
            1.0
          ]
        ]
      },
      "bone_length_armature_space": 0.034038789733934656,
      "parent": "metacarpal_thumb_l",
      "has_children": true,
      "is_end_bone": false
    },
    "thumb_02_l": {
      "name": "thumb_02_l",
      "local": {
        "location": {
          "x": 0.0,
          "y": 0.0,
          "z": 0.0
        },
        "rotation_quaternion": {
          "w": 0.9955892562866211,
          "x": 0.09327688813209534,
          "y": -0.009519555605947971,
          "z": -0.003320612944662571
        },
        "scale": {
          "x": 1.0,
          "y": 1.0,
          "z": 1.0
        },
        "matrix_basis": [
          [
            0.9997966885566711,
            0.00483602425083518,
            -0.01957460679113865,
            0.0
          ],
          [
            -0.00838784221559763,
            0.9825767874717712,
            -0.1856677085161209,
            0.0
          ],
          [
            0.01833566091954708,
            0.1857941597700119,
            0.9824175834655762,
            0.0
          ],
          [
            0.0,
            0.0,
            0.0,
            1.0
          ]
        ],
        "rotation_mode": "QUATERNION"
      },
      "armature_space": {
        "head": {
          "x": 0.5592721104621887,
          "y": -0.41520583629608154,
          "z": 0.5442022085189819
        },
        "tail": {
          "x": 0.5892347693443298,
          "y": -0.44193461537361145,
          "z": 0.5432076454162598
        }
      },
      "world_space": {
        "head": {
          "x": 0.5592721104621887,
          "y": -0.3519618511199951,
          "z": 1.494056224822998
        },
        "tail": {
          "x": 0.5892347693443298,
          "y": -0.37869060039520264,
          "z": 1.4930616617202759
        },
        "rotation_quaternion": {
          "w": 0.408794641494751,
          "x": -0.0034302459098398685,
          "y": 0.01203055027872324,
          "z": -0.9125406742095947
        },
        "matrix": [
          [
            -0.6657504439353943,
            0.7460008859634399,
            0.016096927225589752,
            0.5592721104621887
          ],
          [
            -0.7461660504341125,
            -0.6654842495918274,
            -0.01915167272090912,
            -0.3519618511199951
          ],
          [
            -0.003575855866074562,
            -0.024761930108070374,
            0.9996941685676575,
            1.494056224822998
          ],
          [
            0.0,
            0.0,
            0.0,
            1.0
          ]
        ]
      },
      "bone_length_armature_space": 0.040164383265670144,
      "parent": "thumb_01_l",
      "has_children": true,
      "is_end_bone": false
    },
    "thumb_03_l": {
      "name": "thumb_03_l",
      "local": {
        "location": {
          "x": 0.0,
          "y": 0.0,
          "z": 0.0
        },
        "rotation_quaternion": {
          "w": 0.9988474249839783,
          "x": 0.04773610830307007,
          "y": 0.004766025580465794,
          "z": -0.0015801489353179932
        },
        "scale": {
          "x": 1.0,
          "y": 1.0,
          "z": 1.0
        },
        "matrix_basis": [
          [
            0.99994957447052,
            0.0036116784904152155,
            0.00937020406126976,
            0.0
          ],
          [
            -0.002701632445678115,
            0.9954375624656677,
            -0.09537723660469055,
            0.0
          ],
          [
            -0.009671924635767937,
            0.09534711390733719,
            0.9953970909118652,
            0.0
          ],
          [
            0.0,
            0.0,
            0.0,
            1.0
          ]
        ],
        "rotation_mode": "QUATERNION"
      },
      "armature_space": {
        "head": {
          "x": 0.5892347097396851,
          "y": -0.44193461537361145,
          "z": 0.543207585811615
        },
        "tail": {
          "x": 0.6129084825515747,
          "y": -0.458198606967926,
          "z": 0.5533034205436707
        }
      },
      "world_space": {
        "head": {
          "x": 0.5892347097396851,
          "y": -0.37869060039520264,
          "z": 1.4930615425109863
        },
        "tail": {
          "x": 0.6129084825515747,
          "y": -0.3949546217918396,
          "z": 1.503157377243042
        },
        "rotation_quaternion": {
          "w": 0.4790489971637726,
          "x": 0.24361789226531982,
          "y": -0.058363452553749084,
          "z": -0.8412824869155884
        },
        "matrix": [
          [
            -0.42232441902160645,
            0.7775951027870178,
            -0.465819776058197,
            0.5892347097396851
          ],
          [
            -0.8344679474830627,
            -0.5342108607292175,
            -0.13521084189414978,
            -0.37869060039520264
          ],
          [
            -0.3539888262748718,
            0.3316107988357544,
            0.8744945526123047,
            1.4930615425109863
          ],
          [
            0.0,
            0.0,
            0.0,
            1.0
          ]
        ]
      },
      "bone_length_armature_space": 0.030444881398760525,
      "parent": "thumb_02_l",
      "has_children": false,
      "is_end_bone": true
    },
    "metacarpal_index_l": {
      "name": "metacarpal_index_l",
      "local": {
        "location": {
          "x": 0.0,
          "y": 0.0,
          "z": 0.0
        },
        "rotation_quaternion": {
          "w": 0.9992779493331909,
          "x": -0.0362684391438961,
          "y": -0.0061502959579229355,
          "z": 0.009506593458354473
        },
        "scale": {
          "x": 1.0,
          "y": 1.0,
          "z": 1.0
        },
        "matrix_basis": [
          [
            0.9997435808181763,
            -0.01855333521962166,
            -0.012981289066374302,
            0.0
          ],
          [
            0.01944558136165142,
            0.9971884489059448,
            0.07236756384372711,
            0.0
          ],
          [
            0.011602131649851799,
            -0.07260143756866455,
            0.9972935318946838,
            0.0
          ],
          [
            0.0,
            0.0,
            0.0,
            1.0
          ]
        ],
        "rotation_mode": "QUATERNION"
      },
      "armature_space": {
        "head": {
          "x": 0.5307573676109314,
          "y": -0.37168607115745544,
          "z": 0.5993883013725281
        },
        "tail": {
          "x": 0.5904428958892822,
          "y": -0.4723375141620636,
          "z": 0.5933763384819031
        }
      },
      "world_space": {
        "head": {
          "x": 0.5307573676109314,
          "y": -0.30844205617904663,
          "z": 1.5492422580718994
        },
        "tail": {
          "x": 0.5904428958892822,
          "y": -0.4090934991836548,
          "z": 1.5432302951812744
        },
        "rotation_quaternion": {
          "w": 0.0434342697262764,
          "x": -0.9621376991271973,
          "y": -0.2619343101978302,
          "z": -0.061602845788002014
        },
        "matrix": [
          [
            0.8551909923553467,
            0.5093849897384644,
            0.09578663110733032,
            0.5307573676109314
          ],
          [
            0.4986826479434967,
            -0.8590078353881836,
            0.11585092544555664,
            -0.30844205617904663
          ],
          [
            0.14129573106765747,
            -0.051308877766132355,
            -0.9886441826820374,
            1.5492422580718994
          ],
          [
            0.0,
            0.0,
            0.0,
            1.0
          ]
        ]
      },
      "bone_length_armature_space": 0.11717174940754922,
      "parent": "lowerarm_l",
      "has_children": true,
      "is_end_bone": false
    },
    "index_01_l": {
      "name": "index_01_l",
      "local": {
        "location": {
          "x": 0.0,
          "y": 0.0,
          "z": 0.0
        },
        "rotation_quaternion": {
          "w": 0.9948444962501526,
          "x": -0.10093210637569427,
          "y": -0.007233087904751301,
          "z": -0.006704001687467098
        },
        "scale": {
          "x": 1.0,
          "y": 1.0,
          "z": 1.0
        },
        "matrix_basis": [
          [
            0.9998054504394531,
            0.014798980206251144,
            -0.013038297183811665,
            0.0
          ],
          [
            -0.011878776364028454,
            0.9795355200767517,
            0.2009204775094986,
            0.0
          ],
          [
            0.01574489288032055,
            -0.20072652399539948,
            0.9795207977294922,
            0.0
          ],
          [
            0.0,
            0.0,
            0.0,
            1.0
          ]
        ],
        "rotation_mode": "QUATERNION"
      },
      "armature_space": {
        "head": {
          "x": 0.5904428958892822,
          "y": -0.4723375141620636,
          "z": 0.5933763384819031
        },
        "tail": {
          "x": 0.6106193661689758,
          "y": -0.4901765286922455,
          "z": 0.6027438640594482
        }
      },
      "world_space": {
        "head": {
          "x": 0.5904428958892822,
          "y": -0.4090934991836548,
          "z": 1.5432302951812744
        },
        "tail": {
          "x": 0.6106193661689758,
          "y": -0.42693251371383667,
          "z": 1.5525978803634644
        },
        "rotation_quaternion": {
          "w": 0.12050595134496689,
          "x": 0.8911079168319702,
          "y": 0.4155370593070984,
          "z": 0.13687282800674438
        },
        "matrix": [
          [
            0.6171892285346985,
            0.7075887322425842,
            0.344086229801178,
            0.5904428958892822
          ],
          [
            0.7735649347305298,
            -0.6256144642829895,
            -0.10101550817489624,
            -0.4090934991836548
          ],
          [
            0.14378976821899414,
            0.32852041721343994,
            -0.9334952235221863,
            1.5432302951812744
          ],
          [
            0.0,
            0.0,
            0.0,
            1.0
          ]
        ]
      },
      "bone_length_armature_space": 0.028514398679508585,
      "parent": "metacarpal_index_l",
      "has_children": true,
      "is_end_bone": false
    },
    "index_02_l": {
      "name": "index_02_l",
      "local": {
        "location": {
          "x": 0.0,
          "y": 0.0,
          "z": 0.0
        },
        "rotation_quaternion": {
          "w": 0.9997726678848267,
          "x": 0.01783529296517372,
          "y": 0.006262673065066338,
          "z": 0.009872588329017162
        },
        "scale": {
          "x": 1.0,
          "y": 1.0,
          "z": 1.0
        },
        "matrix_basis": [
          [
            0.9997265934944153,
            -0.01951729506254196,
            0.012874660082161427,
            0.0
          ],
          [
            0.019964080303907394,
            0.999168872833252,
            -0.035538818687200546,
            0.0
          ],
          [
            -0.012170338071882725,
            0.035786133259534836,
            0.9992853403091431,
            0.0
          ],
          [
            0.0,
            0.0,
            0.0,
            1.0
          ]
        ],
        "rotation_mode": "QUATERNION"
      },
      "armature_space": {
        "head": {
          "x": 0.6106196045875549,
          "y": -0.4901769757270813,
          "z": 0.6027436852455139
        },
        "tail": {
          "x": 0.6289166212081909,
          "y": -0.5060407519340515,
          "z": 0.6112083792686462
        }
      },
      "world_space": {
        "head": {
          "x": 0.6106196045875549,
          "y": -0.4269329905509949,
          "z": 1.5525977611541748
        },
        "tail": {
          "x": 0.6289166212081909,
          "y": -0.4427967667579651,
          "z": 1.5610623359680176
        },
        "rotation_quaternion": {
          "w": 0.1322990357875824,
          "x": 0.8924679756164551,
          "y": 0.4162941575050354,
          "z": 0.11268224567174911
        },
        "matrix": [
          [
            0.6280034780502319,
            0.713242769241333,
            0.3112812936306,
            0.6106196045875549
          ],
          [
            0.7728740572929382,
            -0.6183921694755554,
            -0.14232684671878815,
            -0.4269329905509949
          ],
          [
            0.09098181128501892,
            0.32996469736099243,
            -0.9396063685417175,
            1.5525977611541748
          ],
          [
            0.0,
            0.0,
            0.0,
            1.0
          ]
        ]
      },
      "bone_length_armature_space": 0.02565328930687522,
      "parent": "index_01_l",
      "has_children": true,
      "is_end_bone": false
    },
    "index_03_l": {
      "name": "index_03_l",
      "local": {
        "location": {
          "x": 0.0,
          "y": 0.0,
          "z": 0.0
        },
        "rotation_quaternion": {
          "w": 0.9998883605003357,
          "x": 0.014838575385510921,
          "y": 0.0005140905268490314,
          "z": -0.0016850386746227741
        },
        "scale": {
          "x": 1.0,
          "y": 1.0,
          "z": 1.0
        },
        "matrix_basis": [
          [
            0.9999938011169434,
            0.0033849577885121107,
            0.000978059135377407,
            0.0
          ],
          [
            -0.0033544444013386965,
            0.9995539784431458,
            -0.029675569385290146,
            0.0
          ],
          [
            -0.001078073401004076,
            0.029672104865312576,
            0.9995591044425964,
            0.0
          ],
          [
            0.0,
            0.0,
            0.0,
            1.0
          ]
        ],
        "rotation_mode": "QUATERNION"
      },
      "armature_space": {
        "head": {
          "x": 0.6289165019989014,
          "y": -0.5060407519340515,
          "z": 0.6112084984779358
        },
        "tail": {
          "x": 0.6523445248603821,
          "y": -0.522219181060791,
          "z": 0.617775022983551
        }
      },
      "world_space": {
        "head": {
          "x": 0.6289165019989014,
          "y": -0.4427967667579651,
          "z": 1.5610625743865967
        },
        "tail": {
          "x": 0.6523445248603821,
          "y": -0.4589751958847046,
          "z": 1.567629098892212
        },
        "rotation_quaternion": {
          "w": 0.0682438388466835,
          "x": 0.8741469979286194,
          "y": 0.4674316942691803,
          "z": 0.11277257651090622
        },
        "matrix": [
          [
            0.5375797748565674,
            0.8018158674240112,
            0.2609579265117645,
            0.6289165019989014
          ],
          [
            0.8326000571250916,
            -0.5537006855010986,
            -0.013882875442504883,
            -0.4427967667579651
          ],
          [
            0.13336296379566193,
            0.2247377634048462,
            -0.9652572870254517,
            1.5610625743865967
          ],
          [
            0.0,
            0.0,
            0.0,
            1.0
          ]
        ]
      },
      "bone_length_armature_space": 0.02921871149441788,
      "parent": "index_02_l",
      "has_children": false,
      "is_end_bone": true
    },
    "metacarpal_pinky_l": {
      "name": "metacarpal_pinky_l",
      "local": {
        "location": {
          "x": 0.0,
          "y": 0.0,
          "z": 0.0
        },
        "rotation_quaternion": {
          "w": 0.9976162314414978,
          "x": -0.06842943280935287,
          "y": -0.007521871477365494,
          "z": -0.004769622813910246
        },
        "scale": {
          "x": 1.0,
          "y": 1.0,
          "z": 1.0
        },
        "matrix_basis": [
          [
            0.9998413324356079,
            0.010545941069722176,
            -0.01435511652380228,
            0.0
          ],
          [
            -0.008487071841955185,
            0.9905893206596375,
            0.13660438358783722,
            0.0
          ],
          [
            0.015660647302865982,
            -0.13646087050437927,
            0.9905216693878174,
            0.0
          ],
          [
            0.0,
            0.0,
            0.0,
            1.0
          ]
        ],
        "rotation_mode": "QUATERNION"
      },
      "armature_space": {
        "head": {
          "x": 0.5307573676109314,
          "y": -0.37168607115745544,
          "z": 0.5993883013725281
        },
        "tail": {
          "x": 0.6205669641494751,
          "y": -0.41745248436927795,
          "z": 0.6255205273628235
        }
      },
      "world_space": {
        "head": {
          "x": 0.5307573676109314,
          "y": -0.30844205617904663,
          "z": 1.5492422580718994
        },
        "tail": {
          "x": 0.6205669641494751,
          "y": -0.35420846939086914,
          "z": 1.5753746032714844
        },
        "rotation_quaternion": {
          "w": 0.5109896659851074,
          "x": 0.44164377450942993,
          "y": 0.13832469284534454,
          "z": -0.7243664264678955
        },
        "matrix": [
          [
            -0.087679423391819,
            0.8624694347381592,
            -0.49845635890960693,
            0.5307573676109314
          ],
          [
            -0.6181073784828186,
            -0.43950897455215454,
            -0.6517479419708252,
            -0.30844205617904663
          ],
          [
            -0.7811949253082275,
            0.2509560286998749,
            0.5716379880905151,
            1.5492422580718994
          ],
          [
            0.0,
            0.0,
            0.0,
            1.0
          ]
        ]
      },
      "bone_length_armature_space": 0.10413079066177243,
      "parent": "lowerarm_l",
      "has_children": true,
      "is_end_bone": false
    },
    "pinky_01_l": {
      "name": "pinky_01_l",
      "local": {
        "location": {
          "x": 0.0,
          "y": 0.0,
          "z": 0.0
        },
        "rotation_quaternion": {
          "w": 0.9942437410354614,
          "x": -0.10677573829889297,
          "y": 0.00776985427364707,
          "z": 0.004254262428730726
        },
        "scale": {
          "x": 1.0,
          "y": 1.0,
          "z": 1.0
        },
        "matrix_basis": [
          [
            0.9998430609703064,
            -0.010118811391294003,
            0.014541753567755222,
            0.0
          ],
          [
            0.006800283677875996,
            0.977161705493927,
            0.2123883217573166,
            0.0
          ],
          [
            -0.016358761116862297,
            -0.21225610375404358,
            0.9770771265029907,
            0.0
          ],
          [
            0.0,
            0.0,
            0.0,
            1.0
          ]
        ],
        "rotation_mode": "QUATERNION"
      },
      "armature_space": {
        "head": {
          "x": 0.6205669641494751,
          "y": -0.41745248436927795,
          "z": 0.6255205273628235
        },
