{
  "metadata": {
    "armature_name": "KIM_caucasian_male",
    "export_time": "2026-01-13T21:04:00.098173",
    "blender_version": "4.4.1",
    "bone_count": 56,
    "end_bone_count": 13,
    "spaces_included": [
      "LOCAL_CHANNELS",
      "ARMATURE_SPACE",
      "WORLD_SPACE"
    ],
    "note": "LOCAL matches Transform panel; replay pose via local.matrix_basis for best fidelity."
  },
  "bones": {
    "Root": {
      "name": "Root",
      "local": {
        "location": {
          "x": 0.0,
          "y": 0.0,
          "z": 0.0
        },
        "rotation_quaternion": {
          "w": 0.9995251893997192,
          "x": 0.014129437506198883,
          "y": -0.009067474864423275,
          "z": -0.025837622582912445
        },
        "scale": {
          "x": 1.0,
          "y": 1.0,
          "z": 1.0
        },
        "matrix_basis": [
          [
            0.998500406742096,
            0.051394473761320114,
            -0.018856480717658997,
            0.0
          ],
          [
            -0.051906947046518326,
            0.9982655644416809,
            -0.027776893228292465,
            0.0
          ],
          [
            0.017396196722984314,
            0.028714021667838097,
            0.9994362592697144,
            0.0
          ],
          [
            0.0,
            0.0,
            0.0,
            1.0
          ]
        ],
        "rotation_mode": "QUATERNION"
      },
      "armature_space": {
        "head": {
          "x": 0.0,
          "y": 0.07072800397872925,
          "z": -0.009595036506652832
        },
        "tail": {
          "x": 0.0036683252546936274,
          "y": -0.00015283375978469849,
          "z": -0.00204754201695323
        }
      },
      "world_space": {
        "head": {
          "x": 0.0,
          "y": 0.13397200405597687,
          "z": 0.9402589797973633
        },
        "tail": {
          "x": 0.0036683252546936274,
          "y": 0.06309116631746292,
          "z": 0.9478064775466919
        },
        "rotation_quaternion": {
          "w": 0.05323833227157593,
          "x": 0.9982064366340637,
          "y": 0.025168074294924736,
          "z": -0.010787500068545341
        },
        "matrix": [
          [
            0.998500406742096,
            0.051394473761320114,
            -0.018856480717658997,
            0.0
          ],
          [
            0.04909722879528999,
            -0.9930644631385803,
            -0.10682913661003113,
            0.13397200405597687
          ],
          [
            -0.024216249585151672,
            0.10574294626712799,
            -0.9941056370735168,
            0.9402589797973633
          ],
          [
            0.0,
            0.0,
            0.0,
            1.0
          ]
        ]
      },
      "bone_length_armature_space": 0.07137586767101728,
      "parent": null,
      "has_children": true,
      "is_end_bone": false
    },
    "spine_01": {
      "name": "spine_01",
      "local": {
        "location": {
          "x": 0.0,
          "y": 0.0,
          "z": 0.0
        },
        "rotation_quaternion": {
          "w": 0.9990419149398804,
          "x": 0.018083512783050537,
          "y": -0.03832925111055374,
          "z": -0.0109174195677042
        },
        "scale": {
          "x": 1.0,
          "y": 1.0,
          "z": 1.0
        },
        "matrix_basis": [
          [
            0.9968233704566956,
            0.02042766474187374,
            -0.07697990536689758,
            0.0
          ],
          [
            -0.023200174793601036,
            0.9991075992584229,
            -0.03529546037316322,
            0.0
          ],
          [
            0.07619020342826843,
            0.03696928918361664,
            0.996407687664032,
            0.0
          ],
          [
            0.0,
            0.0,
            0.0,
            1.0
          ]
        ],
        "rotation_mode": "QUATERNION"
      },
      "armature_space": {
        "head": {
          "x": 0.0036683252546936274,
          "y": -0.00015283375978469849,
          "z": -0.00204754201695323
        },
        "tail": {
          "x": 0.025878265500068665,
          "y": -0.008388275280594826,
          "z": 0.4853819012641907
        }
      },
      "world_space": {
        "head": {
          "x": 0.0036683252546936274,
          "y": 0.06309116631746292,
          "z": 0.9478064775466919
        },
        "tail": {
          "x": 0.025878265500068665,
          "y": 0.05485572665929794,
          "z": 1.4352359771728516
        },
        "rotation_quaternion": {
          "w": 0.7010865211486816,
          "x": 0.712571918964386,
          "y": 0.006289339158684015,
          "z": -0.026065852493047714
        },
        "matrix": [
          [
            0.9985620379447937,
            0.04551205784082413,
            -0.028328511863946915,
            0.0036683252546936274
          ],
          [
            -0.027585312724113464,
            -0.016875863075256348,
            -0.9994770288467407,
            0.06309116631746292
          ],
          [
            -0.04596666246652603,
            0.9988282918930054,
            -0.015597140416502953,
            0.9478064775466919
          ],
          [
            0.0,
            0.0,
            0.0,
            1.0
          ]
        ]
      },
      "bone_length_armature_space": 0.48800466790230657,
      "parent": "Root",
      "has_children": true,
      "is_end_bone": false
    },
    "neck_01": {
      "name": "neck_01",
      "local": {
        "location": {
          "x": 0.0,
          "y": 0.0,
          "z": 0.0
        },
        "rotation_quaternion": {
          "w": 0.992535412311554,
          "x": 0.0013783095637336373,
          "y": -0.0697806105017662,
          "z": 0.10001098364591599
        },
        "scale": {
          "x": 1.0,
          "y": 1.0,
          "z": 1.0
        },
        "matrix_basis": [
          [
            0.9702569246292114,
            -0.198721244931221,
            -0.13824376463890076,
            0.0
          ],
          [
            0.19833652675151825,
            0.9799917936325073,
            -0.01669369637966156,
            0.0
          ],
          [
            0.1387951523065567,
            -0.011221612803637981,
            0.9902575612068176,
            0.0
          ],
          [
            0.0,
            0.0,
            0.0,
            1.0
          ]
        ],
        "rotation_mode": "QUATERNION"
      },
      "armature_space": {
        "head": {
          "x": 0.028228143230080605,
          "y": -0.044286202639341354,
          "z": 0.5579736828804016
        },
        "tail": {
          "x": 0.01108640618622303,
          "y": -0.08235249668359756,
          "z": 0.6516105532646179
        }
      },
      "world_space": {
        "head": {
          "x": 0.028228143230080605,
          "y": 0.018957797437906265,
          "z": 1.5078277587890625
        },
        "tail": {
          "x": 0.01108640618622303,
          "y": -0.019108496606349945,
          "z": 1.6014645099639893
        },
        "rotation_quaternion": {
          "w": 0.5473992824554443,
          "x": 0.8274757266044617,
          "y": -0.12125705182552338,
          "z": -0.030574653297662735
        },
        "matrix": [
          [
            0.968723714351654,
            -0.16720165312290192,
            -0.1833522617816925,
            0.028228143230080605
          ],
          [
            -0.2341482937335968,
            -0.37130117416381836,
            -0.8985044956207275,
            0.018957797437906265
          ],
          [
            0.08215287327766418,
            0.913340151309967,
            -0.39884185791015625,
            1.5078277587890625
          ],
          [
            0.0,
            0.0,
            0.0,
            1.0
          ]
        ]
      },
      "bone_length_armature_space": 0.1025219272873867,
      "parent": "spine_01",
      "has_children": true,
      "is_end_bone": false
    },
    "head": {
      "name": "head",
      "local": {
        "location": {
          "x": 0.0,
          "y": 0.0,
          "z": 0.0
        },
        "rotation_quaternion": {
          "w": 0.9733442068099976,
          "x": -0.032935939729213715,
          "y": 0.01663309521973133,
          "z": 0.22636176645755768
        },
        "scale": {
          "x": 1.0,
          "y": 1.0,
          "z": 1.0
        },
        "matrix_basis": [
          [
            0.8969674110412598,
            -0.44175148010253906,
            0.01746857911348343,
            0.0
          ],
          [
            0.4395601749420166,
            0.8953511714935303,
            0.07164620608091354,
            0.0
          ],
          [
            -0.04729032889008522,
            -0.05658581852912903,
            0.9972771406173706,
            0.0
          ],
          [
            0.0,
            0.0,
            0.0,
            1.0
          ]
        ],
        "rotation_mode": "QUATERNION"
      },
      "armature_space": {
        "head": {
          "x": 0.011086391285061836,
          "y": -0.08235260844230652,
          "z": 0.6516104340553284
        },
        "tail": {
          "x": -0.06570222973823547,
          "y": -0.06053406745195389,
          "z": 0.7845792174339294
        }
      },
      "world_space": {
        "head": {
          "x": 0.011086391285061836,
          "y": -0.0191086083650589,
          "z": 1.6014645099639893
        },
        "tail": {
          "x": -0.06570222973823547,
          "y": 0.0027099326252937317,
          "z": 1.7344331741333008
        },
        "rotation_quaternion": {
          "w": 0.7090990543365479,
          "x": 0.6457601189613342,
          "y": -0.25984466075897217,
          "z": 0.11248628050088882
        },
        "matrix": [
          [
            0.839655876159668,
            -0.4951222836971283,
            -0.22323112189769745,
            0.011086391285061836
          ],
          [
            -0.1760638952255249,
            0.1406828910112381,
            -0.974274218082428,
            -0.0191086083650589
          ],
          [
            0.5137929916381836,
            0.8573640584945679,
            0.030951321125030518,
            1.6014645099639893
          ],
          [
            0.0,
            0.0,
            0.0,
            1.0
          ]
        ]
      },
      "bone_length_armature_space": 0.1550910629546481,
      "parent": "neck_01",
      "has_children": false,
      "is_end_bone": true
    },
    "upperarm_l": {
      "name": "upperarm_l",
      "local": {
        "location": {
          "x": 0.0,
          "y": 0.0,
          "z": 0.0
        },
        "rotation_quaternion": {
          "w": 0.9503814578056335,
          "x": 0.294493705034256,
          "y": -0.07637329399585724,
          "z": -0.06492909044027328
        },
        "scale": {
          "x": 1.0,
          "y": 1.0,
          "z": 1.0
        },
        "matrix_basis": [
          [
            0.9799026846885681,
            0.07843189686536789,
            -0.1834099441766739,
            0.0
          ],
          [
            -0.1683977097272873,
            0.8181153535842896,
            -0.5498450398445129,
            0.0
          ],
          [
            0.1069251075387001,
            0.569680392742157,
            0.8148811459541321,
            0.0
          ],
          [
            0.0,
            0.0,
            0.0,
            1.0
          ]
        ],
        "rotation_mode": "QUATERNION"
      },
      "armature_space": {
        "head": {
          "x": 0.17486335337162018,
          "y": -0.050477273762226105,
          "z": 0.48389989137649536
        },
        "tail": {
          "x": 0.3935522437095642,
          "y": -0.1995043158531189,
          "z": 0.4417838156223297
        }
      },
      "world_space": {
        "head": {
          "x": 0.17486335337162018,
          "y": 0.012766726315021515,
          "z": 1.4337539672851562
        },
        "tail": {
          "x": 0.3935522437095642,
          "y": -0.13626031577587128,
          "z": 1.3916378021240234
        },
        "rotation_quaternion": {
          "w": 0.314645916223526,
          "x": 0.5332329869270325,
          "y": 0.35061511397361755,
          "z": -0.7026588916778564
        },
        "matrix": [
          [
            -0.2333212047815323,
            0.8160963654518127,
            -0.528722882270813,
            0.17486335337162018
          ],
          [
            -0.06825976818799973,
            -0.5561345219612122,
            -0.8282844424247742,
            0.012766726315021515
          ],
          [
            -0.9700078964233398,
            -0.1571674942970276,
            0.18546512722969055,
            1.4337539672851562
          ],
          [
            0.0,
            0.0,
            0.0,
            1.0
          ]
        ]
      },
      "bone_length_armature_space": 0.2679695037196573,
      "parent": "spine_01",
      "has_children": true,
      "is_end_bone": false
    },
    "lowerarm_l": {
      "name": "lowerarm_l",
      "local": {
        "location": {
          "x": 0.0,
          "y": 0.0,
          "z": 0.0
        },
        "rotation_quaternion": {
          "w": 0.8712234497070312,
          "x": 0.380011647939682,
          "y": 0.20068520307540894,
          "z": -0.23724740743637085
        },
        "scale": {
          "x": 1.0,
          "y": 1.0,
          "z": 1.0
        },
        "matrix_basis": [
          [
            0.8068782091140747,
            0.5659164190292358,
            0.16936975717544556,
            0.0
          ],
          [
            -0.26086556911468506,
            0.5986096262931824,
            -0.7573742270469666,
            0.0
          ],
          [
            -0.5299968719482422,
            0.5669260025024414,
            0.6306331753730774,
            0.0
          ],
          [
            0.0,
            0.0,
            0.0,
            1.0
          ]
        ],
        "rotation_mode": "QUATERNION"
      },
      "armature_space": {
        "head": {
          "x": 0.393552303314209,
          "y": -0.19950439035892487,
          "z": 0.4417839050292969
        },
        "tail": {
          "x": 0.38678446412086487,
          "y": -0.44666367769241333,
          "z": 0.3396269679069519
        }
      },
      "world_space": {
        "head": {
          "x": 0.393552303314209,
          "y": -0.13626039028167725,
          "z": 1.391637921333313
        },
        "tail": {
          "x": 0.38678446412086487,
          "y": -0.3834196925163269,
          "z": 1.2894809246063232
        },
        "rotation_quaternion": {
          "w": 0.1398901641368866,
          "x": -0.6565287113189697,
          "y": -0.13598960638046265,
          "z": 0.7286340594291687
        },
        "matrix": [
          [
            -0.09880182147026062,
            -0.025297969579696655,
            -0.9947853088378906,
            0.393552303314209
          ],
          [
            0.3824193775653839,
            -0.9238753318786621,
            -0.014487236738204956,
            -0.13626039028167725
          ],
          [
            -0.9186974763870239,
            -0.38186007738113403,
            0.1009557768702507,
            1.391637921333313
          ],
          [
            0.0,
            0.0,
            0.0,
            1.0
          ]
        ]
      },
      "bone_length_armature_space": 0.2675248693334946,
      "parent": "upperarm_l",
      "has_children": true,
      "is_end_bone": false
    },
    "metacarpal_thumb_l": {
      "name": "metacarpal_thumb_l",
      "local": {
        "location": {
          "x": 0.0,
          "y": 0.0,
          "z": 0.0
        },
        "rotation_quaternion": {
          "w": 0.9992138147354126,
          "x": -0.0383807048201561,
          "y": -0.0098561467602849,
          "z": 0.0012920463923364878
        },
        "scale": {
          "x": 1.0,
          "y": 1.0,
          "z": 1.0
        },
        "matrix_basis": [
          [
            0.9998023509979248,
            -0.0018254894530400634,
            -0.01979597471654415,
            0.0
          ],
          [
            0.003338632872328162,
            0.9970505237579346,
            0.07667559385299683,
            0.0
          ],
          [
            0.0195976160466671,
            -0.076726533472538,
            0.9968595504760742,
            0.0
          ],
          [
            0.0,
            0.0,
            0.0,
            1.0
          ]
        ],
        "rotation_mode": "QUATERNION"
      },
      "armature_space": {
        "head": {
          "x": 0.38678446412086487,
          "y": -0.44666367769241333,
          "z": 0.3396269679069519
        },
        "tail": {
          "x": 0.35610431432724,
          "y": -0.4816381335258484,
          "z": 0.3226238787174225
        }
      },
      "world_space": {
        "head": {
          "x": 0.38678446412086487,
          "y": -0.3834196925163269,
          "z": 1.2894809246063232
        },
        "tail": {
          "x": 0.35610431432724,
          "y": -0.41839414834976196,
          "z": 1.2724778652191162
        },
        "rotation_quaternion": {
          "w": 0.23253239691257477,
          "x": -0.9138176441192627,
          "y": 0.30478084087371826,
          "z": 0.13407015800476074
        },
        "matrix": [
          [
            0.778267502784729,
            -0.6193795204162598,
            -0.10328720510005951,
            0.38678446412086487
          ],
          [
            -0.49467766284942627,
            -0.7060743570327759,
            0.5067079663276672,
            -0.3834196925163269
          ],
          [
            -0.38677629828453064,
            -0.3432634472846985,
            -0.8559138774871826,
            1.2894809246063232
          ],
          [
            0.0,
            0.0,
            0.0,
            1.0
          ]
        ]
      },
      "bone_length_armature_space": 0.04953371811043979,
      "parent": "lowerarm_l",
      "has_children": true,
      "is_end_bone": false
    },
    "thumb_01_l": {
      "name": "thumb_01_l",
      "local": {
        "location": {
          "x": 0.0,
          "y": 0.0,
          "z": 0.0
        },
        "rotation_quaternion": {
          "w": 0.97867751121521,
          "x": 0.20317085087299347,
          "y": 0.026827700436115265,
          "z": -0.01386280544102192
        },
        "scale": {
          "x": 1.0,
          "y": 1.0,
          "z": 1.0
        },
        "matrix_basis": [
          [
            0.9981762170791626,
            0.038035646080970764,
            0.04687829688191414,
            0.0
          ],
          [
            -0.01623321883380413,
            0.9170588850975037,
            -0.3984212875366211,
            0.0
          ],
          [
            -0.05814437195658684,
            0.3969336748123169,
            0.9160037636756897,
            0.0
          ],
          [
            0.0,
            0.0,
            0.0,
            1.0
          ]
        ],
        "rotation_mode": "QUATERNION"
      },
      "armature_space": {
        "head": {
          "x": 0.35610431432724,
          "y": -0.4816381335258484,
          "z": 0.3226238787174225
        },
        "tail": {
          "x": 0.3471122980117798,
          "y": -0.4905407428741455,
          "z": 0.29102441668510437
        }
      },
      "world_space": {
        "head": {
          "x": 0.35610431432724,
          "y": -0.41839414834976196,
          "z": 1.2724778652191162
        },
        "tail": {
          "x": 0.3471122980117798,
          "y": -0.4272967576980591,
          "z": 1.2408784627914429
        },
        "rotation_quaternion": {
          "w": 0.22521503269672394,
          "x": -0.48501765727996826,
          "y": 0.5643640756607056,
          "z": -0.6289113163948059
        },
        "matrix": [
          [
            -0.42806917428970337,
            -0.2641717195510864,
            0.8642741441726685,
            0.35610431432724
          ],
          [
            -0.8307347297668457,
            -0.26154428720474243,
            -0.4914003610610962,
            -0.41839414834976196
          ],
          [
            0.3558620810508728,
            -0.9283429384231567,
            -0.10749879479408264,
            1.2724778652191162
          ],
          [
            0.0,
            0.0,
            0.0,
            1.0
          ]
        ]
      },
      "bone_length_armature_space": 0.03403878385567479,
      "parent": "metacarpal_thumb_l",
      "has_children": true,
      "is_end_bone": false
    },
    "thumb_02_l": {
      "name": "thumb_02_l",
      "local": {
        "location": {
          "x": 0.0,
          "y": 0.0,
          "z": 0.0
        },
        "rotation_quaternion": {
          "w": 0.9196407198905945,
          "x": 0.39273297786712646,
          "y": 0.0041551003232598305,
          "z": -0.002170447027310729
        },
        "scale": {
          "x": 1.0,
          "y": 1.0,
          "z": 1.0
        },
        "matrix_basis": [
          [
            0.9999560713768005,
            0.007255752570927143,
            0.005937586538493633,
            0.0
          ],
          [
            -0.000728373066522181,
            0.6915121674537659,
            -0.7223644852638245,
            0.0
          ],
          [
            -0.009347211569547653,
            0.7223284244537354,
            0.6914870738983154,
            0.0
          ],
          [
            0.0,
            0.0,
            0.0,
            1.0
          ]
        ],
        "rotation_mode": "QUATERNION"
      },
      "armature_space": {
        "head": {
          "x": 0.3471122682094574,
          "y": -0.49054065346717834,
          "z": 0.29102441668510437
        },
        "tail": {
          "x": 0.3639858365058899,
          "y": -0.5228983759880066,
          "z": 0.30780062079429626
        }
      },
      "world_space": {
        "head": {
          "x": 0.3471122682094574,
          "y": -0.42729663848876953,
          "z": 1.2408784627914429
        },
        "tail": {
          "x": 0.3639858365058899,
          "y": -0.45965439081192017,
          "z": 1.2576546669006348
        },
        "rotation_quaternion": {
          "w": 0.17692400515079498,
          "x": -0.17458362877368927,
          "y": -0.25667405128479004,
          "z": -0.9339897632598877
        },
        "matrix": [
          [
            -0.8764368295669556,
            0.42011284828186035,
            0.23529422283172607,
            0.3471122682094574
          ],
          [
            -0.2408686876296997,
            -0.8056322336196899,
            0.5412382483482361,
            -0.42729663848876953
          ],
          [
            0.4169447124004364,
            0.41768866777420044,
            0.8072842359542847,
            1.2408784627914429
          ],
          [
            0.0,
            0.0,
            0.0,
            1.0
          ]
        ]
      },
      "bone_length_armature_space": 0.04016441836150308,
      "parent": "thumb_01_l",
      "has_children": true,
      "is_end_bone": false
    },
    "thumb_03_l": {
      "name": "thumb_03_l",
      "local": {
        "location": {
          "x": 0.0,
          "y": 0.0,
          "z": 0.0
        },
        "rotation_quaternion": {
          "w": 0.9830335974693298,
          "x": 0.18311506509780884,
          "y": 0.01036259438842535,
          "z": -0.002544135320931673
        },
        "scale": {
          "x": 1.0,
          "y": 1.0,
          "z": 1.0
        },
        "matrix_basis": [
          [
            0.999772310256958,
            0.008797035552561283,
            0.019441816955804825,
            0.0
          ],
          [
            -0.0012068466749042273,
            0.9329248070716858,
            -0.36006924510002136,
            0.0
          ],
          [
            -0.021305296570062637,
            0.3599638044834137,
            0.9327229857444763,
            0.0
          ],
          [
            0.0,
            0.0,
            0.0,
            1.0
          ]
        ],
        "rotation_mode": "QUATERNION"
      },
      "armature_space": {
        "head": {
          "x": 0.3639857769012451,
          "y": -0.5228983759880066,
          "z": 0.3078005909919739
        },
        "tail": {
          "x": 0.37866082787513733,
          "y": -0.5334862470626831,
          "z": 0.33228403329849243
        }
      },
      "world_space": {
        "head": {
          "x": 0.3639857769012451,
          "y": -0.45965439081192017,
          "z": 1.2576546669006348
        },
        "tail": {
          "x": 0.37866082787513733,
          "y": -0.4702422618865967,
          "z": 1.2821381092071533
        },
        "rotation_quaternion": {
          "w": 0.3345150053501129,
          "x": 0.0704001784324646,
          "y": -0.4628322422504425,
          "z": -0.8178814053535461
        },
        "matrix": [
          [
            -0.76628577709198,
            0.48202043771743774,
            -0.42480820417404175,
            0.3639857769012451
          ],
          [
            -0.6123555898666382,
            -0.34777122735977173,
            0.7099829316139221,
            -0.45965439081192017
          ],
          [
            0.19449123740196228,
            0.8041892051696777,
            0.5616648197174072,
            1.2576546669006348
          ],
          [
            0.0,
            0.0,
            0.0,
            1.0
          ]
        ]
      },
      "bone_length_armature_space": 0.03044501774103987,
      "parent": "thumb_02_l",
      "has_children": false,
      "is_end_bone": true
    },
    "metacarpal_index_l": {
      "name": "metacarpal_index_l",
      "local": {
        "location": {
          "x": 0.0,
          "y": 0.0,
          "z": 0.0
        },
        "rotation_quaternion": {
          "w": 0.9999291896820068,
          "x": -0.00997916329652071,
          "y": 0.0020771995186805725,
          "z": 0.006143973208963871
        },
        "scale": {
          "x": 1.0,
          "y": 1.0,
          "z": 1.0
        },
        "matrix_basis": [
          [
            0.9999158978462219,
            -0.012328533455729485,
            0.004031481221318245,
            0.0
          ],
          [
            0.012245618738234043,
            0.999725341796875,
            0.019982438534498215,
            0.0
          ],
          [
            -0.004276728257536888,
            -0.019931389018893242,
            0.999792218208313,
            0.0
          ],
          [
            0.0,
            0.0,
            0.0,
            1.0
          ]
        ],
        "rotation_mode": "QUATERNION"
      },
      "armature_space": {
        "head": {
          "x": 0.38678446412086487,
          "y": -0.44666367769241333,
          "z": 0.3396269679069519
        },
        "tail": {
          "x": 0.3482307195663452,
          "y": -0.5490556359291077,
          "z": 0.2976895570755005
        }
      },
      "world_space": {
        "head": {
          "x": 0.38678446412086487,
          "y": -0.3834196925163269,
          "z": 1.2894809246063232
        },
        "tail": {
          "x": 0.3482307195663452,
          "y": -0.48581165075302124,
          "z": 1.2475435733795166
        },
        "rotation_quaternion": {
          "w": 0.23571398854255676,
          "x": -0.8948546648025513,
          "y": 0.08664889633655548,
          "z": 0.36900678277015686
        },
        "matrix": [
          [
            0.7126522064208984,
            -0.32903623580932617,
            -0.6195657253265381,
            0.38678446412086487
          ],
          [
            0.01888313703238964,
            -0.8738622069358826,
            0.4858068525791168,
            -0.3834196925163269
          ],
          [
            -0.7012683153152466,
            -0.3579139709472656,
            -0.616550624370575,
            1.2894809246063232
          ],
          [
            0.0,
            0.0,
            0.0,
            1.0
          ]
        ]
      },
      "bone_length_armature_space": 0.11717188651658014,
      "parent": "lowerarm_l",
      "has_children": true,
      "is_end_bone": false
    },
    "index_01_l": {
      "name": "index_01_l",
      "local": {
        "location": {
          "x": 0.0,
          "y": 0.0,
          "z": 0.0
        },
        "rotation_quaternion": {
          "w": 0.9733830690383911,
          "x": 0.22775432467460632,
          "y": 0.02543659135699272,
          "z": 0.002536555752158165
        },
        "scale": {
          "x": 1.0,
          "y": 1.0,
          "z": 1.0
        },
        "matrix_basis": [
          [
            0.9986931085586548,
            0.006648506503552198,
            0.05067451670765877,
            0.0
          ],
          [
            0.016524668782949448,
            0.8962430953979492,
            -0.44325536489486694,
            0.0
          ],
          [
            -0.04836367070674896,
            0.4435134530067444,
            0.8949618935585022,
            0.0
          ],
          [
            0.0,
            0.0,
            0.0,
            1.0
          ]
        ],
        "rotation_mode": "QUATERNION"
      },
      "armature_space": {
        "head": {
          "x": 0.3482307195663452,
          "y": -0.5490556359291077,
          "z": 0.2976895570755005
        },
        "tail": {
          "x": 0.3411754369735718,
          "y": -0.5664761066436768,
          "z": 0.27624598145484924
        }
      },
      "world_space": {
        "head": {
          "x": 0.3482307195663452,
          "y": -0.48581165075302124,
          "z": 1.2475435733795166
        },
        "tail": {
          "x": 0.3411754369735718,
          "y": -0.5032321214675903,
          "z": 1.226099967956543
        },
        "rotation_quaternion": {
          "w": 0.4409256875514984,
          "x": -0.8453844785690308,
          "y": -0.010816707275807858,
          "z": 0.30131837725639343
        },
        "matrix": [
          [
            0.8181811571121216,
            -0.24742892384529114,
            -0.5189973711967468,
            0.3482307195663452
          ],
          [
            0.28400540351867676,
            -0.6109362840652466,
            0.7389844655990601,
            -0.48581165075302124
          ],
          [
            -0.4999239146709442,
            -0.752027153968811,
            -0.42958787083625793,
            1.2475435733795166
          ],
          [
            0.0,
            0.0,
            0.0,
            1.0
          ]
        ]
      },
      "bone_length_armature_space": 0.028514500555088033,
      "parent": "metacarpal_index_l",
      "has_children": true,
      "is_end_bone": false
    },
    "index_02_l": {
      "name": "index_02_l",
      "local": {
        "location": {
          "x": 0.0,
          "y": 0.0,
          "z": 0.0
        },
        "rotation_quaternion": {
          "w": 0.9253864288330078,
          "x": 0.3790142238140106,
          "y": -0.0028892732225358486,
          "z": 8.704770152689889e-05
        },
        "scale": {
          "x": 1.0,
          "y": 1.0,
          "z": 1.0
        },
        "matrix_basis": [
          [
            0.9999833106994629,
            -0.002351256785914302,
            -0.005281403660774231,
            0.0
          ],
          [
            -0.002029045717790723,
            0.7126964330673218,
            -0.7014697194099426,
            0.0
          ],
          [
            0.005413373000919819,
            0.7014687061309814,
            0.7126797437667847,
            0.0
          ],
          [
            0.0,
            0.0,
            0.0,
            1.0
          ]
        ],
        "rotation_mode": "QUATERNION"
      },
      "armature_space": {
        "head": {
          "x": 0.3411749601364136,
          "y": -0.5664761662483215,
          "z": 0.276245653629303
        },
        "tail": {
          "x": 0.3269706070423126,
          "y": -0.5654323101043701,
          "z": 0.2549092173576355
        }
      },
      "world_space": {
        "head": {
          "x": 0.3411749601364136,
          "y": -0.5032321810722351,
          "z": 1.2260997295379639
        },
        "tail": {
          "x": 0.3269706070423126,
          "y": -0.5021883249282837,
          "z": 1.2047631740570068
        },
        "rotation_quaternion": {
          "w": 0.7168079614639282,
          "x": -0.6158728003501892,
          "y": 0.0808224305510521,
          "z": 0.3167882561683655
        },
        "matrix": [
          [
            0.7862246036529541,
            -0.5537057518959045,
            -0.2743367850780487,
            0.3411749601364136
          ],
          [
            0.3546030819416046,
            0.04069128632545471,
            0.9341312646865845,
            -0.5032321810722351
          ],
          [
            -0.5060741901397705,
            -0.8317235708236694,
            0.22834062576293945,
            1.2260997295379639
          ],
          [
            0.0,
            0.0,
            0.0,
            1.0
          ]
        ]
      },
      "bone_length_armature_space": 0.02565339728200056,
      "parent": "index_01_l",
      "has_children": true,
      "is_end_bone": false
    },
    "index_03_l": {
      "name": "index_03_l",
      "local": {
        "location": {
          "x": 0.0,
          "y": 0.0,
          "z": 0.0
        },
        "rotation_quaternion": {
          "w": 0.9699037075042725,
          "x": 0.24341167509555817,
          "y": -0.003229104448109865,
          "z": 0.005211350973695517
        },
        "scale": {
          "x": 1.0,
          "y": 1.0,
          "z": 1.0
        },
        "matrix_basis": [
          [
            0.9999248385429382,
            -0.011681020259857178,
            -0.003726833499968052,
            0.0
          ],
          [
            0.00853701401501894,
            0.8814471960067749,
            -0.47220543026924133,
            0.0
          ],
          [
            0.008800848387181759,
            0.47213810682296753,
            0.8814806342124939,
            0.0
          ],
          [
            0.0,
            0.0,
            0.0,
            1.0
          ]
        ],
        "rotation_mode": "QUATERNION"
      },
      "armature_space": {
        "head": {
          "x": 0.3269706070423126,
          "y": -0.5654324293136597,
          "z": 0.2549092173576355
        },
        "tail": {
          "x": 0.3114389479160309,
          "y": -0.5484656691551208,
          "z": 0.23689167201519012
        }
      },
      "world_space": {
        "head": {
          "x": 0.3269706070423126,
          "y": -0.5021884441375732,
          "z": 1.2047631740570068
        },
        "tail": {
          "x": 0.3114389479160309,
          "y": -0.4852216839790344,
          "z": 1.1867456436157227
        },
        "rotation_quaternion": {
          "w": 0.8754842877388,
          "x": -0.3934904932975769,
          "y": 0.15449535846710205,
          "z": 0.2341451346874237
        },
        "matrix": [
          [
            0.8426144123077393,
            -0.53156578540802,
            0.08624720573425293,
            0.3269706070423126
          ],
          [
            0.2883971929550171,
            0.5806822776794434,
            0.76133793592453,
            -0.5021884441375732
          ],
          [
            -0.4547865688800812,
            -0.6166448593139648,
            0.6425985097885132,
            1.2047631740570068
          ],
          [
            0.0,
            0.0,
            0.0,
            1.0
          ]
        ]
      },
      "bone_length_armature_space": 0.029218750092036585,
      "parent": "index_02_l",
      "has_children": false,
      "is_end_bone": true
    },
    "metacarpal_pinky_l": {
      "name": "metacarpal_pinky_l",
      "local": {
        "location": {
          "x": 0.0,
          "y": 0.0,
          "z": 0.0
        },
        "rotation_quaternion": {
          "w": 0.9994519948959351,
          "x": -0.03161115199327469,
          "y": 0.005526860244572163,
          "z": 0.00812273845076561
        },
        "scale": {
          "x": 1.0,
          "y": 1.0,
          "z": 1.0
        },
        "matrix_basis": [
          [
            0.9998069405555725,
            -0.016585994511842728,
            0.010534124448895454,
            0.0
          ],
          [
            0.015887154266238213,
            0.9978694915771484,
            0.06327744573354721,
            0.0
          ],
          [
            -0.011561200954020023,
            -0.06309787184000015,
            0.9979403614997864,
            0.0
          ],
          [
            0.0,
            0.0,
            0.0,
            1.0
          ]
        ],
        "rotation_mode": "QUATERNION"
      },
      "armature_space": {
        "head": {
          "x": 0.38678446412086487,
          "y": -0.44666367769241333,
          "z": 0.3396269679069519
        },
        "tail": {
          "x": 0.4183029234409332,
          "y": -0.5341788530349731,
          "z": 0.2928195595741272
        }
      },
      "world_space": {
        "head": {
          "x": 0.38678446412086487,
          "y": -0.3834196925163269,
          "z": 1.2894809246063232
        },
        "tail": {
          "x": 0.4183029234409332,
          "y": -0.4709348678588867,
          "z": 1.242673635482788
        },
        "rotation_quaternion": {
          "w": 0.12886469066143036,
          "x": 0.11376996338367462,
          "y": 0.25134897232055664,
          "z": -0.952509343624115
        },
        "matrix": [
          [
            -0.9409005641937256,
            0.302681565284729,
            -0.15195325016975403,
            0.38678446412086487
          ],
          [
            -0.1882983297109604,
            -0.8404352068901062,
            -0.5081459879875183,
            -0.3834196925163269
          ],
          [
            -0.2815154194831848,
            -0.4495061933994293,
            0.8477661609649658,
            1.2894809246063232
          ],
          [
            0.0,
            0.0,
            0.0,
            1.0
          ]
        ]
      },
      "bone_length_armature_space": 0.10413093991094483,
      "parent": "lowerarm_l",
      "has_children": true,
      "is_end_bone": false
    },
    "pinky_01_l": {
      "name": "pinky_01_l",
      "local": {
        "location": {
          "x": 0.0,
          "y": 0.0,
          "z": 0.0
        },
        "rotation_quaternion": {
          "w": 0.9412434101104736,
          "x": 0.33712777495384216,
          "y": -0.010431899689137936,
          "z": -0.017234254628419876
        },
        "scale": {
          "x": 1.0,
          "y": 1.0,
          "z": 1.0
        },
        "matrix_basis": [
          [
            0.9991883039474487,
            0.02540949173271656,
            -0.03125820681452751,
            0.0
          ],
          [
            -0.03947702422738075,
            0.7720956802368164,
            -0.6342790126800537,
            0.0
          ],
          [
            0.00801762193441391,
            0.6349981427192688,
            0.772472083568573,
            0.0
          ],
          [
            0.0,
            0.0,
            0.0,
            1.0
          ]
        ],
        "rotation_mode": "QUATERNION"
      },
      "armature_space": {
        "head": {
          "x": 0.4183029234409332,
          "y": -0.5341788530349731,
          "z": 0.2928195595741272
        },
        "tail": {
