{
  "metadata": {
    "armature_name": "KIM_caucasian_male",
    "export_time": "2026-01-13T21:08:25.894292",
    "blender_version": "4.4.1",
    "bone_count": 56,
    "end_bone_count": 13,
    "spaces_included": [
      "LOCAL_CHANNELS",
      "ARMATURE_SPACE",
      "WORLD_SPACE"
    ],
    "note": "LOCAL matches Transform panel; replay pose via local.matrix_basis for best fidelity."
  },
  "bones": {
    "Root": {
      "name": "Root",
      "local": {
        "location": {
          "x": 0.0,
          "y": 0.0,
          "z": 0.0
        },
        "rotation_quaternion": {
          "w": 0.9997290968894958,
          "x": -0.015052453614771366,
          "y": -0.005444791167974472,
          "z": 0.016900697723031044
        },
        "scale": {
          "x": 1.0,
          "y": 1.0,
          "z": 1.0
        },
        "matrix_basis": [
          [
            0.9993694424629211,
            -0.033628322184085846,
            -0.011395426467061043,
            0.0
          ],
          [
            0.03395615518093109,
            0.9989755749702454,
            0.029912710189819336,
            0.0
          ],
          [
            0.010377838276326656,
            -0.030280793085694313,
            0.999487578868866,
            0.0
          ],
          [
            0.0,
            0.0,
            0.0,
            1.0
          ]
        ],
        "rotation_mode": "QUATERNION"
      },
      "armature_space": {
        "head": {
          "x": 0.0,
          "y": 0.07072800397872925,
          "z": -0.009595036506652832
        },
        "tail": {
          "x": -0.0024002506397664547,
          "y": 0.00036299973726272583,
          "z": 0.002131885848939419
        }
      },
      "world_space": {
        "head": {
          "x": 0.0,
          "y": 0.13397200405597687,
          "z": 0.9402589797973633
        },
        "tail": {
          "x": -0.0024002506397664547,
          "y": 0.06360699981451035,
          "z": 0.9519858956336975
        },
        "rotation_quaternion": {
          "w": 0.0823676660656929,
          "x": 0.9964439272880554,
          "y": -0.0172291100025177,
          "z": -0.004293856676667929
        },
        "matrix": [
          [
            0.9993694424629211,
            -0.033628322184085846,
            -0.011395426467061043,
            0.0
          ],
          [
            -0.035043030977249146,
            -0.9858373999595642,
            -0.16400200128555298,
            0.13397200405597687
          ],
          [
            -0.0057189976796507835,
            0.1642981320619583,
            -0.9864012598991394,
            0.9402589797973633
          ],
          [
            0.0,
            0.0,
            0.0,
            1.0
          ]
        ]
      },
      "bone_length_armature_space": 0.07137587747623783,
      "parent": null,
      "has_children": true,
      "is_end_bone": false
    },
    "spine_01": {
      "name": "spine_01",
      "local": {
        "location": {
          "x": 0.0,
          "y": 0.0,
          "z": 0.0
        },
        "rotation_quaternion": {
          "w": 0.9959292411804199,
          "x": 0.04044871777296066,
          "y": 0.050313450396060944,
          "z": 0.06290758401155472
        },
        "scale": {
          "x": 1.0,
          "y": 1.0,
          "z": 1.0
        },
        "matrix_basis": [
          [
            0.9870223999023438,
            -0.1212327778339386,
            0.10530633479356766,
            0.0
          ],
          [
            0.129373237490654,
            0.9888131022453308,
            -0.07423792779445648,
            0.0
          ],
          [
            -0.09512820839881897,
            0.0868983194231987,
            0.9916648864746094,
            0.0
          ],
          [
            0.0,
            0.0,
            0.0,
            1.0
          ]
        ],
        "rotation_mode": "QUATERNION"
      },
      "armature_space": {
        "head": {
          "x": -0.0024002506397664547,
          "y": 0.00036299973726272583,
          "z": 0.002131885848939419
        },
        "tail": {
          "x": -0.05893775075674057,
          "y": -0.0028358730487525463,
          "z": 0.48683980107307434
        }
      },
      "world_space": {
        "head": {
          "x": -0.0024002506397664547,
          "y": 0.06360699981451035,
          "z": 0.9519858956336975
        },
        "tail": {
          "x": -0.05893775075674057,
          "y": 0.060408126562833786,
          "z": 1.436693787574768
        },
        "rotation_quaternion": {
          "w": 0.7045993208885193,
          "x": 0.7063453793525696,
          "y": -0.016188617795705795,
          "z": 0.06598486006259918
        },
        "matrix": [
          [
            0.990767776966095,
            -0.11585524678230286,
            0.07040403038263321,
            -0.0024002506397664547
          ],
          [
            0.07011712342500687,
            -0.006555050611495972,
            -0.9975172281265259,
            0.06360699981451035
          ],
          [
            0.11602999269962311,
            0.9932514429092407,
            0.001627989113330841,
            0.9519858956336975
          ],
          [
            0.0,
            0.0,
            0.0,
            1.0
          ]
        ]
      },
      "bone_length_armature_space": 0.48800459784578754,
      "parent": "Root",
      "has_children": true,
      "is_end_bone": false
    },
    "neck_01": {
      "name": "neck_01",
      "local": {
        "location": {
          "x": 0.0,
          "y": 0.0,
          "z": 0.0
        },
        "rotation_quaternion": {
          "w": 0.9967056512832642,
          "x": -0.04114426299929619,
          "y": -0.007330199703574181,
          "z": -0.06950821727514267
        },
        "scale": {
          "x": 1.0,
          "y": 1.0,
          "z": 1.0
        },
        "matrix_basis": [
          [
            0.9902297258377075,
            0.13916166126728058,
            -0.008892374113202095,
            0.0
          ],
          [
            -0.13795527815818787,
            0.9869515299797058,
            0.08303645998239517,
            0.0
          ],
          [
            0.02033183164894581,
            -0.08099842071533203,
            0.9965068101882935,
            0.0
          ],
          [
            0.0,
            0.0,
            0.0,
            1.0
          ]
        ],
        "rotation_mode": "QUATERNION"
      },
      "armature_space": {
        "head": {
          "x": -0.06497885286808014,
          "y": -0.03791016340255737,
          "z": 0.5596206188201904
        },
        "tail": {
          "x": -0.059870246797800064,
          "y": -0.06824779510498047,
          "z": 0.6574177742004395
        }
      },
      "world_space": {
        "head": {
          "x": -0.06497885286808014,
          "y": 0.025333836674690247,
          "z": 1.5094746351242065
        },
        "tail": {
          "x": -0.059870246797800064,
          "y": -0.005003795027732849,
          "z": 1.6072717905044556
        },
        "rotation_quaternion": {
          "w": 0.5914471745491028,
          "x": 0.8046534061431885,
          "y": 0.04724886640906334,
          "z": 0.022156087681651115
        },
        "matrix": [
          [
            0.9945532083511353,
            0.049829673022031784,
            0.09154653549194336,
            -0.06497885286808014
          ],
          [
            0.10224640369415283,
            -0.29591530561447144,
            -0.9497262835502625,
            0.025333836674690247
          ],
          [
            -0.020234573632478714,
            0.9539200067520142,
            -0.2994014024734497,
            1.5094746351242065
          ],
          [
            0.0,
            0.0,
            0.0,
            1.0
          ]
        ]
      },
      "bone_length_armature_space": 0.1025219638368118,
      "parent": "spine_01",
      "has_children": true,
      "is_end_bone": false
    },
    "head": {
      "name": "head",
      "local": {
        "location": {
          "x": 0.0,
          "y": 0.0,
          "z": 0.0
        },
        "rotation_quaternion": {
          "w": 0.9762119054794312,
          "x": -0.1559126377105713,
          "y": 0.09323824942111969,
          "z": -0.11835692077875137
        },
        "scale": {
          "x": 1.0,
          "y": 1.0,
          "z": 1.0
        },
        "matrix_basis": [
          [
            0.9545965194702148,
            0.20200882852077484,
            0.21894726157188416,
            0.0
          ],
          [
            -0.26015689969062805,
            0.9233657717704773,
            0.2823367714881897,
            0.0
          ],
          [
            -0.14513389766216278,
            -0.32647833228111267,
            0.93399578332901,
            0.0
          ],
          [
            0.0,
            0.0,
            0.0,
            1.0
          ]
        ],
        "rotation_mode": "QUATERNION"
      },
      "armature_space": {
        "head": {
          "x": -0.05987023562192917,
          "y": -0.06824792176485062,
          "z": 0.6574176549911499
        },
        "tail": {
          "x": -0.03195931017398834,
          "y": -0.005223006010055542,
          "z": 0.7963496446609497
        }
      },
      "world_space": {
        "head": {
          "x": -0.05987023562192917,
          "y": -0.005003921687602997,
          "z": 1.607271671295166
        },
        "tail": {
          "x": -0.03195931017398834,
          "y": 0.05802099406719208,
          "z": 1.7462036609649658
        },
        "rotation_quaternion": {
          "w": 0.8180804252624512,
          "x": 0.5446581840515137,
          "y": 0.18420618772506714,
          "z": 0.012647228315472603
        },
        "matrix": [
          [
            0.931816577911377,
            0.17996574938297272,
            0.31516677141189575,
            -0.05987023562192917
          ],
          [
            0.22135059535503387,
            0.40637582540512085,
            -0.8864890933036804,
            -0.005003921687602997
          ],
          [
            -0.2876156270503998,
            0.8958141803741455,
            0.3388338088989258,
            1.607271671295166
          ],
          [
            0.0,
            0.0,
            0.0,
            1.0
          ]
        ]
      },
      "bone_length_armature_space": 0.15509112807140504,
      "parent": "neck_01",
      "has_children": false,
      "is_end_bone": true
    },
    "upperarm_l": {
      "name": "upperarm_l",
      "local": {
        "location": {
          "x": 0.0,
          "y": 0.0,
          "z": 0.0
        },
        "rotation_quaternion": {
          "w": 0.9527654647827148,
          "x": 0.024393100291490555,
          "y": 0.30231598019599915,
          "z": 0.015749668702483177
        },
        "scale": {
          "x": 1.0,
          "y": 1.0,
          "z": 1.0
        },
        "matrix_basis": [
          [
            0.8167139887809753,
            -0.015262632630765438,
            0.5768408179283142,
            0.0
          ],
          [
            0.0447603277862072,
            0.998313844203949,
            -0.03695905581116676,
            0.0
          ],
          [
            -0.5753040909767151,
            0.056004561483860016,
            0.8160200715065002,
            0.0
          ],
          [
            0.0,
            0.0,
            0.0,
            1.0
          ]
        ],
        "rotation_mode": "QUATERNION"
      },
      "armature_space": {
        "head": {
          "x": 0.09164721518754959,
          "y": -0.03013325110077858,
          "z": 0.5102760791778564
        },
        "tail": {
          "x": 0.3576688766479492,
          "y": -0.015938453376293182,
          "z": 0.5392346978187561
        }
      },
      "world_space": {
        "head": {
          "x": 0.09164721518754959,
          "y": 0.03311074897646904,
          "z": 1.4601300954818726
        },
        "tail": {
          "x": 0.3576688766479492,
          "y": 0.04730554670095444,
          "z": 1.489088773727417
        },
        "rotation_quaternion": {
          "w": 0.35883671045303345,
          "x": 0.6314007043838501,
          "y": 0.6306506991386414,
          "z": -0.27358564734458923
        },
        "matrix": [
          [
            0.054859451949596405,
            0.9927313923835754,
            0.1071200966835022,
            0.09164721518754959
          ],
          [
            0.6000416874885559,
            0.05297170951962471,
            -0.7982131242752075,
            0.03311074897646904
          ],
          [
            -0.7980905175209045,
            0.10806681960821152,
            -0.5927790999412537,
            1.4601300954818726
          ],
          [
            0.0,
            0.0,
            0.0,
            1.0
          ]
        ]
      },
      "bone_length_armature_space": 0.2679694445278868,
      "parent": "spine_01",
      "has_children": true,
      "is_end_bone": false
    },
    "lowerarm_l": {
      "name": "lowerarm_l",
      "local": {
        "location": {
          "x": 0.0,
          "y": 0.0,
          "z": 0.0
        },
        "rotation_quaternion": {
          "w": 0.999622106552124,
          "x": 0.00985983107239008,
          "y": -0.021662838757038116,
          "z": -0.013754952698946
        },
        "scale": {
          "x": 1.0,
          "y": 1.0,
          "z": 1.0
        },
        "matrix_basis": [
          [
            0.9986830353736877,
            0.027072325348854065,
            -0.0435805469751358,
            0.0
          ],
          [
            -0.027926692739129066,
            0.9994271993637085,
            -0.019116267561912537,
            0.0
          ],
          [
            0.04303806275129318,
            0.020308153703808784,
            0.9988670349121094,
            0.0
          ],
          [
            0.0,
            0.0,
            0.0,
            1.0
          ]
        ],
        "rotation_mode": "QUATERNION"
      },
      "armature_space": {
        "head": {
          "x": 0.35766899585723877,
          "y": -0.015938561409711838,
          "z": 0.5392347574234009
        },
        "tail": {
          "x": 0.6236650347709656,
          "y": -0.039215087890625,
          "z": 0.5557767152786255
        }
      },
      "world_space": {
        "head": {
          "x": 0.35766899585723877,
          "y": 0.04730543866753578,
          "z": 1.489088773727417
        },
        "tail": {
          "x": 0.6236650347709656,
          "y": 0.02402891218662262,
          "z": 1.5056307315826416
        },
        "rotation_quaternion": {
          "w": 0.3730487525463104,
          "x": 0.6387459635734558,
          "y": 0.5633201599121094,
          "z": -0.3681151270866394
        },
        "matrix": [
          [
            0.09432169049978256,
            0.9942867159843445,
            -0.049969714134931564,
            0.35766899585723877
          ],
          [
            0.44498705863952637,
            -0.08700709789991379,
            -0.8913004994392395,
            0.04730543866753578
          ],
          [
            -0.8905617594718933,
            0.06183336675167084,
            -0.4506554901599884,
            1.489088773727417
          ],
          [
            0.0,
            0.0,
            0.0,
            1.0
          ]
        ]
      },
      "bone_length_armature_space": 0.26752444334844083,
      "parent": "upperarm_l",
      "has_children": true,
      "is_end_bone": false
    },
    "metacarpal_thumb_l": {
      "name": "metacarpal_thumb_l",
      "local": {
        "location": {
          "x": 0.0,
          "y": 0.0,
          "z": 0.0
        },
        "rotation_quaternion": {
          "w": 0.9999321699142456,
          "x": 0.004989846143871546,
          "y": 0.005712239537388086,
          "z": -0.00885036401450634
        },
        "scale": {
          "x": 1.0,
          "y": 1.0,
          "z": 1.0
        },
        "matrix_basis": [
          [
            0.9997780919075012,
            0.01775653287768364,
            0.011335380375385284,
            0.0
          ],
          [
            -0.017642520368099213,
            0.999793529510498,
            -0.010080126114189625,
            0.0
          ],
          [
            -0.0115120280534029,
            0.009877904318273067,
            0.9998849630355835,
            0.0
          ],
          [
            0.0,
            0.0,
            0.0,
            1.0
          ]
        ],
        "rotation_mode": "QUATERNION"
      },
      "armature_space": {
        "head": {
          "x": 0.6236650347709656,
          "y": -0.039215087890625,
          "z": 0.5557767152786255
        },
        "tail": {
          "x": 0.6623741984367371,
          "y": -0.0636841356754303,
          "z": 0.5368967056274414
        }
      },
      "world_space": {
        "head": {
          "x": 0.6236650347709656,
          "y": 0.02402891218662262,
          "z": 1.5056307315826416
        },
        "tail": {
          "x": 0.6623741984367371,
          "y": -0.0004401355981826782,
          "z": 1.4867507219314575
        },
        "rotation_quaternion": {
          "w": 0.2594636082649231,
          "x": -0.8609291911125183,
          "y": -0.4309108853340149,
          "z": -0.07612758129835129
        },
        "matrix": [
          [
            0.61704021692276,
            0.7814720869064331,
            -0.0925322026014328,
            0.6236650347709656
          ],
          [
            0.7024641036987305,
            -0.4939882457256317,
            0.5123669505119324,
            0.02402891218662262
          ],
          [
            0.3546939194202423,
            -0.38115471601486206,
            -0.8537722826004028,
            1.5056307315826416
          ],
          [
            0.0,
            0.0,
            0.0,
            1.0
          ]
        ]
      },
      "bone_length_armature_space": 0.04953370929709986,
      "parent": "lowerarm_l",
      "has_children": true,
      "is_end_bone": false
    },
    "thumb_01_l": {
      "name": "thumb_01_l",
      "local": {
        "location": {
          "x": 0.0,
          "y": 0.0,
          "z": 0.0
        },
        "rotation_quaternion": {
          "w": 0.9970924854278564,
          "x": -0.07593937963247299,
          "y": -0.001576936338096857,
          "z": -0.006111500319093466
        },
        "scale": {
          "x": 1.0,
          "y": 1.0,
          "z": 1.0
        },
        "matrix_basis": [
          [
            0.9999203085899353,
            0.012426964938640594,
            -0.0022164955735206604,
            0.0
          ],
          [
            -0.01194795873016119,
            0.9883916974067688,
            0.15145644545555115,
            0.0
          ],
          [
            0.004072909709066153,
            -0.15141789615154266,
            0.988461434841156,
            0.0
          ],
          [
            0.0,
            0.0,
            0.0,
            1.0
          ]
        ],
        "rotation_mode": "QUATERNION"
      },
      "armature_space": {
        "head": {
          "x": 0.6623741984367371,
          "y": -0.0636841356754303,
          "z": 0.5368967056274414
        },
        "tail": {
          "x": 0.6717291474342346,
          "y": -0.0686512365937233,
          "z": 0.5045477747917175
        }
      },
      "world_space": {
        "head": {
          "x": 0.6623741984367371,
          "y": -0.0004401355981826782,
          "z": 1.4867507219314575
        },
        "tail": {
          "x": 0.6717291474342346,
          "y": -0.0054072365164756775,
          "z": 1.4544017314910889
        },
        "rotation_quaternion": {
          "w": 0.6316937804222107,
          "x": -0.649056613445282,
          "y": 0.16733413934707642,
          "z": -0.38947126269340515
        },
        "matrix": [
          [
            0.6406208276748657,
            0.2748343348503113,
            0.7169871926307678,
            0.6623741984367371
          ],
          [
            -0.7092730402946472,
            -0.1459256112575531,
            0.6896647214889526,
            -0.0004401355981826782
          ],
          [
            0.2941717207431793,
            -0.9503602385520935,
            0.10145097970962524,
            1.4867507219314575
          ],
          [
            0.0,
            0.0,
            0.0,
            1.0
          ]
        ]
      },
      "bone_length_armature_space": 0.034038809239062405,
      "parent": "metacarpal_thumb_l",
      "has_children": true,
      "is_end_bone": false
    },
    "thumb_02_l": {
      "name": "thumb_02_l",
      "local": {
        "location": {
          "x": 0.0,
          "y": 0.0,
          "z": 0.0
        },
        "rotation_quaternion": {
          "w": 0.9947689771652222,
          "x": 0.10169877111911774,
          "y": -0.007976032793521881,
          "z": 0.005330183543264866
        },
        "scale": {
          "x": 1.0,
          "y": 1.0,
          "z": 1.0
        },
        "matrix_basis": [
          [
            0.9998159408569336,
            -0.012226907536387444,
            -0.014784473925828934,
            0.0
          ],
          [
            0.008982297033071518,
            0.9792578816413879,
            -0.20241859555244446,
            0.0
          ],
          [
            0.016952766105532646,
            0.20224854350090027,
            0.9791874885559082,
            0.0
          ],
          [
            0.0,
            0.0,
            0.0,
            1.0
          ]
        ],
        "rotation_mode": "QUATERNION"
      },
      "armature_space": {
        "head": {
          "x": 0.6717290878295898,
          "y": -0.0686512365937233,
          "z": 0.5045477747917175
        },
        "tail": {
          "x": 0.7118405103683472,
          "y": -0.07043922692537308,
          "z": 0.5035201907157898
        }
      },
      "world_space": {
        "head": {
          "x": 0.6717290878295898,
          "y": -0.0054072365164756775,
          "z": 1.4544017314910889
        },
        "tail": {
          "x": 0.7118405103683472,
          "y": -0.007195226848125458,
          "z": 1.4533741474151611
        },
        "rotation_quaternion": {
          "w": 0.6866108775138855,
          "x": -0.10139083862304688,
          "y": -0.07941500842571259,
          "z": -0.715526819229126
        },
        "matrix": [
          [
            -0.036570582538843155,
            0.9986807703971863,
            0.036040112376213074,
            0.6717290878295898
          ],
          [
            -0.9664729833602905,
            -0.04451671242713928,
            0.2528799772262573,
            -0.0054072365164756775
          ],
          [
            0.2541515827178955,
            -0.025584056973457336,
            0.9668331146240234,
            1.4544017314910889
          ],
          [
            0.0,
            0.0,
            0.0,
            1.0
          ]
        ]
      },
      "bone_length_armature_space": 0.04016440039608618,
      "parent": "thumb_01_l",
      "has_children": true,
      "is_end_bone": false
    },
    "thumb_03_l": {
      "name": "thumb_03_l",
      "local": {
        "location": {
          "x": 0.0,
          "y": 0.0,
          "z": 0.0
        },
        "rotation_quaternion": {
          "w": 0.9975441694259644,
          "x": 0.06991807371377945,
          "y": 0.0040026577189564705,
          "z": 0.0010897573083639145
        },
        "scale": {
          "x": 1.0,
          "y": 1.0,
          "z": 1.0
        },
        "matrix_basis": [
          [
            0.9999656081199646,
            -0.0016144458204507828,
            0.008138042874634266,
            0.0
          ],
          [
            0.0027338783256709576,
            0.9902205467224121,
            -0.1394840031862259,
            0.0
          ],
          [
            -0.007833268493413925,
            0.1395014524459839,
            0.990190863609314,
            0.0
          ],
          [
            0.0,
            0.0,
            0.0,
            1.0
          ]
        ],
        "rotation_mode": "QUATERNION"
      },
      "armature_space": {
        "head": {
          "x": 0.7118404507637024,
          "y": -0.07043928653001785,
          "z": 0.5035201907157898
        },
        "tail": {
          "x": 0.7401415705680847,
          "y": -0.06548717617988586,
          "z": 0.5135906934738159
        }
      },
      "world_space": {
        "head": {
          "x": 0.7118404507637024,
          "y": -0.007195286452770233,
          "z": 1.4533741474151611
        },
        "tail": {
          "x": 0.7401415705680847,
          "y": -0.0022431761026382446,
          "z": 1.463444709777832
        },
        "rotation_quaternion": {
          "w": 0.7596743702888489,
          "x": 0.1641625165939331,
          "y": -0.06499329209327698,
          "z": -0.6258766651153564
        },
        "matrix": [
          [
            0.208107590675354,
            0.9295853972434998,
            -0.3042396605014801,
            0.7118404507637024
          ],
          [
            -0.9722641110420227,
            0.16265808045864105,
            -0.16806231439113617,
            -0.007195286452770233
          ],
          [
            -0.10674300044775009,
            0.3307788670063019,
            0.9376594424247742,
            1.4533741474151611
          ],
          [
            0.0,
            0.0,
            0.0,
            1.0
          ]
        ]
      },
      "bone_length_armature_space": 0.030444897530438043,
      "parent": "thumb_02_l",
      "has_children": false,
      "is_end_bone": true
    },
    "metacarpal_index_l": {
      "name": "metacarpal_index_l",
      "local": {
        "location": {
          "x": 0.0,
          "y": 0.0,
          "z": 0.0
        },
        "rotation_quaternion": {
          "w": 0.998063325881958,
          "x": -0.061950404196977615,
          "y": -0.0023129661567509174,
          "z": 0.005135980434715748
        },
        "scale": {
          "x": 1.0,
          "y": 1.0,
          "z": 1.0
        },
        "matrix_basis": [
          [
            0.9999365210533142,
            -0.009965488687157631,
            -0.005253325682133436,
            0.0
          ],
          [
            0.010538646019995213,
            0.9922715425491333,
            0.12363709509372711,
            0.0
          ],
          [
            0.003980621229857206,
            -0.12368461489677429,
            0.9923136234283447,
            0.0
          ],
          [
            0.0,
            0.0,
            0.0,
            1.0
          ]
        ],
        "rotation_mode": "QUATERNION"
      },
      "armature_space": {
        "head": {
          "x": 0.6236650347709656,
          "y": -0.039215087890625,
          "z": 0.5557767152786255
        },
        "tail": {
          "x": 0.7344373464584351,
          "y": -0.07740803062915802,
          "z": 0.555782675743103
        }
      },
      "world_space": {
        "head": {
          "x": 0.6236650347709656,
          "y": 0.02402891218662262,
          "z": 1.5056307315826416
        },
        "tail": {
          "x": 0.7344373464584351,
          "y": -0.0141640305519104,
          "z": 1.5056366920471191
        },
        "rotation_quaternion": {
          "w": 0.04645906388759613,
          "x": 0.8116268515586853,
          "y": 0.5786736011505127,
          "z": -0.06511788070201874
        },
        "matrix": [
          [
            0.3217930793762207,
            0.9453844428062439,
            -0.05193314701318741,
            0.6236650347709656
          ],
          [
            0.9332833290100098,
            -0.32595697045326233,
            -0.15077966451644897,
            0.02402891218662262
          ],
          [
            -0.15947288274765015,
            5.1081180572509766e-05,
            -0.9872094392776489,
            1.5056307315826416
          ],
          [
            0.0,
            0.0,
            0.0,
            1.0
          ]
        ]
      },
      "bone_length_armature_space": 0.11717169243034188,
      "parent": "lowerarm_l",
      "has_children": true,
      "is_end_bone": false
    },
    "index_01_l": {
      "name": "index_01_l",
      "local": {
        "location": {
          "x": 0.0,
          "y": 0.0,
          "z": 0.0
        },
        "rotation_quaternion": {
          "w": 0.9927226901054382,
          "x": -0.11822164803743362,
          "y": 0.01982142962515354,
          "z": -0.011513217352330685
        },
        "scale": {
          "x": 1.0,
          "y": 1.0,
          "z": 1.0
        },
        "matrix_basis": [
          [
            0.9989491105079651,
            0.018172219395637512,
            0.04207658767700195,
            0.0
          ],
          [
            -0.0275455079972744,
            0.9717821478843689,
            0.23426620662212372,
            0.0
          ],
          [
            -0.03663214296102524,
            -0.23517903685569763,
            0.9712615013122559,
            0.0
          ],
          [
            0.0,
            0.0,
            0.0,
            1.0
          ]
        ],
        "rotation_mode": "QUATERNION"
      },
      "armature_space": {
        "head": {
          "x": 0.7344373464584351,
          "y": -0.07740803062915802,
          "z": 0.555782675743103
        },
        "tail": {
          "x": 0.7614871859550476,
          "y": -0.07492261379957199,
          "z": 0.5644544363021851
        }
      },
      "world_space": {
        "head": {
          "x": 0.7344373464584351,
          "y": -0.0141640305519104,
          "z": 1.5056366920471191
        },
        "tail": {
          "x": 0.7614871859550476,
          "y": -0.011678613722324371,
          "z": 1.5143084526062012
        },
        "rotation_quaternion": {
          "w": 0.14378011226654053,
          "x": 0.6712051033973694,
          "y": 0.7231246829032898,
          "z": 0.07682338356971741
        },
        "matrix": [
          [
            -0.05762109160423279,
            0.9486383199691772,
            0.3110702633857727,
            0.7344373464584351
          ],
          [
            0.9928210377693176,
            0.08716355264186859,
            -0.08190856873989105,
            -0.0141640305519104
          ],
          [
            -0.1048152893781662,
            0.30411964654922485,
            -0.9468573927879333,
            1.5056366920471191
          ],
          [
            0.0,
            0.0,
            0.0,
            1.0
          ]
        ]
      },
      "bone_length_armature_space": 0.028514391813897973,
      "parent": "metacarpal_index_l",
      "has_children": true,
      "is_end_bone": false
    },
    "index_02_l": {
      "name": "index_02_l",
      "local": {
        "location": {
          "x": 0.0,
          "y": 0.0,
          "z": 0.0
        },
        "rotation_quaternion": {
          "w": 0.9987194538116455,
          "x": 0.05032775178551674,
          "y": -0.005160218104720116,
          "z": -0.0001718098355922848
        },
        "scale": {
          "x": 1.0,
          "y": 1.0,
          "z": 1.0
        },
        "matrix_basis": [
          [
            0.9999467134475708,
            -0.00017622469749767333,
            -0.010324514470994473,
            0.0
          ],
          [
            -0.0008625839836895466,
            0.9949342012405396,
            -0.10052483528852463,
            0.0
          ],
          [
            0.010289927013218403,
            0.10052838176488876,
            0.9948809742927551,
            0.0
          ],
          [
            0.0,
            0.0,
            0.0,
            1.0
          ]
        ],
        "rotation_mode": "QUATERNION"
      },
      "armature_space": {
        "head": {
          "x": 0.7614876627922058,
          "y": -0.0749228447675705,
          "z": 0.5644543170928955
        },
        "tail": {
          "x": 0.7862529754638672,
          "y": -0.07221322506666183,
          "z": 0.570572018623352
        }
      },
      "world_space": {
        "head": {
          "x": 0.7614876627922058,
          "y": -0.011678844690322876,
          "z": 1.5143083333969116
        },
        "tail": {
          "x": 0.7862529754638672,
          "y": -0.008969224989414215,
          "z": 1.5204260349273682
        },
        "rotation_quaternion": {
          "w": 0.15074065327644348,
          "x": 0.6682374477386475,
          "y": 0.7280725836753845,
          "z": 0.025419393554329872
        },
        "matrix": [
          [
            -0.06147119030356407,
            0.9653873443603516,
            0.25347208976745605,
            0.7614876627922058
          ],
          [
            0.9807140827178955,
            0.1056247428059578,
            -0.16444888710975647,
            -0.011678844690322876
          ],
          [
            -0.18553006649017334,
            0.2384764850139618,
            -0.9532688856124878,
            1.5143083333969116
          ],
          [
            0.0,
            0.0,
            0.0,
            1.0
          ]
        ]
      },
      "bone_length_armature_space": 0.025653246284215128,
      "parent": "index_01_l",
      "has_children": true,
      "is_end_bone": false
    },
    "index_03_l": {
      "name": "index_03_l",
      "local": {
        "location": {
          "x": 0.0,
          "y": 0.0,
          "z": 0.0
        },
        "rotation_quaternion": {
          "w": 0.9998562335968018,
          "x": 0.015214617364108562,
          "y": -0.005660642869770527,
          "z": 0.004894045181572437
        },
        "scale": {
          "x": 1.0,
          "y": 1.0,
          "z": 1.0
        },
        "matrix_basis": [
          [
            0.999888002872467,
            -0.009958932176232338,
            -0.011170736514031887,
            0.0
          ],
          [
            0.009614434093236923,
            0.9994891285896301,
            -0.030480267480015755,
            0.0
          ],
          [
            0.01146857999265194,
            0.030369453132152557,
            0.9994729161262512,
            0.0
          ],
          [
            0.0,
            0.0,
            0.0,
            1.0
          ]
        ],
        "rotation_mode": "QUATERNION"
      },
      "armature_space": {
        "head": {
          "x": 0.7862529158592224,
          "y": -0.07221322506666183,
          "z": 0.5705721378326416
        },
        "tail": {
          "x": 0.814894437789917,
          "y": -0.06735747307538986,
          "z": 0.5737051367759705
        }
      },
      "world_space": {
        "head": {
          "x": 0.7862529158592224,
          "y": -0.008969224989414215,
          "z": 1.5204261541366577
        },
        "tail": {
          "x": 0.814894437789917,
          "y": -0.004113472998142242,
          "z": 1.5235590934753418
        },
        "rotation_quaternion": {
          "w": 0.08947031944990158,
          "x": 0.645659863948822,
          "y": 0.7583457827568054,
          "z": -0.005479137413203716
        },
        "matrix": [
          [
            -0.15023665130138397,
            0.9802471399307251,
            0.12862330675125122,
            0.7862529158592224
          ],
          [
            0.9782864451408386,
            0.16618657112121582,
            -0.12384622544050217,
            -0.008969224989414215
          ],
          [
            -0.14277534186840057,
            0.10722503811120987,
            -0.9839368462562561,
            1.5204261541366577
          ],
          [
            0.0,
            0.0,
            0.0,
            1.0
          ]
        ]
      },
      "bone_length_armature_space": 0.02921867238314982,
      "parent": "index_02_l",
      "has_children": false,
      "is_end_bone": true
    },
    "metacarpal_pinky_l": {
      "name": "metacarpal_pinky_l",
      "local": {
        "location": {
          "x": 0.0,
          "y": 0.0,
          "z": 0.0
        },
        "rotation_quaternion": {
          "w": 0.9987547397613525,
          "x": -0.049296218901872635,
          "y": 0.0027946929913014174,
          "z": -0.007153061218559742
        },
        "scale": {
          "x": 1.0,
          "y": 1.0,
          "z": 1.0
        },
        "matrix_basis": [
          [
            0.9998820424079895,
            0.014012771658599377,
            0.006287663709372282,
            0.0
          ],
          [
            -0.014563843607902527,
            0.9950374364852905,
            0.09842967987060547,
            0.0
          ],
          [
            -0.00487718777731061,
            -0.09850964695215225,
            0.9951241612434387,
            0.0
          ],
          [
            0.0,
            0.0,
            0.0,
            1.0
          ]
        ],
        "rotation_mode": "QUATERNION"
      },
      "armature_space": {
        "head": {
          "x": 0.6236650347709656,
          "y": -0.039215087890625,
          "z": 0.5557767152786255
        },
        "tail": {
          "x": 0.7240179181098938,
          "y": -0.01377156749367714,
          "z": 0.566963255405426
        }
      },
      "world_space": {
        "head": {
          "x": 0.6236650347709656,
          "y": 0.02402891218662262,
          "z": 1.5056307315826416
        },
        "tail": {
          "x": 0.7240179181098938,
          "y": 0.04947243258357048,
          "z": 1.516817331314087
        },
        "rotation_quaternion": {
          "w": 0.7515232563018799,
          "x": 0.25040769577026367,
          "y": 0.23955149948596954,
          "z": -0.5613591074943542
        },
        "matrix": [
          [
            0.25498145818710327,
            0.9637198448181152,
            0.07891736179590225,
            0.6236650347709656
          ],
          [
            -0.7237788438796997,
            0.24434202909469604,
            -0.6453229188919067,
            0.02402891218662262
          ],
          [
            -0.6411986947059631,
            0.10742760449647903,
            0.7598273754119873,
            1.5056307315826416
          ],
          [
            0.0,
            0.0,
            0.0,
            1.0
          ]
        ]
      },
      "bone_length_armature_space": 0.10413074741021668,
      "parent": "lowerarm_l",
      "has_children": true,
      "is_end_bone": false
    },
    "pinky_01_l": {
      "name": "pinky_01_l",
      "local": {
        "location": {
          "x": 0.0,
          "y": 0.0,
          "z": 0.0
        },
        "rotation_quaternion": {
          "w": 0.989478349685669,
          "x": -0.1423817276954651,
          "y": 0.022906331345438957,
          "z": 0.011635109782218933
        },
        "scale": {
          "x": 1.0,
          "y": 1.0,
          "z": 1.0
        },
        "matrix_basis": [
          [
            0.9986798763275146,
            -0.029548265039920807,
            0.042017385363578796,
            0.0
          ],
          [
            0.016502492129802704,
            0.9591841101646423,
            0.28230032324790955,
            0.0
          ],
          [
            -0.048643890768289566,
            -0.2812342345714569,
            0.9584054946899414,
            0.0
          ],
          [
            0.0,
            0.0,
            0.0,
            1.0
          ]
        ],
        "rotation_mode": "QUATERNION"
      },
      "armature_space": {
        "head": {
          "x": 0.7240179181098938,
          "y": -0.01377156749367714,
