{
  "metadata": {
    "armature_name": "KIM_caucasian_male",
    "export_time": "2026-01-13T21:01:16.517022",
    "blender_version": "4.4.1",
    "bone_count": 56,
    "end_bone_count": 13,
    "spaces_included": [
      "LOCAL_CHANNELS",
      "ARMATURE_SPACE",
      "WORLD_SPACE"
    ],
    "note": "LOCAL matches Transform panel; replay pose via local.matrix_basis for best fidelity."
  },
  "bones": {
    "Root": {
      "name": "Root",
      "local": {
        "location": {
          "x": 0.0,
          "y": 0.0,
          "z": 0.0
        },
        "rotation_quaternion": {
          "w": 0.999839186668396,
          "x": -0.007992665283381939,
          "y": -0.005323194433003664,
          "z": 0.015149952843785286
        },
        "scale": {
          "x": 1.0,
          "y": 1.0,
          "z": 1.0
        },
        "matrix_basis": [
          [
            0.9994843006134033,
            -0.030209939926862717,
            -0.01088685356080532,
            0.0
          ],
          [
            0.03038012608885765,
            0.9994131922721863,
            0.015821468085050583,
            0.0
          ],
          [
            0.010402499698102474,
            -0.016144052147865295,
            0.9998155832290649,
            0.0
          ],
          [
            0.0,
            0.0,
            0.0,
            1.0
          ]
        ],
        "rotation_mode": "QUATERNION"
      },
      "armature_space": {
        "head": {
          "x": 0.0,
          "y": 0.07072800397872925,
          "z": -0.009595036506652832
        },
        "tail": {
          "x": -0.0021562606561928988,
          "y": 0.00019641220569610596,
          "z": 0.0011362144723534584
        }
      },
      "world_space": {
        "head": {
          "x": 0.0,
          "y": 0.13397200405597687,
          "z": 0.9402589797973633
        },
        "tail": {
          "x": -0.0021562606561928988,
          "y": 0.06344041228294373,
          "z": 0.9509902596473694
        },
        "rotation_quaternion": {
          "w": 0.07533133029937744,
          "x": 0.9970293641090393,
          "y": -0.015474150888621807,
          "z": -0.004290480632334948
        },
        "matrix": [
          [
            0.9994843006134033,
            -0.030209939926862717,
            -0.01088685356080532,
            0.0
          ],
          [
            -0.031502775847911835,
            -0.988171398639679,
            -0.1500827521085739,
            0.13397200405597687
          ],
          [
            -0.006224160082638264,
            0.15034843981266022,
            -0.9886205792427063,
            0.9402589797973633
          ],
          [
            0.0,
            0.0,
            0.0,
            1.0
          ]
        ]
      },
      "bone_length_armature_space": 0.07137587014621441,
      "parent": null,
      "has_children": true,
      "is_end_bone": false
    },
    "spine_01": {
      "name": "spine_01",
      "local": {
        "location": {
          "x": 0.0,
          "y": 0.0,
          "z": 0.0
        },
        "rotation_quaternion": {
          "w": 0.9927080869674683,
          "x": 0.08584640920162201,
          "y": 0.0670149177312851,
          "z": -0.0516732819378376
        },
        "scale": {
          "x": 1.0,
          "y": 1.0,
          "z": 1.0
        },
        "matrix_basis": [
          [
            0.9856777191162109,
            0.11409895122051239,
            0.12418057024478912,
            0.0
          ],
          [
            -0.0910869911313057,
            0.979920506477356,
            -0.17736661434173584,
            0.0
          ],
          [
            -0.1419244259595871,
            0.1635150909423828,
            0.9762787818908691,
            0.0
          ],
          [
            0.0,
            0.0,
            0.0,
            1.0
          ]
        ],
        "rotation_mode": "QUATERNION"
      },
      "armature_space": {
        "head": {
          "x": -0.0021562606561928988,
          "y": 0.00019641220569610596,
          "z": 0.0011362144723534584
        },
        "tail": {
          "x": 0.0549328587949276,
          "y": -0.05123484507203102,
          "z": 0.4830532968044281
        }
      },
      "world_space": {
        "head": {
          "x": -0.0021562606561928988,
          "y": 0.06344041228294373,
          "z": 0.9509902596473694
        },
        "tail": {
          "x": 0.0549328587949276,
          "y": 0.012009155005216599,
          "z": 1.4329073429107666
        },
        "rotation_quaternion": {
          "w": 0.6646353602409363,
          "x": 0.7434212565422058,
          "y": 0.0745907574892044,
          "z": -0.004574527032673359
        },
        "matrix": [
          [
            0.9888305068016052,
            0.11698560416698456,
            0.09235043823719025,
            -0.0021562606561928988
          ],
          [
            0.10482461005449295,
            -0.10539165884256363,
            -0.9888904690742493,
            0.06344041228294373
          ],
          [
            -0.1059536337852478,
            0.9875324964523315,
            -0.11647918075323105,
            0.9509902596473694
          ],
          [
            0.0,
            0.0,
            0.0,
            1.0
          ]
        ]
      },
      "bone_length_armature_space": 0.4880045247327882,
      "parent": "Root",
      "has_children": true,
      "is_end_bone": false
    },
    "neck_01": {
      "name": "neck_01",
      "local": {
        "location": {
          "x": 0.0,
          "y": 0.0,
          "z": 0.0
        },
        "rotation_quaternion": {
          "w": 0.9940496683120728,
          "x": -0.01775502972304821,
          "y": 0.0826924741268158,
          "z": 0.06864377856254578
        },
        "scale": {
          "x": 1.0,
          "y": 1.0,
          "z": 1.0
        },
        "matrix_basis": [
          [
            0.9768999814987183,
            -0.13940706849098206,
            0.1619633138179779,
            0.0
          ],
          [
            0.133534237742424,
            0.9899455904960632,
            0.046651411801576614,
            0.0
          ],
          [
            -0.1668383926153183,
            -0.023946115747094154,
            0.9856934547424316,
            0.0
          ],
          [
            0.0,
            0.0,
            0.0,
            1.0
          ]
        ],
        "rotation_mode": "QUATERNION"
      },
      "armature_space": {
        "head": {
          "x": 0.06670112162828445,
          "y": -0.09324662387371063,
          "z": 0.5513193607330322
        },
        "tail": {
          "x": 0.0670146569609642,
          "y": -0.14059749245643616,
          "z": 0.6422508358955383
        }
      },
      "world_space": {
        "head": {
          "x": 0.06670112162828445,
          "y": -0.030002623796463013,
          "z": 1.5011733770370483
        },
        "tail": {
          "x": 0.0670146569609642,
          "y": -0.07735349237918854,
          "z": 1.5921049118041992
        },
        "rotation_quaternion": {
          "w": 0.5158045887947083,
          "x": 0.8504509329795837,
          "y": 0.054898202419281006,
          "z": 0.08755089342594147
        },
        "matrix": [
          [
            0.9786421656608582,
            0.0030582649633288383,
            0.20554877817630768,
            0.06670112162828445
          ],
          [
            0.18369466066360474,
            -0.4618634879589081,
            -0.8677203059196472,
            -0.030002623796463013
          ],
          [
            0.09228255599737167,
            0.8869515657424927,
            -0.45256486535072327,
            1.5011733770370483
          ],
          [
            0.0,
            0.0,
            0.0,
            1.0
          ]
        ]
      },
      "bone_length_armature_space": 0.10252188267771312,
      "parent": "spine_01",
      "has_children": true,
      "is_end_bone": false
    },
    "head": {
      "name": "head",
      "local": {
        "location": {
          "x": 0.0,
          "y": 0.0,
          "z": 0.0
        },
        "rotation_quaternion": {
          "w": 0.9746978282928467,
          "x": 0.012540997005999088,
          "y": 0.13377517461776733,
          "z": 0.17863702774047852
        },
        "scale": {
          "x": 1.0,
          "y": 1.0,
          "z": 1.0
        },
        "matrix_basis": [
          [
            0.9003860354423523,
            -0.3448789119720459,
            0.26526132225990295,
            0.0
          ],
          [
            0.3515895903110504,
            0.9358630776405334,
            0.023347033187747,
            0.0
          ],
          [
            -0.2563001811504364,
            0.07224176079034805,
            0.9638938307762146,
            0.0
          ],
          [
            0.0,
            0.0,
            0.0,
            1.0
          ]
        ],
        "rotation_mode": "QUATERNION"
      },
      "armature_space": {
        "head": {
          "x": 0.06701468676328659,
          "y": -0.14059758186340332,
          "z": 0.6422507166862488
        },
        "tail": {
          "x": 0.006307195872068405,
          "y": -0.17819374799728394,
          "z": 0.7799255847930908
        }
      },
      "world_space": {
        "head": {
          "x": 0.06701468676328659,
          "y": -0.0773535817861557,
          "z": 1.5921046733856201
        },
        "tail": {
          "x": 0.006307195872068405,
          "y": -0.11494974792003632,
          "z": 1.729779601097107
        },
        "rotation_quaternion": {
          "w": 0.615424394607544,
          "x": 0.7246214151382446,
          "y": -0.006768706254661083,
          "z": 0.310049831867218
        },
        "matrix": [
          [
            0.8076478242874146,
            -0.3914334177970886,
            0.4410047233104706,
            0.06701468676328659
          ],
          [
            0.37181293964385986,
            -0.24241483211517334,
            -0.8960973024368286,
            -0.0773535817861557
          ],
          [
            0.45767197012901306,
            0.8877081871032715,
            -0.05024700611829758,
            1.5921046733856201
          ],
          [
            0.0,
            0.0,
            0.0,
            1.0
          ]
        ]
      },
      "bone_length_armature_space": 0.15509107440168807,
      "parent": "neck_01",
      "has_children": false,
      "is_end_bone": true
    },
    "upperarm_l": {
      "name": "upperarm_l",
      "local": {
        "location": {
          "x": 0.0,
          "y": 0.0,
          "z": 0.0
        },
        "rotation_quaternion": {
          "w": 0.859255313873291,
          "x": 0.03794048726558685,
          "y": 0.316634863615036,
          "z": 0.3999791443347931
        },
        "scale": {
          "x": 1.0,
          "y": 1.0,
          "z": 1.0
        },
        "matrix_basis": [
          [
            0.4795180857181549,
            -0.6633418202400208,
            0.5744912028312683,
            0.0
          ],
          [
            0.7113949656486511,
            0.6771544218063354,
            0.18809355795383453,
            0.0
          ],
          [
            -0.5137895941734314,
            0.31849581003189087,
            0.7966057658195496,
            0.0
          ],
          [
            0.0,
            0.0,
            0.0,
            1.0
          ]
        ],
        "rotation_mode": "QUATERNION"
      },
      "armature_space": {
        "head": {
          "x": 0.20745787024497986,
          "y": -0.07359349727630615,
          "z": 0.46868500113487244
        },
        "tail": {
          "x": 0.4216662049293518,
          "y": -0.15339183807373047,
          "z": 0.6085238456726074
        }
      },
      "world_space": {
        "head": {
          "x": 0.20745787024497986,
          "y": -0.010349497199058533,
          "z": 1.418539047241211
        },
        "tail": {
          "x": 0.4216662049293518,
          "y": -0.09014783799648285,
          "z": 1.5583778619766235
        },
        "rotation_quaternion": {
          "w": 0.37565433979034424,
          "x": 0.8008184432983398,
          "y": 0.4582451283931732,
          "z": -0.08709260076284409
        },
        "matrix": [
          [
            0.5648516416549683,
            0.7993759512901306,
            0.2047950029373169,
            0.20745787024497986
          ],
          [
            0.6685104370117188,
            -0.29778897762298584,
            -0.6814804673194885,
            -0.010349497199058533
          ],
          [
            -0.48377618193626404,
            0.5218462944030762,
            -0.7026032209396362,
            1.418539047241211
          ],
          [
            0.0,
            0.0,
            0.0,
            1.0
          ]
        ]
      },
      "bone_length_armature_space": 0.2679699348960126,
      "parent": "spine_01",
      "has_children": true,
      "is_end_bone": false
    },
    "lowerarm_l": {
      "name": "lowerarm_l",
      "local": {
        "location": {
          "x": 0.0,
          "y": 0.0,
          "z": 0.0
        },
        "rotation_quaternion": {
          "w": 0.9730830788612366,
          "x": 0.19690008461475372,
          "y": 0.008437774144113064,
          "z": -0.11945140361785889
        },
        "scale": {
          "x": 1.0,
          "y": 1.0,
          "z": 1.0
        },
        "matrix_basis": [
          [
            0.9713203310966492,
            0.23579508066177368,
            -0.03061867319047451,
            0.0
          ],
          [
            -0.2291494756937027,
            0.8939234614372253,
            -0.38521608710289,
            0.0
          ],
          [
            -0.0634612962603569,
            0.381184458732605,
            0.9223183393478394,
            0.0
          ],
          [
            0.0,
            0.0,
            0.0,
            1.0
          ]
        ],
        "rotation_mode": "QUATERNION"
      },
      "armature_space": {
        "head": {
          "x": 0.4216662049293518,
          "y": -0.1533919870853424,
          "z": 0.608523964881897
        },
        "tail": {
          "x": 0.6494572162628174,
          "y": -0.29348474740982056,
          "z": 0.6159140467643738
        }
      },
      "world_space": {
        "head": {
          "x": 0.4216662049293518,
          "y": -0.09014798700809479,
          "z": 1.558377981185913
        },
        "tail": {
          "x": 0.6494572162628174,
          "y": -0.23024074733257294,
          "z": 1.5657680034637451
        },
        "rotation_quaternion": {
          "w": 0.1655334085226059,
          "x": 0.8302542567253113,
          "y": 0.45909297466278076,
          "z": -0.26927733421325684
        },
        "matrix": [
          [
            0.43344637751579285,
            0.8514772653579712,
            -0.29514533281326294,
            0.4216662049293518
          ],
          [
            0.6731789708137512,
            -0.523663341999054,
            -0.5221176147460938,
            -0.09014798700809479
          ],
          [
            -0.5991316437721252,
            0.02762395143508911,
            -0.8001827001571655,
            1.558377981185913
          ],
          [
            0.0,
            0.0,
            0.0,
            1.0
          ]
        ]
      },
      "bone_length_armature_space": 0.2675244677716657,
      "parent": "upperarm_l",
      "has_children": true,
      "is_end_bone": false
    },
    "metacarpal_thumb_l": {
      "name": "metacarpal_thumb_l",
      "local": {
        "location": {
          "x": 0.0,
          "y": 0.0,
          "z": 0.0
        },
        "rotation_quaternion": {
          "w": 0.9999247193336487,
          "x": -0.0027516402769833803,
          "y": -0.011846420355141163,
          "z": -0.001678343047387898
        },
        "scale": {
          "x": 1.0,
          "y": 1.0,
          "z": 1.0
        },
        "matrix_basis": [
          [
            0.9997137188911438,
            0.0034216276835650206,
            -0.023681821301579475,
            0.0
          ],
          [
            -0.0032912392634898424,
            0.9999791979789734,
            0.005542630795389414,
            0.0
          ],
          [
            0.0237002931535244,
            -0.0054631014354527,
            0.9997041821479797,
            0.0
          ],
          [
            0.0,
            0.0,
            0.0,
            1.0
          ]
        ],
        "rotation_mode": "QUATERNION"
      },
      "armature_space": {
        "head": {
          "x": 0.6494572162628174,
          "y": -0.29348474740982056,
          "z": 0.6159140467643738
        },
        "tail": {
          "x": 0.6780685782432556,
          "y": -0.32323315739631653,
          "z": 0.5885276198387146
        }
      },
      "world_space": {
        "head": {
          "x": 0.6494572162628174,
          "y": -0.23024074733257294,
          "z": 1.5657680034637451
        },
        "tail": {
          "x": 0.6780685782432556,
          "y": -0.2599891424179077,
          "z": 1.538381576538086
        },
        "rotation_quaternion": {
          "w": 0.38820016384124756,
          "x": -0.8574954271316528,
          "y": -0.22139587998390198,
          "z": -0.2549237608909607
        },
        "matrix": [
          [
            0.7719958424568176,
            0.5776149034500122,
            0.26529890298843384,
            0.6494572162628174
          ],
          [
            0.1817709505558014,
            -0.6005693078041077,
            0.7786370515823364,
            -0.23024074733257294
          ],
          [
            0.609087347984314,
            -0.5528853535652161,
            -0.5686338543891907,
            1.5657680034637451
          ],
          [
            0.0,
            0.0,
            0.0,
            1.0
          ]
        ]
      },
      "bone_length_armature_space": 0.04953376922778045,
      "parent": "lowerarm_l",
      "has_children": true,
      "is_end_bone": false
    },
    "thumb_01_l": {
      "name": "thumb_01_l",
      "local": {
        "location": {
          "x": 0.0,
          "y": 0.0,
          "z": 0.0
        },
        "rotation_quaternion": {
          "w": 0.9533390998840332,
          "x": 0.3017420172691345,
          "y": -0.00977176334708929,
          "z": -0.0009457427659071982
        },
        "scale": {
          "x": 1.0,
          "y": 1.0,
          "z": 1.0
        },
        "matrix_basis": [
          [
            0.9998072385787964,
            -0.0040938761085271835,
            -0.019202349707484245,
            0.0
          ],
          [
            -0.00770033011212945,
            0.8179017305374146,
            -0.5753064155578613,
            0.0
          ],
          [
            0.018060866743326187,
            0.5753434300422668,
            0.8177125453948975,
            0.0
          ],
          [
            0.0,
            0.0,
            0.0,
            1.0
          ]
        ],
        "rotation_mode": "QUATERNION"
      },
      "armature_space": {
        "head": {
          "x": 0.6780685782432556,
          "y": -0.32323315739631653,
          "z": 0.5885276198387146
        },
        "tail": {
          "x": 0.7079311013221741,
          "y": -0.31479114294052124,
          "z": 0.574542224407196
        }
      },
      "world_space": {
        "head": {
          "x": 0.6780685782432556,
          "y": -0.2599891424179077,
          "z": 1.538381576538086
        },
        "tail": {
          "x": 0.7079311013221741,
          "y": -0.2515471577644348,
          "z": 1.5243961811065674
        },
        "rotation_quaternion": {
          "w": 0.7781881093978882,
          "x": -0.16075997054576874,
          "y": 0.13575682044029236,
          "z": -0.5917344689369202
        },
        "matrix": [
          [
            0.262839674949646,
            0.8773133158683777,
            0.40154334902763367,
            0.6780685782432556
          ],
          [
            -0.9646099805831909,
            0.2480127066373825,
            0.08953755348920822,
            -0.2599891424179077
          ],
          [
            -0.021036364138126373,
            -0.4108693599700928,
            0.9114593267440796,
            1.538381576538086
          ],
          [
            0.0,
            0.0,
            0.0,
            1.0
          ]
        ]
      },
      "bone_length_armature_space": 0.03403864256337759,
      "parent": "metacarpal_thumb_l",
      "has_children": true,
      "is_end_bone": false
    },
    "thumb_02_l": {
      "name": "thumb_02_l",
      "local": {
        "location": {
          "x": 0.0,
          "y": 0.0,
          "z": 0.0
        },
        "rotation_quaternion": {
          "w": 0.9040447473526001,
          "x": 0.4272921085357666,
          "y": -0.011159930378198624,
          "z": 0.00012188113760203123
        },
        "scale": {
          "x": 1.0,
          "y": 1.0,
          "z": 1.0
        },
        "matrix_basis": [
          [
            0.9997508525848389,
            -0.009757472202181816,
            -0.020073994994163513,
            0.0
          ],
          [
            -0.009316728450357914,
            0.6348428726196289,
            -0.7725850939750671,
            0.0
          ],
          [
            0.020282311365008354,
            0.7725796699523926,
            0.6345938444137573,
            0.0
          ],
          [
            0.0,
            0.0,
            0.0,
            1.0
          ]
        ],
        "rotation_mode": "QUATERNION"
      },
      "armature_space": {
        "head": {
          "x": 0.7079310417175293,
          "y": -0.31479111313819885,
          "z": 0.5745421648025513
        },
        "tail": {
          "x": 0.7131954431533813,
          "y": -0.3391773998737335,
          "z": 0.6060189008712769
        }
      },
      "world_space": {
        "head": {
          "x": 0.7079310417175293,
          "y": -0.25154709815979004,
          "z": 1.5243961811065674
        },
        "tail": {
          "x": 0.7131954431533813,
          "y": -0.2759333848953247,
          "z": 1.555872917175293
        },
        "rotation_quaternion": {
          "w": 0.32505375146865845,
          "x": 0.5479525327682495,
          "y": -0.30126217007637024,
          "z": -0.7094570994377136
        },
        "matrix": [
          [
            -0.18817736208438873,
            0.13107171654701233,
            -0.9733498096466064,
            0.7079310417175293
          ],
          [
            -0.791378378868103,
            -0.6071617007255554,
            0.07123598456382751,
            -0.25154709815979004
          ],
          [
            -0.581648588180542,
            0.7836980819702148,
            0.21798299252986908,
            1.5243961811065674
          ],
          [
            0.0,
            0.0,
            0.0,
            1.0
          ]
        ]
      },
      "bone_length_armature_space": 0.04016453470769207,
      "parent": "thumb_01_l",
      "has_children": true,
      "is_end_bone": false
    },
    "thumb_03_l": {
      "name": "thumb_03_l",
      "local": {
        "location": {
          "x": 0.0,
          "y": 0.0,
          "z": 0.0
        },
        "rotation_quaternion": {
          "w": 0.988701343536377,
          "x": 0.14960592985153198,
          "y": -0.00878829788416624,
          "z": -0.00326156010851264
        },
        "scale": {
          "x": 1.0,
          "y": 1.0,
          "z": 1.0
        },
        "matrix_basis": [
          [
            0.9998242855072021,
            0.003819854697212577,
            -0.0183539018034935,
            0.0
          ],
          [
            -0.009078980423510075,
            0.9552148580551147,
            -0.29577383399009705,
            0.0
          ],
          [
            0.01640210673213005,
            0.2958884835243225,
            0.9550816416740417,
            0.0
          ],
          [
            0.0,
            0.0,
            0.0,
            1.0
          ]
        ],
        "rotation_mode": "QUATERNION"
      },
      "armature_space": {
        "head": {
          "x": 0.7131955027580261,
          "y": -0.3391774296760559,
          "z": 0.6060188412666321
        },
        "tail": {
          "x": 0.7012621164321899,
          "y": -0.35289427638053894,
          "z": 0.6304389834403992
        }
      },
      "world_space": {
        "head": {
          "x": 0.7131955027580261,
          "y": -0.2759334444999695,
          "z": 1.555872917175293
        },
        "tail": {
          "x": 0.7012621164321899,
          "y": -0.2896502614021301,
          "z": 1.5802929401397705
        },
        "rotation_quaternion": {
          "w": 0.2714502513408661,
          "x": 0.7161285877227783,
          "y": -0.4483756422996521,
          "z": -0.46090561151504517
        },
        "matrix": [
          [
            0.1730499267578125,
            -0.3919660151004791,
            -0.9035579562187195,
            0.7131955027580261
          ],
          [
            -0.892415463924408,
            -0.4505469799041748,
            0.02453237771987915,
            -0.2759334444999695
          ],
          [
            -0.41671478748321533,
            0.8021090030670166,
            -0.42776668071746826,
            1.555872917175293
          ],
          [
            0.0,
            0.0,
            0.0,
            1.0
          ]
        ]
      },
      "bone_length_armature_space": 0.03044504821184266,
      "parent": "thumb_02_l",
      "has_children": false,
      "is_end_bone": true
    },
    "metacarpal_index_l": {
      "name": "metacarpal_index_l",
      "local": {
        "location": {
          "x": 0.0,
          "y": 0.0,
          "z": 0.0
        },
        "rotation_quaternion": {
          "w": 0.9989968538284302,
          "x": -0.039793260395526886,
          "y": -0.017996318638324738,
          "z": 0.00989797804504633
        },
        "scale": {
          "x": 1.0,
          "y": 1.0,
          "z": 1.0
        },
        "matrix_basis": [
          [
            0.9991562962532043,
            -0.018343834206461906,
            -0.03674427792429924,
            0.0
          ],
          [
            0.02120836265385151,
            0.9966370463371277,
            0.07915043085813522,
            0.0
          ],
          [
            0.035168785601854324,
            -0.07986293733119965,
            0.9961852431297302,
            0.0
          ],
          [
            0.0,
            0.0,
            0.0,
            1.0
          ]
        ],
        "rotation_mode": "QUATERNION"
      },
      "armature_space": {
        "head": {
          "x": 0.6494572162628174,
          "y": -0.29348474740982056,
          "z": 0.6159140467643738
        },
        "tail": {
          "x": 0.7345631122589111,
          "y": -0.37125980854034424,
          "z": 0.5950034856796265
        }
      },
      "world_space": {
        "head": {
          "x": 0.6494572162628174,
          "y": -0.23024074733257294,
          "z": 1.5657680034637451
        },
        "tail": {
          "x": 0.7345631122589111,
          "y": -0.3080158233642578,
          "z": 1.5448575019836426
        },
        "rotation_quaternion": {
          "w": 0.13142548501491547,
          "x": -0.9087557196617126,
          "y": -0.3883843719959259,
          "z": -0.0777696743607521
        },
        "matrix": [
          [
            0.6862189769744873,
            0.7263347506523132,
            0.03925909847021103,
            0.6494572162628174
          ],
          [
            0.6854515075683594,
            -0.6637696623802185,
            0.29927584528923035,
            -0.23024074733257294
          ],
          [
            0.24343574047088623,
            -0.17846055328845978,
            -0.9533651471138,
            1.5657680034637451
          ],
          [
            0.0,
            0.0,
            0.0,
            1.0
          ]
        ]
      },
      "bone_length_armature_space": 0.11717177635743482,
      "parent": "lowerarm_l",
      "has_children": true,
      "is_end_bone": false
    },
    "index_01_l": {
      "name": "index_01_l",
      "local": {
        "location": {
          "x": 0.0,
          "y": 0.0,
          "z": 0.0
        },
        "rotation_quaternion": {
          "w": 0.9429982900619507,
          "x": 0.3326493799686432,
          "y": -0.008515141904354095,
          "z": 0.005120859481394291
        },
        "scale": {
          "x": 1.0,
          "y": 1.0,
          "z": 1.0
        },
        "matrix_basis": [
          [
            0.9998025298118591,
            -0.015323037281632423,
            -0.012652627192437649,
            0.0
          ],
          [
            0.003992809914052486,
            0.7786363363265991,
            -0.6274628043174744,
            0.0
          ],
          [
            0.019466429948806763,
            0.6272884011268616,
            0.7785437703132629,
            0.0
          ],
          [
            0.0,
            0.0,
            0.0,
            1.0
          ]
        ],
        "rotation_mode": "QUATERNION"
      },
      "armature_space": {
        "head": {
          "x": 0.7345631122589111,
          "y": -0.37125980854034424,
          "z": 0.5950034856796265
        },
        "tail": {
          "x": 0.7574670910835266,
          "y": -0.3764306604862213,
          "z": 0.5788249969482422
        }
      },
      "world_space": {
        "head": {
          "x": 0.7345631122589111,
          "y": -0.3080158233642578,
          "z": 1.5448575019836426
        },
        "tail": {
          "x": 0.7574670910835266,
          "y": -0.3131866455078125,
          "z": 1.5286790132522583
        },
        "rotation_quaternion": {
          "w": 0.3322097361087799,
          "x": -0.7667226791381836,
          "y": -0.5467768907546997,
          "z": 0.052992116659879684
        },
        "matrix": [
          [
            0.39645180106163025,
            0.8032432198524475,
            -0.44455185532569885,
            0.7345631122589111
          ],
          [
            0.8736630082130432,
            -0.1813422292470932,
            0.4514731168746948,
            -0.3080158233642578
          ],
          [
            0.2820294499397278,
            -0.5673801302909851,
            -0.7736623883247375,
            1.5448575019836426
          ],
          [
            0.0,
            0.0,
            0.0,
            1.0
          ]
        ]
      },
      "bone_length_armature_space": 0.02851444266403165,
      "parent": "metacarpal_index_l",
      "has_children": true,
      "is_end_bone": false
    },
    "index_02_l": {
      "name": "index_02_l",
      "local": {
        "location": {
          "x": 0.0,
          "y": 0.0,
          "z": 0.0
        },
        "rotation_quaternion": {
          "w": 0.8781967163085938,
          "x": 0.4781893789768219,
          "y": -0.002306067617610097,
          "z": -0.010017406195402145
        },
        "scale": {
          "x": 1.0,
          "y": 1.0,
          "z": 1.0
        },
        "matrix_basis": [
          [
            0.9997886419296265,
            0.015389032661914825,
            -0.01363079622387886,
            0.0
          ],
          [
            -0.019799981266260147,
            0.5424691438674927,
            -0.8398424983024597,
            0.0
          ],
          [
            -0.005530072376132011,
            0.8399348855018616,
            0.5426592230796814,
            0.0
          ],
          [
            0.0,
            0.0,
            0.0,
            1.0
          ]
        ],
        "rotation_mode": "QUATERNION"
      },
      "armature_space": {
        "head": {
          "x": 0.7574671506881714,
          "y": -0.37643080949783325,
          "z": 0.5788244605064392
        },
        "tail": {
          "x": 0.7596796751022339,
          "y": -0.37009572982788086,
          "z": 0.5540642142295837
        }
      },
      "world_space": {
        "head": {
          "x": 0.7574671506881714,
          "y": -0.3131868243217468,
          "z": 1.5286784172058105
        },
        "tail": {
          "x": 0.7596796751022339,
          "y": -0.30685174465179443,
          "z": 1.503918170928955
        },
        "rotation_quaternion": {
          "w": 0.6282604336738586,
          "x": -0.5193774700164795,
          "y": -0.47829267382621765,
          "z": 0.3267599642276764
        },
        "matrix": [
          [
            0.3289296329021454,
            0.08624657988548279,
            -0.940407931804657,
            0.7574671506881714
          ],
          [
            0.907409131526947,
            0.24695006012916565,
            0.3400357961654663,
            -0.3131868243217468
          ],
          [
            0.2615633010864258,
            -0.9651893377304077,
            0.0029685795307159424,
            1.5286784172058105
          ],
          [
            0.0,
            0.0,
            0.0,
            1.0
          ]
        ]
      },
      "bone_length_armature_space": 0.0256534266527337,
      "parent": "index_01_l",
      "has_children": true,
      "is_end_bone": false
    },
    "index_03_l": {
      "name": "index_03_l",
      "local": {
        "location": {
          "x": 0.0,
          "y": 0.0,
          "z": 0.0
        },
        "rotation_quaternion": {
          "w": 0.9213135242462158,
          "x": 0.38881176710128784,
          "y": 0.0014026165008544922,
          "z": 0.0022472040727734566
        },
        "scale": {
          "x": 1.0,
          "y": 1.0,
          "z": 1.0
        },
        "matrix_basis": [
          [
            0.9999859929084778,
            -0.003050051396712661,
            0.004331978037953377,
            0.0
          ],
          [
            0.005231466609984636,
            0.6976407170295715,
            -0.7164287567138672,
            0.0
          ],
          [
            -0.00083702034316957,
            0.7164413928985596,
            0.6976468563079834,
            0.0
          ],
          [
            0.0,
            0.0,
            0.0,
            1.0
          ]
        ],
        "rotation_mode": "QUATERNION"
      },
      "armature_space": {
        "head": {
          "x": 0.7596797943115234,
          "y": -0.370095819234848,
          "z": 0.5540642142295837
        },
        "tail": {
          "x": 0.7410473227500916,
          "y": -0.35503286123275757,
          "z": 0.5373407602310181
        }
      },
      "world_space": {
        "head": {
          "x": 0.7596797943115234,
          "y": -0.3068518042564392,
          "z": 1.503918170928955
        },
        "tail": {
          "x": 0.7410473227500916,
          "y": -0.29178887605667114,
          "z": 1.4871947765350342
        },
        "rotation_quaternion": {
          "w": 0.8146589398384094,
          "x": -0.17859284579753876,
          "y": -0.3067469000816345,
          "z": 0.4586303234100342
        },
        "matrix": [
          [
            0.39112788438796997,
            -0.6376904249191284,
            -0.6636039614677429,
            0.7596797943115234
          ],
          [
            0.8568206429481506,
            0.5155249238014221,
            0.009615957736968994,
            -0.3068518042564392
          ],
          [
            0.33597537875175476,
            -0.5723543167114258,
            0.7480278611183167,
            1.503918170928955
          ],
          [
            0.0,
            0.0,
            0.0,
            1.0
          ]
        ]
      },
      "bone_length_armature_space": 0.02921875482335408,
      "parent": "index_02_l",
      "has_children": false,
      "is_end_bone": true
    },
    "metacarpal_pinky_l": {
      "name": "metacarpal_pinky_l",
      "local": {
        "location": {
          "x": 0.0,
          "y": 0.0,
          "z": 0.0
        },
        "rotation_quaternion": {
          "w": 0.9999459385871887,
          "x": -0.009380633942782879,
          "y": 0.002380656311288476,
          "z": 0.0038257394917309284
        },
        "scale": {
          "x": 1.0,
          "y": 1.0,
          "z": 1.0
        },
        "matrix_basis": [
          [
            0.999959409236908,
            -0.007695729378610849,
            0.004689279478043318,
            0.0
          ],
          [
            0.0076064011082053185,
            0.9997947216033936,
            0.018778469413518906,
            0.0
          ],
          [
            -0.004832830745726824,
            -0.018742037937045097,
            0.999812662601471,
            0.0
          ],
          [
            0.0,
            0.0,
            0.0,
            1.0
          ]
        ],
        "rotation_mode": "QUATERNION"
      },
      "armature_space": {
        "head": {
          "x": 0.6494572162628174,
          "y": -0.29348474740982056,
          "z": 0.6159140467643738
        },
        "tail": {
          "x": 0.744231104850769,
          "y": -0.3265717327594757,
          "z": 0.6435977816581726
        }
      },
      "world_space": {
        "head": {
          "x": 0.6494572162628174,
          "y": -0.23024074733257294,
          "z": 1.5657680034637451
        },
        "tail": {
          "x": 0.744231104850769,
          "y": -0.2633277177810669,
          "z": 1.593451738357544
        },
        "rotation_quaternion": {
          "w": 0.5388191342353821,
          "x": 0.5106362700462341,
          "y": 0.2253885716199875,
          "z": -0.6309710741043091
        },
        "matrix": [
          [
            0.10215248912572861,
            0.9101428985595703,
            -0.4015032649040222,
            0.6494572162628174
          ],
          [
            -0.4497753977775574,
            -0.31774455308914185,
            -0.8347098231315613,
            -0.23024074733257294
          ],
          [
            -0.8872874975204468,
            0.26585543155670166,
            0.37690332531929016,
            1.5657680034637451
          ],
          [
            0.0,
            0.0,
            0.0,
            1.0
          ]
        ]
      },
      "bone_length_armature_space": 0.10413082196498737,
      "parent": "lowerarm_l",
      "has_children": true,
      "is_end_bone": false
    },
    "pinky_01_l": {
      "name": "pinky_01_l",
      "local": {
        "location": {
          "x": 0.0,
          "y": 0.0,
          "z": 0.0
        },
        "rotation_quaternion": {
          "w": 0.9481571912765503,
          "x": 0.31643691658973694,
          "y": -0.029374413192272186,
          "z": 0.0016569028375670314
        },
        "scale": {
          "x": 1.0,
          "y": 1.0,
          "z": 1.0
        },
        "matrix_basis": [
          [
            0.9982687830924988,
            -0.021732306107878685,
            -0.05465451255440712,
            0.0
          ],
          [
            -0.01544828899204731,
            0.7997298836708069,
            -0.6001611948013306,
            0.0
          ],
          [
            0.05675173178315163,
            0.5999665260314941,
            0.7980096340179443,
            0.0
          ],
          [
            0.0,
            0.0,
            0.0,
            1.0
          ]
        ],
        "rotation_mode": "QUATERNION"
      },
      "armature_space": {
        "head": {
          "x": 0.744231104850769,
          "y": -0.3265717327594757,
          "z": 0.6435977816581726
        },
        "tail": {
          "x": 0.7654507756233215,
