{
  "metadata": {
    "armature_name": "KIM_caucasian_male",
    "export_time": "2026-01-13T21:00:09.676702",
    "blender_version": "4.4.1",
    "bone_count": 56,
    "end_bone_count": 13,
    "spaces_included": [
      "LOCAL_CHANNELS",
      "ARMATURE_SPACE",
      "WORLD_SPACE"
    ],
    "note": "LOCAL matches Transform panel; replay pose via local.matrix_basis for best fidelity."
  },
  "bones": {
    "Root": {
      "name": "Root",
      "local": {
        "location": {
          "x": 0.0,
          "y": 0.0,
          "z": 0.0
        },
        "rotation_quaternion": {
          "w": 0.9998387098312378,
          "x": -0.008446816354990005,
          "y": 0.004504499491304159,
          "z": -0.015201641246676445
        },
        "scale": {
          "x": 1.0,
          "y": 1.0,
          "z": 1.0
        },
        "matrix_basis": [
          [
            0.9994972348213196,
            0.030322281643748283,
            0.009264356456696987,
            0.0
          ],
          [
            -0.030474476516246796,
            0.9993951320648193,
            0.01675395667552948,
            0.0
          ],
          [
            -0.008750734850764275,
            -0.017027858644723892,
            0.9998167157173157,
            0.0
          ],
          [
            0.0,
            0.0,
            0.0,
            1.0
          ]
        ],
        "rotation_mode": "QUATERNION"
      },
      "armature_space": {
        "head": {
          "x": 0.0,
          "y": 0.07072800397872925,
          "z": -0.009595036506652832
        },
        "tail": {
          "x": 0.0021642791107296944,
          "y": 0.00020616501569747925,
          "z": 0.0011985506862401962
        }
      },
      "world_space": {
        "head": {
          "x": 0.0,
          "y": 0.13397200405597687,
          "z": 0.9402589797973633
        },
        "tail": {
          "x": 0.0021642791107296944,
          "y": 0.0634501650929451,
          "z": 0.9510525465011597
        },
        "rotation_quaternion": {
          "w": 0.07578441500663757,
          "x": 0.9969982504844666,
          "y": 0.015470569021999836,
          "z": 0.0034701635595411062
        },
        "matrix": [
          [
            0.9994972348213196,
            0.030322281643748283,
            0.009264356456696987,
            0.0
          ],
          [
            0.03137422353029251,
            -0.988034725189209,
            -0.15100693702697754,
            0.13397200405597687
          ],
          [
            0.0045746928080916405,
            0.15122179687023163,
            -0.9884963631629944,
            0.9402589797973633
          ],
          [
            0.0,
            0.0,
            0.0,
            1.0
          ]
        ]
      },
      "bone_length_armature_space": 0.07137587292085613,
      "parent": null,
      "has_children": true,
      "is_end_bone": false
    },
    "spine_01": {
      "name": "spine_01",
      "local": {
        "location": {
          "x": 0.0,
          "y": 0.0,
          "z": 0.0
        },
        "rotation_quaternion": {
          "w": 0.9948864579200745,
          "x": 0.05852421373128891,
          "y": -0.061351533979177475,
          "z": 0.05488060414791107
        },
        "scale": {
          "x": 1.0,
          "y": 1.0,
          "z": 1.0
        },
        "matrix_basis": [
          [
            0.9864482283592224,
            -0.11638104170560837,
            -0.115651935338974,
            0.0
          ],
          [
            0.10201884061098099,
            0.9871260523796082,
            -0.12318391352891922,
            0.0
          ],
          [
            0.12849931418895721,
            0.10971587896347046,
            0.9856218099594116,
            0.0
          ],
          [
            0.0,
            0.0,
            0.0,
            1.0
          ]
        ],
        "rotation_mode": "QUATERNION"
      },
      "armature_space": {
        "head": {
          "x": 0.0021642791107296944,
          "y": 0.00020616501569747925,
          "z": 0.0011985506862401962
        },
        "tail": {
          "x": -0.0561009906232357,
          "y": -0.02439107745885849,
          "z": 0.4850876033306122
        }
      },
      "world_space": {
        "head": {
          "x": 0.0021642791107296944,
          "y": 0.0634501650929451,
          "z": 0.9510525465011597
        },
        "tail": {
          "x": -0.0561009906232357,
          "y": 0.03885292261838913,
          "z": 1.4349416494369507
        },
        "rotation_quaternion": {
          "w": 0.6852309703826904,
          "x": 0.7246330380439758,
          "y": -0.07250004261732101,
          "z": 0.010451813228428364
        },
        "matrix": [
          [
            0.9892688989639282,
            -0.11939574033021927,
            -0.08421188592910767,
            0.0021642791107296944
          ],
          [
            -0.09074878692626953,
            -0.050404056906700134,
            -0.9945974946022034,
            0.0634501650929451
          ],
          [
            0.114506796002388,
            0.9915733933448792,
            -0.06069951504468918,
            0.9510525465011597
          ],
          [
            0.0,
            0.0,
            0.0,
            1.0
          ]
        ]
      },
      "bone_length_armature_space": 0.48800458240316,
      "parent": "Root",
      "has_children": true,
      "is_end_bone": false
    },
    "neck_01": {
      "name": "neck_01",
      "local": {
        "location": {
          "x": 0.0,
          "y": 0.0,
          "z": 0.0
        },
        "rotation_quaternion": {
          "w": 0.9921635389328003,
          "x": -0.014794426038861275,
          "y": -0.0822322890162468,
          "z": 0.09290076792240143
        },
        "scale": {
          "x": 1.0,
          "y": 1.0,
          "z": 1.0
        },
        "matrix_basis": [
          [
            0.9692146182060242,
            -0.1819123476743698,
            -0.1659245789051056,
            0.0
          ],
          [
            0.18677866458892822,
            0.9823011159896851,
            0.014078094623982906,
            0.0
          ],
          [
            0.16042692959308624,
            -0.04463586583733559,
            0.9860379695892334,
            0.0
          ],
          [
            0.0,
            0.0,
            0.0,
            1.0
          ]
        ],
        "rotation_mode": "QUATERNION"
      },
      "armature_space": {
        "head": {
          "x": -0.06776347011327744,
          "y": -0.06257466971874237,
          "z": 0.5555840134620667
        },
        "tail": {
          "x": -0.1003996729850769,
          "y": -0.09947849810123444,
          "z": 0.6454935073852539
        }
      },
      "world_space": {
        "head": {
          "x": -0.06776347011327744,
          "y": 0.000669330358505249,
          "z": 1.5054380893707275
        },
        "tail": {
          "x": -0.1003996729850769,
          "y": -0.036234498023986816,
          "z": 1.59534752368927
        },
        "rotation_quaternion": {
          "w": 0.5323086977005005,
          "x": 0.8246065974235535,
          "y": -0.19148343801498413,
          "z": 0.0023843932431191206
        },
        "matrix": [
          [
            0.9266564846038818,
            -0.31833574175834656,
            -0.19992555677890778,
            -0.06776347011327744
          ],
          [
            -0.3132597804069519,
            -0.35996243357658386,
            -0.878803551197052,
            0.000669330358505249
          ],
          [
            0.20778998732566833,
            0.8769831657409668,
            -0.4332871437072754,
            1.5054380893707275
          ],
          [
            0.0,
            0.0,
            0.0,
            1.0
          ]
        ]
      },
      "bone_length_armature_space": 0.10252185745310909,
      "parent": "spine_01",
      "has_children": true,
      "is_end_bone": false
    },
    "head": {
      "name": "head",
      "local": {
        "location": {
          "x": 0.0,
          "y": 0.0,
          "z": 0.0
        },
        "rotation_quaternion": {
          "w": 0.9651734232902527,
          "x": -0.07626259326934814,
          "y": 0.20243953168392181,
          "z": 0.147114098072052
        },
        "scale": {
          "x": 1.0,
          "y": 1.0,
          "z": 1.0
        },
        "matrix_basis": [
          [
            0.8747513294219971,
            -0.3148583769798279,
            0.3683398962020874,
            0.0
          ],
          [
            0.2531041204929352,
            0.9450829029083252,
            0.2067766785621643,
            0.0
          ],
          [
            -0.41321712732315063,
            -0.08764983713626862,
            0.9064044952392578,
            0.0
          ],
          [
            0.0,
            0.0,
            0.0,
            1.0
          ]
        ],
        "rotation_mode": "QUATERNION"
      },
      "armature_space": {
        "head": {
          "x": -0.1003996804356575,
          "y": -0.09947860240936279,
          "z": 0.6454933881759644
        },
        "tail": {
          "x": -0.17445823550224304,
          "y": -0.073746457695961,
          "z": 0.7793082594871521
        }
      },
      "world_space": {
        "head": {
          "x": -0.1003996804356575,
          "y": -0.03623460233211517,
          "z": 1.5953474044799805
        },
        "tail": {
          "x": -0.17445823550224304,
          "y": -0.010502457618713379,
          "z": 1.7291622161865234
        },
        "rotation_quaternion": {
          "w": 0.7488420009613037,
          "x": 0.6151813268661499,
          "y": -0.14897595345973969,
          "z": 0.19645297527313232
        },
        "matrix": [
          [
            0.8784247040748596,
            -0.4775191843509674,
            0.01859152317047119,
            -0.1003996804356575
          ],
          [
            0.11093282699584961,
            0.1659172922372818,
            -0.9798804521560669,
            -0.03623460233211517
          ],
          [
            0.46483030915260315,
            0.8628196120262146,
            0.19871875643730164,
            1.5953474044799805
          ],
          [
            0.0,
            0.0,
            0.0,
            1.0
          ]
        ]
      },
      "bone_length_armature_space": 0.1550910464408841,
      "parent": "neck_01",
      "has_children": false,
      "is_end_bone": true
    },
    "upperarm_l": {
      "name": "upperarm_l",
      "local": {
        "location": {
          "x": 0.0,
          "y": 0.0,
          "z": 0.0
        },
        "rotation_quaternion": {
          "w": 0.9723560810089111,
          "x": 0.17146430909633636,
          "y": 0.06294907629489899,
          "z": 0.14546847343444824
        },
        "scale": {
          "x": 1.0,
          "y": 1.0,
          "z": 1.0
        },
        "matrix_basis": [
          [
            0.949752688407898,
            -0.2613072693347931,
            0.17230314016342163,
            0.0
          ],
          [
            0.3044813573360443,
            0.8988777995109558,
            -0.31513452529907227,
            0.0
          ],
          [
            -0.0725325345993042,
            0.35176295042037964,
            0.9332748055458069,
            0.0
          ],
          [
            0.0,
            0.0,
            0.0,
            1.0
          ]
        ],
        "rotation_mode": "QUATERNION"
      },
      "armature_space": {
        "head": {
          "x": 0.08838262408971786,
          "y": -0.0759713351726532,
          "z": 0.5059249997138977
        },
        "tail": {
          "x": 0.3168911337852478,
          "y": -0.1873682141304016,
          "z": 0.5906734466552734
        }
      },
      "world_space": {
        "head": {
          "x": 0.08838262408971786,
          "y": -0.012727335095405579,
          "z": 1.4557790756225586
        },
        "tail": {
          "x": 0.3168911337852478,
          "y": -0.12412421405315399,
          "z": 1.5405274629592896
        },
        "rotation_quaternion": {
          "w": 0.42058464884757996,
          "x": 0.723118782043457,
          "y": 0.33949196338653564,
          "z": -0.4300616681575775
        },
        "matrix": [
          [
            0.39958420395851135,
            0.8527409434318542,
            -0.3364006578922272,
            0.08838262408971786
          ],
          [
            0.1292325258255005,
            -0.41570740938186646,
            -0.9002702236175537,
            -0.012727335095405579
          ],
          [
            -0.907547652721405,
            0.3162616193294525,
            -0.27631470561027527,
            1.4557790756225586
          ],
          [
            0.0,
            0.0,
            0.0,
            1.0
          ]
        ]
      },
      "bone_length_armature_space": 0.26796958474176585,
      "parent": "spine_01",
      "has_children": true,
      "is_end_bone": false
    },
    "lowerarm_l": {
      "name": "lowerarm_l",
      "local": {
        "location": {
          "x": 0.0,
          "y": 0.0,
          "z": 0.0
        },
        "rotation_quaternion": {
          "w": 0.8734065294265747,
          "x": 0.4268389046192169,
          "y": -0.16190840303897858,
          "z": 0.16957338154315948
        },
        "scale": {
          "x": 1.0,
          "y": 1.0,
          "z": 1.0
        },
        "matrix_basis": [
          [
            0.89006108045578,
            -0.4344305992126465,
            -0.13806268572807312,
            0.0
          ],
          [
            0.15799538791179657,
            0.5781068205833435,
            -0.8005185127258301,
            0.0
          ],
          [
            0.4275847375392914,
            0.6906970739364624,
            0.5831884145736694,
            0.0
          ],
          [
            0.0,
            0.0,
            0.0,
            1.0
          ]
        ],
        "rotation_mode": "QUATERNION"
      },
      "armature_space": {
        "head": {
          "x": 0.3168911337852478,
          "y": -0.18736830353736877,
          "z": 0.590673565864563
        },
        "tail": {
          "x": 0.3007822334766388,
          "y": -0.42293643951416016,
          "z": 0.7164418697357178
        }
      },
      "world_space": {
        "head": {
          "x": 0.3168911337852478,
          "y": -0.12412430346012115,
          "z": 1.540527582168579
        },
        "tail": {
          "x": 0.3007822334766388,
          "y": -0.35969245433807373,
          "z": 1.6662958860397339
        },
        "rotation_quaternion": {
          "w": 0.17505091428756714,
          "x": 0.7748960852622986,
          "y": -0.1705377846956253,
          "z": -0.5829324722290039
        },
        "matrix": [
          [
            0.26221364736557007,
            -0.06021466851234436,
            -0.9631292819976807,
            0.3168911337852478
          ],
          [
            -0.4683842658996582,
            -0.8805480003356934,
            -0.0724669098854065,
            -0.12412430346012115
          ],
          [
            -0.8437243103981018,
            0.4701188802719116,
            -0.2590971291065216,
            1.540527582168579
          ],
          [
            0.0,
            0.0,
            0.0,
            1.0
          ]
        ]
      },
      "bone_length_armature_space": 0.2675247808130254,
      "parent": "upperarm_l",
      "has_children": true,
      "is_end_bone": false
    },
    "metacarpal_thumb_l": {
      "name": "metacarpal_thumb_l",
      "local": {
        "location": {
          "x": 0.0,
          "y": 0.0,
          "z": 0.0
        },
        "rotation_quaternion": {
          "w": 0.9993993639945984,
          "x": -0.027365880087018013,
          "y": -0.01326428446918726,
          "z": 0.016618158668279648
        },
        "scale": {
          "x": 1.0,
          "y": 1.0,
          "z": 1.0
        },
        "matrix_basis": [
          [
            0.9990957975387573,
            -0.03249037638306618,
            -0.02742217667400837,
            0.0
          ],
          [
            0.0339423306286335,
            0.9979498982429504,
            0.05425802990794182,
            0.0
          ],
          [
            0.025603093206882477,
            -0.05513974279165268,
            0.9981503486633301,
            0.0
          ],
          [
            0.0,
            0.0,
            0.0,
            1.0
          ]
        ],
        "rotation_mode": "QUATERNION"
      },
      "armature_space": {
        "head": {
          "x": 0.3007822334766388,
          "y": -0.42293643951416016,
          "z": 0.7164418697357178
        },
        "tail": {
          "x": 0.2707136869430542,
          "y": -0.4619869589805603,
          "z": 0.721393883228302
        }
      },
      "world_space": {
        "head": {
          "x": 0.3007822334766388,
          "y": -0.35969245433807373,
          "z": 1.6662958860397339
        },
        "tail": {
          "x": 0.2707136869430542,
          "y": -0.3987429738044739,
          "z": 1.671247959136963
        },
        "rotation_quaternion": {
          "w": 0.11327579617500305,
          "x": 0.928154468536377,
          "y": -0.3049372732639313,
          "z": 0.180862158536911
        },
        "matrix": [
          [
            0.7486041188240051,
            -0.6070327162742615,
            0.2666514217853546,
            0.3007822334766388
          ],
          [
            -0.5250831842422485,
            -0.7883632779121399,
            -0.32057908177375793,
            -0.35969245433807373
          ],
          [
            0.40482255816459656,
            0.09997255355119705,
            -0.9089213013648987,
            1.6662958860397339
          ],
          [
            0.0,
            0.0,
            0.0,
            1.0
          ]
        ]
      },
      "bone_length_armature_space": 0.049533654819607614,
      "parent": "lowerarm_l",
      "has_children": true,
      "is_end_bone": false
    },
    "thumb_01_l": {
      "name": "thumb_01_l",
      "local": {
        "location": {
          "x": 0.0,
          "y": 0.0,
          "z": 0.0
        },
        "rotation_quaternion": {
          "w": 0.9994267821311951,
          "x": -0.0304340198636055,
          "y": -0.014524421654641628,
          "z": 0.0029825030360370874
        },
        "scale": {
          "x": 1.0,
          "y": 1.0,
          "z": 1.0
        },
        "matrix_basis": [
          [
            0.9995602965354919,
            -0.005077513866126537,
            -0.02921373024582863,
            0.0
          ],
          [
            0.006845660042017698,
            0.9981297254562378,
            0.060746509581804276,
            0.0
          ],
          [
            0.028850652277469635,
            -0.06091978773474693,
            0.9977256059646606,
            0.0
          ],
          [
            0.0,
            0.0,
            0.0,
            1.0
          ]
        ],
        "rotation_mode": "QUATERNION"
      },
      "armature_space": {
        "head": {
          "x": 0.2707136869430542,
          "y": -0.4619869589805603,
          "z": 0.721393883228302
        },
        "tail": {
          "x": 0.2593616545200348,
          "y": -0.48424285650253296,
          "z": 0.6982759237289429
        }
      },
      "world_space": {
        "head": {
          "x": 0.2707136869430542,
          "y": -0.3987429738044739,
          "z": 1.671247959136963
        },
        "tail": {
          "x": 0.2593616545200348,
          "y": -0.42099887132644653,
          "z": 1.648129940032959
        },
        "rotation_quaternion": {
          "w": 0.01941608265042305,
          "x": -0.43847915530204773,
          "y": 0.41557469964027405,
          "z": -0.7966534495353699
        },
        "matrix": [
          [
            -0.6147190928459167,
            -0.3335045576095581,
            0.7147690653800964,
            0.2707136869430542
          ],
          [
            -0.3953761160373688,
            -0.6538429260253906,
            -0.6451103687286377,
            -0.3987429738044739
          ],
          [
            0.6824982166290283,
            -0.6791696548461914,
            0.2700713276863098,
            1.671247959136963
          ],
          [
            0.0,
            0.0,
            0.0,
            1.0
          ]
        ]
      },
      "bone_length_armature_space": 0.03403870807947032,
      "parent": "metacarpal_thumb_l",
      "has_children": true,
      "is_end_bone": false
    },
    "thumb_02_l": {
      "name": "thumb_02_l",
      "local": {
        "location": {
          "x": 0.0,
          "y": 0.0,
          "z": 0.0
        },
        "rotation_quaternion": {
          "w": 0.9968274235725403,
          "x": 0.07890341430902481,
          "y": -0.007311826106160879,
          "z": -0.007484135217964649
        },
        "scale": {
          "x": 1.0,
          "y": 1.0,
          "z": 1.0
        },
        "matrix_basis": [
          [
            0.99978107213974,
            0.01376692671328783,
            -0.01575830578804016,
            0.0
          ],
          [
            -0.016074638813734055,
            0.9874364733695984,
            -0.15719673037528992,
            0.0
          ],
          [
            0.01339621003717184,
            0.15741561353206635,
            0.9874415993690491,
            0.0
          ],
          [
            0.0,
            0.0,
            0.0,
            1.0
          ]
        ],
        "rotation_mode": "QUATERNION"
      },
      "armature_space": {
        "head": {
          "x": 0.2593616545200348,
          "y": -0.4842427968978882,
          "z": 0.6982759237289429
        },
        "tail": {
          "x": 0.2567468583583832,
          "y": -0.5209195613861084,
          "z": 0.7144362926483154
        }
      },
      "world_space": {
        "head": {
          "x": 0.2593616545200348,
          "y": -0.42099881172180176,
          "z": 1.648129940032959
        },
        "tail": {
          "x": 0.2567468583583832,
          "y": -0.457675576210022,
          "z": 1.6642903089523315
        },
        "rotation_quaternion": {
          "w": 0.07860149443149567,
          "x": 0.21953047811985016,
          "y": 0.1929728388786316,
          "z": 0.9530947804450989
        },
        "matrix": [
          [
            -0.8912562727928162,
            -0.06510260701179504,
            0.44880250096321106,
            0.2593616545200348
          ],
          [
            0.23455634713172913,
            -0.9131666421890259,
            0.33333197236061096,
            -0.42099881172180176
          ],
          [
            0.3881334960460663,
            0.4023556113243103,
            0.8291417956352234,
            1.648129940032959
          ],
          [
            0.0,
            0.0,
            0.0,
            1.0
          ]
        ]
      },
      "bone_length_armature_space": 0.04016440930378641,
      "parent": "thumb_01_l",
      "has_children": true,
      "is_end_bone": false
    },
    "thumb_03_l": {
      "name": "thumb_03_l",
      "local": {
        "location": {
          "x": 0.0,
          "y": 0.0,
          "z": 0.0
        },
        "rotation_quaternion": {
          "w": 0.9974493980407715,
          "x": 0.07077006250619888,
          "y": -0.009283929131925106,
          "z": -0.00040770595660433173
        },
        "scale": {
          "x": 1.0,
          "y": 1.0,
          "z": 1.0
        },
        "matrix_basis": [
          [
            0.9998272657394409,
            -0.0005007163854315877,
            -0.01857820525765419,
            0.0
          ],
          [
            -0.0021273805759847164,
            0.9899828433990479,
            -0.14117154479026794,
            0.0
          ],
          [
            0.01846279203891754,
            0.1411866843700409,
            0.9898108243942261,
            0.0
          ],
          [
            0.0,
            0.0,
            0.0,
            1.0
          ]
        ],
        "rotation_mode": "QUATERNION"
      },
      "armature_space": {
        "head": {
          "x": 0.256746768951416,
          "y": -0.5209195613861084,
          "z": 0.7144362330436707
        },
        "tail": {
          "x": 0.263203501701355,
          "y": -0.5430240631103516,
          "z": 0.7343509793281555
        }
      },
      "world_space": {
        "head": {
          "x": 0.256746768951416,
          "y": -0.457675576210022,
          "z": 1.664290189743042
        },
        "tail": {
          "x": 0.263203501701355,
          "y": -0.47978007793426514,
          "z": 1.6842050552368164
        },
        "rotation_quaternion": {
          "w": 0.08812876045703888,
          "x": -0.06784604489803314,
          "y": -0.35945573449134827,
          "z": -0.9265105724334717
        },
        "matrix": [
          [
            -0.975260317325592,
            0.21207988262176514,
            0.06236281245946884,
            0.256746768951416
          ],
          [
            -0.1145295649766922,
            -0.726049542427063,
            0.6780378222465515,
            -0.457675576210022
          ],
          [
            0.18907776474952698,
            0.6541248559951782,
            0.7323825359344482,
            1.664290189743042
          ],
          [
            0.0,
            0.0,
            0.0,
            1.0
          ]
        ]
      },
      "bone_length_armature_space": 0.0304449589502283,
      "parent": "thumb_02_l",
      "has_children": false,
      "is_end_bone": true
    },
    "metacarpal_index_l": {
      "name": "metacarpal_index_l",
      "local": {
        "location": {
          "x": 0.0,
          "y": 0.0,
          "z": 0.0
        },
        "rotation_quaternion": {
          "w": 0.9991647601127625,
          "x": -0.03883985057473183,
          "y": -0.005200602579861879,
          "z": -0.011590177193284035
        },
        "scale": {
          "x": 1.0,
          "y": 1.0,
          "z": 1.0
        },
        "matrix_basis": [
          [
            0.9996772408485413,
            0.02356497384607792,
            -0.009492196142673492,
            0.0
          ],
          [
            -0.022757012397050858,
            0.9967142939567566,
            0.07773537188768387,
            0.0
          ],
          [
            0.011292839422821999,
            -0.07749427109956741,
            0.9969288110733032,
            0.0
          ],
          [
            0.0,
            0.0,
            0.0,
            1.0
          ]
        ],
        "rotation_mode": "QUATERNION"
      },
      "armature_space": {
        "head": {
          "x": 0.3007822334766388,
          "y": -0.42293643951416016,
          "z": 0.7164418697357178
        },
        "tail": {
          "x": 0.2664942145347595,
          "y": -0.5251445770263672,
          "z": 0.7623446583747864
        }
      },
      "world_space": {
        "head": {
          "x": 0.3007822334766388,
          "y": -0.35969245433807373,
          "z": 1.6662958860397339
        },
        "tail": {
          "x": 0.2664942145347595,
          "y": -0.46190059185028076,
          "z": 1.7121987342834473
        },
        "rotation_quaternion": {
          "w": 0.1783849149942398,
          "x": 0.9573249816894531,
          "y": -0.17897501587867737,
          "z": -0.14027011394500732
        },
        "matrix": [
          [
            0.8965842723846436,
            -0.29263055324554443,
            -0.33242112398147583,
            0.3007822334766388
          ],
          [
            -0.3927187919616699,
            -0.8722935914993286,
            -0.29133498668670654,
            -0.35969245433807373
          ],
          [
            -0.20471715927124023,
            0.3917563259601593,
            -0.8970126509666443,
            1.6662958860397339
          ],
          [
            0.0,
            0.0,
            0.0,
            1.0
          ]
        ]
      },
      "bone_length_armature_space": 0.11717183137492396,
      "parent": "lowerarm_l",
      "has_children": true,
      "is_end_bone": false
    },
    "index_01_l": {
      "name": "index_01_l",
      "local": {
        "location": {
          "x": 0.0,
          "y": 0.0,
          "z": 0.0
        },
        "rotation_quaternion": {
          "w": 0.9933188557624817,
          "x": -0.11238348484039307,
          "y": 0.02408076450228691,
          "z": -0.010386851616203785
        },
        "scale": {
          "x": 1.0,
          "y": 1.0,
          "z": 1.0
        },
        "matrix_basis": [
          [
            0.9986244440078735,
            0.01522235106676817,
            0.05017437785863876,
            0.0
          ],
          [
            -0.026047471910715103,
            0.9745241403579712,
            0.2227650284767151,
            0.0
          ],
          [
            -0.045505132526159286,
            -0.2237655222415924,
            0.9735801219940186,
            0.0
          ],
          [
            0.0,
            0.0,
            0.0,
            1.0
          ]
        ],
        "rotation_mode": "QUATERNION"
      },
      "armature_space": {
        "head": {
          "x": 0.2664942145347595,
          "y": -0.5251445770263672,
          "z": 0.7623446583747864
        },
        "tail": {
          "x": 0.27115368843078613,
          "y": -0.5477201342582703,
          "z": 0.7791287899017334
        }
      },
      "world_space": {
        "head": {
          "x": 0.2664942145347595,
          "y": -0.46190059185028076,
          "z": 1.7121987342834473
        },
        "tail": {
          "x": 0.27115368843078613,
          "y": -0.48447614908218384,
          "z": 1.7289828062057495
        },
        "rotation_quaternion": {
          "w": 0.3203701078891754,
          "x": 0.9358059167861938,
          "y": 0.03873680531978607,
          "z": -0.14187955856323242
        },
        "matrix": [
          [
            0.9567393660545349,
            0.16340816020965576,
            -0.24072270095348358,
            0.2664942145347595
          ],
          [
            -0.018407316878437996,
            -0.7917248010635376,
            -0.6106007099151611,
            -0.46190059185028076
          ],
          [
            -0.29036539793014526,
            0.588620126247406,
            -0.7544720768928528,
            1.7121987342834473
          ],
          [
            0.0,
            0.0,
            0.0,
            1.0
          ]
        ]
      },
      "bone_length_armature_space": 0.028514444801058962,
      "parent": "metacarpal_index_l",
      "has_children": true,
      "is_end_bone": false
    },
    "index_02_l": {
      "name": "index_02_l",
      "local": {
        "location": {
          "x": 0.0,
          "y": 0.0,
          "z": 0.0
        },
        "rotation_quaternion": {
          "w": 0.9972321391105652,
          "x": 0.07380349189043045,
          "y": 0.008961305022239685,
          "z": 0.0008786501130089164
        },
        "scale": {
          "x": 1.0,
          "y": 1.0,
          "z": 1.0
        },
        "matrix_basis": [
          [
            0.9998378753662109,
            -0.0004296850529499352,
            0.018002698197960854,
            0.0
          ],
          [
            0.003075187560170889,
            0.9891045689582825,
            -0.1471826732158661,
            0.0
          ],
          [
            -0.0177433080971241,
            0.14721417427062988,
            0.988945484161377,
            0.0
          ],
          [
            0.0,
            0.0,
            0.0,
            1.0
          ]
        ],
        "rotation_mode": "QUATERNION"
      },
      "armature_space": {
        "head": {
          "x": 0.27115345001220703,
          "y": -0.5477206110954285,
          "z": 0.7791288495063782
        },
        "tail": {
          "x": 0.27513259649276733,
          "y": -0.5696708559989929,
          "z": 0.7917956113815308
        }
      },
      "world_space": {
        "head": {
          "x": 0.27115345001220703,
          "y": -0.48447662591934204,
          "z": 1.728982925415039
        },
        "tail": {
          "x": 0.27513259649276733,
          "y": -0.5064268708229065,
          "z": 1.7416496276855469
        },
        "rotation_quaternion": {
          "w": 0.26651787757873535,
          "x": 0.9479840397834778,
          "y": 0.03381015732884407,
          "z": -0.1707381010055542
        },
        "matrix": [
          [
            0.9394108057022095,
            0.15511244535446167,
            -0.30569154024124146,
            0.27115345001220703
          ],
          [
            -0.026906292885541916,
            -0.8556501865386963,
            -0.5168550610542297,
            -0.48447662591934204
          ],
          [
            -0.34173813462257385,
            0.49376681447029114,
            -0.7996394038200378,
            1.728982925415039
          ],
          [
            0.0,
            0.0,
            0.0,
            1.0
          ]
        ]
      },
      "bone_length_armature_space": 0.025653337133381766,
      "parent": "index_01_l",
      "has_children": true,
      "is_end_bone": false
    },
    "index_03_l": {
      "name": "index_03_l",
      "local": {
        "location": {
          "x": 0.0,
          "y": 0.0,
          "z": 0.0
        },
        "rotation_quaternion": {
          "w": 0.9993168115615845,
          "x": 0.036476120352745056,
          "y": 0.003292504232376814,
          "z": -0.004955449141561985
        },
        "scale": {
          "x": 1.0,
          "y": 1.0,
          "z": 1.0
        },
        "matrix_basis": [
          [
            0.9999291896820068,
            0.010144323110580444,
            0.006218998692929745,
            0.0
          ],
          [
            -0.009663932025432587,
            0.9972898960113525,
            -0.07293502986431122,
            0.0
          ],
          [
            -0.006942020729184151,
            0.07286977022886276,
            0.9973173141479492,
            0.0
          ],
          [
            0.0,
            0.0,
            0.0,
            1.0
          ]
        ],
        "rotation_mode": "QUATERNION"
      },
      "armature_space": {
        "head": {
          "x": 0.27513259649276733,
          "y": -0.5696707367897034,
          "z": 0.7917957305908203
        },
        "tail": {
          "x": 0.28105178475379944,
          "y": -0.5967013239860535,
          "z": 0.8011788129806519
        }
      },
      "world_space": {
        "head": {
          "x": 0.27513259649276733,
          "y": -0.5064267516136169,
          "z": 1.7416497468948364
        },
        "tail": {
          "x": 0.28105178475379944,
          "y": -0.533457338809967,
          "z": 1.751032829284668
        },
        "rotation_quaternion": {
          "w": 0.17754526436328888,
          "x": 0.9695142507553101,
          "y": 0.07694659382104874,
          "z": -0.1503298580646515
        },
        "matrix": [
          [
            0.942960262298584,
            0.20258238911628723,
            -0.2641705870628357,
            0.27513259649276733
          ],
          [
            0.09582106024026871,
            -0.9251137375831604,
            -0.367400586605072,
            -0.5064267516136169
          ],
          [
            -0.3188188672065735,
            0.3211323916912079,
            -0.8917635679244995,
            1.7416497468948364
          ],
          [
            0.0,
            0.0,
            0.0,
            1.0
          ]
        ]
      },
      "bone_length_armature_space": 0.02921868715299019,
      "parent": "index_02_l",
      "has_children": false,
      "is_end_bone": true
    },
    "metacarpal_pinky_l": {
      "name": "metacarpal_pinky_l",
      "local": {
        "location": {
          "x": 0.0,
          "y": 0.0,
          "z": 0.0
        },
        "rotation_quaternion": {
          "w": 0.9997945427894592,
          "x": 0.01657683774828911,
          "y": -0.011665957979857922,
          "z": -0.0001329283695667982
        },
        "scale": {
          "x": 1.0,
          "y": 1.0,
          "z": 1.0
        },
        "matrix_basis": [
          [
            0.9997277855873108,
            -0.00012096727004973218,
            -0.023331528529524803,
            0.0
          ],
          [
            -0.0006525714998133481,
            0.9994503855705261,
            -0.03314376249909401,
            0.0
          ],
          [
            0.023322714492678642,
            0.03314996510744095,
            0.9991782307624817,
            0.0
          ],
          [
            0.0,
            0.0,
            0.0,
            1.0
          ]
        ],
        "rotation_mode": "QUATERNION"
      },
      "armature_space": {
        "head": {
          "x": 0.3007822334766388,
          "y": -0.42293643951416016,
          "z": 0.7164418697357178
        },
        "tail": {
          "x": 0.32367298007011414,
          "y": -0.506981372833252,
          "z": 0.7735007405281067
        }
      },
      "world_space": {
        "head": {
          "x": 0.3007822334766388,
          "y": -0.35969245433807373,
          "z": 1.6662958860397339
        },
        "tail": {
          "x": 0.32367298007011414,
          "y": -0.4437373876571655,
          "z": 1.7233548164367676
        },
        "rotation_quaternion": {
          "w": 0.1781163066625595,
          "x": 0.21605505049228668,
          "y": -0.25440096855163574,
          "z": -0.9256753921508789
        },
        "matrix": [
          [
            -0.8431894183158875,
            0.2198268473148346,
            -0.49061957001686096,
            0.3007822334766388
          ],
          [
            -0.4396853446960449,
            -0.8071094155311584,
            0.3940192461013794,
            -0.35969245433807373
          ],
          [
            -0.30937013030052185,
            0.5479542016983032,
            0.7772065997123718,
            1.6662958860397339
          ],
          [
            0.0,
            0.0,
            0.0,
            1.0
          ]
        ]
      },
      "bone_length_armature_space": 0.1041309359980479,
      "parent": "lowerarm_l",
      "has_children": true,
      "is_end_bone": false
    },
    "pinky_01_l": {
      "name": "pinky_01_l",
      "local": {
        "location": {
          "x": 0.0,
          "y": 0.0,
          "z": 0.0
        },
        "rotation_quaternion": {
          "w": 0.9628977179527283,
          "x": 0.2689831852912903,
          "y": -0.019739361479878426,
          "z": 0.009295562282204628
        },
        "scale": {
          "x": 1.0,
          "y": 1.0,
          "z": 1.0
        },
        "matrix_basis": [
          [
            0.9990478754043579,
            -0.02852046489715576,
            -0.033013273030519485,
            0.0
          ],
          [
            0.00728223891928792,
            0.8551232814788818,
            -0.5183735489845276,
            0.0
          ],
          [
            0.04301467165350914,
            0.5176396369934082,
            0.8545168042182922,
            0.0
          ],
          [
            0.0,
            0.0,
            0.0,
            1.0
          ]
        ],
        "rotation_mode": "QUATERNION"
      },
      "armature_space": {
        "head": {
          "x": 0.32367298007011414,
          "y": -0.506981372833252,
          "z": 0.7735007405281067
        },
        "tail": {
