{
  "metadata": {
    "armature_name": "KIM_caucasian_male",
    "export_time": "2026-01-13T20:55:35.968795",
    "blender_version": "4.4.1",
    "bone_count": 56,
    "end_bone_count": 13,
    "spaces_included": [
      "LOCAL_CHANNELS",
      "ARMATURE_SPACE",
      "WORLD_SPACE"
    ],
    "note": "LOCAL matches Transform panel; replay pose via local.matrix_basis for best fidelity."
  },
  "bones": {
    "Root": {
      "name": "Root",
      "local": {
        "location": {
          "x": 0.0,
          "y": 0.0,
          "z": 0.0
        },
        "rotation_quaternion": {
          "w": 0.9997820854187012,
          "x": -0.017085000872612,
          "y": 0.007427525706589222,
          "z": -0.009421853348612785
        },
        "scale": {
          "x": 1.0,
          "y": 1.0,
          "z": 1.0
        },
        "matrix_basis": [
          [
            0.9997121095657349,
            0.018585801124572754,
            0.015173759311437607,
            0.0
          ],
          [
            -0.019093399867415428,
            0.9992386698722839,
            0.03402259200811386,
            0.0
          ],
          [
            -0.014529869891703129,
            -0.034302517771720886,
            0.9993058443069458,
            0.0
          ],
          [
            0.0,
            0.0,
            0.0,
            1.0
          ]
        ],
        "rotation_mode": "QUATERNION"
      },
      "armature_space": {
        "head": {
          "x": 0.0,
          "y": 0.07072800397872925,
          "z": -0.009595036506652832
        },
        "tail": {
          "x": 0.0013265777379274368,
          "y": 0.00038298219442367554,
          "z": 0.0024188607931137085
        }
      },
      "world_space": {
        "head": {
          "x": 0.0,
          "y": 0.13397200405597687,
          "z": 0.9402589797973633
        },
        "tail": {
          "x": 0.0013265777379274368,
          "y": 0.0636269822716713,
          "z": 0.952272891998291
        },
        "rotation_quaternion": {
          "w": 0.08439916372299194,
          "x": 0.9963598251342773,
          "y": 0.009900826029479504,
          "z": 0.006775922141969204
        },
        "matrix": [
          [
            0.9997121095657349,
            0.018585801124572754,
            0.015173759311437607,
            0.0
          ],
          [
            0.020873337984085083,
            -0.985557496547699,
            -0.168050155043602,
            0.13397200405597687
          ],
          [
            0.011831367388367653,
            0.1683187484741211,
            -0.9856687188148499,
            0.9402589797973633
          ],
          [
            0.0,
            0.0,
            0.0,
            1.0
          ]
        ]
      },
      "bone_length_armature_space": 0.07137587719511027,
      "parent": null,
      "has_children": true,
      "is_end_bone": false
    },
    "spine_01": {
      "name": "spine_01",
      "local": {
        "location": {
          "x": 0.0,
          "y": 0.0,
          "z": 0.0
        },
        "rotation_quaternion": {
          "w": 0.9949607849121094,
          "x": 0.07665235549211502,
          "y": 0.04027587175369263,
          "z": 0.05055013298988342
        },
        "scale": {
          "x": 1.0,
          "y": 1.0,
          "z": 1.0
        },
        "matrix_basis": [
          [
            0.991645097732544,
            -0.09441632032394409,
            0.08789540082216263,
            0.0
          ],
          [
            0.1067652776837349,
            0.9831382036209106,
            -0.1484602689743042,
            0.0
          ],
          [
            -0.07239625602960587,
            0.1566040813922882,
            0.9850045442581177,
            0.0
          ],
          [
            0.0,
            0.0,
            0.0,
            1.0
          ]
        ],
        "rotation_mode": "QUATERNION"
      },
      "armature_space": {
        "head": {
          "x": 0.0013265777379274368,
          "y": 0.00038298219442367554,
          "z": 0.0024188607931137085
        },
        "tail": {
          "x": -0.04968586564064026,
          "y": -0.03801802173256874,
          "z": 0.4862282872200012
        }
      },
      "world_space": {
        "head": {
          "x": 0.0013265777379274368,
          "y": 0.0636269822716713,
          "z": 0.952272891998291
        },
        "tail": {
          "x": -0.04968586564064026,
          "y": 0.02522597834467888,
          "z": 1.436082363128662
        },
        "rotation_quaternion": {
          "w": 0.6787146329879761,
          "x": 0.7304712533950806,
          "y": -0.001051883795298636,
          "z": 0.07587628066539764
        },
        "matrix": [
          [
            0.9884834289550781,
            -0.10453343391418457,
            0.10942226648330688,
            0.0013265777379274368
          ],
          [
            0.10145924240350723,
            -0.07869038730859756,
            -0.9917227625846863,
            0.0636269822716713
          ],
          [
            0.11227953433990479,
            0.9914102554321289,
            -0.0671796053647995,
            0.952272891998291
          ],
          [
            0.0,
            0.0,
            0.0,
            1.0
          ]
        ]
      },
      "bone_length_armature_space": 0.48800456862668096,
      "parent": "Root",
      "has_children": true,
      "is_end_bone": false
    },
    "neck_01": {
      "name": "neck_01",
      "local": {
        "location": {
          "x": 0.0,
          "y": 0.0,
          "z": 0.0
        },
        "rotation_quaternion": {
          "w": 0.9853994250297546,
          "x": -0.14378254115581512,
          "y": 0.029045982286334038,
          "z": 0.08643501996994019
        },
        "scale": {
          "x": 1.0,
          "y": 1.0,
          "z": 1.0
        },
        "matrix_basis": [
          [
            0.9833706617355347,
            -0.17869864404201508,
            0.03238809481263161,
            0.0
          ],
          [
            0.16199342906475067,
            0.9437111616134644,
            0.288387656211853,
            0.0
          ],
          [
            -0.08209948241710663,
            -0.2783452868461609,
            0.9569658041000366,
            0.0
          ],
          [
            0.0,
            0.0,
            0.0,
            1.0
          ]
        ],
        "rotation_mode": "QUATERNION"
      },
      "armature_space": {
        "head": {
          "x": -0.05354483053088188,
          "y": -0.07817299664020538,
          "z": 0.556488037109375
        },
        "tail": {
          "x": -0.08096474409103394,
          "y": -0.09816703200340271,
          "z": 0.6532306671142578
        }
      },
      "world_space": {
        "head": {
          "x": -0.05354483053088188,
          "y": -0.014928996562957764,
          "z": 1.5063420534133911
        },
        "tail": {
          "x": -0.08096474409103394,
          "y": -0.03492303192615509,
          "z": 1.603084683418274
        },
        "rotation_quaternion": {
          "w": 0.6319707036018372,
          "x": 0.7593262791633606,
          "y": -0.05569132789969444,
          "z": 0.14469009637832642
        },
        "matrix": [
          [
            0.9519268274307251,
            -0.2674556374549866,
            0.1493418961763382,
            -0.05354483053088188
          ],
          [
            0.098302461206913,
            -0.19502314925193787,
            -0.9758601784706116,
            -0.014928996562957764
          ],
          [
            0.2901265025138855,
            0.9436342716217041,
            -0.15935823321342468,
            1.5063420534133911
          ],
          [
            0.0,
            0.0,
            0.0,
            1.0
          ]
        ]
      },
      "bone_length_armature_space": 0.10252194559758575,
      "parent": "spine_01",
      "has_children": true,
      "is_end_bone": false
    },
    "head": {
      "name": "head",
      "local": {
        "location": {
          "x": 0.0,
          "y": 0.0,
          "z": 0.0
        },
        "rotation_quaternion": {
          "w": 0.9703003168106079,
          "x": -0.05545777454972267,
          "y": 0.09473778307437897,
          "z": -0.21556122601032257
        },
        "scale": {
          "x": 1.0,
          "y": 1.0,
          "z": 1.0
        },
        "matrix_basis": [
          [
            0.8891162276268005,
            0.40781036019325256,
            0.20775729417800903,
            0.0
          ],
          [
            -0.42882615327835083,
            0.9009155631065369,
            0.06677781045436859,
            0.0
          ],
          [
            -0.15993911027908325,
            -0.14846497774124146,
            0.9758983850479126,
            0.0
          ],
          [
            0.0,
            0.0,
            0.0,
            1.0
          ]
        ],
        "rotation_mode": "QUATERNION"
      },
      "armature_space": {
        "head": {
          "x": -0.08096469938755035,
          "y": -0.09816716611385345,
          "z": 0.653230607509613
        },
        "tail": {
          "x": -0.06414550542831421,
          "y": -0.04567412659525871,
          "z": 0.7981957197189331
        }
      },
      "world_space": {
        "head": {
          "x": -0.08096469938755035,
          "y": -0.034923166036605835,
          "z": 1.6030845642089844
        },
        "tail": {
          "x": -0.06414550542831421,
          "y": 0.017569873481988907,
          "z": 1.7480497360229492
        },
        "rotation_quaternion": {
          "w": 0.8091550469398499,
          "x": 0.574824333190918,
          "y": 0.12042293697595596,
          "z": 0.018535491079092026
        },
        "matrix": [
          [
            0.970309853553772,
            0.10844782739877701,
            0.21619027853012085,
            -0.08096469938755035
          ],
          [
            0.16843952238559723,
            0.3384677767753601,
            -0.9257798194885254,
            -0.034923166036605835
          ],
          [
            -0.17357322573661804,
            0.9347148537635803,
            0.31015291810035706,
            1.6030845642089844
          ],
          [
            0.0,
            0.0,
            0.0,
            1.0
          ]
        ]
      },
      "bone_length_armature_space": 0.1550912267785983,
      "parent": "neck_01",
      "has_children": false,
      "is_end_bone": true
    },
    "upperarm_l": {
      "name": "upperarm_l",
      "local": {
        "location": {
          "x": 0.0,
          "y": 0.0,
          "z": 0.0
        },
        "rotation_quaternion": {
          "w": 0.815446674823761,
          "x": -0.27682796120643616,
          "y": 0.5061230659484863,
          "z": -0.04746091738343239
        },
        "scale": {
          "x": 1.0,
          "y": 1.0,
          "z": 1.0
        },
        "matrix_basis": [
          [
            0.48317381739616394,
            -0.20281434059143066,
            0.85170978307724,
            0.0
          ],
          [
            -0.3576217293739319,
            0.8422274589538574,
            0.40343475341796875,
            0.0
          ],
          [
            -0.7991557121276855,
            -0.499519020318985,
            0.3344114422798157,
            0.0
          ],
          [
            0.0,
            0.0,
            0.0,
            1.0
          ]
        ],
        "rotation_mode": "QUATERNION"
      },
      "armature_space": {
        "head": {
          "x": 0.10210210084915161,
          "y": -0.060828231275081635,
          "z": 0.5064852237701416
        },
        "tail": {
          "x": 0.3001269996166229,
          "y": 0.09758395701646805,
          "z": 0.5930846929550171
        }
      },
      "world_space": {
        "head": {
          "x": 0.10210210084915161,
          "y": 0.002415768802165985,
          "z": 1.4563392400741577
        },
        "tail": {
          "x": 0.3001269996166229,
          "y": 0.16082796454429626,
          "z": 1.5429387092590332
        },
        "rotation_quaternion": {
          "w": 0.2831428647041321,
          "x": 0.45033082365989685,
          "y": 0.8458187580108643,
          "z": 0.04028752073645592
        },
        "matrix": [
          [
            -0.4340636134147644,
            0.738983154296875,
            0.5152598023414612,
            0.10210210084915161
          ],
          [
            0.7846107482910156,
            0.5911576747894287,
            -0.18686622381210327,
            0.002415768802165985
          ],
          [
            -0.44269317388534546,
            0.3231692314147949,
            -0.8364201784133911,
            1.4563392400741577
          ],
          [
            0.0,
            0.0,
            0.0,
            1.0
          ]
        ]
      },
      "bone_length_armature_space": 0.26796968466175886,
      "parent": "spine_01",
      "has_children": true,
      "is_end_bone": false
    },
    "lowerarm_l": {
      "name": "lowerarm_l",
      "local": {
        "location": {
          "x": 0.0,
          "y": 0.0,
          "z": 0.0
        },
        "rotation_quaternion": {
          "w": 0.9219434261322021,
          "x": 0.23657386004924774,
          "y": -0.03449048846960068,
          "z": 0.3047354817390442
        },
        "scale": {
          "x": 1.0,
          "y": 1.0,
          "z": 1.0
        },
        "matrix_basis": [
          [
            0.8118934035301208,
            -0.5782168507575989,
            0.08058834075927734,
            0.0
          ],
          [
            0.54557865858078,
            0.7023382186889648,
            -0.4572363793849945,
            0.0
          ],
          [
            0.20778146386146545,
            0.41519448161125183,
            0.885686457157135,
            0.0
          ],
          [
            0.0,
            0.0,
            0.0,
            1.0
          ]
        ],
        "rotation_mode": "QUATERNION"
      },
      "armature_space": {
        "head": {
          "x": 0.30012714862823486,
          "y": 0.09758390486240387,
          "z": 0.5930846929550171
        },
        "tail": {
          "x": 0.5559802651405334,
          "y": 0.03194613754749298,
          "z": 0.6355139017105103
        }
      },
      "world_space": {
        "head": {
          "x": 0.30012714862823486,
          "y": 0.1608279049396515,
          "z": 1.5429387092590332
        },
        "tail": {
          "x": 0.5559802651405334,
          "y": 0.0951901376247406,
          "z": 1.5853679180145264
        },
        "rotation_quaternion": {
          "w": 0.20969031751155853,
          "x": 0.7757735848426819,
          "y": 0.5773674249649048,
          "z": -0.14440307021141052
        },
        "matrix": [
          [
            0.29158860445022583,
            0.9563727378845215,
            0.01809072494506836,
            0.30012714862823486
          ],
          [
            0.8352532982826233,
            -0.2453523725271225,
            -0.4920920133590698,
            0.1608279049396515
          ],
          [
            -0.46618741750717163,
            0.15859943628311157,
            -0.8703619241714478,
            1.5429387092590332
          ],
          [
            0.0,
            0.0,
            0.0,
            1.0
          ]
        ]
      },
      "bone_length_armature_space": 0.26752452265592014,
      "parent": "upperarm_l",
      "has_children": true,
      "is_end_bone": false
    },
    "metacarpal_thumb_l": {
      "name": "metacarpal_thumb_l",
      "local": {
        "location": {
          "x": 0.0,
          "y": 0.0,
          "z": 0.0
        },
        "rotation_quaternion": {
          "w": 0.9995167255401611,
          "x": -0.030827462673187256,
          "y": -0.001462905085645616,
          "z": -0.003730468451976776
        },
        "scale": {
          "x": 1.0,
          "y": 1.0,
          "z": 1.0
        },
        "matrix_basis": [
          [
            0.9999678730964661,
            0.007547526620328426,
            -0.002694394439458847,
            0.0
          ],
          [
            -0.0073671359568834305,
            0.9980714917182922,
            0.06163604557514191,
            0.0
          ],
          [
            0.0031543979421257973,
            -0.06161421537399292,
            0.9980950355529785,
            0.0
          ],
          [
            0.0,
            0.0,
            0.0,
            1.0
          ]
        ],
        "rotation_mode": "QUATERNION"
      },
      "armature_space": {
        "head": {
          "x": 0.5559802651405334,
          "y": 0.03194613754749298,
          "z": 0.6355139017105103
        },
        "tail": {
          "x": 0.5962861776351929,
          "y": 0.013013850897550583,
          "z": 0.6138207316398621
        }
      },
      "world_space": {
        "head": {
          "x": 0.5559802651405334,
          "y": 0.0951901376247406,
          "z": 1.5853679180145264
        },
        "tail": {
          "x": 0.5962861776351929,
          "y": 0.0762578547000885,
          "z": 1.5636746883392334
        },
        "rotation_quaternion": {
          "w": 0.42025628685951233,
          "x": -0.7769579291343689,
          "y": -0.3637024760246277,
          "z": -0.2957054674625397
        },
        "matrix": [
          [
            0.5605572462081909,
            0.8137074112892151,
            0.15380364656448364,
            0.5559802651405334
          ],
          [
            0.31662115454673767,
            -0.38221046328544617,
            0.8681397438049316,
            0.0951901376247406
          ],
          [
            0.7652027010917664,
            -0.43794798851013184,
            -0.47189050912857056,
            1.5853679180145264
          ],
          [
            0.0,
            0.0,
            0.0,
            1.0
          ]
        ]
      },
      "bone_length_armature_space": 0.0495337433753389,
      "parent": "lowerarm_l",
      "has_children": true,
      "is_end_bone": false
    },
    "thumb_01_l": {
      "name": "thumb_01_l",
      "local": {
        "location": {
          "x": 0.0,
          "y": 0.0,
          "z": 0.0
        },
        "rotation_quaternion": {
          "w": 0.9996864795684814,
          "x": 0.015405092388391495,
          "y": 0.0013110811123624444,
          "z": -0.019693415611982346
        },
        "scale": {
          "x": 1.0,
          "y": 1.0,
          "z": 1.0
        },
        "matrix_basis": [
          [
            0.9992209076881409,
            0.03941487893462181,
            0.0020145822782069445,
            0.0
          ],
          [
            -0.03933408856391907,
            0.9987497329711914,
            -0.030852165073156357,
            0.0
          ],
          [
            -0.0032280979212373495,
            0.0307488851249218,
            0.9995219111442566,
            0.0
          ],
          [
            0.0,
            0.0,
            0.0,
            1.0
          ]
        ],
        "rotation_mode": "QUATERNION"
      },
      "armature_space": {
        "head": {
          "x": 0.5962861776351929,
          "y": 0.013013850897550583,
          "z": 0.6138207316398621
        },
        "tail": {
          "x": 0.6174588203430176,
          "y": 0.024228006601333618,
          "z": 0.589642345905304
        }
      },
      "world_space": {
        "head": {
          "x": 0.5962861776351929,
          "y": 0.0762578547000885,
          "z": 1.5636746883392334
        },
        "tail": {
          "x": 0.6174588203430176,
          "y": 0.08747200667858124,
          "z": 1.5394964218139648
        },
        "rotation_quaternion": {
          "w": 0.7922506332397461,
          "x": -0.3332156240940094,
          "y": 0.1925266683101654,
          "z": -0.4735395908355713
        },
        "matrix": [
          [
            0.47738558053970337,
            0.6220188736915588,
            0.6206411719322205,
            0.5962861776351929
          ],
          [
            -0.878631055355072,
            0.32945430278778076,
            0.34564095735549927,
            0.0762578547000885
          ],
          [
            0.01052170805633068,
            -0.7103235125541687,
            0.7038069367408752,
            1.5636746883392334
          ],
          [
            0.0,
            0.0,
            0.0,
            1.0
          ]
        ]
      },
      "bone_length_armature_space": 0.03403868991025659,
      "parent": "metacarpal_thumb_l",
      "has_children": true,
      "is_end_bone": false
    },
    "thumb_02_l": {
      "name": "thumb_02_l",
      "local": {
        "location": {
          "x": 0.0,
          "y": 0.0,
          "z": 0.0
        },
        "rotation_quaternion": {
          "w": 0.9950755834579468,
          "x": 0.0984090119600296,
          "y": 0.004321089945733547,
          "z": 0.011027711443603039
        },
        "scale": {
          "x": 1.0,
          "y": 1.0,
          "z": 1.0
        },
        "matrix_basis": [
          [
            0.9997194409370422,
            -0.02109634503722191,
            0.010770075023174286,
            0.0
          ],
          [
            0.02279728092253208,
            0.9803881049156189,
            -0.19575349986553192,
            0.0
          ],
          [
            -0.0064291697926819324,
            0.19594411551952362,
            0.9805939793586731,
            0.0
          ],
          [
            0.0,
            0.0,
            0.0,
            1.0
          ]
        ],
        "rotation_mode": "QUATERNION"
      },
      "armature_space": {
        "head": {
          "x": 0.6174587607383728,
          "y": 0.024228017777204514,
          "z": 0.5896422863006592
        },
        "tail": {
          "x": 0.654964029788971,
          "y": 0.01473029050976038,
          "z": 0.6004278659820557
        }
      },
      "world_space": {
        "head": {
          "x": 0.6174587607383728,
          "y": 0.08747202157974243,
          "z": 1.5394963026046753
        },
        "tail": {
          "x": 0.654964029788971,
          "y": 0.07797428965568542,
          "z": 1.5502818822860718
        },
        "rotation_quaternion": {
          "w": 0.6173243522644043,
          "x": 0.24887341260910034,
          "y": 0.025966638699173927,
          "z": -0.7458541393280029
        },
        "matrix": [
          [
            -0.11394429951906204,
            0.9337934255599976,
            -0.33918464183807373,
            0.6174587607383728
          ],
          [
            -0.9079430103302002,
            -0.2364712655544281,
            -0.346007376909256,
            0.08747202157974243
          ],
          [
            -0.4033104181289673,
            0.26853635907173157,
            0.8747818470001221,
            1.5394963026046753
          ],
          [
            0.0,
            0.0,
            0.0,
            1.0
          ]
        ]
      },
      "bone_length_armature_space": 0.04016442107881768,
      "parent": "thumb_01_l",
      "has_children": true,
      "is_end_bone": false
    },
    "thumb_03_l": {
      "name": "thumb_03_l",
      "local": {
        "location": {
          "x": 0.0,
          "y": 0.0,
          "z": 0.0
        },
        "rotation_quaternion": {
          "w": 0.9938869476318359,
          "x": 0.11024975776672363,
          "y": 0.0046897269785404205,
          "z": 0.0034561525098979473
        },
        "scale": {
          "x": 1.0,
          "y": 1.0,
          "z": 1.0
        },
        "matrix_basis": [
          [
            0.9999321103096008,
            -0.0058359671384096146,
            0.010084196925163269,
            0.0
          ],
          [
            0.007904131896793842,
            0.9756661057472229,
            -0.21911917626857758,
            0.0
          ],
          [
            -0.00856003724038601,
            0.219184011220932,
            0.9756460189819336,
            0.0
          ],
          [
            0.0,
            0.0,
            0.0,
            1.0
          ]
        ],
        "rotation_mode": "QUATERNION"
      },
      "armature_space": {
        "head": {
          "x": 0.6549639701843262,
          "y": 0.014730272814631462,
          "z": 0.6004278063774109
        },
        "tail": {
          "x": 0.6755332946777344,
          "y": 0.005643761716783047,
          "z": 0.6209518313407898
        }
      },
      "world_space": {
        "head": {
          "x": 0.6549639701843262,
          "y": 0.07797427475452423,
          "z": 1.5502817630767822
        },
        "tail": {
          "x": 0.6755332946777344,
          "y": 0.06888776272535324,
          "z": 1.5708057880401611
        },
        "rotation_quaternion": {
          "w": 0.5907782316207886,
          "x": 0.5274093747138977,
          "y": -0.041835717856884,
          "z": -0.6091552972793579
        },
        "matrix": [
          [
            0.25436151027679443,
            0.6756247878074646,
            -0.6919762492179871,
            0.6549639701843262
          ],
          [
            -0.76388019323349,
            -0.2984577417373657,
            -0.5721977353096008,
            0.07797427475452423
          ],
          [
            -0.5931214094161987,
            0.6741366386413574,
            0.44018322229385376,
            1.5502817630767822
          ],
          [
            0.0,
            0.0,
            0.0,
            1.0
          ]
        ]
      },
      "bone_length_armature_space": 0.03044498966007696,
      "parent": "thumb_02_l",
      "has_children": false,
      "is_end_bone": true
    },
    "metacarpal_index_l": {
      "name": "metacarpal_index_l",
      "local": {
        "location": {
          "x": 0.0,
          "y": 0.0,
          "z": 0.0
        },
        "rotation_quaternion": {
          "w": 0.9979523420333862,
          "x": -0.06288949400186539,
          "y": -0.009946126490831375,
          "z": -0.0060918619856238365
        },
        "scale": {
          "x": 1.0,
          "y": 1.0,
          "z": 1.0
        },
        "matrix_basis": [
          [
            0.9997279047966003,
            0.013409789651632309,
            -0.019085291773080826,
            0.0
          ],
          [
            -0.010907761752605438,
            0.9920156002044678,
            0.12564261257648468,
            0.0
          ],
          [
            0.02061774954199791,
            -0.12540026009082794,
            0.9918919801712036,
            0.0
          ],
          [
            0.0,
            0.0,
            0.0,
            1.0
          ]
        ],
        "rotation_mode": "QUATERNION"
      },
      "armature_space": {
        "head": {
          "x": 0.5559802651405334,
          "y": 0.03194613754749298,
          "z": 0.6355139017105103
        },
        "tail": {
          "x": 0.6640658974647522,
          "y": -0.013232741504907608,
          "z": 0.6331505179405212
        }
      },
      "world_space": {
        "head": {
          "x": 0.5559802651405334,
          "y": 0.0951901376247406,
          "z": 1.5853679180145264
        },
        "tail": {
          "x": 0.6640658974647522,
          "y": 0.05001125857234001,
          "z": 1.5830044746398926
        },
        "rotation_quaternion": {
          "w": 0.1291530579328537,
          "x": -0.8134738802909851,
          "y": -0.5390083193778992,
          "z": -0.17620952427387238
        },
        "matrix": [
          [
            0.3568401336669922,
            0.922454833984375,
            0.14745283126831055,
            0.5559802651405334
          ],
          [
            0.8314228653907776,
            -0.38557830452919006,
            0.4000822901725769,
            0.0951901376247406
          ],
          [
            0.42591598629951477,
            -0.020170442759990692,
            -0.9045458436012268,
            1.5853679180145264
          ],
          [
            0.0,
            0.0,
            0.0,
            1.0
          ]
        ]
      },
      "bone_length_armature_space": 0.11717175625951165,
      "parent": "lowerarm_l",
      "has_children": true,
      "is_end_bone": false
    },
    "index_01_l": {
      "name": "index_01_l",
      "local": {
        "location": {
          "x": 0.0,
          "y": 0.0,
          "z": 0.0
        },
        "rotation_quaternion": {
          "w": 0.9969671964645386,
          "x": -0.07750026881694794,
          "y": 0.0067551760002970695,
          "z": 0.0021230357233434916
        },
        "scale": {
          "x": 1.0,
          "y": 1.0,
          "z": 1.0
        },
        "matrix_basis": [
          [
            0.9998997449874878,
            -0.005280249752104282,
            0.013140305876731873,
            0.0
          ],
          [
            0.0031861381139606237,
            0.9879783987998962,
            0.15455913543701172,
            0.0
          ],
          [
            -0.01379844918847084,
            -0.1545017659664154,
            0.9878961443901062,
            0.0
          ],
          [
            0.0,
            0.0,
            0.0,
            1.0
          ]
        ],
        "rotation_mode": "QUATERNION"
      },
      "armature_space": {
        "head": {
          "x": 0.6640658974647522,
          "y": -0.013232741504907608,
          "z": 0.6331505179405212
        },
        "tail": {
          "x": 0.6898993849754333,
          "y": -0.018655721098184586,
          "z": 0.643934428691864
        }
      },
      "world_space": {
        "head": {
          "x": 0.6640658974647522,
          "y": 0.05001125857234001,
          "z": 1.5830044746398926
        },
        "tail": {
          "x": 0.6898993849754333,
          "y": 0.044588278979063034,
          "z": 1.5937883853912354
        },
        "rotation_quaternion": {
          "w": 0.00214337813667953,
          "x": -0.7108824253082275,
          "y": -0.6363194584846497,
          "z": -0.29956522583961487
        },
        "matrix": [
          [
            0.010714841075241566,
            0.9059819579124451,
            0.4231809377670288,
            0.6640658974647522
          ],
          [
            0.9034122228622437,
            -0.190184086561203,
            0.38428759574890137,
            0.05001125857234001
          ],
          [
            0.4286435842514038,
            0.3781914710998535,
            -0.8205183148384094,
            1.5830044746398926
          ],
          [
            0.0,
            0.0,
            0.0,
            1.0
          ]
        ]
      },
      "bone_length_armature_space": 0.0285143908968883,
      "parent": "metacarpal_index_l",
      "has_children": true,
      "is_end_bone": false
    },
    "index_02_l": {
      "name": "index_02_l",
      "local": {
        "location": {
          "x": 0.0,
          "y": 0.0,
          "z": 0.0
        },
        "rotation_quaternion": {
          "w": 0.9882309436798096,
          "x": 0.15280331671237946,
          "y": 0.0031325356103479862,
          "z": 0.006393677555024624
        },
        "scale": {
          "x": 1.0,
          "y": 1.0,
          "z": 1.0
        },
        "matrix_basis": [
          [
            0.9998986124992371,
            -0.011679536662995815,
            0.0081452876329422,
            0.0
          ],
          [
            0.013594184070825577,
            0.953220546245575,
            -0.30196988582611084,
            0.0
          ],
          [
            -0.004237386863678694,
            0.30204999446868896,
            0.9532826542854309,
            0.0
          ],
          [
            0.0,
            0.0,
            0.0,
            1.0
          ]
        ],
        "rotation_mode": "QUATERNION"
      },
      "armature_space": {
        "head": {
          "x": 0.6898998618125916,
          "y": -0.018655885010957718,
          "z": 0.6439341902732849
        },
        "tail": {
          "x": 0.7151978015899658,
          "y": -0.020756922662258148,
          "z": 0.6476343274116516
        }
      },
      "world_space": {
        "head": {
          "x": 0.6898998618125916,
          "y": 0.0445881150662899,
          "z": 1.5937881469726562
        },
        "tail": {
          "x": 0.7151978015899658,
          "y": 0.04248707741498947,
          "z": 1.5974884033203125
        },
        "rotation_quaternion": {
          "w": 0.07704045623540878,
          "x": -0.7109271287918091,
          "y": -0.6731370091438293,
          "z": -0.1885046362876892
        },
        "matrix": [
          [
            0.022704366594552994,
            0.9861481189727783,
            0.16430607438087463,
            0.6898998618125916
          ],
          [
            0.9280579090118408,
            -0.08190134167671204,
            0.3633198142051697,
            0.0445881150662899
          ],
          [
            0.3717474043369293,
            0.144237220287323,
            -0.9170681238174438,
            1.5937881469726562
          ],
          [
            0.0,
            0.0,
            0.0,
            1.0
          ]
        ]
      },
      "bone_length_armature_space": 0.025653287418984972,
      "parent": "index_01_l",
      "has_children": true,
      "is_end_bone": false
    },
    "index_03_l": {
      "name": "index_03_l",
      "local": {
        "location": {
          "x": 0.0,
          "y": 0.0,
          "z": 0.0
        },
        "rotation_quaternion": {
          "w": 0.9729359149932861,
          "x": 0.23094961047172546,
          "y": -0.007058670278638601,
          "z": 0.0028928457759320736
        },
        "scale": {
          "x": 1.0,
          "y": 1.0,
          "z": 1.0
        },
        "matrix_basis": [
          [
            0.9998835921287537,
            -0.008889500983059406,
            -0.012399064376950264,
            0.0
          ],
          [
            0.0023687127977609634,
            0.8933078050613403,
            -0.4494391679763794,
            0.0
          ],
          [
            0.015071471221745014,
            0.4493575096130371,
            0.8932248950004578,
            0.0
          ],
          [
            0.0,
            0.0,
            0.0,
            1.0
          ]
        ],
        "rotation_mode": "QUATERNION"
      },
      "armature_space": {
        "head": {
          "x": 0.7151978015899658,
          "y": -0.020756997168064117,
          "z": 0.6476344466209412
        },
        "tail": {
          "x": 0.742123007774353,
          "y": -0.014421775937080383,
          "z": 0.638219952583313
        }
      },
      "world_space": {
        "head": {
          "x": 0.7151978015899658,
          "y": 0.0424870029091835,
          "z": 1.5974884033203125
        },
        "tail": {
          "x": 0.742123007774353,
          "y": 0.048822224140167236,
          "z": 1.588073968887329
        },
        "rotation_quaternion": {
          "w": 0.2717844247817993,
          "x": -0.6256510019302368,
          "y": -0.73112553358078,
          "z": -0.012226155959069729
        },
        "matrix": [
          [
            -0.06938695907592773,
            0.9215058088302612,
            -0.38211601972579956,
            0.7151978015899658
          ],
          [
            0.9082130789756775,
            0.2168208807706833,
            0.3579639494419098,
            0.0424870029091835
          ],
          [
            0.4127202332019806,
            -0.3222070634365082,
            -0.8519735932350159,
            1.5974884033203125
          ],
          [
            0.0,
            0.0,
            0.0,
            1.0
          ]
        ]
      },
      "bone_length_armature_space": 0.029218735088774726,
      "parent": "index_02_l",
      "has_children": false,
      "is_end_bone": true
    },
    "metacarpal_pinky_l": {
      "name": "metacarpal_pinky_l",
      "local": {
        "location": {
          "x": 0.0,
          "y": 0.0,
          "z": 0.0
        },
        "rotation_quaternion": {
          "w": 0.9997445344924927,
          "x": 0.009105038829147816,
          "y": -0.010724998079240322,
          "z": -0.01768926903605461
        },
        "scale": {
          "x": 1.0,
          "y": 1.0,
          "z": 1.0
        },
        "matrix_basis": [
          [
            0.9991441369056702,
            0.03517419844865799,
            -0.02176664024591446,
            0.0
          ],
          [
            -0.03556480258703232,
            0.999208390712738,
            -0.017825990915298462,
            0.0
          ],
          [
            0.021122394129633904,
            0.018584860488772392,
            0.9996041655540466,
            0.0
          ],
          [
            0.0,
            0.0,
            0.0,
            1.0
          ]
        ],
        "rotation_mode": "QUATERNION"
      },
      "armature_space": {
        "head": {
          "x": 0.5559802651405334,
          "y": 0.03194613754749298,
          "z": 0.6355139017105103
        },
        "tail": {
          "x": 0.6513710021972656,
          "y": 0.020700402557849884,
          "z": 0.6757305264472961
        }
      },
      "world_space": {
        "head": {
          "x": 0.5559802651405334,
          "y": 0.0951901376247406,
          "z": 1.5853679180145264
        },
        "tail": {
          "x": 0.6513710021972656,
          "y": 0.0839444026350975,
          "z": 1.625584602355957
        },
        "rotation_quaternion": {
          "w": 0.6086650490760803,
          "x": 0.5457724332809448,
          "y": 0.2748250961303711,
          "z": -0.5060935020446777
        },
        "matrix": [
          [
            0.33667996525764465,
            0.9160669445991516,
            -0.2178715616464615,
            0.5559802651405334
          ],
          [
            -0.31610193848609924,
            -0.10799628496170044,
            -0.942558765411377,
            0.0951901376247406
          ],
          [
            -0.8869826197624207,
            0.38621267676353455,
            0.25321128964424133,
            1.5853679180145264
          ],
          [
            0.0,
            0.0,
            0.0,
            1.0
          ]
        ]
      },
      "bone_length_armature_space": 0.10413086305044268,
      "parent": "lowerarm_l",
      "has_children": true,
      "is_end_bone": false
    },
    "pinky_01_l": {
      "name": "pinky_01_l",
      "local": {
        "location": {
          "x": 0.0,
          "y": 0.0,
          "z": 0.0
        },
        "rotation_quaternion": {
          "w": 0.999700665473938,
          "x": 0.01726664789021015,
          "y": -0.017280125990509987,
          "z": 0.0013533001765608788
        },
        "scale": {
          "x": 1.0,
          "y": 1.0,
          "z": 1.0
        },
        "matrix_basis": [
          [
            0.9993991255760193,
            -0.0033025299198925495,
            -0.03450317308306694,
            0.0
          ],
          [
            0.0021090505179017782,
            0.9994000792503357,
            -0.03456972911953926,
            0.0
          ],
          [
            0.03459664061665535,
            0.03447618708014488,
            0.9988065361976624,
            0.0
          ],
          [
            0.0,
            0.0,
            0.0,
            1.0
          ]
        ],
        "rotation_mode": "QUATERNION"
      },
      "armature_space": {
        "head": {
          "x": 0.6513710021972656,
          "y": 0.020700402557849884,
          "z": 0.6757305264472961
        },
        "tail": {
          "x": 0.6743069887161255,
