{
  "metadata": {
    "armature_name": "KIM_caucasian_male",
    "export_time": "2026-01-13T21:07:22.576016",
    "blender_version": "4.4.1",
    "bone_count": 56,
    "end_bone_count": 13,
    "spaces_included": [
      "LOCAL_CHANNELS",
      "ARMATURE_SPACE",
      "WORLD_SPACE"
    ],
    "note": "LOCAL matches Transform panel; replay pose via local.matrix_basis for best fidelity."
  },
  "bones": {
    "Root": {
      "name": "Root",
      "local": {
        "location": {
          "x": 0.0,
          "y": 0.0,
          "z": 0.0
        },
        "rotation_quaternion": {
          "w": 0.9996895790100098,
          "x": -0.016975171864032745,
          "y": -0.0027204621583223343,
          "z": -0.018038585782051086
        },
        "scale": {
          "x": 1.0,
          "y": 1.0,
          "z": 1.0
        },
        "matrix_basis": [
          [
            0.9993343949317932,
            0.03615833446383476,
            -0.004826819058507681,
            0.0
          ],
          [
            -0.03597361221909523,
            0.998772919178009,
            0.03403795138001442,
            0.0
          ],
          [
            0.006051651667803526,
            -0.033841658383607864,
            0.9994089007377625,
            0.0
          ],
          [
            0.0,
            0.0,
            0.0,
            1.0
          ]
        ],
        "rotation_mode": "QUATERNION"
      },
      "armature_space": {
        "head": {
          "x": 0.0,
          "y": 0.07072800397872925,
          "z": -0.009595036506652832
        },
        "tail": {
          "x": 0.0025808324571698904,
          "y": 0.00041150301694869995,
          "z": 0.0023817960172891617
        }
      },
      "world_space": {
        "head": {
          "x": 0.0,
          "y": 0.13397200405597687,
          "z": 0.9402589797973633
        },
        "tail": {
          "x": 0.0025808324571698904,
          "y": 0.06365550309419632,
          "z": 0.9522358179092407
        },
        "rotation_quaternion": {
          "w": 0.08428335189819336,
          "x": 0.9962748289108276,
          "y": 0.017814338207244873,
          "z": -0.003929506056010723
        },
        "matrix": [
          [
            0.9993343949317932,
            0.03615833446383476,
            -0.004826819058507681,
            0.0
          ],
          [
            0.03483356535434723,
            -0.9851579070091248,
            -0.1680792272090912,
            0.13397200405597687
          ],
          [
            -0.010832685977220535,
            0.1677994579076767,
            -0.985768735408783,
            0.9402589797973633
          ],
          [
            0.0,
            0.0,
            0.0,
            1.0
          ]
        ]
      },
      "bone_length_armature_space": 0.07137587397846924,
      "parent": null,
      "has_children": true,
      "is_end_bone": false
    },
    "spine_01": {
      "name": "spine_01",
      "local": {
        "location": {
          "x": 0.0,
          "y": 0.0,
          "z": 0.0
        },
        "rotation_quaternion": {
          "w": 0.9980505704879761,
          "x": 0.04345434531569481,
          "y": 0.015141093172132969,
          "z": 0.042161714285612106
        },
        "scale": {
          "x": 1.0,
          "y": 1.0,
          "z": 1.0
        },
        "matrix_basis": [
          [
            0.99598628282547,
            -0.08284315466880798,
            0.03388737142086029,
            0.0
          ],
          [
            0.08547493815422058,
            0.9926682114601135,
            -0.08546251803636551,
            0.0
          ],
          [
            -0.026558933779597282,
            0.08801601827144623,
            0.9957649111747742,
            0.0
          ],
          [
            0.0,
            0.0,
            0.0,
            1.0
          ]
        ],
        "rotation_mode": "QUATERNION"
      },
      "armature_space": {
        "head": {
          "x": 0.0025808324571698904,
          "y": 0.00041150301694869995,
          "z": 0.0023817960172891617
        },
        "tail": {
          "x": -0.032420989125967026,
          "y": -0.004658062011003494,
          "z": 0.48910319805145264
        }
      },
      "world_space": {
        "head": {
          "x": 0.0025808324571698904,
          "y": 0.06365550309419632,
          "z": 0.9522358179092407
        },
        "tail": {
          "x": -0.032420989125967026,
          "y": 0.058585938066244125,
          "z": 1.4389572143554688
        },
        "rotation_quaternion": {
          "w": 0.7034229636192322,
          "x": 0.7090321183204651,
          "y": -0.001294466550461948,
          "z": 0.049677953124046326
        },
        "matrix": [
          [
            0.9950608611106873,
            -0.07172486186027527,
            0.06862486898899078,
            0.0025808324571698904
          ],
          [
            0.06805308163166046,
            -0.01038842648267746,
            -0.9976276755332947,
            0.06365550309419632
          ],
          [
            0.07226818799972534,
            0.9973773956298828,
            -0.005456961691379547,
            0.9522358179092407
          ],
          [
            0.0,
            0.0,
            0.0,
            1.0
          ]
        ]
      },
      "bone_length_armature_space": 0.488004661726002,
      "parent": "Root",
      "has_children": true,
      "is_end_bone": false
    },
    "neck_01": {
      "name": "neck_01",
      "local": {
        "location": {
          "x": 0.0,
          "y": 0.0,
          "z": 0.0
        },
        "rotation_quaternion": {
          "w": 0.9825893640518188,
          "x": 0.07556281238794327,
          "y": 0.073814257979393,
          "z": 0.1528395563364029
        },
        "scale": {
          "x": 1.0,
          "y": 1.0,
          "z": 1.0
        },
        "matrix_basis": [
          [
            0.9423830509185791,
            -0.2892018258571625,
            0.16815617680549622,
            0.0
          ],
          [
            0.3115122616291046,
            0.9418606758117676,
            -0.12593095004558563,
            0.0
          ],
          [
            -0.12196023762226105,
            0.17105790972709656,
            0.977683424949646,
            0.0
          ],
          [
            0.0,
            0.0,
            0.0,
            1.0
          ]
        ],
        "rotation_mode": "QUATERNION"
      },
      "armature_space": {
        "head": {
          "x": -0.03529263287782669,
          "y": -0.04001685604453087,
          "z": 0.5619403719902039
        },
        "tail": {
          "x": -0.06712867319583893,
          "y": -0.09562815725803375,
          "z": 0.641968846321106
        }
      },
      "world_space": {
        "head": {
          "x": -0.03529263287782669,
          "y": 0.02322714403271675,
          "z": 1.5117943286895752
        },
        "tail": {
          "x": -0.06712867319583893,
          "y": -0.03238415718078613,
          "z": 1.591822862625122
        },
        "rotation_quaternion": {
          "w": 0.47240182757377625,
          "x": 0.8567813038825989,
          "y": -0.0749555304646492,
          "z": 0.19272758066654205
        },
        "matrix": [
          [
            0.9144757986068726,
            -0.3105308413505554,
            0.2594313621520996,
            -0.03529263287782669
          ],
          [
            0.05364762991666794,
            -0.5424363613128662,
            -0.8383824229240417,
            0.02322714403271675
          ],
          [
            0.4010714292526245,
            0.7806031107902527,
            -0.47938981652259827,
            1.5117943286895752
          ],
          [
            0.0,
            0.0,
            0.0,
            1.0
          ]
        ]
      },
      "bone_length_armature_space": 0.1025217393592631,
      "parent": "spine_01",
      "has_children": true,
      "is_end_bone": false
    },
    "head": {
      "name": "head",
      "local": {
        "location": {
          "x": 0.0,
          "y": 0.0,
          "z": 0.0
        },
        "rotation_quaternion": {
          "w": 0.9985738396644592,
          "x": -0.009684832766652107,
          "y": 0.02907060645520687,
          "z": -0.043720412999391556
        },
        "scale": {
          "x": 1.0,
          "y": 1.0,
          "z": 1.0
        },
        "matrix_basis": [
          [
            0.9944868683815002,
            0.08675303310155869,
            0.05890514329075813,
            0.0
          ],
          [
            -0.08787921071052551,
            0.9959894418716431,
            0.016800083220005035,
            0.0
          ],
          [
            -0.05721144378185272,
            -0.021883999928832054,
            0.9981222152709961,
            0.0
          ],
          [
            0.0,
            0.0,
            0.0,
            1.0
          ]
        ],
        "rotation_mode": "QUATERNION"
      },
      "armature_space": {
        "head": {
          "x": -0.06712860614061356,
          "y": -0.09562824666500092,
          "z": 0.6419687271118164
        },
        "tail": {
          "x": -0.11455239355564117,
          "y": -0.12294100970029831,
          "z": 0.7870833873748779
        }
      },
      "world_space": {
        "head": {
          "x": -0.06712860614061356,
          "y": -0.032384246587753296,
          "z": 1.5918227434158325
        },
        "tail": {
          "x": -0.11455239355564117,
          "y": -0.05969700962305069,
          "z": 1.736937403678894
        },
        "rotation_quaternion": {
          "w": 0.6389510631561279,
          "x": 0.7481773495674133,
          "y": -0.060721855610609055,
          "z": 0.16818228363990784
        },
        "matrix": [
          [
            0.9360555410385132,
            -0.30578193068504333,
            0.17406198382377625,
            -0.06712860614061356
          ],
          [
            0.12405727803707123,
            -0.17610888183116913,
            -0.9765223264694214,
            -0.032384246587753296
          ],
          [
            0.32925912737846375,
            0.935679018497467,
            -0.1269150674343109,
            1.5918227434158325
          ],
          [
            0.0,
            0.0,
            0.0,
            1.0
          ]
        ]
      },
      "bone_length_armature_space": 0.15509115978532,
      "parent": "neck_01",
      "has_children": false,
      "is_end_bone": true
    },
    "upperarm_l": {
      "name": "upperarm_l",
      "local": {
        "location": {
          "x": 0.0,
          "y": 0.0,
          "z": 0.0
        },
        "rotation_quaternion": {
          "w": 0.9374998211860657,
          "x": -0.04451689496636391,
          "y": -0.2856987714767456,
          "z": -0.19362008571624756
        },
        "scale": {
          "x": 1.0,
          "y": 1.0,
          "z": 1.0
        },
        "matrix_basis": [
          [
            0.7617749571800232,
            0.3884744346141815,
            -0.5184463858604431,
            0.0
          ],
          [
            -0.3376007378101349,
            0.9210590124130249,
            0.1941031962633133,
            0.0
          ],
          [
            0.5529237985610962,
            0.027164878323674202,
            0.8327889442443848,
            0.0
          ],
          [
            0.0,
            0.0,
            0.0,
            1.0
          ]
        ],
        "rotation_mode": "QUATERNION"
      },
      "armature_space": {
        "head": {
          "x": 0.11900582909584045,
          "y": -0.03229226917028427,
          "z": 0.5057317018508911
        },
        "tail": {
          "x": 0.36979377269744873,
          "y": -0.009646931663155556,
          "z": 0.41407838463783264
        }
      },
      "world_space": {
        "head": {
          "x": 0.11900582909584045,
          "y": 0.03095173090696335,
          "z": 1.4555857181549072
        },
        "tail": {
          "x": 0.36979377269744873,
          "y": 0.05359707027673721,
          "z": 1.3639323711395264
        },
        "rotation_quaternion": {
          "w": 0.5809508562088013,
          "x": 0.20726343989372253,
          "y": 0.45249155163764954,
          "z": -0.6440414786338806
        },
        "matrix": [
          [
            -0.23907390236854553,
            0.9358826875686646,
            0.25878041982650757,
            0.11900582909584045
          ],
          [
            -0.5607451796531677,
            0.08450716733932495,
            -0.8236647248268127,
            0.03095173090696335
          ],
          [
            -0.7927283644676208,
            -0.34202900528907776,
            0.5045911073684692,
            1.4555857181549072
          ],
          [
            0.0,
            0.0,
            0.0,
            1.0
          ]
        ]
      },
      "bone_length_armature_space": 0.26796964719176586,
      "parent": "spine_01",
      "has_children": true,
      "is_end_bone": false
    },
    "lowerarm_l": {
      "name": "lowerarm_l",
      "local": {
        "location": {
          "x": 0.0,
          "y": 0.0,
          "z": 0.0
        },
        "rotation_quaternion": {
          "w": 0.9613078832626343,
          "x": 0.18714874982833862,
          "y": 0.033452995121479034,
          "z": 0.1993580162525177
        },
        "scale": {
          "x": 1.0,
          "y": 1.0,
          "z": 1.0
        },
        "matrix_basis": [
          [
            0.9182745814323425,
            -0.3707675039768219,
            0.13893646001815796,
            0.0
          ],
          [
            0.39581024646759033,
            0.8504634499549866,
            -0.34647688269615173,
            0.0
          ],
          [
            0.010301951318979263,
            0.3731533885002136,
            0.9277125000953674,
            0.0
          ],
          [
            0.0,
            0.0,
            0.0,
            1.0
          ]
        ],
        "rotation_mode": "QUATERNION"
      },
      "armature_space": {
        "head": {
          "x": 0.3697938919067383,
          "y": -0.00964689813554287,
          "z": 0.4140784442424774
        },
        "tail": {
          "x": 0.6231673955917358,
          "y": -0.011147548444569111,
          "z": 0.499921590089798
        }
      },
      "world_space": {
        "head": {
          "x": 0.3697938919067383,
          "y": 0.0535971000790596,
          "z": 1.363932490348816
        },
        "tail": {
          "x": 0.6231673955917358,
          "y": 0.05209645256400108,
          "z": 1.4497755765914917
        },
        "rotation_quaternion": {
          "w": 0.6748434901237488,
          "x": 0.41245052218437195,
          "y": 0.20440828800201416,
          "z": -0.5767912864685059
        },
        "matrix": [
          [
            0.251056432723999,
            0.9471041560173035,
            -0.19991087913513184,
            0.3697938919067383
          ],
          [
            -0.6098731160163879,
            -0.005609393119812012,
            -0.792479395866394,
            0.0535971000790596
          ],
          [
            -0.7516877055168152,
            0.32087960839271545,
            0.5762084722518921,
            1.363932490348816
          ],
          [
            0.0,
            0.0,
            0.0,
            1.0
          ]
        ]
      },
      "bone_length_armature_space": 0.2675246277715258,
      "parent": "upperarm_l",
      "has_children": true,
      "is_end_bone": false
    },
    "metacarpal_thumb_l": {
      "name": "metacarpal_thumb_l",
      "local": {
        "location": {
          "x": 0.0,
          "y": 0.0,
          "z": 0.0
        },
        "rotation_quaternion": {
          "w": 0.9972000122070312,
          "x": -0.07197746634483337,
          "y": 0.013317953795194626,
          "z": -0.015301726758480072
        },
        "scale": {
          "x": 1.0,
          "y": 1.0,
          "z": 1.0
        },
        "matrix_basis": [
          [
            0.9991769790649414,
            0.028600579127669334,
            0.028764085844159126,
            0.0
          ],
          [
            -0.03243494778871536,
            0.9891701936721802,
            0.14314427971839905,
            0.0
          ],
          [
            -0.024358568713068962,
            -0.1439594328403473,
            0.9892837405204773,
            0.0
          ],
          [
            0.0,
            0.0,
            0.0,
            1.0
          ]
        ],
        "rotation_mode": "QUATERNION"
      },
      "armature_space": {
        "head": {
          "x": 0.6231673955917358,
          "y": -0.011147548444569111,
          "z": 0.499921590089798
        },
        "tail": {
          "x": 0.6567013263702393,
          "y": -0.03484261780977249,
          "z": 0.5276274681091309
        }
      },
      "world_space": {
        "head": {
          "x": 0.6231673955917358,
          "y": 0.05209645256400108,
          "z": 1.4497755765914917
        },
        "tail": {
          "x": 0.6567013263702393,
          "y": 0.028401382267475128,
          "z": 1.477481484413147
        },
        "rotation_quaternion": {
          "w": 0.34205928444862366,
          "x": 0.8589473366737366,
          "y": 0.37922757863998413,
          "z": -0.037302229553461075
        },
        "matrix": [
          [
            0.7095893621444702,
            0.6769921779632568,
            0.19535700976848602,
            0.6231673955917358
          ],
          [
            0.6259551048278809,
            -0.47836288809776306,
            -0.615913450717926,
            0.05209645256400108
          ],
          [
            -0.32351887226104736,
            0.559333860874176,
            -0.7632138729095459,
            1.4497755765914917
          ],
          [
            0.0,
            0.0,
            0.0,
            1.0
          ]
        ]
      },
      "bone_length_armature_space": 0.04953379214243329,
      "parent": "lowerarm_l",
      "has_children": true,
      "is_end_bone": false
    },
    "thumb_01_l": {
      "name": "thumb_01_l",
      "local": {
        "location": {
          "x": 0.0,
          "y": 0.0,
          "z": 0.0
        },
        "rotation_quaternion": {
          "w": 0.9999678730964661,
          "x": -0.007215758785605431,
          "y": 0.0031104404479265213,
          "z": -0.0016003958880901337
        },
        "scale": {
          "x": 1.0,
          "y": 1.0,
          "z": 1.0
        },
        "matrix_basis": [
          [
            0.9999755024909973,
            0.003155800513923168,
            0.006243776995688677,
            0.0
          ],
          [
            -0.0032455772161483765,
            0.9998907446861267,
            0.014421097934246063,
            0.0
          ],
          [
            -0.006197584792971611,
            -0.014441009610891342,
            0.9998764991760254,
            0.0
          ],
          [
            0.0,
            0.0,
            0.0,
            1.0
          ]
        ],
        "rotation_mode": "QUATERNION"
      },
      "armature_space": {
        "head": {
          "x": 0.6567013263702393,
          "y": -0.03484261780977249,
          "z": 0.5276274681091309
        },
        "tail": {
          "x": 0.673574686050415,
          "y": -0.06396326422691345,
          "z": 0.522537887096405
        }
      },
      "world_space": {
        "head": {
          "x": 0.6567013263702393,
          "y": 0.028401382267475128,
          "z": 1.477481484413147
        },
        "tail": {
          "x": 0.673574686050415,
          "y": -0.0007192641496658325,
          "z": 1.4723918437957764
        },
        "rotation_quaternion": {
          "w": 0.20781520009040833,
          "x": -0.7998805046081543,
          "y": -0.1704513132572174,
          "z": -0.5366102457046509
        },
        "matrix": [
          [
            0.3659917712211609,
            0.4957125186920166,
            0.7876033782958984,
            0.6567013263702393
          ],
          [
            0.04965072497725487,
            -0.8555188179016113,
            0.5153859853744507,
            0.028401382267475128
          ],
          [
            0.9292991161346436,
            -0.1495238095521927,
            -0.3377273976802826,
            1.477481484413147
          ],
          [
            0.0,
            0.0,
            0.0,
            1.0
          ]
        ]
      },
      "bone_length_armature_space": 0.034038597781505926,
      "parent": "metacarpal_thumb_l",
      "has_children": true,
      "is_end_bone": false
    },
    "thumb_02_l": {
      "name": "thumb_02_l",
      "local": {
        "location": {
          "x": 0.0,
          "y": 0.0,
          "z": 0.0
        },
        "rotation_quaternion": {
          "w": 0.9967141151428223,
          "x": 0.08087290823459625,
          "y": 0.004536133725196123,
          "z": -5.581138248089701e-05
        },
        "scale": {
          "x": 1.0,
          "y": 1.0,
          "z": 1.0
        },
        "matrix_basis": [
          [
            0.9999588131904602,
            0.0008449566666968167,
            0.009033429436385632,
            0.0
          ],
          [
            0.0006224446697160602,
            0.9869191646575928,
            -0.16121484339237213,
            0.0
          ],
          [
            -0.009051484055817127,
            0.16121383011341095,
            0.986877977848053,
            0.0
          ],
          [
            0.0,
            0.0,
            0.0,
            1.0
          ]
        ],
        "rotation_mode": "QUATERNION"
      },
      "armature_space": {
        "head": {
          "x": 0.6735745668411255,
          "y": -0.06396327167749405,
          "z": 0.522537887096405
        },
        "tail": {
          "x": 0.7111324667930603,
          "y": -0.06073961779475212,
          "z": 0.5364013910293579
        }
      },
      "world_space": {
        "head": {
          "x": 0.6735745668411255,
          "y": -0.0007192716002464294,
          "z": 1.4723918437957764
        },
        "tail": {
          "x": 0.7111324667930603,
          "y": 0.0025043822824954987,
          "z": 1.486255407333374
        },
        "rotation_quaternion": {
          "w": 0.48941487073898315,
          "x": -0.3182215094566345,
          "y": -0.5482733249664307,
          "z": -0.5988361239433289
        },
        "matrix": [
          [
            -0.3184151351451874,
            0.9351034760475159,
            -0.15554197132587433,
            0.6735745668411255
          ],
          [
            -0.23721586167812347,
            0.08026149868965149,
            0.9681357741355896,
            -0.0007192716002464294
          ],
          [
            0.917797327041626,
            0.34516844153404236,
            0.1962670385837555,
            1.4723918437957764
          ],
          [
            0.0,
            0.0,
            0.0,
            1.0
          ]
        ]
      },
      "bone_length_armature_space": 0.04016446836006234,
      "parent": "thumb_01_l",
      "has_children": true,
      "is_end_bone": false
    },
    "thumb_03_l": {
      "name": "thumb_03_l",
      "local": {
        "location": {
          "x": 0.0,
          "y": 0.0,
          "z": 0.0
        },
        "rotation_quaternion": {
          "w": 0.9968814253807068,
          "x": 0.07841097563505173,
          "y": 0.00686061754822731,
          "z": 0.005680322181433439
        },
        "scale": {
          "x": 1.0,
          "y": 1.0,
          "z": 1.0
        },
        "matrix_basis": [
          [
            0.9998413324356079,
            -0.010249319486320019,
            0.014569243416190147,
            0.0
          ],
          [
            0.012401110492646694,
            0.9876388907432556,
            -0.15625494718551636,
            0.0
          ],
          [
            -0.012787644751369953,
            0.1564108282327652,
            0.987609326839447,
            0.0
          ],
          [
            0.0,
            0.0,
            0.0,
            1.0
          ]
        ],
        "rotation_mode": "QUATERNION"
      },
      "armature_space": {
        "head": {
          "x": 0.7111324071884155,
          "y": -0.06073969230055809,
          "z": 0.5364013910293579
        },
        "tail": {
          "x": 0.735988199710846,
          "y": -0.045608021318912506,
          "z": 0.545352041721344
        }
      },
      "world_space": {
        "head": {
          "x": 0.7111324071884155,
          "y": 0.0025043077766895294,
          "z": 1.486255407333374
        },
        "tail": {
          "x": 0.735988199710846,
          "y": 0.017635978758335114,
          "z": 1.4952061176300049
        },
        "rotation_quaternion": {
          "w": 0.6974039077758789,
          "x": -0.14226262271404266,
          "y": -0.5119946002960205,
          "z": -0.48088544607162476
        },
        "matrix": [
          [
            0.013219606131315231,
            0.8164199590682983,
            -0.577307403087616,
            0.7111324071884155
          ],
          [
            -0.5250669121742249,
            0.4970184862613678,
            0.6908528804779053,
            0.0025043077766895294
          ],
          [
            0.850963830947876,
            0.2939945161342621,
            0.43524909019470215,
            1.486255407333374
          ],
          [
            0.0,
            0.0,
            0.0,
            1.0
          ]
        ]
      },
      "bone_length_armature_space": 0.030444901593229552,
      "parent": "thumb_02_l",
      "has_children": false,
      "is_end_bone": true
    },
    "metacarpal_index_l": {
      "name": "metacarpal_index_l",
      "local": {
        "location": {
          "x": 0.0,
          "y": 0.0,
          "z": 0.0
        },
        "rotation_quaternion": {
          "w": 0.9997670650482178,
          "x": -0.020237701013684273,
          "y": 0.0019756045658141375,
          "z": 0.007241025101393461
        },
        "scale": {
          "x": 1.0,
          "y": 1.0,
          "z": 1.0
        },
        "matrix_basis": [
          [
            0.9998873472213745,
            -0.01455864030867815,
            0.0036572052631527185,
            0.0
          ],
          [
            0.01439871359616518,
            0.9990760087966919,
            0.040494583547115326,
            0.0
          ],
          [
            -0.00424337200820446,
            -0.04043736308813095,
            0.9991730451583862,
            0.0
          ],
          [
            0.0,
            0.0,
            0.0,
            1.0
          ]
        ],
        "rotation_mode": "QUATERNION"
      },
      "armature_space": {
        "head": {
          "x": 0.6231673955917358,
          "y": -0.011147548444569111,
          "z": 0.499921590089798
        },
        "tail": {
          "x": 0.722602128982544,
          "y": -0.03975352272391319,
          "z": 0.5549095869064331
        }
      },
      "world_space": {
        "head": {
          "x": 0.6231673955917358,
          "y": 0.05209645256400108,
          "z": 1.4497755765914917
        },
        "tail": {
          "x": 0.722602128982544,
          "y": 0.023490477353334427,
          "z": 1.5047636032104492
        },
        "rotation_quaternion": {
          "w": 0.4820461571216583,
          "x": 0.7276363372802734,
          "y": 0.3815267086029053,
          "z": -0.3043259382247925
        },
        "matrix": [
          [
            0.5236455798149109,
            0.8486241698265076,
            -0.07504880428314209,
            0.6231673955917358
          ],
          [
            0.26182931661605835,
            -0.24413716793060303,
            -0.9337251782417297,
            0.05209645256400108
          ],
          [
            -0.810709536075592,
            0.4692942202091217,
            -0.3500392436981201,
            1.4497755765914917
          ],
          [
            0.0,
            0.0,
            0.0,
            1.0
          ]
        ]
      },
      "bone_length_armature_space": 0.11717187211020401,
      "parent": "lowerarm_l",
      "has_children": true,
      "is_end_bone": false
    },
    "index_01_l": {
      "name": "index_01_l",
      "local": {
        "location": {
          "x": 0.0,
          "y": 0.0,
          "z": 0.0
        },
        "rotation_quaternion": {
          "w": 0.992922306060791,
          "x": -0.11701388657093048,
          "y": 0.008573908358812332,
          "z": -0.01842673309147358
        },
        "scale": {
          "x": 1.0,
          "y": 1.0,
          "z": 1.0
        },
        "matrix_basis": [
          [
            0.9991738796234131,
            0.034586094319820404,
            0.021338816732168198,
            0.0
          ],
          [
            -0.0385991595685482,
            0.9719364047050476,
            0.2320554107427597,
            0.0
          ],
          [
            -0.0127140823751688,
            -0.23268736898899078,
            0.9724684953689575,
            0.0
          ],
          [
            0.0,
            0.0,
            0.0,
            1.0
          ]
        ],
        "rotation_mode": "QUATERNION"
      },
      "armature_space": {
        "head": {
          "x": 0.722602128982544,
          "y": -0.03975352272391319,
          "z": 0.5549095869064331
        },
        "tail": {
          "x": 0.7495411038398743,
          "y": -0.03352728486061096,
          "z": 0.5618805885314941
        }
      },
      "world_space": {
        "head": {
          "x": 0.722602128982544,
          "y": 0.023490477353334427,
          "z": 1.5047636032104492
        },
        "tail": {
          "x": 0.7495411038398743,
          "y": 0.029716715216636658,
          "z": 1.5117346048355103
        },
        "rotation_quaternion": {
          "w": 0.5188620686531067,
          "x": 0.5562360286712646,
          "y": 0.5830619931221008,
          "z": -0.285346120595932
        },
        "matrix": [
          [
            0.157234787940979,
            0.9447514414787292,
            0.28761419653892517,
            0.722602128982544
          ],
          [
            0.3525283932685852,
            0.21835435926914215,
            -0.9099700450897217,
            0.023490477353334427
          ],
          [
            -0.9225035905838013,
            0.24447298049926758,
            -0.298721581697464,
            1.5047636032104492
          ],
          [
            0.0,
            0.0,
            0.0,
            1.0
          ]
        ]
      },
      "bone_length_armature_space": 0.028514369654151633,
      "parent": "metacarpal_index_l",
      "has_children": true,
      "is_end_bone": false
    },
    "index_02_l": {
      "name": "index_02_l",
      "local": {
        "location": {
          "x": 0.0,
          "y": 0.0,
          "z": 0.0
        },
        "rotation_quaternion": {
          "w": 0.9999326467514038,
          "x": 0.008476034738123417,
          "y": -0.0026138650719076395,
          "z": 0.007498582359403372
        },
        "scale": {
          "x": 1.0,
          "y": 1.0,
          "z": 1.0
        },
        "matrix_basis": [
          [
            0.9998738765716553,
            -0.015040464699268341,
            -0.00510026142001152,
            0.0
          ],
          [
            0.01495184376835823,
            0.9997438788414001,
            -0.01699012890458107,
            0.0
          ],
          [
            0.005354494322091341,
            0.01691172644495964,
            0.999842643737793,
            0.0
          ],
          [
            0.0,
            0.0,
            0.0,
            1.0
          ]
        ],
        "rotation_mode": "QUATERNION"
      },
      "armature_space": {
        "head": {
          "x": 0.7495415806770325,
          "y": -0.033527571707963943,
          "z": 0.5618807673454285
        },
        "tail": {
          "x": 0.7736932635307312,
          "y": -0.027356062084436417,
          "z": 0.5679388642311096
        }
      },
      "world_space": {
        "head": {
          "x": 0.7495415806770325,
          "y": 0.029716428369283676,
          "z": 1.5117347240447998
        },
        "tail": {
          "x": 0.7736932635307312,
          "y": 0.0358879379928112,
          "z": 1.5177929401397705
        },
        "rotation_quaternion": {
          "w": 0.5423954129219055,
          "x": 0.5366118550300598,
          "y": 0.5710480809211731,
          "z": -0.30291762948036194
        },
        "matrix": [
          [
            0.16429173946380615,
            0.9414651393890381,
            0.2943660616874695,
            0.7495415806770325
          ],
          [
            0.2842589020729065,
            0.24057404696941376,
            -0.9280740022659302,
            0.029716428369283676
          ],
          [
            -0.9445726871490479,
            0.23615290224552155,
            -0.22809787094593048,
            1.5117347240447998
          ],
          [
            0.0,
            0.0,
            0.0,
            1.0
          ]
        ]
      },
      "bone_length_armature_space": 0.025653301361006846,
      "parent": "index_01_l",
      "has_children": true,
      "is_end_bone": false
    },
    "index_03_l": {
      "name": "index_03_l",
      "local": {
        "location": {
          "x": 0.0,
          "y": 0.0,
          "z": 0.0
        },
        "rotation_quaternion": {
          "w": 0.9998608827590942,
          "x": 0.01272597350180149,
          "y": 0.01052781566977501,
          "z": -0.0023279704619199038
        },
        "scale": {
          "x": 1.0,
          "y": 1.0,
          "z": 1.0
        },
        "matrix_basis": [
          [
            0.9997674822807312,
            0.004923246800899506,
            0.02099345065653324,
            0.0
          ],
          [
            -0.004387339577078819,
            0.9996652603149414,
            -0.025497423484921455,
            0.0
          ],
          [
            -0.021111954003572464,
            0.02539938874542713,
            0.9994544386863708,
            0.0
          ],
          [
            0.0,
            0.0,
            0.0,
            1.0
          ]
        ],
        "rotation_mode": "QUATERNION"
      },
      "armature_space": {
        "head": {
          "x": 0.7736931443214417,
          "y": -0.027355941012501717,
          "z": 0.5679389238357544
        },
        "tail": {
          "x": 0.80233234167099,
          "y": -0.02265813574194908,
          "z": 0.5713241696357727
        }
      },
      "world_space": {
        "head": {
          "x": 0.7736931443214417,
          "y": 0.03588806092739105,
          "z": 1.5177929401397705
        },
        "tail": {
          "x": 0.80233234167099,
          "y": 0.04058586433529854,
          "z": 1.5211782455444336
        },
        "rotation_quaternion": {
          "w": 0.46870559453964233,
          "x": 0.5539187788963318,
          "y": 0.6005889773368835,
          "z": -0.33583036065101624
        },
        "matrix": [
          [
            0.0530235730111599,
            0.9801663756370544,
            0.19095048308372498,
            0.7736931443214417
          ],
          [
            0.3505430817604065,
            0.16078084707260132,
            -0.9226425886154175,
            0.03588806092739105
          ],
          [
            -0.9350508451461792,
            0.11585906893014908,
            -0.3350684344768524,
            1.5177929401397705
          ],
          [
            0.0,
            0.0,
            0.0,
            1.0
          ]
        ]
      },
      "bone_length_armature_space": 0.029218707868106725,
      "parent": "index_02_l",
      "has_children": false,
      "is_end_bone": true
    },
    "metacarpal_pinky_l": {
      "name": "metacarpal_pinky_l",
      "local": {
        "location": {
          "x": 0.0,
          "y": 0.0,
          "z": 0.0
        },
        "rotation_quaternion": {
          "w": 0.9996861219406128,
          "x": -0.02191910520195961,
          "y": 0.0117503572255373,
          "z": 0.0030121507588773966
        },
        "scale": {
          "x": 1.0,
          "y": 1.0,
          "z": 1.0
        },
        "matrix_basis": [
          [
            0.9997057318687439,
            -0.006537525448948145,
            0.023361289873719215,
            0.0
          ],
          [
            0.005507295951247215,
            0.9990209341049194,
            0.043895237147808075,
            0.0
          ],
          [
            -0.023625385016202927,
            -0.04375366121530533,
            0.9987629652023315,
            0.0
          ],
          [
            0.0,
            0.0,
            0.0,
            1.0
          ]
        ],
        "rotation_mode": "QUATERNION"
      },
      "armature_space": {
        "head": {
          "x": 0.6231673955917358,
          "y": -0.011147548444569111,
          "z": 0.499921590089798
        },
        "tail": {
          "x": 0.7243455648422241,
          "y": 0.011845589615404606,
          "z": 0.5087257027626038
        }
      },
      "world_space": {
        "head": {
          "x": 0.6231673955917358,
          "y": 0.05209645256400108,
          "z": 1.4497755765914917
        },
        "tail": {
          "x": 0.7243455648422241,
          "y": 0.07508958876132965,
          "z": 1.4585797786712646
        },
        "rotation_quaternion": {
          "w": 0.7588164210319519,
          "x": -0.09550030529499054,
          "y": -0.18601985275745392,
          "z": -0.6168258190155029
        },
        "matrix": [
          [
            0.1698446422815323,
            0.9716452956199646,
            -0.1644938737154007,
            0.6231673955917358
          ],
          [
            -0.900584876537323,
            0.22081023454666138,
            0.37441936135292053,
            0.05209645256400108
          ],
          [
            0.4001268744468689,
            0.08454838395118713,
            0.9125592708587646,
            1.4497755765914917
          ],
          [
            0.0,
            0.0,
            0.0,
            1.0
          ]
        ]
      },
      "bone_length_armature_space": 0.10413077888812777,
      "parent": "lowerarm_l",
      "has_children": true,
      "is_end_bone": false
    },
    "pinky_01_l": {
      "name": "pinky_01_l",
      "local": {
        "location": {
          "x": 0.0,
          "y": 0.0,
          "z": 0.0
        },
        "rotation_quaternion": {
          "w": 0.958051323890686,
          "x": 0.2865651845932007,
          "y": 0.0035946224816143513,
          "z": -0.0022584376856684685
        },
        "scale": {
          "x": 1.0,
          "y": 1.0,
          "z": 1.0
        },
        "matrix_basis": [
          [
            0.9999639391899109,
            0.006387585774064064,
            0.005593286361545324,
            0.0
          ],
          [
            -0.0022672112099826336,
            0.8357505798339844,
            -0.5491045713424683,
            0.0
          ],
          [
            -0.008182045072317123,
            0.5490720868110657,
            0.8357349634170532,
            0.0
          ],
          [
            0.0,
            0.0,
            0.0,
            1.0
          ]
        ],
        "rotation_mode": "QUATERNION"
      },
      "armature_space": {
        "head": {
          "x": 0.7243455648422241,
          "y": 0.011845589615404606,
          "z": 0.5087257027626038
        },
        "tail": {
