{
  "metadata": {
    "armature_name": "KIM_caucasian_male",
    "export_time": "2026-01-13T21:08:19.672788",
    "blender_version": "4.4.1",
    "bone_count": 56,
    "end_bone_count": 13,
    "spaces_included": [
      "LOCAL_CHANNELS",
      "ARMATURE_SPACE",
      "WORLD_SPACE"
    ],
    "note": "LOCAL matches Transform panel; replay pose via local.matrix_basis for best fidelity."
  },
  "bones": {
    "Root": {
      "name": "Root",
      "local": {
        "location": {
          "x": 0.0,
          "y": 0.0,
          "z": 0.0
        },
        "rotation_quaternion": {
          "w": 0.999737560749054,
          "x": -0.0013700167182832956,
          "y": -0.014812546782195568,
          "z": -0.017423763871192932
        },
        "scale": {
          "x": 1.0,
          "y": 1.0,
          "z": 1.0
        },
        "matrix_basis": [
          [
            0.9989539980888367,
            0.03487896919250488,
            -0.029569577425718307,
            0.0
          ],
          [
            -0.0347977951169014,
            0.9993890523910522,
            0.0032554948702454567,
            0.0
          ],
          [
            0.029665060341358185,
            -0.002223133808001876,
            0.9995574355125427,
            0.0
          ],
          [
            0.0,
            0.0,
            0.0,
            1.0
          ]
        ],
        "rotation_mode": "QUATERNION"
      },
      "armature_space": {
        "head": {
          "x": 0.0,
          "y": 0.07072800397872925,
          "z": -0.009595036506652832
        },
        "tail": {
          "x": 0.00248951674439013,
          "y": 6.454437971115112e-05,
          "z": 0.00015137623995542526
        }
      },
      "world_space": {
        "head": {
          "x": 0.0,
          "y": 0.13397200405597687,
          "z": 0.9402589797973633
        },
        "tail": {
          "x": 0.00248951674439013,
          "y": 0.06330854445695877,
          "z": 0.9500054121017456
        },
        "rotation_quaternion": {
          "w": 0.0687168762087822,
          "x": 0.9973740577697754,
          "y": 0.01638629101216793,
          "z": -0.0159526988863945
        },
        "matrix": [
          [
            0.9989539980888367,
            0.03487896919250488,
            -0.029569577425718307,
            0.0
          ],
          [
            0.030494077131152153,
            -0.990018904209137,
            -0.13759614527225494,
            0.13397200405597687
          ],
          [
            -0.03407386317849159,
            0.13655053079128265,
            -0.9900540113449097,
            0.9402589797973633
          ],
          [
            0.0,
            0.0,
            0.0,
            1.0
          ]
        ]
      },
      "bone_length_armature_space": 0.0713758704807005,
      "parent": null,
      "has_children": true,
      "is_end_bone": false
    },
    "spine_01": {
      "name": "spine_01",
      "local": {
        "location": {
          "x": 0.0,
          "y": 0.0,
          "z": 0.0
        },
        "rotation_quaternion": {
          "w": 0.9986084699630737,
          "x": 0.051708050072193146,
          "y": 0.009459396824240685,
          "z": 0.004245341289788485
        },
        "scale": {
          "x": 1.0,
          "y": 1.0,
          "z": 1.0
        },
        "matrix_basis": [
          [
            0.9997850060462952,
            -0.007500613573938608,
            0.01933150365948677,
            0.0
          ],
          [
            0.009457121603190899,
            0.9946165084838867,
            -0.10319187492132187,
            0.0
          ],
          [
            -0.018453430384397507,
            0.10335250943899155,
            0.9944735765457153,
            0.0
          ],
          [
            0.0,
            0.0,
            0.0,
            1.0
          ]
        ],
        "rotation_mode": "QUATERNION"
      },
      "armature_space": {
        "head": {
          "x": 0.00248951674439013,
          "y": 6.454437971115112e-05,
          "z": 0.00015137623995542526
        },
        "tail": {
          "x": 0.016240105032920837,
          "y": -0.02614169754087925,
          "z": 0.48725777864456177
        }
      },
      "world_space": {
        "head": {
          "x": 0.00248951674439013,
          "y": 0.06330854445695877,
          "z": 0.9500054121017456
        },
        "tail": {
          "x": 0.016240105032920837,
          "y": 0.03710230439901352,
          "z": 1.4371118545532227
        },
        "rotation_quaternion": {
          "w": 0.6873394846916199,
          "x": 0.7258039116859436,
          "y": 0.026714881882071495,
          "z": 0.007712488994002342
        },
        "matrix": [
          [
            0.998453676700592,
            0.02817736379802227,
            0.047920070588588715,
            0.00248951674439013
          ],
          [
            0.04938189312815666,
            -0.05370118096470833,
            -0.9973352551460266,
            0.06330854445695877
          ],
          [
            -0.025529051199555397,
            0.9981663823127747,
            -0.05501091107726097,
            0.9500054121017456
          ],
          [
            0.0,
            0.0,
            0.0,
            1.0
          ]
        ]
      },
      "bone_length_armature_space": 0.4880046063181726,
      "parent": "Root",
      "has_children": true,
      "is_end_bone": false
    },
    "neck_01": {
      "name": "neck_01",
      "local": {
        "location": {
          "x": 0.0,
          "y": 0.0,
          "z": 0.0
        },
        "rotation_quaternion": {
          "w": 0.9953994154930115,
          "x": 0.07802052795886993,
          "y": -0.011751211248338223,
          "z": -0.05435764417052269
        },
        "scale": {
          "x": 1.0,
          "y": 1.0,
          "z": 1.0
        },
        "matrix_basis": [
          [
            0.9938142895698547,
            0.10638146102428436,
            -0.031876321882009506,
            0.0
          ],
          [
            -0.110048808157444,
            0.981916069984436,
            -0.15404564142227173,
            0.0
          ],
          [
            0.014912273734807968,
            0.1566007137298584,
            0.9875494241714478,
            0.0
          ],
          [
            0.0,
            0.0,
            0.0,
            1.0
          ]
        ],
        "rotation_mode": "QUATERNION"
      },
      "armature_space": {
        "head": {
          "x": 0.019965097308158875,
          "y": -0.06466164439916611,
          "z": 0.5584341883659363
        },
        "tail": {
          "x": 0.035823605954647064,
          "y": -0.12176807224750519,
          "z": 0.6420887112617493
        }
      },
      "world_space": {
        "head": {
          "x": 0.019965097308158875,
          "y": -0.0014176443219184875,
          "z": 1.5082881450653076
        },
        "tail": {
          "x": 0.035823605954647064,
          "y": -0.05852407217025757,
          "z": 1.5919427871704102
        },
        "rotation_quaternion": {
          "w": 0.4658466577529907,
          "x": 0.8814510107040405,
          "y": 0.06690841168165207,
          "z": -0.03942480683326721
        },
        "matrix": [
          [
            0.9879379272460938,
            0.15468493103981018,
            -0.007163330912590027,
            0.019965097308158875
          ],
          [
            0.08122165501117706,
            -0.5570199489593506,
            -0.8265180587768555,
            -0.0014176443219184875
          ],
          [
            -0.13184083998203278,
            0.8159716725349426,
            -0.5628696084022522,
            1.5082881450653076
          ],
          [
            0.0,
            0.0,
            0.0,
            1.0
          ]
        ]
      },
      "bone_length_armature_space": 0.10252178165731493,
      "parent": "spine_01",
      "has_children": true,
      "is_end_bone": false
    },
    "head": {
      "name": "head",
      "local": {
        "location": {
          "x": 0.0,
          "y": 0.0,
          "z": 0.0
        },
        "rotation_quaternion": {
          "w": 0.9713320732116699,
          "x": 0.009075578302145004,
          "y": -0.16035766899585724,
          "z": -0.1752629429101944
        },
        "scale": {
          "x": 1.0,
          "y": 1.0,
          "z": 1.0
        },
        "matrix_basis": [
          [
            0.8871366381645203,
            0.3375663459300995,
            -0.3147023320198059,
            0.0
          ],
          [
            -0.3433877229690552,
            0.9384010434150696,
            0.038578715175390244,
            0.0
          ],
          [
            0.3083398640155792,
            0.07384031265974045,
            0.9484061002731323,
            0.0
          ],
          [
            0.0,
            0.0,
            0.0,
            1.0
          ]
        ],
        "rotation_mode": "QUATERNION"
      },
      "armature_space": {
        "head": {
          "x": 0.03582359105348587,
          "y": -0.12176816165447235,
          "z": 0.6420885920524597
        },
        "tail": {
          "x": 0.10936363786458969,
          "y": -0.16091787815093994,
          "z": 0.7729028463363647
        }
      },
      "world_space": {
        "head": {
          "x": 0.03582359105348587,
          "y": -0.05852416157722473,
          "z": 1.591942548751831
        },
        "tail": {
          "x": 0.10936363786458969,
          "y": -0.09767387807369232,
          "z": 1.7227568626403809
        },
        "rotation_quaternion": {
          "w": 0.6019564867019653,
          "x": 0.7469960451126099,
          "y": 0.10692384093999863,
          "z": -0.26117560267448425
        },
        "matrix": [
          [
            0.840709924697876,
            0.47417595982551575,
            -0.26146551966667175,
            0.03582359105348587
          ],
          [
            -0.1546870470046997,
            -0.2524318993091583,
            -0.9551703333854675,
            -0.05852416157722473
          ],
          [
            -0.5189247727394104,
            0.843471884727478,
            -0.1388750672340393,
            1.591942548751831
          ],
          [
            0.0,
            0.0,
            0.0,
            1.0
          ]
        ]
      },
      "bone_length_armature_space": 0.1550909651856332,
      "parent": "neck_01",
      "has_children": false,
      "is_end_bone": true
    },
    "upperarm_l": {
      "name": "upperarm_l",
      "local": {
        "location": {
          "x": 0.0,
          "y": 0.0,
          "z": 0.0
        },
        "rotation_quaternion": {
          "w": 0.9058513641357422,
          "x": 0.32688087224960327,
          "y": -0.10231678932905197,
          "z": 0.24922610819339752
        },
        "scale": {
          "x": 1.0,
          "y": 1.0,
          "z": 1.0
        },
        "matrix_basis": [
          [
            0.8548352718353271,
            -0.5184144377708435,
            -0.02243311144411564,
            0.0
          ],
          [
            0.38463282585144043,
            0.6620705127716064,
            -0.6432110071182251,
            0.0
          ],
          [
            0.34830209612846375,
            0.541210949420929,
            0.7653603553771973,
            0.0
          ],
          [
            0.0,
            0.0,
            0.0,
            1.0
          ]
        ],
        "rotation_mode": "QUATERNION"
      },
      "armature_space": {
        "head": {
          "x": 0.1679922342300415,
          "y": -0.056825850158929825,
          "z": 0.4873448610305786
        },
        "tail": {
          "x": 0.3641868829727173,
          "y": -0.19557105004787445,
          "z": 0.6059417724609375
        }
      },
      "world_space": {
        "head": {
          "x": 0.1679922342300415,
          "y": 0.006418149918317795,
          "z": 1.4371988773345947
        },
        "tail": {
          "x": 0.3641868829727173,
          "y": -0.13232704997062683,
          "z": 1.5557957887649536
        },
        "rotation_quaternion": {
          "w": 0.4582262635231018,
          "x": 0.6884858012199402,
          "y": 0.17648492753505707,
          "z": -0.5337314605712891
        },
        "matrix": [
          [
            0.3679687976837158,
            0.7321531176567078,
            -0.5731936097145081,
            0.1679922342300415
          ],
          [
            -0.24612367153167725,
            -0.5177650451660156,
            -0.8193550705909729,
            0.006418149918317795
          ],
          [
            -0.8966794610023499,
            0.44257616996765137,
            -0.010321907699108124,
            1.4371988773345947
          ],
          [
            0.0,
            0.0,
            0.0,
            1.0
          ]
        ]
      },
      "bone_length_armature_space": 0.26796977241754805,
      "parent": "spine_01",
      "has_children": true,
      "is_end_bone": false
    },
    "lowerarm_l": {
      "name": "lowerarm_l",
      "local": {
        "location": {
          "x": 0.0,
          "y": 0.0,
          "z": 0.0
        },
        "rotation_quaternion": {
          "w": 0.9838358163833618,
          "x": 0.051952723413705826,
          "y": -0.05149988830089569,
          "z": 0.16344955563545227
        },
        "scale": {
          "x": 1.0,
          "y": 1.0,
          "z": 1.0
        },
        "matrix_basis": [
          [
            0.9412640333175659,
            -0.32696616649627686,
            -0.0843515694141388,
            0.0
          ],
          [
            0.31626394391059875,
            0.941170334815979,
            -0.11906116455793381,
            0.0
          ],
          [
            0.11831817030906677,
            0.08539063483476639,
            0.9892973303794861,
            0.0
          ],
          [
            0.0,
            0.0,
            0.0,
            1.0
          ]
        ],
        "rotation_mode": "QUATERNION"
      },
      "armature_space": {
        "head": {
          "x": 0.3641868829727173,
          "y": -0.19557110965251923,
          "z": 0.605941891670227
        },
        "tail": {
          "x": 0.47943180799484253,
          "y": -0.32628411054611206,
          "z": 0.8089261054992676
        }
      },
      "world_space": {
        "head": {
          "x": 0.3641868829727173,
          "y": -0.1323271095752716,
          "z": 1.5557959079742432
        },
        "tail": {
          "x": 0.47943180799484253,
          "y": -0.26304012537002563,
          "z": 1.7587801218032837
        },
        "rotation_quaternion": {
          "w": 0.49993476271629333,
          "x": 0.6777969002723694,
          "y": -0.0759119838476181,
          "z": -0.5337547063827515
        },
        "matrix": [
          [
            0.4186866283416748,
            0.4307827353477478,
            -0.7994546890258789,
            0.3641868829727173
          ],
          [
            -0.6365914344787598,
            -0.48860201239585876,
            -0.596673846244812,
            -0.1323271095752716
          ],
          [
            -0.6476571559906006,
            0.7587501406669617,
            0.06966155767440796,
            1.5557959079742432
          ],
          [
            0.0,
            0.0,
            0.0,
            1.0
          ]
        ]
      },
      "bone_length_armature_space": 0.267525460636423,
      "parent": "upperarm_l",
      "has_children": true,
      "is_end_bone": false
    },
    "metacarpal_thumb_l": {
      "name": "metacarpal_thumb_l",
      "local": {
        "location": {
          "x": 0.0,
          "y": 0.0,
          "z": 0.0
        },
        "rotation_quaternion": {
          "w": 0.9994078874588013,
          "x": -0.025420915335416794,
          "y": -0.013970764353871346,
          "z": -0.018505696207284927
        },
        "scale": {
          "x": 1.0,
          "y": 1.0,
          "z": 1.0
        },
        "matrix_basis": [
          [
            0.998924732208252,
            0.037699777632951736,
            -0.026984119787812233,
            0.0
          ],
          [
            -0.03627917915582657,
            0.9980226159095764,
            0.05132880434393883,
            0.0
          ],
          [
            0.02886584773659706,
            -0.050294648855924606,
            0.9983171820640564,
            0.0
          ],
          [
            0.0,
            0.0,
            0.0,
            1.0
          ]
        ],
        "rotation_mode": "QUATERNION"
      },
      "armature_space": {
        "head": {
          "x": 0.47943180799484253,
          "y": -0.32628411054611206,
          "z": 0.8089261054992676
        },
        "tail": {
          "x": 0.4775579571723938,
          "y": -0.36687296628952026,
          "z": 0.8372567892074585
        }
      },
      "world_space": {
        "head": {
          "x": 0.47943180799484253,
          "y": -0.26304012537002563,
          "z": 1.7587801218032837
        },
        "tail": {
          "x": 0.4775579571723938,
          "y": -0.30362898111343384,
          "z": 1.7871108055114746
        },
        "rotation_quaternion": {
          "w": 0.2984967529773712,
          "x": 0.9381886720657349,
          "y": 0.03449598699808121,
          "z": 0.17179006338119507
        },
        "matrix": [
          [
            0.9385965466499329,
            -0.03783007711172104,
            0.3429366946220398,
            0.47943180799484253
          ],
          [
            0.16728511452674866,
            -0.819419264793396,
            -0.5482406616210938,
            -0.26304012537002563
          ],
          [
            0.3017510771751404,
            0.5719480514526367,
            -0.76278156042099,
            1.7587801218032837
          ],
          [
            0.0,
            0.0,
            0.0,
            1.0
          ]
        ]
      },
      "bone_length_armature_space": 0.049533768619568874,
      "parent": "lowerarm_l",
      "has_children": true,
      "is_end_bone": false
    },
    "thumb_01_l": {
      "name": "thumb_01_l",
      "local": {
        "location": {
          "x": 0.0,
          "y": 0.0,
          "z": 0.0
        },
        "rotation_quaternion": {
          "w": 0.9990262389183044,
          "x": 0.04373418167233467,
          "y": 0.00033873412758111954,
          "z": 0.0058119394816458225
        },
        "scale": {
          "x": 1.0,
          "y": 1.0,
          "z": 1.0
        },
        "matrix_basis": [
          [
            0.9999322295188904,
            -0.011582931503653526,
            0.001185169443488121,
            0.0
          ],
          [
            0.011642188765108585,
            0.9961071014404297,
            -0.08737925440073013,
            0.0
          ],
          [
            -0.00016844773199409246,
            0.08738712966442108,
            0.9961743950843811,
            0.0
          ],
          [
            0.0,
            0.0,
            0.0,
            1.0
          ]
        ],
        "rotation_mode": "QUATERNION"
      },
      "armature_space": {
        "head": {
          "x": 0.4775579571723938,
          "y": -0.36687296628952026,
          "z": 0.8372567892074585
        },
        "tail": {
          "x": 0.484432578086853,
          "y": -0.39943575859069824,
          "z": 0.8301132321357727
        }
      },
      "world_space": {
        "head": {
          "x": 0.4775579571723938,
          "y": -0.30362898111343384,
          "z": 1.7871108055114746
        },
        "tail": {
          "x": 0.484432578086853,
          "y": -0.3361917734146118,
          "z": 1.7799673080444336
        },
        "rotation_quaternion": {
          "w": 0.14525671303272247,
          "x": -0.5910703539848328,
          "y": 0.024052273482084274,
          "z": -0.7930686473846436
        },
        "matrix": [
          [
            -0.25907257199287415,
            0.20196563005447388,
            0.9445059299468994,
            0.4775579571723938
          ],
          [
            -0.25883015990257263,
            -0.9566438794136047,
            0.1335654854774475,
            -0.30362898111343384
          ],
          [
            0.9305374622344971,
            -0.20986592769622803,
            0.3001171350479126,
            1.7871108055114746
          ],
          [
            0.0,
            0.0,
            0.0,
            1.0
          ]
        ]
      },
      "bone_length_armature_space": 0.034038599438115595,
      "parent": "metacarpal_thumb_l",
      "has_children": true,
      "is_end_bone": false
    },
    "thumb_02_l": {
      "name": "thumb_02_l",
      "local": {
        "location": {
          "x": 0.0,
          "y": 0.0,
          "z": 0.0
        },
        "rotation_quaternion": {
          "w": 0.9931608438491821,
          "x": 0.11655522882938385,
          "y": -0.0016024615615606308,
          "z": -0.006629359908401966
        },
        "scale": {
          "x": 1.0,
          "y": 1.0,
          "z": 1.0
        },
        "matrix_basis": [
          [
            0.9999069571495056,
            0.012794490903615952,
            -0.00472837733104825,
            0.0
          ],
          [
            -0.01354159228503704,
            0.9727418422698975,
            -0.2314949333667755,
            0.0
          ],
          [
            0.0016376309795305133,
            0.23153743147850037,
            0.9728246331214905,
            0.0
          ],
          [
            0.0,
            0.0,
            0.0,
            1.0
          ]
        ],
        "rotation_mode": "QUATERNION"
      },
      "armature_space": {
        "head": {
          "x": 0.48443254828453064,
          "y": -0.39943572878837585,
          "z": 0.8301132321357727
        },
        "tail": {
          "x": 0.5050918459892273,
          "y": -0.41348573565483093,
          "z": 0.8615613579750061
        }
      },
      "world_space": {
        "head": {
          "x": 0.48443254828453064,
          "y": -0.33619171380996704,
          "z": 1.7799673080444336
        },
        "tail": {
          "x": 0.5050918459892273,
          "y": -0.3502417206764221,
          "z": 1.811415433883667
        },
        "rotation_quaternion": {
          "w": 0.21365146338939667,
          "x": -0.16091333329677582,
          "y": -0.5286272168159485,
          "z": -0.8056135177612305
        },
        "matrix": [
          [
            -0.8569198250770569,
            0.5143677592277527,
            0.0333821177482605,
            0.48443254828453064
          ],
          [
            -0.17411679029464722,
            -0.34981226921081543,
            0.9204971194267273,
            -0.33619171380996704
          ],
          [
            0.4851546585559845,
            0.782984733581543,
            0.389324814081192,
            1.7799673080444336
          ],
          [
            0.0,
            0.0,
            0.0,
            1.0
          ]
        ]
      },
      "bone_length_armature_space": 0.04016458466081811,
      "parent": "thumb_01_l",
      "has_children": true,
      "is_end_bone": false
    },
    "thumb_03_l": {
      "name": "thumb_03_l",
      "local": {
        "location": {
          "x": 0.0,
          "y": 0.0,
          "z": 0.0
        },
        "rotation_quaternion": {
          "w": 0.9971784949302673,
          "x": 0.0747898519039154,
          "y": 0.006456021219491959,
          "z": 0.0001675639214226976
        },
        "scale": {
          "x": 1.0,
          "y": 1.0,
          "z": 1.0
        },
        "matrix_basis": [
          [
            0.9999166131019592,
            0.0006315074861049652,
            0.012900675646960735,
            0.0
          ],
          [
            0.001299872063100338,
            0.9888129234313965,
            -0.14915549755096436,
            0.0
          ],
          [
            -0.012850547209382057,
            0.14915983378887177,
            0.9887295961380005,
            0.0
          ],
          [
            0.0,
            0.0,
            0.0,
            1.0
          ]
        ],
        "rotation_mode": "QUATERNION"
      },
      "armature_space": {
        "head": {
          "x": 0.5050917267799377,
          "y": -0.4134857952594757,
          "z": 0.8615613579750061
        },
        "tail": {
          "x": 0.522389829158783,
          "y": -0.4113750457763672,
          "z": 0.8865257501602173
        }
      },
      "world_space": {
        "head": {
          "x": 0.5050917267799377,
          "y": -0.3502417802810669,
          "z": 1.811415433883667
        },
        "tail": {
          "x": 0.522389829158783,
          "y": -0.34813106060028076,
          "z": 1.8363797664642334
        },
        "rotation_quaternion": {
          "w": 0.4152321517467499,
          "x": -0.0013898868346586823,
          "y": -0.6018691062927246,
          "z": -0.6821539402008057
        },
        "matrix": [
          [
            -0.6551584601402283,
            0.5681777596473694,
            -0.49793726205825806,
            0.5050917267799377
          ],
          [
            -0.5648341178894043,
            0.06932999193668365,
            0.8222872018814087,
            -0.3502417802810669
          ],
          [
            0.5017300844192505,
            0.8199859261512756,
            0.2755069136619568,
            1.811415433883667
          ],
          [
            0.0,
            0.0,
            0.0,
            1.0
          ]
        ]
      },
      "bone_length_armature_space": 0.03044504017591822,
      "parent": "thumb_02_l",
      "has_children": false,
      "is_end_bone": true
    },
    "metacarpal_index_l": {
      "name": "metacarpal_index_l",
      "local": {
        "location": {
          "x": 0.0,
          "y": 0.0,
          "z": 0.0
        },
        "rotation_quaternion": {
          "w": 0.9983051419258118,
          "x": -0.05629126355051994,
          "y": 0.006305414717644453,
          "z": 0.013357779011130333
        },
        "scale": {
          "x": 1.0,
          "y": 1.0,
          "z": 1.0
        },
        "matrix_basis": [
          [
            0.9995636343955994,
            -0.027380159124732018,
            0.011085603386163712,
            0.0
          ],
          [
            0.025960398837924004,
            0.9933057427406311,
            0.11256016790866852,
            0.0
          ],
          [
            -0.014093308709561825,
            -0.11222326010465622,
            0.993583083152771,
            0.0
          ],
          [
            0.0,
            0.0,
            0.0,
            1.0
          ]
        ],
        "rotation_mode": "QUATERNION"
      },
      "armature_space": {
        "head": {
          "x": 0.47943180799484253,
          "y": -0.32628411054611206,
          "z": 0.8089261054992676
        },
        "tail": {
          "x": 0.5005801916122437,
          "y": -0.3956003189086914,
          "z": 0.9009985327720642
        }
      },
      "world_space": {
        "head": {
          "x": 0.47943180799484253,
          "y": -0.26304012537002563,
          "z": 1.7587801218032837
        },
        "tail": {
          "x": 0.5005801916122437,
          "y": -0.332356333732605,
          "z": 1.8508524894714355
        },
        "rotation_quaternion": {
          "w": 0.4496200680732727,
          "x": 0.8850709795951843,
          "y": 0.045306988060474396,
          "z": -0.11152829229831696
        },
        "matrix": [
          [
            0.9710175395011902,
            0.18049053847789764,
            -0.1566782146692276,
            0.47943180799484253
          ],
          [
            -0.02009022794663906,
            -0.59157794713974,
            -0.8059976696968079,
            -0.26304012537002563
          ],
          [
            -0.23816417157649994,
            0.7857904434204102,
            -0.5708113312721252,
            1.7587801218032837
          ],
          [
            0.0,
            0.0,
            0.0,
            1.0
          ]
        ]
      },
      "bone_length_armature_space": 0.1171721943903503,
      "parent": "lowerarm_l",
      "has_children": true,
      "is_end_bone": false
    },
    "index_01_l": {
      "name": "index_01_l",
      "local": {
        "location": {
          "x": 0.0,
          "y": 0.0,
          "z": 0.0
        },
        "rotation_quaternion": {
          "w": 0.9957032203674316,
          "x": -0.09094257652759552,
          "y": -0.011974110268056393,
          "z": 0.01269931998103857
        },
        "scale": {
          "x": 1.0,
          "y": 1.0,
          "z": 1.0
        },
        "matrix_basis": [
          [
            0.999390721321106,
            -0.02311159484088421,
            -0.0261551383882761,
            0.0
          ],
          [
            0.02746742032468319,
            0.9831363558769226,
            0.18079949915409088,
            0.0
          ],
          [
            0.02153550274670124,
            -0.18140776455402374,
            0.9831721186637878,
            0.0
          ],
          [
            0.0,
            0.0,
            0.0,
            1.0
          ]
        ],
        "rotation_mode": "QUATERNION"
      },
      "armature_space": {
        "head": {
          "x": 0.5005801916122437,
          "y": -0.3956003189086914,
          "z": 0.9009985327720642
        },
        "tail": {
          "x": 0.5150805711746216,
          "y": -0.40382128953933716,
          "z": 0.9241335988044739
        }
      },
      "world_space": {
        "head": {
          "x": 0.5005801916122437,
          "y": -0.332356333732605,
          "z": 1.8508524894714355
        },
        "tail": {
          "x": 0.5150805711746216,
          "y": -0.34057730436325073,
          "z": 1.8739876747131348
        },
        "rotation_quaternion": {
          "w": 0.556950032711029,
          "x": 0.7876049876213074,
          "y": 0.21366265416145325,
          "z": -0.15438050031661987
        },
        "matrix": [
          [
            0.8610296845436096,
            0.5085283517837524,
            -0.005180783569812775,
            0.5005801916122437
          ],
          [
            0.16460150480270386,
            -0.28830963373184204,
            -0.94328373670578,
            -0.332356333732605
          ],
          [
            -0.48118355870246887,
            0.8113478422164917,
            -0.33195099234580994,
            1.8508524894714355
          ],
          [
            0.0,
            0.0,
            0.0,
            1.0
          ]
        ]
      },
      "bone_length_armature_space": 0.028514498322377294,
      "parent": "metacarpal_index_l",
      "has_children": true,
      "is_end_bone": false
    },
    "index_02_l": {
      "name": "index_02_l",
      "local": {
        "location": {
          "x": 0.0,
          "y": 0.0,
          "z": 0.0
        },
        "rotation_quaternion": {
          "w": 0.9877349138259888,
          "x": 0.15588849782943726,
          "y": 0.0003625497920438647,
          "z": -0.008860204368829727
        },
        "scale": {
          "x": 1.0,
          "y": 1.0,
          "z": 1.0
        },
        "matrix_basis": [
          [
            0.9998427033424377,
            0.01761610060930252,
            -0.0020462016109377146,
            0.0
          ],
          [
            -0.01739003136754036,
            0.9512405395507812,
            -0.3079594373703003,
            0.0
          ],
          [
            -0.0034786141477525234,
            0.3079465925693512,
            0.9513972997665405,
            0.0
          ],
          [
            0.0,
            0.0,
            0.0,
            1.0
          ]
        ],
        "rotation_mode": "QUATERNION"
      },
      "armature_space": {
        "head": {
          "x": 0.5150805711746216,
          "y": -0.403821736574173,
          "z": 0.9241338968276978
        },
        "tail": {
          "x": 0.5281803011894226,
          "y": -0.41747793555259705,
          "z": 0.9414544105529785
        }
      },
      "world_space": {
        "head": {
          "x": 0.5150805711746216,
          "y": -0.34057772159576416,
          "z": 1.8739879131317139
        },
        "tail": {
          "x": 0.5281803011894226,
          "y": -0.35423392057418823,
          "z": 1.8913084268569946
        },
        "rotation_quaternion": {
          "w": 0.4465731382369995,
          "x": 0.8472556471824646,
          "y": 0.1854819804430008,
          "z": -0.21983349323272705
        },
        "matrix": [
          [
            0.834539532661438,
            0.5106449127197266,
            -0.20684634149074554,
            0.5150805711746216
          ],
          [
            0.1179594174027443,
            -0.5323376059532166,
            -0.8382735848426819,
            -0.34057772159576416
          ],
          [
            -0.5381760597229004,
            0.6751770377159119,
            -0.5044965744018555,
            1.8739879131317139
          ],
          [
            0.0,
            0.0,
            0.0,
            1.0
          ]
        ]
      },
      "bone_length_armature_space": 0.025653360071637554,
      "parent": "index_01_l",
      "has_children": true,
      "is_end_bone": false
    },
    "index_03_l": {
      "name": "index_03_l",
      "local": {
        "location": {
          "x": 0.0,
          "y": 0.0,
          "z": 0.0
        },
        "rotation_quaternion": {
          "w": 0.9706376791000366,
          "x": 0.24031037092208862,
          "y": -0.0058022779412567616,
          "z": -0.008938165381550789
        },
        "scale": {
          "x": 1.0,
          "y": 1.0,
          "z": 1.0
        },
        "matrix_basis": [
          [
            0.9997729063034058,
            0.01456274464726448,
            -0.015559687279164791,
            0.0
          ],
          [
            -0.020140135660767555,
            0.8843420743942261,
            -0.46640488505363464,
            0.0
          ],
          [
            0.0069679515436291695,
            0.4666123390197754,
            0.8844345211982727,
            0.0
          ],
          [
            0.0,
            0.0,
            0.0,
            1.0
          ]
        ],
        "rotation_mode": "QUATERNION"
      },
      "armature_space": {
        "head": {
          "x": 0.5281802415847778,
          "y": -0.4174778163433075,
          "z": 0.9414544701576233
        },
        "tail": {
          "x": 0.5404017567634583,
          "y": -0.44321736693382263,
          "z": 0.9479230046272278
        }
      },
      "world_space": {
        "head": {
          "x": 0.5281802415847778,
          "y": -0.3542338013648987,
          "z": 1.8913085460662842
        },
        "tail": {
          "x": 0.5404017567634583,
          "y": -0.3799733519554138,
          "z": 1.8977770805358887
        },
        "rotation_quaternion": {
          "w": 0.17043016850948334,
          "x": 0.9302489757537842,
          "y": 0.17461208999156952,
          "z": -0.27404600381851196
        },
        "matrix": [
          [
            0.7888188362121582,
            0.4182771146297455,
            -0.45034313201904297,
            0.5281802415847778
          ],
          [
            0.23145416378974915,
            -0.8809282183647156,
            -0.4127891957759857,
            -0.3542338013648987
          ],
          [
            -0.5693840980529785,
            0.22138261795043945,
            -0.791710615158081,
            1.8913085460662842
          ],
          [
            0.0,
            0.0,
            0.0,
            1.0
          ]
        ]
      },
      "bone_length_armature_space": 0.029218690078942927,
      "parent": "index_02_l",
      "has_children": false,
      "is_end_bone": true
    },
    "metacarpal_pinky_l": {
      "name": "metacarpal_pinky_l",
      "local": {
        "location": {
          "x": 0.0,
          "y": 0.0,
          "z": 0.0
        },
        "rotation_quaternion": {
          "w": 0.9999088048934937,
          "x": -0.005169698968529701,
          "y": -0.007965010590851307,
          "z": -0.009607949294149876
        },
        "scale": {
          "x": 1.0,
          "y": 1.0,
          "z": 1.0
        },
        "matrix_basis": [
          [
            0.9996885061264038,
            0.019296498969197273,
            -0.01582922786474228,
            0.0
          ],
          [
            -0.019131792709231377,
            0.9997619390487671,
            0.010491509921848774,
            0.0
          ],
          [
            0.01602790877223015,
            -0.010185400024056435,
            0.9998196363449097,
            0.0
          ],
          [
            0.0,
            0.0,
            0.0,
            1.0
          ]
        ],
        "rotation_mode": "QUATERNION"
      },
      "armature_space": {
        "head": {
          "x": 0.47943180799484253,
          "y": -0.32628411054611206,
          "z": 0.8089261054992676
        },
        "tail": {
          "x": 0.5472743511199951,
          "y": -0.35841143131256104,
          "z": 0.8810961246490479
        }
      },
      "world_space": {
        "head": {
          "x": 0.47943180799484253,
          "y": -0.26304012537002563,
          "z": 1.7587801218032837
        },
        "tail": {
          "x": 0.5472743511199951,
          "y": -0.2951674461364746,
          "z": 1.830950140953064
        },
        "rotation_quaternion": {
          "w": 0.4707084894180298,
          "x": 0.1397814154624939,
          "y": -0.35237574577331543,
          "z": -0.7966969609260559
        },
        "matrix": [
          [
            -0.517787754535675,
            0.6515130400657654,
            -0.5544607639312744,
            0.47943180799484253
          ],
          [
            -0.848536491394043,
            -0.3085286617279053,
            0.4298793077468872,
            -0.26304012537002563
          ],
          [
            0.10900506377220154,
            0.6930708289146423,
            0.7125903367996216,
            1.7587801218032837
          ],
          [
            0.0,
            0.0,
            0.0,
            1.0
          ]
        ]
      },
      "bone_length_armature_space": 0.10413110592943582,
      "parent": "lowerarm_l",
      "has_children": true,
      "is_end_bone": false
    },
    "pinky_01_l": {
      "name": "pinky_01_l",
      "local": {
        "location": {
          "x": 0.0,
          "y": 0.0,
          "z": 0.0
        },
        "rotation_quaternion": {
          "w": 0.9993796944618225,
          "x": 0.03486640006303787,
          "y": -0.004335528239607811,
          "z": 0.002432119334116578
        },
        "scale": {
          "x": 1.0,
          "y": 1.0,
          "z": 1.0
        },
        "matrix_basis": [
          [
            0.9999505877494812,
            -0.0051635499112308025,
            -0.008496079593896866,
            0.0
          ],
          [
            0.004558892920613289,
            0.9975568652153015,
            -0.0697106346487999,
            0.0
          ],
          [
            0.00883527658879757,
            0.06966845691204071,
            0.9975310564041138,
            0.0
          ],
          [
            0.0,
            0.0,
            0.0,
            1.0
          ]
        ],
        "rotation_mode": "QUATERNION"
      },
      "armature_space": {
        "head": {
          "x": 0.5472743511199951,
          "y": -0.35841143131256104,
          "z": 0.8810961246490479
        },
        "tail": {
