{
  "metadata": {
    "armature_name": "KIM_caucasian_male",
    "export_time": "2026-01-13T20:26:13.311442",
    "blender_version": "4.4.1",
    "bone_count": 56,
    "end_bone_count": 13,
    "spaces_included": [
      "LOCAL_CHANNELS",
      "ARMATURE_SPACE",
      "WORLD_SPACE"
    ],
    "note": "LOCAL matches Transform panel; replay pose via local.matrix_basis for best fidelity."
  },
  "bones": {
    "Root": {
      "name": "Root",
      "local": {
        "location": {
          "x": 0.0,
          "y": 0.0,
          "z": 0.0
        },
        "rotation_quaternion": {
          "w": 0.999820351600647,
          "x": -0.013575783930718899,
          "y": 0.013032662682235241,
          "z": 0.0022775803226977587
        },
        "scale": {
          "x": 1.0,
          "y": 1.0,
          "z": 1.0
        },
        "matrix_basis": [
          [
            0.9996499419212341,
            -0.004908199422061443,
            0.025998802855610847,
            0.0
          ],
          [
            0.004200485069304705,
            0.9996210336685181,
            0.02720605581998825,
            0.0
          ],
          [
            -0.026122482493519783,
            -0.027087323367595673,
            0.999291718006134,
            0.0
          ],
          [
            0.0,
            0.0,
            0.0,
            1.0
          ]
        ],
        "rotation_mode": "QUATERNION"
      },
      "armature_space": {
        "head": {
          "x": 0.0,
          "y": 0.07072800397872925,
          "z": -0.009595036506652832
        },
        "tail": {
          "x": -0.00035032699815928936,
          "y": 0.00028671324253082275,
          "z": 0.0019122082740068436
        }
      },
      "world_space": {
        "head": {
          "x": 0.0,
          "y": 0.13397200405597687,
          "z": 0.9402589797973633
        },
        "tail": {
          "x": -0.00035032699815928936,
          "y": 0.06353071331977844,
          "z": 0.9517662525177002
        },
        "rotation_quaternion": {
          "w": 0.08090049028396606,
          "x": 0.9966343641281128,
          "y": -0.0013944230740889907,
          "z": 0.013156491331756115
        },
        "matrix": [
          [
            0.9996499419212341,
            -0.004908199422061443,
            0.025998802855610847,
            0.0
          ],
          [
            -0.0006507209036499262,
            -0.9869062900543213,
            -0.16129358112812042,
            0.13397200405597687
          ],
          [
            0.026450226083397865,
            0.16122038662433624,
            -0.9865710735321045,
            0.9402589797973633
          ],
          [
            0.0,
            0.0,
            0.0,
            1.0
          ]
        ]
      },
      "bone_length_armature_space": 0.0713758698306427,
      "parent": null,
      "has_children": true,
      "is_end_bone": false
    },
    "spine_01": {
      "name": "spine_01",
      "local": {
        "location": {
          "x": 0.0,
          "y": 0.0,
          "z": 0.0
        },
        "rotation_quaternion": {
          "w": 0.9978981018066406,
          "x": -0.05131300911307335,
          "y": -0.03705625236034393,
          "z": 0.013904295861721039
        },
        "scale": {
          "x": 1.0,
          "y": 1.0,
          "z": 1.0
        },
        "matrix_basis": [
          [
            0.9968670010566711,
            -0.023947205394506454,
            -0.07538367062807083,
            0.0
          ],
          [
            0.03155307471752167,
            0.9943472743034363,
            0.10137982666492462,
            0.0
          ],
          [
            0.07252978533506393,
            -0.1034407913684845,
            0.9919876456260681,
            0.0
          ],
          [
            0.0,
            0.0,
            0.0,
            1.0
          ]
        ],
        "rotation_mode": "QUATERNION"
      },
      "armature_space": {
        "head": {
          "x": -0.00035032699815928936,
          "y": 0.00028671324253082275,
          "z": 0.0019122082740068436
        },
        "tail": {
          "x": -0.02467748150229454,
          "y": 0.08647146075963974,
          "z": 0.48162969946861267
        }
      },
      "world_space": {
        "head": {
          "x": -0.00035032699815928936,
          "y": 0.06353071331977844,
          "z": 0.9517662525177002
        },
        "tail": {
          "x": -0.02467748150229454,
          "y": 0.14971545338630676,
          "z": 1.4314837455749512
        },
        "rotation_quaternion": {
          "w": 0.7655709981918335,
          "x": 0.6415998339653015,
          "y": -0.046953387558460236,
          "z": -0.006792287342250347
        },
        "matrix": [
          [
            0.995498538017273,
            -0.04985060170292854,
            -0.0806078314781189,
            -0.00035032699815928936
          ],
          [
            -0.07065016776323318,
            0.1766076385974884,
            -0.9817426204681396,
            0.06353071331977844
          ],
          [
            0.06317678838968277,
            0.9830251932144165,
            0.17229098081588745,
            0.9517662525177002
          ],
          [
            0.0,
            0.0,
            0.0,
            1.0
          ]
        ]
      },
      "bone_length_armature_space": 0.488004601010352,
      "parent": "Root",
      "has_children": true,
      "is_end_bone": false
    },
    "neck_01": {
      "name": "neck_01",
      "local": {
        "location": {
          "x": 0.0,
          "y": 0.0,
          "z": 0.0
        },
        "rotation_quaternion": {
          "w": 0.9967299699783325,
          "x": 0.06625377386808395,
          "y": -0.04072830453515053,
          "z": 0.021936435252428055
        },
        "scale": {
          "x": 1.0,
          "y": 1.0,
          "z": 1.0
        },
        "matrix_basis": [
          [
            0.9957199692726135,
            -0.04912621155381203,
            -0.07828350365161896,
            0.0
          ],
          [
            0.03833259642124176,
            0.9902584552764893,
            -0.13386110961437225,
            0.0
          ],
          [
            0.0840969830751419,
            0.13028737902641296,
            0.9879032969474792,
            0.0
          ],
          [
            0.0,
            0.0,
            0.0,
            1.0
          ]
        ],
        "rotation_mode": "QUATERNION"
      },
      "armature_space": {
        "head": {
          "x": -0.031122980639338493,
          "y": 0.06535512953996658,
          "z": 0.5595804452896118
        },
        "tail": {
          "x": -0.04469294473528862,
          "y": 0.03141583129763603,
          "z": 0.6553652286529541
        }
      },
      "world_space": {
        "head": {
          "x": -0.031122980639338493,
          "y": 0.1285991370677948,
          "z": 1.509434461593628
        },
        "tail": {
          "x": -0.04469294473528862,
          "y": 0.09465983510017395,
          "z": 1.6052192449569702
        },
        "rotation_quaternion": {
          "w": 0.571255624294281,
          "x": 0.8156926035881042,
          "y": -0.0902424082159996,
          "z": -0.013004622422158718
        },
        "matrix": [
          [
            0.983374297618866,
            -0.13236235082149506,
            -0.12431912124156952,
            -0.031122980639338493
          ],
          [
            -0.1620786190032959,
            -0.3310461938381195,
            -0.9295910000801086,
            0.1285991370677948
          ],
          [
            0.0818878710269928,
            0.9342913627624512,
            -0.3469986319541931,
            1.509434461593628
          ],
          [
            0.0,
            0.0,
            0.0,
            1.0
          ]
        ]
      },
      "bone_length_armature_space": 0.10252192402277721,
      "parent": "spine_01",
      "has_children": true,
      "is_end_bone": false
    },
    "head": {
      "name": "head",
      "local": {
        "location": {
          "x": 0.0,
          "y": 0.0,
          "z": 0.0
        },
        "rotation_quaternion": {
          "w": 0.9668896198272705,
          "x": 0.013758511282503605,
          "y": 0.15018217265605927,
          "z": 0.20586523413658142
        },
        "scale": {
          "x": 1.0,
          "y": 1.0,
          "z": 1.0
        },
        "matrix_basis": [
          [
            0.8701296448707581,
            -0.39396536350250244,
            0.2960839569568634,
            0.0
          ],
          [
            0.40223047137260437,
            0.9148604273796082,
            0.03522865101695061,
            0.0
          ],
          [
            -0.28475436568260193,
            0.08844050019979477,
            0.9545120596885681,
            0.0
          ],
          [
            0.0,
            0.0,
            0.0,
            1.0
          ]
        ],
        "rotation_mode": "QUATERNION"
      },
      "armature_space": {
        "head": {
          "x": -0.044692955911159515,
          "y": 0.03141571581363678,
          "z": 0.6553651094436646
        },
        "tail": {
          "x": -0.11825229972600937,
          "y": 0.03187703341245651,
          "z": 0.7919009923934937
        }
      },
      "world_space": {
        "head": {
          "x": -0.044692955911159515,
          "y": 0.0946597158908844,
          "z": 1.6052191257476807
        },
        "tail": {
          "x": -0.11825229972600937,
          "y": 0.09512103348970413,
          "z": 1.7417550086975098
        },
        "rotation_quaternion": {
          "w": 0.6976214051246643,
          "x": 0.6698876023292542,
          "y": -0.12170128524303436,
          "z": 0.2230779379606247
        },
        "matrix": [
          [
            0.8708497285842896,
            -0.474300354719162,
            0.12907372415065765,
            -0.044692955911159515
          ],
          [
            0.14819864928722382,
            0.0029745101928710938,
            -0.9889534115791321,
            0.0946597158908844
          ],
          [
            0.46868032217025757,
            0.8803643584251404,
            0.07288065552711487,
            1.6052191257476807
          ],
          [
            0.0,
            0.0,
            0.0,
            1.0
          ]
        ]
      },
      "bone_length_armature_space": 0.1550910616627236,
      "parent": "neck_01",
      "has_children": false,
      "is_end_bone": true
    },
    "upperarm_l": {
      "name": "upperarm_l",
      "local": {
        "location": {
          "x": 0.0,
          "y": 0.0,
          "z": 0.0
        },
        "rotation_quaternion": {
          "w": 0.6637473106384277,
          "x": 0.5460841655731201,
          "y": -0.08065623044967651,
          "z": 0.5047040581703186
        },
        "scale": {
          "x": 1.0,
          "y": 1.0,
          "z": 1.0
        },
        "matrix_basis": [
          [
            0.47753676772117615,
            -0.7580820918083191,
            0.4441510736942291,
            0.0
          ],
          [
            0.5819017291069031,
            -0.10586820542812347,
            -0.8063388466835022,
            0.0
          ],
          [
            0.6582924723625183,
            0.6435087323188782,
            0.39057332277297974,
            0.0
          ],
          [
            0.0,
            0.0,
            0.0,
            1.0
          ]
        ],
        "rotation_mode": "QUATERNION"
      },
      "armature_space": {
        "head": {
          "x": 0.12129508703947067,
          "y": 0.03975730016827583,
          "z": 0.503539502620697
        },
        "tail": {
          "x": 0.08002856373786926,
          "y": -0.09880302846431732,
          "z": 0.7291639447212219
        }
      },
      "world_space": {
        "head": {
          "x": 0.12129508703947067,
          "y": 0.10300129652023315,
          "z": 1.4533934593200684
        },
        "tail": {
          "x": 0.08002856373786926,
          "y": -0.0355590283870697,
          "z": 1.6790180206298828
        },
        "rotation_quaternion": {
          "w": 0.40086793899536133,
          "x": 0.7895326018333435,
          "y": -0.28419598937034607,
          "z": -0.3676627278327942
        },
        "matrix": [
          [
            0.5681138038635254,
            -0.15399713814258575,
            -0.8084131479263306,
            0.12129508703947067
          ],
          [
            -0.7435327172279358,
            -0.5170751214027405,
            -0.4240197539329529,
            0.10300129652023315
          ],
          [
            -0.35271555185317993,
            0.8419783115386963,
            -0.4082625210285187,
            1.4533934593200684
          ],
          [
            0.0,
            0.0,
            0.0,
            1.0
          ]
        ]
      },
      "bone_length_armature_space": 0.2679706686544823,
      "parent": "spine_01",
      "has_children": true,
      "is_end_bone": false
    },
    "lowerarm_l": {
      "name": "lowerarm_l",
      "local": {
        "location": {
          "x": 0.0,
          "y": 0.0,
          "z": 0.0
        },
        "rotation_quaternion": {
          "w": 0.9885641932487488,
          "x": 0.02034820429980755,
          "y": 0.08232690393924713,
          "z": -0.12469600886106491
        },
        "scale": {
          "x": 1.0,
          "y": 1.0,
          "z": 1.0
        },
        "matrix_basis": [
          [
            0.9553463459014893,
            0.24989043176174164,
            0.1576961725950241,
            0.0
          ],
          [
            -0.24318960309028625,
            0.9680737257003784,
            -0.0607626847922802,
            0.0
          ],
          [
            -0.16784553229808807,
            0.0196993388235569,
            0.9856164455413818,
            0.0
          ],
          [
            0.0,
            0.0,
            0.0,
            1.0
          ]
        ],
        "rotation_mode": "QUATERNION"
      },
      "armature_space": {
        "head": {
          "x": 0.08002843707799911,
          "y": -0.09880299866199493,
          "z": 0.7291640639305115
        },
        "tail": {
          "x": 0.030576631426811218,
          "y": -0.28687411546707153,
          "z": 0.9128854274749756
        }
      },
      "world_space": {
        "head": {
          "x": 0.08002843707799911,
          "y": -0.035558998584747314,
          "z": 1.6790180206298828
        },
        "tail": {
          "x": 0.030576631426811218,
          "y": -0.2236301153898239,
          "z": 1.8627394437789917
        },
        "rotation_quaternion": {
          "w": 0.30384182929992676,
          "x": 0.8500934839248657,
          "y": -0.2370181381702423,
          "z": -0.3589479923248291
        },
        "matrix": [
          [
            0.6299575567245483,
            -0.18484964966773987,
            -0.7543105483055115,
            0.08002843707799911
          ],
          [
            -0.6211025714874268,
            -0.7030051946640015,
            -0.3464328646659851,
            -0.035558998584747314
          ],
          [
            -0.46624982357025146,
            0.6867460012435913,
            -0.5576779842376709,
            1.6790180206298828
          ],
          [
            0.0,
            0.0,
            0.0,
            1.0
          ]
        ]
      },
      "bone_length_armature_space": 0.26752526264034854,
      "parent": "upperarm_l",
      "has_children": true,
      "is_end_bone": false
    },
    "metacarpal_thumb_l": {
      "name": "metacarpal_thumb_l",
      "local": {
        "location": {
          "x": 0.0,
          "y": 0.0,
          "z": 0.0
        },
        "rotation_quaternion": {
          "w": 0.999968409538269,
          "x": -0.007352826651185751,
          "y": 0.0028479055035859346,
          "z": -0.0011038053780794144
        },
        "scale": {
          "x": 1.0,
          "y": 1.0,
          "z": 1.0
        },
        "matrix_basis": [
          [
            0.9999813437461853,
            0.0021656607277691364,
            0.005711863283067942,
            0.0
          ],
          [
            -0.0022494213189929724,
            0.9998894333839417,
            0.01469890121370554,
            0.0
          ],
          [
            -0.005679398775100708,
            -0.014711475931107998,
            0.9998756647109985,
            0.0
          ],
          [
            0.0,
            0.0,
            0.0,
            1.0
          ]
        ],
        "rotation_mode": "QUATERNION"
      },
      "armature_space": {
        "head": {
          "x": 0.030576631426811218,
          "y": -0.28687411546707153,
          "z": 0.9128854274749756
        },
        "tail": {
          "x": 0.00664183497428894,
          "y": -0.32969778776168823,
          "z": 0.9197295904159546
        }
      },
      "world_space": {
        "head": {
          "x": 0.030576631426811218,
          "y": -0.2236301153898239,
          "z": 1.8627394437789917
        },
        "tail": {
          "x": 0.00664183497428894,
          "y": -0.2664538025856018,
          "z": 1.8695836067199707
        },
        "rotation_quaternion": {
          "w": 0.1775963306427002,
          "x": 0.8597392439842224,
          "y": -0.19023923575878143,
          "z": 0.43945077061653137
        },
        "matrix": [
          [
            0.5413840413093567,
            -0.48320257663726807,
            0.6880543828010559,
            0.030576631426811218
          ],
          [
            -0.1710226982831955,
            -0.8645368218421936,
            -0.47257542610168457,
            -0.2236301153898239
          ],
          [
            0.8232033252716064,
            0.13817183673381805,
            -0.5506891012191772,
            1.8627394437789917
          ],
          [
            0.0,
            0.0,
            0.0,
            1.0
          ]
        ]
      },
      "bone_length_armature_space": 0.04953366534054354,
      "parent": "lowerarm_l",
      "has_children": true,
      "is_end_bone": false
    },
    "thumb_01_l": {
      "name": "thumb_01_l",
      "local": {
        "location": {
          "x": 0.0,
          "y": 0.0,
          "z": 0.0
        },
        "rotation_quaternion": {
          "w": 0.9998683333396912,
          "x": -0.005816752091050148,
          "y": -0.013584336265921593,
          "z": 0.0067095025442540646
        },
        "scale": {
          "x": 1.0,
          "y": 1.0,
          "z": 1.0
        },
        "matrix_basis": [
          [
            0.9995409250259399,
            -0.013259205035865307,
            -0.027243150398135185,
            0.0
          ],
          [
            0.01357527170330286,
            0.9998422861099243,
            0.011449684388935566,
            0.0
          ],
          [
            0.02708704024553299,
            -0.011814260855317116,
            0.9995632767677307,
            0.0
          ],
          [
            0.0,
            0.0,
            0.0,
            1.0
          ]
        ],
        "rotation_mode": "QUATERNION"
      },
      "armature_space": {
        "head": {
          "x": 0.00664183497428894,
          "y": -0.32969778776168823,
          "z": 0.9197295904159546
        },
        "tail": {
          "x": 0.011061308905482292,
          "y": -0.3600762188434601,
          "z": 0.9050242304801941
        }
      },
      "world_space": {
        "head": {
          "x": 0.00664183497428894,
          "y": -0.2664538025856018,
          "z": 1.8695836067199707
        },
        "tail": {
          "x": 0.011061308905482292,
          "y": -0.29683220386505127,
          "z": 1.8548781871795654
        },
        "rotation_quaternion": {
          "w": 0.1289958953857422,
          "x": -0.28561311960220337,
          "y": 0.19267792999744415,
          "z": -0.9298712015151978
        },
        "matrix": [
          [
            -0.8035703897476196,
            0.12983720004558563,
            0.5808761715888977,
            0.00664183497428894
          ],
          [
            -0.3499617278575897,
            -0.8924710154533386,
            -0.2846444845199585,
            -0.2664538025856018
          ],
          [
            0.48146045207977295,
            -0.43202006816864014,
            0.7626062631607056,
            1.8695836067199707
          ],
          [
            0.0,
            0.0,
            0.0,
            1.0
          ]
        ]
      },
      "bone_length_armature_space": 0.03403863126103726,
      "parent": "metacarpal_thumb_l",
      "has_children": true,
      "is_end_bone": false
    },
    "thumb_02_l": {
      "name": "thumb_02_l",
      "local": {
        "location": {
          "x": 0.0,
          "y": 0.0,
          "z": 0.0
        },
        "rotation_quaternion": {
          "w": 0.9971387982368469,
          "x": 0.07511080801486969,
          "y": -0.006329793483018875,
          "z": -0.0057102590799331665
        },
        "scale": {
          "x": 1.0,
          "y": 1.0,
          "z": 1.0
        },
        "matrix_basis": [
          [
            0.9998546242713928,
            0.010436969809234142,
            -0.013481169939041138,
            0.0
          ],
          [
            -0.012338713742792606,
            0.9886515140533447,
            -0.1497195065021515,
            0.0
          ],
          [
            0.011765561066567898,
            0.1498640924692154,
            0.9886366128921509,
            0.0
          ],
          [
            0.0,
            0.0,
            0.0,
            1.0
          ]
        ],
        "rotation_mode": "QUATERNION"
      },
      "armature_space": {
        "head": {
          "x": 0.011061307974159718,
          "y": -0.3600762188434601,
          "z": 0.9050241708755493
        },
        "tail": {
          "x": 0.0064041102305054665,
          "y": -0.3896174728870392,
          "z": 0.931834876537323
        }
      },
      "world_space": {
        "head": {
          "x": 0.011061307974159718,
          "y": -0.29683220386505127,
          "z": 1.8548781871795654
        },
        "tail": {
          "x": 0.0064041102305054665,
          "y": -0.32637345790863037,
          "z": 1.8816888332366943
        },
        "rotation_quaternion": {
          "w": 0.04337085038423538,
          "x": -0.04883076250553131,
          "y": 0.3610604405403137,
          "z": 0.9302526116371155
        },
        "matrix": [
          [
            -0.9914692044258118,
            -0.11595336347818375,
            -0.05953051149845123,
            0.011061307974159718
          ],
          [
            0.045430347323417664,
            -0.7355083227157593,
            0.6759909391403198,
            -0.29683220386505127
          ],
          [
            -0.12216956168413162,
            0.6675234436988831,
            0.7345073223114014,
            1.8548781871795654
          ],
          [
            0.0,
            0.0,
            0.0,
            1.0
          ]
        ]
      },
      "bone_length_armature_space": 0.04016452533298244,
      "parent": "thumb_01_l",
      "has_children": true,
      "is_end_bone": false
    },
    "thumb_03_l": {
      "name": "thumb_03_l",
      "local": {
        "location": {
          "x": 0.0,
          "y": 0.0,
          "z": 0.0
        },
        "rotation_quaternion": {
          "w": 0.9957903623580933,
          "x": 0.09149900078773499,
          "y": 0.005050250794738531,
          "z": 0.001995119731873274
        },
        "scale": {
          "x": 1.0,
          "y": 1.0,
          "z": 1.0
        },
        "matrix_basis": [
          [
            0.9999410510063171,
            -0.003049256280064583,
            0.0104230847209692,
            0.0
          ],
          [
            0.004897627979516983,
            0.9832478761672974,
            -0.18220749497413635,
            0.0
          ],
          [
            -0.009692879393696785,
            0.1822478026151657,
            0.9832048416137695,
            0.0
          ],
          [
            0.0,
            0.0,
            0.0,
            1.0
          ]
        ],
        "rotation_mode": "QUATERNION"
      },
      "armature_space": {
        "head": {
          "x": 0.00640406459569931,
          "y": -0.3896174728870392,
          "z": 0.9318347573280334
        },
        "tail": {
          "x": 0.005195039790123701,
          "y": -0.4009571373462677,
          "z": 0.9600633382797241
        }
      },
      "world_space": {
        "head": {
          "x": 0.00640406459569931,
          "y": -0.32637345790863037,
          "z": 1.8816888332366943
        },
        "tail": {
          "x": 0.005195039790123701,
          "y": -0.3377131223678589,
          "z": 1.9099173545837402
        },
        "rotation_quaternion": {
          "w": 0.10521945357322693,
          "x": 0.19028116762638092,
          "y": -0.550178050994873,
          "z": -0.8062419295310974
        },
        "matrix": [
          [
            -0.9054442644119263,
            -0.03971192240715027,
            -0.42260369658470154,
            0.00640406459569931
          ],
          [
            -0.37904128432273865,
            -0.3724657893180847,
            0.8471110463142395,
            -0.32637345790863037
          ],
          [
            -0.19104769825935364,
            0.9272019863128662,
            0.32219767570495605,
            1.8816888332366943
          ],
          [
            0.0,
            0.0,
            0.0,
            1.0
          ]
        ]
      },
      "bone_length_armature_space": 0.03044507404105198,
      "parent": "thumb_02_l",
      "has_children": false,
      "is_end_bone": true
    },
    "metacarpal_index_l": {
      "name": "metacarpal_index_l",
      "local": {
        "location": {
          "x": 0.0,
          "y": 0.0,
          "z": 0.0
        },
        "rotation_quaternion": {
          "w": 0.999863862991333,
          "x": -0.014467477798461914,
          "y": -0.0038775261491537094,
          "z": 0.0069322967901825905
        },
        "scale": {
          "x": 1.0,
          "y": 1.0,
          "z": 1.0
        },
        "matrix_basis": [
          [
            0.9998738169670105,
            -0.013750510290265083,
            -0.007954582571983337,
            0.0
          ],
          [
            0.013974902220070362,
            0.9994852542877197,
            0.0288772564381361,
            0.0
          ],
          [
            0.007553410716354847,
            -0.028984777629375458,
            0.9995512962341309,
            0.0
          ],
          [
            0.0,
            0.0,
            0.0,
            1.0
          ]
        ],
        "rotation_mode": "QUATERNION"
      },
      "armature_space": {
        "head": {
          "x": 0.030576631426811218,
          "y": -0.28687411546707153,
          "z": 0.9128854274749756
        },
        "tail": {
          "x": -0.015193115919828415,
          "y": -0.37899360060691833,
          "z": 0.9689958691596985
        }
      },
      "world_space": {
        "head": {
          "x": 0.030576631426811218,
          "y": -0.2236301153898239,
          "z": 1.8627394437789917
        },
        "tail": {
          "x": -0.015193115919828415,
          "y": -0.3157495856285095,
          "z": 1.9188499450683594
        },
        "rotation_quaternion": {
          "w": 0.27688032388687134,
          "x": 0.9378461241722107,
          "y": -0.17389976978302002,
          "z": 0.11636506766080856
        },
        "matrix": [
          [
            0.9124362468719482,
            -0.3906210660934448,
            0.12196551263332367,
            0.030576631426811218
          ],
          [
            -0.26174452900886536,
            -0.7861920595169067,
            -0.5598145127296448,
            -0.2236301153898239
          ],
          [
            0.3145654797554016,
            0.4788735508918762,
            -0.819598913192749,
            1.8627394437789917
          ],
          [
            0.0,
            0.0,
            0.0,
            1.0
          ]
        ]
      },
      "bone_length_armature_space": 0.11717188751012327,
      "parent": "lowerarm_l",
      "has_children": true,
      "is_end_bone": false
    },
    "index_01_l": {
      "name": "index_01_l",
      "local": {
        "location": {
          "x": 0.0,
          "y": 0.0,
          "z": 0.0
        },
        "rotation_quaternion": {
          "w": 0.9940652251243591,
          "x": -0.10810282826423645,
          "y": -0.004678307566791773,
          "z": -0.011239076964557171
        },
        "scale": {
          "x": 1.0,
          "y": 1.0,
          "z": 1.0
        },
        "matrix_basis": [
          [
            0.999703586101532,
            0.023356227204203606,
            -0.006871133577078581,
            0.0
          ],
          [
            -0.021333275362849236,
            0.9763749241828918,
            0.21502768993377686,
            0.0
          ],
          [
            0.011731037870049477,
            -0.2148173600435257,
            0.9765837788581848,
            0.0
          ],
          [
            0.0,
            0.0,
            0.0,
            1.0
          ]
        ],
        "rotation_mode": "QUATERNION"
      },
      "armature_space": {
        "head": {
          "x": -0.015193115919828415,
          "y": -0.37899360060691833,
          "z": 0.9689958691596985
        },
        "tail": {
          "x": -0.017119938507676125,
          "y": -0.395675390958786,
          "z": 0.9920410513877869
        }
      },
      "world_space": {
        "head": {
          "x": -0.015193115919828415,
          "y": -0.3157495856285095,
          "z": 1.9188499450683594
        },
        "tail": {
          "x": -0.017119938507676125,
          "y": -0.3324313759803772,
          "z": 1.9418950080871582
        },
        "rotation_quaternion": {
          "w": 0.45545074343681335,
          "x": 0.8881750702857971,
          "y": -0.007015884388238192,
          "z": 0.06050169840455055
        },
        "matrix": [
          [
            0.9925808906555176,
            -0.06757374107837677,
            0.10108110308647156,
            -0.015193115919828415
          ],
          [
            0.04264814406633377,
            -0.5850306153297424,
            -0.8098893165588379,
            -0.3157495856285095
          ],
          [
            0.11386361718177795,
            0.8081961870193481,
            -0.5778127908706665,
            1.9188499450683594
          ],
          [
            0.0,
            0.0,
            0.0,
            1.0
          ]
        ]
      },
      "bone_length_armature_space": 0.028514473200382442,
      "parent": "metacarpal_index_l",
      "has_children": true,
      "is_end_bone": false
    },
    "index_02_l": {
      "name": "index_02_l",
      "local": {
        "location": {
          "x": 0.0,
          "y": 0.0,
          "z": 0.0
        },
        "rotation_quaternion": {
          "w": 0.9997037053108215,
          "x": 0.023470580577850342,
          "y": -0.0030405328143388033,
          "z": -0.005693020299077034
        },
        "scale": {
          "x": 1.0,
          "y": 1.0,
          "z": 1.0
        },
        "matrix_basis": [
          [
            0.999916672706604,
            0.011239941231906414,
            -0.0063465009443461895,
            0.0
          ],
          [
            -0.011525393463671207,
            0.998833417892456,
            -0.04689263179898262,
            0.0
          ],
          [
            0.005812027025967836,
            0.04696187376976013,
            0.9988797903060913,
            0.0
          ],
          [
            0.0,
            0.0,
            0.0,
            1.0
          ]
        ],
        "rotation_mode": "QUATERNION"
      },
      "armature_space": {
        "head": {
          "x": -0.01712016761302948,
          "y": -0.3956758677959442,
          "z": 0.9920411705970764
        },
        "tail": {
          "x": -0.017819508910179138,
          "y": -0.41089925169944763,
          "z": 1.0126774311065674
        }
      },
      "world_space": {
        "head": {
          "x": -0.01712016761302948,
          "y": -0.3324318528175354,
          "z": 1.9418952465057373
        },
        "tail": {
          "x": -0.017819508910179138,
          "y": -0.3476552367210388,
          "z": 1.9625314474105835
        },
        "rotation_quaternion": {
          "w": 0.45083847641944885,
          "x": 0.8923799991607666,
          "y": -0.00552624836564064,
          "z": 0.019295521080493927
        },
        "matrix": [
          [
            0.9991943836212158,
            -0.027261316776275635,
            0.029454849660396576,
            -0.01712016761302948
          ],
          [
            0.007535160519182682,
            -0.5934281349182129,
            -0.8048520088195801,
            -0.3324318528175354
          ],
          [
            0.039420973509550095,
            0.8044301271438599,
            -0.592749297618866,
            1.9418952465057373
          ],
          [
            0.0,
            0.0,
            0.0,
            1.0
          ]
        ]
      },
      "bone_length_armature_space": 0.025653376863172307,
      "parent": "index_01_l",
      "has_children": true,
      "is_end_bone": false
    },
    "index_03_l": {
      "name": "index_03_l",
      "local": {
        "location": {
          "x": 0.0,
          "y": 0.0,
          "z": 0.0
        },
        "rotation_quaternion": {
          "w": 0.9996945261955261,
          "x": 0.02383248135447502,
          "y": 0.005767448339611292,
          "z": 0.003102745395153761
        },
        "scale": {
          "x": 1.0,
          "y": 1.0,
          "z": 1.0
        },
        "matrix_basis": [
          [
            0.9999142289161682,
            -0.005928690079599619,
            0.011679265648126602,
            0.0
          ],
          [
            0.006478500552475452,
            0.9988447427749634,
            -0.04761461168527603,
            0.0
          ],
          [
            -0.01138348039239645,
            0.04768619313836098,
            0.9987974762916565,
            0.0
          ],
          [
            0.0,
            0.0,
            0.0,
            1.0
          ]
        ],
        "rotation_mode": "QUATERNION"
      },
      "armature_space": {
        "head": {
          "x": -0.017819538712501526,
          "y": -0.4108991026878357,
          "z": 1.0126774311065674
        },
        "tail": {
          "x": -0.015921354293823242,
          "y": -0.4311833083629608,
          "z": 1.0336222648620605
        }
      },
      "world_space": {
        "head": {
          "x": -0.017819538712501526,
          "y": -0.34765511751174927,
          "z": 1.9625314474105835
        },
        "tail": {
          "x": -0.015921354293823242,
          "y": -0.367939293384552,
          "z": 1.9834762811660767
        },
        "rotation_quaternion": {
          "w": 0.3876904547214508,
          "x": 0.9196485280990601,
          "y": 0.05084969103336334,
          "z": 0.03683739900588989
        },
        "matrix": [
          [
            0.9921146631240845,
            0.06496477127075195,
            0.10718289017677307,
            -0.017819538712501526
          ],
          [
            0.12209080159664154,
            -0.6942206621170044,
            -0.7093320488929749,
            -0.34765511751174927
          ],
          [
            0.02832735702395439,
            0.7168287038803101,
            -0.6966832876205444,
            1.9625314474105835
          ],
          [
            0.0,
            0.0,
            0.0,
            1.0
          ]
        ]
      },
      "bone_length_armature_space": 0.029218798008263464,
      "parent": "index_02_l",
      "has_children": false,
      "is_end_bone": true
    },
    "metacarpal_pinky_l": {
      "name": "metacarpal_pinky_l",
      "local": {
        "location": {
          "x": 0.0,
          "y": 0.0,
          "z": 0.0
        },
        "rotation_quaternion": {
          "w": 0.9986928105354309,
          "x": -0.05065372586250305,
          "y": -0.00017009586736094207,
          "z": 0.006858059670776129
        },
        "scale": {
          "x": 1.0,
          "y": 1.0,
          "z": 1.0
        },
        "matrix_basis": [
          [
            0.9999058842658997,
            -0.013680958189070225,
            -0.0010345196351408958,
            0.0
          ],
          [
            0.01371542178094387,
            0.994774341583252,
            0.10117269307374954,
            0.0
          ],
          [
            -0.00035502552054822445,
            -0.10117735713720322,
            0.9948683381080627,
            0.0
          ],
          [
            0.0,
            0.0,
            0.0,
            1.0
          ]
        ],
        "rotation_mode": "QUATERNION"
      },
      "armature_space": {
        "head": {
          "x": 0.030576631426811218,
          "y": -0.28687411546707153,
          "z": 0.9128854274749756
        },
        "tail": {
          "x": 0.04581434279680252,
          "y": -0.34945419430732727,
          "z": 0.994707465171814
        }
      },
      "world_space": {
        "head": {
          "x": 0.030576631426811218,
          "y": -0.2236301153898239,
          "z": 1.8627394437789917
        },
        "tail": {
          "x": 0.04581434279680252,
          "y": -0.28621017932891846,
          "z": 1.94456148147583
        },
        "rotation_quaternion": {
          "w": 0.26035216450691223,
          "x": 0.3795854151248932,
          "y": -0.36294466257095337,
          "z": -0.8101869225502014
        },
        "matrix": [
          [
            -0.5762636065483093,
            0.14633245766162872,
            -0.8040567636489868,
            0.030576631426811218
          ],
          [
            -0.6974052786827087,
            -0.6009759902954102,
            0.3904537558555603,
            -0.2236301153898239
          ],
          [
            -0.4260862469673157,
            0.7857623100280762,
            0.4483768939971924,
            1.8627394437789917
          ],
          [
            0.0,
            0.0,
            0.0,
            1.0
          ]
        ]
      },
      "bone_length_armature_space": 0.10413116762731767,
      "parent": "lowerarm_l",
      "has_children": true,
      "is_end_bone": false
    },
    "pinky_01_l": {
      "name": "pinky_01_l",
      "local": {
        "location": {
          "x": 0.0,
          "y": 0.0,
          "z": 0.0
        },
        "rotation_quaternion": {
          "w": 0.9486770629882812,
          "x": 0.31583091616630554,
          "y": -0.0060402094386518,
          "z": -0.015045521780848503
        },
        "scale": {
          "x": 1.0,
          "y": 1.0,
          "z": 1.0
        },
        "matrix_basis": [
          [
            0.999474287033081,
            0.024731313809752464,
            -0.02096409723162651,
            0.0
          ],
          [
            -0.03236205130815506,
            0.8000489473342896,
            -0.5990613102912903,
            0.0
          ],
          [
            0.0019567343406379223,
            0.5994248390197754,
            0.8004286885261536,
            0.0
          ],
          [
            0.0,
            0.0,
            0.0,
            1.0
          ]
        ],
        "rotation_mode": "QUATERNION"
      },
      "armature_space": {
        "head": {
