{
  "metadata": {
    "armature_name": "KIM_caucasian_male",
    "export_time": "2026-01-13T21:15:47.650476",
    "blender_version": "4.4.1",
    "bone_count": 56,
    "end_bone_count": 13,
    "spaces_included": [
      "LOCAL_CHANNELS",
      "ARMATURE_SPACE",
      "WORLD_SPACE"
    ],
    "note": "LOCAL matches Transform panel; replay pose via local.matrix_basis for best fidelity."
  },
  "bones": {
    "Root": {
      "name": "Root",
      "local": {
        "location": {
          "x": 0.0,
          "y": 0.0,
          "z": 0.0
        },
        "rotation_quaternion": {
          "w": 0.9998718500137329,
          "x": 0.00843322928994894,
          "y": -0.0009901176672428846,
          "z": 0.013572335243225098
        },
        "scale": {
          "x": 1.0,
          "y": 1.0,
          "z": 1.0
        },
        "matrix_basis": [
          [
            0.9996296167373657,
            -0.027157891541719437,
            -0.0017510643228888512,
            0.0
          ],
          [
            0.027124492451548576,
            0.9994893670082092,
            -0.016891174018383026,
            0.0
          ],
          [
            0.002208898775279522,
            0.01683741994202137,
            0.9998558163642883,
            0.0
          ],
          [
            0.0,
            0.0,
            0.0,
            1.0
          ]
        ],
        "rotation_mode": "QUATERNION"
      },
      "armature_space": {
        "head": {
          "x": 0.0,
          "y": 0.07072800397872925,
          "z": -0.009595036506652832
        },
        "tail": {
          "x": -0.0019384181359782815,
          "y": -0.00012543797492980957,
          "z": -0.0011957855895161629
        }
      },
      "world_space": {
        "head": {
          "x": 0.0,
          "y": 0.13397200405597687,
          "z": 0.9402589797973633
        },
        "tail": {
          "x": -0.0019384181359782815,
          "y": 0.06311856210231781,
          "z": 0.9486582279205322
        },
        "rotation_quaternion": {
          "w": 0.0589449480175972,
          "x": 0.9981684684753418,
          "y": -0.013608203269541264,
          "z": -7.352946704486385e-05
        },
        "matrix": [
          [
            0.9996296167373657,
            -0.027157891541719437,
            -0.0017510643228888512,
            0.0
          ],
          [
            -0.02717522904276848,
            -0.9926806092262268,
            -0.11767245084047318,
            0.13397200405597687
          ],
          [
            0.0014574727974832058,
            0.11767633259296417,
            -0.9930580258369446,
            0.9402589797973633
          ],
          [
            0.0,
            0.0,
            0.0,
            1.0
          ]
        ]
      },
      "bone_length_armature_space": 0.0713758708135938,
      "parent": null,
      "has_children": true,
      "is_end_bone": false
    },
    "spine_01": {
      "name": "spine_01",
      "local": {
        "location": {
          "x": 0.0,
          "y": 0.0,
          "z": 0.0
        },
        "rotation_quaternion": {
          "w": 0.9934488534927368,
          "x": 0.10635721683502197,
          "y": -0.03722657263278961,
          "z": -0.019019536674022675
        },
        "scale": {
          "x": 1.0,
          "y": 1.0,
          "z": 1.0
        },
        "matrix_basis": [
          [
            0.9965049028396606,
            0.029871243983507156,
            -0.07801112532615662,
            0.0
          ],
          [
            -0.04570850357413292,
            0.9766528010368347,
            -0.20990484952926636,
            0.0
          ],
          [
            0.0699196606874466,
            0.21273697912693024,
            0.9746046662330627,
            0.0
          ],
          [
            0.0,
            0.0,
            0.0,
            1.0
          ]
        ],
        "rotation_mode": "QUATERNION"
      },
      "armature_space": {
        "head": {
          "x": -0.0019384181359782815,
          "y": -0.00012543797492980957,
          "z": -0.0011957855895161629
        },
        "tail": {
          "x": 0.00950159877538681,
          "y": -0.09000635147094727,
          "z": 0.47832366824150085
        }
      },
      "world_space": {
        "head": {
          "x": -0.0019384181359782815,
          "y": 0.06311856210231781,
          "z": 0.9486582279205322
        },
        "tail": {
          "x": 0.00950159877538681,
          "y": -0.026762351393699646,
          "z": 1.4281777143478394
        },
        "rotation_quaternion": {
          "w": 0.6382123827934265,
          "x": 0.7679951190948486,
          "y": -0.024370817467570305,
          "z": -0.047692570835351944
        },
        "matrix": [
          [
            0.9942629933357239,
            0.023442599922418594,
            -0.1043626144528389,
            -0.0019384181359782815
          ],
          [
            -0.09830912202596664,
            -0.18418173491954803,
            -0.9779635071754456,
            0.06311856210231781
          ],
          [
            -0.042148079723119736,
            0.9826193451881409,
            -0.18082262575626373,
            0.9486582279205322
          ],
          [
            0.0,
            0.0,
            0.0,
            1.0
          ]
        ]
      },
      "bone_length_armature_space": 0.4880044695075861,
      "parent": "Root",
      "has_children": true,
      "is_end_bone": false
    },
    "neck_01": {
      "name": "neck_01",
      "local": {
        "location": {
          "x": 0.0,
          "y": 0.0,
          "z": 0.0
        },
        "rotation_quaternion": {
          "w": 0.9942820072174072,
          "x": -0.10287913680076599,
          "y": -0.014701159670948982,
          "z": 0.024557776749134064
        },
        "scale": {
          "x": 1.0,
          "y": 1.0,
          "z": 1.0
        },
        "matrix_basis": [
          [
            0.9983615875244141,
            -0.045809827744960785,
            -0.034287162125110626,
            0.0
          ],
          [
            0.051859594881534576,
            0.9776256084442139,
            0.20385968685150146,
            0.0
          ],
          [
            0.02418123185634613,
            -0.20530380308628082,
            0.9783995151519775,
            0.0
          ],
          [
            0.0,
            0.0,
            0.0,
            1.0
          ]
        ],
        "rotation_mode": "QUATERNION"
      },
      "armature_space": {
        "head": {
          "x": 0.007598688825964928,
          "y": -0.1374080628156662,
          "z": 0.5439985394477844
        },
        "tail": {
          "x": 0.0033855619840323925,
          "y": -0.17368847131729126,
          "z": 0.6397937536239624
        }
      },
      "world_space": {
        "head": {
          "x": 0.007598688825964928,
          "y": -0.07416406273841858,
          "z": 1.4938526153564453
        },
        "tail": {
          "x": 0.0033855619840323925,
          "y": -0.11044447124004364,
          "z": 1.5896477699279785
        },
        "rotation_quaternion": {
          "w": 0.5654652714729309,
          "x": 0.8214085102081299,
          "y": -0.057516321539878845,
          "z": -0.04721226543188095
        },
        "matrix": [
          [
            0.9889258146286011,
            -0.04109512269496918,
            -0.142608180642128,
            0.007598688825964928
          ],
          [
            -0.14788271486759186,
            -0.3538815379142761,
            -0.923525333404541,
            -0.07416406273841858
          ],
          [
            -0.01251425314694643,
            0.9343932271003723,
            -0.3560432493686676,
            1.4938526153564453
          ],
          [
            0.0,
            0.0,
            0.0,
            1.0
          ]
        ]
      },
      "bone_length_armature_space": 0.10252190576580164,
      "parent": "spine_01",
      "has_children": true,
      "is_end_bone": false
    },
    "head": {
      "name": "head",
      "local": {
        "location": {
          "x": 0.0,
          "y": 0.0,
          "z": 0.0
        },
        "rotation_quaternion": {
          "w": 0.9552984237670898,
          "x": -0.16376858949661255,
          "y": -0.08457387983798981,
          "z": 0.2311539649963379
        },
        "scale": {
          "x": 1.0,
          "y": 1.0,
          "z": 1.0
        },
        "matrix_basis": [
          [
            0.8788301944732666,
            -0.4139409363269806,
            -0.23729810118675232,
            0.0
          ],
          [
            0.4693431258201599,
            0.8394953608512878,
            0.27379658818244934,
            0.0
          ],
          [
            0.08587507158517838,
            -0.35199493169784546,
            0.9320542216300964,
            0.0
          ],
          [
            0.0,
            0.0,
            0.0,
            1.0
          ]
        ],
        "rotation_mode": "QUATERNION"
      },
      "armature_space": {
        "head": {
          "x": 0.003385542891919613,
          "y": -0.1736885905265808,
          "z": 0.6397936344146729
        },
        "tail": {
          "x": -0.050198785960674286,
          "y": -0.10951723158359528,
          "z": 0.7704228758811951
        }
      },
      "world_space": {
        "head": {
          "x": 0.003385542891919613,
          "y": -0.11044459044933319,
          "z": 1.589647650718689
        },
        "tail": {
          "x": -0.050198785960674286,
          "y": -0.046273231506347656,
          "z": 1.7202768325805664
        },
        "rotation_quaternion": {
          "w": 0.7996078133583069,
          "x": 0.5398769378662109,
          "y": -0.2598283588886261,
          "z": 0.04061609506607056
        },
        "matrix": [
          [
            0.8616799712181091,
            -0.3455042541027069,
            -0.371664822101593,
            0.003385542891919613
          ],
          [
            -0.2155948281288147,
            0.41376793384552,
            -0.8844860196113586,
            -0.11044459044933319
          ],
          [
            0.45937952399253845,
            0.8422789573669434,
            0.2820475697517395,
            1.589647650718689
          ],
          [
            0.0,
            0.0,
            0.0,
            1.0
          ]
        ]
      },
      "bone_length_armature_space": 0.15509108040669228,
      "parent": "neck_01",
      "has_children": false,
      "is_end_bone": true
    },
    "upperarm_l": {
      "name": "upperarm_l",
      "local": {
        "location": {
          "x": 0.0,
          "y": 0.0,
          "z": 0.0
        },
        "rotation_quaternion": {
          "w": 0.695002555847168,
          "x": 0.4085470139980316,
          "y": 0.18791615962982178,
          "z": 0.5610243678092957
        },
        "scale": {
          "x": 1.0,
          "y": 1.0,
          "z": 1.0
        },
        "matrix_basis": [
          [
            0.2998783588409424,
            -0.6262815594673157,
            0.7196140885353088,
            0.0
          ],
          [
            0.933371901512146,
            0.03668199107050896,
            -0.35703134536743164,
            0.0
          ],
          [
            0.19720523059368134,
            0.7787335515022278,
            0.5955536961555481,
            0.0
          ],
          [
            0.0,
            0.0,
            0.0,
            1.0
          ]
        ],
        "rotation_mode": "QUATERNION"
      },
      "armature_space": {
        "head": {
          "x": 0.15482980012893677,
          "y": -0.14289483428001404,
          "z": 0.47106000781059265
        },
        "tail": {
          "x": 0.15809111297130585,
          "y": -0.3823436498641968,
          "z": 0.5913156270980835
        }
      },
      "world_space": {
        "head": {
          "x": 0.15482980012893677,
          "y": -0.07965083420276642,
          "z": 1.4209140539169312
        },
        "tail": {
          "x": 0.15809111297130585,
          "y": -0.31909966468811035,
          "z": 1.5411696434020996
        },
        "rotation_quaternion": {
          "w": 0.22631968557834625,
          "x": 0.9491502642631531,
          "y": -0.0446724034845829,
          "z": -0.2142372727394104
        },
        "matrix": [
          [
            0.9042136669158936,
            0.012170441448688507,
            -0.4269070625305176,
            0.15482980012893677
          ],
          [
            -0.18177393078804016,
            -0.893567681312561,
            -0.41048187017440796,
            -0.07965083420276642
          ],
          [
            -0.38646894693374634,
            0.44876617193222046,
            -0.8057697415351868,
            1.4209140539169312
          ],
          [
            0.0,
            0.0,
            0.0,
            1.0
          ]
        ]
      },
      "bone_length_armature_space": 0.2679697454673328,
      "parent": "spine_01",
      "has_children": true,
      "is_end_bone": false
    },
    "lowerarm_l": {
      "name": "lowerarm_l",
      "local": {
        "location": {
          "x": 0.0,
          "y": 0.0,
          "z": 0.0
        },
        "rotation_quaternion": {
          "w": 0.9351855516433716,
          "x": 0.13338792324066162,
          "y": -0.014301957562565804,
          "z": 0.32776686549186707
        },
        "scale": {
          "x": 1.0,
          "y": 1.0,
          "z": 1.0
        },
        "matrix_basis": [
          [
            0.7847286462783813,
            -0.61686110496521,
            0.06069031357765198,
            0.0
          ],
          [
            0.6092302799224854,
            0.7495530843734741,
            -0.258860319852829,
            0.0
          ],
          [
            0.1141902506351471,
            0.24010950326919556,
            0.964006245136261,
            0.0
          ],
          [
            0.0,
            0.0,
            0.0,
            1.0
          ]
        ],
        "rotation_mode": "QUATERNION"
      },
      "armature_space": {
        "head": {
          "x": 0.1580909788608551,
          "y": -0.38234373927116394,
          "z": 0.5913156867027283
        },
        "tail": {
          "x": -0.03464047610759735,
          "y": -0.5366111993789673,
          "z": 0.6943963170051575
        }
      },
      "world_space": {
        "head": {
          "x": 0.1580909788608551,
          "y": -0.3190997242927551,
          "z": 1.5411696434020996
        },
        "tail": {
          "x": -0.03464047610759735,
          "y": -0.47336721420288086,
          "z": 1.6442503929138184
        },
        "rotation_quaternion": {
          "w": 0.12198241800069809,
          "x": 0.8659325838088989,
          "y": -0.4436171352863312,
          "z": -0.19617624580860138
        },
        "matrix": [
          [
            0.5294368863105774,
            -0.7204254865646362,
            -0.4479774534702301,
            0.1580909788608551
          ],
          [
            -0.8161453008651733,
            -0.5766479969024658,
            -0.03720180690288544,
            -0.3190997242927551
          ],
          [
            -0.23152661323547363,
            0.3853127956390381,
            -0.8932768702507019,
            1.5411696434020996
          ],
          [
            0.0,
            0.0,
            0.0,
            1.0
          ]
        ]
      },
      "bone_length_armature_space": 0.2675247260920079,
      "parent": "upperarm_l",
      "has_children": true,
      "is_end_bone": false
    },
    "metacarpal_thumb_l": {
      "name": "metacarpal_thumb_l",
      "local": {
        "location": {
          "x": 0.0,
          "y": 0.0,
          "z": 0.0
        },
        "rotation_quaternion": {
          "w": 0.9996940493583679,
          "x": 0.018734419718384743,
          "y": 0.01562344841659069,
          "z": 0.004114504903554916
        },
        "scale": {
          "x": 1.0,
          "y": 1.0,
          "z": 1.0
        },
        "matrix_basis": [
          [
            0.9994779825210571,
            -0.007641099859029055,
            0.03139150142669678,
            0.0
          ],
          [
            0.008811884559690952,
            0.9992641806602478,
            -0.0373288094997406,
            0.0
          ],
          [
            -0.03108317032456398,
            0.03758594021201134,
            0.9988098740577698,
            0.0
          ],
          [
            0.0,
            0.0,
            0.0,
            1.0
          ]
        ],
        "rotation_mode": "QUATERNION"
      },
      "armature_space": {
        "head": {
          "x": -0.03464047610759735,
          "y": -0.5366111993789673,
          "z": 0.6943963170051575
        },
        "tail": {
          "x": -0.06972585618495941,
          "y": -0.5687031745910645,
          "z": 0.6805143356323242
        }
      },
      "world_space": {
        "head": {
          "x": -0.03464047610759735,
          "y": -0.47336721420288086,
          "z": 1.6442503929138184
        },
        "tail": {
          "x": -0.06972585618495941,
          "y": -0.505459189414978,
          "z": 1.6303683519363403
        },
        "rotation_quaternion": {
          "w": 0.14757296442985535,
          "x": 0.6726675033569336,
          "y": -0.3927852213382721,
          "z": 0.6094754934310913
        },
        "matrix": [
          [
            -0.05148249864578247,
            -0.7083137631416321,
            0.7040176391601562,
            -0.03464047610759735
          ],
          [
            -0.34854307770729065,
            -0.6478817462921143,
            -0.6773233413696289,
            -0.47336721420288086
          ],
          [
            0.9358841180801392,
            -0.2802533805370331,
            -0.21352556347846985,
            1.6442503929138184
          ],
          [
            0.0,
            0.0,
            0.0,
            1.0
          ]
        ]
      },
      "bone_length_armature_space": 0.04953370782820972,
      "parent": "lowerarm_l",
      "has_children": true,
      "is_end_bone": false
    },
    "thumb_01_l": {
      "name": "thumb_01_l",
      "local": {
        "location": {
          "x": 0.0,
          "y": 0.0,
          "z": 0.0
        },
        "rotation_quaternion": {
          "w": 0.9998128414154053,
          "x": -0.00976498331874609,
          "y": -0.016383806243538857,
          "z": -0.0032668556086719036
        },
        "scale": {
          "x": 1.0,
          "y": 1.0,
          "z": 1.0
        },
        "matrix_basis": [
          [
            0.9994418025016785,
            0.006852463353425264,
            -0.03269767761230469,
            0.0
          ],
          [
            -0.0062125129625201225,
            0.9997879266738892,
            0.019633358344435692,
            0.0
          ],
          [
            0.0328252799808979,
            -0.019419264048337936,
            0.9992724061012268,
            0.0
          ],
          [
            0.0,
            0.0,
            0.0,
            1.0
          ]
        ],
        "rotation_mode": "QUATERNION"
      },
      "armature_space": {
        "head": {
          "x": -0.06972585618495941,
          "y": -0.5687031745910645,
          "z": 0.6805143356323242
        },
        "tail": {
          "x": -0.06786534190177917,
          "y": -0.5986135005950928,
          "z": 0.6643730998039246
        }
      },
      "world_space": {
        "head": {
          "x": -0.06972585618495941,
          "y": -0.505459189414978,
          "z": 1.6303683519363403
        },
        "tail": {
          "x": -0.06786534190177917,
          "y": -0.5353695154190063,
          "z": 1.614227056503296
        },
        "rotation_quaternion": {
          "w": 0.024695079773664474,
          "x": 0.013865720480680466,
          "y": 0.24501167237758636,
          "z": -0.9691064953804016
        },
        "matrix": [
          [
            -0.998395562171936,
            0.054658934473991394,
            -0.014773465692996979,
            -0.06972585618495941
          ],
          [
            -0.041069790720939636,
            -0.8787192106246948,
            -0.47556912899017334,
            -0.505459189414978
          ],
          [
            -0.038976024836301804,
            -0.4742036759853363,
            0.879560112953186,
            1.6303683519363403
          ],
          [
            0.0,
            0.0,
            0.0,
            1.0
          ]
        ]
      },
      "bone_length_armature_space": 0.03403863398976457,
      "parent": "metacarpal_thumb_l",
      "has_children": true,
      "is_end_bone": false
    },
    "thumb_02_l": {
      "name": "thumb_02_l",
      "local": {
        "location": {
          "x": 0.0,
          "y": 0.0,
          "z": 0.0
        },
        "rotation_quaternion": {
          "w": 0.9977412223815918,
          "x": 0.06634558737277985,
          "y": 0.010475900024175644,
          "z": 0.0010663962457329035
        },
        "scale": {
          "x": 1.0,
          "y": 1.0,
          "z": 1.0
        },
        "matrix_basis": [
          [
            0.9997782111167908,
            -0.000737915514037013,
            0.021045975387096405,
            0.0
          ],
          [
            0.0035180344711989164,
            0.9911942481994629,
            -0.13236911594867706,
            0.0
          ],
          [
            -0.02076297253370285,
            0.1324138045310974,
            0.9909770488739014,
            0.0
          ],
          [
            0.0,
            0.0,
            0.0,
            1.0
          ]
        ],
        "rotation_mode": "QUATERNION"
      },
      "armature_space": {
        "head": {
          "x": -0.06786531209945679,
          "y": -0.5986135005950928,
          "z": 0.6643730401992798
        },
        "tail": {
          "x": -0.0939331203699112,
          "y": -0.6252487897872925,
          "z": 0.6793467998504639
        }
      },
      "world_space": {
        "head": {
          "x": -0.06786531209945679,
          "y": -0.5353695154190063,
          "z": 1.614227056503296
        },
        "tail": {
          "x": -0.0939331203699112,
          "y": -0.562004804611206,
          "z": 1.62920081615448
        },
        "rotation_quaternion": {
          "w": 0.28896933794021606,
          "x": -0.24165844917297363,
          "y": 0.2914072275161743,
          "z": 0.8793063759803772
        },
        "matrix": [
          [
            -0.7161955833435059,
            -0.6490275859832764,
            -0.25656697154045105,
            -0.06786531209945679
          ],
          [
            0.367343932390213,
            -0.6631563305854797,
            0.6521366834640503,
            -0.5353695154190063
          ],
          [
            -0.5934025645256042,
            0.3728112280368805,
            0.7133719325065613,
            1.614227056503296
          ],
          [
            0.0,
            0.0,
            0.0,
            1.0
          ]
        ]
      },
      "bone_length_armature_space": 0.040164446078103405,
      "parent": "thumb_01_l",
      "has_children": true,
      "is_end_bone": false
    },
    "thumb_03_l": {
      "name": "thumb_03_l",
      "local": {
        "location": {
          "x": 0.0,
          "y": 0.0,
          "z": 0.0
        },
        "rotation_quaternion": {
          "w": 0.9965446591377258,
          "x": 0.082870714366436,
          "y": -0.005583757068961859,
          "z": -0.0002503145078662783
        },
        "scale": {
          "x": 1.0,
          "y": 1.0,
          "z": 1.0
        },
        "matrix_basis": [
          [
            0.9999375343322754,
            -0.0004265606985427439,
            -0.01117041427642107,
            0.0
          ],
          [
            -0.0014243590412661433,
            0.9862647652626038,
            -0.1651659458875656,
            0.0
          ],
          [
            0.011087439022958279,
            0.1651715338230133,
            0.9862025380134583,
            0.0
          ],
          [
            0.0,
            0.0,
            0.0,
            1.0
          ]
        ],
        "rotation_mode": "QUATERNION"
      },
      "armature_space": {
        "head": {
          "x": -0.0939331129193306,
          "y": -0.6252487897872925,
          "z": 0.6793466806411743
        },
        "tail": {
          "x": -0.11296902596950531,
          "y": -0.636311948299408,
          "z": 0.7003737092018127
        }
      },
      "world_space": {
        "head": {
          "x": -0.0939331129193306,
          "y": -0.562004804611206,
          "z": 1.6292006969451904
        },
        "tail": {
          "x": -0.11296902596950531,
          "y": -0.5730679631233215,
          "z": 1.6502277851104736
        },
        "rotation_quaternion": {
          "w": 0.19145801663398743,
          "x": -0.3135303556919098,
          "y": 0.5307092666625977,
          "z": 0.7637998461723328
        },
        "matrix": [
          [
            -0.7300852537155151,
            -0.6252580285072327,
            -0.2757304906845093,
            -0.0939331129193306
          ],
          [
            -0.04031337425112724,
            -0.3633836805820465,
            0.9307670593261719,
            -0.562004804611206
          ],
          [
            -0.6821704506874084,
            0.6906597018241882,
            0.24009762704372406,
            1.6292006969451904
          ],
          [
            0.0,
            0.0,
            0.0,
            1.0
          ]
        ]
      },
      "bone_length_armature_space": 0.03044495667984915,
      "parent": "thumb_02_l",
      "has_children": false,
      "is_end_bone": true
    },
    "metacarpal_index_l": {
      "name": "metacarpal_index_l",
      "local": {
        "location": {
          "x": 0.0,
          "y": 0.0,
          "z": 0.0
        },
        "rotation_quaternion": {
          "w": 0.9983844757080078,
          "x": -0.0567021444439888,
          "y": -0.0017195979598909616,
          "z": 0.0032175122760236263
        },
        "scale": {
          "x": 1.0,
          "y": 1.0,
          "z": 1.0
        },
        "matrix_basis": [
          [
            0.9999733567237854,
            -0.006229619029909372,
            -0.003798519494011998,
            0.0
          ],
          [
            0.006619638297706842,
            0.9935490489006042,
            0.11321001499891281,
            0.0
          ],
          [
            0.00306876003742218,
            -0.11323215067386627,
            0.9935638308525085,
            0.0
          ],
          [
            0.0,
            0.0,
            0.0,
            1.0
          ]
        ],
        "rotation_mode": "QUATERNION"
      },
      "armature_space": {
        "head": {
          "x": -0.03464047610759735,
          "y": -0.5366111993789673,
          "z": 0.6943963170051575
        },
        "tail": {
          "x": -0.13210099935531616,
          "y": -0.5987741947174072,
          "z": 0.7135385870933533
        }
      },
      "world_space": {
        "head": {
          "x": -0.03464047610759735,
          "y": -0.47336721420288086,
          "z": 1.6442503929138184
        },
        "tail": {
          "x": -0.13210099935531616,
          "y": -0.5355302095413208,
          "z": 1.6633925437927246
        },
        "rotation_quaternion": {
          "w": 0.23468682169914246,
          "x": 0.8326327800750732,
          "y": -0.4238594174385071,
          "z": 0.26830586791038513
        },
        "matrix": [
          [
            0.49670982360839844,
            -0.8317749500274658,
            0.24785050749778748,
            -0.03464047610759735
          ],
          [
            -0.5799030065536499,
            -0.5305291414260864,
            -0.6182647347450256,
            -0.47336721420288086
          ],
          [
            0.6457529067993164,
            0.16336944699287415,
            -0.745873749256134,
            1.6442503929138184
          ],
          [
            0.0,
            0.0,
            0.0,
            1.0
          ]
        ]
      },
      "bone_length_armature_space": 0.11717174530917898,
      "parent": "lowerarm_l",
      "has_children": true,
      "is_end_bone": false
    },
    "index_01_l": {
      "name": "index_01_l",
      "local": {
        "location": {
          "x": 0.0,
          "y": 0.0,
          "z": 0.0
        },
        "rotation_quaternion": {
          "w": 0.9958040118217468,
          "x": -0.09130257368087769,
          "y": 0.005041200667619705,
          "z": -0.0035945503041148186
        },
        "scale": {
          "x": 1.0,
          "y": 1.0,
          "z": 1.0
        },
        "matrix_basis": [
          [
            0.9999233484268188,
            0.006238386034965515,
            0.010696479119360447,
            0.0
          ],
          [
            -0.008079484105110168,
            0.9833018183708191,
            0.1818026900291443,
            0.0
          ],
          [
            -0.009383711963891983,
            -0.18187518417835236,
            0.9832768440246582,
            0.0
          ],
          [
            0.0,
            0.0,
            0.0,
            1.0
          ]
        ],
        "rotation_mode": "QUATERNION"
      },
      "armature_space": {
        "head": {
          "x": -0.13210099935531616,
          "y": -0.5987741947174072,
          "z": 0.7135385870933533
        },
        "tail": {
          "x": -0.15067420899868011,
          "y": -0.6122686862945557,
          "z": 0.7304503321647644
        }
      },
      "world_space": {
        "head": {
          "x": -0.13210099935531616,
          "y": -0.5355302095413208,
          "z": 1.6633925437927246
        },
        "tail": {
          "x": -0.15067420899868011,
          "y": -0.5490247011184692,
          "z": 1.6803042888641357
        },
        "rotation_quaternion": {
          "w": 0.4193071722984314,
          "x": 0.838019073009491,
          "y": -0.29589712619781494,
          "z": 0.18533863127231598
        },
        "matrix": [
          [
            0.756188690662384,
            -0.6513630747795105,
            0.06248929351568222,
            -0.13210099935531616
          ],
          [
            -0.3405088186264038,
            -0.47325193881988525,
            -0.8124569654464722,
            -0.5355302095413208
          ],
          [
            0.5587812662124634,
            0.5930962562561035,
            -0.5796675682067871,
            1.6633925437927246
          ],
          [
            0.0,
            0.0,
            0.0,
            1.0
          ]
        ]
      },
      "bone_length_armature_space": 0.028514427003125124,
      "parent": "metacarpal_index_l",
      "has_children": true,
      "is_end_bone": false
    },
    "index_02_l": {
      "name": "index_02_l",
      "local": {
        "location": {
          "x": 0.0,
          "y": 0.0,
          "z": 0.0
        },
        "rotation_quaternion": {
          "w": 0.9993382692337036,
          "x": 0.03630951792001724,
          "y": -0.0008226621430367231,
          "z": -0.001991048688068986
        },
        "scale": {
          "x": 1.0,
          "y": 1.0,
          "z": 1.0
        },
        "matrix_basis": [
          [
            0.999990701675415,
            0.003919721581041813,
            -0.0017888235161080956,
            0.0
          ],
          [
            -0.004039203282445669,
            0.9973552823066711,
            -0.07256770879030228,
            0.0
          ],
          [
            0.001499647507444024,
            0.07257425785064697,
            0.9973618984222412,
            0.0
          ],
          [
            0.0,
            0.0,
            0.0,
            1.0
          ]
        ],
        "rotation_mode": "QUATERNION"
      },
      "armature_space": {
        "head": {
          "x": -0.15067462623119354,
          "y": -0.6122690439224243,
          "z": 0.7304502725601196
        },
        "tail": {
          "x": -0.1667170524597168,
          "y": -0.6254544258117676,
          "z": 0.7455127835273743
        }
      },
      "world_space": {
        "head": {
          "x": -0.15067462623119354,
          "y": -0.5490250587463379,
          "z": 1.6803042888641357
        },
        "tail": {
          "x": -0.1667170524597168,
          "y": -0.5622104406356812,
          "z": 1.6953668594360352
        },
        "rotation_quaternion": {
          "w": 0.39621391892433167,
          "x": 0.8560484647750854,
          "y": -0.29329434037208557,
          "z": 0.15548056364059448
        },
        "matrix": [
          [
            0.7796081900596619,
            -0.6253557801246643,
            0.03378145024180412,
            -0.15067462623119354
          ],
          [
            -0.3789425194263458,
            -0.5139850378036499,
            -0.7695596218109131,
            -0.5490250587463379
          ],
          [
            0.4986149072647095,
            0.5871571898460388,
            -0.6376862525939941,
            1.6803042888641357
          ],
          [
            0.0,
            0.0,
            0.0,
            1.0
          ]
        ]
      },
      "bone_length_armature_space": 0.025653322632990014,
      "parent": "index_01_l",
      "has_children": true,
      "is_end_bone": false
    },
    "index_03_l": {
      "name": "index_03_l",
      "local": {
        "location": {
          "x": 0.0,
          "y": 0.0,
          "z": 0.0
        },
        "rotation_quaternion": {
          "w": 0.9989835023880005,
          "x": 0.0450744554400444,
          "y": -6.524578930111602e-05,
          "z": -0.0006767938612028956
        },
        "scale": {
          "x": 1.0,
          "y": 1.0,
          "z": 1.0
        },
        "matrix_basis": [
          [
            0.9999990463256836,
            0.0013463299255818129,
            -0.00019137116032652557,
            0.0
          ],
          [
            -0.0013580936938524246,
            0.9959356784820557,
            -0.09005718678236008,
            0.0
          ],
          [
            6.934670818736777e-05,
            0.0900573655962944,
            0.9959365725517273,
            0.0
          ],
          [
            0.0,
            0.0,
            0.0,
            1.0
          ]
        ],
        "rotation_mode": "QUATERNION"
      },
      "armature_space": {
        "head": {
          "x": -0.1667170524597168,
          "y": -0.625454306602478,
          "z": 0.745512843132019
        },
        "tail": {
          "x": -0.18221023678779602,
          "y": -0.6452252268791199,
          "z": 0.7604395151138306
        }
      },
      "world_space": {
        "head": {
          "x": -0.1667170524597168,
          "y": -0.5622103214263916,
          "z": 1.6953668594360352
        },
        "tail": {
          "x": -0.18221023678779602,
          "y": -0.5819812417030334,
          "z": 1.7102935314178467
        },
        "rotation_quaternion": {
          "w": 0.33340442180633545,
          "x": 0.8953192830085754,
          "y": -0.22475406527519226,
          "z": 0.19165217876434326
        },
        "matrix": [
          [
            0.8255101442337036,
            -0.5302490592002869,
            0.19331061840057373,
            -0.1667170524597168
          ],
          [
            -0.2746587097644806,
            -0.6766535639762878,
            -0.6831562519073486,
            -0.5622103214263916
          ],
          [
            0.49305060505867004,
            0.5108606815338135,
            -0.7042276859283447,
            1.6953668594360352
          ],
          [
            0.0,
            0.0,
            0.0,
            1.0
          ]
        ]
      },
      "bone_length_armature_space": 0.02921871996099667,
      "parent": "index_02_l",
      "has_children": false,
      "is_end_bone": true
    },
    "metacarpal_pinky_l": {
      "name": "metacarpal_pinky_l",
      "local": {
        "location": {
          "x": 0.0,
          "y": 0.0,
          "z": 0.0
        },
        "rotation_quaternion": {
          "w": 0.9983718991279602,
          "x": -0.054113976657390594,
          "y": -0.01700250618159771,
          "z": -0.00602764030918479
        },
        "scale": {
          "x": 1.0,
          "y": 1.0,
          "z": 1.0
        },
        "matrix_basis": [
          [
            0.9993491768836975,
            0.013875800184905529,
            -0.03329728916287422,
            0.0
          ],
          [
            -0.010195506736636162,
            0.9940707087516785,
            0.10825672000646591,
            0.0
          ],
          [
            0.03460200875997543,
            -0.10784677416086197,
            0.9935652017593384,
            0.0
          ],
          [
            0.0,
            0.0,
            0.0,
            1.0
          ]
        ],
        "rotation_mode": "QUATERNION"
      },
      "armature_space": {
        "head": {
          "x": -0.03464047610759735,
          "y": -0.5366111993789673,
          "z": 0.6943963170051575
        },
        "tail": {
          "x": -0.08430337905883789,
          "y": -0.6015346646308899,
          "z": 0.7589083909988403
        }
      },
      "world_space": {
        "head": {
          "x": -0.03464047610759735,
          "y": -0.47336721420288086,
          "z": 1.6442503929138184
        },
        "tail": {
          "x": -0.08430337905883789,
          "y": -0.5382906794548035,
          "z": 1.7087624073028564
        },
        "rotation_quaternion": {
          "w": 0.028956813737750053,
          "x": -0.5007268786430359,
          "y": 0.4329226613044739,
          "z": 0.7490074634552002
        },
        "matrix": [
          [
            -0.4968697130680084,
            -0.4769282639026642,
            -0.7250242233276367,
            -0.03464047610759735
          ],
          [
            -0.39017337560653687,
            -0.6234800219535828,
            0.6775229573249817,
            -0.47336721420288086
          ],
          [
            -0.7751737833023071,
            0.6195294260978699,
            0.12370514869689941,
            1.6442503929138184
          ],
          [
            0.0,
            0.0,
            0.0,
            1.0
          ]
        ]
      },
      "bone_length_armature_space": 0.10413101425595836,
      "parent": "lowerarm_l",
      "has_children": true,
      "is_end_bone": false
    },
    "pinky_01_l": {
      "name": "pinky_01_l",
      "local": {
        "location": {
          "x": 0.0,
          "y": 0.0,
          "z": 0.0
        },
        "rotation_quaternion": {
          "w": 0.9524948596954346,
          "x": 0.3045461177825928,
          "y": 0.000926279928535223,
          "z": -0.0020955053623765707
        },
        "scale": {
          "x": 1.0,
          "y": 1.0,
          "z": 1.0
        },
        "matrix_basis": [
          [
            0.9999895095825195,
            0.004556105937808752,
            0.0004881976929027587,
            0.0
          ],
          [
            -0.0034277262166142464,
            0.8144945502281189,
            -0.5801610946655273,
            0.0
          ],
          [
            -0.003040909767150879,
            0.5801533460617065,
            0.8145015835762024,
            0.0
          ],
          [
            0.0,
            0.0,
            0.0,
            1.0
          ]
        ],
        "rotation_mode": "QUATERNION"
      },
      "armature_space": {
        "head": {
          "x": -0.08430337905883789,
