{
  "metadata": {
    "armature_name": "KIM_caucasian_male",
    "export_time": "2026-01-13T21:04:27.156357",
    "blender_version": "4.4.1",
    "bone_count": 56,
    "end_bone_count": 13,
    "spaces_included": [
      "LOCAL_CHANNELS",
      "ARMATURE_SPACE",
      "WORLD_SPACE"
    ],
    "note": "LOCAL matches Transform panel; replay pose via local.matrix_basis for best fidelity."
  },
  "bones": {
    "Root": {
      "name": "Root",
      "local": {
        "location": {
          "x": 0.0,
          "y": 0.0,
          "z": 0.0
        },
        "rotation_quaternion": {
          "w": 0.9995986223220825,
          "x": -0.012652124278247356,
          "y": -0.016390014439821243,
          "z": 0.019339386373758316
        },
        "scale": {
          "x": 1.0,
          "y": 1.0,
          "z": 1.0
        },
        "matrix_basis": [
          [
            0.9987146854400635,
            -0.03824850916862488,
            -0.03325624018907547,
            0.0
          ],
          [
            0.039077986031770706,
            0.9989318251609802,
            0.024660145863890648,
            0.0
          ],
          [
            0.03227750211954117,
            -0.025928037241101265,
            0.999142587184906,
            0.0
          ],
          [
            0.0,
            0.0,
            0.0,
            1.0
          ]
        ],
        "rotation_mode": "QUATERNION"
      },
      "armature_space": {
        "head": {
          "x": 0.0,
          "y": 0.07072800397872925,
          "z": -0.009595036506652832
        },
        "tail": {
          "x": -0.0027300205547362566,
          "y": 0.00032433122396469116,
          "z": 0.001823602244257927
        }
      },
      "world_space": {
        "head": {
          "x": 0.0,
          "y": 0.13397200405597687,
          "z": 0.9402589797973633
        },
        "tail": {
          "x": -0.0027300205547362566,
          "y": 0.06356833130121231,
          "z": 0.9516776204109192
        },
        "rotation_quaternion": {
          "w": 0.07996400445699692,
          "x": 0.996475338935852,
          "y": -0.020399613305926323,
          "z": -0.015049925073981285
        },
        "matrix": [
          [
            0.9987146854400635,
            -0.03824850916862488,
            -0.03325624018907547,
            0.0
          ],
          [
            -0.04306233674287796,
            -0.9863792061805725,
            -0.1587507426738739,
            0.13397200405597687
          ],
          [
            -0.02673150785267353,
            0.159978985786438,
            -0.9867655038833618,
            0.9402589797973633
          ],
          [
            0.0,
            0.0,
            0.0,
            1.0
          ]
        ]
      },
      "bone_length_armature_space": 0.07137587413456276,
      "parent": null,
      "has_children": true,
      "is_end_bone": false
    },
    "spine_01": {
      "name": "spine_01",
      "local": {
        "location": {
          "x": 0.0,
          "y": 0.0,
          "z": 0.0
        },
        "rotation_quaternion": {
          "w": 0.9987027049064636,
          "x": -0.035976801067590714,
          "y": 0.029980488121509552,
          "z": -0.019998135045170784
        },
        "scale": {
          "x": 1.0,
          "y": 1.0,
          "z": 1.0
        },
        "matrix_basis": [
          [
            0.9974024891853333,
            0.03778718039393425,
            0.06132212653756142,
            0.0
          ],
          [
            -0.04210158810019493,
            0.996611475944519,
            0.07066114991903305,
            0.0
          ],
          [
            -0.058444250375032425,
            -0.07305936515331268,
            0.995613694190979,
            0.0
          ],
          [
            0.0,
            0.0,
            0.0,
            1.0
          ]
        ],
        "rotation_mode": "QUATERNION"
      },
      "armature_space": {
        "head": {
          "x": -0.0027300205547362566,
          "y": 0.00032433122396469116,
          "z": 0.001823602244257927
        },
        "tail": {
          "x": 0.03162414953112602,
          "y": 0.06976725906133652,
          "z": 0.4836389422416687
        }
      },
      "world_space": {
        "head": {
          "x": -0.0027300205547362566,
          "y": 0.06356833130121231,
          "z": 0.9516776204109192
        },
        "tail": {
          "x": 0.03162414953112602,
          "y": 0.13301125168800354,
          "z": 1.43349289894104
        },
        "rotation_quaternion": {
          "w": 0.7550846934318542,
          "x": 0.6545836329460144,
          "y": 0.03157886490225792,
          "z": -0.019240019842982292
        },
        "matrix": [
          [
            0.9972651600837708,
            0.07039771229028702,
            0.022500578314065933,
            -0.0027300205547362566
          ],
          [
            0.01228584349155426,
            0.14230072498321533,
            -0.9897473454475403,
            0.06356833130121231
          ],
          [
            -0.07287828624248505,
            0.9873239994049072,
            0.14104674756526947,
            0.9516776204109192
          ],
          [
            0.0,
            0.0,
            0.0,
            1.0
          ]
        ]
      },
      "bone_length_armature_space": 0.48800466583732605,
      "parent": "Root",
      "has_children": true,
      "is_end_bone": false
    },
    "neck_01": {
      "name": "neck_01",
      "local": {
        "location": {
          "x": 0.0,
          "y": 0.0,
          "z": 0.0
        },
        "rotation_quaternion": {
          "w": 0.9938015937805176,
          "x": -0.040393080562353134,
          "y": 0.015902655199170113,
          "z": 0.10234168916940689
        },
        "scale": {
          "x": 1.0,
          "y": 1.0,
          "z": 1.0
        },
        "matrix_basis": [
          [
            0.9785465598106384,
            -0.20469938218593597,
            0.02334037609398365,
            0.0
          ],
          [
            0.20212996006011963,
            0.9757891297340393,
            0.0835404247045517,
            0.0
          ],
          [
            -0.03987596184015274,
            -0.07703040540218353,
            0.9962310194969177,
            0.0
          ],
          [
            0.0,
            0.0,
            0.0,
            1.0
          ]
        ],
        "rotation_mode": "QUATERNION"
      },
      "armature_space": {
        "head": {
          "x": 0.037558890879154205,
          "y": 0.04586142674088478,
          "z": 0.5608208775520325
        },
        "tail": {
          "x": 0.024060707539319992,
          "y": 0.028849462047219276,
          "z": 0.6610164642333984
        }
      },
      "world_space": {
        "head": {
          "x": 0.037558890879154205,
          "y": 0.1091054230928421,
          "z": 1.5106749534606934
        },
        "tail": {
          "x": 0.024060707539319992,
          "y": 0.09209346026182175,
          "z": 1.6108704805374146
        },
        "rotation_quaternion": {
          "w": 0.6443250775337219,
          "x": 0.761821985244751,
          "y": -0.043325018137693405,
          "z": 0.05094492435455322
        },
        "matrix": [
          [
            0.9910551905632019,
            -0.13166217505931854,
            0.02179029956459999,
            0.037558890879154205
          ],
          [
            -0.00036250054836273193,
            -0.16593584418296814,
            -0.9861367344856262,
            0.1091054230928421
          ],
          [
            0.1334535926580429,
            0.9773144125938416,
            -0.1645013391971588,
            1.5106749534606934
          ],
          [
            0.0,
            0.0,
            0.0,
            1.0
          ]
        ]
      },
      "bone_length_armature_space": 0.10252201358659087,
      "parent": "spine_01",
      "has_children": true,
      "is_end_bone": false
    },
    "head": {
      "name": "head",
      "local": {
        "location": {
          "x": 0.0,
          "y": 0.0,
          "z": 0.0
        },
        "rotation_quaternion": {
          "w": 0.9953100681304932,
          "x": -0.04241860657930374,
          "y": 0.08586771041154861,
          "z": 0.013610312715172768
        },
        "scale": {
          "x": 1.0,
          "y": 1.0,
          "z": 1.0
        },
        "matrix_basis": [
          [
            0.9848830103874207,
            -0.03437773883342743,
            0.1697753369808197,
            0.0
          ],
          [
            0.01980818621814251,
            0.996030867099762,
            0.08677670359611511,
            0.0
          ],
          [
            -0.17208465933799744,
            -0.08210195600986481,
            0.9816548228263855,
            0.0
          ],
          [
            0.0,
            0.0,
            0.0,
            1.0
          ]
        ],
        "rotation_mode": "QUATERNION"
      },
      "armature_space": {
        "head": {
          "x": 0.024060722440481186,
          "y": 0.028849322348833084,
          "z": 0.6610164046287537
        },
        "tail": {
          "x": -0.0011132825165987015,
          "y": 0.07250674813985825,
          "z": 0.8076915740966797
        }
      },
      "world_space": {
        "head": {
          "x": 0.024060722440481186,
          "y": 0.0920933187007904,
          "z": 1.610870361328125
        },
        "tail": {
          "x": -0.0011132825165987015,
          "y": 0.13575074076652527,
          "z": 1.7575455904006958
        },
        "rotation_quaternion": {
          "w": 0.800462007522583,
          "x": 0.5903543829917908,
          "y": 0.002999585820361972,
          "z": 0.10360264778137207
        },
        "matrix": [
          [
            0.9785149693489075,
            -0.16231846809387207,
            0.1271274983882904,
            0.024060722440481186
          ],
          [
            0.16940250992774963,
            0.28149697184562683,
            -0.9444907307624817,
            0.0920933187007904
          ],
          [
            0.11752323806285858,
            0.9457407593727112,
            0.3029473125934601,
            1.610870361328125
          ],
          [
            0.0,
            0.0,
            0.0,
            1.0
          ]
        ]
      },
      "bone_length_armature_space": 0.15509128570263428,
      "parent": "neck_01",
      "has_children": false,
      "is_end_bone": true
    },
    "upperarm_l": {
      "name": "upperarm_l",
      "local": {
        "location": {
          "x": 0.0,
          "y": 0.0,
          "z": 0.0
        },
        "rotation_quaternion": {
          "w": 0.7263556122779846,
          "x": 0.29444578289985657,
          "y": 0.29692330956459045,
          "z": 0.5454775094985962
        },
        "scale": {
          "x": 1.0,
          "y": 1.0,
          "z": 1.0
        },
        "matrix_basis": [
          [
            0.22858166694641113,
            -0.6175656914710999,
            0.7525709271430969,
            0.0
          ],
          [
            0.967276930809021,
            0.2315119355916977,
            -0.10381472110748291,
            0.0
          ],
          [
            -0.11011672019958496,
            0.7516746520996094,
            0.6502764821052551,
            0.0
          ],
          [
            0.0,
            0.0,
            0.0,
            1.0
          ]
        ],
        "rotation_mode": "QUATERNION"
      },
      "armature_space": {
        "head": {
          "x": 0.18248915672302246,
          "y": 0.03498416021466255,
          "z": 0.4839830994606018
        },
        "tail": {
          "x": 0.27158287167549133,
          "y": -0.14214588701725006,
          "z": 0.6642475724220276
        }
      },
      "world_space": {
        "head": {
          "x": 0.18248915672302246,
          "y": 0.09822815656661987,
          "z": 1.4338371753692627
        },
        "tail": {
          "x": 0.27158287167549133,
          "y": -0.07890188694000244,
          "z": 1.6141016483306885
        },
        "rotation_quaternion": {
          "w": 0.3913800120353699,
          "x": 0.9019467830657959,
          "y": 0.1277395635843277,
          "z": -0.13036996126174927
        },
        "matrix": [
          [
            0.9333725571632385,
            0.3324771523475647,
            -0.13518303632736206,
            0.18248915672302246
          ],
          [
            0.12838105857372284,
            -0.6610084176063538,
            -0.73931485414505,
            0.09822815656661987
          ],
          [
            -0.33516472578048706,
            0.672705352306366,
            -0.6596561670303345,
            1.4338371753692627
          ],
          [
            0.0,
            0.0,
            0.0,
            1.0
          ]
        ]
      },
      "bone_length_armature_space": 0.2679701842611649,
      "parent": "spine_01",
      "has_children": true,
      "is_end_bone": false
    },
    "lowerarm_l": {
      "name": "lowerarm_l",
      "local": {
        "location": {
          "x": 0.0,
          "y": 0.0,
          "z": 0.0
        },
        "rotation_quaternion": {
          "w": 0.9723368883132935,
          "x": -0.03207430988550186,
          "y": 0.09208516776561737,
          "z": -0.21225577592849731
        },
        "scale": {
          "x": 1.0,
          "y": 1.0,
          "z": 1.0
        },
        "matrix_basis": [
          [
            0.8929356336593628,
            0.4068610966205597,
            0.19269151985645294,
            0.0
          ],
          [
            -0.41867536306381226,
            0.907837450504303,
            0.02328285202383995,
            0.0
          ],
          [
            -0.16545969247817993,
            -0.10146528482437134,
            0.9809831380844116,
            0.0
          ],
          [
            0.0,
            0.0,
            0.0,
            1.0
          ]
        ],
        "rotation_mode": "QUATERNION"
      },
      "armature_space": {
        "head": {
          "x": 0.27158278226852417,
          "y": -0.14214599132537842,
          "z": 0.6642476320266724
        },
        "tail": {
          "x": 0.44009798765182495,
          "y": -0.3078541159629822,
          "z": 0.7895989418029785
        }
      },
      "world_space": {
        "head": {
          "x": 0.27158278226852417,
          "y": -0.0789019912481308,
          "z": 1.6141016483306885
        },
        "tail": {
          "x": 0.44009798765182495,
          "y": -0.24461011588573456,
          "z": 1.7394529581069946
        },
        "rotation_quaternion": {
          "w": 0.32211217284202576,
          "x": 0.8834480047225952,
          "y": 0.29417145252227783,
          "z": -0.17095769941806793
        },
        "matrix": [
          [
            0.7684730887413025,
            0.6299057602882385,
            -0.1125507801771164,
            0.27158278226852417
          ],
          [
            0.40963613986968994,
            -0.6194130182266235,
            -0.6697207093238831,
            -0.0789019912481308
          ],
          [
            -0.4915793538093567,
            0.46856003999710083,
            -0.7340403199195862,
            1.6141016483306885
          ],
          [
            0.0,
            0.0,
            0.0,
            1.0
          ]
        ]
      },
      "bone_length_armature_space": 0.26752477657024315,
      "parent": "upperarm_l",
      "has_children": true,
      "is_end_bone": false
    },
    "metacarpal_thumb_l": {
      "name": "metacarpal_thumb_l",
      "local": {
        "location": {
          "x": 0.0,
          "y": 0.0,
          "z": 0.0
        },
        "rotation_quaternion": {
          "w": 0.9979168176651001,
          "x": -0.05896765738725662,
          "y": -0.017351608723402023,
          "z": -0.019590869545936584
        },
        "scale": {
          "x": 1.0,
          "y": 1.0,
          "z": 1.0
        },
        "matrix_basis": [
          [
            0.9986302256584167,
            0.04114648327231407,
            -0.03232046961784363,
            0.0
          ],
          [
            -0.03705374896526337,
            0.9922780394554138,
            0.11836949735879898,
            0.0
          ],
          [
            0.03694137930870056,
            -0.11700976639986038,
            0.9924435019493103,
            0.0
          ],
          [
            0.0,
            0.0,
            0.0,
            1.0
          ]
        ],
        "rotation_mode": "QUATERNION"
      },
      "armature_space": {
        "head": {
          "x": 0.44009798765182495,
          "y": -0.3078541159629822,
          "z": 0.7895989418029785
        },
        "tail": {
          "x": 0.4654652774333954,
          "y": -0.3503139317035675,
          "z": 0.7869065403938293
        }
      },
      "world_space": {
        "head": {
          "x": 0.44009798765182495,
          "y": -0.24461011588573456,
          "z": 1.7394529581069946
        },
        "tail": {
          "x": 0.4654652774333954,
          "y": -0.2870699167251587,
          "z": 1.7367606163024902
        },
        "rotation_quaternion": {
          "w": 0.14602582156658173,
          "x": -0.8580957651138306,
          "y": -0.22378741204738617,
          "z": -0.43848296999931335
        },
        "matrix": [
          [
            0.5153036713600159,
            0.5121220350265503,
            0.6871628761291504,
            0.44009798765182495
          ],
          [
            0.25600332021713257,
            -0.8571909666061401,
            0.44686228036880493,
            -0.24461011588573456
          ],
          [
            0.8178840279579163,
            -0.05435517802834511,
            -0.5728222131729126,
            1.7394529581069946
          ],
          [
            0.0,
            0.0,
            0.0,
            1.0
          ]
        ]
      },
      "bone_length_armature_space": 0.04953366893473711,
      "parent": "lowerarm_l",
      "has_children": true,
      "is_end_bone": false
    },
    "thumb_01_l": {
      "name": "thumb_01_l",
      "local": {
        "location": {
          "x": 0.0,
          "y": 0.0,
          "z": 0.0
        },
        "rotation_quaternion": {
          "w": 0.9984700679779053,
          "x": 0.04928990453481674,
          "y": 0.019110599532723427,
          "z": 0.016215940937399864
        },
        "scale": {
          "x": 1.0,
          "y": 1.0,
          "z": 1.0
        },
        "matrix_basis": [
          [
            0.9987436532974243,
            -0.03049834445118904,
            0.03976128622889519,
            0.0
          ],
          [
            0.03426618129014969,
            0.9946150779724121,
            -0.09780919551849365,
            0.0
          ],
          [
            -0.03656416013836861,
            0.09904877841472626,
            0.9944105744361877,
            0.0
          ],
          [
            0.0,
            0.0,
            0.0,
            1.0
          ]
        ],
        "rotation_mode": "QUATERNION"
      },
      "armature_space": {
        "head": {
          "x": 0.4654652774333954,
          "y": -0.3503139317035675,
          "z": 0.7869065403938293
        },
        "tail": {
          "x": 0.4941970705986023,
          "y": -0.3575839102268219,
          "z": 0.7701655626296997
        }
      },
      "world_space": {
        "head": {
          "x": 0.4654652774333954,
          "y": -0.2870699167251587,
          "z": 1.7367606163024902
        },
        "tail": {
          "x": 0.4941970705986023,
          "y": -0.2943398952484131,
          "z": 1.7200195789337158
        },
        "rotation_quaternion": {
          "w": 0.6194542646408081,
          "x": -0.2828643321990967,
          "y": 0.09739485383033752,
          "z": -0.7257951498031616
        },
        "matrix": [
          [
            -0.07252629101276398,
            0.8440953493118286,
            0.5312653183937073,
            0.4654652774333954
          ],
          [
            -0.9542921185493469,
            -0.21358025074005127,
            0.20906879007816315,
            -0.2870699167251587
          ],
          [
            0.28994277119636536,
            -0.4918231964111328,
            0.8210098743438721,
            1.7367606163024902
          ],
          [
            0.0,
            0.0,
            0.0,
            1.0
          ]
        ]
      },
      "bone_length_armature_space": 0.034038638021066325,
      "parent": "metacarpal_thumb_l",
      "has_children": true,
      "is_end_bone": false
    },
    "thumb_02_l": {
      "name": "thumb_02_l",
      "local": {
        "location": {
          "x": 0.0,
          "y": 0.0,
          "z": 0.0
        },
        "rotation_quaternion": {
          "w": 0.9931387305259705,
          "x": 0.1162179559469223,
          "y": 0.012185521423816681,
          "z": 0.0045205941423773766
        },
        "scale": {
          "x": 1.0,
          "y": 1.0,
          "z": 1.0
        },
        "matrix_basis": [
          [
            0.9996621608734131,
            -0.006146801635622978,
            0.02525457553565502,
            0.0
          ],
          [
            0.011811506934463978,
            0.9729459285736084,
            -0.23073093593120575,
            0.0
          ],
          [
            -0.02315307781100273,
            0.23095127940177917,
            0.9726898074150085,
            0.0
          ],
          [
            0.0,
            0.0,
            0.0,
            1.0
          ]
        ],
        "rotation_mode": "QUATERNION"
      },
      "armature_space": {
        "head": {
          "x": 0.4941970407962799,
          "y": -0.3575838506221771,
          "z": 0.7701655030250549
        },
        "tail": {
          "x": 0.5162764191627502,
          "y": -0.3799498677253723,
          "z": 0.7951744794845581
        }
      },
      "world_space": {
        "head": {
          "x": 0.4941970407962799,
          "y": -0.2943398356437683,
          "z": 1.7200195789337158
        },
        "tail": {
          "x": 0.5162764191627502,
          "y": -0.3167058825492859,
          "z": 1.7450284957885742
        },
        "rotation_quaternion": {
          "w": 0.41312819719314575,
          "x": 0.300636887550354,
          "y": -0.2255963236093521,
          "z": -0.8294872045516968
        },
        "matrix": [
          [
            -0.4778841733932495,
            0.5497251152992249,
            -0.6851487755775452,
            0.4941970407962799
          ],
          [
            -0.8210147023200989,
            -0.5568620562553406,
            0.12585392594337463,
            -0.2943398356437683
          ],
          [
            -0.3123515546321869,
            0.6226646900177002,
            0.7174533605575562,
            1.7200195789337158
          ],
          [
            0.0,
            0.0,
            0.0,
            1.0
          ]
        ]
      },
      "bone_length_armature_space": 0.04016449372162658,
      "parent": "thumb_01_l",
      "has_children": true,
      "is_end_bone": false
    },
    "thumb_03_l": {
      "name": "thumb_03_l",
      "local": {
        "location": {
          "x": 0.0,
          "y": 0.0,
          "z": 0.0
        },
        "rotation_quaternion": {
          "w": 0.9988310933113098,
          "x": 0.04789935052394867,
          "y": 0.000769300851970911,
          "z": -0.006446293089538813
        },
        "scale": {
          "x": 1.0,
          "y": 1.0,
          "z": 1.0
        },
        "matrix_basis": [
          [
            0.9999157190322876,
            0.012951213866472244,
            0.0009192567085847259,
            0.0
          ],
          [
            -0.012803818099200726,
            0.9953281879425049,
            -0.09569664299488068,
            0.0
          ],
          [
            -0.0021543498151004314,
            0.09567680209875107,
            0.995410144329071,
            0.0
          ],
          [
            0.0,
            0.0,
            0.0,
            1.0
          ]
        ],
        "rotation_mode": "QUATERNION"
      },
      "armature_space": {
        "head": {
          "x": 0.5162764191627502,
          "y": -0.3799498975276947,
          "z": 0.7951743602752686
        },
        "tail": {
          "x": 0.5261280536651611,
          "y": -0.3915724456310272,
          "z": 0.821532666683197
        }
      },
      "world_space": {
        "head": {
          "x": 0.5162764191627502,
          "y": -0.3167058825492859,
          "z": 1.7450283765792847
        },
        "tail": {
          "x": 0.5261280536651611,
          "y": -0.3283284306526184,
          "z": 1.7713866233825684
        },
        "rotation_quaternion": {
          "w": 0.4671953022480011,
          "x": 0.4964877665042877,
          "y": -0.301411896944046,
          "z": -0.6666178703308105
        },
        "matrix": [
          [
            -0.07045666128396988,
            0.32358935475349426,
            -0.9435707926750183,
            0.5162764191627502
          ],
          [
            -0.9221765995025635,
            -0.3817571997642517,
            -0.0620613656938076,
            -0.3167058825492859
          ],
          [
            -0.38030117750167847,
            0.8657719492912292,
            0.3253061771392822,
            1.7450283765792847
          ],
          [
            0.0,
            0.0,
            0.0,
            1.0
          ]
        ]
      },
      "bone_length_armature_space": 0.030445009854474177,
      "parent": "thumb_02_l",
      "has_children": false,
      "is_end_bone": true
    },
    "metacarpal_index_l": {
      "name": "metacarpal_index_l",
      "local": {
        "location": {
          "x": 0.0,
          "y": 0.0,
          "z": 0.0
        },
        "rotation_quaternion": {
          "w": 0.9998630881309509,
          "x": -0.006793495733290911,
          "y": -0.009065561927855015,
          "z": 0.012062027119100094
        },
        "scale": {
          "x": 1.0,
          "y": 1.0,
          "z": 1.0
        },
        "matrix_basis": [
          [
            0.999544620513916,
            -0.023997576907277107,
            -0.01829252764582634,
            0.0
          ],
          [
            0.024243924766778946,
            0.9996166825294495,
            0.01336643286049366,
            0.0
          ],
          [
            0.01796475425362587,
            -0.013803829438984394,
            0.9997433423995972,
            0.0
          ],
          [
            0.0,
            0.0,
            0.0,
            1.0
          ]
        ],
        "rotation_mode": "QUATERNION"
      },
      "armature_space": {
        "head": {
          "x": 0.44009798765182495,
          "y": -0.3078541159629822,
          "z": 0.7895989418029785
        },
        "tail": {
          "x": 0.5081973671913147,
          "y": -0.4002867341041565,
          "z": 0.8130062222480774
        }
      },
      "world_space": {
        "head": {
          "x": 0.44009798765182495,
          "y": -0.24461011588573456,
          "z": 1.7394529581069946
        },
        "tail": {
          "x": 0.5081973671913147,
          "y": -0.33704274892807007,
          "z": 1.7628602981567383
        },
        "rotation_quaternion": {
          "w": 0.03241074085235596,
          "x": 0.920590341091156,
          "y": 0.3232910931110382,
          "z": 0.21667031943798065
        },
        "matrix": [
          [
            0.6970735192298889,
            0.5811927318572998,
            0.41988494992256165,
            0.44009798765182495
          ],
          [
            0.6092824339866638,
            -0.7888646125793457,
            0.08042159676551819,
            -0.24461011588573456
          ],
          [
            0.3779761493206024,
            0.19976918399333954,
            -0.904013454914093,
            1.7394529581069946
          ],
          [
            0.0,
            0.0,
            0.0,
            1.0
          ]
        ]
      },
      "bone_length_armature_space": 0.11717173152375075,
      "parent": "lowerarm_l",
      "has_children": true,
      "is_end_bone": false
    },
    "index_01_l": {
      "name": "index_01_l",
      "local": {
        "location": {
          "x": 0.0,
          "y": 0.0,
          "z": 0.0
        },
        "rotation_quaternion": {
          "w": 0.9979143738746643,
          "x": -0.05743320286273956,
          "y": -0.02752120979130268,
          "z": -0.010541336610913277
        },
        "scale": {
          "x": 1.0,
          "y": 1.0,
          "z": 1.0
        },
        "matrix_basis": [
          [
            0.9982629418373108,
            0.024199964478611946,
            -0.05371677502989769,
            0.0
          ],
          [
            -0.01787744089961052,
            0.9931806325912476,
            0.11520706117153168,
            0.0
          ],
          [
            0.05613846704363823,
            -0.1140466183423996,
            0.9918880462646484,
            0.0
          ],
          [
            0.0,
            0.0,
            0.0,
            1.0
          ]
        ],
        "rotation_mode": "QUATERNION"
      },
      "armature_space": {
        "head": {
          "x": 0.5081973671913147,
          "y": -0.4002867341041565,
          "z": 0.8130062222480774
        },
        "tail": {
          "x": 0.527302622795105,
          "y": -0.41489580273628235,
          "z": 0.8283240795135498
        }
      },
      "world_space": {
        "head": {
          "x": 0.5081973671913147,
          "y": -0.33704274892807007,
          "z": 1.7628602981567383
        },
        "tail": {
          "x": 0.527302622795105,
          "y": -0.35165178775787354,
          "z": 1.778178095817566
        },
        "rotation_quaternion": {
          "w": 0.18756701052188873,
          "x": 0.8342150449752808,
          "y": 0.4567798972129822,
          "z": 0.24547132849693298
        },
        "matrix": [
          [
            0.4621908664703369,
            0.6700214147567749,
            0.5809051394462585,
            0.5081973671913147
          ],
          [
            0.8541904091835022,
            -0.5123409628868103,
            -0.08868832886219025,
            -0.33704274892807007
          ],
          [
            0.23820102214813232,
            0.5371976494789124,
            -0.8091310858726501,
            1.7628602981567383
          ],
          [
            0.0,
            0.0,
            0.0,
            1.0
          ]
        ]
      },
      "bone_length_armature_space": 0.028514424961784333,
      "parent": "metacarpal_index_l",
      "has_children": true,
      "is_end_bone": false
    },
    "index_02_l": {
      "name": "index_02_l",
      "local": {
        "location": {
          "x": 0.0,
          "y": 0.0,
          "z": 0.0
        },
        "rotation_quaternion": {
          "w": 0.9880784749984741,
          "x": 0.15376511216163635,
          "y": 0.006852327845990658,
          "z": -0.0032197260297834873
        },
        "scale": {
          "x": 1.0,
          "y": 1.0,
          "z": 1.0
        },
        "matrix_basis": [
          [
            0.9998853802680969,
            0.008469982072710991,
            0.012551112100481987,
            0.0
          ],
          [
            -0.004255386069417,
            0.9526918530464172,
            -0.303908109664917,
            0.0
          ],
          [
            -0.014531438238918781,
            0.303819864988327,
            0.9526186585426331,
            0.0
          ],
          [
            0.0,
            0.0,
            0.0,
            1.0
          ]
        ],
        "rotation_mode": "QUATERNION"
      },
      "armature_space": {
        "head": {
          "x": 0.5273029208183289,
          "y": -0.41489624977111816,
          "z": 0.8283239603042603
        },
        "tail": {
          "x": 0.5480972528457642,
          "y": -0.42775997519493103,
          "z": 0.8360834717750549
        }
      },
      "world_space": {
        "head": {
          "x": 0.5273029208183289,
          "y": -0.35165226459503174,
          "z": 1.7781779766082764
        },
        "tail": {
          "x": 0.5480972528457642,
          "y": -0.3645159602165222,
          "z": 1.7859375476837158
        },
        "rotation_quaternion": {
          "w": 0.08798209577798843,
          "x": 0.8524431586265564,
          "y": 0.491463303565979,
          "z": 0.15512526035308838
        },
        "matrix": [
          [
            0.4687996804714203,
            0.810592770576477,
            0.3509505093097687,
            0.5273029208183289
          ],
          [
            0.865185558795929,
            -0.5014458298683167,
            0.0024780184030532837,
            -0.35165226459503174
          ],
          [
            0.1779935210943222,
            0.30247700214385986,
            -0.9363974332809448,
            1.7781779766082764
          ],
          [
            0.0,
            0.0,
            0.0,
            1.0
          ]
        ]
      },
      "bone_length_armature_space": 0.025653259100614615,
      "parent": "index_01_l",
      "has_children": true,
      "is_end_bone": false
    },
    "index_03_l": {
      "name": "index_03_l",
      "local": {
        "location": {
          "x": 0.0,
          "y": 0.0,
          "z": 0.0
        },
        "rotation_quaternion": {
          "w": 0.9769026041030884,
          "x": 0.21360257267951965,
          "y": 0.0057070450857281685,
          "z": 0.0016491443384438753
        },
        "scale": {
          "x": 1.0,
          "y": 1.0,
          "z": 1.0
        },
        "matrix_basis": [
          [
            0.9999294281005859,
            -0.0007840277976356447,
            0.01185497734695673,
            0.0
          ],
          [
            0.005660185590386391,
            0.9087424278259277,
            -0.41731899976730347,
            0.0
          ],
          [
            -0.010445931926369667,
            0.4173566401004791,
            0.9086827635765076,
            0.0
          ],
          [
            0.0,
            0.0,
            0.0,
            1.0
          ]
        ],
        "rotation_mode": "QUATERNION"
      },
      "armature_space": {
        "head": {
          "x": 0.5480971932411194,
          "y": -0.42775997519493103,
          "z": 0.8360835909843445
        },
        "tail": {
          "x": 0.5750912427902222,
          "y": -0.4375835955142975,
          "z": 0.8307404518127441
        }
      },
      "world_space": {
        "head": {
          "x": 0.5480971932411194,
          "y": -0.3645159602165222,
          "z": 1.7859375476837158
        },
        "tail": {
          "x": 0.5750912427902222,
          "y": -0.37433958053588867,
          "z": 1.7805944681167603
        },
        "rotation_quaternion": {
          "w": 0.14281781017780304,
          "x": -0.8161363005638123,
          "y": -0.5581200122833252,
          "z": -0.04502011463046074
        },
        "matrix": [
          [
            0.3729502856731415,
            0.9238632917404175,
            -0.08593541383743286,
            0.5480971932411194
          ],
          [
            0.8981450200080872,
            -0.33620989322662354,
            0.2833697199821472,
            -0.3645159602165222
          ],
          [
            0.23290517926216125,
            -0.18286709487438202,
            -0.955159068107605,
            1.7859375476837158
          ],
          [
            0.0,
            0.0,
            0.0,
            1.0
          ]
        ]
      },
      "bone_length_armature_space": 0.029218681799118462,
      "parent": "index_02_l",
      "has_children": false,
      "is_end_bone": true
    },
    "metacarpal_pinky_l": {
      "name": "metacarpal_pinky_l",
      "local": {
        "location": {
          "x": 0.0,
          "y": 0.0,
          "z": 0.0
        },
        "rotation_quaternion": {
          "w": 0.9968011379241943,
          "x": -0.0795595571398735,
          "y": -0.005872147157788277,
          "z": 0.004831334576010704
        },
        "scale": {
          "x": 1.0,
          "y": 1.0,
          "z": 1.0
        },
        "matrix_basis": [
          [
            0.9998843669891357,
            -0.0086973886936903,
            -0.012475484050810337,
            0.0
          ],
          [
            0.01056613028049469,
            0.9872938990592957,
            0.1585533767938614,
            0.0
          ],
          [
            0.010937968268990517,
            -0.15866684913635254,
            0.9872716069221497,
            0.0
          ],
          [
            0.0,
            0.0,
            0.0,
            1.0
          ]
        ],
        "rotation_mode": "QUATERNION"
      },
      "armature_space": {
        "head": {
          "x": 0.44009798765182495,
          "y": -0.3078541159629822,
          "z": 0.7895989418029785
        },
        "tail": {
          "x": 0.5172776579856873,
          "y": -0.3365548849105835,
          "z": 0.8533393144607544
        }
      },
      "world_space": {
        "head": {
          "x": 0.44009798765182495,
          "y": -0.24461011588573456,
          "z": 1.7394529581069946
        },
        "tail": {
          "x": 0.5172776579856873,
          "y": -0.27331089973449707,
          "z": 1.8031933307647705
        },
        "rotation_quaternion": {
          "w": 0.6014465093612671,
          "x": 0.5299808382987976,
          "y": 0.021254023537039757,
          "z": -0.5974366664886475
        },
        "matrix": [
          [
            0.2852313816547394,
            0.7411802411079407,
            -0.6076961755752563,
            0.44009798765182495
          ],
          [
            -0.6961268782615662,
            -0.27562251687049866,
            -0.6629025340080261,
            -0.24461011588573456
          ],
          [
            -0.658830463886261,
            0.6121183037757874,
            0.4373416304588318,
            1.7394529581069946
          ],
          [
            0.0,
            0.0,
            0.0,
            1.0
          ]
        ]
      },
      "bone_length_armature_space": 0.10413102683311706,
      "parent": "lowerarm_l",
      "has_children": true,
      "is_end_bone": false
    },
    "pinky_01_l": {
      "name": "pinky_01_l",
      "local": {
        "location": {
          "x": 0.0,
          "y": 0.0,
          "z": 0.0
        },
        "rotation_quaternion": {
          "w": 0.9986012578010559,
          "x": 0.051411546766757965,
          "y": 0.00932275876402855,
          "z": 0.00808814074844122
        },
        "scale": {
          "x": 1.0,
          "y": 1.0,
          "z": 1.0
        },
        "matrix_basis": [
          [
            0.999695360660553,
            -0.015195060521364212,
            0.019451085478067398,
            0.0
          ],
          [
            0.0171122495085001,
            0.9945828914642334,
            -0.10252846032381058,
            0.0
          ],
          [
            -0.017787789925932884,
            0.10283007472753525,
            0.9945398569107056,
            0.0
          ],
          [
            0.0,
            0.0,
            0.0,
            1.0
          ]
        ],
        "rotation_mode": "QUATERNION"
      },
      "armature_space": {
        "head": {
          "x": 0.5172776579856873,
          "y": -0.3365548849105835,
          "z": 0.8533393144607544
        },
        "tail": {
          "x": 0.5372124314308167,
