{
  "metadata": {
    "armature_name": "KIM_caucasian_male",
    "export_time": "2026-01-13T21:01:01.190387",
    "blender_version": "4.4.1",
    "bone_count": 56,
    "end_bone_count": 13,
    "spaces_included": [
      "LOCAL_CHANNELS",
      "ARMATURE_SPACE",
      "WORLD_SPACE"
    ],
    "note": "LOCAL matches Transform panel; replay pose via local.matrix_basis for best fidelity."
  },
  "bones": {
    "Root": {
      "name": "Root",
      "local": {
        "location": {
          "x": 0.0,
          "y": 0.0,
          "z": 0.0
        },
        "rotation_quaternion": {
          "w": 0.9996300935745239,
          "x": -0.005713510327041149,
          "y": 0.0166038628667593,
          "z": 0.02077188529074192
        },
        "scale": {
          "x": 1.0,
          "y": 1.0,
          "z": 1.0
        },
        "matrix_basis": [
          [
            0.9985857009887695,
            -0.04171813651919365,
            0.03295808285474777,
            0.0
          ],
          [
            0.04133867099881172,
            0.9990717768669128,
            0.012112581171095371,
            0.0
          ],
          [
            -0.03343280404806137,
            -0.01073300652205944,
            0.9993833303451538,
            0.0
          ],
          [
            0.0,
            0.0,
            0.0,
            1.0
          ]
        ],
        "rotation_mode": "QUATERNION"
      },
      "armature_space": {
        "head": {
          "x": 0.0,
          "y": 0.07072800397872925,
          "z": -0.009595036506652832
        },
        "tail": {
          "x": -0.002977668307721615,
          "y": 0.00016863644123077393,
          "z": 0.0007502222433686256
        }
      },
      "world_space": {
        "head": {
          "x": 0.0,
          "y": 0.13397200405597687,
          "z": 0.9402589797973633
        },
        "tail": {
          "x": -0.002977668307721615,
          "y": 0.0634126365184784,
          "z": 0.950604259967804
        },
        "rotation_quaternion": {
          "w": 0.07304326444864273,
          "x": 0.9969741702079773,
          "y": -0.019606132060289383,
          "z": 0.01796550489962101
        },
        "matrix": [
          [
            0.9985857009887695,
            -0.04171813651919365,
            0.03295808285474777,
            0.0
          ],
          [
            -0.03646908700466156,
            -0.9885604977607727,
            -0.14634943008422852,
            0.13397200405597687
          ],
          [
            0.03868672251701355,
            0.1449405699968338,
            -0.9886908531188965,
            0.9402589797973633
          ],
          [
            0.0,
            0.0,
            0.0,
            1.0
          ]
        ]
      },
      "bone_length_armature_space": 0.07137587171033506,
      "parent": null,
      "has_children": true,
      "is_end_bone": false
    },
    "spine_01": {
      "name": "spine_01",
      "local": {
        "location": {
          "x": 0.0,
          "y": 0.0,
          "z": 0.0
        },
        "rotation_quaternion": {
          "w": 0.9978469610214233,
          "x": 0.014895753003656864,
          "y": -0.032518766820430756,
          "z": 0.054974235594272614
        },
        "scale": {
          "x": 1.0,
          "y": 1.0,
          "z": 1.0
        },
        "matrix_basis": [
          [
            0.9918407201766968,
            -0.11068052798509598,
            -0.06325974315404892,
            0.0
          ],
          [
            0.10874296724796295,
            0.9935119152069092,
            -0.033302754163742065,
            0.0
          ],
          [
            0.06653527170419693,
            0.026151975616812706,
            0.997441291809082,
            0.0
          ],
          [
            0.0,
            0.0,
            0.0,
            1.0
          ]
        ],
        "rotation_mode": "QUATERNION"
      },
      "armature_space": {
        "head": {
          "x": -0.002977668307721615,
          "y": 0.00016863644123077393,
          "z": 0.0007502222433686256
        },
        "tail": {
          "x": -0.07510343939065933,
          "y": 0.017924556508660316,
          "z": 0.48306867480278015
        }
      },
      "world_space": {
        "head": {
          "x": -0.002977668307721615,
          "y": 0.0634126365184784,
          "z": 0.950604259967804
        },
        "tail": {
          "x": -0.07510343939065933,
          "y": 0.08116855472326279,
          "z": 1.4329227209091187
        },
        "rotation_quaternion": {
          "w": 0.714469850063324,
          "x": 0.6938884854316711,
          "y": -0.08789253979921341,
          "z": 0.01807153783738613
        },
        "matrix": [
          [
            0.983896791934967,
            -0.1477983444929123,
            -0.10051292181015015,
            -0.002977668307721615
          ],
          [
            -0.09615106135606766,
            0.03638499230146408,
            -0.9947015643119812,
            0.0634126365184784
          ],
          [
            0.15067338943481445,
            0.9883550405502319,
            0.021587349474430084,
            0.950604259967804
          ],
          [
            0.0,
            0.0,
            0.0,
            1.0
          ]
        ]
      },
      "bone_length_armature_space": 0.48800461225219677,
      "parent": "Root",
      "has_children": true,
      "is_end_bone": false
    },
    "neck_01": {
      "name": "neck_01",
      "local": {
        "location": {
          "x": 0.0,
          "y": 0.0,
          "z": 0.0
        },
        "rotation_quaternion": {
          "w": 0.9910446405410767,
          "x": -0.04754212498664856,
          "y": 0.09192579239606857,
          "z": 0.08438053727149963
        },
        "scale": {
          "x": 1.0,
          "y": 1.0,
          "z": 1.0
        },
        "matrix_basis": [
          [
            0.9688591361045837,
            -0.17599044740200043,
            0.17418186366558075,
            0.0
          ],
          [
            0.1585090607404709,
            0.9812393188476562,
            0.10974623262882233,
            0.0
          ],
          [
            -0.1902283877134323,
            -0.07871924340724945,
            0.9785788059234619,
            0.0
          ],
          [
            0.0,
            0.0,
            0.0,
            1.0
          ]
        ],
        "rotation_mode": "QUATERNION"
      },
      "armature_space": {
        "head": {
          "x": -0.08941084146499634,
          "y": -0.013908077031373978,
          "z": 0.5561832189559937
        },
        "tail": {
          "x": -0.12444564700126648,
          "y": -0.039236828684806824,
          "z": 0.6491442918777466
        }
      },
      "world_space": {
        "head": {
          "x": -0.08941084146499634,
          "y": 0.04933592304587364,
          "z": 1.5060372352600098
        },
        "tail": {
          "x": -0.12444564700126648,
          "y": 0.024007171392440796,
          "z": 1.5989983081817627
        },
        "rotation_quaternion": {
          "w": 0.6051798462867737,
          "x": 0.7746989727020264,
          "y": -0.10113491863012314,
          "z": 0.15287485718727112
        },
        "matrix": [
          [
            0.9328022599220276,
            -0.34173187613487244,
            0.11445258557796478,
            -0.08941084146499634
          ],
          [
            0.028333470225334167,
            -0.24705833196640015,
            -0.9685865044593811,
            0.04933592304587364
          ],
          [
            0.3592758774757385,
            0.906748354434967,
            -0.22077658772468567,
            1.5060372352600098
          ],
          [
            0.0,
            0.0,
            0.0,
            1.0
          ]
        ]
      },
      "bone_length_armature_space": 0.10252192019040943,
      "parent": "spine_01",
      "has_children": true,
      "is_end_bone": false
    },
    "head": {
      "name": "head",
      "local": {
        "location": {
          "x": 0.0,
          "y": 0.0,
          "z": 0.0
        },
        "rotation_quaternion": {
          "w": 0.9940603375434875,
          "x": 0.022414065897464752,
          "y": 0.10480906069278717,
          "z": 0.01888943649828434
        },
        "scale": {
          "x": 1.0,
          "y": 1.0,
          "z": 1.0
        },
        "matrix_basis": [
          [
            0.9773164987564087,
            -0.032856084406375885,
            0.20921984314918518,
            0.0
          ],
          [
            0.04225287213921547,
            0.9982815980911255,
            -0.04060230031609535,
            0.0
          ],
          [
            -0.2075262814760208,
            0.048521436750888824,
            0.9770253300666809,
            0.0
          ],
          [
            0.0,
            0.0,
            0.0,
            1.0
          ]
        ],
        "rotation_mode": "QUATERNION"
      },
      "armature_space": {
        "head": {
          "x": -0.1244456097483635,
          "y": -0.03923696279525757,
          "z": 0.649144172668457
        },
        "tail": {
          "x": -0.18517206609249115,
          "y": -0.028290802612900734,
          "z": 0.791431725025177
        }
      },
      "world_space": {
        "head": {
          "x": -0.1244456097483635,
          "y": 0.02400703728199005,
          "z": 1.5989981889724731
        },
        "tail": {
          "x": -0.18517206609249115,
          "y": 0.034953199326992035,
          "z": 1.741285800933838
        },
        "rotation_quaternion": {
          "w": 0.7291563153266907,
          "x": 0.64686518907547,
          "y": -0.06017123907804489,
          "z": 0.2151186466217041
        },
        "matrix": [
          [
            0.9002062678337097,
            -0.3915557265281677,
            0.19055920839309692,
            -0.1244456097483635
          ],
          [
            0.23586741089820862,
            0.07057931274175644,
            -0.9692190289497375,
            0.02400703728199005
          ],
          [
            0.36605650186538696,
            0.9174501895904541,
            0.1558912694454193,
            1.5989981889724731
          ],
          [
            0.0,
            0.0,
            0.0,
            1.0
          ]
        ]
      },
      "bone_length_armature_space": 0.15509116238905088,
      "parent": "neck_01",
      "has_children": false,
      "is_end_bone": true
    },
    "upperarm_l": {
      "name": "upperarm_l",
      "local": {
        "location": {
          "x": 0.0,
          "y": 0.0,
          "z": 0.0
        },
        "rotation_quaternion": {
          "w": 0.9921491146087646,
          "x": -0.06813051551580429,
          "y": 0.10356972366571426,
          "z": -0.016484078019857407
        },
        "scale": {
          "x": 1.0,
          "y": 1.0,
          "z": 1.0
        },
        "matrix_basis": [
          [
            0.978003203868866,
            0.01859680935740471,
            0.20775935053825378,
            0.0
          ],
          [
            -0.04682184383273125,
            0.9901730418205261,
            0.13177676498889923,
            0.0
          ],
          [
            -0.20326708257198334,
            -0.1386057585477829,
            0.9692630767822266,
            0.0
          ],
          [
            0.0,
            0.0,
            0.0,
            1.0
          ]
        ],
        "rotation_mode": "QUATERNION"
      },
      "armature_space": {
        "head": {
          "x": 0.0677863284945488,
          "y": -0.033948324620723724,
          "z": 0.5124279260635376
        },
        "tail": {
          "x": 0.3333091735839844,
          "y": -0.012288054451346397,
          "z": 0.541343092918396
        }
      },
      "world_space": {
        "head": {
          "x": 0.0677863284945488,
          "y": 0.029295675456523895,
          "z": 1.4622819423675537
        },
        "tail": {
          "x": 0.3333091735839844,
          "y": 0.05095594376325607,
          "z": 1.491197109222412
        },
        "rotation_quaternion": {
          "w": 0.49619361758232117,
          "x": 0.5468000769615173,
          "y": 0.542408287525177,
          "z": -0.4007428288459778
        },
        "matrix": [
          [
            0.0903954803943634,
            0.9908698797225952,
            0.10002784430980682,
            0.0677863284945488
          ],
          [
            0.19548609852790833,
            0.0808311253786087,
            -0.9773698449134827,
            0.029295675456523895
          ],
          [
            -0.976538360118866,
            0.10790464282035828,
            -0.18639670312404633,
            1.4622819423675537
          ],
          [
            0.0,
            0.0,
            0.0,
            1.0
          ]
        ]
      },
      "bone_length_armature_space": 0.26796946136224487,
      "parent": "spine_01",
      "has_children": true,
      "is_end_bone": false
    },
    "lowerarm_l": {
      "name": "lowerarm_l",
      "local": {
        "location": {
          "x": 0.0,
          "y": 0.0,
          "z": 0.0
        },
        "rotation_quaternion": {
          "w": 0.9003974199295044,
          "x": 0.4109359681606293,
          "y": -0.08287808299064636,
          "z": 0.11639401316642761
        },
        "scale": {
          "x": 1.0,
          "y": 1.0,
          "z": 1.0
        },
        "matrix_basis": [
          [
            0.9591673016548157,
            -0.27771690487861633,
            -0.05358545109629631,
            0.0
          ],
          [
            0.14148657023906708,
            0.6351681351661682,
            -0.759304404258728,
            0.0
          ],
          [
            0.24490739405155182,
            0.7207183241844177,
            0.6485257148742676,
            0.0
          ],
          [
            0.0,
            0.0,
            0.0,
            1.0
          ]
        ],
        "rotation_mode": "QUATERNION"
      },
      "armature_space": {
        "head": {
          "x": 0.33330926299095154,
          "y": -0.01228811964392662,
          "z": 0.5413432121276855
        },
        "tail": {
          "x": 0.48213088512420654,
          "y": -0.21673591434955597,
          "z": 0.6286510825157166
        }
      },
      "world_space": {
        "head": {
          "x": 0.33330926299095154,
          "y": 0.050955880433321,
          "z": 1.4911972284317017
        },
        "tail": {
          "x": 0.48213088512420654,
          "y": -0.15349191427230835,
          "z": 1.578505039215088
        },
        "rotation_quaternion": {
          "w": 0.32067349553108215,
          "x": 0.7333837747573853,
          "y": 0.1227131262421608,
          "z": -0.5867353081703186
        },
        "matrix": [
          [
            0.28136691451072693,
            0.5562915205955505,
            -0.7819029688835144,
            0.33330926299095154
          ],
          [
            -0.19630897045135498,
            -0.7642208933830261,
            -0.6143530011177063,
            0.050955880433321
          ],
          [
            -0.9393126964569092,
            0.3263547718524933,
            -0.10582265257835388,
            1.4911972284317017
          ],
          [
            0.0,
            0.0,
            0.0,
            1.0
          ]
        ]
      },
      "bone_length_armature_space": 0.2675246538558961,
      "parent": "upperarm_l",
      "has_children": true,
      "is_end_bone": false
    },
    "metacarpal_thumb_l": {
      "name": "metacarpal_thumb_l",
      "local": {
        "location": {
          "x": 0.0,
          "y": 0.0,
          "z": 0.0
        },
        "rotation_quaternion": {
          "w": 0.9997861385345459,
          "x": 0.003671618178486824,
          "y": -0.009571108035743237,
          "z": -0.017960727214813232
        },
        "scale": {
          "x": 1.0,
          "y": 1.0,
          "z": 1.0
        },
        "matrix_basis": [
          [
            0.9991716146469116,
            0.035843487828969955,
            -0.01927001215517521,
            0.0
          ],
          [
            -0.03598405420780182,
            0.9993278384208679,
            -0.006997857708483934,
            0.0
          ],
          [
            0.019006231799721718,
            0.007685474120080471,
            0.999789834022522,
            0.0
          ],
          [
            0.0,
            0.0,
            0.0,
            1.0
          ]
        ],
        "rotation_mode": "QUATERNION"
      },
      "armature_space": {
        "head": {
          "x": 0.48213088512420654,
          "y": -0.21673591434955597,
          "z": 0.6286510825157166
        },
        "tail": {
          "x": 0.4854292869567871,
          "y": -0.2661457657814026,
          "z": 0.6298220157623291
        }
      },
      "world_space": {
        "head": {
          "x": 0.48213088512420654,
          "y": -0.15349191427230835,
          "z": 1.578505039215088
        },
        "tail": {
          "x": 0.4854292869567871,
          "y": -0.20290176570415497,
          "z": 1.5796760320663452
        },
        "rotation_quaternion": {
          "w": 0.00854601338505745,
          "x": 0.9946797490119934,
          "y": 0.034303877502679825,
          "z": 0.0967598631978035
        },
        "matrix": [
          [
            0.9789215326309204,
            0.06658890098333359,
            0.193076491355896,
            0.48213088512420654
          ],
          [
            0.06989660114049911,
            -0.9975004196166992,
            -0.010362992063164711,
            -0.15349191427230835
          ],
          [
            0.19190523028373718,
            0.023639263585209846,
            -0.9811360239982605,
            1.578505039215088
          ],
          [
            0.0,
            0.0,
            0.0,
            1.0
          ]
        ]
      },
      "bone_length_armature_space": 0.049533664445437824,
      "parent": "lowerarm_l",
      "has_children": true,
      "is_end_bone": false
    },
    "thumb_01_l": {
      "name": "thumb_01_l",
      "local": {
        "location": {
          "x": 0.0,
          "y": 0.0,
          "z": 0.0
        },
        "rotation_quaternion": {
          "w": 0.9651474952697754,
          "x": 0.2616615295410156,
          "y": -0.0040625641122460365,
          "z": -0.0026641609147191048
        },
        "scale": {
          "x": 1.0,
          "y": 1.0,
          "z": 1.0
        },
        "matrix_basis": [
          [
            0.9999527931213379,
            0.0030165829230099916,
            -0.009236164391040802,
            0.0
          ],
          [
            -0.0072686499916017056,
            0.8630523085594177,
            -0.5050622820854187,
            0.0
          ],
          [
            0.006447730120271444,
            0.5051056146621704,
            0.8630334734916687,
            0.0
          ],
          [
            0.0,
            0.0,
            0.0,
            1.0
          ]
        ],
        "rotation_mode": "QUATERNION"
      },
      "armature_space": {
        "head": {
          "x": 0.4854292869567871,
          "y": -0.2661457657814026,
          "z": 0.6298220157623291
        },
        "tail": {
          "x": 0.5045291185379028,
          "y": -0.28629639744758606,
          "z": 0.6101298928260803
        }
      },
      "world_space": {
        "head": {
          "x": 0.4854292869567871,
          "y": -0.20290176570415497,
          "z": 1.5796760320663452
        },
        "tail": {
          "x": 0.5045291185379028,
          "y": -0.22305239737033844,
          "z": 1.5599839687347412
        },
        "rotation_quaternion": {
          "w": 0.4438572824001312,
          "x": -0.5143531560897827,
          "y": 0.08362270891666412,
          "z": -0.7289985418319702
        },
        "matrix": [
          [
            -0.07686182856559753,
            0.5611222386360168,
            0.824156641960144,
            0.4854292869567871
          ],
          [
            -0.7331658601760864,
            -0.5919942855834961,
            0.33467981219291687,
            -0.20290176570415497
          ],
          [
            0.6756964921951294,
            -0.578524112701416,
            0.4569009840488434,
            1.5796760320663452
          ],
          [
            0.0,
            0.0,
            0.0,
            1.0
          ]
        ]
      },
      "bone_length_armature_space": 0.034038672596055655,
      "parent": "metacarpal_thumb_l",
      "has_children": true,
      "is_end_bone": false
    },
    "thumb_02_l": {
      "name": "thumb_02_l",
      "local": {
        "location": {
          "x": 0.0,
          "y": 0.0,
          "z": 0.0
        },
        "rotation_quaternion": {
          "w": 0.8684587478637695,
          "x": 0.4956762492656708,
          "y": -0.0051537188701331615,
          "z": -0.0076195416040718555
        },
        "scale": {
          "x": 1.0,
          "y": 1.0,
          "z": 1.0
        },
        "matrix_basis": [
          [
            0.9998307824134827,
            0.008125362917780876,
            -0.01650523580610752,
            0.0
          ],
          [
            -0.018343666568398476,
            0.5084940195083618,
            -0.8608701825141907,
            0.0
          ],
          [
            0.001397932879626751,
            0.8610273003578186,
            0.5085569620132446,
            0.0
          ],
          [
            0.0,
            0.0,
            0.0,
            1.0
          ]
        ],
        "rotation_mode": "QUATERNION"
      },
      "armature_space": {
        "head": {
          "x": 0.5045290589332581,
          "y": -0.28629639744758606,
          "z": 0.6101298332214355
        },
        "tail": {
          "x": 0.5134700536727905,
          "y": -0.2820894122123718,
          "z": 0.649060070514679
        }
      },
      "world_space": {
        "head": {
          "x": 0.5045290589332581,
          "y": -0.22305239737033844,
          "z": 1.5599838495254517
        },
        "tail": {
          "x": 0.5134700536727905,
          "y": -0.2188454121351242,
          "z": 1.5989141464233398
        },
        "rotation_quaternion": {
          "w": 0.3538843095302582,
          "x": 0.17879220843315125,
          "y": -0.653557538986206,
          "z": -0.6447184681892395
        },
        "matrix": [
          [
            -0.6855971813201904,
            0.22260941565036774,
            -0.6931101083755493,
            0.5045290589332581
          ],
          [
            -0.6900146007537842,
            0.1047440767288208,
            0.7161763310432434,
            -0.22305239737033844
          ],
          [
            0.23202787339687347,
            0.9692716598510742,
            0.0817926824092865,
            1.5599838495254517
          ],
          [
            0.0,
            0.0,
            0.0,
            1.0
          ]
        ]
      },
      "bone_length_armature_space": 0.040164704154059296,
      "parent": "thumb_01_l",
      "has_children": true,
      "is_end_bone": false
    },
    "thumb_03_l": {
      "name": "thumb_03_l",
      "local": {
        "location": {
          "x": 0.0,
          "y": 0.0,
          "z": 0.0
        },
        "rotation_quaternion": {
          "w": 0.9908255338668823,
          "x": 0.13514427840709686,
          "y": -0.0007542703533545136,
          "z": -0.0005091836210340261
        },
        "scale": {
          "x": 1.0,
          "y": 1.0,
          "z": 1.0
        },
        "matrix_basis": [
          [
            0.9999983310699463,
            0.0008051536278799176,
            -0.0016323272138834,
            0.0
          ],
          [
            -0.0012128949165344238,
            0.963471531867981,
            -0.26780804991722107,
            0.0
          ],
          [
            0.0013570741284638643,
            0.26780956983566284,
            0.9634709358215332,
            0.0
          ],
          [
            0.0,
            0.0,
            0.0,
            1.0
          ]
        ],
        "rotation_mode": "QUATERNION"
      },
      "armature_space": {
        "head": {
          "x": 0.5134700536727905,
          "y": -0.2820895314216614,
          "z": 0.6490600109100342
        },
        "tail": {
          "x": 0.5097910761833191,
          "y": -0.26731327176094055,
          "z": 0.6754233837127686
        }
      },
      "world_space": {
        "head": {
          "x": 0.5134700536727905,
          "y": -0.21884553134441376,
          "z": 1.5989140272140503
        },
        "tail": {
          "x": 0.5097910761833191,
          "y": -0.20406927168369293,
          "z": 1.6252774000167847
        },
        "rotation_quaternion": {
          "w": 0.47017598152160645,
          "x": 0.33286115527153015,
          "y": -0.7222236394882202,
          "z": -0.3827938139438629
        },
        "matrix": [
          [
            -0.33627650141716003,
            -0.12084148824214935,
            -0.9339784383773804,
            0.5134700536727905
          ],
          [
            -0.8407612442970276,
            0.48534491658210754,
            0.23991824686527252,
            -0.21884553134441376
          ],
          [
            0.42431190609931946,
            0.8659384250640869,
            -0.26481062173843384,
            1.5989140272140503
          ],
          [
            0.0,
            0.0,
            0.0,
            1.0
          ]
        ]
      },
      "bone_length_armature_space": 0.03044503472403519,
      "parent": "thumb_02_l",
      "has_children": false,
      "is_end_bone": true
    },
    "metacarpal_index_l": {
      "name": "metacarpal_index_l",
      "local": {
        "location": {
          "x": 0.0,
          "y": 0.0,
          "z": 0.0
        },
        "rotation_quaternion": {
          "w": 0.9997384548187256,
          "x": 0.019781289622187614,
          "y": 0.005153048783540726,
          "z": 0.010254002176225185
        },
        "scale": {
          "x": 1.0,
          "y": 1.0,
          "z": 1.0
        },
        "matrix_basis": [
          [
            0.9997366070747375,
            -0.020298773422837257,
            0.01070907711982727,
            0.0
          ],
          [
            0.020706508308649063,
            0.9990071058273315,
            -0.039446551352739334,
            0.0
          ],
          [
            -0.009897727519273758,
            0.03965790942311287,
            0.9991642832756042,
            0.0
          ],
          [
            0.0,
            0.0,
            0.0,
            1.0
          ]
        ],
        "rotation_mode": "QUATERNION"
      },
      "armature_space": {
        "head": {
          "x": 0.48213088512420654,
          "y": -0.21673591434955597,
          "z": 0.6286510825157166
        },
        "tail": {
          "x": 0.5141739845275879,
          "y": -0.3268996477127075,
          "z": 0.652450442314148
        }
      },
      "world_space": {
        "head": {
          "x": 0.48213088512420654,
          "y": -0.15349191427230835,
          "z": 1.578505039215088
        },
        "tail": {
          "x": 0.5141739845275879,
          "y": -0.2636556625366211,
          "z": 1.602304458618164
        },
        "rotation_quaternion": {
          "w": 0.12687425315380096,
          "x": 0.968148410320282,
          "y": 0.11750616878271103,
          "z": -0.18106327950954437
        },
        "matrix": [
          [
            0.9068167805671692,
            0.27347150444984436,
            -0.32077497243881226,
            0.48213088512420654
          ],
          [
            0.18158234655857086,
            -0.9401904344558716,
            -0.28821897506713867,
            -0.15349191427230835
          ],
          [
            -0.380411833524704,
            0.20311526954174042,
            -0.9022446274757385,
            1.578505039215088
          ],
          [
            0.0,
            0.0,
            0.0,
            1.0
          ]
        ]
      },
      "bone_length_armature_space": 0.11717174344628337,
      "parent": "lowerarm_l",
      "has_children": true,
      "is_end_bone": false
    },
    "index_01_l": {
      "name": "index_01_l",
      "local": {
        "location": {
          "x": 0.0,
          "y": 0.0,
          "z": 0.0
        },
        "rotation_quaternion": {
          "w": 0.9321345686912537,
          "x": 0.36193200945854187,
          "y": -0.009549597278237343,
          "z": -0.0062605575658380985
        },
        "scale": {
          "x": 1.0,
          "y": 1.0,
          "z": 1.0
        },
        "matrix_basis": [
          [
            0.9997392296791077,
            0.004758754279464483,
            -0.022334812209010124,
            0.0
          ],
          [
            -0.01858397386968136,
            0.737932026386261,
            -0.6746190786361694,
            0.0
          ],
          [
            0.013271227478981018,
            0.6748582720756531,
            0.7378280758857727,
            0.0
          ],
          [
            0.0,
            0.0,
            0.0,
            1.0
          ]
        ],
        "rotation_mode": "QUATERNION"
      },
      "armature_space": {
        "head": {
          "x": 0.5141739845275879,
          "y": -0.3268996477127075,
          "z": 0.652450442314148
        },
        "tail": {
          "x": 0.5225894451141357,
          "y": -0.35058945417404175,
          "z": 0.6389951109886169
        }
      },
      "world_space": {
        "head": {
          "x": 0.5141739845275879,
          "y": -0.2636556625366211,
          "z": 1.602304458618164
        },
        "tail": {
          "x": 0.5225894451141357,
          "y": -0.2873454689979553,
          "z": 1.5888490676879883
        },
        "rotation_quaternion": {
          "w": 0.19006560742855072,
          "x": -0.9141095876693726,
          "y": -0.22016820311546326,
          "z": 0.28249725699424744
        },
        "matrix": [
          [
            0.743442177772522,
            0.29513055086135864,
            -0.6001596450805664,
            0.5141739845275879
          ],
          [
            0.5099020600318909,
            -0.8308024406433105,
            0.2230863869190216,
            -0.2636556625366211
          ],
          [
            -0.43277716636657715,
            -0.47187864780426025,
            -0.7681464552879333,
            1.602304458618164
          ],
          [
            0.0,
            0.0,
            0.0,
            1.0
          ]
        ]
      },
      "bone_length_armature_space": 0.02851443261681155,
      "parent": "metacarpal_index_l",
      "has_children": true,
      "is_end_bone": false
    },
    "index_02_l": {
      "name": "index_02_l",
      "local": {
        "location": {
          "x": 0.0,
          "y": 0.0,
          "z": 0.0
        },
        "rotation_quaternion": {
          "w": 0.8857296109199524,
          "x": 0.46416667103767395,
          "y": 0.005624793469905853,
          "z": -0.00094270845875144
        },
        "scale": {
          "x": 1.0,
          "y": 1.0,
          "z": 1.0
        },
        "matrix_basis": [
          [
            0.99993497133255,
            0.006891652941703796,
            0.009088944643735886,
            0.0
          ],
          [
            0.0035517136566340923,
            0.5690968036651611,
            -0.8222629427909851,
            0.0
          ],
          [
            -0.010839239694178104,
            0.8222417235374451,
            0.5690353512763977,
            0.0
          ],
          [
            0.0,
            0.0,
            0.0,
            1.0
          ]
        ],
        "rotation_mode": "QUATERNION"
      },
      "armature_space": {
        "head": {
          "x": 0.5225892066955566,
          "y": -0.3505898416042328,
          "z": 0.6389948129653931
        },
        "tail": {
          "x": 0.5142421722412109,
          "y": -0.3591352105140686,
          "z": 0.6162923574447632
        }
      },
      "world_space": {
        "head": {
          "x": 0.5225892066955566,
          "y": -0.287345826625824,
          "z": 1.5888488292694092
        },
        "tail": {
          "x": 0.5142421722412109,
          "y": -0.2958912253379822,
          "z": 1.5661463737487793
        },
        "rotation_quaternion": {
          "w": 0.572547435760498,
          "x": -0.7231475114822388,
          "y": -0.07506601512432098,
          "z": 0.3789619505405426
        },
        "matrix": [
          [
            0.7015072703361511,
            -0.3253788948059082,
            -0.6340475082397461,
            0.5225892066955566
          ],
          [
            0.5425131916999817,
            -0.33311063051223755,
            0.7711790800094604,
            -0.287345826625824
          ],
          [
            -0.4621361494064331,
            -0.884973406791687,
            -0.057156890630722046,
            1.5888488292694092
          ],
          [
            0.0,
            0.0,
            0.0,
            1.0
          ]
        ]
      },
      "bone_length_armature_space": 0.02565341679675699,
      "parent": "index_01_l",
      "has_children": true,
      "is_end_bone": false
    },
    "index_03_l": {
      "name": "index_03_l",
      "local": {
        "location": {
          "x": 0.0,
          "y": 0.0,
          "z": 0.0
        },
        "rotation_quaternion": {
          "w": 0.9395360946655273,
          "x": 0.3423703908920288,
          "y": 0.007094291504472494,
          "z": -0.0020382131915539503
        },
        "scale": {
          "x": 1.0,
          "y": 1.0,
          "z": 1.0
        },
        "matrix_basis": [
          [
            0.9998910427093506,
            0.008687700144946575,
            0.01193503849208355,
            0.0
          ],
          [
            0.001027800957672298,
            0.7655566930770874,
            -0.64336758852005,
            0.0
          ],
          [
            -0.014726333320140839,
            0.6433097720146179,
            0.7654643654823303,
            0.0
          ],
          [
            0.0,
            0.0,
            0.0,
            1.0
          ]
        ],
        "rotation_mode": "QUATERNION"
      },
      "armature_space": {
        "head": {
          "x": 0.5142422914505005,
          "y": -0.35913535952568054,
          "z": 0.6162923574447632
        },
        "tail": {
          "x": 0.4970168173313141,
          "y": -0.34810468554496765,
          "z": 0.5954274535179138
        }
      },
      "world_space": {
        "head": {
          "x": 0.5142422914505005,
          "y": -0.29589134454727173,
          "z": 1.5661463737487793
        },
        "tail": {
          "x": 0.4970168173313141,
          "y": -0.28486067056655884,
          "z": 1.5452814102172852
        },
        "rotation_quaternion": {
          "w": 0.8283198475837708,
          "x": -0.4514109194278717,
          "y": 0.051453422755002975,
          "z": 0.3278215229511261
        },
        "matrix": [
          [
            0.7797703146934509,
            -0.5895358920097351,
            -0.2107267528772354,
            0.5142422914505005
          ],
          [
            0.49663078784942627,
            0.3775215148925781,
            0.7815598845481873,
            -0.29589134454727173
          ],
          [
            -0.3812059760093689,
            -0.7140952944755554,
            0.5871666073799133,
            1.5661463737487793
          ],
          [
            0.0,
            0.0,
            0.0,
            1.0
          ]
        ]
      },
      "bone_length_armature_space": 0.02921877698583109,
      "parent": "index_02_l",
      "has_children": false,
      "is_end_bone": true
    },
    "metacarpal_pinky_l": {
      "name": "metacarpal_pinky_l",
      "local": {
        "location": {
          "x": 0.0,
          "y": 0.0,
          "z": 0.0
        },
        "rotation_quaternion": {
          "w": 0.9998365640640259,
          "x": -0.01296834647655487,
          "y": -0.012588449753820896,
          "z": 0.0005768269184045494
        },
        "scale": {
          "x": 1.0,
          "y": 1.0,
          "z": 1.0
        },
        "matrix_basis": [
          [
            0.9996823668479919,
            -0.0008269625250250101,
            -0.025187745690345764,
            0.0
          ],
          [
            0.0014799680793657899,
            0.9996629953384399,
            0.025917930528521538,
            0.0
          ],
          [
            0.025157824158668518,
            -0.025946976616978645,
            0.9993467330932617,
            0.0
          ],
          [
            0.0,
            0.0,
            0.0,
            1.0
          ]
        ],
        "rotation_mode": "QUATERNION"
      },
      "armature_space": {
        "head": {
          "x": 0.48213088512420654,
          "y": -0.21673591434955597,
          "z": 0.6286510825157166
        },
        "tail": {
          "x": 0.5633574724197388,
          "y": -0.2730557918548584,
          "z": 0.6614159345626831
        }
      },
      "world_space": {
        "head": {
          "x": 0.48213088512420654,
          "y": -0.15349191427230835,
          "z": 1.578505039215088
        },
        "tail": {
          "x": 0.5633574724197388,
          "y": -0.20981179177761078,
          "z": 1.6112699508666992
        },
        "rotation_quaternion": {
          "w": 0.47171255946159363,
          "x": 0.18053047358989716,
          "y": -0.08401469141244888,
          "z": -0.858974814414978
        },
        "matrix": [
          [
            -0.4897914230823517,
            0.7800443172454834,
            -0.38940343260765076,
            0.48213088512420654
          ],
          [
            -0.8407130241394043,
            -0.5408573746681213,
            -0.02598506398499012,
            -0.15349191427230835
          ],
          [
            -0.2308834195137024,
            0.3146510124206543,
            0.9207072854042053,
            1.578505039215088
          ],
          [
            0.0,
            0.0,
            0.0,
            1.0
          ]
        ]
      },
      "bone_length_armature_space": 0.10413079513366086,
      "parent": "lowerarm_l",
      "has_children": true,
      "is_end_bone": false
    },
    "pinky_01_l": {
      "name": "pinky_01_l",
      "local": {
        "location": {
          "x": 0.0,
          "y": 0.0,
          "z": 0.0
        },
        "rotation_quaternion": {
          "w": 0.9410754442214966,
          "x": 0.3380160927772522,
          "y": -0.003584107616916299,
          "z": -0.010454666800796986
        },
        "scale": {
          "x": 1.0,
          "y": 1.0,
          "z": 1.0
        },
        "matrix_basis": [
          [
            0.9997556805610657,
            0.017254287376999855,
            -0.013813522644340992,
            0.0
          ],
          [
            -0.022100232541561127,
            0.7712716460227966,
            -0.6361223459243774,
            0.0
          ],
          [
            -0.0003218599013052881,
            0.6362722516059875,
            0.7714645266532898,
            0.0
          ],
          [
            0.0,
            0.0,
            0.0,
            1.0
          ]
        ],
        "rotation_mode": "QUATERNION"
      },
      "armature_space": {
        "head": {
          "x": 0.5633574724197388,
          "y": -0.2730557918548584,
          "z": 0.6614159345626831
        },
        "tail": {
