{
  "metadata": {
    "armature_name": "KIM_caucasian_male",
    "export_time": "2026-01-13T21:07:51.460963",
    "blender_version": "4.4.1",
    "bone_count": 56,
    "end_bone_count": 13,
    "spaces_included": [
      "LOCAL_CHANNELS",
      "ARMATURE_SPACE",
      "WORLD_SPACE"
    ],
    "note": "LOCAL matches Transform panel; replay pose via local.matrix_basis for best fidelity."
  },
  "bones": {
    "Root": {
      "name": "Root",
      "local": {
        "location": {
          "x": 0.0,
          "y": 0.0,
          "z": 0.0
        },
        "rotation_quaternion": {
          "w": 0.9997283220291138,
          "x": 0.013909377157688141,
          "y": -0.0027503131423145533,
          "z": 0.018499862402677536
        },
        "scale": {
          "x": 1.0,
          "y": 1.0,
          "z": 1.0
        },
        "matrix_basis": [
          [
            0.9993003606796265,
            -0.03706618398427963,
            -0.00498448871076107,
            0.0
          ],
          [
            0.03691316395998001,
            0.9989285469055176,
            -0.027912957593798637,
            0.0
          ],
          [
            0.006013775244355202,
            0.027709435671567917,
            0.9995979070663452,
            0.0
          ],
          [
            0.0,
            0.0,
            0.0,
            1.0
          ]
        ],
        "rotation_mode": "QUATERNION"
      },
      "armature_space": {
        "head": {
          "x": 0.0,
          "y": 0.07072800397872925,
          "z": -0.009595036506652832
        },
        "tail": {
          "x": -0.0026456310879439116,
          "y": -0.00019009411334991455,
          "z": -0.0019701276905834675
        }
      },
      "world_space": {
        "head": {
          "x": 0.0,
          "y": 0.13397200405597687,
          "z": 0.9402589797973633
        },
        "tail": {
          "x": -0.0026456310879439116,
          "y": 0.0630539059638977,
          "z": 0.9478839039802551
        },
        "rotation_quaternion": {
          "w": 0.05347157642245293,
          "x": 0.9983941912651062,
          "y": -0.01864311844110489,
          "z": -0.001497770077548921
        },
        "matrix": [
          [
            0.9993003606796265,
            -0.03706618398427963,
            -0.00498448871076107,
            0.0
          ],
          [
            -0.037386536598205566,
            -0.9935864210128784,
            -0.10671605169773102,
            0.13397200405597687
          ],
          [
            -0.0009970059618353844,
            0.10682754218578339,
            -0.9942840933799744,
            0.9402589797973633
          ],
          [
            0.0,
            0.0,
            0.0,
            1.0
          ]
        ]
      },
      "bone_length_armature_space": 0.07137587263415378,
      "parent": null,
      "has_children": true,
      "is_end_bone": false
    },
    "spine_01": {
      "name": "spine_01",
      "local": {
        "location": {
          "x": 0.0,
          "y": 0.0,
          "z": 0.0
        },
        "rotation_quaternion": {
          "w": 0.9987308979034424,
          "x": -0.0220824982970953,
          "y": 0.03695668280124664,
          "z": -0.026140952482819557
        },
        "scale": {
          "x": 1.0,
          "y": 1.0,
          "z": 1.0
        },
        "matrix_basis": [
          [
            0.9959017038345337,
            0.0505833625793457,
            0.07497407495975494,
            0.0
          ],
          [
            -0.053847745060920715,
            0.9976580142974854,
            0.042176779359579086,
            0.0
          ],
          [
            -0.07266505062580109,
            -0.04604111239314079,
            0.9962931275367737,
            0.0
          ],
          [
            0.0,
            0.0,
            0.0,
            1.0
          ]
        ],
        "rotation_mode": "QUATERNION"
      },
      "armature_space": {
        "head": {
          "x": -0.0026456310879439116,
          "y": -0.00019009411334991455,
          "z": -0.0019701276905834675
        },
        "tail": {
          "x": 0.023691119626164436,
          "y": 0.03053589165210724,
          "z": 0.4843536615371704
        }
      },
      "world_space": {
        "head": {
          "x": -0.0026456310879439116,
          "y": 0.0630539059638977,
          "z": 0.9478839039802551
        },
        "tail": {
          "x": 0.023691119626164436,
          "y": 0.09377989172935486,
          "z": 1.4342076778411865
        },
        "rotation_quaternion": {
          "w": 0.7283135056495667,
          "x": 0.684451162815094,
          "y": 0.03225918486714363,
          "z": -0.006734007503837347
        },
        "matrix": [
          [
            0.99782794713974,
            0.05396861582994461,
            0.037771034985780716,
            -0.0026456310879439116
          ],
          [
            0.034350357949733734,
            0.06296292692422867,
            -0.9974246025085449,
            0.0630539059638977
          ],
          [
            -0.056208159774541855,
            0.996562659740448,
            0.06097184121608734,
            0.9478839039802551
          ],
          [
            0.0,
            0.0,
            0.0,
            1.0
          ]
        ]
      },
      "bone_length_armature_space": 0.4880046655391339,
      "parent": "Root",
      "has_children": true,
      "is_end_bone": false
    },
    "neck_01": {
      "name": "neck_01",
      "local": {
        "location": {
          "x": 0.0,
          "y": 0.0,
          "z": 0.0
        },
        "rotation_quaternion": {
          "w": 0.9963312149047852,
          "x": 0.07008472084999084,
          "y": -0.048960309475660324,
          "z": 0.00390436640009284
        },
        "scale": {
          "x": 1.0,
          "y": 1.0,
          "z": 1.0
        },
        "matrix_basis": [
          [
            0.995175302028656,
            -0.014642823487520218,
            -0.09701409935951233,
            0.0
          ],
          [
            0.0009173449943773448,
            0.9901458024978638,
            -0.14003750681877136,
            0.0
          ],
          [
            0.09810864180326462,
            0.13927286863327026,
            0.9853820204734802,
            0.0
          ],
          [
            0.0,
            0.0,
            0.0,
            1.0
          ]
        ],
        "rotation_mode": "QUATERNION"
      },
      "armature_space": {
        "head": {
          "x": 0.02895253524184227,
          "y": 0.0005548186600208282,
          "z": 0.5594350099563599
        },
        "tail": {
          "x": 0.03416013717651367,
          "y": -0.04556315764784813,
          "z": 0.650850236415863
        }
      },
      "world_space": {
        "head": {
          "x": 0.02895253524184227,
          "y": 0.06379881501197815,
          "z": 1.509289026260376
        },
        "tail": {
          "x": 0.03416013717651367,
          "y": 0.01768084242939949,
          "z": 1.6007041931152344
        },
        "rotation_quaternion": {
          "w": 0.5244736075401306,
          "x": 0.8497637510299683,
          "y": -0.00289160362444818,
          "z": -0.053110070526599884
        },
        "matrix": [
          [
            0.9943419098854065,
            0.050795312970876694,
            -0.09329483658075333,
            0.02895253524184227
          ],
          [
            -0.060623764991760254,
            -0.4498378336429596,
            -0.8910505175590515,
            0.06379881501197815
          ],
          [
            -0.08722938597202301,
            0.8916704654693604,
            -0.44421714544296265,
            1.509289026260376
          ],
          [
            0.0,
            0.0,
            0.0,
            1.0
          ]
        ]
      },
      "bone_length_armature_space": 0.10252185260054764,
      "parent": "spine_01",
      "has_children": true,
      "is_end_bone": false
    },
    "head": {
      "name": "head",
      "local": {
        "location": {
          "x": 0.0,
          "y": 0.0,
          "z": 0.0
        },
        "rotation_quaternion": {
          "w": 0.9913451671600342,
          "x": 0.020112542435526848,
          "y": -0.12401057034730911,
          "z": -0.03810103237628937
        },
        "scale": {
          "x": 1.0,
          "y": 1.0,
          "z": 1.0
        },
        "matrix_basis": [
          [
            0.9663393497467041,
            0.0705542117357254,
            -0.24740718305110931,
            0.0
          ],
          [
            -0.08053088188171387,
            0.9962875843048096,
            -0.030427081510424614,
            0.0
          ],
          [
            0.24434193968772888,
            0.04932680353522301,
            0.9684337377548218,
            0.0
          ],
          [
            0.0,
            0.0,
            0.0,
            1.0
          ]
        ],
        "rotation_mode": "QUATERNION"
      },
      "armature_space": {
        "head": {
          "x": 0.03416012227535248,
          "y": -0.045563261955976486,
          "z": 0.6508501172065735
        },
        "tail": {
          "x": 0.05692300200462341,
          "y": -0.06888674199581146,
          "z": 0.8024784922599792
        }
      },
      "world_space": {
        "head": {
          "x": 0.03416012227535248,
          "y": 0.017680738121271133,
          "z": 1.6007041931152344
        },
        "tail": {
          "x": 0.05692300200462341,
          "y": -0.005642741918563843,
          "z": 1.7523324489593506
        },
        "rotation_quaternion": {
          "w": 0.6498037576675415,
          "x": 0.7390019297599792,
          "y": -0.05061439797282219,
          "z": -0.1704978346824646
        },
        "matrix": [
          [
            0.9367376565933228,
            0.1467718482017517,
            -0.31777423620224,
            0.03416012227535248
          ],
          [
            -0.29638752341270447,
            -0.15038655698299408,
            -0.9431536197662354,
            0.017680738121271133
          ],
          [
            -0.18621891736984253,
            0.9776784777641296,
            -0.09737297892570496,
            1.6007041931152344
          ],
          [
            0.0,
            0.0,
            0.0,
            1.0
          ]
        ]
      },
      "bone_length_armature_space": 0.15509125398874507,
      "parent": "neck_01",
      "has_children": false,
      "is_end_bone": true
    },
    "upperarm_l": {
      "name": "upperarm_l",
      "local": {
        "location": {
          "x": 0.0,
          "y": 0.0,
          "z": 0.0
        },
        "rotation_quaternion": {
          "w": 0.9734563827514648,
          "x": 0.12784656882286072,
          "y": -0.007891684770584106,
          "z": -0.18967276811599731
        },
        "scale": {
          "x": 1.0,
          "y": 1.0,
          "z": 1.0
        },
        "matrix_basis": [
          [
            0.9279239177703857,
            0.3672584891319275,
            -0.06386245042085648,
            0.0
          ],
          [
            -0.37129417061805725,
            0.8953589797019958,
            -0.24591244757175446,
            0.0
          ],
          [
            -0.033133603632450104,
            0.251899778842926,
            0.9671859741210938,
            0.0
          ],
          [
            0.0,
            0.0,
            0.0,
            1.0
          ]
        ],
        "rotation_mode": "QUATERNION"
      },
      "armature_space": {
        "head": {
          "x": 0.17512007057666779,
          "y": -0.0017051436007022858,
          "z": 0.484221488237381
        },
        "tail": {
          "x": 0.41106098890304565,
          "y": -0.05562891438603401,
          "z": 0.3691914677619934
        }
      },
      "world_space": {
        "head": {
          "x": 0.17512007057666779,
          "y": 0.061538856476545334,
          "z": 1.4340754747390747
        },
        "tail": {
          "x": 0.41106098890304565,
          "y": 0.007615085691213608,
          "z": 1.3190455436706543
        },
        "rotation_quaternion": {
          "w": 0.34328892827033997,
          "x": 0.40039220452308655,
          "y": 0.5306016206741333,
          "z": -0.6635516285896301
        },
        "matrix": [
          [
            -0.4436778128147125,
            0.8804770708084106,
            -0.16706281900405884,
            0.17512007057666779
          ],
          [
            -0.030685119330883026,
            -0.20123104751110077,
            -0.9790632128715515,
            0.061538856476545334
          ],
          [
            -0.8956672549247742,
            -0.4292655289173126,
            0.11629924178123474,
            1.4340754747390747
          ],
          [
            0.0,
            0.0,
            0.0,
            1.0
          ]
        ]
      },
      "bone_length_armature_space": 0.26796976285998825,
      "parent": "spine_01",
      "has_children": true,
      "is_end_bone": false
    },
    "lowerarm_l": {
      "name": "lowerarm_l",
      "local": {
        "location": {
          "x": 0.0,
          "y": 0.0,
          "z": 0.0
        },
        "rotation_quaternion": {
          "w": 0.8794780373573303,
          "x": 0.4242361783981323,
          "y": 0.08668280392885208,
          "z": -0.1975555270910263
        },
        "scale": {
          "x": 1.0,
          "y": 1.0,
          "z": 1.0
        },
        "matrix_basis": [
          [
            0.9069157838821411,
            0.4210394620895386,
            -0.015149159356951714,
            0.0
          ],
          [
            -0.27394354343414307,
            0.5619909763336182,
            -0.7804621458053589,
            0.0
          ],
          [
            -0.3200916349887848,
            0.7119634747505188,
            0.6250194907188416,
            0.0
          ],
          [
            0.0,
            0.0,
            0.0,
            1.0
          ]
        ],
        "rotation_mode": "QUATERNION"
      },
      "armature_space": {
        "head": {
          "x": 0.4110611379146576,
          "y": -0.05562897399067879,
          "z": 0.3691915273666382
        },
        "tail": {
          "x": 0.456716388463974,
          "y": -0.30050572752952576,
          "z": 0.2716183662414551
        }
      },
      "world_space": {
        "head": {
          "x": 0.4110611379146576,
          "y": 0.007615026086568832,
          "z": 1.3190455436706543
        },
        "tail": {
          "x": 0.456716388463974,
          "y": -0.23726172745227814,
          "z": 1.2214723825454712
        },
        "rotation_quaternion": {
          "w": 0.01396961323916912,
          "x": -0.47397351264953613,
          "y": -0.20526465773582458,
          "z": 0.8561661243438721
        },
        "matrix": [
          [
            -0.550308346748352,
            0.1706581711769104,
            -0.8173348903656006,
            0.4110611379146576
          ],
          [
            0.21850016713142395,
            -0.9153432846069336,
            -0.33823758363723755,
            0.007615026086568832
          ],
          [
            -0.8058704733848572,
            -0.36472609639167786,
            0.46643519401550293,
            1.3190455436706543
          ],
          [
            0.0,
            0.0,
            0.0,
            1.0
          ]
        ]
      },
      "bone_length_armature_space": 0.2675248592500906,
      "parent": "upperarm_l",
      "has_children": true,
      "is_end_bone": false
    },
    "metacarpal_thumb_l": {
      "name": "metacarpal_thumb_l",
      "local": {
        "location": {
          "x": 0.0,
          "y": 0.0,
          "z": 0.0
        },
        "rotation_quaternion": {
          "w": 0.9997014999389648,
          "x": -0.023745985701680183,
          "y": -0.0036152582615613937,
          "z": -0.004474871326237917
        },
        "scale": {
          "x": 1.0,
          "y": 1.0,
          "z": 1.0
        },
        "matrix_basis": [
          [
            0.9999338388442993,
            0.009118766523897648,
            -0.007015837822109461,
            0.0
          ],
          [
            -0.008775375783443451,
            0.9988322257995605,
            0.04751015082001686,
            0.0
          ],
          [
            0.007440878544002771,
            -0.04744543880224228,
            0.9988461136817932,
            0.0
          ],
          [
            0.0,
            0.0,
            0.0,
            1.0
          ]
        ],
        "rotation_mode": "QUATERNION"
      },
      "armature_space": {
        "head": {
          "x": 0.456716388463974,
          "y": -0.30050572752952576,
          "z": 0.2716183662414551
        },
        "tail": {
          "x": 0.4361952841281891,
          "y": -0.3451228439807892,
          "z": 0.26515448093414307
        }
      },
      "world_space": {
        "head": {
          "x": 0.456716388463974,
          "y": -0.23726172745227814,
          "z": 1.2214723825454712
        },
        "tail": {
          "x": 0.4361952841281891,
          "y": -0.28187882900238037,
          "z": 1.2150084972381592
        },
        "rotation_quaternion": {
          "w": 0.1345597356557846,
          "x": -0.9179567098617554,
          "y": 0.1775442659854889,
          "z": 0.32821813225746155
        },
        "matrix": [
          [
            0.7215018272399902,
            -0.4142860472202301,
            -0.55479896068573,
            0.456716388463974
          ],
          [
            -0.2376265674829483,
            -0.9007433652877808,
            0.3635864555835724,
            -0.23726172745227814
          ],
          [
            -0.6503651738166809,
            -0.13049498200416565,
            -0.7483384013175964,
            1.2214723825454712
          ],
          [
            0.0,
            0.0,
            0.0,
            1.0
          ]
        ]
      },
      "bone_length_armature_space": 0.04953367173022082,
      "parent": "lowerarm_l",
      "has_children": true,
      "is_end_bone": false
    },
    "thumb_01_l": {
      "name": "thumb_01_l",
      "local": {
        "location": {
          "x": 0.0,
          "y": 0.0,
          "z": 0.0
        },
        "rotation_quaternion": {
          "w": 0.9988272190093994,
          "x": 0.04485474154353142,
          "y": -0.014210772700607777,
          "z": 0.011413536965847015
        },
        "scale": {
          "x": 1.0,
          "y": 1.0,
          "z": 1.0
        },
        "matrix_basis": [
          [
            0.9993355870246887,
            -0.024075143039226532,
            -0.02736430987715721,
            0.0
          ],
          [
            0.021525461226701736,
            0.9957155585289001,
            -0.08992866426706314,
            0.0
          ],
          [
            0.02941211499273777,
            0.08927988260984421,
            0.9955722093582153,
            0.0
          ],
          [
            0.0,
            0.0,
            0.0,
            1.0
          ]
        ],
        "rotation_mode": "QUATERNION"
      },
      "armature_space": {
        "head": {
          "x": 0.4361952841281891,
          "y": -0.3451228439807892,
          "z": 0.26515448093414307
        },
        "tail": {
          "x": 0.4119029641151428,
          "y": -0.3552657961845398,
          "z": 0.24357591569423676
        }
      },
      "world_space": {
        "head": {
          "x": 0.4361952841281891,
          "y": -0.28187882900238037,
          "z": 1.2150084972381592
        },
        "tail": {
          "x": 0.4119029641151428,
          "y": -0.29202181100845337,
          "z": 1.193429946899414
        },
        "rotation_quaternion": {
          "w": 0.1427926868200302,
          "x": -0.7134857773780823,
          "y": 0.574993371963501,
          "z": -0.37407344579696655
        },
        "matrix": [
          [
            0.05890080705285072,
            -0.7136706709861755,
            0.6980004906654358,
            0.4361952841281891
          ],
          [
            -0.9273288249969482,
            -0.29798436164855957,
            -0.22642144560813904,
            -0.28187882900238037
          ],
          [
            0.3695853650569916,
            -0.6339443922042847,
            -0.6793639659881592,
            1.2150084972381592
          ],
          [
            0.0,
            0.0,
            0.0,
            1.0
          ]
        ]
      },
      "bone_length_armature_space": 0.034038666183386405,
      "parent": "metacarpal_thumb_l",
      "has_children": true,
      "is_end_bone": false
    },
    "thumb_02_l": {
      "name": "thumb_02_l",
      "local": {
        "location": {
          "x": 0.0,
          "y": 0.0,
          "z": 0.0
        },
        "rotation_quaternion": {
          "w": 0.9932140111923218,
          "x": 0.11623706668615341,
          "y": 0.0032488275319337845,
          "z": 0.002114594681188464
        },
        "scale": {
          "x": 1.0,
          "y": 1.0,
          "z": 1.0
        },
        "matrix_basis": [
          [
            0.9999699592590332,
            -0.003445221809670329,
            0.006945150438696146,
            0.0
          ],
          [
            0.004955758340656757,
            0.9729689359664917,
            -0.23088282346725464,
            0.0
          ],
          [
            -0.005961973685771227,
            0.2309103012084961,
            0.9729567766189575,
            0.0
          ],
          [
            0.0,
            0.0,
            0.0,
            1.0
          ]
        ],
        "rotation_mode": "QUATERNION"
      },
      "armature_space": {
        "head": {
          "x": 0.41190293431282043,
          "y": -0.3552657663822174,
          "z": 0.24357594549655914
        },
        "tail": {
          "x": 0.42477571964263916,
          "y": -0.38990944623947144,
          "z": 0.22785049676895142
        }
      },
      "world_space": {
        "head": {
          "x": 0.41190293431282043,
          "y": -0.2920217514038086,
          "z": 1.193429946899414
        },
        "tail": {
          "x": 0.42477571964263916,
          "y": -0.326665461063385,
          "z": 1.1777045726776123
        },
        "rotation_quaternion": {
          "w": 0.24777431786060333,
          "x": -0.5060805678367615,
          "y": 0.08563992381095886,
          "z": -0.821678876876831
        },
        "matrix": [
          [
            -0.36498042941093445,
            0.3205026388168335,
            0.8741093873977661,
            0.41190293431282043
          ],
          [
            -0.49386343359947205,
            -0.862546980381012,
            0.11005273461341858,
            -0.2920217514038086
          ],
          [
            0.7892378568649292,
            -0.39152711629867554,
            0.4731007218360901,
            1.193429946899414
          ],
          [
            0.0,
            0.0,
            0.0,
            1.0
          ]
        ]
      },
      "bone_length_armature_space": 0.04016444843310778,
      "parent": "thumb_01_l",
      "has_children": true,
      "is_end_bone": false
    },
    "thumb_03_l": {
      "name": "thumb_03_l",
      "local": {
        "location": {
          "x": 0.0,
          "y": 0.0,
          "z": 0.0
        },
        "rotation_quaternion": {
          "w": 0.998831570148468,
          "x": 0.04749863222241402,
          "y": -0.008906050585210323,
          "z": -0.00046709878370165825
        },
        "scale": {
          "x": 1.0,
          "y": 1.0,
          "z": 1.0
        },
        "matrix_basis": [
          [
            0.9998409152030945,
            8.705558138899505e-05,
            -0.01783566176891327,
            0.0
          ],
          [
            -0.0017791565041989088,
            0.9954873323440552,
            -0.0948779433965683,
            0.0
          ],
          [
            0.01774691604077816,
            0.09489458799362183,
            0.9953291416168213,
            0.0
          ],
          [
            0.0,
            0.0,
            0.0,
            1.0
          ]
        ],
        "rotation_mode": "QUATERNION"
      },
      "armature_space": {
        "head": {
          "x": 0.424775630235672,
          "y": -0.38990944623947144,
          "z": 0.2278505265712738
        },
        "tail": {
          "x": 0.44463974237442017,
          "y": -0.41119447350502014,
          "z": 0.2189478576183319
        }
      },
      "world_space": {
        "head": {
          "x": 0.424775630235672,
          "y": -0.326665461063385,
          "z": 1.1777045726776123
        },
        "tail": {
          "x": 0.44463974237442017,
          "y": -0.34795045852661133,
          "z": 1.1688019037246704
        },
        "rotation_quaternion": {
          "w": 0.3858291506767273,
          "x": -0.28909096121788025,
          "y": 0.039612337946891785,
          "z": -0.8752104043960571
        },
        "matrix": [
          [
            -0.5351236462593079,
            0.6524612307548523,
            0.536597490310669,
            0.424775630235672
          ],
          [
            -0.6982665061950684,
            -0.6991329789161682,
            0.1537432074546814,
            -0.326665461063385
          ],
          [
            0.4754672348499298,
            -0.2924191355705261,
            0.8297206163406372,
            1.1777045726776123
          ],
          [
            0.0,
            0.0,
            0.0,
            1.0
          ]
        ]
      },
      "bone_length_armature_space": 0.03044491485704512,
      "parent": "thumb_02_l",
      "has_children": false,
      "is_end_bone": true
    },
    "metacarpal_index_l": {
      "name": "metacarpal_index_l",
      "local": {
        "location": {
          "x": 0.0,
          "y": 0.0,
          "z": 0.0
        },
        "rotation_quaternion": {
          "w": 0.9985832571983337,
          "x": 0.05314650014042854,
          "y": 0.0026425570249557495,
          "z": -0.0001800251193344593
        },
        "scale": {
          "x": 1.0,
          "y": 1.0,
          "z": 1.0
        },
        "matrix_basis": [
          [
            0.9999859929084778,
            0.0006404254818335176,
            0.005258490797132254,
            0.0
          ],
          [
            -7.86548262112774e-05,
            0.9943508505821228,
            -0.10614336282014847,
            0.0
          ],
          [
            -0.0052967616356909275,
            0.10614145547151566,
            0.9943369030952454,
            0.0
          ],
          [
            0.0,
            0.0,
            0.0,
            1.0
          ]
        ],
        "rotation_mode": "QUATERNION"
      },
      "armature_space": {
        "head": {
          "x": 0.456716388463974,
          "y": -0.30050572752952576,
          "z": 0.2716183662414551
        },
        "tail": {
          "x": 0.4318163990974426,
          "y": -0.410258024930954,
          "z": 0.2390044629573822
        }
      },
      "world_space": {
        "head": {
          "x": 0.456716388463974,
          "y": -0.23726172745227814,
          "z": 1.2214723825454712
        },
        "tail": {
          "x": 0.4318163990974426,
          "y": -0.34701400995254517,
          "z": 1.1888585090637207
        },
        "rotation_quaternion": {
          "w": 0.17779573798179626,
          "x": -0.8051635026931763,
          "y": 0.007042637560516596,
          "z": 0.5657303929328918
        },
        "matrix": [
          [
            0.3597995638847351,
            -0.21250855922698975,
            -0.9085066318511963,
            0.456716388463974
          ],
          [
            0.18982753157615662,
            -0.9366788864135742,
            0.2942763566970825,
            -0.23726172745227814
          ],
          [
            -0.913521409034729,
            -0.2783427834510803,
            -0.29667845368385315,
            1.2214723825454712
          ],
          [
            0.0,
            0.0,
            0.0,
            1.0
          ]
        ]
      },
      "bone_length_armature_space": 0.11717185273610915,
      "parent": "lowerarm_l",
      "has_children": true,
      "is_end_bone": false
    },
    "index_01_l": {
      "name": "index_01_l",
      "local": {
        "location": {
          "x": 0.0,
          "y": 0.0,
          "z": 0.0
        },
        "rotation_quaternion": {
          "w": 0.9985193014144897,
          "x": -0.05237541347742081,
          "y": 0.008868739008903503,
          "z": -0.011722727678716183
        },
        "scale": {
          "x": 1.0,
          "y": 1.0,
          "z": 1.0
        },
        "matrix_basis": [
          [
            0.9995678663253784,
            0.022481732070446014,
            0.018939180299639702,
            0.0
          ],
          [
            -0.024339746683835983,
            0.9942387938499451,
            0.1043877899646759,
            0.0
          ],
          [
            -0.016483249142766,
            -0.1048036515712738,
            0.9943563342094421,
            0.0
          ],
          [
            0.0,
            0.0,
            0.0,
            1.0
          ]
        ],
        "rotation_mode": "QUATERNION"
      },
      "armature_space": {
        "head": {
          "x": 0.4318163990974426,
          "y": -0.410258024930954,
          "z": 0.2390044629573822
        },
        "tail": {
          "x": 0.43613147735595703,
          "y": -0.4344426393508911,
          "z": 0.22452835738658905
        }
      },
      "world_space": {
        "head": {
          "x": 0.4318163990974426,
          "y": -0.34701400995254517,
          "z": 1.1888585090637207
        },
        "tail": {
          "x": 0.43613147735595703,
          "y": -0.3711986541748047,
          "z": 1.1743823289871216
        },
        "rotation_quaternion": {
          "w": 0.18666619062423706,
          "x": -0.8260815739631653,
          "y": -0.20267757773399353,
          "z": 0.4915961027145386
        },
        "matrix": [
          [
            0.4345102608203888,
            0.15132981538772583,
            -0.8878626227378845,
            0.4318163990974426
          ],
          [
            0.5183854699134827,
            -0.8481554388999939,
            0.10913001745939255,
            -0.34701400995254517
          ],
          [
            -0.7365355491638184,
            -0.5076774954795837,
            -0.44698235392570496,
            1.1888585090637207
          ],
          [
            0.0,
            0.0,
            0.0,
            1.0
          ]
        ]
      },
      "bone_length_armature_space": 0.02851443638053251,
      "parent": "metacarpal_index_l",
      "has_children": true,
      "is_end_bone": false
    },
    "index_02_l": {
      "name": "index_02_l",
      "local": {
        "location": {
          "x": 0.0,
          "y": 0.0,
          "z": 0.0
        },
        "rotation_quaternion": {
          "w": 0.9818471670150757,
          "x": 0.18940141797065735,
          "y": 0.007727010175585747,
          "z": 0.0066032325848937035
        },
        "scale": {
          "x": 1.0,
          "y": 1.0,
          "z": 1.0
        },
        "matrix_basis": [
          [
            0.9997934103012085,
            -0.010039716958999634,
            0.01767480932176113,
            0.0
          ],
          [
            0.01589374430477619,
            0.9281669855117798,
            -0.3718244433403015,
            0.0
          ],
          [
            -0.012672162614762783,
            0.37202852964401245,
            0.9281347990036011,
            0.0
          ],
          [
            0.0,
            0.0,
            0.0,
            1.0
          ]
        ],
        "rotation_mode": "QUATERNION"
      },
      "armature_space": {
        "head": {
          "x": 0.43613114953041077,
          "y": -0.43444305658340454,
          "z": 0.22452819347381592
        },
        "tail": {
          "x": 0.4320211708545685,
          "y": -0.45404142141342163,
          "z": 0.20849363505840302
        }
      },
      "world_space": {
        "head": {
          "x": 0.43613114953041077,
          "y": -0.3711990714073181,
          "z": 1.174382209777832
        },
        "tail": {
          "x": 0.4320211708545685,
          "y": -0.3907974362373352,
          "z": 1.1583476066589355
        },
        "rotation_quaternion": {
          "w": 0.32115963101387024,
          "x": -0.7677046656608582,
          "y": -0.12194841355085373,
          "z": 0.5409387350082397
        },
        "matrix": [
          [
            0.3850290775299072,
            -0.16021226346492767,
            -0.908892035484314,
            0.43613114953041077
          ],
          [
            0.5346955060958862,
            -0.7639714479446411,
            0.36117690801620483,
            -0.3711990714073181
          ],
          [
            -0.7522372603416443,
            -0.6250491142272949,
            -0.20848751068115234,
            1.174382209777832
          ],
          [
            0.0,
            0.0,
            0.0,
            1.0
          ]
        ]
      },
      "bone_length_armature_space": 0.025653360142544032,
      "parent": "index_01_l",
      "has_children": true,
      "is_end_bone": false
    },
    "index_03_l": {
      "name": "index_03_l",
      "local": {
        "location": {
          "x": 0.0,
          "y": 0.0,
          "z": 0.0
        },
        "rotation_quaternion": {
          "w": 0.9774734973907471,
          "x": 0.21087950468063354,
          "y": -0.006807123310863972,
          "z": -0.005398898851126432
        },
        "scale": {
          "x": 1.0,
          "y": 1.0,
          "z": 1.0
        },
        "matrix_basis": [
          [
            0.9998490214347839,
            0.007683595642447472,
            -0.01558459922671318,
            0.0
          ],
          [
            -0.013425526209175587,
            0.9110013842582703,
            -0.4121847450733185,
            0.0
          ],
          [
            0.011030531488358974,
            0.412331759929657,
            0.9109669923782349,
            0.0
          ],
          [
            0.0,
            0.0,
            0.0,
            1.0
          ]
        ],
        "rotation_mode": "QUATERNION"
      },
      "armature_space": {
        "head": {
          "x": 0.43202129006385803,
          "y": -0.4540414810180664,
          "z": 0.2084936946630478
        },
        "tail": {
          "x": 0.41631144285202026,
          "y": -0.466325968503952,
          "z": 0.18713881075382233
        }
      },
      "world_space": {
        "head": {
          "x": 0.43202129006385803,
          "y": -0.39079749584198,
          "z": 1.158347725868225
        },
        "tail": {
          "x": 0.41631144285202026,
          "y": -0.4030819535255432,
          "z": 1.1369928121566772
        },
        "rotation_quaternion": {
          "w": 0.5380489230155945,
          "x": -0.6627581715583801,
          "y": -0.016969291493296623,
          "z": 0.5205450654029846
        },
        "matrix": [
          [
            0.45748573541641235,
            -0.5376641750335693,
            -0.7082542181015015,
            0.43202129006385803
          ],
          [
            0.5826535224914551,
            -0.4204323887825012,
            0.6955227851867676,
            -0.39079749584198
          ],
          [
            -0.6717349290847778,
            -0.7308640480041504,
            0.12093167006969452,
            1.158347725868225
          ],
          [
            0.0,
            0.0,
            0.0,
            1.0
          ]
        ]
      },
      "bone_length_armature_space": 0.029218812097136664,
      "parent": "index_02_l",
      "has_children": false,
      "is_end_bone": true
    },
    "metacarpal_pinky_l": {
      "name": "metacarpal_pinky_l",
      "local": {
        "location": {
          "x": 0.0,
          "y": 0.0,
          "z": 0.0
        },
        "rotation_quaternion": {
          "w": 0.9992974400520325,
          "x": -0.024734679609537125,
          "y": 0.02262241393327713,
          "z": -0.016765838488936424
        },
        "scale": {
          "x": 1.0,
          "y": 1.0,
          "z": 1.0
        },
        "matrix_basis": [
          [
            0.9984142780303955,
            0.03238900378346443,
            0.04604243487119675,
            0.0
          ],
          [
            -0.03462723642587662,
            0.9982141852378845,
            0.048676036298274994,
            0.0
          ],
          [
            -0.04438364505767822,
            -0.050193171948194504,
            0.997752845287323,
            0.0
          ],
          [
            0.0,
            0.0,
            0.0,
            1.0
          ]
        ],
        "rotation_mode": "QUATERNION"
      },
      "armature_space": {
        "head": {
          "x": 0.456716388463974,
          "y": -0.30050572752952576,
          "z": 0.2716183662414551
        },
        "tail": {
          "x": 0.4944891631603241,
          "y": -0.3801436722278595,
          "z": 0.21617215871810913
        }
      },
      "world_space": {
        "head": {
          "x": 0.456716388463974,
          "y": -0.23726172745227814,
          "z": 1.2214723825454712
        },
        "tail": {
          "x": 0.4944891631603241,
          "y": -0.3168996572494507,
          "z": 1.1660261154174805
        },
        "rotation_quaternion": {
          "w": 0.22426603734493256,
          "x": -0.10757067799568176,
          "y": 0.2594434320926666,
          "z": -0.9331786632537842
        },
        "matrix": [
          [
            -0.8762662410736084,
            0.3627437651157379,
            0.3171345889568329,
            0.456716388463974
          ],
          [
            -0.4743782579898834,
            -0.7647879123687744,
            -0.4359644949436188,
            -0.23726172745227814
          ],
          [
            0.08439759165048599,
            -0.5324670672416687,
            0.8422411680221558,
            1.2214723825454712
          ],
          [
            0.0,
            0.0,
            0.0,
            1.0
          ]
        ]
      },
      "bone_length_armature_space": 0.10413100754813977,
      "parent": "lowerarm_l",
      "has_children": true,
      "is_end_bone": false
    },
    "pinky_01_l": {
      "name": "pinky_01_l",
      "local": {
        "location": {
          "x": 0.0,
          "y": 0.0,
          "z": 0.0
        },
        "rotation_quaternion": {
          "w": 0.9993618726730347,
          "x": 0.03374341130256653,
          "y": 0.011711474508047104,
          "z": -0.0003600779746193439
        },
        "scale": {
          "x": 1.0,
          "y": 1.0,
          "z": 1.0
        },
        "matrix_basis": [
          [
            0.9997254014015198,
            0.001510066562332213,
            0.023383701220154762,
            0.0
          ],
          [
            7.067380647640675e-05,
            0.9977225065231323,
            -0.06745219230651855,
            0.0
          ],
          [
            -0.023432303220033646,
            0.06743532419204712,
            0.9974484443664551,
            0.0
          ],
          [
            0.0,
            0.0,
            0.0,
            1.0
          ]
        ],
        "rotation_mode": "QUATERNION"
      },
      "armature_space": {
        "head": {
          "x": 0.4944891631603241,
          "y": -0.3801436722278595,
          "z": 0.21617215871810913
