{
  "metadata": {
    "armature_name": "KIM_caucasian_male",
    "export_time": "2026-01-13T19:11:07.105861",
    "blender_version": "4.4.1",
    "bone_count": 56,
    "end_bone_count": 13,
    "spaces_included": [
      "LOCAL_CHANNELS",
      "ARMATURE_SPACE",
      "WORLD_SPACE"
    ],
    "note": "LOCAL matches Transform panel; replay pose via local.matrix_basis for best fidelity."
  },
  "bones": {
    "Root": {
      "name": "Root",
      "local": {
        "location": {
          "x": 0.0,
          "y": 0.0,
          "z": 0.0
        },
        "rotation_quaternion": {
          "w": 0.9996303915977478,
          "x": 0.0034021600149571896,
          "y": -0.011326432228088379,
          "z": -0.024483859539031982
        },
        "scale": {
          "x": 1.0,
          "y": 1.0,
          "z": 1.0
        },
        "matrix_basis": [
          [
            0.9985445141792297,
            0.04887255281209946,
            -0.02281108871102333,
            0.0
          ],
          [
            -0.04902669042348862,
            0.9987779259681702,
            -0.006247175391763449,
            0.0
          ],
          [
            0.0224778950214386,
            0.007356434594839811,
            0.9997202754020691,
            0.0
          ],
          [
            0.0,
            0.0,
            0.0,
            1.0
          ]
        ],
        "rotation_mode": "QUATERNION"
      },
      "armature_space": {
        "head": {
          "x": 0.0,
          "y": 0.07072800397872925,
          "z": -0.009595036506652832
        },
        "tail": {
          "x": 0.0034883208572864532,
          "y": 1.5854835510253906e-05,
          "z": -0.0005320357158780098
        }
      },
      "world_space": {
        "head": {
          "x": 0.0,
          "y": 0.13397200405597687,
          "z": 0.9402589797973633
        },
        "tail": {
          "x": 0.0034883208572864532,
          "y": 0.06325985491275787,
          "z": 0.949321985244751
        },
        "rotation_quaternion": {
          "w": 0.06394831836223602,
          "x": 0.9975885152816772,
          "y": 0.023665202781558037,
          "z": -0.012950127944350243
        },
        "matrix": [
          [
            0.9985445141792297,
            0.04887255281209946,
            -0.02281108871102333,
            0.0
          ],
          [
            0.04555998742580414,
            -0.9907010793685913,
            -0.12820161879062653,
            0.13397200405597687
          ],
          [
            -0.02886466681957245,
            0.12697570025920868,
            -0.9914928674697876,
            0.9402589797973633
          ],
          [
            0.0,
            0.0,
            0.0,
            1.0
          ]
        ]
      },
      "bone_length_armature_space": 0.07137586707849904,
      "parent": null,
      "has_children": true,
      "is_end_bone": false
    },
    "spine_01": {
      "name": "spine_01",
      "local": {
        "location": {
          "x": 0.0,
          "y": 0.0,
          "z": 0.0
        },
        "rotation_quaternion": {
          "w": 0.9942353367805481,
          "x": 0.07068978250026703,
          "y": -0.03137888386845589,
          "z": -0.07425946742296219
        },
        "scale": {
          "x": 1.0,
          "y": 1.0,
          "z": 1.0
        },
        "matrix_basis": [
          [
            0.9870017766952515,
            0.14322644472122192,
            -0.07289475947618484,
            0.0
          ],
          [
            -0.1520991027355194,
            0.9789769649505615,
            -0.1359042078256607,
            0.0
          ],
          [
            0.05189722031354904,
            0.1452249139547348,
            0.9880366325378418,
            0.0
          ],
          [
            0.0,
            0.0,
            0.0,
            1.0
          ]
        ],
        "rotation_mode": "QUATERNION"
      },
      "armature_space": {
        "head": {
          "x": 0.0034883208572864532,
          "y": 1.5854835510253906e-05,
          "z": -0.0005320357158780098
        },
        "tail": {
          "x": 0.08949872851371765,
          "y": -0.0481635145843029,
          "z": 0.47741079330444336
        }
      },
      "world_space": {
        "head": {
          "x": 0.0034883208572864532,
          "y": 0.06325985491275787,
          "z": 0.949321985244751
        },
        "tail": {
          "x": 0.08949872851371765,
          "y": 0.015080485492944717,
          "z": 1.4272648096084595
        },
        "rotation_quaternion": {
          "w": 0.6690113544464111,
          "x": 0.737809419631958,
          "y": 0.055315181612968445,
          "z": -0.07072095572948456
        },
        "matrix": [
          [
            0.9838775396347046,
            0.1762503981590271,
            -0.030343040823936462,
            0.0034883208572864532
          ],
          [
            -0.013000987470149994,
            -0.09872797131538391,
            -0.9950295686721802,
            0.06325985491275787
          ],
          [
            -0.17837132513523102,
            0.9793885946273804,
            -0.09484641253948212,
            0.949321985244751
          ],
          [
            0.0,
            0.0,
            0.0,
            1.0
          ]
        ]
      },
      "bone_length_armature_space": 0.48800449777621085,
      "parent": "Root",
      "has_children": true,
      "is_end_bone": false
    },
    "neck_01": {
      "name": "neck_01",
      "local": {
        "location": {
          "x": 0.0,
          "y": 0.0,
          "z": 0.0
        },
        "rotation_quaternion": {
          "w": 0.9879951477050781,
          "x": -0.12673431634902954,
          "y": 0.08417363464832306,
          "z": -0.02681354433298111
        },
        "scale": {
          "x": 1.0,
          "y": 1.0,
          "z": 1.0
        },
        "matrix_basis": [
          [
            0.9843916893005371,
            0.031647928059101105,
            0.17312267422676086,
            0.0
          ],
          [
            -0.07431867718696594,
            0.966438889503479,
            0.24591179192066193,
            0.0
          ],
          [
            -0.1595298945903778,
            -0.2549397647380829,
            0.9537064433097839,
            0.0
          ],
          [
            0.0,
            0.0,
            0.0,
            1.0
          ]
        ],
        "rotation_mode": "QUATERNION"
      },
      "armature_space": {
        "head": {
          "x": 0.10135120898485184,
          "y": -0.08990029245615005,
          "z": 0.5458307862281799
        },
        "tail": {
          "x": 0.12208305299282074,
          "y": -0.11337372660636902,
          "z": 0.6434522271156311
        }
      },
      "world_space": {
        "head": {
          "x": 0.10135120898485184,
          "y": -0.026656292378902435,
          "z": 1.4956848621368408
        },
        "tail": {
          "x": 0.12208305299282074,
          "y": -0.0501297265291214,
          "z": 1.593306303024292
        },
        "rotation_quaternion": {
          "w": 0.6099701523780823,
          "x": 0.7837100625038147,
          "y": 0.115997813642025,
          "z": -0.016724001616239548
        },
        "matrix": [
          [
            0.9725294709205627,
            0.20221976935863495,
            0.11529795825481415,
            0.10135120898485184
          ],
          [
            0.16141606867313385,
            -0.22896140813827515,
            -0.9599592685699463,
            -0.026656292378902435
          ],
          [
            -0.16772496700286865,
            0.952206015586853,
            -0.25531598925590515,
            1.4956848621368408
          ],
          [
            0.0,
            0.0,
            0.0,
            1.0
          ]
        ]
      },
      "bone_length_armature_space": 0.102521982501853,
      "parent": "spine_01",
      "has_children": true,
      "is_end_bone": false
    },
    "head": {
      "name": "head",
      "local": {
        "location": {
          "x": 0.0,
          "y": 0.0,
          "z": 0.0
        },
        "rotation_quaternion": {
          "w": 0.9624849557876587,
          "x": -0.1621672511100769,
          "y": 0.047844696789979935,
          "z": -0.212215855717659
        },
        "scale": {
          "x": 1.0,
          "y": 1.0,
          "z": 1.0
        },
        "matrix_basis": [
          [
            0.9053506255149841,
            0.39299145340919495,
            0.16092853248119354,
            0.0
          ],
          [
            -0.42402681708335876,
            0.8573324084281921,
            0.29186028242111206,
            0.0
          ],
          [
            -0.023270677775144577,
            -0.33247387409210205,
            0.9428253173828125,
            0.0
          ],
          [
            0.0,
            0.0,
            0.0,
            1.0
          ]
        ],
        "rotation_mode": "QUATERNION"
      },
      "armature_space": {
        "head": {
          "x": 0.12208305299282074,
          "y": -0.11337385326623917,
          "z": 0.6434521079063416
        },
        "tail": {
          "x": 0.1916811168193817,
          "y": -0.03552250564098358,
          "z": 0.7581188678741455
        }
      },
      "world_space": {
        "head": {
          "x": 0.12208305299282074,
          "y": -0.05012985318899155,
          "z": 1.593306064605713
        },
        "tail": {
          "x": 0.1916811168193817,
          "y": 0.027721494436264038,
          "z": 1.7079728841781616
        },
        "rotation_quaternion": {
          "w": 0.8180304169654846,
          "x": 0.48813721537590027,
          "y": 0.2860298752784729,
          "z": -0.10361180454492569
        },
        "matrix": [
          [
            0.8149036765098572,
            0.44875863194465637,
            0.36680737137794495,
            0.12208305299282074
          ],
          [
            0.10972633212804794,
            0.5019745826721191,
            -0.8578938841819763,
            -0.05012985318899155
          ],
          [
            -0.5691190958023071,
            0.7393550872802734,
            0.35982203483581543,
            1.593306064605713
          ],
          [
            0.0,
            0.0,
            0.0,
            1.0
          ]
        ]
      },
      "bone_length_armature_space": 0.1550909055108491,
      "parent": "neck_01",
      "has_children": false,
      "is_end_bone": true
    },
    "upperarm_l": {
      "name": "upperarm_l",
      "local": {
        "location": {
          "x": 0.0,
          "y": 0.0,
          "z": 0.0
        },
        "rotation_quaternion": {
          "w": 0.8053497672080994,
          "x": -0.29789191484451294,
          "y": 0.4682216942310333,
          "z": -0.20842427015304565
        },
        "scale": {
          "x": 1.0,
          "y": 1.0,
          "z": 1.0
        },
        "matrix_basis": [
          [
            0.47465553879737854,
            0.05674996227025986,
            0.8783403038978577,
            0.0
          ],
          [
            -0.6146677732467651,
            0.7356394529342651,
            0.28463682532310486,
            0.0
          ],
          [
            -0.6299886703491211,
            -0.6749919056892395,
            0.3840577006340027,
            0.0
          ],
          [
            0.0,
            0.0,
            0.0,
            1.0
          ]
        ],
        "rotation_mode": "QUATERNION"
      },
      "armature_space": {
        "head": {
          "x": 0.23699069023132324,
          "y": -0.08838842809200287,
          "z": 0.452950119972229
        },
        "tail": {
          "x": 0.42661160230636597,
          "y": 0.09846073389053345,
          "z": 0.4223082959651947
        }
      },
      "world_space": {
        "head": {
          "x": 0.23699069023132324,
          "y": -0.02514442801475525,
          "z": 1.4028041362762451
        },
        "tail": {
          "x": 0.42661160230636597,
          "y": 0.16170473396778107,
          "z": 1.3721623420715332
        },
        "rotation_quaternion": {
          "w": 0.10053590685129166,
          "x": 0.37500205636024475,
          "y": 0.9157137870788574,
          "z": -0.10360743850469589
        },
        "matrix": [
          [
            -0.698531985282898,
            0.7076214551925659,
            0.10641765594482422,
            0.23699069023132324
          ],
          [
            0.6659564971923828,
            0.6972779035568237,
            -0.26515254378318787,
            -0.02514442801475525
          ],
          [
            -0.26183149218559265,
            -0.11434818059206009,
            -0.958323061466217,
            1.4028041362762451
          ],
          [
            0.0,
            0.0,
            0.0,
            1.0
          ]
        ]
      },
      "bone_length_armature_space": 0.26796943551335917,
      "parent": "spine_01",
      "has_children": true,
      "is_end_bone": false
    },
    "lowerarm_l": {
      "name": "lowerarm_l",
      "local": {
        "location": {
          "x": 0.0,
          "y": 0.0,
          "z": 0.0
        },
        "rotation_quaternion": {
          "w": 0.9117205142974854,
          "x": 0.40222859382629395,
          "y": 0.012144775129854679,
          "z": -0.08264623582363129
        },
        "scale": {
          "x": 1.0,
          "y": 1.0,
          "z": 1.0
        },
        "matrix_basis": [
          [
            0.9860442280769348,
            0.16047048568725586,
            -0.04434007778763771,
            0.0
          ],
          [
            -0.14093059301376343,
            0.6627635359764099,
            -0.7354475855827332,
            0.0
          ],
          [
            -0.08863063901662827,
            0.7314326763153076,
            0.6761293411254883,
            0.0
          ],
          [
            0.0,
            0.0,
            0.0,
            1.0
          ]
        ],
        "rotation_mode": "QUATERNION"
      },
      "armature_space": {
        "head": {
          "x": 0.4266117811203003,
          "y": 0.09846070408821106,
          "z": 0.4223082661628723
        },
        "tail": {
          "x": 0.5564462542533875,
          "y": 0.14963187277317047,
          "z": 0.1940658986568451
        }
      },
      "world_space": {
        "head": {
          "x": 0.4266117811203003,
          "y": 0.16170470416545868,
          "z": 1.3721623420715332
        },
        "tail": {
          "x": 0.5564462542533875,
          "y": 0.2128758728504181,
          "z": 1.1439199447631836
        },
        "rotation_quaternion": {
          "w": 0.05458776652812958,
          "x": -0.35272282361984253,
          "y": -0.769843578338623,
          "z": 0.5291008949279785
        },
        "matrix": [
          [
            -0.7452120184898376,
            0.4853181540966034,
            -0.45730191469192505,
            0.4266117811203003
          ],
          [
            0.6008496284484863,
            0.19127658009529114,
            -0.776140034198761,
            0.16170470416545868
          ],
          [
            -0.2892051339149475,
            -0.8531644344329834,
            -0.43414872884750366,
            1.3721623420715332
          ],
          [
            0.0,
            0.0,
            0.0,
            1.0
          ]
        ]
      },
      "bone_length_armature_space": 0.2675258078907229,
      "parent": "upperarm_l",
      "has_children": true,
      "is_end_bone": false
    },
    "metacarpal_thumb_l": {
      "name": "metacarpal_thumb_l",
      "local": {
        "location": {
          "x": 0.0,
          "y": 0.0,
          "z": 0.0
        },
        "rotation_quaternion": {
          "w": 0.9993470311164856,
          "x": -0.034970711916685104,
          "y": 0.0051419478841125965,
          "z": 0.007499023340642452
        },
        "scale": {
          "x": 1.0,
          "y": 1.0,
          "z": 1.0
        },
        "matrix_basis": [
          [
            0.9998346567153931,
            -0.015347888693213463,
            0.009752687998116016,
            0.0
          ],
          [
            0.014628618024289608,
            0.9974416494369507,
            0.06997287273406982,
            0.0
          ],
          [
            -0.01080167293548584,
            -0.0698186382651329,
            0.9975011944770813,
            0.0
          ],
          [
            0.0,
            0.0,
            0.0,
            1.0
          ]
        ],
        "rotation_mode": "QUATERNION"
      },
      "armature_space": {
        "head": {
          "x": 0.5564462542533875,
          "y": 0.14963187277317047,
          "z": 0.1940658986568451
        },
        "tail": {
          "x": 0.5576428174972534,
          "y": 0.13730114698410034,
          "z": 0.14610612392425537
        }
      },
      "world_space": {
        "head": {
          "x": 0.5564462542533875,
          "y": 0.2128758728504181,
          "z": 1.1439199447631836
        },
        "tail": {
          "x": 0.5576428174972534,
          "y": 0.20054514706134796,
          "z": 1.0959601402282715
        },
        "rotation_quaternion": {
          "w": 0.54558265209198,
          "x": -0.71230149269104,
          "y": -0.2790552079677582,
          "z": 0.3421906530857086
        },
        "matrix": [
          [
            0.6100676655769348,
            0.024156920611858368,
            -0.7919808030128479,
            0.5564462542533875
          ],
          [
            0.7709292769432068,
            -0.248936265707016,
            0.5862585306167603,
            0.2128758728504181
          ],
          [
            -0.18299104273319244,
            -0.9682255983352661,
            -0.17049187421798706,
            1.1439199447631836
          ],
          [
            0.0,
            0.0,
            0.0,
            1.0
          ]
        ]
      },
      "bone_length_armature_space": 0.049534013950859074,
      "parent": "lowerarm_l",
      "has_children": true,
      "is_end_bone": false
    },
    "thumb_01_l": {
      "name": "thumb_01_l",
      "local": {
        "location": {
          "x": 0.0,
          "y": 0.0,
          "z": 0.0
        },
        "rotation_quaternion": {
          "w": 0.9995478987693787,
          "x": -0.018367916345596313,
          "y": -0.023803019896149635,
          "z": -0.000380469486117363
        },
        "scale": {
          "x": 1.0,
          "y": 1.0,
          "z": 1.0
        },
        "matrix_basis": [
          [
            0.9988665580749512,
            0.0016350187361240387,
            -0.04757054150104523,
            0.0
          ],
          [
            0.00011382880620658398,
            0.9993249773979187,
            0.036737337708473206,
            0.0
          ],
          [
            0.04759849235415459,
            -0.03670111298561096,
            0.9981920719146729,
            0.0
          ],
          [
            0.0,
            0.0,
            0.0,
            1.0
          ]
        ],
        "rotation_mode": "QUATERNION"
      },
      "armature_space": {
        "head": {
          "x": 0.5576428174972534,
          "y": 0.13730114698410034,
          "z": 0.14610612392425537
        },
        "tail": {
          "x": 0.5350598096847534,
          "y": 0.14229390025138855,
          "z": 0.12113187462091446
        }
      },
      "world_space": {
        "head": {
          "x": 0.5576428174972534,
          "y": 0.20054514706134796,
          "z": 1.0959601402282715
        },
        "tail": {
          "x": 0.5350598096847534,
          "y": 0.20553790032863617,
          "z": 1.0709859132766724
        },
        "rotation_quaternion": {
          "w": 0.5997376441955566,
          "x": -0.6511793732643127,
          "y": 0.46222755312919617,
          "z": 0.05124528333544731
        },
        "matrix": [
          [
            0.5674368143081665,
            -0.6634535789489746,
            0.4876931309700012,
            0.5576428174972534
          ],
          [
            -0.5405219793319702,
            0.1466793566942215,
            0.8284451961517334,
            0.20054514706134796
          ],
          [
            -0.6211742162704468,
            -0.7337042689323425,
            -0.2753812074661255,
            1.0959601402282715
          ],
          [
            0.0,
            0.0,
            0.0,
            1.0
          ]
        ]
      },
      "bone_length_armature_space": 0.034038697952806805,
      "parent": "metacarpal_thumb_l",
      "has_children": true,
      "is_end_bone": false
    },
    "thumb_02_l": {
      "name": "thumb_02_l",
      "local": {
        "location": {
          "x": 0.0,
          "y": 0.0,
          "z": 0.0
        },
        "rotation_quaternion": {
          "w": 0.995250403881073,
          "x": 0.09635551273822784,
          "y": -0.009730163961648941,
          "z": -0.009884015657007694
        },
        "scale": {
          "x": 1.0,
          "y": 1.0,
          "z": 1.0
        },
        "matrix_basis": [
          [
            0.9996152520179749,
            0.017799030989408493,
            -0.021272657439112663,
            0.0
          ],
          [
            -0.021549250930547714,
            0.9812358617782593,
            -0.1916033774614334,
            0.0
          ],
          [
            0.017463140189647675,
            0.19198806583881378,
            0.9812418818473816,
            0.0
          ],
          [
            0.0,
            0.0,
            0.0,
            1.0
          ]
        ],
        "rotation_mode": "QUATERNION"
      },
      "armature_space": {
        "head": {
          "x": 0.5350598096847534,
          "y": 0.14229387044906616,
          "z": 0.12113192677497864
        },
        "tail": {
          "x": 0.5552465915679932,
          "y": 0.15121637284755707,
          "z": 0.08757483959197998
        }
      },
      "world_space": {
        "head": {
          "x": 0.5350598096847534,
          "y": 0.20553787052631378,
          "z": 1.0709859132766724
        },
        "tail": {
          "x": 0.5552465915679932,
          "y": 0.2144603729248047,
          "z": 1.037428855895996
        },
        "rotation_quaternion": {
          "w": 0.6897519826889038,
          "x": -0.32025066018104553,
          "y": 0.367855429649353,
          "z": -0.5351300835609436
        },
        "matrix": [
          [
            0.15663430094718933,
            0.5026034712791443,
            0.8502089977264404,
            0.5350598096847534
          ],
          [
            -0.9738264083862305,
            0.2221493422985077,
            0.04808422178030014,
            0.20553787052631378
          ],
          [
            -0.16470804810523987,
            -0.835493266582489,
            0.5242484211921692,
            1.0709859132766724
          ],
          [
            0.0,
            0.0,
            0.0,
            1.0
          ]
        ]
      },
      "bone_length_armature_space": 0.04016460232328661,
      "parent": "thumb_01_l",
      "has_children": true,
      "is_end_bone": false
    },
    "thumb_03_l": {
      "name": "thumb_03_l",
      "local": {
        "location": {
          "x": 0.0,
          "y": 0.0,
          "z": 0.0
        },
        "rotation_quaternion": {
          "w": 0.9980504512786865,
          "x": 0.062007058411836624,
          "y": -0.005694026127457619,
          "z": 0.004256301559507847
        },
        "scale": {
          "x": 1.0,
          "y": 1.0,
          "z": 1.0
        },
        "matrix_basis": [
          [
            0.9998989105224609,
            -0.009202146902680397,
            -0.010838009417057037,
            0.0
          ],
          [
            0.007789867930114269,
            0.9922740459442139,
            -0.12382081896066666,
            0.0
          ],
          [
            0.011893692426383495,
            0.12372387200593948,
            0.9922453761100769,
            0.0
          ],
          [
            0.0,
            0.0,
            0.0,
            1.0
          ]
        ],
        "rotation_mode": "QUATERNION"
      },
      "armature_space": {
        "head": {
          "x": 0.5552465319633484,
          "y": 0.1512162983417511,
          "z": 0.08757483959197998
        },
        "tail": {
          "x": 0.5786060690879822,
          "y": 0.16154173016548157,
          "z": 0.07100339233875275
        }
      },
      "world_space": {
        "head": {
          "x": 0.5552465319633484,
          "y": 0.21446029841899872,
          "z": 1.037428855895996
        },
        "tail": {
          "x": 0.5786060690879822,
          "y": 0.2247857302427292,
          "z": 1.0208574533462524
        },
        "rotation_quaternion": {
          "w": 0.7043630480766296,
          "x": -0.04767385870218277,
          "y": 0.4164731800556183,
          "z": -0.5728439092636108
        },
        "matrix": [
          [
            -0.0032019885256886482,
            0.767272412776947,
            0.6413133144378662,
            0.5552465319633484
          ],
          [
            -0.846689760684967,
            0.3391517400741577,
            -0.40999117493629456,
            0.21446029841899872
          ],
          [
            -0.5320818424224854,
            -0.5443097352981567,
            0.6485599279403687,
            1.037428855895996
          ],
          [
            0.0,
            0.0,
            0.0,
            1.0
          ]
        ]
      },
      "bone_length_armature_space": 0.030444956082380927,
      "parent": "thumb_02_l",
      "has_children": false,
      "is_end_bone": true
    },
    "metacarpal_index_l": {
      "name": "metacarpal_index_l",
      "local": {
        "location": {
          "x": 0.0,
          "y": 0.0,
          "z": 0.0
        },
        "rotation_quaternion": {
          "w": 0.9993084669113159,
          "x": -0.03545045480132103,
          "y": 0.005254130344837904,
          "z": 0.009908105246722698
        },
        "scale": {
          "x": 1.0,
          "y": 1.0,
          "z": 1.0
        },
        "matrix_basis": [
          [
            0.9997484683990479,
            -0.020175030454993248,
            0.009798499755561352,
            0.0
          ],
          [
            0.01942998357117176,
            0.9972901940345764,
            0.07095599919557571,
            0.0
          ],
          [
            -0.011203487403690815,
            -0.07074776291847229,
            0.9974313378334045,
            0.0
          ],
          [
            0.0,
            0.0,
            0.0,
            1.0
          ]
        ],
        "rotation_mode": "QUATERNION"
      },
      "armature_space": {
        "head": {
          "x": 0.5564462542533875,
          "y": 0.14963187277317047,
          "z": 0.1940658986568451
        },
        "tail": {
          "x": 0.5975489616394043,
          "y": 0.14420633018016815,
          "z": 0.0844733715057373
        }
      },
      "world_space": {
        "head": {
          "x": 0.5564462542533875,
          "y": 0.2128758728504181,
          "z": 1.1439199447631836
        },
        "tail": {
          "x": 0.5975489616394043,
          "y": 0.20745033025741577,
          "z": 1.0343273878097534
        },
        "rotation_quaternion": {
          "w": 0.40201669931411743,
          "x": -0.6007815599441528,
          "y": -0.5614534020423889,
          "z": 0.40275847911834717
        },
        "matrix": [
          [
            0.045108526945114136,
            0.3507900536060333,
            -0.9353669285774231,
            0.5564462542533875
          ],
          [
            0.9984530806541443,
            -0.046304233372211456,
            0.03078552708029747,
            0.2128758728504181
          ],
          [
            -0.032511383295059204,
            -0.9353153705596924,
            -0.35233864188194275,
            1.1439199447631836
          ],
          [
            0.0,
            0.0,
            0.0,
            1.0
          ]
        ]
      },
      "bone_length_armature_space": 0.11717248498506519,
      "parent": "lowerarm_l",
      "has_children": true,
      "is_end_bone": false
    },
    "index_01_l": {
      "name": "index_01_l",
      "local": {
        "location": {
          "x": 0.0,
          "y": 0.0,
          "z": 0.0
        },
        "rotation_quaternion": {
          "w": 0.9902714490890503,
          "x": -0.1380011886358261,
          "y": 0.015547128394246101,
          "z": 0.008750703185796738
        },
        "scale": {
          "x": 1.0,
          "y": 1.0,
          "z": 1.0
        },
        "matrix_basis": [
          [
            0.9993634223937988,
            -0.02162218652665615,
            0.028376540169119835,
            0.0
          ],
          [
            0.013040098361670971,
            0.9617581963539124,
            0.2735893726348877,
            0.0
          ],
          [
            -0.03320696949958801,
            -0.2730451822280884,
            0.9614279270172119,
            0.0
          ],
          [
            0.0,
            0.0,
            0.0,
            1.0
          ]
        ],
        "rotation_mode": "QUATERNION"
      },
      "armature_space": {
        "head": {
          "x": 0.5975489616394043,
          "y": 0.14420633018016815,
          "z": 0.0844733715057373
        },
        "tail": {
          "x": 0.617240846157074,
          "y": 0.1511155515909195,
          "z": 0.06504232436418533
        }
      },
      "world_space": {
        "head": {
          "x": 0.5975489616394043,
          "y": 0.20745033025741577,
          "z": 1.0343273878097534
        },
        "tail": {
          "x": 0.617240846157074,
          "y": 0.21435955166816711,
          "z": 1.0148963928222656
        },
        "rotation_quaternion": {
          "w": 0.3680075705051422,
          "x": -0.5892892479896545,
          "y": -0.6969395279884338,
          "z": 0.1777186244726181
        },
        "matrix": [
          [
            -0.0346149206161499,
            0.6905959844589233,
            -0.7224118113517761,
            0.5975489616394043
          ],
          [
            0.9522018432617188,
            0.24230670928955078,
            0.18600985407829285,
            0.20745033025741577
          ],
          [
            0.3035060465335846,
            -0.6814475655555725,
            -0.6659786701202393,
            1.0343273878097534
          ],
          [
            0.0,
            0.0,
            0.0,
            1.0
          ]
        ]
      },
      "bone_length_armature_space": 0.028514439506334286,
      "parent": "metacarpal_index_l",
      "has_children": true,
      "is_end_bone": false
    },
    "index_02_l": {
      "name": "index_02_l",
      "local": {
        "location": {
          "x": 0.0,
          "y": 0.0,
          "z": 0.0
        },
        "rotation_quaternion": {
          "w": 0.999152660369873,
          "x": 0.04059196263551712,
          "y": -0.006674041971564293,
          "z": 0.0013040229678153992
        },
        "scale": {
          "x": 1.0,
          "y": 1.0,
          "z": 1.0
        },
        "matrix_basis": [
          [
            0.9999074935913086,
            -0.0031476609874516726,
            -0.01323090773075819,
            0.0
          ],
          [
            0.0020640110597014427,
            0.996701180934906,
            -0.08113253861665726,
            0.0
          ],
          [
            0.013442639261484146,
            0.08109772950410843,
            0.9966155290603638,
            0.0
          ],
          [
            0.0,
            0.0,
            0.0,
            1.0
          ]
        ],
        "rotation_mode": "QUATERNION"
      },
      "armature_space": {
        "head": {
          "x": 0.6172409057617188,
          "y": 0.15111547708511353,
          "z": 0.06504178047180176
        },
        "tail": {
          "x": 0.6340569257736206,
          "y": 0.15809568762779236,
          "z": 0.04696988686919212
        }
      },
      "world_space": {
        "head": {
          "x": 0.6172409057617188,
          "y": 0.21435947716236115,
          "z": 1.0148957967758179
        },
        "tail": {
          "x": 0.6340569257736206,
          "y": 0.22133968770503998,
          "z": 0.9968239068984985
        },
        "rotation_quaternion": {
          "w": 0.35526469349861145,
          "x": -0.5646753907203674,
          "y": -0.7140287160873413,
          "z": 0.212348073720932
        },
        "matrix": [
          [
            -0.1098550483584404,
            0.6555107831954956,
            -0.7471528053283691,
            0.6172409057617188
          ],
          [
            0.9572688937187195,
            0.2720983922481537,
            0.09797549247741699,
            0.21435947716236115
          ],
          [
            0.26752594113349915,
            -0.7044675350189209,
            -0.6573960781097412,
            1.0148957967758179
          ],
          [
            0.0,
            0.0,
            0.0,
            1.0
          ]
        ]
      },
      "bone_length_armature_space": 0.02565336645321975,
      "parent": "index_01_l",
      "has_children": true,
      "is_end_bone": false
    },
    "index_03_l": {
      "name": "index_03_l",
      "local": {
        "location": {
          "x": 0.0,
          "y": 0.0,
          "z": 0.0
        },
        "rotation_quaternion": {
          "w": 0.999904990196228,
          "x": 0.01110923197120428,
          "y": 0.006769837811589241,
          "z": -0.004564790055155754
        },
        "scale": {
          "x": 1.0,
          "y": 1.0,
          "z": 1.0
        },
        "matrix_basis": [
          [
            0.9998666644096375,
            0.009279128164052963,
            0.013436966575682163,
            0.0
          ],
          [
            -0.008978297002613544,
            0.9997115135192871,
            -0.022278157994151115,
            0.0
          ],
          [
            -0.013639811426401138,
            0.0221545472741127,
            0.9996615052223206,
            0.0
          ],
          [
            0.0,
            0.0,
            0.0,
            1.0
          ]
        ],
        "rotation_mode": "QUATERNION"
      },
      "armature_space": {
        "head": {
          "x": 0.6340569853782654,
          "y": 0.15809564292430878,
          "z": 0.04696998372673988
        },
        "tail": {
          "x": 0.6502835154533386,
          "y": 0.16910670697689056,
          "z": 0.025309085845947266
        }
      },
      "world_space": {
        "head": {
          "x": 0.6340569853782654,
          "y": 0.2213396430015564,
          "z": 0.9968240261077881
        },
        "tail": {
          "x": 0.6502835154533386,
          "y": 0.23235070705413818,
          "z": 0.9751631021499634
        },
        "rotation_quaternion": {
          "w": 0.42646172642707825,
          "x": -0.5166892409324646,
          "y": -0.7117277383804321,
          "z": 0.21120214462280273
        },
        "matrix": [
          [
            -0.10232353210449219,
            0.5553469657897949,
            -0.8252996206283569,
            0.6340569853782654
          ],
          [
            0.9156239628791809,
            0.3768501281738281,
            0.14006149768829346,
            0.2213396430015564
          ],
          [
            0.38880059123039246,
            -0.741337239742279,
            -0.547053337097168,
            0.9968240261077881
          ],
          [
            0.0,
            0.0,
            0.0,
            1.0
          ]
        ]
      },
      "bone_length_armature_space": 0.029218800642389128,
      "parent": "index_02_l",
      "has_children": false,
      "is_end_bone": true
    },
    "metacarpal_pinky_l": {
      "name": "metacarpal_pinky_l",
      "local": {
        "location": {
          "x": 0.0,
          "y": 0.0,
          "z": 0.0
        },
        "rotation_quaternion": {
          "w": 0.9991527199745178,
          "x": -0.04040208086371422,
          "y": -0.007552954368293285,
          "z": -0.0021392572671175003
        },
        "scale": {
          "x": 1.0,
          "y": 1.0,
          "z": 1.0
        },
        "matrix_basis": [
          [
            0.9998767375946045,
            0.0048851994797587395,
            -0.0149202486500144,
            0.0
          ],
          [
            -0.0036645792424678802,
            0.9967262148857117,
            0.08076801151037216,
            0.0
          ],
          [
            0.01526597049087286,
            -0.08070338517427444,
            0.9966212511062622,
            0.0
          ],
          [
            0.0,
            0.0,
            0.0,
            1.0
          ]
        ],
        "rotation_mode": "QUATERNION"
      },
      "armature_space": {
        "head": {
          "x": 0.5564462542533875,
          "y": 0.14963187277317047,
          "z": 0.1940658986568451
        },
        "tail": {
          "x": 0.6127876043319702,
          "y": 0.19947339594364166,
          "z": 0.1220606192946434
        }
      },
      "world_space": {
        "head": {
          "x": 0.5564462542533875,
          "y": 0.2128758728504181,
          "z": 1.1439199447631836
        },
        "tail": {
          "x": 0.6127876043319702,
          "y": 0.2627173960208893,
          "z": 1.0719146728515625
        },
        "rotation_quaternion": {
          "w": 0.5141994953155518,
          "x": 0.011705713346600533,
          "y": 0.6891461610794067,
          "z": -0.5104305148124695
        },
        "matrix": [
          [
            -0.4709237813949585,
            0.5410631895065308,
            0.6967647075653076,
            0.5564462542533875
          ],
          [
            -0.5087928175926208,
            0.47864365577697754,
            -0.715563178062439,
            0.2128758728504181
          ],
          [
            -0.7206724882125854,
            -0.691489040851593,
            0.04988395795226097,
            1.1439199447631836
          ],
          [
            0.0,
            0.0,
            0.0,
            1.0
          ]
        ]
      },
      "bone_length_armature_space": 0.10413109810365431,
      "parent": "lowerarm_l",
      "has_children": true,
      "is_end_bone": false
    },
    "pinky_01_l": {
      "name": "pinky_01_l",
      "local": {
        "location": {
          "x": 0.0,
          "y": 0.0,
          "z": 0.0
        },
        "rotation_quaternion": {
          "w": 0.9568992853164673,
          "x": 0.28980228304862976,
          "y": 0.01677519455552101,
          "z": 0.008771607652306557
        },
        "scale": {
          "x": 1.0,
          "y": 1.0,
          "z": 1.0
        },
        "matrix_basis": [
          [
            0.9992833137512207,
            -0.007064110599458218,
            0.03718840703368187,
            0.0
          ],
          [
            0.026510069146752357,
            0.8318753838539124,
            -0.5543289184570312,
            0.0
          ],
          [
            -0.027020279318094254,
            0.5549175143241882,
            0.8314664363861084,
            0.0
          ],
          [
            0.0,
            0.0,
            0.0,
            1.0
          ]
        ],
        "rotation_mode": "QUATERNION"
      },
      "armature_space": {
        "head": {
          "x": 0.6127876043319702,
          "y": 0.19947339594364166,
          "z": 0.1220606192946434
        },
        "tail": {
          "x": 0.6090580821037292,
