{
  "metadata": {
    "armature_name": "KIM_caucasian_male",
    "export_time": "2026-01-13T21:12:59.486752",
    "blender_version": "4.4.1",
    "bone_count": 56,
    "end_bone_count": 13,
    "spaces_included": [
      "LOCAL_CHANNELS",
      "ARMATURE_SPACE",
      "WORLD_SPACE"
    ],
    "note": "LOCAL matches Transform panel; replay pose via local.matrix_basis for best fidelity."
  },
  "bones": {
    "Root": {
      "name": "Root",
      "local": {
        "location": {
          "x": 0.0,
          "y": 0.0,
          "z": 0.0
        },
        "rotation_quaternion": {
          "w": 0.9995676279067993,
          "x": -0.0076358201913535595,
          "y": 0.005543967708945274,
          "z": -0.027849974110722542
        },
        "scale": {
          "x": 1.0,
          "y": 1.0,
          "z": 1.0
        },
        "matrix_basis": [
          [
            0.9983872771263123,
            0.05559119954705238,
            0.01150845643132925,
            0.0
          ],
          [
            -0.05576052889227867,
            0.998332142829895,
            0.014956238679587841,
            0.0
          ],
          [
            -0.01065782643854618,
            -0.01557383593171835,
            0.9998219013214111,
            0.0
          ],
          [
            0.0,
            0.0,
            0.0,
            1.0
          ]
        ],
        "rotation_mode": "QUATERNION"
      },
      "armature_space": {
        "head": {
          "x": 0.0,
          "y": 0.07072800397872925,
          "z": -0.009595036506652832
        },
        "tail": {
          "x": 0.0039678700268268585,
          "y": 0.0002674013376235962,
          "z": 0.001085510477423668
        }
      },
      "world_space": {
        "head": {
          "x": 0.0,
          "y": 0.13397200405597687,
          "z": 0.9402589797973633
        },
        "tail": {
          "x": 0.0039678700268268585,
          "y": 0.06351140141487122,
          "z": 0.9509395360946655
        },
        "rotation_quaternion": {
          "w": 0.07495701313018799,
          "x": 0.9967823624610901,
          "y": 0.02816019207239151,
          "z": 0.003655178239569068
        },
        "matrix": [
          [
            0.9983872771263123,
            0.05559119954705238,
            0.01150845643132925,
            0.0
          ],
          [
            0.0566871277987957,
            -0.9871768355369568,
            -0.14922623336315155,
            0.13397200405597687
          ],
          [
            0.0030652908608317375,
            0.1496380716562271,
            -0.9887431263923645,
            0.9402589797973633
          ],
          [
            0.0,
            0.0,
            0.0,
            1.0
          ]
        ]
      },
      "bone_length_armature_space": 0.0713758697798725,
      "parent": null,
      "has_children": true,
      "is_end_bone": false
    },
    "spine_01": {
      "name": "spine_01",
      "local": {
        "location": {
          "x": 0.0,
          "y": 0.0,
          "z": 0.0
        },
        "rotation_quaternion": {
          "w": 0.9993797540664673,
          "x": 0.013701020739972591,
          "y": 0.012468056753277779,
          "z": 0.029952460899949074
        },
        "scale": {
          "x": 1.0,
          "y": 1.0,
          "z": 1.0
        },
        "matrix_basis": [
          [
            0.997894823551178,
            -0.05952611565589905,
            0.02574140578508377,
            0.0
          ],
          [
            0.06020941585302353,
            0.9978302717208862,
            -0.026638148352503777,
            0.0
          ],
          [
            -0.024099888280034065,
            0.028131943196058273,
            0.9993136525154114,
            0.0
          ],
          [
            0.0,
            0.0,
            0.0,
            1.0
          ]
        ],
        "rotation_mode": "QUATERNION"
      },
      "armature_space": {
        "head": {
          "x": 0.0039678700268268585,
          "y": 0.0002674013376235962,
          "z": 0.001085510477423668
        },
        "tail": {
          "x": -0.027460917830467224,
          "y": 0.015037025325000286,
          "z": 0.4878530502319336
        }
      },
      "world_space": {
        "head": {
          "x": 0.0039678700268268585,
          "y": 0.06351140141487122,
          "z": 0.9509395360946655
        },
        "tail": {
          "x": -0.027460917830467224,
          "y": 0.07828102260828018,
          "z": 1.4377070665359497
        },
        "rotation_quaternion": {
          "w": 0.7176916003227234,
          "x": 0.6943948268890381,
          "y": 0.007164714392274618,
          "z": 0.05180037021636963
        },
        "matrix": [
          [
            0.9945307970046997,
            -0.06440309435129166,
            0.08222436904907227,
            0.0039678700268268585
          ],
          [
            0.08430413156747818,
            0.030265547335147858,
            -0.9959803819656372,
            0.06351140141487122
          ],
          [
            0.061656154692173004,
            0.9974719285964966,
            0.03552880883216858,
            0.9509395360946655
          ],
          [
            0.0,
            0.0,
            0.0,
            1.0
          ]
        ]
      },
      "bone_length_armature_space": 0.48800465626535844,
      "parent": "Root",
      "has_children": true,
      "is_end_bone": false
    },
    "neck_01": {
      "name": "neck_01",
      "local": {
        "location": {
          "x": 0.0,
          "y": 0.0,
          "z": 0.0
        },
        "rotation_quaternion": {
          "w": 0.9995856285095215,
          "x": 0.027177266776561737,
          "y": 0.0037787940818816423,
          "z": 0.00869728997349739
        },
        "scale": {
          "x": 1.0,
          "y": 1.0,
          "z": 1.0
        },
        "matrix_basis": [
          [
            0.9998201727867126,
            -0.01718197762966156,
            0.008027194067835808,
            0.0
          ],
          [
            0.017592767253518105,
            0.9983714818954468,
            -0.05426628142595291,
            0.0
          ],
          [
            -0.00708171958103776,
            0.054397739470005035,
            0.9984942078590393,
            0.0
          ],
          [
            0.0,
            0.0,
            0.0,
            1.0
          ]
        ],
        "rotation_mode": "QUATERNION"
      },
      "armature_space": {
        "head": {
          "x": -0.029324838891625404,
          "y": -0.01728801801800728,
          "z": 0.5621185302734375
        },
        "tail": {
          "x": -0.03342653810977936,
          "y": -0.058499328792095184,
          "z": 0.6559031009674072
        }
      },
      "world_space": {
        "head": {
          "x": -0.029324838891625404,
          "y": 0.04595598205924034,
          "z": 1.5119725465774536
        },
        "tail": {
          "x": -0.03342653810977936,
          "y": 0.004744671285152435,
          "z": 1.6057571172714233
        },
        "rotation_quaternion": {
          "w": 0.5466667413711548,
          "x": 0.8353556990623474,
          "y": 0.012897997163236141,
          "z": 0.05630221590399742
        },
        "matrix": [
          [
            0.9933275580406189,
            -0.04000824689865112,
            0.10816627740859985,
            -0.029324838891625404
          ],
          [
            0.08310569822788239,
            -0.40197789669036865,
            -0.9118703007698059,
            0.04595598205924034
          ],
          [
            0.07996341586112976,
            0.9147809147834778,
            -0.39597439765930176,
            1.5119725465774536
          ],
          [
            0.0,
            0.0,
            0.0,
            1.0
          ]
        ]
      },
      "bone_length_armature_space": 0.10252190770859948,
      "parent": "spine_01",
      "has_children": true,
      "is_end_bone": false
    },
    "head": {
      "name": "head",
      "local": {
        "location": {
          "x": 0.0,
          "y": 0.0,
          "z": 0.0
        },
        "rotation_quaternion": {
          "w": 0.96917724609375,
          "x": -0.11861330270767212,
          "y": -0.009720941074192524,
          "z": 0.21571268141269684
        },
        "scale": {
          "x": 1.0,
          "y": 1.0,
          "z": 1.0
        },
        "matrix_basis": [
          [
            0.9067471027374268,
            -0.4158215820789337,
            -0.07001541554927826,
            0.0
          ],
          [
            0.4204337000846863,
            0.8787978291511536,
            0.22572076320648193,
            0.0
          ],
          [
            -0.03233015909790993,
            -0.23410849273204803,
            0.971672773361206,
            0.0
          ],
          [
            0.0,
            0.0,
            0.0,
            1.0
          ]
        ],
        "rotation_mode": "QUATERNION"
      },
      "armature_space": {
        "head": {
          "x": -0.03342651575803757,
          "y": -0.05849944055080414,
          "z": 0.6559029817581177
        },
        "tail": {
          "x": -0.1110260859131813,
          "y": -0.033670395612716675,
          "z": 0.7878690958023071
        }
      },
      "world_space": {
        "head": {
          "x": -0.03342651575803757,
          "y": 0.0047445595264434814,
          "z": 1.6057569980621338
        },
        "tail": {
          "x": -0.1110260859131813,
          "y": 0.029573604464530945,
          "z": 1.7377231121063232
        },
        "rotation_quaternion": {
          "w": 0.7428715229034424,
          "x": 0.6172869801521301,
          "y": -0.16789443790912628,
          "z": 0.19725677371025085
        },
        "matrix": [
          [
            0.8658025860786438,
            -0.5003511905670166,
            -0.005917966365814209,
            -0.03342651575803757
          ],
          [
            0.08579762279987335,
            0.16009421646595,
            -0.9833660125732422,
            0.0047445595264434814
          ],
          [
            0.4929792284965515,
            0.8508991003036499,
            0.18153923749923706,
            1.6057569980621338
          ],
          [
            0.0,
            0.0,
            0.0,
            1.0
          ]
        ]
      },
      "bone_length_armature_space": 0.15509104043587857,
      "parent": "neck_01",
      "has_children": false,
      "is_end_bone": true
    },
    "upperarm_l": {
      "name": "upperarm_l",
      "local": {
        "location": {
          "x": 0.0,
          "y": 0.0,
          "z": 0.0
        },
        "rotation_quaternion": {
          "w": 0.9800071716308594,
          "x": 0.10665802657604218,
          "y": 0.10822723060846329,
          "z": -0.12844005227088928
        },
        "scale": {
          "x": 1.0,
          "y": 1.0,
          "z": 1.0
        },
        "matrix_basis": [
          [
            0.9435800313949585,
            0.2748309373855591,
            0.18472859263420105,
            0.0
          ],
          [
            -0.22865773737430573,
            0.944254457950592,
            -0.23685269057750702,
            0.0
          ],
          [
            -0.23952524363994598,
            0.18124984204769135,
            0.9538218379020691,
            0.0
          ],
          [
            0.0,
            0.0,
            0.0,
            1.0
          ]
        ],
        "rotation_mode": "QUATERNION"
      },
      "armature_space": {
        "head": {
          "x": 0.12444539368152618,
          "y": -0.009852781891822815,
          "z": 0.5044424533843994
        },
        "tail": {
          "x": 0.3842339515686035,
          "y": -0.027661144733428955,
          "z": 0.4411933720111847
        }
      },
      "world_space": {
        "head": {
          "x": 0.12444539368152618,
          "y": 0.053391218185424805,
          "z": 1.4542964696884155
        },
        "tail": {
          "x": 0.3842339515686035,
          "y": 0.035582855343818665,
          "z": 1.3910473585128784
        },
        "rotation_quaternion": {
          "w": 0.36531421542167664,
          "x": 0.5071915984153748,
          "y": 0.5773366093635559,
          "z": -0.5253425240516663
        },
        "matrix": [
          [
            -0.21860317885875702,
            0.9694709181785583,
            -0.11108078807592392,
            0.12444539368152618
          ],
          [
            0.20181164145469666,
            -0.06645669788122177,
            -0.9771671891212463,
            0.053391218185424805
          ],
          [
            -0.9547235369682312,
            -0.23603098094463348,
            -0.1811249554157257,
            1.4542964696884155
          ],
          [
            0.0,
            0.0,
            0.0,
            1.0
          ]
        ]
      },
      "bone_length_armature_space": 0.26796955970745745,
      "parent": "spine_01",
      "has_children": true,
      "is_end_bone": false
    },
    "lowerarm_l": {
      "name": "lowerarm_l",
      "local": {
        "location": {
          "x": 0.0,
          "y": 0.0,
          "z": 0.0
        },
        "rotation_quaternion": {
          "w": 0.9319994449615479,
          "x": 0.1819620281457901,
          "y": 0.20600968599319458,
          "z": -0.2362775057554245
        },
        "scale": {
          "x": 1.0,
          "y": 1.0,
          "z": 1.0
        },
        "matrix_basis": [
          [
            0.8034659028053284,
            0.5153928995132446,
            0.298014760017395,
            0.0
          ],
          [
            -0.36544913053512573,
            0.8221254944801331,
            -0.43652793765068054,
            0.0
          ],
          [
            -0.4699888825416565,
            0.2418261021375656,
            0.8488996624946594,
            0.0
          ],
          [
            0.0,
            0.0,
            0.0,
            1.0
          ]
        ],
        "rotation_mode": "QUATERNION"
      },
      "armature_space": {
        "head": {
          "x": 0.38423407077789307,
          "y": -0.027661222964525223,
          "z": 0.44119346141815186
        },
        "tail": {
          "x": 0.5583863258361816,
          "y": -0.12589022517204285,
          "z": 0.263452410697937
        }
      },
      "world_space": {
        "head": {
          "x": 0.38423407077789307,
          "y": 0.0355827771127224,
          "z": 1.391047477722168
        },
        "tail": {
          "x": 0.5583863258361816,
          "y": -0.06264622509479523,
          "z": 1.2133064270019531
        },
        "rotation_quaternion": {
          "w": 0.03046301007270813,
          "x": 0.545809268951416,
          "y": 0.5616798400878906,
          "z": -0.6210314631462097
        },
        "matrix": [
          [
            -0.40232446789741516,
            0.650976836681366,
            -0.6437112092971802,
            0.38423407077789307
          ],
          [
            0.5753058791160583,
            -0.3671776056289673,
            -0.7308925986289978,
            0.0355827771127224
          ],
          [
            -0.7121548652648926,
            -0.6643916964530945,
            -0.2267885059118271,
            1.391047477722168
          ],
          [
            0.0,
            0.0,
            0.0,
            1.0
          ]
        ]
      },
      "bone_length_armature_space": 0.2675253753458243,
      "parent": "upperarm_l",
      "has_children": true,
      "is_end_bone": false
    },
    "metacarpal_thumb_l": {
      "name": "metacarpal_thumb_l",
      "local": {
        "location": {
          "x": 0.0,
          "y": 0.0,
          "z": 0.0
        },
        "rotation_quaternion": {
          "w": 0.9997609853744507,
          "x": 0.014695726335048676,
          "y": -0.016125084832310677,
          "z": -0.0014408350689336658
        },
        "scale": {
          "x": 1.0,
          "y": 1.0,
          "z": 1.0
        },
        "matrix_basis": [
          [
            0.9994758367538452,
            0.002407041611149907,
            -0.03228481113910675,
            0.0
          ],
          [
            -0.003354921005666256,
            0.9995639324188232,
            -0.029337961226701736,
            0.0
          ],
          [
            0.03220011293888092,
            0.029430894181132317,
            0.9990480542182922,
            0.0
          ],
          [
            0.0,
            0.0,
            0.0,
            1.0
          ]
        ],
        "rotation_mode": "QUATERNION"
      },
      "armature_space": {
        "head": {
          "x": 0.5583863258361816,
          "y": -0.12589022517204285,
          "z": 0.263452410697937
        },
        "tail": {
          "x": 0.560810923576355,
          "y": -0.15526899695396423,
          "z": 0.2236451655626297
        }
      },
      "world_space": {
        "head": {
          "x": 0.5583863258361816,
          "y": -0.06264622509479523,
          "z": 1.2133064270019531
        },
        "tail": {
          "x": 0.560810923576355,
          "y": -0.09202499687671661,
          "z": 1.1734992265701294
        },
        "rotation_quaternion": {
          "w": 0.4284176826477051,
          "x": -0.8631182312965393,
          "y": -0.14108508825302124,
          "z": 0.2271130084991455
        },
        "matrix": [
          [
            0.8570295572280884,
            0.048948295414447784,
            -0.5129371285438538,
            0.5583863258361816
          ],
          [
            0.43814462423324585,
            -0.5931072235107422,
            0.6754652857780457,
            -0.06264622509479523
          ],
          [
            -0.27116531133651733,
            -0.8036401867866516,
            -0.5297598838806152,
            1.2133064270019531
          ],
          [
            0.0,
            0.0,
            0.0,
            1.0
          ]
        ]
      },
      "bone_length_armature_space": 0.04953390369055481,
      "parent": "lowerarm_l",
      "has_children": true,
      "is_end_bone": false
    },
    "thumb_01_l": {
      "name": "thumb_01_l",
      "local": {
        "location": {
          "x": 0.0,
          "y": 0.0,
          "z": 0.0
        },
        "rotation_quaternion": {
          "w": 0.9999823570251465,
          "x": -0.004668440669775009,
          "y": -0.001385198556818068,
          "z": 0.0034159801434725523
        },
        "scale": {
          "x": 1.0,
          "y": 1.0,
          "z": 1.0
        },
        "matrix_basis": [
          [
            0.9999728202819824,
            -0.006818906404078007,
            -0.0028022427577525377,
            0.0
          ],
          [
            0.006844772957265377,
            0.9999330639839172,
            0.009327253326773643,
            0.0
          ],
          [
            0.0027384536806493998,
            -0.009346180595457554,
            0.9999525547027588,
            0.0
          ],
          [
            0.0,
            0.0,
            0.0,
            1.0
          ]
        ],
        "rotation_mode": "QUATERNION"
      },
      "armature_space": {
        "head": {
          "x": 0.560810923576355,
          "y": -0.15526899695396423,
          "z": 0.2236451655626297
        },
        "tail": {
          "x": 0.5450924634933472,
          "y": -0.1532910317182541,
          "z": 0.19351784884929657
        }
      },
      "world_space": {
        "head": {
          "x": 0.560810923576355,
          "y": -0.09202499687671661,
          "z": 1.1734992265701294
        },
        "tail": {
          "x": 0.5450924634933472,
          "y": -0.09004703164100647,
          "z": 1.143371820449829
        },
        "rotation_quaternion": {
          "w": 0.5101909637451172,
          "x": -0.6530157327651978,
          "y": 0.5184201598167419,
          "z": -0.21098895370960236
        },
        "matrix": [
          [
            0.3734453022480011,
            -0.4617832899093628,
            0.8045464158058167,
            0.560810923576355
          ],
          [
            -0.8923636674880981,
            0.05810968577861786,
            0.44756048917770386,
            -0.09202499687671661
          ],
          [
            -0.2534302771091461,
            -0.8850932717323303,
            -0.39038023352622986,
            1.1734992265701294
          ],
          [
            0.0,
            0.0,
            0.0,
            1.0
          ]
        ]
      },
      "bone_length_armature_space": 0.03403876545270693,
      "parent": "metacarpal_thumb_l",
      "has_children": true,
      "is_end_bone": false
    },
    "thumb_02_l": {
      "name": "thumb_02_l",
      "local": {
        "location": {
          "x": 0.0,
          "y": 0.0,
          "z": 0.0
        },
        "rotation_quaternion": {
          "w": 0.9979513883590698,
          "x": 0.0627848282456398,
          "y": 0.012204882688820362,
          "z": -0.001471394207328558
        },
        "scale": {
          "x": 1.0,
          "y": 1.0,
          "z": 1.0
        },
        "matrix_basis": [
          [
            0.999697744846344,
            0.004469322506338358,
            0.024174997583031654,
            0.0
          ],
          [
            -0.0014041968388482928,
            0.9921118021011353,
            -0.12534832954406738,
            0.0
          ],
          [
            -0.024544522166252136,
            0.12527649104595184,
            0.9918181896209717,
            0.0
          ],
          [
            0.0,
            0.0,
            0.0,
            1.0
          ]
        ],
        "rotation_mode": "QUATERNION"
      },
      "armature_space": {
        "head": {
          "x": 0.5450924038887024,
          "y": -0.1532910168170929,
          "z": 0.19351789355278015
        },
        "tail": {
          "x": 0.5689579248428345,
          "y": -0.1645502746105194,
          "z": 0.16323822736740112
        }
      },
      "world_space": {
        "head": {
          "x": 0.5450924038887024,
          "y": -0.09004701673984528,
          "z": 1.1433719396591187
        },
        "tail": {
          "x": 0.5689579248428345,
          "y": -0.10130627453327179,
          "z": 1.1130921840667725
        },
        "rotation_quaternion": {
          "w": 0.5260955095291138,
          "x": -0.3131586015224457,
          "y": 0.2881987392902374,
          "z": -0.7362722754478455
        },
        "matrix": [
          [
            -0.25030839443206787,
            0.5941959619522095,
            0.7643800973892212,
            0.5450924038887024
          ],
          [
            -0.9552032947540283,
            -0.2803293466567993,
            -0.0948803573846817,
            -0.09004701673984528
          ],
          [
            0.1579010933637619,
            -0.7538930773735046,
            0.6377507448196411,
            1.1433719396591187
          ],
          [
            0.0,
            0.0,
            0.0,
            1.0
          ]
        ]
      },
      "bone_length_armature_space": 0.04016456346584566,
      "parent": "thumb_01_l",
      "has_children": true,
      "is_end_bone": false
    },
    "thumb_03_l": {
      "name": "thumb_03_l",
      "local": {
        "location": {
          "x": 0.0,
          "y": 0.0,
          "z": 0.0
        },
        "rotation_quaternion": {
          "w": 0.9964752197265625,
          "x": 0.08355984836816788,
          "y": -0.006122948601841927,
          "z": 0.004182981792837381
        },
        "scale": {
          "x": 1.0,
          "y": 1.0,
          "z": 1.0
        },
        "matrix_basis": [
          [
            0.9998900294303894,
            -0.009359740652143955,
            -0.0115036740899086,
            0.0
          ],
          [
            0.007313210051506758,
            0.9860005378723145,
            -0.16658185422420502,
            0.0
          ],
          [
            0.012901791371405125,
            0.16647940874099731,
            0.9859605431556702,
            0.0
          ],
          [
            0.0,
            0.0,
            0.0,
            1.0
          ]
        ],
        "rotation_mode": "QUATERNION"
      },
      "armature_space": {
        "head": {
          "x": 0.5689578056335449,
          "y": -0.164550319314003,
          "z": 0.16323822736740112
        },
        "tail": {
          "x": 0.5958319902420044,
          "y": -0.1704607903957367,
          "z": 0.15020982921123505
        }
      },
      "world_space": {
        "head": {
          "x": 0.5689578056335449,
          "y": -0.10130631923675537,
          "z": 1.1130921840667725
        },
        "tail": {
          "x": 0.5958319902420044,
          "y": -0.10721679031848907,
          "z": 1.1000638008117676
        },
        "rotation_quaternion": {
          "w": 0.5810635685920715,
          "x": -0.028656302019953728,
          "y": 0.255531370639801,
          "z": -0.7721707224845886
        },
        "matrix": [
          [
            -0.32308661937713623,
            0.8827152848243713,
            0.3412168622016907,
            0.5689578056335449
          ],
          [
            -0.9120069146156311,
            -0.19413676857948303,
            -0.36132335662841797,
            -0.10130631923675537
          ],
          [
            -0.2527051866054535,
            -0.4279339909553528,
            0.8677709102630615,
            1.1130921840667725
          ],
          [
            0.0,
            0.0,
            0.0,
            1.0
          ]
        ]
      },
      "bone_length_armature_space": 0.030444944133013976,
      "parent": "thumb_02_l",
      "has_children": false,
      "is_end_bone": true
    },
    "metacarpal_index_l": {
      "name": "metacarpal_index_l",
      "local": {
        "location": {
          "x": 0.0,
          "y": 0.0,
          "z": 0.0
        },
        "rotation_quaternion": {
          "w": 0.9996671676635742,
          "x": -0.019266599789261818,
          "y": -0.016694484278559685,
          "z": 0.003977959044277668
        },
        "scale": {
          "x": 1.0,
          "y": 1.0,
          "z": 1.0
        },
        "matrix_basis": [
          [
            0.9994109272956848,
            -0.007309978362172842,
            -0.03353114053606987,
            0.0
          ],
          [
            0.008596561849117279,
            0.9992259740829468,
            0.03838755562901497,
            0.0
          ],
          [
            0.033224571496248245,
            -0.03865319490432739,
            0.9987002015113831,
            0.0
          ],
          [
            0.0,
            0.0,
            0.0,
            1.0
          ]
        ],
        "rotation_mode": "QUATERNION"
      },
      "armature_space": {
        "head": {
          "x": 0.5583863258361816,
          "y": -0.12589022517204285,
          "z": 0.263452410697937
        },
        "tail": {
          "x": 0.6088423728942871,
          "y": -0.1908620297908783,
          "z": 0.1800127625465393
        }
      },
      "world_space": {
        "head": {
          "x": 0.5583863258361816,
          "y": -0.06264622509479523,
          "z": 1.2133064270019531
        },
        "tail": {
          "x": 0.6088423728942871,
          "y": -0.12761802971363068,
          "z": 1.1298668384552002
        },
        "rotation_quaternion": {
          "w": 0.25603681802749634,
          "x": -0.7924941182136536,
          "y": -0.3964777886867523,
          "z": 0.38626888394355774
        },
        "matrix": [
          [
            0.3872021734714508,
            0.4306161403656006,
            -0.8152570128440857,
            0.5583863258361816
          ],
          [
            0.8262113332748413,
            -0.5545006990432739,
            0.09951937943696976,
            -0.06264622509479523
          ],
          [
            -0.4092080295085907,
            -0.712114155292511,
            -0.5704877376556396,
            1.2133064270019531
          ],
          [
            0.0,
            0.0,
            0.0,
            1.0
          ]
        ]
      },
      "bone_length_armature_space": 0.11717219451454286,
      "parent": "lowerarm_l",
      "has_children": true,
      "is_end_bone": false
    },
    "index_01_l": {
      "name": "index_01_l",
      "local": {
        "location": {
          "x": 0.0,
          "y": 0.0,
          "z": 0.0
        },
        "rotation_quaternion": {
          "w": 0.9965977668762207,
          "x": -0.08050467073917389,
          "y": 0.012627480551600456,
          "z": 0.012350454926490784
        },
        "scale": {
          "x": 1.0,
          "y": 1.0,
          "z": 1.0
        },
        "matrix_basis": [
          [
            0.9993759989738464,
            -0.026650013402104378,
            0.02318049967288971,
            0.0
          ],
          [
            0.022583728656172752,
            0.9867329001426697,
            0.16077345609664917,
            0.0
          ],
          [
            -0.027157576754689217,
            -0.16014963388442993,
            0.9867190718650818,
            0.0
          ],
          [
            0.0,
            0.0,
            0.0,
            1.0
          ]
        ],
        "rotation_mode": "QUATERNION"
      },
      "armature_space": {
        "head": {
          "x": 0.6088423728942871,
          "y": -0.1908620297908783,
          "z": 0.1800127625465393
        },
        "tail": {
          "x": 0.6300888657569885,
          "y": -0.19882923364639282,
          "z": 0.16274477541446686
        }
      },
      "world_space": {
        "head": {
          "x": 0.6088423728942871,
          "y": -0.12761802971363068,
          "z": 1.1298668384552002
        },
        "tail": {
          "x": 0.6300888657569885,
          "y": -0.1355852335691452,
          "z": 1.1125987768173218
        },
        "rotation_quaternion": {
          "w": 0.2184557169675827,
          "x": -0.7617007493972778,
          "y": -0.5590810775756836,
          "z": 0.243961900472641
        },
        "matrix": [
          [
            0.25581949949264526,
            0.7451156377792358,
            -0.615921139717102,
            0.6088423728942871
          ],
          [
            0.9582952260971069,
            -0.27941015362739563,
            0.060003966093063354,
            -0.12761802971363068
          ],
          [
            -0.12738478183746338,
            -0.605588972568512,
            -0.7855247855186462,
            1.1298668384552002
          ],
          [
            0.0,
            0.0,
            0.0,
            1.0
          ]
        ]
      },
      "bone_length_armature_space": 0.02851443784774563,
      "parent": "metacarpal_index_l",
      "has_children": true,
      "is_end_bone": false
    },
    "index_02_l": {
      "name": "index_02_l",
      "local": {
        "location": {
          "x": 0.0,
          "y": 0.0,
          "z": 0.0
        },
        "rotation_quaternion": {
          "w": 0.9988400340080261,
          "x": 0.0477508045732975,
          "y": -0.00027099065482616425,
          "z": -0.006204069126397371
        },
        "scale": {
          "x": 1.0,
          "y": 1.0,
          "z": 1.0
        },
        "matrix_basis": [
          [
            0.9999228715896606,
            0.012367865070700645,
            -0.0011338512413203716,
            0.0
          ],
          [
            -0.01241962518543005,
            0.9953627586364746,
            -0.09538746625185013,
            0.0
          ],
          [
            -5.1145954785170034e-05,
            0.09539419412612915,
            0.9954395890235901,
            0.0
          ],
          [
            0.0,
            0.0,
            0.0,
            1.0
          ]
        ],
        "rotation_mode": "QUATERNION"
      },
      "armature_space": {
        "head": {
          "x": 0.6300889253616333,
          "y": -0.1988295465707779,
          "z": 0.16274431347846985
        },
        "tail": {
          "x": 0.6484252214431763,
          "y": -0.20497196912765503,
          "z": 0.14588770270347595
        }
      },
      "world_space": {
        "head": {
          "x": 0.6300889253616333,
          "y": -0.13558554649353027,
          "z": 1.1125982999801636
        },
        "tail": {
          "x": 0.6484252214431763,
          "y": -0.1417279690504074,
          "z": 1.0957417488098145
        },
        "rotation_quaternion": {
          "w": 0.22704482078552246,
          "x": -0.7349913120269775,
          "y": -0.5733499526977539,
          "z": 0.2819722890853882
        },
        "matrix": [
          [
            0.18352049589157104,
            0.7147741913795471,
            -0.6748464703559875,
            0.6300889253616333
          ],
          [
            0.9708554148674011,
            -0.23944027721881866,
            0.010411414317786694,
            -0.13558554649353027
          ],
          [
            -0.15414385497570038,
            -0.65709388256073,
            -0.7378897666931152,
            1.1125982999801636
          ],
          [
            0.0,
            0.0,
            0.0,
            1.0
          ]
        ]
      },
      "bone_length_armature_space": 0.025653351421045818,
      "parent": "index_01_l",
      "has_children": true,
      "is_end_bone": false
    },
    "index_03_l": {
      "name": "index_03_l",
      "local": {
        "location": {
          "x": 0.0,
          "y": 0.0,
          "z": 0.0
        },
        "rotation_quaternion": {
          "w": 0.9993450045585632,
          "x": 0.03474847972393036,
          "y": -0.007224369794130325,
          "z": 0.007075078785419464
        },
        "scale": {
          "x": 1.0,
          "y": 1.0,
          "z": 1.0
        },
        "matrix_basis": [
          [
            0.9997954964637756,
            -0.014642961323261261,
            -0.013947579078376293,
            0.0
          ],
          [
            0.013638817705214024,
            0.9974849820137024,
            -0.0695536658167839,
            0.0
          ],
          [
            0.014930971898138523,
            0.06934921443462372,
            0.9974806904792786,
            0.0
          ],
          [
            0.0,
            0.0,
            0.0,
            1.0
          ]
        ],
        "rotation_mode": "QUATERNION"
      },
      "armature_space": {
        "head": {
          "x": 0.6484253406524658,
          "y": -0.20497199892997742,
          "z": 0.1458878219127655
        },
        "tail": {
          "x": 0.6662999391555786,
          "y": -0.20952270925045013,
          "z": 0.12322666496038437
        }
      },
      "world_space": {
        "head": {
          "x": 0.6484253406524658,
          "y": -0.1417279988527298,
          "z": 1.095741868019104
        },
        "tail": {
          "x": 0.6662999391555786,
          "y": -0.14627870917320251,
          "z": 1.0730806589126587
        },
        "rotation_quaternion": {
          "w": 0.31110578775405884,
          "x": -0.6991008520126343,
          "y": -0.5703853368759155,
          "z": 0.29854950308799744
        },
        "matrix": [
          [
            0.17105461657047272,
            0.611752986907959,
            -0.7723329663276672,
            0.6484253406524658
          ],
          [
            0.9832752346992493,
            -0.15574657917022705,
            0.09440912306308746,
            -0.1417279988527298
          ],
          [
            -0.06253277510404587,
            -0.7755706906318665,
            -0.628166913986206,
            1.095741868019104
          ],
          [
            0.0,
            0.0,
            0.0,
            1.0
          ]
        ]
      },
      "bone_length_armature_space": 0.02921879945956168,
      "parent": "index_02_l",
      "has_children": false,
      "is_end_bone": true
    },
    "metacarpal_pinky_l": {
      "name": "metacarpal_pinky_l",
      "local": {
        "location": {
          "x": 0.0,
          "y": 0.0,
          "z": 0.0
        },
        "rotation_quaternion": {
          "w": 0.9989265203475952,
          "x": -0.04298195615410805,
          "y": 0.0002499293186701834,
          "z": 0.017276635393500328
        },
        "scale": {
          "x": 1.0,
          "y": 1.0,
          "z": 1.0
        },
        "matrix_basis": [
          [
            0.9994029402732849,
            -0.0345376618206501,
            -0.0009858451085165143,
            0.0
          ],
          [
            0.03449469432234764,
            0.995708167552948,
            0.08588026463985443,
            0.0
          ],
          [
            -0.0019844891503453255,
            -0.08586299419403076,
            0.996304988861084,
            0.0
          ],
          [
            0.0,
            0.0,
            0.0,
            1.0
          ]
        ],
        "rotation_mode": "QUATERNION"
      },
      "armature_space": {
        "head": {
          "x": 0.5583863258361816,
          "y": -0.12589022517204285,
          "z": 0.263452410697937
        },
        "tail": {
          "x": 0.6420670747756958,
          "y": -0.12968765199184418,
          "z": 0.20159468054771423
        }
      },
      "world_space": {
        "head": {
          "x": 0.5583863258361816,
          "y": -0.06264622509479523,
          "z": 1.2133064270019531
        },
        "tail": {
          "x": 0.6420670747756958,
          "y": -0.06644365191459656,
          "z": 1.1514487266540527
        },
        "rotation_quaternion": {
          "w": 0.5006197094917297,
          "x": 0.09233918786048889,
          "y": 0.4807758331298828,
          "z": -0.7139383554458618
        },
        "matrix": [
          [
            -0.4817047417163849,
            0.803612232208252,
            0.3495250642299652,
            0.5583863258361816
          ],
          [
            -0.6260372400283813,
            -0.03646779805421829,
            -0.7789401412010193,
            -0.06264622509479523
          ],
          [
            -0.61322420835495,
            -0.5940390229225159,
            0.5206607580184937,
            1.2133064270019531
          ],
          [
            0.0,
            0.0,
            0.0,
            1.0
          ]
        ]
      },
      "bone_length_armature_space": 0.10413100907224702,
      "parent": "lowerarm_l",
      "has_children": true,
      "is_end_bone": false
    },
    "pinky_01_l": {
      "name": "pinky_01_l",
      "local": {
        "location": {
          "x": 0.0,
          "y": 0.0,
          "z": 0.0
        },
        "rotation_quaternion": {
          "w": 0.9561927318572998,
          "x": 0.29208046197891235,
          "y": 0.005906668026000261,
          "z": 0.01869870163500309
        },
        "scale": {
          "x": 1.0,
          "y": 1.0,
          "z": 1.0
        },
        "matrix_basis": [
          [
            0.9992309212684631,
            -0.032308679074048996,
            0.02221887744963169,
            0.0
          ],
          [
            0.03920957073569298,
            0.8286787271499634,
            -0.5583495497703552,
            0.0
          ],
          [
            -0.0003727752482518554,
            0.5587913393974304,
            0.8293082118034363,
            0.0
          ],
          [
            0.0,
            0.0,
            0.0,
            1.0
          ]
        ],
        "rotation_mode": "QUATERNION"
      },
      "armature_space": {
        "head": {
          "x": 0.6420670747756958,
          "y": -0.12968765199184418,
          "z": 0.20159468054771423
        },
