{
  "metadata": {
    "armature_name": "KIM_caucasian_male",
    "export_time": "2026-01-13T21:05:06.926889",
    "blender_version": "4.4.1",
    "bone_count": 56,
    "end_bone_count": 13,
    "spaces_included": [
      "LOCAL_CHANNELS",
      "ARMATURE_SPACE",
      "WORLD_SPACE"
    ],
    "note": "LOCAL matches Transform panel; replay pose via local.matrix_basis for best fidelity."
  },
  "bones": {
    "Root": {
      "name": "Root",
      "local": {
        "location": {
          "x": 0.0,
          "y": 0.0,
          "z": 0.0
        },
        "rotation_quaternion": {
          "w": 0.9996967315673828,
          "x": -0.01659555174410343,
          "y": -0.008502667769789696,
          "z": -0.01608894020318985
        },
        "scale": {
          "x": 1.0,
          "y": 1.0,
          "z": 1.0
        },
        "matrix_basis": [
          [
            0.9993376731872559,
            0.03245033323764801,
            -0.01646616868674755,
            0.0
          ],
          [
            -0.03188591077923775,
            0.9989314675331116,
            0.03345463424921036,
            0.0
          ],
          [
            0.01753418892621994,
            -0.03290744125843048,
            0.9993045926094055,
            0.0
          ],
          [
            0.0,
            0.0,
            0.0,
            1.0
          ]
        ],
        "rotation_mode": "QUATERNION"
      },
      "armature_space": {
        "head": {
          "x": 0.0,
          "y": 0.07072800397872925,
          "z": -0.009595036506652832
        },
        "tail": {
          "x": 0.0023161708377301693,
          "y": 0.0003913268446922302,
          "z": 0.00231724139302969
        }
      },
      "world_space": {
        "head": {
          "x": 0.0,
          "y": 0.13397200405597687,
          "z": 0.9402589797973633
        },
        "tail": {
          "x": 0.0023161708377301693,
          "y": 0.06363532692193985,
          "z": 0.952171266078949
        },
        "rotation_quaternion": {
          "w": 0.08390507102012634,
          "x": 0.9963076114654541,
          "y": 0.015479585155844688,
          "z": -0.009567233733832836
        },
        "matrix": [
          [
            0.9993376731872559,
            0.03245033323764801,
            -0.01646616868674755,
            0.0
          ],
          [
            0.02923937328159809,
            -0.9854406118392944,
            -0.16748717427253723,
            0.13397200405597687
          ],
          [
            -0.02166157215833664,
            0.1668950319290161,
            -0.9857438206672668,
            0.9402589797973633
          ],
          [
            0.0,
            0.0,
            0.0,
            1.0
          ]
        ]
      },
      "bone_length_armature_space": 0.07137587399758274,
      "parent": null,
      "has_children": true,
      "is_end_bone": false
    },
    "spine_01": {
      "name": "spine_01",
      "local": {
        "location": {
          "x": 0.0,
          "y": 0.0,
          "z": 0.0
        },
        "rotation_quaternion": {
          "w": 0.9969532489776611,
          "x": 0.062065668404102325,
          "y": 0.008783058263361454,
          "z": -0.04642175883054733
        },
        "scale": {
          "x": 1.0,
          "y": 1.0,
          "z": 1.0
        },
        "matrix_basis": [
          [
            0.9955357313156128,
            0.09365089982748032,
            0.01175020169466734,
            0.0
          ],
          [
            -0.0914703905582428,
            0.9879857301712036,
            -0.12456858903169632,
            0.0
          ],
          [
            -0.023274991661310196,
            0.12293768674135208,
            0.9921414256095886,
            0.0
          ],
          [
            0.0,
            0.0,
            0.0,
            1.0
          ]
        ],
        "rotation_mode": "QUATERNION"
      },
      "armature_space": {
        "head": {
          "x": 0.0023161708377301693,
          "y": 0.0003913268446922302,
          "z": 0.00231724139302969
        },
        "tail": {
          "x": 0.05912453681230545,
          "y": -0.019404133781790733,
          "z": 0.4865996241569519
        }
      },
      "world_space": {
        "head": {
          "x": 0.0023161708377301693,
          "y": 0.06363532692193985,
          "z": 0.952171266078949
        },
        "tail": {
          "x": 0.05912453681230545,
          "y": 0.04383986443281174,
          "z": 1.4364535808563232
        },
        "rotation_quaternion": {
          "w": 0.6903514266014099,
          "x": 0.7208419442176819,
          "y": 0.055968284606933594,
          "z": -0.02587209828197956
        },
        "matrix": [
          [
            0.9923962950706482,
            0.11641029268503189,
            0.03997698426246643,
            0.0023161708377301693
          ],
          [
            0.0449676439166069,
            -0.040564365684986115,
            -0.9981646537780762,
            0.06363532692193985
          ],
          [
            -0.11457575112581253,
            0.9923794269561768,
            -0.04549185186624527,
            0.952171266078949
          ],
          [
            0.0,
            0.0,
            0.0,
            1.0
          ]
        ]
      },
      "bone_length_armature_space": 0.4880045815085835,
      "parent": "Root",
      "has_children": true,
      "is_end_bone": false
    },
    "neck_01": {
      "name": "neck_01",
      "local": {
        "location": {
          "x": 0.0,
          "y": 0.0,
          "z": 0.0
        },
        "rotation_quaternion": {
          "w": 0.9921207427978516,
          "x": 0.07112587988376617,
          "y": -0.10260476917028427,
          "z": 0.01048395037651062
        },
        "scale": {
          "x": 1.0,
          "y": 1.0,
          "z": 1.0
        },
        "matrix_basis": [
          [
            0.9787247180938721,
            -0.03539839759469032,
            -0.20210127532482147,
            0.0
          ],
          [
            0.006206980440765619,
            0.9896624088287354,
            -0.14328232407569885,
            0.0
          ],
          [
            0.20508399605751038,
            0.13897950947284698,
            0.9688267707824707,
            0.0
          ],
          [
            0.0,
            0.0,
            0.0,
            1.0
          ]
        ],
        "rotation_mode": "QUATERNION"
      },
      "armature_space": {
        "head": {
          "x": 0.06903433799743652,
          "y": -0.056990984827280045,
          "z": 0.557682454586029
        },
        "tail": {
          "x": 0.07777158915996552,
          "y": -0.11236763000488281,
          "z": 0.6435183882713318
        }
      },
      "world_space": {
        "head": {
          "x": 0.06903433799743652,
          "y": 0.006253015249967575,
          "z": 1.5075364112854004
        },
        "tail": {
          "x": 0.07777158915996552,
          "y": -0.04912362992763519,
          "z": 1.5933723449707031
        },
        "rotation_quaternion": {
          "w": 0.4791839122772217,
          "x": 0.8691825866699219,
          "y": -0.017578866332769394,
          "z": -0.12081193923950195
        },
        "matrix": [
          [
            0.9701910018920898,
            0.08522374927997589,
            -0.22686171531677246,
            0.06903433799743652
          ],
          [
            -0.14634038507938385,
            -0.5401474833488464,
            -0.8287494778633118,
            0.006253015249967575
          ],
          [
            -0.19316940009593964,
            0.8372493982315063,
            -0.5115789175033569,
            1.5075364112854004
          ],
          [
            0.0,
            0.0,
            0.0,
            1.0
          ]
        ]
      },
      "bone_length_armature_space": 0.10252180170630151,
      "parent": "spine_01",
      "has_children": true,
      "is_end_bone": false
    },
    "head": {
      "name": "head",
      "local": {
        "location": {
          "x": 0.0,
          "y": 0.0,
          "z": 0.0
        },
        "rotation_quaternion": {
          "w": 0.9693676233291626,
          "x": -0.09906996786594391,
          "y": -0.08063644170761108,
          "z": -0.20978406071662903
        },
        "scale": {
          "x": 1.0,
          "y": 1.0,
          "z": 1.0
        },
        "matrix_basis": [
          [
            0.8989768028259277,
            0.42269304394721985,
            -0.11476611346006393,
            0.0
          ],
          [
            -0.39073845744132996,
            0.8923515677452087,
            0.22590291500091553,
            0.0
          ],
          [
            0.19789931178092957,
            -0.15823796391487122,
            0.9673658013343811,
            0.0
          ],
          [
            0.0,
            0.0,
            0.0,
            1.0
          ]
        ],
        "rotation_mode": "QUATERNION"
      },
      "armature_space": {
        "head": {
          "x": 0.07777154445648193,
          "y": -0.11236771941184998,
          "z": 0.6435182690620422
        },
        "tail": {
          "x": 0.1681123673915863,
          "y": -0.12663991749286652,
          "z": 0.7687700986862183
        }
      },
      "world_space": {
        "head": {
          "x": 0.07777154445648193,
          "y": -0.049123719334602356,
          "z": 1.5933723449707031
        },
        "tail": {
          "x": 0.1681123673915863,
          "y": -0.0633959174156189,
          "z": 1.7186241149902344
        },
        "rotation_quaternion": {
          "w": 0.6619668006896973,
          "x": 0.6693962812423706,
          "y": 0.12564580142498016,
          "z": -0.31292444467544556
        },
        "matrix": [
          [
            0.772581934928894,
            0.5825049877166748,
            -0.2525964677333832,
            0.07777154445648193
          ],
          [
            -0.24608120322227478,
            -0.09202510118484497,
            -0.9648709297180176,
            -0.049123719334602356
          ],
          [
            -0.5852915644645691,
            0.8076065182685852,
            0.07224610447883606,
            1.5933723449707031
          ],
          [
            0.0,
            0.0,
            0.0,
            1.0
          ]
        ]
      },
      "bone_length_armature_space": 0.15509088008337907,
      "parent": "neck_01",
      "has_children": false,
      "is_end_bone": true
    },
    "upperarm_l": {
      "name": "upperarm_l",
      "local": {
        "location": {
          "x": 0.0,
          "y": 0.0,
          "z": 0.0
        },
        "rotation_quaternion": {
          "w": 0.7451837658882141,
          "x": 0.3031027019023895,
          "y": 0.4618065655231476,
          "z": 0.37358370423316956
        },
        "scale": {
          "x": 1.0,
          "y": 1.0,
          "z": 1.0
        },
        "matrix_basis": [
          [
            0.2943398356437683,
            -0.2768273949623108,
            0.9147299528121948,
            0.0
          ],
          [
            0.8367266654968262,
            0.5371279120445251,
            -0.10668761283159256,
            0.0
          ],
          [
            -0.46179306507110596,
            0.7967812418937683,
            0.3897269070148468,
            0.0
          ],
          [
            0.0,
            0.0,
            0.0,
            1.0
          ]
        ],
        "rotation_mode": "QUATERNION"
      },
      "armature_space": {
        "head": {
          "x": 0.2101975977420807,
          "y": -0.05070287361741066,
          "z": 0.4736554026603699
        },
        "tail": {
          "x": 0.378775954246521,
          "y": -0.2554984986782074,
          "z": 0.5117045044898987
        }
      },
      "world_space": {
        "head": {
          "x": 0.2101975977420807,
          "y": 0.01254112645983696,
          "z": 1.4235093593597412
        },
        "tail": {
          "x": 0.378775954246521,
          "y": -0.19225449860095978,
          "z": 1.4615585803985596
        },
        "rotation_quaternion": {
          "w": 0.12969303131103516,
          "x": 0.9264001250267029,
          "y": 0.3178909718990326,
          "z": -0.15462224185466766
        },
        "matrix": [
          [
            0.7500746250152588,
            0.6290954947471619,
            -0.20402705669403076,
            0.2101975977420807
          ],
          [
            0.5488818287849426,
            -0.7642499208450317,
            -0.33860212564468384,
            0.01254112645983696
          ],
          [
            -0.3689427375793457,
            0.14199048280715942,
            -0.9185500741004944,
            1.4235093593597412
          ],
          [
            0.0,
            0.0,
            0.0,
            1.0
          ]
        ]
      },
      "bone_length_armature_space": 0.26796948351843064,
      "parent": "spine_01",
      "has_children": true,
      "is_end_bone": false
    },
    "lowerarm_l": {
      "name": "lowerarm_l",
      "local": {
        "location": {
          "x": 0.0,
          "y": 0.0,
          "z": 0.0
        },
        "rotation_quaternion": {
          "w": 0.9700250625610352,
          "x": 0.1593204140663147,
          "y": -0.011809220537543297,
          "z": 0.18310898542404175
        },
        "scale": {
          "x": 1.0,
          "y": 1.0,
          "z": 1.0
        },
        "matrix_basis": [
          [
            0.9326632618904114,
            -0.3590035140514374,
            0.035435520112514496,
            0.0
          ],
          [
            0.351477712392807,
            0.8821762204170227,
            -0.3134143352508545,
            0.0
          ],
          [
            0.08125647902488708,
            0.30476483702659607,
            0.9489551186561584,
            0.0
          ],
          [
            0.0,
            0.0,
            0.0,
            1.0
          ]
        ],
        "rotation_mode": "QUATERNION"
      },
      "armature_space": {
        "head": {
          "x": 0.3787758946418762,
          "y": -0.25549864768981934,
          "z": 0.5117045044898987
        },
        "tail": {
          "x": 0.40504205226898193,
          "y": -0.5215564966201782,
          "z": 0.5020778775215149
        }
      },
      "world_space": {
        "head": {
          "x": 0.3787758946418762,
          "y": -0.19225464761257172,
          "z": 1.4615585803985596
        },
        "tail": {
          "x": 0.40504205226898193,
          "y": -0.4583125114440918,
          "z": 1.4519319534301758
        },
        "rotation_quaternion": {
          "w": 0.004457799717783928,
          "x": -0.9634941220283508,
          "y": -0.052165862172842026,
          "z": 0.26256075501441956
        },
        "matrix": [
          [
            0.8566811084747314,
            0.09818223863840103,
            -0.5064165592193604,
            0.3787758946418762
          ],
          [
            0.10286391526460648,
            -0.9945179224014282,
            -0.01880398392677307,
            -0.19225464761257172
          ],
          [
            -0.5054898858070374,
            -0.03598414361476898,
            -0.8620901703834534,
            1.4615585803985596
          ],
          [
            0.0,
            0.0,
            0.0,
            1.0
          ]
        ]
      },
      "bone_length_armature_space": 0.26752451208975014,
      "parent": "upperarm_l",
      "has_children": true,
      "is_end_bone": false
    },
    "metacarpal_thumb_l": {
      "name": "metacarpal_thumb_l",
      "local": {
        "location": {
          "x": 0.0,
          "y": 0.0,
          "z": 0.0
        },
        "rotation_quaternion": {
          "w": 0.9996856451034546,
          "x": -0.024931449443101883,
          "y": -0.0013506568502634764,
          "z": -0.0023033414036035538
        },
        "scale": {
          "x": 1.0,
          "y": 1.0,
          "z": 1.0
        },
        "matrix_basis": [
          [
            0.9999857544898987,
            0.004672582261264324,
            -0.0025856131687760353,
            0.0
          ],
          [
            -0.004537886939942837,
            0.9987462162971497,
            0.04985344782471657,
            0.0
          ],
          [
            0.002815315732732415,
            -0.04984100162982941,
            0.9987531900405884,
            0.0
          ],
          [
            0.0,
            0.0,
            0.0,
            1.0
          ]
        ],
        "rotation_mode": "QUATERNION"
      },
      "armature_space": {
        "head": {
          "x": 0.40504205226898193,
          "y": -0.5215564966201782,
          "z": 0.5020778775215149
        },
        "tail": {
          "x": 0.3998989164829254,
          "y": -0.5607895851135254,
          "z": 0.47228002548217773
        }
      },
      "world_space": {
        "head": {
          "x": 0.40504205226898193,
          "y": -0.4583125114440918,
          "z": 1.4519319534301758
        },
        "tail": {
          "x": 0.3998989164829254,
          "y": -0.49754559993743896,
          "z": 1.4221340417861938
        },
        "rotation_quaternion": {
          "w": 0.25499486923217773,
          "x": -0.8361944556236267,
          "y": 0.19736626744270325,
          "z": -0.44362494349479675
        },
        "matrix": [
          [
            0.5284872055053711,
            -0.1038309633731842,
            0.8425676822662354,
            0.40504205226898193
          ],
          [
            -0.5563173294067383,
            -0.7920490503311157,
            0.2513359487056732,
            -0.4583125114440918
          ],
          [
            0.6412625312805176,
            -0.6015676856040955,
            -0.4763537645339966,
            1.4519319534301758
          ],
          [
            0.0,
            0.0,
            0.0,
            1.0
          ]
        ]
      },
      "bone_length_armature_space": 0.049533817554183325,
      "parent": "lowerarm_l",
      "has_children": true,
      "is_end_bone": false
    },
    "thumb_01_l": {
      "name": "thumb_01_l",
      "local": {
        "location": {
          "x": 0.0,
          "y": 0.0,
          "z": 0.0
        },
        "rotation_quaternion": {
          "w": 0.9997056126594543,
          "x": 0.019889572635293007,
          "y": -0.012098519131541252,
          "z": 0.006845719646662474
        },
        "scale": {
          "x": 1.0,
          "y": 1.0,
          "z": 1.0
        },
        "matrix_basis": [
          [
            0.9996135234832764,
            -0.014168677851557732,
            -0.02391759864985943,
            0.0
          ],
          [
            0.013206140138208866,
            0.9991151094436646,
            -0.03993308171629906,
            0.0
          ],
          [
            0.024462232366204262,
            0.03960178792476654,
            0.9989160895347595,
            0.0
          ],
          [
            0.0,
            0.0,
            0.0,
            1.0
          ]
        ],
        "rotation_mode": "QUATERNION"
      },
      "armature_space": {
        "head": {
          "x": 0.3998989164829254,
          "y": -0.5607895851135254,
          "z": 0.47228002548217773
        },
        "tail": {
          "x": 0.4177383482456207,
          "y": -0.5703835487365723,
          "z": 0.44492408633232117
        }
      },
      "world_space": {
        "head": {
          "x": 0.3998989164829254,
          "y": -0.49754559993743896,
          "z": 1.4221340417861938
        },
        "tail": {
          "x": 0.4177383482456207,
          "y": -0.5071395635604858,
          "z": 1.3947781324386597
        },
        "rotation_quaternion": {
          "w": 0.41206517815589905,
          "x": -0.14363819360733032,
          "y": 0.4350569248199463,
          "z": -0.7875887155532837
        },
        "matrix": [
          [
            -0.6191390156745911,
            0.5240943431854248,
            0.5848008990287781,
            0.3998989164829254
          ],
          [
            -0.774058997631073,
            -0.281855046749115,
            -0.5669134855270386,
            -0.49754559993743896
          ],
          [
            -0.13228866457939148,
            -0.8036743402481079,
            0.5801910161972046,
            1.4221340417861938
          ],
          [
            0.0,
            0.0,
            0.0,
            1.0
          ]
        ]
      },
      "bone_length_armature_space": 0.03403875574689084,
      "parent": "metacarpal_thumb_l",
      "has_children": true,
      "is_end_bone": false
    },
    "thumb_02_l": {
      "name": "thumb_02_l",
      "local": {
        "location": {
          "x": 0.0,
          "y": 0.0,
          "z": 0.0
        },
        "rotation_quaternion": {
          "w": 0.9921005964279175,
          "x": 0.12506484985351562,
          "y": -0.0019857201259583235,
          "z": -0.009551790542900562
        },
        "scale": {
          "x": 1.0,
          "y": 1.0,
          "z": 1.0
        },
        "matrix_basis": [
          [
            0.9998096227645874,
            0.01845598593354225,
            -0.00632925471290946,
            0.0
          ],
          [
            -0.01944936253130436,
            0.9685350656509399,
            -0.2481158971786499,
            0.0
          ],
          [
            0.0015508817741647363,
            0.24819175899028778,
            0.9687097072601318,
            0.0
          ],
          [
            0.0,
            0.0,
            0.0,
            1.0
          ]
        ],
        "rotation_mode": "QUATERNION"
      },
      "armature_space": {
        "head": {
          "x": 0.41773831844329834,
          "y": -0.5703834891319275,
          "z": 0.44492408633232117
        },
        "tail": {
          "x": 0.4217936396598816,
          "y": -0.6101667284965515,
          "z": 0.4486692547798157
        }
      },
      "world_space": {
        "head": {
          "x": 0.41773831844329834,
          "y": -0.5071395039558411,
          "z": 1.3947781324386597
        },
        "tail": {
          "x": 0.4217936396598816,
          "y": -0.5469227433204651,
          "z": 1.3985233306884766
        },
        "rotation_quaternion": {
          "w": 0.059316009283065796,
          "x": 0.21022988855838776,
          "y": -0.03502077981829643,
          "z": -0.9752224087715149
        },
        "matrix": [
          [
            -0.9045701622962952,
            0.10096776485443115,
            -0.4141962230205536,
            0.41773831844329834
          ],
          [
            -0.1304175704717636,
            -0.9905104637145996,
            0.043366268277168274,
            -0.5071395039558411
          ],
          [
            -0.40589016675949097,
            0.09324616193771362,
            0.9091603755950928,
            1.3947781324386597
          ],
          [
            0.0,
            0.0,
            0.0,
            1.0
          ]
        ]
      },
      "bone_length_armature_space": 0.04016438759922453,
      "parent": "thumb_01_l",
      "has_children": true,
      "is_end_bone": false
    },
    "thumb_03_l": {
      "name": "thumb_03_l",
      "local": {
        "location": {
          "x": 0.0,
          "y": 0.0,
          "z": 0.0
        },
        "rotation_quaternion": {
          "w": 0.9972202777862549,
          "x": 0.07434117794036865,
          "y": -0.0045054275542497635,
          "z": -0.002228138269856572
        },
        "scale": {
          "x": 1.0,
          "y": 1.0,
          "z": 1.0
        },
        "matrix_basis": [
          [
            0.9999494552612305,
            0.003774011740460992,
            -0.009317092597484589,
            0.0
          ],
          [
            -0.005113766994327307,
            0.9889368414878845,
            -0.14824898540973663,
            0.0
          ],
          [
            0.008654522709548473,
            0.14828914403915405,
            0.98890620470047,
            0.0
          ],
          [
            0.0,
            0.0,
            0.0,
            1.0
          ]
        ],
        "rotation_mode": "QUATERNION"
      },
      "armature_space": {
        "head": {
          "x": 0.4217936098575592,
          "y": -0.6101667284965515,
          "z": 0.4486691653728485
        },
        "tail": {
          "x": 0.422264039516449,
          "y": -0.636721670627594,
          "z": 0.46355223655700684
        }
      },
      "world_space": {
        "head": {
          "x": 0.4217936098575592,
          "y": -0.5469227433204651,
          "z": 1.398523211479187
        },
        "tail": {
          "x": 0.422264039516449,
          "y": -0.5734776854515076,
          "z": 1.413406252861023
        },
        "rotation_quaternion": {
          "w": 0.1102517619729042,
          "x": 0.3943243622779846,
          "y": -0.22744056582450867,
          "z": -0.8835290670394897
        },
        "matrix": [
          [
            -0.6647059917449951,
            0.015451572835445404,
            -0.746945321559906,
            0.4217936098575592
          ],
          [
            -0.37419235706329346,
            -0.8722309470176697,
            0.3149501383304596,
            -0.5469227433204651
          ],
          [
            -0.6466472744941711,
            0.4888530671596527,
            0.5855633020401001,
            1.398523211479187
          ],
          [
            0.0,
            0.0,
            0.0,
            1.0
          ]
        ]
      },
      "bone_length_armature_space": 0.030444902405647758,
      "parent": "thumb_02_l",
      "has_children": false,
      "is_end_bone": true
    },
    "metacarpal_index_l": {
      "name": "metacarpal_index_l",
      "local": {
        "location": {
          "x": 0.0,
          "y": 0.0,
          "z": 0.0
        },
        "rotation_quaternion": {
          "w": 0.9996118545532227,
          "x": 0.009145587682723999,
          "y": 0.01812824048101902,
          "z": -0.01907932199537754
        },
        "scale": {
          "x": 1.0,
          "y": 1.0,
          "z": 1.0
        },
        "matrix_basis": [
          [
            0.9986146688461304,
            0.03847542032599449,
            0.03589342534542084,
            0.0
          ],
          [
            -0.0378122478723526,
            0.9991046786308289,
            -0.018975824117660522,
            0.0
          ],
          [
            -0.03659139201045036,
            0.017592325806617737,
            0.9991754293441772,
            0.0
          ],
          [
            0.0,
            0.0,
            0.0,
            1.0
          ]
        ],
        "rotation_mode": "QUATERNION"
      },
      "armature_space": {
        "head": {
          "x": 0.40504205226898193,
          "y": -0.5215564966201782,
          "z": 0.5020778775215149
        },
        "tail": {
          "x": 0.4079018235206604,
          "y": -0.6323877573013306,
          "z": 0.4641634225845337
        }
      },
      "world_space": {
        "head": {
          "x": 0.40504205226898193,
          "y": -0.4583125114440918,
          "z": 1.4519319534301758
        },
        "tail": {
          "x": 0.4079018235206604,
          "y": -0.5691437721252441,
          "z": 1.4140174388885498
        },
        "rotation_quaternion": {
          "w": 0.16266389191150665,
          "x": -0.9616507887840271,
          "y": 0.02443489246070385,
          "z": -0.2194792479276657
        },
        "matrix": [
          [
            0.9024636745452881,
            0.02440667897462845,
            0.430074006319046,
            0.40504205226898193
          ],
          [
            -0.11839812994003296,
            -0.9458872675895691,
            0.3021252155303955,
            -0.4583125114440918
          ],
          [
            0.4141782224178314,
            -0.32358014583587646,
            -0.8507447838783264,
            1.4519319534301758
          ],
          [
            0.0,
            0.0,
            0.0,
            1.0
          ]
        ]
      },
      "bone_length_armature_space": 0.11717189297072922,
      "parent": "lowerarm_l",
      "has_children": true,
      "is_end_bone": false
    },
    "index_01_l": {
      "name": "index_01_l",
      "local": {
        "location": {
          "x": 0.0,
          "y": 0.0,
          "z": 0.0
        },
        "rotation_quaternion": {
          "w": 0.9988688230514526,
          "x": -0.03970397636294365,
          "y": 0.019969472661614418,
          "z": -0.016913574188947678
        },
        "scale": {
          "x": 1.0,
          "y": 1.0,
          "z": 1.0
        },
        "matrix_basis": [
          [
            0.9986302852630615,
            0.03220314905047417,
            0.041236840188503265,
            0.0
          ],
          [
            -0.03537461906671524,
            0.9962750673294067,
            0.07864262163639069,
            0.0
          ],
          [
            -0.03855069354176521,
            -0.07999363541603088,
            0.9960496425628662,
            0.0
          ],
          [
            0.0,
            0.0,
            0.0,
            1.0
          ]
        ],
        "rotation_mode": "QUATERNION"
      },
      "armature_space": {
        "head": {
          "x": 0.4079018235206604,
          "y": -0.6323877573013306,
          "z": 0.4641634225845337
        },
        "tail": {
          "x": 0.41540947556495667,
          "y": -0.6598719954490662,
          "z": 0.4653121531009674
        }
      },
      "world_space": {
        "head": {
          "x": 0.4079018235206604,
          "y": -0.5691437721252441,
          "z": 1.4140174388885498
        },
        "tail": {
          "x": 0.41540947556495667,
          "y": -0.5966280102729797,
          "z": 1.4151661396026611
        },
        "rotation_quaternion": {
          "w": 0.018583448603749275,
          "x": -0.9493950605392456,
          "y": -0.13310736417770386,
          "z": -0.28387728333473206
        },
        "matrix": [
          [
            0.8033922910690308,
            0.2632938623428345,
            0.5340759754180908,
            0.4079018235206604
          ],
          [
            0.24219249188899994,
            -0.9638742804527283,
            0.11085843294858932,
            -0.5691437721252441
          ],
          [
            0.5439745187759399,
            0.04028576612472534,
            -0.8381426334381104,
            1.4140174388885498
          ],
          [
            0.0,
            0.0,
            0.0,
            1.0
          ]
        ]
      },
      "bone_length_armature_space": 0.02851434310868256,
      "parent": "metacarpal_index_l",
      "has_children": true,
      "is_end_bone": false
    },
    "index_02_l": {
      "name": "index_02_l",
      "local": {
        "location": {
          "x": 0.0,
          "y": 0.0,
          "z": 0.0
        },
        "rotation_quaternion": {
          "w": 0.9797801375389099,
          "x": 0.19991199672222137,
          "y": 0.004805076401680708,
          "z": -0.006565749645233154
        },
        "scale": {
          "x": 1.0,
          "y": 1.0,
          "z": 1.0
        },
        "matrix_basis": [
          [
            0.9998676180839539,
            0.014787167310714722,
            0.006790692452341318,
            0.0
          ],
          [
            -0.010944797657430172,
            0.9199841618537903,
            -0.39180269837379456,
            0.0
          ],
          [
            -0.012040981091558933,
            0.39167651534080505,
            0.9200242161750793,
            0.0
          ],
          [
            0.0,
            0.0,
            0.0,
            1.0
          ]
        ],
        "rotation_mode": "QUATERNION"
      },
      "armature_space": {
        "head": {
          "x": 0.41540956497192383,
          "y": -0.6598724126815796,
          "z": 0.46531176567077637
        },
        "tail": {
          "x": 0.42700961232185364,
          "y": -0.681804358959198,
          "z": 0.45879092812538147
        }
      },
      "world_space": {
        "head": {
          "x": 0.41540956497192383,
          "y": -0.5966284275054932,
          "z": 1.4151657819747925
        },
        "tail": {
          "x": 0.42700961232185364,
          "y": -0.6185603737831116,
          "z": 1.4086449146270752
        },
        "rotation_quaternion": {
          "w": 0.18339279294013977,
          "x": -0.936141312122345,
          "y": -0.19722770154476166,
          "z": -0.22607041895389557
        },
        "matrix": [
          [
            0.8199869394302368,
            0.4521854519844055,
            0.35092681646347046,
            0.41540956497192383
          ],
          [
            0.286347359418869,
            -0.8549366593360901,
            0.43253761529922485,
            -0.5966284275054932
          ],
          [
            0.4956112205982208,
            -0.2541908025741577,
            -0.8305245041847229,
            1.4151657819747925
          ],
          [
            0.0,
            0.0,
            0.0,
            1.0
          ]
        ]
      },
      "bone_length_armature_space": 0.02565331724408928,
      "parent": "index_01_l",
      "has_children": true,
      "is_end_bone": false
    },
    "index_03_l": {
      "name": "index_03_l",
      "local": {
        "location": {
          "x": 0.0,
          "y": 0.0,
          "z": 0.0
        },
        "rotation_quaternion": {
          "w": 0.9796146154403687,
          "x": 0.20083612203598022,
          "y": 0.004492458421736956,
          "z": -4.282535519450903e-05
        },
        "scale": {
          "x": 1.0,
          "y": 1.0,
          "z": 1.0
        },
        "matrix_basis": [
          [
            0.9999596476554871,
            0.0018884005257859826,
            0.008784553967416286,
            0.0
          ],
          [
            0.001720591215416789,
            0.9193297028541565,
            -0.3934843838214874,
            0.0
          ],
          [
            -0.008818957954645157,
            0.39348360896110535,
            0.9192893505096436,
            0.0
          ],
          [
            0.0,
            0.0,
            0.0,
            1.0
          ]
        ],
        "rotation_mode": "QUATERNION"
      },
      "armature_space": {
        "head": {
          "x": 0.4270095229148865,
          "y": -0.6818044185638428,
          "z": 0.458791047334671
        },
        "tail": {
          "x": 0.4460781514644623,
          "y": -0.6967588663101196,
          "z": 0.4424666166305542
        }
      },
      "world_space": {
        "head": {
          "x": 0.4270095229148865,
          "y": -0.6185604333877563,
          "z": 1.4086450338363647
        },
        "tail": {
          "x": 0.4460781514644623,
          "y": -0.6335148811340332,
          "z": 1.3923206329345703
        },
        "rotation_quaternion": {
          "w": 0.40182241797447205,
          "x": -0.8441353440284729,
          "y": -0.28745946288108826,
          "z": -0.20818613469600677
        },
        "matrix": [
          [
            0.7480510473251343,
            0.6526172757148743,
            0.12045767903327942,
            0.4270095229148865
          ],
          [
            0.31800392270088196,
            -0.5118117332458496,
            0.7980743646621704,
            -0.6185604333877563
          ],
          [
            0.582493245601654,
            -0.5586987733840942,
            -0.5903995633125305,
            1.4086450338363647
          ],
          [
            0.0,
            0.0,
            0.0,
            1.0
          ]
        ]
      },
      "bone_length_armature_space": 0.029218746605802152,
      "parent": "index_02_l",
      "has_children": false,
      "is_end_bone": true
    },
    "metacarpal_pinky_l": {
      "name": "metacarpal_pinky_l",
      "local": {
        "location": {
          "x": 0.0,
          "y": 0.0,
          "z": 0.0
        },
        "rotation_quaternion": {
          "w": 0.9989793300628662,
          "x": -0.042467329651117325,
          "y": -0.005374773871153593,
          "z": 0.01442723162472248
        },
        "scale": {
          "x": 1.0,
          "y": 1.0,
          "z": 1.0
        },
        "matrix_basis": [
          [
            0.9995259046554565,
            -0.02836850844323635,
            -0.011963947676122189,
            0.0
          ],
          [
            0.02928151749074459,
            0.9959767460823059,
            0.08469288051128387,
            0.0
          ],
          [
            0.009513203985989094,
            -0.08500305563211441,
            0.9963352680206299,
            0.0
          ],
          [
            0.0,
            0.0,
            0.0,
            1.0
          ]
        ],
        "rotation_mode": "QUATERNION"
      },
      "armature_space": {
        "head": {
          "x": 0.40504205226898193,
          "y": -0.5215564966201782,
          "z": 0.5020778775215149
        },
        "tail": {
          "x": 0.4401460587978363,
          "y": -0.616672933101654,
          "z": 0.5258221626281738
        }
      },
      "world_space": {
        "head": {
          "x": 0.40504205226898193,
          "y": -0.4583125114440918,
          "z": 1.4519319534301758
        },
        "tail": {
          "x": 0.4401460587978363,
          "y": -0.5534289479255676,
          "z": 1.47567617893219
        },
        "rotation_quaternion": {
          "w": 0.20769737660884857,
          "x": 0.5940197706222534,
          "y": 0.012051379308104515,
          "z": -0.7770823836326599
        },
        "matrix": [
          [
            -0.2080046385526657,
            0.3371146619319916,
            -0.9181982278823853,
            0.40504205226898193
          ],
          [
            -0.3084792494773865,
            -0.9134327173233032,
            -0.2654837369918823,
            -0.4583125114440918
          ],
          [
            -0.9282174110412598,
            0.22802399098873138,
            0.2939927875995636,
            1.4519319534301758
          ],
          [
            0.0,
            0.0,
            0.0,
            1.0
          ]
        ]
      },
      "bone_length_armature_space": 0.10413077808458521,
      "parent": "lowerarm_l",
      "has_children": true,
      "is_end_bone": false
    },
    "pinky_01_l": {
      "name": "pinky_01_l",
      "local": {
        "location": {
          "x": 0.0,
          "y": 0.0,
          "z": 0.0
        },
        "rotation_quaternion": {
          "w": 0.999199628829956,
          "x": 0.039799001067876816,
          "y": 0.0018239112105220556,
          "z": -0.0036014446523040533
        },
        "scale": {
          "x": 1.0,
          "y": 1.0,
          "z": 1.0
        },
        "matrix_basis": [
          [
            0.9999673962593079,
            0.007342304103076458,
            0.003358235117048025,
            0.0
          ],
          [
            -0.007051944732666016,
            0.9968061447143555,
            -0.07954743504524231,
            0.0
          ],
          [
            -0.003931570798158646,
            0.07952115684747696,
            0.9968253970146179,
            0.0
          ],
          [
            0.0,
            0.0,
            0.0,
            1.0
          ]
        ],
        "rotation_mode": "QUATERNION"
      },
      "armature_space": {
        "head": {
          "x": 0.4401460587978363,
          "y": -0.616672933101654,
          "z": 0.5258221626281738
        },
        "tail": {
