{
  "metadata": {
    "armature_name": "KIM_caucasian_male",
    "export_time": "2026-01-13T19:11:55.521665",
    "blender_version": "4.4.1",
    "bone_count": 56,
    "end_bone_count": 13,
    "spaces_included": [
      "LOCAL_CHANNELS",
      "ARMATURE_SPACE",
      "WORLD_SPACE"
    ],
    "note": "LOCAL matches Transform panel; replay pose via local.matrix_basis for best fidelity."
  },
  "bones": {
    "Root": {
      "name": "Root",
      "local": {
        "location": {
          "x": 0.0,
          "y": 0.0,
          "z": 0.0
        },
        "rotation_quaternion": {
          "w": 0.9997738599777222,
          "x": 0.013238450512290001,
          "y": 0.007781708147376776,
          "z": -0.014712030999362469
        },
        "scale": {
          "x": 1.0,
          "y": 1.0,
          "z": 1.0
        },
        "matrix_basis": [
          [
            0.9994459748268127,
            0.029623443260788918,
            0.015170367434620857,
            0.0
          ],
          [
            -0.029211372137069702,
            0.999216616153717,
            -0.026699883863329887,
            0.0
          ],
          [
            -0.015949426218867302,
            0.02624194324016571,
            0.9995283484458923,
            0.0
          ],
          [
            0.0,
            0.0,
            0.0,
            1.0
          ]
        ],
        "rotation_mode": "QUATERNION"
      },
      "armature_space": {
        "head": {
          "x": 0.0,
          "y": 0.07072800397872925,
          "z": -0.009595036506652832
        },
        "tail": {
          "x": 0.002114399103447795,
          "y": -0.00019638240337371826,
          "z": -0.0018635699525475502
        }
      },
      "world_space": {
        "head": {
          "x": 0.0,
          "y": 0.13397200405597687,
          "z": 0.9402589797973633
        },
        "tail": {
          "x": 0.002114399103447795,
          "y": 0.0630476176738739,
          "z": 0.9479904174804688
        },
        "rotation_quaternion": {
          "w": 0.05414404347538948,
          "x": 0.9983944296836853,
          "y": 0.015202845446765423,
          "z": 0.006772912573069334
        },
        "matrix": [
          [
            0.9994459748268127,
            0.029623443260788918,
            0.015170367434620857,
            0.0
          ],
          [
            0.031090300530195236,
            -0.9936745762825012,
            -0.10790875554084778,
            0.13397200405597687
          ],
          [
            0.011877891607582569,
            0.108320452272892,
            -0.9940521121025085,
            0.9402589797973633
          ],
          [
            0.0,
            0.0,
            0.0,
            1.0
          ]
        ]
      },
      "bone_length_armature_space": 0.07137587170714949,
      "parent": null,
      "has_children": true,
      "is_end_bone": false
    },
    "spine_01": {
      "name": "spine_01",
      "local": {
        "location": {
          "x": 0.0,
          "y": 0.0,
          "z": 0.0
        },
        "rotation_quaternion": {
          "w": 0.9983582496643066,
          "x": -0.03557579219341278,
          "y": -0.03329209238290787,
          "z": -0.030113600194454193
        },
        "scale": {
          "x": 1.0,
          "y": 1.0,
          "z": 1.0
        },
        "matrix_basis": [
          [
            0.9959695935249329,
            0.062497109174728394,
            -0.06433223932981491,
            0.0
          ],
          [
            -0.05775953829288483,
            0.9956550598144531,
            0.07303985953330994,
            0.0
          ],
          [
            0.06861750036478043,
            -0.06902968138456345,
            0.9952520132064819,
            0.0
          ],
          [
            0.0,
            0.0,
            0.0,
            1.0
          ]
        ],
        "rotation_mode": "QUATERNION"
      },
      "armature_space": {
        "head": {
          "x": 0.002114399103447795,
          "y": -0.00019638240337371826,
          "z": -0.0018635699525475502
        },
        "tail": {
          "x": 0.025480929762125015,
          "y": 0.044170815497636795,
          "z": 0.4835579991340637
        }
      },
      "world_space": {
        "head": {
          "x": 0.002114399103447795,
          "y": 0.0630476176738739,
          "z": 0.9479904174804688
        },
        "tail": {
          "x": 0.025480929762125015,
          "y": 0.10741481184959412,
          "z": 1.4334120750427246
        },
        "rotation_quaternion": {
          "w": 0.7385434508323669,
          "x": 0.6735590696334839,
          "y": 0.003383983625099063,
          "z": -0.029330356046557426
        },
        "matrix": [
          [
            0.9982564449310303,
            0.047882117331027985,
            -0.034513331949710846,
            0.002114399103447795
          ],
          [
            -0.03876519203186035,
            0.09091615676879883,
            -0.9951038956642151,
            0.0630476176738739
          ],
          [
            -0.04451020061969757,
            0.9947138428688049,
            0.09261355549097061,
            0.9479904174804688
          ],
          [
            0.0,
            0.0,
            0.0,
            1.0
          ]
        ]
      },
      "bone_length_armature_space": 0.4880046582632458,
      "parent": "Root",
      "has_children": true,
      "is_end_bone": false
    },
    "neck_01": {
      "name": "neck_01",
      "local": {
        "location": {
          "x": 0.0,
          "y": 0.0,
          "z": 0.0
        },
        "rotation_quaternion": {
          "w": 0.9958932399749756,
          "x": 0.051823072135448456,
          "y": 0.07367290556430817,
          "z": -0.009135070256888866
        },
        "scale": {
          "x": 1.0,
          "y": 1.0,
          "z": 1.0
        },
        "matrix_basis": [
          [
            0.9889777302742004,
            0.02583102136850357,
            0.1457938849925995,
            0.0
          ],
          [
            -0.010559196583926678,
            0.9944618344306946,
            -0.10456650704145432,
            0.0
          ],
          [
            -0.14768750965595245,
            0.10187447816133499,
            0.9837733507156372,
            0.0
          ],
          [
            0.0,
            0.0,
            0.0,
            1.0
          ]
        ],
        "rotation_mode": "QUATERNION"
      },
      "armature_space": {
        "head": {
          "x": 0.027789847925305367,
          "y": 0.016316913068294525,
          "z": 0.5596013069152832
        },
        "tail": {
          "x": 0.03307059407234192,
          "y": -0.023732472211122513,
          "z": 0.6538292169570923
        }
      },
      "world_space": {
        "head": {
          "x": 0.027789847925305367,
          "y": 0.07956091314554214,
          "z": 1.5094553232192993
        },
        "tail": {
          "x": 0.03307059407234192,
          "y": 0.03951152786612511,
          "z": 1.6036832332611084
        },
        "rotation_quaternion": {
          "w": 0.5499979853630066,
          "x": 0.8335164785385132,
          "y": 0.04668914154171944,
          "z": 0.023930663242936134
        },
        "matrix": [
          [
            0.9944947957992554,
            0.05150875821709633,
            0.09125122427940369,
            0.027789847925305367
          ],
          [
            0.10415618121623993,
            -0.3906444013118744,
            -0.9146305322647095,
            0.07956091314554214
          ],
          [
            -0.0114646777510643,
            0.9191055297851562,
            -0.3938623070716858,
            1.5094553232192993
          ],
          [
            0.0,
            0.0,
            0.0,
            1.0
          ]
        ]
      },
      "bone_length_armature_space": 0.10252189226379914,
      "parent": "spine_01",
      "has_children": true,
      "is_end_bone": false
    },
    "head": {
      "name": "head",
      "local": {
        "location": {
          "x": 0.0,
          "y": 0.0,
          "z": 0.0
        },
        "rotation_quaternion": {
          "w": 0.9707869291305542,
          "x": -0.040864795446395874,
          "y": -0.1931833028793335,
          "z": -0.1363195925951004
        },
        "scale": {
          "x": 1.0,
          "y": 1.0,
          "z": 1.0
        },
        "matrix_basis": [
          [
            0.8881943821907043,
            0.2804633378982544,
            -0.3639383018016815,
            0.0
          ],
          [
            -0.24888576567173004,
            0.9594940543174744,
            0.13201135396957397,
            0.0
          ],
          [
            0.3862209916114807,
            -0.02667267993092537,
            0.9220205545425415,
            0.0
          ],
          [
            0.0,
            0.0,
            0.0,
            1.0
          ]
        ],
        "rotation_mode": "QUATERNION"
      },
      "armature_space": {
        "head": {
          "x": 0.033070605248212814,
          "y": -0.023732589557766914,
          "z": 0.6538290977478027
        },
        "tail": {
          "x": 0.07806999236345291,
          "y": -0.02022789604961872,
          "z": 0.8022071719169617
        }
      },
      "world_space": {
        "head": {
          "x": 0.033070605248212814,
          "y": 0.039511412382125854,
          "z": 1.6036831140518188
        },
        "tail": {
          "x": 0.07806999236345291,
          "y": 0.04301610589027405,
          "z": 1.752061128616333
        },
        "rotation_quaternion": {
          "w": 0.715049684047699,
          "x": 0.6694408059120178,
          "y": 0.0016198833473026752,
          "z": -0.2013712227344513
        },
        "matrix": [
          [
            0.9188934564590454,
            0.2901497483253479,
            -0.2672973871231079,
            0.033070605248212814
          ],
          [
            -0.2858140468597412,
            0.022597774863243103,
            -0.9580188393592834,
            0.039511412382125854
          ],
          [
            -0.2719306945800781,
            0.9567211866378784,
            0.10369366407394409,
            1.6036831140518188
          ],
          [
            0.0,
            0.0,
            0.0,
            1.0
          ]
        ]
      },
      "bone_length_armature_space": 0.15509119867121537,
      "parent": "neck_01",
      "has_children": false,
      "is_end_bone": true
    },
    "upperarm_l": {
      "name": "upperarm_l",
      "local": {
        "location": {
          "x": 0.0,
          "y": 0.0,
          "z": 0.0
        },
        "rotation_quaternion": {
          "w": 0.9902199506759644,
          "x": -0.12269177287817001,
          "y": 0.030044205486774445,
          "z": 0.0592341274023056
        },
        "scale": {
          "x": 1.0,
          "y": 1.0,
          "z": 1.0
        },
        "matrix_basis": [
          [
            0.9911773204803467,
            -0.1246819794178009,
            0.04496566206216812,
            0.0
          ],
          [
            0.10993727296590805,
            0.9628760814666748,
            0.24654296040534973,
            0.0
          ],
          [
            -0.07403582334518433,
            -0.23942439258098602,
            0.9680881500244141,
            0.0
          ],
          [
            0.0,
            0.0,
            0.0,
            1.0
          ]
        ],
        "rotation_mode": "QUATERNION"
      },
      "armature_space": {
        "head": {
          "x": 0.17420020699501038,
          "y": 0.0012183524668216705,
          "z": 0.4863676428794861
        },
        "tail": {
          "x": 0.4337400197982788,
          "y": 0.0669921338558197,
          "z": 0.4973444938659668
        }
      },
      "world_space": {
        "head": {
          "x": 0.17420020699501038,
          "y": 0.06446234881877899,
          "z": 1.4362215995788574
        },
        "tail": {
          "x": 0.4337400197982788,
          "y": 0.13023613393306732,
          "z": 1.447198510169983
        },
        "rotation_quaternion": {
          "w": 0.5673823356628418,
          "x": 0.4451749324798584,
          "y": 0.5484552979469299,
          "z": -0.4231942594051361
        },
        "matrix": [
          [
            0.04020712897181511,
            0.9685426354408264,
            0.2455773800611496,
            0.17420020699501038
          ],
          [
            0.008090630173683167,
            0.24545256793498993,
            -0.9693750143051147,
            0.06446234881877899
          ],
          [
            -0.9991656541824341,
            0.040963128209114075,
            0.002031952142715454,
            1.4362215995788574
          ],
          [
            0.0,
            0.0,
            0.0,
            1.0
          ]
        ]
      },
      "bone_length_armature_space": 0.26796939619698196,
      "parent": "spine_01",
      "has_children": true,
      "is_end_bone": false
    },
    "lowerarm_l": {
      "name": "lowerarm_l",
      "local": {
        "location": {
          "x": 0.0,
          "y": 0.0,
          "z": 0.0
        },
        "rotation_quaternion": {
          "w": 0.9242182970046997,
          "x": 0.16738884150981903,
          "y": 0.13926547765731812,
          "z": -0.313698410987854
        },
        "scale": {
          "x": 1.0,
          "y": 1.0,
          "z": 1.0
        },
        "matrix_basis": [
          [
            0.7643968462944031,
            0.6264746189117432,
            0.15240417420864105,
            0.0
          ],
          [
            -0.5332286357879639,
            0.7471485733985901,
            -0.39678236842155457,
            0.0
          ],
          [
            -0.36244264245033264,
            0.22203294932842255,
            0.9051722288131714,
            0.0
          ],
          [
            0.0,
            0.0,
            0.0,
            1.0
          ]
        ],
        "rotation_mode": "QUATERNION"
      },
      "armature_space": {
        "head": {
          "x": 0.43374013900756836,
          "y": 0.06699211150407791,
          "z": 0.49734464287757874
        },
        "tail": {
          "x": 0.6588577628135681,
          "y": 0.014814268797636032,
          "z": 0.362551748752594
        }
      },
      "world_space": {
        "head": {
          "x": 0.43374013900756836,
          "y": 0.13023611903190613,
          "z": 1.4471986293792725
        },
        "tail": {
          "x": 0.6588577628135681,
          "y": 0.07805827260017395,
          "z": 1.3124058246612549
        },
        "rotation_quaternion": {
          "w": 0.25559917092323303,
          "x": 0.44700393080711365,
          "y": 0.5806453824043274,
          "z": -0.6306406259536743
        },
        "matrix": [
          [
            -0.4697116017341614,
            0.8414841294288635,
            -0.2669735848903656,
            0.43374013900756836
          ],
          [
            0.19672253727912903,
            -0.1950395107269287,
            -0.9608643651008606,
            0.13023611903190613
          ],
          [
            -0.8606283068656921,
            -0.5038526058197021,
            -0.07392792403697968,
            1.4471986293792725
          ],
          [
            0.0,
            0.0,
            0.0,
            1.0
          ]
        ]
      },
      "bone_length_armature_space": 0.2675249428002264,
      "parent": "upperarm_l",
      "has_children": true,
      "is_end_bone": false
    },
    "metacarpal_thumb_l": {
      "name": "metacarpal_thumb_l",
      "local": {
        "location": {
          "x": 0.0,
          "y": 0.0,
          "z": 0.0
        },
        "rotation_quaternion": {
          "w": 0.999962329864502,
          "x": -0.0066781556233763695,
          "y": -0.00494092982262373,
          "z": 0.002523006871342659
        },
        "scale": {
          "x": 1.0,
          "y": 1.0,
          "z": 1.0
        },
        "matrix_basis": [
          [
            0.999938428401947,
            -0.004979831166565418,
            -0.009915185160934925,
            0.0
          ],
          [
            0.005111816339194775,
            0.9998980760574341,
            0.013330875895917416,
            0.0
          ],
          [
            0.009847789071500301,
            -0.013380739837884903,
            0.9998619556427002,
            0.0
          ],
          [
            0.0,
            0.0,
            0.0,
            1.0
          ]
        ],
        "rotation_mode": "QUATERNION"
      },
      "armature_space": {
        "head": {
          "x": 0.6588577628135681,
          "y": 0.014814268797636032,
          "z": 0.362551748752594
        },
        "tail": {
          "x": 0.6799160242080688,
          "y": -0.019354522228240967,
          "z": 0.3335234820842743
        }
      },
      "world_space": {
        "head": {
          "x": 0.6588577628135681,
          "y": 0.07805827260017395,
          "z": 1.3124058246612549
        },
        "tail": {
          "x": 0.6799160242080688,
          "y": 0.04388947784900665,
          "z": 1.2833775281906128
        },
        "rotation_quaternion": {
          "w": 0.2409002184867859,
          "x": -0.8821109533309937,
          "y": -0.31154847145080566,
          "z": 0.2584276497364044
        },
        "matrix": [
          [
            0.6723044514656067,
            0.42513084411621094,
            -0.6060279607772827,
            0.6588577628135681
          ],
          [
            0.6741517782211304,
            -0.6898094415664673,
            0.2639745771884918,
            0.07805827260017395
          ],
          [
            -0.3058217465877533,
            -0.5860307812690735,
            -0.750369668006897,
            1.3124058246612549
          ],
          [
            0.0,
            0.0,
            0.0,
            1.0
          ]
        ]
      },
      "bone_length_armature_space": 0.04953379654909608,
      "parent": "lowerarm_l",
      "has_children": true,
      "is_end_bone": false
    },
    "thumb_01_l": {
      "name": "thumb_01_l",
      "local": {
        "location": {
          "x": 0.0,
          "y": 0.0,
          "z": 0.0
        },
        "rotation_quaternion": {
          "w": 0.9971481561660767,
          "x": 0.07104448229074478,
          "y": 0.01920941099524498,
          "z": 0.016716329380869865
        },
        "scale": {
          "x": 1.0,
          "y": 1.0,
          "z": 1.0
        },
        "matrix_basis": [
          [
            0.998703122138977,
            -0.03060786798596382,
            0.04068446159362793,
            0.0
          ],
          [
            0.03606675937771797,
            0.9893465042114258,
            -0.14104153215885162,
            0.0
          ],
          [
            -0.03593405336141586,
            0.1423259675502777,
            0.989167332649231,
            0.0
          ],
          [
            0.0,
            0.0,
            0.0,
            1.0
          ]
        ],
        "rotation_mode": "QUATERNION"
      },
      "armature_space": {
        "head": {
          "x": 0.6799160242080688,
          "y": -0.019354522228240967,
          "z": 0.3335234820842743
        },
        "tail": {
          "x": 0.6738966703414917,
          "y": -0.027050551027059555,
          "z": 0.3009170591831207
        }
      },
      "world_space": {
        "head": {
          "x": 0.6799160242080688,
          "y": 0.04388947784900665,
          "z": 1.2833775281906128
        },
        "tail": {
          "x": 0.6738966703414917,
          "y": 0.036193449050188065,
          "z": 1.2507710456848145
        },
        "rotation_quaternion": {
          "w": 0.5419904589653015,
          "x": -0.7406210899353027,
          "y": 0.3052830994129181,
          "z": -0.2540254294872284
        },
        "matrix": [
          [
            0.6845458149909973,
            -0.17683976888656616,
            0.7071945667266846,
            0.6799160242080688
          ],
          [
            -0.7275574803352356,
            -0.2260972559452057,
            0.6477192640304565,
            0.04388947784900665
          ],
          [
            0.045351918786764145,
            -0.9579252004623413,
            -0.2834365963935852,
            1.2833775281906128
          ],
          [
            0.0,
            0.0,
            0.0,
            1.0
          ]
        ]
      },
      "bone_length_armature_space": 0.034038804910528166,
      "parent": "metacarpal_thumb_l",
      "has_children": true,
      "is_end_bone": false
    },
    "thumb_02_l": {
      "name": "thumb_02_l",
      "local": {
        "location": {
          "x": 0.0,
          "y": 0.0,
          "z": 0.0
        },
        "rotation_quaternion": {
          "w": 0.9889511466026306,
          "x": 0.14820437133312225,
          "y": -0.0028910725377500057,
          "z": -0.0016894204309210181
        },
        "scale": {
          "x": 1.0,
          "y": 1.0,
          "z": 1.0
        },
        "matrix_basis": [
          [
            0.9999775886535645,
            0.002484569326043129,
            -0.006219017785042524,
            0.0
          ],
          [
            -0.004198447801172733,
            0.9560652375221252,
            -0.2931239902973175,
            0.0
          ],
          [
            0.005217500030994415,
            0.29314354062080383,
            0.9560542106628418,
            0.0
          ],
          [
            0.0,
            0.0,
            0.0,
            1.0
          ]
        ],
        "rotation_mode": "QUATERNION"
      },
      "armature_space": {
        "head": {
          "x": 0.6738965511322021,
          "y": -0.027050551027059555,
          "z": 0.3009170889854431
        },
        "tail": {
          "x": 0.7109955549240112,
          "y": -0.030868669971823692,
          "z": 0.2860085070133209
        }
      },
      "world_space": {
        "head": {
          "x": 0.6738965511322021,
          "y": 0.036193449050188065,
          "z": 1.2507710456848145
        },
        "tail": {
          "x": 0.7109955549240112,
          "y": 0.03237532824277878,
          "z": 1.2358624935150146
        },
        "rotation_quaternion": {
          "w": 0.6723620295524597,
          "x": -0.25543782114982605,
          "y": 0.019939299672842026,
          "z": -0.6944661140441895
        },
        "matrix": [
          [
            0.034639935940504074,
            0.9236792922019958,
            0.38159680366516113,
            0.6738965511322021
          ],
          [
            -0.944051206111908,
            -0.0950622484087944,
            0.31580182909965515,
            0.036193449050188065
          ],
          [
            0.32797661423683167,
            -0.37118905782699585,
            0.8687138557434082,
            1.2507710456848145
          ],
          [
            0.0,
            0.0,
            0.0,
            1.0
          ]
        ]
      },
      "bone_length_armature_space": 0.040164411432350014,
      "parent": "thumb_01_l",
      "has_children": true,
      "is_end_bone": false
    },
    "thumb_03_l": {
      "name": "thumb_03_l",
      "local": {
        "location": {
          "x": 0.0,
          "y": 0.0,
          "z": 0.0
        },
        "rotation_quaternion": {
          "w": 0.998009443283081,
          "x": 0.06295605003833771,
          "y": -0.002936911303550005,
          "z": 0.002272969577461481
        },
        "scale": {
          "x": 1.0,
          "y": 1.0,
          "z": 1.0
        },
        "matrix_basis": [
          [
            0.999972403049469,
            -0.004906682763248682,
            -0.005575936287641525,
            0.0
          ],
          [
            0.004167097620666027,
            0.9920627474784851,
            -0.12567481398582458,
            0.0
          ],
          [
            0.006148324813693762,
            0.1256481111049652,
            0.9920558333396912,
            0.0
          ],
          [
            0.0,
            0.0,
            0.0,
            1.0
          ]
        ],
        "rotation_mode": "QUATERNION"
      },
      "armature_space": {
        "head": {
          "x": 0.7109955549240112,
          "y": -0.030868737027049065,
          "z": 0.28600847721099854
        },
        "tail": {
          "x": 0.7410951852798462,
          "y": -0.026505671441555023,
          "z": 0.2846421003341675
        }
      },
      "world_space": {
        "head": {
          "x": 0.7109955549240112,
          "y": 0.032375261187553406,
          "z": 1.2358624935150146
        },
        "tail": {
          "x": 0.7410951852798462,
          "y": 0.036738328635692596,
          "z": 1.2344961166381836
        },
        "rotation_quaternion": {
          "w": 0.7547250986099243,
          "x": 0.009479678235948086,
          "y": 0.04522383585572243,
          "z": -0.6544118523597717
        },
        "matrix": [
          [
            0.13939960300922394,
            0.9886595010757446,
            0.05585505813360214,
            0.7109955549240112
          ],
          [
            -0.9869449734687805,
            0.1433103233575821,
            -0.0734991580247879,
            0.032375261187553406
          ],
          [
            -0.08067160099744797,
            -0.044880449771881104,
            0.9957367777824402,
            1.2358624935150146
          ],
          [
            0.0,
            0.0,
            0.0,
            1.0
          ]
        ]
      },
      "bone_length_armature_space": 0.030444885857377806,
      "parent": "thumb_02_l",
      "has_children": false,
      "is_end_bone": true
    },
    "metacarpal_index_l": {
      "name": "metacarpal_index_l",
      "local": {
        "location": {
          "x": 0.0,
          "y": 0.0,
          "z": 0.0
        },
        "rotation_quaternion": {
          "w": 0.9998981356620789,
          "x": 0.005803022999316454,
          "y": -0.009619132615625858,
          "z": 0.008808494545519352
        },
        "scale": {
          "x": 1.0,
          "y": 1.0,
          "z": 1.0
        },
        "matrix_basis": [
          [
            0.9996597766876221,
            -0.0177268348634243,
            -0.019134074449539185,
            0.0
          ],
          [
            0.01750355400145054,
            0.9997774958610535,
            -0.011774323880672455,
            0.0
          ],
          [
            0.019338537007570267,
            0.011435403488576412,
            0.9997475743293762,
            0.0
          ],
          [
            0.0,
            0.0,
            0.0,
            1.0
          ]
        ],
        "rotation_mode": "QUATERNION"
      },
      "armature_space": {
        "head": {
          "x": 0.6588577628135681,
          "y": 0.014814268797636032,
          "z": 0.362551748752594
        },
        "tail": {
          "x": 0.7390807271003723,
          "y": -0.04223647713661194,
          "z": 0.29900044202804565
        }
      },
      "world_space": {
        "head": {
          "x": 0.6588577628135681,
          "y": 0.07805827260017395,
          "z": 1.3124058246612549
        },
        "tail": {
          "x": 0.7390807271003723,
          "y": 0.02100752294063568,
          "z": 1.248854398727417
        },
        "rotation_quaternion": {
          "w": 0.0709332525730133,
          "x": -0.7441827654838562,
          "y": -0.5015161633491516,
          "z": 0.4354792535305023
        },
        "matrix": [
          [
            0.11767670512199402,
            0.6846612691879272,
            -0.7192986011505127,
            0.6588577628135681
          ],
          [
            0.8082192540168762,
            -0.4868985414505005,
            -0.33122798800468445,
            0.07805827260017395
          ],
          [
            -0.5770078301429749,
            -0.5423774123191833,
            -0.6106575131416321,
            1.3124058246612549
          ],
          [
            0.0,
            0.0,
            0.0,
            1.0
          ]
        ]
      },
      "bone_length_armature_space": 0.11717200971586238,
      "parent": "lowerarm_l",
      "has_children": true,
      "is_end_bone": false
    },
    "index_01_l": {
      "name": "index_01_l",
      "local": {
        "location": {
          "x": 0.0,
          "y": 0.0,
          "z": 0.0
        },
        "rotation_quaternion": {
          "w": 0.9987088441848755,
          "x": -0.050611525774002075,
          "y": -0.002675760770216584,
          "z": -0.0034641504753381014
        },
        "scale": {
          "x": 1.0,
          "y": 1.0,
          "z": 1.0
        },
        "matrix_basis": [
          [
            0.9999616742134094,
            0.0071902042254805565,
            -0.004993959795683622,
            0.0
          ],
          [
            -0.006648506969213486,
            0.9948529601097107,
            0.10111089795827866,
            0.0
          ],
          [
            0.005695263855159283,
            -0.10107381641864777,
            0.9948626160621643,
            0.0
          ],
          [
            0.0,
            0.0,
            0.0,
            1.0
          ]
        ],
        "rotation_mode": "QUATERNION"
      },
      "armature_space": {
        "head": {
          "x": 0.7390807271003723,
          "y": -0.04223647713661194,
          "z": 0.29900044202804565
        },
        "tail": {
          "x": 0.7627696990966797,
          "y": -0.04476049542427063,
          "z": 0.28333091735839844
        }
      },
      "world_space": {
        "head": {
          "x": 0.7390807271003723,
          "y": 0.02100752294063568,
          "z": 1.248854398727417
        },
        "tail": {
          "x": 0.7627696990966797,
          "y": 0.01848350465297699,
          "z": 1.2331849336624146
        },
        "rotation_quaternion": {
          "w": 0.07306963950395584,
          "x": -0.6557474136352539,
          "y": -0.6711207628250122,
          "z": 0.3380136489868164
        },
        "matrix": [
          [
            -0.12930963933467865,
            0.8307732343673706,
            -0.5413817167282104,
            0.7390807271003723
          ],
          [
            0.929569661617279,
            -0.08851741254329681,
            -0.35786229372024536,
            0.02100752294063568
          ],
          [
            -0.3452257812023163,
            -0.549531102180481,
            -0.7608210444450378,
            1.248854398727417
          ],
          [
            0.0,
            0.0,
            0.0,
            1.0
          ]
        ]
      },
      "bone_length_armature_space": 0.02851441807225808,
      "parent": "metacarpal_index_l",
      "has_children": true,
      "is_end_bone": false
    },
    "index_02_l": {
      "name": "index_02_l",
      "local": {
        "location": {
          "x": 0.0,
          "y": 0.0,
          "z": 0.0
        },
        "rotation_quaternion": {
          "w": 0.9854924082756042,
          "x": 0.16958202421665192,
          "y": -0.006624187342822552,
          "z": -0.0017080531688407063
        },
        "scale": {
          "x": 1.0,
          "y": 1.0,
          "z": 1.0
        },
        "matrix_basis": [
          [
            0.9999064207077026,
            0.0011198606807738543,
            -0.013635482639074326,
            0.0
          ],
          [
            -0.005613232962787151,
            0.9424780607223511,
            -0.3342209756374359,
            0.0
          ],
          [
            0.012476862408220768,
            0.33426621556282043,
            0.9423961043357849,
            0.0
          ],
          [
            0.0,
            0.0,
            0.0,
            1.0
          ]
        ],
        "rotation_mode": "QUATERNION"
      },
      "armature_space": {
        "head": {
          "x": 0.762769877910614,
          "y": -0.04476086050271988,
          "z": 0.2833305299282074
        },
        "tail": {
          "x": 0.7788866758346558,
          "y": -0.04947963356971741,
          "z": 0.2639378011226654
        }
      },
      "world_space": {
        "head": {
          "x": 0.762769877910614,
          "y": 0.01848313957452774,
          "z": 1.233184576034546
        },
        "tail": {
          "x": 0.7788866758346558,
          "y": 0.013764366507530212,
          "z": 1.213791847229004
        },
        "rotation_quaternion": {
          "w": 0.1475856900215149,
          "x": -0.6151776909828186,
          "y": -0.6214881539344788,
          "z": 0.46209022402763367
        },
        "matrix": [
          [
            -0.19954544305801392,
            0.6282544136047363,
            -0.7519822120666504,
            0.762769877910614
          ],
          [
            0.9010486006736755,
            -0.18394427001476288,
            -0.3927803635597229,
            0.01848313957452774
          ],
          [
            -0.38509076833724976,
            -0.7559555768966675,
            -0.5293865203857422,
            1.233184576034546
          ],
          [
            0.0,
            0.0,
            0.0,
            1.0
          ]
        ]
      },
      "bone_length_armature_space": 0.025653379960896835,
      "parent": "index_01_l",
      "has_children": true,
      "is_end_bone": false
    },
    "index_03_l": {
      "name": "index_03_l",
      "local": {
        "location": {
          "x": 0.0,
          "y": 0.0,
          "z": 0.0
        },
        "rotation_quaternion": {
          "w": 0.9798368215560913,
          "x": 0.19966576993465424,
          "y": 0.00574864586815238,
          "z": 0.004532938357442617
        },
        "scale": {
          "x": 1.0,
          "y": 1.0,
          "z": 1.0
        },
        "matrix_basis": [
          [
            0.9998928308486938,
            -0.006587464362382889,
            0.013075615279376507,
            0.0
          ],
          [
            0.011178695596754551,
            0.9202260375022888,
            -0.3912276327610016,
            0.0
          ],
          [
            -0.009455324150621891,
            0.39133185148239136,
            0.9202010631561279,
            0.0
          ],
          [
            0.0,
            0.0,
            0.0,
            1.0
          ]
        ],
        "rotation_mode": "QUATERNION"
      },
      "armature_space": {
        "head": {
          "x": 0.7788867950439453,
          "y": -0.04947959631681442,
          "z": 0.26393792033195496
        },
        "tail": {
          "x": 0.7840427756309509,
          "y": -0.05686986446380615,
          "z": 0.23614327609539032
        }
      },
      "world_space": {
        "head": {
          "x": 0.7788867950439453,
          "y": 0.013764403760433197,
          "z": 1.2137919664382935
        },
        "tail": {
          "x": 0.7840427756309509,
          "y": 0.006374135613441467,
          "z": 1.1859972476959229
        },
        "rotation_quaternion": {
          "w": 0.33382508158683777,
          "x": -0.5459901094436646,
          "y": -0.511952817440033,
          "z": 0.5730270743370056
        },
        "matrix": [
          [
            -0.18091140687465668,
            0.1764621138572693,
            -0.9675388336181641,
            0.7788867950439453
          ],
          [
            0.9416241645812988,
            -0.2529295086860657,
            -0.22219565510749817,
            0.013764403760433197
          ],
          [
            -0.2839294970035553,
            -0.9512626528739929,
            -0.12040409445762634,
            1.2137919664382935
          ],
          [
            0.0,
            0.0,
            0.0,
            1.0
          ]
        ]
      },
      "bone_length_armature_space": 0.02921887164307528,
      "parent": "index_02_l",
      "has_children": false,
      "is_end_bone": true
    },
    "metacarpal_pinky_l": {
      "name": "metacarpal_pinky_l",
      "local": {
        "location": {
          "x": 0.0,
          "y": 0.0,
          "z": 0.0
        },
        "rotation_quaternion": {
          "w": 0.9991153478622437,
          "x": -0.040718160569667816,
          "y": 0.007049997337162495,
          "z": 0.007799975108355284
        },
        "scale": {
          "x": 1.0,
          "y": 1.0,
          "z": 1.0
        },
        "matrix_basis": [
          [
            0.9997789263725281,
            -0.016160275787115097,
            0.0134523194283247,
            0.0
          ],
          [
            0.015012023970484734,
            0.9965623617172241,
            0.08147425949573517,
            0.0
          ],
          [
            -0.014722722582519054,
            -0.08125429600477219,
            0.9965846538543701,
            0.0
          ],
          [
            0.0,
            0.0,
            0.0,
            1.0
          ]
        ],
        "rotation_mode": "QUATERNION"
      },
      "armature_space": {
        "head": {
          "x": 0.6588577628135681,
          "y": 0.014814268797636032,
          "z": 0.362551748752594
        },
        "tail": {
          "x": 0.7465521097183228,
          "y": 0.03122439607977867,
          "z": 0.30885204672813416
        }
      },
      "world_space": {
        "head": {
          "x": 0.6588577628135681,
          "y": 0.07805827260017395,
          "z": 1.3124058246612549
        },
        "tail": {
          "x": 0.7465521097183228,
          "y": 0.09446839988231659,
          "z": 1.2587060928344727
        },
        "rotation_quaternion": {
          "w": 0.6630131602287292,
          "x": -0.023924823850393295,
          "y": 0.37310975790023804,
          "z": -0.6485602855682373
        },
        "matrix": [
          [
            -0.11968480050563812,
            0.8421559929847717,
            0.525783360004425,
            0.6588577628135681
          ],
          [
            -0.8778606057167053,
            0.1575915515422821,
            -0.4522458612918854,
            0.07805827260017395
          ],
          [
            -0.4637245833873749,
            -0.5156949758529663,
            0.7204388380050659,
            1.3124058246612549
          ],
          [
            0.0,
            0.0,
            0.0,
            1.0
          ]
        ]
      },
      "bone_length_armature_space": 0.10413092090544411,
      "parent": "lowerarm_l",
      "has_children": true,
      "is_end_bone": false
    },
    "pinky_01_l": {
      "name": "pinky_01_l",
      "local": {
        "location": {
          "x": 0.0,
          "y": 0.0,
          "z": 0.0
        },
        "rotation_quaternion": {
          "w": 0.9998847246170044,
          "x": 0.00960653368383646,
          "y": 0.010660924948751926,
          "z": 0.0049740104004740715
        },
        "scale": {
          "x": 1.0,
          "y": 1.0,
          "z": 1.0
        },
        "matrix_basis": [
          [
            0.9997231960296631,
            -0.00974204484373331,
            0.02141495794057846,
            0.0
          ],
          [
            0.010151702910661697,
            0.999765932559967,
            -0.019104797393083572,
            0.0
          ],
          [
            -0.021223826333880424,
            0.019316907972097397,
            0.999588131904602,
            0.0
          ],
          [
            0.0,
            0.0,
            0.0,
            1.0
          ]
        ],
        "rotation_mode": "QUATERNION"
      },
      "armature_space": {
        "head": {
          "x": 0.7465521097183228,
          "y": 0.03122439607977867,
          "z": 0.30885204672813416
        },
