{
  "metadata": {
    "armature_name": "KIM_caucasian_male",
    "export_time": "2026-01-13T20:25:34.977442",
    "blender_version": "4.4.1",
    "bone_count": 56,
    "end_bone_count": 13,
    "spaces_included": [
      "LOCAL_CHANNELS",
      "ARMATURE_SPACE",
      "WORLD_SPACE"
    ],
    "note": "LOCAL matches Transform panel; replay pose via local.matrix_basis for best fidelity."
  },
  "bones": {
    "Root": {
      "name": "Root",
      "local": {
        "location": {
          "x": 0.0,
          "y": 0.0,
          "z": 0.0
        },
        "rotation_quaternion": {
          "w": 0.9997419118881226,
          "x": 0.014238185249269009,
          "y": 0.007715149316936731,
          "z": -0.015936575829982758
        },
        "scale": {
          "x": 1.0,
          "y": 1.0,
          "z": 1.0
        },
        "matrix_basis": [
          [
            0.9993730187416077,
            0.0320846252143383,
            0.014972500503063202,
            0.0
          ],
          [
            -0.03164522722363472,
            0.9990866184234619,
            -0.028714926913380623,
            0.0
          ],
          [
            -0.015880132094025612,
            0.02822311408817768,
            0.9994754791259766,
            0.0
          ],
          [
            0.0,
            0.0,
            0.0,
            1.0
          ]
        ],
        "rotation_mode": "QUATERNION"
      },
      "armature_space": {
        "head": {
          "x": 0.0,
          "y": 0.07072800397872925,
          "z": -0.009595036506652832
        },
        "tail": {
          "x": 0.0022900679614394903,
          "y": -0.00020619481801986694,
          "z": -0.002004943322390318
        }
      },
      "world_space": {
        "head": {
          "x": 0.0,
          "y": 0.13397200405597687,
          "z": 0.9402589797973633
        },
        "tail": {
          "x": 0.0022900679614394903,
          "y": 0.06303780525922775,
          "z": 0.9478490948677063
        },
        "rotation_quaternion": {
          "w": 0.0531444326043129,
          "x": 0.9984299540519714,
          "y": 0.01642012782394886,
          "z": 0.006624011788517237
        },
        "matrix": [
          [
            0.9993730187416077,
            0.0320846252143383,
            0.014972500503063202,
            0.0
          ],
          [
            0.03349275141954422,
            -0.993812084197998,
            -0.10590489208698273,
            0.13397200405597687
          ],
          [
            0.01148204505443573,
            0.10633976757526398,
            -0.9942705631256104,
            0.9402589797973633
          ],
          [
            0.0,
            0.0,
            0.0,
            1.0
          ]
        ]
      },
      "bone_length_armature_space": 0.07137586841007228,
      "parent": null,
      "has_children": true,
      "is_end_bone": false
    },
    "spine_01": {
      "name": "spine_01",
      "local": {
        "location": {
          "x": 0.0,
          "y": 0.0,
          "z": 0.0
        },
        "rotation_quaternion": {
          "w": 0.9986442923545837,
          "x": 0.013866765424609184,
          "y": 0.03986488655209541,
          "z": 0.030464420095086098
        },
        "scale": {
          "x": 1.0,
          "y": 1.0,
          "z": 1.0
        },
        "matrix_basis": [
          [
            0.9949654340744019,
            -0.059740643948316574,
            0.08046656847000122,
            0.0
          ],
          [
            0.061951830983161926,
            0.9977592825889587,
            -0.025267010554671288,
            0.0
          ],
          [
            -0.07877679914236069,
            0.030124854296445847,
            0.9964370131492615,
            0.0
          ],
          [
            0.0,
            0.0,
            0.0,
            1.0
          ]
        ],
        "rotation_mode": "QUATERNION"
      },
      "armature_space": {
        "head": {
          "x": 0.0022900679614394903,
          "y": -0.00020619481801986694,
          "z": -0.002004943322390318
        },
        "tail": {
          "x": -0.03224364295601845,
          "y": -0.007074636407196522,
          "z": 0.4847278296947479
        }
      },
      "world_space": {
        "head": {
          "x": 0.0022900679614394903,
          "y": 0.06303780525922775,
          "z": 0.9478490948677063
        },
        "tail": {
          "x": -0.03224364295601845,
          "y": 0.05616936460137367,
          "z": 1.4345818758010864
        },
        "rotation_quaternion": {
          "w": 0.7019537091255188,
          "x": 0.7090461850166321,
          "y": 0.014949017204344273,
          "z": 0.06550625711679459
        },
        "matrix": [
          [
            0.990971028804779,
            -0.07076562196016312,
            0.11388043314218521,
            0.0022900679614394903
          ],
          [
            0.11316332221031189,
            -0.014074640348553658,
            -0.9934767484664917,
            0.06303780525922775
          ],
          [
            0.07190743088722229,
            0.99740070104599,
            -0.005940442904829979,
            0.9478490948677063
          ],
          [
            0.0,
            0.0,
            0.0,
            1.0
          ]
        ]
      },
      "bone_length_armature_space": 0.48800465777122876,
      "parent": "Root",
      "has_children": true,
      "is_end_bone": false
    },
    "neck_01": {
      "name": "neck_01",
      "local": {
        "location": {
          "x": 0.0,
          "y": 0.0,
          "z": 0.0
        },
        "rotation_quaternion": {
          "w": 0.9918485283851624,
          "x": -0.0839967355132103,
          "y": 0.08534198999404907,
          "z": -0.043563973158597946
        },
        "scale": {
          "x": 1.0,
          "y": 1.0,
          "z": 1.0
        },
        "matrix_basis": [
          [
            0.9816378355026245,
            0.0720808282494545,
            0.17661111056804657,
            0.0
          ],
          [
            -0.10075462609529495,
            0.9820934534072876,
            0.1591884046792984,
            0.0
          ],
          [
            -0.16197419166564941,
            -0.17405974864959717,
            0.9713225960731506,
            0.0
          ],
          [
            0.0,
            0.0,
            0.0,
            1.0
          ]
        ],
        "rotation_mode": "QUATERNION"
      },
      "armature_space": {
        "head": {
          "x": -0.033475566655397415,
          "y": -0.04255937039852142,
          "z": 0.5575499534606934
        },
        "tail": {
          "x": -0.030714401975274086,
          "y": -0.0647394061088562,
          "z": 0.6576058864593506
        }
      },
      "world_space": {
        "head": {
          "x": -0.033475566655397415,
          "y": 0.020684629678726196,
          "z": 1.5074039697647095
        },
        "tail": {
          "x": -0.030714401975274086,
          "y": -0.0014954060316085815,
          "z": 1.6074599027633667
        },
        "rotation_quaternion": {
          "w": 0.6171187162399292,
          "x": 0.772148847579956,
          "y": 0.10484111309051514,
          "z": 0.1093577891588211
        },
        "matrix": [
          [
            0.9540984630584717,
            0.026932591572403908,
            0.29827970266342163,
            -0.033475566655397415
          ],
          [
            0.2968793511390686,
            -0.21634553372859955,
            -0.9300847053527832,
            0.020684629678726196
          ],
          [
            0.03948243707418442,
            0.9759519696235657,
            -0.21441306173801422,
            1.5074039697647095
          ],
          [
            0.0,
            0.0,
            0.0,
            1.0
          ]
        ]
      },
      "bone_length_armature_space": 0.10252203483314572,
      "parent": "spine_01",
      "has_children": true,
      "is_end_bone": false
    },
    "head": {
      "name": "head",
      "local": {
        "location": {
          "x": 0.0,
          "y": 0.0,
          "z": 0.0
        },
        "rotation_quaternion": {
          "w": 0.9968332052230835,
          "x": 0.04486844688653946,
          "y": 0.054619189351797104,
          "z": -0.03642883151769638
        },
        "scale": {
          "x": 1.0,
          "y": 1.0,
          "z": 1.0
        },
        "matrix_basis": [
          [
            0.9913793802261353,
            0.07752829045057297,
            0.10562343150377274,
            0.0
          ],
          [
            -0.06772558391094208,
            0.9933195114135742,
            -0.09343214333057404,
            0.0
          ],
          [
            -0.11216145008802414,
            0.08547329157590866,
            0.9900071620941162,
            0.0
          ],
          [
            0.0,
            0.0,
            0.0,
            1.0
          ]
        ],
        "rotation_mode": "QUATERNION"
      },
      "armature_space": {
        "head": {
          "x": -0.030714359134435654,
          "y": -0.06473953276872635,
          "z": 0.6576057076454163
        },
        "tail": {
          "x": -0.02829064428806305,
          "y": -0.053053878247737885,
          "z": 0.8122371435165405
        }
      },
      "world_space": {
        "head": {
          "x": -0.030714359134435654,
          "y": -0.0014955326914787292,
          "z": 1.6074597835540771
        },
        "tail": {
          "x": -0.02829064428806305,
          "y": 0.010190121829509735,
          "z": 1.7620911598205566
        },
        "rotation_quaternion": {
          "w": 0.7174569368362427,
          "x": 0.66740882396698,
          "y": 0.15142355859279633,
          "z": 0.1299695521593094
        },
        "matrix": [
          [
            0.9203577041625977,
            0.015627769753336906,
            0.3907652497291565,
            -0.030714359134435654
          ],
          [
            0.3886178135871887,
            0.07534745335578918,
            -0.9183133244514465,
            -0.0014955326914787292
          ],
          [
            -0.043794285506010056,
            0.9970420598983765,
            0.06327290832996368,
            1.6074597835540771
          ],
          [
            0.0,
            0.0,
            0.0,
            1.0
          ]
        ]
      },
      "bone_length_armature_space": 0.15509129246998332,
      "parent": "neck_01",
      "has_children": false,
      "is_end_bone": true
    },
    "upperarm_l": {
      "name": "upperarm_l",
      "local": {
        "location": {
          "x": 0.0,
          "y": 0.0,
          "z": 0.0
        },
        "rotation_quaternion": {
          "w": 0.8529203534126282,
          "x": 0.2706683278083801,
          "y": 0.3565305173397064,
          "z": 0.26861074566841125
        },
        "scale": {
          "x": 1.0,
          "y": 1.0,
          "z": 1.0
        },
        "matrix_basis": [
          [
            0.6014685034751892,
            -0.2652041018009186,
            0.7535930871963501,
            0.0
          ],
          [
            0.6512101888656616,
            0.709173858165741,
            -0.27018120884895325,
            0.0
          ],
          [
            -0.46277543902397156,
            0.653252899646759,
            0.5992493033409119,
            0.0
          ],
          [
            0.0,
            0.0,
            0.0,
            1.0
          ]
        ],
        "rotation_mode": "QUATERNION"
      },
      "armature_space": {
        "head": {
          "x": 0.12028926610946655,
          "y": -0.027807272970676422,
          "z": 0.5012840032577515
        },
        "tail": {
          "x": 0.33156412839889526,
          "y": -0.17427974939346313,
          "z": 0.5768911838531494
        }
      },
      "world_space": {
        "head": {
          "x": 0.12028926610946655,
          "y": 0.0354367271065712,
          "z": 1.4511380195617676
        },
        "tail": {
          "x": 0.33156412839889526,
          "y": -0.11103574931621552,
          "z": 1.5267452001571655
        },
        "rotation_quaternion": {
          "w": 0.2596478760242462,
          "x": 0.8555877208709717,
          "y": 0.3991011381149292,
          "z": -0.20315279066562653
        },
        "matrix": [
          [
            0.5988942384719849,
            0.7884290218353271,
            -0.14037704467773438,
            0.12028926610946655
          ],
          [
            0.5774364471435547,
            -0.546601414680481,
            -0.6064605712890625,
            0.0354367271065712
          ],
          [
            -0.554884672164917,
            0.28214842081069946,
            -0.7826299071311951,
            1.4511380195617676
          ],
          [
            0.0,
            0.0,
            0.0,
            1.0
          ]
        ]
      },
      "bone_length_armature_space": 0.2679695951682017,
      "parent": "spine_01",
      "has_children": true,
      "is_end_bone": false
    },
    "lowerarm_l": {
      "name": "lowerarm_l",
      "local": {
        "location": {
          "x": 0.0,
          "y": 0.0,
          "z": 0.0
        },
        "rotation_quaternion": {
          "w": 0.9014844298362732,
          "x": 0.36464646458625793,
          "y": -0.20594966411590576,
          "z": 0.10928686708211899
        },
        "scale": {
          "x": 1.0,
          "y": 1.0,
          "z": 1.0
        },
        "matrix_basis": [
          [
            0.8912822604179382,
            -0.3472384512424469,
            -0.2916187047958374,
            0.0
          ],
          [
            0.046843186020851135,
            0.7101786732673645,
            -0.7024614214897156,
            0.0
          ],
          [
            0.4510229825973511,
            0.6124310493469238,
            0.6492353677749634,
            0.0
          ],
          [
            0.0,
            0.0,
            0.0,
            1.0
          ]
        ],
        "rotation_mode": "QUATERNION"
      },
      "armature_space": {
        "head": {
          "x": 0.33156412839889526,
          "y": -0.17427989840507507,
          "z": 0.5768911838531494
        },
        "tail": {
          "x": 0.3597070872783661,
          "y": -0.4398399889469147,
          "z": 0.5609163045883179
        }
      },
      "world_space": {
        "head": {
          "x": 0.33156412839889526,
          "y": -0.11103589832782745,
          "z": 1.5267452001571655
        },
        "tail": {
          "x": 0.3597070872783661,
          "y": -0.37659597396850586,
          "z": 1.510770320892334
        },
        "rotation_quaternion": {
          "w": 0.002392937196418643,
          "x": 0.8479290008544922,
          "y": 0.06054553762078285,
          "z": -0.5266355276107788
        },
        "matrix": [
          [
            0.4379786252975464,
            0.10519768297672272,
            -0.8928092122077942,
            0.33156412839889526
          ],
          [
            0.10015615820884705,
            -0.9926571249961853,
            -0.0678299069404602,
            -0.11103589832782745
          ],
          [
            -0.8933950662612915,
            -0.059713661670684814,
            -0.44530194997787476,
            1.5267452001571655
          ],
          [
            0.0,
            0.0,
            0.0,
            1.0
          ]
        ]
      },
      "bone_length_armature_space": 0.2675245450665342,
      "parent": "upperarm_l",
      "has_children": true,
      "is_end_bone": false
    },
    "metacarpal_thumb_l": {
      "name": "metacarpal_thumb_l",
      "local": {
        "location": {
          "x": 0.0,
          "y": 0.0,
          "z": 0.0
        },
        "rotation_quaternion": {
          "w": 0.9991370439529419,
          "x": -0.04067772254347801,
          "y": -0.00827040709555149,
          "z": 0.0015021921135485172
        },
        "scale": {
          "x": 1.0,
          "y": 1.0,
          "z": 1.0
        },
        "matrix_basis": [
          [
            0.9998586773872375,
            -0.0023289488162845373,
            -0.016648752614855766,
            0.0
          ],
          [
            0.0036746342666447163,
            0.9966861605644226,
            0.08126039057970047,
            0.0
          ],
          [
            0.016404328867793083,
            -0.08131008595228195,
            0.9965538382530212,
            0.0
          ],
          [
            0.0,
            0.0,
            0.0,
            1.0
          ]
        ],
        "rotation_mode": "QUATERNION"
      },
      "armature_space": {
        "head": {
          "x": 0.3597070872783661,
          "y": -0.4398399889469147,
          "z": 0.5609163045883179
        },
        "tail": {
          "x": 0.33989617228507996,
          "y": -0.4806278347969055,
          "z": 0.5409796237945557
        }
      },
      "world_space": {
        "head": {
          "x": 0.3597070872783661,
          "y": -0.37659597396850586,
          "z": 1.510770320892334
        },
        "tail": {
          "x": 0.33989617228507996,
          "y": -0.4173838496208191,
          "z": 1.4908336400985718
        },
        "rotation_quaternion": {
          "w": 0.16868990659713745,
          "x": -0.9385825991630554,
          "y": 0.24459227919578552,
          "z": -0.1754458099603653
        },
        "matrix": [
          [
            0.8187864422798157,
            -0.3999485969543457,
            0.41186150908470154,
            0.3597070872783661
          ],
          [
            -0.5183321833610535,
            -0.8234369158744812,
            0.2308323234319687,
            -0.37659597396850586
          ],
          [
            0.24682219326496124,
            -0.40248700976371765,
            -0.8815311789512634,
            1.510770320892334
          ],
          [
            0.0,
            0.0,
            0.0,
            1.0
          ]
        ]
      },
      "bone_length_armature_space": 0.04953374601933922,
      "parent": "lowerarm_l",
      "has_children": true,
      "is_end_bone": false
    },
    "thumb_01_l": {
      "name": "thumb_01_l",
      "local": {
        "location": {
          "x": 0.0,
          "y": 0.0,
          "z": 0.0
        },
        "rotation_quaternion": {
          "w": 0.9582047462463379,
          "x": 0.28590163588523865,
          "y": 0.0017326304223388433,
          "z": -0.010051772929728031
        },
        "scale": {
          "x": 1.0,
          "y": 1.0,
          "z": 1.0
        },
        "matrix_basis": [
          [
            0.9997919201850891,
            0.020254036411643028,
            -0.0024272073060274124,
            0.0
          ],
          [
            -0.01827258989214897,
            0.8363184332847595,
            -0.5479394197463989,
            0.0
          ],
          [
            -0.009068066254258156,
            0.5478698015213013,
            0.8365145325660706,
            0.0
          ],
          [
            0.0,
            0.0,
            0.0,
            1.0
          ]
        ],
        "rotation_mode": "QUATERNION"
      },
      "armature_space": {
        "head": {
          "x": 0.33989617228507996,
          "y": -0.4806278347969055,
          "z": 0.5409796237945557
        },
        "tail": {
          "x": 0.3530600368976593,
          "y": -0.5004737973213196,
          "z": 0.5166592001914978
        }
      },
      "world_space": {
        "head": {
          "x": 0.33989617228507996,
          "y": -0.4173838496208191,
          "z": 1.4908336400985718
        },
        "tail": {
          "x": 0.3530600368976593,
          "y": -0.43722981214523315,
          "z": 1.4665131568908691
        },
        "rotation_quaternion": {
          "w": 0.3414243757724762,
          "x": -0.3038738965988159,
          "y": 0.30316251516342163,
          "z": -0.8361714482307434
        },
        "matrix": [
          [
            -0.5821791887283325,
            0.38673341274261475,
            0.7151957154273987,
            0.33989617228507996
          ],
          [
            -0.7552255392074585,
            -0.5830439329147339,
            -0.29949039220809937,
            -0.4173838496208191
          ],
          [
            0.30116888880729675,
            -0.7144966125488281,
            0.6315110921859741,
            1.4908336400985718
          ],
          [
            0.0,
            0.0,
            0.0,
            1.0
          ]
        ]
      },
      "bone_length_armature_space": 0.034038692475322645,
      "parent": "metacarpal_thumb_l",
      "has_children": true,
      "is_end_bone": false
    },
    "thumb_02_l": {
      "name": "thumb_02_l",
      "local": {
        "location": {
          "x": 0.0,
          "y": 0.0,
          "z": 0.0
        },
        "rotation_quaternion": {
          "w": 0.8926798105239868,
          "x": 0.4506564140319824,
          "y": -0.00437420979142189,
          "z": -0.003538155695423484
        },
        "scale": {
          "x": 1.0,
          "y": 1.0,
          "z": 1.0
        },
        "matrix_basis": [
          [
            0.9999366998672485,
            0.0023743489291518927,
            -0.010998522862792015,
            0.0
          ],
          [
            -0.010259411297738552,
            0.5937925577163696,
            -0.8045527935028076,
            0.0
          ],
          [
            0.0046205525286495686,
            0.8046147227287292,
            0.5937793254852295,
            0.0
          ],
          [
            0.0,
            0.0,
            0.0,
            1.0
          ]
        ],
        "rotation_mode": "QUATERNION"
      },
      "armature_space": {
        "head": {
          "x": 0.3530600070953369,
          "y": -0.5004737973213196,
          "z": 0.5166592001914978
        },
        "tail": {
          "x": 0.35273146629333496,
          "y": -0.5173442959785461,
          "z": 0.553107500076294
        }
      },
      "world_space": {
        "head": {
          "x": 0.3530600070953369,
          "y": -0.43722981214523315,
          "z": 1.4665131568908691
        },
        "tail": {
          "x": 0.35273146629333496,
          "y": -0.4541003108024597,
          "z": 1.50296151638031
        },
        "rotation_quaternion": {
          "w": 0.08057275414466858,
          "x": 0.1335824579000473,
          "y": -0.5324379205703735,
          "z": -0.8319697976112366
        },
        "matrix": [
          [
            -0.9513278007507324,
            -0.00818026065826416,
            -0.3080727756023407,
            0.3530600070953369
          ],
          [
            -0.27631664276123047,
            -0.420035719871521,
            0.8644186854362488,
            -0.43722981214523315
          ],
          [
            -0.13647402822971344,
            0.9074769020080566,
            0.3973347544670105,
            1.4665131568908691
          ],
          [
            0.0,
            0.0,
            0.0,
            1.0
          ]
        ]
      },
      "bone_length_armature_space": 0.04016466391825421,
      "parent": "thumb_01_l",
      "has_children": true,
      "is_end_bone": false
    },
    "thumb_03_l": {
      "name": "thumb_03_l",
      "local": {
        "location": {
          "x": 0.0,
          "y": 0.0,
          "z": 0.0
        },
        "rotation_quaternion": {
          "w": 0.9910951852798462,
          "x": 0.13312551379203796,
          "y": 0.0028129618149250746,
          "z": 6.973807467147708e-05
        },
        "scale": {
          "x": 1.0,
          "y": 1.0,
          "z": 1.0
        },
        "matrix_basis": [
          [
            0.9999841451644897,
            0.0006107198423705995,
            0.005594393704086542,
            0.0
          ],
          [
            0.0008871881291270256,
            0.9645552039146423,
            -0.2638797163963318,
            0.0
          ],
          [
            -0.0055572581477463245,
            0.26388049125671387,
            0.9645393490791321,
            0.0
          ],
          [
            0.0,
            0.0,
            0.0,
            1.0
          ]
        ],
        "rotation_mode": "QUATERNION"
      },
      "armature_space": {
        "head": {
          "x": 0.3527314364910126,
          "y": -0.5173443555831909,
          "z": 0.5531074404716492
        },
        "tail": {
          "x": 0.3493707478046417,
          "y": -0.5148280262947083,
          "z": 0.5832616686820984
        }
      },
      "world_space": {
        "head": {
          "x": 0.3527314364910126,
          "y": -0.4541003704071045,
          "z": 1.5029613971710205
        },
        "tail": {
          "x": 0.3493707478046417,
          "y": -0.4515840411186218,
          "z": 1.5331156253814697
        },
        "rotation_quaternion": {
          "w": 0.21726441383361816,
          "x": 0.2704313397407532,
          "y": -0.7029380798339844,
          "z": -0.6209195256233215
        },
        "matrix": [
          [
            -0.7593257427215576,
            -0.11038556694984436,
            -0.6412798166275024,
            0.3527314364910126
          ],
          [
            -0.6500011086463928,
            0.08265186101198196,
            0.7554256319999695,
            -0.4541003704071045
          ],
          [
            -0.030385976657271385,
            0.9904534220695496,
            -0.13451072573661804,
            1.5029613971710205
          ],
          [
            0.0,
            0.0,
            0.0,
            1.0
          ]
        ]
      },
      "bone_length_armature_space": 0.0304450917671137,
      "parent": "thumb_02_l",
      "has_children": false,
      "is_end_bone": true
    },
    "metacarpal_index_l": {
      "name": "metacarpal_index_l",
      "local": {
        "location": {
          "x": 0.0,
          "y": 0.0,
          "z": 0.0
        },
        "rotation_quaternion": {
          "w": 0.9997448325157166,
          "x": -0.01664041541516781,
          "y": 0.012264890596270561,
          "z": -0.009108895435929298
        },
        "scale": {
          "x": 1.0,
          "y": 1.0,
          "z": 1.0
        },
        "matrix_basis": [
          [
            0.9995331764221191,
            0.017804956063628197,
            0.024826673790812492,
            0.0
          ],
          [
            -0.018621327355504036,
            0.9992802739143372,
            0.03304889798164368,
            0.0
          ],
          [
            -0.02422036975622177,
            -0.03349577635526657,
            0.9991453289985657,
            0.0
          ],
          [
            0.0,
            0.0,
            0.0,
            1.0
          ]
        ],
        "rotation_mode": "QUATERNION"
      },
      "armature_space": {
        "head": {
          "x": 0.3597070872783661,
          "y": -0.4398399889469147,
          "z": 0.5609163045883179
        },
        "tail": {
          "x": 0.3447529077529907,
          "y": -0.5534439086914062,
          "z": 0.5364262461662292
        }
      },
      "world_space": {
        "head": {
          "x": 0.3597070872783661,
          "y": -0.37659597396850586,
          "z": 1.510770320892334
        },
        "tail": {
          "x": 0.3447529077529907,
          "y": -0.4901999235153198,
          "z": 1.4862802028656006
        },
        "rotation_quaternion": {
          "w": 0.10982231795787811,
          "x": -0.9895799160003662,
          "y": 0.056249573826789856,
          "z": 0.07420710474252701
        },
        "matrix": [
          [
            0.9826586246490479,
            -0.1276262104511261,
            -0.13451267778873444,
            0.3597070872783661
          ],
          [
            -0.09502770006656647,
            -0.9695504307746887,
            0.22570376098155975,
            -0.37659597396850586
          ],
          [
            -0.15922366082668304,
            -0.20900973677635193,
            -0.9648715257644653,
            1.510770320892334
          ],
          [
            0.0,
            0.0,
            0.0,
            1.0
          ]
        ]
      },
      "bone_length_armature_space": 0.1171718457813051,
      "parent": "lowerarm_l",
      "has_children": true,
      "is_end_bone": false
    },
    "index_01_l": {
      "name": "index_01_l",
      "local": {
        "location": {
          "x": 0.0,
          "y": 0.0,
          "z": 0.0
        },
        "rotation_quaternion": {
          "w": 0.9482952356338501,
          "x": 0.3171719014644623,
          "y": 0.005245815496891737,
          "z": -0.010518928989768028
        },
        "scale": {
          "x": 1.0,
          "y": 1.0,
          "z": 1.0
        },
        "matrix_basis": [
          [
            0.9997236728668213,
            0.023277750238776207,
            0.0032765462528914213,
            0.0
          ],
          [
            -0.016622450202703476,
            0.7985826730728149,
            -0.6016555428504944,
            0.0
          ],
          [
            -0.016621781513094902,
            0.6014348268508911,
            0.7987489104270935,
            0.0
          ],
          [
            0.0,
            0.0,
            0.0,
            1.0
          ]
        ],
        "rotation_mode": "QUATERNION"
      },
      "armature_space": {
        "head": {
          "x": 0.3447529077529907,
          "y": -0.5534439086914062,
          "z": 0.5364262461662292
        },
        "tail": {
          "x": 0.3491955101490021,
          "y": -0.5734993815422058,
          "z": 0.516649603843689
        }
      },
      "world_space": {
        "head": {
          "x": 0.3447529077529907,
          "y": -0.4901999235153198,
          "z": 1.4862802028656006
        },
        "tail": {
          "x": 0.3491955101490021,
          "y": -0.5102553963661194,
          "z": 1.466503620147705
        },
        "rotation_quaternion": {
          "w": 0.36813685297966003,
          "x": -0.9201116561889648,
          "y": -0.11314692348241806,
          "z": 0.07118752598762512
        },
        "matrix": [
          [
            0.9642601013183594,
            0.1558021456003189,
            -0.21430838108062744,
            0.3447529077529907
          ],
          [
            0.26062965393066406,
            -0.7033465504646301,
            0.6613442897796631,
            -0.4901999235153198
          ],
          [
            -0.047694191336631775,
            -0.6935685276985168,
            -0.7188199162483215,
            1.4862802028656006
          ],
          [
            0.0,
            0.0,
            0.0,
            1.0
          ]
        ]
      },
      "bone_length_armature_space": 0.02851445730426032,
      "parent": "metacarpal_index_l",
      "has_children": true,
      "is_end_bone": false
    },
    "index_02_l": {
      "name": "index_02_l",
      "local": {
        "location": {
          "x": 0.0,
          "y": 0.0,
          "z": 0.0
        },
        "rotation_quaternion": {
          "w": 0.9003502130508423,
          "x": 0.4351230263710022,
          "y": -0.005570498760789633,
          "z": 0.002574844751507044
        },
        "scale": {
          "x": 1.0,
          "y": 1.0,
          "z": 1.0
        },
        "matrix_basis": [
          [
            0.9999246597290039,
            -0.009484228678047657,
            -0.007790050935000181,
            0.0
          ],
          [
            -0.00021118052245583385,
            0.6213226318359375,
            -0.7835549116134644,
            0.0
          ],
          [
            0.012271547690033913,
            0.7834975123405457,
            0.6212738156318665,
            0.0
          ],
          [
            0.0,
            0.0,
            0.0,
            1.0
          ]
        ],
        "rotation_mode": "QUATERNION"
      },
      "armature_space": {
        "head": {
          "x": 0.349195271730423,
          "y": -0.5734995007514954,
          "z": 0.516649067401886
        },
        "tail": {
          "x": 0.3466041684150696,
          "y": -0.5726123452186584,
          "z": 0.49114224314689636
        }
      },
      "world_space": {
        "head": {
          "x": 0.349195271730423,
          "y": -0.5102555155754089,
          "z": 1.4665031433105469
        },
        "tail": {
          "x": 0.3466041684150696,
          "y": -0.509368360042572,
          "z": 1.4409962892532349
        },
        "rotation_quaternion": {
          "w": 0.7141923904418945,
          "x": -0.6780770421028137,
          "y": -0.08497753739356995,
          "z": 0.1513925939798355
        },
        "matrix": [
          [
            0.9397180080413818,
            -0.1010042279958725,
            -0.326692670583725,
            0.349195271730423
          ],
          [
            0.3314901292324066,
            0.03458324074745178,
            0.9428249597549438,
            -0.5102555155754089
          ],
          [
            -0.08393137902021408,
            -0.9942917823791504,
            0.06598180532455444,
            1.4665031433105469
          ],
          [
            0.0,
            0.0,
            0.0,
            1.0
          ]
        ]
      },
      "bone_length_armature_space": 0.025653439275158778,
      "parent": "index_01_l",
      "has_children": true,
      "is_end_bone": false
    },
    "index_03_l": {
      "name": "index_03_l",
      "local": {
        "location": {
          "x": 0.0,
          "y": 0.0,
          "z": 0.0
        },
        "rotation_quaternion": {
          "w": 0.9293416738510132,
          "x": 0.36921533942222595,
          "y": 0.002042698208242655,
          "z": 1.1604977771639824e-05
        },
        "scale": {
          "x": 1.0,
          "y": 1.0,
          "z": 1.0
        },
        "matrix_basis": [
          [
            0.9999916553497314,
            0.001486821100115776,
            0.0038052985910326242,
            0.0
          ],
          [
            0.0015299610095098615,
            0.7273600697517395,
            -0.6862543821334839,
            0.0
          ],
          [
            -0.0037881596945226192,
            0.6862544417381287,
            0.727351725101471,
            0.0
          ],
          [
            0.0,
            0.0,
            0.0,
            1.0
          ]
        ],
        "rotation_mode": "QUATERNION"
      },
      "armature_space": {
        "head": {
          "x": 0.34660422801971436,
          "y": -0.572612464427948,
          "z": 0.49114224314689636
        },
        "tail": {
          "x": 0.3406660258769989,
          "y": -0.5503101944923401,
          "z": 0.4732235074043274
        }
      },
      "world_space": {
        "head": {
          "x": 0.34660422801971436,
          "y": -0.5093684792518616,
          "z": 1.4409962892532349
        },
        "tail": {
          "x": 0.3406660258769989,
          "y": -0.48706620931625366,
          "z": 1.4230775833129883
        },
        "rotation_quaternion": {
          "w": 0.9381871223449707,
          "x": -0.3219064772129059,
          "y": -0.038071051239967346,
          "z": 0.12137457728385925
        },
        "matrix": [
          [
            0.9676374793052673,
            -0.2032335102558136,
            -0.14957842230796814,
            0.34660422801971436
          ],
          [
            0.2522552013397217,
            0.7632887363433838,
            0.5947757959365845,
            -0.5093684792518616
          ],
          [
            -0.006706580054014921,
            -0.6132627725601196,
            0.7898596525192261,
            1.4409962892532349
          ],
          [
            0.0,
            0.0,
            0.0,
            1.0
          ]
        ]
      },
      "bone_length_armature_space": 0.029218737143163732,
      "parent": "index_02_l",
      "has_children": false,
      "is_end_bone": true
    },
    "metacarpal_pinky_l": {
      "name": "metacarpal_pinky_l",
      "local": {
        "location": {
          "x": 0.0,
          "y": 0.0,
          "z": 0.0
        },
        "rotation_quaternion": {
          "w": 0.9987931847572327,
          "x": -0.04762221872806549,
          "y": 0.0022425218485295773,
          "z": 0.011808596551418304
        },
        "scale": {
          "x": 1.0,
          "y": 1.0,
          "z": 1.0
        },
        "matrix_basis": [
          [
            0.9997110366821289,
            -0.02380227856338024,
            0.0033549279905855656,
            0.0
          ],
          [
            0.023375103250145912,
            0.995185375213623,
            0.09518245607614517,
            0.0
          ],
          [
            -0.0056043341755867004,
            -0.0950765311717987,
            0.9954541921615601,
            0.0
          ],
          [
            0.0,
            0.0,
            0.0,
            1.0
          ]
        ],
        "rotation_mode": "QUATERNION"
      },
      "armature_space": {
        "head": {
          "x": 0.3597070872783661,
          "y": -0.4398399889469147,
          "z": 0.5609163045883179
        },
        "tail": {
          "x": 0.4064314067363739,
          "y": -0.5328794717788696,
          "z": 0.5628433227539062
        }
      },
      "world_space": {
        "head": {
          "x": 0.3597070872783661,
          "y": -0.37659597396850586,
          "z": 1.510770320892334
        },
        "tail": {
          "x": 0.4064314067363739,
          "y": -0.4696354866027832,
          "z": 1.5126973390579224
        },
        "rotation_quaternion": {
          "w": 0.21854332089424133,
          "x": 0.35026097297668457,
          "y": 0.07413053512573242,
          "z": -0.9077779054641724
        },
        "matrix": [
          [
            -0.6591120958328247,
            0.4487082362174988,
            -0.603516697883606,
            0.3597070872783661
          ],
          [
            -0.3448482155799866,
            -0.8934867978096008,
            -0.2876829504966736,
            -0.37659597396850586
          ],
          [
            -0.6683247089385986,
            0.018505610525608063,
            0.7436490058898926,
            1.510770320892334
          ],
          [
            0.0,
            0.0,
            0.0,
            1.0
          ]
        ]
      },
      "bone_length_armature_space": 0.10413078722706504,
      "parent": "lowerarm_l",
      "has_children": true,
      "is_end_bone": false
    },
    "pinky_01_l": {
      "name": "pinky_01_l",
      "local": {
        "location": {
          "x": 0.0,
          "y": 0.0,
          "z": 0.0
        },
        "rotation_quaternion": {
          "w": 0.9482904672622681,
          "x": 0.3165791630744934,
          "y": -0.022032683715224266,
          "z": -0.006108471192419529
        },
        "scale": {
          "x": 1.0,
          "y": 1.0,
          "z": 1.0
        },
        "matrix_basis": [
          [
            0.9989544749259949,
            -0.0023649672511965036,
            -0.04565439745783806,
            0.0
          ],
          [
            -0.02553538791835308,
            0.7994806170463562,
            -0.6001488566398621,
            0.0
          ],
          [
            0.03791913762688637,
            0.6006872057914734,
            0.7985844016075134,
            0.0
          ],
          [
            0.0,
            0.0,
            0.0,
            1.0
          ]
        ],
        "rotation_mode": "QUATERNION"
      },
      "armature_space": {
        "head": {
          "x": 0.4064314067363739,
          "y": -0.5328794717788696,
          "z": 0.5628433227539062
        },
