{
  "metadata": {
    "armature_name": "KIM_caucasian_male",
    "export_time": "2026-01-13T21:12:35.917093",
    "blender_version": "4.4.1",
    "bone_count": 56,
    "end_bone_count": 13,
    "spaces_included": [
      "LOCAL_CHANNELS",
      "ARMATURE_SPACE",
      "WORLD_SPACE"
    ],
    "note": "LOCAL matches Transform panel; replay pose via local.matrix_basis for best fidelity."
  },
  "bones": {
    "Root": {
      "name": "Root",
      "local": {
        "location": {
          "x": 0.0,
          "y": 0.0,
          "z": 0.0
        },
        "rotation_quaternion": {
          "w": 0.999730110168457,
          "x": -0.007782624568790197,
          "y": 0.00476411497220397,
          "z": -0.021365532651543617
        },
        "scale": {
          "x": 1.0,
          "y": 1.0,
          "z": 1.0
        },
        "matrix_basis": [
          [
            0.9990416169166565,
            0.042645376175642014,
            0.009858218021690845,
            0.0
          ],
          [
            -0.04279368743300438,
            0.9989659190177917,
            0.01535747293382883,
            0.0
          ],
          [
            -0.009193098172545433,
            -0.015764623880386353,
            0.9998334646224976,
            0.0
          ],
          [
            0.0,
            0.0,
            0.0,
            1.0
          ]
        ],
        "rotation_mode": "QUATERNION"
      },
      "armature_space": {
        "head": {
          "x": 0.0,
          "y": 0.07072800397872925,
          "z": -0.009595036506652832
        },
        "tail": {
          "x": 0.0030438508838415146,
          "y": 0.00022440403699874878,
          "z": 0.0011050859466195107
        }
      },
      "world_space": {
        "head": {
          "x": 0.0,
          "y": 0.13397200405597687,
          "z": 0.9402589797973633
        },
        "tail": {
          "x": 0.0030438508838415146,
          "y": 0.06346840411424637,
          "z": 0.9509590864181519
        },
        "rotation_quaternion": {
          "w": 0.0751144289970398,
          "x": 0.9969346523284912,
          "y": 0.021637940779328346,
          "z": 0.003313940018415451
        },
        "matrix": [
          [
            0.9990416169166565,
            0.042645376175642014,
            0.009858218021690845,
            0.0
          ],
          [
            0.04364107921719551,
            -0.9877792000770569,
            -0.14962539076805115,
            0.13397200405597687
          ],
          [
            0.0033569764345884323,
            0.14991232752799988,
            -0.9887006282806396,
            0.9402589797973633
          ],
          [
            0.0,
            0.0,
            0.0,
            1.0
          ]
        ]
      },
      "bone_length_armature_space": 0.07137587411226368,
      "parent": null,
      "has_children": true,
      "is_end_bone": false
    },
    "spine_01": {
      "name": "spine_01",
      "local": {
        "location": {
          "x": 0.0,
          "y": 0.0,
          "z": 0.0
        },
        "rotation_quaternion": {
          "w": 0.9949781894683838,
          "x": 0.07023485749959946,
          "y": -0.033889368176460266,
          "z": -0.06274684518575668
        },
        "scale": {
          "x": 1.0,
          "y": 1.0,
          "z": 1.0
        },
        "matrix_basis": [
          [
            0.9898287057876587,
            0.12010305374860764,
            -0.07625239342451096,
            0.0
          ],
          [
            -0.1296239197254181,
            0.9822598099708557,
            -0.1355113983154297,
            0.0
          ],
          [
            0.05862433463335037,
            0.14401720464229584,
            0.9878371357917786,
            0.0
          ],
          [
            0.0,
            0.0,
            0.0,
            1.0
          ]
        ],
        "rotation_mode": "QUATERNION"
      },
      "armature_space": {
        "head": {
          "x": 0.0030438508838415146,
          "y": 0.00022440403699874878,
          "z": 0.0011050859466195107
        },
        "tail": {
          "x": 0.06173567473888397,
          "y": -0.037503454834222794,
          "z": 0.48409613966941833
        }
      },
      "world_space": {
        "head": {
          "x": 0.0030438508838415146,
          "y": 0.06346840411424637,
          "z": 0.9509590864181519
        },
        "tail": {
          "x": 0.06173567473888397,
          "y": 0.025740545243024826,
          "z": 1.4339501857757568
        },
        "rotation_quaternion": {
          "w": 0.6784157156944275,
          "x": 0.7320218682289124,
          "y": 0.033111996948719025,
          "z": -0.05291176959872246
        },
        "matrix": [
          [
            0.9922078847885132,
            0.12026982754468918,
            -0.03253691643476486,
            0.0030438508838415146
          ],
          [
            -0.023314163088798523,
            -0.07731099426746368,
            -0.9967344403266907,
            0.06346840411424637
          ],
          [
            -0.12239342927932739,
            0.9897332191467285,
            -0.07390601187944412,
            0.9509590864181519
          ],
          [
            0.0,
            0.0,
            0.0,
            1.0
          ]
        ]
      },
      "bone_length_armature_space": 0.48800457697606225,
      "parent": "Root",
      "has_children": true,
      "is_end_bone": false
    },
    "neck_01": {
      "name": "neck_01",
      "local": {
        "location": {
          "x": 0.0,
          "y": 0.0,
          "z": 0.0
        },
        "rotation_quaternion": {
          "w": 0.9894776940345764,
          "x": -0.0644584596157074,
          "y": 0.04999671131372452,
          "z": -0.11949606984853745
        },
        "scale": {
          "x": 1.0,
          "y": 1.0,
          "z": 1.0
        },
        "matrix_basis": [
          [
            0.9664420485496521,
            0.23003196716308594,
            0.11434632539749146,
            0.0
          ],
          [
            -0.2429228127002716,
            0.9631316065788269,
            0.11561159789562225,
            0.0
          ],
          [
            -0.08353619277477264,
            -0.13950923085212708,
            0.986690878868103,
            0.0
          ],
          [
            0.0,
            0.0,
            0.0,
            1.0
          ]
        ],
        "rotation_mode": "QUATERNION"
      },
      "armature_space": {
        "head": {
          "x": 0.06941325217485428,
          "y": -0.07773123681545258,
          "z": 0.5539997816085815
        },
        "tail": {
          "x": 0.1036829948425293,
          "y": -0.11000226438045502,
          "z": 0.6450761556625366
        }
      },
      "world_space": {
        "head": {
          "x": 0.06941325217485428,
          "y": -0.014487236738204956,
          "z": 1.5038537979125977
        },
        "tail": {
          "x": 0.1036829948425293,
          "y": -0.0467582643032074,
          "z": 1.5949301719665527
        },
        "rotation_quaternion": {
          "w": 0.5649645924568176,
          "x": 0.8071137070655823,
          "y": 0.1530619114637375,
          "z": -0.07716616243124008
        },
        "matrix": [
          [
            0.9412347674369812,
            0.33426931500434875,
            0.04838697612285614,
            0.06941325217485428
          ],
          [
            0.15988600254058838,
            -0.3147737979888916,
            -0.9356037378311157,
            -0.014487236738204956
          ],
          [
            -0.29751455783843994,
            0.888364851474762,
            -0.34972429275512695,
            1.5038537979125977
          ],
          [
            0.0,
            0.0,
            0.0,
            1.0
          ]
        ]
      },
      "bone_length_armature_space": 0.10252190003499133,
      "parent": "spine_01",
      "has_children": true,
      "is_end_bone": false
    },
    "head": {
      "name": "head",
      "local": {
        "location": {
          "x": 0.0,
          "y": 0.0,
          "z": 0.0
        },
        "rotation_quaternion": {
          "w": 0.990039587020874,
          "x": -0.049425337463617325,
          "y": 0.03339933604001999,
          "z": 0.12752807140350342
        },
        "scale": {
          "x": 1.0,
          "y": 1.0,
          "z": 1.0
        },
        "matrix_basis": [
          [
            0.9652421474456787,
            -0.2558172345161438,
            0.053527094423770905,
            0.0
          ],
          [
            0.24921412765979767,
            0.9625874757766724,
            0.10638478398323059,
            0.0
          ],
          [
            -0.07873956859111786,
            -0.08934737741947174,
            0.9928832650184631,
            0.0
          ],
          [
            0.0,
            0.0,
            0.0,
            1.0
          ]
        ],
        "rotation_mode": "QUATERNION"
      },
      "armature_space": {
        "head": {
          "x": 0.1036829724907875,
          "y": -0.11000239849090576,
          "z": 0.6450760364532471
        },
        "tail": {
          "x": 0.10788008570671082,
          "y": -0.09589443355798721,
          "z": 0.7994673252105713
        }
      },
      "world_space": {
        "head": {
          "x": 0.1036829724907875,
          "y": -0.04675839841365814,
          "z": 1.5949300527572632
        },
        "tail": {
          "x": 0.10788008570671082,
          "y": -0.032650433480739594,
          "z": 1.7493213415145874
        },
        "rotation_quaternion": {
          "w": 0.731804370880127,
          "x": 0.6702318787574768,
          "y": 0.09972566366195679,
          "z": 0.07284478843212128
        },
        "matrix": [
          [
            0.96949702501297,
            0.02706238254904747,
            0.24360501766204834,
            0.1036829724907875
          ],
          [
            0.24029475450515747,
            0.09096618741750717,
            -0.9664285182952881,
            -0.04675839841365814
          ],
          [
            -0.048313770443201065,
            0.995493471622467,
            0.08168812841176987,
            1.5949300527572632
          ],
          [
            0.0,
            0.0,
            0.0,
            1.0
          ]
        ]
      },
      "bone_length_armature_space": 0.15509133077528442,
      "parent": "neck_01",
      "has_children": false,
      "is_end_bone": true
    },
    "upperarm_l": {
      "name": "upperarm_l",
      "local": {
        "location": {
          "x": 0.0,
          "y": 0.0,
          "z": 0.0
        },
        "rotation_quaternion": {
          "w": 0.884682834148407,
          "x": 0.2212161272764206,
          "y": 0.3628067970275879,
          "z": 0.19175784289836884
        },
        "scale": {
          "x": 1.0,
          "y": 1.0,
          "z": 1.0
        },
        "matrix_basis": [
          [
            0.663200318813324,
            -0.17877231538295746,
            0.7267777323722839,
            0.0
          ],
          [
            0.4998071789741516,
            0.8285847306251526,
            -0.2522701323032379,
            0.0
          ],
          [
            -0.5570980310440063,
            0.5305542945861816,
            0.6388692855834961,
            0.0
          ],
          [
            0.0,
            0.0,
            0.0,
            1.0
          ]
        ],
        "rotation_mode": "QUATERNION"
      },
      "armature_space": {
        "head": {
          "x": 0.21005761623382568,
          "y": -0.07921117544174194,
          "z": 0.4688873291015625
        },
        "tail": {
          "x": 0.43704718351364136,
          "y": -0.22162587940692902,
          "z": 0.47007468342781067
        }
      },
      "world_space": {
        "head": {
          "x": 0.21005761623382568,
          "y": -0.015967175364494324,
          "z": 1.4187413454055786
        },
        "tail": {
          "x": 0.43704718351364136,
          "y": -0.1583818793296814,
          "z": 1.4199286699295044
        },
        "rotation_quaternion": {
          "w": 0.17433971166610718,
          "x": 0.8179606199264526,
          "y": 0.4515257477760315,
          "z": -0.3109189569950104
        },
        "matrix": [
          [
            0.3989070951938629,
            0.8470726013183594,
            -0.3511996567249298,
            0.21005761623382568
          ],
          [
            0.6302496790885925,
            -0.5314587950706482,
            -0.5659834146499634,
            -0.015967175364494324
          ],
          [
            -0.6660812497138977,
            0.004430890083312988,
            -0.7458755373954773,
            1.4187413454055786
          ],
          [
            0.0,
            0.0,
            0.0,
            1.0
          ]
        ]
      },
      "bone_length_armature_space": 0.26796944011374657,
      "parent": "spine_01",
      "has_children": true,
      "is_end_bone": false
    },
    "lowerarm_l": {
      "name": "lowerarm_l",
      "local": {
        "location": {
          "x": 0.0,
          "y": 0.0,
          "z": 0.0
        },
        "rotation_quaternion": {
          "w": 0.9094659090042114,
          "x": 0.2982731759548187,
          "y": -0.18212604522705078,
          "z": 0.2252447009086609
        },
        "scale": {
          "x": 1.0,
          "y": 1.0,
          "z": 1.0
        },
        "matrix_basis": [
          [
            0.8321898579597473,
            -0.5183513760566711,
            -0.1969059556722641,
            0.0
          ],
          [
            0.3010581135749817,
            0.7205958962440491,
            -0.624584436416626,
            0.0
          ],
          [
            0.4656437635421753,
            0.46049273014068604,
            0.7557264566421509,
            0.0
          ],
          [
            0.0,
            0.0,
            0.0,
            1.0
          ]
        ],
        "rotation_mode": "QUATERNION"
      },
      "armature_space": {
        "head": {
          "x": 0.43704718351364136,
          "y": -0.22162604331970215,
          "z": 0.47007471323013306
        },
        "tail": {
          "x": 0.46935051679611206,
          "y": -0.4864167869091034,
          "z": 0.4903658926486969
        }
      },
      "world_space": {
        "head": {
          "x": 0.43704718351364136,
          "y": -0.15838204324245453,
          "z": 1.419928789138794
        },
        "tail": {
          "x": 0.46935051679611206,
          "y": -0.4231727719306946,
          "z": 1.4402198791503906
        },
        "rotation_quaternion": {
          "w": 0.06619936972856522,
          "x": 0.8099730014801025,
          "y": 0.02696411870419979,
          "z": -0.5820947885513306
        },
        "matrix": [
          [
            0.3208770751953125,
            0.12074907124042511,
            -0.9393921494483948,
            0.43704718351364136
          ],
          [
            -0.03338843584060669,
            -0.9897813200950623,
            -0.13863101601600647,
            -0.15838204324245453
          ],
          [
            -0.9465389251708984,
            0.07584792375564575,
            -0.3135688304901123,
            1.419928789138794
          ],
          [
            0.0,
            0.0,
            0.0,
            1.0
          ]
        ]
      },
      "bone_length_armature_space": 0.26752452798660037,
      "parent": "upperarm_l",
      "has_children": true,
      "is_end_bone": false
    },
    "metacarpal_thumb_l": {
      "name": "metacarpal_thumb_l",
      "local": {
        "location": {
          "x": 0.0,
          "y": 0.0,
          "z": 0.0
        },
        "rotation_quaternion": {
          "w": 0.9999220967292786,
          "x": 0.0033133463002741337,
          "y": 0.009051483124494553,
          "z": -0.007940076291561127
        },
        "scale": {
          "x": 1.0,
          "y": 1.0,
          "z": 1.0
        },
        "matrix_basis": [
          [
            0.9997100234031677,
            0.0159388966858387,
            0.01804894022643566,
            0.0
          ],
          [
            -0.01581893488764763,
            0.9998519420623779,
            -0.006769915111362934,
            0.0
          ],
          [
            -0.018154172226786613,
            0.006482437252998352,
            0.9998142123222351,
            0.0
          ],
          [
            0.0,
            0.0,
            0.0,
            1.0
          ]
        ],
        "rotation_mode": "QUATERNION"
      },
      "armature_space": {
        "head": {
          "x": 0.46935051679611206,
          "y": -0.4864167869091034,
          "z": 0.4903658926486969
        },
        "tail": {
          "x": 0.45038869976997375,
          "y": -0.5297049880027771,
          "z": 0.47552773356437683
        }
      },
      "world_space": {
        "head": {
          "x": 0.46935051679611206,
          "y": -0.4231727719306946,
          "z": 1.4402198791503906
        },
        "tail": {
          "x": 0.45038869976997375,
          "y": -0.4664610028266907,
          "z": 1.4253817796707153
        },
        "rotation_quaternion": {
          "w": 0.11983561515808105,
          "x": -0.9545884728431702,
          "y": 0.22064076364040375,
          "z": -0.16036881506443024
        },
        "matrix": [
          [
            0.8511987924575806,
            -0.3828067183494568,
            0.3590538203716278,
            0.46935051679611206
          ],
          [
            -0.4596780836582184,
            -0.873914361000061,
            0.1580185890197754,
            -0.4231727719306946
          ],
          [
            0.25329309701919556,
            -0.29955729842185974,
            -0.9198490381240845,
            1.4402198791503906
          ],
          [
            0.0,
            0.0,
            0.0,
            1.0
          ]
        ]
      },
      "bone_length_armature_space": 0.04953372457355474,
      "parent": "lowerarm_l",
      "has_children": true,
      "is_end_bone": false
    },
    "thumb_01_l": {
      "name": "thumb_01_l",
      "local": {
        "location": {
          "x": 0.0,
          "y": 0.0,
          "z": 0.0
        },
        "rotation_quaternion": {
          "w": 0.9993422627449036,
          "x": -0.03216082975268364,
          "y": 0.014862571842968464,
          "z": 0.007737249135971069
        },
        "scale": {
          "x": 1.0,
          "y": 1.0,
          "z": 1.0
        },
        "matrix_basis": [
          [
            0.999438464641571,
            -0.016420304775238037,
            0.029207918792963028,
            0.0
          ],
          [
            0.014508334919810295,
            0.9978116154670715,
            0.06450934708118439,
            0.0
          ],
          [
            -0.030203264206647873,
            -0.0640493631362915,
            0.9974895715713501,
            0.0
          ],
          [
            0.0,
            0.0,
            0.0,
            1.0
          ]
        ],
        "rotation_mode": "QUATERNION"
      },
      "armature_space": {
        "head": {
          "x": 0.45038869976997375,
          "y": -0.5297049880027771,
          "z": 0.47552773356437683
        },
        "tail": {
          "x": 0.4458008110523224,
          "y": -0.5418840050697327,
          "z": 0.44407519698143005
        }
      },
      "world_space": {
        "head": {
          "x": 0.45038869976997375,
          "y": -0.4664610028266907,
          "z": 1.4253817796707153
        },
        "tail": {
          "x": 0.4458008110523224,
          "y": -0.47864001989364624,
          "z": 1.3939292430877686
        },
        "rotation_quaternion": {
          "w": 0.2153557687997818,
          "x": -0.4198678731918335,
          "y": 0.5241396427154541,
          "z": -0.7089502811431885
        },
        "matrix": [
          [
            -0.5546668171882629,
            -0.13478460907936096,
            0.8210833072662354,
            0.45038869976997375
          ],
          [
            -0.7454909086227417,
            -0.35780027508735657,
            -0.5623366236686707,
            -0.4664610028266907
          ],
          [
            0.3695800304412842,
            -0.9240265488624573,
            0.09797942638397217,
            1.4253817796707153
          ],
          [
            0.0,
            0.0,
            0.0,
            1.0
          ]
        ]
      },
      "bone_length_armature_space": 0.03403878957361849,
      "parent": "metacarpal_thumb_l",
      "has_children": true,
      "is_end_bone": false
    },
    "thumb_02_l": {
      "name": "thumb_02_l",
      "local": {
        "location": {
          "x": 0.0,
          "y": 0.0,
          "z": 0.0
        },
        "rotation_quaternion": {
          "w": 0.997464656829834,
          "x": 0.07101808488368988,
          "y": 0.00032729038503021,
          "z": 0.004549134057015181
        },
        "scale": {
          "x": 1.0,
          "y": 1.0,
          "z": 1.0
        },
        "matrix_basis": [
          [
            0.9999583959579468,
            -0.009028714150190353,
            0.0012990627437829971,
            0.0
          ],
          [
            0.009121688082814217,
            0.9898715019226074,
            -0.14167308807373047,
            0.0
          ],
          [
            -6.77960588291171e-06,
            0.14167903363704681,
            0.9899126291275024,
            0.0
          ],
          [
            0.0,
            0.0,
            0.0,
            1.0
          ]
        ],
        "rotation_mode": "QUATERNION"
      },
      "armature_space": {
        "head": {
          "x": 0.4458008110523224,
          "y": -0.5418839454650879,
          "z": 0.44407516717910767
        },
        "tail": {
          "x": 0.45103368163108826,
          "y": -0.5816904902458191,
          "z": 0.44296354055404663
        }
      },
      "world_space": {
        "head": {
          "x": 0.4458008110523224,
          "y": -0.47863996028900146,
          "z": 1.3939292430877686
        },
        "tail": {
          "x": 0.45103368163108826,
          "y": -0.5184465050697327,
          "z": 1.392817497253418
        },
        "rotation_quaternion": {
          "w": 0.06662692129611969,
          "x": -0.14883771538734436,
          "y": 0.003974967170506716,
          "z": -0.9866065382957458
        },
        "matrix": [
          [
            -0.9468163251876831,
            0.13028600811958313,
            0.2942182123661041,
            0.4458008110523224
          ],
          [
            -0.13265225291252136,
            -0.9910902380943298,
            0.011990338563919067,
            -0.47863996028900146
          ],
          [
            0.29316088557243347,
            -0.027677178382873535,
            0.9556699395179749,
            1.3939292430877686
          ],
          [
            0.0,
            0.0,
            0.0,
            1.0
          ]
        ]
      },
      "bone_length_armature_space": 0.040164407216265484,
      "parent": "thumb_01_l",
      "has_children": true,
      "is_end_bone": false
    },
    "thumb_03_l": {
      "name": "thumb_03_l",
      "local": {
        "location": {
          "x": 0.0,
          "y": 0.0,
          "z": 0.0
        },
        "rotation_quaternion": {
          "w": 0.998740553855896,
          "x": 0.04984310269355774,
          "y": 0.002340154955163598,
          "z": 0.005254546646028757
        },
        "scale": {
          "x": 1.0,
          "y": 1.0,
          "z": 1.0
        },
        "matrix_basis": [
          [
            0.9999338388442993,
            -0.01026257686316967,
            0.005198221188038588,
            0.0
          ],
          [
            0.010729138739407063,
            0.9949761033058167,
            -0.09953606128692627,
            0.0
          ],
          [
            -0.004150609485805035,
            0.09958525002002716,
            0.9950203895568848,
            0.0
          ],
          [
            0.0,
            0.0,
            0.0,
            1.0
          ]
        ],
        "rotation_mode": "QUATERNION"
      },
      "armature_space": {
        "head": {
          "x": 0.4510335922241211,
          "y": -0.5816904306411743,
          "z": 0.44296348094940186
        },
        "tail": {
          "x": 0.4617220163345337,
          "y": -0.6088686585426331,
          "z": 0.4515654742717743
        }
      },
      "world_space": {
        "head": {
          "x": 0.4510335922241211,
          "y": -0.5184464454650879,
          "z": 1.392817497253418
        },
        "tail": {
          "x": 0.4617220163345337,
          "y": -0.5456246733665466,
          "z": 1.4014195203781128
        },
        "rotation_quaternion": {
          "w": 0.18885774910449982,
          "x": 0.05855334922671318,
          "y": -0.1340959519147873,
          "z": -0.9710419774055481
        },
        "matrix": [
          [
            -0.9218084216117859,
            0.3510741591453552,
            -0.16436582803726196,
            0.4510335922241211
          ],
          [
            -0.38248124718666077,
            -0.8927021026611328,
            0.23830938339233398,
            -0.5184464454650879
          ],
          [
            -0.06306631863117218,
            0.2825435996055603,
            0.9571865797042847,
            1.392817497253418
          ],
          [
            0.0,
            0.0,
            0.0,
            1.0
          ]
        ]
      },
      "bone_length_armature_space": 0.03044491402058845,
      "parent": "thumb_02_l",
      "has_children": false,
      "is_end_bone": true
    },
    "metacarpal_index_l": {
      "name": "metacarpal_index_l",
      "local": {
        "location": {
          "x": 0.0,
          "y": 0.0,
          "z": 0.0
        },
        "rotation_quaternion": {
          "w": 0.9993793964385986,
          "x": -0.028277501463890076,
          "y": 0.0175405852496624,
          "z": -0.011563686653971672
        },
        "scale": {
          "x": 1.0,
          "y": 1.0,
          "z": 1.0
        },
        "matrix_basis": [
          [
            0.9991171956062317,
            0.022121012210845947,
            0.03571338206529617,
            0.0
          ],
          [
            -0.024105027318000793,
            0.9981333017349243,
            0.05611423775553703,
            0.0
          ],
          [
            -0.0344054140150547,
            -0.05692557245492935,
            0.9977854490280151,
            0.0
          ],
          [
            0.0,
            0.0,
            0.0,
            1.0
          ]
        ],
        "rotation_mode": "QUATERNION"
      },
      "armature_space": {
        "head": {
          "x": 0.46935051679611206,
          "y": -0.4864167869091034,
          "z": 0.4903658926486969
        },
        "tail": {
          "x": 0.45545902848243713,
          "y": -0.6027299761772156,
          "z": 0.4876301884651184
        }
      },
      "world_space": {
        "head": {
          "x": 0.46935051679611206,
          "y": -0.4231727719306946,
          "z": 1.4402198791503906
        },
        "tail": {
          "x": 0.45545902848243713,
          "y": -0.5394859910011292,
          "z": 1.4374842643737793
        },
        "rotation_quaternion": {
          "w": 0.019231339916586876,
          "x": -0.9898866415023804,
          "y": 0.057391323149204254,
          "z": 0.1282999962568283
        },
        "matrix": [
          [
            0.9604907035827637,
            -0.11855661123991013,
            -0.2517974078655243,
            0.46935051679611206
          ],
          [
            -0.10868707299232483,
            -0.9926729202270508,
            0.052799906581640244,
            -0.4231727719306946
          ],
          [
            -0.2562141716480255,
            -0.02334783226251602,
            -0.966345489025116,
            1.4402198791503906
          ],
          [
            0.0,
            0.0,
            0.0,
            1.0
          ]
        ]
      },
      "bone_length_armature_space": 0.11717173399984974,
      "parent": "lowerarm_l",
      "has_children": true,
      "is_end_bone": false
    },
    "index_01_l": {
      "name": "index_01_l",
      "local": {
        "location": {
          "x": 0.0,
          "y": 0.0,
          "z": 0.0
        },
        "rotation_quaternion": {
          "w": 0.9940273761749268,
          "x": -0.10876226425170898,
          "y": 0.0024414851795881987,
          "z": 0.008623946458101273
        },
        "scale": {
          "x": 1.0,
          "y": 1.0,
          "z": 1.0
        },
        "matrix_basis": [
          [
            0.9998393058776855,
            -0.017675960436463356,
            0.002977886237204075,
            0.0
          ],
          [
            0.016613794490695,
            0.9761927723884583,
            0.2162674516439438,
            0.0
          ],
          [
            -0.00672972621396184,
            -0.21618323028087616,
            0.9763296246528625,
            0.0
          ],
          [
            0.0,
            0.0,
            0.0,
            1.0
          ]
        ],
        "rotation_mode": "QUATERNION"
      },
      "armature_space": {
        "head": {
          "x": 0.45545902848243713,
          "y": -0.6027299761772156,
          "z": 0.4876301884651184
        },
        "tail": {
          "x": 0.463340163230896,
          "y": -0.6293157339096069,
          "z": 0.4942750930786133
        }
      },
      "world_space": {
        "head": {
          "x": 0.45545902848243713,
          "y": -0.5394859910011292,
          "z": 1.4374842643737793
        },
        "tail": {
          "x": 0.463340163230896,
          "y": -0.5660717487335205,
          "z": 1.4441291093826294
        },
        "rotation_quaternion": {
          "w": 0.13124386966228485,
          "x": 0.9785834550857544,
          "y": 0.12881463766098022,
          "z": -0.09250035136938095
        },
        "matrix": [
          [
            0.9497009515762329,
            0.27639198303222656,
            -0.14722612500190735,
            0.45545902848243713
          ],
          [
            0.22783163189888,
            -0.9323635697364807,
            -0.2806975543498993,
            -0.5394859910011292
          ],
          [
            -0.21485213935375214,
            0.23303672671318054,
            -0.9484444260597229,
            1.4374842643737793
          ],
          [
            0.0,
            0.0,
            0.0,
            1.0
          ]
        ]
      },
      "bone_length_armature_space": 0.028514374757513238,
      "parent": "metacarpal_index_l",
      "has_children": true,
      "is_end_bone": false
    },
    "index_02_l": {
      "name": "index_02_l",
      "local": {
        "location": {
          "x": 0.0,
          "y": 0.0,
          "z": 0.0
        },
        "rotation_quaternion": {
          "w": 0.9988054633140564,
          "x": 0.04882974922657013,
          "y": 0.0017582369036972523,
          "z": 0.0005357106565497816
        },
        "scale": {
          "x": 1.0,
          "y": 1.0,
          "z": 1.0
        },
        "matrix_basis": [
          [
            0.9999932646751404,
            -0.0008984329178929329,
            0.0035645905882120132,
            0.0
          ],
          [
            0.0012418499682098627,
            0.9952307343482971,
            -0.0975409597158432,
            0.0
          ],
          [
            -0.003459956031292677,
            0.09754472225904465,
            0.9952251315116882,
            0.0
          ],
          [
            0.0,
            0.0,
            0.0,
            1.0
          ]
        ],
        "rotation_mode": "QUATERNION"
      },
      "armature_space": {
        "head": {
          "x": 0.46333998441696167,
          "y": -0.6293162107467651,
          "z": 0.49427491426467896
        },
        "tail": {
          "x": 0.47075513005256653,
          "y": -0.6534940600395203,
          "z": 0.4985803961753845
        }
      },
      "world_space": {
        "head": {
          "x": 0.46333998441696167,
          "y": -0.5660722255706787,
          "z": 1.4441289901733398
        },
        "tail": {
          "x": 0.47075513005256653,
          "y": -0.5902500748634338,
          "z": 1.4484343528747559
        },
        "rotation_quaternion": {
          "w": 0.10362096130847931,
          "x": 0.9770296216011047,
          "y": 0.13423633575439453,
          "z": -0.12906067073345184
        },
        "matrix": [
          [
            0.9306478500366211,
            0.2890525162220001,
            -0.22437258064746857,
            0.46333998441696167
          ],
          [
            0.23555897176265717,
            -0.942486584186554,
            -0.23713137209415436,
            -0.5660722255706787
          ],
          [
            -0.2800133228302002,
            0.1678330898284912,
            -0.9452190399169922,
            1.4441289901733398
          ],
          [
            0.0,
            0.0,
            0.0,
            1.0
          ]
        ]
      },
      "bone_length_armature_space": 0.025653264524980936,
      "parent": "index_01_l",
      "has_children": true,
      "is_end_bone": false
    },
    "index_03_l": {
      "name": "index_03_l",
      "local": {
        "location": {
          "x": 0.0,
          "y": 0.0,
          "z": 0.0
        },
        "rotation_quaternion": {
          "w": 0.9992821216583252,
          "x": 0.037262123078107834,
          "y": 0.001023641205392778,
          "z": -0.006769236177206039
        },
        "scale": {
          "x": 1.0,
          "y": 1.0,
          "z": 1.0
        },
        "matrix_basis": [
          [
            0.9999062418937683,
            0.013605039566755295,
            0.0015413404908031225,
            0.0
          ],
          [
            -0.013452467508614063,
            0.9971314072608948,
            -0.07448460906744003,
            0.0
          ],
          [
            -0.002550284843891859,
            0.07445688545703888,
            0.9972209930419922,
            0.0
          ],
          [
            0.0,
            0.0,
            0.0,
            1.0
          ]
        ],
        "rotation_mode": "QUATERNION"
      },
      "armature_space": {
        "head": {
          "x": 0.47075513005256653,
          "y": -0.6534940004348755,
          "z": 0.49858054518699646
        },
        "tail": {
          "x": 0.48094993829727173,
          "y": -0.6808714866638184,
          "z": 0.49806007742881775
        }
      },
      "world_space": {
        "head": {
          "x": 0.47075513005256653,
          "y": -0.5902500152587891,
          "z": 1.448434591293335
        },
        "tail": {
          "x": 0.48094993829727173,
          "y": -0.6176275014877319,
          "z": 1.4479141235351562
        },
        "rotation_quaternion": {
          "w": 0.01088147796690464,
          "x": 0.9779160618782043,
          "y": 0.1771690398454666,
          "z": -0.11033068597316742
        },
        "matrix": [
          [
            0.9128764271736145,
            0.34891408681869507,
            -0.21193259954452515,
            0.47075513005256653
          ],
          [
            0.344111829996109,
            -0.9369855523109436,
            -0.060377493500709534,
            -0.5902500152587891
          ],
          [
            -0.21964552998542786,
            -0.017812389880418777,
            -0.9754244685173035,
            1.448434591293335
          ],
          [
            0.0,
            0.0,
            0.0,
            1.0
          ]
        ]
      },
      "bone_length_armature_space": 0.029218688881520148,
      "parent": "index_02_l",
      "has_children": false,
      "is_end_bone": true
    },
    "metacarpal_pinky_l": {
      "name": "metacarpal_pinky_l",
      "local": {
        "location": {
          "x": 0.0,
          "y": 0.0,
          "z": 0.0
        },
        "rotation_quaternion": {
          "w": 0.9996649026870728,
          "x": 0.02218630164861679,
          "y": 0.005539194215089083,
          "z": 0.012130885384976864
        },
        "scale": {
          "x": 1.0,
          "y": 1.0,
          "z": 1.0
        },
        "matrix_basis": [
          [
            0.9996443390846252,
            -0.024007853120565414,
            0.01161295548081398,
            0.0
          ],
          [
            0.024499429389834404,
            0.9987212419509888,
            -0.04422334209084511,
            0.0
          ],
          [
            -0.010536396875977516,
            0.044492125511169434,
            0.998954176902771,
            0.0
          ],
          [
            0.0,
            0.0,
            0.0,
            1.0
          ]
        ],
        "rotation_mode": "QUATERNION"
      },
      "armature_space": {
        "head": {
          "x": 0.46935051679611206,
          "y": -0.4864167869091034,
          "z": 0.4903658926486969
        },
        "tail": {
          "x": 0.510524570941925,
          "y": -0.5794782042503357,
          "z": 0.5124449729919434
        }
      },
      "world_space": {
        "head": {
          "x": 0.46935051679611206,
          "y": -0.4231727719306946,
          "z": 1.4402198791503906
        },
        "tail": {
          "x": 0.510524570941925,
          "y": -0.5162342190742493,
          "z": 1.4622989892959595
        },
        "rotation_quaternion": {
          "w": 0.2265578657388687,
          "x": 0.29309985041618347,
          "y": -0.0426911823451519,
          "z": -0.9278693199157715
        },
        "matrix": [
          [
            -0.7255278825759888,
            0.39540722966194153,
            -0.5632606148719788,
            0.46935051679611206
          ],
          [
            -0.4454582929611206,
            -0.8936978578567505,
            -0.05358510836958885,
            -0.4231727719306946
          ],
          [
            -0.5245767831802368,
            0.2120322287082672,
            0.8245458006858826,
            1.4402198791503906
          ],
          [
            0.0,
            0.0,
            0.0,
            1.0
          ]
        ]
      },
      "bone_length_armature_space": 0.10413076327145165,
      "parent": "lowerarm_l",
      "has_children": true,
      "is_end_bone": false
    },
    "pinky_01_l": {
      "name": "pinky_01_l",
      "local": {
        "location": {
          "x": 0.0,
          "y": 0.0,
          "z": 0.0
        },
        "rotation_quaternion": {
          "w": 0.9956930875778198,
          "x": -0.09107158333063126,
          "y": 0.004413308575749397,
          "z": -0.016788622364401817
        },
        "scale": {
          "x": 1.0,
          "y": 1.0,
          "z": 1.0
        },
        "matrix_basis": [
          [
            0.999397337436676,
            0.032628774642944336,
            0.01184653490781784,
            0.0
          ],
          [
            -0.03423648327589035,
            0.9828482270240784,
            0.1812105029821396,
            0.0
          ],
          [
            -0.005730669014155865,
            -0.18150687217712402,
            0.9833729863166809,
            0.0
          ],
          [
            0.0,
            0.0,
            0.0,
            1.0
          ]
        ],
        "rotation_mode": "QUATERNION"
      },
      "armature_space": {
        "head": {
          "x": 0.510524570941925,
          "y": -0.5794782042503357,
          "z": 0.5124449729919434
        },
