{
  "metadata": {
    "armature_name": "KIM_caucasian_male",
    "export_time": "2026-01-13T21:12:35.442265",
    "blender_version": "4.4.1",
    "bone_count": 56,
    "end_bone_count": 13,
    "spaces_included": [
      "LOCAL_CHANNELS",
      "ARMATURE_SPACE",
      "WORLD_SPACE"
    ],
    "note": "LOCAL matches Transform panel; replay pose via local.matrix_basis for best fidelity."
  },
  "bones": {
    "Root": {
      "name": "Root",
      "local": {
        "location": {
          "x": 0.0,
          "y": 0.0,
          "z": 0.0
        },
        "rotation_quaternion": {
          "w": 0.9996677041053772,
          "x": 0.01925676129758358,
          "y": -0.00911833718419075,
          "z": -0.014513571746647358
        },
        "scale": {
          "x": 1.0,
          "y": 1.0,
          "z": 1.0
        },
        "matrix_basis": [
          [
            0.9994124174118042,
            0.028666319325566292,
            -0.018789583817124367,
            0.0
          ],
          [
            -0.029368678107857704,
            0.9988370537757874,
            -0.038236044347286224,
            0.0
          ],
          [
            0.017671646550297737,
            0.038765404373407364,
            0.9990920424461365,
            0.0
          ],
          [
            0.0,
            0.0,
            0.0,
            1.0
          ]
        ],
        "rotation_mode": "QUATERNION"
      },
      "armature_space": {
        "head": {
          "x": 0.0,
          "y": 0.07072800397872925,
          "z": -0.009595036506652832
        },
        "tail": {
          "x": 0.002046083565801382,
          "y": -0.0002897009253501892,
          "z": -0.0027529774233698845
        }
      },
      "world_space": {
        "head": {
          "x": 0.0,
          "y": 0.13397200405597687,
          "z": 0.9402589797973633
        },
        "tail": {
          "x": 0.002046083565801382,
          "y": 0.06295429915189743,
          "z": 0.9471010565757751
        },
        "rotation_quaternion": {
          "w": 0.04813225567340851,
          "x": 0.9986938834190369,
          "y": 0.013866319321095943,
          "z": -0.010075369849801064
        },
        "matrix": [
          [
            0.9994124174118042,
            0.028666319325566292,
            -0.018789583817124367,
            0.0
          ],
          [
            0.026726510375738144,
            -0.9949820041656494,
            -0.09641865640878677,
            0.13397200405597687
          ],
          [
            -0.021459389477968216,
            0.09585955739021301,
            -0.995170533657074,
            0.9402589797973633
          ],
          [
            0.0,
            0.0,
            0.0,
            1.0
          ]
        ]
      },
      "bone_length_armature_space": 0.07137586965882038,
      "parent": null,
      "has_children": true,
      "is_end_bone": false
    },
    "spine_01": {
      "name": "spine_01",
      "local": {
        "location": {
          "x": 0.0,
          "y": 0.0,
          "z": 0.0
        },
        "rotation_quaternion": {
          "w": 0.9998818635940552,
          "x": -0.007763020694255829,
          "y": 0.012831269763410091,
          "z": 0.003403591690585017
        },
        "scale": {
          "x": 1.0,
          "y": 1.0,
          "z": 1.0
        },
        "matrix_basis": [
          [
            0.9996475577354431,
            -0.007005597930401564,
            0.025606663897633553,
            0.0
          ],
          [
            0.006607160437852144,
            0.9998562932014465,
            0.015611551702022552,
            0.0
          ],
          [
            -0.025712352246046066,
            -0.015436862595379353,
            0.9995501637458801,
            0.0
          ],
          [
            0.0,
            0.0,
            0.0,
            1.0
          ]
        ],
        "rotation_mode": "QUATERNION"
      },
      "armature_space": {
        "head": {
          "x": 0.002046083565801382,
          "y": -0.0002897009253501892,
          "z": -0.0027529774233698845
        },
        "tail": {
          "x": 0.0087896091863513,
          "y": 0.01130506582558155,
          "z": 0.48506730794906616
        }
      },
      "world_space": {
        "head": {
          "x": 0.002046083565801382,
          "y": 0.06295429915189743,
          "z": 0.9471010565757751
        },
        "tail": {
          "x": 0.0087896091863513,
          "y": 0.07454906404018402,
          "z": 1.4349212646484375
        },
        "rotation_quaternion": {
          "w": 0.7150641083717346,
          "x": 0.6985253691673279,
          "y": 0.023726535961031914,
          "z": 0.013515235856175423
        },
        "matrix": [
          [
            0.9985087513923645,
            0.013818665407598019,
            0.052813369780778885,
            0.002046083565801382
          ],
          [
            0.05247560143470764,
            0.023759707808494568,
            -0.9983395338058472,
            0.06295429915189743
          ],
          [
            -0.015050605870783329,
            0.9996292591094971,
            0.0229983888566494,
            0.9471010565757751
          ],
          [
            0.0,
            0.0,
            0.0,
            1.0
          ]
        ]
      },
      "bone_length_armature_space": 0.4880046642084515,
      "parent": "Root",
      "has_children": true,
      "is_end_bone": false
    },
    "neck_01": {
      "name": "neck_01",
      "local": {
        "location": {
          "x": 0.0,
          "y": 0.0,
          "z": 0.0
        },
        "rotation_quaternion": {
          "w": 0.9949055314064026,
          "x": -0.060683634132146835,
          "y": 0.06864287704229355,
          "z": 0.04205520823597908
        },
        "scale": {
          "x": 1.0,
          "y": 1.0,
          "z": 1.0
        },
        "matrix_basis": [
          [
            0.9870390295982361,
            -0.092012919485569,
            0.13148222863674164,
            0.0
          ],
          [
            0.07535091787576675,
            0.9890977144241333,
            0.12652254104614258,
            0.0
          ],
          [
            -0.1416904777288437,
            -0.11497538536787033,
            0.9832112789154053,
            0.0
          ],
          [
            0.0,
            0.0,
            0.0,
            1.0
          ]
        ],
        "rotation_mode": "QUATERNION"
      },
      "armature_space": {
        "head": {
          "x": 0.011632981710135937,
          "y": -0.021578140556812286,
          "z": 0.5590562224388123
        },
        "tail": {
          "x": 0.00505035137757659,
          "y": -0.047295451164245605,
          "z": 0.6580817103385925
        }
      },
      "world_space": {
        "head": {
          "x": 0.011632981710135937,
          "y": 0.04166585952043533,
          "z": 1.5089101791381836
        },
        "tail": {
          "x": 0.00505035137757659,
          "y": 0.015948548913002014,
          "z": 1.6079356670379639
        },
        "rotation_quaternion": {
          "w": 0.6113375425338745,
          "x": 0.7857216596603394,
          "y": 0.029018888249993324,
          "z": 0.08981044590473175
        },
        "matrix": [
          [
            0.9821840524673462,
            -0.06420741975307465,
            0.17661216855049133,
            0.011632981710135937
          ],
          [
            0.15541009604930878,
            -0.2508483827114105,
            -0.9554700255393982,
            0.04166585952043533
          ],
          [
            0.10565201938152313,
            0.9659011960029602,
            -0.23640337586402893,
            1.5089101791381836
          ],
          [
            0.0,
            0.0,
            0.0,
            1.0
          ]
        ]
      },
      "bone_length_armature_space": 0.10252198926171974,
      "parent": "spine_01",
      "has_children": true,
      "is_end_bone": false
    },
    "head": {
      "name": "head",
      "local": {
        "location": {
          "x": 0.0,
          "y": 0.0,
          "z": 0.0
        },
        "rotation_quaternion": {
          "w": 0.9929707050323486,
          "x": 0.016953377053141594,
          "y": 0.11699731647968292,
          "z": 0.005790696479380131
        },
        "scale": {
          "x": 1.0,
          "y": 1.0,
          "z": 1.0
        },
        "matrix_basis": [
          [
            0.9725561738014221,
            -0.007532984483987093,
            0.23254616558551788,
            0.0
          ],
          [
            0.015466983430087566,
            0.9993581175804138,
            -0.03231342136859894,
            0.0
          ],
          [
            -0.23215347528457642,
            0.03502340614795685,
            0.9720484018325806,
            0.0
          ],
          [
            0.0,
            0.0,
            0.0,
            1.0
          ]
        ],
        "rotation_mode": "QUATERNION"
      },
      "armature_space": {
        "head": {
          "x": 0.0050503844395279884,
          "y": -0.04729558527469635,
          "z": 0.658081591129303
        },
        "tail": {
          "x": -0.014615138061344624,
          "y": -0.03553854301571846,
          "z": 0.8114711046218872
        }
      },
      "world_space": {
        "head": {
          "x": 0.0050503844395279884,
          "y": 0.01594841480255127,
          "z": 1.6079356670379639
        },
        "tail": {
          "x": -0.014615138061344624,
          "y": 0.02770545706152916,
          "z": 1.7613251209259033
        },
        "rotation_quaternion": {
          "w": 0.7271667718887329,
          "x": 0.6572462916374207,
          "y": 0.09556260704994202,
          "z": 0.17356187105178833
        },
        "matrix": [
          [
            0.9214878678321838,
            -0.126800537109375,
            0.36712634563446045,
            0.0050503844395279884
          ],
          [
            0.37803396582603455,
            0.07580775767564774,
            -0.9226828217506409,
            0.01594841480255127
          ],
          [
            0.08916662633419037,
            0.9890343546867371,
            0.11779075860977173,
            1.6079356670379639
          ],
          [
            0.0,
            0.0,
            0.0,
            1.0
          ]
        ]
      },
      "bone_length_armature_space": 0.15509127599142924,
      "parent": "neck_01",
      "has_children": false,
      "is_end_bone": true
    },
    "upperarm_l": {
      "name": "upperarm_l",
      "local": {
        "location": {
          "x": 0.0,
          "y": 0.0,
          "z": 0.0
        },
        "rotation_quaternion": {
          "w": 0.8540412187576294,
          "x": 0.40301260352134705,
          "y": -0.021822679787874222,
          "z": 0.3282046914100647
        },
        "scale": {
          "x": 1.0,
          "y": 1.0,
          "z": 1.0
        },
        "matrix_basis": [
          [
            0.7836108803749084,
            -0.5781903266906738,
            0.2272663116455078,
            0.0
          ],
          [
            0.5430110096931458,
            0.4597250521183014,
            -0.7027033567428589,
            0.0
          ],
          [
            0.3018161952495575,
            0.6740541458129883,
            0.6742092370986938,
            0.0
          ],
          [
            0.0,
            0.0,
            0.0,
            1.0
          ]
        ],
        "rotation_mode": "QUATERNION"
      },
      "armature_space": {
        "head": {
          "x": 0.16064900159835815,
          "y": -0.018487466499209404,
          "z": 0.4896891415119171
        },
        "tail": {
          "x": 0.3055458068847656,
          "y": -0.18699070811271667,
          "z": 0.6394204497337341
        }
      },
      "world_space": {
        "head": {
          "x": 0.16064900159835815,
          "y": 0.044756531715393066,
          "z": 1.4395431280136108
        },
        "tail": {
          "x": 0.3055458068847656,
          "y": -0.12374670803546906,
          "z": 1.5892744064331055
        },
        "rotation_quaternion": {
          "w": 0.4204707145690918,
          "x": 0.7695837616920471,
          "y": 0.0937943384051323,
          "z": -0.4713256359100342
        },
        "matrix": [
          [
            0.5381104946136475,
            0.5407214760780334,
            -0.646573543548584,
            0.16064900159835815
          ],
          [
            -0.2519909739494324,
            -0.6288151741027832,
            -0.7355896830558777,
            0.044756531715393066
          ],
          [
            -0.8043302297592163,
            0.5587626099586487,
            -0.20211708545684814,
            1.4395431280136108
          ],
          [
            0.0,
            0.0,
            0.0,
            1.0
          ]
        ]
      },
      "bone_length_armature_space": 0.26796994097809224,
      "parent": "spine_01",
      "has_children": true,
      "is_end_bone": false
    },
    "lowerarm_l": {
      "name": "lowerarm_l",
      "local": {
        "location": {
          "x": 0.0,
          "y": 0.0,
          "z": 0.0
        },
        "rotation_quaternion": {
          "w": 0.8627395033836365,
          "x": 0.5028674602508545,
          "y": -0.025940990075469017,
          "z": 0.04617423936724663
        },
        "scale": {
          "x": 1.0,
          "y": 1.0,
          "z": 1.0
        },
        "matrix_basis": [
          [
            0.9943900108337402,
            -0.10576243698596954,
            0.0016784111503511667,
            0.0
          ],
          [
            0.053582921624183655,
            0.48998451232910156,
            -0.8700828552246094,
            0.0
          ],
          [
            0.09119968116283417,
            0.8652916550636292,
            0.4929027557373047,
            0.0
          ],
          [
            0.0,
            0.0,
            0.0,
            1.0
          ]
        ],
        "rotation_mode": "QUATERNION"
      },
      "armature_space": {
        "head": {
          "x": 0.3055458068847656,
          "y": -0.18699076771736145,
          "z": 0.6394205689430237
        },
        "tail": {
          "x": 0.16807743906974792,
          "y": -0.40774375200271606,
          "z": 0.7021897435188293
        }
      },
      "world_space": {
        "head": {
          "x": 0.3055458068847656,
          "y": -0.12374676764011383,
          "z": 1.5892746448516846
        },
        "tail": {
          "x": 0.16807743906974792,
          "y": -0.34449976682662964,
          "z": 1.6520438194274902
        },
        "rotation_quaternion": {
          "w": 0.019095396623015404,
          "x": -0.8415493369102478,
          "y": 0.295043021440506,
          "z": 0.45208391547203064
        },
        "matrix": [
          [
            0.41713911294937134,
            -0.5138534307479858,
            -0.7496329545974731,
            0.3055458068847656
          ],
          [
            -0.4793216288089752,
            -0.8251692056655884,
            0.2989090383052826,
            -0.12374676764011383
          ],
          [
            -0.7721754312515259,
            0.2346295863389969,
            -0.5905151963233948,
            1.5892746448516846
          ],
          [
            0.0,
            0.0,
            0.0,
            1.0
          ]
        ]
      },
      "bone_length_armature_space": 0.2675245781385049,
      "parent": "upperarm_l",
      "has_children": true,
      "is_end_bone": false
    },
    "metacarpal_thumb_l": {
      "name": "metacarpal_thumb_l",
      "local": {
        "location": {
          "x": 0.0,
          "y": 0.0,
          "z": 0.0
        },
        "rotation_quaternion": {
          "w": 0.9998339414596558,
          "x": -0.01769881695508957,
          "y": 0.0009215157479047775,
          "z": -0.004248994402587414
        },
        "scale": {
          "x": 1.0,
          "y": 1.0,
          "z": 1.0
        },
        "matrix_basis": [
          [
            0.9999622106552124,
            0.008463958278298378,
            0.0019931297283619642,
            0.0
          ],
          [
            -0.008529197424650192,
            0.999337375164032,
            0.0353839248418808,
            0.0
          ],
          [
            -0.0016923211514949799,
            -0.03539958596229553,
            0.9993718266487122,
            0.0
          ],
          [
            0.0,
            0.0,
            0.0,
            1.0
          ]
        ],
        "rotation_mode": "QUATERNION"
      },
      "armature_space": {
        "head": {
          "x": 0.16807743906974792,
          "y": -0.40774375200271606,
          "z": 0.7021897435188293
        },
        "tail": {
          "x": 0.12916582822799683,
          "y": -0.43529951572418213,
          "z": 0.688767671585083
        }
      },
      "world_space": {
        "head": {
          "x": 0.16807743906974792,
          "y": -0.34449976682662964,
          "z": 1.6520438194274902
        },
        "tail": {
          "x": 0.12916582822799683,
          "y": -0.3720555305480957,
          "z": 1.6386216878890991
        },
        "rotation_quaternion": {
          "w": 0.024677973240613937,
          "x": 0.8176968097686768,
          "y": -0.47036004066467285,
          "z": 0.33094507455825806
        },
        "matrix": [
          [
            0.33847254514694214,
            -0.7855589985847473,
            0.5180088877677917,
            0.16807743906974792
          ],
          [
            -0.7528892755508423,
            -0.5563037395477295,
            -0.35168707370758057,
            -0.34449976682662964
          ],
          [
            0.5644446015357971,
            -0.2709692716598511,
            -0.7797384858131409,
            1.6520438194274902
          ],
          [
            0.0,
            0.0,
            0.0,
            1.0
          ]
        ]
      },
      "bone_length_armature_space": 0.049533681681957924,
      "parent": "lowerarm_l",
      "has_children": true,
      "is_end_bone": false
    },
    "thumb_01_l": {
      "name": "thumb_01_l",
      "local": {
        "location": {
          "x": 0.0,
          "y": 0.0,
          "z": 0.0
        },
        "rotation_quaternion": {
          "w": 0.9991335272789001,
          "x": 0.03861217945814133,
          "y": -0.01497761532664299,
          "z": -0.0041255042888224125
        },
        "scale": {
          "x": 1.0,
          "y": 1.0,
          "z": 1.0
        },
        "matrix_basis": [
          [
            0.9995173215866089,
            0.007087222766131163,
            -0.030247865244746208,
            0.0
          ],
          [
            -0.009400496259331703,
            0.9969841837882996,
            -0.0770338624715805,
            0.0
          ],
          [
            0.029610686004161835,
            0.07728102803230286,
            0.9965695142745972,
            0.0
          ],
          [
            0.0,
            0.0,
            0.0,
            1.0
          ]
        ],
        "rotation_mode": "QUATERNION"
      },
      "armature_space": {
        "head": {
          "x": 0.12916582822799683,
          "y": -0.43529951572418213,
          "z": 0.688767671585083
        },
        "tail": {
          "x": 0.12381453812122345,
          "y": -0.4557289183139801,
          "z": 0.6620723605155945
        }
      },
      "world_space": {
        "head": {
          "x": 0.12916582822799683,
          "y": -0.3720555305480957,
          "z": 1.6386216878890991
        },
        "tail": {
          "x": 0.12381453812122345,
          "y": -0.3924849033355713,
          "z": 1.6119263172149658
        },
        "rotation_quaternion": {
          "w": 0.011536870151758194,
          "x": -0.1983809918165207,
          "y": 0.4469621777534485,
          "z": -0.8722021579742432
        },
        "matrix": [
          [
            -0.9210240244865417,
            -0.15721240639686584,
            0.35636889934539795,
            0.12916582822799683
          ],
          [
            -0.19746170938014984,
            -0.6001841425895691,
            -0.7751051783561707,
            -0.3720555305480957
          ],
          [
            0.3357454538345337,
            -0.7842658758163452,
            0.5217435956001282,
            1.6386216878890991
          ],
          [
            0.0,
            0.0,
            0.0,
            1.0
          ]
        ]
      },
      "bone_length_armature_space": 0.03403874912048212,
      "parent": "metacarpal_thumb_l",
      "has_children": true,
      "is_end_bone": false
    },
    "thumb_02_l": {
      "name": "thumb_02_l",
      "local": {
        "location": {
          "x": 0.0,
          "y": 0.0,
          "z": 0.0
        },
        "rotation_quaternion": {
          "w": 0.993622899055481,
          "x": 0.11271467804908752,
          "y": -0.00053785351337865,
          "z": -0.0029574136715382338
        },
        "scale": {
          "x": 1.0,
          "y": 1.0,
          "z": 1.0
        },
        "matrix_basis": [
          [
            0.9999819397926331,
            0.0057558598928153515,
            -0.0017355349846184254,
            0.0
          ],
          [
            -0.0059983558021485806,
            0.9745733141899109,
            -0.2239885926246643,
            0.0
          ],
          [
            0.00040215926128439605,
            0.22399495542049408,
            0.9745902419090271,
            0.0
          ],
          [
            0.0,
            0.0,
            0.0,
            1.0
          ]
        ],
        "rotation_mode": "QUATERNION"
      },
      "armature_space": {
        "head": {
          "x": 0.12381456047296524,
          "y": -0.4557288885116577,
          "z": 0.6620723605155945
        },
        "tail": {
          "x": 0.10656960308551788,
          "y": -0.48899731040000916,
          "z": 0.6765293478965759
        }
      },
      "world_space": {
        "head": {
          "x": 0.12381456047296524,
          "y": -0.3924849033355713,
          "z": 1.6119263172149658
        },
        "tail": {
          "x": 0.10656960308551788,
          "y": -0.42575329542160034,
          "z": 1.6263833045959473
        },
        "rotation_quaternion": {
          "w": 0.2297133058309555,
          "x": 0.02675684727728367,
          "y": 0.18187524378299713,
          "z": 0.9557392001152039
        },
        "matrix": [
          [
            -0.893031656742096,
            -0.42935916781425476,
            0.1347038298845291,
            0.12381456047296524
          ],
          [
            0.44882500171661377,
            -0.8283063173294067,
            0.3353578746318817,
            -0.3924849033355713
          ],
          [
            -0.03241271898150444,
            0.3599455952644348,
            0.9324177503585815,
            1.6119263172149658
          ],
          [
            0.0,
            0.0,
            0.0,
            1.0
          ]
        ]
      },
      "bone_length_armature_space": 0.04016442433959497,
      "parent": "thumb_01_l",
      "has_children": true,
      "is_end_bone": false
    },
    "thumb_03_l": {
      "name": "thumb_03_l",
      "local": {
        "location": {
          "x": 0.0,
          "y": 0.0,
          "z": 0.0
        },
        "rotation_quaternion": {
          "w": 0.9987105131149292,
          "x": 0.0506720244884491,
          "y": -0.00040149263804778457,
          "z": -0.0030905362218618393
        },
        "scale": {
          "x": 1.0,
          "y": 1.0,
          "z": 1.0
        },
        "matrix_basis": [
          [
            0.9999805688858032,
            0.006132413167506456,
            -0.0011151572689414024,
            0.0
          ],
          [
            -0.006213790737092495,
            0.9948455691337585,
            -0.10121088474988937,
            0.0
          ],
          [
            0.0004887423710897565,
            0.10121584683656693,
            0.9948643445968628,
            0.0
          ],
          [
            0.0,
            0.0,
            0.0,
            1.0
          ]
        ],
        "rotation_mode": "QUATERNION"
      },
      "armature_space": {
        "head": {
          "x": 0.1065695732831955,
          "y": -0.48899728059768677,
          "z": 0.6765292882919312
        },
        "tail": {
          "x": 0.09907446801662445,
          "y": -0.5102761387825012,
          "z": 0.6969726085662842
        }
      },
      "world_space": {
        "head": {
          "x": 0.1065695732831955,
          "y": -0.42575329542160034,
          "z": 1.6263833045959473
        },
        "tail": {
          "x": 0.09907446801662445,
          "y": -0.4470321536064148,
          "z": 1.6468266248703003
        },
        "rotation_quaternion": {
          "w": 0.09270015358924866,
          "x": -0.10131962597370148,
          "y": 0.3767511248588562,
          "z": 0.9160783886909485
        },
        "matrix": [
          [
            -0.9622820615768433,
            -0.24618592858314514,
            -0.11578293144702911,
            0.1065695732831955
          ],
          [
            0.09349723160266876,
            -0.6989303231239319,
            0.7090520262718201,
            -0.42575329542160034
          ],
          [
            -0.2554844915866852,
            0.6714868545532227,
            0.6955913305282593,
            1.6263833045959473
          ],
          [
            0.0,
            0.0,
            0.0,
            1.0
          ]
        ]
      },
      "bone_length_armature_space": 0.030444962594783943,
      "parent": "thumb_02_l",
      "has_children": false,
      "is_end_bone": true
    },
    "metacarpal_index_l": {
      "name": "metacarpal_index_l",
      "local": {
        "location": {
          "x": 0.0,
          "y": 0.0,
          "z": 0.0
        },
        "rotation_quaternion": {
          "w": 0.9997618794441223,
          "x": -0.01867706887423992,
          "y": 0.01073236670345068,
          "z": -0.0035119468811899424
        },
        "scale": {
          "x": 1.0,
          "y": 1.0,
          "z": 1.0
        },
        "matrix_basis": [
          [
            0.9997449517250061,
            0.006621323060244322,
            0.021590808406472206,
            0.0
          ],
          [
            -0.007423119619488716,
            0.999277651309967,
            0.03726986050605774,
            0.0
          ],
          [
            -0.021328436210751534,
            -0.03742062672972679,
            0.9990719556808472,
            0.0
          ],
          [
            0.0,
            0.0,
            0.0,
            1.0
          ]
        ],
        "rotation_mode": "QUATERNION"
      },
      "armature_space": {
        "head": {
          "x": 0.16807743906974792,
          "y": -0.40774375200271606,
          "z": 0.7021897435188293
        },
        "tail": {
          "x": 0.08691761642694473,
          "y": -0.4921145439147949,
          "z": 0.707075297832489
        }
      },
      "world_space": {
        "head": {
          "x": 0.16807743906974792,
          "y": -0.34449976682662964,
          "z": 1.6520438194274902
        },
        "tail": {
          "x": 0.08691761642694473,
          "y": -0.4288705587387085,
          "z": 1.6569292545318604
        },
        "rotation_quaternion": {
          "w": 0.03492562845349312,
          "x": 0.9268621802330017,
          "y": -0.3724912106990814,
          "z": 0.030936196446418762
        },
        "matrix": [
          [
            0.7205864191055298,
            -0.6926569938659668,
            0.031328216195106506,
            0.16807743906974792
          ],
          [
            -0.6883350014686584,
            -0.7200609445571899,
            -0.08778995275497437,
            -0.34449976682662964
          ],
          [
            0.08336636424064636,
            0.041695646941661835,
            -0.9956534504890442,
            1.6520438194274902
          ],
          [
            0.0,
            0.0,
            0.0,
            1.0
          ]
        ]
      },
      "bone_length_armature_space": 0.11717173652252108,
      "parent": "lowerarm_l",
      "has_children": true,
      "is_end_bone": false
    },
    "index_01_l": {
      "name": "index_01_l",
      "local": {
        "location": {
          "x": 0.0,
          "y": 0.0,
          "z": 0.0
        },
        "rotation_quaternion": {
          "w": 0.9932013750076294,
          "x": -0.1153831034898758,
          "y": 0.011288677342236042,
          "z": -0.010513221845030785
        },
        "scale": {
          "x": 1.0,
          "y": 1.0,
          "z": 1.0
        },
        "matrix_basis": [
          [
            0.9995240569114685,
            0.018278447911143303,
            0.02484995685517788,
            0.0
          ],
          [
            -0.023488538339734077,
            0.9731523990631104,
            0.22895994782447815,
            0.0
          ],
          [
            -0.019997762516140938,
            -0.22943466901779175,
            0.9731186032295227,
            0.0
          ],
          [
            0.0,
            0.0,
            0.0,
            1.0
          ]
        ],
        "rotation_mode": "QUATERNION"
      },
      "armature_space": {
        "head": {
          "x": 0.08691761642694473,
          "y": -0.4921145439147949,
          "z": 0.707075297832489
        },
        "tail": {
          "x": 0.07637394964694977,
          "y": -0.5157448649406433,
          "z": 0.7190548777580261
        }
      },
      "world_space": {
        "head": {
          "x": 0.08691761642694473,
          "y": -0.4288705587387085,
          "z": 1.6569292545318604
        },
        "tail": {
          "x": 0.07637394964694977,
          "y": -0.4525008797645569,
          "z": 1.6689088344573975
        },
        "rotation_quaternion": {
          "w": 0.2201085239648819,
          "x": 0.956218421459198,
          "y": -0.19285812973976135,
          "z": 0.002130325185135007
        },
        "matrix": [
          [
            0.9256023168563843,
            -0.36976686120033264,
            -0.08082576841115952,
            0.08691761642694473
          ],
          [
            -0.3678912818431854,
            -0.8287157416343689,
            -0.4217655658721924,
            -0.4288705587387085
          ],
          [
            0.08897348493337631,
            0.42012453079223633,
            -0.9031020998954773,
            1.6569292545318604
          ],
          [
            0.0,
            0.0,
            0.0,
            1.0
          ]
        ]
      },
      "bone_length_armature_space": 0.02851440569662341,
      "parent": "metacarpal_index_l",
      "has_children": true,
      "is_end_bone": false
    },
    "index_02_l": {
      "name": "index_02_l",
      "local": {
        "location": {
          "x": 0.0,
          "y": 0.0,
          "z": 0.0
        },
        "rotation_quaternion": {
          "w": 0.9983924627304077,
          "x": 0.05657559633255005,
          "y": 0.0034261709079146385,
          "z": -9.530212264508009e-05
        },
        "scale": {
          "x": 1.0,
          "y": 1.0,
          "z": 1.0
        },
        "matrix_basis": [
          [
            0.9999765157699585,
            0.0005779731436632574,
            0.00683054281398654,
            0.0
          ],
          [
            0.00019737747788894922,
            0.9935984015464783,
            -0.11296994984149933,
            0.0
          ],
          [
            -0.006852109916508198,
            0.11296864598989487,
            0.9935749173164368,
            0.0
          ],
          [
            0.0,
            0.0,
            0.0,
            1.0
          ]
        ],
        "rotation_mode": "QUATERNION"
      },
      "armature_space": {
        "head": {
          "x": 0.07637356221675873,
          "y": -0.515745222568512,
          "z": 0.7190546989440918
        },
        "tail": {
          "x": 0.06733068823814392,
          "y": -0.5380085706710815,
          "z": 0.7280358672142029
        }
      },
      "world_space": {
        "head": {
          "x": 0.07637356221675873,
          "y": -0.45250123739242554,
          "z": 1.668908715248108
        },
        "tail": {
          "x": 0.06733068823814392,
          "y": -0.4747645854949951,
          "z": 1.6778898239135742
        },
        "rotation_quaternion": {
          "w": 0.1769188791513443,
          "x": 0.966147243976593,
          "y": -0.1864713728427887,
          "z": -0.022083446383476257
        },
        "matrix": [
          [
            0.9294813871383667,
            -0.3525037169456482,
            -0.10865262895822525,
            0.07637356221675873
          ],
          [
            -0.3681316077709198,
            -0.8678561449050903,
            -0.33362382650375366,
            -0.45250123739242554
          ],
          [
            0.023308468982577324,
            0.35009729862213135,
            -0.9364309310913086,
            1.668908715248108
          ],
          [
            0.0,
            0.0,
            0.0,
            1.0
          ]
        ]
      },
      "bone_length_armature_space": 0.025653296822981484,
      "parent": "index_01_l",
      "has_children": true,
      "is_end_bone": false
    },
    "index_03_l": {
      "name": "index_03_l",
      "local": {
        "location": {
          "x": 0.0,
          "y": 0.0,
          "z": 0.0
        },
        "rotation_quaternion": {
          "w": 0.9992661476135254,
          "x": 0.03773776441812515,
          "y": -0.0037211147136986256,
          "z": -0.00541886268183589
        },
        "scale": {
          "x": 1.0,
          "y": 1.0,
          "z": 1.0
        },
        "matrix_basis": [
          [
            0.9999135732650757,
            0.010548918507993221,
            -0.007845759391784668,
            0.0
          ],
          [
            -0.011110625229775906,
            0.9970930218696594,
            -0.07537981122732162,
            0.0
          ],
          [
            0.007027776446193457,
            0.07546047121286392,
            0.9971240162849426,
            0.0
          ],
          [
            0.0,
            0.0,
            0.0,
            1.0
          ]
        ],
        "rotation_mode": "QUATERNION"
      },
      "armature_space": {
        "head": {
          "x": 0.06733068823814392,
          "y": -0.5380085110664368,
          "z": 0.7280359268188477
        },
        "tail": {
          "x": 0.05959082394838333,
          "y": -0.565605640411377,
          "z": 0.7337126135826111
        }
      },
      "world_space": {
        "head": {
          "x": 0.06733068823814392,
          "y": -0.47476452589035034,
          "z": 1.6778899431228638
        },
        "tail": {
          "x": 0.05959082394838333,
          "y": -0.5023616552352905,
          "z": 1.6835665702819824
        },
        "rotation_quaternion": {
          "w": 0.10041259229183197,
          "x": 0.9859289526939392,
          "y": -0.1329127699136734,
          "z": 0.013987828977406025
        },
        "matrix": [
          [
            0.9642770290374756,
            -0.2648943066596985,
            0.0008896933868527412,
            0.06733068823814392
          ],
          [
            -0.2592759132385254,
            -0.9445030093193054,
            -0.20171813666820526,
            -0.47476452589035034
          ],
          [
            0.05427432805299759,
            0.19428203999996185,
            -0.9794503450393677,
            1.6778899431228638
          ],
          [
            0.0,
            0.0,
            0.0,
            1.0
          ]
        ]
      },
      "bone_length_armature_space": 0.02921868958090844,
      "parent": "index_02_l",
      "has_children": false,
      "is_end_bone": true
    },
    "metacarpal_pinky_l": {
      "name": "metacarpal_pinky_l",
      "local": {
        "location": {
          "x": 0.0,
          "y": 0.0,
          "z": 0.0
        },
        "rotation_quaternion": {
          "w": 0.9998831748962402,
          "x": -0.001009431667625904,
          "y": -0.0049181473441421986,
          "z": 0.014438845217227936
        },
        "scale": {
          "x": 1.0,
          "y": 1.0,
          "z": 1.0
        },
        "matrix_basis": [
          [
            0.9995346665382385,
            -0.028864387422800064,
            -0.009864295832812786,
            0.0
          ],
          [
            0.028884245082736015,
            0.999580979347229,
            0.0018766027642413974,
            0.0
          ],
          [
            0.009805995970964432,
            -0.002160652307793498,
            0.99994957447052,
            0.0
          ],
          [
            0.0,
            0.0,
            0.0,
            1.0
          ]
        ],
        "rotation_mode": "QUATERNION"
      },
      "armature_space": {
        "head": {
          "x": 0.16807743906974792,
          "y": -0.40774375200271606,
          "z": 0.7021897435188293
        },
        "tail": {
          "x": 0.14337138831615448,
          "y": -0.4991110563278198,
          "z": 0.7456047534942627
        }
      },
      "world_space": {
        "head": {
          "x": 0.16807743906974792,
          "y": -0.34449976682662964,
          "z": 1.6520438194274902
        },
        "tail": {
          "x": 0.14337138831615448,
          "y": -0.4358670711517334,
          "z": 1.6954587697982788
        },
        "rotation_quaternion": {
          "w": 0.033902090042829514,
          "x": -0.35936546325683594,
          "y": 0.24522729218006134,
          "z": 0.899761438369751
        },
        "matrix": [
          [
            -0.7394145131111145,
            -0.23725992441177368,
            -0.6300587058067322,
            0.16807743906974792
          ],
          [
            -0.11524486541748047,
            -0.8774285316467285,
            0.4656584858894348,
            -0.34449976682662964
          ],
          [
            -0.6633182168006897,
            0.4169277548789978,
            0.6214452981948853,
            1.6520438194274902
          ],
          [
            0.0,
            0.0,
            0.0,
            1.0
          ]
        ]
      },
      "bone_length_armature_space": 0.10413086221196417,
      "parent": "lowerarm_l",
      "has_children": true,
      "is_end_bone": false
    },
    "pinky_01_l": {
      "name": "pinky_01_l",
      "local": {
        "location": {
          "x": 0.0,
          "y": 0.0,
          "z": 0.0
        },
        "rotation_quaternion": {
          "w": 0.9573666453361511,
          "x": 0.28877073526382446,
          "y": -0.000656206626445055,
          "z": 0.007761267013847828
        },
        "scale": {
          "x": 1.0,
          "y": 1.0,
          "z": 1.0
        },
        "matrix_basis": [
          [
            0.9998786449432373,
            -0.015239742584526539,
            0.003225992899388075,
            0.0
          ],
          [
            0.014481769874691963,
            0.8331024646759033,
            -0.5529291033744812,
            0.0
          ],
          [
            0.0057389140129089355,
            0.5529087781906128,
            0.8332220911979675,
            0.0
          ],
          [
            0.0,
            0.0,
            0.0,
            1.0
          ]
        ],
        "rotation_mode": "QUATERNION"
      },
      "armature_space": {
        "head": {
          "x": 0.14337138831615448,
