{
  "metadata": {
    "armature_name": "KIM_caucasian_male",
    "export_time": "2026-01-13T21:01:03.345937",
    "blender_version": "4.4.1",
    "bone_count": 56,
    "end_bone_count": 13,
    "spaces_included": [
      "LOCAL_CHANNELS",
      "ARMATURE_SPACE",
      "WORLD_SPACE"
    ],
    "note": "LOCAL matches Transform panel; replay pose via local.matrix_basis for best fidelity."
  },
  "bones": {
    "Root": {
      "name": "Root",
      "local": {
        "location": {
          "x": 0.0,
          "y": 0.0,
          "z": 0.0
        },
        "rotation_quaternion": {
          "w": 0.9999319314956665,
          "x": -0.0008906730217859149,
          "y": -0.006936733145266771,
          "z": -0.009349552914500237
        },
        "scale": {
          "x": 1.0,
          "y": 1.0,
          "z": 1.0
        },
        "matrix_basis": [
          [
            0.9997289180755615,
            0.018710190430283546,
            -0.013855867087841034,
            0.0
          ],
          [
            -0.01868547685444355,
            0.9998235702514648,
            0.0019109355052933097,
            0.0
          ],
          [
            0.013889176771044731,
            -0.0016515140887349844,
            0.9999021887779236,
            0.0
          ],
          [
            0.0,
            0.0,
            0.0,
            1.0
          ]
        ],
        "rotation_mode": "QUATERNION"
      },
      "armature_space": {
        "head": {
          "x": 0.0,
          "y": 0.07072800397872925,
          "z": -0.009595036506652832
        },
        "tail": {
          "x": 0.001335456152446568,
          "y": 2.8327107429504395e-05,
          "z": 0.0001151151955127716
        }
      },
      "world_space": {
        "head": {
          "x": 0.0,
          "y": 0.13397200405597687,
          "z": 0.9402589797973633
        },
        "tail": {
          "x": 0.001335456152446568,
          "y": 0.06327232718467712,
          "z": 0.9499691128730774
        },
        "rotation_quaternion": {
          "w": 0.06825170665979385,
          "x": 0.9976001977920532,
          "y": 0.008861000649631023,
          "z": -0.007550835143774748
        },
        "matrix": [
          [
            0.9997289180755615,
            0.018710190430283546,
            -0.013855867087841034,
            0.0
          ],
          [
            0.016648754477500916,
            -0.9905263185501099,
            -0.1363101452589035,
            0.13397200405597687
          ],
          [
            -0.016275087371468544,
            0.1360425055027008,
            -0.9905763864517212,
            0.9402589797973633
          ],
          [
            0.0,
            0.0,
            0.0,
            1.0
          ]
        ]
      },
      "bone_length_armature_space": 0.07137586849608299,
      "parent": null,
      "has_children": true,
      "is_end_bone": false
    },
    "spine_01": {
      "name": "spine_01",
      "local": {
        "location": {
          "x": 0.0,
          "y": 0.0,
          "z": 0.0
        },
        "rotation_quaternion": {
          "w": 0.9951545000076294,
          "x": 0.07791449874639511,
          "y": -0.046689171344041824,
          "z": 0.037642672657966614
        },
        "scale": {
          "x": 1.0,
          "y": 1.0,
          "z": 1.0
        },
        "matrix_basis": [
          [
            0.9928063154220581,
            -0.08219607919454575,
            -0.08706005662679672,
            0.0
          ],
          [
            0.06764502078294754,
            0.9850246906280518,
            -0.1585889458656311,
            0.0
          ],
          [
            0.0987916961312294,
            0.15155892074108124,
            0.9834989309310913,
            0.0
          ],
          [
            0.0,
            0.0,
            0.0,
            1.0
          ]
        ],
        "rotation_mode": "QUATERNION"
      },
      "armature_space": {
        "head": {
          "x": 0.001335456152446568,
          "y": 2.8327107429504395e-05,
          "z": 0.0001151151955127716
        },
        "tail": {
          "x": -0.03005136549472809,
          "y": -0.051118701696395874,
          "z": 0.4844159781932831
        }
      },
      "world_space": {
        "head": {
          "x": 0.001335456152446568,
          "y": 0.06327232718467712,
          "z": 0.9499691128730774
        },
        "tail": {
          "x": -0.03005136549472809,
          "y": 0.012125298380851746,
          "z": 1.4342700242996216
        },
        "rotation_quaternion": {
          "w": 0.6672902703285217,
          "x": 0.7432195544242859,
          "y": -0.04815469682216644,
          "z": -0.0054413918405771255
        },
        "matrix": [
          [
            0.9953030347824097,
            -0.06431709975004196,
            -0.0723550021648407,
            0.001335456152446568
          ],
          [
            -0.07884136587381363,
            -0.1048092246055603,
            -0.9913622736930847,
            0.06327232718467712
          ],
          [
            0.056178394705057144,
            0.9924172759056091,
            -0.10938949882984161,
            0.9499691128730774
          ],
          [
            0.0,
            0.0,
            0.0,
            1.0
          ]
        ]
      },
      "bone_length_armature_space": 0.48800457804955416,
      "parent": "Root",
      "has_children": true,
      "is_end_bone": false
    },
    "neck_01": {
      "name": "neck_01",
      "local": {
        "location": {
          "x": 0.0,
          "y": 0.0,
          "z": 0.0
        },
        "rotation_quaternion": {
          "w": 0.9742422103881836,
          "x": -0.15867210924625397,
          "y": 0.07928727567195892,
          "z": -0.1392437368631363
        },
        "scale": {
          "x": 1.0,
          "y": 1.0,
          "z": 1.0
        },
        "matrix_basis": [
          [
            0.9486494064331055,
            0.24615289270877838,
            0.19867821037769318,
            0.0
          ],
          [
            -0.2964756190776825,
            0.9108687043190002,
            0.28708961606025696,
            0.0
          ],
          [
            -0.11030182987451553,
            -0.3312506377696991,
            0.9370733499526978,
            0.0
          ],
          [
            0.0,
            0.0,
            0.0,
            1.0
          ]
        ],
        "rotation_mode": "QUATERNION"
      },
      "armature_space": {
        "head": {
          "x": -0.037269867956638336,
          "y": -0.093173548579216,
          "z": 0.553285539150238
        },
        "tail": {
          "x": -0.018775032833218575,
          "y": -0.10963956266641617,
          "z": 0.652772068977356
        }
      },
      "world_space": {
        "head": {
          "x": -0.037269867956638336,
          "y": -0.029929548501968384,
          "z": 1.5031394958496094
        },
        "tail": {
          "x": -0.018775032833218575,
          "y": -0.04639556258916855,
          "z": 1.602626085281372
        },
        "rotation_quaternion": {
          "w": 0.6380810141563416,
          "x": 0.7617395520210266,
          "y": 0.11201369017362595,
          "z": -0.007639426738023758
        },
        "matrix": [
          [
            0.9747890830039978,
            0.18039986491203308,
            0.1313101351261139,
            -0.037269867956638336
          ],
          [
            0.16090238094329834,
            -0.16061058640480042,
            -0.9738146066665649,
            -0.029929548501968384
          ],
          [
            -0.15458711981773376,
            0.9703984260559082,
            -0.1855904757976532,
            1.5031394958496094
          ],
          [
            0.0,
            0.0,
            0.0,
            1.0
          ]
        ]
      },
      "bone_length_armature_space": 0.10252198661809736,
      "parent": "spine_01",
      "has_children": true,
      "is_end_bone": false
    },
    "head": {
      "name": "head",
      "local": {
        "location": {
          "x": 0.0,
          "y": 0.0,
          "z": 0.0
        },
        "rotation_quaternion": {
          "w": 0.9959578514099121,
          "x": -0.026743968948721886,
          "y": -0.08531398326158524,
          "z": 0.008622849360108376
        },
        "scale": {
          "x": 1.0,
          "y": 1.0,
          "z": 1.0
        },
        "matrix_basis": [
          [
            0.9852943420410156,
            -0.012612720020115376,
            -0.1703994870185852,
            0.0
          ],
          [
            0.021739257499575615,
            0.9984208345413208,
            0.0518004335463047,
            0.0
          ],
          [
            0.16947704553604126,
            -0.05474302917718887,
            0.9840125441551208,
            0.0
          ],
          [
            0.0,
            0.0,
            0.0,
            1.0
          ]
        ],
        "rotation_mode": "QUATERNION"
      },
      "armature_space": {
        "head": {
          "x": -0.018775027245283127,
          "y": -0.10963969677686691,
          "z": 0.6527720093727112
        },
        "tail": {
          "x": -0.0036517390981316566,
          "y": -0.07043600082397461,
          "z": 0.8020625114440918
        }
      },
      "world_space": {
        "head": {
          "x": -0.018775027245283127,
          "y": -0.04639569669961929,
          "z": 1.602626085281372
        },
        "tail": {
          "x": -0.0036517390981316566,
          "y": -0.00719200074672699,
          "z": 1.751916527748108
        },
        "rotation_quaternion": {
          "w": 0.7905128598213196,
          "x": 0.6103994846343994,
          "y": 0.038459304720163345,
          "z": -0.031980324536561966
        },
        "matrix": [
          [
            0.9949964284896851,
            0.09751284867525101,
            0.02176302671432495,
            -0.018775027245283127
          ],
          [
            -0.003611251711845398,
            0.2527799606323242,
            -0.9675171971321106,
            -0.04639569669961929
          ],
          [
            -0.09984730184078217,
            0.9626044631004333,
            0.2518680691719055,
            1.602626085281372
          ],
          [
            0.0,
            0.0,
            0.0,
            1.0
          ]
        ]
      },
      "bone_length_armature_space": 0.1550912549270259,
      "parent": "neck_01",
      "has_children": false,
      "is_end_bone": true
    },
    "upperarm_l": {
      "name": "upperarm_l",
      "local": {
        "location": {
          "x": 0.0,
          "y": 0.0,
          "z": 0.0
        },
        "rotation_quaternion": {
          "w": 0.933936595916748,
          "x": -0.10912308841943741,
          "y": 0.25630703568458557,
          "z": -0.22396717965602875
        },
        "scale": {
          "x": 1.0,
          "y": 1.0,
          "z": 1.0
        },
        "matrix_basis": [
          [
            0.7682908177375793,
            0.3624042570590973,
            0.527629017829895,
            0.0
          ],
          [
            -0.47428032755851746,
            0.8758617043495178,
            0.08901936560869217,
            0.0
          ],
          [
            -0.42986905574798584,
            -0.31863680481910706,
            0.8447977304458618,
            0.0
          ],
          [
            0.0,
            0.0,
            0.0,
            1.0
          ]
        ],
        "rotation_mode": "QUATERNION"
      },
      "armature_space": {
        "head": {
          "x": 0.1161174476146698,
          "y": -0.10111735016107559,
          "z": 0.49466532468795776
        },
        "tail": {
          "x": 0.3574342727661133,
          "y": -0.012707330286502838,
          "z": 0.4187867045402527
        }
      },
      "world_space": {
        "head": {
          "x": 0.1161174476146698,
          "y": -0.03787335008382797,
          "z": 1.444519281387329
        },
        "tail": {
          "x": 0.3574342727661133,
          "y": 0.05053666979074478,
          "z": 1.368640661239624
        },
        "rotation_quaternion": {
          "w": 0.2612314820289612,
          "x": 0.4674505591392517,
          "y": 0.7724778056144714,
          "z": -0.34135928750038147
        },
        "matrix": [
          [
            -0.42649543285369873,
            0.9005385637283325,
            0.08445189148187637,
            0.1161174476146698
          ],
          [
            0.5438438057899475,
            0.3299257755279541,
            -0.7716107964515686,
            -0.03787335008382797
          ],
          [
            -0.7227324843406677,
            -0.2831614911556244,
            -0.6304693222045898,
            1.444519281387329
          ],
          [
            0.0,
            0.0,
            0.0,
            1.0
          ]
        ]
      },
      "bone_length_armature_space": 0.26796959777481055,
      "parent": "spine_01",
      "has_children": true,
      "is_end_bone": false
    },
    "lowerarm_l": {
      "name": "lowerarm_l",
      "local": {
        "location": {
          "x": 0.0,
          "y": 0.0,
          "z": 0.0
        },
        "rotation_quaternion": {
          "w": 0.9773036241531372,
          "x": 0.09663765132427216,
          "y": 0.09465885162353516,
          "z": -0.16302935779094696
        },
        "scale": {
          "x": 1.0,
          "y": 1.0,
          "z": 1.0
        },
        "matrix_basis": [
          [
            0.9289222359657288,
            0.3369535803794861,
            0.15351133048534393,
            0.0
          ],
          [
            -0.300363153219223,
            0.9281651973724365,
            -0.21975299715995789,
            0.0
          ],
          [
            -0.2165304273366928,
            0.15802431106567383,
            0.963401734828949,
            0.0
          ],
          [
            0.0,
            0.0,
            0.0,
            1.0
          ]
        ],
        "rotation_mode": "QUATERNION"
      },
      "armature_space": {
        "head": {
          "x": 0.35743439197540283,
          "y": -0.012707404792308807,
          "z": 0.4187867343425751
        },
        "tail": {
          "x": 0.5576517581939697,
          "y": 0.03984292224049568,
          "z": 0.24931345880031586
        }
      },
      "world_space": {
        "head": {
          "x": 0.35743439197540283,
          "y": 0.05053659528493881,
          "z": 1.3686407804489136
        },
        "tail": {
          "x": 0.5576517581939697,
          "y": 0.103086918592453,
          "z": 1.1991674900054932
        },
        "rotation_quaternion": {
          "w": 0.10899104177951813,
          "x": 0.42127856612205505,
          "y": 0.7657269239425659,
          "z": -0.47361135482788086
        },
        "matrix": [
          [
            -0.6212893128395081,
            0.7484077215194702,
            -0.23213224112987518,
            0.35743439197540283
          ],
          [
            0.5419321656227112,
            0.19643184542655945,
            -0.8171440362930298,
            0.05053659528493881
          ],
          [
            -0.5659620761871338,
            -0.6334869861602783,
            -0.527631938457489,
            1.3686407804489136
          ],
          [
            0.0,
            0.0,
            0.0,
            1.0
          ]
        ]
      },
      "bone_length_armature_space": 0.2675251764793737,
      "parent": "upperarm_l",
      "has_children": true,
      "is_end_bone": false
    },
    "metacarpal_thumb_l": {
      "name": "metacarpal_thumb_l",
      "local": {
        "location": {
          "x": 0.0,
          "y": 0.0,
          "z": 0.0
        },
        "rotation_quaternion": {
          "w": 0.999717116355896,
          "x": -0.015600895509123802,
          "y": -0.013596666045486927,
          "z": -0.011731074191629887
        },
        "scale": {
          "x": 1.0,
          "y": 1.0,
          "z": 1.0
        },
        "matrix_basis": [
          [
            0.9993550181388855,
            0.023879751563072205,
            -0.026819609105587006,
            0.0
          ],
          [
            -0.023031270131468773,
            0.9992380142211914,
            0.03151196986436844,
            0.0
          ],
          [
            0.027551669627428055,
            -0.03087395802140236,
            0.9991434812545776,
            0.0
          ],
          [
            0.0,
            0.0,
            0.0,
            1.0
          ]
        ],
        "rotation_mode": "QUATERNION"
      },
      "armature_space": {
        "head": {
          "x": 0.5576517581939697,
          "y": 0.03984292224049568,
          "z": 0.24931345880031586
        },
        "tail": {
          "x": 0.576295018196106,
          "y": 0.028756778687238693,
          "z": 0.20478099584579468
        }
      },
      "world_space": {
        "head": {
          "x": 0.5576517581939697,
          "y": 0.103086918592453,
          "z": 1.1991674900054932
        },
        "tail": {
          "x": 0.576295018196106,
          "y": 0.09200078248977661,
          "z": 1.154634952545166
        },
        "rotation_quaternion": {
          "w": 0.4726046919822693,
          "x": -0.7442104816436768,
          "y": -0.4058811366558075,
          "z": 0.2409483939409256
        },
        "matrix": [
          [
            0.554407000541687,
            0.37637555599212646,
            -0.7422763109207153,
            0.5576517581939697
          ],
          [
            0.8318698406219482,
            -0.22381028532981873,
            0.5078402161598206,
            0.103086918592453
          ],
          [
            0.025010764598846436,
            -0.8990340232849121,
            -0.4371800124645233,
            1.1991674900054932
          ],
          [
            0.0,
            0.0,
            0.0,
            1.0
          ]
        ]
      },
      "bone_length_armature_space": 0.04953396914308034,
      "parent": "lowerarm_l",
      "has_children": true,
      "is_end_bone": false
    },
    "thumb_01_l": {
      "name": "thumb_01_l",
      "local": {
        "location": {
          "x": 0.0,
          "y": 0.0,
          "z": 0.0
        },
        "rotation_quaternion": {
          "w": 0.9997069835662842,
          "x": 0.022717854008078575,
          "y": -0.006664408836513758,
          "z": -0.005065545905381441
        },
        "scale": {
          "x": 1.0,
          "y": 1.0,
          "z": 1.0
        },
        "matrix_basis": [
          [
            0.9998598694801331,
            0.009825320914387703,
            -0.013555068522691727,
            0.0
          ],
          [
            -0.010430925525724888,
            0.998916506767273,
            -0.045354876667261124,
            0.0
          ],
          [
            0.013094755820930004,
            0.04548991098999977,
            0.9988789558410645,
            0.0
          ],
          [
            0.0,
            0.0,
            0.0,
            1.0
          ]
        ],
        "rotation_mode": "QUATERNION"
      },
      "armature_space": {
        "head": {
          "x": 0.576295018196106,
          "y": 0.028756778687238693,
          "z": 0.20478099584579468
        },
        "tail": {
          "x": 0.5648093223571777,
          "y": 0.034258514642715454,
          "z": 0.17321442067623138
        }
      },
      "world_space": {
        "head": {
          "x": 0.576295018196106,
          "y": 0.09200078248977661,
          "z": 1.154634952545166
        },
        "tail": {
          "x": 0.5648093223571777,
          "y": 0.09750251471996307,
          "z": 1.1230684518814087
        },
        "rotation_quaternion": {
          "w": 0.6897631883621216,
          "x": -0.6448065042495728,
          "y": 0.3241036534309387,
          "z": -0.05837971717119217
        },
        "matrix": [
          [
            0.7830957770347595,
            -0.33743178844451904,
            0.5223990082740784,
            0.576295018196106
          ],
          [
            -0.49850720167160034,
            0.16163238883018494,
            0.8516840934753418,
            0.09200078248977661
          ],
          [
            -0.37182489037513733,
            -0.9273763298988342,
            -0.041637882590293884,
            1.154634952545166
          ],
          [
            0.0,
            0.0,
            0.0,
            1.0
          ]
        ]
      },
      "bone_length_armature_space": 0.034038786447453125,
      "parent": "metacarpal_thumb_l",
      "has_children": true,
      "is_end_bone": false
    },
    "thumb_02_l": {
      "name": "thumb_02_l",
      "local": {
        "location": {
          "x": 0.0,
          "y": 0.0,
          "z": 0.0
        },
        "rotation_quaternion": {
          "w": 0.9944162368774414,
          "x": 0.1052408218383789,
          "y": -0.003334158333018422,
          "z": -0.007043756544589996
        },
        "scale": {
          "x": 1.0,
          "y": 1.0,
          "z": 1.0
        },
        "matrix_basis": [
          [
            0.9998785257339478,
            0.013307072222232819,
            -0.008113663643598557,
            0.0
          ],
          [
            -0.014710631221532822,
            0.9777495265007019,
            -0.20925939083099365,
            0.0
          ],
          [
            0.005148501135408878,
            0.20935332775115967,
            0.9778264760971069,
            0.0
          ],
          [
            0.0,
            0.0,
            0.0,
            1.0
          ]
        ],
        "rotation_mode": "QUATERNION"
      },
      "armature_space": {
        "head": {
          "x": 0.5648093223571777,
          "y": 0.03425849229097366,
          "z": 0.17321445047855377
        },
        "tail": {
          "x": 0.5962980389595032,
          "y": 0.045328542590141296,
          "z": 0.15087392926216125
        }
      },
      "world_space": {
        "head": {
          "x": 0.5648093223571777,
          "y": 0.09750249236822128,
          "z": 1.1230684518814087
        },
        "tail": {
          "x": 0.5962980389595032,
          "y": 0.10857254266738892,
          "z": 1.100727915763855
        },
        "rotation_quaternion": {
          "w": 0.7644837498664856,
          "x": -0.1913570761680603,
          "y": 0.23102866113185883,
          "z": -0.5705899596214294
        },
        "matrix": [
          [
            0.24210390448570251,
            0.7839962244033813,
            0.5716078281402588,
            0.5648093223571777
          ],
          [
            -0.9608318209648132,
            0.27561843395233154,
            0.028931543231010437,
            0.09750249236822128
          ],
          [
            -0.13486534357070923,
            -0.556226909160614,
            0.820022702217102,
            1.1230684518814087
          ],
          [
            0.0,
            0.0,
            0.0,
            1.0
          ]
        ]
      },
      "bone_length_armature_space": 0.040164465099288636,
      "parent": "thumb_01_l",
      "has_children": true,
      "is_end_bone": false
    },
    "thumb_03_l": {
      "name": "thumb_03_l",
      "local": {
        "location": {
          "x": 0.0,
          "y": 0.0,
          "z": 0.0
        },
        "rotation_quaternion": {
          "w": 0.9991980791091919,
          "x": 0.040012527257204056,
          "y": -0.0014102599816396832,
          "z": 0.000635594769846648
        },
        "scale": {
          "x": 1.0,
          "y": 1.0,
          "z": 1.0
        },
        "matrix_basis": [
          [
            0.999995231628418,
            -0.0013830262469127774,
            -0.0027673945296555758,
            0.0
          ],
          [
            0.0011573140509426594,
            0.9967972040176392,
            -0.07996267080307007,
            0.0
          ],
          [
            0.002869121730327606,
            0.07995908707380295,
            0.9967940449714661,
            0.0
          ],
          [
            0.0,
            0.0,
            0.0,
            1.0
          ]
        ],
        "rotation_mode": "QUATERNION"
      },
      "armature_space": {
        "head": {
          "x": 0.5962979793548584,
          "y": 0.045328475534915924,
          "z": 0.15087389945983887
        },
        "tail": {
          "x": 0.6234984993934631,
          "y": 0.05726772919297218,
          "z": 0.14420469105243683
        }
      },
      "world_space": {
        "head": {
          "x": 0.5962979793548584,
          "y": 0.10857247561216354,
          "z": 1.100727915763855
        },
        "tail": {
          "x": 0.6234984993934631,
          "y": 0.1205117255449295,
          "z": 1.0940587520599365
        },
        "rotation_quaternion": {
          "w": 0.7802149653434753,
          "x": 0.06689906120300293,
          "y": 0.2955424189567566,
          "z": -0.5472148060798645
        },
        "matrix": [
          [
            0.2264205515384674,
            0.8934342861175537,
            0.3879547417163849,
            0.5962979793548584
          ],
          [
            -0.814347505569458,
            0.3921595811843872,
            -0.4278428256511688,
            0.10857247561216354
          ],
          [
            -0.5343942046165466,
            -0.21905849874019623,
            0.8163642883300781,
            1.100727915763855
          ],
          [
            0.0,
            0.0,
            0.0,
            1.0
          ]
        ]
      },
      "bone_length_armature_space": 0.03044490726918737,
      "parent": "thumb_02_l",
      "has_children": false,
      "is_end_bone": true
    },
    "metacarpal_index_l": {
      "name": "metacarpal_index_l",
      "local": {
        "location": {
          "x": 0.0,
          "y": 0.0,
          "z": 0.0
        },
        "rotation_quaternion": {
          "w": 0.9995535016059875,
          "x": -0.02048066258430481,
          "y": 0.016442663967609406,
          "z": -0.014255158603191376
        },
        "scale": {
          "x": 1.0,
          "y": 1.0,
          "z": 1.0
        },
        "matrix_basis": [
          [
            0.999052882194519,
            0.027824074029922485,
            0.03345455601811409,
            0.0
          ],
          [
            -0.02917109988629818,
            0.9987546801567078,
            0.04047425091266632,
            0.0
          ],
          [
            -0.03228673338890076,
            -0.04141182079911232,
            0.9986203908920288,
            0.0
          ],
          [
            0.0,
            0.0,
            0.0,
            1.0
          ]
        ],
        "rotation_mode": "QUATERNION"
      },
      "armature_space": {
        "head": {
          "x": 0.5576517581939697,
          "y": 0.03984292224049568,
          "z": 0.24931345880031586
        },
        "tail": {
          "x": 0.6327700614929199,
          "y": 0.03921513259410858,
          "z": 0.15939024090766907
        }
      },
      "world_space": {
        "head": {
          "x": 0.5576517581939697,
          "y": 0.103086918592453,
          "z": 1.1991674900054932
        },
        "tail": {
          "x": 0.6327700614929199,
          "y": 0.1024591326713562,
          "z": 1.1092442274093628
        },
        "rotation_quaternion": {
          "w": 0.2935062348842621,
          "x": -0.6397653222084045,
          "y": -0.6412302255630493,
          "z": 0.30557870864868164
        },
        "matrix": [
          [
            -0.009105576202273369,
            0.6410955190658569,
            -0.7674070596694946,
            0.5576517581939697
          ],
          [
            0.9998522996902466,
            -0.005357854999601841,
            -0.016339462250471115,
            0.103086918592453
          ],
          [
            -0.014585684984922409,
            -0.7674479484558105,
            -0.6409565210342407,
            1.1991674900054932
          ],
          [
            0.0,
            0.0,
            0.0,
            1.0
          ]
        ]
      },
      "bone_length_armature_space": 0.11717226081528212,
      "parent": "lowerarm_l",
      "has_children": true,
      "is_end_bone": false
    },
    "index_01_l": {
      "name": "index_01_l",
      "local": {
        "location": {
          "x": 0.0,
          "y": 0.0,
          "z": 0.0
        },
        "rotation_quaternion": {
          "w": 0.9961555600166321,
          "x": -0.0869995504617691,
          "y": 0.009557842276990414,
          "z": 0.003719886764883995
        },
        "scale": {
          "x": 1.0,
          "y": 1.0,
          "z": 1.0
        },
        "matrix_basis": [
          [
            0.9997895956039429,
            -0.009074227884411812,
            0.018394937738776207,
            0.0
          ],
          [
            0.005748115945607424,
            0.9848344922065735,
            0.17340128123760223,
            0.0
          ],
          [
            -0.019689451903104782,
            -0.17325906455516815,
            0.9846794605255127,
            0.0
          ],
          [
            0.0,
            0.0,
            0.0,
            1.0
          ]
        ],
        "rotation_mode": "QUATERNION"
      },
      "armature_space": {
        "head": {
          "x": 0.6327700614929199,
          "y": 0.03921513259410858,
          "z": 0.15939024090766907
        },
        "tail": {
          "x": 0.6557186841964722,
          "y": 0.04835798963904381,
          "z": 0.14514800906181335
        }
      },
      "world_space": {
        "head": {
          "x": 0.6327700614929199,
          "y": 0.1024591326713562,
          "z": 1.1092442274093628
        },
        "tail": {
          "x": 0.6557186841964722,
          "y": 0.11160199344158173,
          "z": 1.0950020551681519
        },
        "rotation_quaternion": {
          "w": 0.2699887752532959,
          "x": -0.5691834092140198,
          "y": -0.7664377689361572,
          "z": 0.12533794343471527
        },
        "matrix": [
          [
            -0.2062712460756302,
            0.8048087358474731,
            -0.5565386414527893,
            0.6327700614929199
          ],
          [
            0.9401671886444092,
            0.32064032554626465,
            0.11522066593170166,
            0.1024591326713562
          ],
          [
            0.2711823582649231,
            -0.4994756579399109,
            -0.8227992057800293,
            1.1092442274093628
          ],
          [
            0.0,
            0.0,
            0.0,
            1.0
          ]
        ]
      },
      "bone_length_armature_space": 0.028514422410108136,
      "parent": "metacarpal_index_l",
      "has_children": true,
      "is_end_bone": false
    },
    "index_02_l": {
      "name": "index_02_l",
      "local": {
        "location": {
          "x": 0.0,
          "y": 0.0,
          "z": 0.0
        },
        "rotation_quaternion": {
          "w": 0.9825748801231384,
          "x": 0.18556737899780273,
          "y": 0.009260901249945164,
          "z": 0.0050674183294177055
        },
        "scale": {
          "x": 1.0,
          "y": 1.0,
          "z": 1.0
        },
        "matrix_basis": [
          [
            0.9997771382331848,
            -0.006521193776279688,
            0.020079752430319786,
            0.0
          ],
          [
            0.013395278714597225,
            0.9310781359672546,
            -0.3645738363265991,
            0.0
          ],
          [
            -0.016318362206220627,
            0.3647615611553192,
            0.9309579730033875,
            0.0
          ],
          [
            0.0,
            0.0,
            0.0,
            1.0
          ]
        ],
        "rotation_mode": "QUATERNION"
      },
      "armature_space": {
        "head": {
          "x": 0.6557188630104065,
          "y": 0.048357926309108734,
          "z": 0.14514750242233276
        },
        "tail": {
          "x": 0.6704787015914917,
          "y": 0.057068921625614166,
          "z": 0.12605926394462585
        }
      },
      "world_space": {
        "head": {
          "x": 0.6557188630104065,
          "y": 0.11160192638635635,
          "z": 1.095001459121704
        },
        "tail": {
          "x": 0.6704787015914917,
          "y": 0.12031292170286179,
          "z": 1.0759133100509644
        },
        "rotation_quaternion": {
          "w": 0.34249424934387207,
          "x": -0.509493887424469,
          "y": -0.7432911992073059,
          "z": 0.2657667398452759
        },
        "matrix": [
          [
            -0.24622561037540436,
            0.5753589868545532,
            -0.7799583673477173,
            0.6557188630104065
          ],
          [
            0.9394525289535522,
            0.33956673741340637,
            -0.04608495533466339,
            0.11160192638635635
          ],
          [
            0.23833534121513367,
            -0.7440857887268066,
            -0.6241369247436523,
            1.095001459121704
          ],
          [
            0.0,
            0.0,
            0.0,
            1.0
          ]
        ]
      },
      "bone_length_armature_space": 0.025653364609651723,
      "parent": "index_01_l",
      "has_children": true,
      "is_end_bone": false
    },
    "index_03_l": {
      "name": "index_03_l",
      "local": {
        "location": {
          "x": 0.0,
          "y": 0.0,
          "z": 0.0
        },
        "rotation_quaternion": {
          "w": 0.977798581123352,
          "x": 0.2094879448413849,
          "y": 0.0043992213904857635,
          "z": -0.002317375037819147
        },
        "scale": {
          "x": 1.0,
          "y": 1.0,
          "z": 1.0
        },
        "matrix_basis": [
          [
            0.9999505281448364,
            0.006375019904226065,
            0.007632180582731962,
            0.0
          ],
          [
            -0.002688684267923236,
            0.9122188687324524,
            -0.4096944332122803,
            0.0
          ],
          [
            -0.009574029594659805,
            0.4096536338329315,
            0.9121909141540527,
            0.0
          ],
          [
            0.0,
            0.0,
            0.0,
            1.0
          ]
        ],
        "rotation_mode": "QUATERNION"
      },
      "armature_space": {
        "head": {
          "x": 0.6704788208007812,
          "y": 0.057068902999162674,
          "z": 0.1260593682527542
        },
        "tail": {
          "x": 0.6731013059616089,
          "y": 0.06820321083068848,
          "z": 0.09917274117469788
        }
      },
      "world_space": {
        "head": {
          "x": 0.6704788208007812,
          "y": 0.12031289935112,
          "z": 1.075913429260254
        },
        "tail": {
          "x": 0.6731013059616089,
          "y": 0.1314472109079361,
          "z": 1.0490267276763916
        },
        "rotation_quaternion": {
          "w": 0.4962732195854187,
          "x": -0.37397298216819763,
          "y": -0.6665186882019043,
          "z": 0.41183727979660034
        },
        "matrix": [
          [
            -0.2277151644229889,
            0.08975473046302795,
            -0.9695823192596436,
            0.6704788208007812
          ],
          [
            0.9072879552841187,
            0.38106799125671387,
            -0.17780901491641998,
            0.12031289935112
          ],
          [
            0.3535211682319641,
            -0.9201861619949341,
            -0.1682097613811493,
            1.075913429260254
          ],
          [
            0.0,
            0.0,
            0.0,
            1.0
          ]
        ]
      },
      "bone_length_armature_space": 0.029218846033356227,
      "parent": "index_02_l",
      "has_children": false,
      "is_end_bone": true
    },
    "metacarpal_pinky_l": {
      "name": "metacarpal_pinky_l",
      "local": {
        "location": {
          "x": 0.0,
          "y": 0.0,
          "z": 0.0
        },
        "rotation_quaternion": {
          "w": 0.9982094168663025,
          "x": -0.05795756354928017,
          "y": -0.005407295189797878,
          "z": -0.013770096004009247
        },
        "scale": {
          "x": 1.0,
          "y": 1.0,
          "z": 1.0
        },
        "matrix_basis": [
          [
            0.9995622634887695,
            0.028117666020989418,
            -0.009199063293635845,
            0.0
          ],
          [
            -0.02686409093439579,
            0.9929026365280151,
            0.11585649102926254,
            0.0
          ],
          [
            0.012391388416290283,
            -0.11555865406990051,
            0.9932233691215515,
            0.0
          ],
          [
            0.0,
            0.0,
            0.0,
            1.0
          ]
        ],
        "rotation_mode": "QUATERNION"
      },
      "armature_space": {
        "head": {
          "x": 0.5576517581939697,
          "y": 0.03984292224049568,
          "z": 0.24931345880031586
        },
        "tail": {
          "x": 0.6305773258209229,
          "y": 0.09212207794189453,
          "z": 0.1964741200208664
        }
      },
      "world_space": {
        "head": {
          "x": 0.5576517581939697,
          "y": 0.103086918592453,
          "z": 1.1991674900054932
        },
        "tail": {
          "x": 0.6305773258209229,
          "y": 0.15536607801914215,
          "z": 1.146328091621399
        },
        "rotation_quaternion": {
          "w": 0.6396140456199646,
          "x": 0.05655544996261597,
          "y": 0.5847409963607788,
          "z": -0.49575531482696533
        },
        "matrix": [
          [
            -0.17539207637310028,
            0.7003270983695984,
            0.6919389367103577,
            0.5576517581939697
          ],
          [
            -0.5680440068244934,
            0.502052903175354,
            -0.652126669883728,
            0.103086918592453
          ],
          [
            -0.8040983080863953,
            -0.5074325799942017,
            0.3097618818283081,
            1.1991674900054932
          ],
          [
            0.0,
            0.0,
            0.0,
            1.0
          ]
        ]
      },
      "bone_length_armature_space": 0.10413089910501257,
      "parent": "lowerarm_l",
      "has_children": true,
      "is_end_bone": false
    },
    "pinky_01_l": {
      "name": "pinky_01_l",
      "local": {
        "location": {
          "x": 0.0,
          "y": 0.0,
          "z": 0.0
        },
        "rotation_quaternion": {
          "w": 0.9998219013214111,
          "x": 0.017410246655344963,
          "y": -0.00573003338649869,
          "z": -0.00451673986390233
        },
        "scale": {
          "x": 1.0,
          "y": 1.0,
          "z": 1.0
        },
        "matrix_basis": [
          [
            0.9998935461044312,
            0.008832348510622978,
            -0.011615300551056862,
            0.0
          ],
          [
            -0.009231393225491047,
            0.9993529915809631,
            -0.03476253151893616,
            0.0
          ],
          [
            0.011300751008093357,
            0.034866053611040115,
            0.999328076839447,
            0.0
          ],
          [
            0.0,
            0.0,
            0.0,
            1.0
          ]
        ],
        "rotation_mode": "QUATERNION"
      },
      "armature_space": {
        "head": {
          "x": 0.6305773258209229,
          "y": 0.09212207794189453,
          "z": 0.1964741200208664
        },
        "tail": {
