{
  "metadata": {
    "armature_name": "KIM_caucasian_male",
    "export_time": "2026-01-13T20:25:27.627753",
    "blender_version": "4.4.1",
    "bone_count": 56,
    "end_bone_count": 13,
    "spaces_included": [
      "LOCAL_CHANNELS",
      "ARMATURE_SPACE",
      "WORLD_SPACE"
    ],
    "note": "LOCAL matches Transform panel; replay pose via local.matrix_basis for best fidelity."
  },
  "bones": {
    "Root": {
      "name": "Root",
      "local": {
        "location": {
          "x": 0.0,
          "y": 0.0,
          "z": 0.0
        },
        "rotation_quaternion": {
          "w": 0.9997839331626892,
          "x": 0.005096096079796553,
          "y": -0.0010258447146043181,
          "z": -0.02012787014245987
        },
        "scale": {
          "x": 1.0,
          "y": 1.0,
          "z": 1.0
        },
        "matrix_basis": [
          [
            0.9991876482963562,
            0.040236588567495346,
            -0.002256393199786544,
            0.0
          ],
          [
            -0.04025749862194061,
            0.999137818813324,
            -0.010148693807423115,
            0.0
          ],
          [
            0.0018460990395396948,
            0.01023128628730774,
            0.9999459385871887,
            0.0
          ],
          [
            0.0,
            0.0,
            0.0,
            1.0
          ]
        ],
        "rotation_mode": "QUATERNION"
      },
      "armature_space": {
        "head": {
          "x": 0.0,
          "y": 0.07072800397872925,
          "z": -0.009595036506652832
        },
        "tail": {
          "x": 0.002871921518817544,
          "y": -3.7185847759246826e-05,
          "z": -0.0007319161668419838
        }
      },
      "world_space": {
        "head": {
          "x": 0.0,
          "y": 0.13397200405597687,
          "z": 0.9402589797973633
        },
        "tail": {
          "x": 0.002871921518817544,
          "y": 0.06320681422948837,
          "z": 0.9491220712661743
        },
        "rotation_quaternion": {
          "w": 0.062268584966659546,
          "x": 0.9978559017181396,
          "y": 0.02001303806900978,
          "z": -0.0023794861044734716
        },
        "matrix": [
          [
            0.9991876482963562,
            0.040236588567495346,
            -0.002256393199786544,
            0.0
          ],
          [
            0.039643917232751846,
            -0.9914441704750061,
            -0.12436584383249283,
            0.13397200405597687
          ],
          [
            -0.0072411587461829185,
            0.1241753026843071,
            -0.9922409057617188,
            0.9402589797973633
          ],
          [
            0.0,
            0.0,
            0.0,
            1.0
          ]
        ]
      },
      "bone_length_armature_space": 0.07137587133443642,
      "parent": null,
      "has_children": true,
      "is_end_bone": false
    },
    "spine_01": {
      "name": "spine_01",
      "local": {
        "location": {
          "x": 0.0,
          "y": 0.0,
          "z": 0.0
        },
        "rotation_quaternion": {
          "w": 0.9968001842498779,
          "x": -0.018395135179162025,
          "y": -0.0474490225315094,
          "z": 0.06164196506142616
        },
        "scale": {
          "x": 1.0,
          "y": 1.0,
          "z": 1.0
        },
        "matrix_basis": [
          [
            0.9878976941108704,
            -0.12114378064870834,
            -0.09686221182346344,
            0.0
          ],
          [
            0.12463510781526566,
            0.9917237758636475,
            0.03082284703850746,
            0.0
          ],
          [
            0.0923265665769577,
            -0.04252225160598755,
            0.9948204159736633,
            0.0
          ],
          [
            0.0,
            0.0,
            0.0,
            1.0
          ]
        ],
        "rotation_mode": "QUATERNION"
      },
      "armature_space": {
        "head": {
          "x": 0.002871921518817544,
          "y": -3.7185847759246826e-05,
          "z": -0.0007319161668419838
        },
        "tail": {
          "x": -0.05422516167163849,
          "y": 0.036085426807403564,
          "z": 0.4825729727745056
        }
      },
      "world_space": {
        "head": {
          "x": 0.002871921518817544,
          "y": 0.06320681422948837,
          "z": 0.9491220712661743
        },
        "tail": {
          "x": -0.05422516167163849,
          "y": 0.09932942688465118,
          "z": 1.432426929473877
        },
        "rotation_quaternion": {
          "w": 0.7302811145782471,
          "x": 0.6800285577774048,
          "y": -0.06082846596837044,
          "z": 0.02346475049853325
        },
        "matrix": [
          [
            0.9914986491203308,
            -0.11700192838907242,
            -0.05692960321903229,
            0.002871921518817544
          ],
          [
            -0.04845766723155975,
            0.07402156293392181,
            -0.9960786700248718,
            0.06320681422948837
          ],
          [
            0.12075794488191605,
            0.990376353263855,
            0.06772221624851227,
            0.9491220712661743
          ],
          [
            0.0,
            0.0,
            0.0,
            1.0
          ]
        ]
      },
      "bone_length_armature_space": 0.488004646037368,
      "parent": "Root",
      "has_children": true,
      "is_end_bone": false
    },
    "neck_01": {
      "name": "neck_01",
      "local": {
        "location": {
          "x": 0.0,
          "y": 0.0,
          "z": 0.0
        },
        "rotation_quaternion": {
          "w": 0.9859062433242798,
          "x": -0.13439342379570007,
          "y": 0.03731368109583855,
          "z": -0.0923851877450943
        },
        "scale": {
          "x": 1.0,
          "y": 1.0,
          "z": 1.0
        },
        "matrix_basis": [
          [
            0.9801453351974487,
            0.1721368432044983,
            0.09840750694274902,
            0.0
          ],
          [
            -0.19219569861888885,
            0.946806788444519,
            0.2581041753292084,
            0.0
          ],
          [
            -0.048743657767772675,
            -0.27189308404922485,
            0.9610921740531921,
            0.0
          ],
          [
            0.0,
            0.0,
            0.0,
            1.0
          ]
        ],
        "rotation_mode": "QUATERNION"
      },
      "armature_space": {
        "head": {
          "x": -0.06476620584726334,
          "y": 0.006960723549127579,
          "z": 0.5574354529380798
        },
        "tail": {
          "x": -0.0595967173576355,
          "y": 0.0024565402418375015,
          "z": 0.6597279906272888
        }
      },
      "world_space": {
        "head": {
          "x": -0.06476620584726334,
          "y": 0.0702047199010849,
          "z": 1.5072894096374512
        },
        "tail": {
          "x": -0.0595967173576355,
          "y": 0.06570053845643997,
          "z": 1.6095819473266602
        },
        "rotation_quaternion": {
          "w": 0.6904041767120361,
          "x": 0.7224695086479187,
          "y": 0.037078775465488434,
          "z": 0.0022834884002804756
        },
        "matrix": [
          [
            0.997239887714386,
            0.05042354390025139,
            0.05449851602315903,
            -0.06476620584726334
          ],
          [
            0.05672992765903473,
            -0.04393410682678223,
            -0.9974225163459778,
            0.0702047199010849
          ],
          [
            -0.047899506986141205,
            0.9977681636810303,
            -0.046674638986587524,
            1.5072894096374512
          ],
          [
            0.0,
            0.0,
            0.0,
            1.0
          ]
        ]
      },
      "bone_length_armature_space": 0.10252206741710207,
      "parent": "spine_01",
      "has_children": true,
      "is_end_bone": false
    },
    "head": {
      "name": "head",
      "local": {
        "location": {
          "x": 0.0,
          "y": 0.0,
          "z": 0.0
        },
        "rotation_quaternion": {
          "w": 0.9841639995574951,
          "x": -0.10753235965967178,
          "y": 0.0976397842168808,
          "z": 0.10161026567220688
        },
        "scale": {
          "x": 1.0,
          "y": 1.0,
          "z": 1.0
        },
        "matrix_basis": [
          [
            0.960283637046814,
            -0.22100120782852173,
            0.1703343391418457,
            0.0
          ],
          [
            0.17900346219539642,
            0.956224262714386,
            0.23150135576725006,
            0.0
          ],
          [
            -0.2140399068593979,
            -0.1918165385723114,
            0.9578065276145935,
            0.0
          ],
          [
            0.0,
            0.0,
            0.0,
            1.0
          ]
        ],
        "rotation_mode": "QUATERNION"
      },
      "armature_space": {
        "head": {
          "x": -0.0595967136323452,
          "y": 0.002456387970596552,
          "z": 0.659727931022644
        },
        "tail": {
          "x": -0.0917920470237732,
          "y": 0.07613832503557205,
          "z": 0.7923464775085449
        }
      },
      "world_space": {
        "head": {
          "x": -0.0595967136323452,
          "y": 0.06570038944482803,
          "z": 1.6095819473266602
        },
        "tail": {
          "x": -0.0917920470237732,
          "y": 0.13938233256340027,
          "z": 1.742200493812561
        },
        "rotation_quaternion": {
          "w": 0.8571588397026062,
          "x": 0.48941028118133545,
          "y": 0.05314106494188309,
          "z": 0.15143418312072754
        },
        "matrix": [
          [
            0.9484872221946716,
            -0.20759102702140808,
            0.23932835459709167,
            -0.0595967136323452
          ],
          [
            0.3116227388381958,
            0.4750908315181732,
            -0.8229095935821533,
            0.06570038944482803
          ],
          [
            0.057126663625240326,
            0.8551058173179626,
            0.515310525894165,
            1.6095819473266602
          ],
          [
            0.0,
            0.0,
            0.0,
            1.0
          ]
        ]
      },
      "bone_length_armature_space": 0.15509108791294723,
      "parent": "neck_01",
      "has_children": false,
      "is_end_bone": true
    },
    "upperarm_l": {
      "name": "upperarm_l",
      "local": {
        "location": {
          "x": 0.0,
          "y": 0.0,
          "z": 0.0
        },
        "rotation_quaternion": {
          "w": 0.9224012494087219,
          "x": 0.32324284315109253,
          "y": -0.2096686065196991,
          "z": -0.02700231224298477
        },
        "scale": {
          "x": 1.0,
          "y": 1.0,
          "z": 1.0
        },
        "matrix_basis": [
          [
            0.9106199145317078,
            -0.0857338234782219,
            -0.4042537808418274,
            0.0
          ],
          [
            -0.18536168336868286,
            0.7895698547363281,
            -0.5849961042404175,
            0.0
          ],
          [
            0.36934056878089905,
            0.6076422929763794,
            0.7031062841415405,
            0.0
          ],
          [
            0.0,
            0.0,
            0.0,
            1.0
          ]
        ],
        "rotation_mode": "QUATERNION"
      },
      "armature_space": {
        "head": {
          "x": 0.09164047986268997,
          "y": -0.008459372445940971,
          "z": 0.5092041492462158
        },
        "tail": {
          "x": 0.29747316241264343,
          "y": -0.172291561961174,
          "z": 0.5601900219917297
        }
      },
      "world_space": {
        "head": {
          "x": 0.09164047986268997,
          "y": 0.0547846257686615,
          "z": 1.459058165550232
        },
        "tail": {
          "x": 0.29747316241264343,
          "y": -0.10904756188392639,
          "z": 1.5100440979003906
        },
        "rotation_quaternion": {
          "w": 0.40760719776153564,
          "x": 0.5312716960906982,
          "y": 0.16782023012638092,
          "z": -0.723493754863739
        },
        "matrix": [
          [
            -0.10321272164583206,
            0.7681200504302979,
            -0.6319325566291809,
            0.09164047986268997
          ],
          [
            -0.4114869236946106,
            -0.611383855342865,
            -0.6759352684020996,
            0.0547846257686615
          ],
          [
            -0.9055594205856323,
            0.19026753306388855,
            0.37917596101760864,
            1.459058165550232
          ],
          [
            0.0,
            0.0,
            0.0,
            1.0
          ]
        ]
      },
      "bone_length_armature_space": 0.26796947787077563,
      "parent": "spine_01",
      "has_children": true,
      "is_end_bone": false
    },
    "lowerarm_l": {
      "name": "lowerarm_l",
      "local": {
        "location": {
          "x": 0.0,
          "y": 0.0,
          "z": 0.0
        },
        "rotation_quaternion": {
          "w": 0.8537585735321045,
          "x": 0.49391043186187744,
          "y": -0.15087291598320007,
          "z": 0.0662296712398529
        },
        "scale": {
          "x": 1.0,
          "y": 1.0,
          "z": 1.0
        },
        "matrix_basis": [
          [
            0.9457020163536072,
            -0.262123703956604,
            -0.19219504296779633,
            0.0
          ],
          [
            -0.03594711422920227,
            0.503332257270813,
            -0.8633450865745544,
            0.0
          ],
          [
            0.3230411410331726,
            0.8233759999275208,
            0.46657970547676086,
            0.0
          ],
          [
            0.0,
            0.0,
            0.0,
            1.0
          ]
        ],
        "rotation_mode": "QUATERNION"
      },
      "armature_space": {
        "head": {
          "x": 0.2974732220172882,
          "y": -0.1722915917634964,
          "z": 0.5601901412010193
        },
        "tail": {
          "x": 0.2469741702079773,
          "y": -0.3400081694126129,
          "z": 0.7624050378799438
        }
      },
      "world_space": {
        "head": {
          "x": 0.2974732220172882,
          "y": -0.10904759168624878,
          "z": 1.5100440979003906
        },
        "tail": {
          "x": 0.2469741702079773,
          "y": -0.2767641544342041,
          "z": 1.71225905418396
        },
        "rotation_quaternion": {
          "w": 0.15953294932842255,
          "x": 0.5262925028800964,
          "y": -0.4013593792915344,
          "z": -0.7324453592300415
        },
        "matrix": [
          [
            -0.3951324224472046,
            -0.18876424431800842,
            -0.8990209698677063,
            0.2974732220172882
          ],
          [
            -0.6561629772186279,
            -0.6269204616546631,
            0.42002519965171814,
            -0.10904759168624878
          ],
          [
            -0.6429052948951721,
            0.7558743953704834,
            0.12385791540145874,
            1.5100440979003906
          ],
          [
            0.0,
            0.0,
            0.0,
            1.0
          ]
        ]
      },
      "bone_length_armature_space": 0.2675254575903307,
      "parent": "upperarm_l",
      "has_children": true,
      "is_end_bone": false
    },
    "metacarpal_thumb_l": {
      "name": "metacarpal_thumb_l",
      "local": {
        "location": {
          "x": 0.0,
          "y": 0.0,
          "z": 0.0
        },
        "rotation_quaternion": {
          "w": 0.9981153011322021,
          "x": -0.0585617870092392,
          "y": 0.01796080358326435,
          "z": 0.0037164539098739624
        },
        "scale": {
          "x": 1.0,
          "y": 1.0,
          "z": 1.0
        },
        "matrix_basis": [
          [
            0.9993271827697754,
            -0.009522532112896442,
            0.03541862219572067,
            0.0
          ],
          [
            0.005315265618264675,
            0.9931133985519409,
            0.11703633517026901,
            0.0
          ],
          [
            -0.036289189010858536,
            -0.11676932871341705,
            0.9924958348274231,
            0.0
          ],
          [
            0.0,
            0.0,
            0.0,
            1.0
          ]
        ],
        "rotation_mode": "QUATERNION"
      },
      "armature_space": {
        "head": {
          "x": 0.2469741702079773,
          "y": -0.3400081694126129,
          "z": 0.7624050378799438
        },
        "tail": {
          "x": 0.2115943282842636,
          "y": -0.3545292615890503,
          "z": 0.7938852310180664
        }
      },
      "world_space": {
        "head": {
          "x": 0.2469741702079773,
          "y": -0.2767641544342041,
          "z": 1.71225905418396
        },
        "tail": {
          "x": 0.2115943282842636,
          "y": -0.29128527641296387,
          "z": 1.7437392473220825
        },
        "rotation_quaternion": {
          "w": 0.38822484016418457,
          "x": 0.8040040135383606,
          "y": -0.45022520422935486,
          "z": -0.012502257712185383
        },
        "matrix": [
          [
            0.5942806005477905,
            -0.7142584919929504,
            -0.36968284845352173,
            0.2469741702079773
          ],
          [
            -0.7336746454238892,
            -0.2931560277938843,
            -0.6130099296569824,
            -0.2767641544342041
          ],
          [
            0.32947421073913574,
            0.635530948638916,
            -0.698255717754364,
            1.71225905418396
          ],
          [
            0.0,
            0.0,
            0.0,
            1.0
          ]
        ]
      },
      "bone_length_armature_space": 0.04953380477486557,
      "parent": "lowerarm_l",
      "has_children": true,
      "is_end_bone": false
    },
    "thumb_01_l": {
      "name": "thumb_01_l",
      "local": {
        "location": {
          "x": 0.0,
          "y": 0.0,
          "z": 0.0
        },
        "rotation_quaternion": {
          "w": 0.999285876750946,
          "x": 0.03162691742181778,
          "y": 0.020110037177801132,
          "z": 0.004810717888176441
        },
        "scale": {
          "x": 1.0,
          "y": 1.0,
          "z": 1.0
        },
        "matrix_basis": [
          [
            0.9991449117660522,
            -0.008342527784407139,
            0.040495648980140686,
            0.0
          ],
          [
            0.010886602103710175,
            0.9979531764984131,
            -0.0630151778459549,
            0.0
          ],
          [
            -0.03988705575466156,
            0.06340215355157852,
            0.9971906542778015,
            0.0
          ],
          [
            0.0,
            0.0,
            0.0,
            1.0
          ]
        ],
        "rotation_mode": "QUATERNION"
      },
      "armature_space": {
        "head": {
          "x": 0.2115943282842636,
          "y": -0.3545292615890503,
          "z": 0.7938852310180664
        },
        "tail": {
          "x": 0.18498115241527557,
          "y": -0.3753180205821991,
          "z": 0.789620041847229
        }
      },
      "world_space": {
        "head": {
          "x": 0.2115943282842636,
          "y": -0.29128527641296387,
          "z": 1.7437392473220825
        },
        "tail": {
          "x": 0.18498115241527557,
          "y": -0.3120740056037903,
          "z": 1.7394740581512451
        },
        "rotation_quaternion": {
          "w": 0.33009395003318787,
          "x": 0.4816294312477112,
          "y": -0.29269006848335266,
          "z": 0.7572342157363892
        },
        "matrix": [
          [
            -0.3181420564651489,
            -0.781853437423706,
            0.5361818671226501,
            0.2115943282842636
          ],
          [
            0.21798184514045715,
            -0.6107409000396729,
            -0.7612357139587402,
            -0.29128527641296387
          ],
          [
            0.9226493239402771,
            -0.1253046840429306,
            0.3647339344024658,
            1.7437392473220825
          ],
          [
            0.0,
            0.0,
            0.0,
            1.0
          ]
        ]
      },
      "bone_length_armature_space": 0.03403858829607806,
      "parent": "metacarpal_thumb_l",
      "has_children": true,
      "is_end_bone": false
    },
    "thumb_02_l": {
      "name": "thumb_02_l",
      "local": {
        "location": {
          "x": 0.0,
          "y": 0.0,
          "z": 0.0
        },
        "rotation_quaternion": {
          "w": 0.9945060014724731,
          "x": 0.10467486083507538,
          "y": -0.0005420494708232582,
          "z": -0.0009209152776747942
        },
        "scale": {
          "x": 1.0,
          "y": 1.0,
          "z": 1.0
        },
        "matrix_basis": [
          [
            0.9999977350234985,
            0.0017182336887344718,
            -0.0012709362199530005,
            0.0
          ],
          [
            -0.0019451894331723452,
            0.9780846238136292,
            -0.20819856226444244,
            0.0
          ],
          [
            0.0008853495237417519,
            0.20820055902004242,
            0.9780857563018799,
            0.0
          ],
          [
            0.0,
            0.0,
            0.0,
            1.0
          ]
        ],
        "rotation_mode": "QUATERNION"
      },
      "armature_space": {
        "head": {
          "x": 0.18498113751411438,
          "y": -0.3753179907798767,
          "z": 0.7896199822425842
        },
        "tail": {
          "x": 0.1815328299999237,
          "y": -0.3973628878593445,
          "z": 0.8230164647102356
        }
      },
      "world_space": {
        "head": {
          "x": 0.18498113751411438,
          "y": -0.3120740056037903,
          "z": 1.7394740581512451
        },
        "tail": {
          "x": 0.1815328299999237,
          "y": -0.33411890268325806,
          "z": 1.7728705406188965
        },
        "rotation_quaternion": {
          "w": 0.2654089331626892,
          "x": 0.4142249822616577,
          "y": 0.39385876059532166,
          "z": 0.7764348983764648
        },
        "matrix": [
          [
            -0.5159520506858826,
            -0.08585496246814728,
            0.8523042798042297,
            0.18498113751411438
          ],
          [
            0.7384381890296936,
            -0.5488666892051697,
            0.3917328715324402,
            -0.3120740056037903
          ],
          [
            0.4341728687286377,
            0.8314943909645081,
            0.3465902507305145,
            1.7394740581512451
          ],
          [
            0.0,
            0.0,
            0.0,
            1.0
          ]
        ]
      },
      "bone_length_armature_space": 0.04016457800342412,
      "parent": "thumb_01_l",
      "has_children": true,
      "is_end_bone": false
    },
    "thumb_03_l": {
      "name": "thumb_03_l",
      "local": {
        "location": {
          "x": 0.0,
          "y": 0.0,
          "z": 0.0
        },
        "rotation_quaternion": {
          "w": 0.9950740337371826,
          "x": 0.09904789179563522,
          "y": 0.00023498875088989735,
          "z": 0.004138217773288488
        },
        "scale": {
          "x": 1.0,
          "y": 1.0,
          "z": 1.0
        },
        "matrix_basis": [
          [
            0.9999656677246094,
            -0.008189115673303604,
            0.0012874258682131767,
            0.0
          ],
          [
            0.008282216265797615,
            0.9803447723388672,
            -0.19711802899837494,
            0.0
          ],
          [
            0.0003521010803524405,
            0.19712191820144653,
            0.9803789258003235,
            0.0
          ],
          [
            0.0,
            0.0,
            0.0,
            1.0
          ]
        ],
        "rotation_mode": "QUATERNION"
      },
      "armature_space": {
        "head": {
          "x": 0.18153274059295654,
          "y": -0.3973628580570221,
          "z": 0.8230164647102356
        },
        "tail": {
          "x": 0.19217950105667114,
          "y": -0.40893325209617615,
          "z": 0.8490869998931885
        }
      },
      "world_space": {
        "head": {
          "x": 0.18153274059295654,
          "y": -0.3341188430786133,
          "z": 1.7728705406188965
        },
        "tail": {
          "x": 0.19217950105667114,
          "y": -0.34568923711776733,
          "z": 1.7989410161972046
        },
        "rotation_quaternion": {
          "w": 0.015968048945069313,
          "x": 0.3359832465648651,
          "y": 0.556527853012085,
          "z": 0.7596953511238098
        },
        "matrix": [
          [
            -0.7737216949462891,
            0.34970587491989136,
            0.5282620191574097,
            0.18153274059295654
          ],
          [
            0.3982284665107727,
            -0.380044162273407,
            0.8348537683486938,
            -0.3341188430786133
          ],
          [
            0.492719829082489,
            0.8563187122344971,
            0.15478754043579102,
            1.7728705406188965
          ],
          [
            0.0,
            0.0,
            0.0,
            1.0
          ]
        ]
      },
      "bone_length_armature_space": 0.030445037935418463,
      "parent": "thumb_02_l",
      "has_children": false,
      "is_end_bone": true
    },
    "metacarpal_index_l": {
      "name": "metacarpal_index_l",
      "local": {
        "location": {
          "x": 0.0,
          "y": 0.0,
          "z": 0.0
        },
        "rotation_quaternion": {
          "w": 0.9993330240249634,
          "x": -0.03583230450749397,
          "y": -0.0006380193517543375,
          "z": 0.007016113959252834
        },
        "scale": {
          "x": 1.0,
          "y": 1.0,
          "z": 1.0
        },
        "matrix_basis": [
          [
            0.999900758266449,
            -0.01397714577615261,
            -0.001777994679287076,
            0.0
          ],
          [
            0.014068592339754105,
            0.9973336458206177,
            0.07160785794258118,
            0.0
          ],
          [
            0.0007723805611021817,
            -0.07162576168775558,
            0.9974312782287598,
            0.0
          ],
          [
            0.0,
            0.0,
            0.0,
            1.0
          ]
        ],
        "rotation_mode": "QUATERNION"
      },
      "armature_space": {
        "head": {
          "x": 0.2469741702079773,
          "y": -0.3400081694126129,
          "z": 0.7624050378799438
        },
        "tail": {
          "x": 0.1973504275083542,
          "y": -0.39578306674957275,
          "z": 0.8527154326438904
        }
      },
      "world_space": {
        "head": {
          "x": 0.2469741702079773,
          "y": -0.2767641544342041,
          "z": 1.71225905418396
        },
        "tail": {
          "x": 0.1973504275083542,
          "y": -0.33253908157348633,
          "z": 1.8025693893432617
        },
        "rotation_quaternion": {
          "w": 0.3094443678855896,
          "x": 0.7847089767456055,
          "y": -0.40772414207458496,
          "z": -0.3496241569519043
        },
        "matrix": [
          [
            0.42304727435112,
            -0.42351290583610535,
            -0.8010419607162476,
            0.2469741702079773
          ],
          [
            -0.8562688231468201,
            -0.4760098159313202,
            -0.2005460560321808,
            -0.2767641544342041
          ],
          [
            -0.2963729500770569,
            0.770752489566803,
            -0.5640192627906799,
            1.71225905418396
          ],
          [
            0.0,
            0.0,
            0.0,
            1.0
          ]
        ]
      },
      "bone_length_armature_space": 0.11717219054038076,
      "parent": "lowerarm_l",
      "has_children": true,
      "is_end_bone": false
    },
    "index_01_l": {
      "name": "index_01_l",
      "local": {
        "location": {
          "x": 0.0,
          "y": 0.0,
          "z": 0.0
        },
        "rotation_quaternion": {
          "w": 0.9975470304489136,
          "x": -0.06589151918888092,
          "y": 0.018761200830340385,
          "z": 0.014366528950631618
        },
        "scale": {
          "x": 1.0,
          "y": 1.0,
          "z": 1.0
        },
        "matrix_basis": [
          [
            0.9988832473754883,
            -0.031134985387325287,
            0.03553709387779236,
            0.0
          ],
          [
            0.026190169155597687,
            0.9909037947654724,
            0.13199885189533234,
            0.0
          ],
          [
            -0.03932362422347069,
            -0.13092070817947388,
            0.9906126260757446,
            0.0
          ],
          [
            0.0,
            0.0,
            0.0,
            1.0
          ]
        ],
        "rotation_mode": "QUATERNION"
      },
      "armature_space": {
        "head": {
          "x": 0.1973504275083542,
          "y": -0.39578306674957275,
          "z": 0.8527154326438904
        },
        "tail": {
          "x": 0.19592885673046112,
          "y": -0.4141526222229004,
          "z": 0.8744781017303467
        }
      },
      "world_space": {
        "head": {
          "x": 0.1973504275083542,
          "y": -0.33253908157348633,
          "z": 1.8025693893432617
        },
        "tail": {
          "x": 0.19592885673046112,
          "y": -0.35090863704681396,
          "z": 1.8243321180343628
        },
        "rotation_quaternion": {
          "w": 0.36414071917533875,
          "x": 0.810971200466156,
          "y": -0.21281667053699493,
          "z": -0.4055076241493225
        },
        "matrix": [
          [
            0.5805460810661316,
            -0.04985446482896805,
            -0.8126999735832214,
            0.1973504275083542
          ],
          [
            -0.6405003666877747,
            -0.6442214250564575,
            -0.41801717877388,
            -0.33253908157348633
          ],
          [
            -0.5027228593826294,
            0.7632173299789429,
            -0.40593481063842773,
            1.8025693893432617
          ],
          [
            0.0,
            0.0,
            0.0,
            1.0
          ]
        ]
      },
      "bone_length_armature_space": 0.02851447361901609,
      "parent": "metacarpal_index_l",
      "has_children": true,
      "is_end_bone": false
    },
    "index_02_l": {
      "name": "index_02_l",
      "local": {
        "location": {
          "x": 0.0,
          "y": 0.0,
          "z": 0.0
        },
        "rotation_quaternion": {
          "w": 0.9851887226104736,
          "x": 0.1713293194770813,
          "y": -0.005301322788000107,
          "z": -0.004620842635631561
        },
        "scale": {
          "x": 1.0,
          "y": 1.0,
          "z": 1.0
        },
        "matrix_basis": [
          [
            0.9999011158943176,
            0.007288259919732809,
            -0.012028978206217289,
            0.0
          ],
          [
            -0.010921347886323929,
            0.9412498474121094,
            -0.33753442764282227,
            0.0
          ],
          [
            0.008862235583364964,
            0.337632417678833,
            0.9412363171577454,
            0.0
          ],
          [
            0.0,
            0.0,
            0.0,
            1.0
          ]
        ],
        "rotation_mode": "QUATERNION"
      },
      "armature_space": {
        "head": {
          "x": 0.1959284543991089,
          "y": -0.4141528606414795,
          "z": 0.8744783997535706
        },
        "tail": {
          "x": 0.18857711553573608,
          "y": -0.4333992302417755,
          "z": 0.8897632956504822
        }
      },
      "world_space": {
        "head": {
          "x": 0.1959284543991089,
          "y": -0.35090887546539307,
          "z": 1.8243324756622314
        },
        "tail": {
          "x": 0.18857711553573608,
          "y": -0.3701552152633667,
          "z": 1.8396172523498535
        },
        "rotation_quaternion": {
          "w": 0.22070275247097015,
          "x": 0.843187689781189,
          "y": -0.27598023414611816,
          "z": -0.40516650676727295
        },
        "matrix": [
          [
            0.5193501710891724,
            -0.2865653932094574,
            -0.8050814270973206,
            0.1959284543991089
          ],
          [
            -0.6442496180534363,
            -0.7502502202987671,
            -0.1485505849123001,
            -0.35090887546539307
          ],
          [
            -0.5614476799964905,
            0.5958264470100403,
            -0.5742659568786621,
            1.8243324756622314
          ],
          [
            0.0,
            0.0,
            0.0,
            1.0
          ]
        ]
      },
      "bone_length_armature_space": 0.0256533230584295,
      "parent": "index_01_l",
      "has_children": true,
      "is_end_bone": false
    },
    "index_03_l": {
      "name": "index_03_l",
      "local": {
        "location": {
          "x": 0.0,
          "y": 0.0,
          "z": 0.0
        },
        "rotation_quaternion": {
          "w": 0.9711754322052002,
          "x": 0.2382681667804718,
          "y": 0.0064791347831487656,
          "z": -0.002187935868278146
        },
        "scale": {
          "x": 1.0,
          "y": 1.0,
          "z": 1.0
        },
        "matrix_basis": [
          [
            0.9999064803123474,
            0.007337282411754131,
            0.01154212187975645,
            0.0
          ],
          [
            -0.0011621960438787937,
            0.886447012424469,
            -0.46282872557640076,
            0.0
          ],
          [
            -0.01362738385796547,
            0.46277204155921936,
            0.8863726258277893,
            0.0
          ],
          [
            0.0,
            0.0,
            0.0,
            1.0
          ]
        ],
        "rotation_mode": "QUATERNION"
      },
      "armature_space": {
        "head": {
          "x": 0.18857721984386444,
          "y": -0.43339917063713074,
          "z": 0.889763355255127
        },
        "tail": {
          "x": 0.17075136303901672,
          "y": -0.45627230405807495,
          "z": 0.8933396935462952
        }
      },
      "world_space": {
        "head": {
          "x": 0.18857721984386444,
          "y": -0.3701551556587219,
          "z": 1.839617371559143
        },
        "tail": {
          "x": 0.17075136303901672,
          "y": -0.3930283188819885,
          "z": 1.843193769454956
        },
        "rotation_quaternion": {
          "w": 0.03966270759701729,
          "x": -0.8966161608695984,
          "y": 0.3271297514438629,
          "z": 0.2957911193370819
        },
        "matrix": [
          [
            0.6109875440597534,
            -0.6100844144821167,
            -0.5044718384742737,
            0.18857721984386444
          ],
          [
            -0.5631564259529114,
            -0.7828255891799927,
            0.264649361371994,
            -0.3701551556587219
          ],
          [
            -0.5563762784004211,
            0.12239933013916016,
            -0.8218744993209839,
            1.839617371559143
          ],
          [
            0.0,
            0.0,
            0.0,
            1.0
          ]
        ]
      },
      "bone_length_armature_space": 0.029218685985721728,
      "parent": "index_02_l",
      "has_children": false,
      "is_end_bone": true
    },
    "metacarpal_pinky_l": {
      "name": "metacarpal_pinky_l",
      "local": {
        "location": {
          "x": 0.0,
          "y": 0.0,
          "z": 0.0
        },
        "rotation_quaternion": {
          "w": 0.9994968175888062,
          "x": -0.023510318249464035,
          "y": 0.021157078444957733,
          "z": 0.002415748778730631
        },
        "scale": {
          "x": 1.0,
          "y": 1.0,
          "z": 1.0
        },
        "matrix_basis": [
          [
            0.9990930557250977,
            -0.005823885556310415,
            0.042179275304079056,
            0.0
          ],
          [
            0.003834247123450041,
            0.9988828301429749,
            0.047099195420742035,
            0.0
          ],
          [
            -0.04240645468235016,
            -0.046894755214452744,
            0.9979993104934692,
            0.0
          ],
          [
            0.0,
            0.0,
            0.0,
            1.0
          ]
        ],
        "rotation_mode": "QUATERNION"
      },
      "armature_space": {
        "head": {
          "x": 0.2469741702079773,
          "y": -0.3400081694126129,
          "z": 0.7624050378799438
        },
        "tail": {
          "x": 0.2563816010951996,
          "y": -0.41912752389907837,
          "z": 0.8294489979743958
        }
      },
      "world_space": {
        "head": {
          "x": 0.2469741702079773,
          "y": -0.2767641544342041,
          "z": 1.71225905418396
        },
        "tail": {
          "x": 0.2563816010951996,
          "y": -0.35588353872299194,
          "z": 1.7793030738830566
        },
        "rotation_quaternion": {
          "w": 0.02542140521109104,
          "x": -0.06185220554471016,
          "y": -0.3456149697303772,
          "z": -0.935990571975708
        },
        "matrix": [
          [
            -0.9910562634468079,
            0.09034255146980286,
            0.09821370989084244,
            0.2469741702079773
          ],
          [
            -0.004834460094571114,
            -0.7598078846931458,
            0.6501299738883972,
            -0.2767641544342041
          ],
          [
            0.13335910439491272,
            0.6438440680503845,
            0.753454864025116,
            1.71225905418396
          ],
          [
            0.0,
            0.0,
            0.0,
            1.0
          ]
        ]
      },
      "bone_length_armature_space": 0.10413099587932931,
      "parent": "lowerarm_l",
      "has_children": true,
      "is_end_bone": false
    },
    "pinky_01_l": {
      "name": "pinky_01_l",
      "local": {
        "location": {
          "x": 0.0,
          "y": 0.0,
          "z": 0.0
        },
        "rotation_quaternion": {
          "w": 0.9987595081329346,
          "x": 0.04448292776942253,
          "y": -0.021182259544730186,
          "z": 0.007218475453555584
        },
        "scale": {
          "x": 1.0,
          "y": 1.0,
          "z": 1.0
        },
        "matrix_basis": [
          [
            0.9989984035491943,
            -0.016303539276123047,
            -0.04166976734995842,
            0.0
          ],
          [
            0.012534543871879578,
            0.9959383010864258,
            -0.08916129916906357,
            0.0
          ],
          [
            0.04295416548848152,
            0.08854968845844269,
            0.9951451420783997,
            0.0
          ],
          [
            0.0,
            0.0,
            0.0,
            1.0
          ]
        ],
        "rotation_mode": "QUATERNION"
      },
      "armature_space": {
        "head": {
          "x": 0.2563816010951996,
          "y": -0.41912752389907837,
          "z": 0.8294489979743958
        },
        "tail": {
          "x": 0.2515430450439453,
