{
  "metadata": {
    "armature_name": "KIM_caucasian_male",
    "export_time": "2026-01-13T21:12:43.898906",
    "blender_version": "4.4.1",
    "bone_count": 56,
    "end_bone_count": 13,
    "spaces_included": [
      "LOCAL_CHANNELS",
      "ARMATURE_SPACE",
      "WORLD_SPACE"
    ],
    "note": "LOCAL matches Transform panel; replay pose via local.matrix_basis for best fidelity."
  },
  "bones": {
    "Root": {
      "name": "Root",
      "local": {
        "location": {
          "x": 0.0,
          "y": 0.0,
          "z": 0.0
        },
        "rotation_quaternion": {
          "w": 0.9999033212661743,
          "x": -0.010349377058446407,
          "y": 0.006583911832422018,
          "z": -0.006560418754816055
        },
        "scale": {
          "x": 1.0,
          "y": 1.0,
          "z": 1.0
        },
        "matrix_basis": [
          [
            0.9998272061347961,
            0.01298329047858715,
            0.013302342966198921,
            0.0
          ],
          [
            -0.013255847617983818,
            0.9996997117996216,
            0.020610366016626358,
            0.0
          ],
          [
            -0.013030758127570152,
            -0.020783139392733574,
            0.999699056148529,
            0.0
          ],
          [
            0.0,
            0.0,
            0.0,
            1.0
          ]
        ],
        "rotation_mode": "QUATERNION"
      },
      "armature_space": {
        "head": {
          "x": 0.0,
          "y": 0.07072800397872925,
          "z": -0.009595036506652832
        },
        "tail": {
          "x": 0.0009266936685889959,
          "y": 0.00022064894437789917,
          "z": 0.0014670789241790771
        }
      },
      "world_space": {
        "head": {
          "x": 0.0,
          "y": 0.13397200405597687,
          "z": 0.9402589797973633
        },
        "tail": {
          "x": 0.0009266936685889959,
          "y": 0.06346464902162552,
          "z": 0.9513211250305176
        },
        "rotation_quaternion": {
          "w": 0.07768701016902924,
          "x": 0.9969344735145569,
          "y": 0.006989059504121542,
          "z": 0.006126993335783482
        },
        "matrix": [
          [
            0.9998272061347961,
            0.01298329047858715,
            0.013302342966198921,
            0.0
          ],
          [
            0.014887247234582901,
            -0.9878317713737488,
            -0.1548125296831131,
            0.13397200405597687
          ],
          [
            0.011130591854453087,
            0.15498396754264832,
            -0.9878613352775574,
            0.9402589797973633
          ],
          [
            0.0,
            0.0,
            0.0,
            1.0
          ]
        ]
      },
      "bone_length_armature_space": 0.07137588091586938,
      "parent": null,
      "has_children": true,
      "is_end_bone": false
    },
    "spine_01": {
      "name": "spine_01",
      "local": {
        "location": {
          "x": 0.0,
          "y": 0.0,
          "z": 0.0
        },
        "rotation_quaternion": {
          "w": 0.9978069067001343,
          "x": -0.02225339598953724,
          "y": 0.03785970062017441,
          "z": 0.04952721670269966
        },
        "scale": {
          "x": 1.0,
          "y": 1.0,
          "z": 1.0
        },
        "matrix_basis": [
          [
            0.9922273755073547,
            -0.10052221268415451,
            0.07334904372692108,
            0.0
          ],
          [
            0.09715218096971512,
            0.9941036701202393,
            0.04815935716032982,
            0.0
          ],
          [
            -0.07775764167308807,
            -0.040659014135599136,
            0.9961428642272949,
            0.0
          ],
          [
            0.0,
            0.0,
            0.0,
            1.0
          ]
        ],
        "rotation_mode": "QUATERNION"
      },
      "armature_space": {
        "head": {
          "x": 0.0009266936685889959,
          "y": 0.00022064894437789917,
          "z": 0.0014670789241790771
        },
        "tail": {
          "x": -0.0542738176882267,
          "y": 0.05194035544991493,
          "z": 0.4835733473300934
        }
      },
      "world_space": {
        "head": {
          "x": 0.0009266936685889959,
          "y": 0.06346464902162552,
          "z": 0.9513211250305176
        },
        "tail": {
          "x": -0.0542738176882267,
          "y": 0.11518435180187225,
          "z": 1.433427333831787
        },
        "rotation_quaternion": {
          "w": 0.7436144948005676,
          "x": 0.664777398109436,
          "y": -0.005352310370653868,
          "z": 0.07127301394939423
        },
        "matrix": [
          [
            0.989782989025116,
            -0.11311551183462143,
            0.08680197596549988,
            0.0009266936685889959
          ],
          [
            0.09888386726379395,
            0.10598273575305939,
            -0.9894391894340515,
            0.06346464902162552
          ],
          [
            0.10272220522165298,
            0.9879202246665955,
            0.11608514189720154,
            0.9513211250305176
          ],
          [
            0.0,
            0.0,
            0.0,
            1.0
          ]
        ]
      },
      "bone_length_armature_space": 0.488004583894121,
      "parent": "Root",
      "has_children": true,
      "is_end_bone": false
    },
    "neck_01": {
      "name": "neck_01",
      "local": {
        "location": {
          "x": 0.0,
          "y": 0.0,
          "z": 0.0
        },
        "rotation_quaternion": {
          "w": 0.991891622543335,
          "x": -0.12019477784633636,
          "y": 0.038234129548072815,
          "z": 0.015572858974337578
        },
        "scale": {
          "x": 1.0,
          "y": 1.0,
          "z": 1.0
        },
        "matrix_basis": [
          [
            0.9965912699699402,
            -0.04008426144719124,
            0.07210467010736465,
            0.0
          ],
          [
            0.02170209214091301,
            0.9706214070320129,
            0.23963122069835663,
            0.0
          ],
          [
            -0.0795917809009552,
            -0.23724955320358276,
            0.9681827425956726,
            0.0
          ],
          [
            0.0,
            0.0,
            0.0,
            1.0
          ]
        ],
        "rotation_mode": "QUATERNION"
      },
      "armature_space": {
        "head": {
          "x": -0.05954562500119209,
          "y": 0.025386057794094086,
          "z": 0.5599332451820374
        },
        "tail": {
          "x": -0.07370098680257797,
          "y": 0.02058308571577072,
          "z": 0.6613596677780151
        }
      },
      "world_space": {
        "head": {
          "x": -0.05954562500119209,
          "y": 0.0886300578713417,
          "z": 1.5097873210906982
        },
        "tail": {
          "x": -0.07370098680257797,
          "y": 0.08382708579301834,
          "z": 1.6112136840820312
        },
        "rotation_quaternion": {
          "w": 0.6902708411216736,
          "x": 0.7149983048439026,
          "y": 0.010087530128657818,
          "z": 0.11046209186315536
        },
        "matrix": [
          [
            0.9753929972648621,
            -0.13807237148284912,
            0.17188572883605957,
            -0.05954562500119209
          ],
          [
            0.16692176461219788,
            -0.04684850573539734,
            -0.9848567843437195,
            0.0886300578713417
          ],
          [
            0.1440352350473404,
            0.9893203377723694,
            -0.02264942228794098,
            1.5097873210906982
          ],
          [
            0.0,
            0.0,
            0.0,
            1.0
          ]
        ]
      },
      "bone_length_armature_space": 0.10252200797998359,
      "parent": "spine_01",
      "has_children": true,
      "is_end_bone": false
    },
    "head": {
      "name": "head",
      "local": {
        "location": {
          "x": 0.0,
          "y": 0.0,
          "z": 0.0
        },
        "rotation_quaternion": {
          "w": 0.9889662265777588,
          "x": -0.14240556955337524,
          "y": 0.04065047949552536,
          "z": 0.003748557763174176
        },
        "scale": {
          "x": 1.0,
          "y": 1.0,
          "z": 1.0
        },
        "matrix_basis": [
          [
            0.9966669678688049,
            -0.0189921036362648,
            0.0793362706899643,
            0.0
          ],
          [
            -0.004163315519690514,
            0.9594132304191589,
            0.28197336196899414,
            0.0
          ],
          [
            -0.0814715325832367,
            -0.281363844871521,
            0.9561364054679871,
            0.0
          ],
          [
            0.0,
            0.0,
            0.0,
            1.0
          ]
        ],
        "rotation_mode": "QUATERNION"
      },
      "armature_space": {
        "head": {
          "x": -0.07370094954967499,
          "y": 0.020582936704158783,
          "z": 0.6613596081733704
        },
        "tail": {
          "x": -0.10975386202335358,
          "y": 0.10738947987556458,
          "z": 0.7847209572792053
        }
      },
      "world_space": {
        "head": {
          "x": -0.07370094954967499,
          "y": 0.0838269367814064,
          "z": 1.6112136840820312
        },
        "tail": {
          "x": -0.10975386202335358,
          "y": 0.1706334799528122,
          "z": 1.7345750331878662
        },
        "rotation_quaternion": {
          "w": 0.8830890655517578,
          "x": 0.4498351514339447,
          "y": 0.0034563967492431402,
          "z": 0.13338039815425873
        },
        "matrix": [
          [
            0.9643953442573547,
            -0.23246416449546814,
            0.12610384821891785,
            -0.07370094954967499
          ],
          [
            0.2386840283870697,
            0.5597164630889893,
            -0.7935667037963867,
            0.0838269367814064
          ],
          [
            0.11389435827732086,
            0.7954167723655701,
            0.5952767133712769,
            1.6112136840820312
          ],
          [
            0.0,
            0.0,
            0.0,
            1.0
          ]
        ]
      },
      "bone_length_armature_space": 0.15509097606971087,
      "parent": "neck_01",
      "has_children": false,
      "is_end_bone": true
    },
    "upperarm_l": {
      "name": "upperarm_l",
      "local": {
        "location": {
          "x": 0.0,
          "y": 0.0,
          "z": 0.0
        },
        "rotation_quaternion": {
          "w": 0.8701519966125488,
          "x": -0.02504853531718254,
          "y": 0.482656866312027,
          "z": -0.0961793065071106
        },
        "scale": {
          "x": 1.0,
          "y": 1.0,
          "z": 1.0
        },
        "matrix_basis": [
          [
            0.5155837535858154,
            0.1432015299797058,
            0.8447879552841187,
            0.0
          ],
          [
            -0.19156092405319214,
            0.9802442193031311,
            -0.04925113916397095,
            0.0
          ],
          [
            -0.8351513743400574,
            -0.13643527030944824,
            0.5328298211097717,
            0.0
          ],
          [
            0.0,
            0.0,
            0.0,
            1.0
          ]
        ],
        "rotation_mode": "QUATERNION"
      },
      "armature_space": {
        "head": {
          "x": 0.09680088609457016,
          "y": 0.02994033321738243,
          "z": 0.5093159079551697
        },
        "tail": {
          "x": 0.3550097644329071,
          "y": 0.09830252826213837,
          "z": 0.4878123700618744
        }
      },
      "world_space": {
        "head": {
          "x": 0.09680088609457016,
          "y": 0.09318433701992035,
          "z": 1.459169864654541
        },
        "tail": {
          "x": 0.3550097644329071,
          "y": 0.161546528339386,
          "z": 1.437666416168213
        },
        "rotation_quaternion": {
          "w": 0.23096923530101776,
          "x": 0.5669854283332825,
          "y": 0.7577666640281677,
          "z": -0.22576665878295898
        },
        "matrix": [
          [
            -0.25036078691482544,
            0.9635758996009827,
            0.09402646869421005,
            0.09680088609457016
          ],
          [
            0.7549952864646912,
            0.2551119327545166,
            -0.6040700078010559,
            0.09318433701992035
          ],
          [
            -0.6060580015182495,
            -0.08024625480175018,
            -0.7913711071014404,
            1.459169864654541
          ],
          [
            0.0,
            0.0,
            0.0,
            1.0
          ]
        ]
      },
      "bone_length_armature_space": 0.2679694197107828,
      "parent": "spine_01",
      "has_children": true,
      "is_end_bone": false
    },
    "lowerarm_l": {
      "name": "lowerarm_l",
      "local": {
        "location": {
          "x": 0.0,
          "y": 0.0,
          "z": 0.0
        },
        "rotation_quaternion": {
          "w": 0.9630094170570374,
          "x": 0.24451309442520142,
          "y": -0.10530050843954086,
          "z": 0.041692037135362625
        },
        "scale": {
          "x": 1.0,
          "y": 1.0,
          "z": 1.0
        },
        "matrix_basis": [
          [
            0.9743471741676331,
            -0.13179434835910797,
            -0.18242226541042328,
            0.0
          ],
          [
            0.028804942965507507,
            0.8769502639770508,
            -0.4797172248363495,
            0.0
          ],
          [
            0.223199263215065,
            0.4621564447879791,
            0.8582503199577332,
            0.0
          ],
          [
            0.0,
            0.0,
            0.0,
            1.0
          ]
        ],
        "rotation_mode": "QUATERNION"
      },
      "armature_space": {
        "head": {
          "x": 0.35500988364219666,
          "y": 0.0983024388551712,
          "z": 0.4878123700618744
        },
        "tail": {
          "x": 0.5929407477378845,
          "y": 0.0148700550198555,
          "z": 0.39838412404060364
        }
      },
      "world_space": {
        "head": {
          "x": 0.35500988364219666,
          "y": 0.16154643893241882,
          "z": 1.437666416168213
        },
        "tail": {
          "x": 0.5929407477378845,
          "y": 0.07811405509710312,
          "z": 1.3482381105422974
        },
        "rotation_quaternion": {
          "w": 0.19037708640098572,
          "x": 0.6245964765548706,
          "y": 0.5548158288002014,
          "z": -0.515572726726532
        },
        "matrix": [
          [
            -0.1472739577293396,
            0.8893798589706421,
            -0.4327976107597351,
            0.35500988364219666
          ],
          [
            0.4967644214630127,
            -0.31186822056770325,
            -0.8099159598350525,
            0.16154643893241882
          ],
          [
            -0.8553040623664856,
            -0.3342806100845337,
            -0.3958856761455536,
            1.437666416168213
          ],
          [
            0.0,
            0.0,
            0.0,
            1.0
          ]
        ]
      },
      "bone_length_armature_space": 0.26752470694508856,
      "parent": "upperarm_l",
      "has_children": true,
      "is_end_bone": false
    },
    "metacarpal_thumb_l": {
      "name": "metacarpal_thumb_l",
      "local": {
        "location": {
          "x": 0.0,
          "y": 0.0,
          "z": 0.0
        },
        "rotation_quaternion": {
          "w": 0.9993799328804016,
          "x": 0.03277367353439331,
          "y": 0.010588252916932106,
          "z": -0.0073281764052808285
        },
        "scale": {
          "x": 1.0,
          "y": 1.0,
          "z": 1.0
        },
        "matrix_basis": [
          [
            0.9996683597564697,
            0.015341296792030334,
            0.020683031529188156,
            0.0
          ],
          [
            -0.013953233137726784,
            0.9977443814277649,
            -0.06566188484430313,
            0.0
          ],
          [
            -0.02164371684193611,
            0.06535151600837708,
            0.9976275563240051,
            0.0
          ],
          [
            0.0,
            0.0,
            0.0,
            1.0
          ]
        ],
        "rotation_mode": "QUATERNION"
      },
      "armature_space": {
        "head": {
          "x": 0.5929407477378845,
          "y": 0.0148700550198555,
          "z": 0.39838412404060364
        },
        "tail": {
          "x": 0.6133919358253479,
          "y": -0.014044107869267464,
          "z": 0.3637528717517853
        }
      },
      "world_space": {
        "head": {
          "x": 0.5929407477378845,
          "y": 0.07811405509710312,
          "z": 1.3482381105422974
        },
        "tail": {
          "x": 0.6133919358253479,
          "y": 0.049199894070625305,
          "z": 1.313606858253479
        },
        "rotation_quaternion": {
          "w": 0.3766700029373169,
          "x": -0.8879278302192688,
          "y": -0.25740256905555725,
          "z": 0.058719199150800705
        },
        "matrix": [
          [
            0.8605913519859314,
            0.4128744900226593,
            -0.29818958044052124,
            0.5929407477378845
          ],
          [
            0.5013464093208313,
            -0.5837274789810181,
            0.6386817693710327,
            0.07811405509710312
          ],
          [
            0.08963508158922195,
            -0.6991455554962158,
            -0.709348201751709,
            1.3482381105422974
          ],
          [
            0.0,
            0.0,
            0.0,
            1.0
          ]
        ]
      },
      "bone_length_armature_space": 0.04953386323654512,
      "parent": "lowerarm_l",
      "has_children": true,
      "is_end_bone": false
    },
    "thumb_01_l": {
      "name": "thumb_01_l",
      "local": {
        "location": {
          "x": 0.0,
          "y": 0.0,
          "z": 0.0
        },
        "rotation_quaternion": {
          "w": 0.9997867941856384,
          "x": 0.015482211485505104,
          "y": 0.01115573849529028,
          "z": 0.0078907310962677
        },
        "scale": {
          "x": 1.0,
          "y": 1.0,
          "z": 1.0
        },
        "matrix_basis": [
          [
            0.9996265769004822,
            -0.015432666055858135,
            0.022551052272319794,
            0.0
          ],
          [
            0.01612352766096592,
            0.9993960857391357,
            -0.030781766399741173,
            0.0
          ],
          [
            -0.022062387317419052,
            0.031133875250816345,
            0.9992716908454895,
            0.0
          ],
          [
            0.0,
            0.0,
            0.0,
            1.0
          ]
        ],
        "rotation_mode": "QUATERNION"
      },
      "armature_space": {
        "head": {
          "x": 0.6133919358253479,
          "y": -0.014044107869267464,
          "z": 0.3637528717517853
        },
        "tail": {
          "x": 0.6122496128082275,
          "y": -0.012122266925871372,
          "z": 0.32978755235671997
        }
      },
      "world_space": {
        "head": {
          "x": 0.6133919358253479,
          "y": 0.049199894070625305,
          "z": 1.313606858253479
        },
        "tail": {
          "x": 0.6122496128082275,
          "y": 0.05112173408269882,
          "z": 1.2796416282653809
        },
        "rotation_quaternion": {
          "w": 0.6199697256088257,
          "x": -0.5976182222366333,
          "y": 0.379299521446228,
          "z": -0.3385586440563202
        },
        "matrix": [
          [
            0.48301932215690613,
            -0.03355995565652847,
            0.8749663233757019,
            0.6133919358253479
          ],
          [
            -0.8731452226638794,
            0.0564606674015522,
            0.4841795861721039,
            0.049199894070625305
          ],
          [
            -0.06565143913030624,
            -0.9978475570678711,
            -0.0020306892693042755,
            1.313606858253479
          ],
          [
            0.0,
            0.0,
            0.0,
            1.0
          ]
        ]
      },
      "bone_length_armature_space": 0.034038820016976654,
      "parent": "metacarpal_thumb_l",
      "has_children": true,
      "is_end_bone": false
    },
    "thumb_02_l": {
      "name": "thumb_02_l",
      "local": {
        "location": {
          "x": 0.0,
          "y": 0.0,
          "z": 0.0
        },
        "rotation_quaternion": {
          "w": 0.9886592030525208,
          "x": 0.1493503302335739,
          "y": -0.010636352933943272,
          "z": -0.011592662893235683
        },
        "scale": {
          "x": 1.0,
          "y": 1.0,
          "z": 1.0
        },
        "matrix_basis": [
          [
            0.9995049834251404,
            0.019745299592614174,
            -0.024494191631674767,
            0.0
          ],
          [
            -0.026099471375346184,
            0.9551202058792114,
            -0.2950665354728699,
            0.0
          ],
          [
            0.017568720504641533,
            0.29555976390838623,
            0.9551627039909363,
            0.0
          ],
          [
            0.0,
            0.0,
            0.0,
            1.0
          ]
        ],
        "rotation_mode": "QUATERNION"
      },
      "armature_space": {
        "head": {
          "x": 0.6122495532035828,
          "y": -0.012122259475290775,
          "z": 0.32978758215904236
        },
        "tail": {
          "x": 0.6495863199234009,
          "y": -0.0227668397128582,
          "z": 0.3194996416568756
        }
      },
      "world_space": {
        "head": {
          "x": 0.6122495532035828,
          "y": 0.05112174153327942,
          "z": 1.2796416282653809
        },
        "tail": {
          "x": 0.6495863199234009,
          "y": 0.04047716036438942,
          "z": 1.2693536281585693
        },
        "rotation_quaternion": {
          "w": 0.6012327671051025,
          "x": -0.111509770154953,
          "y": 0.07750145345926285,
          "z": -0.7874505519866943
        },
        "matrix": [
          [
            -0.25216883420944214,
            0.929597795009613,
            0.2688099443912506,
            0.6122495532035828
          ],
          [
            -0.9641665816307068,
            -0.26502522826194763,
            0.012031368911266327,
            0.05112174153327942
          ],
          [
            0.08242543041706085,
            -0.2561455965042114,
            0.9631248116493225,
            1.2796416282653809
          ],
          [
            0.0,
            0.0,
            0.0,
            1.0
          ]
        ]
      },
      "bone_length_armature_space": 0.04016444870483904,
      "parent": "thumb_01_l",
      "has_children": true,
      "is_end_bone": false
    },
    "thumb_03_l": {
      "name": "thumb_03_l",
      "local": {
        "location": {
          "x": 0.0,
          "y": 0.0,
          "z": 0.0
        },
        "rotation_quaternion": {
          "w": 0.9979150295257568,
          "x": 0.06446059793233871,
          "y": 0.0032540771644562483,
          "z": 2.13326438824879e-05
        },
        "scale": {
          "x": 1.0,
          "y": 1.0,
          "z": 1.0
        },
        "matrix_basis": [
          [
            0.9999788403511047,
            0.00037694317870773375,
            0.0064973351545631886,
            0.0
          ],
          [
            0.0004620958643499762,
            0.9916896820068359,
            -0.12865225970745087,
            0.0
          ],
          [
            -0.0064918347634375095,
            0.12865254282951355,
            0.9916684627532959,
            0.0
          ],
          [
            0.0,
            0.0,
            0.0,
            1.0
          ]
        ],
        "rotation_mode": "QUATERNION"
      },
      "armature_space": {
        "head": {
          "x": 0.6495862603187561,
          "y": -0.022766880691051483,
          "z": 0.3194996118545532
        },
        "tail": {
          "x": 0.6795164942741394,
          "y": -0.02680058963596821,
          "z": 0.323346883058548
        }
      },
      "world_space": {
        "head": {
          "x": 0.6495862603187561,
          "y": 0.040477119386196136,
          "z": 1.2693536281585693
        },
        "tail": {
          "x": 0.6795164942741394,
          "y": 0.03644341230392456,
          "z": 1.2732008695602417
        },
        "rotation_quaternion": {
          "w": 0.6558862328529358,
          "x": 0.16322164237499237,
          "y": 0.059721749275922775,
          "z": -0.7345782518386841
        },
        "matrix": [
          [
            -0.08634350448846817,
            0.9830957055091858,
            -0.1614547222852707,
            0.6495862603187561
          ],
          [
            -0.9441039562225342,
            -0.13249215483665466,
            -0.3018508553504944,
            0.040477119386196136
          ],
          [
            -0.31814274191856384,
            0.12636791169643402,
            0.9395905137062073,
            1.2693536281585693
          ],
          [
            0.0,
            0.0,
            0.0,
            1.0
          ]
        ]
      },
      "bone_length_armature_space": 0.030444888433965384,
      "parent": "thumb_02_l",
      "has_children": false,
      "is_end_bone": true
    },
    "metacarpal_index_l": {
      "name": "metacarpal_index_l",
      "local": {
        "location": {
          "x": 0.0,
          "y": 0.0,
          "z": 0.0
        },
        "rotation_quaternion": {
          "w": 0.999723494052887,
          "x": -0.017587434500455856,
          "y": -0.015448363497853279,
          "z": 0.002277954714372754
        },
        "scale": {
          "x": 1.0,
          "y": 1.0,
          "z": 1.0
        },
        "matrix_basis": [
          [
            0.9995123147964478,
            -0.004011255688965321,
            -0.030968310311436653,
            0.0
          ],
          [
            0.005098043940961361,
            0.9993709921836853,
            0.03509476035833359,
            0.0
          ],
          [
            0.030808057636022568,
            -0.03523552417755127,
            0.9989040493965149,
            0.0
          ],
          [
            0.0,
            0.0,
            0.0,
            1.0
          ]
        ],
        "rotation_mode": "QUATERNION"
      },
      "armature_space": {
        "head": {
          "x": 0.5929407477378845,
          "y": 0.0148700550198555,
          "z": 0.39838412404060364
        },
        "tail": {
          "x": 0.6776971817016602,
          "y": -0.04638439789414406,
          "z": 0.34553053975105286
        }
      },
      "world_space": {
        "head": {
          "x": 0.5929407477378845,
          "y": 0.07811405509710312,
          "z": 1.3482381105422974
        },
        "tail": {
          "x": 0.6776971817016602,
          "y": 0.01685960218310356,
          "z": 1.2953845262527466
        },
        "rotation_quaternion": {
          "w": 0.13026264309883118,
          "x": -0.8367241024971008,
          "y": -0.47079089283943176,
          "z": 0.24754875898361206
        },
        "matrix": [
          [
            0.43414977192878723,
            0.7233522534370422,
            -0.5369128584861755,
            0.5929407477378845
          ],
          [
            0.8523372411727905,
            -0.5227749943733215,
            -0.015101859346032143,
            0.07811405509710312
          ],
          [
            -0.2916097044944763,
            -0.45107796788215637,
            -0.8435083627700806,
            1.3482381105422974
          ],
          [
            0.0,
            0.0,
            0.0,
            1.0
          ]
        ]
      },
      "bone_length_armature_space": 0.11717193619372566,
      "parent": "lowerarm_l",
      "has_children": true,
      "is_end_bone": false
    },
    "index_01_l": {
      "name": "index_01_l",
      "local": {
        "location": {
          "x": 0.0,
          "y": 0.0,
          "z": 0.0
        },
        "rotation_quaternion": {
          "w": 0.9995027780532837,
          "x": -0.026137925684452057,
          "y": -0.01708385907113552,
          "z": 0.004385102540254593
        },
        "scale": {
          "x": 1.0,
          "y": 1.0,
          "z": 1.0
        },
        "matrix_basis": [
          [
            0.9993778467178345,
            -0.007872771471738815,
            -0.03437996283173561,
            0.0
          ],
          [
            0.009658917784690857,
            0.9985951781272888,
            0.05210002884268761,
            0.0
          ],
          [
            0.0339214950799942,
            -0.052399687469005585,
            0.9980499148368835,
            0.0
          ],
          [
            0.0,
            0.0,
            0.0,
            1.0
          ]
        ],
        "rotation_mode": "QUATERNION"
      },
      "armature_space": {
        "head": {
          "x": 0.6776971817016602,
          "y": -0.04638439789414406,
          "z": 0.34553053975105286
        },
        "tail": {
          "x": 0.7037212252616882,
          "y": -0.05198876932263374,
          "z": 0.3353123664855957
        }
      },
      "world_space": {
        "head": {
          "x": 0.6776971817016602,
          "y": 0.01685960218310356,
          "z": 1.2953845262527466
        },
        "tail": {
          "x": 0.7037212252616882,
          "y": 0.011255230754613876,
          "z": 1.2851663827896118
        },
        "rotation_quaternion": {
          "w": 0.09429209679365158,
          "x": -0.7540151476860046,
          "y": -0.6267664432525635,
          "z": 0.17243576049804688
        },
        "matrix": [
          [
            0.15485835075378418,
            0.9126642346382141,
            -0.37823644280433655,
            0.6776971817016602
          ],
          [
            0.9777014255523682,
            -0.19654551148414612,
            -0.07396106421947479,
            0.01685960218310356
          ],
          [
            -0.14184227585792542,
            -0.3583514988422394,
            -0.9227561354637146,
            1.2953845262527466
          ],
          [
            0.0,
            0.0,
            0.0,
            1.0
          ]
        ]
      },
      "bone_length_armature_space": 0.028514397914005042,
      "parent": "metacarpal_index_l",
      "has_children": true,
      "is_end_bone": false
    },
    "index_02_l": {
      "name": "index_02_l",
      "local": {
        "location": {
          "x": 0.0,
          "y": 0.0,
          "z": 0.0
        },
        "rotation_quaternion": {
          "w": 0.9847382307052612,
          "x": 0.17360670864582062,
          "y": -0.010621781460940838,
          "z": -0.006218566559255123
        },
        "scale": {
          "x": 1.0,
          "y": 1.0,
          "z": 1.0
        },
        "matrix_basis": [
          [
            0.9996970295906067,
            0.00855929497629404,
            -0.023078517988324165,
            0.0
          ],
          [
            -0.015935344621539116,
            0.9396440982818604,
            -0.34178221225738525,
            0.0
          ],
          [
            0.018760178238153458,
            0.34204643964767456,
            0.9394958019256592,
            0.0
          ],
          [
            0.0,
            0.0,
            0.0,
            1.0
          ]
        ],
        "rotation_mode": "QUATERNION"
      },
      "armature_space": {
        "head": {
          "x": 0.7037214040756226,
          "y": -0.05198909714818001,
          "z": 0.33531197905540466
        },
        "tail": {
          "x": 0.7230458855628967,
          "y": -0.05697952210903168,
          "z": 0.31919506192207336
        }
      },
      "world_space": {
        "head": {
          "x": 0.7037214040756226,
          "y": 0.011254902929067612,
          "z": 1.2851660251617432
        },
        "tail": {
          "x": 0.7230458855628967,
          "y": 0.006264477968215942,
          "z": 1.269049048423767
        },
        "rotation_quaternion": {
          "w": 0.18470580875873566,
          "x": -0.7118811011314392,
          "y": -0.60713791847229,
          "z": 0.30081990361213684
        },
        "matrix": [
          [
            0.08177905529737473,
            0.7532943487167358,
            -0.6525793671607971,
            0.7037214040756226
          ],
          [
            0.9755464196205139,
            -0.19453366100788116,
            -0.10230443626642227,
            0.011254902929067612
          ],
          [
            -0.204014390707016,
            -0.6282596588134766,
            -0.750787615776062,
            1.2851660251617432
          ],
          [
            0.0,
            0.0,
            0.0,
            1.0
          ]
        ]
      },
      "bone_length_armature_space": 0.025653360993421748,
      "parent": "index_01_l",
      "has_children": true,
      "is_end_bone": false
    },
    "index_03_l": {
      "name": "index_03_l",
      "local": {
        "location": {
          "x": 0.0,
          "y": 0.0,
          "z": 0.0
        },
        "rotation_quaternion": {
          "w": 0.9752141237258911,
          "x": 0.22125481069087982,
          "y": 0.001235195086337626,
          "z": -0.0014470363967120647
        },
        "scale": {
          "x": 1.0,
          "y": 1.0,
          "z": 1.0
        },
        "matrix_basis": [
          [
            0.9999927878379822,
            0.003368926467373967,
            0.0017688318621367216,
            0.0
          ],
          [
            -0.0022757549304515123,
            0.9020884037017822,
            -0.4315451979637146,
            0.0
          ],
          [
            -0.003049487015232444,
            0.43153804540634155,
            0.9020895957946777,
            0.0
          ],
          [
            0.0,
            0.0,
            0.0,
            1.0
          ]
        ],
        "rotation_mode": "QUATERNION"
      },
      "armature_space": {
        "head": {
          "x": 0.7230459451675415,
          "y": -0.056979529559612274,
          "z": 0.3191952109336853
        },
        "tail": {
          "x": 0.7324297428131104,
          "y": -0.060097191482782364,
          "z": 0.2917003631591797
        }
      },
      "world_space": {
        "head": {
          "x": 0.7230459451675415,
          "y": 0.0062644705176353455,
          "z": 1.2690491676330566
        },
        "tail": {
          "x": 0.7324297428131104,
          "y": 0.0031468085944652557,
          "z": 1.2415543794631958
        },
        "rotation_quaternion": {
          "w": 0.39824390411376953,
          "x": -0.6124626994132996,
          "y": -0.5367036461830139,
          "z": 0.42218533158302307
        },
        "matrix": [
          [
            0.06741529703140259,
            0.321156769990921,
            -0.9446235299110413,
            0.7230459451675415
          ],
          [
            0.9936877489089966,
            -0.10670103132724762,
            0.034640319645404816,
            0.0062644705176353455
          ],
          [
            -0.0896669253706932,
            -0.941002607345581,
            -0.326324999332428,
            1.2690491676330566
          ],
          [
            0.0,
            0.0,
            0.0,
            1.0
          ]
        ]
      },
      "bone_length_armature_space": 0.029218865806769356,
      "parent": "index_02_l",
      "has_children": false,
      "is_end_bone": true
    },
    "metacarpal_pinky_l": {
      "name": "metacarpal_pinky_l",
      "local": {
        "location": {
          "x": 0.0,
          "y": 0.0,
          "z": 0.0
        },
        "rotation_quaternion": {
          "w": 0.9998668432235718,
          "x": 0.01191022526472807,
          "y": -0.002821489470079541,
          "z": 0.010797591879963875
        },
        "scale": {
          "x": 1.0,
          "y": 1.0,
          "z": 1.0
        },
        "matrix_basis": [
          [
            0.9997509121894836,
            -0.021659517660737038,
            -0.005385024007409811,
            0.0
          ],
          [
            0.021525099873542786,
            0.9994831085205078,
            -0.02387820929288864,
            0.0
          ],
          [
            0.005899431183934212,
            0.023756347596645355,
            0.9997003674507141,
            0.0
          ],
          [
            0.0,
            0.0,
            0.0,
            1.0
          ]
        ],
        "rotation_mode": "QUATERNION"
      },
      "armature_space": {
        "head": {
          "x": 0.5929407477378845,
          "y": 0.0148700550198555,
          "z": 0.39838412404060364
        },
        "tail": {
          "x": 0.6953996419906616,
          "y": 0.00964139960706234,
          "z": 0.38054990768432617
        }
      },
      "world_space": {
        "head": {
          "x": 0.5929407477378845,
          "y": 0.07811405509710312,
          "z": 1.3482381105422974
        },
        "tail": {
          "x": 0.6953996419906616,
          "y": 0.07288540154695511,
          "z": 1.3304039239883423
        },
        "rotation_quaternion": {
          "w": 0.6116160154342651,
          "x": 0.2186521738767624,
          "y": 0.31751900911331177,
          "z": -0.6908681392669678
        },
        "matrix": [
          [
            -0.15623274445533752,
            0.9839443564414978,
            0.08628258854150772,
            0.5929407477378845
          ],
          [
            -0.7062409520149231,
            -0.050212401896715164,
            -0.7061890363693237,
            0.07811405509710312
          ],
          [
            -0.6905237436294556,
            -0.17126742005348206,
            0.7027506828308105,
            1.3482381105422974
          ],
          [
            0.0,
            0.0,
            0.0,
            1.0
          ]
        ]
      },
      "bone_length_armature_space": 0.10413079909023386,
      "parent": "lowerarm_l",
      "has_children": true,
      "is_end_bone": false
    },
    "pinky_01_l": {
      "name": "pinky_01_l",
      "local": {
        "location": {
          "x": 0.0,
          "y": 0.0,
          "z": 0.0
        },
        "rotation_quaternion": {
          "w": 0.9996289610862732,
          "x": 0.019302938133478165,
          "y": 0.018574358895421028,
          "z": -0.004951201844960451
        },
        "scale": {
          "x": 1.0,
          "y": 1.0,
          "z": 1.0
        },
        "matrix_basis": [
          [
            0.9992609620094299,
            0.010615808889269829,
            0.036943789571523666,
            0.0
          ],
          [
            -0.00918165035545826,
            0.9992057681083679,
            -0.0387754812836647,
            0.0
          ],
          [
            -0.03732607886195183,
            0.038407620042562485,
            0.9985647797584534,
            0.0
          ],
          [
            0.0,
            0.0,
            0.0,
            1.0
          ]
        ],
        "rotation_mode": "QUATERNION"
      },
      "armature_space": {
        "head": {
          "x": 0.6953996419906616,
          "y": 0.00964139960706234,
          "z": 0.38054990768432617
        },
