{
  "metadata": {
    "armature_name": "KIM_caucasian_male",
    "export_time": "2026-01-13T21:05:08.293160",
    "blender_version": "4.4.1",
    "bone_count": 56,
    "end_bone_count": 13,
    "spaces_included": [
      "LOCAL_CHANNELS",
      "ARMATURE_SPACE",
      "WORLD_SPACE"
    ],
    "note": "LOCAL matches Transform panel; replay pose via local.matrix_basis for best fidelity."
  },
  "bones": {
    "Root": {
      "name": "Root",
      "local": {
        "location": {
          "x": 0.0,
          "y": 0.0,
          "z": 0.0
        },
        "rotation_quaternion": {
          "w": 0.9998974204063416,
          "x": -0.007766995113343,
          "y": -0.007469820789992809,
          "z": 0.009435943327844143
        },
        "scale": {
          "x": 1.0,
          "y": 1.0,
          "z": 1.0
        },
        "matrix_basis": [
          [
            0.9997103214263916,
            -0.018753914162516594,
            -0.015084686689078808,
            0.0
          ],
          [
            0.018985986709594727,
            0.9997012615203857,
            0.015391427092254162,
            0.0
          ],
          [
            0.01479153148829937,
            -0.01567336544394493,
            0.9997677803039551,
            0.0
          ],
          [
            0.0,
            0.0,
            0.0,
            1.0
          ]
        ],
        "rotation_mode": "QUATERNION"
      },
      "armature_space": {
        "head": {
          "x": 0.0,
          "y": 0.07072800397872925,
          "z": -0.009595036506652832
        },
        "tail": {
          "x": -0.0013385768979787827,
          "y": 0.00017151981592178345,
          "z": 0.0011056866496801376
        }
      },
      "world_space": {
        "head": {
          "x": 0.0,
          "y": 0.13397200405597687,
          "z": 0.9402589797973633
        },
        "tail": {
          "x": -0.0013385768979787827,
          "y": 0.0634155198931694,
          "z": 0.9509596824645996
        },
        "rotation_quaternion": {
          "w": 0.07511009275913239,
          "x": 0.997102677822113,
          "y": -0.009917732328176498,
          "z": -0.006817170884460211
        },
        "matrix": [
          [
            0.9997103214263916,
            -0.018753914162516594,
            -0.015084686689078808,
            0.0
          ],
          [
            -0.020802075043320656,
            -0.9885201454162598,
            -0.1496502012014389,
            0.13397200405597687
          ],
          [
            -0.012105095200240612,
            0.1499207466840744,
            -0.988631010055542,
            0.9402589797973633
          ],
          [
            0.0,
            0.0,
            0.0,
            1.0
          ]
        ]
      },
      "bone_length_armature_space": 0.07137587068378133,
      "parent": null,
      "has_children": true,
      "is_end_bone": false
    },
    "spine_01": {
      "name": "spine_01",
      "local": {
        "location": {
          "x": 0.0,
          "y": 0.0,
          "z": 0.0
        },
        "rotation_quaternion": {
          "w": 0.9967920780181885,
          "x": 0.05700260028243065,
          "y": -0.05328969657421112,
          "z": -0.017793694511055946
        },
        "scale": {
          "x": 1.0,
          "y": 1.0,
          "z": 1.0
        },
        "matrix_basis": [
          [
            0.9936872124671936,
            0.02939792536199093,
            -0.10826607048511505,
            0.0
          ],
          [
            -0.041548531502485275,
            0.992868185043335,
            -0.11174304038286209,
            0.0
          ],
          [
            0.10420892387628555,
            0.1155359223484993,
            0.9878218173980713,
            0.0
          ],
          [
            0.0,
            0.0,
            0.0,
            1.0
          ]
        ],
        "rotation_mode": "QUATERNION"
      },
      "armature_space": {
        "head": {
          "x": -0.0013385768979787827,
          "y": 0.00017151981592178345,
          "z": 0.0011056866496801376
        },
        "tail": {
          "x": 0.01835656352341175,
          "y": -0.026293426752090454,
          "z": 0.4879940152168274
        }
      },
      "world_space": {
        "head": {
          "x": -0.0013385768979787827,
          "y": 0.0634155198931694,
          "z": 0.9509596824645996
        },
        "tail": {
          "x": 0.01835656352341175,
          "y": 0.036950573325157166,
          "z": 1.4378480911254883
        },
        "rotation_quaternion": {
          "w": 0.6870100498199463,
          "x": 0.7234614491462708,
          "y": -0.030021635815501213,
          "z": -0.06098732352256775
        },
        "matrix": [
          [
            0.9907585978507996,
            0.04035879299044609,
            -0.12949396669864655,
            -0.0013385768979787827
          ],
          [
            -0.1272365152835846,
            -0.05423131212592125,
            -0.990388810634613,
            0.0634155198931694
          ],
          [
            -0.04699396714568138,
            0.9977194666862488,
            -0.04859628528356552,
            0.9509596824645996
          ],
          [
            0.0,
            0.0,
            0.0,
            1.0
          ]
        ]
      },
      "bone_length_armature_space": 0.4880046371810612,
      "parent": "Root",
      "has_children": true,
      "is_end_bone": false
    },
    "neck_01": {
      "name": "neck_01",
      "local": {
        "location": {
          "x": 0.0,
          "y": 0.0,
          "z": 0.0
        },
        "rotation_quaternion": {
          "w": 0.9923372864723206,
          "x": -0.09854858368635178,
          "y": -0.04831971228122711,
          "z": 0.056746166199445724
        },
        "scale": {
          "x": 1.0,
          "y": 1.0,
          "z": 1.0
        },
        "matrix_basis": [
          [
            0.9888901710510254,
            -0.10309899598360062,
            -0.10708341002464294,
            0.0
          ],
          [
            0.1221463531255722,
            0.9741361141204834,
            0.1901029497385025,
            0.0
          ],
          [
            0.08471439778804779,
            -0.20107078552246094,
            0.9759067893028259,
            0.0
          ],
          [
            0.0,
            0.0,
            0.0,
            1.0
          ]
        ],
        "rotation_mode": "QUATERNION"
      },
      "armature_space": {
        "head": {
          "x": 0.016820663586258888,
          "y": -0.0646112784743309,
          "z": 0.559360146522522
        },
        "tail": {
          "x": 0.007987282238900661,
          "y": -0.08737988770008087,
          "z": 0.6589308381080627
        }
      },
      "world_space": {
        "head": {
          "x": 0.016820663586258888,
          "y": -0.0013672783970832825,
          "z": 1.509214162826538
        },
        "tail": {
          "x": 0.007987282238900661,
          "y": -0.024135887622833252,
          "z": 1.6087849140167236
        },
        "rotation_quaternion": {
          "w": 0.6139523983001709,
          "x": 0.7786527872085571,
          "y": -0.10963109135627747,
          "z": -0.06887172907590866
        },
        "matrix": [
          [
            0.9664754271507263,
            -0.08616138994693756,
            -0.24187123775482178,
            0.016820663586258888
          ],
          [
            -0.2552974224090576,
            -0.222086563706398,
            -0.9410107731819153,
            -0.0013672783970832825
          ],
          [
            0.02736237272620201,
            0.9712192416191101,
            -0.23664051294326782,
            1.509214162826538
          ],
          [
            0.0,
            0.0,
            0.0,
            1.0
          ]
        ]
      },
      "bone_length_armature_space": 0.10252200240886086,
      "parent": "spine_01",
      "has_children": true,
      "is_end_bone": false
    },
    "head": {
      "name": "head",
      "local": {
        "location": {
          "x": 0.0,
          "y": 0.0,
          "z": 0.0
        },
        "rotation_quaternion": {
          "w": 0.985299289226532,
          "x": -0.019244534894824028,
          "y": -0.1437235176563263,
          "z": -0.09032479673624039
        },
        "scale": {
          "x": 1.0,
          "y": 1.0,
          "z": 1.0
        },
        "matrix_basis": [
          [
            0.9423699378967285,
            0.1835256963968277,
            -0.27974483370780945,
            0.0
          ],
          [
            -0.17246213555335999,
            0.9829421639442444,
            0.0638868510723114,
            0.0
          ],
          [
            0.2866978645324707,
            -0.01195965800434351,
            0.9579464197158813,
            0.0
          ],
          [
            0.0,
            0.0,
            0.0,
            1.0
          ]
        ],
        "rotation_mode": "QUATERNION"
      },
      "armature_space": {
        "head": {
          "x": 0.0079872515052557,
          "y": -0.08738002181053162,
          "z": 0.6589307188987732
        },
        "tail": {
          "x": 0.03694535791873932,
          "y": -0.07263516634702682,
          "z": 0.8105794191360474
        }
      },
      "world_space": {
        "head": {
          "x": 0.0079872515052557,
          "y": -0.024136021733283997,
          "z": 1.6087846755981445
        },
        "tail": {
          "x": 0.03694535791873932,
          "y": -0.009391166269779205,
          "z": 1.7604334354400635
        },
        "rotation_quaternion": {
          "w": 0.7262662649154663,
          "x": 0.6243336200714111,
          "y": -0.1416812241077423,
          "z": -0.25034230947494507
        },
        "matrix": [
          [
            0.8345097899436951,
            0.18671782314777374,
            -0.5183919668197632,
            0.0079872515052557
          ],
          [
            -0.5405442714691162,
            0.09507276862859726,
            -0.8359267711639404,
            -0.024136021733283997
          ],
          [
            -0.10679876804351807,
            0.9778096079826355,
            0.180268794298172,
            1.6087846755981445
          ],
          [
            0.0,
            0.0,
            0.0,
            1.0
          ]
        ]
      },
      "bone_length_armature_space": 0.15509130118426423,
      "parent": "neck_01",
      "has_children": false,
      "is_end_bone": true
    },
    "upperarm_l": {
      "name": "upperarm_l",
      "local": {
        "location": {
          "x": 0.0,
          "y": 0.0,
          "z": 0.0
        },
        "rotation_quaternion": {
          "w": 0.8827660083770752,
          "x": 0.44320592284202576,
          "y": 0.027011239901185036,
          "z": -0.1535027176141739
        },
        "scale": {
          "x": 1.0,
          "y": 1.0,
          "z": 1.0
        },
        "matrix_basis": [
          [
            0.9514146447181702,
            0.2949570417404175,
            -0.08837741613388062,
            0.0
          ],
          [
            -0.24707087874412537,
            0.5600108504295349,
            -0.790786862373352,
            0.0
          ],
          [
            -0.18375582993030548,
            0.7742016315460205,
            0.6056777834892273,
            0.0
          ],
          [
            0.0,
            0.0,
            0.0,
            1.0
          ]
        ],
        "rotation_mode": "QUATERNION"
      },
      "armature_space": {
        "head": {
          "x": 0.16230906546115875,
          "y": -0.08321046829223633,
          "z": 0.4851016104221344
        },
        "tail": {
          "x": 0.28762173652648926,
          "y": -0.29589343070983887,
          "z": 0.38083988428115845
        }
      },
      "world_space": {
        "head": {
          "x": 0.16230906546115875,
          "y": -0.01996646821498871,
          "z": 1.4349555969238281
        },
        "tail": {
          "x": 0.28762173652648926,
          "y": -0.23264943063259125,
          "z": 1.3306939601898193
        },
        "rotation_quaternion": {
          "w": 0.06332683563232422,
          "x": 0.5942811965942383,
          "y": 0.3148787319660187,
          "z": -0.73734050989151
        },
        "matrix": [
          [
            -0.28564023971557617,
            0.4676380157470703,
            -0.8364953398704529,
            0.16230906546115875
          ],
          [
            0.28086504340171814,
            -0.7936837077140808,
            -0.5396121144294739,
            -0.01996646821498871
          ],
          [
            -0.9162619709968567,
            -0.389080673456192,
            0.0953650176525116,
            1.4349555969238281
          ],
          [
            0.0,
            0.0,
            0.0,
            1.0
          ]
        ]
      },
      "bone_length_armature_space": 0.2679698036968323,
      "parent": "spine_01",
      "has_children": true,
      "is_end_bone": false
    },
    "lowerarm_l": {
      "name": "lowerarm_l",
      "local": {
        "location": {
          "x": 0.0,
          "y": 0.0,
          "z": 0.0
        },
        "rotation_quaternion": {
          "w": 0.9537862539291382,
          "x": 0.25947317481040955,
          "y": -0.03266965597867966,
          "z": 0.14798063039779663
        },
        "scale": {
          "x": 1.0,
          "y": 1.0,
          "z": 1.0
        },
        "matrix_basis": [
          [
            0.9540688395500183,
            -0.29923757910728455,
            0.014474269933998585,
            0.0
          ],
          [
            0.2653299868106842,
            0.8215507864952087,
            -0.504632830619812,
            0.0
          ],
          [
            0.13911373913288116,
            0.4852949380874634,
            0.8632127046585083,
            0.0
          ],
          [
            0.0,
            0.0,
            0.0,
            1.0
          ]
        ],
        "rotation_mode": "QUATERNION"
      },
      "armature_space": {
        "head": {
          "x": 0.28762179613113403,
          "y": -0.2958935499191284,
          "z": 0.3808399438858032
        },
        "tail": {
          "x": 0.29365313053131104,
          "y": -0.5603820085525513,
          "z": 0.42057469487190247
        }
      },
      "world_space": {
        "head": {
          "x": 0.28762179613113403,
          "y": -0.2326495498418808,
          "z": 1.3306939601898193
        },
        "tail": {
          "x": 0.29365313053131104,
          "y": -0.49713802337646484,
          "z": 1.3704286813735962
        },
        "rotation_quaternion": {
          "w": 0.05097474902868271,
          "x": 0.5569631457328796,
          "y": -0.05546088144183159,
          "z": -0.8271141648292542
        },
        "matrix": [
          [
            -0.37438738346099854,
            0.0225449800491333,
            -0.9269983768463135,
            0.28762179613113403
          ],
          [
            -0.1461036503314972,
            -0.9886512756347656,
            0.03496238589286804,
            -0.2326495498418808
          ],
          [
            -0.9156964421272278,
            0.14852756261825562,
            0.3734351396560669,
            1.3306939601898193
          ],
          [
            0.0,
            0.0,
            0.0,
            1.0
          ]
        ]
      },
      "bone_length_armature_space": 0.2675245211328687,
      "parent": "upperarm_l",
      "has_children": true,
      "is_end_bone": false
    },
    "metacarpal_thumb_l": {
      "name": "metacarpal_thumb_l",
      "local": {
        "location": {
          "x": 0.0,
          "y": 0.0,
          "z": 0.0
        },
        "rotation_quaternion": {
          "w": 0.9993442893028259,
          "x": -0.03446036949753761,
          "y": -0.011026372201740742,
          "z": 0.0014526948798447847
        },
        "scale": {
          "x": 1.0,
          "y": 1.0,
          "z": 1.0
        },
        "matrix_basis": [
          [
            0.9997526407241821,
            -0.002143539022654295,
            -0.022138405591249466,
            0.0
          ],
          [
            0.003663430456072092,
            0.9976207613945007,
            0.06884351372718811,
            0.0
          ],
          [
            0.02193816378712654,
            -0.06890758126974106,
            0.9973818063735962,
            0.0
          ],
          [
            0.0,
            0.0,
            0.0,
            1.0
          ]
        ],
        "rotation_mode": "QUATERNION"
      },
      "armature_space": {
        "head": {
          "x": 0.29365313053131104,
          "y": -0.5603820085525513,
          "z": 0.42057469487190247
        },
        "tail": {
          "x": 0.26524579524993896,
          "y": -0.5992565155029297,
          "z": 0.4322100579738617
        }
      },
      "world_space": {
        "head": {
          "x": 0.29365313053131104,
          "y": -0.49713802337646484,
          "z": 1.3704286813735962
        },
        "tail": {
          "x": 0.26524579524993896,
          "y": -0.5360125303268433,
          "z": 1.3820641040802002
        },
        "rotation_quaternion": {
          "w": 0.0632631778717041,
          "x": 0.9268296360969543,
          "y": -0.3218584954738617,
          "z": -0.18273413181304932
        },
        "matrix": [
          [
            0.7260305285453796,
            -0.5734957456588745,
            -0.3794502019882202,
            0.29365313053131104
          ],
          [
            -0.6197367310523987,
            -0.7848095297813416,
            0.0003611855208873749,
            -0.49713802337646484
          ],
          [
            -0.29800596833229065,
            0.23489800095558167,
            -0.9252186417579651,
            1.3704286813735962
          ],
          [
            0.0,
            0.0,
            0.0,
            1.0
          ]
        ]
      },
      "bone_length_armature_space": 0.04953368256329248,
      "parent": "lowerarm_l",
      "has_children": true,
      "is_end_bone": false
    },
    "thumb_01_l": {
      "name": "thumb_01_l",
      "local": {
        "location": {
          "x": 0.0,
          "y": 0.0,
          "z": 0.0
        },
        "rotation_quaternion": {
          "w": 0.9992210865020752,
          "x": -0.0317053385078907,
          "y": -0.02192062884569168,
          "z": 0.008455855771899223
        },
        "scale": {
          "x": 1.0,
          "y": 1.0,
          "z": 1.0
        },
        "matrix_basis": [
          [
            0.9988959431648254,
            -0.01550853718072176,
            -0.04434330016374588,
            0.0
          ],
          [
            0.018288541585206985,
            0.9978465437889099,
            0.06299056857824326,
            0.0
          ],
          [
            0.04327091574668884,
            -0.06373199820518494,
            0.9970285296440125,
            0.0
          ],
          [
            0.0,
            0.0,
            0.0,
            1.0
          ]
        ],
        "rotation_mode": "QUATERNION"
      },
      "armature_space": {
        "head": {
          "x": 0.26524579524993896,
          "y": -0.5992565155029297,
          "z": 0.4322100579738617
        },
        "tail": {
          "x": 0.23855453729629517,
          "y": -0.6125110983848572,
          "z": 0.4157625436782837
        }
      },
      "world_space": {
        "head": {
          "x": 0.26524579524993896,
          "y": -0.5360125303268433,
          "z": 1.3820641040802002
        },
        "tail": {
          "x": 0.23855453729629517,
          "y": -0.5492671132087708,
          "z": 1.3656165599822998
        },
        "rotation_quaternion": {
          "w": 0.07694804668426514,
          "x": 0.6417766809463501,
          "y": -0.5471540093421936,
          "z": 0.5318122506141663
        },
        "matrix": [
          [
            -0.16440588235855103,
            -0.7841474413871765,
            0.598400890827179,
            0.26524579524993896
          ],
          [
            -0.6204565167427063,
            -0.38939934968948364,
            -0.680736243724823,
            -0.5360125303268433
          ],
          [
            0.7668192386627197,
            -0.48320260643959045,
            -0.42251351475715637,
            1.3820641040802002
          ],
          [
            0.0,
            0.0,
            0.0,
            1.0
          ]
        ]
      },
      "bone_length_armature_space": 0.034038623859739076,
      "parent": "metacarpal_thumb_l",
      "has_children": true,
      "is_end_bone": false
    },
    "thumb_02_l": {
      "name": "thumb_02_l",
      "local": {
        "location": {
          "x": 0.0,
          "y": 0.0,
          "z": 0.0
        },
        "rotation_quaternion": {
          "w": 0.9983288049697876,
          "x": 0.056836411356925964,
          "y": -0.005225703120231628,
          "z": -0.009058762341737747
        },
        "scale": {
          "x": 1.0,
          "y": 1.0,
          "z": 1.0
        },
        "matrix_basis": [
          [
            0.9997812509536743,
            0.017493225634098053,
            -0.01146367471665144,
            0.0
          ],
          [
            -0.018681267276406288,
            0.9933751225471497,
            -0.11338817328214645,
            0.0
          ],
          [
            0.009404204785823822,
            0.11357752978801727,
            0.993484616279602,
            0.0
          ],
          [
            0.0,
            0.0,
            0.0,
            1.0
          ]
        ],
        "rotation_mode": "QUATERNION"
      },
      "armature_space": {
        "head": {
          "x": 0.23855452239513397,
          "y": -0.6125110387802124,
          "z": 0.4157625436782837
        },
        "tail": {
          "x": 0.2372068613767624,
          "y": -0.652581512928009,
          "z": 0.41815444827079773
        }
      },
      "world_space": {
        "head": {
          "x": 0.23855452239513397,
          "y": -0.549267053604126,
          "z": 1.3656165599822998
        },
        "tail": {
          "x": 0.2372068613767624,
          "y": -0.5893375277519226,
          "z": 1.3680084943771362
        },
        "rotation_quaternion": {
          "w": 0.030028752982616425,
          "x": 0.5298463702201843,
          "y": 0.016362641006708145,
          "z": 0.8474039435386658
        },
        "matrix": [
          [
            -0.4367222189903259,
            -0.03355362266302109,
            0.8989704251289368,
            0.23855452239513397
          ],
          [
            0.06823268532752991,
            -0.9976609945297241,
            -0.00408954918384552,
            -0.549267053604126
          ],
          [
            0.8970114588737488,
            0.059552595019340515,
            0.43799325823783875,
            1.3656165599822998
          ],
          [
            0.0,
            0.0,
            0.0,
            1.0
          ]
        ]
      },
      "bone_length_armature_space": 0.04016441510921692,
      "parent": "thumb_01_l",
      "has_children": true,
      "is_end_bone": false
    },
    "thumb_03_l": {
      "name": "thumb_03_l",
      "local": {
        "location": {
          "x": 0.0,
          "y": 0.0,
          "z": 0.0
        },
        "rotation_quaternion": {
          "w": 0.99693363904953,
          "x": 0.0781739354133606,
          "y": 0.002889126306399703,
          "z": -0.001998849678784609
        },
        "scale": {
          "x": 1.0,
          "y": 1.0,
          "z": 1.0
        },
        "matrix_basis": [
          [
            0.999975323677063,
            0.004437149502336979,
            0.005448018666356802,
            0.0
          ],
          [
            -0.003533732146024704,
            0.9877696633338928,
            -0.15588000416755676,
            0.0
          ],
          [
            -0.0060730502009391785,
            0.1558569073677063,
            0.9877609610557556,
            0.0
          ],
          [
            0.0,
            0.0,
            0.0,
            1.0
          ]
        ],
        "rotation_mode": "QUATERNION"
      },
      "armature_space": {
        "head": {
          "x": 0.23720677196979523,
          "y": -0.6525814533233643,
          "z": 0.41815444827079773
        },
        "tail": {
          "x": 0.24866637587547302,
          "y": -0.6804299354553223,
          "z": 0.42263010144233704
        }
      },
      "world_space": {
        "head": {
          "x": 0.23720677196979523,
          "y": -0.5893374681472778,
          "z": 1.3680084943771362
        },
        "tail": {
          "x": 0.24866637587547302,
          "y": -0.6171859502792358,
          "z": 1.3724840879440308
        },
        "rotation_quaternion": {
          "w": 0.15310660004615784,
          "x": -0.3476412892341614,
          "y": -0.1385623663663864,
          "z": -0.9146062135696411
        },
        "matrix": [
          [
            -0.7114078402519226,
            0.37640488147735596,
            0.5934797525405884,
            0.23720677196979523
          ],
          [
            -0.18372449278831482,
            -0.9147173166275024,
            0.3599129915237427,
            -0.5893374681472778
          ],
          [
            0.6783438920974731,
            0.14700831472873688,
            0.7198973894119263,
            1.3680084943771362
          ],
          [
            0.0,
            0.0,
            0.0,
            1.0
          ]
        ]
      },
      "bone_length_armature_space": 0.030444900577531728,
      "parent": "thumb_02_l",
      "has_children": false,
      "is_end_bone": true
    },
    "metacarpal_index_l": {
      "name": "metacarpal_index_l",
      "local": {
        "location": {
          "x": 0.0,
          "y": 0.0,
          "z": 0.0
        },
        "rotation_quaternion": {
          "w": 0.9998090267181396,
          "x": -0.01865217462182045,
          "y": 5.749246338382363e-05,
          "z": 0.005844212602823973
        },
        "scale": {
          "x": 1.0,
          "y": 1.0,
          "z": 1.0
        },
        "matrix_basis": [
          [
            0.9999316930770874,
            -0.011688337661325932,
            -0.00010305157775292173,
            0.0
          ],
          [
            0.011684047989547253,
            0.9992358684539795,
            0.037297897040843964,
            0.0
          ],
          [
            -0.00033297750633209944,
            -0.03729655221104622,
            0.9993041753768921,
            0.0
          ],
          [
            0.0,
            0.0,
            0.0,
            1.0
          ]
        ],
        "rotation_mode": "QUATERNION"
      },
      "armature_space": {
        "head": {
          "x": 0.29365313053131104,
          "y": -0.5603820085525513,
          "z": 0.42057469487190247
        },
        "tail": {
          "x": 0.26368317008018494,
          "y": -0.6701288223266602,
          "z": 0.4486222267150879
        }
      },
      "world_space": {
        "head": {
          "x": 0.29365313053131104,
          "y": -0.49713802337646484,
          "z": 1.3704286813735962
        },
        "tail": {
          "x": 0.26368317008018494,
          "y": -0.6068848371505737,
          "z": 1.398476243019104
        },
        "rotation_quaternion": {
          "w": 0.04570898041129112,
          "x": 0.8670477867126465,
          "y": -0.17203059792518616,
          "z": -0.4653431475162506
        },
        "matrix": [
          [
            0.5077223777770996,
            -0.2557780146598816,
            -0.8226760029792786,
            0.29365313053131104
          ],
          [
            -0.34085866808891296,
            -0.9366320371627808,
            0.08084365725517273,
            -0.49713802337646484
          ],
          [
            -0.7912286520004272,
            0.23937101662158966,
            -0.5627371072769165,
            1.3704286813735962
          ],
          [
            0.0,
            0.0,
            0.0,
            1.0
          ]
        ]
      },
      "bone_length_armature_space": 0.11717177673001383,
      "parent": "lowerarm_l",
      "has_children": true,
      "is_end_bone": false
    },
    "index_01_l": {
      "name": "index_01_l",
      "local": {
        "location": {
          "x": 0.0,
          "y": 0.0,
          "z": 0.0
        },
        "rotation_quaternion": {
          "w": 0.9920262694358826,
          "x": -0.1251211166381836,
          "y": 0.010728275403380394,
          "z": 0.01065572164952755
        },
        "scale": {
          "x": 1.0,
          "y": 1.0,
          "z": 1.0
        },
        "matrix_basis": [
          [
            0.9995427131652832,
            -0.023826180025935173,
            0.018618950620293617,
            0.0
          ],
          [
            0.018456844612956047,
            0.968462347984314,
            0.24847550690174103,
            0.0
          ],
          [
            -0.023951973766088486,
            -0.24801823496818542,
            0.9684592485427856,
            0.0
          ],
          [
            0.0,
            0.0,
            0.0,
            1.0
          ]
        ],
        "rotation_mode": "QUATERNION"
      },
      "armature_space": {
        "head": {
          "x": 0.26368317008018494,
          "y": -0.6701288223266602,
          "z": 0.4486222267150879
        },
        "tail": {
          "x": 0.27035900950431824,
          "y": -0.6973381042480469,
          "z": 0.45392853021621704
        }
      },
      "world_space": {
        "head": {
          "x": 0.26368317008018494,
          "y": -0.6068848371505737,
          "z": 1.398476243019104
        },
        "tail": {
          "x": 0.27035900950431824,
          "y": -0.6340941190719604,
          "z": 1.403782606124878
        },
        "rotation_quaternion": {
          "w": 0.137446790933609,
          "x": 0.8820764422416687,
          "y": 0.06318987905979156,
          "z": -0.44615763425827026
        },
        "matrix": [
          [
            0.5939010381698608,
            0.23412242531776428,
            -0.7697197794914246,
            0.26368317008018494
          ],
          [
            -0.011169254779815674,
            -0.9542307257652283,
            -0.2988625764846802,
            -0.6068848371505737
          ],
          [
            -0.8044664263725281,
            0.18609246611595154,
            -0.5641078948974609,
            1.398476243019104
          ],
          [
            0.0,
            0.0,
            0.0,
            1.0
          ]
        ]
      },
      "bone_length_armature_space": 0.02851436014913821,
      "parent": "metacarpal_index_l",
      "has_children": true,
      "is_end_bone": false
    },
    "index_02_l": {
      "name": "index_02_l",
      "local": {
        "location": {
          "x": 0.0,
          "y": 0.0,
          "z": 0.0
        },
        "rotation_quaternion": {
          "w": 0.9984933137893677,
          "x": 0.054382674396038055,
          "y": -0.00424533523619175,
          "z": -0.005979291163384914
        },
        "scale": {
          "x": 1.0,
          "y": 1.0,
          "z": 1.0
        },
        "matrix_basis": [
          [
            0.9998924732208252,
            0.011478818953037262,
            -0.009128217585384846,
            0.0
          ],
          [
            -0.012402310036122799,
            0.9940135478973389,
            -0.10855070501565933,
            0.0
          ],
          [
            0.007827538065612316,
            0.10865224152803421,
            0.9940490126609802,
            0.0
          ],
          [
            0.0,
            0.0,
            0.0,
            1.0
          ]
        ],
        "rotation_mode": "QUATERNION"
      },
      "armature_space": {
        "head": {
          "x": 0.27035874128341675,
          "y": -0.6973385810852051,
          "z": 0.4539286196231842
        },
        "tail": {
          "x": 0.2754061222076416,
          "y": -0.7223171591758728,
          "z": 0.45687562227249146
        }
      },
      "world_space": {
        "head": {
          "x": 0.27035874128341675,
          "y": -0.6340945959091187,
          "z": 1.403782606124878
        },
        "tail": {
          "x": 0.2754061222076416,
          "y": -0.6590731739997864,
          "z": 1.4067296981811523
        },
        "rotation_quaternion": {
          "w": 0.09872739762067795,
          "x": 0.8676475286483765,
          "y": 0.05833630636334419,
          "z": -0.4837743043899536
        },
        "matrix": [
          [
            0.5251187086105347,
            0.1967543065547943,
            -0.827972412109375,
            0.27035874128341675
          ],
          [
            0.005707083269953728,
            -0.9736993312835693,
            -0.22776465117931366,
            -0.6340945959091187
          ],
          [
            -0.8510160446166992,
            0.1148781105875969,
            -0.5124345421791077,
            1.403782606124878
          ],
          [
            0.0,
            0.0,
            0.0,
            1.0
          ]
        ]
      },
      "bone_length_armature_space": 0.025653269807532655,
      "parent": "index_01_l",
      "has_children": true,
      "is_end_bone": false
    },
    "index_03_l": {
      "name": "index_03_l",
      "local": {
        "location": {
          "x": 0.0,
          "y": 0.0,
          "z": 0.0
        },
        "rotation_quaternion": {
          "w": 0.9977455139160156,
          "x": 0.06667613983154297,
          "y": -0.004645935725420713,
          "z": 0.006049407180398703
        },
        "scale": {
          "x": 1.0,
          "y": 1.0,
          "z": 1.0
        },
        "matrix_basis": [
          [
            0.9998836517333984,
            -0.012691084295511246,
            -0.00846422091126442,
            0.0
          ],
          [
            0.011451991274952888,
            0.9910354018211365,
            -0.13310785591602325,
            0.0
          ],
          [
            0.010077625513076782,
            0.13299542665481567,
            0.9910654425621033,
            0.0
          ],
          [
            0.0,
            0.0,
            0.0,
            1.0
          ]
        ],
        "rotation_mode": "QUATERNION"
      },
      "armature_space": {
        "head": {
          "x": 0.27540624141693115,
          "y": -0.722317099571228,
          "z": 0.4568757116794586
        },
        "tail": {
          "x": 0.2769849896430969,
          "y": -0.7514114379882812,
          "z": 0.4546939432621002
        }
      },
      "world_space": {
        "head": {
          "x": 0.27540624141693115,
          "y": -0.6590731143951416,
          "z": 1.4067296981811523
        },
        "tail": {
          "x": 0.2769849896430969,
          "y": -0.6881674528121948,
          "z": 1.404547929763794
        },
        "rotation_quaternion": {
          "w": 0.02041400410234928,
          "x": -0.8832621574401855,
          "y": -0.04137043654918671,
          "z": 0.4666045308113098
        },
        "matrix": [
          [
            0.5611374974250793,
            0.0540318563580513,
            -0.8259572982788086,
            0.27540624141693115
          ],
          [
            0.0921323373913765,
            -0.9957433342933655,
            -0.002546340227127075,
            -0.6590731143951416
          ],
          [
            -0.8225850462913513,
            -0.07466999441385269,
            -0.5637310743331909,
            1.4067296981811523
          ],
          [
            0.0,
            0.0,
            0.0,
            1.0
          ]
        ]
      },
      "bone_length_armature_space": 0.029218711513872335,
      "parent": "index_02_l",
      "has_children": false,
      "is_end_bone": true
    },
    "metacarpal_pinky_l": {
      "name": "metacarpal_pinky_l",
      "local": {
        "location": {
          "x": 0.0,
          "y": 0.0,
          "z": 0.0
        },
        "rotation_quaternion": {
          "w": 0.9998774528503418,
          "x": -0.014524614438414574,
          "y": -0.005375743843615055,
          "z": -0.002292861696332693
        },
        "scale": {
          "x": 1.0,
          "y": 1.0,
          "z": 1.0
        },
        "matrix_basis": [
          [
            0.9999316930770874,
            0.004741322714835405,
            -0.010683564469218254,
            0.0
          ],
          [
            -0.0044290004298090935,
            0.9995675683021545,
            0.02907032147049904,
            0.0
          ],
          [
            0.010816776193678379,
            -0.029021017253398895,
            0.9995203018188477,
            0.0
          ],
          [
            0.0,
            0.0,
            0.0,
            1.0
          ]
        ],
        "rotation_mode": "QUATERNION"
      },
      "armature_space": {
        "head": {
          "x": 0.29365313053131104,
          "y": -0.5603820085525513,
          "z": 0.42057469487190247
        },
        "tail": {
          "x": 0.32413268089294434,
          "y": -0.659950852394104,
          "z": 0.42006978392601013
        }
      },
      "world_space": {
        "head": {
          "x": 0.29365313053131104,
          "y": -0.49713802337646484,
          "z": 1.3704286813735962
        },
        "tail": {
          "x": 0.32413268089294434,
          "y": -0.5967068672180176,
          "z": 1.3699238300323486
        },
        "rotation_quaternion": {
          "w": 0.14773978292942047,
          "x": -0.07522507756948471,
          "y": -0.008811809122562408,
          "z": -0.9861220121383667
        },
        "matrix": [
          [
            -0.9450283646583557,
            0.29270461201667786,
            0.1457584798336029,
            0.29365313053131104
          ],
          [
            -0.2900531589984894,
            -0.9561906456947327,
            0.03960706293582916,
            -0.49713802337646484
          ],
          [
            0.15096695721149445,
            -0.004848714917898178,
            0.988534152507782,
            1.3704286813735962
          ],
          [
            0.0,
            0.0,
            0.0,
            1.0
          ]
        ]
      },
      "bone_length_armature_space": 0.10413074866820878,
      "parent": "lowerarm_l",
      "has_children": true,
      "is_end_bone": false
    },
    "pinky_01_l": {
      "name": "pinky_01_l",
      "local": {
        "location": {
          "x": 0.0,
          "y": 0.0,
          "z": 0.0
        },
        "rotation_quaternion": {
          "w": 0.9609972238540649,
          "x": 0.2764221131801605,
          "y": 0.006943175569176674,
          "z": -0.005188269540667534
        },
        "scale": {
          "x": 1.0,
          "y": 1.0,
          "z": 1.0
        },
        "matrix_basis": [
          [
            0.9998497366905212,
            0.01381031982600689,
            0.010476440191268921,
            0.0
          ],
          [
            -0.006133330520242453,
            0.8471277952194214,
            -0.5313538312911987,
            0.0
          ],
          [
            -0.016213050112128258,
            0.5312097072601318,
            0.8470852375030518,
            0.0
          ],
          [
            0.0,
            0.0,
            0.0,
            1.0
          ]
        ],
        "rotation_mode": "QUATERNION"
      },
      "armature_space": {
        "head": {
          "x": 0.32413268089294434,
          "y": -0.659950852394104,
