{
  "metadata": {
    "armature_name": "KIM_caucasian_male",
    "export_time": "2026-01-13T21:15:46.422508",
    "blender_version": "4.4.1",
    "bone_count": 56,
    "end_bone_count": 13,
    "spaces_included": [
      "LOCAL_CHANNELS",
      "ARMATURE_SPACE",
      "WORLD_SPACE"
    ],
    "note": "LOCAL matches Transform panel; replay pose via local.matrix_basis for best fidelity."
  },
  "bones": {
    "Root": {
      "name": "Root",
      "local": {
        "location": {
          "x": 0.0,
          "y": 0.0,
          "z": 0.0
        },
        "rotation_quaternion": {
          "w": 0.9996426701545715,
          "x": 0.011684779077768326,
          "y": 0.003101428970694542,
          "z": 0.023845061659812927
        },
        "scale": {
          "x": 1.0,
          "y": 1.0,
          "z": 1.0
        },
        "matrix_basis": [
          [
            0.9988436102867126,
            -0.047600604593753815,
            0.006757889874279499,
            0.0
          ],
          [
            0.047745563089847565,
            0.9985897541046143,
            -0.023213300853967667,
            0.0
          ],
          [
            -0.005643392913043499,
            0.023509114980697632,
            0.9997076988220215,
            0.0
          ],
          [
            0.0,
            0.0,
            0.0,
            1.0
          ]
        ],
        "rotation_mode": "QUATERNION"
      },
      "armature_space": {
        "head": {
          "x": 0.0,
          "y": 0.07072800397872925,
          "z": -0.009595036506652832
        },
        "tail": {
          "x": -0.003397534601390362,
          "y": -0.0001258254051208496,
          "z": -0.0016762958839535713
        }
      },
      "world_space": {
        "head": {
          "x": 0.0,
          "y": 0.13397200405597687,
          "z": 0.9402589797973633
        },
        "tail": {
          "x": -0.003397534601390362,
          "y": 0.06311817467212677,
          "z": 0.948177695274353
        },
        "rotation_quaternion": {
          "w": 0.05568534508347511,
          "x": 0.9981588125228882,
          "y": -0.023581957444548607,
          "z": 0.004700773395597935
        },
        "matrix": [
          [
            0.9988436102867126,
            -0.047600604593753815,
            0.006757889874279499,
            0.0
          ],
          [
            -0.04655354470014572,
            -0.9926860332489014,
            -0.11138780415058136,
            0.13397200405597687
          ],
          [
            0.01201063022017479,
            0.1109442263841629,
            -0.9937610626220703,
            0.9402589797973633
          ],
          [
            0.0,
            0.0,
            0.0,
            1.0
          ]
        ]
      },
      "bone_length_armature_space": 0.07137586913001379,
      "parent": null,
      "has_children": true,
      "is_end_bone": false
    },
    "spine_01": {
      "name": "spine_01",
      "local": {
        "location": {
          "x": 0.0,
          "y": 0.0,
          "z": 0.0
        },
        "rotation_quaternion": {
          "w": 0.9961875677108765,
          "x": 0.06746969372034073,
          "y": 0.04077036678791046,
          "z": -0.03736397624015808
        },
        "scale": {
          "x": 1.0,
          "y": 1.0,
          "z": 1.0
        },
        "matrix_basis": [
          [
            0.9938834309577942,
            0.07994458824396133,
            0.07618799060583115,
            0.0
          ],
          [
            -0.06894152611494064,
            0.9881035685539246,
            -0.13747163116931915,
            0.0
          ],
          [
            -0.0862717404961586,
            0.13137824833393097,
            0.9875712394714355,
            0.0
          ],
          [
            0.0,
            0.0,
            0.0,
            1.0
          ]
        ],
        "rotation_mode": "QUATERNION"
      },
      "armature_space": {
        "head": {
          "x": -0.003397534601390362,
          "y": -0.0001258254051208496,
          "z": -0.0016762958839535713
        },
        "tail": {
          "x": 0.02730342000722885,
          "y": -0.054572828114032745,
          "z": 0.48230865597724915
        }
      },
      "world_space": {
        "head": {
          "x": -0.003397534601390362,
          "y": 0.06311817467212677,
          "z": 0.948177695274353
        },
        "tail": {
          "x": 0.02730342000722885,
          "y": 0.008671171963214874,
          "z": 1.4321626424789429
        },
        "rotation_quaternion": {
          "w": 0.6656297445297241,
          "x": 0.7454530000686646,
          "y": 0.03392815589904785,
          "z": -0.009260326623916626
        },
        "matrix": [
          [
            0.9975263476371765,
            0.06291163712739944,
            0.03136130049824715,
            -0.003397534601390362
          ],
          [
            0.03825617581605911,
            -0.11157144606113434,
            -0.9930198192596436,
            0.06311817467212677
          ],
          [
            -0.058973852545022964,
            0.9917699098587036,
            -0.1137039065361023,
            0.948177695274353
          ],
          [
            0.0,
            0.0,
            0.0,
            1.0
          ]
        ]
      },
      "bone_length_armature_space": 0.48800456021766103,
      "parent": "Root",
      "has_children": true,
      "is_end_bone": false
    },
    "neck_01": {
      "name": "neck_01",
      "local": {
        "location": {
          "x": 0.0,
          "y": 0.0,
          "z": 0.0
        },
        "rotation_quaternion": {
          "w": 0.9967571496963501,
          "x": 0.07212900370359421,
          "y": 0.028328336775302887,
          "z": 0.021682893857359886
        },
        "scale": {
          "x": 1.0,
          "y": 1.0,
          "z": 1.0
        },
        "matrix_basis": [
          [
            0.9974547028541565,
            -0.03913857042789459,
            0.05960087478160858,
            0.0
          ],
          [
            0.047311749309301376,
            0.9886544942855835,
            -0.14256171882152557,
            0.0
          ],
          [
            -0.05334501340985298,
            0.14501868188381195,
            0.9879898428916931,
            0.0
          ],
          [
            0.0,
            0.0,
            0.0,
            1.0
          ]
        ],
        "rotation_mode": "QUATERNION"
      },
      "armature_space": {
        "head": {
          "x": 0.032997339963912964,
          "y": -0.09718028455972672,
          "z": 0.5509812235832214
        },
        "tail": {
          "x": 0.03615094721317291,
          "y": -0.15905342996120453,
          "z": 0.6326664686203003
        }
      },
      "world_space": {
        "head": {
          "x": 0.032997339963912964,
          "y": -0.033936284482479095,
          "z": 1.5008351802825928
        },
        "tail": {
          "x": 0.03615094721317291,
          "y": -0.09580942988395691,
          "z": 1.5825204849243164
        },
        "rotation_quaternion": {
          "w": 0.4445119798183441,
          "x": 0.8952515125274658,
          "y": 0.02552575059235096,
          "z": 0.01680881902575493
        },
        "matrix": [
          [
            0.9981319308280945,
            0.030760515481233597,
            0.05278931185603142,
            0.032997339963912964
          ],
          [
            0.06064745783805847,
            -0.6035148501396179,
            -0.795042097568512,
            -0.033936284482479095
          ],
          [
            0.007403327152132988,
            0.7967631816864014,
            -0.6042578816413879,
            1.5008351802825928
          ],
          [
            0.0,
            0.0,
            0.0,
            1.0
          ]
        ]
      },
      "bone_length_armature_space": 0.10252175693318315,
      "parent": "spine_01",
      "has_children": true,
      "is_end_bone": false
    },
    "head": {
      "name": "head",
      "local": {
        "location": {
          "x": 0.0,
          "y": 0.0,
          "z": 0.0
        },
        "rotation_quaternion": {
          "w": 0.9777224659919739,
          "x": -0.07320723682641983,
          "y": -0.054481808096170425,
          "z": 0.1890273243188858
        },
        "scale": {
          "x": 1.0,
          "y": 1.0,
          "z": 1.0
        },
        "matrix_basis": [
          [
            0.9226008057594299,
            -0.361655592918396,
            -0.13421250879764557,
            0.0
          ],
          [
            0.3776094615459442,
            0.9178187251091003,
            0.12255562096834183,
            0.0
          ],
          [
            0.0788598358631134,
            -0.1637498140335083,
            0.9833448529243469,
            0.0
          ],
          [
            0.0,
            0.0,
            0.0,
            1.0
          ]
        ],
        "rotation_mode": "QUATERNION"
      },
      "armature_space": {
        "head": {
          "x": 0.03615095466375351,
          "y": -0.1590535193681717,
          "z": 0.632666289806366
        },
        "tail": {
          "x": -0.020023241639137268,
          "y": -0.17710445821285248,
          "z": 0.7760953307151794
        }
      },
      "world_space": {
        "head": {
          "x": 0.03615095466375351,
          "y": -0.09580951929092407,
          "z": 1.5825202465057373
        },
        "tail": {
          "x": -0.020023241639137268,
          "y": -0.11386045813560486,
          "z": 1.7259492874145508
        },
        "rotation_quaternion": {
          "w": 0.6439367532730103,
          "x": 0.7415001392364502,
          "y": -0.16477355360984802,
          "z": 0.09150262176990509
        },
        "matrix": [
          [
            0.9289537668228149,
            -0.36220335960388184,
            -0.07651107758283615,
            0.03615095466375351
          ],
          [
            -0.12651744484901428,
            -0.1163899302482605,
            -0.9851126670837402,
            -0.09580951929092407
          ],
          [
            0.34790825843811035,
            0.9248102903366089,
            -0.15394796431064606,
            1.5825202465057373
          ],
          [
            0.0,
            0.0,
            0.0,
            1.0
          ]
        ]
      },
      "bone_length_armature_space": 0.15509115443711585,
      "parent": "neck_01",
      "has_children": false,
      "is_end_bone": true
    },
    "upperarm_l": {
      "name": "upperarm_l",
      "local": {
        "location": {
          "x": 0.0,
          "y": 0.0,
          "z": 0.0
        },
        "rotation_quaternion": {
          "w": 0.9317485094070435,
          "x": -0.24545234441757202,
          "y": 0.07892958074808121,
          "z": -0.2556716203689575
        },
        "scale": {
          "x": 1.0,
          "y": 1.0,
          "z": 1.0
        },
        "matrix_basis": [
          [
            0.8568043112754822,
            0.4376963973045349,
            0.27259543538093567,
            0.0
          ],
          [
            -0.5151901841163635,
            0.7487703561782837,
            0.4170396029949188,
            0.0
          ],
          [
            -0.02157464064657688,
            -0.4977598190307617,
            0.8670465350151062,
            0.0
          ],
          [
            0.0,
            0.0,
            0.0,
            1.0
          ]
        ],
        "rotation_mode": "QUATERNION"
      },
      "armature_space": {
        "head": {
          "x": 0.17849814891815186,
          "y": -0.0871102586388588,
          "z": 0.47511789202690125
        },
        "tail": {
          "x": 0.3586786389350891,
          "y": 0.07635978609323502,
          "z": 0.3627777695655823
        }
      },
      "world_space": {
        "head": {
          "x": 0.17849814891815186,
          "y": -0.023866258561611176,
          "z": 1.4249719381332397
        },
        "tail": {
          "x": 0.3586786389350891,
          "y": 0.13960379362106323,
          "z": 1.3126318454742432
        },
        "rotation_quaternion": {
          "w": 0.38722968101501465,
          "x": 0.23718339204788208,
          "y": 0.809363603591919,
          "z": -0.37246185541152954
        },
        "matrix": [
          [
            -0.5875948071479797,
            0.6723920106887817,
            0.4501350522041321,
            0.17849814891815186
          ],
          [
            0.09547974169254303,
            0.6100324392318726,
            -0.7866028547286987,
            -0.023866258561611176
          ],
          [
            -0.8035079836845398,
            -0.41922736167907715,
            -0.4226553738117218,
            1.4249719381332397
          ],
          [
            0.0,
            0.0,
            0.0,
            1.0
          ]
        ]
      },
      "bone_length_armature_space": 0.2679697098589686,
      "parent": "spine_01",
      "has_children": true,
      "is_end_bone": false
    },
    "lowerarm_l": {
      "name": "lowerarm_l",
      "local": {
        "location": {
          "x": 0.0,
          "y": 0.0,
          "z": 0.0
        },
        "rotation_quaternion": {
          "w": 0.8636934757232666,
          "x": 0.41264426708221436,
          "y": 0.2700779438018799,
          "z": -0.1040019616484642
        },
        "scale": {
          "x": 1.0,
          "y": 1.0,
          "z": 1.0
        },
        "matrix_basis": [
          [
            0.8324829936027527,
            0.4025438725948334,
            0.38069748878479004,
            0.0
          ],
          [
            0.04324059933423996,
            0.6378166079521179,
            -0.7689735889434814,
            0.0
          ],
          [
            -0.5523607134819031,
            0.6566190719604492,
            0.5135652422904968,
            0.0
          ],
          [
            0.0,
            0.0,
            0.0,
            1.0
          ]
        ],
        "rotation_mode": "QUATERNION"
      },
      "armature_space": {
        "head": {
          "x": 0.35867881774902344,
          "y": 0.07635979354381561,
          "z": 0.36277779936790466
        },
        "tail": {
          "x": 0.5138077735900879,
          "y": 0.012930706143379211,
          "z": 0.1542549878358841
        }
      },
      "world_space": {
        "head": {
          "x": 0.35867881774902344,
          "y": 0.13960379362106323,
          "z": 1.3126318454742432
        },
        "tail": {
          "x": 0.5138077735900879,
          "y": 0.07617470622062683,
          "z": 1.1041090488433838
        },
        "rotation_quaternion": {
          "w": 0.02692076563835144,
          "x": 0.44148799777030945,
          "y": 0.6170313954353333,
          "z": -0.6508731842041016
        },
        "matrix": [
          [
            -0.6087246537208557,
            0.5798683166503906,
            -0.5414862632751465,
            0.35867881774902344
          ],
          [
            0.5097829103469849,
            -0.2370963990688324,
            -0.8269866704940796,
            0.13960379362106323
          ],
          [
            -0.6079314351081848,
            -0.7794532179832458,
            -0.15128250420093536,
            1.3126318454742432
          ],
          [
            0.0,
            0.0,
            0.0,
            1.0
          ]
        ]
      },
      "bone_length_armature_space": 0.2675257112861885,
      "parent": "upperarm_l",
      "has_children": true,
      "is_end_bone": false
    },
    "metacarpal_thumb_l": {
      "name": "metacarpal_thumb_l",
      "local": {
        "location": {
          "x": 0.0,
          "y": 0.0,
          "z": 0.0
        },
        "rotation_quaternion": {
          "w": 0.9996525645256042,
          "x": 0.018433324992656708,
          "y": 0.0015422985889017582,
          "z": -0.018776345998048782
        },
        "scale": {
          "x": 1.0,
          "y": 1.0,
          "z": 1.0
        },
        "matrix_basis": [
          [
            0.9992901682853699,
            0.037596505135297775,
            0.002391304587945342,
            0.0
          ],
          [
            -0.03748278692364693,
            0.9986153244972229,
            -0.03691175952553749,
            0.0
          ],
          [
            -0.003775746561586857,
            0.036795925348997116,
            0.9993156790733337,
            0.0
          ],
          [
            0.0,
            0.0,
            0.0,
            1.0
          ]
        ],
        "rotation_mode": "QUATERNION"
      },
      "armature_space": {
        "head": {
          "x": 0.5138077735900879,
          "y": 0.012930706143379211,
          "z": 0.1542549878358841
        },
        "tail": {
          "x": 0.5153016448020935,
          "y": -0.013641610741615295,
          "z": 0.11247830092906952
        }
      },
      "world_space": {
        "head": {
          "x": 0.5138077735900879,
          "y": 0.07617470622062683,
          "z": 1.1041090488433838
        },
        "tail": {
          "x": 0.5153016448020935,
          "y": 0.049602389335632324,
          "z": 1.062332272529602
        },
        "rotation_quaternion": {
          "w": 0.4435698986053467,
          "x": -0.8192145228385925,
          "y": -0.18713973462581635,
          "z": 0.3116281032562256
        },
        "matrix": [
          [
            0.7357337474822998,
            0.03015846386551857,
            -0.6765994429588318,
            0.5138077735900879
          ],
          [
            0.5830726027488708,
            -0.5364496111869812,
            0.6101215481758118,
            0.07617470622062683
          ],
          [
            -0.34456291794776917,
            -0.8433998227119446,
            -0.41227084398269653,
            1.1041090488433838
          ],
          [
            0.0,
            0.0,
            0.0,
            1.0
          ]
        ]
      },
      "bone_length_armature_space": 0.049533939898540914,
      "parent": "lowerarm_l",
      "has_children": true,
      "is_end_bone": false
    },
    "thumb_01_l": {
      "name": "thumb_01_l",
      "local": {
        "location": {
          "x": 0.0,
          "y": 0.0,
          "z": 0.0
        },
        "rotation_quaternion": {
          "w": 0.9987741708755493,
          "x": 0.045952245593070984,
          "y": -0.0026859671343117952,
          "z": -0.01820708066225052
        },
        "scale": {
          "x": 1.0,
          "y": 1.0,
          "z": 1.0
        },
        "matrix_basis": [
          [
            0.9993225932121277,
            0.03612267225980759,
            -0.007038661744445562,
            0.0
          ],
          [
            -0.03661637753248215,
            0.9951137900352478,
            -0.09169402718544006,
            0.0
          ],
          [
            0.0036920367274433374,
            0.0918896421790123,
            0.9957623481750488,
            0.0
          ],
          [
            0.0,
            0.0,
            0.0,
            1.0
          ]
        ],
        "rotation_mode": "QUATERNION"
      },
      "armature_space": {
        "head": {
          "x": 0.5153016448020935,
          "y": -0.013641610741615295,
          "z": 0.11247830092906952
        },
        "tail": {
          "x": 0.4986535608768463,
          "y": -0.01186428964138031,
          "z": 0.08284182846546173
        }
      },
      "world_space": {
        "head": {
          "x": 0.5153016448020935,
          "y": 0.049602389335632324,
          "z": 1.062332272529602
        },
        "tail": {
          "x": 0.4986535608768463,
          "y": 0.05137971043586731,
          "z": 1.0326958894729614
        },
        "rotation_quaternion": {
          "w": 0.5422093272209167,
          "x": -0.6726024746894836,
          "y": 0.4817841649055481,
          "z": -0.14662612974643707
        },
        "matrix": [
          [
            0.49276694655418396,
            -0.48909419775009155,
            0.719700038433075,
            0.5153016448020935
          ],
          [
            -0.8071044683456421,
            0.052214913070201874,
            0.5880953669548035,
            0.049602389335632324
          ],
          [
            -0.3252159655094147,
            -0.8706730604171753,
            -0.3690222501754761,
            1.062332272529602
          ],
          [
            0.0,
            0.0,
            0.0,
            1.0
          ]
        ]
      },
      "bone_length_armature_space": 0.03403877261349996,
      "parent": "metacarpal_thumb_l",
      "has_children": true,
      "is_end_bone": false
    },
    "thumb_02_l": {
      "name": "thumb_02_l",
      "local": {
        "location": {
          "x": 0.0,
          "y": 0.0,
          "z": 0.0
        },
        "rotation_quaternion": {
          "w": 0.9913339614868164,
          "x": 0.1313585638999939,
          "y": -0.0005286950618028641,
          "z": -0.00129210134036839
        },
        "scale": {
          "x": 1.0,
          "y": 1.0,
          "z": 1.0
        },
        "matrix_basis": [
          [
            0.9999961256980896,
            0.002422910649329424,
            -0.0013876839075237513,
            0.0
          ],
          [
            -0.0027007050812244415,
            0.9654865264892578,
            -0.26043903827667236,
            0.0
          ],
          [
            0.0007087695994414389,
            0.26044178009033203,
            0.9654892683029175,
            0.0
          ],
          [
            0.0,
            0.0,
            0.0,
            1.0
          ]
        ],
        "rotation_mode": "QUATERNION"
      },
      "armature_space": {
        "head": {
          "x": 0.49865350127220154,
          "y": -0.011864288710057735,
          "z": 0.08284186571836472
        },
        "tail": {
          "x": 0.5272113084793091,
          "y": -0.017171673476696014,
          "z": 0.05510246753692627
        }
      },
      "world_space": {
        "head": {
          "x": 0.49865350127220154,
          "y": 0.05137971043586731,
          "z": 1.0326958894729614
        },
        "tail": {
          "x": 0.5272113084793091,
          "y": 0.046072326600551605,
          "z": 1.0049564838409424
        },
        "rotation_quaternion": {
          "w": 0.612521231174469,
          "x": -0.28886908292770386,
          "y": 0.24237681925296783,
          "z": -0.6947128176689148
        },
        "matrix": [
          [
            -0.08274169266223907,
            0.7110228538513184,
            0.6982842683792114,
            0.49865350127220154
          ],
          [
            -0.9910832643508911,
            -0.13214148581027985,
            0.017115646973252296,
            0.05137971043586731
          ],
          [
            0.10444176942110062,
            -0.6906463503837585,
            0.7156213521957397,
            1.0326958894729614
          ],
          [
            0.0,
            0.0,
            0.0,
            1.0
          ]
        ]
      },
      "bone_length_armature_space": 0.04016454754696476,
      "parent": "thumb_01_l",
      "has_children": true,
      "is_end_bone": false
    },
    "thumb_03_l": {
      "name": "thumb_03_l",
      "local": {
        "location": {
          "x": 0.0,
          "y": 0.0,
          "z": 0.0
        },
        "rotation_quaternion": {
          "w": 0.9958493709564209,
          "x": 0.09090626239776611,
          "y": -0.003944827243685722,
          "z": 0.0021290769800543785
        },
        "scale": {
          "x": 1.0,
          "y": 1.0,
          "z": 1.0
        },
        "matrix_basis": [
          [
            0.9999598264694214,
            -0.004957698751240969,
            -0.007469814736396074,
            0.0
          ],
          [
            0.0035232610534876585,
            0.9834630489349365,
            -0.18107467889785767,
            0.0
          ],
          [
            0.008244000375270844,
            0.18104109168052673,
            0.9834409952163696,
            0.0
          ],
          [
            0.0,
            0.0,
            0.0,
            1.0
          ]
        ],
        "rotation_mode": "QUATERNION"
      },
      "armature_space": {
        "head": {
          "x": 0.5272112488746643,
          "y": -0.017171721905469894,
          "z": 0.05510246008634567
        },
        "tail": {
          "x": 0.5560398101806641,
          "y": -0.017749618738889694,
          "z": 0.04533139616250992
        }
      },
      "world_space": {
        "head": {
          "x": 0.5272112488746643,
          "y": 0.046072278171777725,
          "z": 1.0049564838409424
        },
        "tail": {
          "x": 0.5560398101806641,
          "y": 0.045494381338357925,
          "z": 0.9951854348182678
        },
        "rotation_quaternion": {
          "w": 0.6614972949028015,
          "x": 0.0056580412201583385,
          "y": 0.23006504774093628,
          "z": -0.7137643098831177
        },
        "matrix": [
          [
            -0.12477748095989227,
            0.946909487247467,
            0.2963002324104309,
            0.5272112488746643
          ],
          [
            -0.9417037963867188,
            -0.018981769680976868,
            -0.335907906293869,
            0.046072278171777725
          ],
          [
            -0.31245291233062744,
            -0.320942759513855,
            0.8940824270248413,
            1.0049564838409424
          ],
          [
            0.0,
            0.0,
            0.0,
            1.0
          ]
        ]
      },
      "bone_length_armature_space": 0.03044492749537977,
      "parent": "thumb_02_l",
      "has_children": false,
      "is_end_bone": true
    },
    "metacarpal_index_l": {
      "name": "metacarpal_index_l",
      "local": {
        "location": {
          "x": 0.0,
          "y": 0.0,
          "z": 0.0
        },
        "rotation_quaternion": {
          "w": 0.9985024929046631,
          "x": -0.053207822144031525,
          "y": 0.010898221284151077,
          "z": 0.006554840132594109
        },
        "scale": {
          "x": 1.0,
          "y": 1.0,
          "z": 1.0
        },
        "matrix_basis": [
          [
            0.999676525592804,
            -0.014249789528548717,
            0.021066265180706978,
            0.0
          ],
          [
            0.011930307373404503,
            0.9942519068717957,
            0.10639915615320206,
            0.0
          ],
          [
            -0.022461339831352234,
            -0.10611341148614883,
            0.9941003322601318,
            0.0
          ],
          [
            0.0,
            0.0,
            0.0,
            1.0
          ]
        ],
        "rotation_mode": "QUATERNION"
      },
      "armature_space": {
        "head": {
          "x": 0.5138077735900879,
          "y": 0.012930706143379211,
          "z": 0.1542549878358841
        },
        "tail": {
          "x": 0.5662583112716675,
          "y": -0.041405823081731796,
          "z": 0.06466803699731827
        }
      },
      "world_space": {
        "head": {
          "x": 0.5138077735900879,
          "y": 0.07617470622062683,
          "z": 1.1041090488433838
        },
        "tail": {
          "x": 0.5662583112716675,
          "y": 0.021838176995515823,
          "z": 1.0145220756530762
        },
        "rotation_quaternion": {
          "w": 0.25377926230430603,
          "x": -0.7385884523391724,
          "y": -0.45136329531669617,
          "z": 0.43168801069259644
        },
        "matrix": [
          [
            0.21983198821544647,
            0.4476383924484253,
            -0.8667722940444946,
            0.5138077735900879
          ],
          [
            0.8858505487442017,
            -0.46373409032821655,
            -0.014821335673332214,
            0.07617470622062683
          ],
          [
            -0.4085882902145386,
            -0.7645781636238098,
            -0.4984878599643707,
            1.1041090488433838
          ],
          [
            0.0,
            0.0,
            0.0,
            1.0
          ]
        ]
      },
      "bone_length_armature_space": 0.11717226008819813,
      "parent": "lowerarm_l",
      "has_children": true,
      "is_end_bone": false
    },
    "index_01_l": {
      "name": "index_01_l",
      "local": {
        "location": {
          "x": 0.0,
          "y": 0.0,
          "z": 0.0
        },
        "rotation_quaternion": {
          "w": 0.9964551329612732,
          "x": -0.08140499889850616,
          "y": -0.019984623417258263,
          "z": -0.007137044332921505
        },
        "scale": {
          "x": 1.0,
          "y": 1.0,
          "z": 1.0
        },
        "matrix_basis": [
          [
            0.9990993738174438,
            0.017477184534072876,
            -0.03866557776927948,
            0.0
          ],
          [
            -0.010969792492687702,
            0.9866445660591125,
            0.16251811385154724,
            0.0
          ],
          [
            0.04098954424262047,
            -0.1619475930929184,
            0.9859476685523987,
            0.0
          ],
          [
            0.0,
            0.0,
            0.0,
            1.0
          ]
        ],
        "rotation_mode": "QUATERNION"
      },
      "armature_space": {
        "head": {
          "x": 0.5662583112716675,
          "y": -0.041405823081731796,
          "z": 0.06466803699731827
        },
        "tail": {
          "x": 0.5870265960693359,
          "y": -0.044311583042144775,
          "z": 0.04534680396318436
        }
      },
      "world_space": {
        "head": {
          "x": 0.5662583112716675,
          "y": 0.021838176995515823,
          "z": 1.0145220756530762
        },
        "tail": {
          "x": 0.5870265960693359,
          "y": 0.018932417035102844,
          "z": 0.9952008128166199
        },
        "rotation_quaternion": {
          "w": 0.2201583981513977,
          "x": -0.6793887615203857,
          "y": -0.6329118013381958,
          "z": 0.29897165298461914
        },
        "matrix": [
          [
            0.02007415145635605,
            0.7283444404602051,
            -0.6849174499511719,
            0.5662583112716675
          ],
          [
            0.9916282892227173,
            -0.10190508514642715,
            -0.07930260896682739,
            0.021838176995515823
          ],
          [
            -0.12755604088306427,
            -0.6775963306427002,
            -0.7242975831031799,
            1.0145220756530762
          ],
          [
            0.0,
            0.0,
            0.0,
            1.0
          ]
        ]
      },
      "bone_length_armature_space": 0.028514472646191228,
      "parent": "metacarpal_index_l",
      "has_children": true,
      "is_end_bone": false
    },
    "index_02_l": {
      "name": "index_02_l",
      "local": {
        "location": {
          "x": 0.0,
          "y": 0.0,
          "z": 0.0
        },
        "rotation_quaternion": {
          "w": 0.9817559123039246,
          "x": 0.1897573173046112,
          "y": -0.011217444203794003,
          "z": 0.0046606846153736115
        },
        "scale": {
          "x": 1.0,
          "y": 1.0,
          "z": 1.0
        },
        "matrix_basis": [
          [
            0.999704897403717,
            -0.013408493250608444,
            -0.020256785675883293,
            0.0
          ],
          [
            0.004894125275313854,
            0.9279409050941467,
            -0.37269529700279236,
            0.0
          ],
          [
            0.02379438281059265,
            0.3724861741065979,
            0.9277326464653015,
            0.0
          ],
          [
            0.0,
            0.0,
            0.0,
            1.0
          ]
        ],
        "rotation_mode": "QUATERNION"
      },
      "armature_space": {
        "head": {
          "x": 0.5870266556739807,
          "y": -0.04431188106536865,
          "z": 0.04534634202718735
        },
        "tail": {
          "x": 0.5986553430557251,
          "y": -0.047681037336587906,
          "z": 0.02272951975464821
        }
      },
      "world_space": {
        "head": {
          "x": 0.5870266556739807,
          "y": 0.018932119011878967,
          "z": 0.9952003359794617
        },
        "tail": {
          "x": 0.5986553430557251,
          "y": 0.015562962740659714,
          "z": 0.972583532333374
        },
        "rotation_quaternion": {
          "w": 0.3052925765514374,
          "x": -0.6146339178085327,
          "y": -0.5840621590614319,
          "z": 0.43346622586250305
        },
        "matrix": [
          [
            -0.058046065270900726,
            0.4533015787601471,
            -0.8894654512405396,
            0.5870266556739807
          ],
          [
            0.9826368689537048,
            -0.1313343346118927,
            -0.13105861842632294,
            0.018932119011878967
          ],
          [
            -0.1762266308069229,
            -0.8816351294517517,
            -0.4378105401992798,
            0.9952003359794617
          ],
          [
            0.0,
            0.0,
            0.0,
            1.0
          ]
        ]
      },
      "bone_length_armature_space": 0.02565342544732668,
      "parent": "index_01_l",
      "has_children": true,
      "is_end_bone": false
    },
    "index_03_l": {
      "name": "index_03_l",
      "local": {
        "location": {
          "x": 0.0,
          "y": 0.0,
          "z": 0.0
        },
        "rotation_quaternion": {
          "w": 0.9738650918006897,
          "x": 0.22704245150089264,
          "y": 0.005157445091754198,
          "z": -0.0034622647799551487
        },
        "scale": {
          "x": 1.0,
          "y": 1.0,
          "z": 1.0
        },
        "matrix_basis": [
          [
            0.9999228119850159,
            0.009085475467145443,
            0.008473149500787258,
            0.0
          ],
          [
            -0.004401639569550753,
            0.8968794941902161,
            -0.44225314259529114,
            0.0
          ],
          [
            -0.01161747332662344,
            0.4421817362308502,
            0.8968502283096313,
            0.0
          ],
          [
            0.0,
            0.0,
            0.0,
            1.0
          ]
        ],
        "rotation_mode": "QUATERNION"
      },
      "armature_space": {
        "head": {
          "x": 0.5986554622650146,
          "y": -0.047681041061878204,
          "z": 0.022729597985744476
        },
        "tail": {
          "x": 0.5962237119674683,
          "y": -0.04946649447083473,
          "z": -0.0063331350684165955
        }
      },
      "world_space": {
        "head": {
          "x": 0.5986554622650146,
          "y": 0.015562959015369415,
          "z": 0.9725835919380188
        },
        "tail": {
          "x": 0.5962237119674683,
          "y": 0.013777505606412888,
          "z": 0.9435209035873413
        },
        "rotation_quaternion": {
          "w": 0.5008278489112854,
          "x": -0.4891261160373688,
          "y": -0.46756622195243835,
          "z": 0.5397304892539978
        },
        "matrix": [
          [
            -0.01985357701778412,
            -0.08322638273239136,
            -0.9963330626487732,
            0.5986554622650146
          ],
          [
            0.9980219006538391,
            -0.0611065998673439,
            -0.014782696962356567,
            0.015562959015369415
          ],
          [
            -0.059651605784893036,
            -0.9946626424789429,
            0.0842755138874054,
            0.9725835919380188
          ],
          [
            0.0,
            0.0,
            0.0,
            1.0
          ]
        ]
      },
      "bone_length_armature_space": 0.029218893120671035,
      "parent": "index_02_l",
      "has_children": false,
      "is_end_bone": true
    },
    "metacarpal_pinky_l": {
      "name": "metacarpal_pinky_l",
      "local": {
        "location": {
          "x": 0.0,
          "y": 0.0,
          "z": 0.0
        },
        "rotation_quaternion": {
          "w": 0.9991276264190674,
          "x": 0.040868259966373444,
          "y": -0.00813719630241394,
          "z": 0.002749226288869977
        },
        "scale": {
          "x": 1.0,
          "y": 1.0,
          "z": 1.0
        },
        "matrix_basis": [
          [
            0.9998524785041809,
            -0.0061587621457874775,
            -0.01603548228740692,
            0.0
          ],
          [
            0.004828549921512604,
            0.9966444373130798,
            -0.08170995861291885,
            0.0
          ],
          [
            0.016484906896948814,
            0.0816204696893692,
            0.9965271353721619,
            0.0
          ],
          [
            0.0,
            0.0,
            0.0,
            1.0
          ]
        ],
        "rotation_mode": "QUATERNION"
      },
      "armature_space": {
        "head": {
          "x": 0.5138077735900879,
          "y": 0.012930706143379211,
          "z": 0.1542549878358841
        },
        "tail": {
          "x": 0.5924286842346191,
          "y": 0.01014234870672226,
          "z": 0.08603280782699585
        }
      },
      "world_space": {
        "head": {
          "x": 0.5138077735900879,
          "y": 0.07617470622062683,
          "z": 1.1041090488433838
        },
        "tail": {
          "x": 0.5924286842346191,
          "y": 0.07338634878396988,
          "z": 1.0358867645263672
        },
        "rotation_quaternion": {
          "w": 0.5091714859008789,
          "x": 0.02714844048023224,
          "y": 0.4768175780773163,
          "z": -0.715997576713562
        },
        "matrix": [
          [
            -0.4800123870372772,
            0.7550207376480103,
            0.4466901421546936,
            0.5138077735900879
          ],
          [
            -0.703244149684906,
            -0.026777461171150208,
            -0.7104442715644836,
            0.07617470622062683
          ],
          [
            -0.5244433879852295,
            -0.6551587581634521,
            0.5438203811645508,
            1.1041090488433838
          ],
          [
            0.0,
            0.0,
            0.0,
            1.0
          ]
        ]
      },
      "bone_length_armature_space": 0.10413111163282308,
      "parent": "lowerarm_l",
      "has_children": true,
      "is_end_bone": false
    },
    "pinky_01_l": {
      "name": "pinky_01_l",
      "local": {
        "location": {
          "x": 0.0,
          "y": 0.0,
          "z": 0.0
        },
        "rotation_quaternion": {
          "w": 0.9995090961456299,
          "x": 0.022509939968585968,
          "y": -0.02068706788122654,
          "z": 0.0068573737516999245
        },
        "scale": {
          "x": 1.0,
          "y": 1.0,
          "z": 1.0
        },
        "matrix_basis": [
          [
            0.9990500211715698,
            -0.014639344066381454,
            -0.04104510694742203,
            0.0
          ],
          [
            0.012776685878634453,
            0.9988925457000732,
            -0.04528149589896202,
            0.0
          ],
          [
            0.0416625440120697,
            0.0447140634059906,
            0.9981306791305542,
            0.0
          ],
          [
            0.0,
            0.0,
            0.0,
            1.0
          ]
        ],
        "rotation_mode": "QUATERNION"
      },
      "armature_space": {
        "head": {
          "x": 0.5924286842346191,
          "y": 0.01014234870672226,
