{
  "metadata": {
    "armature_name": "KIM_caucasian_male",
    "export_time": "2026-01-13T19:11:38.730329",
    "blender_version": "4.4.1",
    "bone_count": 56,
    "end_bone_count": 13,
    "spaces_included": [
      "LOCAL_CHANNELS",
      "ARMATURE_SPACE",
      "WORLD_SPACE"
    ],
    "note": "LOCAL matches Transform panel; replay pose via local.matrix_basis for best fidelity."
  },
  "bones": {
    "Root": {
      "name": "Root",
      "local": {
        "location": {
          "x": 0.0,
          "y": 0.0,
          "z": 0.0
        },
        "rotation_quaternion": {
          "w": 0.999871015548706,
          "x": -0.013208841904997826,
          "y": 0.009058323688805103,
          "z": -0.0012718802317976952
        },
        "scale": {
          "x": 1.0,
          "y": 1.0,
          "z": 1.0
        },
        "matrix_basis": [
          [
            0.9998326301574707,
            0.002304132329300046,
            0.0181479100137949,
            0.0
          ],
          [
            -0.0027827322483062744,
            0.9996477961540222,
            0.02639123424887657,
            0.0
          ],
          [
            -0.018080711364746094,
            -0.026437317952513695,
            0.9994869232177734,
            0.0
          ],
          [
            0.0,
            0.0,
            0.0,
            1.0
          ]
        ],
        "rotation_mode": "QUATERNION"
      },
      "armature_space": {
        "head": {
          "x": 0.0,
          "y": 0.07072800397872925,
          "z": -0.009595036506652832
        },
        "tail": {
          "x": 0.00016445944493170828,
          "y": 0.00027857720851898193,
          "z": 0.0018664924427866936
        }
      },
      "world_space": {
        "head": {
          "x": 0.0,
          "y": 0.13397200405597687,
          "z": 0.9402589797973633
        },
        "tail": {
          "x": 0.00016445944493170828,
          "y": 0.0635225772857666,
          "z": 0.9517205357551575
        },
        "rotation_quaternion": {
          "w": 0.08053779602050781,
          "x": 0.9967095851898193,
          "y": 0.001879231189377606,
          "z": 0.008952062577009201
        },
        "matrix": [
          [
            0.9998326301574707,
            0.002304132329300046,
            0.0181479100137949,
            0.0
          ],
          [
            0.005188058130443096,
            -0.9870201945304871,
            -0.16051240265369415,
            0.13397200405597687
          ],
          [
            0.017542639747262,
            0.1605798900127411,
            -0.986873984336853,
            0.9402589797973633
          ],
          [
            0.0,
            0.0,
            0.0,
            1.0
          ]
        ]
      },
      "bone_length_armature_space": 0.07137587500671527,
      "parent": null,
      "has_children": true,
      "is_end_bone": false
    },
    "spine_01": {
      "name": "spine_01",
      "local": {
        "location": {
          "x": 0.0,
          "y": 0.0,
          "z": 0.0
        },
        "rotation_quaternion": {
          "w": 0.9918626546859741,
          "x": 0.11293060332536697,
          "y": 0.0587814562022686,
          "z": 4.7896937758196145e-05
        },
        "scale": {
          "x": 1.0,
          "y": 1.0,
          "z": 1.0
        },
        "matrix_basis": [
          [
            0.993089497089386,
            0.013181435875594616,
            0.11661708354949951,
            0.0
          ],
          [
            0.013371464796364307,
            0.9744933247566223,
            -0.2240176647901535,
            0.0
          ],
          [
            -0.11659544706344604,
            0.22402893006801605,
            0.9675828218460083,
            0.0
          ],
          [
            0.0,
            0.0,
            0.0,
            1.0
          ]
        ],
        "rotation_mode": "QUATERNION"
      },
      "armature_space": {
        "head": {
          "x": 0.00016445944493170828,
          "y": 0.00027857720851898193,
          "z": 0.0018664924427866936
        },
        "tail": {
          "x": -0.0014790622517466545,
          "y": -0.07397536188364029,
          "z": 0.48418596386909485
        }
      },
      "world_space": {
        "head": {
          "x": 0.00016445944493170828,
          "y": 0.0635225772857666,
          "z": 0.9517205357551575
        },
        "tail": {
          "x": -0.0014790622517466545,
          "y": -0.01073136180639267,
          "z": 1.4340399503707886
        },
        "rotation_quaternion": {
          "w": 0.6499049067497253,
          "x": 0.757455587387085,
          "y": 0.039290618151426315,
          "z": 0.04838377237319946
        },
        "matrix": [
          [
            0.9922304749488831,
            -0.003367863828316331,
            0.12436734139919281,
            0.00016445944493170828
          ],
          [
            0.12241142243146896,
            -0.15215933322906494,
            -0.9807461500167847,
            0.0635225772857666
          ],
          [
            0.022226931527256966,
            0.9883570671081543,
            -0.15056680142879486,
            0.9517205357551575
          ],
          [
            0.0,
            0.0,
            0.0,
            1.0
          ]
        ]
      },
      "bone_length_armature_space": 0.48800452817015244,
      "parent": "Root",
      "has_children": true,
      "is_end_bone": false
    },
    "neck_01": {
      "name": "neck_01",
      "local": {
        "location": {
          "x": 0.0,
          "y": 0.0,
          "z": 0.0
        },
        "rotation_quaternion": {
          "w": 0.9884315729141235,
          "x": 0.004993986338376999,
          "y": -0.11007815599441528,
          "z": -0.10421644896268845
        },
        "scale": {
          "x": 1.0,
          "y": 1.0,
          "z": 1.0
        },
        "matrix_basis": [
          [
            0.954043447971344,
            0.20492219924926758,
            -0.21865035593509674,
            0.0
          ],
          [
            -0.2071211189031601,
            0.978227972984314,
            0.013071481138467789,
            0.0
          ],
          [
            0.21656854450702667,
            0.032816335558891296,
            0.975715696811676,
            0.0
          ],
          [
            0.0,
            0.0,
            0.0,
            1.0
          ]
        ],
        "rotation_mode": "QUATERNION"
      },
      "armature_space": {
        "head": {
          "x": 0.0025874620769172907,
          "y": -0.11912894248962402,
          "z": 0.5513302683830261
        },
        "tail": {
          "x": 0.028248848393559456,
          "y": -0.17092904448509216,
          "z": 0.6359999775886536
        }
      },
      "world_space": {
        "head": {
          "x": 0.0025874620769172907,
          "y": -0.055884942412376404,
          "z": 1.5011842250823975
        },
        "tail": {
          "x": 0.028248848393559456,
          "y": -0.10768504440784454,
          "z": 1.5858540534973145
        },
        "rotation_quaternion": {
          "w": 0.4902775287628174,
          "x": 0.8607425689697266,
          "y": 0.08364753425121307,
          "z": -0.10841279476881027
        },
        "matrix": [
          [
            0.9624994993209839,
            0.25030288100242615,
            -0.10460885614156723,
            0.0025874620769172907
          ],
          [
            0.03769423067569733,
            -0.5052617192268372,
            -0.8621426820755005,
            -0.055884942412376404
          ],
          [
            -0.2686535120010376,
            0.8258739709854126,
            -0.4957534372806549,
            1.5011842250823975
          ],
          [
            0.0,
            0.0,
            0.0,
            1.0
          ]
        ]
      },
      "bone_length_armature_space": 0.10252178818654284,
      "parent": "spine_01",
      "has_children": true,
      "is_end_bone": false
    },
    "head": {
      "name": "head",
      "local": {
        "location": {
          "x": 0.0,
          "y": 0.0,
          "z": 0.0
        },
        "rotation_quaternion": {
          "w": 0.9765235185623169,
          "x": -0.10237298160791397,
          "y": -0.1232120469212532,
          "z": 0.1440151482820511
        },
        "scale": {
          "x": 1.0,
          "y": 1.0,
          "z": 1.0
        },
        "matrix_basis": [
          [
            0.928156852722168,
            -0.25604119896888733,
            -0.27012544870376587,
            0.0
          ],
          [
            0.3064955174922943,
            0.9375588297843933,
            0.16445045173168182,
            0.0
          ],
          [
            0.21115240454673767,
            -0.23542805016040802,
            0.948677122592926,
            0.0
          ],
          [
            0.0,
            0.0,
            0.0,
            1.0
          ]
        ],
        "rotation_mode": "QUATERNION"
      },
      "armature_space": {
        "head": {
          "x": 0.02824881300330162,
          "y": -0.17092914879322052,
          "z": 0.635999858379364
        },
        "tail": {
          "x": 0.02973073534667492,
          "y": -0.1594657152891159,
          "z": 0.7906598448753357
        }
      },
      "world_space": {
        "head": {
          "x": 0.02824881300330162,
          "y": -0.1076851487159729,
          "z": 1.5858538150787354
        },
        "tail": {
          "x": 0.02973073534667492,
          "y": -0.09622171521186829,
          "z": 1.740513801574707
        },
        "rotation_quaternion": {
          "w": 0.7284225821495056,
          "x": 0.6756916046142578,
          "y": -0.07973478734493256,
          "z": -0.08052164316177368
        },
        "matrix": [
          [
            0.974317193031311,
            0.009555228054523468,
            -0.22497688233852386,
            0.02824881300330162
          ],
          [
            -0.22505995631217957,
            0.07391463220119476,
            -0.9715374112129211,
            -0.1076851487159729
          ],
          [
            0.0073456354439258575,
            0.9972259998321533,
            0.07416637241840363,
            1.5858538150787354
          ],
          [
            0.0,
            0.0,
            0.0,
            1.0
          ]
        ]
      },
      "bone_length_armature_space": 0.1550913192190417,
      "parent": "neck_01",
      "has_children": false,
      "is_end_bone": true
    },
    "upperarm_l": {
      "name": "upperarm_l",
      "local": {
        "location": {
          "x": 0.0,
          "y": 0.0,
          "z": 0.0
        },
        "rotation_quaternion": {
          "w": 0.804275393486023,
          "x": 0.5762256383895874,
          "y": 0.09660518914461136,
          "z": 0.10850255936384201
        },
        "scale": {
          "x": 1.0,
          "y": 1.0,
          "z": 1.0
        },
        "matrix_basis": [
          [
            0.9577892422676086,
            -0.06319910287857056,
            0.28043827414512634,
            0.0
          ],
          [
            0.2858646512031555,
            0.31238242983818054,
            -0.905924379825592,
            0.0
          ],
          [
            -0.030350439250469208,
            0.9478520154953003,
            0.3172628879547119,
            0.0
          ],
          [
            0.0,
            0.0,
            0.0,
            1.0
          ]
        ],
        "rotation_mode": "QUATERNION"
      },
      "armature_space": {
        "head": {
          "x": 0.15204501152038574,
          "y": -0.09366866946220398,
          "z": 0.4877588152885437
        },
        "tail": {
          "x": 0.27630168199539185,
          "y": -0.32954835891723633,
          "z": 0.4607639014720917
        }
      },
      "world_space": {
        "head": {
          "x": 0.15204501152038574,
          "y": -0.03042466938495636,
          "z": 1.437612771987915
        },
        "tail": {
          "x": 0.27630168199539185,
          "y": -0.2663043737411499,
          "z": 1.4106179475784302
        },
        "rotation_quaternion": {
          "w": 0.09777885675430298,
          "x": 0.7863097786903381,
          "y": 0.22430968284606934,
          "z": -0.5673106908798218
        },
        "matrix": [
          [
            0.2556869387626648,
            0.4636971652507782,
            -0.8482979536056519,
            0.15204501152038574
          ],
          [
            0.2418118268251419,
            -0.880248486995697,
            -0.4082770347595215,
            -0.03042466938495636
          ],
          [
            -0.9360359311103821,
            -0.10073883086442947,
            -0.3371981382369995,
            1.437612771987915
          ],
          [
            0.0,
            0.0,
            0.0,
            1.0
          ]
        ]
      },
      "bone_length_armature_space": 0.2679695411896703,
      "parent": "spine_01",
      "has_children": true,
      "is_end_bone": false
    },
    "lowerarm_l": {
      "name": "lowerarm_l",
      "local": {
        "location": {
          "x": 0.0,
          "y": 0.0,
          "z": 0.0
        },
        "rotation_quaternion": {
          "w": 0.8661783337593079,
          "x": 0.49299079179763794,
          "y": 0.04422275722026825,
          "z": -0.0688449889421463
        },
        "scale": {
          "x": 1.0,
          "y": 1.0,
          "z": 1.0
        },
        "matrix_basis": [
          [
            0.9866094589233398,
            0.16286690533161163,
            0.008729697205126286,
            0.0
          ],
          [
            -0.07566124945878983,
            0.5044409036636353,
            -0.8601248860359192,
            0.0
          ],
          [
            -0.14448948204517365,
            0.8479468822479248,
            0.5100088715553284,
            0.0
          ],
          [
            0.0,
            0.0,
            0.0,
            1.0
          ]
        ],
        "rotation_mode": "QUATERNION"
      },
      "armature_space": {
        "head": {
          "x": 0.27630165219306946,
          "y": -0.3295484781265259,
          "z": 0.46076396107673645
        },
        "tail": {
          "x": 0.11928693950176239,
          "y": -0.523817777633667,
          "z": 0.36497583985328674
        }
      },
      "world_space": {
        "head": {
          "x": 0.27630165219306946,
          "y": -0.26630449295043945,
          "z": 1.4106179475784302
        },
        "tail": {
          "x": 0.11928693950176239,
          "y": -0.46057379245758057,
          "z": 1.3148298263549805
        },
        "rotation_quaternion": {
          "w": 0.3504676818847656,
          "x": -0.7126524448394775,
          "y": 0.11868557333946228,
          "z": 0.595997154712677
        },
        "matrix": [
          [
            0.2614033818244934,
            -0.5869171619415283,
            -0.7662878036499023,
            0.27630165219306946
          ],
          [
            0.24859116971492767,
            -0.726173996925354,
            0.640994668006897,
            -0.26630449295043945
          ],
          [
            -0.9326750636100769,
            -0.35805365443229675,
            -0.04392169788479805,
            1.4106179475784302
          ],
          [
            0.0,
            0.0,
            0.0,
            1.0
          ]
        ]
      },
      "bone_length_armature_space": 0.2675248496766359,
      "parent": "upperarm_l",
      "has_children": true,
      "is_end_bone": false
    },
    "metacarpal_thumb_l": {
      "name": "metacarpal_thumb_l",
      "local": {
        "location": {
          "x": 0.0,
          "y": 0.0,
          "z": 0.0
        },
        "rotation_quaternion": {
          "w": 0.9996376037597656,
          "x": -0.023052092641592026,
          "y": 0.009666135534644127,
          "z": -0.009991208091378212
        },
        "scale": {
          "x": 1.0,
          "y": 1.0,
          "z": 1.0
        },
        "matrix_basis": [
          [
            0.9996134638786316,
            0.019529525190591812,
            0.01978590153157711,
            0.0
          ],
          [
            -0.020420823246240616,
            0.9987375736236572,
            0.0458943247795105,
            0.0
          ],
          [
            -0.018864627927541733,
            -0.0462806299328804,
            0.9987503290176392,
            0.0
          ],
          [
            0.0,
            0.0,
            0.0,
            1.0
          ]
        ],
        "rotation_mode": "QUATERNION"
      },
      "armature_space": {
        "head": {
          "x": 0.11928693950176239,
          "y": -0.523817777633667,
          "z": 0.36497583985328674
        },
        "tail": {
          "x": 0.07582622021436691,
          "y": -0.532929539680481,
          "z": 0.34302741289138794
        }
      },
      "world_space": {
        "head": {
          "x": 0.11928693950176239,
          "y": -0.46057379245758057,
          "z": 1.3148298263549805
        },
        "tail": {
          "x": 0.07582622021436691,
          "y": -0.46968555450439453,
          "z": 1.2928814888000488
        },
        "rotation_quaternion": {
          "w": 0.2489350289106369,
          "x": -0.7676560878753662,
          "y": 0.588265061378479,
          "z": -0.051766008138656616
        },
        "matrix": [
          [
            0.3025274872779846,
            -0.8773975372314453,
            0.37235838174819946,
            0.11928693950176239
          ],
          [
            -0.9289444088935852,
            -0.18395037949085236,
            0.3212864398956299,
            -0.46057379245758057
          ],
          [
            -0.21340271830558777,
            -0.4431014060974121,
            -0.8707093000411987,
            1.3148298263549805
          ],
          [
            0.0,
            0.0,
            0.0,
            1.0
          ]
        ]
      },
      "bone_length_armature_space": 0.049533744256672355,
      "parent": "lowerarm_l",
      "has_children": true,
      "is_end_bone": false
    },
    "thumb_01_l": {
      "name": "thumb_01_l",
      "local": {
        "location": {
          "x": 0.0,
          "y": 0.0,
          "z": 0.0
        },
        "rotation_quaternion": {
          "w": 0.9604718685150146,
          "x": 0.27821576595306396,
          "y": -0.0064077721908688545,
          "z": 0.00698882294818759
        },
        "scale": {
          "x": 1.0,
          "y": 1.0,
          "z": 1.0
        },
        "matrix_basis": [
          [
            0.9998201727867126,
            -0.016990622505545616,
            -0.008420168422162533,
            0.0
          ],
          [
            0.00985964946448803,
            0.8450942635536194,
            -0.5345264077186584,
            0.0
          ],
          [
            0.016197770833969116,
            0.5343472957611084,
            0.8451098799705505,
            0.0
          ],
          [
            0.0,
            0.0,
            0.0,
            1.0
          ]
        ],
        "rotation_mode": "QUATERNION"
      },
      "armature_space": {
        "head": {
          "x": 0.07582622021436691,
          "y": -0.532929539680481,
          "z": 0.34302741289138794
        },
        "tail": {
          "x": 0.07129662483930588,
          "y": -0.5426745414733887,
          "z": 0.310729444026947
        }
      },
      "world_space": {
        "head": {
          "x": 0.07582622021436691,
          "y": -0.46968555450439453,
          "z": 1.2928814888000488
        },
        "tail": {
          "x": 0.07129662483930588,
          "y": -0.47943055629730225,
          "z": 1.2605834007263184
        },
        "rotation_quaternion": {
          "w": 0.07314419746398926,
          "x": -0.20778679847717285,
          "y": 0.5928776264190674,
          "z": -0.774577796459198
        },
        "matrix": [
          [
            -0.9029495716094971,
            -0.1330723911523819,
            0.4086243212223053,
            0.07582622021436691
          ],
          [
            -0.3596951365470886,
            -0.286293089389801,
            -0.8880631923675537,
            -0.46968555450439453
          ],
          [
            0.23516424000263214,
            -0.9488633275032043,
            0.21064338088035583,
            1.2928814888000488
          ],
          [
            0.0,
            0.0,
            0.0,
            1.0
          ]
        ]
      },
      "bone_length_armature_space": 0.03403881765565517,
      "parent": "metacarpal_thumb_l",
      "has_children": true,
      "is_end_bone": false
    },
    "thumb_02_l": {
      "name": "thumb_02_l",
      "local": {
        "location": {
          "x": 0.0,
          "y": 0.0,
          "z": 0.0
        },
        "rotation_quaternion": {
          "w": 0.9025677442550659,
          "x": 0.4305247366428375,
          "y": -0.0017636744305491447,
          "z": -0.004111595917493105
        },
        "scale": {
          "x": 1.0,
          "y": 1.0,
          "z": 1.0
        },
        "matrix_basis": [
          [
            0.9999599456787109,
            0.00590337673202157,
            -0.006723958998918533,
            0.0
          ],
          [
            -0.008940598927438259,
            0.6292631030082703,
            -0.7771409749984741,
            0.0
          ],
          [
            -0.00035661619040183723,
            0.7771700024604797,
            0.6292906999588013,
            0.0
          ],
          [
            0.0,
            0.0,
            0.0,
            1.0
          ]
        ],
        "rotation_mode": "QUATERNION"
      },
      "armature_space": {
        "head": {
          "x": 0.07129663974046707,
          "y": -0.5426744818687439,
          "z": 0.3107294738292694
        },
        "tail": {
          "x": 0.06252630054950714,
          "y": -0.5723051428794861,
          "z": 0.33638668060302734
        }
      },
      "world_space": {
        "head": {
          "x": 0.07129663974046707,
          "y": -0.47943049669265747,
          "z": 1.260583519935608
        },
        "tail": {
          "x": 0.06252630054950714,
          "y": -0.5090611577033997,
          "z": 1.2862406969070435
        },
        "rotation_quaternion": {
          "w": 0.16164682805538177,
          "x": 0.12392820417881012,
          "y": 0.32404154539108276,
          "z": 0.9238556027412415
        },
        "matrix": [
          [
            -0.9170240163803101,
            -0.21836107969284058,
            0.33374446630477905,
            0.07129663974046707
          ],
          [
            0.3789929151535034,
            -0.7377347350120544,
            0.558670163154602,
            -0.47943049669265747
          ],
          [
            0.12422416359186172,
            0.6388044953346252,
            0.7592835426330566,
            1.260583519935608
          ],
          [
            0.0,
            0.0,
            0.0,
            1.0
          ]
        ]
      },
      "bone_length_armature_space": 0.04016450151124667,
      "parent": "thumb_01_l",
      "has_children": true,
      "is_end_bone": false
    },
    "thumb_03_l": {
      "name": "thumb_03_l",
      "local": {
        "location": {
          "x": 0.0,
          "y": 0.0,
          "z": 0.0
        },
        "rotation_quaternion": {
          "w": 0.9869318604469299,
          "x": 0.1608835607767105,
          "y": 0.007209438364952803,
          "z": -0.00547646451741457
        },
        "scale": {
          "x": 1.0,
          "y": 1.0,
          "z": 1.0
        },
        "matrix_basis": [
          [
            0.9998360872268677,
            0.013129554688930511,
            0.012468302622437477,
            0.0
          ],
          [
            -0.008490034379065037,
            0.9481729865074158,
            -0.3176411986351013,
            0.0
          ],
          [
            -0.01599259488284588,
            0.31748324632644653,
            0.9481289982795715,
            0.0
          ],
          [
            0.0,
            0.0,
            0.0,
            1.0
          ]
        ],
        "rotation_mode": "QUATERNION"
      },
      "armature_space": {
        "head": {
          "x": 0.06252623349428177,
          "y": -0.5723051428794861,
          "z": 0.3363865911960602
        },
        "tail": {
          "x": 0.06291171908378601,
          "y": -0.5822710990905762,
          "z": 0.3651517331600189
        }
      },
      "world_space": {
        "head": {
          "x": 0.06252623349428177,
          "y": -0.5090611577033997,
          "z": 1.286240577697754
        },
        "tail": {
          "x": 0.06291171908378601,
          "y": -0.5190271139144897,
          "z": 1.3150057792663574
        },
        "rotation_quaternion": {
          "w": 0.014548620209097862,
          "x": 0.009522178210318089,
          "y": -0.5797548294067383,
          "z": -0.8146054148674011
        },
        "matrix": [
          [
            -0.9993953108787537,
            0.01266174204647541,
            -0.032382864505052567,
            0.06252623349428177
          ],
          [
            -0.03474387153983116,
            -0.32734495401382446,
            0.9442662000656128,
            -0.5090611577033997
          ],
          [
            0.0013555539771914482,
            0.944826602935791,
            0.32759007811546326,
            1.286240577697754
          ],
          [
            0.0,
            0.0,
            0.0,
            1.0
          ]
        ]
      },
      "bone_length_armature_space": 0.03044506939925491,
      "parent": "thumb_02_l",
      "has_children": false,
      "is_end_bone": true
    },
    "metacarpal_index_l": {
      "name": "metacarpal_index_l",
      "local": {
        "location": {
          "x": 0.0,
          "y": 0.0,
          "z": 0.0
        },
        "rotation_quaternion": {
          "w": 0.9981176853179932,
          "x": -0.05970961973071098,
          "y": -0.008038529194891453,
          "z": 0.01145987305790186
        },
        "scale": {
          "x": 1.0,
          "y": 1.0,
          "z": 1.0
        },
        "matrix_basis": [
          [
            0.9996080994606018,
            -0.021916648373007774,
            -0.017415326088666916,
            0.0
          ],
          [
            0.023836558684706688,
            0.9926068782806396,
            0.11901021748781204,
            0.0
          ],
          [
            0.01467826683074236,
            -0.11937869340181351,
            0.992740273475647,
            0.0
          ],
          [
            0.0,
            0.0,
            0.0,
            1.0
          ]
        ],
        "rotation_mode": "QUATERNION"
      },
      "armature_space": {
        "head": {
          "x": 0.11928693950176239,
          "y": -0.523817777633667,
          "z": 0.36497583985328674
        },
        "tail": {
          "x": 0.028197534382343292,
          "y": -0.5885099172592163,
          "z": 0.3296644985675812
        }
      },
      "world_space": {
        "head": {
          "x": 0.11928693950176239,
          "y": -0.46057379245758057,
          "z": 1.3148298263549805
        },
        "tail": {
          "x": 0.028197534382343292,
          "y": -0.5252659320831299,
          "z": 1.279518485069275
        },
        "rotation_quaternion": {
          "w": 0.28126683831214905,
          "x": -0.84980708360672,
          "y": 0.38056766986846924,
          "z": 0.2321319282054901
        },
        "matrix": [
          [
            0.6025660037994385,
            -0.7774008512496948,
            -0.18045112490653992,
            0.11928693950176239
          ],
          [
            -0.5162376165390015,
            -0.552113950252533,
            0.6547285318374634,
            -0.46057379245758057
          ],
          [
            -0.6086206436157227,
            -0.30136406421661377,
            -0.7340129017829895,
            1.3148298263549805
          ],
          [
            0.0,
            0.0,
            0.0,
            1.0
          ]
        ]
      },
      "bone_length_armature_space": 0.11717185422642426,
      "parent": "lowerarm_l",
      "has_children": true,
      "is_end_bone": false
    },
    "index_01_l": {
      "name": "index_01_l",
      "local": {
        "location": {
          "x": 0.0,
          "y": 0.0,
          "z": 0.0
        },
        "rotation_quaternion": {
          "w": 0.9501280784606934,
          "x": 0.31125861406326294,
          "y": 0.016932301223278046,
          "z": -0.009384884499013424
        },
        "scale": {
          "x": 1.0,
          "y": 1.0,
          "z": 1.0
        },
        "matrix_basis": [
          [
            0.9992504715919495,
            0.028374332934617996,
            0.026333456858992577,
            0.0
          ],
          [
            -0.00729303527623415,
            0.8060600161552429,
            -0.5917888879776001,
            0.0
          ],
          [
            -0.038017962127923965,
            0.5911532640457153,
            0.8056627511978149,
            0.0
          ],
          [
            0.0,
            0.0,
            0.0,
            1.0
          ]
        ],
        "rotation_mode": "QUATERNION"
      },
      "armature_space": {
        "head": {
          "x": 0.028197534382343292,
          "y": -0.5885099172592163,
          "z": 0.3296644985675812
        },
        "tail": {
          "x": 0.013553338125348091,
          "y": -0.5973108410835266,
          "z": 0.3068353831768036
        }
      },
      "world_space": {
        "head": {
          "x": 0.028197534382343292,
          "y": -0.5252659320831299,
          "z": 1.279518485069275
        },
        "tail": {
          "x": 0.013553338125348091,
          "y": -0.5340668559074402,
          "z": 1.256689429283142
        },
        "rotation_quaternion": {
          "w": 0.5286040306091309,
          "x": -0.8033525943756104,
          "y": 0.25739845633506775,
          "z": 0.09459681063890457
        },
        "matrix": [
          [
            0.8495946526527405,
            -0.5135725140571594,
            0.12013661861419678,
            0.028197534382343292
          ],
          [
            -0.31355729699134827,
            -0.30864790081977844,
            0.8980082273483276,
            -0.5252659320831299
          ],
          [
            -0.42411553859710693,
            -0.8006182909011841,
            -0.42326200008392334,
            1.279518485069275
          ],
          [
            0.0,
            0.0,
            0.0,
            1.0
          ]
        ]
      },
      "bone_length_armature_space": 0.028514509549720957,
      "parent": "metacarpal_index_l",
      "has_children": true,
      "is_end_bone": false
    },
    "index_02_l": {
      "name": "index_02_l",
      "local": {
        "location": {
          "x": 0.0,
          "y": 0.0,
          "z": 0.0
        },
        "rotation_quaternion": {
          "w": 0.8994302749633789,
          "x": 0.436957448720932,
          "y": 0.0065635149367153645,
          "z": 0.007099568378180265
        },
        "scale": {
          "x": 1.0,
          "y": 1.0,
          "z": 1.0
        },
        "matrix_basis": [
          [
            0.9998130202293396,
            -0.007035179995000362,
            0.018011266365647316,
            0.0
          ],
          [
            0.018507087603211403,
            0.6180355548858643,
            -0.7859323024749756,
            0.0
          ],
          [
            -0.005602429620921612,
            0.7861186861991882,
            0.618050217628479,
            0.0
          ],
          [
            0.0,
            0.0,
            0.0,
            1.0
          ]
        ],
        "rotation_mode": "QUATERNION"
      },
      "armature_space": {
        "head": {
          "x": 0.013552977703511715,
          "y": -0.5973105430603027,
          "z": 0.3068350553512573
        },
        "tail": {
          "x": 0.006541715003550053,
          "y": -0.5845589637756348,
          "z": 0.28570839762687683
        }
      },
      "world_space": {
        "head": {
          "x": 0.013552977703511715,
          "y": -0.5340665578842163,
          "z": 1.2566890716552734
        },
        "tail": {
          "x": 0.006541715003550053,
          "y": -0.5213149785995483,
          "z": 1.2355624437332153
        },
        "rotation_quaternion": {
          "w": 0.8239279389381409,
          "x": -0.5014340877532959,
          "y": 0.26396894454956055,
          "z": 0.005208589602261782
        },
        "matrix": [
          [
            0.8605874180793762,
            -0.27330875396728516,
            0.42975831031799316,
            0.013552977703511715
          ],
          [
            -0.25614190101623535,
            0.49707403779029846,
            0.8290412425994873,
            -0.5340665578842163
          ],
          [
            -0.4402090013027191,
            -0.8235465288162231,
            0.3577728271484375,
            1.2566890716552734
          ],
          [
            0.0,
            0.0,
            0.0,
            1.0
          ]
        ]
      },
      "bone_length_armature_space": 0.025653386874272117,
      "parent": "index_01_l",
      "has_children": true,
      "is_end_bone": false
    },
    "index_03_l": {
      "name": "index_03_l",
      "local": {
        "location": {
          "x": 0.0,
          "y": 0.0,
          "z": 0.0
        },
        "rotation_quaternion": {
          "w": 0.9346561431884766,
          "x": 0.3555088937282562,
          "y": 0.00045053474605083466,
          "z": 0.0055814022198319435
        },
        "scale": {
          "x": 1.0,
          "y": 1.0,
          "z": 1.0
        },
        "matrix_basis": [
          [
            0.9999372959136963,
            -0.010113045573234558,
            0.00481066619977355,
            0.0
          ],
          [
            0.010753721930086613,
            0.7471645474433899,
            -0.6645520925521851,
            0.0
          ],
          [
            0.0031262862030416727,
            0.6645621657371521,
            0.7472264766693115,
            0.0
          ],
          [
            0.0,
            0.0,
            0.0,
            1.0
          ]
        ],
        "rotation_mode": "QUATERNION"
      },
      "armature_space": {
        "head": {
          "x": 0.006541634909808636,
          "y": -0.5845590829849243,
          "z": 0.28570836782455444
        },
        "tail": {
          "x": 0.012814108282327652,
          "y": -0.5578562617301941,
          "z": 0.27564123272895813
        }
      },
      "world_space": {
        "head": {
          "x": 0.006541634909808636,
          "y": -0.5213150978088379,
          "z": 1.2355623245239258
        },
        "tail": {
          "x": 0.012814108282327652,
          "y": -0.49461227655410767,
          "z": 1.2254952192306519
        },
        "rotation_quaternion": {
          "w": 0.9496987462043762,
          "x": -0.1446564644575119,
          "y": 0.23456443846225739,
          "z": -0.14875006675720215
        },
        "matrix": [
          [
            0.845706045627594,
            0.21467339992523193,
            0.4885663390159607,
            0.006541634909808636
          ],
          [
            -0.35039815306663513,
            0.9138962030410767,
            0.20497697591781616,
            -0.5213150978088379
          ],
          [
            -0.402498722076416,
            -0.34454452991485596,
            0.8481143712997437,
            1.2355623245239258
          ],
          [
            0.0,
            0.0,
            0.0,
            1.0
          ]
        ]
      },
      "bone_length_armature_space": 0.02921868877160238,
      "parent": "index_02_l",
      "has_children": false,
      "is_end_bone": true
    },
    "metacarpal_pinky_l": {
      "name": "metacarpal_pinky_l",
      "local": {
        "location": {
          "x": 0.0,
          "y": 0.0,
          "z": 0.0
        },
        "rotation_quaternion": {
          "w": 0.9991738796234131,
          "x": -0.03747953847050667,
          "y": 0.013758556917309761,
          "z": 0.007586836814880371
        },
        "scale": {
          "x": 1.0,
          "y": 1.0,
          "z": 1.0
        },
        "matrix_basis": [
          [
            0.9995062947273254,
            -0.016192467883229256,
            0.02692567929625511,
            0.0
          ],
          [
            0.01412981003522873,
            0.9970754384994507,
            0.07510592043399811,
            0.0
          ],
          [
            -0.028063083067536354,
            -0.0746883824467659,
            0.9968119859695435,
            0.0
          ],
          [
            0.0,
            0.0,
            0.0,
            1.0
          ]
        ],
        "rotation_mode": "QUATERNION"
      },
      "armature_space": {
        "head": {
          "x": 0.11928693950176239,
          "y": -0.523817777633667,
          "z": 0.36497583985328674
        },
        "tail": {
          "x": 0.09075853228569031,
          "y": -0.6153902411460876,
          "z": 0.32443127036094666
        }
      },
      "world_space": {
        "head": {
          "x": 0.11928693950176239,
          "y": -0.46057379245758057,
          "z": 1.3148298263549805
        },
        "tail": {
          "x": 0.09075853228569031,
          "y": -0.5521462559700012,
          "z": 1.2742853164672852
        },
        "rotation_quaternion": {
          "w": 0.18970844149589539,
          "x": -0.25826823711395264,
          "y": -0.15592148900032043,
          "z": 0.9343429207801819
        },
        "matrix": [
          [
            -0.7946164608001709,
            -0.2739671468734741,
            -0.5417815446853638,
            0.11928693950176239
          ],
          [
            0.43504470586776733,
            -0.8793988227844238,
            -0.1933758556842804,
            -0.46057379245758057
          ],
          [
            -0.4234658479690552,
            -0.3893621861934662,
            0.8179779648780823,
            1.3148298263549805
          ],
          [
            0.0,
            0.0,
            0.0,
            1.0
          ]
        ]
      },
      "bone_length_armature_space": 0.10413091699254648,
      "parent": "lowerarm_l",
      "has_children": true,
      "is_end_bone": false
    },
    "pinky_01_l": {
      "name": "pinky_01_l",
      "local": {
        "location": {
          "x": 0.0,
          "y": 0.0,
          "z": 0.0
        },
        "rotation_quaternion": {
          "w": 0.9410635232925415,
          "x": 0.33726516366004944,
          "y": 0.02537459507584572,
          "z": 0.002807527082040906
        },
        "scale": {
          "x": 1.0,
          "y": 1.0,
          "z": 1.0
        },
        "matrix_basis": [
          [
            0.998696506023407,
            0.011831811629235744,
            0.04965197294950485,
            0.0
          ],
          [
            0.022400056943297386,
            0.7724886536598206,
            -0.6346334218978882,
            0.0
          ],
          [
            -0.045864447951316833,
            0.6349183917045593,
            0.7712166905403137,
            0.0
          ],
          [
            0.0,
            0.0,
            0.0,
            1.0
          ]
        ],
        "rotation_mode": "QUATERNION"
      },
      "armature_space": {
        "head": {
          "x": 0.09075853228569031,
          "y": -0.6153902411460876,
