{
  "metadata": {
    "armature_name": "KIM_caucasian_male",
    "export_time": "2026-01-13T21:04:33.034328",
    "blender_version": "4.4.1",
    "bone_count": 56,
    "end_bone_count": 13,
    "spaces_included": [
      "LOCAL_CHANNELS",
      "ARMATURE_SPACE",
      "WORLD_SPACE"
    ],
    "note": "LOCAL matches Transform panel; replay pose via local.matrix_basis for best fidelity."
  },
  "bones": {
    "Root": {
      "name": "Root",
      "local": {
        "location": {
          "x": 0.0,
          "y": 0.0,
          "z": 0.0
        },
        "rotation_quaternion": {
          "w": 0.9997806549072266,
          "x": 0.0037110252305865288,
          "y": 0.00887243077158928,
          "z": 0.018605448305606842
        },
        "scale": {
          "x": 1.0,
          "y": 1.0,
          "z": 1.0
        },
        "matrix_basis": [
          [
            0.9991502165794373,
            -0.03713688254356384,
            0.0178790595382452,
            0.0
          ],
          [
            0.037268586456775665,
            0.9992801547050476,
            -0.007090271450579166,
            0.0
          ],
          [
            -0.01760287955403328,
            0.007750573568046093,
            0.9998149871826172,
            0.0
          ],
          [
            0.0,
            0.0,
            0.0,
            1.0
          ]
        ],
        "rotation_mode": "QUATERNION"
      },
      "armature_space": {
        "head": {
          "x": 0.0,
          "y": 0.07072800397872925,
          "z": -0.009595036506652832
        },
        "tail": {
          "x": -0.002650677226483822,
          "y": -2.345442771911621e-05,
          "z": -0.0005550943315029144
        }
      },
      "world_space": {
        "head": {
          "x": 0.0,
          "y": 0.13397200405597687,
          "z": 0.9402589797973633
        },
        "tail": {
          "x": -0.002650677226483822,
          "y": 0.0632205456495285,
          "z": 0.9492989182472229
        },
        "rotation_quaternion": {
          "w": 0.06365028768777847,
          "x": 0.9977594017982483,
          "y": -0.017965463921427727,
          "z": 0.010105685330927372
        },
        "matrix": [
          [
            0.9991502165794373,
            -0.03713688254356384,
            0.0178790595382452,
            0.0
          ],
          [
            -0.034563954919576645,
            -0.9912517666816711,
            -0.127378910779953,
            0.13397200405597687
          ],
          [
            0.022453229874372482,
            0.12665264308452606,
            -0.9916999936103821,
            0.9402589797973633
          ],
          [
            0.0,
            0.0,
            0.0,
            1.0
          ]
        ]
      },
      "bone_length_armature_space": 0.07137587552347634,
      "parent": null,
      "has_children": true,
      "is_end_bone": false
    },
    "spine_01": {
      "name": "spine_01",
      "local": {
        "location": {
          "x": 0.0,
          "y": 0.0,
          "z": 0.0
        },
        "rotation_quaternion": {
          "w": 0.998302698135376,
          "x": -0.0023212747182697058,
          "y": -0.003394640516489744,
          "z": 0.05809364467859268
        },
        "scale": {
          "x": 1.0,
          "y": 1.0,
          "z": 1.0
        },
        "matrix_basis": [
          [
            0.9932271838188171,
            -0.1159743219614029,
            -0.007047460414469242,
            0.0
          ],
          [
            0.11600584536790848,
            0.9932394623756409,
            0.0042402553372085094,
            0.0
          ],
          [
            0.0065080551430583,
            -0.0050290836952626705,
            0.9999662041664124,
            0.0
          ],
          [
            0.0,
            0.0,
            0.0,
            1.0
          ]
        ],
        "rotation_mode": "QUATERNION"
      },
      "armature_space": {
        "head": {
          "x": -0.002650677226483822,
          "y": -2.345442771911621e-05,
          "z": -0.0005550943315029144
        },
        "tail": {
          "x": -0.06932716071605682,
          "y": 0.023619281128048897,
          "z": 0.482294499874115
        }
      },
      "world_space": {
        "head": {
          "x": -0.002650677226483822,
          "y": 0.0632205456495285,
          "z": 0.9492989182472229
        },
        "tail": {
          "x": -0.06932716071605682,
          "y": 0.08686327934265137,
          "z": 1.4321484565734863
        },
        "rotation_quaternion": {
          "w": 0.7213103771209717,
          "x": 0.6888869404792786,
          "y": -0.06273087114095688,
          "z": 0.03479976952075958
        },
        "matrix": [
          [
            0.9897076487541199,
            -0.1366317868232727,
            -0.04254975542426109,
            -0.002650677226483822
          ],
          [
            -0.03622511774301529,
            0.0484481081366539,
            -0.9981687068939209,
            0.0632205456495285
          ],
          [
            0.1384439617395401,
            0.9894434213638306,
            0.042999353259801865,
            0.9492989182472229
          ],
          [
            0.0,
            0.0,
            0.0,
            1.0
          ]
        ]
      },
      "bone_length_armature_space": 0.4880045741730557,
      "parent": "Root",
      "has_children": true,
      "is_end_bone": false
    },
    "neck_01": {
      "name": "neck_01",
      "local": {
        "location": {
          "x": 0.0,
          "y": 0.0,
          "z": 0.0
        },
        "rotation_quaternion": {
          "w": 0.9910390377044678,
          "x": 0.06583315134048462,
          "y": 0.07961750030517578,
          "z": 0.08466850966215134
        },
        "scale": {
          "x": 1.0,
          "y": 1.0,
          "z": 1.0
        },
        "matrix_basis": [
          [
            0.9729846119880676,
            -0.15733665227890015,
            0.16895608603954315,
            0.0
          ],
          [
            0.17830254137516022,
            0.9769944548606873,
            -0.11700425297021866,
            0.0
          ],
          [
            -0.14666011929512024,
            0.1439686417579651,
            0.9786540865898132,
            0.0
          ],
          [
            0.0,
            0.0,
            0.0,
            1.0
          ]
        ],
        "rotation_mode": "QUATERNION"
      },
      "armature_space": {
        "head": {
          "x": -0.08080677688121796,
          "y": -0.007450355216860771,
          "z": 0.5562312602996826
        },
        "tail": {
          "x": -0.1108902096748352,
          "y": -0.054231904447078705,
          "z": 0.6423543691635132
        }
      },
      "world_space": {
        "head": {
          "x": -0.08080677688121796,
          "y": 0.0557936429977417,
          "z": 1.5060852766036987
        },
        "tail": {
          "x": -0.1108902096748352,
          "y": 0.009012095630168915,
          "z": 1.5922083854675293
        },
        "rotation_quaternion": {
          "w": 0.5159443020820618,
          "x": 0.8377315402030945,
          "y": -0.07514186203479767,
          "z": 0.16236084699630737
        },
        "matrix": [
          [
            0.9359855651855469,
            -0.29343584179878235,
            0.19449028372764587,
            -0.08080677688121796
          ],
          [
            0.041639670729637146,
            -0.45631033182144165,
            -0.888846218585968,
            0.0557936429977417
          ],
          [
            0.3495696783065796,
            0.8400508165359497,
            -0.41488492488861084,
            1.5060852766036987
          ],
          [
            0.0,
            0.0,
            0.0,
            1.0
          ]
        ]
      },
      "bone_length_armature_space": 0.10252178364447129,
      "parent": "spine_01",
      "has_children": true,
      "is_end_bone": false
    },
    "head": {
      "name": "head",
      "local": {
        "location": {
          "x": 0.0,
          "y": 0.0,
          "z": 0.0
        },
        "rotation_quaternion": {
          "w": 0.9716972708702087,
          "x": -0.03925926238298416,
          "y": 0.08812255412340164,
          "z": 0.21563288569450378
        },
        "scale": {
          "x": 1.0,
          "y": 1.0,
          "z": 1.0
        },
        "matrix_basis": [
          [
            0.8914737701416016,
            -0.42597901821136475,
            0.1543257087469101,
            0.0
          ],
          [
            0.41214051842689514,
            0.9039223194122314,
            0.11430047452449799,
            0.0
          ],
          [
            -0.18818806111812592,
            -0.038291994482278824,
            0.9813862442970276,
            0.0
          ],
          [
            0.0,
            0.0,
            0.0,
            1.0
          ]
        ],
        "rotation_mode": "QUATERNION"
      },
      "armature_space": {
        "head": {
          "x": -0.11089015752077103,
          "y": -0.05423200502991676,
          "z": 0.6423542499542236
        },
        "tail": {
          "x": -0.2214505970478058,
          "y": -0.06548073887825012,
          "z": 0.7505345940589905
        }
      },
      "world_space": {
        "head": {
          "x": -0.11089015752077103,
          "y": 0.009011995047330856,
          "z": 1.5922082662582397
        },
        "tail": {
          "x": -0.2214505970478058,
          "y": -0.0022367388010025024,
          "z": 1.7003886699676514
        },
        "rotation_quaternion": {
          "w": 0.6488977670669556,
          "x": 0.6467863321304321,
          "y": -0.20655730366706848,
          "z": 0.3434140384197235
        },
        "matrix": [
          [
            0.6788012385368347,
            -0.7128782868385315,
            0.17616355419158936,
            -0.11089015752077103
          ],
          [
            0.17848818004131317,
            -0.07253025472164154,
            -0.9812654256820679,
            0.009011995047330856
          ],
          [
            0.7123050093650818,
            0.6975318789482117,
            0.07800635695457458,
            1.5922082662582397
          ],
          [
            0.0,
            0.0,
            0.0,
            1.0
          ]
        ]
      },
      "bone_length_armature_space": 0.15509071893317233,
      "parent": "neck_01",
      "has_children": false,
      "is_end_bone": true
    },
    "upperarm_l": {
      "name": "upperarm_l",
      "local": {
        "location": {
          "x": 0.0,
          "y": 0.0,
          "z": 0.0
        },
        "rotation_quaternion": {
          "w": 0.9355705976486206,
          "x": 0.26754769682884216,
          "y": -0.21576166152954102,
          "z": -0.08107274025678635
        },
        "scale": {
          "x": 1.0,
          "y": 1.0,
          "z": 1.0
        },
        "matrix_basis": [
          [
            0.8937482237815857,
            0.036245472729206085,
            -0.4471021890640259,
            0.0
          ],
          [
            -0.2671516239643097,
            0.8436908721923828,
            -0.4656347334384918,
            0.0
          ],
          [
            0.36033889651298523,
            0.5356042981147766,
            0.7637302875518799,
            0.0
          ],
          [
            0.0,
            0.0,
            0.0,
            1.0
          ]
        ],
        "rotation_mode": "QUATERNION"
      },
      "armature_space": {
        "head": {
          "x": 0.07669641077518463,
          "y": -0.019323498010635376,
          "z": 0.5106367468833923
        },
        "tail": {
          "x": 0.30226683616638184,
          "y": -0.1626259982585907,
          "z": 0.5303847193717957
        }
      },
      "world_space": {
        "head": {
          "x": 0.07669641077518463,
          "y": 0.043920502066612244,
          "z": 1.4604907035827637
        },
        "tail": {
          "x": 0.30226683616638184,
          "y": -0.09938199818134308,
          "z": 1.480238676071167
        },
        "rotation_quaternion": {
          "w": 0.42157143354415894,
          "x": 0.49069762229919434,
          "y": 0.23428820073604584,
          "z": -0.7256738543510437
        },
        "matrix": [
          [
            -0.16298604011535645,
            0.8417767882347107,
            -0.5146331787109375,
            0.07669641077518463
          ],
          [
            -0.38191816210746765,
            -0.5347718000411987,
            -0.7537626028060913,
            0.043920502066612244
          ],
          [
            -0.9097177386283875,
            0.07369495928287506,
            0.40865233540534973,
            1.4604907035827637
          ],
          [
            0.0,
            0.0,
            0.0,
            1.0
          ]
        ]
      },
      "bone_length_armature_space": 0.2679694099902973,
      "parent": "spine_01",
      "has_children": true,
      "is_end_bone": false
    },
    "lowerarm_l": {
      "name": "lowerarm_l",
      "local": {
        "location": {
          "x": 0.0,
          "y": 0.0,
          "z": 0.0
        },
        "rotation_quaternion": {
          "w": 0.9629831314086914,
          "x": 0.2656089961528778,
          "y": 0.042219195514917374,
          "z": 0.018248489126563072
        },
        "scale": {
          "x": 1.0,
          "y": 1.0,
          "z": 1.0
        },
        "matrix_basis": [
          [
            0.9957690834999084,
            -0.012718378566205502,
            0.09100667387247086,
            0.0
          ],
          [
            0.05757357180118561,
            0.8582376837730408,
            -0.5100131034851074,
            0.0
          ],
          [
            -0.07161881774663925,
            0.5130948424339294,
            0.8553388118743896,
            0.0
          ],
          [
            0.0,
            0.0,
            0.0,
            1.0
          ]
        ],
        "rotation_mode": "QUATERNION"
      },
      "armature_space": {
        "head": {
          "x": 0.3022668957710266,
          "y": -0.16262604296207428,
          "z": 0.5303848385810852
        },
        "tail": {
          "x": 0.4026595950126648,
          "y": -0.38169777393341064,
          "z": 0.6465673446655273
        }
      },
      "world_space": {
        "head": {
          "x": 0.3022668957710266,
          "y": -0.09938204288482666,
          "z": 1.480238914489746
        },
        "tail": {
          "x": 0.4026595950126648,
          "y": -0.3184537887573242,
          "z": 1.5964213609695435
        },
        "rotation_quaternion": {
          "w": 0.2962781488895416,
          "x": 0.601257860660553,
          "y": -0.05269061028957367,
          "z": -0.7402242422103882
        },
        "matrix": [
          [
            -0.10141614824533463,
            0.3752654790878296,
            -0.9213525056838989,
            0.3022668957710266
          ],
          [
            -0.5019867420196533,
            -0.8188848495483398,
            -0.2782755196094513,
            -0.09938204288482666
          ],
          [
            -0.8589151501655579,
            0.43428733944892883,
            0.2714281380176544,
            1.480238914489746
          ],
          [
            0.0,
            0.0,
            0.0,
            1.0
          ]
        ]
      },
      "bone_length_armature_space": 0.2675247487201835,
      "parent": "upperarm_l",
      "has_children": true,
      "is_end_bone": false
    },
    "metacarpal_thumb_l": {
      "name": "metacarpal_thumb_l",
      "local": {
        "location": {
          "x": 0.0,
          "y": 0.0,
          "z": 0.0
        },
        "rotation_quaternion": {
          "w": 0.9997072219848633,
          "x": -0.01927180029451847,
          "y": -0.00860973633825779,
          "z": 0.011829033493995667
        },
        "scale": {
          "x": 1.0,
          "y": 1.0,
          "z": 1.0
        },
        "matrix_basis": [
          [
            0.9995719194412231,
            -0.023319290950894356,
            -0.017670365050435066,
            0.0
          ],
          [
            0.02398299053311348,
            0.9989773631095886,
            0.0383286252617836,
            0.0
          ],
          [
            0.016758497804403305,
            -0.0387360043823719,
            0.9991089105606079,
            0.0
          ],
          [
            0.0,
            0.0,
            0.0,
            1.0
          ]
        ],
        "rotation_mode": "QUATERNION"
      },
      "armature_space": {
        "head": {
          "x": 0.4026595950126648,
          "y": -0.38169777393341064,
          "z": 0.6465673446655273
        },
        "tail": {
          "x": 0.3886994421482086,
          "y": -0.42530134320259094,
          "z": 0.6654731631278992
        }
      },
      "world_space": {
        "head": {
          "x": 0.4026595950126648,
          "y": -0.3184537887573242,
          "z": 1.5964213609695435
        },
        "tail": {
          "x": 0.3886994421482086,
          "y": -0.36205732822418213,
          "z": 1.6153271198272705
        },
        "rotation_quaternion": {
          "w": 0.18960905075073242,
          "x": 0.9684889316558838,
          "y": -0.15462063252925873,
          "z": -0.046583253890275955
        },
        "matrix": [
          [
            0.9478448629379272,
            -0.28183165192604065,
            -0.1488659530878067,
            0.4026595950126648
          ],
          [
            -0.31716209650039673,
            -0.8802815675735474,
            -0.3528634011745453,
            -0.3184537887573242
          ],
          [
            -0.03159644454717636,
            0.38167619705200195,
            -0.9237633347511292,
            1.5964213609695435
          ],
          [
            0.0,
            0.0,
            0.0,
            1.0
          ]
        ]
      },
      "bone_length_armature_space": 0.049533696811532274,
      "parent": "lowerarm_l",
      "has_children": true,
      "is_end_bone": false
    },
    "thumb_01_l": {
      "name": "thumb_01_l",
      "local": {
        "location": {
          "x": 0.0,
          "y": 0.0,
          "z": 0.0
        },
        "rotation_quaternion": {
          "w": 0.9983999729156494,
          "x": -0.055737558752298355,
          "y": -0.003002787474542856,
          "z": -0.009052152745425701
        },
        "scale": {
          "x": 1.0,
          "y": 1.0,
          "z": 1.0
        },
        "matrix_basis": [
          [
            0.9998180866241455,
            0.018410073593258858,
            -0.004986876156181097,
            0.0
          ],
          [
            -0.017740601673722267,
            0.9936227798461914,
            0.1113511174917221,
            0.0
          ],
          [
            0.00700505543500185,
            -0.1112423911690712,
            0.9937686324119568,
            0.0
          ],
          [
            0.0,
            0.0,
            0.0,
            1.0
          ]
        ],
        "rotation_mode": "QUATERNION"
      },
      "armature_space": {
        "head": {
          "x": 0.3886994421482086,
          "y": -0.42530134320259094,
          "z": 0.6654731631278992
        },
        "tail": {
          "x": 0.37129759788513184,
          "y": -0.4511798620223999,
          "z": 0.6518310904502869
        }
      },
      "world_space": {
        "head": {
          "x": 0.3886994421482086,
          "y": -0.36205732822418213,
          "z": 1.6153271198272705
        },
        "tail": {
          "x": 0.37129759788513184,
          "y": -0.3879358768463135,
          "z": 1.6016850471496582
        },
        "rotation_quaternion": {
          "w": 0.03863464668393135,
          "x": 0.669122576713562,
          "y": -0.34405165910720825,
          "z": 0.6575794219970703
        },
        "matrix": [
          [
            -0.10156511515378952,
            -0.5112389326095581,
            0.853416383266449,
            0.3886994421482086
          ],
          [
            -0.4096146821975708,
            -0.7602701187133789,
            -0.5041879415512085,
            -0.36205732822418213
          ],
          [
            0.9065930247306824,
            -0.4007832109928131,
            -0.13219545781612396,
            1.6153271198272705
          ],
          [
            0.0,
            0.0,
            0.0,
            1.0
          ]
        ]
      },
      "bone_length_armature_space": 0.034038626638566015,
      "parent": "metacarpal_thumb_l",
      "has_children": true,
      "is_end_bone": false
    },
    "thumb_02_l": {
      "name": "thumb_02_l",
      "local": {
        "location": {
          "x": 0.0,
          "y": 0.0,
          "z": 0.0
        },
        "rotation_quaternion": {
          "w": 0.9980888366699219,
          "x": 0.06138068810105324,
          "y": -0.006362362764775753,
          "z": -0.003278622403740883
        },
        "scale": {
          "x": 1.0,
          "y": 1.0,
          "z": 1.0
        },
        "matrix_basis": [
          [
            0.9998975396156311,
            0.005763660650700331,
            -0.013102894648909569,
            0.0
          ],
          [
            -0.007325765211135149,
            0.992443323135376,
            -0.12248504161834717,
            0.0
          ],
          [
            0.01229791808873415,
            0.12256848067045212,
            0.9923838376998901,
            0.0
          ],
          [
            0.0,
            0.0,
            0.0,
            1.0
          ]
        ],
        "rotation_mode": "QUATERNION"
      },
      "armature_space": {
        "head": {
          "x": 0.37129756808280945,
          "y": -0.4511798024177551,
          "z": 0.6518310308456421
        },
        "tail": {
          "x": 0.38292092084884644,
          "y": -0.4867308735847473,
          "z": 0.6664665937423706
        }
      },
      "world_space": {
        "head": {
          "x": 0.37129756808280945,
          "y": -0.3879358172416687,
          "z": 1.6016850471496582
        },
        "tail": {
          "x": 0.38292092084884644,
          "y": -0.4234868884086609,
          "z": 1.6163206100463867
        },
        "rotation_quaternion": {
          "w": 0.04562799632549286,
          "x": -0.4479983448982239,
          "y": -0.23526287078857422,
          "z": -0.861316978931427
        },
        "matrix": [
          [
            -0.5944315791130066,
            0.28939467668533325,
            0.7502679824829102,
            0.37129756808280945
          ],
          [
            0.1321943998336792,
            -0.8851391673088074,
            0.44615405797958374,
            -0.3879358172416687
          ],
          [
            0.7932116985321045,
            0.3643907904624939,
            0.487901896238327,
            1.6016850471496582
          ],
          [
            0.0,
            0.0,
            0.0,
            1.0
          ]
        ]
      },
      "bone_length_armature_space": 0.04016442053535478,
      "parent": "thumb_01_l",
      "has_children": true,
      "is_end_bone": false
    },
    "thumb_03_l": {
      "name": "thumb_03_l",
      "local": {
        "location": {
          "x": 0.0,
          "y": 0.0,
          "z": 0.0
        },
        "rotation_quaternion": {
          "w": 0.9967552423477173,
          "x": 0.08036353439092636,
          "y": -0.0008401802042499185,
          "z": 0.0044732773676514626
        },
        "scale": {
          "x": 1.0,
          "y": 1.0,
          "z": 1.0
        },
        "matrix_basis": [
          [
            0.9999585747718811,
            -0.009052565321326256,
            -0.0009559312602505088,
            0.0
          ],
          [
            0.008782485499978065,
            0.9870433807373047,
            -0.16021306812763214,
            0.0
          ],
          [
            0.0023938848171383142,
            0.16019803285598755,
            0.9870820045471191,
            0.0
          ],
          [
            0.0,
            0.0,
            0.0,
            1.0
          ]
        ],
        "rotation_mode": "QUATERNION"
      },
      "armature_space": {
        "head": {
          "x": 0.3829208314418793,
          "y": -0.4867308735847473,
          "z": 0.6664665341377258
        },
        "tail": {
          "x": 0.40226492285728455,
          "y": -0.5058773159980774,
          "z": 0.6801088452339172
        }
      },
      "world_space": {
        "head": {
          "x": 0.3829208314418793,
          "y": -0.4234868884086609,
          "z": 1.6163206100463867
        },
        "tail": {
          "x": 0.40226492285728455,
          "y": -0.44263333082199097,
          "z": 1.6299629211425781
        },
        "rotation_quaternion": {
          "w": 0.2592272460460663,
          "x": -0.2760120928287506,
          "y": -0.34402942657470703,
          "z": -0.8592219352722168
        },
        "matrix": [
          [
            -0.7132372856140137,
            0.6353805065155029,
            0.2959465980529785,
            0.3829208314418793
          ],
          [
            -0.2555558681488037,
            -0.6288894414901733,
            0.7342952489852905,
            -0.4234868884086609
          ],
          [
            0.6526787281036377,
            0.4480980932712555,
            0.610927402973175,
            1.6163206100463867
          ],
          [
            0.0,
            0.0,
            0.0,
            1.0
          ]
        ]
      },
      "bone_length_armature_space": 0.030444914140082262,
      "parent": "thumb_02_l",
      "has_children": false,
      "is_end_bone": true
    },
    "metacarpal_index_l": {
      "name": "metacarpal_index_l",
      "local": {
        "location": {
          "x": 0.0,
          "y": 0.0,
          "z": 0.0
        },
        "rotation_quaternion": {
          "w": 0.9995514750480652,
          "x": -0.024519864469766617,
          "y": -0.007084977347403765,
          "z": 0.01567268744111061
        },
        "scale": {
          "x": 1.0,
          "y": 1.0,
          "z": 1.0
        },
        "matrix_basis": [
          [
            0.9994083642959595,
            -0.03098387084901333,
            -0.014932183548808098,
            0.0
          ],
          [
            0.031678762286901474,
            0.9983062744140625,
            0.04879565164446831,
            0.0
          ],
          [
            0.013395015150308609,
            -0.04923981428146362,
            0.9986971616744995,
            0.0
          ],
          [
            0.0,
            0.0,
            0.0,
            1.0
          ]
        ],
        "rotation_mode": "QUATERNION"
      },
      "armature_space": {
        "head": {
          "x": 0.4026595950126648,
          "y": -0.38169777393341064,
          "z": 0.6465673446655273
        },
        "tail": {
          "x": 0.41205763816833496,
          "y": -0.4825665354728699,
          "z": 0.7054437398910522
        }
      },
      "world_space": {
        "head": {
          "x": 0.4026595950126648,
          "y": -0.3184537887573242,
          "z": 1.5964213609695435
        },
        "tail": {
          "x": 0.41205763816833496,
          "y": -0.41932255029678345,
          "z": 1.6552977561950684
        },
        "rotation_quaternion": {
          "w": 0.2572554647922516,
          "x": 0.8954849243164062,
          "y": -0.05821162462234497,
          "z": -0.3585217595100403
        },
        "matrix": [
          [
            0.736147403717041,
            0.08020733296871185,
            -0.6720518469810486,
            0.4026595950126648
          ],
          [
            -0.2887186110019684,
            -0.8608624339103699,
            -0.4189961850643158,
            -0.3184537887573242
          ],
          [
            -0.6121552586555481,
            0.5024794936180115,
            -0.6105688810348511,
            1.5964213609695435
          ],
          [
            0.0,
            0.0,
            0.0,
            1.0
          ]
        ]
      },
      "bone_length_armature_space": 0.11717192656878037,
      "parent": "lowerarm_l",
      "has_children": true,
      "is_end_bone": false
    },
    "index_01_l": {
      "name": "index_01_l",
      "local": {
        "location": {
          "x": 0.0,
          "y": 0.0,
          "z": 0.0
        },
        "rotation_quaternion": {
          "w": 0.9914292097091675,
          "x": -0.12981291115283966,
          "y": 0.012275741435587406,
          "z": 0.008137008175253868
        },
        "scale": {
          "x": 1.0,
          "y": 1.0,
          "z": 1.0
        },
        "matrix_basis": [
          [
            0.9995661973953247,
            -0.019321635365486145,
            0.022228479385375977,
            0.0
          ],
          [
            0.01294743549078703,
            0.966164767742157,
            0.2576003968715668,
            0.0
          ],
          [
            -0.026453634724020958,
            -0.25720083713531494,
            0.9659958481788635,
            0.0
          ],
          [
            0.0,
            0.0,
            0.0,
            1.0
          ]
        ],
        "rotation_mode": "QUATERNION"
      },
      "armature_space": {
        "head": {
          "x": 0.41205763816833496,
          "y": -0.4825665354728699,
          "z": 0.7054437398910522
        },
        "tail": {
          "x": 0.4276942014694214,
          "y": -0.5018994808197021,
          "z": 0.7194010615348816
        }
      },
      "world_space": {
        "head": {
          "x": 0.41205763816833496,
          "y": -0.41932255029678345,
          "z": 1.6552977561950684
        },
        "tail": {
          "x": 0.4276942014694214,
          "y": -0.4386554956436157,
          "z": 1.669255018234253
        },
        "rotation_quaternion": {
          "w": 0.36195430159568787,
          "x": 0.8451367616653442,
          "y": 0.17316287755966187,
          "z": -0.3531963527202606
        },
        "matrix": [
          [
            0.6905343532562256,
            0.5483744144439697,
            -0.47164368629455566,
            0.41205763816833496
          ],
          [
            0.03701183944940567,
            -0.6780076026916504,
            -0.7341227531433105,
            -0.41932255029678345
          ],
          [
            -0.7223570942878723,
            0.4894832670688629,
            -0.4884878993034363,
            1.6552977561950684
          ],
          [
            0.0,
            0.0,
            0.0,
            1.0
          ]
        ]
      },
      "bone_length_armature_space": 0.028514412458568793,
      "parent": "metacarpal_index_l",
      "has_children": true,
      "is_end_bone": false
    },
    "index_02_l": {
      "name": "index_02_l",
      "local": {
        "location": {
          "x": 0.0,
          "y": 0.0,
          "z": 0.0
        },
        "rotation_quaternion": {
          "w": 0.9999397397041321,
          "x": 0.004788984078913927,
          "y": 0.0014057629741728306,
          "z": 0.009777386672794819
        },
        "scale": {
          "x": 1.0,
          "y": 1.0,
          "z": 1.0
        },
        "matrix_basis": [
          [
            0.9998048543930054,
            -0.019540131092071533,
            0.002905003959313035,
            0.0
          ],
          [
            0.019567059352993965,
            0.9997629523277283,
            -0.009549901820719242,
            0.0
          ],
          [
            -0.0027177089359611273,
            0.009604880586266518,
            0.9999501705169678,
            0.0
          ],
          [
            0.0,
            0.0,
            0.0,
            1.0
          ]
        ],
        "rotation_mode": "QUATERNION"
      },
      "armature_space": {
        "head": {
          "x": 0.42769408226013184,
          "y": -0.5019000172615051,
          "z": 0.7194012403488159
        },
        "tail": {
          "x": 0.4422681927680969,
          "y": -0.5187810659408569,
          "z": 0.7320786714553833
        }
      },
      "world_space": {
        "head": {
          "x": 0.42769408226013184,
          "y": -0.4386560320854187,
          "z": 1.669255256652832
        },
        "tail": {
          "x": 0.4422681927680969,
          "y": -0.4555370807647705,
          "z": 1.6819326877593994
        },
        "rotation_quaternion": {
          "w": 0.37659206986427307,
          "x": 0.8279212713241577,
          "y": 0.17074939608573914,
          "z": -0.3789055347442627
        },
        "matrix": [
          [
            0.6545509099960327,
            0.5681196451187134,
            -0.49880167841911316,
            0.42769408226013184
          ],
          [
            -0.00265043368563056,
            -0.6580463647842407,
            -0.7529730200767517,
            -0.4386560320854187
          ],
          [
            -0.7560185790061951,
            0.4941839277744293,
            -0.4292226731777191,
            1.669255256652832
          ],
          [
            0.0,
            0.0,
            0.0,
            1.0
          ]
        ]
      },
      "bone_length_armature_space": 0.025653299375620848,
      "parent": "index_01_l",
      "has_children": true,
      "is_end_bone": false
    },
    "index_03_l": {
      "name": "index_03_l",
      "local": {
        "location": {
          "x": 0.0,
          "y": 0.0,
          "z": 0.0
        },
        "rotation_quaternion": {
          "w": 0.9990818500518799,
          "x": 0.042608268558979034,
          "y": -0.0026115041691809893,
          "z": 0.0036458750255405903
        },
        "scale": {
          "x": 1.0,
          "y": 1.0,
          "z": 1.0
        },
        "matrix_basis": [
          [
            0.9999597668647766,
            -0.007507598493248224,
            -0.004907524213194847,
            0.0
          ],
          [
            0.00706251198425889,
            0.9963424801826477,
            -0.08515733480453491,
            0.0
          ],
          [
            0.00552890170365572,
            0.08511925488710403,
            0.996355414390564,
            0.0
          ],
          [
            0.0,
            0.0,
            0.0,
            1.0
          ]
        ],
        "rotation_mode": "QUATERNION"
      },
      "armature_space": {
        "head": {
          "x": 0.4422682523727417,
          "y": -0.5187809467315674,
          "z": 0.7320787310600281
        },
        "tail": {
          "x": 0.45772820711135864,
          "y": -0.5414515137672424,
          "z": 0.7421170473098755
        }
      },
      "world_space": {
        "head": {
          "x": 0.4422682523727417,
          "y": -0.45553696155548096,
          "z": 1.6819326877593994
        },
        "tail": {
          "x": 0.45772820711135864,
          "y": -0.478207528591156,
          "z": 1.6919710636138916
        },
        "rotation_quaternion": {
          "w": 0.280473917722702,
          "x": 0.8613724708557129,
          "y": 0.18272297084331512,
          "z": -0.3820788562297821
        },
        "matrix": [
          [
            0.6412563323974609,
            0.5291115045547485,
            -0.5557258725166321,
            0.4422682523727417
          ],
          [
            0.10045939683914185,
            -0.7758933901786804,
            -0.622814416885376,
            -0.45553696155548096
          ],
          [
            -0.7607274651527405,
            0.3435574173927307,
            -0.5507050156593323,
            1.6819326877593994
          ],
          [
            0.0,
            0.0,
            0.0,
            1.0
          ]
        ]
      },
      "bone_length_armature_space": 0.029218703027836634,
      "parent": "index_02_l",
      "has_children": false,
      "is_end_bone": true
    },
    "metacarpal_pinky_l": {
      "name": "metacarpal_pinky_l",
      "local": {
        "location": {
          "x": 0.0,
          "y": 0.0,
          "z": 0.0
        },
        "rotation_quaternion": {
          "w": 0.9993292093276978,
          "x": -0.03305499255657196,
          "y": 0.0010278860572725534,
          "z": -0.01573067158460617
        },
        "scale": {
          "x": 1.0,
          "y": 1.0,
          "z": 1.0
        },
        "matrix_basis": [
          [
            0.999502956867218,
            0.03137228637933731,
            0.003094347659498453,
            0.0
          ],
          [
            -0.0315081924200058,
            0.9973198175430298,
            0.06603330373764038,
            0.0
          ],
          [
            -0.0010144386906176805,
            -0.06609797477722168,
            0.9978126287460327,
            0.0
          ],
          [
            0.0,
            0.0,
            0.0,
            1.0
          ]
        ],
        "rotation_mode": "QUATERNION"
      },
      "armature_space": {
        "head": {
          "x": 0.4026595950126648,
          "y": -0.38169777393341064,
          "z": 0.6465673446655273
        },
        "tail": {
          "x": 0.4670126736164093,
          "y": -0.45863255858421326,
          "z": 0.6745484471321106
        }
      },
      "world_space": {
        "head": {
          "x": 0.4026595950126648,
          "y": -0.3184537887573242,
          "z": 1.5964213609695435
        },
        "tail": {
          "x": 0.4670126736164093,
          "y": -0.39538854360580444,
          "z": 1.6244025230407715
        },
        "rotation_quaternion": {
          "w": 0.32844123244285583,
          "x": -0.01868809573352337,
          "y": -0.150705024600029,
          "z": -0.9322366118431091
        },
        "matrix": [
          [
            -0.7835541367530823,
            0.6180026531219482,
            -0.06415266543626785,
            0.4026595950126648
          ],
          [
            -0.606737494468689,
            -0.7388285398483276,
            0.29326164722442627,
            -0.3184537887573242
          ],
          [
            0.13383916020393372,
            0.2687113583087921,
            0.9538843631744385,
            1.5964213609695435
          ],
          [
            0.0,
            0.0,
            0.0,
            1.0
          ]
        ]
      },
      "bone_length_armature_space": 0.10413079150025152,
      "parent": "lowerarm_l",
      "has_children": true,
      "is_end_bone": false
    },
    "pinky_01_l": {
      "name": "pinky_01_l",
      "local": {
        "location": {
          "x": 0.0,
          "y": 0.0,
          "z": 0.0
        },
        "rotation_quaternion": {
          "w": 0.997260332107544,
          "x": -0.07199651002883911,
          "y": -0.012128900736570358,
          "z": -0.011888752691447735
        },
        "scale": {
          "x": 1.0,
          "y": 1.0,
          "z": 1.0
        },
        "matrix_basis": [
          [
            0.999423086643219,
            0.025458840653300285,
            -0.022479446604847908,
            0.0
          ],
          [
            -0.021965885534882545,
            0.9893503189086914,
            0.14388692378997803,
            0.0
          ],
          [
            0.025903239846229553,
            -0.14331012964248657,
            0.989338755607605,
            0.0
          ],
          [
            0.0,
            0.0,
            0.0,
            1.0
          ]
        ],
        "rotation_mode": "QUATERNION"
      },
      "armature_space": {
        "head": {
          "x": 0.4670126736164093,
          "y": -0.45863255858421326,
          "z": 0.6745484471321106
        },
