{
  "metadata": {
    "armature_name": "KIM_caucasian_male",
    "export_time": "2026-01-13T21:13:19.645602",
    "blender_version": "4.4.1",
    "bone_count": 56,
    "end_bone_count": 13,
    "spaces_included": [
      "LOCAL_CHANNELS",
      "ARMATURE_SPACE",
      "WORLD_SPACE"
    ],
    "note": "LOCAL matches Transform panel; replay pose via local.matrix_basis for best fidelity."
  },
  "bones": {
    "Root": {
      "name": "Root",
      "local": {
        "location": {
          "x": 0.0,
          "y": 0.0,
          "z": 0.0
        },
        "rotation_quaternion": {
          "w": 0.9997009634971619,
          "x": 0.01170929055660963,
          "y": -0.008188985288143158,
          "z": -0.019846031442284584
        },
        "scale": {
          "x": 1.0,
          "y": 1.0,
          "z": 1.0
        },
        "matrix_basis": [
          [
            0.9990781545639038,
            0.03948841989040375,
            -0.016837839037179947,
            0.0
          ],
          [
            -0.03987196832895279,
            0.9989380836486816,
            -0.023086540400981903,
            0.0
          ],
          [
            0.01590830646455288,
            0.02373661659657955,
            0.9995916485786438,
            0.0
          ],
          [
            0.0,
            0.0,
            0.0,
            1.0
          ]
        ],
        "rotation_mode": "QUATERNION"
      },
      "armature_space": {
        "head": {
          "x": 0.0,
          "y": 0.07072800397872925,
          "z": -0.009595036506652832
        },
        "tail": {
          "x": 0.0028185201808810234,
          "y": -0.0001526474952697754,
          "z": -0.0016890447586774826
        }
      },
      "world_space": {
        "head": {
          "x": 0.0,
          "y": 0.13397200405597687,
          "z": 0.9402589797973633
        },
        "tail": {
          "x": 0.0028185201808810234,
          "y": 0.06309135258197784,
          "z": 0.9481649994850159
        },
        "rotation_quaternion": {
          "w": 0.05566482990980148,
          "x": 0.9982187747955322,
          "y": 0.01924927346408367,
          "z": -0.009507367387413979
        },
        "matrix": [
          [
            0.9990781545639038,
            0.03948841989040375,
            -0.016837839037179947,
            0.0
          ],
          [
            0.03737150877714157,
            -0.9930618405342102,
            -0.11149781197309494,
            0.13397200405597687
          ],
          [
            -0.02112399786710739,
            0.11076560616493225,
            -0.9936290383338928,
            0.9402589797973633
          ],
          [
            0.0,
            0.0,
            0.0,
            1.0
          ]
        ]
      },
      "bone_length_armature_space": 0.07137587421420229,
      "parent": null,
      "has_children": true,
      "is_end_bone": false
    },
    "spine_01": {
      "name": "spine_01",
      "local": {
        "location": {
          "x": 0.0,
          "y": 0.0,
          "z": 0.0
        },
        "rotation_quaternion": {
          "w": 0.9949996471405029,
          "x": -0.0473669059574604,
          "y": -0.06128346174955368,
          "z": -0.06305868923664093
        },
        "scale": {
          "x": 1.0,
          "y": 1.0,
          "z": 1.0
        },
        "matrix_basis": [
          [
            0.9845358729362488,
            0.13129235804080963,
            -0.11598025262355804,
            0.0
          ],
          [
            -0.11968113481998444,
            0.987559974193573,
            0.1019890159368515,
            0.0
          ],
          [
            0.12792783975601196,
            -0.08653119951486588,
            0.9880014061927795,
            0.0
          ],
          [
            0.0,
            0.0,
            0.0,
            1.0
          ]
        ],
        "rotation_mode": "QUATERNION"
      },
      "armature_space": {
        "head": {
          "x": 0.0028185201808810234,
          "y": -0.0001526474952697754,
          "z": -0.0016890447586774826
        },
        "tail": {
          "x": 0.07498912513256073,
          "y": 0.05585286393761635,
          "z": 0.4776889383792877
        }
      },
      "world_space": {
        "head": {
          "x": 0.0028185201808810234,
          "y": 0.06309135258197784,
          "z": 0.9481649994850159
        },
        "tail": {
          "x": 0.07498912513256073,
          "y": 0.11909686028957367,
          "z": 1.4275429248809814
        },
        "rotation_quaternion": {
          "w": 0.7462999820709229,
          "x": 0.6603485941886902,
          "y": 0.02046077698469162,
          "z": -0.08097796142101288
        },
        "matrix": [
          [
            0.9860477447509766,
            0.14789022505283356,
            -0.0764085054397583,
            0.0028185201808810234
          ],
          [
            -0.09384621679782867,
            0.11476510018110275,
            -0.9889500141143799,
            0.06309135258197784
          ],
          [
            -0.13748802244663239,
            0.9823294878005981,
            0.12704278528690338,
            0.9481649994850159
          ],
          [
            0.0,
            0.0,
            0.0,
            1.0
          ]
        ]
      },
      "bone_length_armature_space": 0.4880045729206485,
      "parent": "Root",
      "has_children": true,
      "is_end_bone": false
    },
    "neck_01": {
      "name": "neck_01",
      "local": {
        "location": {
          "x": 0.0,
          "y": 0.0,
          "z": 0.0
        },
        "rotation_quaternion": {
          "w": 0.9948816299438477,
          "x": -0.0572446845471859,
          "y": -0.04145917296409607,
          "z": 0.07221243530511856
        },
        "scale": {
          "x": 1.0,
          "y": 1.0,
          "z": 1.0
        },
        "matrix_basis": [
          [
            0.9861329793930054,
            -0.1389390230178833,
            -0.09076149761676788,
            0.0
          ],
          [
            0.14843228459358215,
            0.983016848564148,
            0.10791563242673874,
            0.0
          ],
          [
            0.07422637939453125,
            -0.11989110708236694,
            0.9900083541870117,
            0.0
          ],
          [
            0.0,
            0.0,
            0.0,
            1.0
          ]
        ],
        "rotation_mode": "QUATERNION"
      },
      "armature_space": {
        "head": {
          "x": 0.08316754549741745,
          "y": 0.029958564788103104,
          "z": 0.5540195107460022
        },
        "tail": {
          "x": 0.08156726509332657,
          "y": 0.0159327182918787,
          "z": 0.6555649638175964
        }
      },
      "world_space": {
        "head": {
          "x": 0.08316754549741745,
          "y": 0.09320256114006042,
          "z": 1.503873586654663
        },
        "tail": {
          "x": 0.08156726509332657,
          "y": 0.07917671650648117,
          "z": 1.6054189205169678
        },
        "rotation_quaternion": {
          "w": 0.6528227925300598,
          "x": 0.7504175305366516,
          "y": -0.07360470294952393,
          "z": -0.07265319675207138
        },
        "matrix": [
          [
            0.978607714176178,
            -0.015609242022037506,
            -0.205142080783844,
            0.08316754549741745
          ],
          [
            -0.2053278535604477,
            -0.13680905103683472,
            -0.9690842032432556,
            0.09320256114006042
          ],
          [
            -0.012938905507326126,
            0.9904813170433044,
            -0.13708925247192383,
            1.503873586654663
          ],
          [
            0.0,
            0.0,
            0.0,
            1.0
          ]
        ]
      },
      "bone_length_armature_space": 0.10252201724374868,
      "parent": "spine_01",
      "has_children": true,
      "is_end_bone": false
    },
    "head": {
      "name": "head",
      "local": {
        "location": {
          "x": 0.0,
          "y": 0.0,
          "z": 0.0
        },
        "rotation_quaternion": {
          "w": 0.997055172920227,
          "x": 0.04117172583937645,
          "y": 0.01790277659893036,
          "z": -0.0621723011136055
        },
        "scale": {
          "x": 1.0,
          "y": 1.0,
          "z": 1.0
        },
        "matrix_basis": [
          [
            0.9916281700134277,
            0.12545260787010193,
            0.030580630525946617,
            0.0
          ],
          [
            -0.12250424921512604,
            0.9888789653778076,
            -0.0843270793557167,
            0.0
          ],
          [
            -0.04081959277391434,
            0.07987485080957413,
            0.995968759059906,
            0.0
          ],
          [
            0.0,
            0.0,
            0.0,
            1.0
          ]
        ],
        "rotation_mode": "QUATERNION"
      },
      "armature_space": {
        "head": {
          "x": 0.08156723529100418,
          "y": 0.015932578593492508,
          "z": 0.6555649042129517
        },
        "tail": {
          "x": 0.10716757923364639,
          "y": 0.034271303564310074,
          "z": 0.8074254393577576
        }
      },
      "world_space": {
        "head": {
          "x": 0.08156723529100418,
          "y": 0.07917657494544983,
          "z": 1.6054189205169678
        },
        "tail": {
          "x": 0.10716757923364639,
          "y": 0.0975152999162674,
          "z": 1.757279396057129
        },
        "rotation_quaternion": {
          "w": 0.7476587295532227,
          "x": 0.6529947519302368,
          "y": -0.011362276040017605,
          "z": -0.12031319737434387
        },
        "matrix": [
          [
            0.9707911014556885,
            0.16506743431091309,
            -0.1741190105676651,
            0.08156723529100418
          ],
          [
            -0.19474653899669647,
            0.11824553459882736,
            -0.9737002849578857,
            0.07917657494544983
          ],
          [
            -0.14013856649398804,
            0.9791755080223083,
            0.14693811535835266,
            1.6054189205169678
          ],
          [
            0.0,
            0.0,
            0.0,
            1.0
          ]
        ]
      },
      "bone_length_armature_space": 0.15509129058169357,
      "parent": "neck_01",
      "has_children": false,
      "is_end_bone": true
    },
    "upperarm_l": {
      "name": "upperarm_l",
      "local": {
        "location": {
          "x": 0.0,
          "y": 0.0,
          "z": 0.0
        },
        "rotation_quaternion": {
          "w": 0.9041423201560974,
          "x": 0.30895599722862244,
          "y": 0.2548821270465851,
          "z": -0.14868761599063873
        },
        "scale": {
          "x": 1.0,
          "y": 1.0,
          "z": 1.0
        },
        "matrix_basis": [
          [
            0.8258541822433472,
            0.4263642430305481,
            0.36902356147766113,
            0.0
          ],
          [
            -0.11137481033802032,
            0.7648763656616211,
            -0.6344760060310364,
            0.0
          ],
          [
            -0.5527753233909607,
            0.4828847646713257,
            0.6791625618934631,
            0.0
          ],
          [
            0.0,
            0.0,
            0.0,
            1.0
          ]
        ],
        "rotation_mode": "QUATERNION"
      },
      "armature_space": {
        "head": {
          "x": 0.22089165449142456,
          "y": 0.005014639347791672,
          "z": 0.46778127551078796
        },
        "tail": {
          "x": 0.39805877208709717,
          "y": -0.1456087827682495,
          "z": 0.33461856842041016
        }
      },
      "world_space": {
        "head": {
          "x": 0.22089165449142456,
          "y": 0.06825864315032959,
          "z": 1.4176353216171265
        },
        "tail": {
          "x": 0.39805877208709717,
          "y": -0.08236478269100189,
          "z": 1.2844725847244263
        },
        "rotation_quaternion": {
          "w": 0.07064990699291229,
          "x": 0.6181942224502563,
          "y": 0.46255946159362793,
          "z": -0.6315720677375793
        },
        "matrix": [
          [
            -0.22569049894809723,
            0.6611467599868774,
            -0.7155058979988098,
            0.22089165449142456
          ],
          [
            0.48266178369522095,
            -0.5620918273925781,
            -0.6716328859329224,
            0.06825864315032959
          ],
          [
            -0.8462333083152771,
            -0.49693241715431213,
            -0.19225338101387024,
            1.4176353216171265
          ],
          [
            0.0,
            0.0,
            0.0,
            1.0
          ]
        ]
      },
      "bone_length_armature_space": 0.267969979208304,
      "parent": "spine_01",
      "has_children": true,
      "is_end_bone": false
    },
    "lowerarm_l": {
      "name": "lowerarm_l",
      "local": {
        "location": {
          "x": 0.0,
          "y": 0.0,
          "z": 0.0
        },
        "rotation_quaternion": {
          "w": 0.855090856552124,
          "x": 0.39448148012161255,
          "y": -0.26036661863327026,
          "z": 0.21310395002365112
        },
        "scale": {
          "x": 1.0,
          "y": 1.0,
          "z": 1.0
        },
        "matrix_basis": [
          [
            0.7735918760299683,
            -0.5698661208152771,
            -0.27714312076568604,
            0.0
          ],
          [
            0.1590268611907959,
            0.5979421138763428,
            -0.7856053113937378,
            0.0
          ],
          [
            0.6134053468704224,
            0.5636646747589111,
            0.5531871914863586,
            0.0
          ],
          [
            0.0,
            0.0,
            0.0,
            1.0
          ]
        ],
        "rotation_mode": "QUATERNION"
      },
      "armature_space": {
        "head": {
          "x": 0.39805883169174194,
          "y": -0.14560893177986145,
          "z": 0.33461862802505493
        },
        "tail": {
          "x": 0.42263394594192505,
          "y": -0.40484818816185,
          "z": 0.39594128727912903
        }
      },
      "world_space": {
        "head": {
          "x": 0.39805883169174194,
          "y": -0.08236493170261383,
          "z": 1.2844727039337158
        },
        "tail": {
          "x": 0.42263394594192505,
          "y": -0.34160417318344116,
          "z": 1.3457952737808228
        },
        "rotation_quaternion": {
          "w": 0.09280195832252502,
          "x": 0.4409666359424591,
          "y": -0.08290254324674606,
          "z": -0.8888550996780396
        },
        "matrix": [
          [
            -0.5938724875450134,
            0.09186112880706787,
            -0.7992976903915405,
            0.39805883169174194
          ],
          [
            -0.2380898892879486,
            -0.9690300226211548,
            0.06553095579147339,
            -0.08236493170261383
          ],
          [
            -0.7685292363166809,
            0.22922265529632568,
            0.5973555445671082,
            1.2844727039337158
          ],
          [
            0.0,
            0.0,
            0.0,
            1.0
          ]
        ]
      },
      "bone_length_armature_space": 0.26752456747714637,
      "parent": "upperarm_l",
      "has_children": true,
      "is_end_bone": false
    },
    "metacarpal_thumb_l": {
      "name": "metacarpal_thumb_l",
      "local": {
        "location": {
          "x": 0.0,
          "y": 0.0,
          "z": 0.0
        },
        "rotation_quaternion": {
          "w": 0.9984740018844604,
          "x": -0.053563620895147324,
          "y": 0.011140204034745693,
          "z": -0.00751657085493207
        },
        "scale": {
          "x": 1.0,
          "y": 1.0,
          "z": 1.0
        },
        "matrix_basis": [
          [
            0.9996387958526611,
            0.013816782273352146,
            0.023051638156175613,
            0.0
          ],
          [
            -0.01620362140238285,
            0.994148850440979,
            0.10679629445075989,
            0.0
          ],
          [
            -0.021441178396344185,
            -0.1071312353014946,
            0.9940136671066284,
            0.0
          ],
          [
            0.0,
            0.0,
            0.0,
            1.0
          ]
        ],
        "rotation_mode": "QUATERNION"
      },
      "armature_space": {
        "head": {
          "x": 0.42263394594192505,
          "y": -0.40484818816185,
          "z": 0.39594128727912903
        },
        "tail": {
          "x": 0.40113121271133423,
          "y": -0.44283998012542725,
          "z": 0.4193473756313324
        }
      },
      "world_space": {
        "head": {
          "x": 0.42263394594192505,
          "y": -0.34160417318344116,
          "z": 1.3457952737808228
        },
        "tail": {
          "x": 0.40113121271133423,
          "y": -0.3795959949493408,
          "z": 1.369201421737671
        },
        "rotation_quaternion": {
          "w": 0.17335891723632812,
          "x": 0.8993364572525024,
          "y": -0.2940270006656647,
          "z": -0.2732928991317749
        },
        "matrix": [
          [
            0.6777178645133972,
            -0.43410342931747437,
            -0.5935086607933044,
            0.42263394594192505
          ],
          [
            -0.6236142516136169,
            -0.7669894695281982,
            -0.15110410749912262,
            -0.34160417318344116
          ],
          [
            -0.38962322473526,
            0.47252893447875977,
            -0.7905212044715881,
            1.3457952737808228
          ],
          [
            0.0,
            0.0,
            0.0,
            1.0
          ]
        ]
      },
      "bone_length_armature_space": 0.049533713997548016,
      "parent": "lowerarm_l",
      "has_children": true,
      "is_end_bone": false
    },
    "thumb_01_l": {
      "name": "thumb_01_l",
      "local": {
        "location": {
          "x": 0.0,
          "y": 0.0,
          "z": 0.0
        },
        "rotation_quaternion": {
          "w": 0.999739408493042,
          "x": -0.017088284716010094,
          "y": -0.01514150109142065,
          "z": -6.71267116558738e-05
        },
        "scale": {
          "x": 1.0,
          "y": 1.0,
          "z": 1.0
        },
        "matrix_basis": [
          [
            0.9995414614677429,
            0.0006517029833048582,
            -0.030272817239165306,
            0.0
          ],
          [
            0.00038326613139361143,
            0.9994159936904907,
            0.034169696271419525,
            0.0
          ],
          [
            0.030277404934167862,
            -0.0341656319797039,
            0.9989574551582336,
            0.0
          ],
          [
            0.0,
            0.0,
            0.0,
            1.0
          ]
        ],
        "rotation_mode": "QUATERNION"
      },
      "armature_space": {
        "head": {
          "x": 0.40113121271133423,
          "y": -0.44283998012542725,
          "z": 0.4193473756313324
        },
        "tail": {
          "x": 0.37294575572013855,
          "y": -0.46050727367401123,
          "z": 0.4121311902999878
        }
      },
      "world_space": {
        "head": {
          "x": 0.40113121271133423,
          "y": -0.3795959949493408,
          "z": 1.369201421737671
        },
        "tail": {
          "x": 0.37294575572013855,
          "y": -0.3972632884979248,
          "z": 1.361985206604004
        },
        "rotation_quaternion": {
          "w": 0.1702064424753189,
          "x": 0.7167638540267944,
          "y": -0.4599020779132843,
          "z": 0.4957515001296997
        },
        "matrix": [
          [
            0.0854397863149643,
            -0.8280441164970398,
            0.5541146397590637,
            0.40113121271133423
          ],
          [
            -0.49052172899246216,
            -0.5190373063087463,
            -0.6999921202659607,
            -0.3795959949493408
          ],
          [
            0.8672357797622681,
            -0.21200019121170044,
            -0.4505236744880676,
            1.369201421737671
          ],
          [
            0.0,
            0.0,
            0.0,
            1.0
          ]
        ]
      },
      "bone_length_armature_space": 0.03403860376667596,
      "parent": "metacarpal_thumb_l",
      "has_children": true,
      "is_end_bone": false
    },
    "thumb_02_l": {
      "name": "thumb_02_l",
      "local": {
        "location": {
          "x": 0.0,
          "y": 0.0,
          "z": 0.0
        },
        "rotation_quaternion": {
          "w": 0.9947654008865356,
          "x": 0.10205661505460739,
          "y": -0.005097795743495226,
          "z": -0.0004768834915012121
        },
        "scale": {
          "x": 1.0,
          "y": 1.0,
          "z": 1.0
        },
        "matrix_basis": [
          [
            0.9999475479125977,
            -9.17531579034403e-05,
            -0.010239560157060623,
            0.0
          ],
          [
            -0.0019893019925802946,
            0.9791684150695801,
            -0.20303991436958313,
            0.0
          ],
          [
            0.010044883005321026,
            0.2030496448278427,
            0.9791169166564941,
            0.0
          ],
          [
            0.0,
            0.0,
            0.0,
            1.0
          ]
        ],
        "rotation_mode": "QUATERNION"
      },
      "armature_space": {
        "head": {
          "x": 0.37294575572013855,
          "y": -0.46050721406936646,
          "z": 0.4121311902999878
        },
        "tail": {
          "x": 0.38018423318862915,
          "y": -0.4990571439266205,
          "z": 0.4207734167575836
        }
      },
      "world_space": {
        "head": {
          "x": 0.37294575572013855,
          "y": -0.39726322889328003,
          "z": 1.361985206604004
        },
        "tail": {
          "x": 0.38018423318862915,
          "y": -0.43581312894821167,
          "z": 1.3706274032592773
        },
        "rotation_quaternion": {
          "w": 0.0021863316651433706,
          "x": -0.6238378286361694,
          "y": -0.1417521834373474,
          "z": -0.7685883641242981
        },
        "matrix": [
          [
            -0.2216433435678482,
            0.18022093176841736,
            0.9583290815353394,
            0.37294575572013855
          ],
          [
            0.17350046336650848,
            -0.9598032236099243,
            0.22062528133392334,
            -0.39726322889328003
          ],
          [
            0.9595751762390137,
            0.21517111361026764,
            0.18146716058254242,
            1.361985206604004
          ],
          [
            0.0,
            0.0,
            0.0,
            1.0
          ]
        ]
      },
      "bone_length_armature_space": 0.04016442139583771,
      "parent": "thumb_01_l",
      "has_children": true,
      "is_end_bone": false
    },
    "thumb_03_l": {
      "name": "thumb_03_l",
      "local": {
        "location": {
          "x": 0.0,
          "y": 0.0,
          "z": 0.0
        },
        "rotation_quaternion": {
          "w": 0.9969947934150696,
          "x": 0.07702991366386414,
          "y": -0.0076938532292842865,
          "z": 0.002942608669400215
        },
        "scale": {
          "x": 1.0,
          "y": 1.0,
          "z": 1.0
        },
        "matrix_basis": [
          [
            0.9998642802238464,
            -0.0070528448559343815,
            -0.014888125471770763,
            0.0
          ],
          [
            0.004682217258960009,
            0.9881154894828796,
            -0.15364213287830353,
            0.0
          ],
          [
            0.015794800594449043,
            0.15355156362056732,
            0.9880144000053406,
            0.0
          ],
          [
            0.0,
            0.0,
            0.0,
            1.0
          ]
        ],
        "rotation_mode": "QUATERNION"
      },
      "armature_space": {
        "head": {
          "x": 0.380184143781662,
          "y": -0.4990570843219757,
          "z": 0.420773446559906
        },
        "tail": {
          "x": 0.3977906107902527,
          "y": -0.5233676433563232,
          "z": 0.42586275935173035
        }
      },
      "world_space": {
        "head": {
          "x": 0.380184143781662,
          "y": -0.4358130693435669,
          "z": 1.3706274032592773
        },
        "tail": {
          "x": 0.3977906107902527,
          "y": -0.4601236581802368,
          "z": 1.3757168054580688
        },
        "rotation_quaternion": {
          "w": 0.22169305384159088,
          "x": -0.46802857518196106,
          "y": -0.2271500825881958,
          "z": -0.8247449994087219
        },
        "matrix": [
          [
            -0.4636026620864868,
            0.5783065557479858,
            0.6712929010391235,
            0.380184143781662
          ],
          [
            -0.15305517613887787,
            -0.7985098361968994,
            0.5821996331214905,
            -0.4358130693435669
          ],
          [
            0.8727292418479919,
            0.1671648919582367,
            0.45870786905288696,
            1.3706274032592773
          ],
          [
            0.0,
            0.0,
            0.0,
            1.0
          ]
        ]
      },
      "bone_length_armature_space": 0.03044490228031924,
      "parent": "thumb_02_l",
      "has_children": false,
      "is_end_bone": true
    },
    "metacarpal_index_l": {
      "name": "metacarpal_index_l",
      "local": {
        "location": {
          "x": 0.0,
          "y": 0.0,
          "z": 0.0
        },
        "rotation_quaternion": {
          "w": 0.9999678134918213,
          "x": 0.006694152019917965,
          "y": -0.004068750888109207,
          "z": 0.0017642539460211992
        },
        "scale": {
          "x": 1.0,
          "y": 1.0,
          "z": 1.0
        },
        "matrix_basis": [
          [
            0.9999606609344482,
            -0.0035828680265694857,
            -0.00811361987143755,
            0.0
          ],
          [
            0.0034739207476377487,
            0.9999041557312012,
            -0.013402230106294155,
            0.0
          ],
          [
            0.008160860277712345,
            0.013373516499996185,
            0.9998772740364075,
            0.0
          ],
          [
            0.0,
            0.0,
            0.0,
            1.0
          ]
        ],
        "rotation_mode": "QUATERNION"
      },
      "armature_space": {
        "head": {
          "x": 0.42263394594192505,
          "y": -0.40484818816185,
          "z": 0.39594128727912903
        },
        "tail": {
          "x": 0.39918750524520874,
          "y": -0.5116258859634399,
          "z": 0.438107967376709
        }
      },
      "world_space": {
        "head": {
          "x": 0.42263394594192505,
          "y": -0.34160417318344116,
          "z": 1.3457952737808228
        },
        "tail": {
          "x": 0.39918750524520874,
          "y": -0.4483819007873535,
          "z": 1.387961983680725
        },
        "rotation_quaternion": {
          "w": 0.09108567982912064,
          "x": 0.7978526949882507,
          "y": -0.18988749384880066,
          "z": -0.5648692846298218
        },
        "matrix": [
          [
            0.28973084688186646,
            -0.20010332763195038,
            -0.9359564781188965,
            0.42263394594192505
          ],
          [
            -0.40590807795524597,
            -0.9112920165061951,
            0.06917884200811386,
            -0.34160417318344116
          ],
          [
            -0.8667788505554199,
            0.35987088084220886,
            -0.34525540471076965,
            1.3457952737808228
          ],
          [
            0.0,
            0.0,
            0.0,
            1.0
          ]
        ]
      },
      "bone_length_armature_space": 0.11717184304906053,
      "parent": "lowerarm_l",
      "has_children": true,
      "is_end_bone": false
    },
    "index_01_l": {
      "name": "index_01_l",
      "local": {
        "location": {
          "x": 0.0,
          "y": 0.0,
          "z": 0.0
        },
        "rotation_quaternion": {
          "w": 0.9889267683029175,
          "x": -0.14676542580127716,
          "y": 0.021979043260216713,
          "z": -0.0008314456790685654
        },
        "scale": {
          "x": 1.0,
          "y": 1.0,
          "z": 1.0
        },
        "matrix_basis": [
          [
            0.9990324378013611,
            -0.004807049408555031,
            0.04371538385748863,
            0.0
          ],
          [
            -0.008096004836261272,
            0.9569184184074402,
            0.2902439534664154,
            0.0
          ],
          [
            -0.04322727397084236,
            -0.2903170585632324,
            0.9559536576271057,
            0.0
          ],
          [
            0.0,
            0.0,
            0.0,
            1.0
          ]
        ],
        "rotation_mode": "QUATERNION"
      },
      "armature_space": {
        "head": {
          "x": 0.39918750524520874,
          "y": -0.5116258859634399,
          "z": 0.438107967376709
        },
        "tail": {
          "x": 0.4079282581806183,
          "y": -0.5382553339004517,
          "z": 0.4433559477329254
        }
      },
      "world_space": {
        "head": {
          "x": 0.39918750524520874,
          "y": -0.4483819007873535,
          "z": 1.387961983680725
        },
        "tail": {
          "x": 0.4079282581806183,
          "y": -0.47501134872436523,
          "z": 1.3932099342346191
        },
        "rotation_quaternion": {
          "w": 0.16440851986408234,
          "x": 0.817598283290863,
          "y": 0.07760234922170639,
          "z": -0.5463338494300842
        },
        "matrix": [
          [
            0.3909943401813507,
            0.30653873085975647,
            -0.8678463101387024,
            0.39918750524520874
          ],
          [
            -0.052748747169971466,
            -0.9338955879211426,
            -0.35363373160362244,
            -0.4483819007873535
          ],
          [
            -0.9188866019248962,
            0.18404722213745117,
            -0.348981112241745,
            1.387961983680725
          ],
          [
            0.0,
            0.0,
            0.0,
            1.0
          ]
        ]
      },
      "bone_length_armature_space": 0.02851437498078529,
      "parent": "metacarpal_index_l",
      "has_children": true,
      "is_end_bone": false
    },
    "index_02_l": {
      "name": "index_02_l",
      "local": {
        "location": {
          "x": 0.0,
          "y": 0.0,
          "z": 0.0
        },
        "rotation_quaternion": {
          "w": 0.9998066425323486,
          "x": 0.017203178256750107,
          "y": 0.0064606741070747375,
          "z": 0.007010838482528925
        },
        "scale": {
          "x": 1.0,
          "y": 1.0,
          "z": 1.0
        },
        "matrix_basis": [
          [
            0.9998182058334351,
            -0.013796677812933922,
            0.013160067610442638,
            0.0
          ],
          [
            0.014241253957152367,
            0.999309778213501,
            -0.03430911526083946,
            0.0
          ],
          [
            -0.0126776322722435,
            0.03449029475450516,
            0.99932461977005,
            0.0
          ],
          [
            0.0,
            0.0,
            0.0,
            1.0
          ]
        ],
        "rotation_mode": "QUATERNION"
      },
      "armature_space": {
        "head": {
          "x": 0.4079280197620392,
          "y": -0.5382558107376099,
          "z": 0.44335612654685974
        },
        "tail": {
          "x": 0.4159654974937439,
          "y": -0.5622214078903198,
          "z": 0.44773098826408386
        }
      },
      "world_space": {
        "head": {
          "x": 0.4079280197620392,
          "y": -0.47501182556152344,
          "z": 1.3932101726531982
        },
        "tail": {
          "x": 0.4159654974937439,
          "y": -0.4989774227142334,
          "z": 1.3975850343704224
        },
        "rotation_quaternion": {
          "w": 0.16287770867347717,
          "x": 0.8021658062934875,
          "y": 0.07978010922670364,
          "z": -0.5688902139663696
        },
        "matrix": [
          [
            0.33999815583229065,
            0.31331244111061096,
            -0.8866996765136719,
            0.4079280197620392
          ],
          [
            -0.057325296103954315,
            -0.9342120289802551,
            -0.35208192467689514,
            -0.47501182556152344
          ],
          [
            -0.9386836886405945,
            0.1705380529165268,
            -0.29967209696769714,
            1.3932101726531982
          ],
          [
            0.0,
            0.0,
            0.0,
            1.0
          ]
        ]
      },
      "bone_length_armature_space": 0.025653270622960005,
      "parent": "index_01_l",
      "has_children": true,
      "is_end_bone": false
    },
    "index_03_l": {
      "name": "index_03_l",
      "local": {
        "location": {
          "x": 0.0,
          "y": 0.0,
          "z": 0.0
        },
        "rotation_quaternion": {
          "w": 0.9993590116500854,
          "x": 0.03495253250002861,
          "y": -0.0004634066135622561,
          "z": -0.007728348486125469
        },
        "scale": {
          "x": 1.0,
          "y": 1.0,
          "z": 1.0
        },
        "matrix_basis": [
          [
            0.9998801350593567,
            0.015414395369589329,
            -0.0014664698392152786,
            0.0
          ],
          [
            -0.01547918375581503,
            0.9974371790885925,
            -0.06985309720039368,
            0.0
          ],
          [
            0.0003859684511553496,
            0.06986741721630096,
            0.997556209564209,
            0.0
          ],
          [
            0.0,
            0.0,
            0.0,
            1.0
          ]
        ],
        "rotation_mode": "QUATERNION"
      },
      "armature_space": {
        "head": {
          "x": 0.41596561670303345,
          "y": -0.562221348285675,
          "z": 0.44773104786872864
        },
        "tail": {
          "x": 0.4220055639743805,
          "y": -0.5908046960830688,
          "z": 0.44822457432746887
        }
      },
      "world_space": {
        "head": {
          "x": 0.41596561670303345,
          "y": -0.4989773631095886,
          "z": 1.3975850343704224
        },
        "tail": {
          "x": 0.4220055639743805,
          "y": -0.5275607109069824,
          "z": 1.3980785608291626
        },
        "rotation_quaternion": {
          "w": 0.06490988284349442,
          "x": 0.8261778950691223,
          "y": 0.08160268515348434,
          "z": -0.5536767840385437
        },
        "matrix": [
          [
            0.3735659420490265,
            0.2067151963710785,
            -0.9042770862579346,
            0.41596561670303345
          ],
          [
            0.06295842677354813,
            -0.9782552719116211,
            -0.197617769241333,
            -0.4989773631095886
          ],
          [
            -0.925470769405365,
            0.016890808939933777,
            -0.37846019864082336,
            1.3975850343704224
          ],
          [
            0.0,
            0.0,
            0.0,
            1.0
          ]
        ]
      },
      "bone_length_armature_space": 0.029218698207020208,
      "parent": "index_02_l",
      "has_children": false,
      "is_end_bone": true
    },
    "metacarpal_pinky_l": {
      "name": "metacarpal_pinky_l",
      "local": {
        "location": {
          "x": 0.0,
          "y": 0.0,
          "z": 0.0
        },
        "rotation_quaternion": {
          "w": 0.9999328851699829,
          "x": -0.0006875896360725164,
          "y": -0.001014517154544592,
          "z": 0.011520162224769592
        },
        "scale": {
          "x": 1.0,
          "y": 1.0,
          "z": 1.0
        },
        "matrix_basis": [
          [
            0.999732494354248,
            -0.02303738333284855,
            -0.002044740365818143,
            0.0
          ],
          [
            0.023040173575282097,
            0.9997336268424988,
            0.0013517121551558375,
            0.0
          ],
          [
            0.0020130558405071497,
            -0.0013984617544338107,
            0.9999970197677612,
            0.0
          ],
          [
            0.0,
            0.0,
            0.0,
            1.0
          ]
        ],
        "rotation_mode": "QUATERNION"
      },
      "armature_space": {
        "head": {
          "x": 0.42263394594192505,
          "y": -0.40484818816185,
          "z": 0.39594128727912903
        },
        "tail": {
          "x": 0.45870912075042725,
          "y": -0.502502977848053,
          "z": 0.3982510566711426
        }
      },
      "world_space": {
        "head": {
          "x": 0.42263394594192505,
          "y": -0.34160417318344116,
          "z": 1.3457952737808228
        },
        "tail": {
          "x": 0.45870912075042725,
          "y": -0.43925899267196655,
          "z": 1.3481050729751587
        },
        "rotation_quaternion": {
          "w": 0.1697583943605423,
          "x": -0.20529218018054962,
          "y": -0.04772154986858368,
          "z": -0.9626836776733398
        },
        "matrix": [
          [
            -0.8580743074417114,
            0.34644123911857605,
            0.3790605366230011,
            0.42263394594192505
          ],
          [
            -0.3072536587715149,
            -0.937809407711029,
            0.16158244013786316,
            -0.34160417318344116
          ],
          [
            0.41146790981292725,
            0.022181550040841103,
            0.9111620187759399,
            1.3457952737808228
          ],
          [
            0.0,
            0.0,
            0.0,
            1.0
          ]
        ]
      },
      "bone_length_armature_space": 0.10413074236405509,
      "parent": "lowerarm_l",
      "has_children": true,
      "is_end_bone": false
    },
    "pinky_01_l": {
      "name": "pinky_01_l",
      "local": {
        "location": {
          "x": 0.0,
          "y": 0.0,
          "z": 0.0
        },
        "rotation_quaternion": {
          "w": 0.9554734230041504,
          "x": 0.29496973752975464,
          "y": -0.004834956489503384,
          "z": 0.006324760615825653
        },
        "scale": {
          "x": 1.0,
          "y": 1.0,
          "z": 1.0
        },
        "matrix_basis": [
          [
            0.9998732209205627,
            -0.014938613399863243,
            -0.005508118774741888,
            0.0
          ],
          [
            0.009233949705958366,
            0.8259056806564331,
            -0.5637326240539551,
            0.0
          ],
          [
            0.012970570474863052,
            0.563610315322876,
            0.8259389400482178,
            0.0
          ],
          [
            0.0,
            0.0,
            0.0,
            1.0
          ]
        ],
        "rotation_mode": "QUATERNION"
      },
      "armature_space": {
        "head": {
          "x": 0.45870912075042725,
          "y": -0.502502977848053,
          "z": 0.3982510566711426
