{
  "metadata": {
    "armature_name": "KIM_caucasian_male",
    "export_time": "2026-01-13T21:00:13.639005",
    "blender_version": "4.4.1",
    "bone_count": 56,
    "end_bone_count": 13,
    "spaces_included": [
      "LOCAL_CHANNELS",
      "ARMATURE_SPACE",
      "WORLD_SPACE"
    ],
    "note": "LOCAL matches Transform panel; replay pose via local.matrix_basis for best fidelity."
  },
  "bones": {
    "Root": {
      "name": "Root",
      "local": {
        "location": {
          "x": 0.0,
          "y": 0.0,
          "z": 0.0
        },
        "rotation_quaternion": {
          "w": 0.9997856020927429,
          "x": 0.009777956642210484,
          "y": -0.017967645078897476,
          "z": -0.0032201220747083426
        },
        "scale": {
          "x": 1.0,
          "y": 1.0,
          "z": 1.0
        },
        "matrix_basis": [
          [
            0.9993335604667664,
            0.006087489891797304,
            -0.03599055856466293,
            0.0
          ],
          [
            -0.006790237035602331,
            0.9997880458831787,
            -0.019436003640294075,
            0.0
          ],
          [
            0.03586461395025253,
            0.01966743730008602,
            0.9991630911827087,
            0.0
          ],
          [
            0.0,
            0.0,
            0.0,
            1.0
          ]
        ],
        "rotation_mode": "QUATERNION"
      },
      "armature_space": {
        "head": {
          "x": 0.0,
          "y": 0.07072800397872925,
          "z": -0.009595036506652832
        },
        "tail": {
          "x": 0.0004344998742453754,
          "y": -0.00017371773719787598,
          "z": -0.0013930825516581535
        }
      },
      "world_space": {
        "head": {
          "x": 0.0,
          "y": 0.13397200405597687,
          "z": 0.9402589797973633
        },
        "tail": {
          "x": 0.0004344998742453754,
          "y": 0.06307028234004974,
          "z": 0.9484609365463257
        },
        "rotation_quaternion": {
          "w": 0.05759746953845024,
          "x": 0.9981729984283447,
          "y": 0.002002364257350564,
          "z": -0.01814376190304756
        },
        "matrix": [
          [
            0.9993335604667664,
            0.006087489891797304,
            -0.03599055856466293,
            0.0
          ],
          [
            0.0019073341973125935,
            -0.9933570027351379,
            -0.11505760252475739,
            0.13397200405597687
          ],
          [
            -0.03645213693380356,
            0.11491214483976364,
            -0.9927136301994324,
            0.9402589797973633
          ],
          [
            0.0,
            0.0,
            0.0,
            1.0
          ]
        ]
      },
      "bone_length_armature_space": 0.07137587255103,
      "parent": null,
      "has_children": true,
      "is_end_bone": false
    },
    "spine_01": {
      "name": "spine_01",
      "local": {
        "location": {
          "x": 0.0,
          "y": 0.0,
          "z": 0.0
        },
        "rotation_quaternion": {
          "w": 0.9930486679077148,
          "x": 0.1098599061369896,
          "y": 0.03884550929069519,
          "z": -0.016619136556982994
        },
        "scale": {
          "x": 1.0,
          "y": 1.0,
          "z": 1.0
        },
        "matrix_basis": [
          [
            0.9964296817779541,
            0.04154235124588013,
            0.0734994113445282,
            0.0
          ],
          [
            -0.02447209507226944,
            0.9753091931343079,
            -0.2194836288690567,
            0.0
          ],
          [
            -0.08080251514911652,
            0.21690130233764648,
            0.9728436470031738,
            0.0
          ],
          [
            0.0,
            0.0,
            0.0,
            1.0
          ]
        ],
        "rotation_mode": "QUATERNION"
      },
      "armature_space": {
        "head": {
          "x": 0.0004344998742453754,
          "y": -0.00017371773719787598,
          "z": -0.0013930825516581535
        },
        "tail": {
          "x": 0.0383186899125576,
          "y": -0.09298496693372726,
          "z": 0.47620418667793274
        }
      },
      "world_space": {
        "head": {
          "x": 0.0004344998742453754,
          "y": 0.06307028234004974,
          "z": 0.9484609365463257
        },
        "tail": {
          "x": 0.0383186899125576,
          "y": -0.029740966856479645,
          "z": 1.4260581731796265
        },
        "rotation_quaternion": {
          "w": 0.6342160701751709,
          "x": 0.7714211940765381,
          "y": 0.05173487216234207,
          "z": 0.001724558649584651
        },
        "matrix": [
          [
            0.9946410655975342,
            0.07763133943080902,
            0.0682833269238472,
            0.0004344998742453754
          ],
          [
            0.08200663328170776,
            -0.1901865005493164,
            -0.9783169627189636,
            0.06307028234004974
          ],
          [
            -0.06296185404062271,
            0.9786804914474487,
            -0.19553585350513458,
            0.9484609365463257
          ],
          [
            0.0,
            0.0,
            0.0,
            1.0
          ]
        ]
      },
      "bone_length_armature_space": 0.488004398060717,
      "parent": "Root",
      "has_children": true,
      "is_end_bone": false
    },
    "neck_01": {
      "name": "neck_01",
      "local": {
        "location": {
          "x": 0.0,
          "y": 0.0,
          "z": 0.0
        },
        "rotation_quaternion": {
          "w": 0.993669867515564,
          "x": -0.0034391756635159254,
          "y": 0.1107364222407341,
          "z": -0.018603071570396423
        },
        "scale": {
          "x": 1.0,
          "y": 1.0,
          "z": 1.0
        },
        "matrix_basis": [
          [
            0.9747827649116516,
            0.03620893880724907,
            0.220198854804039,
            0.0
          ],
          [
            -0.037732306867837906,
            0.9992842078208923,
            0.00271473522298038,
            0.0
          ],
          [
            -0.21994292736053467,
            -0.010954885743558407,
            0.9754512310028076,
            0.0
          ],
          [
            0.0,
            0.0,
            0.0,
            1.0
          ]
        ],
        "rotation_mode": "QUATERNION"
      },
      "armature_space": {
        "head": {
          "x": 0.04637083038687706,
          "y": -0.1408385932445526,
          "z": 0.5410804152488708
        },
        "tail": {
          "x": 0.06004196032881737,
          "y": -0.19570377469062805,
          "z": 0.6266001462936401
        }
      },
      "world_space": {
        "head": {
          "x": 0.04637083038687706,
          "y": -0.07759459316730499,
          "z": 1.4909343719482422
        },
        "tail": {
          "x": 0.06004196032881737,
          "y": -0.13245977461338043,
          "z": 1.5764541625976562
        },
        "rotation_quaternion": {
          "w": 0.46715211868286133,
          "x": 0.8724791407585144,
          "y": 0.11911898851394653,
          "z": 0.07974784821271896
        },
        "matrix": [
          [
            0.9589018225669861,
            0.13334912061691284,
            0.25045040249824524,
            0.04637083038687706
          ],
          [
            0.2823668122291565,
            -0.5351585745811462,
            -0.7961623072624207,
            -0.07759459316730499
          ],
          [
            0.027863577008247375,
            0.8341655135154724,
            -0.5508224964141846,
            1.4909343719482422
          ],
          [
            0.0,
            0.0,
            0.0,
            1.0
          ]
        ]
      },
      "bone_length_armature_space": 0.10252176604394213,
      "parent": "spine_01",
      "has_children": true,
      "is_end_bone": false
    },
    "head": {
      "name": "head",
      "local": {
        "location": {
          "x": 0.0,
          "y": 0.0,
          "z": 0.0
        },
        "rotation_quaternion": {
          "w": 0.9953203201293945,
          "x": -0.029600346460938454,
          "y": -0.06268928200006485,
          "z": -0.0673164501786232
        },
        "scale": {
          "x": 1.0,
          "y": 1.0,
          "z": 1.0
        },
        "matrix_basis": [
          [
            0.9830771088600159,
            0.13771411776542664,
            -0.12080664932727814,
            0.0
          ],
          [
            -0.13029161095619202,
            0.9891846179962158,
            0.0673636943101883,
            0.0
          ],
          [
            0.12877701222896576,
            -0.05048361420631409,
            0.9903877377510071,
            0.0
          ],
          [
            0.0,
            0.0,
            0.0,
            1.0
          ]
        ],
        "rotation_mode": "QUATERNION"
      },
      "armature_space": {
        "head": {
          "x": 0.06004198640584946,
          "y": -0.19570384919643402,
          "z": 0.6266000270843506
        },
        "tail": {
          "x": 0.08344928920269012,
          "y": -0.21482376754283905,
          "z": 0.7787178158760071
        }
      },
      "world_space": {
        "head": {
          "x": 0.06004198640584946,
          "y": -0.1324598491191864,
          "z": 1.5764540433883667
        },
        "tail": {
          "x": 0.08344928920269012,
          "y": -0.15157976746559143,
          "z": 1.728571891784668
        },
        "rotation_quaternion": {
          "w": 0.6527254581451416,
          "x": 0.7493354082107544,
          "y": 0.11094126850366592,
          "z": 0.011748905293643475
        },
        "matrix": [
          [
            0.9751079082489014,
            0.15092699229717255,
            0.16243702173233032,
            0.06004198640584946
          ],
          [
            0.1816028654575348,
            -0.1232825294137001,
            -0.9756136536598206,
            -0.1324598491191864
          ],
          [
            -0.1272214949131012,
            0.9808341860771179,
            -0.14762449264526367,
            1.5764540433883667
          ],
          [
            0.0,
            0.0,
            0.0,
            1.0
          ]
        ]
      },
      "bone_length_armature_space": 0.15509124563804538,
      "parent": "neck_01",
      "has_children": false,
      "is_end_bone": true
    },
    "upperarm_l": {
      "name": "upperarm_l",
      "local": {
        "location": {
          "x": 0.0,
          "y": 0.0,
          "z": 0.0
        },
        "rotation_quaternion": {
          "w": 0.8902149200439453,
          "x": 0.3742406368255615,
          "y": 0.10364013910293579,
          "z": 0.2381601184606552
        },
        "scale": {
          "x": 1.0,
          "y": 1.0,
          "z": 1.0
        },
        "matrix_basis": [
          [
            0.8650769591331482,
            -0.3464546799659729,
            0.36278238892555237,
            0.0
          ],
          [
            0.5016000866889954,
            0.6064473986625671,
            -0.6169432997703552,
            0.0
          ],
          [
            -0.006265607662498951,
            0.7156751155853271,
            0.6984053254127502,
            0.0
          ],
          [
            0.0,
            0.0,
            0.0,
            1.0
          ]
        ],
        "rotation_mode": "QUATERNION"
      },
      "armature_space": {
        "head": {
          "x": 0.19056732952594757,
          "y": -0.11887556314468384,
          "z": 0.46523764729499817
        },
        "tail": {
          "x": 0.3808750510215759,
          "y": -0.3042178750038147,
          "z": 0.5004346966743469
        }
      },
      "world_space": {
        "head": {
          "x": 0.19056732952594757,
          "y": -0.05563156306743622,
          "z": 1.415091633796692
        },
        "tail": {
          "x": 0.3808750510215759,
          "y": -0.24097387492656708,
          "z": 1.4502887725830078
        },
        "rotation_quaternion": {
          "w": 0.2526431977748871,
          "x": 0.7999020218849182,
          "y": 0.30057230591773987,
          "z": -0.4538552165031433
        },
        "matrix": [
          [
            0.4073432385921478,
            0.7101845145225525,
            -0.5742035508155823,
            0.19056732952594757
          ],
          [
            0.251530259847641,
            -0.6916547417640686,
            -0.6770130395889282,
            -0.05563156306743622
          ],
          [
            -0.8779605031013489,
            0.13134731352329254,
            -0.46037745475769043,
            1.415091633796692
          ],
          [
            0.0,
            0.0,
            0.0,
            1.0
          ]
        ]
      },
      "bone_length_armature_space": 0.2679694683132053,
      "parent": "spine_01",
      "has_children": true,
      "is_end_bone": false
    },
    "lowerarm_l": {
      "name": "lowerarm_l",
      "local": {
        "location": {
          "x": 0.0,
          "y": 0.0,
          "z": 0.0
        },
        "rotation_quaternion": {
          "w": 0.8898196220397949,
          "x": 0.35489916801452637,
          "y": -0.2061951458454132,
          "z": 0.1993773728609085
        },
        "scale": {
          "x": 1.0,
          "y": 1.0,
          "z": 1.0
        },
        "matrix_basis": [
          [
            0.8354644775390625,
            -0.5011767745018005,
            -0.22543524205684662,
            0.0
          ],
          [
            0.20846281945705414,
            0.6685904860496521,
            -0.7138137817382812,
            0.0
          ],
          [
            0.5084707140922546,
            0.5493711829185486,
            0.6630603075027466,
            0.0
          ],
          [
            0.0,
            0.0,
            0.0,
            1.0
          ]
        ],
        "rotation_mode": "QUATERNION"
      },
      "armature_space": {
        "head": {
          "x": 0.3808750510215759,
          "y": -0.30421802401542664,
          "z": 0.5004348158836365
        },
        "tail": {
          "x": 0.3375706672668457,
          "y": -0.549407422542572,
          "z": 0.5982937216758728
        }
      },
      "world_space": {
        "head": {
          "x": 0.3808750510215759,
          "y": -0.24097402393817902,
          "z": 1.4502887725830078
        },
        "tail": {
          "x": 0.3375706672668457,
          "y": -0.4861634373664856,
          "z": 1.5481476783752441
        },
        "rotation_quaternion": {
          "w": 0.08292284607887268,
          "x": 0.7253527641296387,
          "y": -0.18672893941402435,
          "z": -0.6573579907417297
        },
        "matrix": [
          [
            0.06602588295936584,
            -0.1618707776069641,
            -0.9846007823944092,
            0.3808750510215759
          ],
          [
            -0.3799092769622803,
            -0.9165119528770447,
            0.1252005398273468,
            -0.24097402393817902
          ],
          [
            -0.9226713180541992,
            0.3657941222190857,
            -0.12201033532619476,
            1.4502887725830078
          ],
          [
            0.0,
            0.0,
            0.0,
            1.0
          ]
        ]
      },
      "bone_length_armature_space": 0.2675247199998064,
      "parent": "upperarm_l",
      "has_children": true,
      "is_end_bone": false
    },
    "metacarpal_thumb_l": {
      "name": "metacarpal_thumb_l",
      "local": {
        "location": {
          "x": 0.0,
          "y": 0.0,
          "z": 0.0
        },
        "rotation_quaternion": {
          "w": 0.9993359446525574,
          "x": -0.03625055029988289,
          "y": 0.003201348939910531,
          "z": 0.001875951886177063
        },
        "scale": {
          "x": 1.0,
          "y": 1.0,
          "z": 1.0
        },
        "matrix_basis": [
          [
            0.9999724626541138,
            -0.003981513436883688,
            0.00626243744045496,
            0.0
          ],
          [
            0.003517311066389084,
            0.9973647594451904,
            0.0724649652838707,
            0.0
          ],
          [
            -0.006534454878419638,
            -0.07244094461202621,
            0.9973512887954712,
            0.0
          ],
          [
            0.0,
            0.0,
            0.0,
            1.0
          ]
        ],
        "rotation_mode": "QUATERNION"
      },
      "armature_space": {
        "head": {
          "x": 0.3375706672668457,
          "y": -0.549407422542572,
          "z": 0.5982937216758728
        },
        "tail": {
          "x": 0.3025982081890106,
          "y": -0.5840028524398804,
          "z": 0.6040960550308228
        }
      },
      "world_space": {
        "head": {
          "x": 0.3375706672668457,
          "y": -0.4861634373664856,
          "z": 1.5481476783752441
        },
        "tail": {
          "x": 0.3025982081890106,
          "y": -0.520758867263794,
          "z": 1.5539500713348389
        },
        "rotation_quaternion": {
          "w": 0.10353606939315796,
          "x": 0.9164050817489624,
          "y": -0.37425753474235535,
          "z": 0.09702341258525848
        },
        "matrix": [
          [
            0.7010355591773987,
            -0.7060339450836182,
            0.10032662749290466,
            0.3375706672668457
          ],
          [
            -0.6658521294593811,
            -0.6984229683876038,
            -0.26238614320755005,
            -0.4861634373664856
          ],
          [
            0.255325049161911,
            0.11713947355747223,
            -0.959740400314331,
            1.5481476783752441
          ],
          [
            0.0,
            0.0,
            0.0,
            1.0
          ]
        ]
      },
      "bone_length_armature_space": 0.04953366280670578,
      "parent": "lowerarm_l",
      "has_children": true,
      "is_end_bone": false
    },
    "thumb_01_l": {
      "name": "thumb_01_l",
      "local": {
        "location": {
          "x": 0.0,
          "y": 0.0,
          "z": 0.0
        },
        "rotation_quaternion": {
          "w": 0.9962642192840576,
          "x": -0.08389673382043839,
          "y": -0.01699664629995823,
          "z": 0.01140463538467884
        },
        "scale": {
          "x": 1.0,
          "y": 1.0,
          "z": 1.0
        },
        "matrix_basis": [
          [
            0.9991620779037476,
            -0.019872134551405907,
            -0.0357799232006073,
            0.0
          ],
          [
            0.02557598613202572,
            0.9856625199317932,
            0.16677895188331604,
            0.0
          ],
          [
            0.03195267915725708,
            -0.16755430400371552,
            0.9853448867797852,
            0.0
          ],
          [
            0.0,
            0.0,
            0.0,
            1.0
          ]
        ],
        "rotation_mode": "QUATERNION"
      },
      "armature_space": {
        "head": {
          "x": 0.3025982081890106,
          "y": -0.5840028524398804,
          "z": 0.6040960550308228
        },
        "tail": {
          "x": 0.28333038091659546,
          "y": -0.5988266468048096,
          "z": 0.5802708864212036
        }
      },
      "world_space": {
        "head": {
          "x": 0.3025982081890106,
          "y": -0.520758867263794,
          "z": 1.5539500713348389
        },
        "tail": {
          "x": 0.28333038091659546,
          "y": -0.5355826616287231,
          "z": 1.5301249027252197
        },
        "rotation_quaternion": {
          "w": 0.06401314586400986,
          "x": 0.4494856595993042,
          "y": -0.5274025201797485,
          "z": 0.7181305885314941
        },
        "matrix": [
          [
            -0.5877314209938049,
            -0.5660580992698669,
            0.5780572295188904,
            0.3025982081890106
          ],
          [
            -0.3821777403354645,
            -0.43550005555152893,
            -0.8150339126586914,
            -0.520758867263794
          ],
          [
            0.7131049633026123,
            -0.6999468803405762,
            0.039621785283088684,
            1.5539500713348389
          ],
          [
            0.0,
            0.0,
            0.0,
            1.0
          ]
        ]
      },
      "bone_length_armature_space": 0.03403869418536658,
      "parent": "metacarpal_thumb_l",
      "has_children": true,
      "is_end_bone": false
    },
    "thumb_02_l": {
      "name": "thumb_02_l",
      "local": {
        "location": {
          "x": 0.0,
          "y": 0.0,
          "z": 0.0
        },
        "rotation_quaternion": {
          "w": 0.9946469068527222,
          "x": 0.10255732387304306,
          "y": 0.009891759604215622,
          "z": 0.007854854688048363
        },
        "scale": {
          "x": 1.0,
          "y": 1.0,
          "z": 1.0
        },
        "matrix_basis": [
          [
            0.9996809363365173,
            -0.013596668839454651,
            0.021288761869072914,
            0.0
          ],
          [
            0.017654558643698692,
            0.9788405895233154,
            -0.20386125147342682,
            0.0
          ],
          [
            -0.018066469579935074,
            0.2041720449924469,
            0.9787682890892029,
            0.0
          ],
          [
            0.0,
            0.0,
            0.0,
            1.0
          ]
        ],
        "rotation_mode": "QUATERNION"
      },
      "armature_space": {
        "head": {
          "x": 0.28333038091659546,
          "y": -0.5988265872001648,
          "z": 0.5802708268165588
        },
        "tail": {
          "x": 0.27666226029396057,
          "y": -0.6367130279541016,
          "z": 0.5918179154396057
        }
      },
      "world_space": {
        "head": {
          "x": 0.28333038091659546,
          "y": -0.5355826020240784,
          "z": 1.5301249027252197
        },
        "tail": {
          "x": 0.27666226029396057,
          "y": -0.5734690427780151,
          "z": 1.5416719913482666
        },
        "rotation_quaternion": {
          "w": 0.12557785212993622,
          "x": 0.30812695622444153,
          "y": 0.11219757795333862,
          "z": 0.9363224506378174
        },
        "matrix": [
          [
            -0.7785760164260864,
            -0.1660209447145462,
            0.6051913499832153,
            0.28333038091659546
          ],
          [
            0.3043052554130554,
            -0.9432839155197144,
            0.1327180713415146,
            -0.5355826020240784
          ],
          [
            0.5488373637199402,
            0.28749507665634155,
            0.7849447131156921,
            1.5301249027252197
          ],
          [
            0.0,
            0.0,
            0.0,
            1.0
          ]
        ]
      },
      "bone_length_armature_space": 0.040164430725283036,
      "parent": "thumb_01_l",
      "has_children": true,
      "is_end_bone": false
    },
    "thumb_03_l": {
      "name": "thumb_03_l",
      "local": {
        "location": {
          "x": 0.0,
          "y": 0.0,
          "z": 0.0
        },
        "rotation_quaternion": {
          "w": 0.9963595867156982,
          "x": 0.08514868468046188,
          "y": 0.0025813295505940914,
          "z": 0.003272024681791663
        },
        "scale": {
          "x": 1.0,
          "y": 1.0,
          "z": 1.0
        },
        "matrix_basis": [
          [
            0.999965250492096,
            -0.00608063256368041,
            0.005701082292944193,
            0.0
          ],
          [
            0.006959820166230202,
            0.9854779839515686,
            -0.1696605235338211,
            0.0
          ],
          [
            -0.004586647730320692,
            0.16969430446624756,
            0.9854860901832581,
            0.0
          ],
          [
            0.0,
            0.0,
            0.0,
            1.0
          ]
        ],
        "rotation_mode": "QUATERNION"
      },
      "armature_space": {
        "head": {
          "x": 0.2766621708869934,
          "y": -0.6367129683494568,
          "z": 0.5918178558349609
        },
        "tail": {
          "x": 0.2822217047214508,
          "y": -0.6618055105209351,
          "z": 0.6081380844116211
        }
      },
      "world_space": {
        "head": {
          "x": 0.2766621708869934,
          "y": -0.5734689831733704,
          "z": 1.541671872138977
        },
        "tail": {
          "x": 0.2822217047214508,
          "y": -0.5985615253448486,
          "z": 1.5579921007156372
        },
        "rotation_quaternion": {
          "w": 0.051520656794309616,
          "x": -0.14618037641048431,
          "y": -0.291971892118454,
          "z": -0.9437846541404724
        },
        "matrix": [
          [
            -0.9519540071487427,
            0.18261003494262695,
            0.24583996832370758,
            0.2766621708869934
          ],
          [
            -0.011887883767485619,
            -0.8241959810256958,
            0.5661802291870117,
            -0.5734689831733704
          ],
          [
            0.3060126304626465,
            0.5360578298568726,
            0.7867734432220459,
            1.541671872138977
          ],
          [
            0.0,
            0.0,
            0.0,
            1.0
          ]
        ]
      },
      "bone_length_armature_space": 0.030444932840857895,
      "parent": "thumb_02_l",
      "has_children": false,
      "is_end_bone": true
    },
    "metacarpal_index_l": {
      "name": "metacarpal_index_l",
      "local": {
        "location": {
          "x": 0.0,
          "y": 0.0,
          "z": 0.0
        },
        "rotation_quaternion": {
          "w": 0.9981735944747925,
          "x": -0.05778669938445091,
          "y": 0.013079707510769367,
          "z": 0.011799950152635574
        },
        "scale": {
          "x": 1.0,
          "y": 1.0,
          "z": 1.0
        },
        "matrix_basis": [
          [
            0.9993793368339539,
            -0.025068463757634163,
            0.024747876450419426,
            0.0
          ],
          [
            0.022045131772756577,
            0.9930429458618164,
            0.11567099392414093,
            0.0
          ],
          [
            -0.027475398033857346,
            -0.11505363136529922,
            0.9929792284965515,
            0.0
          ],
          [
            0.0,
            0.0,
            0.0,
            1.0
          ]
        ],
        "rotation_mode": "QUATERNION"
      },
      "armature_space": {
        "head": {
          "x": 0.3375706672668457,
          "y": -0.549407422542572,
          "z": 0.5982937216758728
        },
        "tail": {
          "x": 0.2888473868370056,
          "y": -0.6465350985527039,
          "z": 0.6421285271644592
        }
      },
      "world_space": {
        "head": {
          "x": 0.3375706672668457,
          "y": -0.4861634373664856,
          "z": 1.5481476783752441
        },
        "tail": {
          "x": 0.2888473868370056,
          "y": -0.5832911133766174,
          "z": 1.5919826030731201
        },
        "rotation_quaternion": {
          "w": 0.14107975363731384,
          "x": 0.9312589764595032,
          "y": -0.2561821937561035,
          "z": -0.2173110991716385
        },
        "matrix": [
          [
            0.7742931246757507,
            -0.41582801938056946,
            -0.477029949426651,
            0.3375706672668457
          ],
          [
            -0.5384605526924133,
            -0.8289345502853394,
            -0.15142066776752472,
            -0.4861634373664856
          ],
          [
            -0.33246442675590515,
            0.3741075396537781,
            -0.8657512068748474,
            1.5481476783752441
          ],
          [
            0.0,
            0.0,
            0.0,
            1.0
          ]
        ]
      },
      "bone_length_armature_space": 0.11717181249759424,
      "parent": "lowerarm_l",
      "has_children": true,
      "is_end_bone": false
    },
    "index_01_l": {
      "name": "index_01_l",
      "local": {
        "location": {
          "x": 0.0,
          "y": 0.0,
          "z": 0.0
        },
        "rotation_quaternion": {
          "w": 0.9930781126022339,
          "x": -0.11711243540048599,
          "y": 0.008898069150745869,
          "z": 0.00118962861597538
        },
        "scale": {
          "x": 1.0,
          "y": 1.0,
          "z": 1.0
        },
        "matrix_basis": [
          [
            0.9998388290405273,
            -0.0044469372369349,
            0.01739431545138359,
            0.0
          ],
          [
            0.0002786391705740243,
            0.972566545009613,
            0.23262476921081543,
            0.0
          ],
          [
            -0.017951596528291702,
            -0.23258242011070251,
            0.9724109768867493,
            0.0
          ],
          [
            0.0,
            0.0,
            0.0,
            1.0
          ]
        ],
        "rotation_mode": "QUATERNION"
      },
      "armature_space": {
        "head": {
          "x": 0.2888473868370056,
          "y": -0.6465350985527039,
          "z": 0.6421285271644592
        },
        "tail": {
          "x": 0.2903464436531067,
          "y": -0.6705909967422485,
          "z": 0.6573646068572998
        }
      },
      "world_space": {
        "head": {
          "x": 0.2888473868370056,
          "y": -0.5832911133766174,
          "z": 1.5919826030731201
        },
        "tail": {
          "x": 0.2903464436531067,
          "y": -0.6073470115661621,
          "z": 1.607218623161316
        },
        "rotation_quaternion": {
          "w": 0.2764100432395935,
          "x": 0.930407702922821,
          "y": -0.04215236008167267,
          "z": -0.2369854599237442
        },
        "matrix": [
          [
            0.8841224312782288,
            0.052572377026081085,
            -0.4642886817455292,
            0.2888473868370056
          ],
          [
            -0.20944812893867493,
            -0.8436415791511536,
            -0.4943692684173584,
            -0.5832911133766174
          ],
          [
            -0.41768646240234375,
            0.5343301296234131,
            -0.7348765134811401,
            1.5919826030731201
          ],
          [
            0.0,
            0.0,
            0.0,
            1.0
          ]
        ]
      },
      "bone_length_armature_space": 0.02851440925302413,
      "parent": "metacarpal_index_l",
      "has_children": true,
      "is_end_bone": false
    },
    "index_02_l": {
      "name": "index_02_l",
      "local": {
        "location": {
          "x": 0.0,
          "y": 0.0,
          "z": 0.0
        },
        "rotation_quaternion": {
          "w": 0.9994131326675415,
          "x": 0.03425336256623268,
          "y": -0.00035900951479561627,
          "z": 7.887280662544072e-05
        },
        "scale": {
          "x": 1.0,
          "y": 1.0,
          "z": 1.0
        },
        "matrix_basis": [
          [
            0.9999997019767761,
            -0.00018224760424345732,
            -0.0007121943053789437,
            0.0
          ],
          [
            0.00013305847824085504,
            0.9976534247398376,
            -0.06846657395362854,
            0.0
          ],
          [
            0.0007230009650811553,
            0.06846646219491959,
            0.9976531863212585,
            0.0
          ],
          [
            0.0,
            0.0,
            0.0,
            1.0
          ]
        ],
        "rotation_mode": "QUATERNION"
      },
      "armature_space": {
        "head": {
          "x": 0.2903461158275604,
          "y": -0.6705914735794067,
          "z": 0.6573646664619446
        },
        "tail": {
          "x": 0.2918899655342102,
          "y": -0.6927840709686279,
          "z": 0.6701395511627197
        }
      },
      "world_space": {
        "head": {
          "x": 0.2903461158275604,
          "y": -0.6073474884033203,
          "z": 1.6072187423706055
        },
        "tail": {
          "x": 0.2918899655342102,
          "y": -0.6295400857925415,
          "z": 1.6199935674667358
        },
        "rotation_quaternion": {
          "w": 0.25621458888053894,
          "x": 0.926837146282196,
          "y": -0.04249028116464615,
          "z": -0.27114853262901306
        },
        "matrix": [
          [
            0.8493462800979614,
            0.06018102914094925,
            -0.5243942737579346,
            0.2903461158275604
          ],
          [
            -0.21770764887332916,
            -0.8650976419448853,
            -0.45189613103866577,
            -0.6073474884033203
          ],
          [
            -0.4808512330055237,
            0.497983455657959,
            -0.7216708064079285,
            1.6072187423706055
          ],
          [
            0.0,
            0.0,
            0.0,
            1.0
          ]
        ]
      },
      "bone_length_armature_space": 0.025653314106472213,
      "parent": "index_01_l",
      "has_children": true,
      "is_end_bone": false
    },
    "index_03_l": {
      "name": "index_03_l",
      "local": {
        "location": {
          "x": 0.0,
          "y": 0.0,
          "z": 0.0
        },
        "rotation_quaternion": {
          "w": 0.9993479251861572,
          "x": 0.0358315072953701,
          "y": 0.004464501515030861,
          "z": -0.00034968790714628994
        },
        "scale": {
          "x": 1.0,
          "y": 1.0,
          "z": 1.0
        },
        "matrix_basis": [
          [
            0.9999598860740662,
            0.0010188594460487366,
            0.008898121304810047,
            0.0
          ],
          [
            -0.0003789801266975701,
            0.9974319338798523,
            -0.07161940634250641,
            0.0
          ],
          [
            -0.008948240429162979,
            0.07161316275596619,
            0.9973923563957214,
            0.0
          ],
          [
            0.0,
            0.0,
            0.0,
            1.0
          ]
        ],
        "rotation_mode": "QUATERNION"
      },
      "armature_space": {
        "head": {
          "x": 0.2918899953365326,
          "y": -0.6927839517593384,
          "z": 0.6701396703720093
        },
        "tail": {
          "x": 0.29357367753982544,
          "y": -0.7203314304351807,
          "z": 0.679733157157898
        }
      },
      "world_space": {
        "head": {
          "x": 0.2918899953365326,
          "y": -0.629539966583252,
          "z": 1.6199936866760254
        },
        "tail": {
          "x": 0.29357367753982544,
          "y": -0.6570874452590942,
          "z": 1.629587173461914
        },
        "rotation_quaternion": {
          "w": 0.16864189505577087,
          "x": 0.9553765654563904,
          "y": -0.01259400974959135,
          "z": -0.2421920746564865
        },
        "matrix": [
          [
            0.8823689818382263,
            0.057623330503702164,
            -0.46701690554618835,
            0.2918899953365326
          ],
          [
            -0.10575153678655624,
            -0.9428027868270874,
            -0.31613290309906006,
            -0.629539966583252
          ],
          [
            -0.4585246741771698,
            0.3283349871635437,
            -0.8258119821548462,
            1.6199936866760254
          ],
          [
            0.0,
            0.0,
            0.0,
            1.0
          ]
        ]
      },
      "bone_length_armature_space": 0.029218715852216092,
      "parent": "index_02_l",
      "has_children": false,
      "is_end_bone": true
    },
    "metacarpal_pinky_l": {
      "name": "metacarpal_pinky_l",
      "local": {
        "location": {
          "x": 0.0,
          "y": 0.0,
          "z": 0.0
        },
        "rotation_quaternion": {
          "w": 0.9981992244720459,
          "x": -0.05730913579463959,
          "y": -0.01764056272804737,
          "z": 0.0016854496207088232
        },
        "scale": {
          "x": 1.0,
          "y": 1.0,
          "z": 1.0
        },
        "matrix_basis": [
          [
            0.9993719458580017,
            -0.0013428982347249985,
            -0.03541077673435211,
            0.0
          ],
          [
            0.005386759992688894,
            0.9934256672859192,
            0.11435240507125854,
            0.0
          ],
          [
            0.035024408251047134,
            -0.11447133123874664,
            0.9928089380264282,
            0.0
          ],
          [
            0.0,
            0.0,
            0.0,
            1.0
          ]
        ],
        "rotation_mode": "QUATERNION"
      },
      "armature_space": {
        "head": {
          "x": 0.3375706672668457,
          "y": -0.549407422542572,
          "z": 0.5982937216758728
        },
        "tail": {
          "x": 0.35662317276000977,
          "y": -0.6476428508758545,
          "z": 0.6271039843559265
        }
      },
      "world_space": {
        "head": {
          "x": 0.3375706672668457,
          "y": -0.4861634373664856,
          "z": 1.5481476783752441
        },
        "tail": {
          "x": 0.35662317276000977,
          "y": -0.5843988656997681,
          "z": 1.5769579410552979
        },
        "rotation_quaternion": {
          "w": 0.11008208990097046,
          "x": 0.1267571896314621,
          "y": -0.12723778188228607,
          "z": -0.977560818195343
        },
        "matrix": [
          [
            -0.9436293244361877,
            0.18296726047992706,
            -0.2758391201496124,
            0.3375706672668457
          ],
          [
            -0.24748069047927856,
            -0.9433850049972534,
            0.22085818648338318,
            -0.4861634373664856
          ],
          [
            -0.21981428563594818,
            0.2766740322113037,
            0.9354931116104126,
            1.5481476783752441
          ],
          [
            0.0,
            0.0,
            0.0,
            1.0
          ]
        ]
      },
      "bone_length_armature_space": 0.1041308257381421,
      "parent": "lowerarm_l",
      "has_children": true,
      "is_end_bone": false
    },
    "pinky_01_l": {
      "name": "pinky_01_l",
      "local": {
        "location": {
          "x": 0.0,
          "y": 0.0,
          "z": 0.0
        },
        "rotation_quaternion": {
          "w": 0.9913027286529541,
          "x": -0.12895387411117554,
          "y": -0.021804330870509148,
          "z": 0.014644421637058258
        },
        "scale": {
          "x": 1.0,
          "y": 1.0,
          "z": 1.0
        },
        "matrix_basis": [
          [
            0.9986202120780945,
            -0.023410605266690254,
            -0.04700629413127899,
            0.0
          ],
          [
            0.034657616168260574,
            0.9663128852844238,
            0.25502604246139526,
            0.0
          ],
          [
            0.03945247456431389,
            -0.2563032805919647,
            0.9657909274101257,
            0.0
          ],
          [
            0.0,
            0.0,
            0.0,
            1.0
          ]
        ],
        "rotation_mode": "QUATERNION"
      },
      "armature_space": {
        "head": {
          "x": 0.35662317276000977,
          "y": -0.6476428508758545,
          "z": 0.6271039843559265
        },
        "tail": {
          "x": 0.35598307847976685,
