{
  "metadata": {
    "armature_name": "KIM_caucasian_male",
    "export_time": "2026-01-13T21:12:22.045441",
    "blender_version": "4.4.1",
    "bone_count": 56,
    "end_bone_count": 13,
    "spaces_included": [
      "LOCAL_CHANNELS",
      "ARMATURE_SPACE",
      "WORLD_SPACE"
    ],
    "note": "LOCAL matches Transform panel; replay pose via local.matrix_basis for best fidelity."
  },
  "bones": {
    "Root": {
      "name": "Root",
      "local": {
        "location": {
          "x": 0.0,
          "y": 0.0,
          "z": 0.0
        },
        "rotation_quaternion": {
          "w": 0.9997860193252563,
          "x": -0.0007894879090599716,
          "y": -0.004220135975629091,
          "z": 0.020240560173988342
        },
        "scale": {
          "x": 1.0,
          "y": 1.0,
          "z": 1.0
        },
        "matrix_basis": [
          [
            0.9991450309753418,
            -0.04046579450368881,
            -0.008470425382256508,
            0.0
          ],
          [
            0.04047911986708641,
            0.9991793632507324,
            0.0014078021049499512,
            0.0
          ],
          [
            0.008406506851315498,
            -0.0017494737403467298,
            0.999963104724884,
            0.0
          ],
          [
            0.0,
            0.0,
            0.0,
            1.0
          ]
        ],
        "rotation_mode": "QUATERNION"
      },
      "armature_space": {
        "head": {
          "x": 0.0,
          "y": 0.07072800397872925,
          "z": -0.009595036506652832
        },
        "tail": {
          "x": -0.002888281363993883,
          "y": 7.483363151550293e-05,
          "z": 0.00011586304754018784
        }
      },
      "world_space": {
        "head": {
          "x": 0.0,
          "y": 0.13397200405597687,
          "z": 0.9402589797973633
        },
        "tail": {
          "x": -0.002888281363993883,
          "y": 0.06331883370876312,
          "z": 0.9499698877334595
        },
        "rotation_quaternion": {
          "w": 0.06814093142747879,
          "x": 0.9974614381790161,
          "y": -0.020478881895542145,
          "z": -0.002846985124051571
        },
        "matrix": [
          [
            0.9991450309753418,
            -0.04046579450368881,
            -0.008470425382256508,
            0.0
          ],
          [
            -0.041241783648729324,
            -0.9898747801780701,
            -0.13581974804401398,
            0.13397200405597687
          ],
          [
            -0.002888665534555912,
            0.13605298101902008,
            -0.9907044172286987,
            0.9402589797973633
          ],
          [
            0.0,
            0.0,
            0.0,
            1.0
          ]
        ]
      },
      "bone_length_armature_space": 0.07137586505246887,
      "parent": null,
      "has_children": true,
      "is_end_bone": false
    },
    "spine_01": {
      "name": "spine_01",
      "local": {
        "location": {
          "x": 0.0,
          "y": 0.0,
          "z": 0.0
        },
        "rotation_quaternion": {
          "w": 0.9946627616882324,
          "x": 0.09225621819496155,
          "y": -0.04583881422877312,
          "z": -0.005801048129796982
        },
        "scale": {
          "x": 1.0,
          "y": 1.0,
          "z": 1.0
        },
        "matrix_basis": [
          [
            0.9957302808761597,
            0.0030823417473584414,
            -0.09225869178771973,
            0.0
          ],
          [
            -0.019998004660010338,
            0.9829102754592896,
            -0.18299582600593567,
            0.0
          ],
          [
            0.09011796116828918,
            0.18405947089195251,
            0.9787752032279968,
            0.0
          ],
          [
            0.0,
            0.0,
            0.0,
            1.0
          ]
        ],
        "rotation_mode": "QUATERNION"
      },
      "armature_space": {
        "head": {
          "x": -0.002888281363993883,
          "y": 7.483363151550293e-05,
          "z": 0.00011586304754018784
        },
        "tail": {
          "x": -0.0027331875171512365,
          "y": -0.06650061160326004,
          "z": 0.4835578203201294
        }
      },
      "world_space": {
        "head": {
          "x": -0.002888281363993883,
          "y": 0.06331883370876312,
          "z": 0.9499698877334595
        },
        "tail": {
          "x": -0.0027331875171512365,
          "y": -0.0032566115260124207,
          "z": 1.4334118366241455
        },
        "rotation_quaternion": {
          "w": 0.6556466221809387,
          "x": 0.7521092891693115,
          "y": -0.04375976324081421,
          "z": -0.05044036731123924
        },
        "matrix": [
          [
            0.9910816550254822,
            0.00031781429424881935,
            -0.13325512409210205,
            -0.002888281363993883
          ],
          [
            -0.13196629285812378,
            -0.13642475008964539,
            -0.9818214178085327,
            0.06331883370876312
          ],
          [
            -0.018491582944989204,
            0.9906572699546814,
            -0.1351679563522339,
            0.9499698877334595
          ],
          [
            0.0,
            0.0,
            0.0,
            1.0
          ]
        ]
      },
      "bone_length_armature_space": 0.4880045381661273,
      "parent": "Root",
      "has_children": true,
      "is_end_bone": false
    },
    "neck_01": {
      "name": "neck_01",
      "local": {
        "location": {
          "x": 0.0,
          "y": 0.0,
          "z": 0.0
        },
        "rotation_quaternion": {
          "w": 0.9938790798187256,
          "x": 0.07232192903757095,
          "y": 0.042499907314777374,
          "z": 0.07188683748245239
        },
        "scale": {
          "x": 1.0,
          "y": 1.0,
          "z": 1.0
        },
        "matrix_basis": [
          [
            0.9860520958900452,
            -0.13674630224704742,
            0.09487752616405487,
            0.0
          ],
          [
            0.14904099702835083,
            0.9792036414146423,
            -0.13764813542366028,
            0.0
          ],
          [
            -0.07408154755830765,
            0.14986887574195862,
            0.9859265685081482,
            0.0
          ],
          [
            0.0,
            0.0,
            0.0,
            1.0
          ]
        ],
        "rotation_mode": "QUATERNION"
      },
      "armature_space": {
        "head": {
          "x": -0.007331264205276966,
          "y": -0.11053942143917084,
          "z": 0.551404595375061
        },
        "tail": {
          "x": -0.0281975120306015,
          "y": -0.17193643748760223,
          "z": 0.6308131217956543
        }
      },
      "world_space": {
        "head": {
          "x": -0.007331264205276966,
          "y": -0.04729542136192322,
          "z": 1.5012586116790771
        },
        "tail": {
          "x": -0.0281975120306015,
          "y": -0.10869243741035461,
          "z": 1.5806671380996704
        },
        "rotation_quaternion": {
          "w": 0.4372473955154419,
          "x": 0.8934319615364075,
          "y": -0.09684634953737259,
          "z": 0.03485364466905594
        },
        "matrix": [
          [
            0.9788119792938232,
            -0.20353077352046967,
            -0.022413626313209534,
            -0.007331264205276966
          ],
          [
            -0.1425725221633911,
            -0.5988706350326538,
            -0.7880527973175049,
            -0.04729542136192322
          ],
          [
            0.14697101712226868,
            0.7745559215545654,
            -0.6152046322822571,
            1.5012586116790771
          ],
          [
            0.0,
            0.0,
            0.0,
            1.0
          ]
        ]
      },
      "bone_length_armature_space": 0.10252174418521622,
      "parent": "spine_01",
      "has_children": true,
      "is_end_bone": false
    },
    "head": {
      "name": "head",
      "local": {
        "location": {
          "x": 0.0,
          "y": 0.0,
          "z": 0.0
        },
        "rotation_quaternion": {
          "w": 0.9814960956573486,
          "x": -0.03183142468333244,
          "y": 0.17365072667598724,
          "z": 0.07414636760950089
        },
        "scale": {
          "x": 1.0,
          "y": 1.0,
          "z": 1.0
        },
        "matrix_basis": [
          [
            0.9286954998970032,
            -0.1566038429737091,
            0.33615463972091675,
            0.0
          ],
          [
            0.1344936341047287,
            0.9869781732559204,
            0.08823598176240921,
            0.0
          ],
          [
            -0.3455953896045685,
            -0.03673369809985161,
            0.9376643896102905,
            0.0
          ],
          [
            0.0,
            0.0,
            0.0,
            1.0
          ]
        ],
        "rotation_mode": "QUATERNION"
      },
      "armature_space": {
        "head": {
          "x": -0.028197500854730606,
          "y": -0.1719365119934082,
          "z": 0.63081294298172
        },
        "tail": {
          "x": -0.07930760830640793,
          "y": -0.20483243465423584,
          "z": 0.773497462272644
        }
      },
      "world_space": {
        "head": {
          "x": -0.028197500854730606,
          "y": -0.10869251191616058,
          "z": 1.5806670188903809
        },
        "tail": {
          "x": -0.07930760830640793,
          "y": -0.14158843457698822,
          "z": 1.7233514785766602
        },
        "rotation_quaternion": {
          "w": 0.6250247955322266,
          "x": 0.7538183331489563,
          "y": -0.05735791102051735,
          "z": 0.19445300102233887
        },
        "matrix": [
          [
            0.9177967309951782,
            -0.3295508325099945,
            0.22146248817443848,
            -0.028197500854730606
          ],
          [
            0.15659916400909424,
            -0.21210825443267822,
            -0.9646176099777222,
            -0.10869251191616058
          ],
          [
            0.3648671805858612,
            0.9200099110603333,
            -0.14306668937206268,
            1.5806670188903809
          ],
          [
            0.0,
            0.0,
            0.0,
            1.0
          ]
        ]
      },
      "bone_length_armature_space": 0.15509112356765328,
      "parent": "neck_01",
      "has_children": false,
      "is_end_bone": true
    },
    "upperarm_l": {
      "name": "upperarm_l",
      "local": {
        "location": {
          "x": 0.0,
          "y": 0.0,
          "z": 0.0
        },
        "rotation_quaternion": {
          "w": 0.8716906309127808,
          "x": 0.16512519121170044,
          "y": 0.36752912402153015,
          "z": 0.27894705533981323
        },
        "scale": {
          "x": 1.0,
          "y": 1.0,
          "z": 1.0
        },
        "matrix_basis": [
          [
            0.5742217898368835,
            -0.36493444442749023,
            0.7328657507896423,
            0.0
          ],
          [
            0.6076877117156982,
            0.7898443937301636,
            -0.08283383399248123,
            0.0
          ],
          [
            -0.5486209988594055,
            0.4929184913635254,
            0.6753120422363281,
            0.0
          ],
          [
            0.0,
            0.0,
            0.0,
            1.0
          ]
        ],
        "rotation_mode": "QUATERNION"
      },
      "armature_space": {
        "head": {
          "x": 0.1408846527338028,
          "y": -0.12429672479629517,
          "z": 0.4816198945045471
        },
        "tail": {
          "x": 0.34094855189323425,
          "y": -0.28913283348083496,
          "z": 0.5495254397392273
        }
      },
      "world_space": {
        "head": {
          "x": 0.1408846527338028,
          "y": -0.061052724719047546,
          "z": 1.431473970413208
        },
        "tail": {
          "x": 0.34094855189323425,
          "y": -0.22588883340358734,
          "z": 1.4993793964385986
        },
        "rotation_quaternion": {
          "w": 0.22476273775100708,
          "x": 0.8787679672241211,
          "y": 0.37671762704849243,
          "z": -0.1879696398973465
        },
        "matrix": [
          [
            0.6455023288726807,
            0.7465922236442566,
            -0.16101792454719543,
            0.1408846527338028
          ],
          [
            0.5775980353355408,
            -0.6151302456855774,
            -0.5366520881652832,
            -0.061052724719047546
          ],
          [
            -0.4997103214263916,
            0.25340771675109863,
            -0.8283044695854187,
            1.431473970413208
          ],
          [
            0.0,
            0.0,
            0.0,
            1.0
          ]
        ]
      },
      "bone_length_armature_space": 0.2679695282652316,
      "parent": "spine_01",
      "has_children": true,
      "is_end_bone": false
    },
    "lowerarm_l": {
      "name": "lowerarm_l",
      "local": {
        "location": {
          "x": 0.0,
          "y": 0.0,
          "z": 0.0
        },
        "rotation_quaternion": {
          "w": 0.9833782911300659,
          "x": 0.08187238872051239,
          "y": -0.030110694468021393,
          "z": 0.15924017131328583
        },
        "scale": {
          "x": 1.0,
          "y": 1.0,
          "z": 1.0
        },
        "matrix_basis": [
          [
            0.9474718570709229,
            -0.3181171119213104,
            -0.033145658671855927,
            0.0
          ],
          [
            0.3082561790943146,
            0.9358789324760437,
            -0.17061272263526917,
            0.0
          ],
          [
            0.08529515564441681,
            0.15143339335918427,
            0.984780490398407,
            0.0
          ],
          [
            0.0,
            0.0,
            0.0,
            1.0
          ]
        ],
        "rotation_mode": "QUATERNION"
      },
      "armature_space": {
        "head": {
          "x": 0.34094852209091187,
          "y": -0.2891329824924469,
          "z": 0.5495254993438721
        },
        "tail": {
          "x": 0.44052690267562866,
          "y": -0.5281409025192261,
          "z": 0.6168212890625
        }
      },
      "world_space": {
        "head": {
          "x": 0.34094852209091187,
          "y": -0.22588898241519928,
          "z": 1.4993795156478882
        },
        "tail": {
          "x": 0.44052690267562866,
          "y": -0.46489691734313965,
          "z": 1.5666753053665161
        },
        "rotation_quaternion": {
          "w": 0.17895819246768951,
          "x": 0.931606113910675,
          "y": 0.145845428109169,
          "z": -0.28073713183403015
        },
        "matrix": [
          [
            0.7998316884040833,
            0.37222158908843994,
            -0.47087180614471436,
            0.34094852209091187
          ],
          [
            0.17126068472862244,
            -0.8934059143066406,
            -0.4153260588645935,
            -0.22588898241519928
          ],
          [
            -0.5752770304679871,
            0.25154995918273926,
            -0.7783270478248596,
            1.4993795156478882
          ],
          [
            0.0,
            0.0,
            0.0,
            1.0
          ]
        ]
      },
      "bone_length_armature_space": 0.2675245093836139,
      "parent": "upperarm_l",
      "has_children": true,
      "is_end_bone": false
    },
    "metacarpal_thumb_l": {
      "name": "metacarpal_thumb_l",
      "local": {
        "location": {
          "x": 0.0,
          "y": 0.0,
          "z": 0.0
        },
        "rotation_quaternion": {
          "w": 0.9999783039093018,
          "x": -0.006582962814718485,
          "y": -0.00026500318199396133,
          "z": -0.0002930962946265936
        },
        "scale": {
          "x": 1.0,
          "y": 1.0,
          "z": 1.0
        },
        "matrix_basis": [
          [
            0.9999997019767761,
            0.0005896688671782613,
            -0.0005261359619908035,
            0.0
          ],
          [
            -0.0005826908745802939,
            0.9999131560325623,
            0.013165795244276524,
            0.0
          ],
          [
            0.000533853773958981,
            -0.013165484182536602,
            0.999913215637207,
            0.0
          ],
          [
            0.0,
            0.0,
            0.0,
            1.0
          ]
        ],
        "rotation_mode": "QUATERNION"
      },
      "armature_space": {
        "head": {
          "x": 0.44052690267562866,
          "y": -0.5281409025192261,
          "z": 0.6168212890625
        },
        "tail": {
          "x": 0.44810691475868225,
          "y": -0.5737972259521484,
          "z": 0.5991682410240173
        }
      },
      "world_space": {
        "head": {
          "x": 0.44052690267562866,
          "y": -0.46489691734313965,
          "z": 1.5666753053665161
        },
        "tail": {
          "x": 0.44810691475868225,
          "y": -0.510553240776062,
          "z": 1.5490221977233887
        },
        "rotation_quaternion": {
          "w": 0.19772982597351074,
          "x": -0.8876718878746033,
          "y": 0.006426392588764429,
          "z": -0.4158126711845398
        },
        "matrix": [
          [
            0.654117226600647,
            0.1530272364616394,
            0.7407517433166504,
            0.44052690267562866
          ],
          [
            -0.17584581673145294,
            -0.9217236042022705,
            0.3456929922103882,
            -0.46489691734313965
          ],
          [
            0.7356739044189453,
            -0.356385201215744,
            -0.5760100483894348,
            1.5666753053665161
          ],
          [
            0.0,
            0.0,
            0.0,
            1.0
          ]
        ]
      },
      "bone_length_armature_space": 0.04953369170713756,
      "parent": "lowerarm_l",
      "has_children": true,
      "is_end_bone": false
    },
    "thumb_01_l": {
      "name": "thumb_01_l",
      "local": {
        "location": {
          "x": 0.0,
          "y": 0.0,
          "z": 0.0
        },
        "rotation_quaternion": {
          "w": 0.9988160133361816,
          "x": 0.038832128047943115,
          "y": -0.023535769432783127,
          "z": 0.017456350848078728
        },
        "scale": {
          "x": 1.0,
          "y": 1.0,
          "z": 1.0
        },
        "matrix_basis": [
          [
            0.9982826709747314,
            -0.03669925406575203,
            -0.045660071074962616,
            0.0
          ],
          [
            0.033043477684259415,
            0.9963746666908264,
            -0.07839400321245193,
            0.0
          ],
          [
            0.04837154224514961,
            0.07675060629844666,
            0.9958762526512146,
            0.0
          ],
          [
            0.0,
            0.0,
            0.0,
            1.0
          ]
        ],
        "rotation_mode": "QUATERNION"
      },
      "armature_space": {
        "head": {
          "x": 0.44810691475868225,
          "y": -0.5737972259521484,
          "z": 0.5991682410240173
        },
        "tail": {
          "x": 0.46984732151031494,
          "y": -0.5844519734382629,
          "z": 0.5752419829368591
        }
      },
      "world_space": {
        "head": {
          "x": 0.44810691475868225,
          "y": -0.510553240776062,
          "z": 1.5490221977233887
        },
        "tail": {
          "x": 0.46984732151031494,
          "y": -0.5212079882621765,
          "z": 1.5250959396362305
        },
        "rotation_quaternion": {
          "w": 0.5150972604751587,
          "x": -0.26711124181747437,
          "y": 0.2795795798301697,
          "z": -0.7649586200714111
        },
        "matrix": [
          [
            -0.3266505002975464,
            0.6386991143226624,
            0.6966798901557922,
            0.44810691475868225
          ],
          [
            -0.9374143481254578,
            -0.31301945447921753,
            -0.15255452692508698,
            -0.510553240776062
          ],
          [
            0.12063805758953094,
            -0.7029151916503906,
            0.7009785175323486,
            1.5490221977233887
          ],
          [
            0.0,
            0.0,
            0.0,
            1.0
          ]
        ]
      },
      "bone_length_armature_space": 0.03403872421799909,
      "parent": "metacarpal_thumb_l",
      "has_children": true,
      "is_end_bone": false
    },
    "thumb_02_l": {
      "name": "thumb_02_l",
      "local": {
        "location": {
          "x": 0.0,
          "y": 0.0,
          "z": 0.0
        },
        "rotation_quaternion": {
          "w": 0.9928988814353943,
          "x": 0.11886830627918243,
          "y": -0.0032092160545289516,
          "z": -0.0034389381762593985
        },
        "scale": {
          "x": 1.0,
          "y": 1.0,
          "z": 1.0
        },
        "matrix_basis": [
          [
            0.9999557733535767,
            0.006066087633371353,
            -0.007190415635704994,
            0.0
          ],
          [
            -0.0075919837690889835,
            0.9717170000076294,
            -0.2360263466835022,
            0.0
          ],
          [
            0.005555292591452599,
            0.23607048392295837,
            0.9717200398445129,
            0.0
          ],
          [
            0.0,
            0.0,
            0.0,
            1.0
          ]
        ],
        "rotation_mode": "QUATERNION"
      },
      "armature_space": {
        "head": {
          "x": 0.46984729170799255,
          "y": -0.5844519138336182,
          "z": 0.5752419829368591
        },
        "tail": {
          "x": 0.486869215965271,
          "y": -0.6176798343658447,
          "z": 0.59005206823349
        }
      },
      "world_space": {
        "head": {
          "x": 0.46984729170799255,
          "y": -0.5212079286575317,
          "z": 1.5250959396362305
        },
        "tail": {
          "x": 0.486869215965271,
          "y": -0.5544358491897583,
          "z": 1.5399060249328613
        },
        "rotation_quaternion": {
          "w": 0.25822606682777405,
          "x": 0.20716941356658936,
          "y": -0.14024962484836578,
          "z": -0.9331292510032654
        },
        "matrix": [
          [
            -0.7807999849319458,
            0.4238061010837555,
            -0.45906391739845276,
            0.46984729170799255
          ],
          [
            -0.5400276780128479,
            -0.8272984623908997,
            0.15474840998649597,
            -0.5212079286575317
          ],
          [
            -0.3142022490501404,
            0.36873671412467957,
            0.8748282194137573,
            1.5250959396362305
          ],
          [
            0.0,
            0.0,
            0.0,
            1.0
          ]
        ]
      },
      "bone_length_armature_space": 0.04016440241992038,
      "parent": "thumb_01_l",
      "has_children": true,
      "is_end_bone": false
    },
    "thumb_03_l": {
      "name": "thumb_03_l",
      "local": {
        "location": {
          "x": 0.0,
          "y": 0.0,
          "z": 0.0
        },
        "rotation_quaternion": {
          "w": 0.9980792999267578,
          "x": 0.061624035239219666,
          "y": 0.0042529660277068615,
          "z": 0.004716815426945686
        },
        "scale": {
          "x": 1.0,
          "y": 1.0,
          "z": 1.0
        },
        "matrix_basis": [
          [
            0.9999193549156189,
            -0.008891342207789421,
            0.009070932865142822,
            0.0
          ],
          [
            0.009939681738615036,
            0.9923604726791382,
            -0.12297122925519943,
            0.0
          ],
          [
            -0.007908256724476814,
            0.1230514720082283,
            0.992368757724762,
            0.0
          ],
          [
            0.0,
            0.0,
            0.0,
            1.0
          ]
        ],
        "rotation_mode": "QUATERNION"
      },
      "armature_space": {
        "head": {
          "x": 0.4868691861629486,
          "y": -0.6176798343658447,
          "z": 0.5900520086288452
        },
        "tail": {
          "x": 0.49620383977890015,
          "y": -0.6369690895080566,
          "z": 0.6116780042648315
        }
      },
      "world_space": {
        "head": {
          "x": 0.4868691861629486,
          "y": -0.5544358491897583,
          "z": 1.5399060249328613
        },
        "tail": {
          "x": 0.49620383977890015,
          "y": -0.5737251043319702,
          "z": 1.5615320205688477
        },
        "rotation_quaternion": {
          "w": 0.33066627383232117,
          "x": 0.41359618306159973,
          "y": -0.27178922295570374,
          "z": -0.8035723567008972
        },
        "matrix": [
          [
            -0.4391956031322479,
            0.30660855770111084,
            -0.8444514274597168,
            0.4868691861629486
          ],
          [
            -0.7562512159347534,
            -0.6335803270339966,
            0.163278728723526,
            -0.5544358491897583
          ],
          [
            -0.4849693179130554,
            0.7103332281112671,
            0.5101427435874939,
            1.5399060249328613
          ],
          [
            0.0,
            0.0,
            0.0,
            1.0
          ]
        ]
      },
      "bone_length_armature_space": 0.030444947000862473,
      "parent": "thumb_02_l",
      "has_children": false,
      "is_end_bone": true
    },
    "metacarpal_index_l": {
      "name": "metacarpal_index_l",
      "local": {
        "location": {
          "x": 0.0,
          "y": 0.0,
          "z": 0.0
        },
        "rotation_quaternion": {
          "w": 0.9986639022827148,
          "x": -0.05103546380996704,
          "y": -0.00624482985585928,
          "z": 0.005182644352316856
        },
        "scale": {
          "x": 1.0,
          "y": 1.0,
          "z": 1.0
        },
        "matrix_basis": [
          [
            0.9998682737350464,
            -0.009714024141430855,
            -0.013001970015466213,
            0.0
          ],
          [
            0.010988854803144932,
            0.9947370290756226,
            0.10186982154846191,
            0.0
          ],
          [
            0.011943974532186985,
            -0.10199928283691406,
            0.994712769985199,
            0.0
          ],
          [
            0.0,
            0.0,
            0.0,
            1.0
          ]
        ],
        "rotation_mode": "QUATERNION"
      },
      "armature_space": {
        "head": {
          "x": 0.44052690267562866,
          "y": -0.5281409025192261,
          "z": 0.6168212890625
        },
        "tail": {
          "x": 0.46498697996139526,
          "y": -0.6424702405929565,
          "z": 0.6245494484901428
        }
      },
      "world_space": {
        "head": {
          "x": 0.44052690267562866,
          "y": -0.46489691734313965,
          "z": 1.5666753053665161
        },
        "tail": {
          "x": 0.46498697996139526,
          "y": -0.5792262554168701,
          "z": 1.5744035243988037
        },
        "rotation_quaternion": {
          "w": 0.015524579212069511,
          "x": 0.9804842472076416,
          "y": 0.10903315246105194,
          "z": 0.16285426914691925
        },
        "matrix": [
          [
            0.9231804609298706,
            0.2087540328502655,
            0.32273751497268677,
            0.44052690267562866
          ],
          [
            0.2188671976327896,
            -0.975741446018219,
            0.0050695911049842834,
            -0.46489691734313965
          ],
          [
            0.3159688115119934,
            0.06595596671104431,
            -0.9464816451072693,
            1.5666753053665161
          ],
          [
            0.0,
            0.0,
            0.0,
            1.0
          ]
        ]
      },
      "bone_length_armature_space": 0.1171717410089949,
      "parent": "lowerarm_l",
      "has_children": true,
      "is_end_bone": false
    },
    "index_01_l": {
      "name": "index_01_l",
      "local": {
        "location": {
          "x": 0.0,
          "y": 0.0,
          "z": 0.0
        },
        "rotation_quaternion": {
          "w": 0.9962689280509949,
          "x": -0.08430343121290207,
          "y": 0.015102619305253029,
          "z": 0.010636073537170887
        },
        "scale": {
          "x": 1.0,
          "y": 1.0,
          "z": 1.0
        },
        "matrix_basis": [
          [
            0.9993175864219666,
            -0.02373918518424034,
            0.028299225494265556,
            0.0
          ],
          [
            0.018646374344825745,
            0.9855595827102661,
            0.16829904913902283,
            0.0
          ],
          [
            -0.03188585489988327,
            -0.16765651106834412,
            0.9853296875953674,
            0.0
          ],
          [
            0.0,
            0.0,
            0.0,
            1.0
          ]
        ],
        "rotation_mode": "QUATERNION"
      },
      "armature_space": {
        "head": {
          "x": 0.46498697996139526,
          "y": -0.6424702405929565,
          "z": 0.6245494484901428
        },
        "tail": {
          "x": 0.4757251739501953,
          "y": -0.6657471656799316,
          "z": 0.6370373368263245
        }
      },
      "world_space": {
        "head": {
          "x": 0.46498697996139526,
          "y": -0.5792262554168701,
          "z": 1.5744035243988037
        },
        "tail": {
          "x": 0.4757251739501953,
          "y": -0.6025031805038452,
          "z": 1.5868914127349854
        },
        "rotation_quaternion": {
          "w": 0.17840492725372314,
          "x": 0.927632212638855,
          "y": 0.24496988952159882,
          "z": 0.21831169724464417
        },
        "matrix": [
          [
            0.784659206867218,
            0.37658846378326416,
            0.4924337863922119,
            0.46498697996139526
          ],
          [
            0.5323800444602966,
            -0.8163226842880249,
            -0.22402827441692352,
            -0.5792262554168701
          ],
          [
            0.3176209032535553,
            0.43794989585876465,
            -0.8410295844078064,
            1.5744035243988037
          ],
          [
            0.0,
            0.0,
            0.0,
            1.0
          ]
        ]
      },
      "bone_length_armature_space": 0.028514407100046168,
      "parent": "metacarpal_index_l",
      "has_children": true,
      "is_end_bone": false
    },
    "index_02_l": {
      "name": "index_02_l",
      "local": {
        "location": {
          "x": 0.0,
          "y": 0.0,
          "z": 0.0
        },
        "rotation_quaternion": {
          "w": 0.9823318123817444,
          "x": 0.18700942397117615,
          "y": 0.006473567336797714,
          "z": 0.003155947895720601
        },
        "scale": {
          "x": 1.0,
          "y": 1.0,
          "z": 1.0
        },
        "matrix_basis": [
          [
            0.9998962879180908,
            -0.0037791398353874683,
            0.013898766599595547,
            0.0
          ],
          [
            0.008621612563729286,
            0.9300350546836853,
            -0.36736974120140076,
            0.0
          ],
          [
            -0.011537997983396053,
            0.3674514591693878,
            0.9299711585044861,
            0.0
          ],
          [
            0.0,
            0.0,
            0.0,
            1.0
          ]
        ],
        "rotation_mode": "QUATERNION"
      },
      "armature_space": {
        "head": {
          "x": 0.4757252633571625,
          "y": -0.6657476425170898,
          "z": 0.6370371580123901
        },
        "tail": {
          "x": 0.4890773594379425,
          "y": -0.6873878240585327,
          "z": 0.6404304504394531
        }
      },
      "world_space": {
        "head": {
          "x": 0.4757252633571625,
          "y": -0.6025036573410034,
          "z": 1.5868911743164062
        },
        "tail": {
          "x": 0.4890773594379425,
          "y": -0.6241438388824463,
          "z": 1.5902844667434692
        },
        "rotation_quaternion": {
          "w": 0.026803288608789444,
          "x": 0.9488961696624756,
          "y": 0.27838724851608276,
          "z": 0.14621292054653168
        },
        "matrix": [
          [
            0.8022446632385254,
            0.5204832553863525,
            0.29240506887435913,
            0.4757252633571625
          ],
          [
            0.5361592769622803,
            -0.8435640931129456,
            0.03054061532020569,
            -0.6025036573410034
          ],
          [
            0.2625603973865509,
            0.1322745382785797,
            -0.9558135867118835,
            1.5868911743164062
          ],
          [
            0.0,
            0.0,
            0.0,
            1.0
          ]
        ]
      },
      "bone_length_armature_space": 0.025653271828374298,
      "parent": "index_01_l",
      "has_children": true,
      "is_end_bone": false
    },
    "index_03_l": {
      "name": "index_03_l",
      "local": {
        "location": {
          "x": 0.0,
          "y": 0.0,
          "z": 0.0
        },
        "rotation_quaternion": {
          "w": 0.9694429039955139,
          "x": 0.24515241384506226,
          "y": 0.008925335481762886,
          "z": 0.0010439776815474033
        },
        "scale": {
          "x": 1.0,
          "y": 1.0,
          "z": 1.0
        },
        "matrix_basis": [
          [
            0.9998384714126587,
            0.0023519815877079964,
            0.017817074432969093,
            0.0
          ],
          [
            0.006400288548320532,
            0.879798412322998,
            -0.47530388832092285,
            0.0
          ],
          [
            -0.01679333858191967,
            0.47534117102622986,
            0.8796412944793701,
            0.0
          ],
          [
            0.0,
            0.0,
            0.0,
            1.0
          ]
        ],
        "rotation_mode": "QUATERNION"
      },
      "armature_space": {
        "head": {
          "x": 0.48907729983329773,
          "y": -0.6873878240585327,
          "z": 0.6404305696487427
        },
        "tail": {
          "x": 0.5090327262878418,
          "y": -0.7055120468139648,
          "z": 0.6291599869728088
        }
      },
      "world_space": {
        "head": {
          "x": 0.48907729983329773,
          "y": -0.6241438388824463,
          "z": 1.5902845859527588
        },
        "tail": {
          "x": 0.5090327262878418,
          "y": -0.6422680616378784,
          "z": 1.5790140628814697
        },
        "rotation_quaternion": {
          "w": 0.25066685676574707,
          "x": -0.8956893086433411,
          "y": -0.35639551281929016,
          "z": -0.08882103860378265
        },
        "matrix": [
          [
            0.730185866355896,
            0.6829684972763062,
            -0.01956230401992798,
            0.48907729983329773
          ],
          [
            0.593911349773407,
            -0.6202962398529053,
            0.5123492479324341,
            -0.6241438388824463
          ],
          [
            0.3377867043018341,
            -0.3857320547103882,
            -0.8585598468780518,
            1.5902845859527588
          ],
          [
            0.0,
            0.0,
            0.0,
            1.0
          ]
        ]
      },
      "bone_length_armature_space": 0.02921870178275095,
      "parent": "index_02_l",
      "has_children": false,
      "is_end_bone": true
    },
    "metacarpal_pinky_l": {
      "name": "metacarpal_pinky_l",
      "local": {
        "location": {
          "x": 0.0,
          "y": 0.0,
          "z": 0.0
        },
        "rotation_quaternion": {
          "w": 0.9998637437820435,
          "x": -0.01616542786359787,
          "y": 0.00020421971566975117,
          "z": -0.003345970995724201
        },
        "scale": {
          "x": 1.0,
          "y": 1.0,
          "z": 1.0
        },
        "matrix_basis": [
          [
            0.9999775290489197,
            0.006684427615255117,
            0.0005165619077160954,
            0.0
          ],
          [
            -0.00669763283804059,
            0.9994549751281738,
            0.03232508525252342,
            0.0
          ],
          [
            -0.00030020566191524267,
            -0.032327815890312195,
            0.9994772672653198,
            0.0
          ],
          [
            0.0,
            0.0,
            0.0,
            1.0
          ]
        ],
        "rotation_mode": "QUATERNION"
      },
      "armature_space": {
        "head": {
          "x": 0.44052690267562866,
          "y": -0.5281409025192261,
          "z": 0.6168212890625
        },
        "tail": {
          "x": 0.49557363986968994,
          "y": -0.6027507781982422,
          "z": 0.6642181873321533
        }
      },
      "world_space": {
        "head": {
          "x": 0.44052690267562866,
          "y": -0.46489691734313965,
          "z": 1.5666753053665161
        },
        "tail": {
          "x": 0.49557363986968994,
          "y": -0.5395067930221558,
          "z": 1.6140722036361694
        },
        "rotation_quaternion": {
          "w": 0.3754415810108185,
          "x": 0.5503073930740356,
          "y": -0.02814330905675888,
          "z": -0.7452607154846191
        },
        "matrix": [
          [
            -0.11241018772125244,
            0.5286309719085693,
            -0.8413757085800171,
            0.44052690267562866
          ],
          [
            -0.5905792713165283,
            -0.7165015339851379,
            -0.37127044796943665,
            -0.46489691734313965
          ],
          [
            -0.7991182208061218,
            0.45516690611839294,
            0.3927431106567383,
            1.5666753053665161
          ],
          [
            0.0,
            0.0,
            0.0,
            1.0
          ]
        ]
      },
      "bone_length_armature_space": 0.10413089351515759,
      "parent": "lowerarm_l",
      "has_children": true,
      "is_end_bone": false
    },
    "pinky_01_l": {
      "name": "pinky_01_l",
      "local": {
        "location": {
          "x": 0.0,
          "y": 0.0,
          "z": 0.0
        },
        "rotation_quaternion": {
          "w": 0.998603105545044,
          "x": 0.047766830772161484,
          "y": -0.017075350508093834,
          "z": -0.01478363387286663
        },
        "scale": {
          "x": 1.0,
          "y": 1.0,
          "z": 1.0
        },
        "matrix_basis": [
          [
            0.9989797472953796,
            0.027894694358110428,
            -0.035515330731868744,
            0.0
          ],
          [
            -0.031157236546278,
            0.9949995279312134,
            -0.09489534050226212,
            0.0
          ],
          [
            0.032690662890672684,
            0.09590508043766022,
            0.9948534965515137,
            0.0
          ],
          [
            0.0,
            0.0,
            0.0,
            1.0
          ]
        ],
        "rotation_mode": "QUATERNION"
      },
      "armature_space": {
        "head": {
          "x": 0.49557363986968994,
          "y": -0.6027507781982422,
          "z": 0.6642181873321533
