{
  "metadata": {
    "armature_name": "KIM_caucasian_male",
    "export_time": "2026-01-13T20:55:18.663443",
    "blender_version": "4.4.1",
    "bone_count": 56,
    "end_bone_count": 13,
    "spaces_included": [
      "LOCAL_CHANNELS",
      "ARMATURE_SPACE",
      "WORLD_SPACE"
    ],
    "note": "LOCAL matches Transform panel; replay pose via local.matrix_basis for best fidelity."
  },
  "bones": {
    "Root": {
      "name": "Root",
      "local": {
        "location": {
          "x": 0.0,
          "y": 0.0,
          "z": 0.0
        },
        "rotation_quaternion": {
          "w": 0.9994443655014038,
          "x": 0.014427926391363144,
          "y": -0.004445371683686972,
          "z": -0.029717445373535156
        },
        "scale": {
          "x": 1.0,
          "y": 1.0,
          "z": 1.0
        },
        "matrix_basis": [
          [
            0.9981942176818848,
            0.05927359312772751,
            -0.009743325412273407,
            0.0
          ],
          [
            -0.059530142694711685,
            0.9978173971176147,
            -0.028575608506798744,
            0.0
          ],
          [
            0.008028280921280384,
            0.02910402975976467,
            0.9995441436767578,
            0.0
          ],
          [
            0.0,
            0.0,
            0.0,
            1.0
          ]
        ],
        "rotation_mode": "QUATERNION"
      },
      "armature_space": {
        "head": {
          "x": 0.0,
          "y": 0.07072800397872925,
          "z": -0.009595036506652832
        },
        "tail": {
          "x": 0.00423070415854454,
          "y": -0.00012487918138504028,
          "z": -0.0020794267766177654
        }
      },
      "world_space": {
        "head": {
          "x": 0.0,
          "y": 0.13397200405597687,
          "z": 0.9402589797973633
        },
        "tail": {
          "x": 0.00423070415854454,
          "y": 0.06311912089586258,
          "z": 0.9477745890617371
        },
        "rotation_quaternion": {
          "w": 0.052935075014829636,
          "x": 0.9981458187103271,
          "y": 0.029350461438298225,
          "z": -0.0064372718334198
        },
        "matrix": [
          [
            0.9981942176818848,
            0.05927359312772751,
            -0.009743325412273407,
            0.0
          ],
          [
            0.057910557836294174,
            -0.9926728010177612,
            -0.10605219006538391,
            0.13397200405597687
          ],
          [
            -0.015958085656166077,
            0.10529622435569763,
            -0.9943198561668396,
            0.9402589797973633
          ],
          [
            0.0,
            0.0,
            0.0,
            1.0
          ]
        ]
      },
      "bone_length_armature_space": 0.07137586524360379,
      "parent": null,
      "has_children": true,
      "is_end_bone": false
    },
    "spine_01": {
      "name": "spine_01",
      "local": {
        "location": {
          "x": 0.0,
          "y": 0.0,
          "z": 0.0
        },
        "rotation_quaternion": {
          "w": 0.9928025603294373,
          "x": 0.10338666290044785,
          "y": -0.05376265570521355,
          "z": 0.02763870730996132
        },
        "scale": {
          "x": 1.0,
          "y": 1.0,
          "z": 1.0
        },
        "matrix_basis": [
          [
            0.9926913380622864,
            -0.06599624454975128,
            -0.10103645920753479,
            0.0
          ],
          [
            0.043762873858213425,
            0.9770945906639099,
            -0.20825694501399994,
            0.0
          ],
          [
            0.11246635019779205,
            0.20231322944164276,
            0.9728415608406067,
            0.0
          ],
          [
            0.0,
            0.0,
            0.0,
            1.0
          ]
        ],
        "rotation_mode": "QUATERNION"
      },
      "armature_space": {
        "head": {
          "x": 0.00423070415854454,
          "y": -0.00012487918138504028,
          "z": -0.0020794267766177654
        },
        "tail": {
          "x": -0.015058564022183418,
          "y": -0.09180296212434769,
          "z": 0.47684788703918457
        }
      },
      "world_space": {
        "head": {
          "x": 0.00423070415854454,
          "y": 0.06311912089586258,
          "z": 0.9477745890617371
        },
        "tail": {
          "x": -0.015058564022183418,
          "y": -0.028558962047100067,
          "z": 1.4267019033432007
        },
        "rotation_quaternion": {
          "w": 0.6365121006965637,
          "x": 0.770649254322052,
          "y": -0.030330481007695198,
          "z": -0.005672539118677378
        },
        "matrix": [
          [
            0.998095691204071,
            -0.03952708840370178,
            -0.047354720532894135,
            0.00423070415854454
          ],
          [
            -0.053969815373420715,
            -0.18786445260047913,
            -0.9807111620903015,
            0.06311912089586258
          ],
          [
            0.02986854314804077,
            0.9814059734344482,
            -0.18964219093322754,
            0.9477745890617371
          ],
          [
            0.0,
            0.0,
            0.0,
            1.0
          ]
        ]
      },
      "bone_length_armature_space": 0.4880044213495348,
      "parent": "Root",
      "has_children": true,
      "is_end_bone": false
    },
    "neck_01": {
      "name": "neck_01",
      "local": {
        "location": {
          "x": 0.0,
          "y": 0.0,
          "z": 0.0
        },
        "rotation_quaternion": {
          "w": 0.9908090829849243,
          "x": -0.10996800661087036,
          "y": -0.07844671607017517,
          "z": 0.0071083190850913525
        },
        "scale": {
          "x": 1.0,
          "y": 1.0,
          "z": 1.0
        },
        "matrix_basis": [
          [
            0.9875911474227905,
            0.003167283721268177,
            -0.15701481699943542,
            0.0
          ],
          [
            0.03133923187851906,
            0.9757130146026611,
            0.21679934859275818,
            0.0
          ],
          [
            0.1538880616426468,
            -0.21902984380722046,
            0.963506281375885,
            0.0
          ],
          [
            0.0,
            0.0,
            0.0,
            1.0
          ]
        ],
        "rotation_mode": "QUATERNION"
      },
      "armature_space": {
        "head": {
          "x": -0.019594959914684296,
          "y": -0.13956961035728455,
          "z": 0.5421280264854431
        },
        "tail": {
          "x": -0.02404245361685753,
          "y": -0.17547377943992615,
          "z": 0.6380543112754822
        }
      },
      "world_space": {
        "head": {
          "x": -0.019594959914684296,
          "y": -0.07632561028003693,
          "z": 1.4919819831848145
        },
        "tail": {
          "x": -0.02404245361685753,
          "y": -0.11222977936267853,
          "z": 1.5879082679748535
        },
        "rotation_quaternion": {
          "w": 0.5651100277900696,
          "x": 0.8187042474746704,
          "y": -0.07446203380823135,
          "z": -0.06949418783187866
        },
        "matrix": [
          [
            0.9792518019676208,
            -0.04338114708662033,
            -0.1979488879442215,
            -0.019594959914684296
          ],
          [
            -0.20046859979629517,
            -0.35021162033081055,
            -0.9149669408798218,
            -0.07632561028003693
          ],
          [
            -0.029632098972797394,
            0.9356716275215149,
            -0.3516453504562378,
            1.4919819831848145
          ],
          [
            0.0,
            0.0,
            0.0,
            1.0
          ]
        ]
      },
      "bone_length_armature_space": 0.10252190606742322,
      "parent": "spine_01",
      "has_children": true,
      "is_end_bone": false
    },
    "head": {
      "name": "head",
      "local": {
        "location": {
          "x": 0.0,
          "y": 0.0,
          "z": 0.0
        },
        "rotation_quaternion": {
          "w": 0.9918116331100464,
          "x": -0.010637144558131695,
          "y": 0.12409882992506027,
          "z": 0.02821567840874195
        },
        "scale": {
          "x": 1.0,
          "y": 1.0,
          "z": 1.0
        },
        "matrix_basis": [
          [
            0.9676067233085632,
            -0.05860938876867294,
            0.24556505680084229,
            0.0
          ],
          [
            0.053329162299633026,
            0.9981814622879028,
            0.02810315228998661,
            0.0
          ],
          [
            -0.246765598654747,
            -0.014097021892666817,
            0.9689726829528809,
            0.0
          ],
          [
            0.0,
            0.0,
            0.0,
            1.0
          ]
        ],
        "rotation_mode": "QUATERNION"
      },
      "armature_space": {
        "head": {
          "x": -0.024042481556534767,
          "y": -0.1754738986492157,
          "z": 0.6380541920661926
        },
        "tail": {
          "x": -0.027773290872573853,
          "y": -0.1708093285560608,
          "z": 0.7930304408073425
        }
      },
      "world_space": {
        "head": {
          "x": -0.024042481556534767,
          "y": -0.11222989857196808,
          "z": 1.5879082679748535
        },
        "tail": {
          "x": -0.027773290872573853,
          "y": -0.10756532847881317,
          "z": 1.7428843975067139
        },
        "rotation_quaternion": {
          "w": 0.7176220417022705,
          "x": 0.6959764361381531,
          "y": 0.00752631202340126,
          "z": 0.024060063064098358
        },
        "matrix": [
          [
            0.9987289309501648,
            -0.024055738002061844,
            0.044292718172073364,
            -0.024042481556534767
          ],
          [
            0.04500854015350342,
            0.030076459050178528,
            -0.9985340237617493,
            -0.11222989857196808
          ],
          [
            0.022688521072268486,
            0.9992651343345642,
            0.031120089814066887,
            1.5879082679748535
          ],
          [
            0.0,
            0.0,
            0.0,
            1.0
          ]
        ]
      },
      "bone_length_armature_space": 0.15509131100102422,
      "parent": "neck_01",
      "has_children": false,
      "is_end_bone": true
    },
    "upperarm_l": {
      "name": "upperarm_l",
      "local": {
        "location": {
          "x": 0.0,
          "y": 0.0,
          "z": 0.0
        },
        "rotation_quaternion": {
          "w": 0.9342151284217834,
          "x": 0.2936058044433594,
          "y": -0.1224287897348404,
          "z": 0.16139738261699677
        },
        "scale": {
          "x": 1.0,
          "y": 1.0,
          "z": 1.0
        },
        "matrix_basis": [
          [
            0.917924165725708,
            -0.3734513521194458,
            -0.13397523760795593,
            0.0
          ],
          [
            0.22966814041137695,
            0.7754930257797241,
            -0.588101327419281,
            0.0
          ],
          [
            0.3235240578651428,
            0.5090625882148743,
            0.7976136207580566,
            0.0
          ],
          [
            0.0,
            0.0,
            0.0,
            1.0
          ]
        ],
        "rotation_mode": "QUATERNION"
      },
      "armature_space": {
        "head": {
          "x": 0.13262490928173065,
          "y": -0.13816675543785095,
          "z": 0.4800454378128052
        },
        "tail": {
          "x": 0.3375485837459564,
          "y": -0.29508763551712036,
          "z": 0.5520856380462646
        }
      },
      "world_space": {
        "head": {
          "x": 0.13262490928173065,
          "y": -0.07492275536060333,
          "z": 1.4298994541168213
        },
        "tail": {
          "x": 0.3375485837459564,
          "y": -0.23184363543987274,
          "z": 1.5019396543502808
        },
        "rotation_quaternion": {
          "w": 0.3904816210269928,
          "x": 0.6850168704986572,
          "y": 0.23394069075584412,
          "z": -0.5688125491142273
        },
        "matrix": [
          [
            0.243448406457901,
            0.7647278308868408,
            -0.5965938568115234,
            0.13262490928173065
          ],
          [
            -0.1237146258354187,
            -0.58559250831604,
            -0.8011094927787781,
            -0.07492275536060333
          ],
          [
            -0.9619983434677124,
            0.26883745193481445,
            -0.047954559326171875,
            1.4298994541168213
          ],
          [
            0.0,
            0.0,
            0.0,
            1.0
          ]
        ]
      },
      "bone_length_armature_space": 0.2679695221831426,
      "parent": "spine_01",
      "has_children": true,
      "is_end_bone": false
    },
    "lowerarm_l": {
      "name": "lowerarm_l",
      "local": {
        "location": {
          "x": 0.0,
          "y": 0.0,
          "z": 0.0
        },
        "rotation_quaternion": {
          "w": 0.9806046485900879,
          "x": 0.12882493436336517,
          "y": 0.09009865671396255,
          "z": -0.11705119907855988
        },
        "scale": {
          "x": 1.0,
          "y": 1.0,
          "z": 1.0
        },
        "matrix_basis": [
          [
            0.9563624858856201,
            0.25277581810951233,
            0.14654409885406494,
            0.0
          ],
          [
            -0.2063479870557785,
            0.9394063353538513,
            -0.27374497056007385,
            0.0
          ],
          [
            -0.20686054229736328,
            0.2315603494644165,
            0.9505727291107178,
            0.0
          ],
          [
            0.0,
            0.0,
            0.0,
            1.0
          ]
        ],
        "rotation_mode": "QUATERNION"
      },
      "armature_space": {
        "head": {
          "x": 0.3375486135482788,
          "y": -0.2950877249240875,
          "z": 0.552085816860199
        },
        "tail": {
          "x": 0.475280225276947,
          "y": -0.5233669281005859,
          "z": 0.5741755962371826
        }
      },
      "world_space": {
        "head": {
          "x": 0.3375486135482788,
          "y": -0.2318437248468399,
          "z": 1.5019397735595703
        },
        "tail": {
          "x": 0.475280225276947,
          "y": -0.4601229429244995,
          "z": 1.5240296125411987
        },
        "rotation_quaternion": {
          "w": 0.20203644037246704,
          "x": 0.7466989755630493,
          "y": 0.18036127090454102,
          "z": -0.6075291633605957
        },
        "matrix": [
          [
            0.19675613939762115,
            0.5148374438285828,
            -0.8344035744667053,
            0.3375486135482788
          ],
          [
            0.023865044116973877,
            -0.8533021211624146,
            -0.5208706855773926,
            -0.2318437248468399
          ],
          [
            -0.9801688194274902,
            0.08257107436656952,
            -0.18018066883087158,
            1.5019397735595703
          ],
          [
            0.0,
            0.0,
            0.0,
            1.0
          ]
        ]
      },
      "bone_length_armature_space": 0.2675244863746551,
      "parent": "upperarm_l",
      "has_children": true,
      "is_end_bone": false
    },
    "metacarpal_thumb_l": {
      "name": "metacarpal_thumb_l",
      "local": {
        "location": {
          "x": 0.0,
          "y": 0.0,
          "z": 0.0
        },
        "rotation_quaternion": {
          "w": 0.9986637234687805,
          "x": -0.048627160489559174,
          "y": 0.012827100232243538,
          "z": -0.01190328411757946
        },
        "scale": {
          "x": 1.0,
          "y": 1.0,
          "z": 1.0
        },
        "matrix_basis": [
          [
            0.9993875622749329,
            0.022527264431118965,
            0.026777565479278564,
            0.0
          ],
          [
            -0.025022247806191444,
            0.994987428188324,
            0.09681899100542068,
            0.0
          ],
          [
            -0.024462273344397545,
            -0.09742972999811172,
            0.9949417114257812,
            0.0
          ],
          [
            0.0,
            0.0,
            0.0,
            1.0
          ]
        ],
        "rotation_mode": "QUATERNION"
      },
      "armature_space": {
        "head": {
          "x": 0.475280225276947,
          "y": -0.5233669281005859,
          "z": 0.5741755962371826
        },
        "tail": {
          "x": 0.4732942581176758,
          "y": -0.5724934339523315,
          "z": 0.5681567788124084
        }
      },
      "world_space": {
        "head": {
          "x": 0.475280225276947,
          "y": -0.4601229429244995,
          "z": 1.5240296125411987
        },
        "tail": {
          "x": 0.4732942581176758,
          "y": -0.5092494487762451,
          "z": 1.5180108547210693
        },
        "rotation_quaternion": {
          "w": 0.059090081602334976,
          "x": -0.9947860836982727,
          "y": 0.02486281283199787,
          "z": -0.07931474596261978
        },
        "matrix": [
          [
            0.9861820340156555,
            -0.040093015879392624,
            0.16074077785015106,
            0.475280225276947
          ],
          [
            -0.05883972346782684,
            -0.9917804598808289,
            0.11361950635910034,
            -0.4601229429244995
          ],
          [
            0.154865100979805,
            -0.12150923162698746,
            -0.9804418087005615,
            1.5240296125411987
          ],
          [
            0.0,
            0.0,
            0.0,
            1.0
          ]
        ]
      },
      "bone_length_armature_space": 0.04953366245784405,
      "parent": "lowerarm_l",
      "has_children": true,
      "is_end_bone": false
    },
    "thumb_01_l": {
      "name": "thumb_01_l",
      "local": {
        "location": {
          "x": 0.0,
          "y": 0.0,
          "z": 0.0
        },
        "rotation_quaternion": {
          "w": 0.9991803169250488,
          "x": -0.03646737337112427,
          "y": 0.016011428087949753,
          "z": 0.007249744608998299
        },
        "scale": {
          "x": 1.0,
          "y": 1.0,
          "z": 1.0
        },
        "matrix_basis": [
          [
            0.9993821382522583,
            -0.0156553927809,
            0.031467847526073456,
            0.0
          ],
          [
            0.013319814577698708,
            0.997235119342804,
            0.07310712337493896,
            0.0
          ],
          [
            -0.03252536430954933,
            -0.07264280319213867,
            0.9968275427818298,
            0.0
          ],
          [
            0.0,
            0.0,
            0.0,
            1.0
          ]
        ],
        "rotation_mode": "QUATERNION"
      },
      "armature_space": {
        "head": {
          "x": 0.4732942581176758,
          "y": -0.5724934339523315,
          "z": 0.5681567788124084
        },
        "tail": {
          "x": 0.47001633048057556,
          "y": -0.5908567309379578,
          "z": 0.5396842956542969
        }
      },
      "world_space": {
        "head": {
          "x": 0.4732942581176758,
          "y": -0.5092494487762451,
          "z": 1.5180108547210693
        },
        "tail": {
          "x": 0.47001633048057556,
          "y": -0.5276127457618713,
          "z": 1.489538311958313
        },
        "rotation_quaternion": {
          "w": 0.27470535039901733,
          "x": -0.5812446475028992,
          "y": 0.3934396207332611,
          "z": -0.6571887135505676
        },
        "matrix": [
          [
            -0.1733851283788681,
            -0.09630021452903748,
            0.9801347255706787,
            0.4732942581176758
          ],
          [
            -0.8184350728988647,
            -0.5394854545593262,
            -0.1977861374616623,
            -0.5092494487762451
          ],
          [
            0.5478181838989258,
            -0.8364760875701904,
            0.014723062515258789,
            1.5180108547210693
          ],
          [
            0.0,
            0.0,
            0.0,
            1.0
          ]
        ]
      },
      "bone_length_armature_space": 0.034038769146660985,
      "parent": "metacarpal_thumb_l",
      "has_children": true,
      "is_end_bone": false
    },
    "thumb_02_l": {
      "name": "thumb_02_l",
      "local": {
        "location": {
          "x": 0.0,
          "y": 0.0,
          "z": 0.0
        },
        "rotation_quaternion": {
          "w": 0.9974696636199951,
          "x": 0.0706285908818245,
          "y": 0.007435329258441925,
          "z": -0.003269843989983201
        },
        "scale": {
          "x": 1.0,
          "y": 1.0,
          "z": 1.0
        },
        "matrix_basis": [
          [
            0.9998680353164673,
            0.00757343415170908,
            0.014371141791343689,
            0.0
          ],
          [
            -0.005472846794873476,
            0.9900017976760864,
            -0.14094838500022888,
            0.0
          ],
          [
            -0.015294919721782207,
            0.14085112512111664,
            0.9899126291275024,
            0.0
          ],
          [
            0.0,
            0.0,
            0.0,
            1.0
          ]
        ],
        "rotation_mode": "QUATERNION"
      },
      "armature_space": {
        "head": {
          "x": 0.4700162708759308,
          "y": -0.5908567309379578,
          "z": 0.5396842956542969
        },
        "tail": {
          "x": 0.4895530641078949,
          "y": -0.6258264183998108,
          "z": 0.5426193475723267
        }
      },
      "world_space": {
        "head": {
          "x": 0.4700162708759308,
          "y": -0.5276127457618713,
          "z": 1.489538311958313
        },
        "tail": {
          "x": 0.4895530641078949,
          "y": -0.5625824332237244,
          "z": 1.4924733638763428
        },
        "rotation_quaternion": {
          "w": 0.23629316687583923,
          "x": -0.2199699729681015,
          "y": -0.09398767352104187,
          "z": -0.9417777061462402
        },
        "matrix": [
          [
            -0.7915576100349426,
            0.48642057180404663,
            0.3699079155921936,
            0.4700162708759308
          ],
          [
            -0.40372222661972046,
            -0.8706633448600769,
            0.2809867262840271,
            -0.5276127457618713
          ],
          [
            0.4587458372116089,
            0.07307668030261993,
            0.8855651617050171,
            1.489538311958313
          ],
          [
            0.0,
            0.0,
            0.0,
            1.0
          ]
        ]
      },
      "bone_length_armature_space": 0.04016441039071252,
      "parent": "thumb_01_l",
      "has_children": true,
      "is_end_bone": false
    },
    "thumb_03_l": {
      "name": "thumb_03_l",
      "local": {
        "location": {
          "x": 0.0,
          "y": 0.0,
          "z": 0.0
        },
        "rotation_quaternion": {
          "w": 0.9982366561889648,
          "x": 0.059050265699625015,
          "y": -0.001202682964503765,
          "z": 0.005937428213655949
        },
        "scale": {
          "x": 1.0,
          "y": 1.0,
          "z": 1.0
        },
        "matrix_basis": [
          [
            0.9999266266822815,
            -0.011995954439043999,
            -0.0016999109648168087,
            0.0
          ],
          [
            0.011711879633367062,
            0.9929556250572205,
            -0.11790656298398972,
            0.0
          ],
          [
            0.0031023379415273666,
            0.11787799745798111,
            0.9930232167243958,
            0.0
          ],
          [
            0.0,
            0.0,
            0.0,
            1.0
          ]
        ],
        "rotation_mode": "QUATERNION"
      },
      "armature_space": {
        "head": {
          "x": 0.48955297470092773,
          "y": -0.625826358795166,
          "z": 0.5426193475723267
        },
        "tail": {
          "x": 0.510420560836792,
          "y": -0.6453443169593811,
          "z": 0.553130567073822
        }
      },
      "world_space": {
        "head": {
          "x": 0.48955297470092773,
          "y": -0.5625823736190796,
          "z": 1.4924733638763428
        },
        "tail": {
          "x": 0.510420560836792,
          "y": -0.5821003317832947,
          "z": 1.5029845237731934
        },
        "rotation_quaternion": {
          "w": 0.37837281823158264,
          "x": 0.00017988191393669695,
          "y": -0.19049465656280518,
          "z": -0.9058398008346558
        },
        "matrix": [
          [
            -0.7136678695678711,
            0.6854219436645508,
            -0.1444827914237976,
            0.48955297470092773
          ],
          [
            -0.6855591535568237,
            -0.6410911083221436,
            0.34497925639152527,
            -0.5625823736190796
          ],
          [
            0.14383013546466827,
            0.3452536463737488,
            0.9274300336837769,
            1.4924733638763428
          ],
          [
            0.0,
            0.0,
            0.0,
            1.0
          ]
        ]
      },
      "bone_length_armature_space": 0.03044491031628008,
      "parent": "thumb_02_l",
      "has_children": false,
      "is_end_bone": true
    },
    "metacarpal_index_l": {
      "name": "metacarpal_index_l",
      "local": {
        "location": {
          "x": 0.0,
          "y": 0.0,
          "z": 0.0
        },
        "rotation_quaternion": {
          "w": 0.9998086094856262,
          "x": 0.013114821165800095,
          "y": 0.01193599496036768,
          "z": 0.008259957656264305
        },
        "scale": {
          "x": 1.0,
          "y": 1.0,
          "z": 1.0
        },
        "matrix_basis": [
          [
            0.999578595161438,
            -0.016203677281737328,
            0.024084076285362244,
            0.0
          ],
          [
            0.016829829663038254,
            0.9995195269584656,
            -0.026027441024780273,
            0.0
          ],
          [
            -0.023650765419006348,
            0.02642180398106575,
            0.9993710517883301,
            0.0
          ],
          [
            0.0,
            0.0,
            0.0,
            1.0
          ]
        ],
        "rotation_mode": "QUATERNION"
      },
      "armature_space": {
        "head": {
          "x": 0.475280225276947,
          "y": -0.5233669281005859,
          "z": 0.5741755962371826
        },
        "tail": {
          "x": 0.5010334849357605,
          "y": -0.6375608444213867,
          "z": 0.5691028237342834
        }
      },
      "world_space": {
        "head": {
          "x": 0.475280225276947,
          "y": -0.4601229429244995,
          "z": 1.5240296125411987
        },
        "tail": {
          "x": 0.5010334849357605,
          "y": -0.5743168592453003,
          "z": 1.5189568996429443
        },
        "rotation_quaternion": {
          "w": 0.0010835353750735521,
          "x": 0.9730031490325928,
          "y": 0.11272011697292328,
          "z": -0.20138995349407196
        },
        "matrix": [
          [
            0.8934725522994995,
            0.21979069709777832,
            -0.39166170358657837,
            0.475280225276947
          ],
          [
            0.21891766786575317,
            -0.9745860695838928,
            -0.047510791569948196,
            -0.4601229429244995
          ],
          [
            -0.39215314388275146,
            -0.043293386697769165,
            -0.91888827085495,
            1.5240296125411987
          ],
          [
            0.0,
            0.0,
            0.0,
            1.0
          ]
        ]
      },
      "bone_length_armature_space": 0.11717172678889046,
      "parent": "lowerarm_l",
      "has_children": true,
      "is_end_bone": false
    },
    "index_01_l": {
      "name": "index_01_l",
      "local": {
        "location": {
          "x": 0.0,
          "y": 0.0,
          "z": 0.0
        },
        "rotation_quaternion": {
          "w": 0.996268093585968,
          "x": -0.08263330161571503,
          "y": -0.024933625012636185,
          "z": 8.413824980380014e-05
        },
        "scale": {
          "x": 1.0,
          "y": 1.0,
          "z": 1.0
        },
        "matrix_basis": [
          [
            0.9987565875053406,
            0.0039530470967292786,
            -0.049695055931806564,
            0.0
          ],
          [
            0.00428834417834878,
            0.9863434433937073,
            0.16464564204216003,
            0.0
          ],
          [
            0.049667246639728546,
            -0.16465404629707336,
            0.9851000905036926,
            0.0
          ],
          [
            0.0,
            0.0,
            0.0,
            1.0
          ]
        ],
        "rotation_mode": "QUATERNION"
      },
      "armature_space": {
        "head": {
          "x": 0.5010334849357605,
          "y": -0.6375608444213867,
          "z": 0.5691028237342834
        },
        "tail": {
          "x": 0.5184380412101746,
          "y": -0.659963071346283,
          "z": 0.5719823241233826
        }
      },
      "world_space": {
        "head": {
          "x": 0.5010334849357605,
          "y": -0.5743168592453003,
          "z": 1.5189568996429443
        },
        "tail": {
          "x": 0.5184380412101746,
          "y": -0.5967190861701965,
          "z": 1.521836280822754
        },
        "rotation_quaternion": {
          "w": 0.11149632930755615,
          "x": 0.9290180206298828,
          "y": 0.30780717730522156,
          "z": -0.17247912287712097
        },
        "matrix": [
          [
            0.751011312007904,
            0.610378623008728,
            -0.2518330216407776,
            0.5010334849357605
          ],
          [
            0.5334553122520447,
            -0.7856462597846985,
            -0.3133457899093628,
            -0.5743168592453003
          ],
          [
            -0.38911357522010803,
            0.10098439455032349,
            -0.9156455993652344,
            1.5189568996429443
          ],
          [
            0.0,
            0.0,
            0.0,
            1.0
          ]
        ]
      },
      "bone_length_armature_space": 0.028514379813029928,
      "parent": "metacarpal_index_l",
      "has_children": true,
      "is_end_bone": false
    },
    "index_02_l": {
      "name": "index_02_l",
      "local": {
        "location": {
          "x": 0.0,
          "y": 0.0,
          "z": 0.0
        },
        "rotation_quaternion": {
          "w": 0.9998166561126709,
          "x": 0.018040118739008904,
          "y": 0.005417812615633011,
          "z": -0.003470076248049736
        },
        "scale": {
          "x": 1.0,
          "y": 1.0,
          "z": 1.0
        },
        "matrix_basis": [
          [
            0.999917209148407,
            0.007134356070309877,
            0.01070843730121851,
            0.0
          ],
          [
            -0.00674340408295393,
            0.9993250370025635,
            -0.03611122444272041,
            0.0
          ],
          [
            -0.010958840139210224,
            0.03603602200746536,
            0.999290406703949,
            0.0
          ],
          [
            0.0,
            0.0,
            0.0,
            1.0
          ]
        ],
        "rotation_mode": "QUATERNION"
      },
      "armature_space": {
        "head": {
          "x": 0.5184380412101746,
          "y": -0.6599636077880859,
          "z": 0.5719821453094482
        },
        "tail": {
          "x": 0.5347648859024048,
          "y": -0.6796293258666992,
          "z": 0.5741692781448364
        }
      },
      "world_space": {
        "head": {
          "x": 0.5184380412101746,
          "y": -0.5967196226119995,
          "z": 1.5218361616134644
        },
        "tail": {
          "x": 0.5347648859024048,
          "y": -0.6163853406906128,
          "z": 1.5240232944488525
        },
        "rotation_quaternion": {
          "w": 0.11643950641155243,
          "x": 0.9182701706886292,
          "y": 0.321158230304718,
          "z": -0.20019766688346863
        },
        "matrix": [
          [
            0.7135563492774963,
            0.6364423632621765,
            -0.2928794324398041,
            0.5184380412101746
          ],
          [
            0.54319828748703,
            -0.7665979266166687,
            -0.3424372971057892,
            -0.5967196226119995
          ],
          [
            -0.44246503710746765,
            0.0852564200758934,
            -0.8927319049835205,
            1.5218361616134644
          ],
          [
            0.0,
            0.0,
            0.0,
            1.0
          ]
        ]
      },
      "bone_length_armature_space": 0.02565326223823841,
      "parent": "index_01_l",
      "has_children": true,
      "is_end_bone": false
    },
    "index_03_l": {
      "name": "index_03_l",
      "local": {
        "location": {
          "x": 0.0,
          "y": 0.0,
          "z": 0.0
        },
        "rotation_quaternion": {
          "w": 0.9979560375213623,
          "x": 0.06387263536453247,
          "y": 0.001600837567821145,
          "z": 0.0012097600847482681
        },
        "scale": {
          "x": 1.0,
          "y": 1.0,
          "z": 1.0
        },
        "matrix_basis": [
          [
            0.9999919533729553,
            -0.002210075268521905,
            0.003349672071635723,
            0.0
          ],
          [
            0.0026190741918981075,
            0.9918376207351685,
            -0.12748029828071594,
            0.0
          ],
          [
            -0.0030405898578464985,
            0.12748803198337555,
            0.9918354749679565,
            0.0
          ],
          [
            0.0,
            0.0,
            0.0,
            1.0
          ]
        ],
        "rotation_mode": "QUATERNION"
      },
      "armature_space": {
        "head": {
          "x": 0.5347648859024048,
          "y": -0.6796292662620544,
          "z": 0.574169397354126
        },
        "tail": {
          "x": 0.5530173778533936,
          "y": -0.7020152807235718,
          "z": 0.5697596073150635
        }
      },
      "world_space": {
        "head": {
          "x": 0.5347648859024048,
          "y": -0.616385281085968,
          "z": 1.524023413658142
        },
        "tail": {
          "x": 0.5530173778533936,
          "y": -0.6387712955474854,
          "z": 1.5196136236190796
        },
        "rotation_quaternion": {
          "w": 0.004916974809020758,
          "x": -0.9165200591087341,
          "y": -0.34190472960472107,
          "z": 0.20752811431884766
        },
        "matrix": [
          [
            0.6800661087036133,
            0.6246848106384277,
            -0.38376936316490173,
            0.5347648859024048
          ],
          [
            0.628765881061554,
            -0.7661537528038025,
            -0.13289818167686462,
            -0.616385281085968
          ],
          [
            -0.3770478665828705,
            -0.1509234458208084,
            -0.9138222336769104,
            1.524023413658142
          ],
          [
            0.0,
            0.0,
            0.0,
            1.0
          ]
        ]
      },
      "bone_length_armature_space": 0.029218715478690555,
      "parent": "index_02_l",
      "has_children": false,
      "is_end_bone": true
    },
    "metacarpal_pinky_l": {
      "name": "metacarpal_pinky_l",
      "local": {
        "location": {
          "x": 0.0,
          "y": 0.0,
          "z": 0.0
        },
        "rotation_quaternion": {
          "w": 0.9984182715415955,
          "x": -0.05314032733440399,
          "y": 0.01277812197804451,
          "z": -0.013190312311053276
        },
        "scale": {
          "x": 1.0,
          "y": 1.0,
          "z": 1.0
        },
        "matrix_basis": [
          [
            0.9993254542350769,
            0.024980830028653145,
            0.026917695999145508,
            0.0
          ],
          [
            -0.027696965262293816,
            0.9940042495727539,
            0.10577545315027237,
            0.0
          ],
          [
            -0.02411394566297531,
            -0.10644964128732681,
            0.9940256476402283,
            0.0
          ],
          [
            0.0,
            0.0,
            0.0,
            1.0
          ]
        ],
        "rotation_mode": "QUATERNION"
      },
      "armature_space": {
        "head": {
          "x": 0.475280225276947,
          "y": -0.5233669281005859,
          "z": 0.5741755962371826
        },
        "tail": {
          "x": 0.5548814535140991,
          "y": -0.5904647707939148,
          "z": 0.5763516426086426
        }
      },
      "world_space": {
        "head": {
          "x": 0.475280225276947,
          "y": -0.4601229429244995,
          "z": 1.5240296125411987
        },
        "tail": {
          "x": 0.5548814535140991,
          "y": -0.5272207856178284,
          "z": 1.5262056589126587
        },
        "rotation_quaternion": {
          "w": 0.4133132994174957,
          "x": 0.20401087403297424,
          "y": 0.08361245691776276,
          "z": -0.8834934234619141
        },
        "matrix": [
          [
            -0.575103223323822,
            0.7644352912902832,
            -0.2913672924041748,
            0.475280225276947
          ],
          [
            -0.6962040066719055,
            -0.6443616151809692,
            -0.31638336181640625,
            -0.4601229429244995
          ],
          [
            -0.42960405349731445,
            0.020897403359413147,
            0.9027833342552185,
            1.5240296125411987
          ],
          [
            0.0,
            0.0,
            0.0,
            1.0
          ]
        ]
      },
      "bone_length_armature_space": 0.10413074083776039,
      "parent": "lowerarm_l",
      "has_children": true,
      "is_end_bone": false
    },
    "pinky_01_l": {
      "name": "pinky_01_l",
      "local": {
        "location": {
          "x": 0.0,
          "y": 0.0,
          "z": 0.0
        },
        "rotation_quaternion": {
          "w": 0.997397243976593,
          "x": -0.06939112395048141,
          "y": -0.01843932457268238,
          "z": -0.006609317380934954
        },
        "scale": {
          "x": 1.0,
          "y": 1.0,
          "z": 1.0
        },
        "matrix_basis": [
          [
            0.9992325901985168,
            0.015743281692266464,
            -0.035865407437086105,
            0.0
          ],
          [
            -0.010625178925693035,
            0.9902823567390442,
            0.13866476714611053,
            0.0
          ],
          [
            0.03769991919398308,
            -0.138177290558815,
            0.9896897077560425,
            0.0
          ],
          [
            0.0,
            0.0,
            0.0,
            1.0
          ]
        ],
        "rotation_mode": "QUATERNION"
      },
      "armature_space": {
        "head": {
          "x": 0.5548814535140991,
          "y": -0.5904647707939148,
          "z": 0.5763516426086426
        },
        "tail": {
