{
  "metadata": {
    "armature_name": "KIM_caucasian_male",
    "export_time": "2026-01-13T19:11:05.325259",
    "blender_version": "4.4.1",
    "bone_count": 56,
    "end_bone_count": 13,
    "spaces_included": [
      "LOCAL_CHANNELS",
      "ARMATURE_SPACE",
      "WORLD_SPACE"
    ],
    "note": "LOCAL matches Transform panel; replay pose via local.matrix_basis for best fidelity."
  },
  "bones": {
    "Root": {
      "name": "Root",
      "local": {
        "location": {
          "x": 0.0,
          "y": 0.0,
          "z": 0.0
        },
        "rotation_quaternion": {
          "w": 0.999746561050415,
          "x": -0.007518291939049959,
          "y": 0.004183147102594376,
          "z": -0.020807653665542603
        },
        "scale": {
          "x": 1.0,
          "y": 1.0,
          "z": 1.0
        },
        "matrix_basis": [
          [
            0.99909907579422,
            0.04154185950756073,
            0.008677049539983273,
            0.0
          ],
          [
            -0.04166765883564949,
            0.999021053314209,
            0.014858690090477467,
            0.0
          ],
          [
            -0.008051297627389431,
            -0.015206855721771717,
            0.9998519420623779,
            0.0
          ],
          [
            0.0,
            0.0,
            0.0,
            1.0
          ]
        ],
        "rotation_mode": "QUATERNION"
      },
      "armature_space": {
        "head": {
          "x": 0.0,
          "y": 0.07072800397872925,
          "z": -0.009595036506652832
        },
        "tail": {
          "x": 0.0029650863725692034,
          "y": 0.00021515041589736938,
          "z": 0.0010661650449037552
        }
      },
      "world_space": {
        "head": {
          "x": 0.0,
          "y": 0.13397200405597687,
          "z": 0.9402589797973633
        },
        "tail": {
          "x": 0.0029650863725692034,
          "y": 0.06345915049314499,
          "z": 0.9509201645851135
        },
        "rotation_quaternion": {
          "w": 0.07485179603099823,
          "x": 0.9969688057899475,
          "y": 0.021042192354798317,
          "z": 0.0027718753553926945
        },
        "matrix": [
          [
            0.99909907579422,
            0.04154185950756073,
            0.008677049539983273,
            0.0
          ],
          [
            0.042371783405542374,
            -0.9879088401794434,
            -0.1491336077451706,
            0.13397200405597687
          ],
          [
            0.002376902848482132,
            0.14936703443527222,
            -0.9887860417366028,
            0.9402589797973633
          ],
          [
            0.0,
            0.0,
            0.0,
            1.0
          ]
        ]
      },
      "bone_length_armature_space": 0.07137587474300884,
      "parent": null,
      "has_children": true,
      "is_end_bone": false
    },
    "spine_01": {
      "name": "spine_01",
      "local": {
        "location": {
          "x": 0.0,
          "y": 0.0,
          "z": 0.0
        },
        "rotation_quaternion": {
          "w": 0.9981101751327515,
          "x": 0.034710243344306946,
          "y": 0.050538092851638794,
          "z": 0.004153840709477663
        },
        "scale": {
          "x": 1.0,
          "y": 1.0,
          "z": 1.0
        },
        "matrix_basis": [
          [
            0.9948573112487793,
            -0.0047836024314165115,
            0.1011735275387764,
            0.0
          ],
          [
            0.011800359934568405,
            0.9975559115409851,
            -0.0688694417476654,
            0.0
          ],
          [
            -0.10059680789709091,
            0.06970915198326111,
            0.9924821853637695,
            0.0
          ],
          [
            0.0,
            0.0,
            0.0,
            1.0
          ]
        ],
        "rotation_mode": "QUATERNION"
      },
      "armature_space": {
        "head": {
          "x": 0.0029650863725692034,
          "y": 0.00021515041589736938,
          "z": 0.0010661650449037552
        },
        "tail": {
          "x": -0.00036224606446921825,
          "y": -0.0037947590462863445,
          "z": 0.4890429973602295
        }
      },
      "world_space": {
        "head": {
          "x": 0.0029650863725692034,
          "y": 0.06345915049314499,
          "z": 0.9509201645851135
        },
        "tail": {
          "x": -0.00036224606446921825,
          "y": 0.05944924056529999,
          "z": 1.4388970136642456
        },
        "rotation_quaternion": {
          "w": 0.7025469541549683,
          "x": 0.7079965472221375,
          "y": 0.048156335949897766,
          "z": 0.053382448852062225
        },
        "matrix": [
          [
            0.9896625876426697,
            -0.0068182870745658875,
            0.14325326681137085,
            0.0029650863725692034
          ],
          [
            0.14319631457328796,
            -0.008217006921768188,
            -0.9896602034568787,
            0.06345915049314499
          ],
          [
            0.007925085723400116,
            0.9999499917030334,
            -0.007156658917665482,
            0.9509201645851135
          ],
          [
            0.0,
            0.0,
            0.0,
            1.0
          ]
        ]
      },
      "bone_length_armature_space": 0.48800463722765375,
      "parent": "Root",
      "has_children": true,
      "is_end_bone": false
    },
    "neck_01": {
      "name": "neck_01",
      "local": {
        "location": {
          "x": 0.0,
          "y": 0.0,
          "z": 0.0
        },
        "rotation_quaternion": {
          "w": 0.9898495078086853,
          "x": -0.03496931120753288,
          "y": 0.11958745867013931,
          "z": 0.06836674362421036
        },
        "scale": {
          "x": 1.0,
          "y": 1.0,
          "z": 1.0
        },
        "matrix_basis": [
          [
            0.962049663066864,
            -0.14370936155319214,
            0.23196570575237274,
            0.0
          ],
          [
            0.12698179483413696,
            0.9882062673568726,
            0.08558031916618347,
            0.0
          ],
          [
            -0.24152864515781403,
            -0.05287710204720497,
            0.9689520001411438,
            0.0
          ],
          [
            0.0,
            0.0,
            0.0,
            1.0
          ]
        ],
        "rotation_mode": "QUATERNION"
      },
      "armature_space": {
        "head": {
          "x": 0.004106615670025349,
          "y": -0.038718245923519135,
          "z": 0.5620095729827881
        },
        "tail": {
          "x": -0.006326217204332352,
          "y": -0.07471810281276703,
          "z": 0.6574344635009766
        }
      },
      "world_space": {
        "head": {
          "x": 0.004106615670025349,
          "y": 0.024525754153728485,
          "z": 1.5118635892868042
        },
        "tail": {
          "x": -0.006326217204332352,
          "y": -0.01147410273551941,
          "z": 1.6072884798049927
        },
        "rotation_quaternion": {
          "w": 0.5659455060958862,
          "x": 0.8017593026161194,
          "y": 0.06428954750299454,
          "z": 0.1809823215007782
        },
        "matrix": [
          [
            0.9262248873710632,
            -0.101762555539608,
            0.3629765510559082,
            0.004106615670025349
          ],
          [
            0.30794113874435425,
            -0.35114502906799316,
            -0.8842339515686035,
            0.024525754153728485
          ],
          [
            0.21744108200073242,
            0.9307809472084045,
            -0.2939052879810333,
            1.5118635892868042
          ],
          [
            0.0,
            0.0,
            0.0,
            1.0
          ]
        ]
      },
      "bone_length_armature_space": 0.10252191642901129,
      "parent": "spine_01",
      "has_children": true,
      "is_end_bone": false
    },
    "head": {
      "name": "head",
      "local": {
        "location": {
          "x": 0.0,
          "y": 0.0,
          "z": 0.0
        },
        "rotation_quaternion": {
          "w": 0.9643519520759583,
          "x": -0.1213710680603981,
          "y": 0.12827327847480774,
          "z": -0.19708001613616943
        },
        "scale": {
          "x": 1.0,
          "y": 1.0,
          "z": 1.0
        },
        "matrix_basis": [
          [
            0.8894108533859253,
            0.3489716649055481,
            0.2952407896518707,
            0.0
          ],
          [
            -0.41124632954597473,
            0.8928570747375488,
            0.18352864682674408,
            0.0
          ],
          [
            -0.19956155121326447,
            -0.2846490442752838,
            0.9376300573348999,
            0.0
          ],
          [
            0.0,
            0.0,
            0.0,
            1.0
          ]
        ],
        "rotation_mode": "QUATERNION"
      },
      "armature_space": {
        "head": {
          "x": -0.0063261534087359905,
          "y": -0.07471821457147598,
          "z": 0.657434344291687
        },
        "tail": {
          "x": -0.0007380056194961071,
          "y": -0.017266467213630676,
          "z": 0.8013834953308105
        }
      },
      "world_space": {
        "head": {
          "x": -0.0063261534087359905,
          "y": -0.011474214494228363,
          "z": 1.6072883605957031
        },
        "tail": {
          "x": -0.0007380056194961071,
          "y": 0.04597753286361694,
          "z": 1.7512375116348267
        },
        "rotation_quaternion": {
          "w": 0.7952374219894409,
          "x": 0.5446325540542603,
          "y": 0.22982041537761688,
          "z": 0.13474169373512268
        },
        "matrix": [
          [
            0.8580549955368042,
            0.03603159636259079,
            0.5122925639152527,
            -0.0063261534087359905
          ],
          [
            0.46463820338249207,
            0.37044084072113037,
            -0.8042917251586914,
            -0.011474214494228363
          ],
          [
            -0.21875512599945068,
            0.928164005279541,
            0.30111825466156006,
            1.6072883605957031
          ],
          [
            0.0,
            0.0,
            0.0,
            1.0
          ]
        ]
      },
      "bone_length_armature_space": 0.1550912250075929,
      "parent": "neck_01",
      "has_children": false,
      "is_end_bone": true
    },
    "upperarm_l": {
      "name": "upperarm_l",
      "local": {
        "location": {
          "x": 0.0,
          "y": 0.0,
          "z": 0.0
        },
        "rotation_quaternion": {
          "w": 0.9820123910903931,
          "x": 0.11318130046129227,
          "y": 0.14082522690296173,
          "z": 0.054863523691892624
        },
        "scale": {
          "x": 1.0,
          "y": 1.0,
          "z": 1.0
        },
        "matrix_basis": [
          [
            0.9543164968490601,
            -0.07587575912475586,
            0.28900328278541565,
            0.0
          ],
          [
            0.13963088393211365,
            0.9683599472045898,
            -0.20683854818344116,
            0.0
          ],
          [
            -0.2641651928424835,
            0.23774321377277374,
            0.934716522693634,
            0.0
          ],
          [
            0.0,
            0.0,
            0.0,
            1.0
          ]
        ],
        "rotation_mode": "QUATERNION"
      },
      "armature_space": {
        "head": {
          "x": 0.15347109735012054,
          "y": -0.019842704758048058,
          "z": 0.495971143245697
        },
        "tail": {
          "x": 0.4205572009086609,
          "y": -0.035821009427309036,
          "z": 0.5107135772705078
        }
      },
      "world_space": {
        "head": {
          "x": 0.15347109735012054,
          "y": 0.04340129345655441,
          "z": 1.4458250999450684
        },
        "tail": {
          "x": 0.4205572009086609,
          "y": 0.027422990649938583,
          "z": 1.460567593574524
        },
        "rotation_quaternion": {
          "w": 0.4170685112476349,
          "x": 0.601283848285675,
          "y": 0.5442785024642944,
          "z": -0.4102103114128113
        },
        "matrix": [
          [
            0.0709753930568695,
            0.996703565120697,
            -0.039300963282585144,
            0.15347109735012054
          ],
          [
            0.3123602271080017,
            -0.059627339243888855,
            -0.9480907320976257,
            0.04340129345655441
          ],
          [
            -0.9473149180412292,
            0.055015336722135544,
            -0.3155656158924103,
            1.4458250999450684
          ],
          [
            0.0,
            0.0,
            0.0,
            1.0
          ]
        ]
      },
      "bone_length_armature_space": 0.26796944976825965,
      "parent": "spine_01",
      "has_children": true,
      "is_end_bone": false
    },
    "lowerarm_l": {
      "name": "lowerarm_l",
      "local": {
        "location": {
          "x": 0.0,
          "y": 0.0,
          "z": 0.0
        },
        "rotation_quaternion": {
          "w": 0.9745700359344482,
          "x": 0.1726529598236084,
          "y": -0.05475122109055519,
          "z": 0.13193379342556
        },
        "scale": {
          "x": 1.0,
          "y": 1.0,
          "z": 1.0
        },
        "matrix_basis": [
          [
            0.9591915607452393,
            -0.27606335282325745,
            -0.06116027757525444,
            0.0
          ],
          [
            0.23825152218341827,
            0.9055688381195068,
            -0.35097187757492065,
            0.0
          ],
          [
            0.15227532386779785,
            0.3220777213573456,
            0.9343864917755127,
            0.0
          ],
          [
            0.0,
            0.0,
            0.0,
            1.0
          ]
        ],
        "rotation_mode": "QUATERNION"
      },
      "armature_space": {
        "head": {
          "x": 0.42055726051330566,
          "y": -0.0358211025595665,
          "z": 0.5107136368751526
        },
        "tail": {
          "x": 0.6338850855827332,
          "y": -0.1778382658958435,
          "z": 0.5874714255332947
        }
      },
      "world_space": {
        "head": {
          "x": 0.42055726051330566,
          "y": 0.027422897517681122,
          "z": 1.4605677127838135
        },
        "tail": {
          "x": 0.6338850855827332,
          "y": -0.11459426581859589,
          "z": 1.537325382232666
        },
        "rotation_quaternion": {
          "w": 0.4011945426464081,
          "x": 0.7065313458442688,
          "y": 0.2713206112384796,
          "z": -0.5159859657287598
        },
        "matrix": [
          [
            0.32028722763061523,
            0.797414243221283,
            -0.5114160180091858,
            0.42055726051330566
          ],
          [
            -0.030627667903900146,
            -0.530856728553772,
            -0.8469081521034241,
            0.027422897517681122
          ],
          [
            -0.9468318223953247,
            0.2869188189506531,
            -0.14560547471046448,
            1.4605677127838135
          ],
          [
            0.0,
            0.0,
            0.0,
            1.0
          ]
        ]
      },
      "bone_length_armature_space": 0.26752456247283507,
      "parent": "upperarm_l",
      "has_children": true,
      "is_end_bone": false
    },
    "metacarpal_thumb_l": {
      "name": "metacarpal_thumb_l",
      "local": {
        "location": {
          "x": 0.0,
          "y": 0.0,
          "z": 0.0
        },
        "rotation_quaternion": {
          "w": 0.9997166991233826,
          "x": 0.017211608588695526,
          "y": -0.011977019719779491,
          "z": -0.011268051341176033
        },
        "scale": {
          "x": 1.0,
          "y": 1.0,
          "z": 1.0
        },
        "matrix_basis": [
          [
            0.9994591474533081,
            0.022117430344223976,
            -0.024335136637091637,
            0.0
          ],
          [
            -0.022942006587982178,
            0.9991535544395447,
            -0.03414354845881462,
            0.0
          ],
          [
            0.023559371009469032,
            0.03468338027596474,
            0.9991206526756287,
            0.0
          ],
          [
            0.0,
            0.0,
            0.0,
            1.0
          ]
        ],
        "rotation_mode": "QUATERNION"
      },
      "armature_space": {
        "head": {
          "x": 0.6338850855827332,
          "y": -0.1778382658958435,
          "z": 0.5874714255332947
        },
        "tail": {
          "x": 0.65431147813797,
          "y": -0.22286228835582733,
          "z": 0.5844410061836243
        }
      },
      "world_space": {
        "head": {
          "x": 0.6338850855827332,
          "y": -0.11459426581859589,
          "z": 1.537325382232666
        },
        "tail": {
          "x": 0.65431147813797,
          "y": -0.1596182882785797,
          "z": 1.5342950820922852
        },
        "rotation_quaternion": {
          "w": 0.05078105628490448,
          "x": -0.9727494120597839,
          "y": -0.2072252333164215,
          "z": -0.09076158702373505
        },
        "matrix": [
          [
            0.8976399898529053,
            0.41237425804138184,
            0.15553000569343567,
            0.6338850855827332
          ],
          [
            0.39393869042396545,
            -0.9089578986167908,
            0.1364104151725769,
            -0.11459426581859589
          ],
          [
            0.19762417674064636,
            -0.06117942929267883,
            -0.9783740043640137,
            1.537325382232666
          ],
          [
            0.0,
            0.0,
            0.0,
            1.0
          ]
        ]
      },
      "bone_length_armature_space": 0.04953366072271592,
      "parent": "lowerarm_l",
      "has_children": true,
      "is_end_bone": false
    },
    "thumb_01_l": {
      "name": "thumb_01_l",
      "local": {
        "location": {
          "x": 0.0,
          "y": 0.0,
          "z": 0.0
        },
        "rotation_quaternion": {
          "w": 0.98686683177948,
          "x": 0.16097064316272736,
          "y": 0.005094593856483698,
          "z": -0.012508761137723923
        },
        "scale": {
          "x": 1.0,
          "y": 1.0,
          "z": 1.0
        },
        "matrix_basis": [
          [
            0.9996351599693298,
            0.026329122483730316,
            0.006028284784406424,
            0.0
          ],
          [
            -0.023048803210258484,
            0.9478639364242554,
            -0.3178406357765198,
            0.0
          ],
          [
            -0.01408245787024498,
            0.3175857365131378,
            0.9481250047683716,
            0.0
          ],
          [
            0.0,
            0.0,
            0.0,
            1.0
          ]
        ],
        "rotation_mode": "QUATERNION"
      },
      "armature_space": {
        "head": {
          "x": 0.65431147813797,
          "y": -0.22286228835582733,
          "z": 0.5844410061836243
        },
        "tail": {
          "x": 0.6736404895782471,
          "y": -0.237653449177742,
          "z": 0.5606451034545898
        }
      },
      "world_space": {
        "head": {
          "x": 0.65431147813797,
          "y": -0.1596182882785797,
          "z": 1.5342950820922852
        },
        "tail": {
          "x": 0.6736404895782471,
          "y": -0.17440944910049438,
          "z": 1.510499119758606
        },
        "rotation_quaternion": {
          "w": 0.5246017575263977,
          "x": -0.5614802837371826,
          "y": 0.08672396838665009,
          "z": -0.6340441107749939
        },
        "matrix": [
          [
            0.18093585968017578,
            0.5678564310073853,
            0.8029950857162476,
            0.65431147813797
          ],
          [
            -0.7626285552978516,
            -0.4345411956310272,
            0.47913622856140137,
            -0.1596182882785797
          ],
          [
            0.621018648147583,
            -0.6990854144096375,
            0.3544424772262573,
            1.5342950820922852
          ],
          [
            0.0,
            0.0,
            0.0,
            1.0
          ]
        ]
      },
      "bone_length_armature_space": 0.03403871491964239,
      "parent": "metacarpal_thumb_l",
      "has_children": true,
      "is_end_bone": false
    },
    "thumb_02_l": {
      "name": "thumb_02_l",
      "local": {
        "location": {
          "x": 0.0,
          "y": 0.0,
          "z": 0.0
        },
        "rotation_quaternion": {
          "w": 0.9226303100585938,
          "x": 0.3856428563594818,
          "y": 0.004183923825621605,
          "z": 0.003924118354916573
        },
        "scale": {
          "x": 1.0,
          "y": 1.0,
          "z": 1.0
        },
        "matrix_basis": [
          [
            0.999934196472168,
            -0.004014020320028067,
            0.010747046209871769,
            0.0
          ],
          [
            0.010468021966516972,
            0.7025283575057983,
            -0.7115787267684937,
            0.0
          ],
          [
            -0.004693813621997833,
            0.7116444110870361,
            0.7025241851806641,
            0.0
          ],
          [
            0.0,
            0.0,
            0.0,
            1.0
          ]
        ],
        "rotation_mode": "QUATERNION"
      },
      "armature_space": {
        "head": {
          "x": 0.6736404299736023,
          "y": -0.2376534342765808,
          "z": 0.5606451034545898
        },
        "tail": {
          "x": 0.6953848600387573,
          "y": -0.23838821053504944,
          "z": 0.5944065451622009
        }
      },
      "world_space": {
        "head": {
          "x": 0.6736404299736023,
          "y": -0.1744094341993332,
          "z": 1.510499119758606
        },
        "tail": {
          "x": 0.6953848600387573,
          "y": -0.17514421045780182,
          "z": 1.5442605018615723
        },
        "rotation_quaternion": {
          "w": 0.4961315393447876,
          "x": 0.15200527012348175,
          "y": -0.49467727541923523,
          "z": -0.6971674561500549
        },
        "matrix": [
          [
            -0.4614931344985962,
            0.5413861870765686,
            -0.7027978301048279,
            0.6736404299736023
          ],
          [
            -0.8421620726585388,
            -0.018294066190719604,
            0.5389140844345093,
            -0.1744094341993332
          ],
          [
            0.2789047062397003,
            0.8405807614326477,
            0.4643813967704773,
            1.510499119758606
          ],
          [
            0.0,
            0.0,
            0.0,
            1.0
          ]
        ]
      },
      "bone_length_armature_space": 0.04016460049052281,
      "parent": "thumb_01_l",
      "has_children": true,
      "is_end_bone": false
    },
    "thumb_03_l": {
      "name": "thumb_03_l",
      "local": {
        "location": {
          "x": 0.0,
          "y": 0.0,
          "z": 0.0
        },
        "rotation_quaternion": {
          "w": 0.9788775444030762,
          "x": 0.2044311761856079,
          "y": 0.0009140408947132528,
          "z": 0.002430017339065671
        },
        "scale": {
          "x": 1.0,
          "y": 1.0,
          "z": 1.0
        },
        "matrix_basis": [
          [
            0.9999865293502808,
            -0.004383661784231663,
            0.0027830107137560844,
            0.0
          ],
          [
            0.00513109564781189,
            0.9164039492607117,
            -0.40022173523902893,
            0.0
          ],
          [
            -0.0007959256181493402,
            0.40023061633110046,
            0.9164141416549683,
            0.0
          ],
          [
            0.0,
            0.0,
            0.0,
            1.0
          ]
        ],
        "rotation_mode": "QUATERNION"
      },
      "armature_space": {
        "head": {
          "x": 0.6953849196434021,
          "y": -0.2383882850408554,
          "z": 0.5944064855575562
        },
        "tail": {
          "x": 0.6953309178352356,
          "y": -0.2288823425769806,
          "z": 0.6233294606208801
        }
      },
      "world_space": {
        "head": {
          "x": 0.6953849196434021,
          "y": -0.1751442849636078,
          "z": 1.5442605018615723
        },
        "tail": {
          "x": 0.6953309178352356,
          "y": -0.16563834249973297,
          "z": 1.573183536529541
        },
        "rotation_quaternion": {
          "w": 0.5591679215431213,
          "x": 0.4056059420108795,
          "y": -0.5860445499420166,
          "z": -0.42351728677749634
        },
        "matrix": [
          [
            -0.04563140869140625,
            -0.0017732679843902588,
            -0.9989566802978516,
            0.6953849196434021
          ],
          [
            -0.9490406513214111,
            0.3122342824935913,
            0.042796872556209564,
            -0.1751442849636078
          ],
          [
            0.31183382868766785,
            0.9500104188919067,
            -0.015930593013763428,
            1.5442605018615723
          ],
          [
            0.0,
            0.0,
            0.0,
            1.0
          ]
        ]
      },
      "bone_length_armature_space": 0.030445103991116728,
      "parent": "thumb_02_l",
      "has_children": false,
      "is_end_bone": true
    },
    "metacarpal_index_l": {
      "name": "metacarpal_index_l",
      "local": {
        "location": {
          "x": 0.0,
          "y": 0.0,
          "z": 0.0
        },
        "rotation_quaternion": {
          "w": 0.9990936517715454,
          "x": -0.04191923514008522,
          "y": -0.007334099151194096,
          "z": 0.0009853484807536006
        },
        "scale": {
          "x": 1.0,
          "y": 1.0,
          "z": 1.0
        },
        "matrix_basis": [
          [
            0.9998905062675476,
            -0.00135403114836663,
            -0.014737513847649097,
            0.0
          ],
          [
            0.002583790570497513,
            0.9964836239814758,
            0.08374802768230438,
            0.0
          ],
          [
            0.014572293497622013,
            -0.08377693593502045,
            0.9963780045509338,
            0.0
          ],
          [
            0.0,
            0.0,
            0.0,
            1.0
          ]
        ],
        "rotation_mode": "QUATERNION"
      },
      "armature_space": {
        "head": {
          "x": 0.6338850855827332,
          "y": -0.1778382658958435,
          "z": 0.5874714255332947
        },
        "tail": {
          "x": 0.7078607082366943,
          "y": -0.26358625292778015,
          "z": 0.6175398826599121
        }
      },
      "world_space": {
        "head": {
          "x": 0.6338850855827332,
          "y": -0.11459426581859589,
          "z": 1.537325382232666
        },
        "tail": {
          "x": 0.7078607082366943,
          "y": -0.20034225285053253,
          "z": 1.5673938989639282
        },
        "rotation_quaternion": {
          "w": 0.1897089034318924,
          "x": 0.9188737869262695,
          "y": 0.3132140040397644,
          "z": -0.14689674973487854
        },
        "matrix": [
          [
            0.7606365084648132,
            0.6313436031341553,
            -0.15111929178237915,
            0.6338850855827332
          ],
          [
            0.519873321056366,
            -0.7318146824836731,
            -0.44065791368484497,
            -0.11459426581859589
          ],
          [
            -0.38880008459091187,
            0.2566186785697937,
            -0.8848702311515808,
            1.537325382232666
          ],
          [
            0.0,
            0.0,
            0.0,
            1.0
          ]
        ]
      },
      "bone_length_armature_space": 0.11717176331716837,
      "parent": "lowerarm_l",
      "has_children": true,
      "is_end_bone": false
    },
    "index_01_l": {
      "name": "index_01_l",
      "local": {
        "location": {
          "x": 0.0,
          "y": 0.0,
          "z": 0.0
        },
        "rotation_quaternion": {
          "w": 0.9720500707626343,
          "x": 0.23458552360534668,
          "y": 0.0073729828000068665,
          "z": 0.005835568532347679
        },
        "scale": {
          "x": 1.0,
          "y": 1.0,
          "z": 1.0
        },
        "matrix_basis": [
          [
            0.9998231530189514,
            -0.007885739207267761,
            0.017071695998311043,
            0.0
          ],
          [
            0.014804119244217873,
            0.8898711800575256,
            -0.45597168803215027,
            0.0
          ],
          [
            -0.011595937423408031,
            0.4561437964439392,
            0.8898305296897888,
            0.0
          ],
          [
            0.0,
            0.0,
            0.0,
            1.0
          ]
        ],
        "rotation_mode": "QUATERNION"
      },
      "armature_space": {
        "head": {
          "x": 0.7078607082366943,
          "y": -0.26358625292778015,
          "z": 0.6175398826599121
        },
        "tail": {
          "x": 0.7293928265571594,
          "y": -0.2814400792121887,
          "z": 0.6120010018348694
        }
      },
      "world_space": {
        "head": {
          "x": 0.7078607082366943,
          "y": -0.20034225285053253,
          "z": 1.5673938989639282
        },
        "tail": {
          "x": 0.7293928265571594,
          "y": -0.2181960791349411,
          "z": 1.5618550777435303
        },
        "rotation_quaternion": {
          "w": 0.009387406520545483,
          "x": 0.8681895136833191,
          "y": 0.43225520849227905,
          "z": -0.2435455173254013
        },
        "matrix": [
          [
            0.5076813101768494,
            0.7551320195198059,
            -0.41477105021476746,
            0.7078607082366943
          ],
          [
            0.7459863424301147,
            -0.6261342167854309,
            -0.2268495410680771,
            -0.20034225285053253
          ],
          [
            -0.4310060143470764,
            -0.19424819946289062,
            -0.8812010884284973,
            1.5673938989639282
          ],
          [
            0.0,
            0.0,
            0.0,
            1.0
          ]
        ]
      },
      "bone_length_armature_space": 0.02851438994000861,
      "parent": "metacarpal_index_l",
      "has_children": true,
      "is_end_bone": false
    },
    "index_02_l": {
      "name": "index_02_l",
      "local": {
        "location": {
          "x": 0.0,
          "y": 0.0,
          "z": 0.0
        },
        "rotation_quaternion": {
          "w": 0.9205237627029419,
          "x": 0.39057642221450806,
          "y": 0.005186272785067558,
          "z": 0.0077055287547409534
        },
        "scale": {
          "x": 1.0,
          "y": 1.0,
          "z": 1.0
        },
        "matrix_basis": [
          [
            0.9998274445533752,
            -0.010134972631931305,
            0.015567370690405369,
            0.0
          ],
          [
            0.018237516283988953,
            0.6947813630104065,
            -0.7189898490905762,
            0.0
          ],
          [
            -0.0035289789084345102,
            0.7191497087478638,
            0.6948463320732117,
            0.0
          ],
          [
            0.0,
            0.0,
            0.0,
            1.0
          ]
        ],
        "rotation_mode": "QUATERNION"
      },
      "armature_space": {
        "head": {
          "x": 0.7293928861618042,
          "y": -0.2814405560493469,
          "z": 0.6120007634162903
        },
        "tail": {
          "x": 0.735525906085968,
          "y": -0.2977173626422882,
          "z": 0.5931448340415955
        }
      },
      "world_space": {
        "head": {
          "x": 0.7293928861618042,
          "y": -0.2181965559720993,
          "z": 1.5618548393249512
        },
        "tail": {
          "x": 0.735525906085968,
          "y": -0.2344733625650406,
          "z": 1.5429987907409668
        },
        "rotation_quaternion": {
          "w": 0.30089494585990906,
          "x": -0.8037180304527283,
          "y": -0.30367112159729004,
          "z": 0.4138638973236084
        },
        "matrix": [
          [
            0.47300073504447937,
            0.23907464742660522,
            -0.8480055928230286,
            0.7293928861618042
          ],
          [
            0.737191379070282,
            -0.6344925761222839,
            0.23231104016304016,
            -0.2181965559720993
          ],
          [
            -0.4825161397457123,
            -0.7350314259529114,
            -0.47636234760284424,
            1.5618548393249512
          ],
          [
            0.0,
            0.0,
            0.0,
            1.0
          ]
        ]
      },
      "bone_length_armature_space": 0.025653351491952317,
      "parent": "index_01_l",
      "has_children": true,
      "is_end_bone": false
    },
    "index_03_l": {
      "name": "index_03_l",
      "local": {
        "location": {
          "x": 0.0,
          "y": 0.0,
          "z": 0.0
        },
        "rotation_quaternion": {
          "w": 0.9612047672271729,
          "x": 0.27580589056015015,
          "y": -0.002744344063103199,
          "z": -0.0029990330804139376
        },
        "scale": {
          "x": 1.0,
          "y": 1.0,
          "z": 1.0
        },
        "matrix_basis": [
          [
            0.9999669194221497,
            0.004251557402312756,
            -0.006930055096745491,
            0.0
          ],
          [
            -0.007279182318598032,
            0.8478442430496216,
            -0.530195415019989,
            0.0
          ],
          [
            0.003621451323851943,
            0.530228316783905,
            0.8478471636772156,
            0.0
          ],
          [
            0.0,
            0.0,
            0.0,
            1.0
          ]
        ],
        "rotation_mode": "QUATERNION"
      },
      "armature_space": {
        "head": {
          "x": 0.7355260252952576,
          "y": -0.2977173924446106,
          "z": 0.5931448936462402
        },
        "tail": {
          "x": 0.7277710437774658,
          "y": -0.3057820796966553,
          "z": 0.5661529898643494
        }
      },
      "world_space": {
        "head": {
          "x": 0.7355260252952576,
          "y": -0.23447339236736298,
          "z": 1.5429989099502563
        },
        "tail": {
          "x": 0.7277710437774658,
          "y": -0.24253807961940765,
          "z": 1.5160069465637207
        },
        "rotation_quaternion": {
          "w": 0.5696128010749817,
          "x": -0.6557777523994446,
          "y": -0.19374290108680725,
          "z": 0.45602694153785706
        },
        "matrix": [
          [
            0.5090035796165466,
            -0.26541242003440857,
            -0.8188232183456421,
            0.7355260252952576
          ],
          [
            0.773623526096344,
            -0.27601128816604614,
            0.5703723430633545,
            -0.23447339236736298
          ],
          [
            -0.37739014625549316,
            -0.9237892031669617,
            0.06483957171440125,
            1.5429989099502563
          ],
          [
            0.0,
            0.0,
            0.0,
            1.0
          ]
        ]
      },
      "bone_length_armature_space": 0.029218860343985957,
      "parent": "index_02_l",
      "has_children": false,
      "is_end_bone": true
    },
    "metacarpal_pinky_l": {
      "name": "metacarpal_pinky_l",
      "local": {
        "location": {
          "x": 0.0,
          "y": 0.0,
          "z": 0.0
        },
        "rotation_quaternion": {
          "w": 0.9998040795326233,
          "x": -0.006173617206513882,
          "y": 0.00884194578975439,
          "z": 0.016598109155893326
        },
        "scale": {
          "x": 1.0,
          "y": 1.0,
          "z": 1.0
        },
        "matrix_basis": [
          [
            0.9992926716804504,
            -0.03329888731241226,
            0.017475485801696777,
            0.0
          ],
          [
            0.03308054059743881,
            0.9993727803230286,
            0.012638334184885025,
            0.0
          ],
          [
            -0.017885368317365646,
            -0.012051296420395374,
            0.9997674226760864,
            0.0
          ],
          [
            0.0,
            0.0,
            0.0,
            1.0
          ]
        ],
        "rotation_mode": "QUATERNION"
      },
      "armature_space": {
        "head": {
          "x": 0.6338850855827332,
          "y": -0.1778382658958435,
          "z": 0.5874714255332947
        },
        "tail": {
          "x": 0.7302770614624023,
          "y": -0.20017248392105103,
          "z": 0.6199213266372681
        }
      },
      "world_space": {
        "head": {
          "x": 0.6338850855827332,
          "y": -0.11459426581859589,
          "z": 1.537325382232666
        },
        "tail": {
          "x": 0.7302770614624023,
          "y": -0.1369284838438034,
          "z": 1.5697753429412842
        },
        "rotation_quaternion": {
          "w": 0.6263766884803772,
          "x": 0.22461703419685364,
          "y": -0.02026090957224369,
          "z": -0.7461829781532288
        },
        "matrix": [
          [
            -0.11439792066812515,
            0.9256818890571594,
            -0.36059093475341797,
            0.6338850855827332
          ],
          [
            -0.9438852071762085,
            -0.2144823968410492,
            -0.2511546015739441,
            -0.11459426581859589
          ],
          [
            -0.3098326623439789,
            0.31162676215171814,
            0.8982796669006348,
            1.537325382232666
          ],
          [
            0.0,
            0.0,
            0.0,
            1.0
          ]
        ]
      },
      "bone_length_armature_space": 0.10413081469817045,
      "parent": "lowerarm_l",
      "has_children": true,
      "is_end_bone": false
    },
    "pinky_01_l": {
      "name": "pinky_01_l",
      "local": {
        "location": {
          "x": 0.0,
          "y": 0.0,
          "z": 0.0
        },
        "rotation_quaternion": {
          "w": 0.9307377338409424,
          "x": 0.3654266893863678,
          "y": -0.011784086003899574,
          "z": -0.0072049954906105995
        },
        "scale": {
          "x": 1.0,
          "y": 1.0,
          "z": 1.0
        },
        "matrix_basis": [
          [
            0.9996184706687927,
            0.004799483343958855,
            -0.027201581746339798,
            0.0
          ],
          [
            -0.022024361416697502,
            0.732822835445404,
            -0.680063009262085,
            0.0
          ],
          [
            0.016669992357492447,
            0.6804026365280151,
            0.7326489686965942,
            0.0
          ],
          [
            0.0,
            0.0,
            0.0,
            1.0
          ]
        ],
        "rotation_mode": "QUATERNION"
      },
      "armature_space": {
        "head": {
          "x": 0.7302770614624023,
          "y": -0.20017248392105103,
          "z": 0.6199213266372681
        },
        "tail": {
