{
  "metadata": {
    "armature_name": "KIM_caucasian_male",
    "export_time": "2026-01-13T19:11:34.161029",
    "blender_version": "4.4.1",
    "bone_count": 56,
    "end_bone_count": 13,
    "spaces_included": [
      "LOCAL_CHANNELS",
      "ARMATURE_SPACE",
      "WORLD_SPACE"
    ],
    "note": "LOCAL matches Transform panel; replay pose via local.matrix_basis for best fidelity."
  },
  "bones": {
    "Root": {
      "name": "Root",
      "local": {
        "location": {
          "x": 0.0,
          "y": 0.0,
          "z": 0.0
        },
        "rotation_quaternion": {
          "w": 0.999801516532898,
          "x": -0.006783121731132269,
          "y": 0.012354142032563686,
          "z": 0.014085984788835049
        },
        "scale": {
          "x": 1.0,
          "y": 1.0,
          "z": 1.0
        },
        "matrix_basis": [
          [
            0.9992979168891907,
            -0.02833397686481476,
            0.024512285366654396,
            0.0
          ],
          [
            0.027998778969049454,
            0.9995111227035522,
            0.013911590911448002,
            0.0
          ],
          [
            -0.0248944740742445,
            -0.013215510174632072,
            0.999602735042572,
            0.0
          ],
          [
            0.0,
            0.0,
            0.0,
            1.0
          ]
        ],
        "rotation_mode": "QUATERNION"
      },
      "armature_space": {
        "head": {
          "x": 0.0,
          "y": 0.07072800397872925,
          "z": -0.009595036506652832
        },
        "tail": {
          "x": -0.0020223623141646385,
          "y": 0.00016138702630996704,
          "z": 0.0009300224483013153
        }
      },
      "world_space": {
        "head": {
          "x": 0.0,
          "y": 0.13397200405597687,
          "z": 0.9402589797973633
        },
        "tail": {
          "x": -0.0020223623141646385,
          "y": 0.06340538710355759,
          "z": 0.9507840275764465
        },
        "rotation_quaternion": {
          "w": 0.07412201166152954,
          "x": 0.997073233127594,
          "y": -0.013221715576946735,
          "z": 0.01327502354979515
        },
        "matrix": [
          [
            0.9992979168891907,
            -0.02833397686481476,
            0.024512285366654396,
            0.0
          ],
          [
            -0.0243980810046196,
            -0.9886621236801147,
            -0.1481616050004959,
            0.13397200405597687
          ],
          [
            0.028432553634047508,
            0.14745962619781494,
            -0.9886663556098938,
            0.9402589797973633
          ],
          [
            0.0,
            0.0,
            0.0,
            1.0
          ]
        ]
      },
      "bone_length_armature_space": 0.07137586461285854,
      "parent": null,
      "has_children": true,
      "is_end_bone": false
    },
    "spine_01": {
      "name": "spine_01",
      "local": {
        "location": {
          "x": 0.0,
          "y": 0.0,
          "z": 0.0
        },
        "rotation_quaternion": {
          "w": 0.9969360828399658,
          "x": -0.022051876410841942,
          "y": 0.009426876902580261,
          "z": 0.07445365935564041
        },
        "scale": {
          "x": 1.0,
          "y": 1.0,
          "z": 1.0
        },
        "matrix_basis": [
          [
            0.988735556602478,
            -0.14886683225631714,
            0.015512301586568356,
            0.0
          ],
          [
            0.14803531765937805,
            0.9879407286643982,
            0.04537235200405121,
            0.0
          ],
          [
            -0.022079672664403915,
            -0.042564891278743744,
            0.9988496899604797,
            0.0
          ],
          [
            0.0,
            0.0,
            0.0,
            1.0
          ]
        ],
        "rotation_mode": "QUATERNION"
      },
      "armature_space": {
        "head": {
          "x": -0.0020223623141646385,
          "y": 0.00016138702630996704,
          "z": 0.0009300224483013153
        },
        "tail": {
          "x": -0.08705072104930878,
          "y": 0.051884979009628296,
          "z": 0.4786781668663025
        }
      },
      "world_space": {
        "head": {
          "x": -0.0020223623141646385,
          "y": 0.06340538710355759,
          "z": 0.9507840275764465
        },
        "tail": {
          "x": -0.08705072104930878,
          "y": 0.11512897908687592,
          "z": 1.4285321235656738
        },
        "rotation_quaternion": {
          "w": 0.7409763932228088,
          "x": 0.6657858490943909,
          "y": -0.06284179538488388,
          "z": 0.06110832840204239
        },
        "matrix": [
          [
            0.9846333265304565,
            -0.17423799633979797,
            -0.011757375672459602,
            -0.0020223623141646385
          ],
          [
            0.006882498972117901,
            0.1059907004237175,
            -0.9943432807922363,
            0.06340538710355759
          ],
          [
            0.17449979484081268,
            0.9789896607398987,
            0.10556098818778992,
            0.9507840275764465
          ],
          [
            0.0,
            0.0,
            0.0,
            1.0
          ]
        ]
      },
      "bone_length_armature_space": 0.4880045676724659,
      "parent": "Root",
      "has_children": true,
      "is_end_bone": false
    },
    "neck_01": {
      "name": "neck_01",
      "local": {
        "location": {
          "x": 0.0,
          "y": 0.0,
          "z": 0.0
        },
        "rotation_quaternion": {
          "w": 0.9898144006729126,
          "x": -0.03197849169373512,
          "y": -0.05204180255532265,
          "z": -0.1285945177078247
        },
        "scale": {
          "x": 1.0,
          "y": 1.0,
          "z": 1.0
        },
        "matrix_basis": [
          [
            0.961510181427002,
            0.25789785385131836,
            -0.09479893743991852,
            0.0
          ],
          [
            -0.25124096870422363,
            0.9648816585540771,
            0.07669012248516083,
            0.0
          ],
          [
            0.1112479716539383,
            -0.04992096126079559,
            0.9925380349159241,
            0.0
          ],
          [
            0.0,
            0.0,
            0.0,
            1.0
          ]
        ],
        "rotation_mode": "QUATERNION"
      },
      "armature_space": {
        "head": {
          "x": -0.10021590441465378,
          "y": 0.025161191821098328,
          "z": 0.5540192127227783
        },
        "tail": {
          "x": -0.09083940088748932,
          "y": 0.0025435667484998703,
          "z": 0.6535746455192566
        }
      },
      "world_space": {
        "head": {
          "x": -0.10021590441465378,
          "y": 0.08840519189834595,
          "z": 1.5038732290267944
        },
        "tail": {
          "x": -0.09083940088748932,
          "y": 0.06578756868839264,
          "z": 1.603428602218628
        },
        "rotation_quaternion": {
          "w": 0.6239579916000366,
          "x": 0.779666006565094,
          "y": 0.019218094646930695,
          "z": -0.04927544668316841
        },
        "matrix": [
          [
            0.994405210018158,
            0.09145904332399368,
            -0.05285361409187317,
            -0.10021590441465378
          ],
          [
            -0.031523674726486206,
            -0.22061383724212646,
            -0.9748517274856567,
            0.08840519189834595
          ],
          [
            -0.10081997513771057,
            0.9710703492164612,
            -0.21649883687496185,
            1.5038732290267944
          ],
          [
            0.0,
            0.0,
            0.0,
            1.0
          ]
        ]
      },
      "bone_length_armature_space": 0.10252199591513145,
      "parent": "spine_01",
      "has_children": true,
      "is_end_bone": false
    },
    "head": {
      "name": "head",
      "local": {
        "location": {
          "x": 0.0,
          "y": 0.0,
          "z": 0.0
        },
        "rotation_quaternion": {
          "w": 0.9793044328689575,
          "x": -0.004685765132308006,
          "y": 0.07636822015047073,
          "z": -0.18737396597862244
        },
        "scale": {
          "x": 1.0,
          "y": 1.0,
          "z": 1.0
        },
        "matrix_basis": [
          [
            0.9181177616119385,
            0.3662766218185425,
            0.15133145451545715,
            0.0
          ],
          [
            -0.3677079975605011,
            0.9297381043434143,
            -0.01944125071167946,
            0.0
          ],
          [
            -0.14781948924064636,
            -0.03779641538858414,
            0.98829185962677,
            0.0
          ],
          [
            0.0,
            0.0,
            0.0,
            1.0
          ]
        ],
        "rotation_mode": "QUATERNION"
      },
      "armature_space": {
        "head": {
          "x": -0.09083941578865051,
          "y": 0.002543428912758827,
          "z": 0.653574526309967
        },
        "tail": {
          "x": -0.019277401268482208,
          "y": 0.027541857212781906,
          "z": 0.7888786196708679
        }
      },
      "world_space": {
        "head": {
          "x": -0.09083941578865051,
          "y": 0.0657874271273613,
          "z": 1.603428602218628
        },
        "tail": {
          "x": -0.019277401268482208,
          "y": 0.09078586101531982,
          "z": 1.7387325763702393
        },
        "rotation_quaternion": {
          "w": 0.7335495948791504,
          "x": 0.6330446600914001,
          "y": 0.20614942908287048,
          "z": -0.1366085708141327
        },
        "matrix": [
          [
            0.877681314945221,
            0.4614218473434448,
            0.12948106229305267,
            -0.09083941578865051
          ],
          [
            0.06058242917060852,
            0.1611863672733307,
            -0.985062837600708,
            0.0657874271273613
          ],
          [
            -0.47540339827537537,
            0.87242192029953,
            0.11351610720157623,
            1.603428602218628
          ],
          [
            0.0,
            0.0,
            0.0,
            1.0
          ]
        ]
      },
      "bone_length_armature_space": 0.15509107440168807,
      "parent": "neck_01",
      "has_children": false,
      "is_end_bone": true
    },
    "upperarm_l": {
      "name": "upperarm_l",
      "local": {
        "location": {
          "x": 0.0,
          "y": 0.0,
          "z": 0.0
        },
        "rotation_quaternion": {
          "w": 0.8866426944732666,
          "x": -0.0826924741268158,
          "y": 0.45280373096466064,
          "z": -0.04467099905014038
        },
        "scale": {
          "x": 1.0,
          "y": 1.0,
          "z": 1.0
        },
        "matrix_basis": [
          [
            0.5859465599060059,
            0.00432750815525651,
            0.8103381395339966,
            0.0
          ],
          [
            -0.15410135686397552,
            0.9823328852653503,
            0.10618296265602112,
            0.0
          ],
          [
            -0.7955623269081116,
            -0.18709175288677216,
            0.5762614607810974,
            0.0
          ],
          [
            0.0,
            0.0,
            0.0,
            1.0
          ]
        ],
        "rotation_mode": "QUATERNION"
      },
      "armature_space": {
        "head": {
          "x": 0.059151746332645416,
          "y": 0.015899084508419037,
          "z": 0.5147351622581482
        },
        "tail": {
          "x": 0.3178504705429077,
          "y": 0.07716597616672516,
          "z": 0.5483351945877075
        }
      },
      "world_space": {
        "head": {
          "x": 0.059151746332645416,
          "y": 0.07914308458566666,
          "z": 1.4645891189575195
        },
        "tail": {
          "x": 0.3178504705429077,
          "y": 0.14040997624397278,
          "z": 1.4981892108917236
        },
        "rotation_quaternion": {
          "w": 0.31990912556648254,
          "x": 0.5948733687400818,
          "y": 0.7155253887176514,
          "z": -0.17834635078907013
        },
        "matrix": [
          [
            -0.08756649494171143,
            0.9654039144515991,
            0.24561627209186554,
            0.059151746332645416
          ],
          [
            0.7371840476989746,
            0.22863389551639557,
            -0.6358349919319153,
            0.07914308458566666
          ],
          [
            -0.6699978709220886,
            0.12538759410381317,
            -0.7317068576812744,
            1.4645891189575195
          ],
          [
            0.0,
            0.0,
            0.0,
            1.0
          ]
        ]
      },
      "bone_length_armature_space": 0.26796945375963166,
      "parent": "spine_01",
      "has_children": true,
      "is_end_bone": false
    },
    "lowerarm_l": {
      "name": "lowerarm_l",
      "local": {
        "location": {
          "x": 0.0,
          "y": 0.0,
          "z": 0.0
        },
        "rotation_quaternion": {
          "w": 0.8474985361099243,
          "x": 0.5244481563568115,
          "y": -0.02733371965587139,
          "z": -0.07715731114149094
        },
        "scale": {
          "x": 1.0,
          "y": 1.0,
          "z": 1.0
        },
        "matrix_basis": [
          [
            0.9865992069244385,
            0.10211117565631866,
            -0.12726059556007385,
            0.0
          ],
          [
            -0.1594516485929489,
            0.43800175189971924,
            -0.8847200870513916,
            0.0
          ],
          [
            -0.03459944576025009,
            0.893156111240387,
            0.44841399788856506,
            0.0
          ],
          [
            0.0,
            0.0,
            0.0,
            1.0
          ]
        ],
        "rotation_mode": "QUATERNION"
      },
      "armature_space": {
        "head": {
          "x": 0.31785058975219727,
          "y": 0.0771658793091774,
          "z": 0.5483352541923523
        },
        "tail": {
          "x": 0.46585381031036377,
          "y": -0.0734260305762291,
          "z": 0.3840583562850952
        }
      },
      "world_space": {
        "head": {
          "x": 0.31785058975219727,
          "y": 0.14040988683700562,
          "z": 1.4981892108917236
        },
        "tail": {
          "x": 0.46585381031036377,
          "y": -0.010182030498981476,
          "z": 1.3339123725891113
        },
        "rotation_quaternion": {
          "w": 0.04034963622689247,
          "x": -0.6461837887763977,
          "y": -0.46574264764785767,
          "z": 0.6032432317733765
        },
        "matrix": [
          [
            -0.161638081073761,
            0.5532324910163879,
            -0.817194402217865,
            0.31785058975219727
          ],
          [
            0.6505917906761169,
            -0.5629088878631592,
            -0.5097683668136597,
            0.14040988683700562
          ],
          [
            -0.7420311570167542,
            -0.614063024520874,
            -0.26894333958625793,
            1.4981892108917236
          ],
          [
            0.0,
            0.0,
            0.0,
            1.0
          ]
        ]
      },
      "bone_length_armature_space": 0.26752527787082103,
      "parent": "upperarm_l",
      "has_children": true,
      "is_end_bone": false
    },
    "metacarpal_thumb_l": {
      "name": "metacarpal_thumb_l",
      "local": {
        "location": {
          "x": 0.0,
          "y": 0.0,
          "z": 0.0
        },
        "rotation_quaternion": {
          "w": 0.999238133430481,
          "x": -0.031814657151699066,
          "y": -0.01412319578230381,
          "z": 0.017651088535785675
        },
        "scale": {
          "x": 1.0,
          "y": 1.0,
          "z": 1.0
        },
        "matrix_basis": [
          [
            0.9989779591560364,
            -0.034376632422208786,
            -0.029347999021410942,
            0.0
          ],
          [
            0.03617393225431442,
            0.9973525404930115,
            0.063082255423069,
            0.0
          ],
          [
            0.027101745828986168,
            -0.0640794187784195,
            0.9975767135620117,
            0.0
          ],
          [
            0.0,
            0.0,
            0.0,
            1.0
          ]
        ],
        "rotation_mode": "QUATERNION"
      },
      "armature_space": {
        "head": {
          "x": 0.46585381031036377,
          "y": -0.0734260305762291,
          "z": 0.3840583562850952
        },
        "tail": {
          "x": 0.461238831281662,
          "y": -0.10694573819637299,
          "z": 0.34788191318511963
        }
      },
      "world_space": {
        "head": {
          "x": 0.46585381031036377,
          "y": -0.010182030498981476,
          "z": 1.3339123725891113
        },
        "tail": {
          "x": 0.461238831281662,
          "y": -0.043701738119125366,
          "z": 1.2977359294891357
        },
        "rotation_quaternion": {
          "w": 0.4019588828086853,
          "x": -0.9055203199386597,
          "y": -0.008744539692997932,
          "z": 0.13559281826019287
        },
        "matrix": [
          [
            0.9630762934684753,
            -0.09316857904195786,
            -0.25259339809417725,
            0.46585381031036377
          ],
          [
            0.12484166771173477,
            -0.6767054796218872,
            0.7255920767784119,
            -0.010182030498981476
          ],
          [
            -0.238535538315773,
            -0.7303406000137329,
            -0.6400916576385498,
            1.3339123725891113
          ],
          [
            0.0,
            0.0,
            0.0,
            1.0
          ]
        ]
      },
      "bone_length_armature_space": 0.04953386582545584,
      "parent": "lowerarm_l",
      "has_children": true,
      "is_end_bone": false
    },
    "thumb_01_l": {
      "name": "thumb_01_l",
      "local": {
        "location": {
          "x": 0.0,
          "y": 0.0,
          "z": 0.0
        },
        "rotation_quaternion": {
          "w": 0.9952837824821472,
          "x": 0.0955485999584198,
          "y": -0.007833778858184814,
          "z": 0.014811052940785885
        },
        "scale": {
          "x": 1.0,
          "y": 1.0,
          "z": 1.0
        },
        "matrix_basis": [
          [
            0.9994385242462158,
            -0.030979415401816368,
            -0.012763315811753273,
            0.0
          ],
          [
            0.027985388413071632,
            0.9813022017478943,
            -0.1904280036687851,
            0.0
          ],
          [
            0.018424017354846,
            0.18996389210224152,
            0.9816181659698486,
            0.0
          ],
          [
            0.0,
            0.0,
            0.0,
            1.0
          ]
        ],
        "rotation_mode": "QUATERNION"
      },
      "armature_space": {
        "head": {
          "x": 0.461238831281662,
          "y": -0.10694573819637299,
          "z": 0.34788191318511963
        },
        "tail": {
          "x": 0.45492374897003174,
          "y": -0.1025155559182167,
          "z": 0.3147287368774414
        }
      },
      "world_space": {
        "head": {
          "x": 0.461238831281662,
          "y": -0.043701738119125366,
          "z": 1.2977359294891357
        },
        "tail": {
          "x": 0.45492374897003174,
          "y": -0.039271555840969086,
          "z": 1.2645827531814575
        },
        "rotation_quaternion": {
          "w": 0.5153315663337708,
          "x": -0.5339602828025818,
          "y": 0.5472752451896667,
          "z": -0.3870526850223541
        },
        "matrix": [
          [
            0.10136047005653381,
            -0.1855270266532898,
            0.9773973226547241,
            0.461238831281662
          ],
          [
            -0.9833672046661377,
            0.13015185296535492,
            0.12668460607528687,
            -0.043701738119125366
          ],
          [
            -0.15071548521518707,
            -0.9739883542060852,
            -0.1692502647638321,
            1.2977359294891357
          ],
          [
            0.0,
            0.0,
            0.0,
            1.0
          ]
        ]
      },
      "bone_length_armature_space": 0.03403879889867415,
      "parent": "metacarpal_thumb_l",
      "has_children": true,
      "is_end_bone": false
    },
    "thumb_02_l": {
      "name": "thumb_02_l",
      "local": {
        "location": {
          "x": 0.0,
          "y": 0.0,
          "z": 0.0
        },
        "rotation_quaternion": {
          "w": 0.9945767521858215,
          "x": 0.10394283384084702,
          "y": 0.0020447897259145975,
          "z": 0.0029725758358836174
        },
        "scale": {
          "x": 1.0,
          "y": 1.0,
          "z": 1.0
        },
        "matrix_basis": [
          [
            0.9999739527702332,
            -0.005487827118486166,
            0.004685356747359037,
            0.0
          ],
          [
            0.006337991915643215,
            0.9783741235733032,
            -0.20674610137939453,
            0.0
          ],
          [
            -0.0034494446590542793,
            0.2067704051733017,
            0.9783834218978882,
            0.0
          ],
          [
            0.0,
            0.0,
            0.0,
            1.0
          ]
        ],
        "rotation_mode": "QUATERNION"
      },
      "armature_space": {
        "head": {
          "x": 0.45492368936538696,
          "y": -0.10251552611589432,
          "z": 0.3147287368774414
        },
        "tail": {
          "x": 0.4820873439311981,
          "y": -0.1239270567893982,
          "z": 0.29431140422821045
        }
      },
      "world_space": {
        "head": {
          "x": 0.45492368936538696,
          "y": -0.0392715260386467,
          "z": 1.2645827531814575
        },
        "tail": {
          "x": 0.4820873439311981,
          "y": -0.060683056712150574,
          "z": 1.2441654205322266
        },
        "rotation_quaternion": {
          "w": 0.4336383044719696,
          "x": -0.1634555160999298,
          "y": 0.21309435367584229,
          "z": -0.8601343035697937
        },
        "matrix": [
          [
            -0.5704790949821472,
            0.6763117909431458,
            0.4659997224807739,
            0.45492368936538696
          ],
          [
            -0.8156375885009766,
            -0.5330970883369446,
            -0.22481653094291687,
            -0.0392715260386467
          ],
          [
            0.09637705981731415,
            -0.5083443522453308,
            0.8557519912719727,
            1.2645827531814575
          ],
          [
            0.0,
            0.0,
            0.0,
            1.0
          ]
        ]
      },
      "bone_length_armature_space": 0.0401644770554576,
      "parent": "thumb_01_l",
      "has_children": true,
      "is_end_bone": false
    },
    "thumb_03_l": {
      "name": "thumb_03_l",
      "local": {
        "location": {
          "x": 0.0,
          "y": 0.0,
          "z": 0.0
        },
        "rotation_quaternion": {
          "w": 0.9972640872001648,
          "x": 0.07391581684350967,
          "y": 0.0005430650780908763,
          "z": 0.0007337786955758929
        },
        "scale": {
          "x": 1.0,
          "y": 1.0,
          "z": 1.0
        },
        "matrix_basis": [
          [
            0.9999983310699463,
            -0.0013832601252943277,
            0.0011916343355551362,
            0.0
          ],
          [
            0.0015438244445249438,
            0.9890718460083008,
            -0.14742638170719147,
            0.0
          ],
          [
            -0.0009746829164214432,
            0.1474279761314392,
            0.989072322845459,
            0.0
          ],
          [
            0.0,
            0.0,
            0.0,
            1.0
          ]
        ],
        "rotation_mode": "QUATERNION"
      },
      "armature_space": {
        "head": {
          "x": 0.48208725452423096,
          "y": -0.1239270567893982,
          "z": 0.2943113446235657
        },
        "tail": {
          "x": 0.5083191990852356,
          "y": -0.13886955380439758,
          "z": 0.29037460684776306
        }
      },
      "world_space": {
        "head": {
          "x": 0.48208725452423096,
          "y": -0.060683056712150574,
          "z": 1.2441654205322266
        },
        "tail": {
          "x": 0.5083191990852356,
          "y": -0.07562555372714996,
          "z": 1.2402286529541016
        },
        "rotation_quaternion": {
          "w": 0.4849831461906433,
          "x": 0.11245950311422348,
          "y": 0.13924287259578705,
          "z": -0.8560115098953247
        },
        "matrix": [
          [
            -0.5042881965637207,
            0.8616207242012024,
            -0.05747092515230179,
            0.48208725452423096
          ],
          [
            -0.7989842891693115,
            -0.4908049404621124,
            -0.3474684953689575,
            -0.060683056712150574
          ],
          [
            -0.32759609818458557,
            -0.12930744886398315,
            0.9359350800514221,
            1.2441654205322266
          ],
          [
            0.0,
            0.0,
            0.0,
            1.0
          ]
        ]
      },
      "bone_length_armature_space": 0.03044488495370501,
      "parent": "thumb_02_l",
      "has_children": false,
      "is_end_bone": true
    },
    "metacarpal_index_l": {
      "name": "metacarpal_index_l",
      "local": {
        "location": {
          "x": 0.0,
          "y": 0.0,
          "z": 0.0
        },
        "rotation_quaternion": {
          "w": 0.9994885921478271,
          "x": -0.027274712920188904,
          "y": -0.0007442657952196896,
          "z": -0.016676945611834526
        },
        "scale": {
          "x": 1.0,
          "y": 1.0,
          "z": 1.0
        },
        "matrix_basis": [
          [
            0.9994426369667053,
            0.03337743133306503,
            -0.0005780525389127433,
            0.0
          ],
          [
            -0.03329623490571976,
            0.9979559183120728,
            0.05454635247588158,
            0.0
          ],
          [
            0.0023974881041795015,
            -0.054496705532073975,
            0.9985110759735107,
            0.0
          ],
          [
            0.0,
            0.0,
            0.0,
            1.0
          ]
        ],
        "rotation_mode": "QUATERNION"
      },
      "armature_space": {
        "head": {
          "x": 0.46585381031036377,
          "y": -0.0734260305762291,
          "z": 0.3840583562850952
        },
        "tail": {
          "x": 0.5043084621429443,
          "y": -0.15018486976623535,
          "z": 0.30431729555130005
        }
      },
      "world_space": {
        "head": {
          "x": 0.46585381031036377,
          "y": -0.010182030498981476,
          "z": 1.3339123725891113
        },
        "tail": {
          "x": 0.5043084621429443,
          "y": -0.08694086968898773,
          "z": 1.254171371459961
        },
        "rotation_quaternion": {
          "w": 0.29519572854042053,
          "x": -0.8603904247283936,
          "y": -0.2920807898044586,
          "z": 0.29542654752731323
        },
        "matrix": [
          [
            0.6548233032226562,
            0.32819071412086487,
            -0.6808061599731445,
            0.46585381031036377
          ],
          [
            0.6770246624946594,
            -0.6550968289375305,
            0.3353889286518097,
            -0.010182030498981476
          ],
          [
            -0.33592426776885986,
            -0.6805485486984253,
            -0.6511701941490173,
            1.3339123725891113
          ],
          [
            0.0,
            0.0,
            0.0,
            1.0
          ]
        ]
      },
      "bone_length_armature_space": 0.11717216570186455,
      "parent": "lowerarm_l",
      "has_children": true,
      "is_end_bone": false
    },
    "index_01_l": {
      "name": "index_01_l",
      "local": {
        "location": {
          "x": 0.0,
          "y": 0.0,
          "z": 0.0
        },
        "rotation_quaternion": {
          "w": 0.9969817996025085,
          "x": -0.075836181640625,
          "y": 0.005913068540394306,
          "z": 0.015534152276813984
        },
        "scale": {
          "x": 1.0,
          "y": 1.0,
          "z": 1.0
        },
        "matrix_basis": [
          [
            0.9994474649429321,
            -0.031871382147073746,
            0.009434341453015804,
            0.0
          ],
          [
            0.030077684670686722,
            0.9880151152610779,
            0.15139830112457275,
            0.0
          ],
          [
            -0.014146544970571995,
            -0.15103088319301605,
            0.9884278178215027,
            0.0
          ],
          [
            0.0,
            0.0,
            0.0,
            1.0
          ]
        ],
        "rotation_mode": "QUATERNION"
      },
      "armature_space": {
        "head": {
          "x": 0.5043084621429443,
          "y": -0.15018486976623535,
          "z": 0.30431729555130005
        },
        "tail": {
          "x": 0.5239176750183105,
          "y": -0.16406995058059692,
          "z": 0.2889629304409027
        }
      },
      "world_space": {
        "head": {
          "x": 0.5043084621429443,
          "y": -0.08694086968898773,
          "z": 1.254171371459961
        },
        "tail": {
          "x": 0.5239176750183105,
          "y": -0.1008259505033493,
          "z": 1.2388169765472412
        },
        "rotation_quaternion": {
          "w": 0.22787430882453918,
          "x": -0.8454667925834656,
          "y": -0.45232531428337097,
          "z": 0.16929598152637482
        },
        "matrix": [
          [
            0.5334802269935608,
            0.6876959204673767,
            -0.49241551756858826,
            0.5043084621429443
          ],
          [
            0.8420090079307556,
            -0.48695018887519836,
            0.2321646362543106,
            -0.08694086968898773
          ],
          [
            -0.08012302964925766,
            -0.538477897644043,
            -0.8388301134109497,
            1.254171371459961
          ],
          [
            0.0,
            0.0,
            0.0,
            1.0
          ]
        ]
      },
      "bone_length_armature_space": 0.028514438995999324,
      "parent": "metacarpal_index_l",
      "has_children": true,
      "is_end_bone": false
    },
    "index_02_l": {
      "name": "index_02_l",
      "local": {
        "location": {
          "x": 0.0,
          "y": 0.0,
          "z": 0.0
        },
        "rotation_quaternion": {
          "w": 0.9881571531295776,
          "x": 0.153413787484169,
          "y": -0.0030938489362597466,
          "z": 0.0003872725646942854
        },
        "scale": {
          "x": 1.0,
          "y": 1.0,
          "z": 1.0
        },
        "matrix_basis": [
          [
            0.9999805688858032,
            -0.0017146504251286387,
            -0.005995592102408409,
            0.0
          ],
          [
            -0.00018390585319139063,
            0.9529281258583069,
            -0.3031962513923645,
            0.0
          ],
          [
            0.006233243737369776,
            0.3031914532184601,
            0.9529092907905579,
            0.0
          ],
          [
            0.0,
            0.0,
            0.0,
            1.0
          ]
        ],
        "rotation_mode": "QUATERNION"
      },
      "armature_space": {
        "head": {
          "x": 0.5239176154136658,
          "y": -0.164070263504982,
          "z": 0.2889624834060669
        },
        "tail": {
          "x": 0.5376180410385132,
          "y": -0.17431791126728058,
          "z": 0.269847571849823
        }
      },
      "world_space": {
        "head": {
          "x": 0.5239176154136658,
          "y": -0.10082626342773438,
          "z": 1.238816499710083
        },
        "tail": {
          "x": 0.5376180410385132,
          "y": -0.11107391119003296,
          "z": 1.2197015285491943
        },
        "rotation_quaternion": {
          "w": 0.32480648159980774,
          "x": -0.7954839468002319,
          "y": -0.44132399559020996,
          "z": 0.25872603058815
        },
        "matrix": [
          [
            0.47658610343933105,
            0.5340611934661865,
            -0.6983152627944946,
            0.5239176154136658
          ],
          [
            0.8702050447463989,
            -0.3994673490524292,
            0.2883906960487366,
            -0.10082626342773438
          ],
          [
            -0.12493602931499481,
            -0.7451260685920715,
            -0.6551276445388794,
            1.238816499710083
          ],
          [
            0.0,
            0.0,
            0.0,
            1.0
          ]
        ]
      },
      "bone_length_armature_space": 0.025653377798250852,
      "parent": "index_01_l",
      "has_children": true,
      "is_end_bone": false
    },
    "index_03_l": {
      "name": "index_03_l",
      "local": {
        "location": {
          "x": 0.0,
          "y": 0.0,
          "z": 0.0
        },
        "rotation_quaternion": {
          "w": 0.9769853949546814,
          "x": 0.2132716327905655,
          "y": -0.003819313831627369,
          "z": 0.0005560792051255703
        },
        "scale": {
          "x": 1.0,
          "y": 1.0,
          "z": 1.0
        },
        "matrix_basis": [
          [
            0.9999701976776123,
            -0.0027156651485711336,
            -0.007225635927170515,
            0.0
          ],
          [
            -0.0005425400449894369,
            0.9090297818183899,
            -0.4167307913303375,
            0.0
          ],
          [
            0.007700019516050816,
            0.41672229766845703,
            0.9090012311935425,
            0.0
          ],
          [
            0.0,
            0.0,
            0.0,
            1.0
          ]
        ],
        "rotation_mode": "QUATERNION"
      },
      "armature_space": {
        "head": {
          "x": 0.5376181602478027,
          "y": -0.17431797087192535,
          "z": 0.26984766125679016
        },
        "tail": {
          "x": 0.542496919631958,
          "y": -0.1774834245443344,
          "z": 0.24121341109275818
        }
      },
      "world_space": {
        "head": {
          "x": 0.5376181602478027,
          "y": -0.11107397079467773,
          "z": 1.2197016477584839
        },
        "tail": {
          "x": 0.542496919631958,
          "y": -0.11423942446708679,
          "z": 1.1910674571990967
        },
        "rotation_quaternion": {
          "w": 0.5404917001724243,
          "x": -0.667448103427887,
          "y": -0.39204633235931396,
          "z": 0.32966893911361694
        },
        "matrix": [
          [
            0.47523531317710876,
            0.16697469353675842,
            -0.8638695478439331,
            0.5376181602478027
          ],
          [
            0.8797081708908081,
            -0.10833686590194702,
            0.46300840377807617,
            -0.11107397079467773
          ],
          [
            -0.016277581453323364,
            -0.9799981117248535,
            -0.19837534427642822,
            1.2197016477584839
          ],
          [
            0.0,
            0.0,
            0.0,
            1.0
          ]
        ]
      },
      "bone_length_armature_space": 0.02921887508260436,
      "parent": "index_02_l",
      "has_children": false,
      "is_end_bone": true
    },
    "metacarpal_pinky_l": {
      "name": "metacarpal_pinky_l",
      "local": {
        "location": {
          "x": 0.0,
          "y": 0.0,
          "z": 0.0
        },
        "rotation_quaternion": {
          "w": 0.9999594688415527,
          "x": 0.00264048483222723,
          "y": -0.008176945149898529,
          "z": 0.002683572471141815
        },
        "scale": {
          "x": 1.0,
          "y": 1.0,
          "z": 1.0
        },
        "matrix_basis": [
          [
            0.9998518824577332,
            -0.005410109646618366,
            -0.016339056193828583,
            0.0
          ],
          [
            0.005323745310306549,
            0.9999716281890869,
            -0.005324642639607191,
            0.0
          ],
          [
            0.01636740006506443,
            0.005236868746578693,
            0.9998523592948914,
            0.0
          ],
          [
            0.0,
            0.0,
            0.0,
            1.0
          ]
        ],
        "rotation_mode": "QUATERNION"
      },
      "armature_space": {
        "head": {
          "x": 0.46585381031036377,
          "y": -0.0734260305762291,
          "z": 0.3840583562850952
        },
        "tail": {
          "x": 0.5468450784683228,
          "y": -0.1129714846611023,
          "z": 0.33190637826919556
        }
      },
      "world_space": {
        "head": {
          "x": 0.46585381031036377,
          "y": -0.010182030498981476,
          "z": 1.3339123725891113
        },
        "tail": {
          "x": 0.5468450784683228,
          "y": -0.049727484583854675,
          "z": 1.2817604541778564
        },
        "rotation_quaternion": {
          "w": 0.38661879301071167,
          "x": 0.19042478501796722,
          "y": 0.4008016586303711,
          "z": -0.8084692358970642
        },
        "matrix": [
          [
            -0.6285279989242554,
            0.7777842283248901,
            0.0020115948282182217,
            0.46585381031036377
          ],
          [
            -0.4724959135055542,
            -0.3797672986984253,
            -0.7953140139579773,
            -0.010182030498981476
          ],
          [
            -0.6178235411643982,
            -0.5008316040039062,
            0.6061978340148926,
            1.3339123725891113
          ],
          [
            0.0,
            0.0,
            0.0,
            1.0
          ]
        ]
      },
      "bone_length_armature_space": 0.10413096338832326,
      "parent": "lowerarm_l",
      "has_children": true,
      "is_end_bone": false
    },
    "pinky_01_l": {
      "name": "pinky_01_l",
      "local": {
        "location": {
          "x": 0.0,
          "y": 0.0,
          "z": 0.0
        },
        "rotation_quaternion": {
          "w": 0.9976367354393005,
          "x": 0.06838849931955338,
          "y": -0.004644032102078199,
          "z": -0.00474550249055028
        },
        "scale": {
          "x": 1.0,
          "y": 1.0,
          "z": 1.0
        },
        "matrix_basis": [
          [
            0.9999118447303772,
            0.008833378553390503,
            -0.009915189817547798,
            0.0
          ],
          [
            -0.010103772394359112,
            0.9906010031700134,
            -0.1364096850156784,
            0.0
          ],
          [
            0.00861703883856535,
            0.1364978402853012,
            0.9906029105186462,
            0.0
          ],
          [
            0.0,
            0.0,
            0.0,
            1.0
          ]
        ],
        "rotation_mode": "QUATERNION"
      },
      "armature_space": {
        "head": {
          "x": 0.5468450784683228,
          "y": -0.1129714846611023,
