{
  "metadata": {
    "armature_name": "KIM_caucasian_male",
    "export_time": "2026-01-13T21:12:37.670143",
    "blender_version": "4.4.1",
    "bone_count": 56,
    "end_bone_count": 13,
    "spaces_included": [
      "LOCAL_CHANNELS",
      "ARMATURE_SPACE",
      "WORLD_SPACE"
    ],
    "note": "LOCAL matches Transform panel; replay pose via local.matrix_basis for best fidelity."
  },
  "bones": {
    "Root": {
      "name": "Root",
      "local": {
        "location": {
          "x": 0.0,
          "y": 0.0,
          "z": 0.0
        },
        "rotation_quaternion": {
          "w": 0.9995328187942505,
          "x": -0.012441295199096203,
          "y": -0.009143293835222721,
          "z": 0.02638005092740059
        },
        "scale": {
          "x": 1.0,
          "y": 1.0,
          "z": 1.0
        },
        "matrix_basis": [
          [
            0.9984409809112549,
            -0.05250794440507889,
            -0.018934449180960655,
            0.0
          ],
          [
            0.05296296253800392,
            0.9982985854148865,
            0.024388564750552177,
            0.0
          ],
          [
            0.017621640115976334,
            -0.025353366509079933,
            0.9995232224464417,
            0.0
          ],
          [
            0.0,
            0.0,
            0.0,
            1.0
          ]
        ],
        "rotation_mode": "QUATERNION"
      },
      "armature_space": {
        "head": {
          "x": 0.0,
          "y": 0.07072800397872925,
          "z": -0.009595036506652832
        },
        "tail": {
          "x": -0.0037478001322597265,
          "y": 0.00036360323429107666,
          "z": 0.0017768805846571922
        }
      },
      "world_space": {
        "head": {
          "x": 0.0,
          "y": 0.13397200405597687,
          "z": 0.9402589797973633
        },
        "tail": {
          "x": -0.0037478001322597265,
          "y": 0.0636076033115387,
          "z": 0.9516308903694153
        },
        "rotation_quaternion": {
          "w": 0.0797492042183876,
          "x": 0.9964239001274109,
          "y": -0.026936084032058716,
          "z": -0.0073453523218631744
        },
        "matrix": [
          [
            0.9984409809112549,
            -0.05250794440507889,
            -0.018934449180960655,
            0.0
          ],
          [
            -0.054851096123456955,
            -0.9858289361000061,
            -0.15853279829025269,
            0.13397200405597687
          ],
          [
            -0.01034202054142952,
            0.15932439267635345,
            -0.9871792197227478,
            0.9402589797973633
          ],
          [
            0.0,
            0.0,
            0.0,
            1.0
          ]
        ]
      },
      "bone_length_armature_space": 0.07137587312473335,
      "parent": null,
      "has_children": true,
      "is_end_bone": false
    },
    "spine_01": {
      "name": "spine_01",
      "local": {
        "location": {
          "x": 0.0,
          "y": 0.0,
          "z": 0.0
        },
        "rotation_quaternion": {
          "w": 0.9912434816360474,
          "x": 0.10488391667604446,
          "y": -0.025243662297725677,
          "z": -0.07614801824092865
        },
        "scale": {
          "x": 1.0,
          "y": 1.0,
          "z": 1.0
        },
        "matrix_basis": [
          [
            0.987128496170044,
            0.1456671506166458,
            -0.06601863354444504,
            0.0
          ],
          [
            -0.156257763504982,
            0.9664016962051392,
            -0.20408648252487183,
            0.0
          ],
          [
            0.034071825444698334,
            0.2117755115032196,
            0.9767242670059204,
            0.0
          ],
          [
            0.0,
            0.0,
            0.0,
            1.0
          ]
        ],
        "rotation_mode": "QUATERNION"
      },
      "armature_space": {
        "head": {
          "x": -0.0037478001322597265,
          "y": 0.00036360323429107666,
          "z": 0.0017768805846571922
        },
        "tail": {
          "x": 0.06836609542369843,
          "y": -0.07288764417171478,
          "z": 0.4788326323032379
        }
      },
      "world_space": {
        "head": {
          "x": -0.0037478001322597265,
          "y": 0.0636076033115387,
          "z": 0.9516308903694153
        },
        "tail": {
          "x": 0.06836609542369843,
          "y": -0.009643644094467163,
          "z": 1.4286866188049316
        },
        "rotation_quaternion": {
          "w": 0.6516802310943604,
          "x": 0.7523799538612366,
          "y": 0.01613849401473999,
          "z": -0.09474694728851318
        },
        "matrix": [
          [
            0.9815253019332886,
            0.14777399599552155,
            -0.12153614312410355,
            -0.0037478001322597265
          ],
          [
            -0.0992039293050766,
            -0.15010464191436768,
            -0.9836804270744324,
            0.0636076033115387
          ],
          [
            -0.16360677778720856,
            0.9775708317756653,
            -0.13267356157302856,
            0.9516308903694153
          ],
          [
            0.0,
            0.0,
            0.0,
            1.0
          ]
        ]
      },
      "bone_length_armature_space": 0.48800446724132496,
      "parent": "Root",
      "has_children": true,
      "is_end_bone": false
    },
    "neck_01": {
      "name": "neck_01",
      "local": {
        "location": {
          "x": 0.0,
          "y": 0.0,
          "z": 0.0
        },
        "rotation_quaternion": {
          "w": 0.9848854541778564,
          "x": -0.0604441799223423,
          "y": -0.0897427573800087,
          "z": 0.13525272905826569
        },
        "scale": {
          "x": 1.0,
          "y": 1.0,
          "z": 1.0
        },
        "matrix_basis": [
          [
            0.9473058581352234,
            -0.2555680274963379,
            -0.19312314689159393,
            0.0
          ],
          [
            0.2772657573223114,
            0.956106424331665,
            0.09478528052568436,
            0.0
          ],
          [
            0.1604221910238266,
            -0.14333708584308624,
            0.9765854477882385,
            0.0
          ],
          [
            0.0,
            0.0,
            0.0,
            1.0
          ]
        ],
        "rotation_mode": "QUATERNION"
      },
      "armature_space": {
        "head": {
          "x": 0.07497095316648483,
          "y": -0.11799255013465881,
          "z": 0.5458077192306519
        },
        "tail": {
          "x": 0.060636986047029495,
          "y": -0.15306437015533447,
          "z": 0.6410718560218811
        }
      },
      "world_space": {
        "head": {
          "x": 0.07497095316648483,
          "y": -0.054748550057411194,
          "z": 1.495661735534668
        },
        "tail": {
          "x": 0.060636986047029495,
          "y": -0.08982037007808685,
          "z": 1.590925931930542
        },
        "rotation_quaternion": {
          "w": 0.5512841939926147,
          "x": 0.8122437000274658,
          "y": -0.1582372486591339,
          "z": -0.10633376985788345
        },
        "matrix": [
          [
            0.9273080229759216,
            -0.13981446623802185,
            -0.3472056984901428,
            0.07497095316648483
          ],
          [
            -0.374295175075531,
            -0.3420928120613098,
            -0.8619024157524109,
            -0.054748550057411194
          ],
          [
            0.0017294958233833313,
            0.9292126297950745,
            -0.36956068873405457,
            1.495661735534668
          ],
          [
            0.0,
            0.0,
            0.0,
            1.0
          ]
        ]
      },
      "bone_length_armature_space": 0.10252195475268405,
      "parent": "spine_01",
      "has_children": true,
      "is_end_bone": false
    },
    "head": {
      "name": "head",
      "local": {
        "location": {
          "x": 0.0,
          "y": 0.0,
          "z": 0.0
        },
        "rotation_quaternion": {
          "w": 0.9920440912246704,
          "x": -0.04892731085419655,
          "y": 0.09002888202667236,
          "z": 0.07314088940620422
        },
        "scale": {
          "x": 1.0,
          "y": 1.0,
          "z": 1.0
        },
        "matrix_basis": [
          [
            0.973090410232544,
            -0.15392771363258362,
            0.17146806418895721,
            0.0
          ],
          [
            0.1363082379102707,
            0.9845130443572998,
            0.11024568229913712,
            0.0
          ],
          [
            -0.18578241765499115,
            -0.08390651643276215,
            0.9790018200874329,
            0.0
          ],
          [
            0.0,
            0.0,
            0.0,
            1.0
          ]
        ],
        "rotation_mode": "QUATERNION"
      },
      "armature_space": {
        "head": {
          "x": 0.06063694506883621,
          "y": -0.15306447446346283,
          "z": 0.6410717368125916
        },
        "tail": {
          "x": 0.042604587972164154,
          "y": -0.1331009566783905,
          "z": 0.7938120365142822
        }
      },
      "world_space": {
        "head": {
          "x": 0.06063694506883621,
          "y": -0.08982047438621521,
          "z": 1.590925693511963
        },
        "tail": {
          "x": 0.042604587972164154,
          "y": -0.06985695660114288,
          "z": 1.7436660528182983
        },
        "rotation_quaternion": {
          "w": 0.7418628334999084,
          "x": 0.6594846248626709,
          "y": -0.11832255125045776,
          "z": -0.02682008408010006
        },
        "matrix": [
          [
            0.9705610871315002,
            -0.11627012491226196,
            -0.21093235909938812,
            0.06063694506883621
          ],
          [
            -0.19585664570331573,
            0.12872199714183807,
            -0.9721475839614868,
            -0.08982047438621521
          ],
          [
            0.14018414914608002,
            0.9848482608795166,
            0.10216012597084045,
            1.590925693511963
          ],
          [
            0.0,
            0.0,
            0.0,
            1.0
          ]
        ]
      },
      "bone_length_armature_space": 0.15509128523349394,
      "parent": "neck_01",
      "has_children": false,
      "is_end_bone": true
    },
    "upperarm_l": {
      "name": "upperarm_l",
      "local": {
        "location": {
          "x": 0.0,
          "y": 0.0,
          "z": 0.0
        },
        "rotation_quaternion": {
          "w": 0.8365017771720886,
          "x": 0.48616209626197815,
          "y": -0.1046559065580368,
          "z": 0.23012693226337433
        },
        "scale": {
          "x": 1.0,
          "y": 1.0,
          "z": 1.0
        },
        "matrix_basis": [
          [
            0.8721774816513062,
            -0.4867626428604126,
            0.048668280243873596,
            0.0
          ],
          [
            0.28324371576309204,
            0.4213760197162628,
            -0.8615192174911499,
            0.0
          ],
          [
            0.39884769916534424,
            0.765182614326477,
            0.5053871273994446,
            0.0
          ],
          [
            0.0,
            0.0,
            0.0,
            1.0
          ]
        ],
        "rotation_mode": "QUATERNION"
      },
      "armature_space": {
        "head": {
          "x": 0.21188059449195862,
          "y": -0.12592202425003052,
          "z": 0.4551432430744171
        },
        "tail": {
          "x": 0.32670772075653076,
          "y": -0.35683560371398926,
          "z": 0.5279533863067627
        }
      },
      "world_space": {
        "head": {
          "x": 0.21188059449195862,
          "y": -0.0626780241727829,
          "z": 1.4049972295761108
        },
        "tail": {
          "x": 0.32670772075653076,
          "y": -0.29359161853790283,
          "z": 1.4778074026107788
        },
        "rotation_quaternion": {
          "w": 0.25542792677879333,
          "x": 0.6953562498092651,
          "y": 0.062435224652290344,
          "z": -0.6688334941864014
        },
        "matrix": [
          [
            0.0975273847579956,
            0.42850831151008606,
            -0.8982589840888977,
            0.21188059449195862
          ],
          [
            -0.2548484802246094,
            -0.8617161512374878,
            -0.4387456476688385,
            -0.0626780241727829
          ],
          [
            -0.96205735206604,
            0.27171069383621216,
            0.025163613259792328,
            1.4049972295761108
          ],
          [
            0.0,
            0.0,
            0.0,
            1.0
          ]
        ]
      },
      "bone_length_armature_space": 0.2679695282652316,
      "parent": "spine_01",
      "has_children": true,
      "is_end_bone": false
    },
    "lowerarm_l": {
      "name": "lowerarm_l",
      "local": {
        "location": {
          "x": 0.0,
          "y": 0.0,
          "z": 0.0
        },
        "rotation_quaternion": {
          "w": 0.9697955846786499,
          "x": 0.1647653430700302,
          "y": -0.057335492223501205,
          "z": 0.1704748421907425
        },
        "scale": {
          "x": 1.0,
          "y": 1.0,
          "z": 1.0
        },
        "matrix_basis": [
          [
            0.9353019595146179,
            -0.34954530000686646,
            -0.05503072217106819,
            0.0
          ],
          [
            0.3117576837539673,
            0.8875814080238342,
            -0.33912593126296997,
            0.0
          ],
          [
            0.1673841029405594,
            0.30002889037132263,
            0.9391300678253174,
            0.0
          ],
          [
            0.0,
            0.0,
            0.0,
            1.0
          ]
        ],
        "rotation_mode": "QUATERNION"
      },
      "armature_space": {
        "head": {
          "x": 0.3267076909542084,
          "y": -0.35683566331863403,
          "z": 0.527953565120697
        },
        "tail": {
          "x": 0.3259398341178894,
          "y": -0.5567066669464111,
          "z": 0.7057756781578064
        }
      },
      "world_space": {
        "head": {
          "x": 0.3267076909542084,
          "y": -0.2935916781425476,
          "z": 1.4778075218200684
        },
        "tail": {
          "x": 0.3259398341178894,
          "y": -0.4934626817703247,
          "z": 1.6556296348571777
        },
        "rotation_quaternion": {
          "w": 0.24147088825702667,
          "x": 0.6376511454582214,
          "y": -0.26102709770202637,
          "z": -0.6833430528640747
        },
        "matrix": [
          [
            -0.07018691301345825,
            -0.00287020206451416,
            -0.9975298047065735,
            0.3267076909542084
          ],
          [
            -0.6629037261009216,
            -0.747113049030304,
            0.048791974782943726,
            -0.2935916781425476
          ],
          [
            -0.7454134821891785,
            0.6646947860717773,
            0.05053545534610748,
            1.4778075218200684
          ],
          [
            0.0,
            0.0,
            0.0,
            1.0
          ]
        ]
      },
      "bone_length_armature_space": 0.2675251613926373,
      "parent": "upperarm_l",
      "has_children": true,
      "is_end_bone": false
    },
    "metacarpal_thumb_l": {
      "name": "metacarpal_thumb_l",
      "local": {
        "location": {
          "x": 0.0,
          "y": 0.0,
          "z": 0.0
        },
        "rotation_quaternion": {
          "w": 0.9998819828033447,
          "x": 0.010946527123451233,
          "y": -0.004716341383755207,
          "z": 0.009701402857899666
        },
        "scale": {
          "x": 1.0,
          "y": 1.0,
          "z": 1.0
        },
        "matrix_basis": [
          [
            0.9997673034667969,
            -0.019503770396113396,
            -0.009219176135957241,
            0.0
          ],
          [
            0.01929726079106331,
            0.9995720982551575,
            -0.02198198065161705,
            0.0
          ],
          [
            0.009643962606787682,
            0.021798960864543915,
            0.9997158646583557,
            0.0
          ],
          [
            0.0,
            0.0,
            0.0,
            1.0
          ]
        ],
        "rotation_mode": "QUATERNION"
      },
      "armature_space": {
        "head": {
          "x": 0.3259398341178894,
          "y": -0.5567066669464111,
          "z": 0.7057756781578064
        },
        "tail": {
          "x": 0.2953644096851349,
          "y": -0.5904722809791565,
          "z": 0.7252337336540222
        }
      },
      "world_space": {
        "head": {
          "x": 0.3259398341178894,
          "y": -0.4934626817703247,
          "z": 1.6556296348571777
        },
        "tail": {
          "x": 0.2953644096851349,
          "y": -0.5272282958030701,
          "z": 1.6750876903533936
        },
        "rotation_quaternion": {
          "w": 0.24218375980854034,
          "x": 0.9136140942573547,
          "y": -0.3170360028743744,
          "z": 0.07838666439056396
        },
        "matrix": [
          [
            0.7866872549057007,
            -0.6172652840614319,
            -0.010332668200135231,
            0.3259398341178894
          ],
          [
            -0.5413296222686768,
            -0.6816695928573608,
            -0.49222806096076965,
            -0.4934626817703247
          ],
          [
            0.2967934012413025,
            0.39282500743865967,
            -0.8704115152359009,
            1.6556296348571777
          ],
          [
            0.0,
            0.0,
            0.0,
            1.0
          ]
        ]
      },
      "bone_length_armature_space": 0.04953371811043979,
      "parent": "lowerarm_l",
      "has_children": true,
      "is_end_bone": false
    },
    "thumb_01_l": {
      "name": "thumb_01_l",
      "local": {
        "location": {
          "x": 0.0,
          "y": 0.0,
          "z": 0.0
        },
        "rotation_quaternion": {
          "w": 0.9869682788848877,
          "x": 0.15928693115711212,
          "y": -0.0131536228582263,
          "z": 0.018663553521037102
        },
        "scale": {
          "x": 1.0,
          "y": 1.0,
          "z": 1.0
        },
        "matrix_basis": [
          [
            0.9989573359489441,
            -0.04103107005357742,
            -0.020018696784973145,
            0.0
          ],
          [
            0.03265026956796646,
            0.9485586881637573,
            -0.314913272857666,
            0.0
          ],
          [
            0.031910136342048645,
            0.31393131613731384,
            0.9489092826843262,
            0.0
          ],
          [
            0.0,
            0.0,
            0.0,
            1.0
          ]
        ],
        "rotation_mode": "QUATERNION"
      },
      "armature_space": {
        "head": {
          "x": 0.2953644096851349,
          "y": -0.5904722809791565,
          "z": 0.7252337336540222
        },
        "tail": {
          "x": 0.28730764985084534,
          "y": -0.6212291717529297,
          "z": 0.7130793929100037
        }
      },
      "world_space": {
        "head": {
          "x": 0.2953644096851349,
          "y": -0.5272282958030701,
          "z": 1.6750876903533936
        },
        "tail": {
          "x": 0.28730764985084534,
          "y": -0.5579851865768433,
          "z": 1.662933349609375
        },
        "rotation_quaternion": {
          "w": 0.003939166199415922,
          "x": 0.5243555307388306,
          "y": -0.2195219248533249,
          "z": 0.8227064609527588
        },
        "matrix": [
          [
            -0.45007216930389404,
            -0.23669512569904327,
            0.8610520362854004,
            0.2953644096851349
          ],
          [
            -0.2237328439950943,
            -0.9035899043083191,
            -0.36533376574516296,
            -0.5272282958030701
          ],
          [
            0.8645164370536804,
            -0.35707569122314453,
            0.3537263870239258,
            1.6750876903533936
          ],
          [
            0.0,
            0.0,
            0.0,
            1.0
          ]
        ]
      },
      "bone_length_armature_space": 0.03403859115506645,
      "parent": "metacarpal_thumb_l",
      "has_children": true,
      "is_end_bone": false
    },
    "thumb_02_l": {
      "name": "thumb_02_l",
      "local": {
        "location": {
          "x": 0.0,
          "y": 0.0,
          "z": 0.0
        },
        "rotation_quaternion": {
          "w": 0.9278620481491089,
          "x": 0.3729111850261688,
          "y": -0.003057881724089384,
          "z": -0.00023104739375412464
        },
        "scale": {
          "x": 1.0,
          "y": 1.0,
          "z": 1.0
        },
        "matrix_basis": [
          [
            0.999981164932251,
            -0.001851876382716,
            -0.005846905056387186,
            0.0
          ],
          [
            -0.002709396881982684,
            0.7218744158744812,
            -0.6920188665390015,
            0.0
          ],
          [
            0.005502264481037855,
            0.6920216679573059,
            0.7218558192253113,
            0.0
          ],
          [
            0.0,
            0.0,
            0.0,
            1.0
          ]
        ],
        "rotation_mode": "QUATERNION"
      },
      "armature_space": {
        "head": {
          "x": 0.28730762004852295,
          "y": -0.6212291717529297,
          "z": 0.7130793333053589
        },
        "tail": {
          "x": 0.3031374514102936,
          "y": -0.6287243366241455,
          "z": 0.7492240071296692
        }
      },
      "world_space": {
        "head": {
          "x": 0.28730762004852295,
          "y": -0.5579851865768433,
          "z": 1.662933349609375
        },
        "tail": {
          "x": 0.3031374514102936,
          "y": -0.5654803514480591,
          "z": 1.69907808303833
        },
        "rotation_quaternion": {
          "w": 0.07218218594789505,
          "x": -0.227162703871727,
          "y": -0.6336274147033691,
          "z": -0.7360048890113831
        },
        "matrix": [
          [
            -0.8863743543624878,
            0.39412593841552734,
            0.24291065335273743,
            0.28730762004852295
          ],
          [
            0.1816180795431137,
            -0.18661236763000488,
            0.9655001163482666,
            -0.5579851865768433
          ],
          [
            0.42586183547973633,
            0.899917721748352,
            0.0938296914100647,
            1.662933349609375
          ],
          [
            0.0,
            0.0,
            0.0,
            1.0
          ]
        ]
      },
      "bone_length_armature_space": 0.04016464231289813,
      "parent": "thumb_01_l",
      "has_children": true,
      "is_end_bone": false
    },
    "thumb_03_l": {
      "name": "thumb_03_l",
      "local": {
        "location": {
          "x": 0.0,
          "y": 0.0,
          "z": 0.0
        },
        "rotation_quaternion": {
          "w": 0.9851353764533997,
          "x": 0.17161324620246887,
          "y": -0.0029587200842797756,
          "z": 0.006972034927457571
        },
        "scale": {
          "x": 1.0,
          "y": 1.0,
          "z": 1.0
        },
        "matrix_basis": [
          [
            0.9998852610588074,
            -0.014752307906746864,
            -0.003436492523178458,
            0.0
          ],
          [
            0.012721285223960876,
            0.9410005807876587,
            -0.338165819644928,
            0.0
          ],
          [
            0.008222466334700584,
            0.33808329701423645,
            0.9410802721977234,
            0.0
          ],
          [
            0.0,
            0.0,
            0.0,
            1.0
          ]
        ],
        "rotation_mode": "QUATERNION"
      },
      "armature_space": {
        "head": {
          "x": 0.3031373620033264,
          "y": -0.6287243962287903,
          "z": 0.7492239475250244
        },
        "tail": {
          "x": 0.3181394934654236,
          "y": -0.617000162601471,
          "z": 0.7729805707931519
        }
      },
      "world_space": {
        "head": {
          "x": 0.3031373620033264,
          "y": -0.5654804110527039,
          "z": 1.6990779638290405
        },
        "tail": {
          "x": 0.3181394934654236,
          "y": -0.5537561774253845,
          "z": 1.722834587097168
        },
        "rotation_quaternion": {
          "w": 0.3155736029148102,
          "x": -0.09616834670305252,
          "y": -0.770039975643158,
          "z": -0.5460800528526306
        },
        "matrix": [
          [
            -0.7823308706283569,
            0.49276354908943176,
            -0.38097625970840454,
            0.3031373620033264
          ],
          [
            -0.1965474784374237,
            0.3850979506969452,
            0.9017031192779541,
            -0.5654804110527039
          ],
          [
            0.5910433530807495,
            0.7803161144256592,
            -0.20442317426204681,
            1.6990779638290405
          ],
          [
            0.0,
            0.0,
            0.0,
            1.0
          ]
        ]
      },
      "bone_length_armature_space": 0.03044501236383621,
      "parent": "thumb_02_l",
      "has_children": false,
      "is_end_bone": true
    },
    "metacarpal_index_l": {
      "name": "metacarpal_index_l",
      "local": {
        "location": {
          "x": 0.0,
          "y": 0.0,
          "z": 0.0
        },
        "rotation_quaternion": {
          "w": 0.9997771382331848,
          "x": -0.017606645822525024,
          "y": -0.00035373098216950893,
          "z": -0.011648375540971756
        },
        "scale": {
          "x": 1.0,
          "y": 1.0,
          "z": 1.0
        },
        "matrix_basis": [
          [
            0.9997283816337585,
            0.023304015398025513,
            -0.000297126651275903,
            0.0
          ],
          [
            -0.02327910251915455,
            0.9991086721420288,
            0.035213686525821686,
            0.0
          ],
          [
            0.0011174819665029645,
            -0.03519720211625099,
            0.9993797540664673,
            0.0
          ],
          [
            0.0,
            0.0,
            0.0,
            1.0
          ]
        ],
        "rotation_mode": "QUATERNION"
      },
      "armature_space": {
        "head": {
          "x": 0.3259398341178894,
          "y": -0.5567066669464111,
          "z": 0.7057756781578064
        },
        "tail": {
          "x": 0.29405707120895386,
          "y": -0.6422310471534729,
          "z": 0.7792491316795349
        }
      },
      "world_space": {
        "head": {
          "x": 0.3259398341178894,
          "y": -0.4934626817703247,
          "z": 1.6556296348571777
        },
        "tail": {
          "x": 0.29405707120895386,
          "y": -0.5789870619773865,
          "z": 1.7291030883789062
        },
        "rotation_quaternion": {
          "w": 0.2807576358318329,
          "x": 0.8906869888305664,
          "y": -0.23711168766021729,
          "z": -0.26763778924942017
        },
        "matrix": [
          [
            0.7442959547042847,
            -0.27210283279418945,
            -0.6099047064781189,
            0.3259398341178894
          ],
          [
            -0.57266765832901,
            -0.729906439781189,
            -0.37321364879608154,
            -0.4934626817703247
          ],
          [
            -0.34362393617630005,
            0.6270578503608704,
            -0.6990960836410522,
            1.6556296348571777
          ],
          [
            0.0,
            0.0,
            0.0,
            1.0
          ]
        ]
      },
      "bone_length_armature_space": 0.11717200524492295,
      "parent": "lowerarm_l",
      "has_children": true,
      "is_end_bone": false
    },
    "index_01_l": {
      "name": "index_01_l",
      "local": {
        "location": {
          "x": 0.0,
          "y": 0.0,
          "z": 0.0
        },
        "rotation_quaternion": {
          "w": 0.9660747647285461,
          "x": 0.2578815519809723,
          "y": -0.010854585096240044,
          "z": -0.00888502411544323
        },
        "scale": {
          "x": 1.0,
          "y": 1.0,
          "z": 1.0
        },
        "matrix_basis": [
          [
            0.9996064901351929,
            0.011568800546228886,
            -0.02555524930357933,
            0.0
          ],
          [
            -0.022765589877963066,
            0.8668363094329834,
            -0.4980728328227997,
            0.0
          ],
          [
            0.016390113160014153,
            0.498458594083786,
            0.8667585849761963,
            0.0
          ],
          [
            0.0,
            0.0,
            0.0,
            1.0
          ]
        ],
        "rotation_mode": "QUATERNION"
      },
      "armature_space": {
        "head": {
          "x": 0.29405707120895386,
          "y": -0.6422310471534729,
          "z": 0.7792491316795349
        },
        "tail": {
          "x": 0.28794047236442566,
          "y": -0.669704794883728,
          "z": 0.783815324306488
        }
      },
      "world_space": {
        "head": {
          "x": 0.29405707120895386,
          "y": -0.5789870619773865,
          "z": 1.7291030883789062
        },
        "tail": {
          "x": 0.28794047236442566,
          "y": -0.6064608097076416,
          "z": 1.7336692810058594
        },
        "rotation_quaternion": {
          "w": 0.0441834032535553,
          "x": 0.9441893100738525,
          "y": -0.1276531219482422,
          "z": -0.3004314601421356
        },
        "matrix": [
          [
            0.7868914008140564,
            -0.21450969576835632,
            -0.578608512878418,
            0.29405707120895386
          ],
          [
            -0.26760584115982056,
            -0.9635050296783447,
            -0.006732761859893799,
            -0.5789870619773865
          ],
          [
            -0.5560522079467773,
            0.16013726592063904,
            -0.8155834674835205,
            1.7291030883789062
          ],
          [
            0.0,
            0.0,
            0.0,
            1.0
          ]
        ]
      },
      "bone_length_armature_space": 0.028514376926441643,
      "parent": "metacarpal_index_l",
      "has_children": true,
      "is_end_bone": false
    },
    "index_02_l": {
      "name": "index_02_l",
      "local": {
        "location": {
          "x": 0.0,
          "y": 0.0,
          "z": 0.0
        },
        "rotation_quaternion": {
          "w": 0.9195427894592285,
          "x": 0.39296969771385193,
          "y": 0.0038415412418544292,
          "z": -0.0010642007691785693
        },
        "scale": {
          "x": 1.0,
          "y": 1.0,
          "z": 1.0
        },
        "matrix_basis": [
          [
            0.9999682307243347,
            0.00497637502849102,
            0.006228525657206774,
            0.0
          ],
          [
            0.0010620623361319304,
            0.6911473870277405,
            -0.722713053226471,
            0.0
          ],
          [
            -0.007901320233941078,
            0.7226967215538025,
            0.6911201477050781,
            0.0
          ],
          [
            0.0,
            0.0,
            0.0,
            1.0
          ]
        ],
        "rotation_mode": "QUATERNION"
      },
      "armature_space": {
        "head": {
          "x": 0.28794002532958984,
          "y": -0.6697050929069519,
          "z": 0.783815324306488
        },
        "tail": {
          "x": 0.273236483335495,
          "y": -0.6873987913131714,
          "z": 0.7724649906158447
        }
      },
      "world_space": {
        "head": {
          "x": 0.28794002532958984,
          "y": -0.6064611077308655,
          "z": 1.7336692810058594
        },
        "tail": {
          "x": 0.273236483335495,
          "y": -0.624154806137085,
          "z": 1.7223190069198608
        },
        "rotation_quaternion": {
          "w": 0.3191952407360077,
          "x": -0.8814547657966614,
          "y": 0.2307630479335785,
          "z": 0.26057717204093933
        },
        "matrix": [
          [
            0.757696270942688,
            -0.573164701461792,
            -0.3120560050010681,
            0.28794002532958984
          ],
          [
            -0.24046573042869568,
            -0.6897256970405579,
            0.6829748749732971,
            -0.6064611077308655
          ],
          [
            -0.6066946983337402,
            -0.44245243072509766,
            -0.6604330539703369,
            1.7336692810058594
          ],
          [
            0.0,
            0.0,
            0.0,
            1.0
          ]
        ]
      },
      "bone_length_armature_space": 0.02565328803055507,
      "parent": "index_01_l",
      "has_children": true,
      "is_end_bone": false
    },
    "index_03_l": {
      "name": "index_03_l",
      "local": {
        "location": {
          "x": 0.0,
          "y": 0.0,
          "z": 0.0
        },
        "rotation_quaternion": {
          "w": 0.9652841091156006,
          "x": 0.26114848256111145,
          "y": -0.0031729540787637234,
          "z": -0.004260907880961895
        },
        "scale": {
          "x": 1.0,
          "y": 1.0,
          "z": 1.0
        },
        "matrix_basis": [
          [
            0.9999435544013977,
            0.0065687489695847034,
            -0.00835106335580349,
            0.0
          ],
          [
            -0.009883197955787182,
            0.8635666370391846,
            -0.5041379332542419,
            0.0
          ],
          [
            0.003900144947692752,
            0.5041919946670532,
            0.8635827898979187,
            0.0
          ],
          [
            0.0,
            0.0,
            0.0,
            1.0
          ]
        ],
        "rotation_mode": "QUATERNION"
      },
      "armature_space": {
        "head": {
          "x": 0.273236483335495,
          "y": -0.6873989105224609,
          "z": 0.7724651098251343
        },
        "tail": {
          "x": 0.25706881284713745,
          "y": -0.6930257678031921,
          "z": 0.7487863302230835
        }
      },
      "world_space": {
        "head": {
          "x": 0.273236483335495,
          "y": -0.6241549253463745,
          "z": 1.7223191261291504
        },
        "tail": {
          "x": 0.25706881284713745,
          "y": -0.6297817826271057,
          "z": 1.6986403465270996
        },
        "rotation_quaternion": {
          "w": 0.5816748142242432,
          "x": -0.7590252161026001,
          "y": 0.25566771626472473,
          "z": 0.14201821386814117
        },
        "matrix": [
          [
            0.8289294242858887,
            -0.5533338189125061,
            0.0818423181772232,
            0.273236483335495
          ],
          [
            -0.2229025661945343,
            -0.19257745146751404,
            0.955629825592041,
            -0.6241549253463745
          ],
          [
            -0.5130251049995422,
            -0.8103983402252197,
            -0.28297367691993713,
            1.7223191261291504
          ],
          [
            0.0,
            0.0,
            0.0,
            1.0
          ]
        ]
      },
      "bone_length_armature_space": 0.029218824361182033,
      "parent": "index_02_l",
      "has_children": false,
      "is_end_bone": true
    },
    "metacarpal_pinky_l": {
      "name": "metacarpal_pinky_l",
      "local": {
        "location": {
          "x": 0.0,
          "y": 0.0,
          "z": 0.0
        },
        "rotation_quaternion": {
          "w": 0.99996018409729,
          "x": -0.006449389271438122,
          "y": -0.005125735886394978,
          "z": 0.0034558370243757963
        },
        "scale": {
          "x": 1.0,
          "y": 1.0,
          "z": 1.0
        },
        "matrix_basis": [
          [
            0.999923586845398,
            -0.006845283322036266,
            -0.010295639745891094,
            0.0
          ],
          [
            0.006977514363825321,
            0.9998929500579834,
            0.012862837873399258,
            0.0
          ],
          [
            0.010206487961113453,
            -0.012933691963553429,
            0.9998642802238464,
            0.0
          ],
          [
            0.0,
            0.0,
            0.0,
            1.0
          ]
        ],
        "rotation_mode": "QUATERNION"
      },
      "armature_space": {
        "head": {
          "x": 0.3259398341178894,
          "y": -0.5567066669464111,
          "z": 0.7057756781578064
        },
        "tail": {
          "x": 0.35807543992996216,
          "y": -0.6332713961601257,
          "z": 0.7686120271682739
        }
      },
      "world_space": {
        "head": {
          "x": 0.3259398341178894,
          "y": -0.4934626817703247,
          "z": 1.6556296348571777
        },
        "tail": {
          "x": 0.35807543992996216,
          "y": -0.5700274109840393,
          "z": 1.71846604347229
        },
        "rotation_quaternion": {
          "w": 0.17680653929710388,
          "x": 0.0323515422642231,
          "y": -0.3179652690887451,
          "z": -0.930908739566803
        },
        "matrix": [
          [
            -0.9353855848312378,
            0.3086082339286804,
            -0.17267003655433655,
            0.3259398341178894
          ],
          [
            -0.34975531697273254,
            -0.7352747321128845,
            0.5805534720420837,
            -0.4934626817703247
          ],
          [
            0.052203886210918427,
            0.6034370064735413,
            0.795708954334259,
            1.6556296348571777
          ],
          [
            0.0,
            0.0,
            0.0,
            1.0
          ]
        ]
      },
      "bone_length_armature_space": 0.10413098351178626,
      "parent": "lowerarm_l",
      "has_children": true,
      "is_end_bone": false
    },
    "pinky_01_l": {
      "name": "pinky_01_l",
      "local": {
        "location": {
          "x": 0.0,
          "y": 0.0,
          "z": 0.0
        },
        "rotation_quaternion": {
          "w": 0.9485774040222168,
          "x": 0.31599050760269165,
          "y": -0.013464921154081821,
          "z": -0.01302726473659277
        },
        "scale": {
          "x": 1.0,
          "y": 1.0,
          "z": 1.0
        },
        "matrix_basis": [
          [
            0.9992979764938354,
            0.016205163672566414,
            -0.03377802297472954,
            0.0
          ],
          [
            -0.03322431072592735,
            0.7999605536460876,
            -0.5991320610046387,
            0.0
          ],
          [
            0.017312055453658104,
            0.5998337268829346,
            0.79993736743927,
            0.0
          ],
          [
            0.0,
            0.0,
            0.0,
            1.0
          ]
        ],
        "rotation_mode": "QUATERNION"
      },
      "armature_space": {
        "head": {
          "x": 0.35807543992996216,
          "y": -0.6332713961601257,
          "z": 0.7686120271682739
        },
        "tail": {
          "x": 0.35649973154067993,
