{
  "metadata": {
    "armature_name": "KIM_caucasian_male",
    "export_time": "2026-01-13T21:13:02.351494",
    "blender_version": "4.4.1",
    "bone_count": 56,
    "end_bone_count": 13,
    "spaces_included": [
      "LOCAL_CHANNELS",
      "ARMATURE_SPACE",
      "WORLD_SPACE"
    ],
    "note": "LOCAL matches Transform panel; replay pose via local.matrix_basis for best fidelity."
  },
  "bones": {
    "Root": {
      "name": "Root",
      "local": {
        "location": {
          "x": 0.0,
          "y": 0.0,
          "z": 0.0
        },
        "rotation_quaternion": {
          "w": 0.9997446537017822,
          "x": -0.010684685781598091,
          "y": -0.016737626865506172,
          "z": -0.01079231034964323
        },
        "scale": {
          "x": 1.0,
          "y": 1.0,
          "z": 1.0
        },
        "matrix_basis": [
          [
            0.9992067813873291,
            0.021936781704425812,
            -0.03323608264327049,
            0.0
          ],
          [
            -0.02122143656015396,
            0.9995387196540833,
            0.021725190803408623,
            0.0
          ],
          [
            0.033697329461574554,
            -0.021002639085054398,
            0.9992113709449768,
            0.0
          ],
          [
            0.0,
            0.0,
            0.0,
            1.0
          ]
        ],
        "rotation_mode": "QUATERNION"
      },
      "armature_space": {
        "head": {
          "x": 0.0,
          "y": 0.07072800397872925,
          "z": -0.009595036506652832
        },
        "tail": {
          "x": 0.0015657568583264947,
          "y": 0.00023414939641952515,
          "z": 0.0014810599386692047
        }
      },
      "world_space": {
        "head": {
          "x": 0.0,
          "y": 0.13397200405597687,
          "z": 0.9402589797973633
        },
        "tail": {
          "x": 0.0015657568583264947,
          "y": 0.06347814947366714,
          "z": 0.951335072517395
        },
        "rotation_quaternion": {
          "w": 0.07801086455583572,
          "x": 0.9967536330223083,
          "y": 0.009640214033424854,
          "z": -0.017426658421754837
        },
        "matrix": [
          [
            0.9992067813873291,
            0.021936781704425812,
            -0.03323608264327049,
            0.0
          ],
          [
            0.01649889163672924,
            -0.9876427054405212,
            -0.15585166215896606,
            0.13397200405597687
          ],
          [
            -0.03624449297785759,
            0.15517984330654144,
            -0.9872282147407532,
            0.9402589797973633
          ],
          [
            0.0,
            0.0,
            0.0,
            1.0
          ]
        ]
      },
      "bone_length_armature_space": 0.07137587191261952,
      "parent": null,
      "has_children": true,
      "is_end_bone": false
    },
    "spine_01": {
      "name": "spine_01",
      "local": {
        "location": {
          "x": 0.0,
          "y": 0.0,
          "z": 0.0
        },
        "rotation_quaternion": {
          "w": 0.9998650550842285,
          "x": 0.0071000694297254086,
          "y": -0.00853664893656969,
          "z": 0.012111860327422619
        },
        "scale": {
          "x": 1.0,
          "y": 1.0,
          "z": 1.0
        },
        "matrix_basis": [
          [
            0.9995608329772949,
            -0.024341672658920288,
            -0.016899004578590393,
            0.0
          ],
          [
            0.024099230766296387,
            0.9996057748794556,
            -0.014405012130737305,
            0.0
          ],
          [
            0.01724298484623432,
            0.013991433195769787,
            0.9997534155845642,
            0.0
          ],
          [
            0.0,
            0.0,
            0.0,
            1.0
          ]
        ],
        "rotation_mode": "QUATERNION"
      },
      "armature_space": {
        "head": {
          "x": 0.0015657568583264947,
          "y": 0.00023414939641952515,
          "z": 0.0014810599386692047
        },
        "tail": {
          "x": 0.006917004473507404,
          "y": 0.026576580479741096,
          "z": 0.4887448251247406
        }
      },
      "world_space": {
        "head": {
          "x": 0.0015657568583264947,
          "y": 0.06347814947366714,
          "z": 0.951335072517395
        },
        "tail": {
          "x": 0.006917004473507404,
          "y": 0.08982057869434357,
          "z": 1.438598871231079
        },
        "rotation_quaternion": {
          "w": 0.7259278297424316,
          "x": 0.6877486705780029,
          "y": 0.004327391739934683,
          "z": -0.0034530486445873976
        },
        "matrix": [
          [
            0.9999387264251709,
            0.010965644381940365,
            0.0015330221503973007,
            0.0015657568583264947
          ],
          [
            0.0009389128535985947,
            0.053980257362127304,
            -0.9985415935516357,
            0.06347814947366714
          ],
          [
            -0.011032471433281898,
            0.9984888434410095,
            0.053966131061315536,
            0.951335072517395
          ],
          [
            0.0,
            0.0,
            0.0,
            1.0
          ]
        ]
      },
      "bone_length_armature_space": 0.4880046541593765,
      "parent": "Root",
      "has_children": true,
      "is_end_bone": false
    },
    "neck_01": {
      "name": "neck_01",
      "local": {
        "location": {
          "x": 0.0,
          "y": 0.0,
          "z": 0.0
        },
        "rotation_quaternion": {
          "w": 0.9952576160430908,
          "x": -0.08644535392522812,
          "y": -0.04455019533634186,
          "z": -0.002211223356425762
        },
        "scale": {
          "x": 1.0,
          "y": 1.0,
          "z": 1.0
        },
        "matrix_basis": [
          [
            0.9960207939147949,
            0.012103788554668427,
            -0.08829554170370102,
            0.0
          ],
          [
            0.0033008409664034843,
            0.9850445985794067,
            0.17226780951023102,
            0.0
          ],
          [
            0.08906014263629913,
            -0.1718737781047821,
            0.981084942817688,
            0.0
          ],
          [
            0.0,
            0.0,
            0.0,
            1.0
          ]
        ],
        "rotation_mode": "QUATERNION"
      },
      "armature_space": {
        "head": {
          "x": 0.007773058023303747,
          "y": -0.004100929945707321,
          "z": 0.5637242197990417
        },
        "tail": {
          "x": 0.01017619576305151,
          "y": -0.020731430500745773,
          "z": 0.6648598313331604
        }
      },
      "world_space": {
        "head": {
          "x": 0.007773058023303747,
          "y": 0.0591430701315403,
          "z": 1.513578176498413
        },
        "tail": {
          "x": 0.01017619576305151,
          "y": 0.042512569576501846,
          "z": 1.6147139072418213
        },
        "rotation_quaternion": {
          "w": 0.6468938589096069,
          "x": 0.7611325979232788,
          "y": -0.02050916478037834,
          "z": -0.042248643934726715
        },
        "matrix": [
          [
            0.9955889582633972,
            0.023440368473529816,
            -0.0908479318022728,
            0.007773058023303747
          ],
          [
            -0.08588098734617233,
            -0.16221502423286438,
            -0.9830111265182495,
            0.0591430701315403
          ],
          [
            -0.03777937591075897,
            0.9864836931228638,
            -0.15948840975761414,
            1.513578176498413
          ],
          [
            0.0,
            0.0,
            0.0,
            1.0
          ]
        ]
      },
      "bone_length_armature_space": 0.10252200179452924,
      "parent": "spine_01",
      "has_children": true,
      "is_end_bone": false
    },
    "head": {
      "name": "head",
      "local": {
        "location": {
          "x": 0.0,
          "y": 0.0,
          "z": 0.0
        },
        "rotation_quaternion": {
          "w": 0.9824184775352478,
          "x": -0.1352115422487259,
          "y": 0.07649802416563034,
          "z": -0.10353689640760422
        },
        "scale": {
          "x": 1.0,
          "y": 1.0,
          "z": 1.0
        },
        "matrix_basis": [
          [
            0.9668563008308411,
            0.1827462911605835,
            0.17830491065979004,
            0.0
          ],
          [
            -0.22411994636058807,
            0.9419959187507629,
            0.24982789158821106,
            0.0
          ],
          [
            -0.12230737507343292,
            -0.2815093696117401,
            0.95173180103302,
            0.0
          ],
          [
            0.0,
            0.0,
            0.0,
            1.0
          ]
        ],
        "rotation_mode": "QUATERNION"
      },
      "armature_space": {
        "head": {
          "x": 0.010176179930567741,
          "y": -0.020731572061777115,
          "z": 0.6648597717285156
        },
        "tail": {
          "x": 0.049746014177799225,
          "y": 0.049146559089422226,
          "z": 0.7975417971611023
        }
      },
      "world_space": {
        "head": {
          "x": 0.010176179930567741,
          "y": 0.042512428015470505,
          "z": 1.6147137880325317
        },
        "tail": {
          "x": 0.049746014177799225,
          "y": 0.11239056289196014,
          "z": 1.7473957538604736
        },
        "rotation_quaternion": {
          "w": 0.8435330390930176,
          "x": 0.518109142780304,
          "y": 0.11719118803739548,
          "z": -0.0792529433965683
        },
        "matrix": [
          [
            0.9599705934524536,
            0.2551407516002655,
            0.11558479070663452,
            0.010176179930567741
          ],
          [
            -0.012270629405975342,
            0.4505644142627716,
            -0.8926597237586975,
            0.042512428015470505
          ],
          [
            -0.27983415126800537,
            0.8555151224136353,
            0.4356614351272583,
            1.6147137880325317
          ],
          [
            0.0,
            0.0,
            0.0,
            1.0
          ]
        ]
      },
      "bone_length_armature_space": 0.15509108716232176,
      "parent": "neck_01",
      "has_children": false,
      "is_end_bone": true
    },
    "upperarm_l": {
      "name": "upperarm_l",
      "local": {
        "location": {
          "x": 0.0,
          "y": 0.0,
          "z": 0.0
        },
        "rotation_quaternion": {
          "w": 0.9054840803146362,
          "x": 0.3283785283565521,
          "y": 0.19008682668209076,
          "z": -0.19008705019950867
        },
        "scale": {
          "x": 1.0,
          "y": 1.0,
          "z": 1.0
        },
        "matrix_basis": [
          [
            0.8554677963256836,
            0.46908247470855713,
            0.21940018236637115,
            0.0
          ],
          [
            -0.21940073370933533,
            0.7120689153671265,
            -0.6669491529464722,
            0.0
          ],
          [
            -0.46908220648765564,
            0.5224169492721558,
            0.7120690941810608,
            0.0
          ],
          [
            0.0,
            0.0,
            0.0,
            1.0
          ]
        ],
        "rotation_mode": "QUATERNION"
      },
      "armature_space": {
        "head": {
          "x": 0.15703177452087402,
          "y": -0.01077246479690075,
          "z": 0.49513527750968933
        },
        "tail": {
          "x": 0.34890592098236084,
          "y": -0.14696435630321503,
          "z": 0.3669012188911438
        }
      },
      "world_space": {
        "head": {
          "x": 0.15703177452087402,
          "y": 0.05247153341770172,
          "z": 1.4449893236160278
        },
        "tail": {
          "x": 0.34890592098236084,
          "y": -0.08372035622596741,
          "z": 1.3167552947998047
        },
        "rotation_quaternion": {
          "w": 0.11139112710952759,
          "x": 0.5951526761054993,
          "y": 0.48318949341773987,
          "z": -0.6323869824409485
        },
        "matrix": [
          [
            -0.26677215099334717,
            0.7160300612449646,
            -0.6450842618942261,
            0.15703177452087402
          ],
          [
            0.43425777554512024,
            -0.5082366466522217,
            -0.7437176704406738,
            0.05247153341770172
          ],
          [
            -0.8603850603103638,
            -0.4785398244857788,
            -0.1753600388765335,
            1.4449893236160278
          ],
          [
            0.0,
            0.0,
            0.0,
            1.0
          ]
        ]
      },
      "bone_length_armature_space": 0.2679699479290402,
      "parent": "spine_01",
      "has_children": true,
      "is_end_bone": false
    },
    "lowerarm_l": {
      "name": "lowerarm_l",
      "local": {
        "location": {
          "x": 0.0,
          "y": 0.0,
          "z": 0.0
        },
        "rotation_quaternion": {
          "w": 0.904220461845398,
          "x": 0.4058098793029785,
          "y": 0.1315365582704544,
          "z": -0.020050955936312675
        },
        "scale": {
          "x": 1.0,
          "y": 1.0,
          "z": 1.0
        },
        "matrix_basis": [
          [
            0.9645921587944031,
            0.14301863312721252,
            0.22160233557224274,
            0.0
          ],
          [
            0.07049670070409775,
            0.6698325872421265,
            -0.739158034324646,
            0.0
          ],
          [
            -0.254149854183197,
            0.7286083102226257,
            0.6360329389572144,
            0.0
          ],
          [
            0.0,
            0.0,
            0.0,
            1.0
          ]
        ],
        "rotation_mode": "QUATERNION"
      },
      "armature_space": {
        "head": {
          "x": 0.348906010389328,
          "y": -0.14696449041366577,
          "z": 0.3669012784957886
        },
        "tail": {
          "x": 0.3200686275959015,
          "y": -0.38854601979255676,
          "z": 0.25565221905708313
        }
      },
      "world_space": {
        "head": {
          "x": 0.348906010389328,
          "y": -0.08372049033641815,
          "z": 1.3167552947998047
        },
        "tail": {
          "x": 0.3200686275959015,
          "y": -0.32530200481414795,
          "z": 1.2055062055587769
        },
        "rotation_quaternion": {
          "w": 0.18335537612438202,
          "x": -0.6507270932197571,
          "y": -0.12193407118320465,
          "z": 0.7266824245452881
        },
        "matrix": [
          [
            -0.08587060868740082,
            -0.1077934205532074,
            -0.9904579520225525,
            0.348906010389328
          ],
          [
            0.42517367005348206,
            -0.9030258655548096,
            0.061416178941726685,
            -0.08372049033641815
          ],
          [
            -0.9010351300239563,
            -0.4158463180065155,
            0.12337527424097061,
            1.3167552947998047
          ],
          [
            0.0,
            0.0,
            0.0,
            1.0
          ]
        ]
      },
      "bone_length_armature_space": 0.2675249191929641,
      "parent": "upperarm_l",
      "has_children": true,
      "is_end_bone": false
    },
    "metacarpal_thumb_l": {
      "name": "metacarpal_thumb_l",
      "local": {
        "location": {
          "x": 0.0,
          "y": 0.0,
          "z": 0.0
        },
        "rotation_quaternion": {
          "w": 0.999075174331665,
          "x": -0.03944266587495804,
          "y": 0.014924269169569016,
          "z": 0.008393960073590279
        },
        "scale": {
          "x": 1.0,
          "y": 1.0,
          "z": 1.0
        },
        "matrix_basis": [
          [
            0.9994136095046997,
            -0.017949700355529785,
            0.02915877290070057,
            0.0
          ],
          [
            0.015595088712871075,
            0.996747612953186,
            0.07906292378902435,
            0.0
          ],
          [
            -0.030483093112707138,
            -0.07856182754039764,
            0.9964430928230286,
            0.0
          ],
          [
            0.0,
            0.0,
            0.0,
            1.0
          ]
        ],
        "rotation_mode": "QUATERNION"
      },
      "armature_space": {
        "head": {
          "x": 0.3200686275959015,
          "y": -0.38854601979255676,
          "z": 0.25565221905708313
        },
        "tail": {
          "x": 0.28574636578559875,
          "y": -0.4198501706123352,
          "z": 0.2384585589170456
        }
      },
      "world_space": {
        "head": {
          "x": 0.3200686275959015,
          "y": -0.32530200481414795,
          "z": 1.2055062055587769
        },
        "tail": {
          "x": 0.28574636578559875,
          "y": -0.3566061854362488,
          "z": 1.1883125305175781
        },
        "rotation_quaternion": {
          "w": 0.24166829884052277,
          "x": -0.8952155709266663,
          "y": 0.3544118404388428,
          "z": 0.12073913216590881
        },
        "matrix": [
          [
            0.7196285128593445,
            -0.6929078102111816,
            -0.0448734387755394,
            0.3200686275959015
          ],
          [
            -0.5761932730674744,
            -0.6319769620895386,
            0.5182726383209229,
            -0.32530200481414795
          ],
          [
            -0.3874773383140564,
            -0.34711068868637085,
            -0.8540428876876831,
            1.2055062055587769
          ],
          [
            0.0,
            0.0,
            0.0,
            1.0
          ]
        ]
      },
      "bone_length_armature_space": 0.04953372075444146,
      "parent": "lowerarm_l",
      "has_children": true,
      "is_end_bone": false
    },
    "thumb_01_l": {
      "name": "thumb_01_l",
      "local": {
        "location": {
          "x": 0.0,
          "y": 0.0,
          "z": 0.0
        },
        "rotation_quaternion": {
          "w": 0.9996902942657471,
          "x": 0.01465567760169506,
          "y": 0.007908925414085388,
          "z": 0.01849418506026268
        },
        "scale": {
          "x": 1.0,
          "y": 1.0,
          "z": 1.0
        },
        "matrix_basis": [
          [
            0.9991908073425293,
            -0.0367450937628746,
            0.016355041414499283,
            0.0
          ],
          [
            0.037208735942840576,
            0.9988863468170166,
            -0.029009738937020302,
            0.0
          ],
          [
            -0.015270862728357315,
            0.029594816267490387,
            0.9994453191757202,
            0.0
          ],
          [
            0.0,
            0.0,
            0.0,
            1.0
          ]
        ],
        "rotation_mode": "QUATERNION"
      },
      "armature_space": {
        "head": {
          "x": 0.28574636578559875,
          "y": -0.4198501706123352,
          "z": 0.2384585589170456
        },
        "tail": {
          "x": 0.2673715651035309,
          "y": -0.41816502809524536,
          "z": 0.20985500514507294
        }
      },
      "world_space": {
        "head": {
          "x": 0.28574636578559875,
          "y": -0.3566061854362488,
          "z": 1.1883125305175781
        },
        "tail": {
          "x": 0.2673715651035309,
          "y": -0.35492104291915894,
          "z": 1.1597089767456055
        },
        "rotation_quaternion": {
          "w": 0.13096724450588226,
          "x": -0.47132304310798645,
          "y": 0.7124618291854858,
          "z": -0.5030908584594727
        },
        "matrix": [
          [
            -0.5214019417762756,
            -0.5398224592208862,
            0.6608568429946899,
            0.28574636578559875
          ],
          [
            -0.8033777475357056,
            0.04950692132115364,
            -0.5934082865715027,
            -0.3566061854362488
          ],
          [
            0.2876194715499878,
            -0.8403276205062866,
            -0.4594980478286743,
            1.1883125305175781
          ],
          [
            0.0,
            0.0,
            0.0,
            1.0
          ]
        ]
      },
      "bone_length_armature_space": 0.034038746782535184,
      "parent": "metacarpal_thumb_l",
      "has_children": true,
      "is_end_bone": false
    },
    "thumb_02_l": {
      "name": "thumb_02_l",
      "local": {
        "location": {
          "x": 0.0,
          "y": 0.0,
          "z": 0.0
        },
        "rotation_quaternion": {
          "w": 0.9886051416397095,
          "x": 0.1505233496427536,
          "y": -0.001246341853402555,
          "z": -0.0010543435346335173
        },
        "scale": {
          "x": 1.0,
          "y": 1.0,
          "z": 1.0
        },
        "matrix_basis": [
          [
            0.999994695186615,
            0.0017094517825171351,
            -0.002781686605885625,
            0.0
          ],
          [
            -0.0024598659947514534,
            0.954683244228363,
            -0.2976136803627014,
            0.0
          ],
          [
            0.002146873390302062,
            0.29761895537376404,
            0.9546823501586914,
            0.0
          ],
          [
            0.0,
            0.0,
            0.0,
            1.0
          ]
        ],
        "rotation_mode": "QUATERNION"
      },
      "armature_space": {
        "head": {
          "x": 0.2673715651035309,
          "y": -0.4181649684906006,
          "z": 0.20985502004623413
        },
        "tail": {
          "x": 0.2670402526855469,
          "y": -0.45647919178009033,
          "z": 0.19780953228473663
        }
      },
      "world_space": {
        "head": {
          "x": 0.2673715651035309,
          "y": -0.35492098331451416,
          "z": 1.1597089767456055
        },
        "tail": {
          "x": 0.2670402526855469,
          "y": -0.3932352066040039,
          "z": 1.1476635932922363
        },
        "rotation_quaternion": {
          "w": 0.0473702996969223,
          "x": -0.33421629667282104,
          "y": 0.14418378472328186,
          "z": -0.9301971197128296
        },
        "matrix": [
          [
            -0.7721112966537476,
            -0.008249029517173767,
            0.6354339718818665,
            0.2673715651035309
          ],
          [
            -0.18450437486171722,
            -0.9539344906806946,
            -0.2365739345550537,
            -0.35492098331451416
          ],
          [
            0.6081179976463318,
            -0.29990455508232117,
            0.7350262999534607,
            1.1597089767456055
          ],
          [
            0.0,
            0.0,
            0.0,
            1.0
          ]
        ]
      },
      "bone_length_armature_space": 0.040164452997078263,
      "parent": "thumb_01_l",
      "has_children": true,
      "is_end_bone": false
    },
    "thumb_03_l": {
      "name": "thumb_03_l",
      "local": {
        "location": {
          "x": 0.0,
          "y": 0.0,
          "z": 0.0
        },
        "rotation_quaternion": {
          "w": 0.9955053329467773,
          "x": 0.09455759823322296,
          "y": -0.005044780671596527,
          "z": -0.0016627553850412369
        },
        "scale": {
          "x": 1.0,
          "y": 1.0,
          "z": 1.0
        },
        "matrix_basis": [
          [
            0.9999435544013977,
            0.002356518991291523,
            -0.010358664207160473,
            0.0
          ],
          [
            -0.00426460849121213,
            0.9821121692657471,
            -0.188248410820961,
            0.0
          ],
          [
            0.009729759767651558,
            0.18828196823596954,
            0.982066810131073,
            0.0
          ],
          [
            0.0,
            0.0,
            0.0,
            1.0
          ]
        ],
        "rotation_mode": "QUATERNION"
      },
      "armature_space": {
        "head": {
          "x": 0.2670401632785797,
          "y": -0.45647913217544556,
          "z": 0.19780953228473663
        },
        "tail": {
          "x": 0.27718958258628845,
          "y": -0.4851824641227722,
          "z": 0.19781190156936646
        }
      },
      "world_space": {
        "head": {
          "x": 0.2670401632785797,
          "y": -0.39323514699935913,
          "z": 1.1476635932922363
        },
        "tail": {
          "x": 0.27718958258628845,
          "y": -0.4219384789466858,
          "z": 1.1476659774780273
        },
        "rotation_quaternion": {
          "w": 0.1678636223077774,
          "x": -0.11972945928573608,
          "y": -0.020583853125572205,
          "z": -0.9782959818840027
        },
        "matrix": [
          [
            -0.914973258972168,
            0.33336982131004333,
            0.22735102474689484,
            0.2670401632785797
          ],
          [
            -0.3235114812850952,
            -0.9427961707115173,
            0.08047129213809967,
            -0.39323514699935913
          ],
          [
            0.2411739081144333,
            7.763504981994629e-05,
            0.9704891443252563,
            1.1476635932922363
          ],
          [
            0.0,
            0.0,
            0.0,
            1.0
          ]
        ]
      },
      "bone_length_armature_space": 0.030444900370988362,
      "parent": "thumb_02_l",
      "has_children": false,
      "is_end_bone": true
    },
    "metacarpal_index_l": {
      "name": "metacarpal_index_l",
      "local": {
        "location": {
          "x": 0.0,
          "y": 0.0,
          "z": 0.0
        },
        "rotation_quaternion": {
          "w": 0.9999580383300781,
          "x": -0.008921278640627861,
          "y": -0.00013536028563976288,
          "z": -0.002098576631397009
        },
        "scale": {
          "x": 1.0,
          "y": 1.0,
          "z": 1.0
        },
        "matrix_basis": [
          [
            0.9999911785125732,
            0.004199392162263393,
            -0.0002332652366021648,
            0.0
          ],
          [
            -0.00419456185773015,
            0.999832034111023,
            0.017842376604676247,
            0.0
          ],
          [
            0.00030815319041721523,
            -0.017841240391135216,
            0.9998407959938049,
            0.0
          ],
          [
            0.0,
            0.0,
            0.0,
            1.0
          ]
        ],
        "rotation_mode": "QUATERNION"
      },
      "armature_space": {
        "head": {
          "x": 0.3200686275959015,
          "y": -0.38854601979255676,
          "z": 0.25565221905708313
        },
        "tail": {
          "x": 0.27371224761009216,
          "y": -0.48563912510871887,
          "z": 0.2092488706111908
        }
      },
      "world_space": {
        "head": {
          "x": 0.3200686275959015,
          "y": -0.32530200481414795,
          "z": 1.2055062055587769
        },
        "tail": {
          "x": 0.27371224761009216,
          "y": -0.42239511013031006,
          "z": 1.1591029167175293
        },
        "rotation_quaternion": {
          "w": 0.2710016071796417,
          "x": -0.8817134499549866,
          "y": 0.11062893271446228,
          "z": 0.37000107765197754
        },
        "matrix": [
          [
            0.7017214298248291,
            -0.3956276476383209,
            -0.5925081968307495,
            0.3200686275959015
          ],
          [
            0.005454904865473509,
            -0.8286393880844116,
            0.5597565174102783,
            -0.32530200481414795
          ],
          [
            -0.7124356627464294,
            -0.39602845907211304,
            -0.5793193578720093,
            1.2055062055587769
          ],
          [
            0.0,
            0.0,
            0.0,
            1.0
          ]
        ]
      },
      "bone_length_armature_space": 0.11717190837452676,
      "parent": "lowerarm_l",
      "has_children": true,
      "is_end_bone": false
    },
    "index_01_l": {
      "name": "index_01_l",
      "local": {
        "location": {
          "x": 0.0,
          "y": 0.0,
          "z": 0.0
        },
        "rotation_quaternion": {
          "w": 0.9988760948181152,
          "x": -0.04682164639234543,
          "y": -0.0013899413170292974,
          "z": 0.0072514815255999565
        },
        "scale": {
          "x": 1.0,
          "y": 1.0,
          "z": 1.0
        },
        "matrix_basis": [
          [
            0.9998909831047058,
            -0.014356504194438457,
            -0.003455810947343707,
            0.0
          ],
          [
            0.014616821892559528,
            0.9955102801322937,
            0.09351788461208344,
            0.0
          ],
          [
            0.0020977056119590998,
            -0.09355820715427399,
            0.9956116080284119,
            0.0
          ],
          [
            0.0,
            0.0,
            0.0,
            1.0
          ]
        ],
        "rotation_mode": "QUATERNION"
      },
      "armature_space": {
        "head": {
          "x": 0.27371224761009216,
          "y": -0.48563912510871887,
          "z": 0.2092488706111908
        },
        "tail": {
          "x": 0.27362626791000366,
          "y": -0.5108951926231384,
          "z": 0.1960127204656601
        }
      },
      "world_space": {
        "head": {
          "x": 0.27371224761009216,
          "y": -0.42239511013031006,
          "z": 1.1591029167175293
        },
        "tail": {
          "x": 0.27362626791000366,
          "y": -0.447651207447052,
          "z": 1.1458667516708374
        },
        "rotation_quaternion": {
          "w": 0.22720928490161896,
          "x": -0.9210206866264343,
          "y": -0.0742328092455864,
          "z": 0.3075491487979889
        },
        "matrix": [
          [
            0.7998062372207642,
            -0.0030155815184116364,
            -0.6002508401870728,
            0.27371224761009216
          ],
          [
            0.27649596333503723,
            -0.8857314586639404,
            0.37286752462387085,
            -0.42239511013031006
          ],
          [
            -0.5327889323234558,
            -0.4641924500465393,
            -0.7075842022895813,
            1.1591029167175293
          ],
          [
            0.0,
            0.0,
            0.0,
            1.0
          ]
        ]
      },
      "bone_length_armature_space": 0.02851441756430559,
      "parent": "metacarpal_index_l",
      "has_children": true,
      "is_end_bone": false
    },
    "index_02_l": {
      "name": "index_02_l",
      "local": {
        "location": {
          "x": 0.0,
          "y": 0.0,
          "z": 0.0
        },
        "rotation_quaternion": {
          "w": 0.9835973978042603,
          "x": 0.18029887974262238,
          "y": 0.005182209424674511,
          "z": -0.001325145480223
        },
        "scale": {
          "x": 1.0,
          "y": 1.0,
          "z": 1.0
        },
        "matrix_basis": [
          [
            0.9999427795410156,
            0.00447551254183054,
            0.009716571308672428,
            0.0
          ],
          [
            -0.0007381261675618589,
            0.934981107711792,
            -0.35469675064086914,
            0.0
          ],
          [
            -0.010672260075807571,
            0.3546692728996277,
            0.9349309206008911,
            0.0
          ],
          [
            0.0,
            0.0,
            0.0,
            1.0
          ]
        ],
        "rotation_mode": "QUATERNION"
      },
      "armature_space": {
        "head": {
          "x": 0.2736258804798126,
          "y": -0.5108954906463623,
          "z": 0.1960124373435974
        },
        "tail": {
          "x": 0.26881563663482666,
          "y": -0.5292569398880005,
          "z": 0.17875513434410095
        }
      },
      "world_space": {
        "head": {
          "x": 0.2736258804798126,
          "y": -0.4476515054702759,
          "z": 1.1458663940429688
        },
        "tail": {
          "x": 0.26881563663482666,
          "y": -0.46601295471191406,
          "z": 1.1286091804504395
        },
        "rotation_quaternion": {
          "w": 0.37493467330932617,
          "x": -0.8613830804824829,
          "y": -0.03933823108673096,
          "z": 0.34043455123901367
        },
        "matrix": [
          [
            0.7651143074035645,
            -0.18751022219657898,
            -0.6159871816635132,
            0.2736258804798126
          ],
          [
            0.32305145263671875,
            -0.7157539129257202,
            0.619140088558197,
            -0.4476515054702759
          ],
          [
            -0.5569939017295837,
            -0.6727134585380554,
            -0.4870609939098358,
            1.1458663940429688
          ],
          [
            0.0,
            0.0,
            0.0,
            1.0
          ]
        ]
      },
      "bone_length_armature_space": 0.02565337762098478,
      "parent": "index_01_l",
      "has_children": true,
      "is_end_bone": false
    },
    "index_03_l": {
      "name": "index_03_l",
      "local": {
        "location": {
          "x": 0.0,
          "y": 0.0,
          "z": 0.0
        },
        "rotation_quaternion": {
          "w": 0.9783356189727783,
          "x": 0.20699289441108704,
          "y": 0.003655713051557541,
          "z": 0.0004891366697847843
        },
        "scale": {
          "x": 1.0,
          "y": 1.0,
          "z": 1.0
        },
        "matrix_basis": [
          [
            0.9999728202819824,
            0.0005563335726037621,
            0.007355524227023125,
            0.0
          ],
          [
            0.0024704928509891033,
            0.9143074154853821,
            -0.40501347184181213,
            0.0
          ],
          [
            -0.006950533017516136,
            0.4050206243991852,
            0.9142811298370361,
            0.0
          ],
          [
            0.0,
            0.0,
            0.0,
            1.0
          ]
        ],
        "rotation_mode": "QUATERNION"
      },
      "armature_space": {
        "head": {
          "x": 0.26881569623947144,
          "y": -0.5292569994926453,
          "z": 0.1787552386522293
        },
        "tail": {
          "x": 0.2578415274620056,
          "y": -0.5376467704772949,
          "z": 0.15300799906253815
        }
      },
      "world_space": {
        "head": {
          "x": 0.26881569623947144,
          "y": -0.46601301431655884,
          "z": 1.128609299659729
        },
        "tail": {
          "x": 0.2578415274620056,
          "y": -0.4744027853012085,
          "z": 1.102862000465393
        },
        "rotation_quaternion": {
          "w": 0.5968090295791626,
          "x": -0.7460721731185913,
          "y": 0.015838757157325745,
          "z": 0.2948632836341858
        },
        "matrix": [
          [
            0.8256105780601501,
            -0.375587522983551,
            -0.4210718274116516,
            0.26881569623947144
          ],
          [
            0.32831844687461853,
            -0.28713762760162354,
            0.8998662829399109,
            -0.46601301431655884
          ],
          [
            -0.4588870108127594,
            -0.881190836429596,
            -0.11375164985656738,
            1.128609299659729
          ],
          [
            0.0,
            0.0,
            0.0,
            1.0
          ]
        ]
      },
      "bone_length_armature_space": 0.029218846461352324,
      "parent": "index_02_l",
      "has_children": false,
      "is_end_bone": true
    },
    "metacarpal_pinky_l": {
      "name": "metacarpal_pinky_l",
      "local": {
        "location": {
          "x": 0.0,
          "y": 0.0,
          "z": 0.0
        },
        "rotation_quaternion": {
          "w": 0.9996210932731628,
          "x": 0.00047646695747971535,
          "y": -0.020610637962818146,
          "z": -0.018239201977849007
        },
        "scale": {
          "x": 1.0,
          "y": 1.0,
          "z": 1.0
        },
        "matrix_basis": [
          [
            0.9984850883483887,
            0.03644493967294693,
            -0.041223037987947464,
            0.0
          ],
          [
            -0.03648422285914421,
            0.9993342161178589,
            -0.00020072967163287103,
            0.0
          ],
          [
            0.041188277304172516,
            0.0017044160049408674,
            0.9991499781608582,
            0.0
          ],
          [
            0.0,
            0.0,
            0.0,
            1.0
          ]
        ],
        "rotation_mode": "QUATERNION"
      },
      "armature_space": {
        "head": {
          "x": 0.3200686275959015,
          "y": -0.38854601979255676,
          "z": 0.25565221905708313
        },
        "tail": {
          "x": 0.3369445204734802,
          "y": -0.4802163243293762,
          "z": 0.20923006534576416
        }
      },
      "world_space": {
        "head": {
          "x": 0.3200686275959015,
          "y": -0.32530200481414795,
          "z": 1.2055062055587769
        },
        "tail": {
          "x": 0.3369445204734802,
          "y": -0.4169723391532898,
          "z": 1.1590840816497803
        },
        "rotation_quaternion": {
          "w": 0.06259852647781372,
          "x": 0.08703571557998657,
          "y": 0.23645810782909393,
          "z": -0.9657089710235596
        },
        "matrix": [
          [
            -0.9770125150680542,
            0.16206446290016174,
            -0.1384982317686081,
            0.3200686275959015
          ],
          [
            -0.07974367588758469,
            -0.8803382515907288,
            -0.46759575605392456,
            -0.32530200481414795
          ],
          [
            -0.19770723581314087,
            -0.4458062946796417,
            0.8730306625366211,
            1.2055062055587769
          ],
          [
            0.0,
            0.0,
            0.0,
            1.0
          ]
        ]
      },
      "bone_length_armature_space": 0.10413096003441237,
      "parent": "lowerarm_l",
      "has_children": true,
      "is_end_bone": false
    },
    "pinky_01_l": {
      "name": "pinky_01_l",
      "local": {
        "location": {
          "x": 0.0,
          "y": 0.0,
          "z": 0.0
        },
        "rotation_quaternion": {
          "w": 0.999740481376648,
          "x": 0.017418164759874344,
          "y": -0.0014735900331288576,
          "z": 0.014609000645577908
        },
        "scale": {
          "x": 1.0,
          "y": 1.0,
          "z": 1.0
        },
        "matrix_basis": [
          [
            0.9995688199996948,
            -0.0292617529630661,
            -0.00243749120272696,
            0.0
          ],
          [
            0.02915908396244049,
            0.99896639585495,
            -0.034870345145463943,
            0.0
          ],
          [
            0.0034553392324596643,
            0.034784235060214996,
            0.9993888735771179,
            0.0
          ],
          [
            0.0,
            0.0,
            0.0,
            1.0
          ]
        ],
        "rotation_mode": "QUATERNION"
      },
      "armature_space": {
        "head": {
          "x": 0.3369445204734802,
