{
  "metadata": {
    "armature_name": "KIM_caucasian_male",
    "export_time": "2026-01-13T19:12:01.789128",
    "blender_version": "4.4.1",
    "bone_count": 56,
    "end_bone_count": 13,
    "spaces_included": [
      "LOCAL_CHANNELS",
      "ARMATURE_SPACE",
      "WORLD_SPACE"
    ],
    "note": "LOCAL matches Transform panel; replay pose via local.matrix_basis for best fidelity."
  },
  "bones": {
    "Root": {
      "name": "Root",
      "local": {
        "location": {
          "x": 0.0,
          "y": 0.0,
          "z": 0.0
        },
        "rotation_quaternion": {
          "w": 0.9996795058250427,
          "x": 0.009137557819485664,
          "y": -0.015424569137394428,
          "z": -0.01787453331053257
        },
        "scale": {
          "x": 1.0,
          "y": 1.0,
          "z": 1.0
        },
        "matrix_basis": [
          [
            0.9988851547241211,
            0.035455722361803055,
            -0.03116591088473797,
            0.0
          ],
          [
            -0.036019496619701385,
            0.9991940259933472,
            -0.017717843875288963,
            0.0
          ],
          [
            0.03051259182393551,
            0.01882067322731018,
            0.9993571639060974,
            0.0
          ],
          [
            0.0,
            0.0,
            0.0,
            1.0
          ]
        ],
        "rotation_mode": "QUATERNION"
      },
      "armature_space": {
        "head": {
          "x": 0.0,
          "y": 0.07072800397872925,
          "z": -0.009595036506652832
        },
        "tail": {
          "x": 0.0025306830648332834,
          "y": -0.0001235753297805786,
          "z": -0.0013388916850090027
        }
      },
      "world_space": {
        "head": {
          "x": 0.0,
          "y": 0.13397200405597687,
          "z": 0.9402589797973633
        },
        "tail": {
          "x": 0.0025306830648332834,
          "y": 0.06312042474746704,
          "z": 0.9485151171684265
        },
        "rotation_quaternion": {
          "w": 0.05822926387190819,
          "x": 0.998024046421051,
          "y": 0.016794804483652115,
          "z": -0.016593696549534798
        },
        "matrix": [
          [
            0.9988851547241211,
            0.035455722361803055,
            -0.03116591088473797,
            0.0
          ],
          [
            0.03159075602889061,
            -0.99265456199646,
            -0.11678625643253326,
            0.13397200405597687
          ],
          [
            -0.03507794067263603,
            0.11567137390375137,
            -0.9926750063896179,
            0.9402589797973633
          ],
          [
            0.0,
            0.0,
            0.0,
            1.0
          ]
        ]
      },
      "bone_length_armature_space": 0.07137586969386178,
      "parent": null,
      "has_children": true,
      "is_end_bone": false
    },
    "spine_01": {
      "name": "spine_01",
      "local": {
        "location": {
          "x": 0.0,
          "y": 0.0,
          "z": 0.0
        },
        "rotation_quaternion": {
          "w": 0.9980891346931458,
          "x": -0.0008991950307972729,
          "y": -0.05734435096383095,
          "z": 0.02299940027296543
        },
        "scale": {
          "x": 1.0,
          "y": 1.0,
          "z": 1.0
        },
        "matrix_basis": [
          [
            0.992365300655365,
            -0.04580777511000633,
            -0.1145109087228775,
            0.0
          ],
          [
            0.046014029532670975,
            0.9989404678344727,
            -0.0008428177679888904,
            0.0
          ],
          [
            0.11442818492650986,
            -0.004432724788784981,
            0.9934216141700745,
            0.0
          ],
          [
            0.0,
            0.0,
            0.0,
            1.0
          ]
        ],
        "rotation_mode": "QUATERNION"
      },
      "armature_space": {
        "head": {
          "x": 0.0025306830648332834,
          "y": -0.0001235753297805786,
          "z": -0.0013388916850090027
        },
        "tail": {
          "x": -0.003214661730453372,
          "y": 0.01547370757907629,
          "z": 0.4863826036453247
        }
      },
      "world_space": {
        "head": {
          "x": 0.0025306830648332834,
          "y": 0.06312042474746704,
          "z": 0.9485151171684265
        },
        "tail": {
          "x": -0.003214661730453372,
          "y": 0.07871770858764648,
          "z": 1.4362366199493408
        },
        "rotation_quaternion": {
          "w": 0.717532217502594,
          "x": 0.6952890753746033,
          "y": -0.03358736261725426,
          "z": -0.024342218413949013
        },
        "matrix": [
          [
            0.996558666229248,
            -0.011773217469453812,
            -0.08204971253871918,
            0.0025306830648332834
          ],
          [
            -0.08163842558860779,
            0.03196156397461891,
            -0.9961495399475098,
            0.06312042474746704
          ],
          [
            0.014350349083542824,
            0.9994267821311951,
            0.030889734625816345,
            0.9485151171684265
          ],
          [
            0.0,
            0.0,
            0.0,
            1.0
          ]
        ]
      },
      "bone_length_armature_space": 0.48800465371954305,
      "parent": "Root",
      "has_children": true,
      "is_end_bone": false
    },
    "neck_01": {
      "name": "neck_01",
      "local": {
        "location": {
          "x": 0.0,
          "y": 0.0,
          "z": 0.0
        },
        "rotation_quaternion": {
          "w": 0.986404299736023,
          "x": -0.1287551075220108,
          "y": -0.0641869381070137,
          "z": -0.07942693680524826
        },
        "scale": {
          "x": 1.0,
          "y": 1.0,
          "z": 1.0
        },
        "matrix_basis": [
          [
            0.9791427850723267,
            0.17322292923927307,
            -0.10617529600858688,
            0.0
          ],
          [
            -0.14016535878181458,
            0.9542269706726074,
            0.2642055153846741,
            0.0
          ],
          [
            0.14708179235458374,
            -0.24381284415721893,
            0.9586043357849121,
            0.0
          ],
          [
            0.0,
            0.0,
            0.0,
            1.0
          ]
        ],
        "rotation_mode": "QUATERNION"
      },
      "armature_space": {
        "head": {
          "x": -0.006922198459506035,
          "y": -0.016733020544052124,
          "z": 0.5606303811073303
        },
        "tail": {
          "x": 0.008487475104629993,
          "y": -0.029008612036705017,
          "z": 0.6612415909767151
        }
      },
      "world_space": {
        "head": {
          "x": -0.006922198459506035,
          "y": 0.046510979533195496,
          "z": 1.5104844570159912
        },
        "tail": {
          "x": 0.008487475104629993,
          "y": 0.0342353880405426,
          "z": 1.611095666885376
        },
        "rotation_quaternion": {
          "w": 0.6633908152580261,
          "x": 0.7384476065635681,
          "y": -0.006641928572207689,
          "z": -0.12068033218383789
        },
        "matrix": [
          [
            0.9707844853401184,
            0.15030698478221893,
            -0.18704357743263245,
            -0.006922198459506035
          ],
          [
            -0.16992491483688354,
            -0.11973695456981659,
            -0.9781560301780701,
            0.046510979533195496
          ],
          [
            -0.1694210022687912,
            0.9813684225082397,
            -0.09069941937923431,
            1.5104844570159912
          ],
          [
            0.0,
            0.0,
            0.0,
            1.0
          ]
        ]
      },
      "bone_length_armature_space": 0.10252201727701574,
      "parent": "spine_01",
      "has_children": true,
      "is_end_bone": false
    },
    "head": {
      "name": "head",
      "local": {
        "location": {
          "x": 0.0,
          "y": 0.0,
          "z": 0.0
        },
        "rotation_quaternion": {
          "w": 0.9814773201942444,
          "x": -0.10362188518047333,
          "y": 0.1565287560224533,
          "z": 0.03825732320547104
        },
        "scale": {
          "x": 1.0,
          "y": 1.0,
          "z": 1.0
        },
        "matrix_basis": [
          [
            0.948070228099823,
            -0.10753700137138367,
            0.2993302643299103,
            0.0
          ],
          [
            0.04265778139233589,
            0.9755977392196655,
            0.21538180112838745,
            0.0
          ],
          [
            -0.3151874542236328,
            -0.1914283186197281,
            0.9295225143432617,
            0.0
          ],
          [
            0.0,
            0.0,
            0.0,
            1.0
          ]
        ],
        "rotation_mode": "QUATERNION"
      },
      "armature_space": {
        "head": {
          "x": 0.008487435057759285,
          "y": -0.029008757323026657,
          "z": 0.6612415313720703
        },
        "tail": {
          "x": 0.027294332161545753,
          "y": 0.03884349390864372,
          "z": 0.7994284629821777
        }
      },
      "world_space": {
        "head": {
          "x": 0.008487435057759285,
          "y": 0.03423524275422096,
          "z": 1.6110955476760864
        },
        "tail": {
          "x": 0.027294332161545753,
          "y": 0.10208749771118164,
          "z": 1.7492824792861938
        },
        "rotation_quaternion": {
          "w": 0.8382636308670044,
          "x": 0.5302714705467224,
          "y": 0.12674610316753387,
          "z": 0.007846844382584095
        },
        "matrix": [
          [
            0.9677478671073914,
            0.12126424163579941,
            0.2208145260810852,
            0.008487435057759285
          ],
          [
            0.14757445454597473,
            0.43750184774398804,
            -0.8870257139205933,
            0.03423524275422096
          ],
          [
            -0.20417246222496033,
            0.8910101652145386,
            0.40549784898757935,
            1.6110955476760864
          ],
          [
            0.0,
            0.0,
            0.0,
            1.0
          ]
        ]
      },
      "bone_length_armature_space": 0.15509111812561974,
      "parent": "neck_01",
      "has_children": false,
      "is_end_bone": true
    },
    "upperarm_l": {
      "name": "upperarm_l",
      "local": {
        "location": {
          "x": 0.0,
          "y": 0.0,
          "z": 0.0
        },
        "rotation_quaternion": {
          "w": -0.6823499202728271,
          "x": 0.4225812256336212,
          "y": 0.13409732282161713,
          "z": 0.5812415480613708
        },
        "scale": {
          "x": 1.0,
          "y": 1.0,
          "z": 1.0
        },
        "matrix_basis": [
          [
            0.2883523404598236,
            0.9065542817115784,
            0.30824095010757446,
            0.0
          ],
          [
            -0.6798862218856812,
            -0.03283325955271721,
            0.7325823903083801,
            0.0
          ],
          [
            0.6742461323738098,
            -0.42081066966056824,
            0.6068860292434692,
            0.0
          ],
          [
            0.0,
            0.0,
            0.0,
            1.0
          ]
        ],
        "rotation_mode": "QUATERNION"
      },
      "armature_space": {
        "head": {
          "x": 0.14309117197990417,
          "y": -0.0343036986887455,
          "z": 0.4957122206687927
        },
        "tail": {
          "x": 0.1369706243276596,
          "y": 0.07721652090549469,
          "z": 0.2521260976791382
        }
      },
      "world_space": {
        "head": {
          "x": 0.14309117197990417,
          "y": 0.02894030138850212,
          "z": 1.445566177368164
        },
        "tail": {
          "x": 0.1369706243276596,
          "y": 0.1404605209827423,
          "z": 1.2019801139831543
        },
        "rotation_quaternion": {
          "w": 0.31407275795936584,
          "x": -0.21418556571006775,
          "y": 0.7806677222251892,
          "z": -0.49602505564689636
        },
        "matrix": [
          [
            -0.7109662890434265,
            -0.02284049428999424,
            0.7028552293777466,
            0.14309117197990417
          ],
          [
            -0.6459913849830627,
            0.4161677062511444,
            -0.639922022819519,
            0.02894030138850212
          ],
          [
            -0.2778918147087097,
            -0.9090071320533752,
            -0.31063851714134216,
            1.445566177368164
          ],
          [
            0.0,
            0.0,
            0.0,
            1.0
          ]
        ]
      },
      "bone_length_armature_space": 0.2679709307125312,
      "parent": "spine_01",
      "has_children": true,
      "is_end_bone": false
    },
    "lowerarm_l": {
      "name": "lowerarm_l",
      "local": {
        "location": {
          "x": 0.0,
          "y": 0.0,
          "z": 0.0
        },
        "rotation_quaternion": {
          "w": 0.9944442510604858,
          "x": 0.033603306859731674,
          "y": 0.09320580214262009,
          "z": -0.03555624186992645
        },
        "scale": {
          "x": 1.0,
          "y": 1.0,
          "z": 1.0
        },
        "matrix_basis": [
          [
            0.9800968766212463,
            0.07698144763708115,
            0.1829863339662552,
            0.0
          ],
          [
            -0.0644533559679985,
            0.9952131509780884,
            -0.07346132397651672,
            0.0
          ],
          [
            -0.18776556849479675,
            0.060205135494470596,
            0.9803670048713684,
            0.0
          ],
          [
            0.0,
            0.0,
            0.0,
            1.0
          ]
        ],
        "rotation_mode": "QUATERNION"
      },
      "armature_space": {
        "head": {
          "x": 0.13697072863578796,
          "y": 0.07721660286188126,
          "z": 0.2521260380744934
        },
        "tail": {
          "x": 0.16633109748363495,
          "y": 0.15540724992752075,
          "z": -0.00202825665473938
        }
      },
      "world_space": {
        "head": {
          "x": 0.13697072863578796,
          "y": 0.14046061038970947,
          "z": 1.2019801139831543
        },
        "tail": {
          "x": 0.16633109748363495,
          "y": 0.21865125000476837,
          "z": 0.9478257894515991
        },
        "rotation_quaternion": {
          "w": 0.3141677677631378,
          "x": -0.1681239753961563,
          "y": 0.7398891448974609,
          "z": -0.5706111788749695
        },
        "matrix": [
          [
            -0.7460668087005615,
            0.10974832624197006,
            0.6567647457122803,
            0.13697072863578796
          ],
          [
            -0.6073209047317505,
            0.29227474331855774,
            -0.7387403249740601,
            0.14046061038970947
          ],
          [
            -0.2730335593223572,
            -0.9500225186347961,
            -0.15140566229820251,
            1.2019801139831543
          ],
          [
            0.0,
            0.0,
            0.0,
            1.0
          ]
        ]
      },
      "bone_length_armature_space": 0.2675260950931867,
      "parent": "upperarm_l",
      "has_children": true,
      "is_end_bone": false
    },
    "metacarpal_thumb_l": {
      "name": "metacarpal_thumb_l",
      "local": {
        "location": {
          "x": 0.0,
          "y": 0.0,
          "z": 0.0
        },
        "rotation_quaternion": {
          "w": 0.999886691570282,
          "x": 0.002520184265449643,
          "y": 0.007278452627360821,
          "z": 0.012939322739839554
        },
        "scale": {
          "x": 1.0,
          "y": 1.0,
          "z": 1.0
        },
        "matrix_basis": [
          [
            0.999559223651886,
            -0.025839027017354965,
            0.01462047453969717,
            0.0
          ],
          [
            0.025912398472428322,
            0.9996524453163147,
            -0.004851440899074078,
            0.0
          ],
          [
            -0.014490037225186825,
            0.005228153895586729,
            0.9998813271522522,
            0.0
          ],
          [
            0.0,
            0.0,
            0.0,
            1.0
          ]
        ],
        "rotation_mode": "QUATERNION"
      },
      "armature_space": {
        "head": {
          "x": 0.16633109748363495,
          "y": 0.15540724992752075,
          "z": -0.00202825665473938
        },
        "tail": {
          "x": 0.183453768491745,
          "y": 0.1387302726507187,
          "z": -0.045413777232170105
        }
      },
      "world_space": {
        "head": {
          "x": 0.16633109748363495,
          "y": 0.21865125000476837,
          "z": 0.9478257894515991
        },
        "tail": {
          "x": 0.183453768491745,
          "y": 0.2019742727279663,
          "z": 0.9044402241706848
        },
        "rotation_quaternion": {
          "w": 0.14367260038852692,
          "x": -0.4803406894207001,
          "y": -0.5576908588409424,
          "z": 0.6615225672721863
        },
        "matrix": [
          [
            -0.49725911021232605,
            0.34567731618881226,
            -0.7957643270492554,
            0.16633109748363495
          ],
          [
            0.7258503437042236,
            -0.33667975664138794,
            -0.5998237133026123,
            0.21865125000476837
          ],
          [
            -0.4752657115459442,
            -0.8758794069290161,
            -0.08349397033452988,
            0.9478257894515991
          ],
          [
            0.0,
            0.0,
            0.0,
            1.0
          ]
        ]
      },
      "bone_length_armature_space": 0.04953393609321502,
      "parent": "lowerarm_l",
      "has_children": true,
      "is_end_bone": false
    },
    "thumb_01_l": {
      "name": "thumb_01_l",
      "local": {
        "location": {
          "x": 0.0,
          "y": 0.0,
          "z": 0.0
        },
        "rotation_quaternion": {
          "w": 0.9500963091850281,
          "x": 0.3118315637111664,
          "y": -0.007965676486492157,
          "z": -0.0038421927019953728
        },
        "scale": {
          "x": 1.0,
          "y": 1.0,
          "z": 1.0
        },
        "matrix_basis": [
          [
            0.9998435974121094,
            0.0023330075200647116,
            -0.017532553523778915,
            0.0
          ],
          [
            -0.01226880494505167,
            0.805492639541626,
            -0.5924788117408752,
            0.0
          ],
          [
            0.012740085832774639,
            0.5926012396812439,
            0.805395245552063,
            0.0
          ],
          [
            0.0,
            0.0,
            0.0,
            1.0
          ]
        ],
        "rotation_mode": "QUATERNION"
      },
      "armature_space": {
        "head": {
          "x": 0.183453768491745,
          "y": 0.1387302726507187,
          "z": -0.045413777232170105
        },
        "tail": {
          "x": 0.16446831822395325,
          "y": 0.13095232844352722,
          "z": -0.07257425785064697
        }
      },
      "world_space": {
        "head": {
          "x": 0.183453768491745,
          "y": 0.2019742727279663,
          "z": 0.9044402241706848
        },
        "tail": {
          "x": 0.16446831822395325,
          "y": 0.19419632852077484,
          "z": 0.8772797584533691
        },
        "rotation_quaternion": {
          "w": 0.60593581199646,
          "x": -0.7252675294876099,
          "y": 0.13634814321994781,
          "z": 0.2970488667488098
        },
        "matrix": [
          [
            0.786342978477478,
            -0.557762861251831,
            -0.26564204692840576,
            0.183453768491745
          ],
          [
            0.16220471262931824,
            -0.22850358486175537,
            0.9599356651306152,
            0.2019742727279663
          ],
          [
            -0.5961199998855591,
            -0.7979323863983154,
            -0.08921027183532715,
            0.9044402241706848
          ],
          [
            0.0,
            0.0,
            0.0,
            1.0
          ]
        ]
      },
      "bone_length_armature_space": 0.03403873458512943,
      "parent": "metacarpal_thumb_l",
      "has_children": true,
      "is_end_bone": false
    },
    "thumb_02_l": {
      "name": "thumb_02_l",
      "local": {
        "location": {
          "x": 0.0,
          "y": 0.0,
          "z": 0.0
        },
        "rotation_quaternion": {
          "w": 0.8808594942092896,
          "x": 0.47322142124176025,
          "y": -0.011752001009881496,
          "z": -0.003160497173666954
        },
        "scale": {
          "x": 1.0,
          "y": 1.0,
          "z": 1.0
        },
        "matrix_basis": [
          [
            0.9997038245201111,
            -0.005554689560085535,
            -0.023694952949881554,
            0.0
          ],
          [
            -0.016690505668520927,
            0.5521029829978943,
            -0.833608865737915,
            0.0
          ],
          [
            0.017712492495775223,
            0.8337574601173401,
            0.5518467426300049,
            0.0
          ],
          [
            0.0,
            0.0,
            0.0,
            1.0
          ]
        ],
        "rotation_mode": "QUATERNION"
      },
      "armature_space": {
        "head": {
          "x": 0.16446830332279205,
          "y": 0.13095228374004364,
          "z": -0.07257422804832458
        },
        "tail": {
          "x": 0.18530786037445068,
          "y": 0.16524706780910492,
          "z": -0.07423584908246994
        }
      },
      "world_space": {
        "head": {
          "x": 0.16446830332279205,
          "y": 0.19419628381729126,
          "z": 0.8772797584533691
        },
        "tail": {
          "x": 0.18530786037445068,
          "y": 0.22849106788635254,
          "z": 0.8756181597709656
        },
        "rotation_quaternion": {
          "w": 0.9529940485954285,
          "x": 0.017038872465491295,
          "y": 0.13686656951904297,
          "z": -0.2697772979736328
        },
        "matrix": [
          [
            0.8169756531715393,
            0.5188565254211426,
            0.2516723871231079,
            0.16446830332279205
          ],
          [
            -0.5095284581184387,
            0.8538600206375122,
            -0.10632285475730896,
            0.19419628381729126
          ],
          [
            -0.2700613737106323,
            -0.0413704514503479,
            0.9619609713554382,
            0.8772797584533691
          ],
          [
            0.0,
            0.0,
            0.0,
            1.0
          ]
        ]
      },
      "bone_length_armature_space": 0.040164416442399535,
      "parent": "thumb_01_l",
      "has_children": true,
      "is_end_bone": false
    },
    "thumb_03_l": {
      "name": "thumb_03_l",
      "local": {
        "location": {
          "x": 0.0,
          "y": 0.0,
          "z": 0.0
        },
        "rotation_quaternion": {
          "w": 0.9926619529724121,
          "x": 0.1205521672964096,
          "y": 0.007337324321269989,
          "z": -0.005977571476250887
        },
        "scale": {
          "x": 1.0,
          "y": 1.0,
          "z": 1.0
        },
        "matrix_basis": [
          [
            0.99982088804245,
            0.01363647636026144,
            0.013125747442245483,
            0.0
          ],
          [
            -0.010098354890942574,
            0.970862865447998,
            -0.23942281305789948,
            0.0
          ],
          [
            -0.016008183360099792,
            0.2392473816871643,
            0.9708266854286194,
            0.0
          ],
          [
            0.0,
            0.0,
            0.0,
            1.0
          ]
        ],
        "rotation_mode": "QUATERNION"
      },
      "armature_space": {
        "head": {
          "x": 0.18530787527561188,
          "y": 0.16524699330329895,
          "z": -0.07423592358827591
        },
        "tail": {
          "x": 0.20153947174549103,
          "y": 0.18736302852630615,
          "z": -0.06103323772549629
        }
      },
      "world_space": {
        "head": {
          "x": 0.18530787527561188,
          "y": 0.22849099338054657,
          "z": 0.8756181001663208
        },
        "tail": {
          "x": 0.20153947174549103,
          "y": 0.2506070137023926,
          "z": 0.8888207674026489
        },
        "rotation_quaternion": {
          "w": 0.891714870929718,
          "x": 0.30455052852630615,
          "y": 0.26088064908981323,
          "z": -0.20984511077404022
        },
        "matrix": [
          [
            0.7758129835128784,
            0.5331469178199768,
            0.33744460344314575,
            0.18530787527561188
          ],
          [
            -0.21534259617328644,
            0.7264284491539001,
            -0.6526331305503845,
            0.22849099338054657
          ],
          [
            -0.5930825471878052,
            0.43365857005119324,
            0.6783856153488159,
            0.8756181001663208
          ],
          [
            0.0,
            0.0,
            0.0,
            1.0
          ]
        ]
      },
      "bone_length_armature_space": 0.030444944969469815,
      "parent": "thumb_02_l",
      "has_children": false,
      "is_end_bone": true
    },
    "metacarpal_index_l": {
      "name": "metacarpal_index_l",
      "local": {
        "location": {
          "x": 0.0,
          "y": 0.0,
          "z": 0.0
        },
        "rotation_quaternion": {
          "w": 0.9990032911300659,
          "x": -0.04388316348195076,
          "y": -0.007497673388570547,
          "z": 0.0032591773197054863
        },
        "scale": {
          "x": 1.0,
          "y": 1.0,
          "z": 1.0
        },
        "matrix_basis": [
          [
            0.9998663067817688,
            -0.005853814538568258,
            -0.015266446396708488,
            0.0
          ],
          [
            0.007169900927692652,
            0.9961273074150085,
            0.08762997388839722,
            0.0
          ],
          [
            0.014694354496896267,
            -0.08772772550582886,
            0.9960361123085022,
            0.0
          ],
          [
            0.0,
            0.0,
            0.0,
            1.0
          ]
        ],
        "rotation_mode": "QUATERNION"
      },
      "armature_space": {
        "head": {
          "x": 0.16633109748363495,
          "y": 0.15540724992752075,
          "z": -0.00202825665473938
        },
        "tail": {
          "x": 0.20092570781707764,
          "y": 0.16760557889938354,
          "z": -0.11331077665090561
        }
      },
      "world_space": {
        "head": {
          "x": 0.16633109748363495,
          "y": 0.21865125000476837,
          "z": 0.9478257894515991
        },
        "tail": {
          "x": 0.20092570781707764,
          "y": 0.23084957897663116,
          "z": 0.8365432620048523
        },
        "rotation_quaternion": {
          "w": 0.00869559496641159,
          "x": 0.1911914348602295,
          "y": 0.7429521679878235,
          "z": -0.6413988471031189
        },
        "matrix": [
          [
            -0.9267401099205017,
            0.2952471375465393,
            -0.23234069347381592,
            0.16633109748363495
          ],
          [
            0.272938996553421,
            0.10410639643669128,
            -0.9563820958137512,
            0.21865125000476837
          ],
          [
            -0.2581823170185089,
            -0.949738621711731,
            -0.17706602811813354,
            0.9478257894515991
          ],
          [
            0.0,
            0.0,
            0.0,
            1.0
          ]
        ]
      },
      "bone_length_armature_space": 0.11717246010003929,
      "parent": "lowerarm_l",
      "has_children": true,
      "is_end_bone": false
    },
    "index_01_l": {
      "name": "index_01_l",
      "local": {
        "location": {
          "x": 0.0,
          "y": 0.0,
          "z": 0.0
        },
        "rotation_quaternion": {
          "w": 0.9462099075317383,
          "x": 0.322903037071228,
          "y": 0.007469611708074808,
          "z": 0.01909331977367401
        },
        "scale": {
          "x": 1.0,
          "y": 1.0,
          "z": 1.0
        },
        "matrix_basis": [
          [
            0.9991592764854431,
            -0.03130865469574928,
            0.02646622247993946,
            0.0
          ],
          [
            0.04095649719238281,
            0.7907381653785706,
            -0.6107828617095947,
            0.0
          ],
          [
            -0.0018050593789666891,
            0.61135333776474,
            0.7913556694984436,
            0.0
          ],
          [
            0.0,
            0.0,
            0.0,
            1.0
          ]
        ],
        "rotation_mode": "QUATERNION"
      },
      "armature_space": {
        "head": {
          "x": 0.20092570781707764,
          "y": 0.16760557889938354,
          "z": -0.11331077665090561
        },
        "tail": {
          "x": 0.19718822836875916,
          "y": 0.15853488445281982,
          "z": -0.14008451998233795
        }
      },
      "world_space": {
        "head": {
          "x": 0.20092570781707764,
          "y": 0.23084957897663116,
          "z": 0.8365432620048523
        },
        "tail": {
          "x": 0.19718822836875916,
          "y": 0.22177888453006744,
          "z": 0.8097695112228394
        },
        "rotation_quaternion": {
          "w": 0.11577320843935013,
          "x": -0.04940716549754143,
          "y": -0.5723128318786621,
          "z": 0.8103169202804565
        },
        "matrix": [
          [
            -0.9683109521865845,
            -0.1310735046863556,
            -0.21258851885795593,
            0.20092570781707764
          ],
          [
            0.24417932331562042,
            -0.3181096911430359,
            -0.9160693883895874,
            0.23084957897663116
          ],
          [
            0.05244653671979904,
            -0.9389562606811523,
            0.34003597497940063,
            0.8365432620048523
          ],
          [
            0.0,
            0.0,
            0.0,
            1.0
          ]
        ]
      },
      "bone_length_armature_space": 0.028514550472075347,
      "parent": "metacarpal_index_l",
      "has_children": true,
      "is_end_bone": false
    },
    "index_02_l": {
      "name": "index_02_l",
      "local": {
        "location": {
          "x": 0.0,
          "y": 0.0,
          "z": 0.0
        },
        "rotation_quaternion": {
          "w": 0.8924497365951538,
          "x": 0.45113375782966614,
          "y": -0.0008088919566944242,
          "z": 0.003372181672602892
        },
        "scale": {
          "x": 1.0,
          "y": 1.0,
          "z": 1.0
        },
        "matrix_basis": [
          [
            0.9999759197235107,
            -0.00674884207546711,
            0.0015988191589713097,
            0.0
          ],
          [
            0.0052891685627400875,
            0.5929338932037354,
            -0.8052338361740112,
            0.0
          ],
          [
            0.004486400634050369,
            0.8052229285240173,
            0.5929553508758545,
            0.0
          ],
          [
            0.0,
            0.0,
            0.0,
            1.0
          ]
        ],
        "rotation_mode": "QUATERNION"
      },
      "armature_space": {
        "head": {
          "x": 0.1971883326768875,
          "y": 0.15853442251682281,
          "z": -0.14008478820323944
        },
        "tail": {
          "x": 0.1918388456106186,
          "y": 0.13482722640037537,
          "z": -0.14829722046852112
        }
      },
      "world_space": {
        "head": {
          "x": 0.1971883326768875,
          "y": 0.22177842259407043,
          "z": 0.8097692131996155
        },
        "tail": {
          "x": 0.1918388456106186,
          "y": 0.19807122647762299,
          "z": 0.8015568256378174
        },
        "rotation_quaternion": {
          "w": 0.10076822340488434,
          "x": 0.032892681658267975,
          "y": -0.16666248440742493,
          "z": 0.980299711227417
        },
        "matrix": [
          [
            -0.9775277972221375,
            -0.20853018760681152,
            0.030900493264198303,
            0.1971883326768875
          ],
          [
            0.18660232424736023,
            -0.924139142036438,
            -0.3333871364593506,
            0.22177842259407043
          ],
          [
            0.09807844460010529,
            -0.32013198733329773,
            0.9422898888587952,
            0.8097692131996155
          ],
          [
            0.0,
            0.0,
            0.0,
            1.0
          ]
        ]
      },
      "bone_length_armature_space": 0.02565330834530993,
      "parent": "index_01_l",
      "has_children": true,
      "is_end_bone": false
    },
    "index_03_l": {
      "name": "index_03_l",
      "local": {
        "location": {
          "x": 0.0,
          "y": 0.0,
          "z": 0.0
        },
        "rotation_quaternion": {
          "w": 0.9290378093719482,
          "x": 0.3699778914451599,
          "y": -6.0528473113663495e-05,
          "z": -0.0022737206891179085
        },
        "scale": {
          "x": 1.0,
          "y": 1.0,
          "z": 1.0
        },
        "matrix_basis": [
          [
            0.9999896287918091,
            0.004179956391453743,
            -0.0017949192551895976,
            0.0
          ],
          [
            -0.004269533324986696,
            0.7262223958969116,
            -0.687446653842926,
            0.0
          ],
          [
            -0.001569986343383789,
            0.687447190284729,
            0.7262327075004578,
            0.0
          ],
          [
            0.0,
            0.0,
            0.0,
            1.0
          ]
        ],
        "rotation_mode": "QUATERNION"
      },
      "armature_space": {
        "head": {
          "x": 0.19183887541294098,
          "y": 0.13482728600502014,
          "z": -0.14829735457897186
        },
        "tail": {
          "x": 0.18520274758338928,
          "y": 0.11049717664718628,
          "z": -0.1335412710905075
        }
      },
      "world_space": {
        "head": {
          "x": 0.19183887541294098,
          "y": 0.19807128608226776,
          "z": 0.8015566468238831
        },
        "tail": {
          "x": 0.18520274758338928,
          "y": 0.1737411767244339,
          "z": 0.8163127303123474
        },
        "rotation_quaternion": {
          "w": 0.13603834807872772,
          "x": 0.06414193660020828,
          "y": 0.255242258310318,
          "z": 0.9551077485084534
        },
        "matrix": [
          [
            -0.9547587633132935,
            -0.22711923718452454,
            0.19197072088718414,
            0.19183887541294098
          ],
          [
            0.2926062047481537,
            -0.8326900005340576,
            0.4701164960861206,
            0.19807128608226776
          ],
          [
            0.053080178797245026,
            0.5050223469734192,
            0.861480712890625,
            0.8015566468238831
          ],
          [
            0.0,
            0.0,
            0.0,
            1.0
          ]
        ]
      },
      "bone_length_armature_space": 0.02921873378143619,
      "parent": "index_02_l",
      "has_children": false,
      "is_end_bone": true
    },
    "metacarpal_pinky_l": {
      "name": "metacarpal_pinky_l",
      "local": {
        "location": {
          "x": 0.0,
          "y": 0.0,
          "z": 0.0
        },
        "rotation_quaternion": {
          "w": 0.9988979697227478,
          "x": -0.04243459925055504,
          "y": -0.018829097971320152,
          "z": 0.00690435990691185
        },
        "scale": {
          "x": 1.0,
          "y": 1.0,
          "z": 1.0
        },
        "matrix_basis": [
          [
            0.9991955757141113,
            -0.012195492163300514,
            -0.03820266202092171,
            0.0
          ],
          [
            0.015391512773931026,
            0.9963032603263855,
            0.08451566100120544,
            0.0
          ],
          [
            0.03703072667121887,
            -0.08503567427396774,
            0.9956895112991333,
            0.0
          ],
          [
            0.0,
            0.0,
            0.0,
            1.0
          ]
        ],
        "rotation_mode": "QUATERNION"
      },
      "armature_space": {
        "head": {
          "x": 0.16633109748363495,
          "y": 0.15540724992752075,
          "z": -0.00202825665473938
        },
        "tail": {
          "x": 0.14759626984596252,
          "y": 0.20445513725280762,
          "z": -0.09195395559072495
        }
      },
      "world_space": {
        "head": {
          "x": 0.16633109748363495,
          "y": 0.21865125000476837,
          "z": 0.9478257894515991
        },
        "tail": {
          "x": 0.14759626984596252,
          "y": 0.26769912242889404,
          "z": 0.857900083065033
        },
        "rotation_quaternion": {
          "w": 0.7114832997322083,
          "x": -0.4762519299983978,
          "y": 0.4788549542427063,
          "z": -0.19409658014774323
        },
        "matrix": [
          [
            0.46605056524276733,
            -0.1799163669347763,
            0.8662720322608948,
            0.16633109748363495
          ],
          [
            -0.7323037385940552,
            0.47102200984954834,
            0.4918029308319092,
            0.21865125000476837
          ],
          [
            -0.49652040004730225,
            -0.8635843992233276,
            0.08776763081550598,
            0.9478257894515991
          ],
          [
            0.0,
            0.0,
            0.0,
            1.0
          ]
        ]
      },
      "bone_length_armature_space": 0.1041312632834178,
      "parent": "lowerarm_l",
      "has_children": true,
      "is_end_bone": false
    },
    "pinky_01_l": {
      "name": "pinky_01_l",
      "local": {
        "location": {
          "x": 0.0,
          "y": 0.0,
          "z": 0.0
        },
        "rotation_quaternion": {
          "w": 0.9389230608940125,
          "x": 0.3433748185634613,
          "y": -0.021604010835289955,
          "z": -0.007119023706763983
        },
        "scale": {
          "x": 1.0,
          "y": 1.0,
          "z": 1.0
        },
        "matrix_basis": [
          [
            0.9989651441574097,
            -0.0014681154862046242,
            -0.04545799642801285,
            0.0
          ],
          [
            -0.02820497751235962,
            0.764086127281189,
            -0.6444974541664124,
            0.0
          ],
          [
            0.03568002209067345,
            0.6451126933097839,
            0.7632539868354797,
            0.0
          ],
          [
            0.0,
            0.0,
            0.0,
            1.0
          ]
        ],
        "rotation_mode": "QUATERNION"
      },
      "armature_space": {
        "head": {
          "x": 0.14759626984596252,
          "y": 0.20445513725280762,
          "z": -0.09195395559072495
