{
  "metadata": {
    "armature_name": "KIM_caucasian_male",
    "export_time": "2026-01-13T21:00:13.735113",
    "blender_version": "4.4.1",
    "bone_count": 56,
    "end_bone_count": 13,
    "spaces_included": [
      "LOCAL_CHANNELS",
      "ARMATURE_SPACE",
      "WORLD_SPACE"
    ],
    "note": "LOCAL matches Transform panel; replay pose via local.matrix_basis for best fidelity."
  },
  "bones": {
    "Root": {
      "name": "Root",
      "local": {
        "location": {
          "x": 0.0,
          "y": 0.0,
          "z": 0.0
        },
        "rotation_quaternion": {
          "w": 0.9995546340942383,
          "x": 0.018339356407523155,
          "y": -0.01693355105817318,
          "z": 0.016360100358724594
        },
        "scale": {
          "x": 1.0,
          "y": 1.0,
          "z": 1.0
        },
        "matrix_basis": [
          [
            0.9988911747932434,
            -0.033326730132102966,
            -0.03325195237994194,
            0.0
          ],
          [
            0.03208452835679054,
            0.9987920522689819,
            -0.03721644729375839,
            0.0
          ],
          [
            0.034452084451913834,
            0.03610830754041672,
            0.9987538456916809,
            0.0
          ],
          [
            0.0,
            0.0,
            0.0,
            1.0
          ]
        ],
        "rotation_mode": "QUATERNION"
      },
      "armature_space": {
        "head": {
          "x": 0.0,
          "y": 0.07072800397872925,
          "z": -0.009595036506652832
        },
        "tail": {
          "x": -0.002378724282607436,
          "y": -0.0002610236406326294,
          "z": -0.002565477043390274
        }
      },
      "world_space": {
        "head": {
          "x": 0.0,
          "y": 0.13397200405597687,
          "z": 0.9402589797973633
        },
        "tail": {
          "x": -0.002378724282607436,
          "y": 0.06298297643661499,
          "z": 0.9472885131835938
        },
        "rotation_quaternion": {
          "w": 0.04903994873166084,
          "x": 0.9985193014144897,
          "y": -0.017463713884353638,
          "z": -0.015792937949299812
        },
        "matrix": [
          [
            0.9988911747932434,
            -0.033326730132102966,
            -0.03325195237994194,
            0.0
          ],
          [
            -0.03642468899488449,
            -0.9945802092552185,
            -0.0973835363984108,
            0.13397200405597687
          ],
          [
            -0.02982649765908718,
            0.09848649799823761,
            -0.9946983456611633,
            0.9402589797973633
          ],
          [
            0.0,
            0.0,
            0.0,
            1.0
          ]
        ]
      },
      "bone_length_armature_space": 0.07137587057626794,
      "parent": null,
      "has_children": true,
      "is_end_bone": false
    },
    "spine_01": {
      "name": "spine_01",
      "local": {
        "location": {
          "x": 0.0,
          "y": 0.0,
          "z": 0.0
        },
        "rotation_quaternion": {
          "w": 0.9984700083732605,
          "x": 0.04741014540195465,
          "y": -0.01464508380740881,
          "z": -0.024403085932135582
        },
        "scale": {
          "x": 1.0,
          "y": 1.0,
          "z": 1.0
        },
        "matrix_basis": [
          [
            0.9983800053596497,
            0.047342848032712936,
            -0.03155926242470741,
            0.0
          ],
          [
            -0.05012014880776405,
            0.9943135380744934,
            -0.09396044909954071,
            0.0
          ],
          [
            0.02693144604563713,
            0.09538998454809189,
            0.9950755834579468,
            0.0
          ],
          [
            0.0,
            0.0,
            0.0,
            1.0
          ]
        ],
        "rotation_mode": "QUATERNION"
      },
      "armature_space": {
        "head": {
          "x": -0.002378724282607436,
          "y": -0.0002610236406326294,
          "z": -0.002565477043390274
        },
        "tail": {
          "x": 0.03366712108254433,
          "y": -0.043003618717193604,
          "z": 0.4822254776954651
        }
      },
      "world_space": {
        "head": {
          "x": -0.002378724282607436,
          "y": 0.06298297643661499,
          "z": 0.9472885131835938
        },
        "tail": {
          "x": 0.03366712108254433,
          "y": 0.020240381360054016,
          "z": 1.432079553604126
        },
        "rotation_quaternion": {
          "w": 0.6754217147827148,
          "x": 0.7356622815132141,
          "y": 0.0034352941438555717,
          "z": -0.050938401371240616
        },
        "matrix": [
          [
            0.9947869777679443,
            0.07386425137519836,
            -0.07030583918094635,
            -0.002378724282607436
          ],
          [
            -0.06375487148761749,
            -0.08758706599473953,
            -0.9941147565841675,
            0.06298297643661499
          ],
          [
            -0.07958802580833435,
            0.9934215545654297,
            -0.08242274820804596,
            0.9472885131835938
          ],
          [
            0.0,
            0.0,
            0.0,
            1.0
          ]
        ]
      },
      "bone_length_armature_space": 0.4880046046482965,
      "parent": "Root",
      "has_children": true,
      "is_end_bone": false
    },
    "neck_01": {
      "name": "neck_01",
      "local": {
        "location": {
          "x": 0.0,
          "y": 0.0,
          "z": 0.0
        },
        "rotation_quaternion": {
          "w": 0.990608811378479,
          "x": -0.09362918138504028,
          "y": 0.022226227447390556,
          "z": 0.09712816029787064
        },
        "scale": {
          "x": 1.0,
          "y": 1.0,
          "z": 1.0
        },
        "matrix_basis": [
          [
            0.980144202709198,
            -0.19659407436847687,
            0.02584693394601345,
            0.0
          ],
          [
            0.1882699728012085,
            0.9635993838310242,
            0.1898173689842224,
            0.0
          ],
          [
            -0.062223054468631744,
            -0.18118220567703247,
            0.9814791679382324,
            0.0
          ],
          [
            0.0,
            0.0,
            0.0,
            1.0
          ]
        ],
        "rotation_mode": "QUATERNION"
      },
      "armature_space": {
        "head": {
          "x": 0.036637112498283386,
          "y": -0.08389294892549515,
          "z": 0.5521037578582764
        },
        "tail": {
          "x": 0.022463206201791763,
          "y": -0.11142900586128235,
          "z": 0.6498361825942993
        }
      },
      "world_space": {
        "head": {
          "x": 0.036637112498283386,
          "y": -0.020648948848247528,
          "z": 1.5019577741622925
        },
        "tail": {
          "x": 0.022463206201791763,
          "y": -0.04818500578403473,
          "z": 1.5996901988983154
        },
        "rotation_quaternion": {
          "w": 0.6002764701843262,
          "x": 0.7962243556976318,
          "y": -0.07330553233623505,
          "z": 0.017923228442668915
        },
        "matrix": [
          [
            0.988610029220581,
            -0.13825322687625885,
            -0.05946610867977142,
            0.036637112498283386
          ],
          [
            -0.0952182337641716,
            -0.2685885429382324,
            -0.9585375785827637,
            -0.020648948848247528
          ],
          [
            0.11654968559741974,
            0.9532883167266846,
            -0.2786963880062103,
            1.5019577741622925
          ],
          [
            0.0,
            0.0,
            0.0,
            1.0
          ]
        ]
      },
      "bone_length_armature_space": 0.10252200088301192,
      "parent": "spine_01",
      "has_children": true,
      "is_end_bone": false
    },
    "head": {
      "name": "head",
      "local": {
        "location": {
          "x": 0.0,
          "y": 0.0,
          "z": 0.0
        },
        "rotation_quaternion": {
          "w": 0.9813204407691956,
          "x": -0.05980008840560913,
          "y": 0.04977042227983475,
          "z": -0.1759461611509323
        },
        "scale": {
          "x": 1.0,
          "y": 1.0,
          "z": 1.0
        },
        "matrix_basis": [
          [
            0.9331316947937012,
            0.3393665850162506,
            0.11872465908527374,
            0.0
          ],
          [
            -0.35127168893814087,
            0.9309337735176086,
            0.09985227137804031,
            0.0
          ],
          [
            -0.07663827389478683,
            -0.134879931807518,
            0.9878937005996704,
            0.0
          ],
          [
            0.0,
            0.0,
            0.0,
            1.0
          ]
        ],
        "rotation_mode": "QUATERNION"
      },
      "armature_space": {
        "head": {
          "x": 0.022463209927082062,
          "y": -0.1114291325211525,
          "z": 0.649836003780365
        },
        "tail": {
          "x": 0.0611460916697979,
          "y": -0.08199277520179749,
          "z": 0.7971127033233643
        }
      },
      "world_space": {
        "head": {
          "x": 0.022463209927082062,
          "y": -0.04818513244390488,
          "z": 1.5996899604797363
        },
        "tail": {
          "x": 0.0611460916697979,
          "y": -0.018748775124549866,
          "z": 1.7469667196273804
        },
        "rotation_quaternion": {
          "w": 0.7671912908554077,
          "x": 0.6289793848991394,
          "y": 0.0794861763715744,
          "z": -0.09738864004611969
        },
        "matrix": [
          [
            0.9683947563171387,
            0.24942180514335632,
            -0.0005501657724380493,
            0.022463209927082062
          ],
          [
            -0.049442753195762634,
            0.18980154395103455,
            -0.9805770516395569,
            -0.04818513244390488
          ],
          [
            -0.24447466433048248,
            0.949619710445404,
            0.1961352825164795,
            1.5996899604797363
          ],
          [
            0.0,
            0.0,
            0.0,
            1.0
          ]
        ]
      },
      "bone_length_armature_space": 0.15509123390953378,
      "parent": "neck_01",
      "has_children": false,
      "is_end_bone": true
    },
    "upperarm_l": {
      "name": "upperarm_l",
      "local": {
        "location": {
          "x": 0.0,
          "y": 0.0,
          "z": 0.0
        },
        "rotation_quaternion": {
          "w": 0.6951152086257935,
          "x": 0.36216697096824646,
          "y": 0.45344293117523193,
          "z": 0.42431071400642395
        },
        "scale": {
          "x": 1.0,
          "y": 1.0,
          "z": 1.0
        },
        "matrix_basis": [
          [
            0.22869984805583954,
            -0.261445552110672,
            0.9377328157424927,
            0.0
          ],
          [
            0.9183337688446045,
            0.37759101390838623,
            -0.11869414895772934,
            0.0
          ],
          [
            -0.3230474889278412,
            0.888296902179718,
            0.3264491856098175,
            0.0
          ],
          [
            0.0,
            0.0,
            0.0,
            1.0
          ]
        ],
        "rotation_mode": "QUATERNION"
      },
      "armature_space": {
        "head": {
          "x": 0.18066668510437012,
          "y": -0.09074001014232635,
          "z": 0.47313711047172546
        },
        "tail": {
          "x": 0.2799709737300873,
          "y": -0.33740881085395813,
          "z": 0.5063157677650452
        }
      },
      "world_space": {
        "head": {
          "x": 0.18066668510437012,
          "y": -0.027496010065078735,
          "z": 1.422991156578064
        },
        "tail": {
          "x": 0.2799709737300873,
          "y": -0.2741647958755493,
          "z": 1.456169843673706
        },
        "rotation_quaternion": {
          "w": 0.08739827573299408,
          "x": 0.9714837074279785,
          "y": 0.17918190360069275,
          "z": -0.12835444509983063
        },
        "matrix": [
          [
            0.9028379917144775,
            0.37058064341545105,
            -0.2180679589509964,
            0.18066668510437012
          ],
          [
            0.32570880651474,
            -0.9205109477043152,
            -0.21581031382083893,
            -0.027496010065078735
          ],
          [
            -0.2807106077671051,
            0.123815156519413,
            -0.9517802000045776,
            1.422991156578064
          ],
          [
            0.0,
            0.0,
            0.0,
            1.0
          ]
        ]
      },
      "bone_length_armature_space": 0.2679695187076631,
      "parent": "spine_01",
      "has_children": true,
      "is_end_bone": false
    },
    "lowerarm_l": {
      "name": "lowerarm_l",
      "local": {
        "location": {
          "x": 0.0,
          "y": 0.0,
          "z": 0.0
        },
        "rotation_quaternion": {
          "w": 0.8988538980484009,
          "x": 0.3576638996601105,
          "y": -0.06930892169475555,
          "z": 0.2435867190361023
        },
        "scale": {
          "x": 1.0,
          "y": 1.0,
          "z": 1.0
        },
        "matrix_basis": [
          [
            0.8717235922813416,
            -0.4874763488769531,
            0.04964716359972954,
            0.0
          ],
          [
            0.38831913471221924,
            0.6254841089248657,
            -0.6767406463623047,
            0.0
          ],
          [
            0.29884153604507446,
            0.6092097163200378,
            0.7345455884933472,
            0.0
          ],
          [
            0.0,
            0.0,
            0.0,
            1.0
          ]
        ],
        "rotation_mode": "QUATERNION"
      },
      "armature_space": {
        "head": {
          "x": 0.2799708843231201,
          "y": -0.3374089300632477,
          "z": 0.5063157677650452
        },
        "tail": {
          "x": 0.14909714460372925,
          "y": -0.5526394844055176,
          "z": 0.4162190556526184
        }
      },
      "world_space": {
        "head": {
          "x": 0.2799708843231201,
          "y": -0.27416491508483887,
          "z": 1.456169843673706
        },
        "tail": {
          "x": 0.14909714460372925,
          "y": -0.48939549922943115,
          "z": 1.3660731315612793
        },
        "rotation_quaternion": {
          "w": 0.24691753089427948,
          "x": -0.9052944779396057,
          "y": 0.1917514204978943,
          "z": 0.28758472204208374
        },
        "matrix": [
          [
            0.7610530257225037,
            -0.4892028272151947,
            -0.42600351572036743,
            0.2799708843231201
          ],
          [
            -0.20516453683376312,
            -0.8045264482498169,
            0.5573554635047913,
            -0.27416491508483887
          ],
          [
            -0.6153953075408936,
            -0.33677929639816284,
            -0.7126587629318237,
            1.456169843673706
          ],
          [
            0.0,
            0.0,
            0.0,
            1.0
          ]
        ]
      },
      "bone_length_armature_space": 0.2675248444547514,
      "parent": "upperarm_l",
      "has_children": true,
      "is_end_bone": false
    },
    "metacarpal_thumb_l": {
      "name": "metacarpal_thumb_l",
      "local": {
        "location": {
          "x": 0.0,
          "y": 0.0,
          "z": 0.0
        },
        "rotation_quaternion": {
          "w": 0.9995179772377014,
          "x": -0.029326550662517548,
          "y": 0.010051851160824299,
          "z": 0.0017125613521784544
        },
        "scale": {
          "x": 1.0,
          "y": 1.0,
          "z": 1.0
        },
        "matrix_basis": [
          [
            0.9997920393943787,
            -0.004013043828308582,
            0.01999356411397457,
            0.0
          ],
          [
            0.002833899576216936,
            0.998274028301239,
            0.05865925922989845,
            0.0
          ],
          [
            -0.020194459706544876,
            -0.05859040096402168,
            0.9980778098106384,
            0.0
          ],
          [
            0.0,
            0.0,
            0.0,
            1.0
          ]
        ],
        "rotation_mode": "QUATERNION"
      },
      "armature_space": {
        "head": {
          "x": 0.14909714460372925,
          "y": -0.5526394844055176,
          "z": 0.4162190556526184
        },
        "tail": {
          "x": 0.12199486047029495,
          "y": -0.5692200660705566,
          "z": 0.37821701169013977
        }
      },
      "world_space": {
        "head": {
          "x": 0.14909714460372925,
          "y": -0.48939549922943115,
          "z": 1.3660731315612793
        },
        "tail": {
          "x": 0.12199486047029495,
          "y": -0.5059760808944702,
          "z": 1.3280709981918335
        },
        "rotation_quaternion": {
          "w": 0.23148897290229797,
          "x": -0.7014129161834717,
          "y": 0.5282473564147949,
          "z": -0.41879287362098694
        },
        "matrix": [
          [
            0.09113218635320663,
            -0.5471487641334534,
            0.8320595026016235,
            0.14909714460372925
          ],
          [
            -0.9349312782287598,
            -0.3347340226173401,
            -0.11771617829799652,
            -0.48939549922943115
          ],
          [
            0.3429284989833832,
            -0.7671961784362793,
            -0.5420553088188171,
            1.3660731315612793
          ],
          [
            0.0,
            0.0,
            0.0,
            1.0
          ]
        ]
      },
      "bone_length_armature_space": 0.04953387586895927,
      "parent": "lowerarm_l",
      "has_children": true,
      "is_end_bone": false
    },
    "thumb_01_l": {
      "name": "thumb_01_l",
      "local": {
        "location": {
          "x": 0.0,
          "y": 0.0,
          "z": 0.0
        },
        "rotation_quaternion": {
          "w": 0.9871599674224854,
          "x": 0.15774834156036377,
          "y": 0.020505104213953018,
          "z": -0.014504439197480679
        },
        "scale": {
          "x": 1.0,
          "y": 1.0,
          "z": 1.0
        },
        "matrix_basis": [
          [
            0.9987383484840393,
            0.03510569408535957,
            0.03590753301978111,
            0.0
          ],
          [
            -0.022167110815644264,
            0.9498101472854614,
            -0.3120405375957489,
            0.0
          ],
          [
            -0.04505973681807518,
            0.3108508586883545,
            0.9493899941444397,
            0.0
          ],
          [
            0.0,
            0.0,
            0.0,
            1.0
          ]
        ],
        "rotation_mode": "QUATERNION"
      },
      "armature_space": {
        "head": {
          "x": 0.12199486047029495,
          "y": -0.5692200660705566,
          "z": 0.37821701169013977
        },
        "tail": {
          "x": 0.12999795377254486,
          "y": -0.5859515070915222,
          "z": 0.3496749997138977
        }
      },
      "world_space": {
        "head": {
          "x": 0.12199486047029495,
          "y": -0.5059760808944702,
          "z": 1.3280709981918335
        },
        "tail": {
          "x": 0.12999795377254486,
          "y": -0.5227075219154358,
          "z": 1.2995290756225586
        },
        "rotation_quaternion": {
          "w": 0.1029340848326683,
          "x": 0.05849241837859154,
          "y": 0.49359190464019775,
          "z": -0.8615974187850952
        },
        "matrix": [
          [
            -0.9719662666320801,
            0.23511841893196106,
            0.000822022557258606,
            0.12199486047029495
          ],
          [
            -0.11963392794132233,
            -0.49154362082481384,
            -0.8625968098640442,
            -0.5059760808944702
          ],
          [
            -0.2024097591638565,
            -0.8385194540023804,
            0.5058947801589966,
            1.3280709981918335
          ],
          [
            0.0,
            0.0,
            0.0,
            1.0
          ]
        ]
      },
      "bone_length_armature_space": 0.03403875820507439,
      "parent": "metacarpal_thumb_l",
      "has_children": true,
      "is_end_bone": false
    },
    "thumb_02_l": {
      "name": "thumb_02_l",
      "local": {
        "location": {
          "x": 0.0,
          "y": 0.0,
          "z": 0.0
        },
        "rotation_quaternion": {
          "w": 0.9259341955184937,
          "x": 0.37762129306793213,
          "y": -0.0011832916643470526,
          "z": -0.006825888529419899
        },
        "scale": {
          "x": 1.0,
          "y": 1.0,
          "z": 1.0
        },
        "matrix_basis": [
          [
            0.9999040365219116,
            0.011746974661946297,
            -0.007346502039581537,
            0.0
          ],
          [
            -0.013534319587051868,
            0.7147111296653748,
            -0.6992887854576111,
            0.0
          ],
          [
            -0.002963901264593005,
            0.6993210911750793,
            0.7148014903068542,
            0.0
          ],
          [
            0.0,
            0.0,
            0.0,
            1.0
          ]
        ],
        "rotation_mode": "QUATERNION"
      },
      "armature_space": {
        "head": {
          "x": 0.12999798357486725,
          "y": -0.5859514474868774,
          "z": 0.3496749997138977
        },
        "tail": {
          "x": 0.102229543030262,
          "y": -0.608779788017273,
          "z": 0.36759045720100403
        }
      },
      "world_space": {
        "head": {
          "x": 0.12999798357486725,
          "y": -0.522707462310791,
          "z": 1.2995290756225586
        },
        "tail": {
          "x": 0.102229543030262,
          "y": -0.5455358028411865,
          "z": 1.3174444437026978
        },
        "rotation_quaternion": {
          "w": 0.355975478887558,
          "x": -0.11023938655853271,
          "y": 0.2984873056411743,
          "z": 0.8786547183990479
        },
        "matrix": [
          [
            -0.7222570776939392,
            -0.6913694143295288,
            0.018785148859024048,
            0.12999798357486725
          ],
          [
            0.5597500205039978,
            -0.568372905254364,
            0.603019654750824,
            -0.522707462310791
          ],
          [
            -0.40623483061790466,
            0.4460528492927551,
            0.7975112199783325,
            1.2995290756225586
          ],
          [
            0.0,
            0.0,
            0.0,
            1.0
          ]
        ]
      },
      "bone_length_armature_space": 0.040164450244649506,
      "parent": "thumb_01_l",
      "has_children": true,
      "is_end_bone": false
    },
    "thumb_03_l": {
      "name": "thumb_03_l",
      "local": {
        "location": {
          "x": 0.0,
          "y": 0.0,
          "z": 0.0
        },
        "rotation_quaternion": {
          "w": 0.9808858633041382,
          "x": 0.194499209523201,
          "y": 0.005359356757253408,
          "z": 0.0020972483325749636
        },
        "scale": {
          "x": 1.0,
          "y": 1.0,
          "z": 1.0
        },
        "matrix_basis": [
          [
            0.9999337792396545,
            -0.0020295411814004183,
            0.01132966112345457,
            0.0
          ],
          [
            0.006199103780090809,
            0.9243313074111938,
            -0.38154056668281555,
            0.0
          ],
          [
            -0.009698008187115192,
            0.3815855383872986,
            0.9242826700210571,
            0.0
          ],
          [
            0.0,
            0.0,
            0.0,
            1.0
          ]
        ],
        "rotation_mode": "QUATERNION"
      },
      "armature_space": {
        "head": {
          "x": 0.1022295355796814,
          "y": -0.608779788017273,
          "z": 0.3675903379917145
        },
        "tail": {
          "x": 0.08573301881551743,
          "y": -0.6118171811103821,
          "z": 0.3929978013038635
        }
      },
      "world_space": {
        "head": {
          "x": 0.1022295355796814,
          "y": -0.5455358028411865,
          "z": 1.3174443244934082
        },
        "tail": {
          "x": 0.08573301881551743,
          "y": -0.5485731959342957,
          "z": 1.3428518772125244
        },
        "rotation_quaternion": {
          "w": 0.23957033455371857,
          "x": -0.1551082581281662,
          "y": 0.6266757249832153,
          "z": 0.7251378893852234
        },
        "matrix": [
          [
            -0.8370944261550903,
            -0.5418484807014465,
            0.07531847804784775,
            0.1022295355796814
          ],
          [
            0.1530408263206482,
            -0.09976726770401001,
            0.9831712245941162,
            -0.5455358028411865
          ],
          [
            -0.5252190828323364,
            0.8345395922660828,
            0.166441410779953,
            1.3174443244934082
          ],
          [
            0.0,
            0.0,
            0.0,
            1.0
          ]
        ]
      },
      "bone_length_armature_space": 0.030445032961508408,
      "parent": "thumb_02_l",
      "has_children": false,
      "is_end_bone": true
    },
    "metacarpal_index_l": {
      "name": "metacarpal_index_l",
      "local": {
        "location": {
          "x": 0.0,
          "y": 0.0,
          "z": 0.0
        },
        "rotation_quaternion": {
          "w": 0.999811589717865,
          "x": 0.017086226493120193,
          "y": 0.0090136444196105,
          "z": -0.0019256356172263622
        },
        "scale": {
          "x": 1.0,
          "y": 1.0,
          "z": 1.0
        },
        "matrix_basis": [
          [
            0.9998300671577454,
            0.0041585639119148254,
            0.017958087846636772,
            0.0
          ],
          [
            -0.003542527323588729,
            0.9994087219238281,
            -0.03420072793960571,
            0.0
          ],
          [
            -0.018089696764945984,
            0.03413129970431328,
            0.9992536306381226,
            0.0
          ],
          [
            0.0,
            0.0,
            0.0,
            1.0
          ]
        ],
        "rotation_mode": "QUATERNION"
      },
      "armature_space": {
        "head": {
          "x": 0.14909714460372925,
          "y": -0.5526394844055176,
          "z": 0.4162190556526184
        },
        "tail": {
          "x": 0.08618839830160141,
          "y": -0.6226373910903931,
          "z": 0.34641873836517334
        }
      },
      "world_space": {
        "head": {
          "x": 0.14909714460372925,
          "y": -0.48939549922943115,
          "z": 1.3660731315612793
        },
        "tail": {
          "x": 0.08618839830160141,
          "y": -0.5593934059143066,
          "z": 1.2962727546691895
        },
        "rotation_quaternion": {
          "w": 0.26198482513427734,
          "x": -0.8733639121055603,
          "y": 0.36423367261886597,
          "z": -0.1895608901977539
        },
        "matrix": [
          [
            0.6628000140190125,
            -0.5368935465812683,
            0.5219594836235046,
            0.14909714460372925
          ],
          [
            -0.7355420589447021,
            -0.5973955988883972,
            0.31952592730522156,
            -0.48939549922943115
          ],
          [
            0.14026519656181335,
            -0.5957094430923462,
            -0.7908667325973511,
            1.3660731315612793
          ],
          [
            0.0,
            0.0,
            0.0,
            1.0
          ]
        ]
      },
      "bone_length_armature_space": 0.11717210310878035,
      "parent": "lowerarm_l",
      "has_children": true,
      "is_end_bone": false
    },
    "index_01_l": {
      "name": "index_01_l",
      "local": {
        "location": {
          "x": 0.0,
          "y": 0.0,
          "z": 0.0
        },
        "rotation_quaternion": {
          "w": 0.9657829403877258,
          "x": 0.25861525535583496,
          "y": -0.013620937243103981,
          "z": 0.01399737223982811
        },
        "scale": {
          "x": 1.0,
          "y": 1.0,
          "z": 1.0
        },
        "matrix_basis": [
          [
            0.999237060546875,
            -0.03408201038837433,
            -0.019069869071245193,
            0.0
          ],
          [
            0.019991682842373848,
            0.8658444285392761,
            -0.4999137222766876,
            0.0
          ],
          [
            0.033549606800079346,
            0.4991510808467865,
            0.8658652305603027,
            0.0
          ],
          [
            0.0,
            0.0,
            0.0,
            1.0
          ]
        ],
        "rotation_mode": "QUATERNION"
      },
      "armature_space": {
        "head": {
          "x": 0.08618839830160141,
          "y": -0.6226373910903931,
          "z": 0.34641873836517334
        },
        "tail": {
          "x": 0.08396902680397034,
          "y": -0.6402844786643982,
          "z": 0.3241312503814697
        }
      },
      "world_space": {
        "head": {
          "x": 0.08618839830160141,
          "y": -0.5593934059143066,
          "z": 1.2962727546691895
        },
        "tail": {
          "x": 0.08396902680397034,
          "y": -0.5770404934883118,
          "z": 1.2739852666854858
        },
        "rotation_quaternion": {
          "w": 0.40373462438583374,
          "x": -0.8619043827056885,
          "y": 0.16600269079208374,
          "z": -0.25799643993377686
        },
        "matrix": [
          [
            0.8117620348930359,
            -0.07783333957195282,
            0.5787786245346069,
            0.08618839830160141
          ],
          [
            -0.49448126554489136,
            -0.618883490562439,
            0.6103048324584961,
            -0.5593934059143066
          ],
          [
            0.3106960654258728,
            -0.7816231846809387,
            -0.5408764481544495,
            1.2962727546691895
          ],
          [
            0.0,
            0.0,
            0.0,
            1.0
          ]
        ]
      },
      "bone_length_armature_space": 0.02851451257185319,
      "parent": "metacarpal_index_l",
      "has_children": true,
      "is_end_bone": false
    },
    "index_02_l": {
      "name": "index_02_l",
      "local": {
        "location": {
          "x": 0.0,
          "y": 0.0,
          "z": 0.0
        },
        "rotation_quaternion": {
          "w": 0.9148874878883362,
          "x": 0.4036025404930115,
          "y": 0.00882205180823803,
          "z": -0.002861852291971445
        },
        "scale": {
          "x": 1.0,
          "y": 1.0,
          "z": 1.0
        },
        "matrix_basis": [
          [
            0.9998279809951782,
            0.012357750907540321,
            0.013832268305122852,
            0.0
          ],
          [
            0.0018846592865884304,
            0.6741936206817627,
            -0.7385523319244385,
            0.0
          ],
          [
            -0.018452471122145653,
            0.738451361656189,
            0.6740543246269226,
            0.0
          ],
          [
            0.0,
            0.0,
            0.0,
            1.0
          ]
        ],
        "rotation_mode": "QUATERNION"
      },
      "armature_space": {
        "head": {
          "x": 0.08396899700164795,
          "y": -0.6402844190597534,
          "z": 0.32413068413734436
        },
        "tail": {
          "x": 0.09286688268184662,
          "y": -0.6400365233421326,
          "z": 0.3000710904598236
        }
      },
      "world_space": {
        "head": {
          "x": 0.08396899700164795,
          "y": -0.577040433883667,
          "z": 1.273984670639038
        },
        "tail": {
          "x": 0.09286688268184662,
          "y": -0.5767925381660461,
          "z": 1.249925136566162
        },
        "rotation_quaternion": {
          "w": 0.7094407677650452,
          "x": -0.6455762982368469,
          "y": 0.03906117379665375,
          "z": -0.27999913692474365
        },
        "matrix": [
          [
            0.8401485085487366,
            0.34685203433036804,
            0.41694676876068115,
            0.08396899700164795
          ],
          [
            -0.44772136211395264,
            0.009662866592407227,
            0.8941212892532349,
            -0.577040433883667
          ],
          [
            0.30610042810440063,
            -0.9378768801689148,
            0.16341295838356018,
            1.273984670639038
          ],
          [
            0.0,
            0.0,
            0.0,
            1.0
          ]
        ]
      },
      "bone_length_armature_space": 0.025653418773270608,
      "parent": "index_01_l",
      "has_children": true,
      "is_end_bone": false
    },
    "index_03_l": {
      "name": "index_03_l",
      "local": {
        "location": {
          "x": 0.0,
          "y": 0.0,
          "z": 0.0
        },
        "rotation_quaternion": {
          "w": 0.9715801477432251,
          "x": 0.2366182953119278,
          "y": 0.0058844736777246,
          "z": -0.003012592438608408
        },
        "scale": {
          "x": 1.0,
          "y": 1.0,
          "z": 1.0
        },
        "matrix_basis": [
          [
            0.9999126195907593,
            0.008638698607683182,
            0.010008806362748146,
            0.0
          ],
          [
            -0.0030692017171531916,
            0.8880054354667664,
            -0.45982274413108826,
            0.0
          ],
          [
            -0.01286014448851347,
            0.45975181460380554,
            0.8879542946815491,
            0.0
          ],
          [
            0.0,
            0.0,
            0.0,
            1.0
          ]
        ],
        "rotation_mode": "QUATERNION"
      },
      "armature_space": {
        "head": {
          "x": 0.09286680072546005,
          "y": -0.6400366425514221,
          "z": 0.3000710606575012
        },
        "tail": {
          "x": 0.11080113053321838,
          "y": -0.6274139881134033,
          "z": 0.2807639241218567
        }
      },
      "world_space": {
        "head": {
          "x": 0.09286680072546005,
          "y": -0.5767926573753357,
          "z": 1.249925136566162
        },
        "tail": {
          "x": 0.11080113053321838,
          "y": -0.5641700029373169,
          "z": 1.2306180000305176
        },
        "rotation_quaternion": {
          "w": 0.8444197177886963,
          "x": -0.4129576086997986,
          "y": -0.05439191684126854,
          "z": -0.3368425965309143
        },
        "matrix": [
          [
            0.7671565413475037,
            0.6137967109680176,
            0.18634606897830963,
            0.09286680072546005
          ],
          [
            -0.5239515900611877,
            0.4320054054260254,
            0.7340617775917053,
            -0.5767926573753357
          ],
          [
            0.3700640797615051,
            -0.6607808470726013,
            0.6530203819274902,
            1.249925136566162
          ],
          [
            0.0,
            0.0,
            0.0,
            1.0
          ]
        ]
      },
      "bone_length_armature_space": 0.0292187804720619,
      "parent": "index_02_l",
      "has_children": false,
      "is_end_bone": true
    },
    "metacarpal_pinky_l": {
      "name": "metacarpal_pinky_l",
      "local": {
        "location": {
          "x": 0.0,
          "y": 0.0,
          "z": 0.0
        },
        "rotation_quaternion": {
          "w": 0.9998814463615417,
          "x": 0.0015119730960577726,
          "y": -0.0010197885567322373,
          "z": -0.015294303186237812
        },
        "scale": {
          "x": 1.0,
          "y": 1.0,
          "z": 1.0
        },
        "matrix_basis": [
          [
            0.9995300769805908,
            0.030581897124648094,
            -0.0020855844486504793,
            0.0
          ],
          [
            -0.030588064342737198,
            0.9995275735855103,
            -0.002992393681779504,
            0.0
          ],
          [
            0.001993086189031601,
            0.003054781584069133,
            0.9999933242797852,
            0.0
          ],
          [
            0.0,
            0.0,
            0.0,
            1.0
          ]
        ],
        "rotation_mode": "QUATERNION"
      },
      "armature_space": {
        "head": {
          "x": 0.14909714460372925,
          "y": -0.5526394844055176,
          "z": 0.4162190556526184
        },
        "tail": {
          "x": 0.11314317584037781,
          "y": -0.649356484413147,
          "z": 0.4022063612937927
        }
      },
      "world_space": {
        "head": {
          "x": 0.14909714460372925,
          "y": -0.48939549922943115,
          "z": 1.3660731315612793
        },
        "tail": {
          "x": 0.11314317584037781,
          "y": -0.5861124992370605,
          "z": 1.352060317993164
        },
        "rotation_quaternion": {
          "w": 0.18385480344295502,
          "x": -0.5529983043670654,
          "y": 0.04237363114953041,
          "z": 0.8115386366844177
        },
        "matrix": [
          [
            -0.32078051567077637,
            -0.3452770709991455,
            -0.8819772005081177,
            0.14909714460372925
          ],
          [
            0.25154542922973633,
            -0.9288034439086914,
            0.2721199095249176,
            -0.48939549922943115
          ],
          [
            -0.9131463170051575,
            -0.13456833362579346,
            0.3847976624965668,
            1.3660731315612793
          ],
          [
            0.0,
            0.0,
            0.0,
            1.0
          ]
        ]
      },
      "bone_length_armature_space": 0.10413078940405378,
      "parent": "lowerarm_l",
      "has_children": true,
      "is_end_bone": false
    },
    "pinky_01_l": {
      "name": "pinky_01_l",
      "local": {
        "location": {
          "x": 0.0,
          "y": 0.0,
          "z": 0.0
        },
        "rotation_quaternion": {
          "w": 0.9459213018417358,
          "x": 0.3237196207046509,
          "y": -0.019402509555220604,
          "z": 0.007881204597651958
        },
        "scale": {
          "x": 1.0,
          "y": 1.0,
          "z": 1.0
        },
        "matrix_basis": [
          [
            0.9991228580474854,
            -0.02747194468975067,
            -0.031603891402482986,
            0.0
          ],
          [
            0.0023480525705963373,
            0.7902869582176208,
            -0.6127324104309082,
            0.0
          ],
          [
            0.041809096932411194,
            0.6121207475662231,
            0.7896583080291748,
            0.0
          ],
          [
            0.0,
            0.0,
            0.0,
            1.0
          ]
        ],
        "rotation_mode": "QUATERNION"
      },
      "armature_space": {
        "head": {
          "x": 0.11314317584037781,
          "y": -0.649356484413147,
          "z": 0.4022063612937927
        },
        "tail": {
