{
  "metadata": {
    "armature_name": "KIM_caucasian_male",
    "export_time": "2026-01-13T21:13:13.580888",
    "blender_version": "4.4.1",
    "bone_count": 56,
    "end_bone_count": 13,
    "spaces_included": [
      "LOCAL_CHANNELS",
      "ARMATURE_SPACE",
      "WORLD_SPACE"
    ],
    "note": "LOCAL matches Transform panel; replay pose via local.matrix_basis for best fidelity."
  },
  "bones": {
    "Root": {
      "name": "Root",
      "local": {
        "location": {
          "x": 0.0,
          "y": 0.0,
          "z": 0.0
        },
        "rotation_quaternion": {
          "w": 0.9997928738594055,
          "x": 0.0030607993248850107,
          "y": -0.0049524749629199505,
          "z": -0.019507043063640594
        },
        "scale": {
          "x": 1.0,
          "y": 1.0,
          "z": 1.0
        },
        "matrix_basis": [
          [
            0.9991899132728577,
            0.03897568956017494,
            -0.01002231240272522,
            0.0
          ],
          [
            -0.03903632238507271,
            0.9992201924324036,
            -0.0059271142818033695,
            0.0
          ],
          [
            0.009783484041690826,
            0.006313547026365995,
            0.9999322295188904,
            0.0
          ],
          [
            0.0,
            0.0,
            0.0,
            1.0
          ]
        ],
        "rotation_mode": "QUATERNION"
      },
      "armature_space": {
        "head": {
          "x": 0.0,
          "y": 0.07072800397872925,
          "z": -0.009595036506652832
        },
        "tail": {
          "x": 0.0027819236274808645,
          "y": -5.424022674560547e-06,
          "z": -0.00045402999967336655
        }
      },
      "world_space": {
        "head": {
          "x": 0.0,
          "y": 0.13397200405597687,
          "z": 0.9402589797973633
        },
        "tail": {
          "x": 0.0027819236274808645,
          "y": 0.06323857605457306,
          "z": 0.949400007724762
        },
        "rotation_quaternion": {
          "w": 0.06429985165596008,
          "x": 0.9977276921272278,
          "y": 0.019129090011119843,
          "z": -0.006255372427403927
        },
        "matrix": [
          [
            0.9991899132728577,
            0.03897568956017494,
            -0.01002231240272522,
            0.0
          ],
          [
            0.037366803735494614,
            -0.990999162197113,
            -0.1285472810268402,
            0.13397200405597687
          ],
          [
            -0.014942390844225883,
            0.12806858122348785,
            -0.9916598200798035,
            0.9402589797973633
          ],
          [
            0.0,
            0.0,
            0.0,
            1.0
          ]
        ]
      },
      "bone_length_armature_space": 0.07137586921283892,
      "parent": null,
      "has_children": true,
      "is_end_bone": false
    },
    "spine_01": {
      "name": "spine_01",
      "local": {
        "location": {
          "x": 0.0,
          "y": 0.0,
          "z": 0.0
        },
        "rotation_quaternion": {
          "w": 0.998847484588623,
          "x": 0.03165333718061447,
          "y": -0.011367247439920902,
          "z": 0.0342431515455246
        },
        "scale": {
          "x": 1.0,
          "y": 1.0,
          "z": 1.0
        },
        "matrix_basis": [
          [
            0.9973964095115662,
            -0.06912699341773987,
            -0.020540472120046616,
            0.0
          ],
          [
            0.0676877498626709,
            0.9956509470939636,
            -0.06401221454143524,
            0.0
          ],
          [
            0.02487611398100853,
            0.06245521083474159,
            0.99773770570755,
            0.0
          ],
          [
            0.0,
            0.0,
            0.0,
            1.0
          ]
        ],
        "rotation_mode": "QUATERNION"
      },
      "armature_space": {
        "head": {
          "x": 0.0027819236274808645,
          "y": -5.424022674560547e-06,
          "z": -0.00045402999967336655
        },
        "tail": {
          "x": -0.023251712322235107,
          "y": -0.011838648468255997,
          "z": 0.4867120087146759
        }
      },
      "world_space": {
        "head": {
          "x": 0.0027819236274808645,
          "y": 0.06323857605457306,
          "z": 0.949400007724762
        },
        "tail": {
          "x": -0.023251712322235107,
          "y": 0.05140535160899162,
          "z": 1.4365659952163696
        },
        "rotation_quaternion": {
          "w": 0.69835364818573,
          "x": 0.7152078747749329,
          "y": -0.013334939256310463,
          "z": 0.024538405239582062
        },
        "matrix": [
          [
            0.998440146446228,
            -0.05334747955203056,
            0.016474729403853416,
            0.0027819236274808645
          ],
          [
            0.015198098495602608,
            -0.02424835041165352,
            -0.9995903968811035,
            0.06323857605457306
          ],
          [
            0.05372551456093788,
            0.9982885718345642,
            -0.023400865495204926,
            0.949400007724762
          ],
          [
            0.0,
            0.0,
            0.0,
            1.0
          ]
        ]
      },
      "bone_length_armature_space": 0.48800465156883227,
      "parent": "Root",
      "has_children": true,
      "is_end_bone": false
    },
    "neck_01": {
      "name": "neck_01",
      "local": {
        "location": {
          "x": 0.0,
          "y": 0.0,
          "z": 0.0
        },
        "rotation_quaternion": {
          "w": 0.9931477904319763,
          "x": 0.023255139589309692,
          "y": 0.09457691013813019,
          "z": -0.06459113210439682
        },
        "scale": {
          "x": 1.0,
          "y": 1.0,
          "z": 1.0
        },
        "matrix_basis": [
          [
            0.9737663865089417,
            0.13269588351249695,
            0.18485355377197266,
            0.0
          ],
          [
            -0.12389828264713287,
            0.9905743598937988,
            -0.05840924009680748,
            0.0
          ],
          [
            -0.19086185097694397,
            0.033973921090364456,
            0.9810287952423096,
            0.0
          ],
          [
            0.0,
            0.0,
            0.0,
            1.0
          ]
        ],
        "rotation_mode": "QUATERNION"
      },
      "armature_space": {
        "head": {
          "x": -0.0265863798558712,
          "y": -0.04828031361103058,
          "z": 0.5589936375617981
        },
        "tail": {
          "x": -0.017260923981666565,
          "y": -0.09212683141231537,
          "z": 0.6511958837509155
        }
      },
      "world_space": {
        "head": {
          "x": -0.0265863798558712,
          "y": 0.014963686466217041,
          "z": 1.508847713470459
        },
        "tail": {
          "x": -0.017260923981666565,
          "y": -0.02888283133506775,
          "z": 1.6010499000549316
        },
        "rotation_quaternion": {
          "w": 0.5259568691253662,
          "x": 0.842003345489502,
          "y": 0.09761287271976471,
          "z": 0.06979645043611526
        },
        "matrix": [
          [
            0.9712004065513611,
            0.09096111357212067,
            0.220218226313591,
            -0.0265863798558712
          ],
          [
            0.23780086636543274,
            -0.4276818633079529,
            -0.8720889091491699,
            0.014963686466217041
          ],
          [
            0.014857523143291473,
            0.8993468880653381,
            -0.43699929118156433,
            1.508847713470459
          ],
          [
            0.0,
            0.0,
            0.0,
            1.0
          ]
        ]
      },
      "bone_length_armature_space": 0.10252187686335261,
      "parent": "spine_01",
      "has_children": true,
      "is_end_bone": false
    },
    "head": {
      "name": "head",
      "local": {
        "location": {
          "x": 0.0,
          "y": 0.0,
          "z": 0.0
        },
        "rotation_quaternion": {
          "w": 0.994234561920166,
          "x": -0.08875961601734161,
          "y": 0.05974380299448967,
          "z": -0.007078826893121004
        },
        "scale": {
          "x": 1.0,
          "y": 1.0,
          "z": 1.0
        },
        "matrix_basis": [
          [
            0.9927611351013184,
            0.003470354713499546,
            0.12005533277988434,
            0.0
          ],
          [
            -0.024681702256202698,
            0.9841432571411133,
            0.17564992606639862,
            0.0
          ],
          [
            -0.1175420805811882,
            -0.17734159529209137,
            0.9771048426628113,
            0.0
          ],
          [
            0.0,
            0.0,
            0.0,
            1.0
          ]
        ],
        "rotation_mode": "QUATERNION"
      },
      "armature_space": {
        "head": {
          "x": -0.017260897904634476,
          "y": -0.09212693572044373,
          "z": 0.651195764541626
        },
        "tail": {
          "x": -0.022508583962917328,
          "y": -0.07813210040330887,
          "z": 0.8055651783943176
        }
      },
      "world_space": {
        "head": {
          "x": -0.017260897904634476,
          "y": -0.028882935643196106,
          "z": 1.601049780845642
        },
        "tail": {
          "x": -0.022508583962917328,
          "y": -0.014888100326061249,
          "z": 1.7554192543029785
        },
        "rotation_quaternion": {
          "w": 0.7286494970321655,
          "x": 0.6615332961082458,
          "y": 0.11911359429359436,
          "z": 0.1313604861497879
        },
        "matrix": [
          [
            0.9371128082275391,
            -0.03383634239435196,
            0.3473830223083496,
            -0.017260897904634476
          ],
          [
            0.34902694821357727,
            0.09023672342300415,
            -0.9327580332756042,
            -0.028882935643196106
          ],
          [
            0.00021478813141584396,
            0.9953525066375732,
            0.09637155383825302,
            1.601049780845642
          ],
          [
            0.0,
            0.0,
            0.0,
            1.0
          ]
        ]
      },
      "bone_length_armature_space": 0.1550912960823636,
      "parent": "neck_01",
      "has_children": false,
      "is_end_bone": true
    },
    "upperarm_l": {
      "name": "upperarm_l",
      "local": {
        "location": {
          "x": 0.0,
          "y": 0.0,
          "z": 0.0
        },
        "rotation_quaternion": {
          "w": 0.8553404211997986,
          "x": 0.3729679584503174,
          "y": 0.2579273283481598,
          "z": 0.2505219280719757
        },
        "scale": {
          "x": 1.0,
          "y": 1.0,
          "z": 1.0
        },
        "matrix_basis": [
          [
            0.7414245009422302,
            -0.23616580665111542,
            0.6281046271324158,
            0.0
          ],
          [
            0.6209602952003479,
            0.5962673425674438,
            -0.508796215057373,
            0.0
          ],
          [
            -0.2543580234050751,
            0.7672620415687561,
            0.5887367725372314,
            0.0
          ],
          [
            0.0,
            0.0,
            0.0,
            1.0
          ]
        ],
        "rotation_mode": "QUATERNION"
      },
      "armature_space": {
        "head": {
          "x": 0.12681755423545837,
          "y": -0.0475587397813797,
          "z": 0.49988508224487305
        },
        "tail": {
          "x": 0.2959490120410919,
          "y": -0.2468782365322113,
          "z": 0.5588251948356628
        }
      },
      "world_space": {
        "head": {
          "x": 0.12681755423545837,
          "y": 0.01568526029586792,
          "z": 1.4497390985488892
        },
        "tail": {
          "x": 0.2959490120410919,
          "y": -0.18363423645496368,
          "z": 1.5086791515350342
        },
        "rotation_quaternion": {
          "w": 0.2307627648115158,
          "x": 0.8721153140068054,
          "y": 0.27357086539268494,
          "z": -0.333650141954422
        },
        "matrix": [
          [
            0.6276729106903076,
            0.6311595439910889,
            -0.4557020962238312,
            0.12681755423545837
          ],
          [
            0.32318300008773804,
            -0.7438142895698547,
            -0.5850582122802734,
            0.01568526029586792
          ],
          [
            -0.7082273960113525,
            0.2199508547782898,
            -0.670857310295105,
            1.4497390985488892
          ],
          [
            0.0,
            0.0,
            0.0,
            1.0
          ]
        ]
      },
      "bone_length_armature_space": 0.2679694913382605,
      "parent": "spine_01",
      "has_children": true,
      "is_end_bone": false
    },
    "lowerarm_l": {
      "name": "lowerarm_l",
      "local": {
        "location": {
          "x": 0.0,
          "y": 0.0,
          "z": 0.0
        },
        "rotation_quaternion": {
          "w": 0.9136914014816284,
          "x": 0.3636944591999054,
          "y": -0.09158065915107727,
          "z": 0.15654830634593964
        },
        "scale": {
          "x": 1.0,
          "y": 1.0,
          "z": 1.0
        },
        "matrix_basis": [
          [
            0.9342111945152283,
            -0.35268843173980713,
            -0.05348141863942146,
            0.0
          ],
          [
            0.2194589227437973,
            0.6864379644393921,
            -0.6932826042175293,
            0.0
          ],
          [
            0.28122442960739136,
            0.6359354257583618,
            0.7186786532402039,
            0.0
          ],
          [
            0.0,
            0.0,
            0.0,
            1.0
          ]
        ],
        "rotation_mode": "QUATERNION"
      },
      "armature_space": {
        "head": {
          "x": 0.29594898223876953,
          "y": -0.24687837064266205,
          "z": 0.5588252544403076
        },
        "tail": {
          "x": 0.23326919972896576,
          "y": -0.5068126320838928,
          "z": 0.567471444606781
        }
      },
      "world_space": {
        "head": {
          "x": 0.29594898223876953,
          "y": -0.18363437056541443,
          "z": 1.5086792707443237
        },
        "tail": {
          "x": 0.23326919972896576,
          "y": -0.4435686469078064,
          "z": 1.5173254013061523
        },
        "rotation_quaternion": {
          "w": 0.04417191818356514,
          "x": -0.8631080985069275,
          "y": 0.11061093211174011,
          "z": 0.49077343940734863
        },
        "matrix": [
          [
            0.4938132166862488,
            -0.23429550230503082,
            -0.8374091386795044,
            0.29594898223876953
          ],
          [
            -0.14758199453353882,
            -0.9716280102729797,
            0.1848200261592865,
            -0.18363437056541443
          ],
          [
            -0.85695880651474,
            0.03231915831565857,
            -0.5143840312957764,
            1.5086792707443237
          ],
          [
            0.0,
            0.0,
            0.0,
            1.0
          ]
        ]
      },
      "bone_length_armature_space": 0.26752443852091007,
      "parent": "upperarm_l",
      "has_children": true,
      "is_end_bone": false
    },
    "metacarpal_thumb_l": {
      "name": "metacarpal_thumb_l",
      "local": {
        "location": {
          "x": 0.0,
          "y": 0.0,
          "z": 0.0
        },
        "rotation_quaternion": {
          "w": 0.9985593557357788,
          "x": -0.04980529844760895,
          "y": -0.014093033038079739,
          "z": -0.014142323285341263
        },
        "scale": {
          "x": 1.0,
          "y": 1.0,
          "z": 1.0
        },
        "matrix_basis": [
          [
            0.9992027878761292,
            0.029647713527083397,
            -0.026736734434962273,
            0.0
          ],
          [
            -0.026840083301067352,
            0.9946388602256775,
            0.09986571222543716,
            0.0
          ],
          [
            0.029554184526205063,
            -0.09906847774982452,
            0.9946416616439819,
            0.0
          ],
          [
            0.0,
            0.0,
            0.0,
            1.0
          ]
        ],
        "rotation_mode": "QUATERNION"
      },
      "armature_space": {
        "head": {
          "x": 0.23326919972896576,
          "y": -0.5068126320838928,
          "z": 0.567471444606781
        },
        "tail": {
          "x": 0.20238670706748962,
          "y": -0.5417183041572571,
          "z": 0.5506948232650757
        }
      },
      "world_space": {
        "head": {
          "x": 0.23326919972896576,
          "y": -0.4435686469078064,
          "z": 1.5173254013061523
        },
        "tail": {
          "x": 0.20238670706748962,
          "y": -0.47847431898117065,
          "z": 1.5005488395690918
        },
        "rotation_quaternion": {
          "w": 0.08921192586421967,
          "x": -0.8913986086845398,
          "y": 0.3737620711326599,
          "z": -0.2403159737586975
        },
        "matrix": [
          [
            0.6050995588302612,
            -0.6234645843505859,
            0.4951225221157074,
            0.23326919972896576
          ],
          [
            -0.7092201113700867,
            -0.7046860456466675,
            -0.02059696428477764,
            -0.4435686469078064
          ],
          [
            0.3617493510246277,
            -0.3386906683444977,
            -0.8685849905014038,
            1.5173254013061523
          ],
          [
            0.0,
            0.0,
            0.0,
            1.0
          ]
        ]
      },
      "bone_length_armature_space": 0.04953371840421776,
      "parent": "lowerarm_l",
      "has_children": true,
      "is_end_bone": false
    },
    "thumb_01_l": {
      "name": "thumb_01_l",
      "local": {
        "location": {
          "x": 0.0,
          "y": 0.0,
          "z": 0.0
        },
        "rotation_quaternion": {
          "w": 0.9994750022888184,
          "x": -0.021883631125092506,
          "y": -0.012074939906597137,
          "z": 0.020619211718440056
        },
        "scale": {
          "x": 1.0,
          "y": 1.0,
          "z": 1.0
        },
        "matrix_basis": [
          [
            0.9988580942153931,
            -0.04068828746676445,
            -0.02503964677453041,
            0.0
          ],
          [
            0.04174526035785675,
            0.9981918931007385,
            0.04324633255600929,
            0.0
          ],
          [
            0.02323475480079651,
            -0.04424223676323891,
            0.998750627040863,
            0.0
          ],
          [
            0.0,
            0.0,
            0.0,
            1.0
          ]
        ],
        "rotation_mode": "QUATERNION"
      },
      "armature_space": {
        "head": {
          "x": 0.20238670706748962,
          "y": -0.5417183041572571,
          "z": 0.5506948232650757
        },
        "tail": {
          "x": 0.19859804213047028,
          "y": -0.5532684922218323,
          "z": 0.5189005136489868
        }
      },
      "world_space": {
        "head": {
          "x": 0.20238670706748962,
          "y": -0.47847431898117065,
          "z": 1.5005488395690918
        },
        "tail": {
          "x": 0.19859804213047028,
          "y": -0.49002450704574585,
          "z": 1.468754529953003
        },
        "rotation_quaternion": {
          "w": 0.14132070541381836,
          "x": -0.29365620017051697,
          "y": 0.5571045875549316,
          "z": -0.7638252377510071
        },
        "matrix": [
          [
            -0.7875896096229553,
            -0.11130517721176147,
            0.6060640811920166,
            0.20238670706748962
          ],
          [
            -0.543082058429718,
            -0.3393267095088959,
            -0.7680619955062866,
            -0.47847431898117065
          ],
          [
            0.2911445200443268,
            -0.9340670108795166,
            0.2068031132221222,
            1.5005488395690918
          ],
          [
            0.0,
            0.0,
            0.0,
            1.0
          ]
        ]
      },
      "bone_length_armature_space": 0.034038786126820764,
      "parent": "metacarpal_thumb_l",
      "has_children": true,
      "is_end_bone": false
    },
    "thumb_02_l": {
      "name": "thumb_02_l",
      "local": {
        "location": {
          "x": 0.0,
          "y": 0.0,
          "z": 0.0
        },
        "rotation_quaternion": {
          "w": 0.9946615695953369,
          "x": 0.10311469435691833,
          "y": -0.003929188009351492,
          "z": -0.0006873051752336323
        },
        "scale": {
          "x": 1.0,
          "y": 1.0,
          "z": 1.0
        },
        "matrix_basis": [
          [
            0.9999681711196899,
            0.0005569580243900418,
            -0.007958167232573032,
            0.0
          ],
          [
            -0.002177586080506444,
            0.9787337779998779,
            -0.20512305200099945,
            0.0
          ],
          [
            0.007674681954085827,
            0.205133855342865,
            0.9787038564682007,
            0.0
          ],
          [
            0.0,
            0.0,
            0.0,
            1.0
          ]
        ],
        "rotation_mode": "QUATERNION"
      },
      "armature_space": {
        "head": {
          "x": 0.19859804213047028,
          "y": -0.5532684326171875,
          "z": 0.5189005136489868
        },
        "tail": {
          "x": 0.19237402081489563,
          "y": -0.5928876399993896,
          "z": 0.5210816860198975
        }
      },
      "world_space": {
        "head": {
          "x": 0.19859804213047028,
          "y": -0.4900244474411011,
          "z": 1.468754529953003
        },
        "tail": {
          "x": 0.19237402081489563,
          "y": -0.5296436548233032,
          "z": 1.4709357023239136
        },
        "rotation_quaternion": {
          "w": 0.07985871285200119,
          "x": 0.08851119875907898,
          "y": 0.020233016461133957,
          "z": 0.9926626086235046
        },
        "matrix": [
          [
            -0.9715766906738281,
            -0.15496371686458588,
            0.1789550930261612,
            0.19859804213047028
          ],
          [
            0.16212737560272217,
            -0.9864263534545898,
            0.026032671332359314,
            -0.4900244474411011
          ],
          [
            0.17249317467212677,
            0.05430573225021362,
            0.9835196137428284,
            1.468754529953003
          ],
          [
            0.0,
            0.0,
            0.0,
            1.0
          ]
        ]
      },
      "bone_length_armature_space": 0.040164381281462526,
      "parent": "thumb_01_l",
      "has_children": true,
      "is_end_bone": false
    },
    "thumb_03_l": {
      "name": "thumb_03_l",
      "local": {
        "location": {
          "x": 0.0,
          "y": 0.0,
          "z": 0.0
        },
        "rotation_quaternion": {
          "w": 0.9962523579597473,
          "x": 0.08615538477897644,
          "y": -0.00595969520509243,
          "z": 0.004798015579581261
        },
        "scale": {
          "x": 1.0,
          "y": 1.0,
          "z": 1.0
        },
        "matrix_basis": [
          [
            0.9998829364776611,
            -0.010586988180875778,
            -0.011047971434891224,
            0.0
          ],
          [
            0.008533149026334286,
            0.9851084351539612,
            -0.1717222034931183,
            0.0
          ],
          [
            0.012701470404863358,
            0.1716078221797943,
            0.9850834608078003,
            0.0
          ],
          [
            0.0,
            0.0,
            0.0,
            1.0
          ]
        ],
        "rotation_mode": "QUATERNION"
      },
      "armature_space": {
        "head": {
          "x": 0.19237396121025085,
          "y": -0.5928875803947449,
          "z": 0.5210816264152527
        },
        "tail": {
          "x": 0.1934657245874405,
          "y": -0.6200650930404663,
          "z": 0.534759521484375
        }
      },
      "world_space": {
        "head": {
          "x": 0.19237396121025085,
          "y": -0.5296435952186584,
          "z": 1.470935583114624
        },
        "tail": {
          "x": 0.1934657245874405,
          "y": -0.5568211078643799,
          "z": 1.4846135377883911
        },
        "rotation_quaternion": {
          "w": 0.038258276879787445,
          "x": 0.08381574600934982,
          "y": -0.22846640646457672,
          "z": -0.9691823124885559
        },
        "matrix": [
          [
            -0.9830223917961121,
            0.035860415548086166,
            -0.1799469143152237,
            0.19237396121025085
          ],
          [
            -0.11245661228895187,
            -0.8926785588264465,
            0.4364382028579712,
            -0.5296435952186584
          ],
          [
            -0.14498509466648102,
            0.44926711916923523,
            0.8815624713897705,
            1.470935583114624
          ],
          [
            0.0,
            0.0,
            0.0,
            1.0
          ]
        ]
      },
      "bone_length_armature_space": 0.030444933257218882,
      "parent": "thumb_02_l",
      "has_children": false,
      "is_end_bone": true
    },
    "metacarpal_index_l": {
      "name": "metacarpal_index_l",
      "local": {
        "location": {
          "x": 0.0,
          "y": 0.0,
          "z": 0.0
        },
        "rotation_quaternion": {
          "w": 0.9998225569725037,
          "x": -0.010345108807086945,
          "y": 0.010395890101790428,
          "z": -0.011826637201011181
        },
        "scale": {
          "x": 1.0,
          "y": 1.0,
          "z": 1.0
        },
        "matrix_basis": [
          [
            0.9995040893554688,
            0.023433983325958252,
            0.0210327859967947,
            0.0
          ],
          [
            -0.023864170536398888,
            0.9995062351226807,
            0.02044064924120903,
            0.0
          ],
          [
            -0.02054339461028576,
            -0.02093244343996048,
            0.999569833278656,
            0.0
          ],
          [
            0.0,
            0.0,
            0.0,
            1.0
          ]
        ],
        "rotation_mode": "QUATERNION"
      },
      "armature_space": {
        "head": {
          "x": 0.23326919972896576,
          "y": -0.5068126320838928,
          "z": 0.567471444606781
        },
        "tail": {
          "x": 0.18262845277786255,
          "y": -0.6109837293624878,
          "z": 0.5497764348983765
        }
      },
      "world_space": {
        "head": {
          "x": 0.23326919972896576,
          "y": -0.4435686469078064,
          "z": 1.5173254013061523
        },
        "tail": {
          "x": 0.18262845277786255,
          "y": -0.5477397441864014,
          "z": 1.4996304512023926
        },
        "rotation_quaternion": {
          "w": 0.08134759962558746,
          "x": -0.9717339277267456,
          "y": 0.22104141116142273,
          "z": 0.016015537083148956
        },
        "matrix": [
          [
            0.9017682671546936,
            -0.4321925640106201,
            0.004837057553231716,
            0.23326919972896576
          ],
          [
            -0.42698127031326294,
            -0.8890465497970581,
            0.16517610847949982,
            -0.4435686469078064
          ],
          [
            -0.06708838045597076,
            -0.1510179191827774,
            -0.9862589836120605,
            1.5173254013061523
          ],
          [
            0.0,
            0.0,
            0.0,
            1.0
          ]
        ]
      },
      "bone_length_armature_space": 0.11717173909952683,
      "parent": "lowerarm_l",
      "has_children": true,
      "is_end_bone": false
    },
    "index_01_l": {
      "name": "index_01_l",
      "local": {
        "location": {
          "x": 0.0,
          "y": 0.0,
          "z": 0.0
        },
        "rotation_quaternion": {
          "w": 0.990014910697937,
          "x": -0.14062057435512543,
          "y": -0.009278209879994392,
          "z": 0.003219428937882185
        },
        "scale": {
          "x": 1.0,
          "y": 1.0,
          "z": 1.0
        },
        "matrix_basis": [
          [
            0.9998071193695068,
            -0.0037651509046554565,
            -0.019276568666100502,
            0.0
          ],
          [
            0.008983979932963848,
            0.9604309797286987,
            0.27837318181991577,
            0.0
          ],
          [
            0.01746569573879242,
            -0.27849265933036804,
            0.9602795243263245,
            0.0
          ],
          [
            0.0,
            0.0,
            0.0,
            1.0
          ]
        ],
        "rotation_mode": "QUATERNION"
      },
      "armature_space": {
        "head": {
          "x": 0.18262845277786255,
          "y": -0.6109837293624878,
          "z": 0.5497764348983765
        },
        "tail": {
          "x": 0.1799732744693756,
          "y": -0.6384832859039307,
          "z": 0.5568329095840454
        }
      },
      "world_space": {
        "head": {
          "x": 0.18262845277786255,
          "y": -0.5477397441864014,
          "z": 1.4996304512023926
        },
        "tail": {
          "x": 0.1799732744693756,
          "y": -0.5752393007278442,
          "z": 1.5066869258880615
        },
        "rotation_quaternion": {
          "w": 0.1241263747215271,
          "x": 0.9909496307373047,
          "y": -0.04885965958237648,
          "z": -0.014974774792790413
        },
        "matrix": [
          [
            0.9947769641876221,
            -0.09311743825674057,
            -0.04180813208222389,
            0.18262845277786255
          ],
          [
            -0.10055244714021683,
            -0.964410662651062,
            -0.2445431649684906,
            -0.5477397441864014
          ],
          [
            -0.017549142241477966,
            0.24747054278850555,
            -0.9687437415122986,
            1.4996304512023926
          ],
          [
            0.0,
            0.0,
            0.0,
            1.0
          ]
        ]
      },
      "bone_length_armature_space": 0.0285143720463525,
      "parent": "metacarpal_index_l",
      "has_children": true,
      "is_end_bone": false
    },
    "index_02_l": {
      "name": "index_02_l",
      "local": {
        "location": {
          "x": 0.0,
          "y": 0.0,
          "z": 0.0
        },
        "rotation_quaternion": {
          "w": 0.9980313777923584,
          "x": 0.0622733049094677,
          "y": -0.004523857496678829,
          "z": 0.0059249685145914555
        },
        "scale": {
          "x": 1.0,
          "y": 1.0,
          "z": 1.0
        },
        "matrix_basis": [
          [
            0.9998888373374939,
            -0.01239003986120224,
            -0.008291969075798988,
            0.0
          ],
          [
            0.01126317773014307,
            0.9921738505363464,
            -0.12435503304004669,
            0.0
          ],
          [
            0.009767837822437286,
            0.12424781918525696,
            0.9922031164169312,
            0.0
          ],
          [
            0.0,
            0.0,
            0.0,
            1.0
          ]
        ],
        "rotation_mode": "QUATERNION"
      },
      "armature_space": {
        "head": {
          "x": 0.17997297644615173,
          "y": -0.6384837031364441,
          "z": 0.5568327307701111
        },
        "tail": {
          "x": 0.177764892578125,
          "y": -0.6637088656425476,
          "z": 0.5609443187713623
        }
      },
      "world_space": {
        "head": {
          "x": 0.17997297644615173,
          "y": -0.5752397179603577,
          "z": 1.5066866874694824
        },
        "tail": {
          "x": 0.177764892578125,
          "y": -0.6004648804664612,
          "z": 1.5107983350753784
        },
        "rotation_quaternion": {
          "w": 0.07814045250415802,
          "x": 0.9944965243339539,
          "y": -0.0473068505525589,
          "z": -0.05131114646792412
        },
        "matrix": [
          [
            0.9902584552764893,
            -0.08607404679059982,
            -0.10945072770118713,
            0.17997297644615173
          ],
          [
            -0.10211192816495895,
            -0.9833121299743652,
            -0.15056654810905457,
            -0.5752397179603577
          ],
          [
            -0.09466506540775299,
            0.16027608513832092,
            -0.9825294613838196,
            1.5066866874694824
          ],
          [
            0.0,
            0.0,
            0.0,
            1.0
          ]
        ]
      },
      "bone_length_armature_space": 0.02565325698227517,
      "parent": "index_01_l",
      "has_children": true,
      "is_end_bone": false
    },
    "index_03_l": {
      "name": "index_03_l",
      "local": {
        "location": {
          "x": 0.0,
          "y": 0.0,
          "z": 0.0
        },
        "rotation_quaternion": {
          "w": 0.9997104406356812,
          "x": 0.023743117228150368,
          "y": -0.003900856478139758,
          "z": -0.0005306019447743893
        },
        "scale": {
          "x": 1.0,
          "y": 1.0,
          "z": 1.0
        },
        "matrix_basis": [
          [
            0.9999690055847168,
            0.0008756596362218261,
            -0.007824650034308434,
            0.0
          ],
          [
            -0.0012461335863918066,
            0.9988719820976257,
            -0.04746834561228752,
            0.0
          ],
          [
            0.007774257566779852,
            0.047476623207330704,
            0.9988421201705933,
            0.0
          ],
          [
            0.0,
            0.0,
            0.0,
            1.0
          ]
        ],
        "rotation_mode": "QUATERNION"
      },
      "armature_space": {
        "head": {
          "x": 0.177764892578125,
          "y": -0.6637088656425476,
          "z": 0.5609444379806519
        },
        "tail": {
          "x": 0.1775922030210495,
          "y": -0.6929230690002441,
          "z": 0.5614244937896729
        }
      },
      "world_space": {
        "head": {
          "x": 0.177764892578125,
          "y": -0.6004648804664612,
          "z": 1.510798454284668
        },
        "tail": {
          "x": 0.1775922030210495,
          "y": -0.6296790838241577,
          "z": 1.511278510093689
        },
        "rotation_quaternion": {
          "w": 0.008151721209287643,
          "x": 0.9997448921203613,
          "y": -0.0031257853843271732,
          "z": -0.020830821245908737
        },
        "matrix": [
          [
            0.999112606048584,
            -0.005910381209105253,
            -0.04170200973749161,
            0.177764892578125
          ],
          [
            -0.00658956915140152,
            -0.9998475313186646,
            -0.01616959273815155,
            -0.6004648804664612
          ],
          [
            -0.041600301861763,
            0.016429085284471512,
            -0.9990062713623047,
            1.510798454284668
          ],
          [
            0.0,
            0.0,
            0.0,
            1.0
          ]
        ]
      },
      "bone_length_armature_space": 0.0292186572036633,
      "parent": "index_02_l",
      "has_children": false,
      "is_end_bone": true
    },
    "metacarpal_pinky_l": {
      "name": "metacarpal_pinky_l",
      "local": {
        "location": {
          "x": 0.0,
          "y": 0.0,
          "z": 0.0
        },
        "rotation_quaternion": {
          "w": 0.9989163875579834,
          "x": -0.04442337527871132,
          "y": 0.012093579396605492,
          "z": -0.006813084706664085
        },
        "scale": {
          "x": 1.0,
          "y": 1.0,
          "z": 1.0
        },
        "matrix_basis": [
          [
            0.9996146559715271,
            0.012536928988993168,
            0.02476627007126808,
            0.0
          ],
          [
            -0.014685879461467266,
            0.9959602952003479,
            0.08858568966388702,
            0.0
          ],
          [
            -0.023555628955364227,
            -0.08891526609659195,
            0.9957606196403503,
            0.0
          ],
          [
            0.0,
            0.0,
            0.0,
            1.0
          ]
        ],
        "rotation_mode": "QUATERNION"
      },
      "armature_space": {
        "head": {
          "x": 0.23326919972896576,
          "y": -0.5068126320838928,
          "z": 0.567471444606781
        },
        "tail": {
          "x": 0.24240843951702118,
          "y": -0.6098957061767578,
          "z": 0.5790287256240845
        }
      },
      "world_space": {
        "head": {
          "x": 0.23326919972896576,
          "y": -0.4435686469078064,
          "z": 1.5173254013061523
        },
        "tail": {
          "x": 0.24240843951702118,
          "y": -0.5466517210006714,
          "z": 1.5288827419281006
        },
        "rotation_quaternion": {
          "w": 0.06224188208580017,
          "x": 0.38993579149246216,
          "y": -0.03400881960988045,
          "z": -0.9181064367294312
        },
        "matrix": [
          [
            -0.6881521940231323,
            0.08776697516441345,
            -0.7202385663986206,
            0.23326919972896576
          ],
          [
            -0.1408122330904007,
            -0.9899385571479797,
            0.013906754553318024,
            -0.4435686469078064
          ],
          [
            -0.7117765545845032,
            0.11098814010620117,
            0.693591833114624,
            1.5173254013061523
          ],
          [
            0.0,
            0.0,
            0.0,
            1.0
          ]
        ]
      },
      "bone_length_armature_space": 0.10413076847701061,
      "parent": "lowerarm_l",
      "has_children": true,
      "is_end_bone": false
    },
    "pinky_01_l": {
      "name": "pinky_01_l",
      "local": {
        "location": {
          "x": 0.0,
          "y": 0.0,
          "z": 0.0
        },
        "rotation_quaternion": {
          "w": 0.9552904367446899,
          "x": 0.2950669229030609,
          "y": -0.00841260515153408,
          "z": -0.0168826412409544
        },
        "scale": {
          "x": 1.0,
          "y": 1.0,
          "z": 1.0
        },
        "matrix_basis": [
          [
            0.9992883801460266,
            0.027291089296340942,
            -0.026035981252789497,
            0.0
          ],
          [
            -0.03722021356225014,
            0.8253009915351868,
            -0.5634651780128479,
            0.0
          ],
          [
            0.006109944544732571,
            0.5640332698822021,
            0.825729489326477,
            0.0
          ],
          [
            0.0,
            0.0,
            0.0,
            1.0
          ]
        ],
        "rotation_mode": "QUATERNION"
      },
      "armature_space": {
        "head": {
          "x": 0.24240843951702118,
          "y": -0.6098957061767578,
