{
  "metadata": {
    "armature_name": "KIM_caucasian_male",
    "export_time": "2026-01-13T21:04:10.859344",
    "blender_version": "4.4.1",
    "bone_count": 56,
    "end_bone_count": 13,
    "spaces_included": [
      "LOCAL_CHANNELS",
      "ARMATURE_SPACE",
      "WORLD_SPACE"
    ],
    "note": "LOCAL matches Transform panel; replay pose via local.matrix_basis for best fidelity."
  },
  "bones": {
    "Root": {
      "name": "Root",
      "local": {
        "location": {
          "x": 0.0,
          "y": 0.0,
          "z": 0.0
        },
        "rotation_quaternion": {
          "w": 0.9998574256896973,
          "x": 0.005775707308202982,
          "y": -0.015590265393257141,
          "z": 0.0029684787150472403
        },
        "scale": {
          "x": 1.0,
          "y": 1.0,
          "z": 1.0
        },
        "matrix_basis": [
          [
            0.9994962811470032,
            -0.00611620070412755,
            -0.031141795217990875,
            0.0
          ],
          [
            0.005756021477282047,
            0.9999156594276428,
            -0.011642326600849628,
            0.0
          ],
          [
            0.03121037594974041,
            0.011457208544015884,
            0.9994471669197083,
            0.0
          ],
          [
            0.0,
            0.0,
            0.0,
            1.0
          ]
        ],
        "rotation_mode": "QUATERNION"
      },
      "armature_space": {
        "head": {
          "x": 0.0,
          "y": 0.07072800397872925,
          "z": -0.009595036506652832
        },
        "tail": {
          "x": -0.00043654913315549493,
          "y": -0.0001039654016494751,
          "z": -0.0008111605420708656
        }
      },
      "world_space": {
        "head": {
          "x": 0.0,
          "y": 0.13397200405597687,
          "z": 0.9402589797973633
        },
        "tail": {
          "x": -0.00043654913315549493,
          "y": 0.06314003467559814,
          "z": 0.9490428566932678
        },
        "rotation_quaternion": {
          "w": 0.061595458537340164,
          "x": 0.9979750514030457,
          "y": -0.004012017976492643,
          "z": -0.015354868024587631
        },
        "matrix": [
          [
            0.9994962811470032,
            -0.00611620070412755,
            -0.031141795217990875,
            0.0
          ],
          [
            -0.009899375960230827,
            -0.9923797845840454,
            -0.1228187307715416,
            0.13397200405597687
          ],
          [
            -0.03015352413058281,
            0.12306506186723709,
            -0.9919474720954895,
            0.9402589797973633
          ],
          [
            0.0,
            0.0,
            0.0,
            1.0
          ]
        ]
      },
      "bone_length_armature_space": 0.07137587083489737,
      "parent": null,
      "has_children": true,
      "is_end_bone": false
    },
    "spine_01": {
      "name": "spine_01",
      "local": {
        "location": {
          "x": 0.0,
          "y": 0.0,
          "z": 0.0
        },
        "rotation_quaternion": {
          "w": 0.9977899789810181,
          "x": 0.06555060297250748,
          "y": 0.007976708002388477,
          "z": 0.007400959730148315
        },
        "scale": {
          "x": 1.0,
          "y": 1.0,
          "z": 1.0
        },
        "matrix_basis": [
          [
            0.9997631907463074,
            -0.01372345071285963,
            0.016888434067368507,
            0.0
          ],
          [
            0.01581496372818947,
            0.9912967085838318,
            -0.13069340586662292,
            0.0
          ],
          [
            -0.014947883784770966,
            0.13092954456806183,
            0.9912790060043335,
            0.0
          ],
          [
            0.0,
            0.0,
            0.0,
            1.0
          ]
        ],
        "rotation_mode": "QUATERNION"
      },
      "armature_space": {
        "head": {
          "x": -0.00043654913315549493,
          "y": -0.0001039654016494751,
          "z": -0.0008111605420708656
        },
        "tail": {
          "x": 0.007051742170006037,
          "y": -0.046936389058828354,
          "z": 0.4848833382129669
        }
      },
      "world_space": {
        "head": {
          "x": -0.00043654913315549493,
          "y": 0.06314003467559814,
          "z": 0.9490428566932678
        },
        "tail": {
          "x": 0.007051742170006037,
          "y": 0.016307611018419266,
          "z": 1.4347373247146606
        },
        "rotation_quaternion": {
          "w": 0.6722840666770935,
          "x": 0.7402506470680237,
          "y": 0.007071886211633682,
          "z": -0.0036256045568734407
        },
        "matrix": [
          [
            0.999873697757721,
            0.01534482091665268,
            0.004141021519899368,
            -0.00043654913315549493
          ],
          [
            0.005595158785581589,
            -0.0959678366780281,
            -0.9953688383102417,
            0.06314003467559814
          ],
          [
            -0.01487644575536251,
            0.9952731132507324,
            -0.09604315459728241,
            0.9490428566932678
          ],
          [
            0.0,
            0.0,
            0.0,
            1.0
          ]
        ]
      },
      "bone_length_armature_space": 0.48800461136880247,
      "parent": "Root",
      "has_children": true,
      "is_end_bone": false
    },
    "neck_01": {
      "name": "neck_01",
      "local": {
        "location": {
          "x": 0.0,
          "y": 0.0,
          "z": 0.0
        },
        "rotation_quaternion": {
          "w": 0.9968197345733643,
          "x": 0.056714728474617004,
          "y": -0.02112552523612976,
          "z": -0.05184236541390419
        },
        "scale": {
          "x": 1.0,
          "y": 1.0,
          "z": 1.0
        },
        "matrix_basis": [
          [
            0.9937321543693542,
            0.10095872730016708,
            -0.0479971319437027,
            0.0
          ],
          [
            -0.10575124621391296,
            0.9881916046142578,
            -0.11087832599878311,
            0.0
          ],
          [
            0.0362362302839756,
            0.11525911837816238,
            0.9926742911338806,
            0.0
          ],
          [
            0.0,
            0.0,
            0.0,
            1.0
          ]
        ],
        "rotation_mode": "QUATERNION"
      },
      "armature_space": {
        "head": {
          "x": 0.008318879641592503,
          "y": -0.08848283439874649,
          "z": 0.5544248819351196
        },
        "tail": {
          "x": 0.020221147686243057,
          "y": -0.14619359374046326,
          "z": 0.638320803642273
        }
      },
      "world_space": {
        "head": {
          "x": 0.008318879641592503,
          "y": -0.02523883432149887,
          "z": 1.5042788982391357
        },
        "tail": {
          "x": 0.020221147686243057,
          "y": -0.08294959366321564,
          "z": 1.588174819946289
        },
        "rotation_quaternion": {
          "w": 0.4658609628677368,
          "x": 0.8825377821922302,
          "y": 0.03893783688545227,
          "z": -0.05083835870027542
        },
        "matrix": [
          [
            0.9917986392974854,
            0.11609552055597305,
            -0.053453803062438965,
            0.008318879641592503
          ],
          [
            0.021361425518989563,
            -0.5629145503044128,
            -0.8262392282485962,
            -0.02523883432149887
          ],
          [
            -0.12601344287395477,
            0.8183261752128601,
            -0.5607825517654419,
            1.5042788982391357
          ],
          [
            0.0,
            0.0,
            0.0,
            1.0
          ]
        ]
      },
      "bone_length_armature_space": 0.10252180997428953,
      "parent": "spine_01",
      "has_children": true,
      "is_end_bone": false
    },
    "head": {
      "name": "head",
      "local": {
        "location": {
          "x": 0.0,
          "y": 0.0,
          "z": 0.0
        },
        "rotation_quaternion": {
          "w": 0.9893415570259094,
          "x": 0.0337463840842247,
          "y": 0.13610710203647614,
          "z": -0.03923456743359566
        },
        "scale": {
          "x": 1.0,
          "y": 1.0,
          "z": 1.0
        },
        "matrix_basis": [
          [
            0.9598709940910339,
            0.08681902289390564,
            0.2666647732257843,
            0.0
          ],
          [
            -0.06844653189182281,
            0.9946436882019043,
            -0.0774536058306694,
            0.0
          ],
          [
            -0.27196088433265686,
            0.05609319359064102,
            0.9606720805168152,
            0.0
          ],
          [
            0.0,
            0.0,
            0.0,
            1.0
          ]
        ],
        "rotation_mode": "QUATERNION"
      },
      "armature_space": {
        "head": {
          "x": 0.020221130922436714,
          "y": -0.14619366824626923,
          "z": 0.6383206844329834
        },
        "tail": {
          "x": 0.053063832223415375,
          "y": -0.18930940330028534,
          "z": 0.7836329936981201
        }
      },
      "world_space": {
        "head": {
          "x": 0.020221130922436714,
          "y": -0.0829496681690216,
          "z": 1.5881747007369995
        },
        "tail": {
          "x": 0.053063832223415375,
          "y": -0.12606540322303772,
          "z": 1.7334870100021362
        },
        "rotation_quaternion": {
          "w": 0.5792549252510071,
          "x": 0.7985115051269531,
          "y": 0.15956629812717438,
          "z": 0.03717374801635742
        },
        "matrix": [
          [
            0.946313202381134,
            0.2117651402950287,
            0.24422739446163177,
            0.020221130922436714
          ],
          [
            0.29789814352989197,
            -0.2780041992664337,
            -0.9132199883460999,
            -0.0829496681690216
          ],
          [
            -0.12549248337745667,
            0.9369532465934753,
            -0.3261665999889374,
            1.5881747007369995
          ],
          [
            0.0,
            0.0,
            0.0,
            1.0
          ]
        ]
      },
      "bone_length_armature_space": 0.15509119224985343,
      "parent": "neck_01",
      "has_children": false,
      "is_end_bone": true
    },
    "upperarm_l": {
      "name": "upperarm_l",
      "local": {
        "location": {
          "x": 0.0,
          "y": 0.0,
          "z": 0.0
        },
        "rotation_quaternion": {
          "w": 0.9847834706306458,
          "x": 0.08000572770833969,
          "y": -0.07132210582494736,
          "z": 0.1367979794740677
        },
        "scale": {
          "x": 1.0,
          "y": 1.0,
          "z": 1.0
        },
        "matrix_basis": [
          [
            0.952398955821991,
            -0.28084513545036316,
            -0.11858441680669785,
            0.0
          ],
          [
            0.25802043080329895,
            0.9497708082199097,
            -0.17709007859230042,
            0.0
          ],
          [
            0.16236290335655212,
            0.1380631923675537,
            0.977024495601654,
            0.0
          ],
          [
            0.0,
            0.0,
            0.0,
            1.0
          ]
        ],
        "rotation_mode": "QUATERNION"
      },
      "armature_space": {
        "head": {
          "x": 0.15728186070919037,
          "y": -0.08436813950538635,
          "z": 0.48499706387519836
        },
        "tail": {
          "x": 0.41582590341567993,
          "y": -0.11818388104438782,
          "z": 0.5467962026596069
        }
      },
      "world_space": {
        "head": {
          "x": 0.15728186070919037,
          "y": -0.021124139428138733,
          "z": 1.434851050376892
        },
        "tail": {
          "x": 0.41582590341567993,
          "y": -0.0549398809671402,
          "z": 1.496650218963623
        },
        "rotation_quaternion": {
          "w": 0.5260379910469055,
          "x": 0.5807582139968872,
          "y": 0.4002336859703064,
          "z": -0.47520196437835693
        },
        "matrix": [
          [
            0.22799235582351685,
            0.9648267030715942,
            -0.13087764382362366,
            0.15728186070919037
          ],
          [
            -0.03507259488105774,
            -0.12619253993034363,
            -0.991385817527771,
            -0.021124139428138733
          ],
          [
            -0.9730379581451416,
            0.23062001168727875,
            0.005067162215709686,
            1.434851050376892
          ],
          [
            0.0,
            0.0,
            0.0,
            1.0
          ]
        ]
      },
      "bone_length_armature_space": 0.26796949959252503,
      "parent": "spine_01",
      "has_children": true,
      "is_end_bone": false
    },
    "lowerarm_l": {
      "name": "lowerarm_l",
      "local": {
        "location": {
          "x": 0.0,
          "y": 0.0,
          "z": 0.0
        },
        "rotation_quaternion": {
          "w": 0.9299230575561523,
          "x": 0.36083531379699707,
          "y": 0.01755916327238083,
          "z": 0.06879497319459915
        },
        "scale": {
          "x": 1.0,
          "y": 1.0,
          "z": 1.0
        },
        "matrix_basis": [
          [
            0.9899178743362427,
            -0.11527612805366516,
            0.08230465650558472,
            0.0
          ],
          [
            0.14061999320983887,
            0.7301302552223206,
            -0.6686822175979614,
            0.0
          ],
          [
            0.016989970579743385,
            0.6735141277313232,
            0.7389791011810303,
            0.0
          ],
          [
            0.0,
            0.0,
            0.0,
            1.0
          ]
        ],
        "rotation_mode": "QUATERNION"
      },
      "armature_space": {
        "head": {
          "x": 0.4158259630203247,
          "y": -0.11818394064903259,
          "z": 0.5467963218688965
        },
        "tail": {
          "x": 0.5380528569221497,
          "y": -0.33067989349365234,
          "z": 0.6539202928543091
        }
      },
      "world_space": {
        "head": {
          "x": 0.4158259630203247,
          "y": -0.05493994057178497,
          "z": 1.4966503381729126
        },
        "tail": {
          "x": 0.5380528569221497,
          "y": -0.2674359083175659,
          "z": 1.6037743091583252
        },
        "rotation_quaternion": {
          "w": 0.3122689127922058,
          "x": 0.7701424360275269,
          "y": 0.07304976135492325,
          "z": -0.5513916015625
        },
        "matrix": [
          [
            0.3812629282474518,
            0.4568811058998108,
            -0.8036778569221497,
            0.4158259630203247
          ],
          [
            -0.23184703290462494,
            -0.7943047285079956,
            -0.5615403056144714,
            -0.05493994057178497
          ],
          [
            -0.8949286937713623,
            0.40042680501937866,
            -0.1969141811132431,
            1.4966503381729126
          ],
          [
            0.0,
            0.0,
            0.0,
            1.0
          ]
        ]
      },
      "bone_length_armature_space": 0.26752474523892583,
      "parent": "upperarm_l",
      "has_children": true,
      "is_end_bone": false
    },
    "metacarpal_thumb_l": {
      "name": "metacarpal_thumb_l",
      "local": {
        "location": {
          "x": 0.0,
          "y": 0.0,
          "z": 0.0
        },
        "rotation_quaternion": {
          "w": 0.9985513091087341,
          "x": -0.052476927638053894,
          "y": 0.00889899767935276,
          "z": 0.007896839641034603
        },
        "scale": {
          "x": 1.0,
          "y": 1.0,
          "z": 1.0
        },
        "matrix_basis": [
          [
            0.9997168779373169,
            -0.016704782843589783,
            0.01694340817630291,
            0.0
          ],
          [
            0.014836815185844898,
            0.9943675994873047,
            0.10494235903024673,
            0.0
          ],
          [
            -0.018601015210151672,
            -0.10466126352548599,
            0.9943339824676514,
            0.0
          ],
          [
            0.0,
            0.0,
            0.0,
            1.0
          ]
        ],
        "rotation_mode": "QUATERNION"
      },
      "armature_space": {
        "head": {
          "x": 0.5380528569221497,
          "y": -0.33067989349365234,
          "z": 0.6539202928543091
        },
        "tail": {
          "x": 0.5334464907646179,
          "y": -0.3795805275440216,
          "z": 0.6603308320045471
        }
      },
      "world_space": {
        "head": {
          "x": 0.5380528569221497,
          "y": -0.2674359083175659,
          "z": 1.6037743091583252
        },
        "tail": {
          "x": 0.5334464907646179,
          "y": -0.3163365125656128,
          "z": 1.610184907913208
        },
        "rotation_quaternion": {
          "w": 0.07211743295192719,
          "x": 0.9812167286872864,
          "y": -0.03448331356048584,
          "z": 0.1755668967962265
        },
        "matrix": [
          [
            0.9359741806983948,
            -0.09299417585134506,
            0.33956462144851685,
            0.5380528569221497
          ],
          [
            -0.04234827309846878,
            -0.9872199892997742,
            -0.1536344438791275,
            -0.2674359083175659
          ],
          [
            0.3495144248008728,
            0.12941786646842957,
            -0.9279574155807495,
            1.6037743091583252
          ],
          [
            0.0,
            0.0,
            0.0,
            1.0
          ]
        ]
      },
      "bone_length_armature_space": 0.049533681608513375,
      "parent": "lowerarm_l",
      "has_children": true,
      "is_end_bone": false
    },
    "thumb_01_l": {
      "name": "thumb_01_l",
      "local": {
        "location": {
          "x": 0.0,
          "y": 0.0,
          "z": 0.0
        },
        "rotation_quaternion": {
          "w": 0.9982959032058716,
          "x": 0.056005824357271194,
          "y": -0.013575587421655655,
          "z": 0.009192151017487049
        },
        "scale": {
          "x": 1.0,
          "y": 1.0,
          "z": 1.0
        },
        "matrix_basis": [
          [
            0.9994624257087708,
            -0.019873596727848053,
            -0.026075279340147972,
            0.0
          ],
          [
            0.016832349821925163,
            0.9935576915740967,
            -0.11207034438848495,
            0.0
          ],
          [
            0.028134534135460854,
            0.11157119274139404,
            0.9933580756187439,
            0.0
          ],
          [
            0.0,
            0.0,
            0.0,
            1.0
          ]
        ],
        "rotation_mode": "QUATERNION"
      },
      "armature_space": {
        "head": {
          "x": 0.5334464907646179,
          "y": -0.3795805275440216,
          "z": 0.6603308320045471
        },
        "tail": {
          "x": 0.5398660898208618,
          "y": -0.4053938090801239,
          "z": 0.6390918493270874
        }
      },
      "world_space": {
        "head": {
          "x": 0.5334464907646179,
          "y": -0.3163365125656128,
          "z": 1.610184907913208
        },
        "tail": {
          "x": 0.5398660898208618,
          "y": -0.3421497941017151,
          "z": 1.5889458656311035
        },
        "rotation_quaternion": {
          "w": 0.27336668968200684,
          "x": -0.5383110642433167,
          "y": 0.21469461917877197,
          "z": -0.7677226662635803
        },
        "matrix": [
          [
            -0.2709839642047882,
            0.18859753012657166,
            0.9439271688461304,
            0.5334464907646179
          ],
          [
            -0.650884747505188,
            -0.7583538889884949,
            -0.035337239503860474,
            -0.3163365125656128
          ],
          [
            0.7091706991195679,
            -0.6239688396453857,
            0.3282591700553894,
            1.610184907913208
          ],
          [
            0.0,
            0.0,
            0.0,
            1.0
          ]
        ]
      },
      "bone_length_armature_space": 0.034038671260082996,
      "parent": "metacarpal_thumb_l",
      "has_children": true,
      "is_end_bone": false
    },
    "thumb_02_l": {
      "name": "thumb_02_l",
      "local": {
        "location": {
          "x": 0.0,
          "y": 0.0,
          "z": 0.0
        },
        "rotation_quaternion": {
          "w": 0.9881587028503418,
          "x": 0.15334326028823853,
          "y": 0.005145113915205002,
          "z": -0.00133802171330899
        },
        "scale": {
          "x": 1.0,
          "y": 1.0,
          "z": 1.0
        },
        "matrix_basis": [
          [
            0.9999434947967529,
            0.004222292453050613,
            0.009758025407791138,
            0.0
          ],
          [
            -0.0010664184810593724,
            0.9529681205749512,
            -0.30306872725486755,
            0.0
          ],
          [
            -0.010578731074929237,
            0.3030411899089813,
            0.9529187679290771,
            0.0
          ],
          [
            0.0,
            0.0,
            0.0,
            1.0
          ]
        ],
        "rotation_mode": "QUATERNION"
      },
      "armature_space": {
        "head": {
          "x": 0.539866030216217,
          "y": -0.4053937792778015,
          "z": 0.6390917897224426
        },
        "tail": {
          "x": 0.5603949427604675,
          "y": -0.4305315613746643,
          "z": 0.6627527475357056
        }
      },
      "world_space": {
        "head": {
          "x": 0.539866030216217,
          "y": -0.3421497941017151,
          "z": 1.5889458656311035
        },
        "tail": {
          "x": 0.5603949427604675,
          "y": -0.3672875761985779,
          "z": 1.6126067638397217
        },
        "rotation_quaternion": {
          "w": 0.2476106882095337,
          "x": -0.09457994252443314,
          "y": -0.3546161651611328,
          "z": -0.8966555595397949
        },
        "matrix": [
          [
            -0.859486997127533,
            0.5111222863197327,
            -0.006003633141517639,
            0.539866030216217
          ],
          [
            -0.3769647777080536,
            -0.625872015953064,
            0.6827751398086548,
            -0.3421497941017151
          ],
          [
            0.3452262878417969,
            0.5891030430793762,
            0.7306098937988281,
            1.5889458656311035
          ],
          [
            0.0,
            0.0,
            0.0,
            1.0
          ]
        ]
      },
      "bone_length_armature_space": 0.040164477417765694,
      "parent": "thumb_01_l",
      "has_children": true,
      "is_end_bone": false
    },
    "thumb_03_l": {
      "name": "thumb_03_l",
      "local": {
        "location": {
          "x": 0.0,
          "y": 0.0,
          "z": 0.0
        },
        "rotation_quaternion": {
          "w": 0.997936487197876,
          "x": 0.06407825648784637,
          "y": -6.690947338938713e-05,
          "z": -0.004091104958206415
        },
        "scale": {
          "x": 1.0,
          "y": 1.0,
          "z": 1.0
        },
        "matrix_basis": [
          [
            0.9999665021896362,
            0.008156751282513142,
            -0.0006578445318154991,
            0.0
          ],
          [
            -0.008173900656402111,
            0.9917544722557068,
            -0.12789151072502136,
            0.0
          ],
          [
            -0.000390758941648528,
            0.1278926134109497,
            0.9917879700660706,
            0.0
          ],
          [
            0.0,
            0.0,
            0.0,
            1.0
          ]
        ],
        "rotation_mode": "QUATERNION"
      },
      "armature_space": {
        "head": {
          "x": 0.5603948831558228,
          "y": -0.4305315911769867,
          "z": 0.6627526879310608
        },
        "tail": {
          "x": 0.5773171186447144,
          "y": -0.43893471360206604,
          "z": 0.6866257786750793
        }
      },
      "world_space": {
        "head": {
          "x": 0.5603948831558228,
          "y": -0.3672875761985779,
          "z": 1.6126067638397217
        },
        "tail": {
          "x": 0.5773171186447144,
          "y": -0.3756906986236572,
          "z": 1.6364798545837402
        },
        "rotation_quaternion": {
          "w": 0.40374428033828735,
          "x": 0.09481686353683472,
          "y": -0.4460766613483429,
          "z": -0.7931052446365356
        },
        "matrix": [
          [
            -0.655998945236206,
            0.5558323860168457,
            -0.510603129863739,
            0.5603948831558228
          ],
          [
            -0.7250162363052368,
            -0.27601099014282227,
            0.6310067772865295,
            -0.3672875761985779
          ],
          [
            0.2098028063774109,
            0.7841406464576721,
            0.5840553641319275,
            1.6126067638397217
          ],
          [
            0.0,
            0.0,
            0.0,
            1.0
          ]
        ]
      },
      "bone_length_armature_space": 0.030445015829145345,
      "parent": "thumb_02_l",
      "has_children": false,
      "is_end_bone": true
    },
    "metacarpal_index_l": {
      "name": "metacarpal_index_l",
      "local": {
        "location": {
          "x": 0.0,
          "y": 0.0,
          "z": 0.0
        },
        "rotation_quaternion": {
          "w": 0.9994996786117554,
          "x": -0.026757260784506798,
          "y": 0.01641511544585228,
          "z": -0.003869392676278949
        },
        "scale": {
          "x": 1.0,
          "y": 1.0,
          "z": 1.0
        },
        "matrix_basis": [
          [
            0.9994311332702637,
            0.006856466643512249,
            0.03302087262272835,
            0.0
          ],
          [
            -0.008613360114395618,
            0.9985381364822388,
            0.053360715508461,
            0.0
          ],
          [
            -0.032606735825538635,
            -0.0536147803068161,
            0.9980291724205017,
            0.0
          ],
          [
            0.0,
            0.0,
            0.0,
            1.0
          ]
        ],
        "rotation_mode": "QUATERNION"
      },
      "armature_space": {
        "head": {
          "x": 0.5380528569221497,
          "y": -0.33067989349365234,
          "z": 0.6539202928543091
        },
        "tail": {
          "x": 0.5646427273750305,
          "y": -0.43835753202438354,
          "z": 0.6917057037353516
        }
      },
      "world_space": {
        "head": {
          "x": 0.5380528569221497,
          "y": -0.2674359083175659,
          "z": 1.6037743091583252
        },
        "tail": {
          "x": 0.5646427273750305,
          "y": -0.3751135468482971,
          "z": 1.6415597200393677
        },
        "rotation_quaternion": {
          "w": 0.17682203650474548,
          "x": 0.9730518460273743,
          "y": 0.09616386890411377,
          "z": -0.11250191926956177
        },
        "matrix": [
          [
            0.9561916589736938,
            0.22693055868148804,
            -0.18493227660655975,
            0.5380528569221497
          ],
          [
            0.14735935628414154,
            -0.9189729690551758,
            -0.36575180292129517,
            -0.2674359083175659
          ],
          [
            -0.2529497742652893,
            0.32247865200042725,
            -0.9121612906455994,
            1.6037743091583252
          ],
          [
            0.0,
            0.0,
            0.0,
            1.0
          ]
        ]
      },
      "bone_length_armature_space": 0.11717180504601589,
      "parent": "lowerarm_l",
      "has_children": true,
      "is_end_bone": false
    },
    "index_01_l": {
      "name": "index_01_l",
      "local": {
        "location": {
          "x": 0.0,
          "y": 0.0,
          "z": 0.0
        },
        "rotation_quaternion": {
          "w": 0.9987993240356445,
          "x": -0.04579860344529152,
          "y": -0.014999261125922203,
          "z": 0.008806530386209488
        },
        "scale": {
          "x": 1.0,
          "y": 1.0,
          "z": 1.0
        },
        "matrix_basis": [
          [
            0.999394953250885,
            -0.016218023374676704,
            -0.03076915815472603,
            0.0
          ],
          [
            0.01896580308675766,
            0.9956498742103577,
            0.09122304618358612,
            0.0
          ],
          [
            0.029155850410461426,
            -0.09175141155719757,
            0.9953550100326538,
            0.0
          ],
          [
            0.0,
            0.0,
            0.0,
            1.0
          ]
        ],
        "rotation_mode": "QUATERNION"
      },
      "armature_space": {
        "head": {
          "x": 0.5646427273750305,
          "y": -0.43835753202438354,
          "z": 0.6917057037353516
        },
        "tail": {
          "x": 0.5805569291114807,
          "y": -0.4587818682193756,
          "z": 0.7036495208740234
        }
      },
      "world_space": {
        "head": {
          "x": 0.5646427273750305,
          "y": -0.3751135468482971,
          "z": 1.6415597200393677
        },
        "tail": {
          "x": 0.5805569291114807,
          "y": -0.3955378532409668,
          "z": 1.6535035371780396
        },
        "rotation_quaternion": {
          "w": 0.2626473903656006,
          "x": 0.9187980890274048,
          "y": 0.2699533998966217,
          "z": -0.11811763793230057
        },
        "matrix": [
          [
            0.8263468146324158,
            0.5581120848655701,
            -0.07524632662534714,
            0.5646427273750305
          ],
          [
            0.4340193569660187,
            -0.7162827253341675,
            -0.5464127063751221,
            -0.3751135468482971
          ],
          [
            -0.3588593304157257,
            0.41887015104293823,
            -0.8341355323791504,
            1.6415597200393677
          ],
          [
            0.0,
            0.0,
            0.0,
            1.0
          ]
        ]
      },
      "bone_length_armature_space": 0.02851438387976983,
      "parent": "metacarpal_index_l",
      "has_children": true,
      "is_end_bone": false
    },
    "index_02_l": {
      "name": "index_02_l",
      "local": {
        "location": {
          "x": 0.0,
          "y": 0.0,
          "z": 0.0
        },
        "rotation_quaternion": {
          "w": 0.9774518013000488,
          "x": 0.21098732948303223,
          "y": -0.008348523639142513,
          "z": 0.0016945523675531149
        },
        "scale": {
          "x": 1.0,
          "y": 1.0,
          "z": 1.0
        },
        "matrix_basis": [
          [
            0.9998548626899719,
            -0.006835551932454109,
            -0.015605500899255276,
            0.0
          ],
          [
            -0.0002101788850268349,
            0.9109629392623901,
            -0.41248819231987,
            0.0
          ],
          [
            0.01703561656177044,
            0.41243159770965576,
            0.9108293056488037,
            0.0
          ],
          [
            0.0,
            0.0,
            0.0,
            1.0
          ]
        ],
        "rotation_mode": "QUATERNION"
      },
      "armature_space": {
        "head": {
          "x": 0.5805569887161255,
          "y": -0.458782434463501,
          "z": 0.7036495208740234
        },
        "tail": {
          "x": 0.5929605960845947,
          "y": -0.481159508228302,
          "z": 0.7055222988128662
        }
      },
      "world_space": {
        "head": {
          "x": 0.5805569887161255,
          "y": -0.39553844928741455,
          "z": 1.6535035371780396
        },
        "tail": {
          "x": 0.5929605960845947,
          "y": -0.4179155230522156,
          "z": 1.6553763151168823
        },
        "rotation_quaternion": {
          "w": 0.09091394394636154,
          "x": 0.9446093440055847,
          "y": 0.2357751727104187,
          "z": -0.20942281186580658
        },
        "matrix": [
          [
            0.8011043071746826,
            0.48351022601127625,
            -0.3527746796607971,
            0.5805569887161255
          ],
          [
            0.40735214948654175,
            -0.8722894191741943,
            -0.27051079273223877,
            -0.39553844928741455
          ],
          [
            -0.4385190010070801,
            0.07300347089767456,
            -0.8957599997520447,
            1.6535035371780396
          ],
          [
            0.0,
            0.0,
            0.0,
            1.0
          ]
        ]
      },
      "bone_length_armature_space": 0.025653268921198548,
      "parent": "index_01_l",
      "has_children": true,
      "is_end_bone": false
    },
    "index_03_l": {
      "name": "index_03_l",
      "local": {
        "location": {
          "x": 0.0,
          "y": 0.0,
          "z": 0.0
        },
        "rotation_quaternion": {
          "w": 0.978297233581543,
          "x": 0.2071658968925476,
          "y": 0.0029713683761656284,
          "z": 0.002834061160683632
        },
        "scale": {
          "x": 1.0,
          "y": 1.0,
          "z": 1.0
        },
        "matrix_basis": [
          [
            0.9999662637710571,
            -0.004313976038247347,
            0.00698800478130579,
            0.0
          ],
          [
            0.0067762406542897224,
            0.9141485095024109,
            -0.4053228199481964,
            0.0
          ],
          [
            -0.004639521241188049,
            0.4053564965724945,
            0.914146900177002,
            0.0
          ],
          [
            0.0,
            0.0,
            0.0,
            1.0
          ]
        ],
        "rotation_mode": "QUATERNION"
      },
      "armature_space": {
        "head": {
          "x": 0.5929606556892395,
          "y": -0.4811594784259796,
          "z": 0.7055224180221558
        },
        "tail": {
          "x": 0.6027312278747559,
          "y": -0.5058677792549133,
          "z": 0.693366289138794
        }
      },
      "world_space": {
        "head": {
          "x": 0.5929606556892395,
          "y": -0.4179154634475708,
          "z": 1.6553764343261719
        },
        "tail": {
          "x": 0.6027312278747559,
          "y": -0.4426237940788269,
          "z": 1.64322030544281
        },
        "rotation_quaternion": {
          "w": 0.16644567251205444,
          "x": -0.9304426312446594,
          "y": -0.22243978083133698,
          "z": 0.23894116282463074
        },
        "matrix": [
          [
            0.786855161190033,
            0.3343941569328308,
            -0.5186904072761536,
            0.5929606556892395
          ],
          [
            0.4934767484664917,
            -0.8456332683563232,
            0.20343509316444397,
            -0.4179154634475708
          ],
          [
            -0.3705964982509613,
            -0.4160391688346863,
            -0.8304118514060974,
            1.6553764343261719
          ],
          [
            0.0,
            0.0,
            0.0,
            1.0
          ]
        ]
      },
      "bone_length_armature_space": 0.02921875519687911,
      "parent": "index_02_l",
      "has_children": false,
      "is_end_bone": true
    },
    "metacarpal_pinky_l": {
      "name": "metacarpal_pinky_l",
      "local": {
        "location": {
          "x": 0.0,
          "y": 0.0,
          "z": 0.0
        },
        "rotation_quaternion": {
          "w": 0.9998282194137573,
          "x": -0.013079077005386353,
          "y": 0.013009722344577312,
          "z": -0.0018058102577924728
        },
        "scale": {
          "x": 1.0,
          "y": 1.0,
          "z": 1.0
        },
        "matrix_basis": [
          [
            0.9996549487113953,
            0.0032706898637115955,
            0.026062211021780968,
            0.0
          ],
          [
            -0.003951310645788908,
            0.9996513724327087,
            0.02610667422413826,
            0.0
          ],
          [
            -0.025967737659811974,
            -0.02620064653456211,
            0.9993193745613098,
            0.0
          ],
          [
            0.0,
            0.0,
            0.0,
            1.0
          ]
        ],
        "rotation_mode": "QUATERNION"
      },
      "armature_space": {
        "head": {
          "x": 0.5380528569221497,
          "y": -0.33067989349365234,
          "z": 0.6539202928543091
        },
        "tail": {
          "x": 0.6102628111839294,
          "y": -0.3921419084072113,
          "z": 0.6969480514526367
        }
      },
      "world_space": {
        "head": {
          "x": 0.5380528569221497,
          "y": -0.2674359083175659,
          "z": 1.6037743091583252
        },
        "tail": {
          "x": 0.6102628111839294,
          "y": -0.3288978934288025,
          "z": 1.6468020677566528
        },
        "rotation_quaternion": {
          "w": 0.4381673038005829,
          "x": 0.24971437454223633,
          "y": -0.11353404819965363,
          "z": -0.8560153841972351
        },
        "matrix": [
          [
            -0.49130359292030334,
            0.6934544444084167,
            -0.5270119905471802,
            0.5380528569221497
          ],
          [
            -0.806858479976654,
            -0.5902386903762817,
            -0.024460865184664726,
            -0.2674359083175659
          ],
          [
            -0.32802820205688477,
            0.41320863366127014,
            0.8495118021965027,
            1.6037743091583252
          ],
          [
            0.0,
            0.0,
            0.0,
            1.0
          ]
        ]
      },
      "bone_length_armature_space": 0.10413090245892541,
      "parent": "lowerarm_l",
      "has_children": true,
      "is_end_bone": false
    },
    "pinky_01_l": {
      "name": "pinky_01_l",
      "local": {
        "location": {
          "x": 0.0,
          "y": 0.0,
          "z": 0.0
        },
        "rotation_quaternion": {
          "w": 0.9997401237487793,
          "x": 0.01792553812265396,
          "y": -0.010684040375053883,
          "z": -0.009185693226754665
        },
        "scale": {
          "x": 1.0,
          "y": 1.0,
          "z": 1.0
        },
        "matrix_basis": [
          [
            0.9996029734611511,
            0.017983578145503998,
            -0.02169184386730194,
            0.0
          ],
          [
            -0.018749646842479706,
            0.9991886019706726,
            -0.03564547747373581,
            0.0
          ],
          [
            0.021033210679888725,
            0.03603804111480713,
            0.999129056930542,
            0.0
          ],
          [
            0.0,
            0.0,
            0.0,
            1.0
          ]
        ],
        "rotation_mode": "QUATERNION"
      },
      "armature_space": {
        "head": {
          "x": 0.6102628111839294,
          "y": -0.3921419084072113,
          "z": 0.6969480514526367
        },
        "tail": {
