{
  "metadata": {
    "armature_name": "KIM_caucasian_male",
    "export_time": "2026-01-13T21:05:20.668220",
    "blender_version": "4.4.1",
    "bone_count": 56,
    "end_bone_count": 13,
    "spaces_included": [
      "LOCAL_CHANNELS",
      "ARMATURE_SPACE",
      "WORLD_SPACE"
    ],
    "note": "LOCAL matches Transform panel; replay pose via local.matrix_basis for best fidelity."
  },
  "bones": {
    "Root": {
      "name": "Root",
      "local": {
        "location": {
          "x": 0.0,
          "y": 0.0,
          "z": 0.0
        },
        "rotation_quaternion": {
          "w": 0.9998370409011841,
          "x": 0.008239081129431725,
          "y": -0.013285055756568909,
          "z": 0.009038702584803104
        },
        "scale": {
          "x": 1.0,
          "y": 1.0,
          "z": 1.0
        },
        "matrix_basis": [
          [
            0.9994836449623108,
            -0.01829337328672409,
            -0.02641684003174305,
            0.0
          ],
          [
            0.01785554550588131,
            0.9997008442878723,
            -0.01671563647687435,
            0.0
          ],
          [
            0.02671472355723381,
            0.016235318034887314,
            0.9995112419128418,
            0.0
          ],
          [
            0.0,
            0.0,
            0.0,
            1.0
          ]
        ],
        "rotation_mode": "QUATERNION"
      },
      "armature_space": {
        "head": {
          "x": 0.0,
          "y": 0.07072800397872925,
          "z": -0.009595036506652832
        },
        "tail": {
          "x": -0.001305705402046442,
          "y": -0.00013461709022521973,
          "z": -0.0011511705815792084
        }
      },
      "world_space": {
        "head": {
          "x": 0.0,
          "y": 0.13397200405597687,
          "z": 0.9402589797973633
        },
        "tail": {
          "x": -0.001305705402046442,
          "y": 0.0631093829870224,
          "z": 0.948702871799469
        },
        "rotation_quaternion": {
          "w": 0.05913630872964859,
          "x": 0.9981206059455872,
          "y": -0.009913154877722263,
          "z": -0.012645957060158253
        },
        "matrix": [
          [
            0.9994836449623108,
            -0.01829337328672409,
            -0.02641684003174305,
            0.0
          ],
          [
            -0.02128472551703453,
            -0.9928092360496521,
            -0.11780008673667908,
            0.13397200405597687
          ],
          [
            -0.024072110652923584,
            0.1183014065027237,
            -0.9926929473876953,
            0.9402589797973633
          ],
          [
            0.0,
            0.0,
            0.0,
            1.0
          ]
        ]
      },
      "bone_length_armature_space": 0.07137587020435127,
      "parent": null,
      "has_children": true,
      "is_end_bone": false
    },
    "spine_01": {
      "name": "spine_01",
      "local": {
        "location": {
          "x": 0.0,
          "y": 0.0,
          "z": 0.0
        },
        "rotation_quaternion": {
          "w": 0.9975345134735107,
          "x": -0.02136325091123581,
          "y": 0.02789430320262909,
          "z": 0.06074976548552513
        },
        "scale": {
          "x": 1.0,
          "y": 1.0,
          "z": 1.0
        },
        "matrix_basis": [
          [
            0.9910627603530884,
            -0.12239180505275726,
            0.05305543541908264,
            0.0
          ],
          [
            0.12000814825296402,
            0.991706132888794,
            0.04601030424237251,
            0.0
          ],
          [
            -0.058246687054634094,
            -0.03923201560974121,
            0.9975310564041138,
            0.0
          ],
          [
            0.0,
            0.0,
            0.0,
            1.0
          ]
        ],
        "rotation_mode": "QUATERNION"
      },
      "armature_space": {
        "head": {
          "x": -0.001305705402046442,
          "y": -0.00013461709022521973,
          "z": -0.0011511705815792084
        },
        "tail": {
          "x": -0.048652686178684235,
          "y": 0.0347910039126873,
          "z": 0.4832938611507416
        }
      },
      "world_space": {
        "head": {
          "x": -0.001305705402046442,
          "y": 0.0631093829870224,
          "z": 0.948702871799469
        },
        "tail": {
          "x": -0.048652686178684235,
          "y": 0.09803500771522522,
          "z": 1.43314790725708
        },
        "rotation_quaternion": {
          "w": 0.7316797375679016,
          "x": 0.6797066926956177,
          "y": -0.02071080170571804,
          "z": 0.047061383724212646
        },
        "matrix": [
          [
            0.9947125315666199,
            -0.09702225774526596,
            0.03366914391517639,
            -0.001305705402046442
          ],
          [
            0.040713854134082794,
            0.07156871259212494,
            -0.9966045022010803,
            0.0631093829870224
          ],
          [
            0.09428384155035019,
            0.9927127361297607,
            0.07514004409313202,
            0.948702871799469
          ],
          [
            0.0,
            0.0,
            0.0,
            1.0
          ]
        ]
      },
      "bone_length_armature_space": 0.4880046323205291,
      "parent": "Root",
      "has_children": true,
      "is_end_bone": false
    },
    "neck_01": {
      "name": "neck_01",
      "local": {
        "location": {
          "x": 0.0,
          "y": 0.0,
          "z": 0.0
        },
        "rotation_quaternion": {
          "w": 0.9961491227149963,
          "x": -0.06432338058948517,
          "y": -0.03711206093430519,
          "z": 0.04660608619451523
        },
        "scale": {
          "x": 1.0,
          "y": 1.0,
          "z": 1.0
        },
        "matrix_basis": [
          [
            0.9929011464118958,
            -0.08807887881994247,
            -0.0799340158700943,
            0.0
          ],
          [
            0.09762757271528244,
            0.9873807430267334,
            0.12469206005334854,
            0.0
          ],
          [
            0.06794257462024689,
            -0.13161064684391022,
            0.9889703989028931,
            0.0
          ],
          [
            0.0,
            0.0,
            0.0,
            1.0
          ]
        ],
        "rotation_mode": "QUATERNION"
      },
      "armature_space": {
        "head": {
          "x": -0.05458884686231613,
          "y": 0.005468469113111496,
          "z": 0.5585846304893494
        },
        "tail": {
          "x": -0.07225649058818817,
          "y": -0.013701826333999634,
          "z": 0.657736599445343
        }
      },
      "world_space": {
        "head": {
          "x": -0.05458884686231613,
          "y": 0.06871247291564941,
          "z": 1.5084385871887207
        },
        "tail": {
          "x": -0.07225649058818817,
          "y": 0.049542173743247986,
          "z": 1.607590675354004
        },
        "rotation_quaternion": {
          "w": 0.6332345604896545,
          "x": 0.7690204977989197,
          "y": -0.07429429143667221,
          "z": 0.04584683105349541
        },
        "matrix": [
          [
            0.9847568273544312,
            -0.17233137786388397,
            -0.02357814460992813,
            -0.05458884686231613
          ],
          [
            -0.056205056607723236,
            -0.18698835372924805,
            -0.9807531833648682,
            0.06871247291564941
          ],
          [
            0.16460676491260529,
            0.967134952545166,
            -0.19382619857788086,
            1.5084385871887207
          ],
          [
            0.0,
            0.0,
            0.0,
            1.0
          ]
        ]
      },
      "bone_length_armature_space": 0.10252199116015992,
      "parent": "spine_01",
      "has_children": true,
      "is_end_bone": false
    },
    "head": {
      "name": "head",
      "local": {
        "location": {
          "x": 0.0,
          "y": 0.0,
          "z": 0.0
        },
        "rotation_quaternion": {
          "w": 0.9771689176559448,
          "x": 0.10304378718137741,
          "y": 0.12546256184577942,
          "z": 0.137047678232193
        },
        "scale": {
          "x": 1.0,
          "y": 1.0,
          "z": 1.0
        },
        "matrix_basis": [
          [
            0.9309541583061218,
            -0.24198119342327118,
            0.27344006299972534,
            0.0
          ],
          [
            0.29369375109672546,
            0.9411998391151428,
            -0.1669936627149582,
            0.0
          ],
          [
            -0.21695241332054138,
            0.2357710748910904,
            0.9472822546958923,
            0.0
          ],
          [
            0.0,
            0.0,
            0.0,
            1.0
          ]
        ],
        "rotation_mode": "QUATERNION"
      },
      "armature_space": {
        "head": {
          "x": -0.07225648313760757,
          "y": -0.013701966032385826,
          "z": 0.6577364802360535
        },
        "tail": {
          "x": -0.13469091057777405,
          "y": -0.0210788045078516,
          "z": 0.7995136976242065
        }
      },
      "world_space": {
        "head": {
          "x": -0.07225648313760757,
          "y": 0.049542032182216644,
          "z": 1.6075904369354248
        },
        "tail": {
          "x": -0.13469091057777405,
          "y": 0.04216519743204117,
          "z": 1.7493677139282227
        },
        "rotation_quaternion": {
          "w": 0.686568021774292,
          "x": 0.6883832216262817,
          "y": -0.06958179175853729,
          "z": 0.22340866923332214
        },
        "matrix": [
          [
            0.8904933929443359,
            -0.40256839990615845,
            0.21203850209712982,
            -0.07225648313760757
          ],
          [
            0.21097543835639954,
            -0.04756481945514679,
            -0.9763336777687073,
            0.049542032182216644
          ],
          [
            0.40312954783439636,
            0.9141598343849182,
            0.04257524013519287,
            1.6075904369354248
          ],
          [
            0.0,
            0.0,
            0.0,
            1.0
          ]
        ]
      },
      "bone_length_armature_space": 0.15509111901698733,
      "parent": "neck_01",
      "has_children": false,
      "is_end_bone": true
    },
    "upperarm_l": {
      "name": "upperarm_l",
      "local": {
        "location": {
          "x": 0.0,
          "y": 0.0,
          "z": 0.0
        },
        "rotation_quaternion": {
          "w": 0.9699623584747314,
          "x": 0.18490302562713623,
          "y": -0.0466497577726841,
          "z": 0.15102235972881317
        },
        "scale": {
          "x": 1.0,
          "y": 1.0,
          "z": 1.0
        },
        "matrix_basis": [
          [
            0.950032114982605,
            -0.31022337079048157,
            -0.03464803472161293,
            0.0
          ],
          [
            0.27572065591812134,
            0.886006236076355,
            -0.3727882504463196,
            0.0
          ],
          [
            0.14634600281715393,
            0.3446076512336731,
            0.9272693395614624,
            0.0
          ],
          [
            0.0,
            0.0,
            0.0,
            1.0
          ]
        ],
        "rotation_mode": "QUATERNION"
      },
      "armature_space": {
        "head": {
          "x": 0.10124607384204865,
          "y": 0.003587275743484497,
          "z": 0.5062488317489624
        },
        "tail": {
          "x": 0.3381388783454895,
          "y": -0.06577640026807785,
          "z": 0.6105476021766663
        }
      },
      "world_space": {
        "head": {
          "x": 0.10124607384204865,
          "y": 0.06683127582073212,
          "z": 1.4561028480529785
        },
        "tail": {
          "x": 0.3381388783454895,
          "y": -0.0025324001908302307,
          "z": 1.5604016780853271
        },
        "rotation_quaternion": {
          "w": 0.5372979640960693,
          "x": 0.6234852075576782,
          "y": 0.28615641593933105,
          "z": -0.4906032383441925
        },
        "matrix": [
          [
            0.35484519600868225,
            0.8840292692184448,
            -0.3042649030685425,
            0.10124607384204865
          ],
          [
            -0.17037492990493774,
            -0.25884920358657837,
            -0.9507732391357422,
            0.06683127582073212
          ],
          [
            -0.9192765951156616,
            0.38921883702278137,
            0.05876457691192627,
            1.4561028480529785
          ],
          [
            0.0,
            0.0,
            0.0,
            1.0
          ]
        ]
      },
      "bone_length_armature_space": 0.2679696890061055,
      "parent": "spine_01",
      "has_children": true,
      "is_end_bone": false
    },
    "lowerarm_l": {
      "name": "lowerarm_l",
      "local": {
        "location": {
          "x": 0.0,
          "y": 0.0,
          "z": 0.0
        },
        "rotation_quaternion": {
          "w": 0.8951536417007446,
          "x": 0.4250592589378357,
          "y": -0.05096137151122093,
          "z": 0.12420757114887238
        },
        "scale": {
          "x": 1.0,
          "y": 1.0,
          "z": 1.0
        },
        "matrix_basis": [
          [
            0.9639508128166199,
            -0.26569291949272156,
            0.014354641549289227,
            0.0
          ],
          [
            0.17904651165008545,
            0.6077942252159119,
            -0.7736462354660034,
            0.0
          ],
          [
            0.19682766497135162,
            0.7483271360397339,
            0.6334551572799683,
            0.0
          ],
          [
            0.0,
            0.0,
            0.0,
            1.0
          ]
        ],
        "rotation_mode": "QUATERNION"
      },
      "armature_space": {
        "head": {
          "x": 0.3381389081478119,
          "y": -0.06577644497156143,
          "z": 0.6105477213859558
        },
        "tail": {
          "x": 0.35397160053253174,
          "y": -0.2766556739807129,
          "z": 0.7744042277336121
        }
      },
      "world_space": {
        "head": {
          "x": 0.3381389081478119,
          "y": -0.0025324448943138123,
          "z": 1.5604016780853271
        },
        "tail": {
          "x": 0.35397160053253174,
          "y": -0.21341167390346527,
          "z": 1.7242581844329834
        },
        "rotation_quaternion": {
          "w": 0.2864344120025635,
          "x": 0.7854123115539551,
          "y": -0.15435290336608887,
          "z": -0.5265528559684753
        },
        "matrix": [
          [
            0.39783522486686707,
            0.059182167053222656,
            -0.9155459403991699,
            0.3381389081478119
          ],
          [
            -0.5441074371337891,
            -0.7882614135742188,
            -0.2873871922492981,
            -0.0025324448943138123
          ],
          [
            -0.7387033700942993,
            0.6124916076660156,
            -0.28139880299568176,
            1.5604016780853271
          ],
          [
            0.0,
            0.0,
            0.0,
            1.0
          ]
        ]
      },
      "bone_length_armature_space": 0.2675251060927991,
      "parent": "upperarm_l",
      "has_children": true,
      "is_end_bone": false
    },
    "metacarpal_thumb_l": {
      "name": "metacarpal_thumb_l",
      "local": {
        "location": {
          "x": 0.0,
          "y": 0.0,
          "z": 0.0
        },
        "rotation_quaternion": {
          "w": 0.9999621510505676,
          "x": 0.0016962159425020218,
          "y": 0.006960221566259861,
          "z": -0.0049357120878994465
        },
        "scale": {
          "x": 1.0,
          "y": 1.0,
          "z": 1.0
        },
        "matrix_basis": [
          [
            0.9998543858528137,
            0.009894662536680698,
            0.013903171755373478,
            0.0
          ],
          [
            -0.009847438894212246,
            0.9999455213546753,
            -0.003461010754108429,
            0.0
          ],
          [
            -0.013936660252511501,
            0.003323596203699708,
            0.9998973608016968,
            0.0
          ],
          [
            0.0,
            0.0,
            0.0,
            1.0
          ]
        ],
        "rotation_mode": "QUATERNION"
      },
      "armature_space": {
        "head": {
          "x": 0.35397160053253174,
          "y": -0.2766556739807129,
          "z": 0.7744042277336121
        },
        "tail": {
          "x": 0.33367615938186646,
          "y": -0.32090190052986145,
          "z": 0.7835667133331299
        }
      },
      "world_space": {
        "head": {
          "x": 0.35397160053253174,
          "y": -0.21341167390346527,
          "z": 1.7242581844329834
        },
        "tail": {
          "x": 0.33367615938186646,
          "y": -0.25765788555145264,
          "z": 1.733420729637146
        },
        "rotation_quaternion": {
          "w": 0.14835362136363983,
          "x": 0.9368512630462646,
          "y": -0.17709672451019287,
          "z": 0.2625601887702942
        },
        "matrix": [
          [
            0.7993977069854736,
            -0.40973034501075745,
            0.43941324949264526,
            0.35397160053253174
          ],
          [
            -0.2539231479167938,
            -0.8932556509971619,
            -0.3709683120250702,
            -0.21341167390346527
          ],
          [
            0.5445089340209961,
            0.18497447669506073,
            -0.8181126713752747,
            1.7242581844329834
          ],
          [
            0.0,
            0.0,
            0.0,
            1.0
          ]
        ]
      },
      "bone_length_armature_space": 0.049533671473164856,
      "parent": "lowerarm_l",
      "has_children": true,
      "is_end_bone": false
    },
    "thumb_01_l": {
      "name": "thumb_01_l",
      "local": {
        "location": {
          "x": 0.0,
          "y": 0.0,
          "z": 0.0
        },
        "rotation_quaternion": {
          "w": 0.9876359701156616,
          "x": 0.1564832329750061,
          "y": 0.007311150431632996,
          "z": -0.005900599993765354
        },
        "scale": {
          "x": 1.0,
          "y": 1.0,
          "z": 1.0
        },
        "matrix_basis": [
          [
            0.9998234510421753,
            0.013943434692919254,
            0.012594820000231266,
            0.0
          ],
          [
            -0.009367144666612148,
            0.9509563446044922,
            -0.3091832101345062,
            0.0
          ],
          [
            -0.01628820039331913,
            0.30901065468788147,
            0.9509190917015076,
            0.0
          ],
          [
            0.0,
            0.0,
            0.0,
            1.0
          ]
        ],
        "rotation_mode": "QUATERNION"
      },
      "armature_space": {
        "head": {
          "x": 0.33367615938186646,
          "y": -0.32090190052986145,
          "z": 0.7835667133331299
        },
        "tail": {
          "x": 0.34043869376182556,
          "y": -0.3518732190132141,
          "z": 0.7711702585220337
        }
      },
      "world_space": {
        "head": {
          "x": 0.33367615938186646,
          "y": -0.25765788555145264,
          "z": 1.733420729637146
        },
        "tail": {
          "x": 0.34043869376182556,
          "y": -0.2886292338371277,
          "z": 1.7210242748260498
        },
        "rotation_quaternion": {
          "w": 0.16976416110992432,
          "x": -0.4051816165447235,
          "y": 0.1274193823337555,
          "z": -0.8892538547515869
        },
        "matrix": [
          [
            -0.6140156984329224,
            0.19867223501205444,
            0.763880729675293,
            0.33367615938186646
          ],
          [
            -0.4051828384399414,
            -0.9098891019821167,
            -0.08904415369033813,
            -0.25765788555145264
          ],
          [
            0.677360475063324,
            -0.3641892671585083,
            0.6391892433166504,
            1.733420729637146
          ],
          [
            0.0,
            0.0,
            0.0,
            1.0
          ]
        ]
      },
      "bone_length_armature_space": 0.03403860339260286,
      "parent": "metacarpal_thumb_l",
      "has_children": true,
      "is_end_bone": false
    },
    "thumb_02_l": {
      "name": "thumb_02_l",
      "local": {
        "location": {
          "x": 0.0,
          "y": 0.0,
          "z": 0.0
        },
        "rotation_quaternion": {
          "w": 0.9298399686813354,
          "x": 0.36795058846473694,
          "y": -0.0020571660716086626,
          "z": 0.0024039254058152437
        },
        "scale": {
          "x": 1.0,
          "y": 1.0,
          "z": 1.0
        },
        "matrix_basis": [
          [
            0.9999799728393555,
            -0.0059844027273356915,
            -0.002056618919596076,
            0.0
          ],
          [
            0.002956660930067301,
            0.7292131781578064,
            -0.6842802166938782,
            0.0
          ],
          [
            0.005594721995294094,
            0.6842604279518127,
            0.7292162775993347,
            0.0
          ],
          [
            0.0,
            0.0,
            0.0,
            1.0
          ]
        ],
        "rotation_mode": "QUATERNION"
      },
      "armature_space": {
        "head": {
          "x": 0.3404386639595032,
          "y": -0.3518731892108917,
          "z": 0.7711701989173889
        },
        "tail": {
          "x": 0.34512394666671753,
          "y": -0.3563309907913208,
          "z": 0.8108108043670654
        }
      },
      "world_space": {
        "head": {
          "x": 0.3404386639595032,
          "y": -0.2886291742324829,
          "z": 1.7210242748260498
        },
        "tail": {
          "x": 0.34512394666671753,
          "y": -0.2930870056152344,
          "z": 1.7606648206710815
        },
        "rotation_quaternion": {
          "w": 0.08653922379016876,
          "x": 0.009330134838819504,
          "y": -0.6610720753669739,
          "z": -0.7452568411827087
        },
        "matrix": [
          [
            -0.9848475456237793,
            0.11665229499340057,
            -0.1283247023820877,
            0.3404386639595032
          ],
          [
            -0.1413242220878601,
            -0.11098909378051758,
            0.9837220311164856,
            -0.2886291742324829
          ],
          [
            0.10051127523183823,
            0.9869584441184998,
            0.12579485774040222,
            1.7210242748260498
          ],
          [
            0.0,
            0.0,
            0.0,
            1.0
          ]
        ]
      },
      "bone_length_armature_space": 0.04016467965310533,
      "parent": "thumb_01_l",
      "has_children": true,
      "is_end_bone": false
    },
    "thumb_03_l": {
      "name": "thumb_03_l",
      "local": {
        "location": {
          "x": 0.0,
          "y": 0.0,
          "z": 0.0
        },
        "rotation_quaternion": {
          "w": 0.984974205493927,
          "x": 0.17267675697803497,
          "y": 0.0028211576864123344,
          "z": -0.0008249039528891444
        },
        "scale": {
          "x": 1.0,
          "y": 1.0,
          "z": 1.0
        },
        "matrix_basis": [
          [
            0.9999827146530151,
            0.002599315019324422,
            0.005272651556879282,
            0.0
          ],
          [
            -0.0006507214857265353,
            0.9403641223907471,
            -0.34016895294189453,
            0.0
          ],
          [
            -0.005842418409883976,
            0.34015965461730957,
            0.9403495788574219,
            0.0
          ],
          [
            0.0,
            0.0,
            0.0,
            1.0
          ]
        ],
        "rotation_mode": "QUATERNION"
      },
      "armature_space": {
        "head": {
          "x": 0.34512388706207275,
          "y": -0.3563310503959656,
          "z": 0.8108107447624207
        },
        "tail": {
          "x": 0.34640952944755554,
          "y": -0.34226182103157043,
          "z": 0.8377793431282043
        }
      },
      "world_space": {
        "head": {
          "x": 0.34512388706207275,
          "y": -0.29308706521987915,
          "z": 1.760664701461792
        },
        "tail": {
          "x": 0.34640952944755554,
          "y": -0.2790178060531616,
          "z": 1.7876334190368652
        },
        "rotation_quaternion": {
          "w": 0.26668471097946167,
          "x": 0.13810543715953827,
          "y": -0.8123666644096375,
          "z": -0.4998666048049927
        },
        "matrix": [
          [
            -0.8196125626564026,
            0.04222838580608368,
            -0.5713594555854797,
            0.34512388706207275
          ],
          [
            -0.4909973740577698,
            0.46212151646614075,
            0.7384887337684631,
            -0.29308706521987915
          ],
          [
            0.29522427916526794,
            0.8858171701431274,
            -0.35802850127220154,
            1.760664701461792
          ],
          [
            0.0,
            0.0,
            0.0,
            1.0
          ]
        ]
      },
      "bone_length_armature_space": 0.030445055332894752,
      "parent": "thumb_02_l",
      "has_children": false,
      "is_end_bone": true
    },
    "metacarpal_index_l": {
      "name": "metacarpal_index_l",
      "local": {
        "location": {
          "x": 0.0,
          "y": 0.0,
          "z": 0.0
        },
        "rotation_quaternion": {
          "w": 0.999751091003418,
          "x": 0.003727228380739689,
          "y": 0.01359324250370264,
          "z": 0.017300423234701157
        },
        "scale": {
          "x": 1.0,
          "y": 1.0,
          "z": 1.0
        },
        "matrix_basis": [
          [
            0.9990318417549133,
            -0.03449090197682381,
            0.027308683842420578,
            0.0
          ],
          [
            0.03469356521964073,
            0.9993736147880554,
            -0.006982263643294573,
            0.0
          ],
          [
            -0.027050752192735672,
            0.007922939024865627,
            0.9996026754379272,
            0.0
          ],
          [
            0.0,
            0.0,
            0.0,
            1.0
          ]
        ],
        "rotation_mode": "QUATERNION"
      },
      "armature_space": {
        "head": {
          "x": 0.35397160053253174,
          "y": -0.2766556739807129,
          "z": 0.7744042277336121
        },
        "tail": {
          "x": 0.3261421024799347,
          "y": -0.37723883986473083,
          "z": 0.8276751637458801
        }
      },
      "world_space": {
        "head": {
          "x": 0.35397160053253174,
          "y": -0.21341167390346527,
          "z": 1.7242581844329834
        },
        "tail": {
          "x": 0.3261421024799347,
          "y": -0.313994824886322,
          "z": 1.777529239654541
        },
        "rotation_quaternion": {
          "w": 0.22891080379486084,
          "x": 0.9625842571258545,
          "y": -0.13559961318969727,
          "z": -0.05142149701714516
        },
        "matrix": [
          [
            0.9579370021820068,
            -0.2375102937221527,
            -0.16107569634914398,
            0.35397160053253174
          ],
          [
            -0.28459417819976807,
            -0.8584251403808594,
            -0.4267467260360718,
            -0.21341167390346527
          ],
          [
            -0.03691532090306282,
            0.4546400308609009,
            -0.88991779088974,
            1.7242581844329834
          ],
          [
            0.0,
            0.0,
            0.0,
            1.0
          ]
        ]
      },
      "bone_length_armature_space": 0.11717186813603096,
      "parent": "lowerarm_l",
      "has_children": true,
      "is_end_bone": false
    },
    "index_01_l": {
      "name": "index_01_l",
      "local": {
        "location": {
          "x": 0.0,
          "y": 0.0,
          "z": 0.0
        },
        "rotation_quaternion": {
          "w": 0.970737874507904,
          "x": 0.23932762444019318,
          "y": -0.00924267340451479,
          "z": 0.017464637756347656
        },
        "scale": {
          "x": 1.0,
          "y": 1.0,
          "z": 1.0
        },
        "matrix_basis": [
          [
            0.9992191195487976,
            -0.038331225514411926,
            -0.009584886021912098,
            0.0
          ],
          [
            0.029483117163181305,
            0.8848345279693604,
            -0.4649716317653656,
            0.0
          ],
          [
            0.026303967460989952,
            0.4643259346485138,
            0.8852736949920654,
            0.0
          ],
          [
            0.0,
            0.0,
            0.0,
            1.0
          ]
        ],
        "rotation_mode": "QUATERNION"
      },
      "armature_space": {
        "head": {
          "x": 0.3261421024799347,
          "y": -0.37723883986473083,
          "z": 0.8276751637458801
        },
        "tail": {
          "x": 0.32657304406166077,
          "y": -0.40563517808914185,
          "z": 0.8302310109138489
        }
      },
      "world_space": {
        "head": {
          "x": 0.3261421024799347,
          "y": -0.313994824886322,
          "z": 1.777529239654541
        },
        "tail": {
          "x": 0.32657304406166077,
          "y": -0.3423911929130554,
          "z": 1.7800850868225098
        },
        "rotation_quaternion": {
          "w": 0.04537981376051903,
          "x": 0.9944170117378235,
          "y": 0.003254301380366087,
          "z": -0.09520990401506424
        },
        "matrix": [
          [
            0.9818488955497742,
            0.015113525092601776,
            -0.18906128406524658,
            0.3261421024799347
          ],
          [
            -0.0021689916029572487,
            -0.9958603382110596,
            -0.09087306261062622,
            -0.313994824886322
          ],
          [
            -0.1896534264087677,
            0.08963340520858765,
            -0.9777584075927734,
            1.777529239654541
          ],
          [
            0.0,
            0.0,
            0.0,
            1.0
          ]
        ]
      },
      "bone_length_armature_space": 0.028514383608903043,
      "parent": "metacarpal_index_l",
      "has_children": true,
      "is_end_bone": false
    },
    "index_02_l": {
      "name": "index_02_l",
      "local": {
        "location": {
          "x": 0.0,
          "y": 0.0,
          "z": 0.0
        },
        "rotation_quaternion": {
          "w": 0.9072397947311401,
          "x": 0.42055338621139526,
          "y": 0.006340406835079193,
          "z": -0.0032970071770250797
        },
        "scale": {
          "x": 1.0,
          "y": 1.0,
          "z": 1.0
        },
        "matrix_basis": [
          [
            0.999897837638855,
            0.011315311305224895,
            0.008731403388082981,
            0.0
          ],
          [
            -0.0006493931286968291,
            0.6462479829788208,
            -0.763127326965332,
            0.0
          ],
          [
            -0.01427767425775528,
            0.7630437016487122,
            0.646189272403717,
            0.0
          ],
          [
            0.0,
            0.0,
            0.0,
            1.0
          ]
        ],
        "rotation_mode": "QUATERNION"
      },
      "armature_space": {
        "head": {
          "x": 0.3265727758407593,
          "y": -0.4056355953216553,
          "z": 0.8302307724952698
        },
        "tail": {
          "x": 0.32279172539711,
          "y": -0.42455363273620605,
          "z": 0.8133220076560974
        }
      },
      "world_space": {
        "head": {
          "x": 0.3265727758407593,
          "y": -0.34239161014556885,
          "z": 1.7800848484039307
        },
        "tail": {
          "x": 0.32279172539711,
          "y": -0.36130964756011963,
          "z": 1.7631759643554688
        },
        "rotation_quaternion": {
          "w": 0.3607523441314697,
          "x": -0.9245490431785583,
          "y": 0.0336490273475647,
          "z": 0.11804508417844772
        },
        "matrix": [
          [
            0.9698662757873535,
            -0.14739041030406952,
            -0.19399839639663696,
            0.3265727758407593
          ],
          [
            0.02294919267296791,
            -0.7374515533447266,
            0.6750103831291199,
            -0.34239161014556885
          ],
          [
            -0.24255618453025818,
            -0.6591271162033081,
            -0.711851179599762,
            1.7800848484039307
          ],
          [
            0.0,
            0.0,
            0.0,
            1.0
          ]
        ]
      },
      "bone_length_armature_space": 0.02565335870668782,
      "parent": "index_01_l",
      "has_children": true,
      "is_end_bone": false
    },
    "index_03_l": {
      "name": "index_03_l",
      "local": {
        "location": {
          "x": 0.0,
          "y": 0.0,
          "z": 0.0
        },
        "rotation_quaternion": {
          "w": 0.9682552814483643,
          "x": 0.2499154955148697,
          "y": 0.00010763935279101133,
          "z": 0.004897940903902054
        },
        "scale": {
          "x": 1.0,
          "y": 1.0,
          "z": 1.0
        },
        "matrix_basis": [
          [
            0.9999520182609558,
            -0.009431112557649612,
            0.0026565873995423317,
            0.0
          ],
          [
            0.009538715705275536,
            0.8750365376472473,
            -0.4839629530906677,
            0.0
          ],
          [
            0.0022396978456526995,
            0.48396503925323486,
            0.8750844597816467,
            0.0
          ],
          [
            0.0,
            0.0,
            0.0,
            1.0
          ]
        ],
        "rotation_mode": "QUATERNION"
      },
      "armature_space": {
        "head": {
          "x": 0.32279172539711,
          "y": -0.4245537221431732,
          "z": 0.813322126865387
        },
        "tail": {
          "x": 0.31898555159568787,
          "y": -0.4312073588371277,
          "z": 0.7851266264915466
        }
      },
      "world_space": {
        "head": {
          "x": 0.32279172539711,
          "y": -0.3613097071647644,
          "z": 1.7631762027740479
        },
        "tail": {
          "x": 0.31898555159568787,
          "y": -0.36796337366104126,
          "z": 1.734980583190918
        },
        "rotation_quaternion": {
          "w": 0.6205641627311707,
          "x": -0.78084397315979,
          "y": 0.032266996800899506,
          "z": 0.06435644626617432
        },
        "matrix": [
          [
            0.9896341562271118,
            -0.13026556372642517,
            -0.06045636534690857,
            0.32279172539711
          ],
          [
            0.029482731595635414,
            -0.22771865129470825,
            0.9732807874679565,
            -0.3613097071647644
          ],
          [
            -0.14055301249027252,
            -0.964981198310852,
            -0.22151809930801392,
            1.7631762027740479
          ],
          [
            0.0,
            0.0,
            0.0,
            1.0
          ]
        ]
      },
      "bone_length_armature_space": 0.029218899750708276,
      "parent": "index_02_l",
      "has_children": false,
      "is_end_bone": true
    },
    "metacarpal_pinky_l": {
      "name": "metacarpal_pinky_l",
      "local": {
        "location": {
          "x": 0.0,
          "y": 0.0,
          "z": 0.0
        },
        "rotation_quaternion": {
          "w": 0.9994462132453918,
          "x": -0.02357277274131775,
          "y": -0.023483362048864365,
          "z": -0.00034733067150227726
        },
        "scale": {
          "x": 1.0,
          "y": 1.0,
          "z": 1.0
        },
        "matrix_basis": [
          [
            0.9988968372344971,
            0.0018014125525951385,
            -0.04692433774471283,
            0.0
          ],
          [
            0.00041285925544798374,
            0.9988884329795837,
            0.04713575169444084,
            0.0
          ],
          [
            0.04695709049701691,
            -0.04710312560200691,
            0.9977856874465942,
            0.0
          ],
          [
            0.0,
            0.0,
            0.0,
            1.0
          ]
        ],
        "rotation_mode": "QUATERNION"
      },
      "armature_space": {
        "head": {
          "x": 0.35397160053253174,
          "y": -0.2766556739807129,
          "z": 0.7744042277336121
        },
        "tail": {
          "x": 0.39183902740478516,
          "y": -0.3479953408241272,
          "z": 0.8401307463645935
        }
      },
      "world_space": {
        "head": {
          "x": 0.35397160053253174,
          "y": -0.21341167390346527,
          "z": 1.7242581844329834
        },
        "tail": {
          "x": 0.39183902740478516,
          "y": -0.28475135564804077,
          "z": 1.7899847030639648
        },
        "rotation_quaternion": {
          "w": 0.27673304080963135,
          "x": 0.2262805551290512,
          "y": -0.28437697887420654,
          "z": -0.8895761370658875
        },
        "matrix": [
          [
            -0.7444313764572144,
            0.363652765750885,
            -0.5599807500839233,
            0.35397160053253174
          ],
          [
            -0.6210489273071289,
            -0.6850970983505249,
            0.38071078062057495,
            -0.21341167390346527
          ],
          [
            -0.24519678950309753,
            0.631192147731781,
            0.7358593344688416,
            1.7242581844329834
          ],
          [
            0.0,
            0.0,
            0.0,
            1.0
          ]
        ]
      },
      "bone_length_armature_space": 0.10413100084032074,
      "parent": "lowerarm_l",
      "has_children": true,
      "is_end_bone": false
    },
    "pinky_01_l": {
      "name": "pinky_01_l",
      "local": {
        "location": {
          "x": 0.0,
          "y": 0.0,
          "z": 0.0
        },
        "rotation_quaternion": {
          "w": 0.9519500136375427,
          "x": 0.30602797865867615,
          "y": -0.003824206767603755,
          "z": -0.011122328229248524
        },
        "scale": {
          "x": 1.0,
          "y": 1.0,
          "z": 1.0
        },
        "matrix_basis": [
          [
            0.9997233152389526,
            0.018835172057151794,
            -0.014088395051658154,
            0.0
          ],
          [
            -0.023516429588198662,
            0.8124463558197021,
            -0.5825616121292114,
            0.0
          ],
          [
            0.00047342010657303035,
            0.5827317237854004,
            0.8126645088195801,
            0.0
          ],
          [
            0.0,
            0.0,
            0.0,
            1.0
          ]
        ],
        "rotation_mode": "QUATERNION"
      },
      "armature_space": {
        "head": {
          "x": 0.39183902740478516,
          "y": -0.3479953408241272,
          "z": 0.8401307463645935
