{
  "metadata": {
    "armature_name": "KIM_caucasian_male",
    "export_time": "2026-01-13T21:02:16.538764",
    "blender_version": "4.4.1",
    "bone_count": 56,
    "end_bone_count": 13,
    "spaces_included": [
      "LOCAL_CHANNELS",
      "ARMATURE_SPACE",
      "WORLD_SPACE"
    ],
    "note": "LOCAL matches Transform panel; replay pose via local.matrix_basis for best fidelity."
  },
  "bones": {
    "Root": {
      "name": "Root",
      "local": {
        "location": {
          "x": 0.0,
          "y": 0.0,
          "z": 0.0
        },
        "rotation_quaternion": {
          "w": 0.9996702075004578,
          "x": -0.017144352197647095,
          "y": -0.016260817646980286,
          "z": 0.010066235437989235
        },
        "scale": {
          "x": 1.0,
          "y": 1.0,
          "z": 1.0
        },
        "matrix_basis": [
          [
            0.9992685317993164,
            -0.019568268209695816,
            -0.03285606950521469,
            0.0
          ],
          [
            0.020683392882347107,
            0.999209463596344,
            0.03395002707839012,
            0.0
          ],
          [
            0.03216575086116791,
            -0.034604765474796295,
            0.9988833069801331,
            0.0
          ],
          [
            0.0,
            0.0,
            0.0,
            1.0
          ]
        ],
        "rotation_mode": "QUATERNION"
      },
      "armature_space": {
        "head": {
          "x": 0.0,
          "y": 0.07072800397872925,
          "z": -0.009595036506652832
        },
        "tail": {
          "x": -0.0013967021368443966,
          "y": 0.00038795173168182373,
          "z": 0.002439958043396473
        }
      },
      "world_space": {
        "head": {
          "x": 0.0,
          "y": 0.13397200405597687,
          "z": 0.9402589797973633
        },
        "tail": {
          "x": -0.0013967021368443966,
          "y": 0.06363195180892944,
          "z": 0.9522939920425415
        },
        "rotation_quaternion": {
          "w": 0.08445084095001221,
          "x": 0.9962441325187683,
          "y": -0.011138823814690113,
          "z": -0.015545736066997051
        },
        "matrix": [
          [
            0.9992685317993164,
            -0.019568268209695816,
            -0.03285606950521469,
            0.0
          ],
          [
            -0.024819685146212578,
            -0.9854878783226013,
            -0.16792145371437073,
            0.13397200405597687
          ],
          [
            -0.029093550518155098,
            0.16861432790756226,
            -0.9852597713470459,
            0.9402589797973633
          ],
          [
            0.0,
            0.0,
            0.0,
            1.0
          ]
        ]
      },
      "bone_length_armature_space": 0.07137586957440246,
      "parent": null,
      "has_children": true,
      "is_end_bone": false
    },
    "spine_01": {
      "name": "spine_01",
      "local": {
        "location": {
          "x": 0.0,
          "y": 0.0,
          "z": 0.0
        },
        "rotation_quaternion": {
          "w": 0.9947793483734131,
          "x": 0.06838713586330414,
          "y": -0.047169193625450134,
          "z": 0.059264760464429855
        },
        "scale": {
          "x": 1.0,
          "y": 1.0,
          "z": 1.0
        },
        "matrix_basis": [
          [
            0.9885255098342896,
            -0.12436225265264511,
            -0.08573998510837555,
            0.0
          ],
          [
            0.11145918816328049,
            0.9836217761039734,
            -0.14165116846561432,
            0.0
          ],
          [
            0.10195177048444748,
            0.13046927750110626,
            0.9861965179443359,
            0.0
          ],
          [
            0.0,
            0.0,
            0.0,
            1.0
          ]
        ],
        "rotation_mode": "QUATERNION"
      },
      "armature_space": {
        "head": {
          "x": -0.0013967021368443966,
          "y": 0.00038795173168182373,
          "z": 0.002439958043396473
        },
        "tail": {
          "x": -0.04858256131410599,
          "y": -0.0228700153529644,
          "z": 0.48760077357292175
        }
      },
      "world_space": {
        "head": {
          "x": -0.0013967021368443966,
          "y": 0.06363195180892944,
          "z": 0.9522939920425415
        },
        "tail": {
          "x": -0.04858256131410599,
          "y": 0.04037398472428322,
          "z": 1.4374548196792603
        },
        "rotation_quaternion": {
          "w": 0.6860858798027039,
          "x": 0.7237226963043213,
          "y": -0.07386595755815506,
          "z": -0.007451636716723442
        },
        "matrix": [
          [
            0.9889765381813049,
            -0.09669209271669388,
            -0.11214324831962585,
            -0.0013967021368443966
          ],
          [
            -0.1171424612402916,
            -0.047659650444984436,
            -0.9919708967208862,
            0.06363195180892944
          ],
          [
            0.0905715674161911,
            0.9941795468330383,
            -0.05846235901117325,
            0.9522939920425415
          ],
          [
            0.0,
            0.0,
            0.0,
            1.0
          ]
        ]
      },
      "bone_length_armature_space": 0.4880045702369188,
      "parent": "Root",
      "has_children": true,
      "is_end_bone": false
    },
    "neck_01": {
      "name": "neck_01",
      "local": {
        "location": {
          "x": 0.0,
          "y": 0.0,
          "z": 0.0
        },
        "rotation_quaternion": {
          "w": 0.998017430305481,
          "x": 0.02709774300456047,
          "y": 0.004552171099931002,
          "z": 0.05662362277507782
        },
        "scale": {
          "x": 1.0,
          "y": 1.0,
          "z": 1.0
        },
        "matrix_basis": [
          [
            0.9935460686683655,
            -0.112776018679142,
            0.012155037373304367,
            0.0
          ],
          [
            0.11326943337917328,
            0.9921189546585083,
            -0.05357252061367035,
            0.0
          ],
          [
            -0.006017547566443682,
            0.054603561758995056,
            0.9984899759292603,
            0.0
          ],
          [
            0.0,
            0.0,
            0.0,
            1.0
          ]
        ],
        "rotation_mode": "QUATERNION"
      },
      "armature_space": {
        "head": {
          "x": -0.059551388025283813,
          "y": -0.06076157093048096,
          "z": 0.5583655834197998
        },
        "tail": {
          "x": -0.0848001018166542,
          "y": -0.10723823308944702,
          "z": 0.6461901068687439
        }
      },
      "world_space": {
        "head": {
          "x": -0.059551388025283813,
          "y": 0.0024824291467666626,
          "z": 1.508219599723816
        },
        "tail": {
          "x": -0.0848001018166542,
          "y": -0.0439942330121994,
          "z": 1.5960440635681152
        },
        "rotation_quaternion": {
          "w": 0.5090039968490601,
          "x": 0.851399838924408,
          "y": -0.11935891956090927,
          "z": 0.04227191582322121
        },
        "matrix": [
          [
            0.967932939529419,
            -0.24627764523029327,
            -0.04952877759933472,
            -0.059551388025283813
          ],
          [
            -0.16021209955215454,
            -0.4533364474773407,
            -0.8768228888511658,
            0.0024824291467666626
          ],
          [
            0.1934898942708969,
            0.8566463589668274,
            -0.4782600998878479,
            1.508219599723816
          ],
          [
            0.0,
            0.0,
            0.0,
            1.0
          ]
        ]
      },
      "bone_length_armature_space": 0.10252182452310803,
      "parent": "spine_01",
      "has_children": true,
      "is_end_bone": false
    },
    "head": {
      "name": "head",
      "local": {
        "location": {
          "x": 0.0,
          "y": 0.0,
          "z": 0.0
        },
        "rotation_quaternion": {
          "w": 0.9971259832382202,
          "x": 0.05817248672246933,
          "y": -0.002721692668274045,
          "z": 0.048460934311151505
        },
        "scale": {
          "x": 1.0,
          "y": 1.0,
          "z": 1.0
        },
        "matrix_basis": [
          [
            0.9952882528305054,
            -0.09695997089147568,
            0.00021044515597168356,
            0.0
          ],
          [
            0.09632665663957596,
            0.9885349869728088,
            -0.1162743866443634,
            0.0
          ],
          [
            0.01106592733412981,
            0.11574680358171463,
            0.9932171106338501,
            0.0
          ],
          [
            0.0,
            0.0,
            0.0,
            1.0
          ]
        ],
        "rotation_mode": "QUATERNION"
      },
      "armature_space": {
        "head": {
          "x": -0.08480009436607361,
          "y": -0.10723833739757538,
          "z": 0.6461899876594543
        },
        "tail": {
          "x": -0.13437911868095398,
          "y": -0.13858288526535034,
          "z": 0.7897612452507019
        }
      },
      "world_space": {
        "head": {
          "x": -0.08480009436607361,
          "y": -0.04399433732032776,
          "z": 1.5960440635681152
        },
        "tail": {
          "x": -0.13437911868095398,
          "y": -0.07533888518810272,
          "z": 1.7396152019500732
        },
        "rotation_quaternion": {
          "w": 0.6103141903877258,
          "x": 0.7732664942741394,
          "y": -0.16267690062522888,
          "z": 0.055785372853279114
        },
        "matrix": [
          [
            0.940848171710968,
            -0.3196786642074585,
            -0.11229586601257324,
            -0.08480009436607361
          ],
          [
            -0.18349359929561615,
            -0.20210522413253784,
            -0.9620206952095032,
            -0.04399433732032776
          ],
          [
            0.28484371304512024,
            0.9257272481918335,
            -0.24881193041801453,
            1.5960440635681152
          ],
          [
            0.0,
            0.0,
            0.0,
            1.0
          ]
        ]
      },
      "bone_length_armature_space": 0.15509115359266257,
      "parent": "neck_01",
      "has_children": false,
      "is_end_bone": true
    },
    "upperarm_l": {
      "name": "upperarm_l",
      "local": {
        "location": {
          "x": 0.0,
          "y": 0.0,
          "z": 0.0
        },
        "rotation_quaternion": {
          "w": 0.9325182437896729,
          "x": 0.14983022212982178,
          "y": 0.30540886521339417,
          "z": 0.12118666619062424
        },
        "scale": {
          "x": 1.0,
          "y": 1.0,
          "z": 1.0
        },
        "matrix_basis": [
          [
            0.7840784192085266,
            -0.13449859619140625,
            0.605913519859314,
            0.0
          ],
          [
            0.31753650307655334,
            0.9257293939590454,
            -0.20541585981845856,
            0.0
          ],
          [
            -0.5332838296890259,
            0.3534618020057678,
            0.7685526609420776,
            0.0
          ],
          [
            0.0,
            0.0,
            0.0,
            1.0
          ]
        ],
        "rotation_mode": "QUATERNION"
      },
      "armature_space": {
        "head": {
          "x": 0.09493592381477356,
          "y": -0.07829336822032928,
          "z": 0.5049483180046082
        },
        "tail": {
          "x": 0.33210450410842896,
          "y": -0.19427314400672913,
          "z": 0.5508546829223633
        }
      },
      "world_space": {
        "head": {
          "x": 0.09493592381477356,
          "y": -0.015049368143081665,
          "z": 1.4548022747039795
        },
        "tail": {
          "x": 0.33210450410842896,
          "y": -0.1310291439294815,
          "z": 1.5007086992263794
        },
        "rotation_quaternion": {
          "w": 0.27524444460868835,
          "x": 0.7945157885551453,
          "y": 0.455888956785202,
          "z": -0.2918053865432739
        },
        "matrix": [
          [
            0.414029061794281,
            0.8850584030151367,
            -0.21272441744804382,
            0.09493592381477356
          ],
          [
            0.5637869238853455,
            -0.4328097403049469,
            -0.7034345865249634,
            -0.015049368143081665
          ],
          [
            -0.7146543860435486,
            0.17131191492080688,
            -0.6781855225563049,
            1.4548022747039795
          ],
          [
            0.0,
            0.0,
            0.0,
            1.0
          ]
        ]
      },
      "bone_length_armature_space": 0.26796947439529556,
      "parent": "spine_01",
      "has_children": true,
      "is_end_bone": false
    },
    "lowerarm_l": {
      "name": "lowerarm_l",
      "local": {
        "location": {
          "x": 0.0,
          "y": 0.0,
          "z": 0.0
        },
        "rotation_quaternion": {
          "w": 0.9593014717102051,
          "x": 0.06998507678508759,
          "y": -0.054903920739889145,
          "z": -0.26800814270973206
        },
        "scale": {
          "x": 1.0,
          "y": 1.0,
          "z": 1.0
        },
        "matrix_basis": [
          [
            0.8503143787384033,
            0.5065162777900696,
            -0.14285196363925934,
            0.0
          ],
          [
            -0.5218861103057861,
            0.8465474247932434,
            -0.10484417527914047,
            0.0
          ],
          [
            0.06782568246126175,
            0.16370296478271484,
            0.9841753244400024,
            0.0
          ],
          [
            0.0,
            0.0,
            0.0,
            1.0
          ]
        ],
        "rotation_mode": "QUATERNION"
      },
      "armature_space": {
        "head": {
          "x": 0.33210453391075134,
          "y": -0.19427329301834106,
          "z": 0.5508547425270081
        },
        "tail": {
          "x": 0.5597906708717346,
          "y": -0.2915474772453308,
          "z": 0.44953224062919617
        }
      },
      "world_space": {
        "head": {
          "x": 0.33210453391075134,
          "y": -0.13102929294109344,
          "z": 1.500708818435669
        },
        "tail": {
          "x": 0.5597906708717346,
          "y": -0.2283034771680832,
          "z": 1.3993862867355347
        },
        "rotation_quaternion": {
          "w": 0.12401291728019714,
          "x": 0.6621290445327759,
          "y": 0.5502859950065613,
          "z": -0.4933469295501709
        },
        "matrix": [
          [
            -0.09241405129432678,
            0.8510853052139282,
            -0.5168300867080688,
            0.33210453391075134
          ],
          [
            0.6063569784164429,
            -0.36360853910446167,
            -0.7071917057037354,
            -0.13102929294109344
          ],
          [
            -0.7898092865943909,
            -0.3787410259246826,
            -0.48246315121650696,
            1.500708818435669
          ],
          [
            0.0,
            0.0,
            0.0,
            1.0
          ]
        ]
      },
      "bone_length_armature_space": 0.2675247504608123,
      "parent": "upperarm_l",
      "has_children": true,
      "is_end_bone": false
    },
    "metacarpal_thumb_l": {
      "name": "metacarpal_thumb_l",
      "local": {
        "location": {
          "x": 0.0,
          "y": 0.0,
          "z": 0.0
        },
        "rotation_quaternion": {
          "w": 0.9998994469642639,
          "x": 0.011601556092500687,
          "y": 0.004357377532869577,
          "z": 0.006890459451824427
        },
        "scale": {
          "x": 1.0,
          "y": 1.0,
          "z": 1.0
        },
        "matrix_basis": [
          [
            0.9998670816421509,
            -0.013678428716957569,
            0.00887375883758068,
            0.0
          ],
          [
            0.013880637474358082,
            0.9996358752250671,
            -0.02314073033630848,
            0.0
          ],
          [
            -0.008553998544812202,
            0.023260828107595444,
            0.9996928572654724,
            0.0
          ],
          [
            0.0,
            0.0,
            0.0,
            1.0
          ]
        ],
        "rotation_mode": "QUATERNION"
      },
      "armature_space": {
        "head": {
          "x": 0.5597906708717346,
          "y": -0.2915474772453308,
          "z": 0.44953224062919617
        },
        "tail": {
          "x": 0.5762439370155334,
          "y": -0.3203112781047821,
          "z": 0.4127146005630493
        }
      },
      "world_space": {
        "head": {
          "x": 0.5597906708717346,
          "y": -0.2283034771680832,
          "z": 1.3993862867355347
        },
        "tail": {
          "x": 0.5762439370155334,
          "y": -0.2570672631263733,
          "z": 1.3625686168670654
        },
        "rotation_quaternion": {
          "w": 0.4109329879283905,
          "x": -0.888420820236206,
          "y": -0.20196063816547394,
          "z": 0.03247423470020294
        },
        "matrix": [
          [
            0.9163142442703247,
            0.3321627676486969,
            -0.22368717193603516,
            0.5597906708717346
          ],
          [
            0.3855426609516144,
            -0.5806920528411865,
            0.7170449495315552,
            -0.2283034771680832
          ],
          [
            0.10828349739313126,
            -0.7432852983474731,
            -0.6601633429527283,
            1.3993862867355347
          ],
          [
            0.0,
            0.0,
            0.0,
            1.0
          ]
        ]
      },
      "bone_length_armature_space": 0.04953387557518224,
      "parent": "lowerarm_l",
      "has_children": true,
      "is_end_bone": false
    },
    "thumb_01_l": {
      "name": "thumb_01_l",
      "local": {
        "location": {
          "x": 0.0,
          "y": 0.0,
          "z": 0.0
        },
        "rotation_quaternion": {
          "w": 0.9998306035995483,
          "x": 0.009430408477783203,
          "y": 0.015276994556188583,
          "z": 0.004081456456333399
        },
        "scale": {
          "x": 1.0,
          "y": 1.0,
          "z": 1.0
        },
        "matrix_basis": [
          [
            0.9994999170303345,
            -0.007873393595218658,
            0.03062579222023487,
            0.0
          ],
          [
            0.008449667133390903,
            0.9997888207435608,
            -0.018732916563749313,
            0.0
          ],
          [
            -0.030471833422780037,
            0.018982326611876488,
            0.9993553757667542,
            0.0
          ],
          [
            0.0,
            0.0,
            0.0,
            1.0
          ]
        ],
        "rotation_mode": "QUATERNION"
      },
      "armature_space": {
        "head": {
          "x": 0.5762439370155334,
          "y": -0.3203112781047821,
          "z": 0.4127146005630493
        },
        "tail": {
          "x": 0.5747754573822021,
          "y": -0.31635406613349915,
          "z": 0.3789384961128235
        }
      },
      "world_space": {
        "head": {
          "x": 0.5762439370155334,
          "y": -0.2570672631263733,
          "z": 1.3625686168670654
        },
        "tail": {
          "x": 0.5747754573822021,
          "y": -0.25311005115509033,
          "z": 1.3287925720214844
        },
        "rotation_quaternion": {
          "w": 0.608931303024292,
          "x": -0.5580295324325562,
          "y": 0.43281763792037964,
          "z": -0.3612125813961029
        },
        "matrix": [
          [
            0.3643896281719208,
            -0.043141841888427734,
            0.9302467107772827,
            0.5762439370155334
          ],
          [
            -0.9229569435119629,
            0.11625684797763824,
            0.366925984621048,
            -0.2570672631263733
          ],
          [
            -0.12397908419370651,
            -0.9922887086868286,
            0.0025451229885220528,
            1.3625686168670654
          ],
          [
            0.0,
            0.0,
            0.0,
            1.0
          ]
        ]
      },
      "bone_length_armature_space": 0.03403881867766986,
      "parent": "metacarpal_thumb_l",
      "has_children": true,
      "is_end_bone": false
    },
    "thumb_02_l": {
      "name": "thumb_02_l",
      "local": {
        "location": {
          "x": 0.0,
          "y": 0.0,
          "z": 0.0
        },
        "rotation_quaternion": {
          "w": 0.9866180419921875,
          "x": 0.16264097392559052,
          "y": 0.007057287730276585,
          "z": -0.009107218123972416
        },
        "scale": {
          "x": 1.0,
          "y": 1.0,
          "z": 1.0
        },
        "matrix_basis": [
          [
            0.9997345209121704,
            0.020266300067305565,
            0.010963281616568565,
            0.0
          ],
          [
            -0.015675082802772522,
            0.946929931640625,
            -0.32105758786201477,
            0.0
          ],
          [
            -0.016888108104467392,
            0.3208004832267761,
            0.9469962120056152,
            0.0
          ],
          [
            0.0,
            0.0,
            0.0,
            1.0
          ]
        ],
        "rotation_mode": "QUATERNION"
      },
      "armature_space": {
        "head": {
          "x": 0.5747753977775574,
          "y": -0.31635406613349915,
          "z": 0.3789385259151459
        },
        "tail": {
          "x": 0.6105045676231384,
          "y": -0.33123961091041565,
          "z": 0.36821335554122925
        }
      },
      "world_space": {
        "head": {
          "x": 0.5747753977775574,
          "y": -0.25311005115509033,
          "z": 1.3287925720214844
        },
        "tail": {
          "x": 0.6105045676231384,
          "y": -0.26799559593200684,
          "z": 1.3180673122406006
        },
        "rotation_quaternion": {
          "w": 0.5498040914535522,
          "x": -0.07582621276378632,
          "y": 0.11139034479856491,
          "z": -0.8243532180786133
        },
        "matrix": [
          [
            -0.3839314579963684,
            0.8895726203918457,
            0.24750161170959473,
            0.5747753977775574
          ],
          [
            -0.9233582019805908,
            -0.3706152141094208,
            -0.10026922076940536,
            -0.25311005115509033
          ],
          [
            0.0025302600115537643,
            -0.26703137159347534,
            0.9636918306350708,
            1.3287925720214844
          ],
          [
            0.0,
            0.0,
            0.0,
            1.0
          ]
        ]
      },
      "bone_length_armature_space": 0.04016444136809424,
      "parent": "thumb_01_l",
      "has_children": true,
      "is_end_bone": false
    },
    "thumb_03_l": {
      "name": "thumb_03_l",
      "local": {
        "location": {
          "x": 0.0,
          "y": 0.0,
          "z": 0.0
        },
        "rotation_quaternion": {
          "w": 0.9969725608825684,
          "x": 0.077667735517025,
          "y": -0.0035053985193371773,
          "z": -0.0011161125730723143
        },
        "scale": {
          "x": 1.0,
          "y": 1.0,
          "z": 1.0
        },
        "matrix_basis": [
          [
            0.999972939491272,
            0.0016809544758871198,
            -0.007162943948060274,
            0.0
          ],
          [
            -0.0027699798811227083,
            0.9879329800605774,
            -0.15485738217830658,
            0.0
          ],
          [
            0.0068162004463374615,
            0.15487302839756012,
            0.9879108667373657,
            0.0
          ],
          [
            0.0,
            0.0,
            0.0,
            1.0
          ]
        ],
        "rotation_mode": "QUATERNION"
      },
      "armature_space": {
        "head": {
          "x": 0.6105045080184937,
          "y": -0.33123964071273804,
          "z": 0.36821332573890686
        },
        "tail": {
          "x": 0.6393128633499146,
          "y": -0.3399796783924103,
          "z": 0.37275010347366333
        }
      },
      "world_space": {
        "head": {
          "x": 0.6105045080184937,
          "y": -0.2679956555366516,
          "z": 1.3180673122406006
        },
        "tail": {
          "x": 0.6393128633499146,
          "y": -0.27673566341400146,
          "z": 1.3226041793823242
        },
        "rotation_quaternion": {
          "w": 0.5942259430885315,
          "x": 0.20109829306602478,
          "y": 0.057931557297706604,
          "z": -0.7765944600105286
        },
        "matrix": [
          [
            -0.21290960907936096,
            0.946245551109314,
            -0.24349281191825867,
            0.6105045080184937
          ],
          [
            -0.8996453285217285,
            -0.2870776057243347,
            -0.3289751708507538,
            -0.2679956555366516
          ],
          [
            -0.38119617104530334,
            0.14901602268218994,
            0.9124132990837097,
            1.3180673122406006
          ],
          [
            0.0,
            0.0,
            0.0,
            1.0
          ]
        ]
      },
      "bone_length_armature_space": 0.0304449001593032,
      "parent": "thumb_02_l",
      "has_children": false,
      "is_end_bone": true
    },
    "metacarpal_index_l": {
      "name": "metacarpal_index_l",
      "local": {
        "location": {
          "x": 0.0,
          "y": 0.0,
          "z": 0.0
        },
        "rotation_quaternion": {
          "w": 0.9997537732124329,
          "x": 0.010778015479445457,
          "y": -0.007692543789744377,
          "z": 0.017807316035032272
        },
        "scale": {
          "x": 1.0,
          "y": 1.0,
          "z": 1.0
        },
        "matrix_basis": [
          [
            0.9992474317550659,
            -0.0357716828584671,
            -0.014997444115579128,
            0.0
          ],
          [
            0.03544004261493683,
            0.9991334676742554,
            -0.021824689581990242,
            0.0
          ],
          [
            0.015765154734253883,
            0.02127675525844097,
            0.9996493458747864,
            0.0
          ],
          [
            0.0,
            0.0,
            0.0,
            1.0
          ]
        ],
        "rotation_mode": "QUATERNION"
      },
      "armature_space": {
        "head": {
          "x": 0.5597906708717346,
          "y": -0.2915474772453308,
          "z": 0.44953224062919617
        },
        "tail": {
          "x": 0.6319323778152466,
          "y": -0.35670942068099976,
          "z": 0.3841198682785034
        }
      },
      "world_space": {
        "head": {
          "x": 0.5597906708717346,
          "y": -0.2283034771680832,
          "z": 1.3993862867355347
        },
        "tail": {
          "x": 0.6319323778152466,
          "y": -0.29346543550491333,
          "z": 1.3339738845825195
        },
        "rotation_quaternion": {
          "w": 0.21766941249370575,
          "x": -0.8532834053039551,
          "y": -0.4178015887737274,
          "z": 0.2235383540391922
        },
        "matrix": [
          [
            0.5509435534477234,
            0.6156919598579407,
            -0.5633687973022461,
            0.5597906708717346
          ],
          [
            0.8103218078613281,
            -0.5561234951019287,
            0.18467603623867035,
            -0.2283034771680832
          ],
          [
            -0.19959968328475952,
            -0.5582606792449951,
            -0.8053069114685059,
            1.3993862867355347
          ],
          [
            0.0,
            0.0,
            0.0,
            1.0
          ]
        ]
      },
      "bone_length_armature_space": 0.11717202362545062,
      "parent": "lowerarm_l",
      "has_children": true,
      "is_end_bone": false
    },
    "index_01_l": {
      "name": "index_01_l",
      "local": {
        "location": {
          "x": 0.0,
          "y": 0.0,
          "z": 0.0
        },
        "rotation_quaternion": {
          "w": 0.9992042779922485,
          "x": -0.03644559532403946,
          "y": 0.015853814780712128,
          "z": -0.0033378140069544315
        },
        "scale": {
          "x": 1.0,
          "y": 1.0,
          "z": 1.0
        },
        "matrix_basis": [
          [
            0.9994750022888184,
            0.005514712538570166,
            0.03192569687962532,
            0.0
          ],
          [
            -0.007825919426977634,
            0.9973211288452148,
            0.07272735238075256,
            0.0
          ],
          [
            -0.031439103186130524,
            -0.07293902337551117,
            0.99684077501297,
            0.0
          ],
          [
            0.0,
            0.0,
            0.0,
            1.0
          ]
        ],
        "rotation_mode": "QUATERNION"
      },
      "armature_space": {
        "head": {
          "x": 0.6319323778152466,
          "y": -0.35670942068099976,
          "z": 0.3841198682785034
        },
        "tail": {
          "x": 0.6567195057868958,
          "y": -0.3643665313720703,
          "z": 0.3722860515117645
        }
      },
      "world_space": {
        "head": {
          "x": 0.6319323778152466,
          "y": -0.29346543550491333,
          "z": 1.3339738845825195
        },
        "tail": {
          "x": 0.6567195057868958,
          "y": -0.3011225461959839,
          "z": 1.322140097618103
        },
        "rotation_quaternion": {
          "w": 0.18590471148490906,
          "x": -0.7893810272216797,
          "y": -0.5754749178886414,
          "z": 0.10557319968938828
        },
        "matrix": [
          [
            0.3153645694255829,
            0.8692846894264221,
            -0.3806431293487549,
            0.6319323778152466
          ],
          [
            0.947791576385498,
            -0.26853567361831665,
            0.17198753356933594,
            -0.29346543550491333
          ],
          [
            0.04729119688272476,
            -0.4150123596191406,
            -0.9085937142372131,
            1.3339738845825195
          ],
          [
            0.0,
            0.0,
            0.0,
            1.0
          ]
        ]
      },
      "bone_length_armature_space": 0.02851442221873241,
      "parent": "metacarpal_index_l",
      "has_children": true,
      "is_end_bone": false
    },
    "index_02_l": {
      "name": "index_02_l",
      "local": {
        "location": {
          "x": 0.0,
          "y": 0.0,
          "z": 0.0
        },
        "rotation_quaternion": {
          "w": 0.9806153178215027,
          "x": 0.1959068924188614,
          "y": -0.0030695409514009953,
          "z": 0.002206364879384637
        },
        "scale": {
          "x": 1.0,
          "y": 1.0,
          "z": 1.0
        },
        "matrix_basis": [
          [
            0.9999714493751526,
            -0.005529878661036491,
            -0.0051555936224758625,
            0.0
          ],
          [
            0.003124502021819353,
            0.9232312440872192,
            -0.38423213362693787,
            0.0
          ],
          [
            0.006884561851620674,
            0.38420504331588745,
            0.9232221245765686,
            0.0
          ],
          [
            0.0,
            0.0,
            0.0,
            1.0
          ]
        ],
        "rotation_mode": "QUATERNION"
      },
      "armature_space": {
        "head": {
          "x": 0.6567196249961853,
          "y": -0.3643667995929718,
          "z": 0.3722855746746063
        },
        "tail": {
          "x": 0.6741617918014526,
          "y": -0.3693116009235382,
          "z": 0.35413578152656555
        }
      },
      "world_space": {
        "head": {
          "x": 0.6567196249961853,
          "y": -0.301122784614563,
          "z": 1.3221396207809448
        },
        "tail": {
          "x": 0.6741617918014526,
          "y": -0.3060675859451294,
          "z": 1.3039897680282593
        },
        "rotation_quaternion": {
          "w": 0.3021862506866455,
          "x": -0.73554527759552,
          "y": -0.5588430762290955,
          "z": 0.23526781797409058
        },
        "matrix": [
          [
            0.2646840512752533,
            0.6799194812774658,
            -0.6838506460189819,
            0.6567196249961853
          ],
          [
            0.9642990231513977,
            -0.19275474548339844,
            0.1815846562385559,
            -0.301122784614563
          ],
          [
            -0.008351556956768036,
            -0.7075042724609375,
            -0.706669807434082,
            1.3221396207809448
          ],
          [
            0.0,
            0.0,
            0.0,
            1.0
          ]
        ]
      },
      "bone_length_armature_space": 0.025653366878658507,
      "parent": "index_01_l",
      "has_children": true,
      "is_end_bone": false
    },
    "index_03_l": {
      "name": "index_03_l",
      "local": {
        "location": {
          "x": 0.0,
          "y": 0.0,
          "z": 0.0
        },
        "rotation_quaternion": {
          "w": 0.9798787832260132,
          "x": 0.1995227038860321,
          "y": -0.001767768058925867,
          "z": -0.005025218706578016
        },
        "scale": {
          "x": 1.0,
          "y": 1.0,
          "z": 1.0
        },
        "matrix_basis": [
          [
            0.9999432563781738,
            0.009142790921032429,
            -0.005469687283039093,
            0.0
          ],
          [
            -0.010553630068898201,
            0.9203308820724487,
            -0.39099836349487305,
            0.0
          ],
          [
            0.0014591063372790813,
            0.3910338878631592,
            0.9203751087188721,
            0.0
          ],
          [
            0.0,
            0.0,
            0.0,
            1.0
          ]
        ],
        "rotation_mode": "QUATERNION"
      },
      "armature_space": {
        "head": {
          "x": 0.6741619110107422,
          "y": -0.3693116307258606,
          "z": 0.3541358709335327
        },
        "tail": {
          "x": 0.6831034421920776,
          "y": -0.36840635538101196,
          "z": 0.32633349299430847
        }
      },
      "world_space": {
        "head": {
          "x": 0.6741619110107422,
          "y": -0.30606764554977417,
          "z": 1.3039898872375488
        },
        "tail": {
          "x": 0.6831034421920776,
          "y": -0.30516237020492554,
          "z": 1.276187539100647
        },
        "rotation_quaternion": {
          "w": 0.4983973503112793,
          "x": -0.6133858561515808,
          "y": -0.5168086886405945,
          "z": 0.32903915643692017
        },
        "matrix": [
          [
            0.24928143620491028,
            0.3060210049152374,
            -0.9188088178634644,
            0.6741619110107422
          ],
          [
            0.9619913697242737,
            0.030983150005340576,
            0.27131643891334534,
            -0.30606764554977417
          ],
          [
            0.11149793863296509,
            -0.9515271186828613,
            -0.2866678833961487,
            1.3039898872375488
          ],
          [
            0.0,
            0.0,
            0.0,
            1.0
          ]
        ]
      },
      "bone_length_armature_space": 0.029218876523198854,
      "parent": "index_02_l",
      "has_children": false,
      "is_end_bone": true
    },
    "metacarpal_pinky_l": {
      "name": "metacarpal_pinky_l",
      "local": {
        "location": {
          "x": 0.0,
          "y": 0.0,
          "z": 0.0
        },
        "rotation_quaternion": {
          "w": 0.9999164342880249,
          "x": -0.010695881210267544,
          "y": -0.001981389941647649,
          "z": -0.006997006479650736
        },
        "scale": {
          "x": 1.0,
          "y": 1.0,
          "z": 1.0
        },
        "matrix_basis": [
          [
            0.9998942613601685,
            0.01403522863984108,
            -0.0038127703592181206,
            0.0
          ],
          [
            -0.01395045779645443,
            0.9996733069419861,
            0.021417701616883278,
            0.0
          ],
          [
            0.004112127237021923,
            -0.021362246945500374,
            0.9997633695602417,
            0.0
          ],
          [
            0.0,
            0.0,
            0.0,
            1.0
          ]
        ],
        "rotation_mode": "QUATERNION"
      },
      "armature_space": {
        "head": {
          "x": 0.5597906708717346,
          "y": -0.2915474772453308,
          "z": 0.44953224062919617
        },
        "tail": {
          "x": 0.6600504517555237,
          "y": -0.3040138781070709,
          "z": 0.42431750893592834
        }
      },
      "world_space": {
        "head": {
          "x": 0.5597906708717346,
          "y": -0.2283034771680832,
          "z": 1.3993862867355347
        },
        "tail": {
          "x": 0.6600504517555237,
          "y": -0.2407698780298233,
          "z": 1.374171495437622
        },
        "rotation_quaternion": {
          "w": 0.5520254969596863,
          "x": 0.2506353557109833,
          "y": 0.36797741055488586,
          "z": -0.705012321472168
        },
        "matrix": [
          [
            -0.26489824056625366,
            0.9628260135650635,
            0.05286598950624466,
            0.5597906708717346
          ],
          [
            -0.5939151644706726,
            -0.11971870064735413,
            -0.7955705523490906,
            -0.2283034771680832
          ],
          [
            -0.7596729397773743,
            -0.24214497208595276,
            0.6035536527633667,
            1.3993862867355347
          ],
          [
            0.0,
            0.0,
            0.0,
            1.0
          ]
        ]
      },
      "bone_length_armature_space": 0.10413077032865234,
      "parent": "lowerarm_l",
      "has_children": true,
      "is_end_bone": false
    },
    "pinky_01_l": {
      "name": "pinky_01_l",
      "local": {
        "location": {
          "x": 0.0,
          "y": 0.0,
          "z": 0.0
        },
        "rotation_quaternion": {
          "w": 0.9990105628967285,
          "x": 0.038676485419273376,
          "y": -0.016770493239164352,
          "z": 0.014169717207551003
        },
        "scale": {
          "x": 1.0,
          "y": 1.0,
          "z": 1.0
        },
        "matrix_basis": [
          [
            0.9990359544754028,
            -0.02960864268243313,
            -0.03241173177957535,
            0.0
          ],
          [
            0.027014147490262985,
            0.996606707572937,
            -0.07775170356035233,
            0.0
          ],
          [
            0.034603867679834366,
            0.07680116593837738,
            0.9964457750320435,
            0.0
          ],
          [
            0.0,
            0.0,
            0.0,
            1.0
          ]
        ],
        "rotation_mode": "QUATERNION"
      },
      "armature_space": {
        "head": {
          "x": 0.6600504517555237,
          "y": -0.3040138781070709,
