{
  "metadata": {
    "armature_name": "KIM_caucasian_male",
    "export_time": "2026-01-13T21:07:36.995461",
    "blender_version": "4.4.1",
    "bone_count": 56,
    "end_bone_count": 13,
    "spaces_included": [
      "LOCAL_CHANNELS",
      "ARMATURE_SPACE",
      "WORLD_SPACE"
    ],
    "note": "LOCAL matches Transform panel; replay pose via local.matrix_basis for best fidelity."
  },
  "bones": {
    "Root": {
      "name": "Root",
      "local": {
        "location": {
          "x": 0.0,
          "y": 0.0,
          "z": 0.0
        },
        "rotation_quaternion": {
          "w": 0.9998505115509033,
          "x": 0.01655689626932144,
          "y": -0.0006689924630336463,
          "z": 0.00494141923263669
        },
        "scale": {
          "x": 1.0,
          "y": 1.0,
          "z": 1.0
        },
        "matrix_basis": [
          [
            0.9999502897262573,
            -0.009903513826429844,
            -0.0011741557391360402,
            0.0
          ],
          [
            0.009859208017587662,
            0.9994028806686401,
            -0.033115454018116,
            0.0
          ],
          [
            0.001501413993537426,
            0.03310222923755646,
            0.9994508624076843,
            0.0
          ],
          [
            0.0,
            0.0,
            0.0,
            1.0
          ]
        ],
        "rotation_mode": "QUATERNION"
      },
      "armature_space": {
        "head": {
          "x": 0.0,
          "y": 0.07072800397872925,
          "z": -0.009595036506652832
        },
        "tail": {
          "x": -0.000706871913280338,
          "y": -0.0002753809094429016,
          "z": -0.00234700134024024
        }
      },
      "world_space": {
        "head": {
          "x": 0.0,
          "y": 0.13397200405597687,
          "z": 0.9402589797973633
        },
        "tail": {
          "x": -0.000706871913280338,
          "y": 0.06296861916780472,
          "z": 0.9475070238113403
        },
        "rotation_quaternion": {
          "w": 0.05083829537034035,
          "x": 0.9986944794654846,
          "y": -0.004975261632353067,
          "z": -0.0003345802251715213
        },
        "matrix": [
          [
            0.9999502897262573,
            -0.009903513826429844,
            -0.0011741557391360402,
            0.0
          ],
          [
            -0.009971551597118378,
            -0.9947813749313354,
            -0.10154099762439728,
            0.13397200405597687
          ],
          [
            -0.00016242614947259426,
            0.10154742002487183,
            -0.994837760925293,
            0.9402589797973633
          ],
          [
            0.0,
            0.0,
            0.0,
            1.0
          ]
        ]
      },
      "bone_length_armature_space": 0.0713758657576771,
      "parent": null,
      "has_children": true,
      "is_end_bone": false
    },
    "spine_01": {
      "name": "spine_01",
      "local": {
        "location": {
          "x": 0.0,
          "y": 0.0,
          "z": 0.0
        },
        "rotation_quaternion": {
          "w": 0.9980528354644775,
          "x": -0.0038131638430058956,
          "y": 0.022890672087669373,
          "z": -0.05789666250348091
        },
        "scale": {
          "x": 1.0,
          "y": 1.0,
          "z": 1.0
        },
        "matrix_basis": [
          [
            0.992247998714447,
            0.11539328098297119,
            0.04613373801112175,
            0.0
          ],
          [
            -0.11574243009090424,
            0.9932668805122375,
            0.004960890859365463,
            0.0
          ],
          [
            -0.04525066167116165,
            -0.010262064635753632,
            0.9989229440689087,
            0.0
          ],
          [
            0.0,
            0.0,
            0.0,
            1.0
          ]
        ],
        "rotation_mode": "QUATERNION"
      },
      "armature_space": {
        "head": {
          "x": -0.000706871913280338,
          "y": -0.0002753809094429016,
          "z": -0.00234700134024024
        },
        "tail": {
          "x": 0.05579695478081703,
          "y": 0.010780595242977142,
          "z": 0.48224937915802
        }
      },
      "world_space": {
        "head": {
          "x": -0.000706871913280338,
          "y": 0.06296861916780472,
          "z": 0.9475070238113403
        },
        "tail": {
          "x": 0.05579695478081703,
          "y": 0.07402459532022476,
          "z": 1.4321033954620361
        },
        "rotation_quaternion": {
          "w": 0.7130652070045471,
          "x": 0.6984595060348511,
          "y": 0.05353159084916115,
          "z": -0.02875399962067604
        },
        "matrix": [
          [
            0.9926152229309082,
            0.11578623205423355,
            0.03617525100708008,
            -0.000706871913280338
          ],
          [
            0.033771514892578125,
            0.022655632346868515,
            -0.9991728067398071,
            0.06296861916780472
          ],
          [
            -0.11651082336902618,
            0.9930228590965271,
            0.018577255308628082,
            0.9475070238113403
          ],
          [
            0.0,
            0.0,
            0.0,
            1.0
          ]
        ]
      },
      "bone_length_armature_space": 0.4880046718309879,
      "parent": "Root",
      "has_children": true,
      "is_end_bone": false
    },
    "neck_01": {
      "name": "neck_01",
      "local": {
        "location": {
          "x": 0.0,
          "y": 0.0,
          "z": 0.0
        },
        "rotation_quaternion": {
          "w": 0.989514172077179,
          "x": -0.058970458805561066,
          "y": -0.11837960034608841,
          "z": -0.058057211339473724
        },
        "scale": {
          "x": 1.0,
          "y": 1.0,
          "z": 1.0
        },
        "matrix_basis": [
          [
            0.9652312397956848,
            0.12885867059230804,
            -0.22742927074432373,
            0.0
          ],
          [
            -0.10093507170677185,
            0.9863036870956421,
            0.1304497867822647,
            0.0
          ],
          [
            0.24112389981746674,
            -0.10295862704515457,
            0.9650174975395203,
            0.0
          ],
          [
            0.0,
            0.0,
            0.0,
            1.0
          ]
        ],
        "rotation_mode": "QUATERNION"
      },
      "armature_space": {
        "head": {
          "x": 0.06552921235561371,
          "y": -0.022212345153093338,
          "z": 0.5556012392044067
        },
        "tail": {
          "x": 0.09099136292934418,
          "y": -0.048203833401203156,
          "z": 0.6514493823051453
        }
      },
      "world_space": {
        "head": {
          "x": 0.06552921235561371,
          "y": 0.04103165492415428,
          "z": 1.5054552555084229
        },
        "tail": {
          "x": 0.09099136292934418,
          "y": 0.015040166676044464,
          "z": 1.6013033390045166
        },
        "rotation_quaternion": {
          "w": 0.6102308630943298,
          "x": 0.7740050554275513,
          "y": 0.02927403524518013,
          "z": -0.16636574268341064
        },
        "matrix": [
          [
            0.9429312944412231,
            0.24835948646068573,
            -0.2218065857887268,
            0.06552921235561371
          ],
          [
            -0.15772506594657898,
            -0.25352272391319275,
            -0.9543842077255249,
            0.04103165492415428
          ],
          [
            -0.29326558113098145,
            0.934909462928772,
            -0.1998843103647232,
            1.5054552555084229
          ],
          [
            0.0,
            0.0,
            0.0,
            1.0
          ]
        ]
      },
      "bone_length_armature_space": 0.10252192586799128,
      "parent": "spine_01",
      "has_children": true,
      "is_end_bone": false
    },
    "head": {
      "name": "head",
      "local": {
        "location": {
          "x": 0.0,
          "y": 0.0,
          "z": 0.0
        },
        "rotation_quaternion": {
          "w": 0.9845558404922485,
          "x": 0.021129999309778214,
          "y": 0.04870644956827164,
          "z": 0.16682609915733337
        },
        "scale": {
          "x": 1.0,
          "y": 1.0,
          "z": 1.0
        },
        "matrix_basis": [
          [
            0.939593493938446,
            -0.3264409005641937,
            0.10295850783586502,
            0.0
          ],
          [
            0.33055755496025085,
            0.9434451460838318,
            -0.025356315076351166,
            0.0
          ],
          [
            -0.08885836601257324,
            0.05785834416747093,
            0.9943624138832092,
            0.0
          ],
          [
            0.0,
            0.0,
            0.0,
            1.0
          ]
        ],
        "rotation_mode": "QUATERNION"
      },
      "armature_space": {
        "head": {
          "x": 0.0909913033246994,
          "y": -0.0482039637863636,
          "z": 0.6514492630958557
        },
        "tail": {
          "x": 0.0877128466963768,
          "y": -0.03296566754579544,
          "z": 0.8057553768157959
        }
      },
      "world_space": {
        "head": {
          "x": 0.0909913033246994,
          "y": 0.015040036290884018,
          "z": 1.6013033390045166
        },
        "tail": {
          "x": 0.0877128466963768,
          "y": 0.03027833253145218,
          "z": 1.755609393119812
        },
        "rotation_quaternion": {
          "w": 0.7408069968223572,
          "x": 0.6714670658111572,
          "y": -0.018220268189907074,
          "z": -0.0022472937125712633
        },
        "matrix": [
          [
            0.9993260502815247,
            -0.021139012649655342,
            -0.03001326322555542,
            0.0909913033246994
          ],
          [
            -0.027798108756542206,
            0.09825439006090164,
            -0.9947731494903564,
            0.015040036290884018
          ],
          [
            0.023977555334568024,
            0.9949440360069275,
            0.09760025143623352,
            1.6013033390045166
          ],
          [
            0.0,
            0.0,
            0.0,
            1.0
          ]
        ]
      },
      "bone_length_armature_space": 0.15509136433053278,
      "parent": "neck_01",
      "has_children": false,
      "is_end_bone": true
    },
    "upperarm_l": {
      "name": "upperarm_l",
      "local": {
        "location": {
          "x": 0.0,
          "y": 0.0,
          "z": 0.0
        },
        "rotation_quaternion": {
          "w": 0.9699594378471375,
          "x": 0.071730837225914,
          "y": -0.08780444413423538,
          "z": 0.2152296006679535
        },
        "scale": {
          "x": 1.0,
          "y": 1.0,
          "z": 1.0
        },
        "matrix_basis": [
          [
            0.8919332027435303,
            -0.43012455105781555,
            -0.13945630192756653,
            0.0
          ],
          [
            0.4049313962459564,
            0.897061824798584,
            -0.17694823443889618,
            0.0
          ],
          [
            0.20121069252490997,
            0.10135577619075775,
            0.974290132522583,
            0.0
          ],
          [
            0.0,
            0.0,
            0.0,
            1.0
          ]
        ],
        "rotation_mode": "QUATERNION"
      },
      "armature_space": {
        "head": {
          "x": 0.206755131483078,
          "y": -0.02185574360191822,
          "z": 0.4714450538158417
        },
        "tail": {
          "x": 0.46217331290245056,
          "y": -0.031607549637556076,
          "z": 0.5519073009490967
        }
      },
      "world_space": {
        "head": {
          "x": 0.206755131483078,
          "y": 0.04138825833797455,
          "z": 1.4212990999221802
        },
        "tail": {
          "x": 0.46217331290245056,
          "y": 0.031636450439691544,
          "z": 1.5017613172531128
        },
        "rotation_quaternion": {
          "w": 0.5928926467895508,
          "x": 0.5417815446853638,
          "y": 0.3609461486339569,
          "z": -0.4739926755428314
        },
        "matrix": [
          [
            0.2900972366333008,
            0.9531616568565369,
            -0.08559603244066238,
            0.206755131483078
          ],
          [
            -0.1709480732679367,
            -0.0363914892077446,
            -0.9846079349517822,
            0.04138825833797455
          ],
          [
            -0.9416121244430542,
            0.3002665340900421,
            0.1523842215538025,
            1.4212990999221802
          ],
          [
            0.0,
            0.0,
            0.0,
            1.0
          ]
        ]
      },
      "bone_length_armature_space": 0.26796961932006114,
      "parent": "spine_01",
      "has_children": true,
      "is_end_bone": false
    },
    "lowerarm_l": {
      "name": "lowerarm_l",
      "local": {
        "location": {
          "x": 0.0,
          "y": 0.0,
          "z": 0.0
        },
        "rotation_quaternion": {
          "w": 0.9354647397994995,
          "x": 0.25070446729660034,
          "y": -0.04667099192738533,
          "z": 0.24469347298145294
        },
        "scale": {
          "x": 1.0,
          "y": 1.0,
          "z": 1.0
        },
        "matrix_basis": [
          [
            0.8758938312530518,
            -0.4812054932117462,
            0.03537335991859436,
            0.0
          ],
          [
            0.4344029724597931,
            0.754544734954834,
            -0.491890549659729,
            0.0
          ],
          [
            0.2100096344947815,
            0.44621020555496216,
            0.8699381947517395,
            0.0
          ],
          [
            0.0,
            0.0,
            0.0,
            1.0
          ]
        ],
        "rotation_mode": "QUATERNION"
      },
      "armature_space": {
        "head": {
          "x": 0.46217337250709534,
          "y": -0.03160758316516876,
          "z": 0.5519074201583862
        },
        "tail": {
          "x": 0.5757814645767212,
          "y": -0.1313454508781433,
          "z": 0.7726234197616577
        }
      },
      "world_space": {
        "head": {
          "x": 0.46217337250709534,
          "y": 0.03163641691207886,
          "z": 1.5017614364624023
        },
        "tail": {
          "x": 0.5757814645767212,
          "y": -0.06810145080089569,
          "z": 1.7224774360656738
        },
        "rotation_quaternion": {
          "w": 0.5587388873100281,
          "x": 0.7096313238143921,
          "y": -0.03745235875248909,
          "z": -0.42758822441101074
        },
        "matrix": [
          [
            0.6315330266952515,
            0.4246641993522644,
            -0.6487112045288086,
            0.46217337250709534
          ],
          [
            -0.5309731960296631,
            -0.3728177547454834,
            -0.7609696984291077,
            0.03163641691207886
          ],
          [
            -0.5650120973587036,
            0.8250311017036438,
            -0.009962037205696106,
            1.5017614364624023
          ],
          [
            0.0,
            0.0,
            0.0,
            1.0
          ]
        ]
      },
      "bone_length_armature_space": 0.267525690398717,
      "parent": "upperarm_l",
      "has_children": true,
      "is_end_bone": false
    },
    "metacarpal_thumb_l": {
      "name": "metacarpal_thumb_l",
      "local": {
        "location": {
          "x": 0.0,
          "y": 0.0,
          "z": 0.0
        },
        "rotation_quaternion": {
          "w": 0.997802734375,
          "x": -0.06116512417793274,
          "y": -0.01674759015440941,
          "z": 0.019187714904546738
        },
        "scale": {
          "x": 1.0,
          "y": 1.0,
          "z": 1.0
        },
        "matrix_basis": [
          [
            0.9987027049064636,
            -0.036242373287677765,
            -0.03576882183551788,
            0.0
          ],
          [
            0.04033984616398811,
            0.9917812943458557,
            0.12141875922679901,
            0.0
          ],
          [
            0.031074345111846924,
            -0.1227041557431221,
            0.9919567108154297,
            0.0
          ],
          [
            0.0,
            0.0,
            0.0,
            1.0
          ]
        ],
        "rotation_mode": "QUATERNION"
      },
      "armature_space": {
        "head": {
          "x": 0.5757814645767212,
          "y": -0.1313454508781433,
          "z": 0.7726234197616577
        },
        "tail": {
          "x": 0.5741930603981018,
          "y": -0.1706652194261551,
          "z": 0.8027070760726929
        }
      },
      "world_space": {
        "head": {
          "x": 0.5757814645767212,
          "y": -0.06810145080089569,
          "z": 1.7224774360656738
        },
        "tail": {
          "x": 0.5741930603981018,
          "y": -0.10742121934890747,
          "z": 1.752561092376709
        },
        "rotation_quaternion": {
          "w": 0.3116777837276459,
          "x": 0.9059954881668091,
          "y": 0.07718606293201447,
          "z": 0.2758108079433441
        },
        "matrix": [
          [
            0.8359415531158447,
            -0.032067470252513885,
            0.5478806495666504,
            0.5757814645767212
          ],
          [
            0.31178873777389526,
            -0.7937988042831421,
            -0.5221796631813049,
            -0.06810145080089569
          ],
          [
            0.4516552686691284,
            0.6073381304740906,
            -0.6535762548446655,
            1.7224774360656738
          ],
          [
            0.0,
            0.0,
            0.0,
            1.0
          ]
        ]
      },
      "bone_length_armature_space": 0.04953376293451157,
      "parent": "lowerarm_l",
      "has_children": true,
      "is_end_bone": false
    },
    "thumb_01_l": {
      "name": "thumb_01_l",
      "local": {
        "location": {
          "x": 0.0,
          "y": 0.0,
          "z": 0.0
        },
        "rotation_quaternion": {
          "w": 0.9998536705970764,
          "x": -0.007899518124759197,
          "y": -0.013282012194395065,
          "z": 0.007343444041907787
        },
        "scale": {
          "x": 1.0,
          "y": 1.0,
          "z": 1.0
        },
        "matrix_basis": [
          [
            0.999539315700531,
            -0.014474895782768726,
            -0.026676157489418983,
            0.0
          ],
          [
            0.014894582331180573,
            0.9997673630714417,
            0.015601652674376965,
            0.0
          ],
          [
            0.026444118469953537,
            -0.01599179580807686,
            0.9995223879814148,
            0.0
          ],
          [
            0.0,
            0.0,
            0.0,
            1.0
          ]
        ],
        "rotation_mode": "QUATERNION"
      },
      "armature_space": {
        "head": {
          "x": 0.5741930603981018,
          "y": -0.1706652194261551,
          "z": 0.8027070760726929
        },
        "tail": {
          "x": 0.5835675001144409,
          "y": -0.20294174551963806,
          "z": 0.797324538230896
        }
      },
      "world_space": {
        "head": {
          "x": 0.5741930603981018,
          "y": -0.10742121934890747,
          "z": 1.752561092376709
        },
        "tail": {
          "x": 0.5835675001144409,
          "y": -0.13969774544239044,
          "z": 1.747178554534912
        },
        "rotation_quaternion": {
          "w": 0.1606104075908661,
          "x": -0.5403876304626465,
          "y": -0.009356255643069744,
          "z": -0.8258923292160034
        },
        "matrix": [
          [
            -0.36437076330184937,
            0.27540719509124756,
            0.8895981907844543,
            0.5741930603981018
          ],
          [
            -0.25518184900283813,
            -0.9482335448265076,
            0.1890399307012558,
            -0.10742121934890747
          ],
          [
            0.8956153988838196,
            -0.1581307351589203,
            0.4157904386520386,
            1.752561092376709
          ],
          [
            0.0,
            0.0,
            0.0,
            1.0
          ]
        ]
      },
      "bone_length_armature_space": 0.034038595857701054,
      "parent": "metacarpal_thumb_l",
      "has_children": true,
      "is_end_bone": false
    },
    "thumb_02_l": {
      "name": "thumb_02_l",
      "local": {
        "location": {
          "x": 0.0,
          "y": 0.0,
          "z": 0.0
        },
        "rotation_quaternion": {
          "w": 0.9937158226966858,
          "x": 0.11175854504108429,
          "y": -0.0043189143761992455,
          "z": -0.0045021274127066135
        },
        "scale": {
          "x": 1.0,
          "y": 1.0,
          "z": 1.0
        },
        "matrix_basis": [
          [
            0.9999221563339233,
            0.007982319220900536,
            -0.009589849971234798,
            0.0
          ],
          [
            -0.009913021698594093,
            0.9749795198440552,
            -0.22207358479499817,
            0.0
          ],
          [
            0.007577244658023119,
            0.22215135395526886,
            0.974982738494873,
            0.0
          ],
          [
            0.0,
            0.0,
            0.0,
            1.0
          ]
        ],
        "rotation_mode": "QUATERNION"
      },
      "armature_space": {
        "head": {
          "x": 0.5835675001144409,
          "y": -0.20294173061847687,
          "z": 0.7973244786262512
        },
        "tail": {
          "x": 0.6008481383323669,
          "y": -0.21561366319656372,
          "z": 0.8312950134277344
        }
      },
      "world_space": {
        "head": {
          "x": 0.5835675001144409,
          "y": -0.13969773054122925,
          "z": 1.747178554534912
        },
        "tail": {
          "x": 0.6008481383323669,
          "y": -0.1523696631193161,
          "z": 1.7811490297317505
        },
        "rotation_quaternion": {
          "w": 0.19811765849590302,
          "x": -0.10119379311800003,
          "y": -0.5504529476165771,
          "z": -0.804680585861206
        },
        "matrix": [
          [
            -0.9010182619094849,
            0.43024808168411255,
            -0.055253319442272186,
            0.5835675001144409
          ],
          [
            -0.20743994414806366,
            -0.3155013918876648,
            0.9259741306304932,
            -0.13969773054122925
          ],
          [
            0.3809683918952942,
            0.8457865715026855,
            0.3735266327857971,
            1.747178554534912
          ],
          [
            0.0,
            0.0,
            0.0,
            1.0
          ]
        ]
      },
      "bone_length_armature_space": 0.04016460639923978,
      "parent": "thumb_01_l",
      "has_children": true,
      "is_end_bone": false
    },
    "thumb_03_l": {
      "name": "thumb_03_l",
      "local": {
        "location": {
          "x": 0.0,
          "y": 0.0,
          "z": 0.0
        },
        "rotation_quaternion": {
          "w": 0.9964054226875305,
          "x": 0.08464684337377548,
          "y": -0.0031656604260206223,
          "z": -0.0010731632355600595
        },
        "scale": {
          "x": 1.0,
          "y": 1.0,
          "z": 1.0
        },
        "matrix_basis": [
          [
            0.9999776482582092,
            0.0016026849625632167,
            -0.006490242201834917,
            0.0
          ],
          [
            -0.0026745377108454704,
            0.9856675267219543,
            -0.16867835819721222,
            0.0
          ],
          [
            0.006126882508397102,
            0.168691948056221,
            0.9856497645378113,
            0.0
          ],
          [
            0.0,
            0.0,
            0.0,
            1.0
          ]
        ],
        "rotation_mode": "QUATERNION"
      },
      "armature_space": {
        "head": {
          "x": 0.6008480787277222,
          "y": -0.2156137079000473,
          "z": 0.8312949538230896
        },
        "tail": {
          "x": 0.6145090460777283,
          "y": -0.21191300451755524,
          "z": 0.8582502007484436
        }
      },
      "world_space": {
        "head": {
          "x": 0.6008480787277222,
          "y": -0.15236970782279968,
          "z": 1.781148910522461
        },
        "tail": {
          "x": 0.6145090460777283,
          "y": -0.14866900444030762,
          "z": 1.8081042766571045
        },
        "rotation_quaternion": {
          "w": 0.3862939178943634,
          "x": 0.048285506665706635,
          "y": -0.6415242552757263,
          "z": -0.6609781980514526
        },
        "matrix": [
          [
            -0.6968890428543091,
            0.44871124625205994,
            -0.5594676733016968,
            0.6008480787277222
          ],
          [
            -0.572618842124939,
            0.12155407667160034,
            0.8107606768608093,
            -0.15236970782279968
          ],
          [
            0.43180522322654724,
            0.8853778839111328,
            0.17223294079303741,
            1.781148910522461
          ],
          [
            0.0,
            0.0,
            0.0,
            1.0
          ]
        ]
      },
      "bone_length_armature_space": 0.030445074589973784,
      "parent": "thumb_02_l",
      "has_children": false,
      "is_end_bone": true
    },
    "metacarpal_index_l": {
      "name": "metacarpal_index_l",
      "local": {
        "location": {
          "x": 0.0,
          "y": 0.0,
          "z": 0.0
        },
        "rotation_quaternion": {
          "w": 0.9998201131820679,
          "x": 0.004781590774655342,
          "y": 0.016319043934345245,
          "z": -0.008402316831052303
        },
        "scale": {
          "x": 1.0,
          "y": 1.0,
          "z": 1.0
        },
        "matrix_basis": [
          [
            0.9993261694908142,
            0.01695767231285572,
            0.03255186229944229,
            0.0
          ],
          [
            -0.01664554886519909,
            0.9998130798339844,
            -0.009835696779191494,
            0.0
          ],
          [
            -0.03271257132291794,
            0.009287226013839245,
            0.9994216561317444,
            0.0
          ],
          [
            0.0,
            0.0,
            0.0,
            1.0
          ]
        ],
        "rotation_mode": "QUATERNION"
      },
      "armature_space": {
        "head": {
          "x": 0.5757814645767212,
          "y": -0.1313454508781433,
          "z": 0.7726234197616577
        },
        "tail": {
          "x": 0.6056352257728577,
          "y": -0.20365117490291595,
          "z": 0.8598584532737732
        }
      },
      "world_space": {
        "head": {
          "x": 0.5757814645767212,
          "y": -0.06810145080089569,
          "z": 1.7224774360656738
        },
        "tail": {
          "x": 0.6056352257728577,
          "y": -0.14040717482566833,
          "z": 1.8097124099731445
        },
        "rotation_quaternion": {
          "w": 0.4155723452568054,
          "x": 0.8991333842277527,
          "y": 0.13694363832473755,
          "z": -0.010257038287818432
        },
        "matrix": [
          [
            0.9622822999954224,
            0.2547864019870758,
            0.09537593275308609,
            0.5757814645767212
          ],
          [
            0.23773695528507233,
            -0.6170918941497803,
            -0.7501195073127747,
            -0.06810145080089569
          ],
          [
            -0.1322653889656067,
            0.7445057034492493,
            -0.6543939113616943,
            1.7224774360656738
          ],
          [
            0.0,
            0.0,
            0.0,
            1.0
          ]
        ]
      },
      "bone_length_armature_space": 0.11717216172770147,
      "parent": "lowerarm_l",
      "has_children": true,
      "is_end_bone": false
    },
    "index_01_l": {
      "name": "index_01_l",
      "local": {
        "location": {
          "x": 0.0,
          "y": 0.0,
          "z": 0.0
        },
        "rotation_quaternion": {
          "w": 0.994837760925293,
          "x": -0.10031486302614212,
          "y": -0.01192845031619072,
          "z": 0.009623314253985882
        },
        "scale": {
          "x": 1.0,
          "y": 1.0,
          "z": 1.0
        },
        "matrix_basis": [
          [
            0.9995301961898804,
            -0.016754070296883583,
            -0.025664469227194786,
            0.0
          ],
          [
            0.021540474146604538,
            0.9796886444091797,
            0.19936443865299225,
            0.0
          ],
          [
            0.021803023293614388,
            -0.19982360303401947,
            0.9795892834663391,
            0.0
          ],
          [
            0.0,
            0.0,
            0.0,
            1.0
          ]
        ],
        "rotation_mode": "QUATERNION"
      },
      "armature_space": {
        "head": {
          "x": 0.6056352257728577,
          "y": -0.20365117490291595,
          "z": 0.8598584532737732
        },
        "tail": {
          "x": 0.6197330355644226,
          "y": -0.21022725105285645,
          "z": 0.8837558031082153
        }
      },
      "world_space": {
        "head": {
          "x": 0.6056352257728577,
          "y": -0.14040717482566833,
          "z": 1.8097124099731445
        },
        "tail": {
          "x": 0.6197330355644226,
          "y": -0.14698325097560883,
          "z": 1.8336098194122314
        },
        "rotation_quaternion": {
          "w": 0.5474230051040649,
          "x": 0.7836737036705017,
          "y": 0.29157525300979614,
          "z": -0.03417039290070534
        },
        "matrix": [
          [
            0.8276316523551941,
            0.49441128969192505,
            0.26567524671554565,
            0.6056352257728577
          ],
          [
            0.41959065198898315,
            -0.23062317073345184,
            -0.8779277801513672,
            -0.14040717482566833
          ],
          [
            -0.3727889060974121,
            0.8380811810493469,
            -0.3983248174190521,
            1.8097124099731445
          ],
          [
            0.0,
            0.0,
            0.0,
            1.0
          ]
        ]
      },
      "bone_length_armature_space": 0.028514493729371794,
      "parent": "metacarpal_index_l",
      "has_children": true,
      "is_end_bone": false
    },
    "index_02_l": {
      "name": "index_02_l",
      "local": {
        "location": {
          "x": 0.0,
          "y": 0.0,
          "z": 0.0
        },
        "rotation_quaternion": {
          "w": 0.997677743434906,
          "x": 0.0678710788488388,
          "y": 0.0024808086454868317,
          "z": 0.005156021565198898
        },
        "scale": {
          "x": 1.0,
          "y": 1.0,
          "z": 1.0
        },
        "matrix_basis": [
          [
            0.9999344944953918,
            -0.00995134562253952,
            0.005649984814226627,
            0.0
          ],
          [
            0.010624846443533897,
            0.9907338619232178,
            -0.13540135324001312,
            0.0
          ],
          [
            -0.004250205587595701,
            0.1354525089263916,
            0.9907747507095337,
            0.0
          ],
          [
            0.0,
            0.0,
            0.0,
            1.0
          ]
        ],
        "rotation_mode": "QUATERNION"
      },
      "armature_space": {
        "head": {
          "x": 0.6197330951690674,
          "y": -0.21022772789001465,
          "z": 0.8837561011314392
        },
        "tail": {
          "x": 0.6332912445068359,
          "y": -0.21823976933956146,
          "z": 0.9040065407752991
        }
      },
      "world_space": {
        "head": {
          "x": 0.6197330951690674,
          "y": -0.14698372781276703,
          "z": 1.8336100578308105
        },
        "tail": {
          "x": 0.6332912445068359,
          "y": -0.15499576926231384,
          "z": 1.85386061668396
        },
        "rotation_quaternion": {
          "w": 0.5161279439926147,
          "x": 0.8063492774963379,
          "y": 0.2783010005950928,
          "z": -0.07720933854579926
        },
        "matrix": [
          [
            0.8331738710403442,
            0.5285158157348633,
            0.1627645492553711,
            0.6197330951690674
          ],
          [
            0.3691180646419525,
            -0.3123203217983246,
            -0.8753333687782288,
            -0.14698372781276703
          ],
          [
            -0.4117954671382904,
            0.7893892526626587,
            -0.4553057551383972,
            1.8336100578308105
          ],
          [
            0.0,
            0.0,
            0.0,
            1.0
          ]
        ]
      },
      "bone_length_armature_space": 0.025653392121345448,
      "parent": "index_01_l",
      "has_children": true,
      "is_end_bone": false
    },
    "index_03_l": {
      "name": "index_03_l",
      "local": {
        "location": {
          "x": 0.0,
          "y": 0.0,
          "z": 0.0
        },
        "rotation_quaternion": {
          "w": 0.9992958903312683,
          "x": 0.03681855648756027,
          "y": -0.007200038060545921,
          "z": 0.0006713814800605178
        },
        "scale": {
          "x": 1.0,
          "y": 1.0,
          "z": 1.0
        },
        "matrix_basis": [
          [
            0.9998953938484192,
            -0.0018720075022429228,
            -0.014340498484671116,
            0.0
          ],
          [
            0.0008116274839267135,
            0.9972878694534302,
            -0.07359493523836136,
            0.0
          ],
          [
            0.014439375139772892,
            0.07357559353113174,
            0.9971851110458374,
            0.0
          ],
          [
            0.0,
            0.0,
            0.0,
            1.0
          ]
        ],
        "rotation_mode": "QUATERNION"
      },
      "armature_space": {
        "head": {
          "x": 0.6332912445068359,
          "y": -0.2182396501302719,
          "z": 0.9040066003799438
        },
        "tail": {
          "x": 0.6515071988105774,
          "y": -0.2303151786327362,
          "z": 0.923399806022644
        }
      },
      "world_space": {
        "head": {
          "x": 0.6332912445068359,
          "y": -0.1549956500530243,
          "z": 1.85386061668396
        },
        "tail": {
          "x": 0.6515071988105774,
          "y": -0.1670711785554886,
          "z": 1.8732538223266602
        },
        "rotation_quaternion": {
          "w": 0.4365568161010742,
          "x": 0.8345040678977966,
          "y": 0.32058900594711304,
          "z": -0.10121236741542816
        },
        "matrix": [
          [
            0.7739569544792175,
            0.6234357357025146,
            0.11098823696374893,
            0.6332912445068359
          ],
          [
            0.4466976225376129,
            -0.41328099370002747,
            -0.7935115694999695,
            -0.1549956500530243
          ],
          [
            -0.4488369822502136,
            0.6637260317802429,
            -0.5983537435531616,
            1.85386061668396
          ],
          [
            0.0,
            0.0,
            0.0,
            1.0
          ]
        ]
      },
      "bone_length_armature_space": 0.029218757562537542,
      "parent": "index_02_l",
      "has_children": false,
      "is_end_bone": true
    },
    "metacarpal_pinky_l": {
      "name": "metacarpal_pinky_l",
      "local": {
        "location": {
          "x": 0.0,
          "y": 0.0,
          "z": 0.0
        },
        "rotation_quaternion": {
          "w": 0.9991142153739929,
          "x": -0.039660677313804626,
          "y": -0.014028865844011307,
          "z": 0.001076988992281258
        },
        "scale": {
          "x": 1.0,
          "y": 1.0,
          "z": 1.0
        },
        "matrix_basis": [
          [
            0.9996040463447571,
            -0.001039281371049583,
            -0.028118306770920753,
            0.0
          ],
          [
            0.0032648586202412844,
            0.9968517422676086,
            0.07922087609767914,
            0.0
          ],
          [
            0.027947450056672096,
            -0.07928130775690079,
            0.9964604377746582,
            0.0
          ],
          [
            0.0,
            0.0,
            0.0,
            1.0
          ]
        ],
        "rotation_mode": "QUATERNION"
      },
      "armature_space": {
        "head": {
          "x": 0.5757814645767212,
          "y": -0.1313454508781433,
          "z": 0.7726234197616577
        },
        "tail": {
          "x": 0.6446928381919861,
          "y": -0.14677917957305908,
          "z": 0.8491500020027161
        }
      },
      "world_space": {
        "head": {
          "x": 0.5757814645767212,
          "y": -0.06810145080089569,
          "z": 1.7224774360656738
        },
        "tail": {
          "x": 0.6446928381919861,
          "y": -0.08353517949581146,
          "z": 1.799004077911377
        },
        "rotation_quaternion": {
          "w": 0.5481042265892029,
          "x": 0.19768771529197693,
          "y": -0.3542226552963257,
          "z": -0.73145592212677
        },
        "matrix": [
          [
            -0.32100021839141846,
            0.6617772579193115,
            -0.677502453327179,
            0.5757814645767212
          ],
          [
            -0.9418801665306091,
            -0.1482148915529251,
            0.3014872074127197,
            -0.06810145080089569
          ],
          [
            0.09910140186548233,
            0.7349085211753845,
            0.6708968877792358,
            1.7224774360656738
          ],
          [
            0.0,
            0.0,
            0.0,
            1.0
          ]
        ]
      },
      "bone_length_armature_space": 0.10413114519808059,
      "parent": "lowerarm_l",
      "has_children": true,
      "is_end_bone": false
    },
    "pinky_01_l": {
      "name": "pinky_01_l",
      "local": {
        "location": {
          "x": 0.0,
          "y": 0.0,
          "z": 0.0
        },
        "rotation_quaternion": {
          "w": 0.9641237854957581,
          "x": 0.26513469219207764,
          "y": 0.012627428397536278,
          "z": 0.0030761687085032463
        },
        "scale": {
          "x": 1.0,
          "y": 1.0,
          "z": 1.0
        },
        "matrix_basis": [
          [
            0.9996621608734131,
            0.0007643238641321659,
            0.025980006903409958,
            0.0
          ],
          [
            0.012627553194761276,
            0.8593882918357849,
            -0.5111676454544067,
            0.0
          ],
          [
            -0.022717610001564026,
            0.5113230347633362,
            0.8590883016586304,
            0.0
          ],
          [
            0.0,
            0.0,
            0.0,
            1.0
          ]
        ],
        "rotation_mode": "QUATERNION"
      },
      "armature_space": {
        "head": {
          "x": 0.6446928381919861,
          "y": -0.14677917957305908,
          "z": 0.8491500020027161
        },
        "tail": {
