{
  "metadata": {
    "armature_name": "KIM_caucasian_male",
    "export_time": "2026-01-13T21:05:05.106790",
    "blender_version": "4.4.1",
    "bone_count": 56,
    "end_bone_count": 13,
    "spaces_included": [
      "LOCAL_CHANNELS",
      "ARMATURE_SPACE",
      "WORLD_SPACE"
    ],
    "note": "LOCAL matches Transform panel; replay pose via local.matrix_basis for best fidelity."
  },
  "bones": {
    "Root": {
      "name": "Root",
      "local": {
        "location": {
          "x": 0.0,
          "y": 0.0,
          "z": 0.0
        },
        "rotation_quaternion": {
          "w": 0.9997049570083618,
          "x": 0.0032835782039910555,
          "y": -0.00556522561237216,
          "z": 0.023416046053171158
        },
        "scale": {
          "x": 1.0,
          "y": 1.0,
          "z": 1.0
        },
        "matrix_basis": [
          [
            0.998841404914856,
            -0.04685482382774353,
            -0.010973390191793442,
            0.0
          ],
          [
            0.04678172618150711,
            0.9988818168640137,
            -0.0068258498795330524,
            0.0
          ],
          [
            0.011280943639576435,
            0.0063045877031981945,
            0.9999164938926697,
            0.0
          ],
          [
            0.0,
            0.0,
            0.0,
            1.0
          ]
        ],
        "rotation_mode": "QUATERNION"
      },
      "armature_space": {
        "head": {
          "x": 0.0,
          "y": 0.07072800397872925,
          "z": -0.009595036506652832
        },
        "tail": {
          "x": -0.003344303695484996,
          "y": 1.8596649169921875e-05,
          "z": -0.0004566432908177376
        }
      },
      "world_space": {
        "head": {
          "x": 0.0,
          "y": 0.13397200405597687,
          "z": 0.9402589797973633
        },
        "tail": {
          "x": -0.003344303695484996,
          "y": 0.06326259672641754,
          "z": 0.9493973851203918
        },
        "rotation_quaternion": {
          "w": 0.0640716552734375,
          "x": 0.9976550340652466,
          "y": -0.023737769573926926,
          "z": -0.003975092899054289
        },
        "matrix": [
          [
            0.998841404914856,
            -0.04685482382774353,
            -0.010973390191793442,
            0.0
          ],
          [
            -0.047873590141534805,
            -0.9906626343727112,
            -0.12765458226203918,
            0.13397200405597687
          ],
          [
            -0.004889774601906538,
            0.12803196907043457,
            -0.9917650818824768,
            0.9402589797973633
          ],
          [
            0.0,
            0.0,
            0.0,
            1.0
          ]
        ]
      },
      "bone_length_armature_space": 0.07137586947405664,
      "parent": null,
      "has_children": true,
      "is_end_bone": false
    },
    "spine_01": {
      "name": "spine_01",
      "local": {
        "location": {
          "x": 0.0,
          "y": 0.0,
          "z": 0.0
        },
        "rotation_quaternion": {
          "w": 0.9960342645645142,
          "x": -0.050804752856492996,
          "y": -0.03862371668219566,
          "z": -0.061991382390260696
        },
        "scale": {
          "x": 1.0,
          "y": 1.0,
          "z": 1.0
        },
        "matrix_basis": [
          [
            0.989330530166626,
            0.12741561233997345,
            -0.07064217329025269,
            0.0
          ],
          [
            -0.11956654489040375,
            0.9871519207954407,
            0.10599522292613983,
            0.0
          ],
          [
            0.08324000239372253,
            -0.0964178740978241,
            0.991854190826416,
            0.0
          ],
          [
            0.0,
            0.0,
            0.0,
            1.0
          ]
        ],
        "rotation_mode": "QUATERNION"
      },
      "armature_space": {
        "head": {
          "x": -0.003344303695484996,
          "y": 1.8596649169921875e-05,
          "z": -0.0004566432908177376
        },
        "tail": {
          "x": 0.06428427249193192,
          "y": 0.06327735632658005,
          "z": 0.478681355714798
        }
      },
      "world_space": {
        "head": {
          "x": -0.003344303695484996,
          "y": 0.06326259672641754,
          "z": 0.9493973851203918
        },
        "tail": {
          "x": 0.06428427249193192,
          "y": 0.12652134895324707,
          "z": 1.4285353422164917
        },
        "rotation_quaternion": {
          "w": 0.751539945602417,
          "x": 0.653368353843689,
          "y": 0.0012852286454290152,
          "z": -0.09108184278011322
        },
        "matrix": [
          [
            0.9834046959877014,
            0.13858279585838318,
            -0.11708904057741165,
            -0.003344303695484996
          ],
          [
            -0.13522474467754364,
            0.1296282857656479,
            -0.982298731803894,
            0.06326259672641754
          ],
          [
            -0.12095264345407486,
            0.9818376898765564,
            0.14621701836585999,
            0.9493973851203918
          ],
          [
            0.0,
            0.0,
            0.0,
            1.0
          ]
        ]
      },
      "bone_length_armature_space": 0.4880046108506936,
      "parent": "Root",
      "has_children": true,
      "is_end_bone": false
    },
    "neck_01": {
      "name": "neck_01",
      "local": {
        "location": {
          "x": 0.0,
          "y": 0.0,
          "z": 0.0
        },
        "rotation_quaternion": {
          "w": 0.9896143674850464,
          "x": -0.08081261068582535,
          "y": 0.09124745428562164,
          "z": -0.0762016698718071
        },
        "scale": {
          "x": 1.0,
          "y": 1.0,
          "z": 1.0
        },
        "matrix_basis": [
          [
            0.9717344045639038,
            0.13607265055179596,
            0.19291569292545319,
            0.0
          ],
          [
            -0.16556842625141144,
            0.9753252267837524,
            0.14604023098945618,
            0.0
          ],
          [
            -0.16828347742557526,
            -0.1738530546426773,
            0.9702864289283752,
            0.0
          ],
          [
            0.0,
            0.0,
            0.0,
            1.0
          ]
        ],
        "rotation_mode": "QUATERNION"
      },
      "armature_space": {
        "head": {
          "x": 0.0703703910112381,
          "y": 0.038701992481946945,
          "z": 0.5556408762931824
        },
        "tail": {
          "x": 0.0953550785779953,
          "y": 0.028536751866340637,
          "z": 0.6545509099960327
        }
      },
      "world_space": {
        "head": {
          "x": 0.0703703910112381,
          "y": 0.10194599628448486,
          "z": 1.5054948329925537
        },
        "tail": {
          "x": 0.0953550785779953,
          "y": 0.09178075194358826,
          "z": 1.6044049263000488
        },
        "rotation_quaternion": {
          "w": 0.6626759171485901,
          "x": 0.7384344339370728,
          "y": 0.10622716695070267,
          "z": -0.06550607085227966
        },
        "matrix": [
          [
            0.9688493609428406,
            0.24370227754116058,
            0.044045984745025635,
            0.0703703910112381
          ],
          [
            0.07006648927927017,
            -0.09915243089199066,
            -0.992602527141571,
            0.10194599628448486
          ],
          [
            -0.2375338226556778,
            0.964775025844574,
            -0.11314085125923157,
            1.5054948329925537
          ],
          [
            0.0,
            0.0,
            0.0,
            1.0
          ]
        ]
      },
      "bone_length_armature_space": 0.1025220031540429,
      "parent": "spine_01",
      "has_children": true,
      "is_end_bone": false
    },
    "head": {
      "name": "head",
      "local": {
        "location": {
          "x": 0.0,
          "y": 0.0,
          "z": 0.0
        },
        "rotation_quaternion": {
          "w": 0.9871264696121216,
          "x": 0.0330205038189888,
          "y": -0.10687783360481262,
          "z": -0.11431606858968735
        },
        "scale": {
          "x": 1.0,
          "y": 1.0,
          "z": 1.0
        },
        "matrix_basis": [
          [
            0.9510179162025452,
            0.21863050758838654,
            -0.21855342388153076,
            0.0
          ],
          [
            -0.2327471524477005,
            0.9716829657554626,
            -0.04075511917471886,
            0.0
          ],
          [
            0.20345433056354523,
            0.08962653577327728,
            0.9749735593795776,
            0.0
          ],
          [
            0.0,
            0.0,
            0.0,
            1.0
          ]
        ],
        "rotation_mode": "QUATERNION"
      },
      "armature_space": {
        "head": {
          "x": 0.0953550636768341,
          "y": 0.0285366028547287,
          "z": 0.6545508503913879
        },
        "tail": {
          "x": 0.16172902286052704,
          "y": 0.0575907863676548,
          "z": 0.7916771173477173
        }
      },
      "world_space": {
        "head": {
          "x": 0.0953550636768341,
          "y": 0.09178060293197632,
          "z": 1.6044049263000488
        },
        "tail": {
          "x": 0.16172902286052704,
          "y": 0.12083478271961212,
          "z": 1.7415311336517334
        },
        "rotation_quaternion": {
          "w": 0.7643694281578064,
          "x": 0.604157567024231,
          "y": 0.09699278324842453,
          "z": -0.20328639447689056
        },
        "matrix": [
          [
            0.8985337615013123,
            0.4279699921607971,
            -0.09735938161611557,
            0.0953550636768341
          ],
          [
            -0.19357651472091675,
            0.18733730912208557,
            -0.9630333185195923,
            0.09178060293197632
          ],
          [
            -0.393913209438324,
            0.8841707706451416,
            0.251174658536911,
            1.6044049263000488
          ],
          [
            0.0,
            0.0,
            0.0,
            1.0
          ]
        ]
      },
      "bone_length_armature_space": 0.15509113801718974,
      "parent": "neck_01",
      "has_children": false,
      "is_end_bone": true
    },
    "upperarm_l": {
      "name": "upperarm_l",
      "local": {
        "location": {
          "x": 0.0,
          "y": 0.0,
          "z": 0.0
        },
        "rotation_quaternion": {
          "w": 0.9436912536621094,
          "x": 0.15826842188835144,
          "y": 0.1893368810415268,
          "z": -0.22033976018428802
        },
        "scale": {
          "x": 1.0,
          "y": 1.0,
          "z": 1.0
        },
        "matrix_basis": [
          [
            0.8312038779258728,
            0.47579750418663025,
            0.2876054644584656,
            0.0
          ],
          [
            -0.3559333086013794,
            0.8528029918670654,
            -0.38214993476867676,
            0.0
          ],
          [
            -0.42709678411483765,
            0.21527616679668427,
            0.8782052993774414,
            0.0
          ],
          [
            0.0,
            0.0,
            0.0,
            1.0
          ]
        ],
        "rotation_mode": "QUATERNION"
      },
      "armature_space": {
        "head": {
          "x": 0.208193838596344,
          "y": 0.006573572754859924,
          "z": 0.4719771444797516
        },
        "tail": {
          "x": 0.4081270694732666,
          "y": -0.08637997508049011,
          "z": 0.319680392742157
        }
      },
      "world_space": {
        "head": {
          "x": 0.208193838596344,
          "y": 0.06981757283210754,
          "z": 1.4218311309814453
        },
        "tail": {
          "x": 0.4081270694732666,
          "y": -0.023135975003242493,
          "z": 1.2695343494415283
        },
        "rotation_quaternion": {
          "w": 0.1445305049419403,
          "x": 0.5058200359344482,
          "y": 0.5528749227523804,
          "z": -0.6462092399597168
        },
        "matrix": [
          [
            -0.44651103019714355,
            0.7461046576499939,
            -0.49391859769821167,
            0.208193838596344
          ],
          [
            0.3725198805332184,
            -0.3468811511993408,
            -0.8607569932937622,
            0.06981757283210754
          ],
          [
            -0.8135513067245483,
            -0.5683363676071167,
            -0.12305424362421036,
            1.4218311309814453
          ],
          [
            0.0,
            0.0,
            0.0,
            1.0
          ]
        ]
      },
      "bone_length_armature_space": 0.26797006957060104,
      "parent": "spine_01",
      "has_children": true,
      "is_end_bone": false
    },
    "lowerarm_l": {
      "name": "lowerarm_l",
      "local": {
        "location": {
          "x": 0.0,
          "y": 0.0,
          "z": 0.0
        },
        "rotation_quaternion": {
          "w": 0.9957129955291748,
          "x": 0.042433831840753555,
          "y": -0.04980430752038956,
          "z": 0.06538151949644089
        },
        "scale": {
          "x": 1.0,
          "y": 1.0,
          "z": 1.0
        },
        "matrix_basis": [
          [
            0.9864895939826965,
            -0.1344292312860489,
            -0.09363281726837158,
            0.0
          ],
          [
            0.12597568333148956,
            0.987849235534668,
            -0.09101639688014984,
            0.0
          ],
          [
            0.10473036766052246,
            0.07799126952886581,
            0.9914377927780151,
            0.0
          ],
          [
            0.0,
            0.0,
            0.0,
            1.0
          ]
        ],
        "rotation_mode": "QUATERNION"
      },
      "armature_space": {
        "head": {
          "x": 0.40812718868255615,
          "y": -0.08638009428977966,
          "z": 0.31968042254447937
        },
        "tail": {
          "x": 0.6029641628265381,
          "y": -0.23639334738254547,
          "z": 0.21430446207523346
        }
      },
      "world_space": {
        "head": {
          "x": 0.40812718868255615,
          "y": -0.023136094212532043,
          "z": 1.2695344686508179
        },
        "tail": {
          "x": 0.6029641628265381,
          "y": -0.17314934730529785,
          "z": 1.1641584634780884
        },
        "rotation_quaternion": {
          "w": 0.22173340618610382,
          "x": 0.4857163727283478,
          "y": 0.4128705561161041,
          "z": -0.7378697395324707
        },
        "matrix": [
          [
            -0.4298284351825714,
            0.7282958626747131,
            -0.5336968898773193,
            0.40812718868255615
          ],
          [
            0.07385329157114029,
            -0.560745894908905,
            -0.8246877193450928,
            -0.023136094212532043
          ],
          [
            -0.8998913168907166,
            -0.393892765045166,
            0.18723805248737335,
            1.2695344686508179
          ],
          [
            0.0,
            0.0,
            0.0,
            1.0
          ]
        ]
      },
      "bone_length_armature_space": 0.2675247922359004,
      "parent": "upperarm_l",
      "has_children": true,
      "is_end_bone": false
    },
    "metacarpal_thumb_l": {
      "name": "metacarpal_thumb_l",
      "local": {
        "location": {
          "x": 0.0,
          "y": 0.0,
          "z": 0.0
        },
        "rotation_quaternion": {
          "w": 0.999793291091919,
          "x": 0.012888485565781593,
          "y": -0.013874489814043045,
          "z": -0.007407998666167259
        },
        "scale": {
          "x": 1.0,
          "y": 1.0,
          "z": 1.0
        },
        "matrix_basis": [
          [
            0.9995052218437195,
            0.014455292373895645,
            -0.027934199199080467,
            0.0
          ],
          [
            -0.015170576982200146,
            0.9995580315589905,
            -0.02556607872247696,
            0.0
          ],
          [
            0.0275522880256176,
            0.025977207347750664,
            0.9992827773094177,
            0.0
          ],
          [
            0.0,
            0.0,
            0.0,
            1.0
          ]
        ],
        "rotation_mode": "QUATERNION"
      },
      "armature_space": {
        "head": {
          "x": 0.6029641628265381,
          "y": -0.23639334738254547,
          "z": 0.21430446207523346
        },
        "tail": {
          "x": 0.611870288848877,
          "y": -0.2810836732387543,
          "z": 0.19488677382469177
        }
      },
      "world_space": {
        "head": {
          "x": 0.6029641628265381,
          "y": -0.17314934730529785,
          "z": 1.1641584634780884
        },
        "tail": {
          "x": 0.611870288848877,
          "y": -0.21783967316150665,
          "z": 1.1447408199310303
        },
        "rotation_quaternion": {
          "w": 0.16727477312088013,
          "x": -0.9365150928497314,
          "y": -0.1445983201265335,
          "z": 0.2721211910247803
        },
        "matrix": [
          [
            0.8100826144218445,
            0.17979949712753296,
            -0.5580663681030273,
            0.6029641628265381
          ],
          [
            0.36187517642974854,
            -0.9022210836410522,
            0.23461303114891052,
            -0.17314934730529785
          ],
          [
            -0.4613189399242401,
            -0.39200982451438904,
            -0.795944094657898,
            1.1641584634780884
          ],
          [
            0.0,
            0.0,
            0.0,
            1.0
          ]
        ]
      },
      "bone_length_armature_space": 0.049533735076114735,
      "parent": "lowerarm_l",
      "has_children": true,
      "is_end_bone": false
    },
    "thumb_01_l": {
      "name": "thumb_01_l",
      "local": {
        "location": {
          "x": 0.0,
          "y": 0.0,
          "z": 0.0
        },
        "rotation_quaternion": {
          "w": 0.9981644153594971,
          "x": -0.06037344038486481,
          "y": -0.003606473095715046,
          "z": 0.0031463932245969772
        },
        "scale": {
          "x": 1.0,
          "y": 1.0,
          "z": 1.0
        },
        "matrix_basis": [
          [
            0.9999541640281677,
            -0.005845765117555857,
            -0.007579623255878687,
            0.0
          ],
          [
            0.006716705858707428,
            0.9926903247833252,
            0.1205025464296341,
            0.0
          ],
          [
            0.006819788832217455,
            -0.12054793536663055,
            0.9926840662956238,
            0.0
          ],
          [
            0.0,
            0.0,
            0.0,
            1.0
          ]
        ],
        "rotation_mode": "QUATERNION"
      },
      "armature_space": {
        "head": {
          "x": 0.611870288848877,
          "y": -0.2810836732387543,
          "z": 0.19488677382469177
        },
        "tail": {
          "x": 0.595327615737915,
          "y": -0.297895222902298,
          "z": 0.1703440248966217
        }
      },
      "world_space": {
        "head": {
          "x": 0.611870288848877,
          "y": -0.21783967316150665,
          "z": 1.1447408199310303
        },
        "tail": {
          "x": 0.595327615737915,
          "y": -0.23465122282505035,
          "z": 1.1201980113983154
        },
        "rotation_quaternion": {
          "w": 0.29882967472076416,
          "x": -0.8143161535263062,
          "y": 0.40466299653053284,
          "z": -0.28954795002937317
        },
        "matrix": [
          [
            0.5048182606697083,
            -0.48599714040756226,
            0.7134180068969727,
            0.611870288848877
          ],
          [
            -0.8320985436439514,
            -0.4938972294330597,
            0.2523432970046997,
            -0.21783967316150665
          ],
          [
            0.22971796989440918,
            -0.7210272550582886,
            -0.6537303924560547,
            1.1447408199310303
          ],
          [
            0.0,
            0.0,
            0.0,
            1.0
          ]
        ]
      },
      "bone_length_armature_space": 0.03403872475238733,
      "parent": "metacarpal_thumb_l",
      "has_children": true,
      "is_end_bone": false
    },
    "thumb_02_l": {
      "name": "thumb_02_l",
      "local": {
        "location": {
          "x": 0.0,
          "y": 0.0,
          "z": 0.0
        },
        "rotation_quaternion": {
          "w": 0.9965277910232544,
          "x": 0.0825338140130043,
          "y": 0.008697697892785072,
          "z": 0.0067088245414197445
        },
        "scale": {
          "x": 1.0,
          "y": 1.0,
          "z": 1.0
        },
        "matrix_basis": [
          [
            0.9997586607933044,
            -0.01193535141646862,
            0.01844240538775921,
            0.0
          ],
          [
            0.014806768856942654,
            0.9862863421440125,
            -0.16437777876853943,
            0.0
          ],
          [
            -0.016227586194872856,
            0.16461117565631866,
            0.9862250685691833,
            0.0
          ],
          [
            0.0,
            0.0,
            0.0,
            1.0
          ]
        ],
        "rotation_mode": "QUATERNION"
      },
      "armature_space": {
        "head": {
          "x": 0.5953275561332703,
          "y": -0.2978951930999756,
          "z": 0.17034406960010529
        },
        "tail": {
          "x": 0.6212387084960938,
          "y": -0.3198629915714264,
          "z": 0.14891476929187775
        }
      },
      "world_space": {
        "head": {
          "x": 0.5953275561332703,
          "y": -0.23465119302272797,
          "z": 1.120198130607605
        },
        "tail": {
          "x": 0.6212387084960938,
          "y": -0.2566189765930176,
          "z": 1.0987688302993774
        },
        "rotation_quaternion": {
          "w": 0.47342878580093384,
          "x": -0.48791226744651794,
          "y": 0.04889353737235069,
          "z": -0.7317214012145996
        },
        "matrix": [
          [
            -0.07561197131872177,
            0.6451268792152405,
            0.7603249549865723,
            0.5953275561332703
          ],
          [
            -0.7405472993850708,
            -0.5469470620155334,
            0.39043354988098145,
            -0.23465119302272797
          ],
          [
            0.6677408218383789,
            -0.5335394740104675,
            0.5191068053245544,
            1.120198130607605
          ],
          [
            0.0,
            0.0,
            0.0,
            1.0
          ]
        ]
      },
      "bone_length_armature_space": 0.040164498069321694,
      "parent": "thumb_01_l",
      "has_children": true,
      "is_end_bone": false
    },
    "thumb_03_l": {
      "name": "thumb_03_l",
      "local": {
        "location": {
          "x": 0.0,
          "y": 0.0,
          "z": 0.0
        },
        "rotation_quaternion": {
          "w": 0.9985024929046631,
          "x": 0.05380402132868767,
          "y": 0.0043483576737344265,
          "z": 0.00890097301453352
        },
        "scale": {
          "x": 1.0,
          "y": 1.0,
          "z": 1.0
        },
        "matrix_basis": [
          [
            0.9998037219047546,
            -0.01730736903846264,
            0.00964150857180357,
            0.0
          ],
          [
            0.018243206664919853,
            0.9940518140792847,
            -0.10736948996782303,
            0.0
          ],
          [
            -0.007725875824689865,
            0.10752430558204651,
            0.9941724538803101,
            0.0
          ],
          [
            0.0,
            0.0,
            0.0,
            1.0
          ]
        ],
        "rotation_mode": "QUATERNION"
      },
      "armature_space": {
        "head": {
          "x": 0.6212385892868042,
          "y": -0.31986305117607117,
          "z": 0.14891481399536133
        },
        "tail": {
          "x": 0.6481963992118835,
          "y": -0.32770854234695435,
          "z": 0.137141153216362
        }
      },
      "world_space": {
        "head": {
          "x": 0.6212385892868042,
          "y": -0.25661903619766235,
          "z": 1.0987688302993774
        },
        "tail": {
          "x": 0.6481963992118835,
          "y": -0.2644645571708679,
          "z": 1.0869951248168945
        },
        "rotation_quaternion": {
          "w": 0.6058492660522461,
          "x": -0.2392599731683731,
          "y": 0.06402263790369034,
          "z": -0.7560439109802246
        },
        "matrix": [
          [
            -0.15140129625797272,
            0.8854618668556213,
            0.4393573999404907,
            0.6212385892868042
          ],
          [
            -0.9467330574989319,
            -0.2576945722103119,
            0.1931057572364807,
            -0.25661903619766235
          ],
          [
            0.2842089831829071,
            -0.3867206573486328,
            0.8773178458213806,
            1.0987688302993774
          ],
          [
            0.0,
            0.0,
            0.0,
            1.0
          ]
        ]
      },
      "bone_length_armature_space": 0.030444939472759593,
      "parent": "thumb_02_l",
      "has_children": false,
      "is_end_bone": true
    },
    "metacarpal_index_l": {
      "name": "metacarpal_index_l",
      "local": {
        "location": {
          "x": 0.0,
          "y": 0.0,
          "z": 0.0
        },
        "rotation_quaternion": {
          "w": 0.9988775849342346,
          "x": -0.047314975410699844,
          "y": 0.0003110026882495731,
          "z": -0.0021823581773787737
        },
        "scale": {
          "x": 1.0,
          "y": 1.0,
          "z": 1.0
        },
        "matrix_basis": [
          [
            0.9999902844429016,
            0.0043303873389959335,
            0.0008278236491605639,
            0.0
          ],
          [
            -0.004389247391372919,
            0.9955130815505981,
            0.0945223793387413,
            0.0
          ],
          [
            -0.0004147907893639058,
            -0.09452509135007858,
            0.9955223798751831,
            0.0
          ],
          [
            0.0,
            0.0,
            0.0,
            1.0
          ]
        ],
        "rotation_mode": "QUATERNION"
      },
      "armature_space": {
        "head": {
          "x": 0.6029641628265381,
          "y": -0.23639334738254547,
          "z": 0.21430446207523346
        },
        "tail": {
          "x": 0.6712183952331543,
          "y": -0.3242708742618561,
          "z": 0.17758747935295105
        }
      },
      "world_space": {
        "head": {
          "x": 0.6029641628265381,
          "y": -0.17314934730529785,
          "z": 1.1641584634780884
        },
        "tail": {
          "x": 0.6712183952331543,
          "y": -0.26102685928344727,
          "z": 1.1274415254592896
        },
        "rotation_quaternion": {
          "w": 0.007908983156085014,
          "x": 0.8136621713638306,
          "y": 0.35347190499305725,
          "z": -0.46146395802497864
        },
        "matrix": [
          [
            0.32421639561653137,
            0.5825147032737732,
            -0.7453591227531433,
            0.6029641628265381
          ],
          [
            0.5679141879081726,
            -0.7499890327453613,
            -0.3391019403934479,
            -0.17314934730529785
          ],
          [
            -0.7565478682518005,
            -0.31336045265197754,
            -0.5739813446998596,
            1.1641584634780884
          ],
          [
            0.0,
            0.0,
            0.0,
            1.0
          ]
        ]
      },
      "bone_length_armature_space": 0.1171718264072059,
      "parent": "lowerarm_l",
      "has_children": true,
      "is_end_bone": false
    },
    "index_01_l": {
      "name": "index_01_l",
      "local": {
        "location": {
          "x": 0.0,
          "y": 0.0,
          "z": 0.0
        },
        "rotation_quaternion": {
          "w": 0.9930920600891113,
          "x": -0.11484965682029724,
          "y": 0.022732259705662727,
          "z": 0.007812848314642906
        },
        "scale": {
          "x": 1.0,
          "y": 1.0,
          "z": 1.0
        },
        "matrix_basis": [
          [
            0.9988443851470947,
            -0.020739339292049408,
            0.043355848640203476,
            0.0
          ],
          [
            0.010296170599758625,
            0.9734970331192017,
            0.22846777737140656,
            0.0
          ],
          [
            -0.046945057809352875,
            -0.22775736451148987,
            0.9725856184959412,
            0.0
          ],
          [
            0.0,
            0.0,
            0.0,
            1.0
          ]
        ],
        "rotation_mode": "QUATERNION"
      },
      "armature_space": {
        "head": {
          "x": 0.6712183952331543,
          "y": -0.3242708742618561,
          "z": 0.17758747935295105
        },
        "tail": {
          "x": 0.6962546110153198,
          "y": -0.33485138416290283,
          "z": 0.16896715760231018
        }
      },
      "world_space": {
        "head": {
          "x": 0.6712183952331543,
          "y": -0.26102685928344727,
          "z": 1.1274415254592896
        },
        "tail": {
          "x": 0.6962546110153198,
          "y": -0.2716073989868164,
          "z": 1.118821144104004
        },
        "rotation_quaternion": {
          "w": 0.050149306654930115,
          "x": 0.7556201815605164,
          "y": 0.5585289001464844,
          "z": -0.3384800851345062
        },
        "matrix": [
          [
            0.14695203304290771,
            0.8780217170715332,
            -0.4555029273033142,
            0.6712183952331543
          ],
          [
            0.8101217746734619,
            -0.3710591793060303,
            -0.4538919925689697,
            -0.26102685928344727
          ],
          [
            -0.5675488114356995,
            -0.30231499671936035,
            -0.7658381462097168,
            1.1274415254592896
          ],
          [
            0.0,
            0.0,
            0.0,
            1.0
          ]
        ]
      },
      "bone_length_armature_space": 0.0285143690800234,
      "parent": "metacarpal_index_l",
      "has_children": true,
      "is_end_bone": false
    },
    "index_02_l": {
      "name": "index_02_l",
      "local": {
        "location": {
          "x": 0.0,
          "y": 0.0,
          "z": 0.0
        },
        "rotation_quaternion": {
          "w": 0.9995728731155396,
          "x": 0.0268747229129076,
          "y": 0.010716831311583519,
          "z": -0.004121988080441952
        },
        "scale": {
          "x": 1.0,
          "y": 1.0,
          "z": 1.0
        },
        "matrix_basis": [
          [
            0.9997363090515137,
            0.00881647877395153,
            0.021202953532338142,
            0.0
          ],
          [
            -0.007664431352168322,
            0.9985215067863464,
            -0.0538148358464241,
            0.0
          ],
          [
            -0.021646061912178993,
            0.05363813787698746,
            0.9983258247375488,
            0.0
          ],
          [
            0.0,
            0.0,
            0.0,
            1.0
          ]
        ],
        "rotation_mode": "QUATERNION"
      },
      "armature_space": {
        "head": {
          "x": 0.6962547898292542,
          "y": -0.33485186100006104,
          "z": 0.16896693408489227
        },
        "tail": {
          "x": 0.7186682224273682,
          "y": -0.34383460879325867,
          "z": 0.16030441224575043
        }
      },
      "world_space": {
        "head": {
          "x": 0.6962547898292542,
          "y": -0.2716078758239746,
          "z": 1.1188209056854248
        },
        "tail": {
          "x": 0.7186682224273682,
          "y": -0.28059059381484985,
          "z": 1.1101584434509277
        },
        "rotation_quaternion": {
          "w": 0.049371276050806046,
          "x": 0.737851083278656,
          "y": 0.5678744912147522,
          "z": -0.36146485805511475
        },
        "matrix": [
          [
            0.09372179210186005,
            0.8737069368362427,
            -0.47733867168426514,
            0.6962547898292542
          ],
          [
            0.8023210167884827,
            -0.3501598536968231,
            -0.4833933413028717,
            -0.2716078758239746
          ],
          [
            -0.5894923210144043,
            -0.33767712116241455,
            -0.7338168025016785,
            1.1188209056854248
          ],
          [
            0.0,
            0.0,
            0.0,
            1.0
          ]
        ]
      },
      "bone_length_armature_space": 0.025653284768847727,
      "parent": "index_01_l",
      "has_children": true,
      "is_end_bone": false
    },
    "index_03_l": {
      "name": "index_03_l",
      "local": {
        "location": {
          "x": 0.0,
          "y": 0.0,
          "z": 0.0
        },
        "rotation_quaternion": {
          "w": 0.9991020560264587,
          "x": 0.04236961156129837,
          "y": -0.0002610533556435257,
          "z": -3.23462336382363e-05
        },
        "scale": {
          "x": 1.0,
          "y": 1.0,
          "z": 1.0
        },
        "matrix_basis": [
          [
            0.9999998807907104,
            4.251291829859838e-05,
            -0.0005243789055384696,
            0.0
          ],
          [
            -8.675583376316354e-05,
            0.9964096546173096,
            -0.08466311544179916,
            0.0
          ],
          [
            0.0005188969080336392,
            0.08466314524412155,
            0.9964094758033752,
            0.0
          ],
          [
            0.0,
            0.0,
            0.0,
            1.0
          ]
        ],
        "rotation_mode": "QUATERNION"
      },
      "armature_space": {
        "head": {
          "x": 0.7186682820320129,
          "y": -0.3438345491886139,
          "z": 0.16030453145503998
        },
        "tail": {
          "x": 0.7415638566017151,
          "y": -0.3540388345718384,
          "z": 0.14529116451740265
        }
      },
      "world_space": {
        "head": {
          "x": 0.7186682820320129,
          "y": -0.2805905342102051,
          "z": 1.1101585626602173
        },
        "tail": {
          "x": 0.7415638566017151,
          "y": -0.29079484939575195,
          "z": 1.0951452255249023
        },
        "rotation_quaternion": {
          "w": 0.051185980439186096,
          "x": -0.7244979739189148,
          "y": -0.5681195855140686,
          "z": 0.3869404196739197
        },
        "matrix": [
          [
            0.05503241345286369,
            0.783592700958252,
            -0.6188325881958008,
            0.7186682820320129
          ],
          [
            0.8628142476081848,
            -0.34923848509788513,
            -0.3654916286468506,
            -0.2805905342102051
          ],
          [
            -0.502519428730011,
            -0.5138277411460876,
            -0.6953195929527283,
            1.1101585626602173
          ],
          [
            0.0,
            0.0,
            0.0,
            1.0
          ]
        ]
      },
      "bone_length_armature_space": 0.0292187600527041,
      "parent": "index_02_l",
      "has_children": false,
      "is_end_bone": true
    },
    "metacarpal_pinky_l": {
      "name": "metacarpal_pinky_l",
      "local": {
        "location": {
          "x": 0.0,
          "y": 0.0,
          "z": 0.0
        },
        "rotation_quaternion": {
          "w": 0.9983734488487244,
          "x": -0.056877508759498596,
          "y": -0.0019429668318480253,
          "z": -0.003433600068092346
        },
        "scale": {
          "x": 1.0,
          "y": 1.0,
          "z": 1.0
        },
        "matrix_basis": [
          [
            0.9999688863754272,
            0.007077052723616362,
            -0.0034890237729996443,
            0.0
          ],
          [
            -0.006635007914155722,
            0.9935063123703003,
            0.11358333379030228,
            0.0
          ],
          [
            0.00427020201459527,
            -0.1135566458106041,
            0.9935223460197449,
            0.0
          ],
          [
            0.0,
            0.0,
            0.0,
            1.0
          ]
        ],
        "rotation_mode": "QUATERNION"
      },
      "armature_space": {
        "head": {
          "x": 0.6029641628265381,
          "y": -0.23639334738254547,
          "z": 0.21430446207523346
        },
        "tail": {
          "x": 0.68695467710495,
          "y": -0.2624848186969757,
          "z": 0.15855421125888824
        }
      },
      "world_space": {
        "head": {
          "x": 0.6029641628265381,
          "y": -0.17314934730529785,
          "z": 1.1641584634780884
        },
        "tail": {
          "x": 0.68695467710495,
          "y": -0.1992408186197281,
          "z": 1.1084082126617432
        },
        "rotation_quaternion": {
          "w": 0.5425844192504883,
          "x": -0.08259278535842896,
          "y": 0.2834068834781647,
          "z": -0.7864230871200562
        },
        "matrix": [
          [
            -0.39755943417549133,
            0.806586742401123,
            0.43745172023773193,
            0.6029641628265381
          ],
          [
            -0.9002177119255066,
            -0.2505645155906677,
            -0.35612595081329346,
            -0.17314934730529785
          ],
          [
            -0.17763860523700714,
            -0.5353869795799255,
            0.82572340965271,
            1.1641584634780884
          ],
          [
            0.0,
            0.0,
            0.0,
            1.0
          ]
        ]
      },
      "bone_length_armature_space": 0.10413098518874134,
      "parent": "lowerarm_l",
      "has_children": true,
      "is_end_bone": false
    },
    "pinky_01_l": {
      "name": "pinky_01_l",
      "local": {
        "location": {
          "x": 0.0,
          "y": 0.0,
          "z": 0.0
        },
        "rotation_quaternion": {
          "w": 0.9953802824020386,
          "x": -0.09460005164146423,
          "y": 0.008395724929869175,
          "z": 0.014086250215768814
        },
        "scale": {
          "x": 1.0,
          "y": 1.0,
          "z": 1.0
        },
        "matrix_basis": [
          [
            0.9994621872901917,
            -0.02963082306087017,
            0.014048757962882519,
            0.0
          ],
          [
            0.026453878730535507,
            0.981704831123352,
            0.18856258690357208,
            0.0
          ],
          [
            -0.01937899738550186,
            -0.188089519739151,
            0.9819607138633728,
            0.0
          ],
          [
            0.0,
            0.0,
            0.0,
            1.0
          ]
        ],
        "rotation_mode": "QUATERNION"
      },
      "armature_space": {
        "head": {
          "x": 0.68695467710495,
          "y": -0.2624848186969757,
          "z": 0.15855421125888824
        },
        "tail": {
