{
  "metadata": {
    "armature_name": "KIM_caucasian_male",
    "export_time": "2026-01-13T21:04:42.339293",
    "blender_version": "4.4.1",
    "bone_count": 56,
    "end_bone_count": 13,
    "spaces_included": [
      "LOCAL_CHANNELS",
      "ARMATURE_SPACE",
      "WORLD_SPACE"
    ],
    "note": "LOCAL matches Transform panel; replay pose via local.matrix_basis for best fidelity."
  },
  "bones": {
    "Root": {
      "name": "Root",
      "local": {
        "location": {
          "x": 0.0,
          "y": 0.0,
          "z": 0.0
        },
        "rotation_quaternion": {
          "w": 0.9998084902763367,
          "x": 0.0020033412147313356,
          "y": -0.007493542041629553,
          "z": -0.017971500754356384
        },
        "scale": {
          "x": 1.0,
          "y": 1.0,
          "z": 1.0
        },
        "matrix_basis": [
          [
            0.9992417693138123,
            0.035906095057725906,
            -0.015056219883263111,
            0.0
          ],
          [
            -0.035966143012046814,
            0.9993460178375244,
            -0.0037365746684372425,
            0.0
          ],
          [
            0.01491220761090517,
            0.004275255370885134,
            0.9998796582221985,
            0.0
          ],
          [
            0.0,
            0.0,
            0.0,
            1.0
          ]
        ],
        "rotation_mode": "QUATERNION"
      },
      "armature_space": {
        "head": {
          "x": 0.0,
          "y": 0.07072800397872925,
          "z": -0.009595036506652832
        },
        "tail": {
          "x": 0.002562828827649355,
          "y": 5.237758159637451e-06,
          "z": -0.00030865706503391266
        }
      },
      "world_space": {
        "head": {
          "x": 0.0,
          "y": 0.13397200405597687,
          "z": 0.9402589797973633
        },
        "tail": {
          "x": 0.002562828827649355,
          "y": 0.06324923783540726,
          "z": 0.9495453834533691
        },
        "rotation_quaternion": {
          "w": 0.06535596400499344,
          "x": 0.9976720809936523,
          "y": 0.01742585189640522,
          "z": -0.008687221445143223
        },
        "matrix": [
          [
            0.9992417693138123,
            0.035906095057725906,
            -0.015056219883263111,
            0.0
          ],
          [
            0.03363504260778427,
            -0.9908498525619507,
            -0.13071085512638092,
            0.13397200405597687
          ],
          [
            -0.019611874595284462,
            0.13010530173778534,
            -0.9913132190704346,
            0.9402589797973633
          ],
          [
            0.0,
            0.0,
            0.0,
            1.0
          ]
        ]
      },
      "bone_length_armature_space": 0.07137586936574684,
      "parent": null,
      "has_children": true,
      "is_end_bone": false
    },
    "spine_01": {
      "name": "spine_01",
      "local": {
        "location": {
          "x": 0.0,
          "y": 0.0,
          "z": 0.0
        },
        "rotation_quaternion": {
          "w": 0.9979481101036072,
          "x": -0.024793095886707306,
          "y": -0.04806480184197426,
          "z": -0.034274112433195114
        },
        "scale": {
          "x": 1.0,
          "y": 1.0,
          "z": 1.0
        },
        "matrix_basis": [
          [
            0.9930301308631897,
            0.07079092413187027,
            -0.09423283487558365,
            0.0
          ],
          [
            -0.06602422147989273,
            0.9964211583137512,
            0.05277920141816139,
            0.0
          ],
          [
            0.09763187915086746,
            -0.04618968814611435,
            0.9941501617431641,
            0.0
          ],
          [
            0.0,
            0.0,
            0.0,
            1.0
          ]
        ],
        "rotation_mode": "QUATERNION"
      },
      "armature_space": {
        "head": {
          "x": 0.002562828827649355,
          "y": 5.237758159637451e-06,
          "z": -0.00030865706503391266
        },
        "tail": {
          "x": 0.0451350100338459,
          "y": 0.0446026436984539,
          "z": 0.4837855100631714
        }
      },
      "world_space": {
        "head": {
          "x": 0.002562828827649355,
          "y": 0.06324923783540726,
          "z": 0.9495453834533691
        },
        "tail": {
          "x": 0.0451350100338459,
          "y": 0.10784664750099182,
          "z": 1.4336395263671875
        },
        "rotation_quaternion": {
          "w": 0.7386721968650818,
          "x": 0.6719999313354492,
          "y": 0.007556265685707331,
          "z": -0.05217621102929115
        },
        "matrix": [
          [
            0.9944410920143127,
            0.08723785728216171,
            -0.05896216258406639,
            0.002562828827649355
          ],
          [
            -0.06692720949649811,
            0.09138789772987366,
            -0.9935638904571533,
            0.06324923783540726
          ],
          [
            -0.08128856867551804,
            0.99199378490448,
            0.09671822190284729,
            0.9495453834533691
          ],
          [
            0.0,
            0.0,
            0.0,
            1.0
          ]
        ]
      },
      "bone_length_armature_space": 0.4880045940326551,
      "parent": "Root",
      "has_children": true,
      "is_end_bone": false
    },
    "neck_01": {
      "name": "neck_01",
      "local": {
        "location": {
          "x": 0.0,
          "y": 0.0,
          "z": 0.0
        },
        "rotation_quaternion": {
          "w": 0.9884390830993652,
          "x": 0.004777718801051378,
          "y": -0.09602700918912888,
          "z": 0.1172359362244606
        },
        "scale": {
          "x": 1.0,
          "y": 1.0,
          "z": 1.0
        },
        "matrix_basis": [
          [
            0.9540690779685974,
            -0.23267874121665955,
            -0.1887134611606598,
            0.0
          ],
          [
            0.23084358870983124,
            0.9724658131599426,
            -0.03196059912443161,
            0.0
          ],
          [
            0.19095394015312195,
            -0.013070664368569851,
            0.9815119504928589,
            0.0
          ],
          [
            0.0,
            0.0,
            0.0,
            1.0
          ]
        ],
        "rotation_mode": "QUATERNION"
      },
      "armature_space": {
        "head": {
          "x": 0.04947759583592415,
          "y": 0.01683669164776802,
          "z": 0.5597720146179199
        },
        "tail": {
          "x": 0.03169135004281998,
          "y": -0.009452827274799347,
          "z": 0.6572567224502563
        }
      },
      "world_space": {
        "head": {
          "x": 0.04947759583592415,
          "y": 0.08008068799972534,
          "z": 1.509626030921936
        },
        "tail": {
          "x": 0.03169135004281998,
          "y": 0.05379117280244827,
          "z": 1.6071107387542725
        },
        "rotation_quaternion": {
          "w": 0.5898234844207764,
          "x": 0.7903222441673279,
          "y": -0.15457403659820557,
          "z": -0.06005067378282547
        },
        "matrix": [
          [
            0.9450014233589172,
            -0.17348821461200714,
            -0.27726230025291443,
            0.04947759583592415
          ],
          [
            -0.3151659667491913,
            -0.2564297318458557,
            -0.9137366414070129,
            0.08008068799972534
          ],
          [
            0.08742453157901764,
            0.9508721232414246,
            -0.29700687527656555,
            1.509626030921936
          ],
          [
            0.0,
            0.0,
            0.0,
            1.0
          ]
        ]
      },
      "bone_length_armature_space": 0.10252198775361303,
      "parent": "spine_01",
      "has_children": true,
      "is_end_bone": false
    },
    "head": {
      "name": "head",
      "local": {
        "location": {
          "x": 0.0,
          "y": 0.0,
          "z": 0.0
        },
        "rotation_quaternion": {
          "w": 0.9898948073387146,
          "x": 0.02443917840719223,
          "y": -0.13937021791934967,
          "z": -0.009321171790361404
        },
        "scale": {
          "x": 1.0,
          "y": 1.0,
          "z": 1.0
        },
        "matrix_basis": [
          [
            0.960978090763092,
            0.011641771532595158,
            -0.2763793170452118,
            0.0
          ],
          [
            -0.025266146287322044,
            0.9986316561698914,
            -0.04578624293208122,
            0.0
          ],
          [
            0.275468111038208,
            0.05098262056708336,
            0.9599573612213135,
            0.0
          ],
          [
            0.0,
            0.0,
            0.0,
            1.0
          ]
        ],
        "rotation_mode": "QUATERNION"
      },
      "armature_space": {
        "head": {
          "x": 0.03169132024049759,
          "y": -0.009452950209379196,
          "z": 0.657256543636322
        },
        "tail": {
          "x": 0.02121218852698803,
          "y": -0.0033286106772720814,
          "z": 0.8118721842765808
        }
      },
      "world_space": {
        "head": {
          "x": 0.03169132024049759,
          "y": 0.05379104986786842,
          "z": 1.6071105003356934
        },
        "tail": {
          "x": 0.02121218852698803,
          "y": 0.059915389865636826,
          "z": 1.7617261409759521
        },
        "rotation_quaternion": {
          "w": 0.680612325668335,
          "x": 0.6682010889053345,
          "y": -0.23772037029266357,
          "z": -0.18374775350093842
        },
        "matrix": [
          [
            0.8194514513015747,
            -0.06756797432899475,
            -0.5691521167755127,
            0.03169132024049759
          ],
          [
            -0.567812442779541,
            0.039488885551691055,
            -0.8222106099128723,
            0.05379104986786842
          ],
          [
            0.07803027331829071,
            0.9969399571418762,
            -0.0060075074434280396,
            1.6071105003356934
          ],
          [
            0.0,
            0.0,
            0.0,
            1.0
          ]
        ]
      },
      "bone_length_armature_space": 0.15509131494180226,
      "parent": "neck_01",
      "has_children": false,
      "is_end_bone": true
    },
    "upperarm_l": {
      "name": "upperarm_l",
      "local": {
        "location": {
          "x": 0.0,
          "y": 0.0,
          "z": 0.0
        },
        "rotation_quaternion": {
          "w": 0.7529547214508057,
          "x": 0.53661048412323,
          "y": -0.27869367599487305,
          "z": 0.2596890330314636
        },
        "scale": {
          "x": 1.0,
          "y": 1.0,
          "z": 1.0
        },
        "matrix_basis": [
          [
            0.7097828984260559,
            -0.6901680827140808,
            -0.1409837156534195,
            0.0
          ],
          [
            0.09196826815605164,
            0.2892215847969055,
            -0.9528341889381409,
            0.0
          ],
          [
            0.6983911395072937,
            0.6633394360542297,
            0.26875805854797363,
            0.0
          ],
          [
            0.0,
            0.0,
            0.0,
            1.0
          ]
        ],
        "rotation_mode": "QUATERNION"
      },
      "armature_space": {
        "head": {
          "x": 0.19259266555309296,
          "y": -0.002512972801923752,
          "z": 0.48121750354766846
        },
        "tail": {
          "x": 0.28565818071365356,
          "y": -0.1699090600013733,
          "z": 0.6686353087425232
        }
      },
      "world_space": {
        "head": {
          "x": 0.19259266555309296,
          "y": 0.06073102727532387,
          "z": 1.4310715198516846
        },
        "tail": {
          "x": 0.28565818071365356,
          "y": -0.10666505992412567,
          "z": 1.6184892654418945
        },
        "rotation_quaternion": {
          "w": 0.3980923593044281,
          "x": 0.5837720632553101,
          "y": -0.17082171142101288,
          "z": -0.6866970062255859
        },
        "matrix": [
          [
            -0.0014653690159320831,
            0.3472989797592163,
            -0.9377535581588745,
            0.19259266555309296
          ],
          [
            -0.7461804151535034,
            -0.6246834993362427,
            -0.23018676042556763,
            0.06073102727532387
          ],
          [
            -0.6657477617263794,
            0.699400007724762,
            0.2600647509098053,
            1.4310715198516846
          ],
          [
            0.0,
            0.0,
            0.0,
            1.0
          ]
        ]
      },
      "bone_length_armature_space": 0.26797028504980175,
      "parent": "spine_01",
      "has_children": true,
      "is_end_bone": false
    },
    "lowerarm_l": {
      "name": "lowerarm_l",
      "local": {
        "location": {
          "x": 0.0,
          "y": 0.0,
          "z": 0.0
        },
        "rotation_quaternion": {
          "w": 0.8933361768722534,
          "x": 0.4251483678817749,
          "y": -0.1296955943107605,
          "z": 0.066169373691082
        },
        "scale": {
          "x": 1.0,
          "y": 1.0,
          "z": 1.0
        },
        "matrix_basis": [
          [
            0.9576013088226318,
            -0.22850273549556732,
            -0.17545993626117706,
            0.0
          ],
          [
            0.007943250238895416,
            0.6297409534454346,
            -0.7767645716667175,
            0.0
          ],
          [
            0.2879871428012848,
            0.7424370646476746,
            0.6048558354377747,
            0.0
          ],
          [
            0.0,
            0.0,
            0.0,
            1.0
          ]
        ],
        "rotation_mode": "QUATERNION"
      },
      "armature_space": {
        "head": {
          "x": 0.2856581509113312,
          "y": -0.1699090451002121,
          "z": 0.6686354875564575
        },
        "tail": {
          "x": 0.14099003374576569,
          "y": -0.22986268997192383,
          "z": 0.8855380415916443
        }
      },
      "world_space": {
        "head": {
          "x": 0.2856581509113312,
          "y": -0.10666504502296448,
          "z": 1.6184895038604736
        },
        "tail": {
          "x": 0.14099003374576569,
          "y": -0.1666186898946762,
          "z": 1.8353919982910156
        },
        "rotation_quaternion": {
          "w": 0.10967250168323517,
          "x": 0.5419225096702576,
          "y": -0.6131232976913452,
          "z": -0.5642446279525757
        },
        "matrix": [
          [
            -0.38858044147491455,
            -0.5407658815383911,
            -0.7460415363311768,
            0.2856581509113312
          ],
          [
            -0.7882970571517944,
            -0.22410523891448975,
            0.573031485080719,
            -0.10666504502296448
          ],
          [
            -0.4770713448524475,
            0.81077641248703,
            -0.33920276165008545,
            1.6184895038604736
          ],
          [
            0.0,
            0.0,
            0.0,
            1.0
          ]
        ]
      },
      "bone_length_armature_space": 0.26752573739552554,
      "parent": "upperarm_l",
      "has_children": true,
      "is_end_bone": false
    },
    "metacarpal_thumb_l": {
      "name": "metacarpal_thumb_l",
      "local": {
        "location": {
          "x": 0.0,
          "y": 0.0,
          "z": 0.0
        },
        "rotation_quaternion": {
          "w": 0.9999143481254578,
          "x": -0.006549595855176449,
          "y": -0.0036208475939929485,
          "z": 0.010736416094005108
        },
        "scale": {
          "x": 1.0,
          "y": 1.0,
          "z": 1.0
        },
        "matrix_basis": [
          [
            0.9997432231903076,
            -0.021423563361167908,
            -0.007381713483482599,
            0.0
          ],
          [
            0.021518422290682793,
            0.999683678150177,
            0.013020319864153862,
            0.0
          ],
          [
            0.007100436370819807,
            -0.013175820000469685,
            0.999888002872467,
            0.0
          ],
          [
            0.0,
            0.0,
            0.0,
            1.0
          ]
        ],
        "rotation_mode": "QUATERNION"
      },
      "armature_space": {
        "head": {
          "x": 0.14099003374576569,
          "y": -0.22986268997192383,
          "z": 0.8855380415916443
        },
        "tail": {
          "x": 0.0945393368601799,
          "y": -0.22786034643650055,
          "z": 0.9026234745979309
        }
      },
      "world_space": {
        "head": {
          "x": 0.14099003374576569,
          "y": -0.1666186898946762,
          "z": 1.8353919982910156
        },
        "tail": {
          "x": 0.0945393368601799,
          "y": -0.16461634635925293,
          "z": 1.8524775505065918
        },
        "rotation_quaternion": {
          "w": 0.41031357645988464,
          "x": 0.6706706285476685,
          "y": -0.5931723713874817,
          "z": 0.1731768697500229
        },
        "matrix": [
          [
            0.23631072044372559,
            -0.937760055065155,
            -0.254486620426178,
            0.14099003374576569
          ],
          [
            -0.6535345911979675,
            0.040424004197120667,
            -0.7558166980743408,
            -0.1666186898946762
          ],
          [
            0.719066321849823,
            0.3449259400367737,
            -0.6033105850219727,
            1.8353919982910156
          ],
          [
            0.0,
            0.0,
            0.0,
            1.0
          ]
        ]
      },
      "bone_length_armature_space": 0.049533711716178215,
      "parent": "lowerarm_l",
      "has_children": true,
      "is_end_bone": false
    },
    "thumb_01_l": {
      "name": "thumb_01_l",
      "local": {
        "location": {
          "x": 0.0,
          "y": 0.0,
          "z": 0.0
        },
        "rotation_quaternion": {
          "w": 0.9997168779373169,
          "x": -0.01687409169971943,
          "y": 0.012965360656380653,
          "z": 0.010652129538357258
        },
        "scale": {
          "x": 1.0,
          "y": 1.0,
          "z": 1.0
        },
        "matrix_basis": [
          [
            0.9994368553161621,
            -0.02173578552901745,
            0.025563890114426613,
            0.0
          ],
          [
            0.020860670134425163,
            0.999203622341156,
            0.03401484712958336,
            0.0
          ],
          [
            -0.026282869279384613,
            -0.033462412655353546,
            0.9990943074226379,
            0.0
          ],
          [
            0.0,
            0.0,
            0.0,
            1.0
          ]
        ],
        "rotation_mode": "QUATERNION"
      },
      "armature_space": {
        "head": {
          "x": 0.0945393368601799,
          "y": -0.22786034643650055,
          "z": 0.9026234745979309
        },
        "tail": {
          "x": 0.0663359984755516,
          "y": -0.24290475249290466,
          "z": 0.8909245729446411
        }
      },
      "world_space": {
        "head": {
          "x": 0.0945393368601799,
          "y": -0.16461634635925293,
          "z": 1.8524775505065918
        },
        "tail": {
          "x": 0.0663359984755516,
          "y": -0.17966075241565704,
          "z": 1.8407785892486572
        },
        "rotation_quaternion": {
          "w": 0.4186655282974243,
          "x": 0.2203579545021057,
          "y": -0.3220687210559845,
          "z": 0.8200203776359558
        },
        "matrix": [
          [
            -0.5523227453231812,
            -0.8285698890686035,
            0.09171609580516815,
            0.0945393368601799
          ],
          [
            0.5446892976760864,
            -0.4419809877872467,
            -0.7127178907394409,
            -0.16461634635925293
          ],
          [
            0.6310780048370361,
            -0.34369605779647827,
            0.6954334378242493,
            1.8524775505065918
          ],
          [
            0.0,
            0.0,
            0.0,
            1.0
          ]
        ]
      },
      "bone_length_armature_space": 0.03403860675926058,
      "parent": "metacarpal_thumb_l",
      "has_children": true,
      "is_end_bone": false
    },
    "thumb_02_l": {
      "name": "thumb_02_l",
      "local": {
        "location": {
          "x": 0.0,
          "y": 0.0,
          "z": 0.0
        },
        "rotation_quaternion": {
          "w": 0.9986079335212708,
          "x": 0.05218505859375,
          "y": -0.004352278541773558,
          "z": 0.006318096071481705
        },
        "scale": {
          "x": 1.0,
          "y": 1.0,
          "z": 1.0
        },
        "matrix_basis": [
          [
            0.9998822808265686,
            -0.013072849251329899,
            -0.008033019490540028,
            0.0
          ],
          [
            0.01216435432434082,
            0.9944735765457153,
            -0.10427982360124588,
            0.0
          ],
          [
            0.009351859800517559,
            0.1041698306798935,
            0.9945155382156372,
            0.0
          ],
          [
            0.0,
            0.0,
            0.0,
            1.0
          ]
        ],
        "rotation_mode": "QUATERNION"
      },
      "armature_space": {
        "head": {
          "x": 0.0663360208272934,
          "y": -0.24290473759174347,
          "z": 0.8909244537353516
        },
        "tail": {
          "x": 0.04116492345929146,
          "y": -0.254477858543396,
          "z": 0.9200048446655273
        }
      },
      "world_space": {
        "head": {
          "x": 0.0663360208272934,
          "y": -0.17966073751449585,
          "z": 1.8407784700393677
        },
        "tail": {
          "x": 0.04116492345929146,
          "y": -0.19123385846614838,
          "z": 1.8698588609695435
        },
        "rotation_quaternion": {
          "w": 0.504310667514801,
          "x": 0.23231981694698334,
          "y": 0.3187449276447296,
          "z": 0.7681795954704285
        },
        "matrix": [
          [
            -0.38339459896087646,
            -0.6267016530036926,
            0.6784201860427856,
            0.0663360208272934
          ],
          [
            0.922904908657074,
            -0.2881438732147217,
            0.255382239818573,
            -0.17966073751449585
          ],
          [
            0.035435132682323456,
            0.7240341901779175,
            0.6888634562492371,
            1.8407784700393677
          ],
          [
            0.0,
            0.0,
            0.0,
            1.0
          ]
        ]
      },
      "bone_length_armature_space": 0.040164541727400756,
      "parent": "thumb_01_l",
      "has_children": true,
      "is_end_bone": false
    },
    "thumb_03_l": {
      "name": "thumb_03_l",
      "local": {
        "location": {
          "x": 0.0,
          "y": 0.0,
          "z": 0.0
        },
        "rotation_quaternion": {
          "w": 0.9985179305076599,
          "x": 0.0540207102894783,
          "y": -0.003770643612369895,
          "z": -0.00543794222176075
        },
        "scale": {
          "x": 1.0,
          "y": 1.0,
          "z": 1.0
        },
        "matrix_basis": [
          [
            0.999912440776825,
            0.01045237947255373,
            -0.008117633871734142,
            0.0
          ],
          [
            -0.011267151683568954,
            0.9941043853759766,
            -0.10784028470516205,
            0.0
          ],
          [
            0.006942587438970804,
            0.10792230814695358,
            0.9941350817680359,
            0.0
          ],
          [
            0.0,
            0.0,
            0.0,
            1.0
          ]
        ],
        "rotation_mode": "QUATERNION"
      },
      "armature_space": {
        "head": {
          "x": 0.041164886206388474,
          "y": -0.2544778287410736,
          "z": 0.9200047850608826
        },
        "tail": {
          "x": 0.03227660432457924,
          "y": -0.26283615827560425,
          "z": 0.9478981494903564
        }
      },
      "world_space": {
        "head": {
          "x": 0.041164886206388474,
          "y": -0.191233828663826,
          "z": 1.869858741760254
        },
        "tail": {
          "x": 0.03227660432457924,
          "y": -0.19959215819835663,
          "z": 1.8977521657943726
        },
        "rotation_quaternion": {
          "w": 0.31673845648765564,
          "x": 0.193863183259964,
          "y": 0.5122562050819397,
          "z": 0.7743949294090271
        },
        "matrix": [
          [
            -0.7241869568824768,
            -0.2919466495513916,
            0.6247565746307373,
            0.041164886206388474
          ],
          [
            0.6891774535179138,
            -0.2745400667190552,
            0.6705689430236816,
            -0.191233828663826
          ],
          [
            -0.024249153211712837,
            0.9161912798881531,
            0.4000244736671448,
            1.869858741760254
          ],
          [
            0.0,
            0.0,
            0.0,
            1.0
          ]
        ]
      },
      "bone_length_armature_space": 0.030445082147916542,
      "parent": "thumb_02_l",
      "has_children": false,
      "is_end_bone": true
    },
    "metacarpal_index_l": {
      "name": "metacarpal_index_l",
      "local": {
        "location": {
          "x": 0.0,
          "y": 0.0,
          "z": 0.0
        },
        "rotation_quaternion": {
          "w": 0.9996875524520874,
          "x": -0.022045869380235672,
          "y": -0.010593906044960022,
          "z": -0.0051569025963544846
        },
        "scale": {
          "x": 1.0,
          "y": 1.0,
          "z": 1.0
        },
        "matrix_basis": [
          [
            0.9997223615646362,
            0.010777686722576618,
            -0.020953815430402756,
            0.0
          ],
          [
            -0.009843478910624981,
            0.9989748001098633,
            0.04418722540140152,
            0.0
          ],
          [
            0.0214085690677166,
            -0.043968699872493744,
            0.9988034963607788,
            0.0
          ],
          [
            0.0,
            0.0,
            0.0,
            1.0
          ]
        ],
        "rotation_mode": "QUATERNION"
      },
      "armature_space": {
        "head": {
          "x": 0.14099003374576569,
          "y": -0.22986268997192383,
          "z": 0.8855380415916443
        },
        "tail": {
          "x": 0.05525951087474823,
          "y": -0.23877713084220886,
          "z": 0.9649113416671753
        }
      },
      "world_space": {
        "head": {
          "x": 0.14099003374576569,
          "y": -0.1666186898946762,
          "z": 1.8353919982910156
        },
        "tail": {
          "x": 0.05525951087474823,
          "y": -0.17553313076496124,
          "z": 1.9147653579711914
        },
        "rotation_quaternion": {
          "w": 0.3293900787830353,
          "x": 0.712319016456604,
          "y": -0.5945262908935547,
          "z": -0.1750498116016388
        },
        "matrix": [
          [
            0.2317897379398346,
            -0.7316655516624451,
            -0.6410457491874695,
            0.14099003374576569
          ],
          [
            -0.9623048901557922,
            -0.07608018815517426,
            -0.26111575961112976,
            -0.1666186898946762
          ],
          [
            0.14227859675884247,
            0.6774099469184875,
            -0.7217246890068054,
            1.8353919982910156
          ],
          [
            0.0,
            0.0,
            0.0,
            1.0
          ]
        ]
      },
      "bone_length_armature_space": 0.1171721401492355,
      "parent": "lowerarm_l",
      "has_children": true,
      "is_end_bone": false
    },
    "index_01_l": {
      "name": "index_01_l",
      "local": {
        "location": {
          "x": 0.0,
          "y": 0.0,
          "z": 0.0
        },
        "rotation_quaternion": {
          "w": 0.992651104927063,
          "x": -0.12052693217992783,
          "y": -0.01074159611016512,
          "z": 0.0013024217914789915
        },
        "scale": {
          "x": 1.0,
          "y": 1.0,
          "z": 1.0
        },
        "matrix_basis": [
          [
            0.9997658729553223,
            3.6023909615323646e-06,
            -0.021639268845319748,
            0.0
          ],
          [
            0.005175004247575998,
            0.9709431529045105,
            0.2392544001340866,
            0.0
          ],
          [
            0.021011359989643097,
            -0.2393103688955307,
            0.9707157611846924,
            0.0
          ],
          [
            0.0,
            0.0,
            0.0,
            1.0
          ]
        ],
        "rotation_mode": "QUATERNION"
      },
      "armature_space": {
        "head": {
          "x": 0.05525951087474823,
          "y": -0.23877713084220886,
          "z": 0.9649113416671753
        },
        "tail": {
          "x": 0.045852649956941605,
          "y": -0.2467399686574936,
          "z": 0.9906247854232788
        }
      },
      "world_space": {
        "head": {
          "x": 0.05525951087474823,
          "y": -0.17553313076496124,
          "z": 1.9147653579711914
        },
        "tail": {
          "x": 0.045852649956941605,
          "y": -0.18349596858024597,
          "z": 1.940478801727295
        },
        "rotation_quaternion": {
          "w": 0.43660953640937805,
          "x": 0.7348499894142151,
          "y": -0.41199901700019836,
          "z": -0.3156334459781647
        },
        "matrix": [
          [
            0.46126407384872437,
            -0.32989898324012756,
            -0.8236521482467651,
            0.05525951087474823
          ],
          [
            -0.8811327815055847,
            -0.2792571783065796,
            -0.38160306215286255,
            -0.17553313076496124
          ],
          [
            -0.1041218489408493,
            0.9017723798751831,
            -0.41949886083602905,
            1.9147653579711914
          ],
          [
            0.0,
            0.0,
            0.0,
            1.0
          ]
        ]
      },
      "bone_length_armature_space": 0.02851450482913382,
      "parent": "metacarpal_index_l",
      "has_children": true,
      "is_end_bone": false
    },
    "index_02_l": {
      "name": "index_02_l",
      "local": {
        "location": {
          "x": 0.0,
          "y": 0.0,
          "z": 0.0
        },
        "rotation_quaternion": {
          "w": 0.9997987747192383,
          "x": 0.017971595749258995,
          "y": 0.008130096830427647,
          "z": 0.003651695791631937
        },
        "scale": {
          "x": 1.0,
          "y": 1.0,
          "z": 1.0
        },
        "matrix_basis": [
          [
            0.9998411536216736,
            -0.007009700406342745,
            0.016388176009058952,
            0.0
          ],
          [
            0.007594143506139517,
            0.9993273615837097,
            -0.03587658330798149,
            0.0
          ],
          [
            -0.016125667840242386,
            0.03599533438682556,
            0.9992218613624573,
            0.0
          ],
          [
            0.0,
            0.0,
            0.0,
            1.0
          ]
        ],
        "rotation_mode": "QUATERNION"
      },
      "armature_space": {
        "head": {
          "x": 0.04585215449333191,
          "y": -0.24673998355865479,
          "z": 0.9906250834465027
        },
        "tail": {
          "x": 0.0376296266913414,
          "y": -0.2544025480747223,
          "z": 1.0136852264404297
        }
      },
      "world_space": {
        "head": {
          "x": 0.04585215449333191,
          "y": -0.18349598348140717,
          "z": 1.940479040145874
        },
        "tail": {
          "x": 0.0376296266913414,
          "y": -0.19115854799747467,
          "z": 1.9635392427444458
        },
        "rotation_quaternion": {
          "w": 0.4226660132408142,
          "x": 0.7313147187232971,
          "y": -0.4147337079048157,
          "z": -0.33842021226882935
        },
        "matrix": [
          [
            0.42693477869033813,
            -0.32052549719810486,
            -0.8455713391304016,
            0.04585215449333191
          ],
          [
            -0.8926798701286316,
            -0.29869797825813293,
            -0.33749455213546753,
            -0.18349598348140717
          ],
          [
            -0.14439663290977478,
            0.8989182710647583,
            -0.4136539697647095,
            1.940479040145874
          ],
          [
            0.0,
            0.0,
            0.0,
            1.0
          ]
        ]
      },
      "bone_length_armature_space": 0.025653362978802975,
      "parent": "index_01_l",
      "has_children": true,
      "is_end_bone": false
    },
    "index_03_l": {
      "name": "index_03_l",
      "local": {
        "location": {
          "x": 0.0,
          "y": 0.0,
          "z": 0.0
        },
        "rotation_quaternion": {
          "w": 0.9997539520263672,
          "x": 0.021542150527238846,
          "y": -0.0028700483962893486,
          "z": -0.0044420259073376656
        },
        "scale": {
          "x": 1.0,
          "y": 1.0,
          "z": 1.0
        },
        "matrix_basis": [
          [
            0.9999440908432007,
            0.008758211508393288,
            -0.005930066108703613,
            0.0
          ],
          [
            -0.009005519561469555,
            0.9990324378013611,
            -0.043048202991485596,
            0.0
          ],
          [
            0.005547302775084972,
            0.04309919849038124,
            0.9990553855895996,
            0.0
          ],
          [
            0.0,
            0.0,
            0.0,
            1.0
          ]
        ],
        "rotation_mode": "QUATERNION"
      },
      "armature_space": {
        "head": {
          "x": 0.037629738450050354,
          "y": -0.2544024884700775,
          "z": 1.0136853456497192
        },
        "tail": {
          "x": 0.02645408734679222,
          "y": -0.26695963740348816,
          "z": 1.0375843048095703
        }
      },
      "world_space": {
        "head": {
          "x": 0.037629738450050354,
          "y": -0.1911584883928299,
          "z": 1.9635393619537354
        },
        "tail": {
          "x": 0.02645408734679222,
          "y": -0.20371563732624054,
          "z": 1.9874383211135864
        },
        "rotation_quaternion": {
          "w": 0.3687053322792053,
          "x": 0.787922739982605,
          "y": -0.3862307667732239,
          "z": -0.3066922724246979
        },
        "matrix": [
          [
            0.5135307908058167,
            -0.3824830651283264,
            -0.7681103348731995,
            0.037629738450050354
          ],
          [
            -0.8347988128662109,
            -0.42976391315460205,
            -0.34411388635635376,
            -0.1911584883928299
          ],
          [
            -0.19849048554897308,
            0.8179357647895813,
            -0.5399969220161438,
            1.9635393619537354
          ],
          [
            0.0,
            0.0,
            0.0,
            1.0
          ]
        ]
      },
      "bone_length_armature_space": 0.02921878495435804,
      "parent": "index_02_l",
      "has_children": false,
      "is_end_bone": true
    },
    "metacarpal_pinky_l": {
      "name": "metacarpal_pinky_l",
      "local": {
        "location": {
          "x": 0.0,
          "y": 0.0,
          "z": 0.0
        },
        "rotation_quaternion": {
          "w": 0.9999127388000488,
          "x": -0.010858133435249329,
          "y": -0.007351670414209366,
          "z": 0.0016210745088756084
        },
        "scale": {
          "x": 1.0,
          "y": 1.0,
          "z": 1.0
        },
        "matrix_basis": [
          [
            0.9998866319656372,
            -0.0030822153203189373,
            -0.014737261459231377,
            0.0
          ],
          [
            0.0034015169367194176,
            0.9997589588165283,
            0.02169053629040718,
            0.0
          ],
          [
            0.014666854403913021,
            -0.02173820696771145,
            0.999656081199646,
            0.0
          ],
          [
            0.0,
            0.0,
            0.0,
            1.0
          ]
        ],
        "rotation_mode": "QUATERNION"
      },
      "armature_space": {
        "head": {
          "x": 0.14099003374576569,
          "y": -0.22986268997192383,
          "z": 0.8855380415916443
        },
        "tail": {
          "x": 0.11071524024009705,
          "y": -0.2727300524711609,
          "z": 0.9754777550697327
        }
      },
      "world_space": {
        "head": {
          "x": 0.14099003374576569,
          "y": -0.1666186898946762,
          "z": 1.8353919982910156
        },
        "tail": {
          "x": 0.11071524024009705,
          "y": -0.20948605239391327,
          "z": 1.9253318309783936
        },
        "rotation_quaternion": {
          "w": 0.1641952097415924,
          "x": -0.014397325925529003,
          "y": 0.5169190764427185,
          "z": 0.84001624584198
        },
        "matrix": [
          [
            -0.9456652402877808,
            -0.2907382547855377,
            0.14556433260440826,
            0.14099003374576569
          ],
          [
            0.260969877243042,
            -0.41166871786117554,
            0.8731690049171448,
            -0.1666186898946762
          ],
          [
            -0.19394005835056305,
            0.8637188673019409,
            0.4651784598827362,
            1.8353919982910156
          ],
          [
            0.0,
            0.0,
            0.0,
            1.0
          ]
        ]
      },
      "bone_length_armature_space": 0.1041312923505572,
      "parent": "lowerarm_l",
      "has_children": true,
      "is_end_bone": false
    },
    "pinky_01_l": {
      "name": "pinky_01_l",
      "local": {
        "location": {
          "x": 0.0,
          "y": 0.0,
          "z": 0.0
        },
        "rotation_quaternion": {
          "w": 0.9941530227661133,
          "x": -0.1075776144862175,
          "y": -0.008913549594581127,
          "z": -0.002712417393922806
        },
        "scale": {
          "x": 1.0,
          "y": 1.0,
          "z": 1.0
        },
        "matrix_basis": [
          [
            0.9998263716697693,
            0.007310912478715181,
            -0.01713927462697029,
            0.0
          ],
          [
            -0.003475319128483534,
            0.9768394231796265,
            0.21394558250904083,
            0.0
          ],
          [
            0.01830645464360714,
            -0.21384887397289276,
            0.9766952395439148,
            0.0
          ],
          [
            0.0,
            0.0,
            0.0,
            1.0
          ]
        ],
        "rotation_mode": "QUATERNION"
      },
      "armature_space": {
        "head": {
          "x": 0.11071524024009705,
          "y": -0.2727300524711609,
          "z": 0.9754777550697327
