{
  "metadata": {
    "armature_name": "KIM_caucasian_male",
    "export_time": "2026-01-13T21:07:39.784621",
    "blender_version": "4.4.1",
    "bone_count": 56,
    "end_bone_count": 13,
    "spaces_included": [
      "LOCAL_CHANNELS",
      "ARMATURE_SPACE",
      "WORLD_SPACE"
    ],
    "note": "LOCAL matches Transform panel; replay pose via local.matrix_basis for best fidelity."
  },
  "bones": {
    "Root": {
      "name": "Root",
      "local": {
        "location": {
          "x": 0.0,
          "y": 0.0,
          "z": 0.0
        },
        "rotation_quaternion": {
          "w": 0.9994860291481018,
          "x": 0.014468280598521233,
          "y": -0.008055935613811016,
          "z": 0.027448739856481552
        },
        "scale": {
          "x": 1.0,
          "y": 1.0,
          "z": 1.0
        },
        "matrix_basis": [
          [
            0.9983633160591125,
            -0.05510237440466881,
            -0.015309317968785763,
            0.0
          ],
          [
            0.0546361543238163,
            0.998074471950531,
            -0.02936393953859806,
            0.0
          ],
          [
            0.016897862777113914,
            0.0284794382750988,
            0.9994515180587769,
            0.0
          ],
          [
            0.0,
            0.0,
            0.0,
            1.0
          ]
        ],
        "rotation_mode": "QUATERNION"
      },
      "armature_space": {
        "head": {
          "x": 0.0,
          "y": 0.07072800397872925,
          "z": -0.009595036506652832
        },
        "tail": {
          "x": -0.003932979889214039,
          "y": -0.00013706833124160767,
          "z": -0.002032784279435873
        }
      },
      "world_space": {
        "head": {
          "x": 0.0,
          "y": 0.13397200405597687,
          "z": 0.9402589797973633
        },
        "tail": {
          "x": -0.003932979889214039,
          "y": 0.06310693174600601,
          "z": 0.9478212594985962
        },
        "rotation_quaternion": {
          "w": 0.0528976246714592,
          "x": 0.99819016456604,
          "y": -0.027929097414016724,
          "z": -0.006188474129885435
        },
        "matrix": [
          [
            0.9983633160591125,
            -0.05510237440466881,
            -0.015309317968785763,
            0.0
          ],
          [
            -0.056411806493997574,
            -0.9928435683250427,
            -0.10525855422019958,
            0.13397200405597687
          ],
          [
            -0.009399881586432457,
            0.10594970732927322,
            -0.9943340420722961,
            0.9402589797973633
          ],
          [
            0.0,
            0.0,
            0.0,
            1.0
          ]
        ]
      },
      "bone_length_armature_space": 0.07137586766464611,
      "parent": null,
      "has_children": true,
      "is_end_bone": false
    },
    "spine_01": {
      "name": "spine_01",
      "local": {
        "location": {
          "x": 0.0,
          "y": 0.0,
          "z": 0.0
        },
        "rotation_quaternion": {
          "w": 0.9994141459465027,
          "x": 0.003904156619682908,
          "y": 0.014121386222541332,
          "z": 0.030930228531360626
        },
        "scale": {
          "x": 1.0,
          "y": 1.0,
          "z": 1.0
        },
        "matrix_basis": [
          [
            0.997687816619873,
            -0.06171395257115364,
            0.02846773900091648,
            0.0
          ],
          [
            0.06193447858095169,
            0.998056173324585,
            -0.006930183153599501,
            0.0
          ],
          [
            -0.02798471413552761,
            0.008677294477820396,
            0.9995706677436829,
            0.0
          ],
          [
            0.0,
            0.0,
            0.0,
            1.0
          ]
        ],
        "rotation_mode": "QUATERNION"
      },
      "armature_space": {
        "head": {
          "x": -0.003932979889214039,
          "y": -0.00013706833124160767,
          "z": -0.002032784279435873
        },
        "tail": {
          "x": -0.0291716530919075,
          "y": 0.005863558501005173,
          "z": 0.4852818250656128
        }
      },
      "world_space": {
        "head": {
          "x": -0.003932979889214039,
          "y": 0.06310693174600601,
          "z": 0.9478212594985962
        },
        "tail": {
          "x": -0.0291716530919075,
          "y": 0.06910756230354309,
          "z": 1.435135841369629
        },
        "rotation_quaternion": {
          "w": 0.7108856439590454,
          "x": 0.7026934623718262,
          "y": -0.028098957613110542,
          "z": 0.008600933477282524
        },
        "matrix": [
          [
            0.9982728958129883,
            -0.051718465983867645,
            -0.027862301096320152,
            -0.003932979889214039
          ],
          [
            -0.027260975912213326,
            0.012296335771679878,
            -0.9995527267456055,
            0.06310693174600601
          ],
          [
            0.052038274705410004,
            0.9985930323600769,
            0.010864362120628357,
            0.9478212594985962
          ],
          [
            0.0,
            0.0,
            0.0,
            1.0
          ]
        ]
      },
      "bone_length_armature_space": 0.4880046387912988,
      "parent": "Root",
      "has_children": true,
      "is_end_bone": false
    },
    "neck_01": {
      "name": "neck_01",
      "local": {
        "location": {
          "x": 0.0,
          "y": 0.0,
          "z": 0.0
        },
        "rotation_quaternion": {
          "w": 0.9862724542617798,
          "x": -0.07613547146320343,
          "y": 0.10078980028629303,
          "z": -0.10635584592819214
        },
        "scale": {
          "x": 1.0,
          "y": 1.0,
          "z": 1.0
        },
        "matrix_basis": [
          [
            0.9570596814155579,
            0.19444432854652405,
            0.21500730514526367,
            0.0
          ],
          [
            -0.22513903677463531,
            0.9657836556434631,
            0.12874147295951843,
            0.0
          ],
          [
            -0.18261750042438507,
            -0.17161980271339417,
            0.9680896401405334,
            0.0
          ],
          [
            0.0,
            0.0,
            0.0,
            1.0
          ]
        ],
        "rotation_mode": "QUATERNION"
      },
      "armature_space": {
        "head": {
          "x": -0.03392468020319939,
          "y": -0.027901051566004753,
          "z": 0.5587740540504456
        },
        "tail": {
          "x": -0.019671211019158363,
          "y": -0.04859941452741623,
          "z": 0.6581680774688721
        }
      },
      "world_space": {
        "head": {
          "x": -0.03392468020319939,
          "y": 0.03534294664859772,
          "z": 1.5086281299591064
        },
        "tail": {
          "x": -0.019671211019158363,
          "y": 0.01464458554983139,
          "z": 1.6080220937728882
        },
        "rotation_quaternion": {
          "w": 0.6206808686256409,
          "x": 0.7744342088699341,
          "y": 0.11750960350036621,
          "z": 0.0346214659512043
        },
        "matrix": [
          [
            0.9699854850769043,
            0.13902929425239563,
            0.19949665665626526,
            -0.03392468020319939
          ],
          [
            0.22498533129692078,
            -0.20189321041107178,
            -0.9532161355018616,
            0.03534294664859772
          ],
          [
            -0.0922483429312706,
            0.9694961309432983,
            -0.22711557149887085,
            1.5086281299591064
          ],
          [
            0.0,
            0.0,
            0.0,
            1.0
          ]
        ]
      },
      "bone_length_armature_space": 0.10252197554681904,
      "parent": "spine_01",
      "has_children": true,
      "is_end_bone": false
    },
    "head": {
      "name": "head",
      "local": {
        "location": {
          "x": 0.0,
          "y": 0.0,
          "z": 0.0
        },
        "rotation_quaternion": {
          "w": 0.985564649105072,
          "x": -0.10479417443275452,
          "y": 0.13219060003757477,
          "z": -0.014362713322043419
        },
        "scale": {
          "x": 1.0,
          "y": 1.0,
          "z": 1.0
        },
        "matrix_basis": [
          [
            0.9646387100219727,
            0.0006051554228179157,
            0.26357501745224,
            0.0
          ],
          [
            -0.05601637437939644,
            0.9776237607002258,
            0.20276562869548798,
            0.0
          ],
          [
            -0.2575545012950897,
            -0.2103600949048996,
            0.943087637424469,
            0.0
          ],
          [
            0.0,
            0.0,
            0.0,
            1.0
          ]
        ],
        "rotation_mode": "QUATERNION"
      },
      "armature_space": {
        "head": {
          "x": -0.019671190530061722,
          "y": -0.048599548637866974,
          "z": 0.6581679582595825
        },
        "tail": {
          "x": -0.018565963953733444,
          "y": 0.0065038204193115234,
          "z": 0.8031358122825623
        }
      },
      "world_space": {
        "head": {
          "x": -0.019671190530061722,
          "y": 0.014644451439380646,
          "z": 1.6080219745635986
        },
        "tail": {
          "x": -0.018565963953733444,
          "y": 0.06974782049655914,
          "z": 1.7529897689819336
        },
        "rotation_quaternion": {
          "w": 0.7961471676826477,
          "x": 0.5501894950866699,
          "y": 0.20928141474723816,
          "z": 0.14015135169029236
        },
        "matrix": [
          [
            0.8731179237365723,
            0.0071263425052165985,
            0.48745694756507874,
            -0.019671190530061722
          ],
          [
            0.45345088839530945,
            0.35529881715774536,
            -0.8174015879631042,
            0.014644451439380646
          ],
          [
            -0.17901872098445892,
            0.9347324967384338,
            0.3069876432418823,
            1.6080219745635986
          ],
          [
            0.0,
            0.0,
            0.0,
            1.0
          ]
        ]
      },
      "bone_length_armature_space": 0.15509120607117494,
      "parent": "neck_01",
      "has_children": false,
      "is_end_bone": true
    },
    "upperarm_l": {
      "name": "upperarm_l",
      "local": {
        "location": {
          "x": 0.0,
          "y": 0.0,
          "z": 0.0
        },
        "rotation_quaternion": {
          "w": 0.8516919612884521,
          "x": 0.448080837726593,
          "y": 0.22944115102291107,
          "z": -0.14560645818710327
        },
        "scale": {
          "x": 1.0,
          "y": 1.0,
          "z": 1.0
        },
        "matrix_basis": [
          [
            0.8523110151290894,
            0.45364007353782654,
            0.2603394389152527,
            0.0
          ],
          [
            -0.042407333850860596,
            0.5560446381568909,
            -0.830069899559021,
            0.0
          ],
          [
            -0.5213133096694946,
            0.6964374780654907,
            0.4931606352329254,
            0.0
          ],
          [
            0.0,
            0.0,
            0.0,
            1.0
          ]
        ],
        "rotation_mode": "QUATERNION"
      },
      "armature_space": {
        "head": {
          "x": 0.11920328438282013,
          "y": -0.036004308611154556,
          "z": 0.4995012879371643
        },
        "tail": {
          "x": 0.2739560604095459,
          "y": -0.21938027441501617,
          "z": 0.3802003562450409
        }
      },
      "world_space": {
        "head": {
          "x": 0.11920328438282013,
          "y": 0.027239691466093063,
          "z": 1.4493553638458252
        },
        "tail": {
          "x": 0.2739560604095459,
          "y": -0.15613627433776855,
          "z": 1.3300544023513794
        },
        "rotation_quaternion": {
          "w": 0.019453072920441628,
          "x": 0.6984884142875671,
          "y": 0.3968151807785034,
          "z": -0.5952086448669434
        },
        "matrix": [
          [
            -0.02347230538725853,
            0.5775015354156494,
            -0.8160520792007446,
            0.11920328438282013
          ],
          [
            0.5311843156814575,
            -0.6843167543411255,
            -0.49955397844314575,
            0.027239691466093063
          ],
          [
            -0.8469366431236267,
            -0.4452034831047058,
            -0.2906997501850128,
            1.4493553638458252
          ],
          [
            0.0,
            0.0,
            0.0,
            1.0
          ]
        ]
      },
      "bone_length_armature_space": 0.26796992360072147,
      "parent": "spine_01",
      "has_children": true,
      "is_end_bone": false
    },
    "lowerarm_l": {
      "name": "lowerarm_l",
      "local": {
        "location": {
          "x": 0.0,
          "y": 0.0,
          "z": 0.0
        },
        "rotation_quaternion": {
          "w": 0.9044404029846191,
          "x": 0.27236461639404297,
          "y": 0.10096126794815063,
          "z": -0.3124291002750397
        },
        "scale": {
          "x": 1.0,
          "y": 1.0,
          "z": 1.0
        },
        "matrix_basis": [
          [
            0.7843897342681885,
            0.6201435327529907,
            0.012437636032700539,
            0.0
          ],
          [
            -0.5101504325866699,
            0.6564111709594727,
            -0.5557615756988525,
            0.0
          ],
          [
            -0.3528161644935608,
            0.42958864569664,
            0.8312487006187439,
            0.0
          ],
          [
            0.0,
            0.0,
            0.0,
            1.0
          ]
        ],
        "rotation_mode": "QUATERNION"
      },
      "armature_space": {
        "head": {
          "x": 0.2739560604095459,
          "y": -0.2193804234266281,
          "z": 0.38020044565200806
        },
        "tail": {
          "x": 0.2399568110704422,
          "y": -0.3411563038825989,
          "z": 0.14443598687648773
        }
      },
      "world_space": {
        "head": {
          "x": 0.2739560604095459,
          "y": -0.1561364233493805,
          "z": 1.330054521560669
        },
        "tail": {
          "x": 0.2399568110704422,
          "y": -0.27791231870651245,
          "z": 1.094290018081665
        },
        "rotation_quaternion": {
          "w": 0.40161147713661194,
          "x": -0.5718902945518494,
          "y": -0.33333247900009155,
          "z": 0.6328815817832947
        },
        "matrix": [
          [
            -0.023299962282180786,
            -0.12708835303783417,
            -0.9916176795959473,
            0.2739560604095459
          ],
          [
            0.8896044492721558,
            -0.4551953375339508,
            0.03743591904640198,
            -0.1561364233493805
          ],
          [
            -0.4561396539211273,
            -0.8812817931175232,
            0.1236652284860611,
            1.330054521560669
          ],
          [
            0.0,
            0.0,
            0.0,
            1.0
          ]
        ]
      },
      "bone_length_armature_space": 0.2675260641971789,
      "parent": "upperarm_l",
      "has_children": true,
      "is_end_bone": false
    },
    "metacarpal_thumb_l": {
      "name": "metacarpal_thumb_l",
      "local": {
        "location": {
          "x": 0.0,
          "y": 0.0,
          "z": 0.0
        },
        "rotation_quaternion": {
          "w": 0.9986815452575684,
          "x": -0.05087628215551376,
          "y": 0.006845509167760611,
          "z": 0.00034396842238493264
        },
        "scale": {
          "x": 1.0,
          "y": 1.0,
          "z": 1.0
        },
        "matrix_basis": [
          [
            0.999906063079834,
            -0.0013835779391229153,
            0.0136379674077034,
            0.0
          ],
          [
            -9.51828042161651e-06,
            0.9948229789733887,
            0.10162311792373657,
            0.0
          ],
          [
            -0.013707967475056648,
            -0.10161370038986206,
            0.9947294592857361,
            0.0
          ],
          [
            0.0,
            0.0,
            0.0,
            1.0
          ]
        ],
        "rotation_mode": "QUATERNION"
      },
      "armature_space": {
        "head": {
          "x": 0.2399568110704422,
          "y": -0.3411563038825989,
          "z": 0.14443598687648773
        },
        "tail": {
          "x": 0.2057655304670334,
          "y": -0.3545463979244232,
          "z": 0.11119049787521362
        }
      },
      "world_space": {
        "head": {
          "x": 0.2399568110704422,
          "y": -0.27791231870651245,
          "z": 1.094290018081665
        },
        "tail": {
          "x": 0.2057655304670334,
          "y": -0.2913023829460144,
          "z": 1.061044454574585
        },
        "rotation_quaternion": {
          "w": 0.5211004614830017,
          "x": -0.768254280090332,
          "y": 0.30543914437294006,
          "z": 0.2120063602924347
        },
        "matrix": [
          [
            0.7235201001167297,
            -0.6902633309364319,
            -0.007418833673000336,
            0.2399568110704422
          ],
          [
            -0.24835970997810364,
            -0.2703232169151306,
            0.9301844239234924,
            -0.27791231870651245
          ],
          [
            -0.6440824270248413,
            -0.6711695194244385,
            -0.3670194745063782,
            1.094290018081665
          ],
          [
            0.0,
            0.0,
            0.0,
            1.0
          ]
        ]
      },
      "bone_length_armature_space": 0.049533835621489004,
      "parent": "lowerarm_l",
      "has_children": true,
      "is_end_bone": false
    },
    "thumb_01_l": {
      "name": "thumb_01_l",
      "local": {
        "location": {
          "x": 0.0,
          "y": 0.0,
          "z": 0.0
        },
        "rotation_quaternion": {
          "w": 0.962721049785614,
          "x": 0.2697078287601471,
          "y": 0.019724637269973755,
          "z": -0.0060718366876244545
        },
        "scale": {
          "x": 1.0,
          "y": 1.0,
          "z": 1.0
        },
        "matrix_basis": [
          [
            0.9991481304168701,
            0.022330747917294502,
            0.03470340371131897,
            0.0
          ],
          [
            -0.0010511918226256967,
            0.8544416427612305,
            -0.5195463299751282,
            0.0
          ],
          [
            -0.041253890842199326,
            0.5190672874450684,
            0.8537372350692749,
            0.0
          ],
          [
            0.0,
            0.0,
            0.0,
            1.0
          ]
        ],
        "rotation_mode": "QUATERNION"
      },
      "armature_space": {
        "head": {
          "x": 0.2057655304670334,
          "y": -0.3545463979244232,
          "z": 0.11119049787521362
        },
        "tail": {
          "x": 0.2010737955570221,
          "y": -0.3427438735961914,
          "z": 0.07961001992225647
        }
      },
      "world_space": {
        "head": {
          "x": 0.2057655304670334,
          "y": -0.2913023829460144,
          "z": 1.061044454574585
        },
        "tail": {
          "x": 0.2010737955570221,
          "y": -0.279499888420105,
          "z": 1.0294640064239502
        },
        "rotation_quaternion": {
          "w": 0.35646337270736694,
          "x": -0.3212171196937561,
          "y": 0.7391236424446106,
          "z": -0.4727044999599457
        },
        "matrix": [
          [
            -0.5395067930221558,
            -0.13783591985702515,
            0.8306223154067993,
            0.2057655304670334
          ],
          [
            -0.8118423819541931,
            0.3467397093772888,
            -0.4697698950767517,
            -0.2913023829460144
          ],
          [
            -0.22326087951660156,
            -0.92778480052948,
            -0.2989720106124878,
            1.061044454574585
          ],
          [
            0.0,
            0.0,
            0.0,
            1.0
          ]
        ]
      },
      "bone_length_armature_space": 0.03403877968745354,
      "parent": "metacarpal_thumb_l",
      "has_children": true,
      "is_end_bone": false
    },
    "thumb_02_l": {
      "name": "thumb_02_l",
      "local": {
        "location": {
          "x": 0.0,
          "y": 0.0,
          "z": 0.0
        },
        "rotation_quaternion": {
          "w": 0.9010621309280396,
          "x": 0.4336625933647156,
          "y": -0.0029315659776329994,
          "z": 0.003913763910531998
        },
        "scale": {
          "x": 1.0,
          "y": 1.0,
          "z": 1.0
        },
        "matrix_basis": [
          [
            0.9999521970748901,
            -0.009595709852874279,
            -0.001888540107756853,
            0.0
          ],
          [
            0.0045104678720235825,
            0.6238428950309753,
            -0.7815368175506592,
            0.0
          ],
          [
            0.008677552454173565,
            0.7814909219741821,
            0.6238563060760498,
            0.0
          ],
          [
            0.0,
            0.0,
            0.0,
            1.0
          ]
        ],
        "rotation_mode": "QUATERNION"
      },
      "armature_space": {
        "head": {
          "x": 0.2010737657546997,
          "y": -0.34274381399154663,
          "z": 0.07961006462574005
        },
        "tail": {
          "x": 0.21381311118602753,
          "y": -0.3808342516422272,
          "z": 0.07953000068664551
        }
      },
      "world_space": {
        "head": {
          "x": 0.2010737657546997,
          "y": -0.2794998288154602,
          "z": 1.0294641256332397
        },
        "tail": {
          "x": 0.21381311118602753,
          "y": -0.31759023666381836,
          "z": 1.0293840169906616
        },
        "rotation_quaternion": {
          "w": 0.16037219762802124,
          "x": -0.06735391169786453,
          "y": -0.009957491420209408,
          "z": -0.9847055673599243
        },
        "matrix": [
          [
            -0.939488410949707,
            0.31718015670776367,
            0.12945376336574554,
            0.2010737657546997
          ],
          [
            -0.3144974410533905,
            -0.9483633041381836,
            0.04121440649032593,
            -0.2794998288154602
          ],
          [
            0.13584226369857788,
            -0.001993328332901001,
            0.990735650062561,
            1.0294641256332397
          ],
          [
            0.0,
            0.0,
            0.0,
            1.0
          ]
        ]
      },
      "bone_length_armature_space": 0.040164397258457454,
      "parent": "thumb_01_l",
      "has_children": true,
      "is_end_bone": false
    },
    "thumb_03_l": {
      "name": "thumb_03_l",
      "local": {
        "location": {
          "x": 0.0,
          "y": 0.0,
          "z": 0.0
        },
        "rotation_quaternion": {
          "w": 0.9885889887809753,
          "x": 0.15043799579143524,
          "y": 0.003263464430347085,
          "z": 0.007056434638798237
        },
        "scale": {
          "x": 1.0,
          "y": 1.0,
          "z": 1.0
        },
        "matrix_basis": [
          [
            0.9998791217803955,
            -0.012969928793609142,
            0.008575561456382275,
            0.0
          ],
          [
            0.014933724887669086,
            0.9546372294425964,
            -0.29739663004875183,
            0.0
          ],
          [
            -0.004329338204115629,
            0.2974887490272522,
            0.9547154903411865,
            0.0
          ],
          [
            0.0,
            0.0,
            0.0,
            1.0
          ]
        ],
        "rotation_mode": "QUATERNION"
      },
      "armature_space": {
        "head": {
          "x": 0.21381303668022156,
          "y": -0.3808342218399048,
          "z": 0.07952994853258133
        },
        "tail": {
          "x": 0.22552548348903656,
          "y": -0.40410032868385315,
          "z": 0.09529070556163788
        }
      },
      "world_space": {
        "head": {
          "x": 0.21381303668022156,
          "y": -0.31759023666381836,
          "z": 1.0293840169906616
        },
        "tail": {
          "x": 0.22552548348903656,
          "y": -0.34085631370544434,
          "z": 1.0451446771621704
        },
        "rotation_quaternion": {
          "w": 0.25315800309181213,
          "x": 0.17733201384544373,
          "y": -0.23196792602539062,
          "z": -0.9223097562789917
        },
        "matrix": [
          [
            -0.8089284896850586,
            0.38470983505249023,
            -0.44455939531326294,
            0.21381303668022156
          ],
          [
            -0.5492513179779053,
            -0.7642037272453308,
            0.3381061553955078,
            -0.31759023666381836
          ],
          [
            -0.20966318249702454,
            0.5176814794540405,
            0.8294947743415833,
            1.0293840169906616
          ],
          [
            0.0,
            0.0,
            0.0,
            1.0
          ]
        ]
      },
      "bone_length_armature_space": 0.03044494401352028,
      "parent": "thumb_02_l",
      "has_children": false,
      "is_end_bone": true
    },
    "metacarpal_index_l": {
      "name": "metacarpal_index_l",
      "local": {
        "location": {
          "x": 0.0,
          "y": 0.0,
          "z": 0.0
        },
        "rotation_quaternion": {
          "w": 0.9997107982635498,
          "x": -0.01244091521948576,
          "y": -0.020415013656020164,
          "z": 0.0026342577766627073
        },
        "scale": {
          "x": 1.0,
          "y": 1.0,
          "z": 1.0
        },
        "matrix_basis": [
          [
            0.9991526007652283,
            -0.004759029019623995,
            -0.04088376462459564,
            0.0
          ],
          [
            0.005774954799562693,
            0.9996765851974487,
            0.024767078459262848,
            0.0
          ],
          [
            0.040752675384283066,
            -0.024982191622257233,
            0.9988569021224976,
            0.0
          ],
          [
            0.0,
            0.0,
            0.0,
            1.0
          ]
        ],
        "rotation_mode": "QUATERNION"
      },
      "armature_space": {
        "head": {
          "x": 0.2399568110704422,
          "y": -0.3411563038825989,
          "z": 0.14443598687648773
        },
        "tail": {
          "x": 0.19136454164981842,
          "y": -0.3879375755786896,
          "z": 0.048625439405441284
        }
      },
      "world_space": {
        "head": {
          "x": 0.2399568110704422,
          "y": -0.27791231870651245,
          "z": 1.094290018081665
        },
        "tail": {
          "x": 0.19136454164981842,
          "y": -0.32469356060028076,
          "z": 0.9984794855117798
        },
        "rotation_quaternion": {
          "w": 0.5480585098266602,
          "x": -0.7442952394485474,
          "y": -0.0024275926407426596,
          "z": 0.38164204359054565
        },
        "matrix": [
          [
            0.7086881995201111,
            -0.41470983624458313,
            -0.5707685947418213,
            0.2399568110704422
          ],
          [
            0.4219359755516052,
            -0.39925384521484375,
            0.8139820098876953,
            -0.27791231870651245
          ],
          [
            -0.5654513239860535,
            -0.8176933526992798,
            -0.10796544700860977,
            1.094290018081665
          ],
          [
            0.0,
            0.0,
            0.0,
            1.0
          ]
        ]
      },
      "bone_length_armature_space": 0.11717233957136745,
      "parent": "lowerarm_l",
      "has_children": true,
      "is_end_bone": false
    },
    "index_01_l": {
      "name": "index_01_l",
      "local": {
        "location": {
          "x": 0.0,
          "y": 0.0,
          "z": 0.0
        },
        "rotation_quaternion": {
          "w": 0.9542282819747925,
          "x": 0.2990642786026001,
          "y": 0.0029554907232522964,
          "z": -0.0005045923171564937
        },
        "scale": {
          "x": 1.0,
          "y": 1.0,
          "z": 1.0
        },
        "matrix_basis": [
          [
            0.9999819993972778,
            0.0027307558339089155,
            0.00533861480653286,
            0.0
          ],
          [
            0.0008047708543017507,
            0.8211206197738647,
            -0.5707541704177856,
            0.0
          ],
          [
            -0.005942236632108688,
            0.5707482099533081,
            0.8211036324501038,
            0.0
          ],
          [
            0.0,
            0.0,
            0.0,
            1.0
          ]
        ],
        "rotation_mode": "QUATERNION"
      },
      "armature_space": {
        "head": {
          "x": 0.19136454164981842,
          "y": -0.3879375755786896,
          "z": 0.048625439405441284
        },
        "tail": {
          "x": 0.18051554262638092,
          "y": -0.3829963207244873,
          "z": 0.022722508758306503
        }
      },
      "world_space": {
        "head": {
          "x": 0.19136454164981842,
          "y": -0.32469356060028076,
          "z": 0.9984794855117798
        },
        "tail": {
          "x": 0.18051554262638092,
          "y": -0.3197523355484009,
          "z": 0.9725764989852905
        },
        "rotation_quaternion": {
          "w": 0.7634533047676086,
          "x": -0.5711476802825928,
          "y": -0.06151927635073662,
          "z": 0.2952030897140503
        },
        "matrix": [
          [
            0.8181399703025818,
            -0.3804747462272644,
            -0.43114492297172546,
            0.19136454164981842
          ],
          [
            0.521022379398346,
            0.17328998446464539,
            0.8357670903205872,
            -0.32469356060028076
          ],
          [
            -0.2432762086391449,
            -0.908416748046875,
            0.3400145173072815,
            0.9984794855117798
          ],
          [
            0.0,
            0.0,
            0.0,
            1.0
          ]
        ]
      },
      "bone_length_armature_space": 0.02851453283368662,
      "parent": "metacarpal_index_l",
      "has_children": true,
      "is_end_bone": false
    },
    "index_02_l": {
      "name": "index_02_l",
      "local": {
        "location": {
          "x": 0.0,
          "y": 0.0,
          "z": 0.0
        },
        "rotation_quaternion": {
          "w": 0.8844879865646362,
          "x": 0.4664267301559448,
          "y": -0.010760320350527763,
          "z": 0.003377689281478524
        },
        "scale": {
          "x": 1.0,
          "y": 1.0,
          "z": 1.0
        },
        "matrix_basis": [
          [
            0.9997456073760986,
            -0.016012853011488914,
            -0.015883859246969223,
            0.0
          ],
          [
            -0.004062750842422247,
            0.5648694038391113,
            -0.8251703977584839,
            0.0
          ],
          [
            0.022185636684298515,
            0.8250249624252319,
            0.5646606683731079,
            0.0
          ],
          [
            0.0,
            0.0,
            0.0,
            1.0
          ]
        ],
        "rotation_mode": "QUATERNION"
      },
      "armature_space": {
        "head": {
          "x": 0.18051506578922272,
          "y": -0.3829961121082306,
          "z": 0.02272232621908188
        },
        "tail": {
          "x": 0.16474728286266327,
          "y": -0.3638473153114319,
          "z": 0.016180841252207756
        }
      },
      "world_space": {
        "head": {
          "x": 0.18051506578922272,
          "y": -0.3197520971298218,
          "z": 0.9725763201713562
        },
        "tail": {
          "x": 0.16474728286266327,
          "y": -0.30060333013534546,
          "z": 0.9660348296165466
        },
        "rotation_quaternion": {
          "w": 0.9333516955375671,
          "x": -0.15232069790363312,
          "y": 0.045587897300720215,
          "z": 0.3218303918838501
        },
        "matrix": [
          [
            0.7886937260627747,
            -0.6146499514579773,
            -0.012944310903549194,
            0.18051506578922272
          ],
          [
            0.5868741869926453,
            0.7464470863342285,
            0.3136811852455139,
            -0.3197520971298218
          ],
          [
            -0.18314240872859955,
            -0.2549961507320404,
            0.9494472146034241,
            0.9725763201713562
          ],
          [
            0.0,
            0.0,
            0.0,
            1.0
          ]
        ]
      },
      "bone_length_armature_space": 0.02565327299833518,
      "parent": "index_01_l",
      "has_children": true,
      "is_end_bone": false
    },
    "index_03_l": {
      "name": "index_03_l",
      "local": {
        "location": {
          "x": 0.0,
          "y": 0.0,
          "z": 0.0
        },
        "rotation_quaternion": {
          "w": 0.9336617588996887,
          "x": 0.35815340280532837,
          "y": 0.00119833555072546,
          "z": -0.00064063974423334
        },
        "scale": {
          "x": 1.0,
          "y": 1.0,
          "z": 1.0
        },
        "matrix_basis": [
          [
            0.9999963045120239,
            0.002054657554253936,
            0.0017787856049835682,
            0.0
          ],
          [
            -0.0003379057452548295,
            0.7434514760971069,
            -0.668789803981781,
            0.0
          ],
          [
            -0.002696574665606022,
            0.6687867641448975,
            0.7434493899345398,
            0.0
          ],
          [
            0.0,
            0.0,
            0.0,
            1.0
          ]
        ],
        "rotation_mode": "QUATERNION"
      },
      "armature_space": {
        "head": {
          "x": 0.16474726796150208,
          "y": -0.3638473451137543,
          "z": 0.01618071459233761
        },
        "tail": {
          "x": 0.15499792993068695,
          "y": -0.3404938876628876,
          "z": 0.030785556882619858
        }
      },
      "world_space": {
        "head": {
          "x": 0.16474726796150208,
          "y": -0.30060333013534546,
          "z": 0.9660347104072571
        },
        "tail": {
          "x": 0.15499792993068695,
          "y": -0.27724987268447876,
          "z": 0.9806395769119263
        },
        "rotation_quaternion": {
          "w": 0.9313153624534607,
          "x": 0.22540225088596344,
          "y": 0.1796775907278061,
          "z": 0.22262424230575562
        },
        "matrix": [
          [
            0.8363083600997925,
            -0.33366772532463074,
            0.4350334107875824,
            0.16474726796150208
          ],
          [
            0.49566662311553955,
            0.7992649674415588,
            -0.33983904123306274,
            -0.30060333013534546
          ],
          [
            -0.23431465029716492,
            0.4998459815979004,
            0.8338253498077393,
            0.9660347104072571
          ],
          [
            0.0,
            0.0,
            0.0,
            1.0
          ]
        ]
      },
      "bone_length_armature_space": 0.02921874336858409,
      "parent": "index_02_l",
      "has_children": false,
      "is_end_bone": true
    },
    "metacarpal_pinky_l": {
      "name": "metacarpal_pinky_l",
      "local": {
        "location": {
          "x": 0.0,
          "y": 0.0,
          "z": 0.0
        },
        "rotation_quaternion": {
          "w": 0.999894380569458,
          "x": -0.013399774208664894,
          "y": 0.002172058215364814,
          "z": -0.005213695112615824
        },
        "scale": {
          "x": 1.0,
          "y": 1.0,
          "z": 1.0
        },
        "matrix_basis": [
          [
            0.9999362230300903,
            0.01036807894706726,
            0.0044833822175860405,
            0.0
          ],
          [
            -0.010484498925507069,
            0.9995865225791931,
            0.026774069294333458,
            0.0
          ],
          [
            -0.004203932825475931,
            -0.026819366961717606,
            0.9996314644813538,
            0.0
          ],
          [
            0.0,
            0.0,
            0.0,
            1.0
          ]
        ],
        "rotation_mode": "QUATERNION"
      },
      "armature_space": {
        "head": {
          "x": 0.2399568110704422,
          "y": -0.3411563038825989,
          "z": 0.14443598687648773
        },
        "tail": {
          "x": 0.2583276629447937,
          "y": -0.38435956835746765,
          "z": 0.05148796737194061
        }
      },
      "world_space": {
        "head": {
          "x": 0.2399568110704422,
          "y": -0.27791231870651245,
          "z": 1.094290018081665
        },
        "tail": {
          "x": 0.2583276629447937,
          "y": -0.32111555337905884,
          "z": 1.0013419389724731
        },
        "rotation_quaternion": {
          "w": 0.00830098893493414,
          "x": 0.1504039466381073,
          "y": 0.5408182144165039,
          "z": -0.8275417685508728
        },
        "matrix": [
          [
            -0.954619824886322,
            0.17642101645469666,
            -0.23995155096054077,
            0.2399568110704422
          ],
          [
            0.14894236624240875,
            -0.4148944020271301,
            -0.8975963592529297,
            -0.27791231870651245
          ],
          [
            -0.2579110562801361,
            -0.8926087021827698,
            0.3697914183139801,
            1.094290018081665
          ],
          [
            0.0,
            0.0,
            0.0,
            1.0
          ]
        ]
      },
      "bone_length_armature_space": 0.10413138290582406,
      "parent": "lowerarm_l",
      "has_children": true,
      "is_end_bone": false
    },
    "pinky_01_l": {
      "name": "pinky_01_l",
      "local": {
        "location": {
          "x": 0.0,
          "y": 0.0,
          "z": 0.0
        },
        "rotation_quaternion": {
          "w": 0.9430152177810669,
          "x": 0.33225777745246887,
          "y": 0.003279146971181035,
          "z": 0.0177925992757082
        },
        "scale": {
          "x": 1.0,
          "y": 1.0,
          "z": 1.0
        },
        "matrix_basis": [
          [
            0.9993453621864319,
            -0.03137833997607231,
            0.018008029088377953,
            0.0
          ],
          [
            0.03573642671108246,
            0.7785763740539551,
            -0.6265316009521484,
            0.0
          ],
          [
            0.005638888105750084,
            0.6267649531364441,
            0.7791880369186401,
            0.0
          ],
          [
            0.0,
            0.0,
            0.0,
            1.0
          ]
        ],
        "rotation_mode": "QUATERNION"
      },
      "armature_space": {
        "head": {
          "x": 0.2583276629447937,
          "y": -0.38435956835746765,
