{
  "metadata": {
    "armature_name": "KIM_caucasian_male",
    "export_time": "2026-01-13T21:12:25.799003",
    "blender_version": "4.4.1",
    "bone_count": 56,
    "end_bone_count": 13,
    "spaces_included": [
      "LOCAL_CHANNELS",
      "ARMATURE_SPACE",
      "WORLD_SPACE"
    ],
    "note": "LOCAL matches Transform panel; replay pose via local.matrix_basis for best fidelity."
  },
  "bones": {
    "Root": {
      "name": "Root",
      "local": {
        "location": {
          "x": 0.0,
          "y": 0.0,
          "z": 0.0
        },
        "rotation_quaternion": {
          "w": 0.9999711513519287,
          "x": -0.00320428260602057,
          "y": 0.004594102501869202,
          "z": -0.005140109919011593
        },
        "scale": {
          "x": 1.0,
          "y": 1.0,
          "z": 1.0
        },
        "matrix_basis": [
          [
            0.9999049305915833,
            0.010250481776893139,
            0.009220880456268787,
            0.0
          ],
          [
            -0.010309364646673203,
            0.9999266266822815,
            0.006361152045428753,
            0.0
          ],
          [
            -0.009154999628663063,
            -0.006455608643591404,
            0.9999372363090515,
            0.0
          ],
          [
            0.0,
            0.0,
            0.0,
            1.0
          ]
        ],
        "rotation_mode": "QUATERNION"
      },
      "armature_space": {
        "head": {
          "x": 0.0,
          "y": 0.07072800397872925,
          "z": -0.009595036506652832
        },
        "tail": {
          "x": 0.0007316370611079037,
          "y": 6.713718175888062e-05,
          "z": 0.00045589078217744827
        }
      },
      "world_space": {
        "head": {
          "x": 0.0,
          "y": 0.13397200405597687,
          "z": 0.9402589797973633
        },
        "tail": {
          "x": 0.0007316370611079037,
          "y": 0.0633111372590065,
          "z": 0.9503099322319031
        },
        "rotation_quaternion": {
          "w": 0.07056271284818649,
          "x": 0.9974835515022278,
          "y": 0.005437927786260843,
          "z": 0.004237387795001268
        },
        "matrix": [
          [
            0.9999049305915833,
            0.010250481776893139,
            0.009220880456268787,
            0.0
          ],
          [
            0.011446491815149784,
            -0.9899826049804688,
            -0.14072467386722565,
            0.13397200405597687
          ],
          [
            0.007686080876737833,
            0.14081688225269318,
            -0.9900128841400146,
            0.9402589797973633
          ],
          [
            0.0,
            0.0,
            0.0,
            1.0
          ]
        ]
      },
      "bone_length_armature_space": 0.07137586842042543,
      "parent": null,
      "has_children": true,
      "is_end_bone": false
    },
    "spine_01": {
      "name": "spine_01",
      "local": {
        "location": {
          "x": 0.0,
          "y": 0.0,
          "z": 0.0
        },
        "rotation_quaternion": {
          "w": 0.9944394826889038,
          "x": 0.07369460165500641,
          "y": 0.03754107281565666,
          "z": 0.065191350877285
        },
        "scale": {
          "x": 1.0,
          "y": 1.0,
          "z": 1.0
        },
        "matrix_basis": [
          [
            0.9886814951896667,
            -0.12412455677986145,
            0.08427315205335617,
            0.0
          ],
          [
            0.13519085943698883,
            0.9806383848190308,
            -0.1416749358177185,
            0.0
          ],
          [
            -0.06505614519119263,
            0.1514643430709839,
            0.9863195419311523,
            0.0
          ],
          [
            0.0,
            0.0,
            0.0,
            1.0
          ]
        ],
        "rotation_mode": "QUATERNION"
      },
      "armature_space": {
        "head": {
          "x": 0.0007316370611079037,
          "y": 6.713718175888062e-05,
          "z": 0.00045589078217744827
        },
        "tail": {
          "x": -0.0629849061369896,
          "y": -0.049024857580661774,
          "z": 0.48178592324256897
        }
      },
      "world_space": {
        "head": {
          "x": 0.0007316370611079037,
          "y": 0.0633111372590065,
          "z": 0.9503099322319031
        },
        "tail": {
          "x": -0.0629849061369896,
          "y": 0.014219142496585846,
          "z": 1.4316399097442627
        },
        "rotation_quaternion": {
          "w": 0.670407235622406,
          "x": 0.7375158071517944,
          "y": -0.015969473868608475,
          "z": 0.07981036603450775
        },
        "matrix": [
          [
            0.986750602722168,
            -0.13056635856628418,
            0.09630979597568512,
            0.0007316370611079037
          ],
          [
            0.08345454186201096,
            -0.10059809684753418,
            -0.9914209842681885,
            0.0633111372590065
          ],
          [
            0.13913586735725403,
            0.9863295555114746,
            -0.0883704274892807,
            0.9503099322319031
          ],
          [
            0.0,
            0.0,
            0.0,
            1.0
          ]
        ]
      },
      "bone_length_armature_space": 0.4880045359448156,
      "parent": "Root",
      "has_children": true,
      "is_end_bone": false
    },
    "neck_01": {
      "name": "neck_01",
      "local": {
        "location": {
          "x": 0.0,
          "y": 0.0,
          "z": 0.0
        },
        "rotation_quaternion": {
          "w": 0.993253767490387,
          "x": -0.04805322736501694,
          "y": -0.09639603644609451,
          "z": 0.042960941791534424
        },
        "scale": {
          "x": 1.0,
          "y": 1.0,
          "z": 1.0
        },
        "matrix_basis": [
          [
            0.9777243137359619,
            -0.07607795298099518,
            -0.19562028348445892,
            0.0
          ],
          [
            0.09460651874542236,
            0.9916905164718628,
            0.08717557042837143,
            0.0
          ],
          [
            0.18736262619495392,
            -0.1037406250834465,
            0.9767974019050598,
            0.0
          ],
          [
            0.0,
            0.0,
            0.0,
            1.0
          ]
        ],
        "rotation_mode": "QUATERNION"
      },
      "armature_space": {
        "head": {
          "x": -0.06920470297336578,
          "y": -0.09077341109514236,
          "z": 0.5509387254714966
        },
        "tail": {
          "x": -0.08691909909248352,
          "y": -0.12981736660003662,
          "z": 0.6440650224685669
        }
      },
      "world_space": {
        "head": {
          "x": -0.06920470297336578,
          "y": -0.027529411017894745,
          "z": 1.5007927417755127
        },
        "tail": {
          "x": -0.08691909909248352,
          "y": -0.066573366522789,
          "z": 1.593919038772583
        },
        "rotation_quaternion": {
          "w": 0.5489352345466614,
          "x": 0.8306755423545837,
          "y": -0.09083592891693115,
          "z": 0.019926613196730614
        },
        "matrix": [
          [
            0.982703447341919,
            -0.1727873682975769,
            -0.066621795296669,
            -0.06920470297336578
          ],
          [
            -0.12903431057929993,
            -0.3808373808860779,
            -0.9155945777893066,
            -0.027529411017894745
          ],
          [
            0.1328319013118744,
            0.9083602428436279,
            -0.3965493440628052,
            1.5007927417755127
          ],
          [
            0.0,
            0.0,
            0.0,
            1.0
          ]
        ]
      },
      "bone_length_armature_space": 0.10252188924758283,
      "parent": "spine_01",
      "has_children": true,
      "is_end_bone": false
    },
    "head": {
      "name": "head",
      "local": {
        "location": {
          "x": 0.0,
          "y": 0.0,
          "z": 0.0
        },
        "rotation_quaternion": {
          "w": 0.9780454039573669,
          "x": 0.01134396716952324,
          "y": -0.17308960855007172,
          "z": -0.11549217998981476
        },
        "scale": {
          "x": 1.0,
          "y": 1.0,
          "z": 1.0
        },
        "matrix_basis": [
          [
            0.9134030938148499,
            0.22198614478111267,
            -0.34119927883148193,
            0.0
          ],
          [
            -0.2298402339220047,
            0.9730657339096069,
            0.01779116317629814,
            0.0
          ],
          [
            0.33595871925354004,
            0.06217082217335701,
            0.9398226141929626,
            0.0
          ],
          [
            0.0,
            0.0,
            0.0,
            1.0
          ]
        ],
        "rotation_mode": "QUATERNION"
      },
      "armature_space": {
        "head": {
          "x": -0.08691909164190292,
          "y": -0.12981748580932617,
          "z": 0.6440649032592773
        },
        "tail": {
          "x": -0.07510379701852798,
          "y": -0.14754189550876617,
          "z": 0.7976863384246826
        }
      },
      "world_space": {
        "head": {
          "x": -0.08691909164190292,
          "y": -0.06657348573207855,
          "z": 1.5939189195632935
        },
        "tail": {
          "x": -0.07510379701852798,
          "y": -0.08429789543151855,
          "z": 1.7475403547286987
        },
        "rotation_quaternion": {
          "w": 0.6527937054634094,
          "x": 0.7189177870750427,
          "y": -0.12929846346378326,
          "z": -0.20074760913848877
        },
        "matrix": [
          [
            0.8859649896621704,
            0.07618337869644165,
            -0.45745185017585754,
            -0.08691909164190292
          ],
          [
            -0.4480029344558716,
            -0.11428451538085938,
            -0.8866977095603943,
            -0.06657348573207855
          ],
          [
            -0.11983253806829453,
            0.9905295968055725,
            -0.06712301075458527,
            1.5939189195632935
          ],
          [
            0.0,
            0.0,
            0.0,
            1.0
          ]
        ]
      },
      "bone_length_armature_space": 0.15509126482588842,
      "parent": "neck_01",
      "has_children": false,
      "is_end_bone": true
    },
    "upperarm_l": {
      "name": "upperarm_l",
      "local": {
        "location": {
          "x": 0.0,
          "y": 0.0,
          "z": 0.0
        },
        "rotation_quaternion": {
          "w": 0.6924911141395569,
          "x": 0.33010706305503845,
          "y": 0.4957852363586426,
          "z": 0.4070412218570709
        },
        "scale": {
          "x": 1.0,
          "y": 1.0,
          "z": 1.0
        },
        "matrix_basis": [
          [
            0.17702887952327728,
            -0.2364204376935959,
            0.9553881287574768,
            0.0
          ],
          [
            0.8910692930221558,
            0.4506935477256775,
            -0.05358235910534859,
            0.0
          ],
          [
            -0.4179193675518036,
            0.8608024716377258,
            0.29045265913009644,
            0.0
          ],
          [
            0.0,
            0.0,
            0.0,
            1.0
          ]
        ],
        "rotation_mode": "QUATERNION"
      },
      "armature_space": {
        "head": {
          "x": 0.08789010345935822,
          "y": -0.07465602457523346,
          "z": 0.5052382946014404
        },
        "tail": {
          "x": 0.23186653852462769,
          "y": -0.29451531171798706,
          "z": 0.5575865507125854
        }
      },
      "world_space": {
        "head": {
          "x": 0.08789010345935822,
          "y": -0.01141202449798584,
          "z": 1.4550923109054565
        },
        "tail": {
          "x": 0.23186653852462769,
          "y": -0.23127131164073944,
          "z": 1.5074405670166016
        },
        "rotation_quaternion": {
          "w": 0.09726304560899734,
          "x": 0.953904390335083,
          "y": 0.28338655829429626,
          "z": 0.017275573685765266
        },
        "matrix": [
          [
            0.8387871980667114,
            0.5372868180274963,
            0.08808475732803345,
            0.08789010345935822
          ],
          [
            0.544008195400238,
            -0.8204641342163086,
            -0.17576825618743896,
            -0.01141202449798584
          ],
          [
            -0.022167157381772995,
            0.19535164535045624,
            -0.9804900884628296,
            1.4550923109054565
          ],
          [
            0.0,
            0.0,
            0.0,
            1.0
          ]
        ]
      },
      "bone_length_armature_space": 0.26796951610105346,
      "parent": "spine_01",
      "has_children": true,
      "is_end_bone": false
    },
    "lowerarm_l": {
      "name": "lowerarm_l",
      "local": {
        "location": {
          "x": 0.0,
          "y": 0.0,
          "z": 0.0
        },
        "rotation_quaternion": {
          "w": 0.945997953414917,
          "x": 0.036176737397909164,
          "y": -0.0813220888376236,
          "z": 0.3117145597934723
        },
        "scale": {
          "x": 1.0,
          "y": 1.0,
          "z": 1.0
        },
        "matrix_basis": [
          [
            0.7924414873123169,
            -0.5956466197967529,
            -0.1313074231147766,
            0.0
          ],
          [
            0.583878755569458,
            0.8030505776405334,
            -0.11914479732513428,
            0.0
          ],
          [
            0.17641468346118927,
            0.017747681587934494,
            0.9841558933258057,
            0.0
          ],
          [
            0.0,
            0.0,
            0.0,
            1.0
          ]
        ],
        "rotation_mode": "QUATERNION"
      },
      "armature_space": {
        "head": {
          "x": 0.2318665087223053,
          "y": -0.294515460729599,
          "z": 0.5575865507125854
        },
        "tail": {
          "x": 0.19644489884376526,
          "y": -0.5570616722106934,
          "z": 0.5947909355163574
        }
      },
      "world_space": {
        "head": {
          "x": 0.2318665087223053,
          "y": -0.23127146065235138,
          "z": 1.5074405670166016
        },
        "tail": {
          "x": 0.19644489884376526,
          "y": -0.49381768703460693,
          "z": 1.5446449518203735
        },
        "rotation_quaternion": {
          "w": 0.06060219183564186,
          "x": 0.9868586659431458,
          "y": -0.07504501938819885,
          "z": -0.12963733077049255
        },
        "matrix": [
          [
            0.9551248550415039,
            -0.132405087351799,
            -0.26496320962905884,
            0.2318665087223053
          ],
          [
            -0.16383026540279388,
            -0.9813914895057678,
            -0.10015466064214706,
            -0.23127146065235138
          ],
          [
            -0.24677345156669617,
            0.13906919956207275,
            -0.9590500593185425,
            1.5074405670166016
          ],
          [
            0.0,
            0.0,
            0.0,
            1.0
          ]
        ]
      },
      "bone_length_armature_space": 0.26752452396139287,
      "parent": "upperarm_l",
      "has_children": true,
      "is_end_bone": false
    },
    "metacarpal_thumb_l": {
      "name": "metacarpal_thumb_l",
      "local": {
        "location": {
          "x": 0.0,
          "y": 0.0,
          "z": 0.0
        },
        "rotation_quaternion": {
          "w": 0.999456524848938,
          "x": -0.03191752731800079,
          "y": -0.005480420775711536,
          "z": 0.006168650463223457
        },
        "scale": {
          "x": 1.0,
          "y": 1.0,
          "z": 1.0
        },
        "matrix_basis": [
          [
            0.9998638033866882,
            -0.011980753391981125,
            -0.011348661035299301,
            0.0
          ],
          [
            0.01268043927848339,
            0.9978864192962646,
            0.06373275071382523,
            0.0
          ],
          [
            0.010561108589172363,
            -0.0638679787516594,
            0.9979024529457092,
            0.0
          ],
          [
            0.0,
            0.0,
            0.0,
            1.0
          ]
        ],
        "rotation_mode": "QUATERNION"
      },
      "armature_space": {
        "head": {
          "x": 0.19644489884376526,
          "y": -0.5570616722106934,
          "z": 0.5947909355163574
        },
        "tail": {
          "x": 0.1889939159154892,
          "y": -0.5994687676429749,
          "z": 0.5703017711639404
        }
      },
      "world_space": {
        "head": {
          "x": 0.19644489884376526,
          "y": -0.49381768703460693,
          "z": 1.5446449518203735
        },
        "tail": {
          "x": 0.1889939159154892,
          "y": -0.5362247824668884,
          "z": 1.5201557874679565
        },
        "rotation_quaternion": {
          "w": 0.15545809268951416,
          "x": -0.7627042531967163,
          "y": 0.2185627818107605,
          "z": -0.5885111689567566
        },
        "matrix": [
          [
            0.21177014708518982,
            -0.15042270720005035,
            0.9656740427017212,
            0.19644489884376526
          ],
          [
            -0.5163751840591431,
            -0.8561261892318726,
            -0.020118407905101776,
            -0.49381768703460693
          ],
          [
            0.829770565032959,
            -0.49439379572868347,
            -0.25897836685180664,
            1.5446449518203735
          ],
          [
            0.0,
            0.0,
            0.0,
            1.0
          ]
        ]
      },
      "bone_length_armature_space": 0.04953380760247352,
      "parent": "lowerarm_l",
      "has_children": true,
      "is_end_bone": false
    },
    "thumb_01_l": {
      "name": "thumb_01_l",
      "local": {
        "location": {
          "x": 0.0,
          "y": 0.0,
          "z": 0.0
        },
        "rotation_quaternion": {
          "w": 0.999447226524353,
          "x": 0.03047216311097145,
          "y": -0.005666377954185009,
          "z": -0.012023577466607094
        },
        "scale": {
          "x": 1.0,
          "y": 1.0,
          "z": 1.0
        },
        "matrix_basis": [
          [
            0.9996466636657715,
            0.023688528686761856,
            -0.012059260159730911,
            0.0
          ],
          [
            -0.024379195645451546,
            0.9978537559509277,
            -0.06077437847852707,
            0.0
          ],
          [
            0.010593722574412823,
            0.06104689836502075,
            0.9980787038803101,
            0.0
          ],
          [
            0.0,
            0.0,
            0.0,
            1.0
          ]
        ],
        "rotation_mode": "QUATERNION"
      },
      "armature_space": {
        "head": {
          "x": 0.1889939159154892,
          "y": -0.5994687676429749,
          "z": 0.5703017711639404
        },
        "tail": {
          "x": 0.2090429961681366,
          "y": -0.6187682747840881,
          "z": 0.5507009029388428
        }
      },
      "world_space": {
        "head": {
          "x": 0.1889939159154892,
          "y": -0.5362247824668884,
          "z": 1.5201557874679565
        },
        "tail": {
          "x": 0.2090429961681366,
          "y": -0.5555242896080017,
          "z": 1.5005549192428589
        },
        "rotation_quaternion": {
          "w": 0.34071293473243713,
          "x": -0.02204008400440216,
          "y": 0.3168908655643463,
          "z": -0.8848780393600464
        },
        "matrix": [
          [
            -0.7668571472167969,
            0.5890104174613953,
            0.25494468212127686,
            0.1889939159154892
          ],
          [
            -0.6169487237930298,
            -0.566989541053772,
            -0.5457998514175415,
            -0.5362247824668884
          ],
          [
            -0.17693251371383667,
            -0.5758428573608398,
            0.7981943488121033,
            1.5201557874679565
          ],
          [
            0.0,
            0.0,
            0.0,
            1.0
          ]
        ]
      },
      "bone_length_armature_space": 0.034038664045829725,
      "parent": "metacarpal_thumb_l",
      "has_children": true,
      "is_end_bone": false
    },
    "thumb_02_l": {
      "name": "thumb_02_l",
      "local": {
        "location": {
          "x": 0.0,
          "y": 0.0,
          "z": 0.0
        },
        "rotation_quaternion": {
          "w": 0.9923426508903503,
          "x": 0.12348516285419464,
          "y": -0.0009396924870088696,
          "z": -0.0025679152458906174
        },
        "scale": {
          "x": 1.0,
          "y": 1.0,
          "z": 1.0
        },
        "matrix_basis": [
          [
            0.9999850392341614,
            0.004864427261054516,
            -0.0024991927202790976,
            0.0
          ],
          [
            -0.005328579805791378,
            0.9694896340370178,
            -0.24507436156272888,
            0.0
          ],
          [
            0.0012307950528338552,
            0.2450840175151825,
            0.9695010781288147,
            0.0
          ],
          [
            0.0,
            0.0,
            0.0,
            1.0
          ]
        ],
        "rotation_mode": "QUATERNION"
      },
      "armature_space": {
        "head": {
          "x": 0.2090429961681366,
          "y": -0.6187682747840881,
          "z": 0.550700843334198
        },
        "tail": {
          "x": 0.20123131573200226,
          "y": -0.656597375869751,
          "z": 0.5617062449455261
        }
      },
      "world_space": {
        "head": {
          "x": 0.2090429961681366,
          "y": -0.5555242896080017,
          "z": 1.5005548000335693
        },
        "tail": {
          "x": 0.20123131573200226,
          "y": -0.5933533906936646,
          "z": 1.5115602016448975
        },
        "rotation_quaternion": {
          "w": 0.04812542721629143,
          "x": -0.3203575015068054,
          "y": 0.16357259452342987,
          "z": 0.9318256974220276
        },
        "matrix": [
          [
            -0.790110170841217,
            -0.19449250400066376,
            -0.5812904834747314,
            0.2090429961681366
          ],
          [
            -0.0151144377887249,
            -0.9418559670448303,
            0.3356771469116211,
            -0.5555242896080017
          ],
          [
            -0.6127829551696777,
            0.27400892972946167,
            0.7412357926368713,
            1.5005548000335693
          ],
          [
            0.0,
            0.0,
            0.0,
            1.0
          ]
        ]
      },
      "bone_length_armature_space": 0.04016443883193523,
      "parent": "thumb_01_l",
      "has_children": true,
      "is_end_bone": false
    },
    "thumb_03_l": {
      "name": "thumb_03_l",
      "local": {
        "location": {
          "x": 0.0,
          "y": 0.0,
          "z": 0.0
        },
        "rotation_quaternion": {
          "w": 0.9966037273406982,
          "x": 0.08218415826559067,
          "y": -0.005084994714707136,
          "z": -0.0010160217061638832
        },
        "scale": {
          "x": 1.0,
          "y": 1.0,
          "z": 1.0
        },
        "matrix_basis": [
          [
            0.9999462366104126,
            0.0011893300106748939,
            -0.010302451439201832,
            0.0
          ],
          [
            -0.0028609540313482285,
            0.986489474773407,
            -0.16379974782466888,
            0.0
          ],
          [
            0.009968447498977184,
            0.16382041573524475,
            0.9864398241043091,
            0.0
          ],
          [
            0.0,
            0.0,
            0.0,
            1.0
          ]
        ],
        "rotation_mode": "QUATERNION"
      },
      "armature_space": {
        "head": {
          "x": 0.20123131573200226,
          "y": -0.6565973162651062,
          "z": 0.5617061257362366
        },
        "tail": {
          "x": 0.19081293046474457,
          "y": -0.6782732605934143,
          "z": 0.5803744196891785
        }
      },
      "world_space": {
        "head": {
          "x": 0.20123131573200226,
          "y": -0.5933533310890198,
          "z": 1.5115602016448975
        },
        "tail": {
          "x": 0.19081293046474457,
          "y": -0.6150292754173279,
          "z": 1.5302283763885498
        },
        "rotation_quaternion": {
          "w": 0.0038036296609789133,
          "x": 0.4589495360851288,
          "y": -0.37947216629981995,
          "z": -0.8033379316329956
        },
        "matrix": [
          [
            -0.5787027478218079,
            -0.3422048091888428,
            -0.7402697205543518,
            0.20123131573200226
          ],
          [
            -0.35442784428596497,
            -0.7119737267494202,
            0.6061968803405762,
            -0.5933533310890198
          ],
          [
            -0.7345013618469238,
            0.6131836175918579,
            0.2907368540763855,
            1.5115602016448975
          ],
          [
            0.0,
            0.0,
            0.0,
            1.0
          ]
        ]
      },
      "bone_length_armature_space": 0.030444942101621127,
      "parent": "thumb_02_l",
      "has_children": false,
      "is_end_bone": true
    },
    "metacarpal_index_l": {
      "name": "metacarpal_index_l",
      "local": {
        "location": {
          "x": 0.0,
          "y": 0.0,
          "z": 0.0
        },
        "rotation_quaternion": {
          "w": 0.9992840886116028,
          "x": -0.03076845407485962,
          "y": 0.019380534067749977,
          "z": -0.010440995916724205
        },
        "scale": {
          "x": 1.0,
          "y": 1.0,
          "z": 1.0
        },
        "matrix_basis": [
          [
            0.9990307688713074,
            0.019674424082040787,
            0.039375826716423035,
            0.0
          ],
          [
            -0.022059660404920578,
            0.9978885650634766,
            0.06108814850449562,
            0.0
          ],
          [
            -0.03809081017971039,
            -0.061897557228803635,
            0.9973554015159607,
            0.0
          ],
          [
            0.0,
            0.0,
            0.0,
            1.0
          ]
        ],
        "rotation_mode": "QUATERNION"
      },
      "armature_space": {
        "head": {
          "x": 0.19644489884376526,
          "y": -0.5570616722106934,
          "z": 0.5947909355163574
        },
        "tail": {
          "x": 0.17482897639274597,
          "y": -0.6714528799057007,
          "z": 0.5815004706382751
        }
      },
      "world_space": {
        "head": {
          "x": 0.19644489884376526,
          "y": -0.49381768703460693,
          "z": 1.5446449518203735
        },
        "tail": {
          "x": 0.17482897639274597,
          "y": -0.6082088947296143,
          "z": 1.5313544273376465
        },
        "rotation_quaternion": {
          "w": 0.01922302506864071,
          "x": -0.9253852963447571,
          "y": 0.10721872001886368,
          "z": -0.3630380630493164
        },
        "matrix": [
          [
            0.7134150266647339,
            -0.18448065221309662,
            0.6760223507881165,
            0.19644489884376526
          ],
          [
            -0.2123945951461792,
            -0.9762694239616394,
            -0.04227260872721672,
            -0.49381768703460693
          ],
          [
            0.6677828431129456,
            -0.1134272962808609,
            -0.7356730103492737,
            1.5446449518203735
          ],
          [
            0.0,
            0.0,
            0.0,
            1.0
          ]
        ]
      },
      "bone_length_armature_space": 0.1171718102000243,
      "parent": "lowerarm_l",
      "has_children": true,
      "is_end_bone": false
    },
    "index_01_l": {
      "name": "index_01_l",
      "local": {
        "location": {
          "x": 0.0,
          "y": 0.0,
          "z": 0.0
        },
        "rotation_quaternion": {
          "w": 0.9991565942764282,
          "x": -0.04048465937376022,
          "y": -0.0068551404401659966,
          "z": 0.0004419522010721266
        },
        "scale": {
          "x": 1.0,
          "y": 1.0,
          "z": 1.0
        },
        "matrix_basis": [
          [
            0.9999056458473206,
            -0.0003281028475612402,
            -0.013734501786530018,
            0.0
          ],
          [
            0.001438214909285307,
            0.9967215657234192,
            0.08089496940374374,
            0.0
          ],
          [
            0.013662933371961117,
            -0.08090709149837494,
            0.9966279864311218,
            0.0
          ],
          [
            0.0,
            0.0,
            0.0,
            1.0
          ]
        ],
        "rotation_mode": "QUATERNION"
      },
      "armature_space": {
        "head": {
          "x": 0.17482897639274597,
          "y": -0.6714528799057007,
          "z": 0.5815004706382751
        },
        "tail": {
          "x": 0.17277969419956207,
          "y": -0.6987636089324951,
          "z": 0.5894374251365662
        }
      },
      "world_space": {
        "head": {
          "x": 0.17482897639274597,
          "y": -0.6082088947296143,
          "z": 1.5313544273376465
        },
        "tail": {
          "x": 0.17277969419956207,
          "y": -0.6355196237564087,
          "z": 1.5392913818359375
        },
        "rotation_quaternion": {
          "w": 0.14417198300361633,
          "x": 0.9201929569244385,
          "y": 0.017902247607707977,
          "z": 0.3635093569755554
        },
        "matrix": [
          [
            0.7350811958312988,
            -0.07186846435070038,
            0.6741593480110168,
            0.17482897639274597
          ],
          [
            0.13776297867298126,
            -0.9577880501747131,
            -0.2523166835308075,
            -0.6082088947296143
          ],
          [
            0.6638402342796326,
            0.27834847569465637,
            -0.6941562294960022,
            1.5313544273376465
          ],
          [
            0.0,
            0.0,
            0.0,
            1.0
          ]
        ]
      },
      "bone_length_armature_space": 0.02851439533840444,
      "parent": "metacarpal_index_l",
      "has_children": true,
      "is_end_bone": false
    },
    "index_02_l": {
      "name": "index_02_l",
      "local": {
        "location": {
          "x": 0.0,
          "y": 0.0,
          "z": 0.0
        },
        "rotation_quaternion": {
          "w": 0.9878823161125183,
          "x": 0.15516109764575958,
          "y": -0.0002907619345933199,
          "z": -0.0036919834092259407
        },
        "scale": {
          "x": 1.0,
          "y": 1.0,
          "z": 1.0
        },
        "matrix_basis": [
          [
            0.9999725818634033,
            0.007204260211437941,
            -0.00172018154989928,
            0.0
          ],
          [
            -0.007384720258414745,
            0.951822817325592,
            -0.30655965209007263,
            0.0
          ],
          [
            -0.000571227225009352,
            0.30656394362449646,
            0.9518498778343201,
            0.0
          ],
          [
            0.0,
            0.0,
            0.0,
            1.0
          ]
        ],
        "rotation_mode": "QUATERNION"
      },
      "armature_space": {
        "head": {
          "x": 0.17277969419956207,
          "y": -0.6987640857696533,
          "z": 0.5894371271133423
        },
        "tail": {
          "x": 0.17605160176753998,
          "y": -0.7241047024726868,
          "z": 0.5917259454727173
        }
      },
      "world_space": {
        "head": {
          "x": 0.17277969419956207,
          "y": -0.6355201005935669,
          "z": 1.5392911434173584
        },
        "tail": {
          "x": 0.17605160176753998,
          "y": -0.6608607172966003,
          "z": 1.5415799617767334
        },
        "rotation_quaternion": {
          "w": 0.02159479446709156,
          "x": 0.9431109428405762,
          "y": 0.07501862943172455,
          "z": 0.3231838345527649
        },
        "matrix": [
          [
            0.7798489332199097,
            0.12754371762275696,
            0.6128363609313965,
            0.17277969419956207
          ],
          [
            0.15546023845672607,
            -0.987811803817749,
            0.007757008075714111,
            -0.6355201005935669
          ],
          [
            0.6063607931137085,
            0.08922210335731506,
            -0.7901774644851685,
            1.5392911434173584
          ],
          [
            0.0,
            0.0,
            0.0,
            1.0
          ]
        ]
      },
      "bone_length_armature_space": 0.0256532829430005,
      "parent": "index_01_l",
      "has_children": true,
      "is_end_bone": false
    },
    "index_03_l": {
      "name": "index_03_l",
      "local": {
        "location": {
          "x": 0.0,
          "y": 0.0,
          "z": 0.0
        },
        "rotation_quaternion": {
          "w": 0.9740311503410339,
          "x": 0.22633427381515503,
          "y": 0.003416947089135647,
          "z": 0.004942955914884806
        },
        "scale": {
          "x": 1.0,
          "y": 1.0,
          "z": 1.0
        },
        "matrix_basis": [
          [
            0.9999277591705322,
            -0.008082441985607147,
            0.008893946185708046,
            0.0
          ],
          [
            0.011175930500030518,
            0.8974967002868652,
            -0.4408794939517975,
            0.0
          ],
          [
            -0.004418905358761549,
            0.4409470558166504,
            0.8975222706794739,
            0.0
          ],
          [
            0.0,
            0.0,
            0.0,
            1.0
          ]
        ],
        "rotation_mode": "QUATERNION"
      },
      "armature_space": {
        "head": {
          "x": 0.17605149745941162,
          "y": -0.7241047024726868,
          "z": 0.5917260646820068
        },
        "tail": {
          "x": 0.19083216786384583,
          "y": -0.7480351328849792,
          "z": 0.5838142037391663
        }
      },
      "world_space": {
        "head": {
          "x": 0.17605149745941162,
          "y": -0.6608607172966003,
          "z": 1.541580080986023
        },
        "tail": {
          "x": 0.19083216786384583,
          "y": -0.6847911477088928,
          "z": 1.5336682796478271
        },
        "rotation_quaternion": {
          "w": 0.22176587581634521,
          "x": -0.8998968005180359,
          "y": -0.20325791835784912,
          "z": -0.3157404065132141
        },
        "matrix": [
          [
            0.7179886698722839,
            0.5058634281158447,
            0.47811561822891235,
            0.17605149745941162
          ],
          [
            0.22578230500221252,
            -0.8190122246742249,
            0.5274859666824341,
            -0.6608607172966003
          ],
          [
            0.6584233045578003,
            -0.2707815170288086,
            -0.7022610306739807,
            1.541580080986023
          ],
          [
            0.0,
            0.0,
            0.0,
            1.0
          ]
        ]
      },
      "bone_length_armature_space": 0.029218679744725563,
      "parent": "index_02_l",
      "has_children": false,
      "is_end_bone": true
    },
    "metacarpal_pinky_l": {
      "name": "metacarpal_pinky_l",
      "local": {
        "location": {
          "x": 0.0,
          "y": 0.0,
          "z": 0.0
        },
        "rotation_quaternion": {
          "w": 0.9995148777961731,
          "x": -0.023663964122533798,
          "y": -0.018743963912129402,
          "z": -0.007666849531233311
        },
        "scale": {
          "x": 1.0,
          "y": 1.0,
          "z": 1.0
        },
        "matrix_basis": [
          [
            0.9991797804832458,
            0.016213374212384224,
            -0.03710688650608063,
            0.0
          ],
          [
            -0.014439146965742111,
            0.9987624883651733,
            0.04759238287806511,
            0.0
          ],
          [
            0.0378325991332531,
            -0.04701755568385124,
            0.9981773495674133,
            0.0
          ],
          [
            0.0,
            0.0,
            0.0,
            1.0
          ]
        ],
        "rotation_mode": "QUATERNION"
      },
      "armature_space": {
        "head": {
          "x": 0.19644489884376526,
          "y": -0.5570616722106934,
          "z": 0.5947909355163574
        },
        "tail": {
          "x": 0.19707053899765015,
          "y": -0.6521787047386169,
          "z": 0.6371654272079468
        }
      },
      "world_space": {
        "head": {
          "x": 0.19644489884376526,
          "y": -0.49381768703460693,
          "z": 1.5446449518203735
        },
        "tail": {
          "x": 0.19707053899765015,
          "y": -0.5889347195625305,
          "z": 1.587019443511963
        },
        "rotation_quaternion": {
          "w": 0.14454931020736694,
          "x": 0.6691553592681885,
          "y": -0.14962069690227509,
          "z": -0.7134074568748474
        },
        "matrix": [
          [
            -0.06267362833023071,
            0.006008237600326538,
            -0.9980160593986511,
            0.19644489884376526
          ],
          [
            -0.4064847528934479,
            -0.9134383201599121,
            0.020027248188853264,
            -0.49381768703460693
          ],
          [
            -0.9115124344825745,
            0.4069353938102722,
            0.059691064059734344,
            1.5446449518203735
          ],
          [
            0.0,
            0.0,
            0.0,
            1.0
          ]
        ]
      },
      "bone_length_armature_space": 0.10413087524768411,
      "parent": "lowerarm_l",
      "has_children": true,
      "is_end_bone": false
    },
    "pinky_01_l": {
      "name": "pinky_01_l",
      "local": {
        "location": {
          "x": 0.0,
          "y": 0.0,
          "z": 0.0
        },
        "rotation_quaternion": {
          "w": 0.9994333982467651,
          "x": 0.02662934549152851,
          "y": 0.02004237286746502,
          "z": 0.0047243922017514706
        },
        "scale": {
          "x": 1.0,
          "y": 1.0,
          "z": 1.0
        },
        "matrix_basis": [
          [
            0.9991519451141357,
            -0.008376000449061394,
            0.04031364992260933,
            0.0
          ],
          [
            0.010510860942304134,
            0.9985371232032776,
            -0.05303913727402687,
            0.0
          ],
          [
            -0.0398104190826416,
            0.05341789126396179,
            0.9977783560752869,
            0.0
          ],
          [
            0.0,
            0.0,
            0.0,
            1.0
          ]
        ],
        "rotation_mode": "QUATERNION"
      },
      "armature_space": {
        "head": {
          "x": 0.19707053899765015,
          "y": -0.6521787047386169,
