{
  "metadata": {
    "armature_name": "KIM_caucasian_male",
    "export_time": "2026-01-13T21:02:13.930677",
    "blender_version": "4.4.1",
    "bone_count": 56,
    "end_bone_count": 13,
    "spaces_included": [
      "LOCAL_CHANNELS",
      "ARMATURE_SPACE",
      "WORLD_SPACE"
    ],
    "note": "LOCAL matches Transform panel; replay pose via local.matrix_basis for best fidelity."
  },
  "bones": {
    "Root": {
      "name": "Root",
      "local": {
        "location": {
          "x": 0.0,
          "y": 0.0,
          "z": 0.0
        },
        "rotation_quaternion": {
          "w": 0.9994479417800903,
          "x": 0.01483034249395132,
          "y": 0.015720432624220848,
          "z": 0.025234779343008995
        },
        "scale": {
          "x": 1.0,
          "y": 1.0,
          "z": 1.0
        },
        "matrix_basis": [
          [
            0.9982321262359619,
            -0.04997541755437851,
            0.03217199072241783,
            0.0
          ],
          [
            0.05090797692537308,
            0.9982865452766418,
            -0.02885090745985508,
            0.0
          ],
          [
            -0.030675027519464493,
            0.030437713488936424,
            0.9990658760070801,
            0.0
          ],
          [
            0.0,
            0.0,
            0.0,
            1.0
          ]
        ],
        "rotation_mode": "QUATERNION"
      },
      "armature_space": {
        "head": {
          "x": 0.0,
          "y": 0.07072800397872925,
          "z": -0.009595036506652832
        },
        "tail": {
          "x": -0.0035670388024300337,
          "y": -0.00017086416482925415,
          "z": -0.002169255167245865
        }
      },
      "world_space": {
        "head": {
          "x": 0.0,
          "y": 0.13397200405597687,
          "z": 0.9402589797973633
        },
        "tail": {
          "x": -0.0035670388024300337,
          "y": 0.06307313591241837,
          "z": 0.9476847648620605
        },
        "rotation_quaternion": {
          "w": 0.05253380537033081,
          "x": 0.9981765151023865,
          "y": -0.024118399247527122,
          "z": 0.017384732142090797
        },
        "matrix": [
          [
            0.9982321262359619,
            -0.04997541755437851,
            0.03217199072241783,
            0.0
          ],
          [
            -0.046322256326675415,
            -0.9933170080184937,
            -0.10571508854627609,
            0.13397200405597687
          ],
          [
            0.03724035620689392,
            0.10403770208358765,
            -0.993882954120636,
            0.9402589797973633
          ],
          [
            0.0,
            0.0,
            0.0,
            1.0
          ]
        ]
      },
      "bone_length_armature_space": 0.07137587601087032,
      "parent": null,
      "has_children": true,
      "is_end_bone": false
    },
    "spine_01": {
      "name": "spine_01",
      "local": {
        "location": {
          "x": 0.0,
          "y": 0.0,
          "z": 0.0
        },
        "rotation_quaternion": {
          "w": 0.9981069564819336,
          "x": 0.048974812030792236,
          "y": -0.03702748566865921,
          "z": -0.0035972462501376867
        },
        "scale": {
          "x": 1.0,
          "y": 1.0,
          "z": 1.0
        },
        "matrix_basis": [
          [
            0.9972320795059204,
            0.003554044757038355,
            -0.07426713407039642,
            0.0
          ],
          [
            -0.010807701386511326,
            0.9951770305633545,
            -0.09749780595302582,
            0.0
          ],
          [
            0.07356243580579758,
            0.09803059697151184,
            0.9924608469009399,
            0.0
          ],
          [
            0.0,
            0.0,
            0.0,
            1.0
          ]
        ],
        "rotation_mode": "QUATERNION"
      },
      "armature_space": {
        "head": {
          "x": -0.0035670388024300337,
          "y": -0.00017086416482925415,
          "z": -0.002169255167245865
        },
        "tail": {
          "x": -0.02178056724369526,
          "y": -0.03932635113596916,
          "z": 0.4839208722114563
        }
      },
      "world_space": {
        "head": {
          "x": -0.0035670388024300337,
          "y": 0.06307313591241837,
          "z": 0.9476847648620605
        },
        "tail": {
          "x": -0.02178056724369526,
          "y": 0.023917648941278458,
          "z": 1.4337749481201172
        },
        "rotation_quaternion": {
          "w": 0.6760309338569641,
          "x": 0.7342934608459473,
          "y": -0.05351467430591583,
          "z": -0.030522488057613373
        },
        "matrix": [
          [
            0.9924091100692749,
            -0.03732271119952202,
            -0.1171802431344986,
            -0.0035670388024300337
          ],
          [
            -0.11985941231250763,
            -0.08023644983768463,
            -0.9895433187484741,
            0.06307313591241837
          ],
          [
            0.02753039263188839,
            0.9960837960243225,
            -0.08410235494375229,
            0.9476847648620605
          ],
          [
            0.0,
            0.0,
            0.0,
            1.0
          ]
        ]
      },
      "bone_length_armature_space": 0.4880046107015975,
      "parent": "Root",
      "has_children": true,
      "is_end_bone": false
    },
    "neck_01": {
      "name": "neck_01",
      "local": {
        "location": {
          "x": 0.0,
          "y": 0.0,
          "z": 0.0
        },
        "rotation_quaternion": {
          "w": 0.9890483021736145,
          "x": 0.06583600491285324,
          "y": -0.06104567274451256,
          "z": -0.11714313924312592
        },
        "scale": {
          "x": 1.0,
          "y": 1.0,
          "z": 1.0
        },
        "matrix_basis": [
          [
            0.9651018381118774,
            0.2236824333667755,
            -0.13617871701717377,
            0.0
          ],
          [
            -0.2397584468126297,
            0.9638862013816833,
            -0.1159278154373169,
            0.0
          ],
          [
            0.10532976686954498,
            0.14453214406967163,
            0.9838780760765076,
            0.0
          ],
          [
            0.0,
            0.0,
            0.0,
            1.0
          ]
        ],
        "rotation_mode": "QUATERNION"
      },
      "armature_space": {
        "head": {
          "x": -0.02857714146375656,
          "y": -0.07951894402503967,
          "z": 0.5539358854293823
        },
        "tail": {
          "x": -0.015055270865559578,
          "y": -0.13989481329917908,
          "z": 0.6356831789016724
        }
      },
      "world_space": {
        "head": {
          "x": -0.02857714146375656,
          "y": -0.016274943947792053,
          "z": 1.5037899017333984
        },
        "tail": {
          "x": -0.015055270865559578,
          "y": -0.07665081322193146,
          "z": 1.5855371952056885
        },
        "rotation_quaternion": {
          "w": 0.45329344272613525,
          "x": 0.8819044232368469,
          "y": 0.008355040103197098,
          "z": -0.1292281150817871
        },
        "matrix": [
          [
            0.9664607644081116,
            0.13189323246479034,
            -0.2203584909439087,
            -0.02857714146375656
          ],
          [
            -0.10241936147212982,
            -0.5889103412628174,
            -0.8016827702522278,
            -0.016274943947792053
          ],
          [
            -0.23550958931446075,
            0.7973686456680298,
            -0.5556548833847046,
            1.5037899017333984
          ],
          [
            0.0,
            0.0,
            0.0,
            1.0
          ]
        ]
      },
      "bone_length_armature_space": 0.10252173715919619,
      "parent": "spine_01",
      "has_children": true,
      "is_end_bone": false
    },
    "head": {
      "name": "head",
      "local": {
        "location": {
          "x": 0.0,
          "y": 0.0,
          "z": 0.0
        },
        "rotation_quaternion": {
          "w": 0.9933176040649414,
          "x": -0.07717272639274597,
          "y": -0.0851391926407814,
          "z": -0.01076506543904543
        },
        "scale": {
          "x": 1.0,
          "y": 1.0,
          "z": 1.0
        },
        "matrix_basis": [
          [
            0.9852708578109741,
            0.03452710434794426,
            -0.16747897863388062,
            0.0
          ],
          [
            -0.008245410397648811,
            0.9878569841384888,
            0.15514712035655975,
            0.0
          ],
          [
            0.1708020567893982,
            -0.1514810025691986,
            0.9735913872718811,
            0.0
          ],
          [
            0.0,
            0.0,
            0.0,
            1.0
          ]
        ],
        "rotation_mode": "QUATERNION"
      },
      "armature_space": {
        "head": {
          "x": -0.015055314637720585,
          "y": -0.13989490270614624,
          "z": 0.6356830596923828
        },
        "tail": {
          "x": 0.024844620376825333,
          "y": -0.15761792659759521,
          "z": 0.7845023274421692
        }
      },
      "world_space": {
        "head": {
          "x": -0.015055314637720585,
          "y": -0.07665090262889862,
          "z": 1.585537075996399
        },
        "tail": {
          "x": 0.024844620376825333,
          "y": -0.0943739265203476,
          "z": 1.73435640335083
        },
        "rotation_quaternion": {
          "w": 0.6654723286628723,
          "x": 0.7200900316238403,
          "y": -0.0029493768233805895,
          "z": -0.19648966193199158
        },
        "matrix": [
          [
            0.9227668046951294,
            0.2572692036628723,
            -0.2869044542312622,
            -0.015055314637720585
          ],
          [
            -0.26576298475265503,
            -0.11427560448646545,
            -0.9572417140007019,
            -0.07665090262889862
          ],
          [
            -0.2790570855140686,
            0.9595657587051392,
            -0.0370783805847168,
            1.585537075996399
          ],
          [
            0.0,
            0.0,
            0.0,
            1.0
          ]
        ]
      },
      "bone_length_armature_space": 0.15509121598836634,
      "parent": "neck_01",
      "has_children": false,
      "is_end_bone": true
    },
    "upperarm_l": {
      "name": "upperarm_l",
      "local": {
        "location": {
          "x": 0.0,
          "y": 0.0,
          "z": 0.0
        },
        "rotation_quaternion": {
          "w": 0.8180503845214844,
          "x": 0.4992009103298187,
          "y": 0.17825919389724731,
          "z": -0.2231941521167755
        },
        "scale": {
          "x": 1.0,
          "y": 1.0,
          "z": 1.0
        },
        "matrix_basis": [
          [
            0.8368160724639893,
            0.5431424379348755,
            0.06881255656480789,
            0.0
          ],
          [
            -0.18719382584095,
            0.4019656479358673,
            -0.8963158130645752,
            0.0
          ],
          [
            -0.5144874453544617,
            0.7371701598167419,
            0.4380442202091217,
            0.0
          ],
          [
            0.0,
            0.0,
            0.0,
            1.0
          ]
        ],
        "rotation_mode": "QUATERNION"
      },
      "armature_space": {
        "head": {
          "x": 0.12241891026496887,
          "y": -0.0952611118555069,
          "z": 0.4908526837825775
        },
        "tail": {
          "x": 0.21695071458816528,
          "y": -0.2840687036514282,
          "z": 0.3258572816848755
        }
      },
      "world_space": {
        "head": {
          "x": 0.12241891026496887,
          "y": -0.03201711177825928,
          "z": 1.440706729888916
        },
        "tail": {
          "x": 0.21695071458816528,
          "y": -0.2208247035741806,
          "z": 1.2757112979888916
        },
        "rotation_quaternion": {
          "w": 0.09978707134723663,
          "x": -0.6511874794960022,
          "y": -0.3711451292037964,
          "z": 0.6544072031974792
        },
        "matrix": [
          [
            -0.13199475407600403,
            0.3527708351612091,
            -0.9263532161712646,
            0.12241891026496887
          ],
          [
            0.6139729619026184,
            -0.704586386680603,
            -0.3558025062084198,
            -0.03201711177825928
          ],
          [
            -0.7782174348831177,
            -0.6157247424125671,
            -0.12359114736318588,
            1.440706729888916
          ],
          [
            0.0,
            0.0,
            0.0,
            1.0
          ]
        ]
      },
      "bone_length_armature_space": 0.2679702398686934,
      "parent": "spine_01",
      "has_children": true,
      "is_end_bone": false
    },
    "lowerarm_l": {
      "name": "lowerarm_l",
      "local": {
        "location": {
          "x": 0.0,
          "y": 0.0,
          "z": 0.0
        },
        "rotation_quaternion": {
          "w": 0.9063262343406677,
          "x": 0.30436214804649353,
          "y": -0.10450208932161331,
          "z": 0.2738898694515228
        },
        "scale": {
          "x": 1.0,
          "y": 1.0,
          "z": 1.0
        },
        "matrix_basis": [
          [
            0.8281273245811462,
            -0.5600801110267639,
            -0.022702552378177643,
            0.0
          ],
          [
            0.43285417556762695,
            0.6646960377693176,
            -0.6089469194412231,
            0.0
          ],
          [
            0.3561493754386902,
            0.4944586753845215,
            0.7928860187530518,
            0.0
          ],
          [
            0.0,
            0.0,
            0.0,
            1.0
          ]
        ],
        "rotation_mode": "QUATERNION"
      },
      "armature_space": {
        "head": {
          "x": 0.21695071458816528,
          "y": -0.28406888246536255,
          "z": 0.3258573114871979
        },
        "tail": {
          "x": 0.17454631626605988,
          "y": -0.546527087688446,
          "z": 0.3556385636329651
        }
      },
      "world_space": {
        "head": {
          "x": 0.21695071458816528,
          "y": -0.22082488238811493,
          "z": 1.2757112979888916
        },
        "tail": {
          "x": 0.17454631626605988,
          "y": -0.4832831025123596,
          "z": 1.305492639541626
        },
        "rotation_quaternion": {
          "w": 0.03719884902238846,
          "x": -0.5339314341545105,
          "y": 0.0899171531200409,
          "z": 0.8399097323417664
        },
        "matrix": [
          [
            -0.42706695199012756,
            -0.1585066020488739,
            -0.8902188539505005,
            0.21695071458816528
          ],
          [
            -0.033532075583934784,
            -0.9810623526573181,
            0.19076785445213318,
            -0.22082488238811493
          ],
          [
            -0.9036043882369995,
            0.1113215982913971,
            0.413667231798172,
            1.2757112979888916
          ],
          [
            0.0,
            0.0,
            0.0,
            1.0
          ]
        ]
      },
      "bone_length_armature_space": 0.2675245205889217,
      "parent": "upperarm_l",
      "has_children": true,
      "is_end_bone": false
    },
    "metacarpal_thumb_l": {
      "name": "metacarpal_thumb_l",
      "local": {
        "location": {
          "x": 0.0,
          "y": 0.0,
          "z": 0.0
        },
        "rotation_quaternion": {
          "w": 0.9989192485809326,
          "x": -0.044785723090171814,
          "y": -0.0014192028902471066,
          "z": -0.012351593933999538
        },
        "scale": {
          "x": 1.0,
          "y": 1.0,
          "z": 1.0
        },
        "matrix_basis": [
          [
            0.99969083070755,
            0.024803610518574715,
            -0.0017289880197495222,
            0.0
          ],
          [
            -0.024549370631575584,
            0.9956833720207214,
            0.08950970321893692,
            0.0
          ],
          [
            0.003941688220947981,
            -0.08943958580493927,
            0.9959844350814819,
            0.0
          ],
          [
            0.0,
            0.0,
            0.0,
            1.0
          ]
        ],
        "rotation_mode": "QUATERNION"
      },
      "armature_space": {
        "head": {
          "x": 0.17454631626605988,
          "y": -0.546527087688446,
          "z": 0.3556385636329651
        },
        "tail": {
          "x": 0.1409773826599121,
          "y": -0.5809526443481445,
          "z": 0.36753782629966736
        }
      },
      "world_space": {
        "head": {
          "x": 0.17454631626605988,
          "y": -0.4832831025123596,
          "z": 1.305492639541626
        },
        "tail": {
          "x": 0.1409773826599121,
          "y": -0.5177086591720581,
          "z": 1.3173918724060059
        },
        "rotation_quaternion": {
          "w": 0.04392198845744133,
          "x": 0.8967830538749695,
          "y": -0.38803866505622864,
          "z": -0.20803125202655792
        },
        "matrix": [
          [
            0.6122976541519165,
            -0.6776992678642273,
            -0.40720421075820923,
            0.17454631626605988
          ],
          [
            -0.714247465133667,
            -0.6949934363365173,
            0.08267216384410858,
            -0.4832831025123596
          ],
          [
            -0.33903396129608154,
            0.24022573232650757,
            -0.9095941185951233,
            1.305492639541626
          ],
          [
            0.0,
            0.0,
            0.0,
            1.0
          ]
        ]
      },
      "bone_length_armature_space": 0.04953367213416591,
      "parent": "lowerarm_l",
      "has_children": true,
      "is_end_bone": false
    },
    "thumb_01_l": {
      "name": "thumb_01_l",
      "local": {
        "location": {
          "x": 0.0,
          "y": 0.0,
          "z": 0.0
        },
        "rotation_quaternion": {
          "w": 0.9993336200714111,
          "x": 0.03443583846092224,
          "y": 0.0035000713542103767,
          "z": -0.01159023679792881
        },
        "scale": {
          "x": 1.0,
          "y": 1.0,
          "z": 1.0
        },
        "matrix_basis": [
          [
            0.9997068047523499,
            0.02340608276426792,
            0.006197238806635141,
            0.0
          ],
          [
            -0.022923970595002174,
            0.9973596930503845,
            -0.06890691816806793,
            0.0
          ],
          [
            -0.007793717086315155,
            0.06874465197324753,
            0.9976038336753845,
            0.0
          ],
          [
            0.0,
            0.0,
            0.0,
            1.0
          ]
        ],
        "rotation_mode": "QUATERNION"
      },
      "armature_space": {
        "head": {
          "x": 0.1409773826599121,
          "y": -0.5809526443481445,
          "z": 0.36753782629966736
        },
        "tail": {
          "x": 0.11404208838939667,
          "y": -0.5937447547912598,
          "z": 0.3511219620704651
        }
      },
      "world_space": {
        "head": {
          "x": 0.1409773826599121,
          "y": -0.5177086591720581,
          "z": 1.3173918724060059
        },
        "tail": {
          "x": 0.11404208838939667,
          "y": -0.5305007696151733,
          "z": 1.300976037979126
        },
        "rotation_quaternion": {
          "w": 0.10488388687372208,
          "x": 0.6146044731140137,
          "y": -0.5487178564071655,
          "z": 0.5569286346435547
        },
        "matrix": [
          [
            -0.2225237637758255,
            -0.7913166880607605,
            0.5694743990898132,
            0.1409773826599121
          ],
          [
            -0.5576621890068054,
            -0.37581223249435425,
            -0.7401203513145447,
            -0.5177086591720581
          ],
          [
            0.7996899485588074,
            -0.48227250576019287,
            -0.35766327381134033,
            1.3173918724060059
          ],
          [
            0.0,
            0.0,
            0.0,
            1.0
          ]
        ]
      },
      "bone_length_armature_space": 0.034038636257580614,
      "parent": "metacarpal_thumb_l",
      "has_children": true,
      "is_end_bone": false
    },
    "thumb_02_l": {
      "name": "thumb_02_l",
      "local": {
        "location": {
          "x": 0.0,
          "y": 0.0,
          "z": 0.0
        },
        "rotation_quaternion": {
          "w": 0.9947606921195984,
          "x": 0.10210061818361282,
          "y": 0.003177706617861986,
          "z": -0.004080226644873619
        },
        "scale": {
          "x": 1.0,
          "y": 1.0,
          "z": 1.0
        },
        "matrix_basis": [
          [
            0.9999465346336365,
            0.008766589686274529,
            0.0054889279417693615,
            0.0
          ],
          [
            -0.007468806579709053,
            0.9791176319122314,
            -0.20315729081630707,
            0.0
          ],
          [
            -0.007155302446335554,
            0.20310543477535248,
            0.979130744934082,
            0.0
          ],
          [
            0.0,
            0.0,
            0.0,
            1.0
          ]
        ],
        "rotation_mode": "QUATERNION"
      },
      "armature_space": {
        "head": {
          "x": 0.11404207348823547,
          "y": -0.593744695186615,
          "z": 0.3511219620704651
        },
        "tail": {
          "x": 0.11365754157304764,
          "y": -0.6334016919136047,
          "z": 0.35747432708740234
        }
      },
      "world_space": {
        "head": {
          "x": 0.11404207348823547,
          "y": -0.5305007100105286,
          "z": 1.300976037979126
        },
        "tail": {
          "x": 0.11365754157304764,
          "y": -0.5701577067375183,
          "z": 1.3073283433914185
        },
        "rotation_quaternion": {
          "w": 0.04477443918585777,
          "x": 0.510804295539856,
          "y": 0.06566282361745834,
          "z": 0.8560155630111694
        },
        "matrix": [
          [
            -0.4741485118865967,
            -0.009573951363563538,
            0.8803929090499878,
            0.11404207348823547
          ],
          [
            0.1437372863292694,
            -0.9873673319816589,
            0.06667457520961761,
            -0.5305007100105286
          ],
          [
            0.8686388731002808,
            0.15815913677215576,
            0.46953821182250977,
            1.300976037979126
          ],
          [
            0.0,
            0.0,
            0.0,
            1.0
          ]
        ]
      },
      "bone_length_armature_space": 0.040164384792038064,
      "parent": "thumb_01_l",
      "has_children": true,
      "is_end_bone": false
    },
    "thumb_03_l": {
      "name": "thumb_03_l",
      "local": {
        "location": {
          "x": 0.0,
          "y": 0.0,
          "z": 0.0
        },
        "rotation_quaternion": {
          "w": 0.9971731305122375,
          "x": 0.07502328604459763,
          "y": -0.0035450211726129055,
          "z": -0.0022071616258472204
        },
        "scale": {
          "x": 1.0,
          "y": 1.0,
          "z": 1.0
        },
        "matrix_basis": [
          [
            0.9999651312828064,
            0.0038699263241142035,
            -0.007401176728308201,
            0.0
          ],
          [
            -0.004933762829750776,
            0.9887332916259766,
            -0.14960676431655884,
            0.0
          ],
          [
            0.006738822907209396,
            0.14963805675506592,
            0.9887178540229797,
            0.0
          ],
          [
            0.0,
            0.0,
            0.0,
            1.0
          ]
        ],
        "rotation_mode": "QUATERNION"
      },
      "armature_space": {
        "head": {
          "x": 0.11365746706724167,
          "y": -0.63340163230896,
          "z": 0.35747432708740234
        },
        "tail": {
          "x": 0.12556412816047668,
          "y": -0.6603907942771912,
          "z": 0.36500486731529236
        }
      },
      "world_space": {
        "head": {
          "x": 0.11365746706724167,
          "y": -0.5701576471328735,
          "z": 1.3073283433914185
        },
        "tail": {
          "x": 0.12556412816047668,
          "y": -0.5971468091011047,
          "z": 1.3148589134216309
        },
        "rotation_quaternion": {
          "w": 0.14373566210269928,
          "x": -0.3413671851158142,
          "y": -0.18998447060585022,
          "z": -0.9092383980751038
        },
        "matrix": [
          [
            -0.7256171107292175,
            0.39108920097351074,
            0.5661529302597046,
            0.11365746706724167
          ],
          [
            -0.13167117536067963,
            -0.8864917755126953,
            0.4436160624027252,
            -0.5701576471328735
          ],
          [
            0.6753877997398376,
            0.2473503053188324,
            0.6947540044784546,
            1.3073283433914185
          ],
          [
            0.0,
            0.0,
            0.0,
            1.0
          ]
        ]
      },
      "bone_length_armature_space": 0.030444908942101053,
      "parent": "thumb_02_l",
      "has_children": false,
      "is_end_bone": true
    },
    "metacarpal_index_l": {
      "name": "metacarpal_index_l",
      "local": {
        "location": {
          "x": 0.0,
          "y": 0.0,
          "z": 0.0
        },
        "rotation_quaternion": {
          "w": 0.99907386302948,
          "x": -0.04264909774065018,
          "y": -0.004202819429337978,
          "z": -0.0038625786546617746
        },
        "scale": {
          "x": 1.0,
          "y": 1.0,
          "z": 1.0
        },
        "matrix_basis": [
          [
            0.9999348521232605,
            0.008076495490968227,
            -0.008068382740020752,
            0.0
          ],
          [
            -0.007359509821981192,
            0.9963322877883911,
            0.08525166660547256,
            0.0
          ],
          [
            0.00872732512652874,
            -0.08518672734498978,
            0.9963268041610718,
            0.0
          ],
          [
            0.0,
            0.0,
            0.0,
            1.0
          ]
        ],
        "rotation_mode": "QUATERNION"
      },
      "armature_space": {
        "head": {
          "x": 0.17454631626605988,
          "y": -0.546527087688446,
          "z": 0.3556385636329651
        },
        "tail": {
          "x": 0.13105380535125732,
          "y": -0.652104377746582,
          "z": 0.3819265067577362
        }
      },
      "world_space": {
        "head": {
          "x": 0.17454631626605988,
          "y": -0.4832831025123596,
          "z": 1.305492639541626
        },
        "tail": {
          "x": 0.13105380535125732,
          "y": -0.5888603925704956,
          "z": 1.3317805528640747
        },
        "rotation_quaternion": {
          "w": 0.0020428800489753485,
          "x": 0.83897465467453,
          "y": -0.22242259979248047,
          "z": -0.4966343641281128
        },
        "matrix": [
          [
            0.4077647924423218,
            -0.3711860775947571,
            -0.8342355489730835,
            0.17454631626605988
          ],
          [
            -0.3752434551715851,
            -0.9010475277900696,
            0.21749866008758545,
            -0.4832831025123596
          ],
          [
            -0.8324244618415833,
            0.22435402870178223,
            -0.5067039728164673,
            1.305492639541626
          ],
          [
            0.0,
            0.0,
            0.0,
            1.0
          ]
        ]
      },
      "bone_length_armature_space": 0.1171717476688467,
      "parent": "lowerarm_l",
      "has_children": true,
      "is_end_bone": false
    },
    "index_01_l": {
      "name": "index_01_l",
      "local": {
        "location": {
          "x": 0.0,
          "y": 0.0,
          "z": 0.0
        },
        "rotation_quaternion": {
          "w": 0.9996094107627869,
          "x": -0.02701079100370407,
          "y": -0.004396033473312855,
          "z": 0.005678337067365646
        },
        "scale": {
          "x": 1.0,
          "y": 1.0,
          "z": 1.0
        },
        "matrix_basis": [
          [
            0.9998968839645386,
            -0.011114757508039474,
            -0.009095385670661926,
            0.0
          ],
          [
            0.011589718982577324,
            0.9984763264656067,
            0.05395055562257767,
            0.0
          ],
          [
            0.008481879718601704,
            -0.05405040457844734,
            0.9985021948814392,
            0.0
          ],
          [
            0.0,
            0.0,
            0.0,
            1.0
          ]
        ],
        "rotation_mode": "QUATERNION"
      },
      "armature_space": {
        "head": {
          "x": 0.13105380535125732,
          "y": -0.652104377746582,
          "z": 0.3819265067577362
        },
        "tail": {
          "x": 0.12953007221221924,
          "y": -0.6805673241615295,
          "z": 0.3827055096626282
        }
      },
      "world_space": {
        "head": {
          "x": 0.13105380535125732,
          "y": -0.5888603925704956,
          "z": 1.3317805528640747
        },
        "tail": {
          "x": 0.12953007221221924,
          "y": -0.6173233389854431,
          "z": 1.332559585571289
        },
        "rotation_quaternion": {
          "w": 0.001297209644690156,
          "x": -0.8694892525672913,
          "y": 0.029993515461683273,
          "z": 0.49303871393203735
        },
        "matrix": [
          [
            0.5120265483856201,
            -0.05343727394938469,
            -0.8573059439659119,
            0.13105380535125732
          ],
          [
            -0.05087915062904358,
            -0.9981973767280579,
            0.0318315327167511,
            -0.5888603925704956
          ],
          [
            -0.8574675917625427,
            0.027319829910993576,
            -0.5138259530067444,
            1.3317805528640747
          ],
          [
            0.0,
            0.0,
            0.0,
            1.0
          ]
        ]
      },
      "bone_length_armature_space": 0.028514346476705105,
      "parent": "metacarpal_index_l",
      "has_children": true,
      "is_end_bone": false
    },
    "index_02_l": {
      "name": "index_02_l",
      "local": {
        "location": {
          "x": 0.0,
          "y": 0.0,
          "z": 0.0
        },
        "rotation_quaternion": {
          "w": 0.9849534034729004,
          "x": 0.17271307110786438,
          "y": -0.005864637438207865,
          "z": 0.0016476762248203158
        },
        "scale": {
          "x": 1.0,
          "y": 1.0,
          "z": 1.0
        },
        "matrix_basis": [
          [
            0.9999257922172546,
            -0.00527156749740243,
            -0.01098363846540451,
            0.0
          ],
          [
            0.0012199694756418467,
            0.9403349757194519,
            -0.3402479887008667,
            0.0
          ],
          [
            0.012121940031647682,
            0.34020933508872986,
            0.9402716159820557,
            0.0
          ],
          [
            0.0,
            0.0,
            0.0,
            1.0
          ]
        ],
        "rotation_mode": "QUATERNION"
      },
      "armature_space": {
        "head": {
          "x": 0.129529669880867,
          "y": -0.680567741394043,
          "z": 0.38270556926727295
        },
        "tail": {
          "x": 0.12151097506284714,
          "y": -0.7046952247619629,
          "z": 0.3792915344238281
        }
      },
      "world_space": {
        "head": {
          "x": 0.129529669880867,
          "y": -0.6173237562179565,
          "z": 1.332559585571289
        },
        "tail": {
          "x": 0.12151097506284714,
          "y": -0.6414512395858765,
          "z": 1.3291455507278442
        },
        "rotation_quaternion": {
          "w": 0.14082081615924835,
          "x": -0.8382185101509094,
          "y": 0.09954017400741577,
          "z": 0.5173500776290894
        },
        "matrix": [
          [
            0.44488170742988586,
            -0.31257984042167664,
            -0.8392701745033264,
            0.129529669880867
          ],
          [
            -0.021165965124964714,
            -0.9405226707458496,
            0.33907076716423035,
            -0.6173237562179565
          ],
          [
            -0.8953456282615662,
            -0.13308408856391907,
            -0.4250400960445404,
            1.332559585571289
          ],
          [
            0.0,
            0.0,
            0.0,
            1.0
          ]
        ]
      },
      "bone_length_armature_space": 0.025653275710517013,
      "parent": "index_01_l",
      "has_children": true,
      "is_end_bone": false
    },
    "index_03_l": {
      "name": "index_03_l",
      "local": {
        "location": {
          "x": 0.0,
          "y": 0.0,
          "z": 0.0
        },
        "rotation_quaternion": {
          "w": 0.9762760400772095,
          "x": 0.21639135479927063,
          "y": 0.002901710569858551,
          "z": -0.007171506993472576
        },
        "scale": {
          "x": 1.0,
          "y": 1.0,
          "z": 1.0
        },
        "matrix_basis": [
          [
            0.999880313873291,
            0.015258550643920898,
            0.0025620367377996445,
            0.0
          ],
          [
            -0.012746931053698063,
            0.9062467217445374,
            -0.42255699634552,
            0.0
          ],
          [
            -0.0087694451212883,
            0.4224737584590912,
            0.9063327312469482,
            0.0
          ],
          [
            0.0,
            0.0,
            0.0,
            1.0
          ]
        ],
        "rotation_mode": "QUATERNION"
      },
      "armature_space": {
        "head": {
          "x": 0.12151108682155609,
          "y": -0.7046952843666077,
          "z": 0.3792916238307953
        },
        "tail": {
          "x": 0.10309137403964996,
          "y": -0.7234107255935669,
          "z": 0.3664783239364624
        }
      },
      "world_space": {
        "head": {
          "x": 0.12151108682155609,
          "y": -0.6414512991905212,
          "z": 1.3291456699371338
        },
        "tail": {
          "x": 0.10309137403964996,
          "y": -0.6601667404174805,
          "z": 1.3163323402404785
        },
        "rotation_quaternion": {
          "w": 0.38080012798309326,
          "x": -0.7913550734519958,
          "y": 0.1863512545824051,
          "z": 0.4404790699481964
        },
        "matrix": [
          [
            0.5425036549568176,
            -0.6304085850715637,
            -0.5552252531051636,
            0.12151108682155609
          ],
          [
            0.04052734375,
            -0.6405299305915833,
            0.7668629288673401,
            -0.6414512991905212
          ],
          [
            -0.8390812277793884,
            -0.4385313093662262,
            -0.32194268703460693,
            1.3291456699371338
          ],
          [
            0.0,
            0.0,
            0.0,
            1.0
          ]
        ]
      },
      "bone_length_armature_space": 0.029218730668725157,
      "parent": "index_02_l",
      "has_children": false,
      "is_end_bone": true
    },
    "metacarpal_pinky_l": {
      "name": "metacarpal_pinky_l",
      "local": {
        "location": {
          "x": 0.0,
          "y": 0.0,
          "z": 0.0
        },
        "rotation_quaternion": {
          "w": 0.9991689920425415,
          "x": 0.03758242726325989,
          "y": 0.015426856465637684,
          "z": -0.0033247352112084627
        },
        "scale": {
          "x": 1.0,
          "y": 1.0,
          "z": 1.0
        },
        "matrix_basis": [
          [
            0.9995019435882568,
            0.0078035020269453526,
            0.030578169971704483,
            0.0
          ],
          [
            -0.005484387278556824,
            0.9971530437469482,
            -0.07520497590303421,
            0.0
          ],
          [
            -0.031077977269887924,
            0.07499980926513672,
            0.9966991543769836,
            0.0
          ],
          [
            0.0,
            0.0,
            0.0,
            1.0
          ]
        ],
        "rotation_mode": "QUATERNION"
      },
      "armature_space": {
        "head": {
          "x": 0.17454631626605988,
          "y": -0.546527087688446,
          "z": 0.3556385636329651
        },
        "tail": {
          "x": 0.1872442364692688,
          "y": -0.6497447490692139,
          "z": 0.3609391748905182
        }
      },
      "world_space": {
        "head": {
          "x": 0.17454631626605988,
          "y": -0.4832831025123596,
          "z": 1.305492639541626
        },
        "tail": {
          "x": 0.1872442364692688,
          "y": -0.5865007638931274,
          "z": 1.310793161392212
        },
        "rotation_quaternion": {
          "w": 0.05922083184123039,
          "x": -0.06813281029462814,
          "y": -0.029620571061968803,
          "z": -0.995476484298706
        },
        "matrix": [
          [
            -0.983701765537262,
            0.12194214016199112,
            0.1321408897638321,
            0.17454631626605988
          ],
          [
            -0.11386970430612564,
            -0.9912311434745789,
            0.06704334914684296,
            -0.4832831025123596
          ],
          [
            0.13915851712226868,
            0.050903454422950745,
            0.9889680743217468,
            1.305492639541626
          ],
          [
            0.0,
            0.0,
            0.0,
            1.0
          ]
        ]
      },
      "bone_length_armature_space": 0.1041307815345777,
      "parent": "lowerarm_l",
      "has_children": true,
      "is_end_bone": false
    },
    "pinky_01_l": {
      "name": "pinky_01_l",
      "local": {
        "location": {
          "x": 0.0,
          "y": 0.0,
          "z": 0.0
        },
        "rotation_quaternion": {
          "w": 0.9997345209121704,
          "x": 0.014585411176085472,
          "y": 0.017089644446969032,
          "z": 0.005119962152093649
        },
        "scale": {
          "x": 1.0,
          "y": 1.0,
          "z": 1.0
        },
        "matrix_basis": [
          [
            0.9993634819984436,
            -0.009738686494529247,
            0.034319568425416946,
            0.0
          ],
          [
            0.010735725052654743,
            0.9995220899581909,
            -0.028988081961870193,
            0.0
          ],
          [
            -0.034020859748125076,
            0.02933807484805584,
            0.9989904165267944,
            0.0
          ],
          [
            0.0,
            0.0,
            0.0,
            1.0
          ]
        ],
        "rotation_mode": "QUATERNION"
      },
      "armature_space": {
        "head": {
          "x": 0.1872442364692688,
          "y": -0.6497447490692139,
          "z": 0.3609391748905182
