{
  "metadata": {
    "armature_name": "KIM_caucasian_male",
    "export_time": "2026-01-13T21:00:44.641045",
    "blender_version": "4.4.1",
    "bone_count": 56,
    "end_bone_count": 13,
    "spaces_included": [
      "LOCAL_CHANNELS",
      "ARMATURE_SPACE",
      "WORLD_SPACE"
    ],
    "note": "LOCAL matches Transform panel; replay pose via local.matrix_basis for best fidelity."
  },
  "bones": {
    "Root": {
      "name": "Root",
      "local": {
        "location": {
          "x": 0.0,
          "y": 0.0,
          "z": 0.0
        },
        "rotation_quaternion": {
          "w": 0.9998506903648376,
          "x": -0.008709968067705631,
          "y": 0.009485824964940548,
          "z": -0.011523720808327198
        },
        "scale": {
          "x": 1.0,
          "y": 1.0,
          "z": 1.0
        },
        "matrix_basis": [
          [
            0.999554455280304,
            0.02287875860929489,
            0.019169559702277184,
            0.0
          ],
          [
            -0.023209242150187492,
            0.9995827078819275,
            0.01719871163368225,
            0.0
          ],
          [
            -0.018768073990941048,
            -0.017635958269238472,
            0.999668300151825,
            0.0
          ],
          [
            0.0,
            0.0,
            0.0,
            1.0
          ]
        ],
        "rotation_mode": "QUATERNION"
      },
      "armature_space": {
        "head": {
          "x": 0.0,
          "y": 0.07072800397872925,
          "z": -0.009595036506652832
        },
        "tail": {
          "x": 0.0016329912468791008,
          "y": 0.00019872933626174927,
          "z": 0.0012433603405952454
        }
      },
      "world_space": {
        "head": {
          "x": 0.0,
          "y": 0.13397200405597687,
          "z": 0.9402589797973633
        },
        "tail": {
          "x": 0.0016329912468791008,
          "y": 0.06344272941350937,
          "z": 0.9510973691940308
        },
        "rotation_quaternion": {
          "w": 0.07604777812957764,
          "x": 0.9969924688339233,
          "y": 0.012136581353843212,
          "z": 0.008687946014106274
        },
        "matrix": [
          [
            0.999554455280304,
            0.02287875860929489,
            0.019169559702277184,
            0.0
          ],
          [
            0.02552156150341034,
            -0.9881389141082764,
            -0.1514277160167694,
            0.13397200405597687
          ],
          [
            0.015477838926017284,
            0.15184959769248962,
            -0.988289475440979,
            0.9402589797973633
          ],
          [
            0.0,
            0.0,
            0.0,
            1.0
          ]
        ]
      },
      "bone_length_armature_space": 0.07137587998806881,
      "parent": null,
      "has_children": true,
      "is_end_bone": false
    },
    "spine_01": {
      "name": "spine_01",
      "local": {
        "location": {
          "x": 0.0,
          "y": 0.0,
          "z": 0.0
        },
        "rotation_quaternion": {
          "w": 0.9935089349746704,
          "x": 0.09213105589151382,
          "y": -0.018001656979322433,
          "z": 0.06424842029809952
        },
        "scale": {
          "x": 1.0,
          "y": 1.0,
          "z": 1.0
        },
        "matrix_basis": [
          [
            0.9910961389541626,
            -0.1309797763824463,
            -0.02393106371164322,
            0.0
          ],
          [
            0.12434573471546173,
            0.9747680425643921,
            -0.18537920713424683,
            0.0
          ],
          [
            0.047608163207769394,
            0.18075290322303772,
            0.9823756217956543,
            0.0
          ],
          [
            0.0,
            0.0,
            0.0,
            1.0
          ]
        ],
        "rotation_mode": "QUATERNION"
      },
      "armature_space": {
        "head": {
          "x": 0.0016329912468791008,
          "y": 0.00019872933626174927,
          "z": 0.0012433603405952454
        },
        "tail": {
          "x": -0.06822381913661957,
          "y": -0.05902739241719246,
          "z": 0.48057693243026733
        }
      },
      "world_space": {
        "head": {
          "x": 0.0016329912468791008,
          "y": 0.06344272941350937,
          "z": 0.9510973691940308
        },
        "tail": {
          "x": -0.06822381913661957,
          "y": 0.0042166076600551605,
          "z": 1.4304308891296387
        },
        "rotation_quaternion": {
          "w": 0.6607148051261902,
          "x": 0.7471973299980164,
          "y": -0.0526638925075531,
          "z": 0.048771534115076065
        },
        "matrix": [
          [
            0.9896957278251648,
            -0.14314883947372437,
            0.0032913684844970703,
            0.0016329912468791008
          ],
          [
            -0.014253389090299606,
            -0.12136469781398773,
            -0.9925057291984558,
            0.06344272941350937
          ],
          [
            0.14247648417949677,
            0.9822384715080261,
            -0.12215621769428253,
            0.9510973691940308
          ],
          [
            0.0,
            0.0,
            0.0,
            1.0
          ]
        ]
      },
      "bone_length_armature_space": 0.48800449133525853,
      "parent": "Root",
      "has_children": true,
      "is_end_bone": false
    },
    "neck_01": {
      "name": "neck_01",
      "local": {
        "location": {
          "x": 0.0,
          "y": 0.0,
          "z": 0.0
        },
        "rotation_quaternion": {
          "w": 0.9924061298370361,
          "x": -0.040706753730773926,
          "y": -0.07711584866046906,
          "z": -0.08675365149974823
        },
        "scale": {
          "x": 1.0,
          "y": 1.0,
          "z": 1.0
        },
        "matrix_basis": [
          [
            0.9730538725852966,
            0.1784679889678955,
            -0.1459975689649582,
            0.0
          ],
          [
            -0.16591143608093262,
            0.9816335439682007,
            0.09417542815208435,
            0.0
          ],
          [
            0.16012340784072876,
            -0.06741510331630707,
            0.9847922325134277,
            0.0
          ],
          [
            0.0,
            0.0,
            0.0,
            1.0
          ]
        ],
        "rotation_mode": "QUATERNION"
      },
      "armature_space": {
        "head": {
          "x": -0.07859081029891968,
          "y": -0.10233406722545624,
          "z": 0.5482585430145264
        },
        "tail": {
          "x": -0.07406609505414963,
          "y": -0.14584043622016907,
          "z": 0.6409810185432434
        }
      },
      "world_space": {
        "head": {
          "x": -0.07859081029891968,
          "y": -0.03909006714820862,
          "z": 1.4981125593185425
        },
        "tail": {
          "x": -0.07406609505414963,
          "y": -0.08259643614292145,
          "z": 1.5908350944519043
        },
        "rotation_quaternion": {
          "w": 0.5364142656326294,
          "x": 0.8421174883842468,
          "y": -0.008802879601716995,
          "z": -0.05495795980095863
        },
        "matrix": [
          [
            0.9938043355941772,
            0.04413437843322754,
            -0.10200580954551697,
            -0.07859081029891968
          ],
          [
            -0.07378637790679932,
            -0.4243641197681427,
            -0.9024805426597595,
            -0.03909006714820862
          ],
          [
            -0.08311862498521805,
            0.9044214487075806,
            -0.4184821844100952,
            1.4981125593185425
          ],
          [
            0.0,
            0.0,
            0.0,
            1.0
          ]
        ]
      },
      "bone_length_armature_space": 0.10252187570122204,
      "parent": "spine_01",
      "has_children": true,
      "is_end_bone": false
    },
    "head": {
      "name": "head",
      "local": {
        "location": {
          "x": 0.0,
          "y": 0.0,
          "z": 0.0
        },
        "rotation_quaternion": {
          "w": 0.9788559675216675,
          "x": -0.0448124036192894,
          "y": -0.17479141056537628,
          "z": -0.09633772820234299
        },
        "scale": {
          "x": 1.0,
          "y": 1.0,
          "z": 1.0
        },
        "matrix_basis": [
          [
            0.920333981513977,
            0.20426717400550842,
            -0.33355697989463806,
            0.0
          ],
          [
            -0.1729358732700348,
            0.977421760559082,
            0.12140779197216034,
            0.0
          ],
          [
            0.3508254885673523,
            -0.05405176430940628,
            0.9348796010017395,
            0.0
          ],
          [
            0.0,
            0.0,
            0.0,
            1.0
          ]
        ],
        "rotation_mode": "QUATERNION"
      },
      "armature_space": {
        "head": {
          "x": -0.07406610995531082,
          "y": -0.14584055542945862,
          "z": 0.6409808993339539
        },
        "tail": {
          "x": -0.030167333781719208,
          "y": -0.15045246481895447,
          "z": 0.7896581292152405
        }
      },
      "world_space": {
        "head": {
          "x": -0.07406610995531082,
          "y": -0.082596555352211,
          "z": 1.5908348560333252
        },
        "tail": {
          "x": -0.030167333781719208,
          "y": -0.08720846474170685,
          "z": 1.7395122051239014
        },
        "rotation_quaternion": {
          "w": 0.694974958896637,
          "x": 0.6731528639793396,
          "y": -0.04627334326505661,
          "z": -0.24846310913562775
        },
        "matrix": [
          [
            0.8722489476203918,
            0.2830531597137451,
            -0.3988267183303833,
            -0.07406610995531082
          ],
          [
            -0.4076513648033142,
            -0.0297369584441185,
            -0.9126536250114441,
            -0.082596555352211
          ],
          [
            -0.27019158005714417,
            0.9586499929428101,
            0.08944867551326752,
            1.5908348560333252
          ],
          [
            0.0,
            0.0,
            0.0,
            1.0
          ]
        ]
      },
      "bone_length_armature_space": 0.15509123518794157,
      "parent": "neck_01",
      "has_children": false,
      "is_end_bone": true
    },
    "upperarm_l": {
      "name": "upperarm_l",
      "local": {
        "location": {
          "x": 0.0,
          "y": 0.0,
          "z": 0.0
        },
        "rotation_quaternion": {
          "w": 0.9360028505325317,
          "x": -0.20078745484352112,
          "y": 0.19871824979782104,
          "z": -0.20998622477054596
        },
        "scale": {
          "x": 1.0,
          "y": 1.0,
          "z": 1.0
        },
        "matrix_basis": [
          [
            0.8328337073326111,
            0.3132951557636261,
            0.4563269019126892,
            0.0
          ],
          [
            -0.47289568185806274,
            0.8311803936958313,
            0.29241907596588135,
            0.0
          ],
          [
            -0.28767648339271545,
            -0.4593314528465271,
            0.8403909206390381,
            0.0
          ],
          [
            0.0,
            0.0,
            0.0,
            1.0
          ]
        ],
        "rotation_mode": "QUATERNION"
      },
      "armature_space": {
        "head": {
          "x": 0.07949476689100266,
          "y": -0.09948065131902695,
          "z": 0.5032263994216919
        },
        "tail": {
          "x": 0.3049389719963074,
          "y": 0.04053211957216263,
          "z": 0.46609175205230713
        }
      },
      "world_space": {
        "head": {
          "x": 0.07949476689100266,
          "y": -0.03623665124177933,
          "z": 1.453080415725708
        },
        "tail": {
          "x": 0.3049389719963074,
          "y": 0.10377611964941025,
          "z": 1.4159457683563232
        },
        "rotation_quaternion": {
          "w": 0.39083144068717957,
          "x": 0.39547595381736755,
          "y": 0.7800635695457458,
          "z": -0.2869676947593689
        },
        "matrix": [
          [
            -0.3816985785961151,
            0.841305673122406,
            0.38276779651641846,
            0.07949476689100266
          ],
          [
            0.39268118143081665,
            0.5224953293800354,
            -0.7568358182907104,
            -0.03623665124177933
          ],
          [
            -0.836729884147644,
            -0.1385778933763504,
            -0.5298049449920654,
            1.453080415725708
          ],
          [
            0.0,
            0.0,
            0.0,
            1.0
          ]
        ]
      },
      "bone_length_armature_space": 0.2679694833012131,
      "parent": "spine_01",
      "has_children": true,
      "is_end_bone": false
    },
    "lowerarm_l": {
      "name": "lowerarm_l",
      "local": {
        "location": {
          "x": 0.0,
          "y": 0.0,
          "z": 0.0
        },
        "rotation_quaternion": {
          "w": 0.899816632270813,
          "x": 0.36698850989341736,
          "y": 0.10058599710464478,
          "z": -0.21338245272636414
        },
        "scale": {
          "x": 1.0,
          "y": 1.0,
          "z": 1.0
        },
        "matrix_basis": [
          [
            0.8887007832527161,
            0.4578379690647125,
            0.02440008893609047,
            0.0
          ],
          [
            -0.3101823627948761,
            0.6395747065544128,
            -0.7033712863922119,
            0.0
          ],
          [
            -0.33763572573661804,
            0.6175181269645691,
            0.7104038000106812,
            0.0
          ],
          [
            0.0,
            0.0,
            0.0,
            1.0
          ]
        ],
        "rotation_mode": "QUATERNION"
      },
      "armature_space": {
        "head": {
          "x": 0.3049390912055969,
          "y": 0.040532082319259644,
          "z": 0.4660918414592743
        },
        "tail": {
          "x": 0.4793459177017212,
          "y": 0.004555054008960724,
          "z": 0.2664475440979004
        }
      },
      "world_space": {
        "head": {
          "x": 0.3049390912055969,
          "y": 0.10377608239650726,
          "z": 1.4159458875656128
        },
        "tail": {
          "x": 0.4793459177017212,
          "y": 0.06779905408620834,
          "z": 1.2163015604019165
        },
        "rotation_quaternion": {
          "w": 0.0847957506775856,
          "x": 0.4182574152946472,
          "y": 0.6523569822311401,
          "z": -0.6263392567634583
        },
        "matrix": [
          [
            -0.635738730430603,
            0.6519284844398499,
            -0.41331052780151367,
            0.3049390912055969
          ],
          [
            0.4394875764846802,
            -0.1344812512397766,
            -0.888124942779541,
            0.10377608239650726
          ],
          [
            -0.6345802545547485,
            -0.7462654709815979,
            -0.20102185010910034,
            1.4159458875656128
          ],
          [
            0.0,
            0.0,
            0.0,
            1.0
          ]
        ]
      },
      "bone_length_armature_space": 0.2675255737769712,
      "parent": "upperarm_l",
      "has_children": true,
      "is_end_bone": false
    },
    "metacarpal_thumb_l": {
      "name": "metacarpal_thumb_l",
      "local": {
        "location": {
          "x": 0.0,
          "y": 0.0,
          "z": 0.0
        },
        "rotation_quaternion": {
          "w": 0.9998994469642639,
          "x": 0.008493616245687008,
          "y": -0.007875005714595318,
          "z": 0.008192133158445358
        },
        "scale": {
          "x": 1.0,
          "y": 1.0,
          "z": 1.0
        },
        "matrix_basis": [
          [
            0.9997417330741882,
            -0.016516393050551414,
            -0.015609266236424446,
            0.0
          ],
          [
            0.01624884456396103,
            0.9997214674949646,
            -0.0171145498752594,
            0.0
          ],
          [
            0.015887590125203133,
            0.016856499016284943,
            0.9997316598892212,
            0.0
          ],
          [
            0.0,
            0.0,
            0.0,
            1.0
          ]
        ],
        "rotation_mode": "QUATERNION"
      },
      "armature_space": {
        "head": {
          "x": 0.4793459177017212,
          "y": 0.004555054008960724,
          "z": 0.2664475440979004
        },
        "tail": {
          "x": 0.48585397005081177,
          "y": -0.022708645090460777,
          "z": 0.22560705244541168
        }
      },
      "world_space": {
        "head": {
          "x": 0.4793459177017212,
          "y": 0.06779905408620834,
          "z": 1.2163015604019165
        },
        "tail": {
          "x": 0.48585397005081177,
          "y": 0.04053535312414169,
          "z": 1.1754610538482666
        },
        "rotation_quaternion": {
          "w": 0.4061200022697449,
          "x": -0.8162699341773987,
          "y": -0.24466943740844727,
          "z": 0.33001020550727844
        },
        "matrix": [
          [
            0.6624602675437927,
            0.1313861757516861,
            -0.7374849319458008,
            0.4793459177017212
          ],
          [
            0.6674803495407104,
            -0.5504074096679688,
            0.5015196800231934,
            0.06779905408620834
          ],
          [
            -0.34002605080604553,
            -0.8244996070861816,
            -0.4523232877254486,
            1.2163015604019165
          ],
          [
            0.0,
            0.0,
            0.0,
            1.0
          ]
        ]
      },
      "bone_length_armature_space": 0.049533925517253455,
      "parent": "lowerarm_l",
      "has_children": true,
      "is_end_bone": false
    },
    "thumb_01_l": {
      "name": "thumb_01_l",
      "local": {
        "location": {
          "x": 0.0,
          "y": 0.0,
          "z": 0.0
        },
        "rotation_quaternion": {
          "w": 0.9990794658660889,
          "x": 0.037052467465400696,
          "y": 0.014318445697426796,
          "z": 0.016198428347706795
        },
        "scale": {
          "x": 1.0,
          "y": 1.0,
          "z": 1.0
        },
        "matrix_basis": [
          [
            0.9990651607513428,
            -0.03130596503615379,
            0.029810912907123566,
            0.0
          ],
          [
            0.03342810273170471,
            0.9967294335365295,
            -0.07357284426689148,
            0.0
          ],
          [
            -0.027410145848989487,
            0.07450059056282043,
            0.9968441724777222,
            0.0
          ],
          [
            0.0,
            0.0,
            0.0,
            1.0
          ]
        ],
        "rotation_mode": "QUATERNION"
      },
      "armature_space": {
        "head": {
          "x": 0.48585397005081177,
          "y": -0.022708645090460777,
          "z": 0.22560705244541168
        },
        "tail": {
          "x": 0.46843400597572327,
          "y": -0.022692052647471428,
          "z": 0.19636356830596924
        }
      },
      "world_space": {
        "head": {
          "x": 0.48585397005081177,
          "y": 0.04053535312414169,
          "z": 1.1754610538482666
        },
        "tail": {
          "x": 0.46843400597572327,
          "y": 0.04055194556713104,
          "z": 1.1462175846099854
        },
        "rotation_quaternion": {
          "w": 0.5383025407791138,
          "x": -0.6969156861305237,
          "y": 0.4587741494178772,
          "z": -0.11859750747680664
        },
        "matrix": [
          [
            0.5509192943572998,
            -0.5117709636688232,
            0.6592256426811218,
            0.48585397005081177
          ],
          [
            -0.7671384811401367,
            0.0004874765872955322,
            0.6414814591407776,
            0.04053535312414169
          ],
          [
            -0.32861584424972534,
            -0.8591277599334717,
            -0.39233270287513733,
            1.1754610538482666
          ],
          [
            0.0,
            0.0,
            0.0,
            1.0
          ]
        ]
      },
      "bone_length_armature_space": 0.0340387544470678,
      "parent": "metacarpal_thumb_l",
      "has_children": true,
      "is_end_bone": false
    },
    "thumb_02_l": {
      "name": "thumb_02_l",
      "local": {
        "location": {
          "x": 0.0,
          "y": 0.0,
          "z": 0.0
        },
        "rotation_quaternion": {
          "w": 0.9925920963287354,
          "x": 0.12148643285036087,
          "y": -0.0008038602536544204,
          "z": 0.0011724514188244939
        },
        "scale": {
          "x": 1.0,
          "y": 1.0,
          "z": 1.0
        },
        "matrix_basis": [
          [
            0.9999959468841553,
            -0.0025228483136743307,
            -0.001310936757363379,
            0.0
          ],
          [
            0.0021322157699614763,
            0.9704793691635132,
            -0.2411748319864273,
            0.0
          ],
          [
            0.0018806845182552934,
            0.24117106199264526,
            0.9704807996749878,
            0.0
          ],
          [
            0.0,
            0.0,
            0.0,
            1.0
          ]
        ],
        "rotation_mode": "QUATERNION"
      },
      "armature_space": {
        "head": {
          "x": 0.4684339761734009,
          "y": -0.022692054510116577,
          "z": 0.19636359810829163
        },
        "tail": {
          "x": 0.49611133337020874,
          "y": -0.025808850303292274,
          "z": 0.1674250364303589
        }
      },
      "world_space": {
        "head": {
          "x": 0.4684339761734009,
          "y": 0.04055194556713104,
          "z": 1.1462175846099854
        },
        "tail": {
          "x": 0.49611133337020874,
          "y": 0.037435151636600494,
          "z": 1.117279052734375
        },
        "rotation_quaternion": {
          "w": 0.6350009441375732,
          "x": -0.3161303699016571,
          "y": 0.24077527225017548,
          "z": -0.6624671220779419
        },
        "matrix": [
          [
            0.006332468241453171,
            0.6891019344329834,
            0.7246367931365967,
            0.4684339761734009
          ],
          [
            -0.9935670495033264,
            -0.07760094106197357,
            0.08247838169336319,
            0.04055194556713104
          ],
          [
            0.11306832730770111,
            -0.7205025553703308,
            0.684182345867157,
            1.1462175846099854
          ],
          [
            0.0,
            0.0,
            0.0,
            1.0
          ]
        ]
      },
      "bone_length_armature_space": 0.040164547626219516,
      "parent": "thumb_01_l",
      "has_children": true,
      "is_end_bone": false
    },
    "thumb_03_l": {
      "name": "thumb_03_l",
      "local": {
        "location": {
          "x": 0.0,
          "y": 0.0,
          "z": 0.0
        },
        "rotation_quaternion": {
          "w": 0.9989827871322632,
          "x": 0.04497461020946503,
          "y": 0.001758768456056714,
          "z": 0.002773221815004945
        },
        "scale": {
          "x": 1.0,
          "y": 1.0,
          "z": 1.0
        },
        "matrix_basis": [
          [
            0.9999784231185913,
            -0.005382601637393236,
            0.0037634079344570637,
            0.0
          ],
          [
            0.005699001718312502,
            0.9959391951560974,
            -0.08984796702861786,
            0.0
          ],
          [
            -0.0032645096071064472,
            0.0898674800992012,
            0.9959483742713928,
            0.0
          ],
          [
            0.0,
            0.0,
            0.0,
            1.0
          ]
        ],
        "rotation_mode": "QUATERNION"
      },
      "armature_space": {
        "head": {
          "x": 0.4961112439632416,
          "y": -0.02580890618264675,
          "z": 0.1674250364303589
        },
        "tail": {
          "x": 0.5233029127120972,
          "y": -0.023161884397268295,
          "z": 0.15399006009101868
        }
      },
      "world_space": {
        "head": {
          "x": 0.4961112439632416,
          "y": 0.03743509203195572,
          "z": 1.117279052734375
        },
        "tail": {
          "x": 0.5233029127120972,
          "y": 0.040082115679979324,
          "z": 1.1038440465927124
        },
        "rotation_quaternion": {
          "w": 0.6830682754516602,
          "x": -0.049466684460639954,
          "y": 0.2772921323776245,
          "z": -0.6738544702529907
        },
        "matrix": [
          [
            -0.061943355947732925,
            0.8931449055671692,
            0.44548314809799194,
            0.4961112439632416
          ],
          [
            -0.9480102062225342,
            0.08694473654031754,
            -0.30613288283348083,
            0.03743509203195572
          ],
          [
            -0.3121564984321594,
            -0.44128841161727905,
            0.8413304090499878,
            1.117279052734375
          ],
          [
            0.0,
            0.0,
            0.0,
            1.0
          ]
        ]
      },
      "bone_length_armature_space": 0.030444903490194523,
      "parent": "thumb_02_l",
      "has_children": false,
      "is_end_bone": true
    },
    "metacarpal_index_l": {
      "name": "metacarpal_index_l",
      "local": {
        "location": {
          "x": 0.0,
          "y": 0.0,
          "z": 0.0
        },
        "rotation_quaternion": {
          "w": 0.9988394975662231,
          "x": -0.04605010524392128,
          "y": -0.013803863897919655,
          "z": 0.002915810327976942
        },
        "scale": {
          "x": 1.0,
          "y": 1.0,
          "z": 1.0
        },
        "matrix_basis": [
          [
            0.9996019005775452,
            -0.004553514067083597,
            -0.02784423530101776,
            0.0
          ],
          [
            0.007096191868185997,
            0.9957417845726013,
            0.09191282838582993,
            0.0
          ],
          [
            0.027307141572237015,
            -0.09207382798194885,
            0.9953776597976685,
            0.0
          ],
          [
            0.0,
            0.0,
            0.0,
            1.0
          ]
        ],
        "rotation_mode": "QUATERNION"
      },
      "armature_space": {
        "head": {
          "x": 0.4793459177017212,
          "y": 0.004555054008960724,
          "z": 0.2664475440979004
        },
        "tail": {
          "x": 0.5426820516586304,
          "y": -0.03882986679673195,
          "z": 0.17792850732803345
        }
      },
      "world_space": {
        "head": {
          "x": 0.4793459177017212,
          "y": 0.06779905408620834,
          "z": 1.2163015604019165
        },
        "tail": {
          "x": 0.5426820516586304,
          "y": 0.02441413328051567,
          "z": 1.1277825832366943
        },
        "rotation_quaternion": {
          "w": 0.21308378875255585,
          "x": -0.7012007236480713,
          "y": -0.5190961956977844,
          "z": 0.4398317039012909
        },
        "matrix": [
          [
            0.07417221367359161,
            0.5405409932136536,
            -0.8380417227745056,
            0.4793459177017212
          ],
          [
            0.915423572063446,
            -0.3702678084373474,
            -0.157803475856781,
            0.06779905408620834
          ],
          [
            -0.3956007659435272,
            -0.7554640173912048,
            -0.5222913026809692,
            1.2163015604019165
          ],
          [
            0.0,
            0.0,
            0.0,
            1.0
          ]
        ]
      },
      "bone_length_armature_space": 0.11717225412695827,
      "parent": "lowerarm_l",
      "has_children": true,
      "is_end_bone": false
    },
    "index_01_l": {
      "name": "index_01_l",
      "local": {
        "location": {
          "x": 0.0,
          "y": 0.0,
          "z": 0.0
        },
        "rotation_quaternion": {
          "w": 0.9995018839836121,
          "x": -0.02860557660460472,
          "y": 0.010961491614580154,
          "z": 0.007601215038448572
        },
        "scale": {
          "x": 1.0,
          "y": 1.0,
          "z": 1.0
        },
        "matrix_basis": [
          [
            0.9996441602706909,
            -0.015821976587176323,
            0.021477188915014267,
            0.0
          ],
          [
            0.014567737467586994,
            0.9982478618621826,
            0.057349298149347305,
            0.0
          ],
          [
            -0.022346938028931618,
            -0.05701601505279541,
            0.9981231093406677,
            0.0
          ],
          [
            0.0,
            0.0,
            0.0,
            1.0
          ]
        ],
        "rotation_mode": "QUATERNION"
      },
      "armature_space": {
        "head": {
          "x": 0.5426820516586304,
          "y": -0.03882986679673195,
          "z": 0.17792850732803345
        },
        "tail": {
          "x": 0.5621717572212219,
          "y": -0.03926663100719452,
          "z": 0.15711897611618042
        }
      },
      "world_space": {
        "head": {
          "x": 0.5426820516586304,
          "y": 0.02441413328051567,
          "z": 1.1277825832366943
        },
        "tail": {
          "x": 0.5621717572212219,
          "y": 0.0239773690700531,
          "z": 1.1069729328155518
        },
        "rotation_quaternion": {
          "w": 0.23698790371418,
          "x": -0.6340739727020264,
          "y": -0.6604385375976562,
          "z": 0.3249739408493042
        },
        "matrix": [
          [
            -0.0835707038640976,
            0.6835038661956787,
            -0.7251471281051636,
            0.5426820516586304
          ],
          [
            0.9915640354156494,
            -0.015317296609282494,
            -0.12871190905570984,
            0.02441413328051567
          ],
          [
            -0.09908196330070496,
            -0.7297913432121277,
            -0.6764624118804932,
            1.1277825832366943
          ],
          [
            0.0,
            0.0,
            0.0,
            1.0
          ]
        ]
      },
      "bone_length_armature_space": 0.028514487001085873,
      "parent": "metacarpal_index_l",
      "has_children": true,
      "is_end_bone": false
    },
    "index_02_l": {
      "name": "index_02_l",
      "local": {
        "location": {
          "x": 0.0,
          "y": 0.0,
          "z": 0.0
        },
        "rotation_quaternion": {
          "w": 0.9832342863082886,
          "x": 0.18200115859508514,
          "y": 0.01079005841165781,
          "z": -0.0031127422116696835
        },
        "scale": {
          "x": 1.0,
          "y": 1.0,
          "z": 1.0
        },
        "matrix_basis": [
          [
            0.9997477531433105,
            0.010048716329038143,
            0.02008526585996151,
            0.0
          ],
          [
            -0.0021935035474598408,
            0.9337317943572998,
            -0.35796672105789185,
            0.0
          ],
          [
            -0.022351356223225594,
            0.3578323721885681,
            0.9335182905197144,
            0.0
          ],
          [
            0.0,
            0.0,
            0.0,
            1.0
          ]
        ],
        "rotation_mode": "QUATERNION"
      },
      "armature_space": {
        "head": {
          "x": 0.5621717572212219,
          "y": -0.039266910403966904,
          "z": 0.15711849927902222
        },
        "tail": {
          "x": 0.5726662278175354,
          "y": -0.040309157222509384,
          "z": 0.13373307883739471
        }
      },
      "world_space": {
        "head": {
          "x": 0.5621717572212219,
          "y": 0.023977089673280716,
          "z": 1.1069724559783936
        },
        "tail": {
          "x": 0.5726662278175354,
          "y": 0.022934842854738235,
          "z": 1.0835870504379272
        },
        "rotation_quaternion": {
          "w": 0.3260117769241333,
          "x": -0.570340633392334,
          "y": -0.6110672354698181,
          "z": 0.44161611795425415
        },
        "matrix": [
          [
            -0.1368529051542282,
            0.40908896923065186,
            -0.9021737575531006,
            0.5621717572212219
          ],
          [
            0.984977662563324,
            -0.04062829166650772,
            -0.16783638298511505,
            0.023977089673280716
          ],
          [
            -0.10531340539455414,
            -0.9115960597991943,
            -0.39738619327545166,
            1.1069724559783936
          ],
          [
            0.0,
            0.0,
            0.0,
            1.0
          ]
        ]
      },
      "bone_length_armature_space": 0.025653422890268215,
      "parent": "index_01_l",
      "has_children": true,
      "is_end_bone": false
    },
    "index_03_l": {
      "name": "index_03_l",
      "local": {
        "location": {
          "x": 0.0,
          "y": 0.0,
          "z": 0.0
        },
        "rotation_quaternion": {
          "w": 0.9756428003311157,
          "x": 0.21926556527614594,
          "y": -0.002849291078746319,
          "z": 0.005986125208437443
        },
        "scale": {
          "x": 1.0,
          "y": 1.0,
          "z": 1.0
        },
        "matrix_basis": [
          [
            0.9999120831489563,
            -0.012930142693221569,
            -0.0029346784576773643,
            0.0
          ],
          [
            0.010431136935949326,
            0.9037735462188721,
            -0.4278838634490967,
            0.0
          ],
          [
            0.008184882812201977,
            0.42781561613082886,
            0.9038289785385132,
            0.0
          ],
          [
            0.0,
            0.0,
            0.0,
            1.0
          ]
        ],
        "rotation_mode": "QUATERNION"
      },
      "armature_space": {
        "head": {
          "x": 0.572666347026825,
          "y": -0.04030916094779968,
          "z": 0.13373315334320068
        },
        "tail": {
          "x": 0.5691969990730286,
          "y": -0.04098945111036301,
          "z": 0.10472895205020905
        }
      },
      "world_space": {
        "head": {
          "x": 0.572666347026825,
          "y": 0.022934839129447937,
          "z": 1.0835871696472168
        },
        "tail": {
          "x": 0.5691969990730286,
          "y": 0.022254548966884613,
          "z": 1.054582953453064
        },
        "rotation_quaternion": {
          "w": 0.4975292384624481,
          "x": -0.44598808884620667,
          "y": -0.4907374083995819,
          "z": 0.5592281222343445
        },
        "matrix": [
          [
            -0.1071174293756485,
            -0.1187383234500885,
            -0.9871307015419006,
            0.572666347026825
          ],
          [
            0.9941911697387695,
            -0.02328275516629219,
            -0.10508295893669128,
            0.022934839129447937
          ],
          [
            -0.010504730977118015,
            -0.9926595687866211,
            0.12054336071014404,
            1.0835871696472168
          ],
          [
            0.0,
            0.0,
            0.0,
            1.0
          ]
        ]
      },
      "bone_length_armature_space": 0.029218878944778707,
      "parent": "index_02_l",
      "has_children": false,
      "is_end_bone": true
    },
    "metacarpal_pinky_l": {
      "name": "metacarpal_pinky_l",
      "local": {
        "location": {
          "x": 0.0,
          "y": 0.0,
          "z": 0.0
        },
        "rotation_quaternion": {
          "w": 0.9997165203094482,
          "x": -0.023089122027158737,
          "y": -0.001805134816095233,
          "z": -0.005536939483135939
        },
        "scale": {
          "x": 1.0,
          "y": 1.0,
          "z": 1.0
        },
        "matrix_basis": [
          [
            0.9999321699142456,
            0.011154097504913807,
            -0.003353560110554099,
            0.0
          ],
          [
            -0.01098738145083189,
            0.9988724589347839,
            0.046185143291950226,
            0.0
          ],
          [
            0.0038649323396384716,
            -0.04614516347646713,
            0.9989272952079773,
            0.0
          ],
          [
            0.0,
            0.0,
            0.0,
            1.0
          ]
        ],
        "rotation_mode": "QUATERNION"
      },
      "armature_space": {
        "head": {
          "x": 0.4793459177017212,
          "y": 0.004555054008960724,
          "z": 0.2664475440979004
        },
        "tail": {
          "x": 0.5535274744033813,
          "y": 0.021844469010829926,
          "z": 0.19544436037540436
        }
      },
      "world_space": {
        "head": {
          "x": 0.4793459177017212,
          "y": 0.06779905408620834,
          "z": 1.2163015604019165
        },
        "tail": {
          "x": 0.5535274744033813,
          "y": 0.08508846908807755,
          "z": 1.1452983617782593
        },
        "rotation_quaternion": {
          "w": 0.5627293586730957,
          "x": -0.013759057968854904,
          "y": 0.5160937905311584,
          "z": -0.6455955505371094
        },
        "matrix": [
          [
            -0.36628949642181396,
            0.712388813495636,
            0.5986102819442749,
            0.4793459177017212
          ],
          [
            -0.7407959699630737,
            0.16603562235832214,
            -0.6508872509002686,
            0.06779905408620834
          ],
          [
            -0.5630800127983093,
            -0.6818655729293823,
            0.46691998839378357,
            1.2163015604019165
          ],
          [
            0.0,
            0.0,
            0.0,
            1.0
          ]
        ]
      },
      "bone_length_armature_space": 0.10413106819798383,
      "parent": "lowerarm_l",
      "has_children": true,
      "is_end_bone": false
    },
    "pinky_01_l": {
      "name": "pinky_01_l",
      "local": {
        "location": {
          "x": 0.0,
          "y": 0.0,
          "z": 0.0
        },
        "rotation_quaternion": {
          "w": 0.998910665512085,
          "x": 0.042581357061862946,
          "y": 0.011252878233790398,
          "z": -0.01541838701814413
        },
        "scale": {
          "x": 1.0,
          "y": 1.0,
          "z": 1.0
        },
        "matrix_basis": [
          [
            0.9992712736129761,
            0.03176150843501091,
            0.021168168634176254,
            0.0
          ],
          [
            -0.02984485775232315,
            0.9958981871604919,
            -0.08541694283485413,
            0.0
          ],
          [
            -0.02379431203007698,
            0.08472294360399246,
            0.9961203932762146,
            0.0
          ],
          [
            0.0,
            0.0,
            0.0,
            1.0
          ]
        ],
        "rotation_mode": "QUATERNION"
      },
      "armature_space": {
        "head": {
          "x": 0.5535274744033813,
          "y": 0.021844469010829926,
