{
  "metadata": {
    "armature_name": "KIM_caucasian_male",
    "export_time": "2026-01-13T21:12:26.564083",
    "blender_version": "4.4.1",
    "bone_count": 56,
    "end_bone_count": 13,
    "spaces_included": [
      "LOCAL_CHANNELS",
      "ARMATURE_SPACE",
      "WORLD_SPACE"
    ],
    "note": "LOCAL matches Transform panel; replay pose via local.matrix_basis for best fidelity."
  },
  "bones": {
    "Root": {
      "name": "Root",
      "local": {
        "location": {
          "x": 0.0,
          "y": 0.0,
          "z": 0.0
        },
        "rotation_quaternion": {
          "w": 0.9994335770606995,
          "x": 0.017205245792865753,
          "y": 0.003073756117373705,
          "z": -0.028760453686118126
        },
        "scale": {
          "x": 1.0,
          "y": 1.0,
          "z": 1.0
        },
        "matrix_basis": [
          [
            0.9983267784118652,
            0.057594094425439835,
            0.005154368933290243,
            0.0
          ],
          [
            -0.05738255754113197,
            0.9977536201477051,
            -0.034567806869745255,
            0.0
          ],
          [
            -0.007133691571652889,
            0.03421419486403465,
            0.9993890523910522,
            0.0
          ],
          [
            0.0,
            0.0,
            0.0,
            1.0
          ]
        ],
        "rotation_mode": "QUATERNION"
      },
      "armature_space": {
        "head": {
          "x": 0.0,
          "y": 0.07072800397872925,
          "z": -0.009595036506652832
        },
        "tail": {
          "x": 0.004110828507691622,
          "y": -0.00016940385103225708,
          "z": -0.0024414737708866596
        }
      },
      "world_space": {
        "head": {
          "x": 0.0,
          "y": 0.13397200405597687,
          "z": 0.9402589797973633
        },
        "tail": {
          "x": 0.004110828507691622,
          "y": 0.06307459622621536,
          "z": 0.9474125504493713
        },
        "rotation_quaternion": {
          "w": 0.050163332372903824,
          "x": 0.9983221292495728,
          "y": 0.028902191668748856,
          "z": 0.0011292456183582544
        },
        "matrix": [
          [
            0.9983267784118652,
            0.057594094425439835,
            0.005154368933290243,
            0.0
          ],
          [
            0.05782068520784378,
            -0.9932965636253357,
            -0.10009351372718811,
            0.13397200405597687
          ],
          [
            -0.0006449292413890362,
            0.10022382438182831,
            -0.994971752166748,
            0.9402589797973633
          ],
          [
            0.0,
            0.0,
            0.0,
            1.0
          ]
        ]
      },
      "bone_length_armature_space": 0.07137587013665765,
      "parent": null,
      "has_children": true,
      "is_end_bone": false
    },
    "spine_01": {
      "name": "spine_01",
      "local": {
        "location": {
          "x": 0.0,
          "y": 0.0,
          "z": 0.0
        },
        "rotation_quaternion": {
          "w": 0.9986856579780579,
          "x": -0.0005274247378110886,
          "y": -0.016226934269070625,
          "z": 0.04861551523208618
        },
        "scale": {
          "x": 1.0,
          "y": 1.0,
          "z": 1.0
        },
        "matrix_basis": [
          [
            0.9947464466094971,
            -0.0970861166715622,
            -0.03246249631047249,
            0.0
          ],
          [
            0.09712035208940506,
            0.9952725172042847,
            -0.0005242985207587481,
            0.0
          ],
          [
            0.032359931617975235,
            -0.0026312246918678284,
            0.9994727969169617,
            0.0
          ],
          [
            0.0,
            0.0,
            0.0,
            1.0
          ]
        ],
        "rotation_mode": "QUATERNION"
      },
      "armature_space": {
        "head": {
          "x": 0.004110828507691622,
          "y": -0.00016940385103225708,
          "z": -0.0024414737708866596
        },
        "tail": {
          "x": -0.04329526796936989,
          "y": 0.00435974495485425,
          "z": 0.4832340180873871
        }
      },
      "world_space": {
        "head": {
          "x": 0.004110828507691622,
          "y": 0.06307459622621536,
          "z": 0.9474125504493713
        },
        "tail": {
          "x": -0.04329526796936989,
          "y": 0.06760374456644058,
          "z": 1.4330880641937256
        },
        "rotation_quaternion": {
          "w": 0.7099342346191406,
          "x": 0.7024719715118408,
          "y": -0.025173045694828033,
          "z": 0.04350877180695534
        },
        "matrix": [
          [
            0.9949465394020081,
            -0.09714339673519135,
            0.02538561448454857,
            0.004110828507691622
          ],
          [
            0.026410721242427826,
            0.009281019680202007,
            -0.999608039855957,
            0.06307459622621536
          ],
          [
            0.09687042981386185,
            0.9952341318130493,
            0.01179890800267458,
            0.9474125504493713
          ],
          [
            0.0,
            0.0,
            0.0,
            1.0
          ]
        ]
      },
      "bone_length_armature_space": 0.48800463529685956,
      "parent": "Root",
      "has_children": true,
      "is_end_bone": false
    },
    "neck_01": {
      "name": "neck_01",
      "local": {
        "location": {
          "x": 0.0,
          "y": 0.0,
          "z": 0.0
        },
        "rotation_quaternion": {
          "w": 0.9871245622634888,
          "x": 0.058929022401571274,
          "y": -0.007985148578882217,
          "z": -0.14848856627941132
        },
        "scale": {
          "x": 1.0,
          "y": 1.0,
          "z": 1.0
        },
        "matrix_basis": [
          [
            0.9557747840881348,
            0.2922123074531555,
            -0.03326524421572685,
            0.0
          ],
          [
            -0.2940945327281952,
            0.9489570260047913,
            -0.11396916210651398,
            0.0
          ],
          [
            -0.0017358994809910655,
            0.11871197819709778,
            0.9929271936416626,
            0.0
          ],
          [
            0.0,
            0.0,
            0.0,
            1.0
          ]
        ],
        "rotation_mode": "QUATERNION"
      },
      "armature_space": {
        "head": {
          "x": -0.04952757805585861,
          "y": -0.029627559706568718,
          "z": 0.556512713432312
        },
        "tail": {
          "x": -0.02680813893675804,
          "y": -0.07629213482141495,
          "z": 0.6449263691902161
        }
      },
      "world_space": {
        "head": {
          "x": -0.04952757805585861,
          "y": 0.03361643850803375,
          "z": 1.5063667297363281
        },
        "tail": {
          "x": -0.02680813893675804,
          "y": -0.013048134744167328,
          "z": 1.594780445098877
        },
        "rotation_quaternion": {
          "w": 0.5113675594329834,
          "x": 0.8519213795661926,
          "y": 0.10449067503213882,
          "z": -0.04260246455669403
        },
        "matrix": [
          [
            0.9745333790779114,
            0.22160692512989044,
            0.03427934646606445,
            -0.04952757805585861
          ],
          [
            0.1344655156135559,
            -0.4551693797111511,
            -0.8801931738853455,
            0.03361643850803375
          ],
          [
            -0.17945508658885956,
            0.8623924851417542,
            -0.4733803868293762,
            1.5063667297363281
          ],
          [
            0.0,
            0.0,
            0.0,
            1.0
          ]
        ]
      },
      "bone_length_armature_space": 0.10252184808509261,
      "parent": "spine_01",
      "has_children": true,
      "is_end_bone": false
    },
    "head": {
      "name": "head",
      "local": {
        "location": {
          "x": 0.0,
          "y": 0.0,
          "z": 0.0
        },
        "rotation_quaternion": {
          "w": 0.9668920040130615,
          "x": 0.1070421114563942,
          "y": 0.14337050914764404,
          "z": 0.1819525510072708
        },
        "scale": {
          "x": 1.0,
          "y": 1.0,
          "z": 1.0
        },
        "matrix_basis": [
          [
            0.8926763534545898,
            -0.3211635649204254,
            0.31620076298713684,
            0.0
          ],
          [
            0.38255029916763306,
            0.9108704924583435,
            -0.15482306480407715,
            0.0
          ],
          [
            -0.23829442262649536,
            0.2591695785522461,
            0.9359737634658813,
            0.0
          ],
          [
            0.0,
            0.0,
            0.0,
            1.0
          ]
        ],
        "rotation_mode": "QUATERNION"
      },
      "armature_space": {
        "head": {
          "x": -0.026808151975274086,
          "y": -0.0762922391295433,
          "z": 0.6449261903762817
        },
        "tail": {
          "x": -0.04363379627466202,
          "y": -0.13746903836727142,
          "z": 0.786444902420044
        }
      },
      "world_space": {
        "head": {
          "x": -0.026808151975274086,
          "y": -0.013048239052295685,
          "z": 1.5947802066802979
        },
        "tail": {
          "x": -0.04363379627466202,
          "y": -0.0742250382900238,
          "z": 1.73629891872406
        },
        "rotation_quaternion": {
          "w": 0.546688437461853,
          "x": 0.8126110434532166,
          "y": 0.06246606260538101,
          "z": 0.1920754611492157
        },
        "matrix": [
          [
            0.9184104800224304,
            -0.10848940163850784,
            0.38046345114707947,
            -0.026808151975274086
          ],
          [
            0.3115314841270447,
            -0.39445942640304565,
            -0.8644940853118896,
            -0.013048239052295685
          ],
          [
            0.24386784434318542,
            0.9124926328659058,
            -0.3284808397293091,
            1.5947802066802979
          ],
          [
            0.0,
            0.0,
            0.0,
            1.0
          ]
        ]
      },
      "bone_length_armature_space": 0.15509110001678258,
      "parent": "neck_01",
      "has_children": false,
      "is_end_bone": true
    },
    "upperarm_l": {
      "name": "upperarm_l",
      "local": {
        "location": {
          "x": 0.0,
          "y": 0.0,
          "z": 0.0
        },
        "rotation_quaternion": {
          "w": 0.9826184511184692,
          "x": -0.023829175159335136,
          "y": 0.1840619295835495,
          "z": -0.003792314324527979
        },
        "scale": {
          "x": 1.0,
          "y": 1.0,
          "z": 1.0
        },
        "matrix_basis": [
          [
            0.9322136640548706,
            -0.0013192918850108981,
            0.3619060218334198,
            0.0
          ],
          [
            -0.016224883496761322,
            0.998835563659668,
            0.04543393477797508,
            0.0
          ],
          [
            -0.36154454946517944,
            -0.048226017504930496,
            0.9311067461967468,
            0.0
          ],
          [
            0.0,
            0.0,
            0.0,
            1.0
          ]
        ],
        "rotation_mode": "QUATERNION"
      },
      "armature_space": {
        "head": {
          "x": 0.10632415860891342,
          "y": -0.029477588832378387,
          "z": 0.5041934251785278
        },
        "tail": {
          "x": 0.37178361415863037,
          "y": 0.0008934270590543747,
          "z": 0.5246015787124634
        }
      },
      "world_space": {
        "head": {
          "x": 0.10632415860891342,
          "y": 0.03376641124486923,
          "z": 1.454047441482544
        },
        "tail": {
          "x": 0.37178361415863037,
          "y": 0.06413742899894714,
          "z": 1.4744555950164795
        },
        "rotation_quaternion": {
          "w": 0.44044679403305054,
          "x": 0.5659803152084351,
          "y": 0.6022268533706665,
          "z": -0.3507075905799866
        },
        "matrix": [
          [
            0.02865608036518097,
            0.9906333684921265,
            0.133507639169693,
            0.10632415860891342
          ],
          [
            0.37276026606559753,
            0.11333761364221573,
            -0.9209800958633423,
            0.03376641124486923
          ],
          [
            -0.9274912476539612,
            0.07615860551595688,
            -0.3660244345664978,
            1.454047441482544
          ],
          [
            0.0,
            0.0,
            0.0,
            1.0
          ]
        ]
      },
      "bone_length_armature_space": 0.26796941547504055,
      "parent": "spine_01",
      "has_children": true,
      "is_end_bone": false
    },
    "lowerarm_l": {
      "name": "lowerarm_l",
      "local": {
        "location": {
          "x": 0.0,
          "y": 0.0,
          "z": 0.0
        },
        "rotation_quaternion": {
          "w": 0.9683497548103333,
          "x": 0.1684921681880951,
          "y": 0.07783875614404678,
          "z": -0.16688428819179535
        },
        "scale": {
          "x": 1.0,
          "y": 1.0,
          "z": 1.0
        },
        "matrix_basis": [
          [
            0.9321815371513367,
            0.34943515062332153,
            0.09451288729906082,
            0.0
          ],
          [
            -0.2969742715358734,
            0.8875200748443604,
            -0.3522988259792328,
            0.0
          ],
          [
            -0.2069876790046692,
            0.3003385663032532,
            0.9311030507087708,
            0.0
          ],
          [
            0.0,
            0.0,
            0.0,
            1.0
          ]
        ],
        "rotation_mode": "QUATERNION"
      },
      "armature_space": {
        "head": {
          "x": 0.37178370356559753,
          "y": 0.0008933451026678085,
          "z": 0.5246016979217529
        },
        "tail": {
          "x": 0.6177784204483032,
          "y": -0.05932211875915527,
          "z": 0.43840351700782776
        }
      },
      "world_space": {
        "head": {
          "x": 0.37178370356559753,
          "y": 0.06413734704256058,
          "z": 1.474455714225769
        },
        "tail": {
          "x": 0.6177784204483032,
          "y": 0.003921881318092346,
          "z": 1.3882575035095215
        },
        "rotation_quaternion": {
          "w": 0.23490463197231293,
          "x": 0.586332380771637,
          "y": 0.5764337182044983,
          "z": -0.5184191465377808
        },
        "matrix": [
          [
            -0.20207059383392334,
            0.9195224046707153,
            -0.33711376786231995,
            0.37178370356559753
          ],
          [
            0.43240368366241455,
            -0.22508394718170166,
            -0.8731347918510437,
            0.06413734704256058
          ],
          [
            -0.8787516951560974,
            -0.32220667600631714,
            -0.3521253764629364,
            1.474455714225769
          ],
          [
            0.0,
            0.0,
            0.0,
            1.0
          ]
        ]
      },
      "bone_length_armature_space": 0.2675246312277124,
      "parent": "upperarm_l",
      "has_children": true,
      "is_end_bone": false
    },
    "metacarpal_thumb_l": {
      "name": "metacarpal_thumb_l",
      "local": {
        "location": {
          "x": 0.0,
          "y": 0.0,
          "z": 0.0
        },
        "rotation_quaternion": {
          "w": 0.9985805153846741,
          "x": -0.05220498517155647,
          "y": 0.008489665575325489,
          "z": -0.006298801861703396
        },
        "scale": {
          "x": 1.0,
          "y": 1.0,
          "z": 1.0
        },
        "matrix_basis": [
          [
            0.9997764825820923,
            0.011693315580487251,
            0.017612887546420097,
            0.0
          ],
          [
            -0.013466127216815948,
            0.994469940662384,
            0.1041548103094101,
            0.0
          ],
          [
            -0.01629757136106491,
            -0.10436870902776718,
            0.9944051504135132,
            0.0
          ],
          [
            0.0,
            0.0,
            0.0,
            1.0
          ]
        ],
        "rotation_mode": "QUATERNION"
      },
      "armature_space": {
        "head": {
          "x": 0.6177784204483032,
          "y": -0.05932211875915527,
          "z": 0.43840351700782776
        },
        "tail": {
          "x": 0.6441819667816162,
          "y": -0.09176042675971985,
          "z": 0.411866694688797
        }
      },
      "world_space": {
        "head": {
          "x": 0.6177784204483032,
          "y": 0.003921881318092346,
          "z": 1.3882575035095215
        },
        "tail": {
          "x": 0.6441819667816162,
          "y": -0.02851642668247223,
          "z": 1.3617206811904907
        },
        "rotation_quaternion": {
          "w": 0.2732456922531128,
          "x": -0.9074050784111023,
          "y": -0.31288933753967285,
          "z": 0.06366469711065292
        },
        "matrix": [
          [
            0.7960934638977051,
            0.5330425500869751,
            -0.2865317165851593,
            0.6177784204483032
          ],
          [
            0.602627694606781,
            -0.6548740267753601,
            0.45604798197746277,
            0.003921881318092346
          ],
          [
            0.055451761931180954,
            -0.535733163356781,
            -0.842572808265686,
            1.3882575035095215
          ],
          [
            0.0,
            0.0,
            0.0,
            1.0
          ]
        ]
      },
      "bone_length_armature_space": 0.04953376687755905,
      "parent": "lowerarm_l",
      "has_children": true,
      "is_end_bone": false
    },
    "thumb_01_l": {
      "name": "thumb_01_l",
      "local": {
        "location": {
          "x": 0.0,
          "y": 0.0,
          "z": 0.0
        },
        "rotation_quaternion": {
          "w": 0.9995562434196472,
          "x": 0.02717006765305996,
          "y": -0.0008198200957849622,
          "z": -0.012186320498585701
        },
        "scale": {
          "x": 1.0,
          "y": 1.0,
          "z": 1.0
        },
        "matrix_basis": [
          [
            0.9997016191482544,
            0.02431727573275566,
            -0.002301118802279234,
            0.0
          ],
          [
            -0.024406375363469124,
            0.9982265830039978,
            -0.054296039044857025,
            0.0
          ],
          [
            0.0009767062729224563,
            0.054336003959178925,
            0.9985222220420837,
            0.0
          ],
          [
            0.0,
            0.0,
            0.0,
            1.0
          ]
        ],
        "rotation_mode": "QUATERNION"
      },
      "armature_space": {
        "head": {
          "x": 0.6441819667816162,
          "y": -0.09176042675971985,
          "z": 0.411866694688797
        },
        "tail": {
          "x": 0.647628128528595,
          "y": -0.0970195010304451,
          "z": 0.3784136474132538
        }
      },
      "world_space": {
        "head": {
          "x": 0.6441819667816162,
          "y": -0.02851642668247223,
          "z": 1.3617206811904907
        },
        "tail": {
          "x": 0.647628128528595,
          "y": -0.03377550095319748,
          "z": 1.3282676935195923
        },
        "rotation_quaternion": {
          "w": 0.5958120822906494,
          "x": -0.6613919138908386,
          "y": 0.2603009343147278,
          "z": -0.3739143908023834
        },
        "matrix": [
          [
            0.5848636031150818,
            0.10124321281909943,
            0.8047882318496704,
            0.6441819667816162
          ],
          [
            -0.7898865938186646,
            -0.15450343489646912,
            0.5934708118438721,
            -0.02851642668247223
          ],
          [
            0.18442806601524353,
            -0.9827983379364014,
            -0.010392364114522934,
            1.3617206811904907
          ],
          [
            0.0,
            0.0,
            0.0,
            1.0
          ]
        ]
      },
      "bone_length_armature_space": 0.0340388060861795,
      "parent": "metacarpal_thumb_l",
      "has_children": true,
      "is_end_bone": false
    },
    "thumb_02_l": {
      "name": "thumb_02_l",
      "local": {
        "location": {
          "x": 0.0,
          "y": 0.0,
          "z": 0.0
        },
        "rotation_quaternion": {
          "w": 0.993871808052063,
          "x": 0.11030788719654083,
          "y": 0.006969975773245096,
          "z": 0.001572084380313754
        },
        "scale": {
          "x": 1.0,
          "y": 1.0,
          "z": 1.0
        },
        "matrix_basis": [
          [
            0.9998978972434998,
            -0.001587214064784348,
            0.014201351441442966,
            0.0
          ],
          [
            0.004662587307393551,
            0.9756593704223633,
            -0.2192418873310089,
            0.0
          ],
          [
            -0.01350769866257906,
            0.21928571164608002,
            0.9755671620368958,
            0.0
          ],
          [
            0.0,
            0.0,
            0.0,
            1.0
          ]
        ],
        "rotation_mode": "QUATERNION"
      },
      "armature_space": {
        "head": {
          "x": 0.6476280689239502,
          "y": -0.0970195010304451,
          "z": 0.3784136474132538
        },
        "tail": {
          "x": 0.6866247057914734,
          "y": -0.10396500676870346,
          "z": 0.3717653453350067
        }
      },
      "world_space": {
        "head": {
          "x": 0.6476280689239502,
          "y": -0.03377550095319748,
          "z": 1.3282676935195923
        },
        "tail": {
          "x": 0.6866247057914734,
          "y": -0.04072100669145584,
          "z": 1.3216193914413452
        },
        "rotation_quaternion": {
          "w": 0.6429824233055115,
          "x": -0.14100190997123718,
          "y": -0.010493011213839054,
          "z": -0.7527164816856384
        },
        "matrix": [
          [
            -0.13338392972946167,
            0.9709258675575256,
            0.1987743377685547,
            0.6476280689239502
          ],
          [
            -0.9650073647499084,
            -0.17292693257331848,
            0.19712162017822266,
            -0.03377550095319748
          ],
          [
            0.2257647067308426,
            -0.16552726924419403,
            0.9600235223770142,
            1.3282676935195923
          ],
          [
            0.0,
            0.0,
            0.0,
            1.0
          ]
        ]
      },
      "bone_length_armature_space": 0.040164382583510336,
      "parent": "thumb_01_l",
      "has_children": true,
      "is_end_bone": false
    },
    "thumb_03_l": {
      "name": "thumb_03_l",
      "local": {
        "location": {
          "x": 0.0,
          "y": 0.0,
          "z": 0.0
        },
        "rotation_quaternion": {
          "w": 0.9962747693061829,
          "x": 0.08608975261449814,
          "y": 0.0035273530520498753,
          "z": -0.003581961151212454
        },
        "scale": {
          "x": 1.0,
          "y": 1.0,
          "z": 1.0
        },
        "matrix_basis": [
          [
            0.9999494552612305,
            0.0077445730566978455,
            0.006411685608327389,
            0.0
          ],
          [
            -0.0065298969857394695,
            0.985151469707489,
            -0.17156337201595306,
            0.0
          ],
          [
            -0.007645166013389826,
            0.17151282727718353,
            0.9851522445678711,
            0.0
          ],
          [
            0.0,
            0.0,
            0.0,
            1.0
          ]
        ],
        "rotation_mode": "QUATERNION"
      },
      "armature_space": {
        "head": {
          "x": 0.6866246461868286,
          "y": -0.10396506637334824,
          "z": 0.3717653155326843
        },
        "tail": {
          "x": 0.7162294387817383,
          "y": -0.10370022058486938,
          "z": 0.3788630962371826
        }
      },
      "world_space": {
        "head": {
          "x": 0.6866246461868286,
          "y": -0.040721066296100616,
          "z": 1.3216192722320557
        },
        "tail": {
          "x": 0.7162294387817383,
          "y": -0.040456220507621765,
          "z": 1.3287171125411987
        },
        "rotation_quaternion": {
          "w": 0.7098389267921448,
          "x": 0.1429697722196579,
          "y": -0.021876579150557518,
          "z": -0.6893547177314758
        },
        "matrix": [
          [
            0.048622529953718185,
            0.9724054932594299,
            -0.22817298769950867,
            0.6866246461868286
          ],
          [
            -0.9849171042442322,
            0.008699145168066025,
            -0.17280752956867218,
            -0.040721066296100616
          ],
          [
            -0.16605620086193085,
            0.23313546180725098,
            0.9581688046455383,
            1.3216192722320557
          ],
          [
            0.0,
            0.0,
            0.0,
            1.0
          ]
        ]
      },
      "bone_length_armature_space": 0.03044490737922906,
      "parent": "thumb_02_l",
      "has_children": false,
      "is_end_bone": true
    },
    "metacarpal_index_l": {
      "name": "metacarpal_index_l",
      "local": {
        "location": {
          "x": 0.0,
          "y": 0.0,
          "z": 0.0
        },
        "rotation_quaternion": {
          "w": 0.9992071986198425,
          "x": -0.03500870242714882,
          "y": 0.005367935635149479,
          "z": -0.018185963854193687
        },
        "scale": {
          "x": 1.0,
          "y": 1.0,
          "z": 1.0
        },
        "matrix_basis": [
          [
            0.9992809295654297,
            0.03596724197268486,
            0.012000693939626217,
            0.0
          ],
          [
            -0.0367189422249794,
            0.9968873262405396,
            0.06976665556430817,
            0.0
          ],
          [
            -0.009454025886952877,
            -0.07015714049339294,
            0.997491180896759,
            0.0
          ],
          [
            0.0,
            0.0,
            0.0,
            1.0
          ]
        ],
        "rotation_mode": "QUATERNION"
      },
      "armature_space": {
        "head": {
          "x": 0.6177784204483032,
          "y": -0.05932211875915527,
          "z": 0.43840351700782776
        },
        "tail": {
          "x": 0.7126746773719788,
          "y": -0.10854005813598633,
          "z": 0.3904290795326233
        }
      },
      "world_space": {
        "head": {
          "x": 0.6177784204483032,
          "y": 0.003921881318092346,
          "z": 1.3882575035095215
        },
        "tail": {
          "x": 0.7126746773719788,
          "y": -0.04529605805873871,
          "z": 1.3402831554412842
        },
        "rotation_quaternion": {
          "w": 0.09665848314762115,
          "x": -0.808021605014801,
          "y": -0.5297472476959229,
          "z": 0.23901070654392242
        },
        "matrix": [
          [
            0.32448211312294006,
            0.8098901510238647,
            -0.4886603355407715,
            0.6177784204483032
          ],
          [
            0.902299165725708,
            -0.42004960775375366,
            -0.0970286875963211,
            0.003921881318092346
          ],
          [
            -0.28384527564048767,
            -0.4094370901584625,
            -0.8670681715011597,
            1.3882575035095215
          ],
          [
            0.0,
            0.0,
            0.0,
            1.0
          ]
        ]
      },
      "bone_length_armature_space": 0.11717189148429565,
      "parent": "lowerarm_l",
      "has_children": true,
      "is_end_bone": false
    },
    "index_01_l": {
      "name": "index_01_l",
      "local": {
        "location": {
          "x": 0.0,
          "y": 0.0,
          "z": 0.0
        },
        "rotation_quaternion": {
          "w": 0.9954423904418945,
          "x": -0.09522548317909241,
          "y": -0.005158250220119953,
          "z": -0.00011612707749009132
        },
        "scale": {
          "x": 1.0,
          "y": 1.0,
          "z": 1.0
        },
        "matrix_basis": [
          [
            0.9999467730522156,
            0.0012135893339291215,
            -0.010247365571558475,
            0.0
          ],
          [
            0.0007511980948038399,
            0.9818642139434814,
            0.1895841658115387,
            0.0
          ],
          [
            0.010291598737239838,
            -0.1895817667245865,
            0.981810986995697,
            0.0
          ],
          [
            0.0,
            0.0,
            0.0,
            1.0
          ]
        ],
        "rotation_mode": "QUATERNION"
      },
      "armature_space": {
        "head": {
          "x": 0.7126746773719788,
          "y": -0.10854005813598633,
          "z": 0.3904290795326233
        },
        "tail": {
          "x": 0.7406867742538452,
          "y": -0.10986387729644775,
          "z": 0.38526785373687744
        }
      },
      "world_space": {
        "head": {
          "x": 0.7126746773719788,
          "y": -0.04529605805873871,
          "z": 1.3402831554412842
        },
        "tail": {
          "x": 0.7406867742538452,
          "y": -0.046619877219200134,
          "z": 1.3351218700408936
        },
        "rotation_quaternion": {
          "w": 0.02221919409930706,
          "x": -0.7152101993560791,
          "y": -0.690139889717102,
          "z": 0.10810926556587219
        },
        "matrix": [
          [
            0.024038191884756088,
            0.9823858737945557,
            -0.1853100210428238,
            0.7126746773719788
          ],
          [
            0.9919942021369934,
            -0.04642634838819504,
            -0.11743999272584915,
            -0.04529605805873871
          ],
          [
            -0.12397454679012299,
            -0.18100476264953613,
            -0.9756442308425903,
            1.3402831554412842
          ],
          [
            0.0,
            0.0,
            0.0,
            1.0
          ]
        ]
      },
      "bone_length_armature_space": 0.02851435286089591,
      "parent": "metacarpal_index_l",
      "has_children": true,
      "is_end_bone": false
    },
    "index_02_l": {
      "name": "index_02_l",
      "local": {
        "location": {
          "x": 0.0,
          "y": 0.0,
          "z": 0.0
        },
        "rotation_quaternion": {
          "w": 0.9878565073013306,
          "x": 0.1551017165184021,
          "y": -0.006593549158424139,
          "z": 0.006293190643191338
        },
        "scale": {
          "x": 1.0,
          "y": 1.0,
          "z": 1.0
        },
        "matrix_basis": [
          [
            0.9998338222503662,
            -0.014478879980742931,
            -0.011074791662395,
            0.0
          ],
          [
            0.010388197377324104,
            0.9518076777458191,
            -0.306519478559494,
            0.0
          ],
          [
            0.01497913058847189,
            0.30635347962379456,
            0.9517999887466431,
            0.0
          ],
          [
            0.0,
            0.0,
            0.0,
            1.0
          ]
        ],
        "rotation_mode": "QUATERNION"
      },
      "armature_space": {
        "head": {
          "x": 0.7406871318817139,
          "y": -0.10986416786909103,
          "z": 0.3852674961090088
        },
        "tail": {
          "x": 0.7636462450027466,
          "y": -0.11194872111082077,
          "z": 0.3740147352218628
        }
      },
      "world_space": {
        "head": {
          "x": 0.7406871318817139,
          "y": -0.046620167791843414,
          "z": 1.335121512413025
        },
        "tail": {
          "x": 0.7636462450027466,
          "y": -0.04870472103357315,
          "z": 1.323868751525879
        },
        "rotation_quaternion": {
          "w": 0.09202298521995544,
          "x": -0.698060929775238,
          "y": -0.6714923977851868,
          "z": 0.23095646500587463
        },
        "matrix": [
          [
            -0.008487650193274021,
            0.8949786424636841,
            -0.44602787494659424,
            0.7406871318817139
          ],
          [
            0.97999107837677,
            -0.0812588483095169,
            -0.18169882893562317,
            -0.046620167791843414
          ],
          [
            -0.19886073470115662,
            -0.43864870071411133,
            -0.8763880133628845,
            1.335121512413025
          ],
          [
            0.0,
            0.0,
            0.0,
            1.0
          ]
        ]
      },
      "bone_length_armature_space": 0.02565328208325686,
      "parent": "index_01_l",
      "has_children": true,
      "is_end_bone": false
    },
    "index_03_l": {
      "name": "index_03_l",
      "local": {
        "location": {
          "x": 0.0,
          "y": 0.0,
          "z": 0.0
        },
        "rotation_quaternion": {
          "w": 0.9721708297729492,
          "x": 0.23418661952018738,
          "y": 0.0007121177040971816,
          "z": 0.006338713690638542
        },
        "scale": {
          "x": 1.0,
          "y": 1.0,
          "z": 1.0
        },
        "matrix_basis": [
          [
            0.9999186396598816,
            -0.011991088278591633,
            0.004353484138846397,
            0.0
          ],
          [
            0.012658162042498589,
            0.8902329206466675,
            -0.4553297758102417,
            0.0
          ],
          [
            0.0015842837747186422,
            0.45534783601760864,
            0.8903122544288635,
            0.0
          ],
          [
            0.0,
            0.0,
            0.0,
            1.0
          ]
        ],
        "rotation_mode": "QUATERNION"
      },
      "armature_space": {
        "head": {
          "x": 0.7636463046073914,
          "y": -0.11194872111082077,
          "z": 0.37401485443115234
        },
        "tail": {
          "x": 0.7786902189254761,
          "y": -0.11392155289649963,
          "z": 0.3490443229675293
        }
      },
      "world_space": {
        "head": {
          "x": 0.7636463046073914,
          "y": -0.04870472103357315,
          "z": 1.3238688707351685
        },
        "tail": {
          "x": 0.7786902189254761,
          "y": -0.050677552819252014,
          "z": 1.2988983392715454
        },
        "rotation_quaternion": {
          "w": 0.30946749448776245,
          "x": -0.6196985840797424,
          "y": -0.6086620092391968,
          "z": 0.38695502281188965
        },
        "matrix": [
          [
            -0.040410857647657394,
            0.5148738622665405,
            -0.8563127517700195,
            0.7636463046073914
          ],
          [
            0.993873655796051,
            -0.0675194263458252,
            -0.08749990910291672,
            -0.04870472103357315
          ],
          [
            -0.10286888480186462,
            -0.8546088933944702,
            -0.5089949369430542,
            1.3238688707351685
          ],
          [
            0.0,
            0.0,
            0.0,
            1.0
          ]
        ]
      },
      "bone_length_armature_space": 0.02921881027620563,
      "parent": "index_02_l",
      "has_children": false,
      "is_end_bone": true
    },
    "metacarpal_pinky_l": {
      "name": "metacarpal_pinky_l",
      "local": {
        "location": {
          "x": 0.0,
          "y": 0.0,
          "z": 0.0
        },
        "rotation_quaternion": {
          "w": 0.9983968138694763,
          "x": -0.05637356638908386,
          "y": -0.0031738614197820425,
          "z": -0.0039842561818659306
        },
        "scale": {
          "x": 1.0,
          "y": 1.0,
          "z": 1.0
        },
        "matrix_basis": [
          [
            0.9999480843544006,
            0.008313581347465515,
            -0.005888332612812519,
            0.0
          ],
          [
            -0.007597893476486206,
            0.9936122894287109,
            0.11259166896343231,
            0.0
          ],
          [
            0.006786759942770004,
            -0.1125410869717598,
            0.9936239123344421,
            0.0
          ],
          [
            0.0,
            0.0,
            0.0,
            1.0
          ]
        ],
        "rotation_mode": "QUATERNION"
      },
      "armature_space": {
        "head": {
          "x": 0.6177784204483032,
          "y": -0.05932211875915527,
          "z": 0.43840351700782776
        },
        "tail": {
          "x": 0.7166125178337097,
          "y": -0.04677730053663254,
          "z": 0.4081103801727295
        }
      },
      "world_space": {
        "head": {
          "x": 0.6177784204483032,
          "y": 0.003921881318092346,
          "z": 1.3882575035095215
        },
        "tail": {
          "x": 0.7166125178337097,
          "y": 0.016466699540615082,
          "z": 1.3579643964767456
        },
        "rotation_quaternion": {
          "w": 0.6564270257949829,
          "x": 0.13421356678009033,
          "y": 0.35964059829711914,
          "z": -0.6494221091270447
        },
        "matrix": [
          [
            -0.10218236595392227,
            0.9491344094276428,
            0.29782915115356445,
            0.6177784204483032
          ],
          [
            -0.7560585141181946,
            0.1204717829823494,
            -0.6433212757110596,
            0.003921881318092346
          ],
          [
            -0.6464836597442627,
            -0.2909143567085266,
            0.7052955031394958,
            1.3882575035095215
          ],
          [
            0.0,
            0.0,
            0.0,
            1.0
          ]
        ]
      },
      "bone_length_armature_space": 0.10413080861919823,
      "parent": "lowerarm_l",
      "has_children": true,
      "is_end_bone": false
    },
    "pinky_01_l": {
      "name": "pinky_01_l",
      "local": {
        "location": {
          "x": 0.0,
          "y": 0.0,
          "z": 0.0
        },
        "rotation_quaternion": {
          "w": 0.9976711869239807,
          "x": 0.06391649693250656,
          "y": -0.012966402806341648,
          "z": -0.019969172775745392
        },
        "scale": {
          "x": 1.0,
          "y": 1.0,
          "z": 1.0
        },
        "matrix_basis": [
          [
            0.9988662004470825,
            0.03818780183792114,
            -0.028425132855772972,
            0.0
          ],
          [
            -0.04150287061929703,
            0.99103182554245,
            -0.12701743841171265,
            0.0
          ],
          [
            0.02331969328224659,
            0.12805315852165222,
            0.9914931058883667,
            0.0
          ],
          [
            0.0,
            0.0,
            0.0,
            1.0
          ]
        ],
        "rotation_mode": "QUATERNION"
      },
      "armature_space": {
        "head": {
          "x": 0.7166125178337097,
          "y": -0.04677730053663254,
