{
  "metadata": {
    "armature_name": "KIM_caucasian_male",
    "export_time": "2026-01-13T21:05:12.086135",
    "blender_version": "4.4.1",
    "bone_count": 56,
    "end_bone_count": 13,
    "spaces_included": [
      "LOCAL_CHANNELS",
      "ARMATURE_SPACE",
      "WORLD_SPACE"
    ],
    "note": "LOCAL matches Transform panel; replay pose via local.matrix_basis for best fidelity."
  },
  "bones": {
    "Root": {
      "name": "Root",
      "local": {
        "location": {
          "x": 0.0,
          "y": 0.0,
          "z": 0.0
        },
        "rotation_quaternion": {
          "w": 0.9996072053909302,
          "x": 0.00039033679058775306,
          "y": 0.01862998865544796,
          "z": 0.0209343321621418
        },
        "scale": {
          "x": 1.0,
          "y": 1.0,
          "z": 1.0
        },
        "matrix_basis": [
          [
            0.9984293580055237,
            -0.041837673634290695,
            0.037261683493852615,
            0.0
          ],
          [
            0.041866760700941086,
            0.999123215675354,
            -3.541954072261433e-07,
            0.0
          ],
          [
            -0.03722899779677391,
            0.0015603796346113086,
            0.9993055462837219,
            0.0
          ],
          [
            0.0,
            0.0,
            0.0,
            1.0
          ]
        ],
        "rotation_mode": "QUATERNION"
      },
      "armature_space": {
        "head": {
          "x": 0.0,
          "y": 0.07072800397872925,
          "z": -0.009595036506652832
        },
        "tail": {
          "x": -0.002986200386658311,
          "y": 4.704296588897705e-05,
          "z": -0.00011877715587615967
        }
      },
      "world_space": {
        "head": {
          "x": 0.0,
          "y": 0.13397200405597687,
          "z": 0.9402589797973633
        },
        "tail": {
          "x": -0.002986200386658311,
          "y": 0.0632910430431366,
          "z": 0.9497352242469788
        },
        "rotation_quaternion": {
          "w": 0.06695173680782318,
          "x": 0.9973626136779785,
          "y": -0.01963171176612377,
          "z": 0.019997965544462204
        },
        "matrix": [
          [
            0.9984293580055237,
            -0.041837673634290695,
            0.037261683493852615,
            0.0
          ],
          [
            -0.0364820621907711,
            -0.9902641177177429,
            -0.1343359798192978,
            0.13397200405597687
          ],
          [
            0.042519472539424896,
            0.13276559114456177,
            -0.9902421236038208,
            0.9402589797973633
          ],
          [
            0.0,
            0.0,
            0.0,
            1.0
          ]
        ]
      },
      "bone_length_armature_space": 0.07137587204163558,
      "parent": null,
      "has_children": true,
      "is_end_bone": false
    },
    "spine_01": {
      "name": "spine_01",
      "local": {
        "location": {
          "x": 0.0,
          "y": 0.0,
          "z": 0.0
        },
        "rotation_quaternion": {
          "w": 0.991952657699585,
          "x": 0.10654716938734055,
          "y": -0.06195405498147011,
          "z": 0.02897384576499462
        },
        "scale": {
          "x": 1.0,
          "y": 1.0,
          "z": 1.0
        },
        "matrix_basis": [
          [
            0.9906443953514099,
            -0.07068342715501785,
            -0.11673681437969208,
            0.0
          ],
          [
            0.0442793071269989,
            0.975616455078125,
            -0.21496959030628204,
            0.0
          ],
          [
            0.12908513844013214,
            0.20778940618038177,
            0.9696187973022461,
            0.0
          ],
          [
            0.0,
            0.0,
            0.0,
            1.0
          ]
        ],
        "rotation_mode": "QUATERNION"
      },
      "armature_space": {
        "head": {
          "x": -0.002986200386658311,
          "y": 4.704296588897705e-05,
          "z": -0.00011877715587615967
        },
        "tail": {
          "x": -0.06074303388595581,
          "y": -0.07768256217241287,
          "z": 0.4781809449195862
        }
      },
      "world_space": {
        "head": {
          "x": -0.002986200386658311,
          "y": 0.0632910430431366,
          "z": 0.9497352242469788
        },
        "tail": {
          "x": -0.06074303388595581,
          "y": -0.014438562095165253,
          "z": 1.428035020828247
        },
        "rotation_quaternion": {
          "w": 0.6417346596717834,
          "x": 0.7611435055732727,
          "y": -0.09238867461681366,
          "z": -0.017365697771310806
        },
        "matrix": [
          [
            0.9823254346847534,
            -0.11835387349128723,
            -0.14501425623893738,
            -0.002986200386658311
          ],
          [
            -0.16293105483055115,
            -0.15928158164024353,
            -0.9736955761909485,
            0.0632910430431366
          ],
          [
            0.09214302897453308,
            0.9801198840141296,
            -0.17575199902057648,
            0.9497352242469788
          ],
          [
            0.0,
            0.0,
            0.0,
            1.0
          ]
        ]
      },
      "bone_length_armature_space": 0.4880044946750116,
      "parent": "Root",
      "has_children": true,
      "is_end_bone": false
    },
    "neck_01": {
      "name": "neck_01",
      "local": {
        "location": {
          "x": 0.0,
          "y": 0.0,
          "z": 0.0
        },
        "rotation_quaternion": {
          "w": 0.993671178817749,
          "x": 0.04370103031396866,
          "y": 0.0777035653591156,
          "z": 0.06833752989768982
        },
        "scale": {
          "x": 1.0,
          "y": 1.0,
          "z": 1.0
        },
        "matrix_basis": [
          [
            0.9785842895507812,
            -0.1290186196565628,
            0.16039642691612244,
            0.0
          ],
          [
            0.14260151982307434,
            0.9868404269218445,
            -0.07622876763343811,
            0.0
          ],
          [
            -0.14845074713230133,
            0.09746904671192169,
            0.9841047525405884,
            0.0
          ],
          [
            0.0,
            0.0,
            0.0,
            1.0
          ]
        ],
        "rotation_mode": "QUATERNION"
      },
      "armature_space": {
        "head": {
          "x": -0.07443787902593613,
          "y": -0.12311311066150665,
          "z": 0.5438486337661743
        },
        "tail": {
          "x": -0.1049875020980835,
          "y": -0.18166252970695496,
          "z": 0.6222666501998901
        }
      },
      "world_space": {
        "head": {
          "x": -0.07443787902593613,
          "y": -0.05986911058425903,
          "z": 1.4937026500701904
        },
        "tail": {
          "x": -0.1049875020980835,
          "y": -0.11841852962970734,
          "z": 1.5721206665039062
        },
        "rotation_quaternion": {
          "w": 0.44835761189460754,
          "x": 0.880088210105896,
          "y": -0.11587860435247421,
          "z": 0.10484492033720016
        },
        "matrix": [
          [
            0.9511594176292419,
            -0.2979830503463745,
            0.08063433319330215,
            -0.07443787902593613
          ],
          [
            -0.1099516898393631,
            -0.5710949897766113,
            -0.8134873509407043,
            -0.05986911058425903
          ],
          [
            0.28845715522766113,
            0.7648949027061462,
            -0.5759708285331726,
            1.4937026500701904
          ],
          [
            0.0,
            0.0,
            0.0,
            1.0
          ]
        ]
      },
      "bone_length_armature_space": 0.1025217004677504,
      "parent": "spine_01",
      "has_children": true,
      "is_end_bone": false
    },
    "head": {
      "name": "head",
      "local": {
        "location": {
          "x": 0.0,
          "y": 0.0,
          "z": 0.0
        },
        "rotation_quaternion": {
          "w": 0.9832014441490173,
          "x": 0.024620385840535164,
          "y": 0.07848552614450455,
          "z": 0.1629386842250824
        },
        "scale": {
          "x": 1.0,
          "y": 1.0,
          "z": 1.0
        },
        "matrix_basis": [
          [
            0.934581995010376,
            -0.31653842329978943,
            0.1623573899269104,
            0.0
          ],
          [
            0.32426777482032776,
            0.9456896185874939,
            -0.022836940363049507,
            0.0
          ],
          [
            -0.1463109403848648,
            0.07399025559425354,
            0.986467719078064,
            0.0
          ],
          [
            0.0,
            0.0,
            0.0,
            1.0
          ]
        ],
        "rotation_mode": "QUATERNION"
      },
      "armature_space": {
        "head": {
          "x": -0.10498746484518051,
          "y": -0.18166261911392212,
          "z": 0.6222665309906006
        },
        "tail": {
          "x": -0.1971854269504547,
          "y": -0.22213837504386902,
          "z": 0.7402259111404419
        }
      },
      "world_space": {
        "head": {
          "x": -0.10498746484518051,
          "y": -0.1184186190366745,
          "z": 1.5721205472946167
        },
        "tail": {
          "x": -0.1971854269504547,
          "y": -0.1588943749666214,
          "z": 1.690079927444458
        },
        "rotation_quaternion": {
          "w": 0.5703169107437134,
          "x": 0.7561675906181335,
          "y": -0.2103518545627594,
          "z": 0.2422834187746048
        },
        "matrix": [
          [
            0.7941017746925354,
            -0.594479501247406,
            0.12647753953933716,
            -0.10498746484518051
          ],
          [
            -0.04176844656467438,
            -0.2609820067882538,
            -0.9644399285316467,
            -0.1184186190366745
          ],
          [
            0.6063522100448608,
            0.7605856657028198,
            -0.23207925260066986,
            1.5721205472946167
          ],
          [
            0.0,
            0.0,
            0.0,
            1.0
          ]
        ]
      },
      "bone_length_armature_space": 0.15509083382601518,
      "parent": "neck_01",
      "has_children": false,
      "is_end_bone": true
    },
    "upperarm_l": {
      "name": "upperarm_l",
      "local": {
        "location": {
          "x": 0.0,
          "y": 0.0,
          "z": 0.0
        },
        "rotation_quaternion": {
          "w": -0.6842749118804932,
          "x": 0.36495664715766907,
          "y": 0.3267742991447449,
          "z": 0.5401787757873535
        },
        "scale": {
          "x": 1.0,
          "y": 1.0,
          "z": 1.0
        },
        "matrix_basis": [
          [
            0.20285089313983917,
            0.9777784943580627,
            -0.05292323976755142,
            0.0
          ],
          [
            -0.500744640827179,
            0.1500270664691925,
            0.8524944186210632,
            0.0
          ],
          [
            0.8414905667304993,
            -0.14642827212810516,
            0.5200504064559937,
            0.0
          ],
          [
            0.0,
            0.0,
            0.0,
            1.0
          ]
        ],
        "rotation_mode": "QUATERNION"
      },
      "armature_space": {
        "head": {
          "x": 0.08040276914834976,
          "y": -0.13995304703712463,
          "z": 0.49123793840408325
        },
        "tail": {
          "x": 0.15028363466262817,
          "y": -0.05777476727962494,
          "z": 0.24593845009803772
        }
      },
      "world_space": {
        "head": {
          "x": 0.08040276914834976,
          "y": -0.07670904695987701,
          "z": 1.4410920143127441
        },
        "tail": {
          "x": 0.15028363466262817,
          "y": 0.005469232797622681,
          "z": 1.1957924365997314
        },
        "rotation_quaternion": {
          "w": 0.4357185661792755,
          "x": -0.16937419772148132,
          "y": 0.6807969808578491,
          "z": -0.5638947486877441
        },
        "matrix": [
          [
            -0.5629209280014038,
            0.2607792615890503,
            0.7842922210693359,
            0.08040276914834976
          ],
          [
            -0.7220200300216675,
            0.3066703677177429,
            -0.620194137096405,
            -0.07670904695987701
          ],
          [
            -0.4022563099861145,
            -0.915401041507721,
            0.015656203031539917,
            1.4410920143127441
          ],
          [
            0.0,
            0.0,
            0.0,
            1.0
          ]
        ]
      },
      "bone_length_armature_space": 0.26797097579849094,
      "parent": "spine_01",
      "has_children": true,
      "is_end_bone": false
    },
    "lowerarm_l": {
      "name": "lowerarm_l",
      "local": {
        "location": {
          "x": 0.0,
          "y": 0.0,
          "z": 0.0
        },
        "rotation_quaternion": {
          "w": 0.982470691204071,
          "x": 0.10630400478839874,
          "y": 0.07358160614967346,
          "z": 0.13430055975914001
        },
        "scale": {
          "x": 1.0,
          "y": 1.0,
          "z": 1.0
        },
        "matrix_basis": [
          [
            0.9530982375144958,
            -0.24824868142604828,
            0.17313691973686218,
            0.0
          ],
          [
            0.27953675389289856,
            0.9413256645202637,
            -0.18911702930927277,
            0.0
          ],
          [
            -0.11603017151355743,
            0.2286452353000641,
            0.9665704369544983,
            0.0
          ],
          [
            0.0,
            0.0,
            0.0,
            1.0
          ]
        ],
        "rotation_mode": "QUATERNION"
      },
      "armature_space": {
        "head": {
          "x": 0.15028376877307892,
          "y": -0.057774677872657776,
          "z": 0.24593840539455414
        },
        "tail": {
          "x": 0.32660162448883057,
          "y": 0.03222644329071045,
          "z": 0.06598953902721405
        }
      },
      "world_space": {
        "head": {
          "x": 0.15028376877307892,
          "y": 0.005469322204589844,
          "z": 1.1957924365997314
        },
        "tail": {
          "x": 0.32660162448883057,
          "y": 0.09547044336795807,
          "z": 1.0158435106277466
        },
        "rotation_quaternion": {
          "w": 0.5495779514312744,
          "x": 0.02181321568787098,
          "y": 0.6051236391067505,
          "z": -0.5755985975265503
        },
        "matrix": [
          [
            -0.39497292041778564,
            0.6590718626976013,
            0.6400162577629089,
            0.15028376877307892
          ],
          [
            -0.6062764525413513,
            0.33642199635505676,
            -0.7205896973609924,
            0.005469322204589844
          ],
          [
            -0.6902411580085754,
            -0.6726444959640503,
            0.2667033076286316,
            1.1957924365997314
          ],
          [
            0.0,
            0.0,
            0.0,
            1.0
          ]
        ]
      },
      "bone_length_armature_space": 0.26752529353644894,
      "parent": "upperarm_l",
      "has_children": true,
      "is_end_bone": false
    },
    "metacarpal_thumb_l": {
      "name": "metacarpal_thumb_l",
      "local": {
        "location": {
          "x": 0.0,
          "y": 0.0,
          "z": 0.0
        },
        "rotation_quaternion": {
          "w": 0.9995197057723999,
          "x": -0.02098597213625908,
          "y": 0.022479811683297157,
          "z": -0.003834264352917671
        },
        "scale": {
          "x": 1.0,
          "y": 1.0,
          "z": 1.0
        },
        "matrix_basis": [
          [
            0.9989598989486694,
            0.006721324287354946,
            0.045098960399627686,
            0.0
          ],
          [
            -0.008608367294073105,
            0.999089777469635,
            0.041779398918151855,
            0.0
          ],
          [
            -0.044777099043130875,
            -0.04212417080998421,
            0.9981085062026978,
            0.0
          ],
          [
            0.0,
            0.0,
            0.0,
            1.0
          ]
        ],
        "rotation_mode": "QUATERNION"
      },
      "armature_space": {
        "head": {
          "x": 0.32660162448883057,
          "y": 0.03222644329071045,
          "z": 0.06598953902721405
        },
        "tail": {
          "x": 0.36844584345817566,
          "y": 0.020444009453058243,
          "z": 0.042244479060173035
        }
      },
      "world_space": {
        "head": {
          "x": 0.32660162448883057,
          "y": 0.09547044336795807,
          "z": 1.0158435106277466
        },
        "tail": {
          "x": 0.36844584345817566,
          "y": 0.08368800580501556,
          "z": 0.9920985102653503
        },
        "rotation_quaternion": {
          "w": 0.04499662294983864,
          "x": 0.6541116237640381,
          "y": 0.6156623959541321,
          "z": -0.43711915612220764
        },
        "matrix": [
          [
            -0.14022918045520782,
            0.8447631597518921,
            -0.5164405107498169,
            0.32660162448883057
          ],
          [
            0.7660850286483765,
            -0.23786714673042297,
            -0.5971042513847351,
            0.09547044336795807
          ],
          [
            -0.6272595524787903,
            -0.47937214374542236,
            -0.6138091683387756,
            1.0158435106277466
          ],
          [
            0.0,
            0.0,
            0.0,
            1.0
          ]
        ]
      },
      "bone_length_armature_space": 0.04953374939778387,
      "parent": "lowerarm_l",
      "has_children": true,
      "is_end_bone": false
    },
    "thumb_01_l": {
      "name": "thumb_01_l",
      "local": {
        "location": {
          "x": 0.0,
          "y": 0.0,
          "z": 0.0
        },
        "rotation_quaternion": {
          "w": 0.9992001056671143,
          "x": -0.03725201636552811,
          "y": 0.006004842463880777,
          "z": -0.013246707618236542
        },
        "scale": {
          "x": 1.0,
          "y": 1.0,
          "z": 1.0
        },
        "matrix_basis": [
          [
            0.9995769262313843,
            0.026024838909506798,
            0.012987012043595314,
            0.0
          ],
          [
            -0.026919608935713768,
            0.9968736171722412,
            0.0742853507399559,
            0.0
          ],
          [
            -0.011013145558536053,
            -0.07460352778434753,
            0.9971524477005005,
            0.0
          ],
          [
            0.0,
            0.0,
            0.0,
            1.0
          ]
        ],
        "rotation_mode": "QUATERNION"
      },
      "armature_space": {
        "head": {
          "x": 0.36844584345817566,
          "y": 0.020444009453058243,
          "z": 0.042244479060173035
        },
        "tail": {
          "x": 0.37610599398612976,
          "y": -0.004606898874044418,
          "z": 0.02050955779850483
        }
      },
      "world_space": {
        "head": {
          "x": 0.36844584345817566,
          "y": 0.08368800580501556,
          "z": 0.9920985102653503
        },
        "tail": {
          "x": 0.37610599398612976,
          "y": 0.0586371012032032,
          "z": 0.9703635573387146
        },
        "rotation_quaternion": {
          "w": 0.3424481749534607,
          "x": -0.9316515922546387,
          "y": -0.12145483493804932,
          "z": 0.0018459162674844265
        },
        "matrix": [
          [
            0.9704904556274414,
            0.22504301369190216,
            -0.0866241306066513,
            0.36844584345817566
          ],
          [
            0.2275720089673996,
            -0.7359563708305359,
            0.637636125087738,
            0.08368800580501556
          ],
          [
            0.07974478602409363,
            -0.6385378837585449,
            -0.7654569149017334,
            0.9920985102653503
          ],
          [
            0.0,
            0.0,
            0.0,
            1.0
          ]
        ]
      },
      "bone_length_armature_space": 0.03403869461287754,
      "parent": "metacarpal_thumb_l",
      "has_children": true,
      "is_end_bone": false
    },
    "thumb_02_l": {
      "name": "thumb_02_l",
      "local": {
        "location": {
          "x": 0.0,
          "y": 0.0,
          "z": 0.0
        },
        "rotation_quaternion": {
          "w": 0.9942817091941833,
          "x": 0.1065620556473732,
          "y": 0.0062831067480146885,
          "z": -0.0029957399237900972
        },
        "scale": {
          "x": 1.0,
          "y": 1.0,
          "z": 1.0
        },
        "matrix_basis": [
          [
            0.9999030828475952,
            0.007296300493180752,
            0.011855891905725002,
            0.0
          ],
          [
            -0.004618137143552303,
            0.9772710800170898,
            -0.21194304525852203,
            0.0
          ],
          [
            -0.013132820837199688,
            0.21186776459217072,
            0.9772101044654846,
            0.0
          ],
          [
            0.0,
            0.0,
            0.0,
            1.0
          ]
        ],
        "rotation_mode": "QUATERNION"
      },
      "armature_space": {
        "head": {
          "x": 0.3761059641838074,
          "y": -0.004606924951076508,
          "z": 0.02050960063934326
        },
        "tail": {
          "x": 0.40290597081184387,
          "y": 0.010129828937351704,
          "z": -0.005524519830942154
        }
      },
      "world_space": {
        "head": {
          "x": 0.3761059641838074,
          "y": 0.05863707512617111,
          "z": 0.9703636169433594
        },
        "tail": {
          "x": 0.40290597081184387,
          "y": 0.07337383180856705,
          "z": 0.9443295001983643
        },
        "rotation_quaternion": {
          "w": 0.7928034067153931,
          "x": -0.4903411567211151,
          "y": -0.2343464195728302,
          "z": -0.2758805751800537
        },
        "matrix": [
          [
            0.7379430532455444,
            0.6672578454017639,
            -0.10102831572294235,
            0.3761059641838074
          ],
          [
            -0.20762109756469727,
            0.36691081523895264,
            0.9067913293838501,
            0.05863707512617111
          ],
          [
            0.6421363949775696,
            -0.6481888890266418,
            0.4092995226383209,
            0.9703636169433594
          ],
          [
            0.0,
            0.0,
            0.0,
            1.0
          ]
        ]
      },
      "bone_length_armature_space": 0.04016450748932617,
      "parent": "thumb_01_l",
      "has_children": true,
      "is_end_bone": false
    },
    "thumb_03_l": {
      "name": "thumb_03_l",
      "local": {
        "location": {
          "x": 0.0,
          "y": 0.0,
          "z": 0.0
        },
        "rotation_quaternion": {
          "w": 0.9984993934631348,
          "x": 0.05464480072259903,
          "y": 0.0026427891571074724,
          "z": 0.002448146929964423
        },
        "scale": {
          "x": 1.0,
          "y": 1.0,
          "z": 1.0
        },
        "matrix_basis": [
          [
            0.9999740719795227,
            -0.004600116983056068,
            0.005545203574001789,
            0.0
          ],
          [
            0.005177775863558054,
            0.9940159320831299,
            -0.10911265760660172,
            0.0
          ],
          [
            -0.005010089837014675,
            0.10913854092359543,
            0.9940139055252075,
            0.0
          ],
          [
            0.0,
            0.0,
            0.0,
            1.0
          ]
        ],
        "rotation_mode": "QUATERNION"
      },
      "armature_space": {
        "head": {
          "x": 0.40290600061416626,
          "y": 0.010129744186997414,
          "z": -0.00552448071539402
        },
        "tail": {
          "x": 0.41774269938468933,
          "y": 0.0313827283680439,
          "z": -0.021495627239346504
        }
      },
      "world_space": {
        "head": {
          "x": 0.40290600061416626,
          "y": 0.07337374240159988,
          "z": 0.944329559803009
        },
        "tail": {
          "x": 0.41774269938468933,
          "y": 0.09462672472000122,
          "z": 0.9283583760261536
        },
        "rotation_quaternion": {
          "w": 0.9187015295028687,
          "x": -0.3041647970676422,
          "y": -0.07090932130813599,
          "z": -0.24175067245960236
        },
        "matrix": [
          [
            0.8730567693710327,
            0.4873296916484833,
            0.016776196658611298,
            0.40290600061416626
          ],
          [
            -0.4010578989982605,
            0.6980805993080139,
            0.5931582450866699,
            0.07337374240159988
          ],
          [
            0.2773541510105133,
            -0.5245921015739441,
            0.8049173355102539,
            0.944329559803009
          ],
          [
            0.0,
            0.0,
            0.0,
            1.0
          ]
        ]
      },
      "bone_length_armature_space": 0.030444941862633725,
      "parent": "thumb_02_l",
      "has_children": false,
      "is_end_bone": true
    },
    "metacarpal_index_l": {
      "name": "metacarpal_index_l",
      "local": {
        "location": {
          "x": 0.0,
          "y": 0.0,
          "z": 0.0
        },
        "rotation_quaternion": {
          "w": 0.9995403289794922,
          "x": -0.019618170335888863,
          "y": -0.022013941779732704,
          "z": -0.007061040494590998
        },
        "scale": {
          "x": 1.0,
          "y": 1.0,
          "z": 1.0
        },
        "matrix_basis": [
          [
            0.9989310503005981,
            0.01497933641076088,
            -0.04373059421777725,
            0.0
          ],
          [
            -0.013251842930912971,
            0.9991305470466614,
            0.039529185742139816,
            0.0
          ],
          [
            0.04428469389677048,
            -0.03890742361545563,
            0.998261034488678,
            0.0
          ],
          [
            0.0,
            0.0,
            0.0,
            1.0
          ]
        ],
        "rotation_mode": "QUATERNION"
      },
      "armature_space": {
        "head": {
          "x": 0.32660162448883057,
          "y": 0.03222644329071045,
          "z": 0.06598953902721405
        },
        "tail": {
          "x": 0.4200006127357483,
          "y": 0.045211900025606155,
          "z": -0.0035611018538475037
        }
      },
      "world_space": {
        "head": {
          "x": 0.32660162448883057,
          "y": 0.09547044336795807,
          "z": 1.0158435106277466
        },
        "tail": {
          "x": 0.4200006127357483,
          "y": 0.10845589637756348,
          "z": 0.9462929368019104
        },
        "rotation_quaternion": {
          "w": 0.2511369287967682,
          "x": 0.369312584400177,
          "y": 0.7016711235046387,
          "z": -0.5551540851593018
        },
        "matrix": [
          [
            -0.6010762453079224,
            0.7971119284629822,
            -0.057621292769908905,
            0.32660162448883057
          ],
          [
            0.23943541944026947,
            0.11082413047552109,
            -0.9645667672157288,
            0.09547044336795807
          ],
          [
            -0.7624868154525757,
            -0.5935786366462708,
            -0.2574732005596161,
            1.0158435106277466
          ],
          [
            0.0,
            0.0,
            0.0,
            1.0
          ]
        ]
      },
      "bone_length_armature_space": 0.11717202995928044,
      "parent": "lowerarm_l",
      "has_children": true,
      "is_end_bone": false
    },
    "index_01_l": {
      "name": "index_01_l",
      "local": {
        "location": {
          "x": 0.0,
          "y": 0.0,
          "z": 0.0
        },
        "rotation_quaternion": {
          "w": 0.9939640760421753,
          "x": -0.10930086672306061,
          "y": 0.00847916305065155,
          "z": -0.004103805869817734
        },
        "scale": {
          "x": 1.0,
          "y": 1.0,
          "z": 1.0
        },
        "matrix_basis": [
          [
            0.9998224973678589,
            0.006304511334747076,
            0.01775306649506092,
            0.0
          ],
          [
            -0.010011631064116955,
            0.9760729670524597,
            0.21721267700195312,
            0.0
          ],
          [
            -0.015958867967128754,
            -0.21735186874866486,
            0.9759628772735596,
            0.0
          ],
          [
            0.0,
            0.0,
            0.0,
            1.0
          ]
        ],
        "rotation_mode": "QUATERNION"
      },
      "armature_space": {
        "head": {
          "x": 0.4200006127357483,
          "y": 0.045211900025606155,
          "z": -0.0035611018538475037
        },
        "tail": {
          "x": 0.4348936676979065,
          "y": 0.05973832681775093,
          "z": -0.023061197251081467
        }
      },
      "world_space": {
        "head": {
          "x": 0.4200006127357483,
          "y": 0.10845589637756348,
          "z": 0.9462929368019104
        },
        "tail": {
          "x": 0.4348936676979065,
          "y": 0.12298232316970825,
          "z": 0.9267928004264832
        },
        "rotation_quaternion": {
          "w": 0.17620468139648438,
          "x": 0.2145261913537979,
          "y": 0.8506899476051331,
          "z": -0.4463823139667511
        },
        "matrix": [
          [
            -0.84586101770401,
            0.5223001837730408,
            0.10826817154884338,
            0.4200006127357483
          ],
          [
            0.20768284797668457,
            0.5094423890113831,
            -0.8350669145584106,
            0.10845589637756348
          ],
          [
            -0.49131521582603455,
            -0.6838691234588623,
            -0.5393946170806885,
            0.9462929368019104
          ],
          [
            0.0,
            0.0,
            0.0,
            1.0
          ]
        ]
      },
      "bone_length_armature_space": 0.028514450223366346,
      "parent": "metacarpal_index_l",
      "has_children": true,
      "is_end_bone": false
    },
    "index_02_l": {
      "name": "index_02_l",
      "local": {
        "location": {
          "x": 0.0,
          "y": 0.0,
          "z": 0.0
        },
        "rotation_quaternion": {
          "w": 0.9962327480316162,
          "x": 0.08630011975765228,
          "y": 0.0026598696131259203,
          "z": 0.008098937571048737
        },
        "scale": {
          "x": 1.0,
          "y": 1.0,
          "z": 1.0
        },
        "matrix_basis": [
          [
            0.9998546838760376,
            -0.015677759423851967,
            0.006697576958686113,
            0.0
          ],
          [
            0.016595948487520218,
            0.9849733710289001,
            -0.17190693318843842,
            0.0
          ],
          [
            -0.003901819931343198,
            0.17199309170246124,
            0.985090434551239,
            0.0
          ],
          [
            0.0,
            0.0,
            0.0,
            1.0
          ]
        ],
        "rotation_mode": "QUATERNION"
      },
      "armature_space": {
        "head": {
          "x": 0.4348941147327423,
          "y": 0.05973821133375168,
          "z": -0.023061513900756836
        },
        "tail": {
          "x": 0.44846311211586,
          "y": 0.06978234648704529,
          "z": -0.04237712174654007
        }
      },
      "world_space": {
        "head": {
          "x": 0.4348941147327423,
          "y": 0.1229822114109993,
          "z": 0.9267925024032593
        },
        "tail": {
          "x": 0.44846311211586,
          "y": 0.1330263465642929,
          "z": 0.9074769020080566
        },
        "rotation_quaternion": {
          "w": 0.18569828569889069,
          "x": 0.20862458646297455,
          "y": 0.8131933212280273,
          "z": -0.5105962753295898
        },
        "matrix": [
          [
            -0.8439840078353882,
            0.5289382934570312,
            0.0889696329832077,
            0.4348941147327423
          ],
          [
            0.14967264235019684,
            0.39153432846069336,
            -0.9079093337059021,
            0.1229822114109993
          ],
          [
            -0.5150661468505859,
            -0.7529492378234863,
            -0.4096199870109558,
            0.9267925024032593
          ],
          [
            0.0,
            0.0,
            0.0,
            1.0
          ]
        ]
      },
      "bone_length_armature_space": 0.02565336333333532,
      "parent": "index_01_l",
      "has_children": true,
      "is_end_bone": false
    },
    "index_03_l": {
      "name": "index_03_l",
      "local": {
        "location": {
          "x": 0.0,
          "y": 0.0,
          "z": 0.0
        },
        "rotation_quaternion": {
          "w": 0.9998512864112854,
          "x": 0.01694623939692974,
          "y": -0.0016793349059298635,
          "z": 0.002747640945017338
        },
        "scale": {
          "x": 1.0,
          "y": 1.0,
          "z": 1.0
        },
        "matrix_basis": [
          [
            0.9999792575836182,
            -0.005551381502300501,
            -0.0032650460489094257,
            0.0
          ],
          [
            0.0054375478066504,
            0.9994105696678162,
            -0.03389666602015495,
            0.0
          ],
          [
            0.003451294731348753,
            0.03387821093201637,
            0.9994199872016907,
            0.0
          ],
          [
            0.0,
            0.0,
            0.0,
            1.0
          ]
        ],
        "rotation_mode": "QUATERNION"
      },
      "armature_space": {
        "head": {
          "x": 0.44846311211586,
          "y": 0.06978246569633484,
          "z": -0.0423770435154438
        },
        "tail": {
          "x": 0.461903840303421,
          "y": 0.07823698967695236,
          "z": -0.06690472364425659
        }
      },
      "world_space": {
        "head": {
          "x": 0.44846311211586,
          "y": 0.13302646577358246,
          "z": 0.9074769616127014
        },
        "tail": {
          "x": 0.461903840303421,
          "y": 0.14148098230361938,
          "z": 0.8829492926597595
        },
        "rotation_quaternion": {
          "w": 0.1237555593252182,
          "x": 0.20246268808841705,
          "y": 0.7933229804039001,
          "z": -0.5606531500816345
        },
        "matrix": [
          [
            -0.8873867392539978,
            0.46000492572784424,
            -0.030668355524539948,
            0.44846311211586
          ],
          [
            0.18247090280056,
            0.2893533706665039,
            -0.9396697282791138,
            0.13302646577358246
          ],
          [
            -0.423381507396698,
            -0.8394519686698914,
            -0.3407090902328491,
            0.9074769616127014
          ],
          [
            0.0,
            0.0,
            0.0,
            1.0
          ]
        ]
      },
      "bone_length_armature_space": 0.02921881657942795,
      "parent": "index_02_l",
      "has_children": false,
      "is_end_bone": true
    },
    "metacarpal_pinky_l": {
      "name": "metacarpal_pinky_l",
      "local": {
        "location": {
          "x": 0.0,
          "y": 0.0,
          "z": 0.0
        },
        "rotation_quaternion": {
          "w": 0.9984080791473389,
          "x": -0.05487070977687836,
          "y": 0.011456828564405441,
          "z": 0.006272674072533846
        },
        "scale": {
          "x": 1.0,
          "y": 1.0,
          "z": 1.0
        },
        "matrix_basis": [
          [
            0.9996587634086609,
            -0.013782665133476257,
            0.022188808768987656,
            0.0
          ],
          [
            0.011268088594079018,
            0.9938997030258179,
            0.1097104474902153,
            0.0
          ],
          [
            -0.02356555312871933,
            -0.10942298918962479,
            0.9937158823013306,
            0.0
          ],
          [
            0.0,
            0.0,
            0.0,
            1.0
          ]
        ],
        "rotation_mode": "QUATERNION"
      },
      "armature_space": {
        "head": {
          "x": 0.32660162448883057,
          "y": 0.03222644329071045,
          "z": 0.06598953902721405
        },
        "tail": {
          "x": 0.3634519577026367,
          "y": 0.08385726064443588,
          "z": -0.01659143716096878
        }
      },
      "world_space": {
        "head": {
          "x": 0.32660162448883057,
          "y": 0.09547044336795807,
          "z": 1.0158435106277466
        },
        "tail": {
          "x": 0.3634519577026367,
          "y": 0.1471012532711029,
          "z": 0.9332625865936279
        },
        "rotation_quaternion": {
          "w": 0.828795850276947,
          "x": -0.3809678852558136,
          "y": 0.24700430035591125,
          "z": -0.32703202962875366
        },
        "matrix": [
          [
            0.6640772819519043,
            0.3538850247859955,
            0.658609926700592,
            0.32660162448883057
          ],
          [
            -0.7302876710891724,
            0.49582675099372864,
            0.4699319005012512,
            0.09547044336795807
          ],
          [
            -0.1602562814950943,
            -0.7930507659912109,
            0.5877095460891724,
            1.0158435106277466
          ],
          [
            0.0,
            0.0,
            0.0,
            1.0
          ]
        ]
      },
      "bone_length_armature_space": 0.10413119536689702,
      "parent": "lowerarm_l",
      "has_children": true,
      "is_end_bone": false
    },
    "pinky_01_l": {
      "name": "pinky_01_l",
      "local": {
        "location": {
          "x": 0.0,
          "y": 0.0,
          "z": 0.0
        },
        "rotation_quaternion": {
          "w": 0.9931325316429138,
          "x": -0.11604955792427063,
          "y": 0.014449124224483967,
          "z": 0.0033987388014793396
        },
        "scale": {
          "x": 1.0,
          "y": 1.0,
          "z": 1.0
        },
        "matrix_basis": [
          [
            0.9995593428611755,
            -0.010104425251483917,
            0.027910945937037468,
            0.0
          ],
          [
            0.003397167194634676,
            0.9730418920516968,
            0.2306033968925476,
            0.0
          ],
          [
            -0.029488634318113327,
            -0.2304069697856903,
            0.9726474285125732,
            0.0
          ],
          [
            0.0,
            0.0,
            0.0,
            1.0
          ]
        ],
        "rotation_mode": "QUATERNION"
      },
      "armature_space": {
        "head": {
          "x": 0.3634519577026367,
          "y": 0.08385726064443588,
          "z": -0.01659143716096878
        },
