{
  "metadata": {
    "armature_name": "KIM_caucasian_male",
    "export_time": "2026-01-13T21:02:12.547491",
    "blender_version": "4.4.1",
    "bone_count": 56,
    "end_bone_count": 13,
    "spaces_included": [
      "LOCAL_CHANNELS",
      "ARMATURE_SPACE",
      "WORLD_SPACE"
    ],
    "note": "LOCAL matches Transform panel; replay pose via local.matrix_basis for best fidelity."
  },
  "bones": {
    "Root": {
      "name": "Root",
      "local": {
        "location": {
          "x": 0.0,
          "y": 0.0,
          "z": 0.0
        },
        "rotation_quaternion": {
          "w": 0.9997490644454956,
          "x": -0.012891407124698162,
          "y": -0.004965383093804121,
          "z": -0.017634766176342964
        },
        "scale": {
          "x": 1.0,
          "y": 1.0,
          "z": 1.0
        },
        "matrix_basis": [
          [
            0.9993287324905396,
            0.035388704389333725,
            -0.009473600424826145,
            0.0
          ],
          [
            -0.03513266146183014,
            0.9990456700325012,
            0.02595147117972374,
            0.0
          ],
          [
            0.010382948443293571,
            -0.0256012175232172,
            0.9996182918548584,
            0.0
          ],
          [
            0.0,
            0.0,
            0.0,
            1.0
          ]
        ],
        "rotation_mode": "QUATERNION"
      },
      "armature_space": {
        "head": {
          "x": 0.0,
          "y": 0.07072800397872925,
          "z": -0.009595036506652832
        },
        "tail": {
          "x": 0.0025258995592594147,
          "y": 0.0003131479024887085,
          "z": 0.0018015792593359947
        }
      },
      "world_space": {
        "head": {
          "x": 0.0,
          "y": 0.13397200405597687,
          "z": 0.9402589797973633
        },
        "tail": {
          "x": 0.0025258995592594147,
          "y": 0.06355714797973633,
          "z": 0.9516555666923523
        },
        "rotation_quaternion": {
          "w": 0.08021286875009537,
          "x": 0.9966093897819519,
          "y": 0.017260195687413216,
          "z": -0.006142121739685535
        },
        "matrix": [
          [
            0.9993287324905396,
            0.035388704389333725,
            -0.009473600424826145,
            0.0
          ],
          [
            0.033417992293834686,
            -0.986535906791687,
            -0.16009429097175598,
            0.13397200405597687
          ],
          [
            -0.015011649578809738,
            0.15967042744159698,
            -0.9870632886886597,
            0.9402589797973633
          ],
          [
            0.0,
            0.0,
            0.0,
            1.0
          ]
        ]
      },
      "bone_length_armature_space": 0.07137587115285826,
      "parent": null,
      "has_children": true,
      "is_end_bone": false
    },
    "spine_01": {
      "name": "spine_01",
      "local": {
        "location": {
          "x": 0.0,
          "y": 0.0,
          "z": 0.0
        },
        "rotation_quaternion": {
          "w": 0.9981242418289185,
          "x": -0.04065728932619095,
          "y": 0.02880335971713066,
          "z": 0.03557160496711731
        },
        "scale": {
          "x": 1.0,
          "y": 1.0,
          "z": 1.0
        },
        "matrix_basis": [
          [
            0.9958100318908691,
            -0.0733518972992897,
            0.05460617318749428,
            0.0
          ],
          [
            0.06866762787103653,
            0.9941632747650146,
            0.08321121335029602,
            0.0
          ],
          [
            -0.060391154140233994,
            -0.07911288738250732,
            0.9950346946716309,
            0.0
          ],
          [
            0.0,
            0.0,
            0.0,
            1.0
          ]
        ],
        "rotation_mode": "QUATERNION"
      },
      "armature_space": {
        "head": {
          "x": 0.0025258995592594147,
          "y": 0.0003131479024887085,
          "z": 0.0018015792593359947
        },
        "tail": {
          "x": -0.028486017137765884,
          "y": 0.07286570966243744,
          "z": 0.483385294675827
        }
      },
      "world_space": {
        "head": {
          "x": 0.0025258995592594147,
          "y": 0.06355714797973633,
          "z": 0.9516555666923523
        },
        "tail": {
          "x": -0.028486017137765884,
          "y": 0.13610970973968506,
          "z": 1.4332393407821655
        },
        "rotation_quaternion": {
          "w": 0.7577308416366577,
          "x": 0.650235652923584,
          "y": 0.013425031676888466,
          "z": 0.05345412716269493
        },
        "matrix": [
          [
            0.9939247965812683,
            -0.06354884803295135,
            0.08986105024814606,
            0.0025258995592594147
          ],
          [
            0.09846694767475128,
            0.1486729085445404,
            -0.9839719533920288,
            0.06355714797973633
          ],
          [
            0.04917079955339432,
            0.9868493676185608,
            0.15402735769748688,
            0.9516555666923523
          ],
          [
            0.0,
            0.0,
            0.0,
            1.0
          ]
        ]
      },
      "bone_length_armature_space": 0.4880046035748047,
      "parent": "Root",
      "has_children": true,
      "is_end_bone": false
    },
    "neck_01": {
      "name": "neck_01",
      "local": {
        "location": {
          "x": 0.0,
          "y": 0.0,
          "z": 0.0
        },
        "rotation_quaternion": {
          "w": 0.9871312975883484,
          "x": 0.007205374073237181,
          "y": 0.05850087106227875,
          "z": 0.1486528068780899
        },
        "scale": {
          "x": 1.0,
          "y": 1.0,
          "z": 1.0
        },
        "matrix_basis": [
          [
            0.94896000623703,
            -0.2926366329193115,
            0.11763828247785568,
            0.0
          ],
          [
            0.2943227291107178,
            0.9557008743286133,
            0.00316733680665493,
            0.0
          ],
          [
            -0.11335388571023941,
            0.031617939472198486,
            0.9930514693260193,
            0.0
          ],
          [
            0.0,
            0.0,
            0.0,
            1.0
          ]
        ],
        "rotation_mode": "QUATERNION"
      },
      "armature_space": {
        "head": {
          "x": -0.03002254292368889,
          "y": 0.049626730382442474,
          "z": 0.5609826445579529
        },
        "tail": {
          "x": -0.06192006915807724,
          "y": 0.02043789066374302,
          "z": 0.6539412140846252
        }
      },
      "world_space": {
        "head": {
          "x": -0.03002254292368889,
          "y": 0.1128707304596901,
          "z": 1.5108366012573242
        },
        "tail": {
          "x": -0.06192006915807724,
          "y": 0.08368188887834549,
          "z": 1.6037952899932861
        },
        "rotation_quaternion": {
          "w": 0.5952658653259277,
          "x": 0.7795740365982056,
          "y": -0.05747848004102707,
          "z": 0.18606239557266235
        },
        "matrix": [
          [
            0.9241544008255005,
            -0.3111306130886078,
            0.2216673046350479,
            -0.03002254292368889
          ],
          [
            0.131894052028656,
            -0.2847099006175995,
            -0.9494970440864563,
            0.1128707304596901
          ],
          [
            0.35853102803230286,
            0.9067242741584778,
            -0.22208189964294434,
            1.5108366012573242
          ],
          [
            0.0,
            0.0,
            0.0,
            1.0
          ]
        ]
      },
      "bone_length_armature_space": 0.10252188385387816,
      "parent": "spine_01",
      "has_children": true,
      "is_end_bone": false
    },
    "head": {
      "name": "head",
      "local": {
        "location": {
          "x": 0.0,
          "y": 0.0,
          "z": 0.0
        },
        "rotation_quaternion": {
          "w": 0.9800398349761963,
          "x": 0.07406581938266754,
          "y": -0.08190485090017319,
          "z": -0.16531126201152802
        },
        "scale": {
          "x": 1.0,
          "y": 1.0,
          "z": 1.0
        },
        "matrix_basis": [
          [
            0.9319275617599487,
            0.31189054250717163,
            -0.1850278675556183,
            0.0
          ],
          [
            -0.3361559510231018,
            0.9343729019165039,
            -0.11809531599283218,
            0.0
          ],
          [
            0.136052206158638,
            0.1722545027732849,
            0.975611686706543,
            0.0
          ],
          [
            0.0,
            0.0,
            0.0,
            1.0
          ]
        ],
        "rotation_mode": "QUATERNION"
      },
      "armature_space": {
        "head": {
          "x": -0.061920009553432465,
          "y": 0.020437762141227722,
          "z": 0.6539410948753357
        },
        "tail": {
          "x": -0.06850720196962357,
          "y": 0.011525916866958141,
          "z": 0.808635950088501
        }
      },
      "world_space": {
        "head": {
          "x": -0.061920009553432465,
          "y": 0.08368176221847534,
          "z": 1.603795051574707
        },
        "tail": {
          "x": -0.06850720196962357,
          "y": 0.07476991415023804,
          "z": 1.758489966392517
        },
        "rotation_quaternion": {
          "w": 0.6858980655670166,
          "x": 0.7271387577056885,
          "y": -0.028505466878414154,
          "z": 0.0007423952338285744
        },
        "matrix": [
          [
            0.998373806476593,
            -0.04247329384088516,
            -0.03802432119846344,
            -0.061920009553432465
          ],
          [
            -0.040436722338199615,
            -0.057462334632873535,
            -0.997528612613678,
            0.08368176221847534
          ],
          [
            0.04018361121416092,
            0.9974507093429565,
            -0.059087611734867096,
            1.603795051574707
          ],
          [
            0.0,
            0.0,
            0.0,
            1.0
          ]
        ]
      },
      "bone_length_armature_space": 0.15509129426444496,
      "parent": "neck_01",
      "has_children": false,
      "is_end_bone": true
    },
    "upperarm_l": {
      "name": "upperarm_l",
      "local": {
        "location": {
          "x": 0.0,
          "y": 0.0,
          "z": 0.0
        },
        "rotation_quaternion": {
          "w": 0.9724725484848022,
          "x": 0.1646580696105957,
          "y": -0.1641729325056076,
          "z": 0.015237221494317055
        },
        "scale": {
          "x": 1.0,
          "y": 1.0,
          "z": 1.0
        },
        "matrix_basis": [
          [
            0.9456301331520081,
            -0.08370035886764526,
            -0.31428948044776917,
            0.0
          ],
          [
            -0.024429237470030785,
            0.9453110694885254,
            -0.32525399327278137,
            0.0
          ],
          [
            0.32432520389556885,
            0.3152478337287903,
            0.8918699622154236,
            0.0
          ],
          [
            0.0,
            0.0,
            0.0,
            1.0
          ]
        ],
        "rotation_mode": "QUATERNION"
      },
      "armature_space": {
        "head": {
          "x": 0.12362373620271683,
          "y": 0.05126679316163063,
          "z": 0.5025255084037781
        },
        "tail": {
          "x": 0.3846985995769501,
          "y": 0.004946678876876831,
          "z": 0.54128098487854
        }
      },
      "world_space": {
        "head": {
          "x": 0.12362373620271683,
          "y": 0.11451078951358795,
          "z": 1.4523794651031494
        },
        "tail": {
          "x": 0.3846985995769501,
          "y": 0.06819067895412445,
          "z": 1.4911350011825562
        },
        "rotation_quaternion": {
          "w": 0.5707773566246033,
          "x": 0.448785662651062,
          "y": 0.29628318548202515,
          "z": -0.6205006241798401
        },
        "matrix": [
          [
            0.05439217761158943,
            0.9742711186408997,
            -0.21871735155582428,
            0.12362373620271683
          ],
          [
            -0.4424000680446625,
            -0.17285595834255219,
            -0.8800019025802612,
            0.11451078951358795
          ],
          [
            -0.8951734304428101,
            0.14462655782699585,
            0.421617716550827,
            1.4523794651031494
          ],
          [
            0.0,
            0.0,
            0.0,
            1.0
          ]
        ]
      },
      "bone_length_armature_space": 0.2679694513702389,
      "parent": "spine_01",
      "has_children": true,
      "is_end_bone": false
    },
    "lowerarm_l": {
      "name": "lowerarm_l",
      "local": {
        "location": {
          "x": 0.0,
          "y": 0.0,
          "z": 0.0
        },
        "rotation_quaternion": {
          "w": 0.9575862884521484,
          "x": 0.28747695684432983,
          "y": -0.01960986852645874,
          "z": -0.0010105737019330263
        },
        "scale": {
          "x": 1.0,
          "y": 1.0,
          "z": 1.0
        },
        "matrix_basis": [
          [
            0.999228835105896,
            -0.0093393474817276,
            -0.03813731670379639,
            0.0
          ],
          [
            -0.013210193254053593,
            0.8347119688987732,
            -0.550528347492218,
            0.0
          ],
          [
            0.03697524964809418,
            0.5506076216697693,
            0.8339449167251587,
            0.0
          ],
          [
            0.0,
            0.0,
            0.0,
            1.0
          ]
        ],
        "rotation_mode": "QUATERNION"
      },
      "armature_space": {
        "head": {
          "x": 0.38469868898391724,
          "y": 0.004946671426296234,
          "z": 0.5412811040878296
        },
        "tail": {
          "x": 0.542953372001648,
          "y": -0.1628938615322113,
          "z": 0.6767601370811462
        }
      },
      "world_space": {
        "head": {
          "x": 0.38469868898391724,
          "y": 0.06819067150354385,
          "z": 1.4911351203918457
        },
        "tail": {
          "x": 0.542953372001648,
          "y": -0.09964986145496368,
          "z": 1.6266140937805176
        },
        "rotation_quaternion": {
          "w": 0.4316226840019226,
          "x": 0.5818989276885986,
          "y": -0.0029690770898014307,
          "z": -0.6892653107643127
        },
        "matrix": [
          [
            0.049810126423835754,
            0.5915521383285522,
            -0.8047265410423279,
            0.38469868898391724
          ],
          [
            -0.5984610915184021,
            -0.627383828163147,
            -0.49823105335235596,
            0.06819067150354385
          ],
          [
            -0.7996079325675964,
            0.5064173936843872,
            0.3227728307247162,
            1.4911351203918457
          ],
          [
            0.0,
            0.0,
            0.0,
            1.0
          ]
        ]
      },
      "bone_length_armature_space": 0.267524881007941,
      "parent": "upperarm_l",
      "has_children": true,
      "is_end_bone": false
    },
    "metacarpal_thumb_l": {
      "name": "metacarpal_thumb_l",
      "local": {
        "location": {
          "x": 0.0,
          "y": 0.0,
          "z": 0.0
        },
        "rotation_quaternion": {
          "w": 0.9994646906852722,
          "x": -0.029968157410621643,
          "y": 0.008041664958000183,
          "z": 0.010381736792623997
        },
        "scale": {
          "x": 1.0,
          "y": 1.0,
          "z": 1.0
        },
        "matrix_basis": [
          [
            0.9996551275253296,
            -0.02123434655368328,
            0.015452477149665356,
            0.0
          ],
          [
            0.020270371809601784,
            0.9979882836341858,
            0.060071203857660294,
            0.0
          ],
          [
            -0.01669696345925331,
            -0.05973725765943527,
            0.998074471950531,
            0.0
          ],
          [
            0.0,
            0.0,
            0.0,
            1.0
          ]
        ],
        "rotation_mode": "QUATERNION"
      },
      "armature_space": {
        "head": {
          "x": 0.542953372001648,
          "y": -0.1628938615322113,
          "z": 0.6767601370811462
        },
        "tail": {
          "x": 0.5420653223991394,
          "y": -0.20589502155780792,
          "z": 0.7013304829597473
        }
      },
      "world_space": {
        "head": {
          "x": 0.542953372001648,
          "y": -0.09964986145496368,
          "z": 1.6266140937805176
        },
        "tail": {
          "x": 0.5420653223991394,
          "y": -0.1426510214805603,
          "z": 1.6511845588684082
        },
        "rotation_quaternion": {
          "w": 0.25662025809288025,
          "x": 0.9664677977561951,
          "y": -0.009277012199163437,
          "z": -7.086213372531347e-06
        },
        "matrix": [
          [
            0.9998278021812439,
            -0.01792830228805542,
            -0.0047750333324074745,
            0.542953372001648
          ],
          [
            -0.017935456708073616,
            -0.8681198358535767,
            -0.49603068828582764,
            -0.09964986145496368
          ],
          [
            0.004747612401843071,
            0.49603360891342163,
            -0.8682981729507446,
            1.6266140937805176
          ],
          [
            0.0,
            0.0,
            0.0,
            1.0
          ]
        ]
      },
      "bone_length_armature_space": 0.049533729037028254,
      "parent": "lowerarm_l",
      "has_children": true,
      "is_end_bone": false
    },
    "thumb_01_l": {
      "name": "thumb_01_l",
      "local": {
        "location": {
          "x": 0.0,
          "y": 0.0,
          "z": 0.0
        },
        "rotation_quaternion": {
          "w": 0.9975354671478271,
          "x": -0.0682859718799591,
          "y": -0.01272587850689888,
          "z": 0.009908268228173256
        },
        "scale": {
          "x": 1.0,
          "y": 1.0,
          "z": 1.0
        },
        "matrix_basis": [
          [
            0.9994797706604004,
            -0.018029699102044106,
            -0.026742221787571907,
            0.0
          ],
          [
            0.021505696699023247,
            0.9904776811599731,
            0.1359831690788269,
            0.0
          ],
          [
            0.02403583936393261,
            -0.13648754358291626,
            0.9903501272201538,
            0.0
          ],
          [
            0.0,
            0.0,
            0.0,
            1.0
          ]
        ],
        "rotation_mode": "QUATERNION"
      },
      "armature_space": {
        "head": {
          "x": 0.5420653223991394,
          "y": -0.20589502155780792,
          "z": 0.7013304829597473
        },
        "tail": {
          "x": 0.5328731536865234,
          "y": -0.23672331869602203,
          "z": 0.6902062892913818
        }
      },
      "world_space": {
        "head": {
          "x": 0.5420653223991394,
          "y": -0.1426510214805603,
          "z": 1.6511845588684082
        },
        "tail": {
          "x": 0.5328731536865234,
          "y": -0.17347931861877441,
          "z": 1.640060305595398
        },
        "rotation_quaternion": {
          "w": 0.02648877166211605,
          "x": -0.7089337706565857,
          "y": 0.21553319692611694,
          "z": -0.6710116863250732
        },
        "matrix": [
          [
            0.006577353924512863,
            -0.27005133032798767,
            0.9628233313560486,
            0.5420653223991394
          ],
          [
            -0.34114599227905273,
            -0.9056870937347412,
            -0.25169527530670166,
            -0.1426510214805603
          ],
          [
            0.9399934411048889,
            -0.3268108069896698,
            -0.09808489680290222,
            1.6511845588684082
          ],
          [
            0.0,
            0.0,
            0.0,
            1.0
          ]
        ]
      },
      "bone_length_armature_space": 0.03403861840896249,
      "parent": "metacarpal_thumb_l",
      "has_children": true,
      "is_end_bone": false
    },
    "thumb_02_l": {
      "name": "thumb_02_l",
      "local": {
        "location": {
          "x": 0.0,
          "y": 0.0,
          "z": 0.0
        },
        "rotation_quaternion": {
          "w": 0.995144784450531,
          "x": 0.09745240211486816,
          "y": 0.01066443882882595,
          "z": -0.008733075112104416
        },
        "scale": {
          "x": 1.0,
          "y": 1.0,
          "z": 1.0
        },
        "matrix_basis": [
          [
            0.9996200203895569,
            0.01945989951491356,
            0.019523203372955322,
            0.0
          ],
          [
            -0.01530279777944088,
            0.9808534979820251,
            -0.19414477050304413,
            0.0
          ],
          [
            -0.022927438840270042,
            0.19377222657203674,
            0.9807785749435425,
            0.0
          ],
          [
            0.0,
            0.0,
            0.0,
            1.0
          ]
        ],
        "rotation_mode": "QUATERNION"
      },
      "armature_space": {
        "head": {
          "x": 0.5328730940818787,
          "y": -0.23672327399253845,
          "z": 0.6902062892913818
        },
        "tail": {
          "x": 0.5551589727401733,
          "y": -0.26405972242355347,
          "z": 0.7094219923019409
        }
      },
      "world_space": {
        "head": {
          "x": 0.5328730940818787,
          "y": -0.17347927391529083,
          "z": 1.640060305595398
        },
        "tail": {
          "x": 0.5551589727401733,
          "y": -0.20081572234630585,
          "z": 1.659276008605957
        },
        "rotation_quaternion": {
          "w": 0.16324058175086975,
          "x": -0.389157772064209,
          "y": -0.36475464701652527,
          "z": -0.8299775719642639
        },
        "matrix": [
          [
            -0.6438179016113281,
            0.5548660755157471,
            0.5268983840942383,
            0.5328730940818787
          ],
          [
            0.012921133078634739,
            -0.6806134581565857,
            0.732528805732727,
            -0.17347927391529083
          ],
          [
            0.7650749087333679,
            0.4784260392189026,
            0.43102508783340454,
            1.640060305595398
          ],
          [
            0.0,
            0.0,
            0.0,
            1.0
          ]
        ]
      },
      "bone_length_armature_space": 0.040164474519300844,
      "parent": "thumb_01_l",
      "has_children": true,
      "is_end_bone": false
    },
    "thumb_03_l": {
      "name": "thumb_03_l",
      "local": {
        "location": {
          "x": 0.0,
          "y": 0.0,
          "z": 0.0
        },
        "rotation_quaternion": {
          "w": 0.9982694983482361,
          "x": 0.0585818737745285,
          "y": 0.0027502470184117556,
          "z": -0.004319289233535528
        },
        "scale": {
          "x": 1.0,
          "y": 1.0,
          "z": 1.0
        },
        "matrix_basis": [
          [
            0.9999475479125977,
            0.008945859037339687,
            0.004984911531209946,
            0.0
          ],
          [
            -0.00830140057951212,
            0.99309903383255,
            -0.11698475480079651,
            0.0
          ],
          [
            -0.005997039377689362,
            0.11693723499774933,
            0.9931212067604065,
            0.0
          ],
          [
            0.0,
            0.0,
            0.0,
            1.0
          ]
        ],
        "rotation_mode": "QUATERNION"
      },
      "armature_space": {
        "head": {
          "x": 0.5551588535308838,
          "y": -0.26405972242355347,
          "z": 0.7094219923019409
        },
        "tail": {
          "x": 0.5787880420684814,
          "y": -0.27493301033973694,
          "z": 0.7252437472343445
        }
      },
      "world_space": {
        "head": {
          "x": 0.5551588535308838,
          "y": -0.20081572234630585,
          "z": 1.659276008605957
        },
        "tail": {
          "x": 0.5787880420684814,
          "y": -0.21168901026248932,
          "z": 1.6750977039337158
        },
        "rotation_quaternion": {
          "w": 0.37150174379348755,
          "x": -0.2167334258556366,
          "y": -0.4282667934894562,
          "z": -0.7947330474853516
        },
        "matrix": [
          [
            -0.6300255656242371,
            0.7761293053627014,
            0.026284947991371155,
            0.5551588535308838
          ],
          [
            -0.40485185384750366,
            -0.3571470379829407,
            0.841748833656311,
            -0.20081572234630585
          ],
          [
            0.6626978516578674,
            0.5196850299835205,
            0.5392335653305054,
            1.659276008605957
          ],
          [
            0.0,
            0.0,
            0.0,
            1.0
          ]
        ]
      },
      "bone_length_armature_space": 0.030444947837318232,
      "parent": "thumb_02_l",
      "has_children": false,
      "is_end_bone": true
    },
    "metacarpal_index_l": {
      "name": "metacarpal_index_l",
      "local": {
        "location": {
          "x": 0.0,
          "y": 0.0,
          "z": 0.0
        },
        "rotation_quaternion": {
          "w": 0.9994061589241028,
          "x": -0.0298546701669693,
          "y": 0.013136405497789383,
          "z": -0.01110922358930111
        },
        "scale": {
          "x": 1.0,
          "y": 1.0,
          "z": 1.0
        },
        "matrix_basis": [
          [
            0.9994080662727356,
            0.021420886740088463,
            0.026920532807707787,
            0.0
          ],
          [
            -0.02298961952328682,
            0.9979705810546875,
            0.059382010251283646,
            0.0
          ],
          [
            -0.02559388428926468,
            -0.05996575206518173,
            0.9978722929954529,
            0.0
          ],
          [
            0.0,
            0.0,
            0.0,
            1.0
          ]
        ],
        "rotation_mode": "QUATERNION"
      },
      "armature_space": {
        "head": {
          "x": 0.542953372001648,
          "y": -0.1628938615322113,
          "z": 0.6767601370811462
        },
        "tail": {
          "x": 0.5859902501106262,
          "y": -0.24986404180526733,
          "z": 0.7424357533454895
        }
      },
      "world_space": {
        "head": {
          "x": 0.542953372001648,
          "y": -0.09964986145496368,
          "z": 1.6266140937805176
        },
        "tail": {
          "x": 0.5859902501106262,
          "y": -0.18662004172801971,
          "z": 1.6922898292541504
        },
        "rotation_quaternion": {
          "w": 0.3485257923603058,
          "x": 0.8805331587791443,
          "y": 0.08606557548046112,
          "z": -0.3094896972179413
        },
        "matrix": [
          [
            0.7936181426048279,
            0.36729729175567627,
            -0.48503896594047546,
            0.542953372001648
          ],
          [
            -0.06416231393814087,
            -0.7422453761100769,
            -0.6670498251914978,
            -0.09964986145496368
          ],
          [
            -0.6050277948379517,
            0.5605071783065796,
            -0.5654969215393066,
            1.6266140937805176
          ],
          [
            0.0,
            0.0,
            0.0,
            1.0
          ]
        ]
      },
      "bone_length_armature_space": 0.11717197394834218,
      "parent": "lowerarm_l",
      "has_children": true,
      "is_end_bone": false
    },
    "index_01_l": {
      "name": "index_01_l",
      "local": {
        "location": {
          "x": 0.0,
          "y": 0.0,
          "z": 0.0
        },
        "rotation_quaternion": {
          "w": 0.994255781173706,
          "x": -0.10522016882896423,
          "y": -0.019321652129292488,
          "z": 0.003308836603537202
        },
        "scale": {
          "x": 1.0,
          "y": 1.0,
          "z": 1.0
        },
        "matrix_basis": [
          [
            0.9992314577102661,
            -0.002513604937121272,
            -0.03911764174699783,
            0.0
          ],
          [
            0.010645714588463306,
            0.9778355360031128,
            0.20910365879535675,
            0.0
          ],
          [
            0.037725016474723816,
            -0.20935939252376556,
            0.9771108031272888,
            0.0
          ],
          [
            0.0,
            0.0,
            0.0,
            1.0
          ]
        ],
        "rotation_mode": "QUATERNION"
      },
      "armature_space": {
        "head": {
          "x": 0.5859902501106262,
          "y": -0.24986404180526733,
          "z": 0.7424357533454895
        },
        "tail": {
          "x": 0.6072149872779846,
          "y": -0.262749582529068,
          "z": 0.7564551830291748
        }
      },
      "world_space": {
        "head": {
          "x": 0.5859902501106262,
          "y": -0.18662004172801971,
          "z": 1.6922898292541504
        },
        "tail": {
          "x": 0.6072149872779846,
          "y": -0.19950558245182037,
          "z": 1.706309199333191
        },
        "rotation_quaternion": {
          "w": 0.4351229667663574,
          "x": 0.7855967879295349,
          "y": 0.29106611013412476,
          "z": -0.32982754707336426
        },
        "matrix": [
          [
            0.6129886507987976,
            0.7443525791168213,
            -0.26492273807525635,
            0.5859902501106262
          ],
          [
            0.17029187083244324,
            -0.45189690589904785,
            -0.8756656646728516,
            -0.18662004172801971
          ],
          [
            -0.7715269923210144,
            0.4916617274284363,
            -0.4037681221961975,
            1.6922898292541504
          ],
          [
            0.0,
            0.0,
            0.0,
            1.0
          ]
        ]
      },
      "bone_length_armature_space": 0.02851440046568343,
      "parent": "metacarpal_index_l",
      "has_children": true,
      "is_end_bone": false
    },
    "index_02_l": {
      "name": "index_02_l",
      "local": {
        "location": {
          "x": 0.0,
          "y": 0.0,
          "z": 0.0
        },
        "rotation_quaternion": {
          "w": 0.9995469450950623,
          "x": 0.029669007286429405,
          "y": 0.001605876488611102,
          "z": 0.00482046976685524
        },
        "scale": {
          "x": 1.0,
          "y": 1.0,
          "z": 1.0
        },
        "matrix_basis": [
          [
            0.9999483823776245,
            -0.009541282430291176,
            0.0034963348880410194,
            0.0
          ],
          [
            0.00973186083137989,
            0.9981930255889893,
            -0.0592956505715847,
            0.0
          ],
          [
            -0.0029242606833577156,
            0.05932661518454552,
            0.9982343316078186,
            0.0
          ],
          [
            0.0,
            0.0,
            0.0,
            1.0
          ]
        ],
        "rotation_mode": "QUATERNION"
      },
      "armature_space": {
        "head": {
          "x": 0.6072150468826294,
          "y": -0.2627500891685486,
          "z": 0.7564554214477539
        },
        "tail": {
          "x": 0.6264162659645081,
          "y": -0.27480024099349976,
          "z": 0.7684637308120728
        }
      },
      "world_space": {
        "head": {
          "x": 0.6072150468826294,
          "y": -0.19950608909130096,
          "z": 1.70630943775177
        },
        "tail": {
          "x": 0.6264162659645081,
          "y": -0.21155624091625214,
          "z": 1.7183177471160889
        },
        "rotation_quaternion": {
          "w": 0.43176013231277466,
          "x": 0.7771666049957275,
          "y": 0.28056633472442627,
          "z": -0.36177030205726624
        },
        "matrix": [
          [
            0.5808095335960388,
            0.7484897375106812,
            -0.3200361132621765,
            0.6072150468826294
          ],
          [
            0.12369925528764725,
            -0.4697314500808716,
            -0.8741003274917603,
            -0.19950608909130096
          ],
          [
            -0.8045915961265564,
            0.4681002199649811,
            -0.36541521549224854,
            1.70630943775177
          ],
          [
            0.0,
            0.0,
            0.0,
            1.0
          ]
        ]
      },
      "bone_length_armature_space": 0.02565331270606673,
      "parent": "index_01_l",
      "has_children": true,
      "is_end_bone": false
    },
    "index_03_l": {
      "name": "index_03_l",
      "local": {
        "location": {
          "x": 0.0,
          "y": 0.0,
          "z": 0.0
        },
        "rotation_quaternion": {
          "w": 0.9993925094604492,
          "x": 0.03416302800178528,
          "y": 0.0065493714064359665,
          "z": -0.0021656553726643324
        },
        "scale": {
          "x": 1.0,
          "y": 1.0,
          "z": 1.0
        },
        "matrix_basis": [
          [
            0.9999048113822937,
            0.004776172339916229,
            0.012942815199494362,
            0.0
          ],
          [
            -0.0038811867125332355,
            0.9976564049720764,
            -0.06831291317939758,
            0.0
          ],
          [
            -0.013238755986094475,
            0.0682561844587326,
            0.9975799918174744,
            0.0
          ],
          [
            0.0,
            0.0,
            0.0,
            1.0
          ]
        ],
        "rotation_mode": "QUATERNION"
      },
      "armature_space": {
        "head": {
          "x": 0.6264162659645081,
          "y": -0.2748001217842102,
          "z": 0.7684637904167175
        },
        "tail": {
          "x": 0.6481525897979736,
          "y": -0.2918943166732788,
          "z": 0.7779006361961365
        }
      },
      "world_space": {
        "head": {
          "x": 0.6264162659645081,
          "y": -0.21155612170696259,
          "z": 1.7183177471160889
        },
        "tail": {
          "x": 0.6481525897979736,
          "y": -0.2286503165960312,
          "z": 1.7277545928955078
        },
        "rotation_quaternion": {
          "w": 0.3389899432659149,
          "x": 0.8092803359031677,
          "y": 0.30424368381500244,
          "z": -0.3709271252155304
        },
        "matrix": [
          [
            0.5396976470947266,
            0.743918240070343,
            -0.39409613609313965,
            0.6264162659645081
          ],
          [
            0.2409568428993225,
            -0.5850428342819214,
            -0.7743805646896362,
            -0.21155612170696259
          ],
          [
            -0.8066442608833313,
            0.32297277450561523,
            -0.49500223994255066,
            1.7183177471160889
          ],
          [
            0.0,
            0.0,
            0.0,
            1.0
          ]
        ]
      },
      "bone_length_armature_space": 0.02921871560319907,
      "parent": "index_02_l",
      "has_children": false,
      "is_end_bone": true
    },
    "metacarpal_pinky_l": {
      "name": "metacarpal_pinky_l",
      "local": {
        "location": {
          "x": 0.0,
          "y": 0.0,
          "z": 0.0
        },
        "rotation_quaternion": {
          "w": 0.9993508458137512,
          "x": -0.033146679401397705,
          "y": -0.010605169460177422,
          "z": 0.009318022057414055
        },
        "scale": {
          "x": 1.0,
          "y": 1.0,
          "z": 1.0
        },
        "matrix_basis": [
          [
            0.999601423740387,
            -0.01792089454829693,
            -0.021814292296767235,
            0.0
          ],
          [
            0.01932699792087078,
            0.997628927230835,
            0.06605268269777298,
            0.0
          ],
          [
            0.020578846335411072,
            -0.06644796580076218,
            0.9975776672363281,
            0.0
          ],
          [
            0.0,
            0.0,
            0.0,
            1.0
          ]
        ],
        "rotation_mode": "QUATERNION"
      },
      "armature_space": {
        "head": {
          "x": 0.542953372001648,
          "y": -0.1628938615322113,
          "z": 0.6767601370811462
        },
        "tail": {
          "x": 0.6293442249298096,
          "y": -0.2108462005853653,
          "z": 0.7096298336982727
        }
      },
      "world_space": {
        "head": {
          "x": 0.542953372001648,
          "y": -0.09964986145496368,
          "z": 1.6266140937805176
        },
        "tail": {
          "x": 0.6293442249298096,
          "y": -0.14760220050811768,
          "z": 1.6594839096069336
        },
        "rotation_quaternion": {
          "w": 0.47745954990386963,
          "x": -0.034976739436388016,
          "y": -0.20440536737442017,
          "z": -0.8538311719894409
        },
        "matrix": [
          [
            -0.5416178107261658,
            0.8296382427215576,
            -0.13546335697174072,
            0.542953372001648
          ],
          [
            -0.801041305065155,
            -0.46050122380256653,
            0.3824550211429596,
            -0.09964986145496368
          ],
          [
            0.25491955876350403,
            0.3156578540802002,
            0.9139966368675232,
            1.6266140937805176
          ],
          [
            0.0,
            0.0,
            0.0,
            1.0
          ]
        ]
      },
      "bone_length_armature_space": 0.10413079792859102,
      "parent": "lowerarm_l",
      "has_children": true,
      "is_end_bone": false
    },
    "pinky_01_l": {
      "name": "pinky_01_l",
      "local": {
        "location": {
          "x": 0.0,
          "y": 0.0,
          "z": 0.0
        },
        "rotation_quaternion": {
          "w": 0.9970945119857788,
          "x": -0.07568981498479843,
          "y": 0.008555649779736996,
          "z": -0.0007315667462535203
        },
        "scale": {
          "x": 1.0,
          "y": 1.0,
          "z": 1.0
        },
        "matrix_basis": [
          [
            0.9998525381088257,
            0.00016373128164559603,
            0.017172327265143394,
            0.0
          ],
          [
            -0.0027540335431694984,
            0.9885410070419312,
            0.15092727541923523,
            0.0
          ],
          [
            -0.016950838267803192,
            -0.1509523093700409,
            0.9883956909179688,
            0.0
          ],
          [
            0.0,
            0.0,
            0.0,
            1.0
          ]
        ],
        "rotation_mode": "QUATERNION"
      },
      "armature_space": {
        "head": {
          "x": 0.6293442249298096,
          "y": -0.2108462005853653,
          "z": 0.7096298336982727
        },
        "tail": {
