{
  "metadata": {
    "armature_name": "KIM_caucasian_male",
    "export_time": "2026-01-13T21:13:16.357630",
    "blender_version": "4.4.1",
    "bone_count": 56,
    "end_bone_count": 13,
    "spaces_included": [
      "LOCAL_CHANNELS",
      "ARMATURE_SPACE",
      "WORLD_SPACE"
    ],
    "note": "LOCAL matches Transform panel; replay pose via local.matrix_basis for best fidelity."
  },
  "bones": {
    "Root": {
      "name": "Root",
      "local": {
        "location": {
          "x": 0.0,
          "y": 0.0,
          "z": 0.0
        },
        "rotation_quaternion": {
          "w": 0.9994295835494995,
          "x": -0.010442370548844337,
          "y": 0.010556863620877266,
          "z": -0.03033475950360298
        },
        "scale": {
          "x": 1.0,
          "y": 1.0,
          "z": 1.0
        },
        "matrix_basis": [
          [
            0.9979367256164551,
            0.06041443347930908,
            0.021735217422246933,
            0.0
          ],
          [
            -0.06085538864135742,
            0.9979414939880371,
            0.020232347771525383,
            0.0
          ],
          [
            -0.020468149334192276,
            -0.021513307467103004,
            0.9995590448379517,
            0.0
          ],
          [
            0.0,
            0.0,
            0.0,
            1.0
          ]
        ],
        "rotation_mode": "QUATERNION"
      },
      "armature_space": {
        "head": {
          "x": 0.0,
          "y": 0.07072800397872925,
          "z": -0.009595036506652832
        },
        "tail": {
          "x": 0.0043121324852108955,
          "y": 0.0003520175814628601,
          "z": 0.0015018517151474953
        }
      },
      "world_space": {
        "head": {
          "x": 0.0,
          "y": 0.13397200405597687,
          "z": 0.9402589797973633
        },
        "tail": {
          "x": 0.0043121324852108955,
          "y": 0.06359601765871048,
          "z": 0.9513558745384216
        },
        "rotation_quaternion": {
          "w": 0.0777478739619255,
          "x": 0.9964555501937866,
          "y": 0.0309770405292511,
          "z": 0.008489290252327919
        },
        "matrix": [
          [
            0.9979367256164551,
            0.06041443347930908,
            0.021735217422246933,
            0.0
          ],
          [
            0.06305453926324844,
            -0.9859912991523743,
            -0.15441912412643433,
            0.13397200405597687
          ],
          [
            0.012101735919713974,
            0.15547114610671997,
            -0.9877734184265137,
            0.9402589797973633
          ],
          [
            0.0,
            0.0,
            0.0,
            1.0
          ]
        ]
      },
      "bone_length_armature_space": 0.07137587069732006,
      "parent": null,
      "has_children": true,
      "is_end_bone": false
    },
    "spine_01": {
      "name": "spine_01",
      "local": {
        "location": {
          "x": 0.0,
          "y": 0.0,
          "z": 0.0
        },
        "rotation_quaternion": {
          "w": 0.9971933364868164,
          "x": 0.03340626880526543,
          "y": 0.056264668703079224,
          "z": -0.036383192986249924
        },
        "scale": {
          "x": 1.0,
          "y": 1.0,
          "z": 1.0
        },
        "matrix_basis": [
          [
            0.9910210967063904,
            0.07632134109735489,
            0.10978265106678009,
            0.0
          ],
          [
            -0.06880296766757965,
            0.9951205849647522,
            -0.07071919739246368,
            0.0
          ],
          [
            -0.114644356071949,
            0.06253083795309067,
            0.9914366006851196,
            0.0
          ],
          [
            0.0,
            0.0,
            0.0,
            1.0
          ]
        ],
        "rotation_mode": "QUATERNION"
      },
      "armature_space": {
        "head": {
          "x": 0.0043121324852108955,
          "y": 0.0003520175814628601,
          "z": 0.0015018517151474953
        },
        "tail": {
          "x": 0.03544167801737785,
          "y": 0.004892238415777683,
          "z": 0.4884915053844452
        }
      },
      "world_space": {
        "head": {
          "x": 0.0043121324852108955,
          "y": 0.06359601765871048,
          "z": 0.9513558745384216
        },
        "tail": {
          "x": 0.03544167801737785,
          "y": 0.06813623756170273,
          "z": 1.4383455514907837
        },
        "rotation_quaternion": {
          "w": 0.7054176926612854,
          "x": 0.7027637362480164,
          "y": 0.08389011025428772,
          "z": 0.038360267877578735
        },
        "matrix": [
          [
            0.98298180103302,
            0.06378988921642303,
            0.1722719520330429,
            0.0043121324852108955
          ],
          [
            0.1720302551984787,
            0.009303707629442215,
            -0.9850476980209351,
            0.06359601765871048
          ],
          [
            -0.06443914771080017,
            0.9979270696640015,
            -0.0018293783068656921,
            0.9513558745384216
          ],
          [
            0.0,
            0.0,
            0.0,
            1.0
          ]
        ]
      },
      "bone_length_armature_space": 0.4880046840885479,
      "parent": "Root",
      "has_children": true,
      "is_end_bone": false
    },
    "neck_01": {
      "name": "neck_01",
      "local": {
        "location": {
          "x": 0.0,
          "y": 0.0,
          "z": 0.0
        },
        "rotation_quaternion": {
          "w": 0.9994280338287354,
          "x": 0.007661417126655579,
          "y": 0.01355202030390501,
          "z": 0.030021587386727333
        },
        "scale": {
          "x": 1.0,
          "y": 1.0,
          "z": 1.0
        },
        "matrix_basis": [
          [
            0.9978300929069519,
            -0.05980117619037628,
            0.02754855342209339,
            0.0
          ],
          [
            0.06021648645401001,
            0.9980800151824951,
            -0.014500363729894161,
            0.0
          ],
          [
            -0.02662852220237255,
            0.016127776354551315,
            0.9995152950286865,
            0.0
          ],
          [
            0.0,
            0.0,
            0.0,
            1.0
          ]
        ],
        "rotation_mode": "QUATERNION"
      },
      "armature_space": {
        "head": {
          "x": 0.046086739748716354,
          "y": -0.028588445857167244,
          "z": 0.5614947080612183
        },
        "tail": {
          "x": 0.053013987839221954,
          "y": -0.06855762749910355,
          "z": 0.6556500196456909
        }
      },
      "world_space": {
        "head": {
          "x": 0.046086739748716354,
          "y": 0.034655556082725525,
          "z": 1.5113487243652344
        },
        "tail": {
          "x": 0.053013987839221954,
          "y": -0.0053136274218559265,
          "z": 1.605504035949707
        },
        "rotation_quaternion": {
          "w": 0.5476056337356567,
          "x": 0.8322500586509705,
          "y": 0.07208883762359619,
          "z": 0.047865819185972214
        },
        "matrix": [
          [
            0.9850240349769592,
            0.0675688236951828,
            0.15862537920475006,
            0.046086739748716354
          ],
          [
            0.17241530120372772,
            -0.389862060546875,
            -0.9045886993408203,
            0.034655556082725525
          ],
          [
            0.0007201805710792542,
            0.918397068977356,
            -0.3956770896911621,
            1.5113487243652344
          ],
          [
            0.0,
            0.0,
            0.0,
            1.0
          ]
        ]
      },
      "bone_length_armature_space": 0.10252192341953414,
      "parent": "spine_01",
      "has_children": true,
      "is_end_bone": false
    },
    "head": {
      "name": "head",
      "local": {
        "location": {
          "x": 0.0,
          "y": 0.0,
          "z": 0.0
        },
        "rotation_quaternion": {
          "w": 0.9647442102432251,
          "x": -0.16027995944023132,
          "y": -0.006882989779114723,
          "z": -0.20864221453666687
        },
        "scale": {
          "x": 1.0,
          "y": 1.0,
          "z": 1.0
        },
        "matrix_basis": [
          [
            0.9128420948982239,
            0.4047791361808777,
            0.05360168218612671,
            0.0
          ],
          [
            -0.40036633610725403,
            0.8615575432777405,
            0.31213048100471497,
            0.0
          ],
          [
            0.08016297966241837,
            -0.30638617277145386,
            0.9485259056091309,
            0.0
          ],
          [
            0.0,
            0.0,
            0.0,
            1.0
          ]
        ],
        "rotation_mode": "QUATERNION"
      },
      "armature_space": {
        "head": {
          "x": 0.05301400646567345,
          "y": -0.0685577392578125,
          "z": 0.6556499004364014
        },
        "tail": {
          "x": 0.10750916600227356,
          "y": -0.01601330190896988,
          "z": 0.7910109162330627
        }
      },
      "world_space": {
        "head": {
          "x": 0.05301400646567345,
          "y": -0.00531373918056488,
          "z": 1.6055039167404175
        },
        "tail": {
          "x": 0.10750916600227356,
          "y": 0.04723069816827774,
          "z": 1.7408649921417236
        },
        "rotation_quaternion": {
          "w": 0.7948216199874878,
          "x": 0.5690876841545105,
          "y": 0.19405615329742432,
          "z": -0.08209851384162903
        },
        "matrix": [
          [
            0.91120445728302,
            0.3513771593570709,
            0.21503590047359467,
            0.05301400646567345
          ],
          [
            0.09036051481962204,
            0.3387991786003113,
            -0.9365096688270569,
            -0.00531373918056488
          ],
          [
            -0.40192484855651855,
            0.8727890253067017,
            0.2769656777381897,
            1.6055039167404175
          ],
          [
            0.0,
            0.0,
            0.0,
            1.0
          ]
        ]
      },
      "bone_length_armature_space": 0.1550910834091943,
      "parent": "neck_01",
      "has_children": false,
      "is_end_bone": true
    },
    "upperarm_l": {
      "name": "upperarm_l",
      "local": {
        "location": {
          "x": 0.0,
          "y": 0.0,
          "z": 0.0
        },
        "rotation_quaternion": {
          "w": 0.8500128388404846,
          "x": -0.20214276015758514,
          "y": 0.476559579372406,
          "z": -0.0975072905421257
        },
        "scale": {
          "x": 1.0,
          "y": 1.0,
          "z": 1.0
        },
        "matrix_basis": [
          [
            0.5267665982246399,
            -0.026901239529252052,
            0.8495842814445496,
            0.0
          ],
          [
            -0.35843104124069214,
            0.8992612361907959,
            0.2507118284702301,
            0.0
          ],
          [
            -0.7707427144050598,
            -0.436583936214447,
            0.4640585482120514,
            0.0
          ],
          [
            0.0,
            0.0,
            0.0,
            1.0
          ]
        ],
        "rotation_mode": "QUATERNION"
      },
      "armature_space": {
        "head": {
          "x": 0.18979622423648834,
          "y": -0.006550632417201996,
          "z": 0.4847545921802521
        },
        "tail": {
          "x": 0.4007330536842346,
          "y": 0.1584022343158722,
          "z": 0.47456490993499756
        }
      },
      "world_space": {
        "head": {
          "x": 0.18979622423648834,
          "y": 0.056693367660045624,
          "z": 1.4346085786819458
        },
        "tail": {
          "x": 0.4007330536842346,
          "y": 0.2216462343931198,
          "z": 1.4244189262390137
        },
        "rotation_quaternion": {
          "w": 0.21041004359722137,
          "x": 0.42079275846481323,
          "y": 0.8737912178039551,
          "z": -0.12308578938245773
        },
        "matrix": [
          [
            -0.5573219060897827,
            0.787167489528656,
            0.2641206979751587,
            0.18979622423648834
          ],
          [
            0.6835731267929077,
            0.6155660152435303,
            -0.3921818137168884,
            0.056693367660045624
          ],
          [
            -0.47129908204078674,
            -0.03802553564310074,
            -0.8811615109443665,
            1.4346085786819458
          ],
          [
            0.0,
            0.0,
            0.0,
            1.0
          ]
        ]
      },
      "bone_length_armature_space": 0.26796945130235844,
      "parent": "spine_01",
      "has_children": true,
      "is_end_bone": false
    },
    "lowerarm_l": {
      "name": "lowerarm_l",
      "local": {
        "location": {
          "x": 0.0,
          "y": 0.0,
          "z": 0.0
        },
        "rotation_quaternion": {
          "w": 0.9635175466537476,
          "x": 0.12725219130516052,
          "y": 0.08465133607387543,
          "z": -0.2197156846523285
        },
        "scale": {
          "x": 1.0,
          "y": 1.0,
          "z": 1.0
        },
        "matrix_basis": [
          [
            0.8891183137893677,
            0.44494396448135376,
            0.10720749199390411,
            0.0
          ],
          [
            -0.4018557071685791,
            0.871063768863678,
            -0.282417893409729,
            0.0
          ],
          [
            -0.21904470026493073,
            0.20802098512649536,
            0.9532820582389832,
            0.0
          ],
          [
            0.0,
            0.0,
            0.0,
            1.0
          ]
        ],
        "rotation_mode": "QUATERNION"
      },
      "armature_space": {
        "head": {
          "x": 0.40073317289352417,
          "y": 0.1584021896123886,
          "z": 0.47456493973731995
        },
        "tail": {
          "x": 0.5560741424560547,
          "y": 0.32539647817611694,
          "z": 0.334737628698349
        }
      },
      "world_space": {
        "head": {
          "x": 0.40073317289352417,
          "y": 0.22164618968963623,
          "z": 1.4244189262390137
        },
        "tail": {
          "x": 0.5560741424560547,
          "y": 0.38864046335220337,
          "z": 1.2845916748046875
        },
        "rotation_quaternion": {
          "w": 0.06888663023710251,
          "x": 0.2990596294403076,
          "y": 0.8985350728034973,
          "z": -0.31377169489860535
        },
        "matrix": [
          [
            -0.8116356134414673,
            0.5806607007980347,
            -0.06388002634048462,
            0.40073317289352417
          ],
          [
            0.4942028522491455,
            0.6242206692695618,
            -0.6050722002983093,
            0.22164618968963623
          ],
          [
            -0.31146806478500366,
            -0.522671103477478,
            -0.7936100959777832,
            1.4244189262390137
          ],
          [
            0.0,
            0.0,
            0.0,
            1.0
          ]
        ]
      },
      "bone_length_armature_space": 0.2675249297455194,
      "parent": "upperarm_l",
      "has_children": true,
      "is_end_bone": false
    },
    "metacarpal_thumb_l": {
      "name": "metacarpal_thumb_l",
      "local": {
        "location": {
          "x": 0.0,
          "y": 0.0,
          "z": 0.0
        },
        "rotation_quaternion": {
          "w": 0.9998262524604797,
          "x": -0.0016083046793937683,
          "y": 0.01690760999917984,
          "z": -0.007683789357542992
        },
        "scale": {
          "x": 1.0,
          "y": 1.0,
          "z": 1.0
        },
        "matrix_basis": [
          [
            0.9993101954460144,
            0.015310523100197315,
            0.033834058791399,
            0.0
          ],
          [
            -0.015419294126331806,
            0.9998767375946045,
            0.0029562213458120823,
            0.0
          ],
          [
            -0.03378462791442871,
            -0.0034758795518428087,
            0.999423086643219,
            0.0
          ],
          [
            0.0,
            0.0,
            0.0,
            1.0
          ]
        ],
        "rotation_mode": "QUATERNION"
      },
      "armature_space": {
        "head": {
          "x": 0.5560741424560547,
          "y": 0.32539647817611694,
          "z": 0.334737628698349
        },
        "tail": {
          "x": 0.5699524879455566,
          "y": 0.33720988035202026,
          "z": 0.28867843747138977
        }
      },
      "world_space": {
        "head": {
          "x": 0.5560741424560547,
          "y": 0.38864046335220337,
          "z": 1.2845916748046875
        },
        "tail": {
          "x": 0.5699524879455566,
          "y": 0.4004538655281067,
          "z": 1.2385324239730835
        },
        "rotation_quaternion": {
          "w": 0.6004825234413147,
          "x": -0.5658950209617615,
          "y": -0.508592963218689,
          "z": 0.2460019886493683
        },
        "matrix": [
          [
            0.3616291880607605,
            0.2801797091960907,
            -0.8892263174057007,
            0.5560741424560547
          ],
          [
            0.8710616230964661,
            0.23849256336688995,
            0.4293869733810425,
            0.38864046335220337
          ],
          [
            0.33238252997398376,
            -0.9298561215400696,
            -0.1578085571527481,
            1.2845916748046875
          ],
          [
            0.0,
            0.0,
            0.0,
            1.0
          ]
        ]
      },
      "bone_length_armature_space": 0.049533967527309666,
      "parent": "lowerarm_l",
      "has_children": true,
      "is_end_bone": false
    },
    "thumb_01_l": {
      "name": "thumb_01_l",
      "local": {
        "location": {
          "x": 0.0,
          "y": 0.0,
          "z": 0.0
        },
        "rotation_quaternion": {
          "w": 0.9774543046951294,
          "x": 0.21102167665958405,
          "y": 0.00045212311670184135,
          "z": 0.007270718924701214
        },
        "scale": {
          "x": 1.0,
          "y": 1.0,
          "z": 1.0
        },
        "matrix_basis": [
          [
            0.999893844127655,
            -0.014022775925695896,
            0.003952417988330126,
            0.0
          ],
          [
            0.014404406771063805,
            0.9108339548110962,
            -0.41252151131629944,
            0.0
          ],
          [
            0.0021846992895007133,
            0.4125346541404724,
            0.9109392762184143,
            0.0
          ],
          [
            0.0,
            0.0,
            0.0,
            1.0
          ]
        ],
        "rotation_mode": "QUATERNION"
      },
      "armature_space": {
        "head": {
          "x": 0.5699524879455566,
          "y": 0.33720988035202026,
          "z": 0.28867843747138977
        },
        "tail": {
          "x": 0.5577850937843323,
          "y": 0.36169373989105225,
          "z": 0.26840218901634216
        }
      },
      "world_space": {
        "head": {
          "x": 0.5699524879455566,
          "y": 0.4004538655281067,
          "z": 1.2385324239730835
        },
        "tail": {
          "x": 0.5577850937843323,
          "y": 0.42493772506713867,
          "z": 1.2182562351226807
        },
        "rotation_quaternion": {
          "w": 0.8724461197853088,
          "x": -0.3675217032432556,
          "y": 0.31382516026496887,
          "z": 0.07265996932983398
        },
        "matrix": [
          [
            0.7924689650535583,
            -0.35745882987976074,
            0.4941820800304413,
            0.5699524879455566
          ],
          [
            -0.10389062017202377,
            0.7192970514297485,
            0.686890721321106,
            0.4004538655281067
          ],
          [
            -0.6010030508041382,
            -0.5956839919090271,
            0.5328882932662964,
            1.2385324239730835
          ],
          [
            0.0,
            0.0,
            0.0,
            1.0
          ]
        ]
      },
      "bone_length_armature_space": 0.03403867088601064,
      "parent": "metacarpal_thumb_l",
      "has_children": true,
      "is_end_bone": false
    },
    "thumb_02_l": {
      "name": "thumb_02_l",
      "local": {
        "location": {
          "x": 0.0,
          "y": 0.0,
          "z": 0.0
        },
        "rotation_quaternion": {
          "w": 0.9437428712844849,
          "x": 0.33054298162460327,
          "y": 0.003505804343149066,
          "z": 0.008856144733726978
        },
        "scale": {
          "x": 1.0,
          "y": 1.0,
          "z": 1.0
        },
        "matrix_basis": [
          [
            0.9998185634613037,
            -0.014398208819329739,
            0.012471828609704971,
            0.0
          ],
          [
            0.019033484160900116,
            0.7813258171081543,
            -0.6238330602645874,
            0.0
          ],
          [
            -0.0007624827558174729,
            0.6239572763442993,
            0.7814580798149109,
            0.0
          ],
          [
            0.0,
            0.0,
            0.0,
            1.0
          ]
        ],
        "rotation_mode": "QUATERNION"
      },
      "armature_space": {
        "head": {
          "x": 0.5577850937843323,
          "y": 0.36169368028640747,
          "z": 0.26840218901634216
        },
        "tail": {
          "x": 0.5955147743225098,
          "y": 0.37490737438201904,
          "z": 0.2722816467285156
        }
      },
      "world_space": {
        "head": {
          "x": 0.5577850937843323,
          "y": 0.4249376654624939,
          "z": 1.2182562351226807
        },
        "tail": {
          "x": 0.5955147743225098,
          "y": 0.43815135955810547,
          "z": 1.2221356630325317
        },
        "rotation_quaternion": {
          "w": 0.7541335225105286,
          "x": 0.2735612690448761,
          "y": 0.3094816505908966,
          "z": -0.5105565190315247
        },
        "matrix": [
          [
            0.2871054708957672,
            0.9393805265426636,
            0.18744200468063354,
            0.5577850937843323
          ],
          [
            -0.6007323861122131,
            0.32899048924446106,
            -0.7286192774772644,
            0.4249376654624939
          ],
          [
            -0.7461232542991638,
            0.0965890884399414,
            0.6587752103805542,
            1.2182562351226807
          ],
          [
            0.0,
            0.0,
            0.0,
            1.0
          ]
        ]
      },
      "bone_length_armature_space": 0.0401644204108112,
      "parent": "thumb_01_l",
      "has_children": true,
      "is_end_bone": false
    },
    "thumb_03_l": {
      "name": "thumb_03_l",
      "local": {
        "location": {
          "x": 0.0,
          "y": 0.0,
          "z": 0.0
        },
        "rotation_quaternion": {
          "w": 0.9765958786010742,
          "x": 0.21507598459720612,
          "y": 0.0005689252866432071,
          "z": -0.0016357433050870895
        },
        "scale": {
          "x": 1.0,
          "y": 1.0,
          "z": 1.0
        },
        "matrix_basis": [
          [
            0.9999939799308777,
            0.0034396445844322443,
            0.0004076019686181098,
            0.0
          ],
          [
            -0.002950195921584964,
            0.9074792861938477,
            -0.42008650302886963,
            0.0
          ],
          [
            -0.0018148383824154735,
            0.42008277773857117,
            0.9074839949607849,
            0.0
          ],
          [
            0.0,
            0.0,
            0.0,
            1.0
          ]
        ],
        "rotation_mode": "QUATERNION"
      },
      "armature_space": {
        "head": {
          "x": 0.595514714717865,
          "y": 0.37490740418434143,
          "z": 0.27228155732154846
        },
        "tail": {
          "x": 0.6215912699699402,
          "y": 0.3685553967952728,
          "z": 0.28665369749069214
        }
      },
      "world_space": {
        "head": {
          "x": 0.595514714717865,
          "y": 0.43815141916275024,
          "z": 1.2221355438232422
        },
        "tail": {
          "x": 0.6215912699699402,
          "y": 0.43179941177368164,
          "z": 1.2365076541900635
        },
        "rotation_quaternion": {
          "w": 0.5740919709205627,
          "x": 0.6207257509231567,
          "y": 0.2570956349372864,
          "z": -0.46799561381340027
        },
        "matrix": [
          [
            0.4297630488872528,
            0.8565170168876648,
            -0.28580111265182495,
            0.595514714717865
          ],
          [
            -0.21817688643932343,
            -0.20863938331604004,
            -0.9533461332321167,
            0.43815141916275024
          ],
          [
            -0.8761928081512451,
            0.47207117080688477,
            0.09720651805400848,
            1.2221355438232422
          ],
          [
            0.0,
            0.0,
            0.0,
            1.0
          ]
        ]
      },
      "bone_length_armature_space": 0.030444919696543952,
      "parent": "thumb_02_l",
      "has_children": false,
      "is_end_bone": true
    },
    "metacarpal_index_l": {
      "name": "metacarpal_index_l",
      "local": {
        "location": {
          "x": 0.0,
          "y": 0.0,
          "z": 0.0
        },
        "rotation_quaternion": {
          "w": 0.9985690116882324,
          "x": -0.05275322124361992,
          "y": 0.00240862974897027,
          "z": -0.008452107198536396
        },
        "scale": {
          "x": 1.0,
          "y": 1.0,
          "z": 1.0
        },
        "matrix_basis": [
          [
            0.9998455047607422,
            0.016625897958874702,
            0.005702117923647165,
            0.0
          ],
          [
            -0.017134150490164757,
            0.9942913055419922,
            0.10531474649906158,
            0.0
          ],
          [
            -0.003918614238500595,
            -0.10539618134498596,
            0.9944226145744324,
            0.0
          ],
          [
            0.0,
            0.0,
            0.0,
            1.0
          ]
        ],
        "rotation_mode": "QUATERNION"
      },
      "armature_space": {
        "head": {
          "x": 0.5560741424560547,
          "y": 0.32539647817611694,
          "z": 0.334737628698349
        },
        "tail": {
          "x": 0.6228933334350586,
          "y": 0.3785013258457184,
          "z": 0.25446078181266785
        }
      },
      "world_space": {
        "head": {
          "x": 0.5560741424560547,
          "y": 0.38864046335220337,
          "z": 1.2845916748046875
        },
        "tail": {
          "x": 0.6228933334350586,
          "y": 0.4417453408241272,
          "z": 1.2043148279190063
        },
        "rotation_quaternion": {
          "w": 0.3558964431285858,
          "x": -0.47173598408699036,
          "y": -0.7745640873908997,
          "z": 0.22550691664218903
        },
        "matrix": [
          [
            -0.3016042113304138,
            0.5702669620513916,
            -0.764087975025177,
            0.5560741424560547
          ],
          [
            0.8912944197654724,
            0.4532224237918854,
            -0.013558860868215561,
            0.38864046335220337
          ],
          [
            0.33857282996177673,
            -0.6851212382316589,
            -0.6449741125106812,
            1.2845916748046875
          ],
          [
            0.0,
            0.0,
            0.0,
            1.0
          ]
        ]
      },
      "bone_length_armature_space": 0.11717210112169776,
      "parent": "lowerarm_l",
      "has_children": true,
      "is_end_bone": false
    },
    "index_01_l": {
      "name": "index_01_l",
      "local": {
        "location": {
          "x": 0.0,
          "y": 0.0,
          "z": 0.0
        },
        "rotation_quaternion": {
          "w": 0.969044029712677,
          "x": 0.2464655339717865,
          "y": -0.0140908258035779,
          "z": 0.0031269434839487076
        },
        "scale": {
          "x": 1.0,
          "y": 1.0,
          "z": 1.0
        },
        "matrix_basis": [
          [
            0.99958336353302,
            -0.013006097637116909,
            -0.025767894461750984,
            0.0
          ],
          [
            -0.0008855139603838325,
            0.8784899115562439,
            -0.4777600169181824,
            0.0
          ],
          [
            0.028850628063082695,
            0.47758379578590393,
            0.8781123757362366,
            0.0
          ],
          [
            0.0,
            0.0,
            0.0,
            1.0
          ]
        ],
        "rotation_mode": "QUATERNION"
      },
      "armature_space": {
        "head": {
          "x": 0.6228933334350586,
          "y": 0.3785013258457184,
          "z": 0.25446078181266785
        },
        "tail": {
          "x": 0.6266928911209106,
          "y": 0.3977755904197693,
          "z": 0.23379339277744293
        }
      },
      "world_space": {
        "head": {
          "x": 0.6228933334350586,
          "y": 0.4417453408241272,
          "z": 1.2043148279190063
        },
        "tail": {
          "x": 0.6266928911209106,
          "y": 0.4610195755958557,
          "z": 1.1836473941802979
        },
        "rotation_quaternion": {
          "w": 0.4352276027202606,
          "x": -0.2522525489330292,
          "y": -0.8053268790245056,
          "z": 0.31367847323417664
        },
        "matrix": [
          [
            -0.4938916265964508,
            0.13325050473213196,
            -0.8592526912689209,
            0.6228933334350586
          ],
          [
            0.6793351173400879,
            0.6759488582611084,
            -0.28565189242362976,
            0.4417453408241272
          ],
          [
            0.542752206325531,
            -0.7248063087463379,
            -0.4243704080581665,
            1.2043148279190063
          ],
          [
            0.0,
            0.0,
            0.0,
            1.0
          ]
        ]
      },
      "bone_length_armature_space": 0.028514467893702076,
      "parent": "metacarpal_index_l",
      "has_children": true,
      "is_end_bone": false
    },
    "index_02_l": {
      "name": "index_02_l",
      "local": {
        "location": {
          "x": 0.0,
          "y": 0.0,
          "z": 0.0
        },
        "rotation_quaternion": {
          "w": 0.9242657423019409,
          "x": 0.38174641132354736,
          "y": 0.0009079499868676066,
          "z": -0.0013715130044147372
        },
        "scale": {
          "x": 1.0,
          "y": 1.0,
          "z": 1.0
        },
        "matrix_basis": [
          [
            0.9999945759773254,
            0.0032284981571137905,
            0.0006312337936833501,
            0.0
          ],
          [
            -0.001842071651481092,
            0.7085356116294861,
            -0.7056727409362793,
            0.0
          ],
          [
            -0.0027255145832896233,
            0.7056677937507629,
            0.7085376977920532,
            0.0
          ],
          [
            0.0,
            0.0,
            0.0,
            1.0
          ]
        ],
        "rotation_mode": "QUATERNION"
      },
      "armature_space": {
        "head": {
          "x": 0.6266927719116211,
          "y": 0.3977755904197693,
          "z": 0.23379282653331757
        },
        "tail": {
          "x": 0.6144833564758301,
          "y": 0.4051573872566223,
          "z": 0.21247297525405884
        }
      },
      "world_space": {
        "head": {
          "x": 0.6266927719116211,
          "y": 0.4610195755958557,
          "z": 1.18364679813385
        },
        "tail": {
          "x": 0.6144833564758301,
          "y": 0.46840137243270874,
          "z": 1.1623270511627197
        },
        "rotation_quaternion": {
          "w": 0.4695921838283539,
          "x": -0.06258128583431244,
          "y": -0.6506606936454773,
          "z": 0.5934706926345825
        },
        "matrix": [
          [
            -0.5511306524276733,
            -0.4759398400783539,
            -0.6853731274604797,
            0.6266927719116211
          ],
          [
            0.6388198137283325,
            0.28775274753570557,
            -0.7135177850723267,
            0.4610195755958557
          ],
          [
            0.5368139147758484,
            -0.8310771584510803,
            0.14545094966888428,
            1.18364679813385
          ],
          [
            0.0,
            0.0,
            0.0,
            1.0
          ]
        ]
      },
      "bone_length_armature_space": 0.02565339743932408,
      "parent": "index_01_l",
      "has_children": true,
      "is_end_bone": false
    },
    "index_03_l": {
      "name": "index_03_l",
      "local": {
        "location": {
          "x": 0.0,
          "y": 0.0,
          "z": 0.0
        },
        "rotation_quaternion": {
          "w": 0.9616580009460449,
          "x": 0.2742162346839905,
          "y": -0.003642792347818613,
          "z": -0.0024677212350070477
        },
        "scale": {
          "x": 1.0,
          "y": 1.0,
          "z": 1.0
        },
        "matrix_basis": [
          [
            0.999961256980896,
            0.002748382044956088,
            -0.008359619416296482,
            0.0
          ],
          [
            -0.006744033191353083,
            0.8495987057685852,
            -0.527386486530304,
            0.0
          ],
          [
            0.005652862135320902,
            0.5274224281311035,
            0.8495844006538391,
            0.0
          ],
          [
            0.0,
            0.0,
            0.0,
            1.0
          ]
        ],
        "rotation_mode": "QUATERNION"
      },
      "armature_space": {
        "head": {
          "x": 0.6144834756851196,
          "y": 0.4051574468612671,
          "z": 0.21247296035289764
        },
        "tail": {
          "x": 0.5896182060241699,
          "y": 0.4014962613582611,
          "z": 0.19757162034511566
        }
      },
      "world_space": {
        "head": {
          "x": 0.6144834756851196,
          "y": 0.4684014320373535,
          "z": 1.1623269319534302
        },
        "tail": {
          "x": 0.5896182060241699,
          "y": 0.4647402763366699,
          "z": 1.147425651550293
        },
        "rotation_quaternion": {
          "w": 0.508942186832428,
          "x": 0.11411093920469284,
          "y": -0.42228633165359497,
          "z": 0.7413709163665771
        },
        "matrix": [
          [
            -0.4559114873409271,
            -0.851004958152771,
            -0.26064395904541016,
            0.6144834756851196
          ],
          [
            0.6582574248313904,
            -0.12530256807804108,
            -0.7422913312911987,
            0.4684014320373535
          ],
          [
            0.5990390777587891,
            -0.5099937319755554,
            0.6173110008239746,
            1.1623269319534302
          ],
          [
            0.0,
            0.0,
            0.0,
            1.0
          ]
        ]
      },
      "bone_length_armature_space": 0.02921875882318439,
      "parent": "index_02_l",
      "has_children": false,
      "is_end_bone": true
    },
    "metacarpal_pinky_l": {
      "name": "metacarpal_pinky_l",
      "local": {
        "location": {
          "x": 0.0,
          "y": 0.0,
          "z": 0.0
        },
        "rotation_quaternion": {
          "w": 0.9999696016311646,
          "x": 0.002314601559191942,
          "y": 0.004013707861304283,
          "z": 0.00627110106870532
        },
        "scale": {
          "x": 1.0,
          "y": 1.0,
          "z": 1.0
        },
        "matrix_basis": [
          [
            0.9998891353607178,
            -0.01252324040979147,
            0.008056201972067356,
            0.0
          ],
          [
            0.012560401111841202,
            0.9999106526374817,
            -0.004578721709549427,
            0.0
          ],
          [
            -0.007998141460120678,
            0.004679403267800808,
            0.9999570846557617,
            0.0
          ],
          [
            0.0,
            0.0,
            0.0,
            1.0
          ]
        ],
        "rotation_mode": "QUATERNION"
      },
      "armature_space": {
        "head": {
          "x": 0.5560741424560547,
          "y": 0.32539647817611694,
          "z": 0.334737628698349
        },
        "tail": {
          "x": 0.6157841086387634,
          "y": 0.4067614674568176,
          "z": 0.30909234285354614
        }
      },
      "world_space": {
        "head": {
          "x": 0.5560741424560547,
          "y": 0.38864046335220337,
          "z": 1.2845916748046875
        },
        "tail": {
          "x": 0.6157841086387634,
          "y": 0.47000545263290405,
          "z": 1.258946418762207
        },
        "rotation_quaternion": {
          "w": 0.6559609770774841,
          "x": 0.12772615253925323,
          "y": 0.6785296201705933,
          "z": -0.30495718121528625
        },
        "matrix": [
          [
            -0.10680286586284637,
            0.573413074016571,
            0.8122749328613281,
            0.5560741424560547
          ],
          [
            -0.22674836218357086,
            0.7813733816146851,
            -0.5814130902290344,
            0.38864046335220337
          ],
          [
            -0.9680869579315186,
            -0.246279776096344,
            0.046567149460315704,
            1.2845916748046875
          ],
          [
            0.0,
            0.0,
            0.0,
            1.0
          ]
        ]
      },
      "bone_length_armature_space": 0.10413079289771666,
      "parent": "lowerarm_l",
      "has_children": true,
      "is_end_bone": false
    },
    "pinky_01_l": {
      "name": "pinky_01_l",
      "local": {
        "location": {
          "x": 0.0,
          "y": 0.0,
          "z": 0.0
        },
        "rotation_quaternion": {
          "w": 0.9532922506332397,
          "x": 0.3019201457500458,
          "y": 0.008642025291919708,
          "z": 0.0018834476359188557
        },
        "scale": {
          "x": 1.0,
          "y": 1.0,
          "z": 1.0
        },
        "matrix_basis": [
          [
            0.9998435378074646,
            0.001627451041713357,
            0.017614053562283516,
            0.0
          ],
          [
            0.008809355087578297,
            0.8176813721656799,
            -0.575603723526001,
            0.0
          ],
          [
            -0.015339449979364872,
            0.5756688117980957,
            0.8175390958786011,
            0.0
          ],
          [
            0.0,
            0.0,
            0.0,
            1.0
          ]
        ],
        "rotation_mode": "QUATERNION"
      },
      "armature_space": {
        "head": {
          "x": 0.6157841086387634,
          "y": 0.4067614674568176,
          "z": 0.30909234285354614
        },
        "tail": {
          "x": 0.6142011880874634,
          "y": 0.4252018332481384,
