{
  "metadata": {
    "armature_name": "KIM_caucasian_male",
    "export_time": "2026-01-13T21:02:38.527516",
    "blender_version": "4.4.1",
    "bone_count": 56,
    "end_bone_count": 13,
    "spaces_included": [
      "LOCAL_CHANNELS",
      "ARMATURE_SPACE",
      "WORLD_SPACE"
    ],
    "note": "LOCAL matches Transform panel; replay pose via local.matrix_basis for best fidelity."
  },
  "bones": {
    "Root": {
      "name": "Root",
      "local": {
        "location": {
          "x": 0.0,
          "y": 0.0,
          "z": 0.0
        },
        "rotation_quaternion": {
          "w": 0.9995731115341187,
          "x": 0.007019194774329662,
          "y": 0.016880575567483902,
          "z": -0.022789528593420982
        },
        "scale": {
          "x": 1.0,
          "y": 1.0,
          "z": 1.0
        },
        "matrix_basis": [
          [
            0.9983913898468018,
            0.045796576887369156,
            0.033426810055971146,
            0.0
          ],
          [
            -0.04532262310385704,
            0.9988627433776855,
            -0.014801797457039356,
            0.0
          ],
          [
            -0.034066665917634964,
            0.013262996450066566,
            0.999331533908844,
            0.0
          ],
          [
            0.0,
            0.0,
            0.0,
            1.0
          ]
        ],
        "rotation_mode": "QUATERNION"
      },
      "armature_space": {
        "head": {
          "x": 0.0,
          "y": 0.07072800397872925,
          "z": -0.009595036506652832
        },
        "tail": {
          "x": 0.003268770407885313,
          "y": -4.6819448471069336e-05,
          "z": -0.0009489851072430611
        }
      },
      "world_space": {
        "head": {
          "x": 0.0,
          "y": 0.13397200405597687,
          "z": 0.9402589797973633
        },
        "tail": {
          "x": 0.003268770407885313,
          "y": 0.06319718062877655,
          "z": 0.9489050507545471
        },
        "rotation_quaternion": {
          "w": 0.06033565104007721,
          "x": 0.9977751970291138,
          "y": 0.02387496456503868,
          "z": 0.015306944958865643
        },
        "matrix": [
          [
            0.9983913898468018,
            0.045796576887369156,
            0.033426810055971146,
            0.0
          ],
          [
            0.049490805715322495,
            -0.9915791749954224,
            -0.11967238038778305,
            0.13397200405597687
          ],
          [
            0.02766497991979122,
            0.12113410234451294,
            -0.9922575950622559,
            0.9402589797973633
          ],
          [
            0.0,
            0.0,
            0.0,
            1.0
          ]
        ]
      },
      "bone_length_armature_space": 0.07137586913001379,
      "parent": null,
      "has_children": true,
      "is_end_bone": false
    },
    "spine_01": {
      "name": "spine_01",
      "local": {
        "location": {
          "x": 0.0,
          "y": 0.0,
          "z": 0.0
        },
        "rotation_quaternion": {
          "w": 0.9984495639801025,
          "x": 0.0498051680624485,
          "y": -0.013761322945356369,
          "z": 0.020703360438346863
        },
        "scale": {
          "x": 1.0,
          "y": 1.0,
          "z": 1.0
        },
        "matrix_basis": [
          [
            0.9987639784812927,
            -0.04271329194307327,
            -0.02541770599782467,
            0.0
          ],
          [
            0.03997175395488739,
            0.9941816329956055,
            -0.1000257059931755,
            0.0
          ],
          [
            0.029542243108153343,
            0.09888608753681183,
            0.9946601390838623,
            0.0
          ],
          [
            0.0,
            0.0,
            0.0,
            1.0
          ]
        ],
        "rotation_mode": "QUATERNION"
      },
      "armature_space": {
        "head": {
          "x": 0.003268770407885313,
          "y": -4.6819448471069336e-05,
          "z": -0.0009489851072430611
        },
        "tail": {
          "x": -0.02939850464463234,
          "y": -0.0337354801595211,
          "z": 0.48479416966438293
        }
      },
      "world_space": {
        "head": {
          "x": 0.003268770407885313,
          "y": 0.06319718062877655,
          "z": 0.9489050507545471
        },
        "tail": {
          "x": -0.02939850464463234,
          "y": 0.029508519917726517,
          "z": 1.4346481561660767
        },
        "rotation_quaternion": {
          "w": 0.6820835471153259,
          "x": 0.7303924560546875,
          "y": -0.01565031334757805,
          "z": 0.03231218829751015
        },
        "matrix": [
          [
            0.9974219799041748,
            -0.06694097071886063,
            0.025851042941212654,
            0.003268770407885313
          ],
          [
            0.021217025816440582,
            -0.06903396546840668,
            -0.9973887801170349,
            0.06319718062877655
          ],
          [
            0.06855127215385437,
            0.9953728318214417,
            -0.067437082529068,
            0.9489050507545471
          ],
          [
            0.0,
            0.0,
            0.0,
            1.0
          ]
        ]
      },
      "bone_length_armature_space": 0.48800460405191215,
      "parent": "Root",
      "has_children": true,
      "is_end_bone": false
    },
    "neck_01": {
      "name": "neck_01",
      "local": {
        "location": {
          "x": 0.0,
          "y": 0.0,
          "z": 0.0
        },
        "rotation_quaternion": {
          "w": 0.9878700971603394,
          "x": 0.008602507412433624,
          "y": -0.10432196408510208,
          "z": 0.11469808220863342
        },
        "scale": {
          "x": 1.0,
          "y": 1.0,
          "z": 1.0
        },
        "matrix_basis": [
          [
            0.9519225358963013,
            -0.22840847074985504,
            -0.20413970947265625,
            0.0
          ],
          [
            0.22481875121593475,
            0.973540723323822,
            -0.040927376598119736,
            0.0
          ],
          [
            0.20808647572994232,
            -0.006934738717973232,
            0.9780858755111694,
            0.0
          ],
          [
            0.0,
            0.0,
            0.0,
            1.0
          ]
        ],
        "rotation_mode": "QUATERNION"
      },
      "armature_space": {
        "head": {
          "x": -0.033403296023607254,
          "y": -0.07337991893291473,
          "z": 0.5553351044654846
        },
        "tail": {
          "x": -0.06199566274881363,
          "y": -0.11739486455917358,
          "z": 0.643402636051178
        }
      },
      "world_space": {
        "head": {
          "x": -0.033403296023607254,
          "y": -0.010135918855667114,
          "z": 1.5051891803741455
        },
        "tail": {
          "x": -0.06199566274881363,
          "y": -0.054150864481925964,
          "z": 1.5932567119598389
        },
        "rotation_quaternion": {
          "w": 0.5091565251350403,
          "x": 0.8453583717346191,
          "y": -0.16154593229293823,
          "z": 0.00565962353721261
        },
        "matrix": [
          [
            0.9477414488792419,
            -0.2788918614387512,
            -0.15493662655353546,
            -0.033403296023607254
          ],
          [
            -0.2673662304878235,
            -0.4293247163295746,
            -0.8626680374145508,
            -0.010135918855667114
          ],
          [
            0.17407391965389252,
            0.8590165376663208,
            -0.48145925998687744,
            1.5051891803741455
          ],
          [
            0.0,
            0.0,
            0.0,
            1.0
          ]
        ]
      },
      "bone_length_armature_space": 0.1025218460979375,
      "parent": "spine_01",
      "has_children": true,
      "is_end_bone": false
    },
    "head": {
      "name": "head",
      "local": {
        "location": {
          "x": 0.0,
          "y": 0.0,
          "z": 0.0
        },
        "rotation_quaternion": {
          "w": 0.990530252456665,
          "x": -0.10180266946554184,
          "y": 0.05769742280244827,
          "z": -0.07181265205144882
        },
        "scale": {
          "x": 1.0,
          "y": 1.0,
          "z": 1.0
        },
        "matrix_basis": [
          [
            0.9830278754234314,
            0.13051770627498627,
            0.12892352044582367,
            0.0
          ],
          [
            -0.15401270985603333,
            0.96895831823349,
            0.19339044392108917,
            0.0
          ],
          [
            -0.09968064725399017,
            -0.20996405184268951,
            0.9726144671440125,
            0.0
          ],
          [
            0.0,
            0.0,
            0.0,
            1.0
          ]
        ],
        "rotation_mode": "QUATERNION"
      },
      "armature_space": {
        "head": {
          "x": -0.06199566274881363,
          "y": -0.11739496886730194,
          "z": 0.6434025168418884
        },
        "tail": {
          "x": -0.06549832224845886,
          "y": -0.10491188615560532,
          "z": 0.7979509830474854
        }
      },
      "world_space": {
        "head": {
          "x": -0.06199566274881363,
          "y": -0.05415096879005432,
          "z": 1.5932564735412598
        },
        "tail": {
          "x": -0.06549832224845886,
          "y": -0.0416678860783577,
          "z": 1.7478049993515015
        },
        "rotation_quaternion": {
          "w": 0.7320255637168884,
          "x": 0.6765071749687195,
          "y": -0.0662037655711174,
          "z": -0.04575663059949875
        },
        "matrix": [
          [
            0.9870467782020569,
            -0.02258465066552162,
            -0.15883493423461914,
            -0.06199566274881363
          ],
          [
            -0.15656456351280212,
            0.08048918098211288,
            -0.9843829274177551,
            -0.05415096879005432
          ],
          [
            0.035016514360904694,
            0.9965068697929382,
            0.07591022551059723,
            1.5932564735412598
          ],
          [
            0.0,
            0.0,
            0.0,
            1.0
          ]
        ]
      },
      "bone_length_armature_space": 0.15509133990592508,
      "parent": "neck_01",
      "has_children": false,
      "is_end_bone": true
    },
    "upperarm_l": {
      "name": "upperarm_l",
      "local": {
        "location": {
          "x": 0.0,
          "y": 0.0,
          "z": 0.0
        },
        "rotation_quaternion": {
          "w": 0.9458599090576172,
          "x": -0.1193993091583252,
          "y": 0.3016741871833801,
          "z": -0.009251952171325684
        },
        "scale": {
          "x": 1.0,
          "y": 1.0,
          "z": 1.0
        },
        "matrix_basis": [
          [
            0.8178141713142395,
            -0.05453727766871452,
            0.5728923678398132,
            0.0
          ],
          [
            -0.0895414799451828,
            0.971316397190094,
            0.22028788924217224,
            0.0
          ],
          [
            -0.5684736967086792,
            -0.23145219683647156,
            0.7894729971885681,
            0.0
          ],
          [
            0.0,
            0.0,
            0.0,
            1.0
          ]
        ],
        "rotation_mode": "QUATERNION"
      },
      "armature_space": {
        "head": {
          "x": 0.12079140543937683,
          "y": -0.06873854994773865,
          "z": 0.49850594997406006
        },
        "tail": {
          "x": 0.37553271651268005,
          "y": 0.007623538374900818,
          "z": 0.5314199328422546
        }
      },
      "world_space": {
        "head": {
          "x": 0.12079140543937683,
          "y": -0.005494549870491028,
          "z": 1.4483599662780762
        },
        "tail": {
          "x": 0.37553271651268005,
          "y": 0.07086753845214844,
          "z": 1.481273889541626
        },
        "rotation_quaternion": {
          "w": 0.37554168701171875,
          "x": 0.5597824454307556,
          "y": 0.7081332802772522,
          "z": -0.21014122664928436
        },
        "matrix": [
          [
            -0.09122265130281448,
            0.9506357312202454,
            0.29659759998321533,
            0.12079140543937683
          ],
          [
            0.6349672079086304,
            0.2849656641483307,
            -0.7180610299110413,
            -0.005494549870491028
          ],
          [
            -0.7671392560005188,
            0.12282735854387283,
            -0.629622757434845,
            1.4483599662780762
          ],
          [
            0.0,
            0.0,
            0.0,
            1.0
          ]
        ]
      },
      "bone_length_armature_space": 0.26796946223111495,
      "parent": "spine_01",
      "has_children": true,
      "is_end_bone": false
    },
    "lowerarm_l": {
      "name": "lowerarm_l",
      "local": {
        "location": {
          "x": 0.0,
          "y": 0.0,
          "z": 0.0
        },
        "rotation_quaternion": {
          "w": 0.9880444407463074,
          "x": 0.12788741290569305,
          "y": -0.007488791830837727,
          "z": 0.08577224612236023
        },
        "scale": {
          "x": 1.0,
          "y": 1.0,
          "z": 1.0
        },
        "matrix_basis": [
          [
            0.9851740598678589,
            -0.1714090257883072,
            0.007139862980693579,
            0.0
          ],
          [
            0.16757813096046448,
            0.9525758624076843,
            -0.25400155782699585,
            0.0
          ],
          [
            0.03673689812421799,
            0.25143224000930786,
            0.9671774506568909,
            0.0
          ],
          [
            0.0,
            0.0,
            0.0,
            1.0
          ]
        ],
        "rotation_mode": "QUATERNION"
      },
      "armature_space": {
        "head": {
          "x": 0.3755328059196472,
          "y": 0.007623448967933655,
          "z": 0.5314199924468994
        },
        "tail": {
          "x": 0.6382460594177246,
          "y": -0.03347548097372055,
          "z": 0.5607789754867554
        }
      },
      "world_space": {
        "head": {
          "x": 0.3755328059196472,
          "y": 0.07086744904518127,
          "z": 1.4812740087509155
        },
        "tail": {
          "x": 0.6382460594177246,
          "y": 0.02976851910352707,
          "z": 1.5106329917907715
        },
        "rotation_quaternion": {
          "w": 0.34545275568962097,
          "x": 0.6843588352203369,
          "y": 0.5512237548828125,
          "z": -0.3293442726135254
        },
        "matrix": [
          [
            0.17536792159080505,
            0.98201584815979,
            -0.06993335485458374,
            0.3755328059196472
          ],
          [
            0.5269244313240051,
            -0.15362679958343506,
            -0.8359126448631287,
            0.07086744904518127
          ],
          [
            -0.8316283822059631,
            0.10974320769309998,
            -0.5443938374519348,
            1.4812740087509155
          ],
          [
            0.0,
            0.0,
            0.0,
            1.0
          ]
        ]
      },
      "bone_length_armature_space": 0.267524436494707,
      "parent": "upperarm_l",
      "has_children": true,
      "is_end_bone": false
    },
    "metacarpal_thumb_l": {
      "name": "metacarpal_thumb_l",
      "local": {
        "location": {
          "x": 0.0,
          "y": 0.0,
          "z": 0.0
        },
        "rotation_quaternion": {
          "w": 0.9990258812904358,
          "x": -0.04080212116241455,
          "y": -0.0008199349977076054,
          "z": -0.01678728312253952
        },
        "scale": {
          "x": 1.0,
          "y": 1.0,
          "z": 1.0
        },
        "matrix_basis": [
          [
            0.9994350075721741,
            0.03360877186059952,
            -0.00026835905737243593,
            0.0
          ],
          [
            -0.03347495198249817,
            0.996106743812561,
            0.08155228197574615,
            0.0
          ],
          [
            0.0030081861186772585,
            -0.08149722218513489,
            0.9966690540313721,
            0.0
          ],
          [
            0.0,
            0.0,
            0.0,
            1.0
          ]
        ],
        "rotation_mode": "QUATERNION"
      },
      "armature_space": {
        "head": {
          "x": 0.6382460594177246,
          "y": -0.03347548097372055,
          "z": 0.5607789754867554
        },
        "tail": {
          "x": 0.6770879030227661,
          "y": -0.06030121445655823,
          "z": 0.5457697510719299
        }
      },
      "world_space": {
        "head": {
          "x": 0.6382460594177246,
          "y": 0.02976851910352707,
          "z": 1.5106329917907715
        },
        "tail": {
          "x": 0.6770879030227661,
          "y": 0.002942785620689392,
          "z": 1.4956238269805908
        },
        "rotation_quaternion": {
          "w": 0.2449675053358078,
          "x": -0.8655263185501099,
          "y": -0.41134878993034363,
          "z": -0.1471307873725891
        },
        "matrix": [
          [
            0.618289053440094,
            0.7841509580612183,
            0.05315534770488739,
            0.6382460594177246
          ],
          [
            0.6399829983711243,
            -0.5415655970573425,
            0.5450952053070068,
            0.02976851910352707
          ],
          [
            0.45622777938842773,
            -0.3030104637145996,
            -0.8366928100585938,
            1.5106329917907715
          ],
          [
            0.0,
            0.0,
            0.0,
            1.0
          ]
        ]
      },
      "bone_length_armature_space": 0.04953368124129064,
      "parent": "lowerarm_l",
      "has_children": true,
      "is_end_bone": false
    },
    "thumb_01_l": {
      "name": "thumb_01_l",
      "local": {
        "location": {
          "x": 0.0,
          "y": 0.0,
          "z": 0.0
        },
        "rotation_quaternion": {
          "w": 0.9834467768669128,
          "x": 0.180777907371521,
          "y": -0.0109780328348279,
          "z": -0.00560726085677743
        },
        "scale": {
          "x": 1.0,
          "y": 1.0,
          "z": 1.0
        },
        "matrix_basis": [
          [
            0.9996960759162903,
            0.007059713825583458,
            -0.023619959130883217,
            0.0
          ],
          [
            -0.014998056925833225,
            0.9345757961273193,
            -0.35544779896736145,
            0.0
          ],
          [
            0.019565284252166748,
            0.3556940257549286,
            0.9343976378440857,
            0.0
          ],
          [
            0.0,
            0.0,
            0.0,
            1.0
          ]
        ],
        "rotation_mode": "QUATERNION"
      },
      "armature_space": {
        "head": {
          "x": 0.6770879030227661,
          "y": -0.06030121445655823,
          "z": 0.5457697510719299
        },
        "tail": {
          "x": 0.7008398175239563,
          "y": -0.053746771067380905,
          "z": 0.5222853422164917
        }
      },
      "world_space": {
        "head": {
          "x": 0.6770879030227661,
          "y": 0.002942785620689392,
          "z": 1.4956238269805908
        },
        "tail": {
          "x": 0.7008398175239563,
          "y": 0.009497229009866714,
          "z": 1.4721393585205078
        },
        "rotation_quaternion": {
          "w": 0.7714258432388306,
          "x": -0.42616960406303406,
          "y": 0.034390293061733246,
          "z": -0.4712739884853363
        },
        "matrix": [
          [
            0.5534343123435974,
            0.6977935433387756,
            0.45474642515182495,
            0.6770879030227661
          ],
          [
            -0.7564197182655334,
            0.19255928695201874,
            0.6251002550125122,
            0.002942785620689392
          ],
          [
            0.3486270308494568,
            -0.6899359226226807,
            0.6343986988067627,
            1.4956238269805908
          ],
          [
            0.0,
            0.0,
            0.0,
            1.0
          ]
        ]
      },
      "bone_length_armature_space": 0.03403867831401805,
      "parent": "metacarpal_thumb_l",
      "has_children": true,
      "is_end_bone": false
    },
    "thumb_02_l": {
      "name": "thumb_02_l",
      "local": {
        "location": {
          "x": 0.0,
          "y": 0.0,
          "z": 0.0
        },
        "rotation_quaternion": {
          "w": 0.938990592956543,
          "x": 0.3437614440917969,
          "y": 0.01100248470902443,
          "z": 0.0019215161446481943
        },
        "scale": {
          "x": 1.0,
          "y": 1.0,
          "z": 1.0
        },
        "matrix_basis": [
          [
            0.9997504949569702,
            0.003955889027565718,
            0.021983545273542404,
            0.0
          ],
          [
            0.01117303129285574,
            0.7636487483978271,
            -0.6455352306365967,
            0.0
          ],
          [
            -0.019341373816132545,
            0.645619809627533,
            0.7634140253067017,
            0.0
          ],
          [
            0.0,
            0.0,
            0.0,
            1.0
          ]
        ],
        "rotation_mode": "QUATERNION"
      },
      "armature_space": {
        "head": {
          "x": 0.7008397579193115,
          "y": -0.053746774792671204,
          "z": 0.5222852826118469
        },
        "tail": {
          "x": 0.7235954999923706,
          "y": -0.05697663873434067,
          "z": 0.5552237033843994
        }
      },
      "world_space": {
        "head": {
          "x": 0.7008397579193115,
          "y": 0.009497225284576416,
          "z": 1.4721393585205078
        },
        "tail": {
          "x": 0.7235954999923706,
          "y": 0.006267361342906952,
          "z": 1.5050777196884155
        },
        "rotation_quaternion": {
          "w": 0.6158720850944519,
          "x": 0.3744378089904785,
          "y": -0.2837120294570923,
          "z": -0.6324597597122192
        },
        "matrix": [
          [
            0.039007190614938736,
            0.5665645599365234,
            -0.8230933547019958,
            0.7008397579193115
          ],
          [
            -0.9914937615394592,
            -0.08041612058877945,
            -0.1023411974310875,
            0.009497225284576416
          ],
          [
            -0.12417465448379517,
            0.82008957862854,
            0.5586122870445251,
            1.4721393585205078
          ],
          [
            0.0,
            0.0,
            0.0,
            1.0
          ]
        ]
      },
      "bone_length_armature_space": 0.040164603681937715,
      "parent": "thumb_01_l",
      "has_children": true,
      "is_end_bone": false
    },
    "thumb_03_l": {
      "name": "thumb_03_l",
      "local": {
        "location": {
          "x": 0.0,
          "y": 0.0,
          "z": 0.0
        },
        "rotation_quaternion": {
          "w": 0.9867271184921265,
          "x": 0.16219155490398407,
          "y": -0.006929360330104828,
          "z": 0.003941090311855078
        },
        "scale": {
          "x": 1.0,
          "y": 1.0,
          "z": 1.0
        },
        "matrix_basis": [
          [
            0.9998729228973389,
            -0.0100253289565444,
            -0.012396352365612984,
            0.0
          ],
          [
            0.005529793910682201,
            0.9473567605018616,
            -0.32013222575187683,
            0.0
          ],
          [
            0.014953198842704296,
            0.3200230002403259,
            0.9472917914390564,
            0.0
          ],
          [
            0.0,
            0.0,
            0.0,
            1.0
          ]
        ],
        "rotation_mode": "QUATERNION"
      },
      "armature_space": {
        "head": {
          "x": 0.7235954999923706,
          "y": -0.05697668343782425,
          "z": 0.5552235841751099
        },
        "tail": {
          "x": 0.7242106795310974,
          "y": -0.05957682430744171,
          "z": 0.5855512022972107
        }
      },
      "world_space": {
        "head": {
          "x": 0.7235954999923706,
          "y": 0.00626731663942337,
          "z": 1.505077600479126
        },
        "tail": {
          "x": 0.7242106795310974,
          "y": 0.003667175769805908,
          "z": 1.535405158996582
        },
        "rotation_quaternion": {
          "w": 0.5781236886978149,
          "x": 0.6219192743301392,
          "y": -0.35081419348716736,
          "z": -0.3948657810688019
        },
        "matrix": [
          [
            0.44202154874801636,
            0.020205557346343994,
            -0.8967767357826233,
            0.7235954999923706
          ],
          [
            -0.8929184675216675,
            -0.0854048877954483,
            -0.4420441687107086,
            0.00626731663942337
          ],
          [
            -0.08552228659391403,
            0.9961483478546143,
            -0.019709348678588867,
            1.505077600479126
          ],
          [
            0.0,
            0.0,
            0.0,
            1.0
          ]
        ]
      },
      "bone_length_armature_space": 0.030445091134173607,
      "parent": "thumb_02_l",
      "has_children": false,
      "is_end_bone": true
    },
    "metacarpal_index_l": {
      "name": "metacarpal_index_l",
      "local": {
        "location": {
          "x": 0.0,
          "y": 0.0,
          "z": 0.0
        },
        "rotation_quaternion": {
          "w": 0.9996963739395142,
          "x": -0.006030865013599396,
          "y": -0.01524030975997448,
          "z": 0.018400343134999275
        },
        "scale": {
          "x": 1.0,
          "y": 1.0,
          "z": 1.0
        },
        "matrix_basis": [
          [
            0.9988583326339722,
            -0.03660568967461586,
            -0.030693305656313896,
            0.0
          ],
          [
            0.036973338574171066,
            0.9992501139640808,
            0.011497213505208492,
            0.0
          ],
          [
            0.030249424278736115,
            -0.01261892169713974,
            0.9994627237319946,
            0.0
          ],
          [
            0.0,
            0.0,
            0.0,
            1.0
          ]
        ],
        "rotation_mode": "QUATERNION"
      },
      "armature_space": {
        "head": {
          "x": 0.6382460594177246,
          "y": -0.03347548097372055,
          "z": 0.5607789754867554
        },
        "tail": {
          "x": 0.7446877956390381,
          "y": -0.08131511509418488,
          "z": 0.5502555966377258
        }
      },
      "world_space": {
        "head": {
          "x": 0.6382460594177246,
          "y": 0.02976851910352707,
          "z": 1.5106329917907715
        },
        "tail": {
          "x": 0.7446877956390381,
          "y": -0.018071115016937256,
          "z": 1.5001096725463867
        },
        "rotation_quaternion": {
          "w": 0.018654216080904007,
          "x": -0.8374015092849731,
          "y": -0.5436074137687683,
          "z": 0.05387023091316223
        },
        "matrix": [
          [
            0.40317803621292114,
            0.9084251523017883,
            -0.11050324141979218,
            0.6382460594177246
          ],
          [
            0.912445068359375,
            -0.408286452293396,
            -0.027327341958880424,
            0.02976851910352707
          ],
          [
            -0.06994153559207916,
            -0.08981141448020935,
            -0.9935069680213928,
            1.5106329917907715
          ],
          [
            0.0,
            0.0,
            0.0,
            1.0
          ]
        ]
      },
      "bone_length_armature_space": 0.11717173661566588,
      "parent": "lowerarm_l",
      "has_children": true,
      "is_end_bone": false
    },
    "index_01_l": {
      "name": "index_01_l",
      "local": {
        "location": {
          "x": 0.0,
          "y": 0.0,
          "z": 0.0
        },
        "rotation_quaternion": {
          "w": 0.9769594669342041,
          "x": 0.2127642035484314,
          "y": -0.00853517185896635,
          "z": -0.014451568014919758
        },
        "scale": {
          "x": 1.0,
          "y": 1.0,
          "z": 1.0
        },
        "matrix_basis": [
          [
            0.999436616897583,
            0.02460523508489132,
            -0.022826585918664932,
            0.0
          ],
          [
            -0.03186915069818497,
            0.9090451002120972,
            -0.41547730565071106,
            0.0
          ],
          [
            0.010527481324970722,
            0.41597071290016174,
            0.9093170762062073,
            0.0
          ],
          [
            0.0,
            0.0,
            0.0,
            1.0
          ]
        ],
        "rotation_mode": "QUATERNION"
      },
      "armature_space": {
        "head": {
          "x": 0.7446877956390381,
          "y": -0.08131511509418488,
          "z": 0.5502555966377258
        },
        "tail": {
          "x": 0.7708699107170105,
          "y": -0.0825202614068985,
          "z": 0.5390254855155945
        }
      },
      "world_space": {
        "head": {
          "x": 0.7446877956390381,
          "y": -0.018071115016937256,
          "z": 1.5001096725463867
        },
        "tail": {
          "x": 0.7708699107170105,
          "y": -0.01927626132965088,
          "z": 1.4888794422149658
        },
        "rotation_quaternion": {
          "w": 0.13245810568332672,
          "x": -0.705644428730011,
          "y": -0.6792072653770447,
          "z": 0.15231004357337952
        },
        "matrix": [
          [
            0.03095678612589836,
            0.9182080626487732,
            -0.3948866128921509,
            0.7446877956390381
          ],
          [
            0.9989072680473328,
            -0.042264424264431,
            -0.019966470077633858,
            -0.018071115016937256
          ],
          [
            -0.035022392868995667,
            -0.39383983612060547,
            -0.9185193181037903,
            1.5001096725463867
          ],
          [
            0.0,
            0.0,
            0.0,
            1.0
          ]
        ]
      },
      "bone_length_armature_space": 0.02851439807547845,
      "parent": "metacarpal_index_l",
      "has_children": true,
      "is_end_bone": false
    },
    "index_02_l": {
      "name": "index_02_l",
      "local": {
        "location": {
          "x": 0.0,
          "y": 0.0,
          "z": 0.0
        },
        "rotation_quaternion": {
          "w": 0.9275580644607544,
          "x": 0.37363243103027344,
          "y": -0.005037800408899784,
          "z": -0.003091679187491536
        },
        "scale": {
          "x": 1.0,
          "y": 1.0,
          "z": 1.0
        },
        "matrix_basis": [
          [
            0.9999301433563232,
            0.0019708527252078056,
            -0.01165600772947073,
            0.0
          ],
          [
            -0.009499995037913322,
            0.7207785248756409,
            -0.6931003928184509,
            0.0
          ],
          [
            0.007035401649773121,
            0.6931626796722412,
            0.7207468748092651,
            0.0
          ],
          [
            0.0,
            0.0,
            0.0,
            1.0
          ]
        ],
        "rotation_mode": "QUATERNION"
      },
      "armature_space": {
        "head": {
          "x": 0.7708701491355896,
          "y": -0.08252052217721939,
          "z": 0.539025068283081
        },
        "tail": {
          "x": 0.7816570997238159,
          "y": -0.08419731259346008,
          "z": 0.5158102512359619
        }
      },
      "world_space": {
        "head": {
          "x": 0.7708701491355896,
          "y": -0.01927652209997177,
          "z": 1.4888790845870972
        },
        "tail": {
          "x": 0.7816570997238159,
          "y": -0.020953312516212463,
          "z": 1.465664267539978
        },
        "rotation_quaternion": {
          "w": 0.3482678532600403,
          "x": -0.601850152015686,
          "y": -0.5882405638694763,
          "z": 0.4128666818141937
        },
        "matrix": [
          [
            -0.03297482430934906,
            0.4204891622066498,
            -0.9066981077194214,
            0.7708701491355896
          ],
          [
            0.9956419467926025,
            -0.06536372005939484,
            -0.06652244925498962,
            -0.01927652209997177
          ],
          [
            -0.08723683655261993,
            -0.9049465656280518,
            -0.4165041744709015,
            1.4888790845870972
          ],
          [
            0.0,
            0.0,
            0.0,
            1.0
          ]
        ]
      },
      "bone_length_armature_space": 0.025653414235266018,
      "parent": "index_01_l",
      "has_children": true,
      "is_end_bone": false
    },
    "index_03_l": {
      "name": "index_03_l",
      "local": {
        "location": {
          "x": 0.0,
          "y": 0.0,
          "z": 0.0
        },
        "rotation_quaternion": {
          "w": 0.9675177931785583,
          "x": 0.2526174485683441,
          "y": 0.008874621242284775,
          "z": -0.0038733594119548798
        },
        "scale": {
          "x": 1.0,
          "y": 1.0,
          "z": 1.0
        },
        "matrix_basis": [
          [
            0.9998124837875366,
            0.011978856287896633,
            0.015215751715004444,
            0.0
          ],
          [
            -0.0030113200191408396,
            0.8723388314247131,
            -0.48889249563217163,
            0.0
          ],
          [
            -0.019129663705825806,
            0.4887550175189972,
            0.8722113370895386,
            0.0
          ],
          [
            0.0,
            0.0,
            0.0,
            1.0
          ]
        ],
        "rotation_mode": "QUATERNION"
      },
      "armature_space": {
        "head": {
          "x": 0.7816571593284607,
          "y": -0.08419733494520187,
          "z": 0.5158103108406067
        },
        "tail": {
          "x": 0.7767183184623718,
          "y": -0.08324845880270004,
          "z": 0.48702749609947205
        }
      },
      "world_space": {
        "head": {
          "x": 0.7816571593284607,
          "y": -0.020953334867954254,
          "z": 1.4656643867492676
        },
        "tail": {
          "x": 0.7767183184623718,
          "y": -0.020004458725452423,
          "z": 1.4368815422058105
        },
        "rotation_quaternion": {
          "w": 0.5520187020301819,
          "x": -0.45138272643089294,
          "y": -0.45990607142448425,
          "z": 0.5291647911071777
        },
        "matrix": [
          [
            0.016941050067543983,
            -0.1690310537815094,
            -0.9854650497436523,
            0.7816571593284607
          ],
          [
            0.9994054436683655,
            0.03247504681348801,
            0.011610494926571846,
            -0.020953334867954254
          ],
          [
            0.030041588470339775,
            -0.9850826263427734,
            0.16948199272155762,
            1.4656643867492676
          ],
          [
            0.0,
            0.0,
            0.0,
            1.0
          ]
        ]
      },
      "bone_length_armature_space": 0.029218879935491274,
      "parent": "index_02_l",
      "has_children": false,
      "is_end_bone": true
    },
    "metacarpal_pinky_l": {
      "name": "metacarpal_pinky_l",
      "local": {
        "location": {
          "x": 0.0,
          "y": 0.0,
          "z": 0.0
        },
        "rotation_quaternion": {
          "w": 0.9995089173316956,
          "x": -0.03110739029943943,
          "y": 0.00358271854929626,
          "z": 0.0012515949783846736
        },
        "scale": {
          "x": 1.0,
          "y": 1.0,
          "z": 1.0
        },
        "matrix_basis": [
          [
            0.9999712109565735,
            -0.0027248586993664503,
            0.007084050681442022,
            0.0
          ],
          [
            0.002279062522575259,
            0.9980615377426147,
            0.06219319626688957,
            0.0
          ],
          [
            -0.007239785976707935,
            -0.06217525899410248,
            0.9980390071868896,
            0.0
          ],
          [
            0.0,
            0.0,
            0.0,
            1.0
          ]
        ],
        "rotation_mode": "QUATERNION"
      },
      "armature_space": {
        "head": {
          "x": 0.6382460594177246,
          "y": -0.03347548097372055,
          "z": 0.5607789754867554
        },
        "tail": {
          "x": 0.7383718490600586,
          "y": -0.01707443594932556,
          "z": 0.5842108726501465
        }
      },
      "world_space": {
        "head": {
          "x": 0.6382460594177246,
          "y": 0.02976851910352707,
          "z": 1.5106329917907715
        },
        "tail": {
          "x": 0.7383718490600586,
          "y": 0.04616956412792206,
          "z": 1.5340648889541626
        },
        "rotation_quaternion": {
          "w": 0.7265881896018982,
          "x": 0.3285222053527832,
          "y": 0.22543907165527344,
          "z": -0.559749960899353
        },
        "matrix": [
          [
            0.2717134356498718,
            0.9615389108657837,
            -0.040180057287216187,
            0.6382460594177246
          ],
          [
            -0.6652936935424805,
            0.15750432014465332,
            -0.7297790050506592,
            0.02976851910352707
          ],
          [
            -0.6953876614570618,
            0.22502389550209045,
            0.6825057864189148,
            1.5106329917907715
          ],
          [
            0.0,
            0.0,
            0.0,
            1.0
          ]
        ]
      },
      "bone_length_armature_space": 0.10413079052202591,
      "parent": "lowerarm_l",
      "has_children": true,
      "is_end_bone": false
    },
    "pinky_01_l": {
      "name": "pinky_01_l",
      "local": {
        "location": {
          "x": 0.0,
          "y": 0.0,
          "z": 0.0
        },
        "rotation_quaternion": {
          "w": 0.9434809684753418,
          "x": 0.3313477635383606,
          "y": -0.005519679747521877,
          "z": -0.004681016784161329
        },
        "scale": {
          "x": 1.0,
          "y": 1.0,
          "z": 1.0
        },
        "matrix_basis": [
          [
            0.9998952150344849,
            0.005175033584237099,
            -0.013517514802515507,
            0.0
          ],
          [
            -0.012490767985582352,
            0.7803735136985779,
            -0.625188946723938,
            0.0
          ],
          [
            0.0073133367113769054,
            0.6252923011779785,
            0.7803564071655273,
            0.0
          ],
          [
            0.0,
            0.0,
            0.0,
            1.0
          ]
        ],
        "rotation_mode": "QUATERNION"
      },
      "armature_space": {
        "head": {
          "x": 0.7383718490600586,
          "y": -0.01707443594932556,
          "z": 0.5842108726501465
