{
  "metadata": {
    "armature_name": "KIM_caucasian_male",
    "export_time": "2026-01-13T21:01:11.937098",
    "blender_version": "4.4.1",
    "bone_count": 56,
    "end_bone_count": 13,
    "spaces_included": [
      "LOCAL_CHANNELS",
      "ARMATURE_SPACE",
      "WORLD_SPACE"
    ],
    "note": "LOCAL matches Transform panel; replay pose via local.matrix_basis for best fidelity."
  },
  "bones": {
    "Root": {
      "name": "Root",
      "local": {
        "location": {
          "x": 0.0,
          "y": 0.0,
          "z": 0.0
        },
        "rotation_quaternion": {
          "w": 0.999731183052063,
          "x": -0.017197148874402046,
          "y": 0.010196369141340256,
          "z": -0.011740372516214848
        },
        "scale": {
          "x": 1.0,
          "y": 1.0,
          "z": 1.0
        },
        "matrix_basis": [
          [
            0.9995163679122925,
            0.023123735561966896,
            0.020791057497262955,
            0.0
          ],
          [
            -0.023825129494071007,
            0.9991328716278076,
            0.03414563462138176,
            0.0
          ],
          [
            -0.019983453676104546,
            -0.03462446853518486,
            0.9992005825042725,
            0.0
          ],
          [
            0.0,
            0.0,
            0.0,
            1.0
          ]
        ],
        "rotation_mode": "QUATERNION"
      },
      "armature_space": {
        "head": {
          "x": 0.0,
          "y": 0.07072800397872925,
          "z": -0.009595036506652832
        },
        "tail": {
          "x": 0.0016504767118021846,
          "y": 0.00039355456829071045,
          "z": 0.002440616488456726
        }
      },
      "world_space": {
        "head": {
          "x": 0.0,
          "y": 0.13397200405597687,
          "z": 0.9402589797973633
        },
        "tail": {
          "x": 0.0016504767118021846,
          "y": 0.06363755464553833,
          "z": 0.952294647693634
        },
        "rotation_quaternion": {
          "w": 0.08450762182474136,
          "x": 0.996301531791687,
          "y": 0.012400607578456402,
          "z": 0.009382279589772224
        },
        "matrix": [
          [
            0.9995163679122925,
            0.023123735561966896,
            0.020791057497262955,
            0.0
          ],
          [
            0.026295242831110954,
            -0.9854093790054321,
            -0.1681579351425171,
            0.13397200405597687
          ],
          [
            0.016599401831626892,
            0.16862355172634125,
            -0.9855478405952454,
            0.9402589797973633
          ],
          [
            0.0,
            0.0,
            0.0,
            1.0
          ]
        ]
      },
      "bone_length_armature_space": 0.07137587829333948,
      "parent": null,
      "has_children": true,
      "is_end_bone": false
    },
    "spine_01": {
      "name": "spine_01",
      "local": {
        "location": {
          "x": 0.0,
          "y": 0.0,
          "z": 0.0
        },
        "rotation_quaternion": {
          "w": 0.9993672370910645,
          "x": 0.006256347522139549,
          "y": 0.030685914680361748,
          "z": 0.01685992255806923
        },
        "scale": {
          "x": 1.0,
          "y": 1.0,
          "z": 1.0
        },
        "matrix_basis": [
          [
            0.9975482225418091,
            -0.0333145447075367,
            0.06154396012425423,
            0.0
          ],
          [
            0.03408247232437134,
            0.9993532299995422,
            -0.011470053344964981,
            0.0
          ],
          [
            -0.06112203374505043,
            0.013539501465857029,
            0.9980384707450867,
            0.0
          ],
          [
            0.0,
            0.0,
            0.0,
            1.0
          ]
        ],
        "rotation_mode": "QUATERNION"
      },
      "armature_space": {
        "head": {
          "x": 0.0016504767118021846,
          "y": 0.00039355456829071045,
          "z": 0.002440616488456726
        },
        "tail": {
          "x": -0.02354307658970356,
          "y": 0.03279772773385048,
          "z": 0.4887160658836365
        }
      },
      "world_space": {
        "head": {
          "x": 0.0016504767118021846,
          "y": 0.06363755464553833,
          "z": 0.952294647693634
        },
        "tail": {
          "x": -0.02354307658970356,
          "y": 0.0960417240858078,
          "z": 1.4385700225830078
        },
        "rotation_quaternion": {
          "w": 0.7300710082054138,
          "x": 0.6815066337585449,
          "y": 0.014035031199455261,
          "z": 0.048458267003297806
        },
        "matrix": [
          [
            0.9949095845222473,
            -0.05162600427865982,
            0.08654270321130753,
            0.0016504767118021846
          ],
          [
            0.08988622575998306,
            0.06640182435512543,
            -0.9937361478805542,
            0.06363755464553833
          ],
          [
            0.045556433498859406,
            0.9964635372161865,
            0.07070385664701462,
            0.952294647693634
          ],
          [
            0.0,
            0.0,
            0.0,
            1.0
          ]
        ]
      },
      "bone_length_armature_space": 0.4880046574283078,
      "parent": "Root",
      "has_children": true,
      "is_end_bone": false
    },
    "neck_01": {
      "name": "neck_01",
      "local": {
        "location": {
          "x": 0.0,
          "y": 0.0,
          "z": 0.0
        },
        "rotation_quaternion": {
          "w": 0.9881185293197632,
          "x": 0.050578523427248,
          "y": -0.024034205824136734,
          "z": 0.14312921464443207
        },
        "scale": {
          "x": 1.0,
          "y": 1.0,
          "z": 1.0
        },
        "matrix_basis": [
          [
            0.957872748374939,
            -0.2852884829044342,
            -0.03301876038312912,
            0.0
          ],
          [
            0.280426025390625,
            0.9539116621017456,
            -0.10683514922857285,
            0.0
          ],
          [
            0.06197581812739372,
            0.09307515621185303,
            0.9937283396720886,
            0.0
          ],
          [
            0.0,
            0.0,
            0.0,
            1.0
          ]
        ],
        "rotation_mode": "QUATERNION"
      },
      "armature_space": {
        "head": {
          "x": -0.024321716278791428,
          "y": 0.0031963586807250977,
          "z": 0.5641276240348816
        },
        "tail": {
          "x": -0.05394653230905533,
          "y": -0.03931137174367905,
          "z": 0.6525933742523193
        }
      },
      "world_space": {
        "head": {
          "x": -0.024321716278791428,
          "y": 0.06644035875797272,
          "z": 1.513981580734253
        },
        "tail": {
          "x": -0.05394653230905533,
          "y": 0.023932628333568573,
          "z": 1.6024473905563354
        },
        "rotation_quaternion": {
          "w": 0.5306455492973328,
          "x": 0.8342330455780029,
          "y": -0.10537342727184296,
          "z": 0.10661561042070389
        },
        "matrix": [
          [
            0.9550591111183167,
            -0.2889624536037445,
            0.06605137884616852,
            -0.024321716278791428
          ],
          [
            -0.06266304850578308,
            -0.4146232604980469,
            -0.9078333377838135,
            0.06644035875797272
          ],
          [
            0.28971803188323975,
            0.862900972366333,
            -0.41410067677497864,
            1.513981580734253
          ],
          [
            0.0,
            0.0,
            0.0,
            1.0
          ]
        ]
      },
      "bone_length_armature_space": 0.10252182906517776,
      "parent": "spine_01",
      "has_children": true,
      "is_end_bone": false
    },
    "head": {
      "name": "head",
      "local": {
        "location": {
          "x": 0.0,
          "y": 0.0,
          "z": 0.0
        },
        "rotation_quaternion": {
          "w": 0.9869517087936401,
          "x": 0.033217500895261765,
          "y": 0.1573086529970169,
          "z": 0.008775592781603336
        },
        "scale": {
          "x": 1.0,
          "y": 1.0,
          "z": 1.0
        },
        "matrix_basis": [
          [
            0.9503539800643921,
            -0.006871371995657682,
            0.31109508872032166,
            0.0
          ],
          [
            0.027772972360253334,
            0.9976391792297363,
            -0.06280718743801117,
            0.0
          ],
          [
            -0.3099290728569031,
            0.0683290883898735,
            0.9483011960983276,
            0.0
          ],
          [
            0.0,
            0.0,
            0.0,
            1.0
          ]
        ],
        "rotation_mode": "QUATERNION"
      },
      "armature_space": {
        "head": {
          "x": -0.05394650250673294,
          "y": -0.039311483502388,
          "z": 0.6525932550430298
        },
        "tail": {
          "x": -0.10092220455408096,
          "y": -0.058827515691518784,
          "z": 0.7991049885749817
        }
      },
      "world_space": {
        "head": {
          "x": -0.05394650250673294,
          "y": 0.02393251657485962,
          "z": 1.602447271347046
        },
        "tail": {
          "x": -0.10092220455408096,
          "y": 0.004416484385728836,
          "z": 1.7489590644836426
        },
        "rotation_quaternion": {
          "w": 0.6608134508132935,
          "x": 0.7211137413978577,
          "y": -0.02018471620976925,
          "z": 0.20715519785881042
        },
        "matrix": [
          [
            0.9133592247962952,
            -0.3028927445411682,
            0.2720865309238434,
            -0.05394650250673294
          ],
          [
            0.2446691393852234,
            -0.12583664059638977,
            -0.9614066481590271,
            0.02393251657485962
          ],
          [
            0.32544389367103577,
            0.9446870684623718,
            -0.04082677140831947,
            1.602447271347046
          ],
          [
            0.0,
            0.0,
            0.0,
            1.0
          ]
        ]
      },
      "bone_length_armature_space": 0.15509120266477458,
      "parent": "neck_01",
      "has_children": false,
      "is_end_bone": true
    },
    "upperarm_l": {
      "name": "upperarm_l",
      "local": {
        "location": {
          "x": 0.0,
          "y": 0.0,
          "z": 0.0
        },
        "rotation_quaternion": {
          "w": 0.9031467437744141,
          "x": 0.3303241729736328,
          "y": 0.15277759730815887,
          "z": 0.22775188088417053
        },
        "scale": {
          "x": 1.0,
          "y": 1.0,
          "z": 1.0
        },
        "matrix_basis": [
          [
            0.8495761752128601,
            -0.31045445799827576,
            0.4264250695705414,
            0.0
          ],
          [
            0.512319028377533,
            0.6780300140380859,
            -0.5270716547966003,
            0.0
          ],
          [
            -0.12549728155136108,
            0.6662531495094299,
            0.735089898109436,
            0.0
          ],
          [
            0.0,
            0.0,
            0.0,
            1.0
          ]
        ],
        "rotation_mode": "QUATERNION"
      },
      "armature_space": {
        "head": {
          "x": 0.1286603957414627,
          "y": 0.009047422558069229,
          "z": 0.5042164921760559
        },
        "tail": {
          "x": 0.3291279375553131,
          "y": -0.14102408289909363,
          "z": 0.5996053218841553
        }
      },
      "world_space": {
        "head": {
          "x": 0.1286603957414627,
          "y": 0.07229141891002655,
          "z": 1.4540705680847168
        },
        "tail": {
          "x": 0.3291279375553131,
          "y": -0.07778008282184601,
          "z": 1.5494593381881714
        },
        "rotation_quaternion": {
          "w": 0.37185806035995483,
          "x": 0.7868918180465698,
          "y": 0.28584158420562744,
          "z": -0.4010204076766968
        },
        "matrix": [
          [
            0.5149544477462769,
            0.7480985522270203,
            -0.4185338020324707,
            0.1286603957414627
          ],
          [
            0.1516086459159851,
            -0.5600321888923645,
            -0.8144809603691101,
            0.07229141891002655
          ],
          [
            -0.8437100648880005,
            0.355969101190567,
            -0.40181267261505127,
            1.4540705680847168
          ],
          [
            0.0,
            0.0,
            0.0,
            1.0
          ]
        ]
      },
      "bone_length_armature_space": 0.26796962470976754,
      "parent": "spine_01",
      "has_children": true,
      "is_end_bone": false
    },
    "lowerarm_l": {
      "name": "lowerarm_l",
      "local": {
        "location": {
          "x": 0.0,
          "y": 0.0,
          "z": 0.0
        },
        "rotation_quaternion": {
          "w": 0.9740689396858215,
          "x": 0.1942082792520523,
          "y": -0.08249996602535248,
          "z": 0.08165016025304794
        },
        "scale": {
          "x": 1.0,
          "y": 1.0,
          "z": 1.0
        },
        "matrix_basis": [
          [
            0.9730539917945862,
            -0.19111011922359467,
            -0.12900704145431519,
            0.0
          ],
          [
            0.1270214170217514,
            0.9112327694892883,
            -0.39181676506996155,
            0.0
          ],
          [
            0.19243557751178741,
            0.3648722469806671,
            0.9109538197517395,
            0.0
          ],
          [
            0.0,
            0.0,
            0.0,
            1.0
          ]
        ],
        "rotation_mode": "QUATERNION"
      },
      "armature_space": {
        "head": {
          "x": 0.3291279375553131,
          "y": -0.14102420210838318,
          "z": 0.5996054410934448
        },
        "tail": {
          "x": 0.40801915526390076,
          "y": -0.3753220736980438,
          "z": 0.7018314003944397
        }
      },
      "world_space": {
        "head": {
          "x": 0.3291279375553131,
          "y": -0.07778020203113556,
          "z": 1.549459457397461
        },
        "tail": {
          "x": 0.40801915526390076,
          "y": -0.312078058719635,
          "z": 1.6516854763031006
        },
        "rotation_quaternion": {
          "w": 0.24830421805381775,
          "x": 0.8140444159507751,
          "y": 0.021105336025357246,
          "z": -0.5246249437332153
        },
        "matrix": [
          [
            0.44864699244499207,
            0.29489341378211975,
            -0.843654990196228,
            0.3291279375553131
          ],
          [
            -0.22617170214653015,
            -0.8757997155189514,
            -0.42640548944473267,
            -0.07778020203113556
          ],
          [
            -0.8646231293678284,
            0.3821180760860443,
            -0.32623082399368286,
            1.549459457397461
          ],
          [
            0.0,
            0.0,
            0.0,
            1.0
          ]
        ]
      },
      "bone_length_armature_space": 0.2675247008528867,
      "parent": "upperarm_l",
      "has_children": true,
      "is_end_bone": false
    },
    "metacarpal_thumb_l": {
      "name": "metacarpal_thumb_l",
      "local": {
        "location": {
          "x": 0.0,
          "y": 0.0,
          "z": 0.0
        },
        "rotation_quaternion": {
          "w": 0.9987986087799072,
          "x": -0.04755404591560364,
          "y": 0.008136737160384655,
          "z": -0.008598524145781994
        },
        "scale": {
          "x": 1.0,
          "y": 1.0,
          "z": 1.0
        },
        "matrix_basis": [
          [
            0.9997197389602661,
            0.01640251837670803,
            0.017071712762117386,
            0.0
          ],
          [
            -0.017950257286429405,
            0.9953293800354004,
            0.09485390037298203,
            0.0
          ],
          [
            -0.015436134301126003,
            -0.09513375908136368,
            0.9953448176383972,
            0.0
          ],
          [
            0.0,
            0.0,
            0.0,
            1.0
          ]
        ],
        "rotation_mode": "QUATERNION"
      },
      "armature_space": {
        "head": {
          "x": 0.40801915526390076,
          "y": -0.3753220736980438,
          "z": 0.7018314003944397
        },
        "tail": {
          "x": 0.3977546989917755,
          "y": -0.4237300157546997,
          "z": 0.7040446996688843
        }
      },
      "world_space": {
        "head": {
          "x": 0.40801915526390076,
          "y": -0.312078058719635,
          "z": 1.6516854763031006
        },
        "tail": {
          "x": 0.3977546989917755,
          "y": -0.3604860305786133,
          "z": 1.6538987159729004
        },
        "rotation_quaternion": {
          "w": 0.045325152575969696,
          "x": 0.9688392281532288,
          "y": -0.09648345410823822,
          "z": 0.223578080534935
        },
        "matrix": [
          [
            0.8814075589179993,
            -0.20722173154354095,
            0.42447614669799805,
            0.40801915526390076
          ],
          [
            -0.1666863113641739,
            -0.977273166179657,
            -0.13096943497657776,
            -0.312078058719635
          ],
          [
            0.4419716000556946,
            0.044682443141937256,
            -0.8959232568740845,
            1.6516854763031006
          ],
          [
            0.0,
            0.0,
            0.0,
            1.0
          ]
        ]
      },
      "bone_length_armature_space": 0.0495336921340339,
      "parent": "lowerarm_l",
      "has_children": true,
      "is_end_bone": false
    },
    "thumb_01_l": {
      "name": "thumb_01_l",
      "local": {
        "location": {
          "x": 0.0,
          "y": 0.0,
          "z": 0.0
        },
        "rotation_quaternion": {
          "w": 0.9991323947906494,
          "x": 0.03357161208987236,
          "y": 0.015916122123599052,
          "z": -0.018821556121110916
        },
        "scale": {
          "x": 1.0,
          "y": 1.0,
          "z": 1.0
        },
        "matrix_basis": [
          [
            0.9987848401069641,
            0.03867911174893379,
            0.030540887266397476,
            0.0
          ],
          [
            -0.03654179349541664,
            0.997037410736084,
            -0.0676840990781784,
            0.0
          ],
          [
            -0.03306836634874344,
            0.06648583710193634,
            0.9972392320632935,
            0.0
          ],
          [
            0.0,
            0.0,
            0.0,
            1.0
          ]
        ],
        "rotation_mode": "QUATERNION"
      },
      "armature_space": {
        "head": {
          "x": 0.3977546989917755,
          "y": -0.4237300157546997,
          "z": 0.7040446996688843
        },
        "tail": {
          "x": 0.4016152322292328,
          "y": -0.4496646821498871,
          "z": 0.6823393702507019
        }
      },
      "world_space": {
        "head": {
          "x": 0.3977546989917755,
          "y": -0.3604860305786133,
          "z": 1.6538987159729004
        },
        "tail": {
          "x": 0.4016152322292328,
          "y": -0.38642066717147827,
          "z": 1.6321933269500732
        },
        "rotation_quaternion": {
          "w": 0.2204185575246811,
          "x": -0.4639138877391815,
          "y": 0.26543575525283813,
          "z": -0.8159310817718506
        },
        "matrix": [
          [
            -0.4723995327949524,
            0.11341606080532074,
            0.8740569353103638,
            0.3977546989917755
          ],
          [
            -0.6059713959693909,
            -0.7619196772575378,
            -0.22864247858524323,
            -0.3604860305786133
          ],
          [
            0.6400330662727356,
            -0.6376692652702332,
            0.42865994572639465,
            1.6538987159729004
          ],
          [
            0.0,
            0.0,
            0.0,
            1.0
          ]
        ]
      },
      "bone_length_armature_space": 0.034038683203676715,
      "parent": "metacarpal_thumb_l",
      "has_children": true,
      "is_end_bone": false
    },
    "thumb_02_l": {
      "name": "thumb_02_l",
      "local": {
        "location": {
          "x": 0.0,
          "y": 0.0,
          "z": 0.0
        },
        "rotation_quaternion": {
          "w": 0.990036129951477,
          "x": 0.1402425915002823,
          "y": 0.009779084473848343,
          "z": -0.008056865073740482
        },
        "scale": {
          "x": 1.0,
          "y": 1.0,
          "z": 1.0
        },
        "matrix_basis": [
          [
            0.999678909778595,
            0.01869606412947178,
            0.017103463411331177,
            0.0
          ],
          [
            -0.013210286386311054,
            0.9605342149734497,
            -0.2778480350971222,
            0.0
          ],
          [
            -0.021623125299811363,
            0.2775328755378723,
            0.9604727625846863,
            0.0
          ],
          [
            0.0,
            0.0,
            0.0,
            1.0
          ]
        ],
        "rotation_mode": "QUATERNION"
      },
      "armature_space": {
        "head": {
          "x": 0.4016152024269104,
          "y": -0.4496646523475647,
          "z": 0.6823393106460571
        },
        "tail": {
          "x": 0.413408488035202,
          "y": -0.47981348633766174,
          "z": 0.7061122059822083
        }
      },
      "world_space": {
        "head": {
          "x": 0.4016152024269104,
          "y": -0.38642066717147827,
          "z": 1.6321933269500732
        },
        "tail": {
          "x": 0.413408488035202,
          "y": -0.41656947135925293,
          "z": 1.6559662818908691
        },
        "rotation_quaternion": {
          "w": 0.13367536664009094,
          "x": -0.0675426796078682,
          "y": -0.326822429895401,
          "z": -0.9331430792808533
        },
        "matrix": [
          [
            -0.9551377892494202,
            0.29362547397613525,
            0.038677066564559937,
            0.4016152024269104
          ],
          [
            -0.2053280919790268,
            -0.7506356239318848,
            0.6280021667480469,
            -0.38642066717147827
          ],
          [
            0.21343109011650085,
            0.5918902158737183,
            0.7772559523582458,
            1.6321933269500732
          ],
          [
            0.0,
            0.0,
            0.0,
            1.0
          ]
        ]
      },
      "bone_length_armature_space": 0.040164466548521426,
      "parent": "thumb_01_l",
      "has_children": true,
      "is_end_bone": false
    },
    "thumb_03_l": {
      "name": "thumb_03_l",
      "local": {
        "location": {
          "x": 0.0,
          "y": 0.0,
          "z": 0.0
        },
        "rotation_quaternion": {
          "w": 0.9959456324577332,
          "x": 0.08954481780529022,
          "y": -0.008229685947299004,
          "z": -0.002537714084610343
        },
        "scale": {
          "x": 1.0,
          "y": 1.0,
          "z": 1.0
        },
        "matrix_basis": [
          [
            0.999851644039154,
            0.003580999094992876,
            -0.016847118735313416,
            0.0
          ],
          [
            -0.006528702098876238,
            0.9839505553245544,
            -0.17832176387310028,
            0.0
          ],
          [
            0.015938160941004753,
            0.17840531468391418,
            0.9838280081748962,
            0.0
          ],
          [
            0.0,
            0.0,
            0.0,
            1.0
          ]
        ],
        "rotation_mode": "QUATERNION"
      },
      "armature_space": {
        "head": {
          "x": 0.41340842843055725,
          "y": -0.47981348633766174,
          "z": 0.7061121463775635
        },
        "tail": {
          "x": 0.42447271943092346,
          "y": -0.4917064905166626,
          "z": 0.7318616509437561
        }
      },
      "world_space": {
        "head": {
          "x": 0.41340842843055725,
          "y": -0.41656947135925293,
          "z": 1.6559661626815796
        },
        "tail": {
          "x": 0.42447271943092346,
          "y": -0.42846250534057617,
          "z": 1.681715726852417
        },
        "rotation_quaternion": {
          "w": 0.28261348605155945,
          "x": 0.10948178172111511,
          "y": -0.47414031624794006,
          "z": -0.8266404271125793
        },
        "matrix": [
          [
            -0.816286027431488,
            0.363420307636261,
            -0.44900208711624146,
            0.41340842843055725
          ],
          [
            -0.5710601210594177,
            -0.39064037799835205,
            0.7220045924186707,
            -0.41656947135925293
          ],
          [
            0.08699283748865128,
            0.8457747101783752,
            0.5264135599136353,
            1.6559661626815796
          ],
          [
            0.0,
            0.0,
            0.0,
            1.0
          ]
        ]
      },
      "bone_length_armature_space": 0.030445017621546465,
      "parent": "thumb_02_l",
      "has_children": false,
      "is_end_bone": true
    },
    "metacarpal_index_l": {
      "name": "metacarpal_index_l",
      "local": {
        "location": {
          "x": 0.0,
          "y": 0.0,
          "z": 0.0
        },
        "rotation_quaternion": {
          "w": 0.999819815158844,
          "x": -0.015907276421785355,
          "y": -0.01035840529948473,
          "z": -8.595641702413559e-05
        },
        "scale": {
          "x": 1.0,
          "y": 1.0,
          "z": 1.0
        },
        "matrix_basis": [
          [
            0.9997853636741638,
            0.000501429894939065,
            -0.02071034349501133,
            0.0
          ],
          [
            0.00015766617434564978,
            0.9994938969612122,
            0.03181060031056404,
            0.0
          ],
          [
            0.020715812221169472,
            -0.03180703893303871,
            0.9992793202400208,
            0.0
          ],
          [
            0.0,
            0.0,
            0.0,
            1.0
          ]
        ],
        "rotation_mode": "QUATERNION"
      },
      "armature_space": {
        "head": {
          "x": 0.40801915526390076,
          "y": -0.3753220736980438,
          "z": 0.7018314003944397
        },
        "tail": {
          "x": 0.4140193462371826,
          "y": -0.48859766125679016,
          "z": 0.7311888933181763
        }
      },
      "world_space": {
        "head": {
          "x": 0.40801915526390076,
          "y": -0.312078058719635,
          "z": 1.6516854763031006
        },
        "tail": {
          "x": 0.4140193462371826,
          "y": -0.42535364627838135,
          "z": 1.6810429096221924
        },
        "rotation_quaternion": {
          "w": 0.12818431854248047,
          "x": 0.9873482584953308,
          "y": 0.013950481079518795,
          "z": -0.09229161590337753
        },
        "matrix": [
          [
            0.9825752377510071,
            0.05120851844549179,
            -0.17867133021354675,
            0.40801915526390076
          ],
          [
            0.0038874223828315735,
            -0.9667484164237976,
            -0.25570064783096313,
            -0.312078058719635
          ],
          [
            -0.18582569062709808,
            0.2505512237548828,
            -0.9501088261604309,
            1.6516854763031006
          ],
          [
            0.0,
            0.0,
            0.0,
            1.0
          ]
        ]
      },
      "bone_length_armature_space": 0.11717177069112875,
      "parent": "lowerarm_l",
      "has_children": true,
      "is_end_bone": false
    },
    "index_01_l": {
      "name": "index_01_l",
      "local": {
        "location": {
          "x": 0.0,
          "y": 0.0,
          "z": 0.0
        },
        "rotation_quaternion": {
          "w": 0.9987558126449585,
          "x": -0.049507297575473785,
          "y": 0.0006319508538581431,
          "z": 0.005969854071736336
        },
        "scale": {
          "x": 1.0,
          "y": 1.0,
          "z": 1.0
        },
        "matrix_basis": [
          [
            0.9999279379844666,
            -0.01198742538690567,
            0.0006712264730595052,
            0.0
          ],
          [
            0.011862280778586864,
            0.9950267672538757,
            0.09889894723892212,
            0.0
          ],
          [
            -0.0018534318078309298,
            -0.09888385981321335,
            0.995097279548645,
            0.0
          ],
          [
            0.0,
            0.0,
            0.0,
            1.0
          ]
        ],
        "rotation_mode": "QUATERNION"
      },
      "armature_space": {
        "head": {
          "x": 0.4140193462371826,
          "y": -0.48859766125679016,
          "z": 0.7311888933181763
        },
        "tail": {
          "x": 0.4256518483161926,
          "y": -0.512161910533905,
          "z": 0.7422559857368469
        }
      },
      "world_space": {
        "head": {
          "x": 0.4140193462371826,
          "y": -0.42535364627838135,
          "z": 1.6810429096221924
        },
        "tail": {
          "x": 0.4256518483161926,
          "y": -0.4489179253578186,
          "z": 1.6921100616455078
        },
        "rotation_quaternion": {
          "w": 0.22106479108333588,
          "x": 0.9519097805023193,
          "y": 0.19475744664669037,
          "z": -0.08406896889209747
        },
        "matrix": [
          [
            0.9100039601325989,
            0.40795236825942993,
            -0.07394354045391083,
            0.4140193462371826
          ],
          [
            0.33361414074897766,
            -0.826399564743042,
            -0.45361417531967163,
            -0.42535364627838135
          ],
          [
            -0.2461613267660141,
            0.3881237506866455,
            -0.8881319761276245,
            1.6810429096221924
          ],
          [
            0.0,
            0.0,
            0.0,
            1.0
          ]
        ]
      },
      "bone_length_armature_space": 0.028514373162712835,
      "parent": "metacarpal_index_l",
      "has_children": true,
      "is_end_bone": false
    },
    "index_02_l": {
      "name": "index_02_l",
      "local": {
        "location": {
          "x": 0.0,
          "y": 0.0,
          "z": 0.0
        },
        "rotation_quaternion": {
          "w": 0.9876441955566406,
          "x": 0.15617631375789642,
          "y": -0.010685143992304802,
          "z": -0.007330629974603653
        },
        "scale": {
          "x": 1.0,
          "y": 1.0,
          "z": 1.0
        },
        "matrix_basis": [
          [
            0.9996641874313354,
            0.011142575182020664,
            -0.023395981639623642,
            0.0
          ],
          [
            -0.01781764067709446,
            0.9511104226112366,
            -0.30833661556243896,
            0.0
          ],
          [
            0.018816499039530754,
            0.3086499273777008,
            0.9509895443916321,
            0.0
          ],
          [
            0.0,
            0.0,
            0.0,
            1.0
          ]
        ],
        "rotation_mode": "QUATERNION"
      },
      "armature_space": {
        "head": {
          "x": 0.42565175890922546,
          "y": -0.512162446975708,
          "z": 0.7422559261322021
        },
        "tail": {
          "x": 0.4356689453125,
          "y": -0.535567045211792,
          "z": 0.7454136610031128
        }
      },
      "world_space": {
        "head": {
          "x": 0.42565175890922546,
          "y": -0.4489184617996216,
          "z": 1.6921099424362183
        },
        "tail": {
          "x": 0.4356689453125,
          "y": -0.47232306003570557,
          "z": 1.695267677307129
        },
        "rotation_quaternion": {
          "w": 0.09420961886644363,
          "x": 0.9651311635971069,
          "y": 0.18695631623268127,
          "z": -0.15714308619499207
        },
        "matrix": [
          [
            0.8807069063186646,
            0.3904834985733032,
            -0.26810088753700256,
            0.42565175890922546
          ],
          [
            0.3312661051750183,
            -0.9123437404632568,
            -0.24060788750648499,
            -0.4489184617996216
          ],
          [
            -0.33855563402175903,
            0.12309205532073975,
            -0.9328677654266357,
            1.6921099424362183
          ],
          [
            0.0,
            0.0,
            0.0,
            1.0
          ]
        ]
      },
      "bone_length_armature_space": 0.025653275781423724,
      "parent": "index_01_l",
      "has_children": true,
      "is_end_bone": false
    },
    "index_03_l": {
      "name": "index_03_l",
      "local": {
        "location": {
          "x": 0.0,
          "y": 0.0,
          "z": 0.0
        },
        "rotation_quaternion": {
          "w": 0.9722030162811279,
          "x": 0.23401619493961334,
          "y": -0.006397482007741928,
          "z": -0.004110022913664579
        },
        "scale": {
          "x": 1.0,
          "y": 1.0,
          "z": 1.0
        },
        "matrix_basis": [
          [
            0.9998843669891357,
            0.004997324664145708,
            -0.014362926594913006,
            0.0
          ],
          [
            -0.010985782369971275,
            0.8904390335083008,
            -0.4549699127674103,
            0.0
          ],
          [
            0.01051567867398262,
            0.45507508516311646,
            0.8903909921646118,
            0.0
          ],
          [
            0.0,
            0.0,
            0.0,
            1.0
          ]
        ],
        "rotation_mode": "QUATERNION"
      },
      "armature_space": {
        "head": {
          "x": 0.4356689453125,
          "y": -0.5355669856071472,
          "z": 0.7454137802124023
        },
        "tail": {
          "x": 0.44409263134002686,
          "y": -0.5605588555335999,
          "z": 0.7328367829322815
        }
      },
      "world_space": {
        "head": {
          "x": 0.4356689453125,
          "y": -0.4723230004310608,
          "z": 1.6952677965164185
        },
        "tail": {
          "x": 0.44409263134002686,
          "y": -0.4973148703575134,
          "z": 1.6826908588409424
        },
        "rotation_quaternion": {
          "w": 0.18949514627456665,
          "x": -0.9441860914230347,
          "y": -0.19084575772285461,
          "z": 0.1902165710926056
        },
        "matrix": [
          [
            0.8547910451889038,
            0.2882978320121765,
            -0.43152832984924316,
            0.4356689453125
          ],
          [
            0.4324783682823181,
            -0.8553394675254822,
            0.28523221611976624,
            -0.4723230004310608
          ],
          [
            -0.2868729829788208,
            -0.4304443597793579,
            -0.8558242917060852,
            1.6952677965164185
          ],
          [
            0.0,
            0.0,
            0.0,
            1.0
          ]
        ]
      },
      "bone_length_armature_space": 0.029218708506213015,
      "parent": "index_02_l",
      "has_children": false,
      "is_end_bone": true
    },
    "metacarpal_pinky_l": {
      "name": "metacarpal_pinky_l",
      "local": {
        "location": {
          "x": 0.0,
          "y": 0.0,
          "z": 0.0
        },
        "rotation_quaternion": {
          "w": 0.9998898506164551,
          "x": 0.006402250844985247,
          "y": 0.011353999376296997,
          "z": -0.0070969099178910255
        },
        "scale": {
          "x": 1.0,
          "y": 1.0,
          "z": 1.0
        },
        "matrix_basis": [
          [
            0.9996414184570312,
            0.014337638393044472,
            0.022614624351263046,
            0.0
          ],
          [
            -0.014046873897314072,
            0.9998173117637634,
            -0.012964247725903988,
            0.0
          ],
          [
            -0.022796370089054108,
            0.012641934677958488,
            0.9996601939201355,
            0.0
          ],
          [
            0.0,
            0.0,
            0.0,
            1.0
          ]
        ],
        "rotation_mode": "QUATERNION"
      },
      "armature_space": {
        "head": {
          "x": 0.40801915526390076,
          "y": -0.3753220736980438,
          "z": 0.7018314003944397
        },
        "tail": {
          "x": 0.46252742409706116,
          "y": -0.4498506188392639,
          "z": 0.7499727010726929
        }
      },
      "world_space": {
        "head": {
          "x": 0.40801915526390076,
          "y": -0.312078058719635,
          "z": 1.6516854763031006
        },
        "tail": {
          "x": 0.46252742409706116,
          "y": -0.3866066336631775,
          "z": 1.699826717376709
        },
        "rotation_quaternion": {
          "w": 0.3499749004840851,
          "x": 0.3109882175922394,
          "y": -0.14020362496376038,
          "z": -0.8724373579025269
        },
        "matrix": [
          [
            -0.561607301235199,
            0.5234599113464355,
            -0.6407706141471863,
            0.40801915526390076
          ],
          [
            -0.6978663802146912,
            -0.7157207131385803,
            0.0269603468477726,
            -0.312078058719635
          ],
          [
            -0.44450369477272034,
            0.4623156785964966,
            0.7672643065452576,
            1.6516854763031006
          ],
          [
            0.0,
            0.0,
            0.0,
            1.0
          ]
        ]
      },
      "bone_length_armature_space": 0.10413088121747559,
      "parent": "lowerarm_l",
      "has_children": true,
      "is_end_bone": false
    },
    "pinky_01_l": {
      "name": "pinky_01_l",
      "local": {
        "location": {
          "x": 0.0,
          "y": 0.0,
          "z": 0.0
        },
        "rotation_quaternion": {
          "w": 0.9996188879013062,
          "x": 0.025753825902938843,
          "y": -0.004102898295968771,
          "z": -0.009060228243470192
        },
        "scale": {
          "x": 1.0,
          "y": 1.0,
          "z": 1.0
        },
        "matrix_basis": [
          [
            0.9998021721839905,
            0.01790221966803074,
            -0.008669340051710606,
            0.0
          ],
          [
            -0.01832488179206848,
            0.9985092878341675,
            -0.05141367390751839,
            0.0
          ],
          [
            0.007735998369753361,
            0.051562368869781494,
            0.9986398220062256,
            0.0
          ],
          [
            0.0,
            0.0,
            0.0,
            1.0
          ]
        ],
        "rotation_mode": "QUATERNION"
      },
      "armature_space": {
        "head": {
          "x": 0.46252742409706116,
          "y": -0.4498506188392639,
          "z": 0.7499727010726929
        },
        "tail": {
