{
  "metadata": {
    "armature_name": "KIM_caucasian_male",
    "export_time": "2026-01-13T21:00:14.616351",
    "blender_version": "4.4.1",
    "bone_count": 56,
    "end_bone_count": 13,
    "spaces_included": [
      "LOCAL_CHANNELS",
      "ARMATURE_SPACE",
      "WORLD_SPACE"
    ],
    "note": "LOCAL matches Transform panel; replay pose via local.matrix_basis for best fidelity."
  },
  "bones": {
    "Root": {
      "name": "Root",
      "local": {
        "location": {
          "x": 0.0,
          "y": 0.0,
          "z": 0.0
        },
        "rotation_quaternion": {
          "w": 0.9998224973678589,
          "x": 0.018039114773273468,
          "y": 0.0052305785939097404,
          "z": 0.001539528020657599
        },
        "scale": {
          "x": 1.0,
          "y": 1.0,
          "z": 1.0
        },
        "matrix_basis": [
          [
            0.9999405145645142,
            -0.0028897994197905064,
            0.010514844208955765,
            0.0
          ],
          [
            0.0032672195229679346,
            0.9993444681167603,
            -0.03605572134256363,
            0.0
          ],
          [
            -0.010403756983578205,
            0.03608793020248413,
            0.9992944598197937,
            0.0
          ],
          [
            0.0,
            0.0,
            0.0,
            1.0
          ]
        ],
        "rotation_mode": "QUATERNION"
      },
      "armature_space": {
        "head": {
          "x": 0.0,
          "y": 0.07072800397872925,
          "z": -0.009595036506652832
        },
        "tail": {
          "x": -0.0002062619460048154,
          "y": -0.00029990077018737793,
          "z": -0.00255873566493392
        }
      },
      "world_space": {
        "head": {
          "x": 0.0,
          "y": 0.13397200405597687,
          "z": 0.9402589797973633
        },
        "tail": {
          "x": -0.0002062619460048154,
          "y": 0.06294409930706024,
          "z": 0.9472953081130981
        },
        "rotation_quaternion": {
          "w": 0.04935755580663681,
          "x": 0.998766303062439,
          "y": -0.0011836576741188765,
          "z": 0.0053224116563797
        },
        "matrix": [
          [
            0.9999405145645142,
            -0.0028897994197905064,
            0.010514844208955765,
            0.0
          ],
          [
            -0.0018389895558357239,
            -0.995124876499176,
            -0.09860639274120331,
            0.13397200405597687
          ],
          [
            0.010748608969151974,
            0.09858094900846481,
            -0.9950779676437378,
            0.9402589797973633
          ],
          [
            0.0,
            0.0,
            0.0,
            1.0
          ]
        ]
      },
      "bone_length_armature_space": 0.07137587326880626,
      "parent": null,
      "has_children": true,
      "is_end_bone": false
    },
    "spine_01": {
      "name": "spine_01",
      "local": {
        "location": {
          "x": 0.0,
          "y": 0.0,
          "z": 0.0
        },
        "rotation_quaternion": {
          "w": 0.9972858428955078,
          "x": 0.034923627972602844,
          "y": 0.028588509187102318,
          "z": -0.058172691613435745
        },
        "scale": {
          "x": 1.0,
          "y": 1.0,
          "z": 1.0
        },
        "matrix_basis": [
          [
            0.9915972948074341,
            0.11802643537521362,
            0.05295862630009651,
            0.0
          ],
          [
            -0.11403277516365051,
            0.9907925724983215,
            -0.07298382371664047,
            0.0
          ],
          [
            -0.06108503416180611,
            0.06633153557777405,
            0.9959260821342468,
            0.0
          ],
          [
            0.0,
            0.0,
            0.0,
            1.0
          ]
        ],
        "rotation_mode": "QUATERNION"
      },
      "armature_space": {
        "head": {
          "x": -0.0002062619460048154,
          "y": -0.00029990077018737793,
          "z": -0.00255873566493392
        },
        "tail": {
          "x": 0.05213690549135208,
          "y": -0.027607962489128113,
          "z": 0.4818614423274994
        }
      },
      "world_space": {
        "head": {
          "x": -0.0002062619460048154,
          "y": 0.06294409930706024,
          "z": 0.9472953081130981
        },
        "tail": {
          "x": 0.05213690549135208,
          "y": 0.03563603758811951,
          "z": 1.431715488433838
        },
        "rotation_quaternion": {
          "w": 0.6846778988838196,
          "x": 0.726399838924408,
          "y": 0.056889865547418594,
          "z": -0.01797245256602764
        },
        "matrix": [
          [
            0.9928810000419617,
            0.1072603166103363,
            0.05179280787706375,
            -0.0002062619460048154
          ],
          [
            0.058039579540491104,
            -0.05595900118350983,
            -0.9967448115348816,
            0.06294409930706024
          ],
          [
            -0.10401354730129242,
            0.9926618337631226,
            -0.061787303537130356,
            0.9472953081130981
          ],
          [
            0.0,
            0.0,
            0.0,
            1.0
          ]
        ]
      },
      "bone_length_armature_space": 0.48800455192791786,
      "parent": "Root",
      "has_children": true,
      "is_end_bone": false
    },
    "neck_01": {
      "name": "neck_01",
      "local": {
        "location": {
          "x": 0.0,
          "y": 0.0,
          "z": 0.0
        },
        "rotation_quaternion": {
          "w": 0.9956287145614624,
          "x": 0.000966685707680881,
          "y": -0.09306345134973526,
          "z": 0.007852773182094097
        },
        "scale": {
          "x": 1.0,
          "y": 1.0,
          "z": 1.0
        },
        "matrix_basis": [
          [
            0.9825550317764282,
            -0.015816818922758102,
            -0.1852981001138687,
            0.0
          ],
          [
            0.015456967055797577,
            0.9998747706413269,
            -0.003386532422155142,
            0.0
          ],
          [
            0.18532846868038177,
            0.0004633077478501946,
            0.9826765060424805,
            0.0
          ],
          [
            0.0,
            0.0,
            0.0,
            1.0
          ]
        ],
        "rotation_mode": "QUATERNION"
      },
      "armature_space": {
        "head": {
          "x": 0.06178653612732887,
          "y": -0.06627274304628372,
          "z": 0.5523998141288757
        },
        "tail": {
          "x": 0.07236449420452118,
          "y": -0.11052961647510529,
          "z": 0.6442701816558838
        }
      },
      "world_space": {
        "head": {
          "x": 0.06178653612732887,
          "y": -0.0030287429690361023,
          "z": 1.502253770828247
        },
        "tail": {
          "x": 0.07236449420452118,
          "y": -0.047285616397857666,
          "z": 1.5941241979599
        },
        "rotation_quaternion": {
          "w": 0.5330458283424377,
          "x": 0.8396843671798706,
          "y": -0.004449875093996525,
          "z": -0.10379133373498917
        },
        "matrix": [
          [
            0.9784151315689087,
            0.10317808389663696,
            -0.17904724180698395,
            0.06178653612732887
          ],
          [
            -0.11812353134155273,
            -0.43168455362319946,
            -0.8942570686340332,
            -0.0030287429690361023
          ],
          [
            -0.16956092417240143,
            0.8961099982261658,
            -0.4101826250553131,
            1.502253770828247
          ],
          [
            0.0,
            0.0,
            0.0,
            1.0
          ]
        ]
      },
      "bone_length_armature_space": 0.10252184567211854,
      "parent": "spine_01",
      "has_children": true,
      "is_end_bone": false
    },
    "head": {
      "name": "head",
      "local": {
        "location": {
          "x": 0.0,
          "y": 0.0,
          "z": 0.0
        },
        "rotation_quaternion": {
          "w": 0.9876319169998169,
          "x": -0.013388102874159813,
          "y": 0.03953664004802704,
          "z": 0.15113186836242676
        },
        "scale": {
          "x": 1.0,
          "y": 1.0,
          "z": 1.0
        },
        "matrix_basis": [
          [
            0.9511920213699341,
            -0.29958394169807434,
            0.07404855638742447,
            0.0
          ],
          [
            0.2974666655063629,
            0.9539598226547241,
            0.03839552775025368,
            0.0
          ],
          [
            -0.08214203268289566,
            -0.014494542963802814,
            0.9965152144432068,
            0.0
          ],
          [
            0.0,
            0.0,
            0.0,
            1.0
          ]
        ],
        "rotation_mode": "QUATERNION"
      },
      "armature_space": {
        "head": {
          "x": 0.0723644569516182,
          "y": -0.11052973568439484,
          "z": 0.6442700624465942
        },
        "tail": {
          "x": 0.050934262573719025,
          "y": -0.1143852025270462,
          "z": 0.7978252172470093
        }
      },
      "world_space": {
        "head": {
          "x": 0.0723644569516182,
          "y": -0.04728573560714722,
          "z": 1.5941240787506104
        },
        "tail": {
          "x": 0.050934262573719025,
          "y": -0.051141202449798584,
          "z": 1.7476792335510254
        },
        "rotation_quaternion": {
          "w": 0.6949042081832886,
          "x": 0.7152535915374756,
          "y": -0.06839701533317566,
          "z": 0.029023028910160065
        },
        "matrix": [
          [
            0.9889588952064514,
            -0.13817889988422394,
            -0.053542084991931915,
            0.0723644569516182
          ],
          [
            -0.05750689655542374,
            -0.024859508499503136,
            -0.9980357885360718,
            -0.04728573560714722
          ],
          [
            0.13657738268375397,
            0.9901021122932434,
            -0.03253249078989029,
            1.5941240787506104
          ],
          [
            0.0,
            0.0,
            0.0,
            1.0
          ]
        ]
      },
      "bone_length_armature_space": 0.15509127534636127,
      "parent": "neck_01",
      "has_children": false,
      "is_end_bone": true
    },
    "upperarm_l": {
      "name": "upperarm_l",
      "local": {
        "location": {
          "x": 0.0,
          "y": 0.0,
          "z": 0.0
        },
        "rotation_quaternion": {
          "w": 0.9942904114723206,
          "x": 0.05913085862994194,
          "y": 0.08764753490686417,
          "z": 0.014424651861190796
        },
        "scale": {
          "x": 1.0,
          "y": 1.0,
          "z": 1.0
        },
        "matrix_basis": [
          [
            0.9842196702957153,
            -0.01831923797726631,
            0.17600008845329285,
            0.0
          ],
          [
            0.03904993459582329,
            0.9925909638404846,
            -0.11505792289972305,
            0.0
          ],
          [
            -0.1725883185863495,
            0.12011506408452988,
            0.9776428937911987,
            0.0
          ],
          [
            0.0,
            0.0,
            0.0,
            1.0
          ]
        ],
        "rotation_mode": "QUATERNION"
      },
      "armature_space": {
        "head": {
          "x": 0.20367513597011566,
          "y": -0.05698467418551445,
          "z": 0.4698861539363861
        },
        "tail": {
          "x": 0.4697919487953186,
          "y": -0.06317417323589325,
          "z": 0.439045250415802
        }
      },
      "world_space": {
        "head": {
          "x": 0.20367513597011566,
          "y": 0.0062593258917331696,
          "z": 1.4197402000427246
        },
        "tail": {
          "x": 0.4697919487953186,
          "y": 6.982684135437012e-05,
          "z": 1.388899326324463
        },
        "rotation_quaternion": {
          "w": 0.3947201669216156,
          "x": 0.5398074984550476,
          "y": 0.576756477355957,
          "z": -0.4692077040672302
        },
        "matrix": [
          [
            -0.10560622811317444,
            0.9930864572525024,
            -0.051250338554382324,
            0.20367513597011566
          ],
          [
            0.2522639036178589,
            -0.023097768425941467,
            -0.9673829078674316,
            0.0062593258917331696
          ],
          [
            -0.9618850350379944,
            -0.11509111523628235,
            -0.24808314442634583,
            1.4197402000427246
          ],
          [
            0.0,
            0.0,
            0.0,
            1.0
          ]
        ]
      },
      "bone_length_armature_space": 0.2679694381267576,
      "parent": "spine_01",
      "has_children": true,
      "is_end_bone": false
    },
    "lowerarm_l": {
      "name": "lowerarm_l",
      "local": {
        "location": {
          "x": 0.0,
          "y": 0.0,
          "z": 0.0
        },
        "rotation_quaternion": {
          "w": 0.9763748645782471,
          "x": 0.14353571832180023,
          "y": -0.10721539705991745,
          "z": 0.12080852687358856
        },
        "scale": {
          "x": 1.0,
          "y": 1.0,
          "z": 1.0
        },
        "matrix_basis": [
          [
            0.9478203058242798,
            -0.2666873037815094,
            -0.17468416690826416,
            0.0
          ],
          [
            0.20513033866882324,
            0.9296056032180786,
            -0.30619439482688904,
            0.0
          ],
          [
            0.24404551088809967,
            0.25438427925109863,
            0.9358047246932983,
            0.0
          ],
          [
            0.0,
            0.0,
            0.0,
            1.0
          ]
        ],
        "rotation_mode": "QUATERNION"
      },
      "armature_space": {
        "head": {
          "x": 0.4697920083999634,
          "y": -0.06317424774169922,
          "z": 0.43904536962509155
        },
        "tail": {
          "x": 0.7081645727157593,
          "y": -0.17572268843650818,
          "z": 0.48466038703918457
        }
      },
      "world_space": {
        "head": {
          "x": 0.4697920083999634,
          "y": 6.975233554840088e-05,
          "z": 1.388899326324463
        },
        "tail": {
          "x": 0.7081645727157593,
          "y": -0.11247868835926056,
          "z": 1.4345144033432007
        },
        "rotation_quaternion": {
          "w": 0.4448593258857727,
          "x": 0.5968351364135742,
          "y": 0.30289921164512634,
          "z": -0.5950968265533447
        },
        "matrix": [
          [
            0.10822443664073944,
            0.8910307288169861,
            -0.44085291028022766,
            0.4697920083999634
          ],
          [
            -0.1679069548845291,
            -0.42070335149765015,
            -0.8915246725082397,
            6.975233554840088e-05
          ],
          [
            -0.9798513054847717,
            0.17050786316394806,
            0.10407985746860504,
            1.388899326324463
          ],
          [
            0.0,
            0.0,
            0.0,
            1.0
          ]
        ]
      },
      "bone_length_armature_space": 0.2675245063375107,
      "parent": "upperarm_l",
      "has_children": true,
      "is_end_bone": false
    },
    "metacarpal_thumb_l": {
      "name": "metacarpal_thumb_l",
      "local": {
        "location": {
          "x": 0.0,
          "y": 0.0,
          "z": 0.0
        },
        "rotation_quaternion": {
          "w": 0.9986493587493896,
          "x": -0.04677785187959671,
          "y": -0.02261408604681492,
          "z": -0.0002463611599523574
        },
        "scale": {
          "x": 1.0,
          "y": 1.0,
          "z": 1.0
        },
        "matrix_basis": [
          [
            0.9989770650863647,
            0.002607733476907015,
            -0.045144036412239075,
            0.0
          ],
          [
            0.0016236199298873544,
            0.9956235289573669,
            0.09344048798084259,
            0.0
          ],
          [
            0.04519013315439224,
            -0.09341820329427719,
            0.9946008920669556,
            0.0
          ],
          [
            0.0,
            0.0,
            0.0,
            1.0
          ]
        ],
        "rotation_mode": "QUATERNION"
      },
      "armature_space": {
        "head": {
          "x": 0.7081645727157593,
          "y": -0.17572268843650818,
          "z": 0.48466038703918457
        },
        "tail": {
          "x": 0.7312754392623901,
          "y": -0.2191951721906662,
          "z": 0.49010229110717773
        }
      },
      "world_space": {
        "head": {
          "x": 0.7081645727157593,
          "y": -0.11247868835926056,
          "z": 1.4345144033432007
        },
        "tail": {
          "x": 0.7312754392623901,
          "y": -0.15595117211341858,
          "z": 1.4399563074111938
        },
        "rotation_quaternion": {
          "w": 0.06513369083404541,
          "x": 0.9683254361152649,
          "y": 0.23862102627754211,
          "z": -0.034110311418771744
        },
        "matrix": [
          [
            0.8837928175926208,
            0.46656888723373413,
            -0.0349750742316246,
            0.7081645727157593
          ],
          [
            0.45768216252326965,
            -0.87763512134552,
            -0.14242058992385864,
            -0.11247868835926056
          ],
          [
            -0.09714467078447342,
            0.10986281931400299,
            -0.9891951680183411,
            1.4345144033432007
          ],
          [
            0.0,
            0.0,
            0.0,
            1.0
          ]
        ]
      },
      "bone_length_armature_space": 0.04953365885905972,
      "parent": "lowerarm_l",
      "has_children": true,
      "is_end_bone": false
    },
    "thumb_01_l": {
      "name": "thumb_01_l",
      "local": {
        "location": {
          "x": 0.0,
          "y": 0.0,
          "z": 0.0
        },
        "rotation_quaternion": {
          "w": 0.998822808265686,
          "x": 0.046565942466259,
          "y": 0.0111813610419631,
          "z": 0.007719054818153381
        },
        "scale": {
          "x": 1.0,
          "y": 1.0,
          "z": 1.0
        },
        "matrix_basis": [
          [
            0.9996308088302612,
            -0.014378595165908337,
            0.023055287078022957,
            0.0
          ],
          [
            0.01646127738058567,
            0.9955440759658813,
            -0.09284963458776474,
            0.0
          ],
          [
            -0.021617507562041283,
            0.0931948721408844,
            0.9954131841659546,
            0.0
          ],
          [
            0.0,
            0.0,
            0.0,
            1.0
          ]
        ],
        "rotation_mode": "QUATERNION"
      },
      "armature_space": {
        "head": {
          "x": 0.7312754392623901,
          "y": -0.2191951721906662,
          "z": 0.49010229110717773
        },
        "tail": {
          "x": 0.7399252653121948,
          "y": -0.2428390383720398,
          "z": 0.46719416975975037
        }
      },
      "world_space": {
        "head": {
          "x": 0.7312754392623901,
          "y": -0.15595117211341858,
          "z": 1.4399563074111938
        },
        "tail": {
          "x": 0.7399252653121948,
          "y": -0.17959503829479218,
          "z": 1.4170482158660889
        },
        "rotation_quaternion": {
          "w": 0.37433260679244995,
          "x": -0.731671929359436,
          "y": 0.11209813505411148,
          "z": -0.5585384964942932
        },
        "matrix": [
          [
            0.3509390354156494,
            0.2541176676750183,
            0.9012578725814819,
            0.7312754392623901
          ],
          [
            -0.5821954011917114,
            -0.6946197152137756,
            0.42255422472953796,
            -0.15595117211341858
          ],
          [
            0.7334145903587341,
            -0.6730044484138489,
            -0.09582336246967316,
            1.4399563074111938
          ],
          [
            0.0,
            0.0,
            0.0,
            1.0
          ]
        ]
      },
      "bone_length_armature_space": 0.03403871278208877,
      "parent": "metacarpal_thumb_l",
      "has_children": true,
      "is_end_bone": false
    },
    "thumb_02_l": {
      "name": "thumb_02_l",
      "local": {
        "location": {
          "x": 0.0,
          "y": 0.0,
          "z": 0.0
        },
        "rotation_quaternion": {
          "w": 0.9866487979888916,
          "x": 0.16252988576889038,
          "y": -0.007337601855397224,
          "z": 0.007372473832219839
        },
        "scale": {
          "x": 1.0,
          "y": 1.0,
          "z": 1.0
        },
        "matrix_basis": [
          [
            0.9997836351394653,
            -0.016933243721723557,
            -0.012082776986062527,
            0.0
          ],
          [
            0.01216292567551136,
            0.9470593929290771,
            -0.32082802057266235,
            0.0
          ],
          [
            0.016875766217708588,
            0.3206116259098053,
            0.9470604062080383,
            0.0
          ],
          [
            0.0,
            0.0,
            0.0,
            1.0
          ]
        ],
        "rotation_mode": "QUATERNION"
      },
      "armature_space": {
        "head": {
          "x": 0.7399251461029053,
          "y": -0.2428390234708786,
          "z": 0.46719416975975037
        },
        "tail": {
          "x": 0.7772379517555237,
          "y": -0.25163617730140686,
          "z": 0.47917529940605164
        }
      },
      "world_space": {
        "head": {
          "x": 0.7399251461029053,
          "y": -0.17959502339363098,
          "z": 1.4170482158660889
        },
        "tail": {
          "x": 0.7772379517555237,
          "y": -0.18839217722415924,
          "z": 1.4290293455123901
        },
        "rotation_quaternion": {
          "w": 0.5205977559089661,
          "x": -0.2123001366853714,
          "y": -0.3456338346004486,
          "z": -0.7512949109077454
        },
        "matrix": [
          [
            -0.3678123354911804,
            0.9290012121200562,
            -0.040874674916267395,
            0.7399251461029053
          ],
          [
            -0.6354897022247314,
            -0.2190283238887787,
            0.7403915524482727,
            -0.17959502339363098
          ],
          [
            0.6788761615753174,
            0.29830238223075867,
            0.6709374189376831,
            1.4170482158660889
          ],
          [
            0.0,
            0.0,
            0.0,
            1.0
          ]
        ]
      },
      "bone_length_armature_space": 0.04016444689329724,
      "parent": "thumb_01_l",
      "has_children": true,
      "is_end_bone": false
    },
    "thumb_03_l": {
      "name": "thumb_03_l",
      "local": {
        "location": {
          "x": 0.0,
          "y": 0.0,
          "z": 0.0
        },
        "rotation_quaternion": {
          "w": 0.9962724447250366,
          "x": 0.08580704033374786,
          "y": 0.008861473761498928,
          "z": -0.0002928998146671802
        },
        "scale": {
          "x": 1.0,
          "y": 1.0,
          "z": 1.0
        },
        "matrix_basis": [
          [
            0.9998427629470825,
            0.002104369690641761,
            0.017606617882847786,
            0.0
          ],
          [
            0.0009371376363560557,
            0.9852741360664368,
            -0.1709795743227005,
            0.0
          ],
          [
            -0.01770715042948723,
            0.1709691882133484,
            0.9851172566413879,
            0.0
          ],
          [
            0.0,
            0.0,
            0.0,
            1.0
          ]
        ],
        "rotation_mode": "QUATERNION"
      },
      "armature_space": {
        "head": {
          "x": 0.7772378921508789,
          "y": -0.25163623690605164,
          "z": 0.47917529940605164
        },
        "tail": {
          "x": 0.8032675981521606,
          "y": -0.24642671644687653,
          "z": 0.4940820336341858
        }
      },
      "world_space": {
        "head": {
          "x": 0.7772378921508789,
          "y": -0.18839223682880402,
          "z": 1.4290293455123901
        },
        "tail": {
          "x": 0.8032675981521606,
          "y": -0.1831827163696289,
          "z": 1.4439361095428467
        },
        "rotation_quaternion": {
          "w": 0.6773917078971863,
          "x": 0.02334856241941452,
          "y": -0.35594701766967773,
          "z": -0.6433484554290771
        },
        "matrix": [
          [
            -0.08119340240955353,
            0.8549771904945374,
            -0.5122710466384888,
            0.7772378921508789
          ],
          [
            -0.8882184028625488,
            0.1711132973432541,
            0.42636680603027344,
            -0.18839223682880402
          ],
          [
            0.4521925747394562,
            0.48963019251823425,
            0.7455188632011414,
            1.4290293455123901
          ],
          [
            0.0,
            0.0,
            0.0,
            1.0
          ]
        ]
      },
      "bone_length_armature_space": 0.030444957635798287,
      "parent": "thumb_02_l",
      "has_children": false,
      "is_end_bone": true
    },
    "metacarpal_index_l": {
      "name": "metacarpal_index_l",
      "local": {
        "location": {
          "x": 0.0,
          "y": 0.0,
          "z": 0.0
        },
        "rotation_quaternion": {
          "w": 0.9997313022613525,
          "x": 0.015110385604202747,
          "y": -0.017318038269877434,
          "z": -0.00300968112424016
        },
        "scale": {
          "x": 1.0,
          "y": 1.0,
          "z": 1.0
        },
        "matrix_basis": [
          [
            0.9993820786476135,
            0.005494380369782448,
            -0.03471772372722626,
            0.0
          ],
          [
            -0.006541109178215265,
            0.999525249004364,
            -0.030108407139778137,
            0.0
          ],
          [
            0.034535814076662064,
            0.030316894873976707,
            0.9989435076713562,
            0.0
          ],
          [
            0.0,
            0.0,
            0.0,
            1.0
          ]
        ],
        "rotation_mode": "QUATERNION"
      },
      "armature_space": {
        "head": {
          "x": 0.7081645727157593,
          "y": -0.17572268843650818,
          "z": 0.48466038703918457
        },
        "tail": {
          "x": 0.791445791721344,
          "y": -0.25698715448379517,
          "z": 0.49842754006385803
        }
      },
      "world_space": {
        "head": {
          "x": 0.7081645727157593,
          "y": -0.11247868835926056,
          "z": 1.4345144033432007
        },
        "tail": {
          "x": 0.791445791721344,
          "y": -0.19374315440654755,
          "z": 1.4482815265655518
        },
        "rotation_quaternion": {
          "w": 0.18469172716140747,
          "x": 0.8712840676307678,
          "y": 0.3451280891895294,
          "z": -0.29603996872901917
        },
        "matrix": [
          [
            0.5864934325218201,
            0.7107621431350708,
            -0.3883841931819916,
            0.7081645727157593
          ],
          [
            0.4920572340488434,
            -0.6935502290725708,
            -0.5261825323104858,
            -0.11247868835926056
          ],
          [
            -0.6433587074279785,
            0.11749550700187683,
            -0.7565041184425354,
            1.4345144033432007
          ],
          [
            0.0,
            0.0,
            0.0,
            1.0
          ]
        ]
      },
      "bone_length_armature_space": 0.11717170817545419,
      "parent": "lowerarm_l",
      "has_children": true,
      "is_end_bone": false
    },
    "index_01_l": {
      "name": "index_01_l",
      "local": {
        "location": {
          "x": 0.0,
          "y": 0.0,
          "z": 0.0
        },
        "rotation_quaternion": {
          "w": 0.998117208480835,
          "x": -0.06072493642568588,
          "y": 0.005142886657267809,
          "z": 0.0069409641437232494
        },
        "scale": {
          "x": 1.0,
          "y": 1.0,
          "z": 1.0
        },
        "matrix_basis": [
          [
            0.9998507499694824,
            -0.014480394311249256,
            0.00942342821508646,
            0.0
          ],
          [
            0.013231188990175724,
            0.9925286173820496,
            0.1212925985455513,
            0.0
          ],
          [
            -0.011109386570751667,
            -0.12114981561899185,
            0.9925720691680908,
            0.0
          ],
          [
            0.0,
            0.0,
            0.0,
            1.0
          ]
        ],
        "rotation_mode": "QUATERNION"
      },
      "armature_space": {
        "head": {
          "x": 0.791445791721344,
          "y": -0.25698715448379517,
          "z": 0.49842754006385803
        },
        "tail": {
          "x": 0.818108081817627,
          "y": -0.2667545974254608,
          "z": 0.5010330677032471
        }
      },
      "world_space": {
        "head": {
          "x": 0.791445791721344,
          "y": -0.19374315440654755,
          "z": 1.4482815265655518
        },
        "tail": {
          "x": 0.818108081817627,
          "y": -0.2035105973482132,
          "z": 1.4508870840072632
        },
        "rotation_quaternion": {
          "w": 0.22656089067459106,
          "x": 0.780552327632904,
          "y": 0.5266847014427185,
          "z": -0.24902136623859406
        },
        "matrix": [
          [
            0.32118260860443115,
            0.9350471496582031,
            -0.15009397268295288,
            0.791445791721344
          ],
          [
            0.7093731760978699,
            -0.3425450325012207,
            -0.6159974336624146,
            -0.19374315440654755
          ],
          [
            -0.627404510974884,
            0.09137535095214844,
            -0.7733228206634521,
            1.4482815265655518
          ],
          [
            0.0,
            0.0,
            0.0,
            1.0
          ]
        ]
      },
      "bone_length_armature_space": 0.028514372150014535,
      "parent": "metacarpal_index_l",
      "has_children": true,
      "is_end_bone": false
    },
    "index_02_l": {
      "name": "index_02_l",
      "local": {
        "location": {
          "x": 0.0,
          "y": 0.0,
          "z": 0.0
        },
        "rotation_quaternion": {
          "w": 0.9868674278259277,
          "x": 0.1614476591348648,
          "y": -0.004738289397209883,
          "z": -0.0022432461846619844
        },
        "scale": {
          "x": 1.0,
          "y": 1.0,
          "z": 1.0
        },
        "matrix_basis": [
          [
            0.9999450445175171,
            0.002897601807489991,
            -0.010076460428535938,
            0.0
          ],
          [
            -0.005957544781267643,
            0.9478592276573181,
            -0.3186336159706116,
            0.0
          ],
          [
            0.008627792820334435,
            0.3186761438846588,
            0.9478244185447693,
            0.0
          ],
          [
            0.0,
            0.0,
            0.0,
            1.0
          ]
        ],
        "rotation_mode": "QUATERNION"
      },
      "armature_space": {
        "head": {
          "x": 0.818108320236206,
          "y": -0.2667551040649414,
          "z": 0.5010330080986023
        },
        "tail": {
          "x": 0.8400953412055969,
          "y": -0.279471218585968,
          "z": 0.4974329471588135
        }
      },
      "world_space": {
        "head": {
          "x": 0.818108320236206,
          "y": -0.2035111039876938,
          "z": 1.4508869647979736
        },
        "tail": {
          "x": 0.8400953412055969,
          "y": -0.2162272185087204,
          "z": 1.4472869634628296
        },
        "rotation_quaternion": {
          "w": 0.1296892762184143,
          "x": 0.788374662399292,
          "y": 0.4851120114326477,
          "z": -0.3554047644138336
        },
        "matrix": [
          [
            0.27670642733573914,
            0.8570854067802429,
            -0.4345545768737793,
            0.818108320236206
          ],
          [
            0.6727154850959778,
            -0.4956921935081482,
            -0.5493117570877075,
            -0.2035111039876938
          ],
          [
            -0.6862167119979858,
            -0.14033497869968414,
            -0.7137413620948792,
            1.4508869647979736
          ],
          [
            0.0,
            0.0,
            0.0,
            1.0
          ]
        ]
      },
      "bone_length_armature_space": 0.025653247347816988,
      "parent": "index_01_l",
      "has_children": true,
      "is_end_bone": false
    },
    "index_03_l": {
      "name": "index_03_l",
      "local": {
        "location": {
          "x": 0.0,
          "y": 0.0,
          "z": 0.0
        },
        "rotation_quaternion": {
          "w": 0.980038046836853,
          "x": 0.19857801496982574,
          "y": 0.008389643393456936,
          "z": -0.004689520690590143
        },
        "scale": {
          "x": 1.0,
          "y": 1.0,
          "z": 1.0
        },
        "matrix_basis": [
          [
            0.9998152256011963,
            0.012523815035820007,
            0.014581868425011635,
            0.0
          ],
          [
            -0.005859819706529379,
            0.9210895895957947,
            -0.3893066942691803,
            0.0
          ],
          [
            -0.018306810408830643,
            0.38914933800697327,
            0.9209927916526794,
            0.0
          ],
          [
            0.0,
            0.0,
            0.0,
            1.0
          ]
        ],
        "rotation_mode": "QUATERNION"
      },
      "armature_space": {
        "head": {
          "x": 0.8400954008102417,
          "y": -0.27947115898132324,
          "z": 0.4974330961704254
        },
        "tail": {
          "x": 0.8570932149887085,
          "y": -0.2972480058670044,
          "z": 0.4816598892211914
        }
      },
      "world_space": {
        "head": {
          "x": 0.8400954008102417,
          "y": -0.21622715890407562,
          "z": 1.4472870826721191
        },
        "tail": {
          "x": 0.8570932149887085,
          "y": -0.23400400578975677,
          "z": 1.4315139055252075
        },
        "rotation_quaternion": {
          "w": 0.10229454189538956,
          "x": -0.7805636525154114,
          "y": -0.4305020272731781,
          "z": 0.4415022134780884
        },
        "matrix": [
          [
            0.23948605358600616,
            0.5817440152168274,
            -0.7773157954216003,
            0.8400954008102417
          ],
          [
            0.7623953819274902,
            -0.6084065437316895,
            -0.22044309973716736,
            -0.21622715890407562
          ],
          [
            -0.6011690497398376,
            -0.5398333072662354,
            -0.589228093624115,
            1.4472870826721191
          ],
          [
            0.0,
            0.0,
            0.0,
            1.0
          ]
        ]
      },
      "bone_length_armature_space": 0.02921876179582057,
      "parent": "index_02_l",
      "has_children": false,
      "is_end_bone": true
    },
    "metacarpal_pinky_l": {
      "name": "metacarpal_pinky_l",
      "local": {
        "location": {
          "x": 0.0,
          "y": 0.0,
          "z": 0.0
        },
        "rotation_quaternion": {
          "w": 0.9997828602790833,
          "x": -0.015959756448864937,
          "y": -0.010828438214957714,
          "z": -0.00790274329483509
        },
        "scale": {
          "x": 1.0,
          "y": 1.0,
          "z": 1.0
        },
        "matrix_basis": [
          [
            0.9996405839920044,
            0.016147693619132042,
            -0.02139992266893387,
            0.0
          ],
          [
            -0.015456415712833405,
            0.9993656873703003,
            0.03208373114466667,
            0.0
          ],
          [
            0.02190442569553852,
            -0.0317414328455925,
            0.9992560744285583,
            0.0
          ],
          [
            0.0,
            0.0,
            0.0,
            1.0
          ]
        ],
        "rotation_mode": "QUATERNION"
      },
      "armature_space": {
        "head": {
          "x": 0.7081645727157593,
          "y": -0.17572268843650818,
          "z": 0.48466038703918457
        },
        "tail": {
          "x": 0.8107660412788391,
          "y": -0.190676748752594,
          "z": 0.4942791759967804
        }
      },
      "world_space": {
        "head": {
          "x": 0.7081645727157593,
          "y": -0.11247868835926056,
          "z": 1.4345144033432007
        },
        "tail": {
          "x": 0.8107660412788391,
          "y": -0.12743274867534637,
          "z": 1.4441331624984741
        },
        "rotation_quaternion": {
          "w": 0.6543610095977783,
          "x": 0.0674729198217392,
          "y": -0.002701365388929844,
          "z": -0.7531611919403076
        },
        "matrix": [
          [
            -0.13451798260211945,
            0.9853139519691467,
            -0.10517045110464096,
            0.7081645727157593
          ],
          [
            -0.9860433340072632,
            -0.14360854029655457,
            -0.08423444628715515,
            -0.11247868835926056
          ],
          [
            -0.09810224175453186,
            0.0923721045255661,
            0.9908872246742249,
            1.4345144033432007
          ],
          [
            0.0,
            0.0,
            0.0,
            1.0
          ]
        ]
      },
      "bone_length_armature_space": 0.10413071746950883,
      "parent": "lowerarm_l",
      "has_children": true,
      "is_end_bone": false
    },
    "pinky_01_l": {
      "name": "pinky_01_l",
      "local": {
        "location": {
          "x": 0.0,
          "y": 0.0,
          "z": 0.0
        },
        "rotation_quaternion": {
          "w": 0.9997397661209106,
          "x": 0.01556065957993269,
          "y": 0.016607223078608513,
          "z": 0.001604753895662725
        },
        "scale": {
          "x": 1.0,
          "y": 1.0,
          "z": 1.0
        },
        "matrix_basis": [
          [
            0.9994432330131531,
            -0.002691833768039942,
            0.033255744725465775,
            0.0
          ],
          [
            0.0037255112547427416,
            0.9995105862617493,
            -0.03105991892516613,
            0.0
          ],
          [
            -0.033155862241983414,
            0.031166521832346916,
            0.9989641308784485,
            0.0
          ],
          [
            0.0,
            0.0,
            0.0,
            1.0
          ]
        ],
        "rotation_mode": "QUATERNION"
      },
      "armature_space": {
        "head": {
          "x": 0.8107660412788391,
          "y": -0.190676748752594,
          "z": 0.4942791759967804
