{
  "metadata": {
    "armature_name": "KIM_caucasian_male",
    "export_time": "2026-01-13T21:15:50.329909",
    "blender_version": "4.4.1",
    "bone_count": 56,
    "end_bone_count": 13,
    "spaces_included": [
      "LOCAL_CHANNELS",
      "ARMATURE_SPACE",
      "WORLD_SPACE"
    ],
    "note": "LOCAL matches Transform panel; replay pose via local.matrix_basis for best fidelity."
  },
  "bones": {
    "Root": {
      "name": "Root",
      "local": {
        "location": {
          "x": 0.0,
          "y": 0.0,
          "z": 0.0
        },
        "rotation_quaternion": {
          "w": 0.9999485611915588,
          "x": -0.0033650624100118876,
          "y": 0.00957286823540926,
          "z": 0.00018601480405777693
        },
        "scale": {
          "x": 1.0,
          "y": 1.0,
          "z": 1.0
        },
        "matrix_basis": [
          [
            0.9998166561126709,
            -0.0004364370834082365,
            0.019143499433994293,
            0.0
          ],
          [
            0.0003075838612858206,
            0.9999772906303406,
            0.006733340211212635,
            0.0
          ],
          [
            -0.01914600282907486,
            -0.006726217456161976,
            0.999794065952301,
            0.0
          ],
          [
            0.0,
            0.0,
            0.0,
            1.0
          ]
        ],
        "rotation_mode": "QUATERNION"
      },
      "armature_space": {
        "head": {
          "x": 0.0,
          "y": 0.07072800397872925,
          "z": -0.009595036506652832
        },
        "tail": {
          "x": -3.1151077564572915e-05,
          "y": 6.614625453948975e-05,
          "z": 0.00047551747411489487
        }
      },
      "world_space": {
        "head": {
          "x": 0.0,
          "y": 0.13397200405597687,
          "z": 0.9402589797973633
        },
        "tail": {
          "x": -3.1151077564572915e-05,
          "y": 0.06331014633178711,
          "z": 0.9503295421600342
        },
        "rotation_quaternion": {
          "w": 0.07072161138057709,
          "x": 0.9974501132965088,
          "y": 0.0004593117628246546,
          "z": 0.009563653729856014
        },
        "matrix": [
          [
            0.9998166561126709,
            -0.0004364370834082365,
            0.019143499433994293,
            0.0
          ],
          [
            0.0022689993493258953,
            -0.9899964332580566,
            -0.14107422530651093,
            0.13397200405597687
          ],
          [
            0.019013701006770134,
            0.14109185338020325,
            -0.9898209571838379,
            0.9402589797973633
          ],
          [
            0.0,
            0.0,
            0.0,
            1.0
          ]
        ]
      },
      "bone_length_armature_space": 0.0713758737360765,
      "parent": null,
      "has_children": true,
      "is_end_bone": false
    },
    "spine_01": {
      "name": "spine_01",
      "local": {
        "location": {
          "x": 0.0,
          "y": 0.0,
          "z": 0.0
        },
        "rotation_quaternion": {
          "w": 0.9990577697753906,
          "x": -0.00842568650841713,
          "y": -0.03445407375693321,
          "z": -0.025011220946907997
        },
        "scale": {
          "x": 1.0,
          "y": 1.0,
          "z": 1.0
        },
        "matrix_basis": [
          [
            0.9963747262954712,
            0.05055590718984604,
            -0.06842174381017685,
            0.0
          ],
          [
            -0.04939471185207367,
            0.9986069202423096,
            0.01855897158384323,
            0.0
          ],
          [
            0.06926469504833221,
            -0.015112018212676048,
            0.9974838495254517,
            0.0
          ],
          [
            0.0,
            0.0,
            0.0,
            1.0
          ]
        ],
        "rotation_mode": "QUATERNION"
      },
      "armature_space": {
        "head": {
          "x": -3.1151077564572915e-05,
          "y": 6.614625453948975e-05,
          "z": 0.00047551747411489487
        },
        "tail": {
          "x": 0.015314878895878792,
          "y": 0.033527933061122894,
          "z": 0.48708972334861755
        }
      },
      "world_space": {
        "head": {
          "x": -3.1151077564572915e-05,
          "y": 0.06331014633178711,
          "z": 0.9503295421600342
        },
        "tail": {
          "x": 0.015314878895878792,
          "y": 0.09677193313837051,
          "z": 1.436943769454956
        },
        "rotation_quaternion": {
          "w": 0.7308139204978943,
          "x": 0.6815587282180786,
          "y": -0.013974374160170555,
          "z": -0.03454738110303879
        },
        "matrix": [
          [
            0.9972224235534668,
            0.031446702778339386,
            -0.06751766800880432,
            -3.1151077564572915e-05
          ],
          [
            -0.06954435259103775,
            0.06856906414031982,
            -0.9952195882797241,
            0.06331014633178711
          ],
          [
            -0.026666998863220215,
            0.9971577525138855,
            0.0705651342868805,
            0.9503295421600342
          ],
          [
            0.0,
            0.0,
            0.0,
            1.0
          ]
        ]
      },
      "bone_length_armature_space": 0.48800468826137394,
      "parent": "Root",
      "has_children": true,
      "is_end_bone": false
    },
    "neck_01": {
      "name": "neck_01",
      "local": {
        "location": {
          "x": 0.0,
          "y": 0.0,
          "z": 0.0
        },
        "rotation_quaternion": {
          "w": 0.9968204498291016,
          "x": -0.07697701454162598,
          "y": -0.0168529711663723,
          "z": 0.011808853596448898
        },
        "scale": {
          "x": 1.0,
          "y": 1.0,
          "z": 1.0
        },
        "matrix_basis": [
          [
            0.9991530776023865,
            -0.020948030054569244,
            -0.03541679307818413,
            0.0
          ],
          [
            0.02613719552755356,
            0.9878701567649841,
            0.1530665010213852,
            0.0
          ],
          [
            0.031780753284692764,
            -0.15386255085468292,
            0.9875810146331787,
            0.0
          ],
          [
            0.0,
            0.0,
            0.0,
            1.0
          ]
        ],
        "rotation_mode": "QUATERNION"
      },
      "armature_space": {
        "head": {
          "x": 0.01527581550180912,
          "y": 0.0040338002145290375,
          "z": 0.5625473260879517
        },
        "tail": {
          "x": 0.014683797955513,
          "y": -0.012750240042805672,
          "z": 0.6636844277381897
        }
      },
      "world_space": {
        "head": {
          "x": 0.01527581550180912,
          "y": 0.06727780401706696,
          "z": 1.5124013423919678
        },
        "tail": {
          "x": 0.014683797955513,
          "y": 0.0504937618970871,
          "z": 1.6135385036468506
        },
        "rotation_quaternion": {
          "w": 0.645533561706543,
          "x": 0.7617380023002625,
          "y": -0.03781306743621826,
          "z": -0.04014723002910614
        },
        "matrix": [
          [
            0.9939168095588684,
            -0.005774575285613537,
            -0.10998252034187317,
            0.01527581550180912
          ],
          [
            -0.10944006592035294,
            -0.16371265053749084,
            -0.9804189801216125,
            0.06727780401706696
          ],
          [
            -0.012344217859208584,
            0.9864979386329651,
            -0.16335080564022064,
            1.5124013423919678
          ],
          [
            0.0,
            0.0,
            0.0,
            1.0
          ]
        ]
      },
      "bone_length_armature_space": 0.10252203439000095,
      "parent": "spine_01",
      "has_children": true,
      "is_end_bone": false
    },
    "head": {
      "name": "head",
      "local": {
        "location": {
          "x": 0.0,
          "y": 0.0,
          "z": 0.0
        },
        "rotation_quaternion": {
          "w": 0.9941108226776123,
          "x": -0.07159783691167831,
          "y": 0.006211631000041962,
          "z": -0.08111074566841125
        },
        "scale": {
          "x": 1.0,
          "y": 1.0,
          "z": 1.0
        },
        "matrix_basis": [
          [
            0.9867649078369141,
            0.1603766679763794,
            0.023964807391166687,
            0.0
          ],
          [
            -0.1621556133031845,
            0.9765896201133728,
            0.14134471118450165,
            0.0
          ],
          [
            -0.0007353913388215005,
            -0.14336003363132477,
            0.9896703362464905,
            0.0
          ],
          [
            0.0,
            0.0,
            0.0,
            1.0
          ]
        ],
        "rotation_mode": "QUATERNION"
      },
      "armature_space": {
        "head": {
          "x": 0.014683782123029232,
          "y": -0.012750379741191864,
          "z": 0.6636843681335449
        },
        "tail": {
          "x": 0.046902354806661606,
          "y": 0.03666248172521591,
          "z": 0.8071194291114807
        }
      },
      "world_space": {
        "head": {
          "x": 0.014683782123029232,
          "y": 0.050493620336055756,
          "z": 1.613538384437561
        },
        "tail": {
          "x": 0.046902354806661606,
          "y": 0.09990648180246353,
          "z": 1.7569735050201416
        },
        "rotation_quaternion": {
          "w": 0.8114811778068542,
          "x": 0.5736163258552551,
          "y": 0.028314419090747833,
          "z": -0.10798614472150803
        },
        "matrix": [
          [
            0.9750745296478271,
            0.20774084329605103,
            -0.07793305814266205,
            0.014683782123029232
          ],
          [
            -0.14277540147304535,
            0.3186072111129761,
            -0.9370725750923157,
            0.050493620336055756
          ],
          [
            -0.1698395311832428,
            0.924849271774292,
            0.3403274416923523,
            1.613538384437561
          ],
          [
            0.0,
            0.0,
            0.0,
            1.0
          ]
        ]
      },
      "bone_length_armature_space": 0.15509120951422684,
      "parent": "neck_01",
      "has_children": false,
      "is_end_bone": true
    },
    "upperarm_l": {
      "name": "upperarm_l",
      "local": {
        "location": {
          "x": 0.0,
          "y": 0.0,
          "z": 0.0
        },
        "rotation_quaternion": {
          "w": 0.7952241897583008,
          "x": 0.5106679797172546,
          "y": 0.2314336746931076,
          "z": -0.23081433773040771
        },
        "scale": {
          "x": 1.0,
          "y": 1.0,
          "z": 1.0
        },
        "matrix_basis": [
          [
            0.7863264083862305,
            0.6034698486328125,
            0.1323443353176117,
            0.0
          ],
          [
            -0.13072675466537476,
            0.37188592553138733,
            -0.9190275073051453,
            0.0
          ],
          [
            -0.6038222908973694,
            0.705354630947113,
            0.37131333351135254,
            0.0
          ],
          [
            0.0,
            0.0,
            0.0,
            1.0
          ]
        ],
        "rotation_mode": "QUATERNION"
      },
      "armature_space": {
        "head": {
          "x": 0.16253039240837097,
          "y": -0.014180107042193413,
          "z": 0.49175557494163513
        },
        "tail": {
          "x": 0.24787260591983795,
          "y": -0.2130860835313797,
          "z": 0.33376455307006836
        }
      },
      "world_space": {
        "head": {
          "x": 0.16253039240837097,
          "y": 0.04906389117240906,
          "z": 1.4416096210479736
        },
        "tail": {
          "x": 0.24787260591983795,
          "y": -0.14984208345413208,
          "z": 1.2836185693740845
        },
        "rotation_quaternion": {
          "w": 0.09421178698539734,
          "x": -0.6435571908950806,
          "y": -0.34639284014701843,
          "z": 0.6759957075119019
        },
        "matrix": [
          [
            -0.1539161652326584,
            0.31847742199897766,
            -0.9353514313697815,
            0.16253039240837097
          ],
          [
            0.5732207894325256,
            -0.7422711253166199,
            -0.3470615744590759,
            0.04906389117240906
          ],
          [
            -0.8048205971717834,
            -0.5895860195159912,
            -0.06831115484237671,
            1.4416096210479736
          ],
          [
            0.0,
            0.0,
            0.0,
            1.0
          ]
        ]
      },
      "bone_length_armature_space": 0.2679702233602096,
      "parent": "spine_01",
      "has_children": true,
      "is_end_bone": false
    },
    "lowerarm_l": {
      "name": "lowerarm_l",
      "local": {
        "location": {
          "x": 0.0,
          "y": 0.0,
          "z": 0.0
        },
        "rotation_quaternion": {
          "w": 0.8450239896774292,
          "x": 0.4878452718257904,
          "y": -0.17534832656383514,
          "z": 0.1311274617910385
        },
        "scale": {
          "x": 1.0,
          "y": 1.0,
          "z": 1.0
        },
        "matrix_basis": [
          [
            0.9041171073913574,
            -0.39269739389419556,
            -0.16840726137161255,
            0.0
          ],
          [
            0.05052599683403969,
            0.48962515592575073,
            -0.8704679012298584,
            0.0
          ],
          [
            0.4242869019508362,
            0.7784959673881531,
            0.46251991391181946,
            0.0
          ],
          [
            0.0,
            0.0,
            0.0,
            1.0
          ]
        ],
        "rotation_mode": "QUATERNION"
      },
      "armature_space": {
        "head": {
          "x": 0.24787260591983795,
          "y": -0.21308623254299164,
          "z": 0.33376458287239075
        },
        "tail": {
          "x": 0.10945957899093628,
          "y": -0.43813356757164,
          "z": 0.3757752776145935
        }
      },
      "world_space": {
        "head": {
          "x": 0.24787260591983795,
          "y": -0.14984223246574402,
          "z": 1.2836185693740845
        },
        "tail": {
          "x": 0.10945957899093628,
          "y": -0.3748895525932312,
          "z": 1.3256292343139648
        },
        "rotation_quaternion": {
          "w": 0.21700558066368103,
          "x": -0.3709866404533386,
          "y": 0.1797153651714325,
          "z": 0.8848615884780884
        },
        "matrix": [
          [
            -0.6305550336837769,
            -0.5173845291137695,
            -0.5785447359085083,
            0.24787260591983795
          ],
          [
            0.2506958246231079,
            -0.8412214517593384,
            0.47905948758125305,
            -0.14984223246574402
          ],
          [
            -0.7345470190048218,
            0.1570349633693695,
            0.6601476073265076,
            1.2836185693740845
          ],
          [
            0.0,
            0.0,
            0.0,
            1.0
          ]
        ]
      },
      "bone_length_armature_space": 0.26752451417034734,
      "parent": "upperarm_l",
      "has_children": true,
      "is_end_bone": false
    },
    "metacarpal_thumb_l": {
      "name": "metacarpal_thumb_l",
      "local": {
        "location": {
          "x": 0.0,
          "y": 0.0,
          "z": 0.0
        },
        "rotation_quaternion": {
          "w": 0.9991110563278198,
          "x": -0.039489906281232834,
          "y": 0.011607732623815536,
          "z": -0.009108038619160652
        },
        "scale": {
          "x": 1.0,
          "y": 1.0,
          "z": 1.0
        },
        "matrix_basis": [
          [
            0.9995645880699158,
            0.017283108085393906,
            0.02391417883336544,
            0.0
          ],
          [
            -0.019116660580039024,
            0.9967151880264282,
            0.07869815826416016,
            0.0
          ],
          [
            -0.022475477308034897,
            -0.07912105321884155,
            0.9966115951538086,
            0.0
          ],
          [
            0.0,
            0.0,
            0.0,
            1.0
          ]
        ],
        "rotation_mode": "QUATERNION"
      },
      "armature_space": {
        "head": {
          "x": 0.10945957899093628,
          "y": -0.43813356757164,
          "z": 0.3757752776145935
        },
        "tail": {
          "x": 0.06888246536254883,
          "y": -0.456921249628067,
          "z": 0.39708516001701355
        }
      },
      "world_space": {
        "head": {
          "x": 0.10945957899093628,
          "y": -0.3748895525932312,
          "z": 1.3256292343139648
        },
        "tail": {
          "x": 0.06888246536254883,
          "y": -0.3936772346496582,
          "z": 1.346939206123352
        },
        "rotation_quaternion": {
          "w": 0.032851774245500565,
          "x": 0.7567168474197388,
          "y": -0.5561243891716003,
          "z": -0.34209099411964417
        },
        "matrix": [
          [
            0.14739754796028137,
            -0.8191823959350586,
            -0.5542692542076111,
            0.10945957899093628
          ],
          [
            -0.8641337752342224,
            -0.3792911469936371,
            0.33077314496040344,
            -0.3748895525932312
          ],
          [
            -0.48119714856147766,
            0.43021029233932495,
            -0.7637947201728821,
            1.3256292343139648
          ],
          [
            0.0,
            0.0,
            0.0,
            1.0
          ]
        ]
      },
      "bone_length_armature_space": 0.049533728392667724,
      "parent": "lowerarm_l",
      "has_children": true,
      "is_end_bone": false
    },
    "thumb_01_l": {
      "name": "thumb_01_l",
      "local": {
        "location": {
          "x": 0.0,
          "y": 0.0,
          "z": 0.0
        },
        "rotation_quaternion": {
          "w": 0.9498122334480286,
          "x": 0.31244713068008423,
          "y": -0.008540259674191475,
          "z": -0.012674192897975445
        },
        "scale": {
          "x": 1.0,
          "y": 1.0,
          "z": 1.0
        },
        "matrix_basis": [
          [
            0.9995328783988953,
            0.018739446997642517,
            -0.024143315851688385,
            0.0
          ],
          [
            -0.02941296622157097,
            0.8044323325157166,
            -0.5933157205581665,
            0.0
          ],
          [
            0.008303255774080753,
            0.5937486886978149,
            0.8046076893806458,
            0.0
          ],
          [
            0.0,
            0.0,
            0.0,
            1.0
          ]
        ],
        "rotation_mode": "QUATERNION"
      },
      "armature_space": {
        "head": {
          "x": 0.06888246536254883,
          "y": -0.456921249628067,
          "z": 0.39708516001701355
        },
        "tail": {
          "x": 0.042771581560373306,
          "y": -0.4719078242778778,
          "z": 0.38120266795158386
        }
      },
      "world_space": {
        "head": {
          "x": 0.06888246536254883,
          "y": -0.3936772346496582,
          "z": 1.346939206123352
        },
        "tail": {
          "x": 0.042771581560373306,
          "y": -0.408663809299469,
          "z": 1.3310567140579224
        },
        "rotation_quaternion": {
          "w": 0.11050331592559814,
          "x": 0.6169071793556213,
          "y": -0.5173454880714417,
          "z": 0.5827248096466064
        },
        "matrix": [
          [
            -0.21443113684654236,
            -0.7670968174934387,
            0.6046339273452759,
            0.06888246536254883
          ],
          [
            -0.5095213651657104,
            -0.4402816593647003,
            -0.7392833828926086,
            -0.3936772346496582
          ],
          [
            0.8333163857460022,
            -0.46660298109054565,
            -0.2964448034763336,
            1.346939206123352
          ],
          [
            0.0,
            0.0,
            0.0,
            1.0
          ]
        ]
      },
      "bone_length_armature_space": 0.0340386428840113,
      "parent": "metacarpal_thumb_l",
      "has_children": true,
      "is_end_bone": false
    },
    "thumb_02_l": {
      "name": "thumb_02_l",
      "local": {
        "location": {
          "x": 0.0,
          "y": 0.0,
          "z": 0.0
        },
        "rotation_quaternion": {
          "w": 0.8986595273017883,
          "x": 0.4384101927280426,
          "y": 0.005056052468717098,
          "z": 0.013489015400409698
        },
        "scale": {
          "x": 1.0,
          "y": 1.0,
          "z": 1.0
        },
        "matrix_basis": [
          [
            0.999584972858429,
            -0.019810814410448074,
            0.02091478370130062,
            0.0
          ],
          [
            0.028677314519882202,
            0.615229070186615,
            -0.7878265976905823,
            0.0
          ],
          [
            0.002740104217082262,
            0.7880994081497192,
            0.6155418753623962,
            0.0
          ],
          [
            0.0,
            0.0,
            0.0,
            1.0
          ]
        ],
        "rotation_mode": "QUATERNION"
      },
      "armature_space": {
        "head": {
          "x": 0.04277157038450241,
          "y": -0.47190776467323303,
          "z": 0.3812026381492615
        },
        "tail": {
          "x": 0.0667433962225914,
          "y": -0.49843505024909973,
          "z": 0.3995012044906616
        }
      },
      "world_space": {
        "head": {
          "x": 0.04277157038450241,
          "y": -0.4086637496948242,
          "z": 1.3310565948486328
        },
        "tail": {
          "x": 0.0667433962225914,
          "y": -0.4351910352706909,
          "z": 1.3493552207946777
        },
        "rotation_quaternion": {
          "w": 0.14525167644023895,
          "x": -0.48287808895111084,
          "y": -0.38557547330856323,
          "z": -0.7726980447769165
        },
        "matrix": [
          [
            -0.4914623200893402,
            0.5968425869941711,
            0.6342271566390991,
            0.04277157038450241
          ],
          [
            0.14789965748786926,
            -0.6604676842689514,
            0.7361438870429993,
            -0.4086637496948242
          ],
          [
            0.8582547903060913,
            0.4555915296077728,
            0.2363244891166687,
            1.3310565948486328
          ],
          [
            0.0,
            0.0,
            0.0,
            1.0
          ]
        ]
      },
      "bone_length_armature_space": 0.0401644473461827,
      "parent": "thumb_01_l",
      "has_children": true,
      "is_end_bone": false
    },
    "thumb_03_l": {
      "name": "thumb_03_l",
      "local": {
        "location": {
          "x": 0.0,
          "y": 0.0,
          "z": 0.0
        },
        "rotation_quaternion": {
          "w": 0.991287887096405,
          "x": 0.1315048336982727,
          "y": -0.007405256852507591,
          "z": 0.0001363398041576147
        },
        "scale": {
          "x": 1.0,
          "y": 1.0,
          "z": 1.0
        },
        "matrix_basis": [
          [
            0.9998902678489685,
            -0.002217958215624094,
            -0.014645623974502087,
            0.0
          ],
          [
            -0.001677350141108036,
            0.9654129147529602,
            -0.26072031259536743,
            0.0
          ],
          [
            0.014717341400682926,
            0.2607162892818451,
            0.9653033018112183,
            0.0
          ],
          [
            0.0,
            0.0,
            0.0,
            1.0
          ]
        ],
        "rotation_mode": "QUATERNION"
      },
      "armature_space": {
        "head": {
          "x": 0.06674329936504364,
          "y": -0.4984350800514221,
          "z": 0.3995012044906616
        },
        "tail": {
          "x": 0.09292810410261154,
          "y": -0.504953145980835,
          "z": 0.4135996103286743
        }
      },
      "world_space": {
        "head": {
          "x": 0.06674329936504364,
          "y": -0.4351910948753357,
          "z": 1.3493552207946777
        },
        "tail": {
          "x": 0.09292810410261154,
          "y": -0.44170916080474854,
          "z": 1.3634536266326904
        },
        "rotation_quaternion": {
          "w": 0.39189133048057556,
          "x": -0.3045170307159424,
          "y": -0.4892587959766388,
          "z": -0.7171585559844971
        },
        "matrix": [
          [
            -0.5073806047439575,
            0.8600723147392273,
            0.053300127387046814,
            0.06674329936504364
          ],
          [
            -0.2641232907772064,
            -0.21409329771995544,
            0.9404268860816956,
            -0.4351910948753357
          ],
          [
            0.8202518820762634,
            0.463079571723938,
            0.33579522371292114,
            1.3493552207946777
          ],
          [
            0.0,
            0.0,
            0.0,
            1.0
          ]
        ]
      },
      "bone_length_armature_space": 0.03044493744136643,
      "parent": "thumb_02_l",
      "has_children": false,
      "is_end_bone": true
    },
    "metacarpal_index_l": {
      "name": "metacarpal_index_l",
      "local": {
        "location": {
          "x": 0.0,
          "y": 0.0,
          "z": 0.0
        },
        "rotation_quaternion": {
          "w": 0.9994434714317322,
          "x": -0.03222346305847168,
          "y": 0.007910425774753094,
          "z": 0.0034336200915277004
        },
        "scale": {
          "x": 1.0,
          "y": 1.0,
          "z": 1.0
        },
        "matrix_basis": [
          [
            0.9998512864112854,
            -0.007373221218585968,
            0.015590760856866837,
            0.0
          ],
          [
            0.0063536157831549644,
            0.9978997111320496,
            0.06446538120508194,
            0.0
          ],
          [
            -0.01603333279490471,
            -0.0643567368388176,
            0.9977981448173523,
            0.0
          ],
          [
            0.0,
            0.0,
            0.0,
            1.0
          ]
        ],
        "rotation_mode": "QUATERNION"
      },
      "armature_space": {
        "head": {
          "x": 0.10945957899093628,
          "y": -0.43813356757164,
          "z": 0.3757752776145935
        },
        "tail": {
          "x": 0.032968536019325256,
          "y": -0.5176199674606323,
          "z": 0.41527554392814636
        }
      },
      "world_space": {
        "head": {
          "x": 0.10945957899093628,
          "y": -0.3748895525932312,
          "z": 1.3256292343139648
        },
        "tail": {
          "x": 0.032968536019325256,
          "y": -0.4543759822845459,
          "z": 1.3651295900344849
        },
        "rotation_quaternion": {
          "w": 0.09406739473342896,
          "x": -0.6926417350769043,
          "y": 0.38982412219047546,
          "z": 0.5995296835899353
        },
        "matrix": [
          [
            -0.022798238322138786,
            -0.6528114080429077,
            -0.7571775317192078,
            0.10945957899093628
          ],
          [
            -0.4272250235080719,
            -0.6783750057220459,
            0.5977340936660767,
            -0.3748895525932312
          ],
          [
            -0.9038646817207336,
            0.33711421489715576,
            -0.26343291997909546,
            1.3256292343139648
          ],
          [
            0.0,
            0.0,
            0.0,
            1.0
          ]
        ]
      },
      "bone_length_armature_space": 0.11717183187169575,
      "parent": "lowerarm_l",
      "has_children": true,
      "is_end_bone": false
    },
    "index_01_l": {
      "name": "index_01_l",
      "local": {
        "location": {
          "x": 0.0,
          "y": 0.0,
          "z": 0.0
        },
        "rotation_quaternion": {
          "w": 0.9483077526092529,
          "x": 0.3167429268360138,
          "y": 0.018155312165617943,
          "z": -0.0075348797254264355
        },
        "scale": {
          "x": 1.0,
          "y": 1.0,
          "z": 1.0
        },
        "matrix_basis": [
          [
            0.9992272257804871,
            0.02579190395772457,
            0.029660407453775406,
            0.0
          ],
          [
            -0.0027896363753825426,
            0.7992342710494995,
            -0.6010131239891052,
            0.0
          ],
          [
            -0.03920688480138779,
            0.6004659533500671,
            0.7986885905265808,
            0.0
          ],
          [
            0.0,
            0.0,
            0.0,
            1.0
          ]
        ],
        "rotation_mode": "QUATERNION"
      },
      "armature_space": {
        "head": {
          "x": 0.032968536019325256,
          "y": -0.5176199674606323,
          "z": 0.41527554392814636
        },
        "tail": {
          "x": 0.00719224289059639,
          "y": -0.528953492641449,
          "z": 0.4107806980609894
        }
      },
      "world_space": {
        "head": {
          "x": 0.032968536019325256,
          "y": -0.4543759822845459,
          "z": 1.3651295900344849
        },
        "tail": {
          "x": 0.00719224289059639,
          "y": -0.46570950746536255,
          "z": 1.360634684562683
        },
        "rotation_quaternion": {
          "w": 0.3817528188228607,
          "x": -0.691550612449646,
          "y": 0.39437437057495117,
          "z": 0.4695652425289154
        },
        "matrix": [
          [
            0.24795447289943695,
            -0.9039756059646606,
            -0.3483489453792572,
            0.032968536019325256
          ],
          [
            -0.18694530427455902,
            -0.39746734499931335,
            0.8983713984489441,
            -0.4543759822845459
          ],
          [
            -0.9505700469017029,
            -0.15763449668884277,
            -0.2675488591194153,
            1.3651295900344849
          ],
          [
            0.0,
            0.0,
            0.0,
            1.0
          ]
        ]
      },
      "bone_length_armature_space": 0.02851437737298571,
      "parent": "metacarpal_index_l",
      "has_children": true,
      "is_end_bone": false
    },
    "index_02_l": {
      "name": "index_02_l",
      "local": {
        "location": {
          "x": 0.0,
          "y": 0.0,
          "z": 0.0
        },
        "rotation_quaternion": {
          "w": 0.9066448211669922,
          "x": 0.42174118757247925,
          "y": -0.01109243556857109,
          "z": 0.00259937415830791
        },
        "scale": {
          "x": 1.0,
          "y": 1.0,
          "z": 1.0
        },
        "matrix_basis": [
          [
            0.9997404217720032,
            -0.014069692231714725,
            -0.017921272665262222,
            0.0
          ],
          [
            -0.00464285584166646,
            0.6442552208900452,
            -0.7647966146469116,
            0.0
          ],
          [
            0.022306324914097786,
            0.7646812796592712,
            0.6440226435661316,
            0.0
          ],
          [
            0.0,
            0.0,
            0.0,
            1.0
          ]
        ],
        "rotation_mode": "QUATERNION"
      },
      "armature_space": {
        "head": {
          "x": 0.0071917250752449036,
          "y": -0.5289533138275146,
          "z": 0.41078075766563416
        },
        "tail": {
          "x": -0.015273889526724815,
          "y": -0.5185555219650269,
          "z": 0.4040522873401642
        }
      },
      "world_space": {
        "head": {
          "x": 0.0071917250752449036,
          "y": -0.4657093286514282,
          "z": 1.3606348037719727
        },
        "tail": {
          "x": -0.015273889526724815,
          "y": -0.45531153678894043,
          "z": 1.353906273841858
        },
        "rotation_quaternion": {
          "w": 0.645798921585083,
          "x": -0.4535590708255768,
          "y": 0.5344192981719971,
          "z": 0.30269476771354675
        },
        "matrix": [
          [
            0.24554432928562164,
            -0.8757408857345581,
            0.41567569971084595,
            0.0071917250752449036
          ],
          [
            -0.09382064640522003,
            0.4053211808204651,
            0.9093473553657532,
            -0.4657093286514282
          ],
          [
            -0.9648415446281433,
            -0.2622855305671692,
            0.017362698912620544,
            1.3606348037719727
          ],
          [
            0.0,
            0.0,
            0.0,
            1.0
          ]
        ]
      },
      "bone_length_armature_space": 0.025653269382092288,
      "parent": "index_01_l",
      "has_children": true,
      "is_end_bone": false
    },
    "index_03_l": {
      "name": "index_03_l",
      "local": {
        "location": {
          "x": 0.0,
          "y": 0.0,
          "z": 0.0
        },
        "rotation_quaternion": {
          "w": 0.9326686859130859,
          "x": 0.3606976270675659,
          "y": 0.002583442023023963,
          "z": -0.00444946950301528
        },
        "scale": {
          "x": 1.0,
          "y": 1.0,
          "z": 1.0
        },
        "matrix_basis": [
          [
            0.9999470710754395,
            0.01016344502568245,
            0.0016091647557914257,
            0.0
          ],
          [
            -0.006436078809201717,
            0.739754855632782,
            -0.6728457808494568,
            0.0
          ],
          [
            -0.008028817363083363,
            0.6727997660636902,
            0.7397810816764832,
            0.0
          ],
          [
            0.0,
            0.0,
            0.0,
            1.0
          ]
        ],
        "rotation_mode": "QUATERNION"
      },
      "armature_space": {
        "head": {
          "x": -0.015273945406079292,
          "y": -0.5185556411743164,
          "z": 0.4040523171424866
        },
        "tail": {
          "x": -0.022629130631685257,
          "y": -0.4914954602718353,
          "z": 0.3958437442779541
        }
      },
      "world_space": {
        "head": {
          "x": -0.015273945406079292,
          "y": -0.45531165599823,
          "z": 1.3539063930511475
        },
        "tail": {
          "x": -0.022629130631685257,
          "y": -0.4282514452934265,
          "z": 1.3456977605819702
        },
        "rotation_quaternion": {
          "w": 0.7791538238525391,
          "x": -0.19161979854106903,
          "y": 0.5966421961784363,
          "z": 0.014806379564106464
        },
        "matrix": [
          [
            0.28759801387786865,
            -0.2517288625240326,
            0.9240781664848328,
            -0.015273945406079292
          ],
          [
            -0.20558425784111023,
            0.9261255860328674,
            0.31627005338668823,
            -0.45531165599823
          ],
          [
            -0.9354332089424133,
            -0.280935674905777,
            0.2146022617816925,
            1.3539063930511475
          ],
          [
            0.0,
            0.0,
            0.0,
            1.0
          ]
        ]
      },
      "bone_length_armature_space": 0.029218706078296335,
      "parent": "index_02_l",
      "has_children": false,
      "is_end_bone": true
    },
    "metacarpal_pinky_l": {
      "name": "metacarpal_pinky_l",
      "local": {
        "location": {
          "x": 0.0,
          "y": 0.0,
          "z": 0.0
        },
        "rotation_quaternion": {
          "w": 0.999565839767456,
          "x": -0.02487710863351822,
          "y": 0.0014210933586582541,
          "z": 0.015728967264294624
        },
        "scale": {
          "x": 1.0,
          "y": 1.0,
          "z": 1.0
        },
        "matrix_basis": [
          [
            0.9995011687278748,
            -0.031514983624219894,
            0.0020583702716976404,
            0.0
          ],
          [
            0.03137357160449028,
            0.9982674717903137,
            0.0497773215174675,
            0.0
          ],
          [
            -0.003623535158112645,
            -0.049687910825014114,
            0.9987581968307495,
            0.0
          ],
          [
            0.0,
            0.0,
            0.0,
            1.0
          ]
        ],
        "rotation_mode": "QUATERNION"
      },
      "armature_space": {
        "head": {
          "x": 0.10945957899093628,
          "y": -0.43813356757164,
          "z": 0.3757752776145935
        },
        "tail": {
          "x": 0.07677493989467621,
          "y": -0.5362968444824219,
          "z": 0.36398935317993164
        }
      },
      "world_space": {
        "head": {
          "x": 0.10945957899093628,
          "y": -0.3748895525932312,
          "z": 1.3256292343139648
        },
        "tail": {
          "x": 0.07677493989467621,
          "y": -0.47305285930633545,
          "z": 1.3138433694839478
        },
        "rotation_quaternion": {
          "w": 0.1423616260290146,
          "x": 0.2204340547323227,
          "y": -0.09158065915107727,
          "z": 0.9606013894081116
        },
        "matrix": [
          [
            -0.8622843623161316,
            -0.3138807713985443,
            0.3974231481552124,
            0.10945957899093628
          ],
          [
            0.23313075304031372,
            -0.9426922798156738,
            -0.23870749771595,
            -0.3748895525932312
          ],
          [
            0.44957679510116577,
            -0.11318382620811462,
            0.8860498666763306,
            1.3256292343139648
          ],
          [
            0.0,
            0.0,
            0.0,
            1.0
          ]
        ]
      },
      "bone_length_armature_space": 0.1041307944349283,
      "parent": "lowerarm_l",
      "has_children": true,
      "is_end_bone": false
    },
    "pinky_01_l": {
      "name": "pinky_01_l",
      "local": {
        "location": {
          "x": 0.0,
          "y": 0.0,
          "z": 0.0
        },
        "rotation_quaternion": {
          "w": 0.9464178681373596,
          "x": 0.3215799629688263,
          "y": 0.02842560037970543,
          "z": -0.008464135229587555
        },
        "scale": {
          "x": 1.0,
          "y": 1.0,
          "z": 1.0
        },
        "matrix_basis": [
          [
            0.9982407093048096,
            0.03430342301726341,
            0.04836120083928108,
            0.0
          ],
          [
            0.002260989509522915,
            0.7930293679237366,
            -0.6091792583465576,
            0.0
          ],
          [
            -0.05924878641963005,
            0.6082168221473694,
            0.7915565967559814,
            0.0
          ],
          [
            0.0,
            0.0,
            0.0,
            1.0
          ]
        ],
        "rotation_mode": "QUATERNION"
      },
      "armature_space": {
        "head": {
          "x": 0.07677493989467621,
          "y": -0.5362968444824219,
