{
  "metadata": {
    "armature_name": "KIM_caucasian_male",
    "export_time": "2026-01-13T21:15:56.338342",
    "blender_version": "4.4.1",
    "bone_count": 56,
    "end_bone_count": 13,
    "spaces_included": [
      "LOCAL_CHANNELS",
      "ARMATURE_SPACE",
      "WORLD_SPACE"
    ],
    "note": "LOCAL matches Transform panel; replay pose via local.matrix_basis for best fidelity."
  },
  "bones": {
    "Root": {
      "name": "Root",
      "local": {
        "location": {
          "x": 0.0,
          "y": 0.0,
          "z": 0.0
        },
        "rotation_quaternion": {
          "w": 0.9995198845863342,
          "x": -0.004734252579510212,
          "y": -0.012904523871839046,
          "z": 0.027768634259700775
        },
        "scale": {
          "x": 1.0,
          "y": 1.0,
          "z": 1.0
        },
        "matrix_basis": [
          [
            0.9981247782707214,
            -0.05538841709494591,
            -0.026059584692120552,
            0.0
          ],
          [
            0.05563279241323471,
            0.9984129667282104,
            0.008747276850044727,
            0.0
          ],
          [
            0.025533728301525116,
            -0.01018064096570015,
            0.999622106552124,
            0.0
          ],
          [
            0.0,
            0.0,
            0.0,
            1.0
          ]
        ],
        "rotation_mode": "QUATERNION"
      },
      "armature_space": {
        "head": {
          "x": 0.0,
          "y": 0.07072800397872925,
          "z": -0.009595036506652832
        },
        "tail": {
          "x": -0.003953396342694759,
          "y": 0.0002099350094795227,
          "z": 0.0007048342376947403
        }
      },
      "world_space": {
        "head": {
          "x": 0.0,
          "y": 0.13397200405597687,
          "z": 0.9402589797973633
        },
        "tail": {
          "x": -0.003953396342694759,
          "y": 0.06345393508672714,
          "z": 0.9505588412284851
        },
        "rotation_quaternion": {
          "w": 0.07205880433320999,
          "x": 0.9969302415847778,
          "y": -0.028574900701642036,
          "z": -0.0110044926404953
        },
        "matrix": [
          [
            0.9981247782707214,
            -0.05538841709494591,
            -0.026059584692120552,
            0.0
          ],
          [
            -0.058560311794281006,
            -0.9879819750785828,
            -0.1430467814207077,
            0.13397200405597687
          ],
          [
            -0.017823442816734314,
            0.14430466294288635,
            -0.9893798828125,
            0.9402589797973633
          ],
          [
            0.0,
            0.0,
            0.0,
            1.0
          ]
        ]
      },
      "bone_length_armature_space": 0.07137586777932706,
      "parent": null,
      "has_children": true,
      "is_end_bone": false
    },
    "spine_01": {
      "name": "spine_01",
      "local": {
        "location": {
          "x": 0.0,
          "y": 0.0,
          "z": 0.0
        },
        "rotation_quaternion": {
          "w": 0.9979005455970764,
          "x": -0.0017830902943387628,
          "y": 0.04674919694662094,
          "z": 0.04478807374835014
        },
        "scale": {
          "x": 1.0,
          "y": 1.0,
          "z": 1.0
        },
        "matrix_basis": [
          [
            0.9916170835494995,
            -0.0895548015832901,
            0.09314237534999847,
            0.0
          ],
          [
            0.08922137320041656,
            0.9959816932678223,
            0.007746306713670492,
            0.0
          ],
          [
            -0.09346181899309158,
            0.0006289193988777697,
            0.9956226944923401,
            0.0
          ],
          [
            0.0,
            0.0,
            0.0,
            1.0
          ]
        ],
        "rotation_mode": "QUATERNION"
      },
      "armature_space": {
        "head": {
          "x": -0.003953396342694759,
          "y": 0.0002099350094795227,
          "z": 0.0007048342376947403
        },
        "tail": {
          "x": -0.03734324127435684,
          "y": 0.029477648437023163,
          "z": 0.4866853356361389
        }
      },
      "world_space": {
        "head": {
          "x": -0.003953396342694759,
          "y": 0.06345393508672714,
          "z": 0.9505588412284851
        },
        "tail": {
          "x": -0.03734324127435684,
          "y": 0.09272164851427078,
          "z": 1.4365394115447998
        },
        "rotation_quaternion": {
          "w": 0.7279283404350281,
          "x": 0.684562087059021,
          "y": -0.010362779721617699,
          "z": 0.03725210204720497
        },
        "matrix": [
          [
            0.997009813785553,
            -0.06842163950204849,
            0.03591647371649742,
            -0.003953396342694759
          ],
          [
            0.04004628211259842,
            0.05997467041015625,
            -0.9973964095115662,
            0.06345393508672714
          ],
          [
            0.06608991324901581,
            0.9958592057228088,
            0.0625348910689354,
            0.9505588412284851
          ],
          [
            0.0,
            0.0,
            0.0,
            1.0
          ]
        ]
      },
      "bone_length_armature_space": 0.48800464937712,
      "parent": "Root",
      "has_children": true,
      "is_end_bone": false
    },
    "neck_01": {
      "name": "neck_01",
      "local": {
        "location": {
          "x": 0.0,
          "y": 0.0,
          "z": 0.0
        },
        "rotation_quaternion": {
          "w": 0.9874135851860046,
          "x": 0.06266437470912933,
          "y": 0.00954499002546072,
          "z": -0.14490212500095367
        },
        "scale": {
          "x": 1.0,
          "y": 1.0,
          "z": 1.0
        },
        "matrix_basis": [
          [
            0.9578245282173157,
            0.28735291957855225,
            0.0006893035024404526,
            0.0
          ],
          [
            -0.28496038913726807,
            0.950153112411499,
            -0.12651748955249786,
            0.0
          ],
          [
            -0.037010107189416885,
            0.12098512798547745,
            0.9919641613960266,
            0.0
          ],
          [
            0.0,
            0.0,
            0.0,
            1.0
          ]
        ],
        "rotation_mode": "QUATERNION"
      },
      "armature_space": {
        "head": {
          "x": -0.04110736772418022,
          "y": -0.0007212460041046143,
          "z": 0.561769425868988
        },
        "tail": {
          "x": -0.01585588976740837,
          "y": -0.042823247611522675,
          "z": 0.6517722606658936
        }
      },
      "world_space": {
        "head": {
          "x": -0.04110736772418022,
          "y": 0.062522754073143,
          "z": 1.5116233825683594
        },
        "tail": {
          "x": -0.01585588976740837,
          "y": 0.020420752465724945,
          "z": 1.6016262769699097
        },
        "rotation_quaternion": {
          "w": 0.5288873910903931,
          "x": 0.8389381170272827,
          "y": 0.12224968522787094,
          "z": -0.03893502801656723
        },
        "matrix": [
          [
            0.9670780897140503,
            0.24630460143089294,
            0.06398557126522064,
            -0.04110736772418022
          ],
          [
            0.16393636167049408,
            -0.41066575050354004,
            -0.896927535533905,
            0.062522754073143
          ],
          [
            -0.1946418136358261,
            0.8778939843177795,
            -0.4375278949737549,
            1.5116233825683594
          ],
          [
            0.0,
            0.0,
            0.0,
            1.0
          ]
        ]
      },
      "bone_length_armature_space": 0.10252183332336796,
      "parent": "spine_01",
      "has_children": true,
      "is_end_bone": false
    },
    "head": {
      "name": "head",
      "local": {
        "location": {
          "x": 0.0,
          "y": 0.0,
          "z": 0.0
        },
        "rotation_quaternion": {
          "w": 0.9675646424293518,
          "x": 0.030063698068261147,
          "y": -0.14182761311531067,
          "z": -0.2068813443183899
        },
        "scale": {
          "x": 1.0,
          "y": 1.0,
          "z": 1.0
        },
        "matrix_basis": [
          [
            0.8741700649261475,
            0.3918144106864929,
            -0.2868939936161041,
            0.0
          ],
          [
            -0.4088698625564575,
            0.9125925898551941,
            0.0005058319657109678,
            0.0
          ],
          [
            0.26201552152633667,
            0.11686011403799057,
            0.9579622149467468,
            0.0
          ],
          [
            0.0,
            0.0,
            0.0,
            1.0
          ]
        ],
        "rotation_mode": "QUATERNION"
      },
      "armature_space": {
        "head": {
          "x": -0.015855897217988968,
          "y": -0.04282335937023163,
          "z": 0.651772141456604
        },
        "tail": {
          "x": 0.0747300386428833,
          "y": -0.05921608582139015,
          "z": 0.776586651802063
        }
      },
      "world_space": {
        "head": {
          "x": -0.015855897217988968,
          "y": 0.02042064070701599,
          "z": 1.6016261577606201
        },
        "tail": {
          "x": 0.0747300386428833,
          "y": 0.004027914255857468,
          "z": 1.726440668106079
        },
        "rotation_quaternion": {
          "w": 0.6450256705284119,
          "x": 0.6956233382225037,
          "y": 0.17633311450481415,
          "z": -0.26259613037109375
        },
        "matrix": [
          [
            0.799900233745575,
            0.5840854048728943,
            -0.13785536587238312,
            -0.015855897217988968
          ],
          [
            -0.09343670308589935,
            -0.10569801181554794,
            -0.989998996257782,
            0.02042064070701599
          ],
          [
            -0.5928189754486084,
            0.8047865033149719,
            -0.029973968863487244,
            1.6016261577606201
          ],
          [
            0.0,
            0.0,
            0.0,
            1.0
          ]
        ]
      },
      "bone_length_armature_space": 0.1550909250271332,
      "parent": "neck_01",
      "has_children": false,
      "is_end_bone": true
    },
    "upperarm_l": {
      "name": "upperarm_l",
      "local": {
        "location": {
          "x": 0.0,
          "y": 0.0,
          "z": 0.0
        },
        "rotation_quaternion": {
          "w": 0.9664081335067749,
          "x": 0.13846787810325623,
          "y": 0.19160997867584229,
          "z": -0.10083501040935516
        },
        "scale": {
          "x": 1.0,
          "y": 1.0,
          "z": 1.0
        },
        "matrix_basis": [
          [
            0.9062358140945435,
            0.2479591965675354,
            0.3424220681190491,
            0.0
          ],
          [
            -0.1418318897485733,
            0.9413179159164429,
            -0.306274950504303,
            0.0
          ],
          [
            -0.39827170968055725,
            0.22899097204208374,
            0.8882245421409607,
            0.0
          ],
          [
            0.0,
            0.0,
            0.0,
            1.0
          ]
        ],
        "rotation_mode": "QUATERNION"
      },
      "armature_space": {
        "head": {
          "x": 0.11315711587667465,
          "y": -0.0019258931279182434,
          "z": 0.5049527883529663
        },
        "tail": {
          "x": 0.3720565140247345,
          "y": -0.04591001570224762,
          "z": 0.4516218602657318
        }
      },
      "world_space": {
        "head": {
          "x": 0.11315711587667465,
          "y": 0.061318106949329376,
          "z": 1.4548068046569824
        },
        "tail": {
          "x": 0.3720565140247345,
          "y": 0.017333984375,
          "z": 1.4014759063720703
        },
        "rotation_quaternion": {
          "w": 0.31064632534980774,
          "x": 0.5813575983047485,
          "y": 0.5669460296630859,
          "z": -0.4940592646598816
        },
        "matrix": [
          [
            -0.13104651868343353,
            0.9661527276039124,
            -0.22220732271671295,
            0.11315711587667465
          ],
          [
            0.35224008560180664,
            -0.1641385853290558,
            -0.921404242515564,
            0.061318106949329376
          ],
          [
            -0.9266958832740784,
            -0.199018657207489,
            -0.3188108801841736,
            1.4548068046569824
          ],
          [
            0.0,
            0.0,
            0.0,
            1.0
          ]
        ]
      },
      "bone_length_armature_space": 0.2679695617167187,
      "parent": "spine_01",
      "has_children": true,
      "is_end_bone": false
    },
    "lowerarm_l": {
      "name": "lowerarm_l",
      "local": {
        "location": {
          "x": 0.0,
          "y": 0.0,
          "z": 0.0
        },
        "rotation_quaternion": {
          "w": 0.9975632429122925,
          "x": 0.015740878880023956,
          "y": -0.039756789803504944,
          "z": -0.05513019114732742
        },
        "scale": {
          "x": 1.0,
          "y": 1.0,
          "z": 1.0
        },
        "matrix_basis": [
          [
            0.9907601475715637,
            0.10874009132385254,
            -0.0810554176568985,
            0.0
          ],
          [
            -0.11124331504106522,
            0.9934257864952087,
            -0.027021445333957672,
            0.0
          ],
          [
            0.07758422940969467,
            0.035788644105196,
            0.9963432550430298,
            0.0
          ],
          [
            0.0,
            0.0,
            0.0,
            1.0
          ]
        ],
        "rotation_mode": "QUATERNION"
      },
      "armature_space": {
        "head": {
          "x": 0.37205660343170166,
          "y": -0.04591012001037598,
          "z": 0.451621949672699
        },
        "tail": {
          "x": 0.6158589720726013,
          "y": -0.1269918829202652,
          "z": 0.37708601355552673
        }
      },
      "world_space": {
        "head": {
          "x": 0.37205660343170166,
          "y": 0.017333880066871643,
          "z": 1.4014759063720703
        },
        "tail": {
          "x": 0.6158589720726013,
          "y": -0.06374788284301758,
          "z": 1.3269400596618652
        },
        "rotation_quaternion": {
          "w": 0.3085712492465973,
          "x": 0.5346939563751221,
          "y": 0.5032311677932739,
          "z": -0.6046856641769409
        },
        "matrix": [
          [
            -0.2377735823392868,
            0.9113273024559021,
            -0.3360751271247864,
            0.37205660343170166
          ],
          [
            0.16497066617012024,
            -0.3030816614627838,
            -0.9385769367218018,
            0.017333880066871643
          ],
          [
            -0.9572153091430664,
            -0.27861347794532776,
            -0.07827884703874588,
            1.4014759063720703
          ],
          [
            0.0,
            0.0,
            0.0,
            1.0
          ]
        ]
      },
      "bone_length_armature_space": 0.2675246790950217,
      "parent": "upperarm_l",
      "has_children": true,
      "is_end_bone": false
    },
    "metacarpal_thumb_l": {
      "name": "metacarpal_thumb_l",
      "local": {
        "location": {
          "x": 0.0,
          "y": 0.0,
          "z": 0.0
        },
        "rotation_quaternion": {
          "w": 0.9986525774002075,
          "x": -0.0505092479288578,
          "y": 0.0027817077934741974,
          "z": -0.01158054918050766
        },
        "scale": {
          "x": 1.0,
          "y": 1.0,
          "z": 1.0
        },
        "matrix_basis": [
          [
            0.9997162818908691,
            0.022848887369036674,
            0.0067257690243422985,
            0.0
          ],
          [
            -0.023410893976688385,
            0.994629442691803,
            0.1008179560303688,
            0.0
          ],
          [
            -0.004386069718748331,
            -0.100946806371212,
            0.9948821663856506,
            0.0
          ],
          [
            0.0,
            0.0,
            0.0,
            1.0
          ]
        ],
        "rotation_mode": "QUATERNION"
      },
      "armature_space": {
        "head": {
          "x": 0.6158589720726013,
          "y": -0.1269918829202652,
          "z": 0.37708601355552673
        },
        "tail": {
          "x": 0.6421963572502136,
          "y": -0.16513486206531525,
          "z": 0.35962051153182983
        }
      },
      "world_space": {
        "head": {
          "x": 0.6158589720726013,
          "y": -0.06374788284301758,
          "z": 1.3269400596618652
        },
        "tail": {
          "x": 0.6421963572502136,
          "y": -0.10189086198806763,
          "z": 1.3094744682312012
        },
        "rotation_quaternion": {
          "w": 0.14659185707569122,
          "x": -0.9317471981048584,
          "y": -0.3057616055011749,
          "z": 0.12987715005874634
        },
        "matrix": [
          [
            0.779283344745636,
            0.5317072868347168,
            -0.3316701054573059,
            0.6158589720726013
          ],
          [
            0.6078632473945618,
            -0.7700414061546326,
            0.19374911487102509,
            -0.06374788284301758
          ],
          [
            -0.15238240361213684,
            -0.35259848833084106,
            -0.9232919812202454,
            1.3269400596618652
          ],
          [
            0.0,
            0.0,
            0.0,
            1.0
          ]
        ]
      },
      "bone_length_armature_space": 0.04953371047221194,
      "parent": "lowerarm_l",
      "has_children": true,
      "is_end_bone": false
    },
    "thumb_01_l": {
      "name": "thumb_01_l",
      "local": {
        "location": {
          "x": 0.0,
          "y": 0.0,
          "z": 0.0
        },
        "rotation_quaternion": {
          "w": 0.9548472166061401,
          "x": 0.2965690493583679,
          "y": -0.015933047980070114,
          "z": 0.007739328779280186
        },
        "scale": {
          "x": 1.0,
          "y": 1.0,
          "z": 1.0
        },
        "matrix_basis": [
          [
            0.9993724822998047,
            -0.02423025108873844,
            -0.0258367620408535,
            0.0
          ],
          [
            0.0053292554803192616,
            0.8239737749099731,
            -0.566602885723114,
            0.0
          ],
          [
            0.035017743706703186,
            0.5661096572875977,
            0.8235858678817749,
            0.0
          ],
          [
            0.0,
            0.0,
            0.0,
            1.0
          ]
        ],
        "rotation_mode": "QUATERNION"
      },
      "armature_space": {
        "head": {
          "x": 0.6421963572502136,
          "y": -0.16513486206531525,
          "z": 0.35962051153182983
        },
        "tail": {
          "x": 0.6571941375732422,
          "y": -0.166130930185318,
          "z": 0.32908016443252563
        }
      },
      "world_space": {
        "head": {
          "x": 0.6421963572502136,
          "y": -0.10189086198806763,
          "z": 1.3094744682312012
        },
        "tail": {
          "x": 0.6571941375732422,
          "y": -0.10288693010807037,
          "z": 1.2789342403411865
        },
        "rotation_quaternion": {
          "w": 0.6886757612228394,
          "x": -0.5887095332145691,
          "y": 0.10533363372087479,
          "z": -0.4099411368370056
        },
        "matrix": [
          [
            0.6417040228843689,
            0.4406113922595978,
            0.6277562975883484,
            0.6421963572502136
          ],
          [
            -0.6886565685272217,
            -0.02926275134086609,
            0.7244970798492432,
            -0.10189086198806763
          ],
          [
            0.3375932574272156,
            -0.8972273468971252,
            0.28465455770492554,
            1.3094744682312012
          ],
          [
            0.0,
            0.0,
            0.0,
            1.0
          ]
        ]
      },
      "bone_length_armature_space": 0.034038777581633234,
      "parent": "metacarpal_thumb_l",
      "has_children": true,
      "is_end_bone": false
    },
    "thumb_02_l": {
      "name": "thumb_02_l",
      "local": {
        "location": {
          "x": 0.0,
          "y": 0.0,
          "z": 0.0
        },
        "rotation_quaternion": {
          "w": 0.8962612152099609,
          "x": 0.4435003697872162,
          "y": 0.0029328111559152603,
          "z": 0.003836294636130333
        },
        "scale": {
          "x": 1.0,
          "y": 1.0,
          "z": 1.0
        },
        "matrix_basis": [
          [
            0.9999533891677856,
            -0.004275238607078791,
            0.008659926243126392,
            0.0
          ],
          [
            0.009478050284087658,
            0.6065853834152222,
            -0.7949618697166443,
            0.0
          ],
          [
            -0.0018543335609138012,
            0.7950068712234497,
            0.6065976619720459,
            0.0
          ],
          [
            0.0,
            0.0,
            0.0,
            1.0
          ]
        ],
        "rotation_mode": "QUATERNION"
      },
      "armature_space": {
        "head": {
          "x": 0.6571941375732422,
          "y": -0.166130930185318,
          "z": 0.32908016443252563
        },
        "tail": {
          "x": 0.6833065152168274,
          "y": -0.16174861788749695,
          "z": 0.3592816889286041
        }
      },
      "world_space": {
        "head": {
          "x": 0.6571941375732422,
          "y": -0.10288693010807037,
          "z": 1.2789342403411865
        },
        "tail": {
          "x": 0.6833065152168274,
          "y": -0.09850461781024933,
          "z": 1.3091356754302979
        },
        "rotation_quaternion": {
          "w": 0.6629999279975891,
          "x": 0.2507224678993225,
          "y": -0.3390962481498718,
          "z": -0.6185329556465149
        },
        "matrix": [
          [
            0.004857813473790884,
            0.650137186050415,
            -0.7598015666007996,
            0.6571941375732422
          ],
          [
            -0.9902127981185913,
            0.10910933464765549,
            0.08702981472015381,
            -0.10288693010807037
          ],
          [
            0.1394827514886856,
            0.7519477009773254,
            0.6443085670471191,
            1.2789342403411865
          ],
          [
            0.0,
            0.0,
            0.0,
            1.0
          ]
        ]
      },
      "bone_length_armature_space": 0.04016457383689127,
      "parent": "thumb_01_l",
      "has_children": true,
      "is_end_bone": false
    },
    "thumb_03_l": {
      "name": "thumb_03_l",
      "local": {
        "location": {
          "x": 0.0,
          "y": 0.0,
          "z": 0.0
        },
        "rotation_quaternion": {
          "w": 0.9896202683448792,
          "x": 0.14368003606796265,
          "y": 0.0026054938789457083,
          "z": 0.0009979490423575044
        },
        "scale": {
          "x": 1.0,
          "y": 1.0,
          "z": 1.0
        },
        "matrix_basis": [
          [
            0.9999844431877136,
            -0.0012264662655070424,
            0.005443669855594635,
            0.0
          ],
          [
            0.002723896177485585,
            0.9587100744247437,
            -0.28437215089797974,
            0.0
          ],
          [
            -0.0048701283521950245,
            0.28438255190849304,
            0.9586985111236572,
            0.0
          ],
          [
            0.0,
            0.0,
            0.0,
            1.0
          ]
        ],
        "rotation_mode": "QUATERNION"
      },
      "armature_space": {
        "head": {
          "x": 0.6833065152168274,
          "y": -0.16174867749214172,
          "z": 0.35928162932395935
        },
        "tail": {
          "x": 0.6882757544517517,
          "y": -0.1561586856842041,
          "z": 0.3887937068939209
        }
      },
      "world_space": {
        "head": {
          "x": 0.6833065152168274,
          "y": -0.0985046774148941,
          "z": 1.3091356754302979
        },
        "tail": {
          "x": 0.6882757544517517,
          "y": -0.09291468560695648,
          "z": 1.338647723197937
        },
        "rotation_quaternion": {
          "w": 0.6773554086685181,
          "x": 0.5044509172439575,
          "y": -0.36468446254730225,
          "z": -0.3920767307281494
        },
        "matrix": [
          [
            0.4265614449977875,
            0.1632203310728073,
            -0.8896094560623169,
            0.6833065152168274
          ],
          [
            -0.8990818858146667,
            0.18361036479473114,
            -0.39741605520248413,
            -0.0985046774148941
          ],
          [
            0.09847496449947357,
            0.9693607687950134,
            0.22507067024707794,
            1.3091356754302979
          ],
          [
            0.0,
            0.0,
            0.0,
            1.0
          ]
        ]
      },
      "bone_length_armature_space": 0.03044509959391163,
      "parent": "thumb_02_l",
      "has_children": false,
      "is_end_bone": true
    },
    "metacarpal_index_l": {
      "name": "metacarpal_index_l",
      "local": {
        "location": {
          "x": 0.0,
          "y": 0.0,
          "z": 0.0
        },
        "rotation_quaternion": {
          "w": 0.9973387718200684,
          "x": -0.0711284726858139,
          "y": 0.007975432090461254,
          "z": -0.013877300545573235
        },
        "scale": {
          "x": 1.0,
          "y": 1.0,
          "z": 1.0
        },
        "matrix_basis": [
          [
            0.9994876384735107,
            0.02654617838561535,
            0.017882557585835457,
            0.0
          ],
          [
            -0.02881530113518238,
            0.9894963502883911,
            0.1416570097208023,
            0.0
          ],
          [
            -0.013934273272752762,
            -0.14209972321987152,
            0.9897542595863342,
            0.0
          ],
          [
            0.0,
            0.0,
            0.0,
            1.0
          ]
        ],
        "rotation_mode": "QUATERNION"
      },
      "armature_space": {
        "head": {
          "x": 0.6158589720726013,
          "y": -0.1269918829202652,
          "z": 0.37708601355552673
        },
        "tail": {
          "x": 0.7136196494102478,
          "y": -0.18509332835674286,
          "z": 0.3488672375679016
        }
      },
      "world_space": {
        "head": {
          "x": 0.6158589720726013,
          "y": -0.06374788284301758,
          "z": 1.3269400596618652
        },
        "tail": {
          "x": 0.7136196494102478,
          "y": -0.12184932827949524,
          "z": 1.2987213134765625
        },
        "rotation_quaternion": {
          "w": 0.041354432702064514,
          "x": 0.8083293437957764,
          "y": 0.5003562569618225,
          "z": -0.30746889114379883
        },
        "matrix": [
          [
            0.310212105512619,
            0.8343368768692017,
            -0.455687016248703,
            0.6158589720726013
          ],
          [
            0.7834747433662415,
            -0.49586573243141174,
            -0.37454622983932495,
            -0.06374788284301758
          ],
          [
            -0.5384602546691895,
            -0.2408326268196106,
            -0.8075112104415894,
            1.3269400596618652
          ],
          [
            0.0,
            0.0,
            0.0,
            1.0
          ]
        ]
      },
      "bone_length_armature_space": 0.11717178666545393,
      "parent": "lowerarm_l",
      "has_children": true,
      "is_end_bone": false
    },
    "index_01_l": {
      "name": "index_01_l",
      "local": {
        "location": {
          "x": 0.0,
          "y": 0.0,
          "z": 0.0
        },
        "rotation_quaternion": {
          "w": 0.9382330179214478,
          "x": 0.3456794321537018,
          "y": 0.011079901829361916,
          "z": -0.010086477734148502
        },
        "scale": {
          "x": 1.0,
          "y": 1.0,
          "z": 1.0
        },
        "matrix_basis": [
          [
            0.999550998210907,
            0.026587121188640594,
            0.013817683793604374,
            0.0
          ],
          [
            -0.011266744695603848,
            0.760807991027832,
            -0.6488792300224304,
            0.0
          ],
          [
            -0.02776443585753441,
            0.648432195186615,
            0.7607659101486206,
            0.0
          ],
          [
            0.0,
            0.0,
            0.0,
            1.0
          ]
        ],
        "rotation_mode": "QUATERNION"
      },
      "armature_space": {
        "head": {
          "x": 0.7136196494102478,
          "y": -0.18509332835674286,
          "z": 0.3488672375679016
        },
        "tail": {
          "x": 0.7279192805290222,
          "y": -0.19463148713111877,
          "z": 0.3261159658432007
        }
      },
      "world_space": {
        "head": {
          "x": 0.7136196494102478,
          "y": -0.12184932827949524,
          "z": 1.2987213134765625
        },
        "tail": {
          "x": 0.7279192805290222,
          "y": -0.13138748705387115,
          "z": 1.2759699821472168
        },
        "rotation_quaternion": {
          "w": 0.22635887563228607,
          "x": -0.6712056398391724,
          "y": -0.5305744409561157,
          "z": 0.465548574924469
        },
        "matrix": [
          [
            0.00350856501609087,
            0.5014888048171997,
            -0.8651570677757263,
            0.7136196494102478
          ],
          [
            0.9230114221572876,
            -0.3345033824443817,
            -0.190152108669281,
            -0.12184932827949524
          ],
          [
            -0.38475891947746277,
            -0.797888457775116,
            -0.4640568494796753,
            1.2987213134765625
          ],
          [
            0.0,
            0.0,
            0.0,
            1.0
          ]
        ]
      },
      "bone_length_armature_space": 0.028514492453536804,
      "parent": "metacarpal_index_l",
      "has_children": true,
      "is_end_bone": false
    },
    "index_02_l": {
      "name": "index_02_l",
      "local": {
        "location": {
          "x": 0.0,
          "y": 0.0,
          "z": 0.0
        },
        "rotation_quaternion": {
          "w": 0.9106860160827637,
          "x": 0.4130353331565857,
          "y": 0.0015123579651117325,
          "z": -0.007122334558516741
        },
        "scale": {
          "x": 1.0,
          "y": 1.0,
          "z": 1.0
        },
        "matrix_basis": [
          [
            0.9998939633369446,
            0.014221735298633575,
            -0.0031289851758629084,
            0.0
          ],
          [
            -0.011723106727004051,
            0.6587021946907043,
            -0.7523125410079956,
            0.0
          ],
          [
            -0.008638118393719196,
            0.752269446849823,
            0.6587990522384644,
            0.0
          ],
          [
            0.0,
            0.0,
            0.0,
            1.0
          ]
        ],
        "rotation_mode": "QUATERNION"
      },
      "armature_space": {
        "head": {
          "x": 0.7279191613197327,
          "y": -0.194631889462471,
          "z": 0.32611557841300964
        },
        "tail": {
          "x": 0.7205658555030823,
          "y": -0.20439784228801727,
          "z": 0.3035622537136078
        }
      },
      "world_space": {
        "head": {
          "x": 0.7279191613197327,
          "y": -0.1313878893852234,
          "z": 1.2759696245193481
        },
        "tail": {
          "x": 0.7205658555030823,
          "y": -0.14115384221076965,
          "z": 1.2534162998199463
        },
        "rotation_quaternion": {
          "w": 0.4589553773403168,
          "x": -0.5058802962303162,
          "y": -0.31466564536094666,
          "z": 0.6591135263442993
        },
        "matrix": [
          [
            -0.06688958406448364,
            -0.2866431474685669,
            -0.9556995630264282,
            0.7279191613197327
          ],
          [
            0.9233739972114563,
            -0.38069048523902893,
            0.04955323040485382,
            -0.1313878893852234
          ],
          [
            -0.37803152203559875,
            -0.8791599273681641,
            0.2901450991630554,
            1.2759696245193481
          ],
          [
            0.0,
            0.0,
            0.0,
            1.0
          ]
        ]
      },
      "bone_length_armature_space": 0.025653409493404895,
      "parent": "index_01_l",
      "has_children": true,
      "is_end_bone": false
    },
    "index_03_l": {
      "name": "index_03_l",
      "local": {
        "location": {
          "x": 0.0,
          "y": 0.0,
          "z": 0.0
        },
        "rotation_quaternion": {
          "w": 0.9349523782730103,
          "x": 0.3545641303062439,
          "y": -0.008446712978184223,
          "z": -0.008782555349171162
        },
        "scale": {
          "x": 1.0,
          "y": 1.0,
          "z": 1.0
        },
        "matrix_basis": [
          [
            0.999703049659729,
            0.010432738810777664,
            -0.022022506222128868,
            0.0
          ],
          [
            -0.022412344813346863,
            0.7484142780303955,
            -0.6628527641296387,
            0.0
          ],
          [
            0.009566590189933777,
            0.6631495356559753,
            0.7484258413314819,
            0.0
          ],
          [
            0.0,
            0.0,
            0.0,
            1.0
          ]
        ],
        "rotation_mode": "QUATERNION"
      },
      "armature_space": {
        "head": {
          "x": 0.7205659747123718,
          "y": -0.20439785718917847,
          "z": 0.3035622537136078
        },
        "tail": {
          "x": 0.6944273710250854,
          "y": -0.20759038627147675,
          "z": 0.29090070724487305
        }
      },
      "world_space": {
        "head": {
          "x": 0.7205659747123718,
          "y": -0.14115385711193085,
          "z": 1.2534162998199463
        },
        "tail": {
          "x": 0.6944273710250854,
          "y": -0.14434638619422913,
          "z": 1.2407547235488892
        },
        "rotation_quaternion": {
          "w": 0.6651066541671753,
          "x": -0.268550843000412,
          "y": -0.05478127673268318,
          "z": 0.6946313381195068
        },
        "matrix": [
          [
            0.028974810615181923,
            -0.894585371017456,
            -0.4459567666053772,
            0.7205659747123718
          ],
          [
            0.9534302353858948,
            -0.1092633455991745,
            0.28112733364105225,
            -0.14115385711193085
          ],
          [
            -0.3002203404903412,
            -0.4333374500274658,
            0.8497650623321533,
            1.2534162998199463
          ],
          [
            0.0,
            0.0,
            0.0,
            1.0
          ]
        ]
      },
      "bone_length_armature_space": 0.02921872035008571,
      "parent": "index_02_l",
      "has_children": false,
      "is_end_bone": true
    },
    "metacarpal_pinky_l": {
      "name": "metacarpal_pinky_l",
      "local": {
        "location": {
          "x": 0.0,
          "y": 0.0,
          "z": 0.0
        },
        "rotation_quaternion": {
          "w": 0.9995130300521851,
          "x": -0.02597752958536148,
          "y": 0.004211455583572388,
          "z": 0.016766628250479698
        },
        "scale": {
          "x": 1.0,
          "y": 1.0,
          "z": 1.0
        },
        "matrix_basis": [
          [
            0.9994022846221924,
            -0.0337357334792614,
            0.007547698449343443,
            0.0
          ],
          [
            0.03329811990261078,
            0.9980881214141846,
            0.0520709827542305,
            0.0
          ],
          [
            -0.009289920330047607,
            -0.051788534969091415,
            0.9986148476600647,
            0.0
          ],
          [
            0.0,
            0.0,
            0.0,
            1.0
          ]
        ],
        "rotation_mode": "QUATERNION"
      },
      "armature_space": {
        "head": {
          "x": 0.6158589720726013,
          "y": -0.1269918829202652,
          "z": 0.37708601355552673
        },
        "tail": {
          "x": 0.7157526612281799,
          "y": -0.12182135879993439,
          "z": 0.34814217686653137
        }
      },
      "world_space": {
        "head": {
          "x": 0.6158589720726013,
          "y": -0.06374788284301758,
          "z": 1.3269400596618652
        },
        "tail": {
          "x": 0.7157526612281799,
          "y": -0.05857735872268677,
          "z": 1.297996163368225
        },
        "rotation_quaternion": {
          "w": 0.677089512348175,
          "x": 0.05616466701030731,
          "y": 0.257635235786438,
          "z": -0.6870366930961609
        },
        "matrix": [
          [
            -0.07678931206464767,
            0.9593101143836975,
            0.2717125713825226,
            0.6158589720726013
          ],
          [
            -0.9014319181442261,
            0.04965415596961975,
            -0.4300646185874939,
            -0.06374788284301758
          ],
          [
            -0.42606061697006226,
            -0.2779565155506134,
            0.8609452247619629,
            1.3269400596618652
          ],
          [
            0.0,
            0.0,
            0.0,
            1.0
          ]
        ]
      },
      "bone_length_armature_space": 0.10413082563333224,
      "parent": "lowerarm_l",
      "has_children": true,
      "is_end_bone": false
    },
    "pinky_01_l": {
      "name": "pinky_01_l",
      "local": {
        "location": {
          "x": 0.0,
          "y": 0.0,
          "z": 0.0
        },
        "rotation_quaternion": {
          "w": 0.9538226127624512,
          "x": 0.2997138202190399,
          "y": -0.012636031024158001,
          "z": -0.01530918013304472
        },
        "scale": {
          "x": 1.0,
          "y": 1.0,
          "z": 1.0
        },
        "matrix_basis": [
          [
            0.9992119073867798,
            0.021630099043250084,
            -0.03328181058168411,
            0.0
          ],
          [
            -0.03677887097001076,
            0.8198745250701904,
            -0.5713607668876648,
            0.0
          ],
          [
            0.014928318560123444,
            0.5721345543861389,
            0.8200238943099976,
            0.0
          ],
          [
            0.0,
            0.0,
            0.0,
            1.0
          ]
        ],
        "rotation_mode": "QUATERNION"
      },
      "armature_space": {
        "head": {
          "x": 0.7157526612281799,
          "y": -0.12182135879993439,
          "z": 0.34814217686653137
        },
        "tail": {
