{
  "metadata": {
    "armature_name": "KIM_caucasian_male",
    "export_time": "2026-01-13T20:25:49.938461",
    "blender_version": "4.4.1",
    "bone_count": 56,
    "end_bone_count": 13,
    "spaces_included": [
      "LOCAL_CHANNELS",
      "ARMATURE_SPACE",
      "WORLD_SPACE"
    ],
    "note": "LOCAL matches Transform panel; replay pose via local.matrix_basis for best fidelity."
  },
  "bones": {
    "Root": {
      "name": "Root",
      "local": {
        "location": {
          "x": 0.0,
          "y": 0.0,
          "z": 0.0
        },
        "rotation_quaternion": {
          "w": 0.9995496273040771,
          "x": -0.0007620221003890038,
          "y": -0.0028670167084783316,
          "z": 0.029862478375434875
        },
        "scale": {
          "x": 1.0,
          "y": 1.0,
          "z": 1.0
        },
        "matrix_basis": [
          [
            0.998199999332428,
            -0.05969369038939476,
            -0.005776962731033564,
            0.0
          ],
          [
            0.05970242619514465,
            0.9982153177261353,
            0.0013521253131330013,
            0.0
          ],
          [
            0.0056859394535422325,
            -0.0016945903189480305,
            0.9999824166297913,
            0.0
          ],
          [
            0.0,
            0.0,
            0.0,
            1.0
          ]
        ],
        "rotation_mode": "QUATERNION"
      },
      "armature_space": {
        "head": {
          "x": 0.0,
          "y": 0.07072800397872925,
          "z": -0.009595036506652832
        },
        "tail": {
          "x": -0.00426068902015686,
          "y": 0.0001424849033355713,
          "z": 0.0001027323305606842
        }
      },
      "world_space": {
        "head": {
          "x": 0.0,
          "y": 0.13397200405597687,
          "z": 0.9402589797973633
        },
        "tail": {
          "x": -0.00426068902015686,
          "y": 0.06338648498058319,
          "z": 0.9499567747116089
        },
        "rotation_quaternion": {
          "w": 0.06809760630130768,
          "x": 0.9972275495529175,
          "y": -0.02998778410255909,
          "z": -0.000848731433507055
        },
        "matrix": [
          [
            0.998199999332428,
            -0.05969369038939476,
            -0.005776962731033564,
            0.0
          ],
          [
            -0.05992487445473671,
            -0.988926887512207,
            -0.13576717674732208,
            0.13397200405597687
          ],
          [
            0.0023914091289043427,
            0.13586901128292084,
            -0.9907310009002686,
            0.9402589797973633
          ],
          [
            0.0,
            0.0,
            0.0,
            1.0
          ]
        ]
      },
      "bone_length_armature_space": 0.07137587590893171,
      "parent": null,
      "has_children": true,
      "is_end_bone": false
    },
    "spine_01": {
      "name": "spine_01",
      "local": {
        "location": {
          "x": 0.0,
          "y": 0.0,
          "z": 0.0
        },
        "rotation_quaternion": {
          "w": 0.9994498491287231,
          "x": -0.03256681188941002,
          "y": 0.0014506822917610407,
          "z": -0.006120231468230486
        },
        "scale": {
          "x": 1.0,
          "y": 1.0,
          "z": 1.0
        },
        "matrix_basis": [
          [
            0.9999209046363831,
            0.01213924027979374,
            0.0032984011340886354,
            0.0
          ],
          [
            -0.012328216806054115,
            0.9978038668632507,
            0.06508003175258636,
            0.0
          ],
          [
            -0.0025011354591697454,
            -0.0651155486702919,
            0.9978746175765991,
            0.0
          ],
          [
            0.0,
            0.0,
            0.0,
            1.0
          ]
        ],
        "rotation_mode": "QUATERNION"
      },
      "armature_space": {
        "head": {
          "x": -0.00426068902015686,
          "y": 0.0001424849033355713,
          "z": 0.0001027323305606842
        },
        "tail": {
          "x": 0.0038033705204725266,
          "y": 0.054962195456027985,
          "z": 0.4849514961242676
        }
      },
      "world_space": {
        "head": {
          "x": -0.00426068902015686,
          "y": 0.06338648498058319,
          "z": 0.9499567747116089
        },
        "tail": {
          "x": 0.0038033705204725266,
          "y": 0.1182061955332756,
          "z": 1.4348055124282837
        },
        "rotation_quaternion": {
          "w": 0.7456034421920776,
          "x": 0.6657387018203735,
          "y": -0.015582856722176075,
          "z": -0.024995112791657448
        },
        "matrix": [
          [
            0.9982647895812988,
            0.016524670645594597,
            -0.05651777982711792,
            -0.00426068902015686
          ],
          [
            -0.05802119895815849,
            0.1123351901769638,
            -0.9919750690460205,
            0.06338648498058319
          ],
          [
            -0.010043253190815449,
            0.9935400485992432,
            0.11309894919395447,
            0.9499567747116089
          ],
          [
            0.0,
            0.0,
            0.0,
            1.0
          ]
        ]
      },
      "bone_length_armature_space": 0.4880046768480704,
      "parent": "Root",
      "has_children": true,
      "is_end_bone": false
    },
    "neck_01": {
      "name": "neck_01",
      "local": {
        "location": {
          "x": 0.0,
          "y": 0.0,
          "z": 0.0
        },
        "rotation_quaternion": {
          "w": 0.990212619304657,
          "x": 0.028762945905327797,
          "y": -0.0737813264131546,
          "z": -0.1149265319108963
        },
        "scale": {
          "x": 1.0,
          "y": 1.0,
          "z": 1.0
        },
        "matrix_basis": [
          [
            0.9626964330673218,
            0.22335906326770782,
            -0.15272964537143707,
            0.0
          ],
          [
            -0.23184774816036224,
            0.9719291925430298,
            -0.040004000067710876,
            0.0
          ],
          [
            0.13950714468955994,
            0.07392172515392303,
            0.9874579906463623,
            0.0
          ],
          [
            0.0,
            0.0,
            0.0,
            1.0
          ]
        ],
        "rotation_mode": "QUATERNION"
      },
      "armature_space": {
        "head": {
          "x": 0.0030532199889421463,
          "y": 0.02878507226705551,
          "z": 0.5616192817687988
        },
        "tail": {
          "x": 0.024836871773004532,
          "y": -0.007055260241031647,
          "z": 0.6551697254180908
        }
      },
      "world_space": {
        "head": {
          "x": 0.0030532199889421463,
          "y": 0.09202907234430313,
          "z": 1.511473298072815
        },
        "tail": {
          "x": 0.024836871773004532,
          "y": 0.05618873983621597,
          "z": 1.605023741722107
        },
        "rotation_quaternion": {
          "w": 0.5696702003479004,
          "x": 0.8077436685562134,
          "y": 0.0261030662804842,
          "z": -0.14948126673698425
        },
        "matrix": [
          [
            0.9539482593536377,
            0.21247920393943787,
            -0.21174359321594238,
            0.0030532199889421463
          ],
          [
            -0.1281397044658661,
            -0.3495890200138092,
            -0.9280991554260254,
            0.09202907234430313
          ],
          [
            -0.27122703194618225,
            0.912497341632843,
            -0.3062657117843628,
            1.511473298072815
          ],
          [
            0.0,
            0.0,
            0.0,
            1.0
          ]
        ]
      },
      "bone_length_armature_space": 0.10252191309343169,
      "parent": "spine_01",
      "has_children": true,
      "is_end_bone": false
    },
    "head": {
      "name": "head",
      "local": {
        "location": {
          "x": 0.0,
          "y": 0.0,
          "z": 0.0
        },
        "rotation_quaternion": {
          "w": 0.9884108901023865,
          "x": -0.06153685972094536,
          "y": -0.044742170721292496,
          "z": 0.1313597857952118
        },
        "scale": {
          "x": 1.0,
          "y": 1.0,
          "z": 1.0
        },
        "matrix_basis": [
          [
            0.9614855051040649,
            -0.254168301820755,
            -0.10461423546075821,
            0.0
          ],
          [
            0.2651814818382263,
            0.9579156637191772,
            0.10989276319742203,
            0.0
          ],
          [
            0.07228036224842072,
            -0.1334020495414734,
            0.988422691822052,
            0.0
          ],
          [
            0.0,
            0.0,
            0.0,
            1.0
          ]
        ],
        "rotation_mode": "QUATERNION"
      },
      "armature_space": {
        "head": {
          "x": 0.024836823344230652,
          "y": -0.0070553794503211975,
          "z": 0.6551696062088013
        },
        "tail": {
          "x": 0.03051002323627472,
          "y": 0.020055556669831276,
          "z": 0.8077675104141235
        }
      },
      "world_space": {
        "head": {
          "x": 0.024836823344230652,
          "y": 0.05618862062692642,
          "z": 1.6050236225128174
        },
        "tail": {
          "x": 0.03051002323627472,
          "y": 0.08329955488443375,
          "z": 1.7576215267181396
        },
        "rotation_quaternion": {
          "w": 0.7638978958129883,
          "x": 0.6378433704376221,
          "y": -0.062157612293958664,
          "z": -0.07584363222122192
        },
        "matrix": [
          [
            0.9807684421539307,
            0.036580003798007965,
            -0.1917170286178589,
            0.024836823344230652
          ],
          [
            -0.1951674520969391,
            0.17480751872062683,
            -0.9650658965110779,
            0.05618862062692642
          ],
          [
            -0.0017887174617499113,
            0.9839301109313965,
            0.17858538031578064,
            1.6050236225128174
          ],
          [
            0.0,
            0.0,
            0.0,
            1.0
          ]
        ]
      },
      "bone_length_armature_space": 0.15509129255208287,
      "parent": "neck_01",
      "has_children": false,
      "is_end_bone": true
    },
    "upperarm_l": {
      "name": "upperarm_l",
      "local": {
        "location": {
          "x": 0.0,
          "y": 0.0,
          "z": 0.0
        },
        "rotation_quaternion": {
          "w": 0.9294165372848511,
          "x": 0.29982495307922363,
          "y": -0.16335323452949524,
          "z": 0.14002008736133575
        },
        "scale": {
          "x": 1.0,
          "y": 1.0,
          "z": 1.0
        },
        "matrix_basis": [
          [
            0.9074202179908752,
            -0.3582287132740021,
            -0.21968336403369904,
            0.0
          ],
          [
            0.16231921315193176,
            0.7809987664222717,
            -0.6030700206756592,
            0.0
          ],
          [
            0.38760942220687866,
            0.5115790963172913,
            0.7668414115905762,
            0.0
          ],
          [
            0.0,
            0.0,
            0.0,
            1.0
          ]
        ],
        "rotation_mode": "QUATERNION"
      },
      "armature_space": {
        "head": {
          "x": 0.1515021175146103,
          "y": 0.009368564933538437,
          "z": 0.49369990825653076
        },
        "tail": {
          "x": 0.3617340326309204,
          "y": -0.12331120669841766,
          "z": 0.5937316417694092
        }
      },
      "world_space": {
        "head": {
          "x": 0.1515021175146103,
          "y": 0.07261256873607635,
          "z": 1.4435539245605469
        },
        "tail": {
          "x": 0.3617340326309204,
          "y": -0.060067206621170044,
          "z": 1.5435856580734253
        },
        "rotation_quaternion": {
          "w": 0.48307570815086365,
          "x": 0.5717791318893433,
          "y": 0.1380990743637085,
          "z": -0.6485639214515686
        },
        "matrix": [
          [
            0.12058836966753006,
            0.7845369577407837,
            -0.608243465423584,
            0.1515021175146103
          ],
          [
            -0.4686867594718933,
            -0.4951302707195282,
            -0.7315593361854553,
            0.07261256873607635
          ],
          [
            -0.875101625919342,
            0.37329530715942383,
            0.30799663066864014,
            1.4435539245605469
          ],
          [
            0.0,
            0.0,
            0.0,
            1.0
          ]
        ]
      },
      "bone_length_armature_space": 0.26796964208715773,
      "parent": "spine_01",
      "has_children": true,
      "is_end_bone": false
    },
    "lowerarm_l": {
      "name": "lowerarm_l",
      "local": {
        "location": {
          "x": 0.0,
          "y": 0.0,
          "z": 0.0
        },
        "rotation_quaternion": {
          "w": 0.8585825562477112,
          "x": 0.476452112197876,
          "y": -0.10935576260089874,
          "z": 0.15450173616409302
        },
        "scale": {
          "x": 1.0,
          "y": 1.0,
          "z": 1.0
        },
        "matrix_basis": [
          [
            0.9283410906791687,
            -0.36951056122779846,
            -0.040556542575359344,
            0.0
          ],
          [
            0.1610994189977646,
            0.4982452094554901,
            -0.8519382476806641,
            0.0
          ],
          [
            0.3350072503089905,
            0.784355640411377,
            0.5220693945884705,
            0.0
          ],
          [
            0.0,
            0.0,
            0.0,
            1.0
          ]
        ],
        "rotation_mode": "QUATERNION"
      },
      "armature_space": {
        "head": {
          "x": 0.3617340624332428,
          "y": -0.12331123650074005,
          "z": 0.5937318205833435
        },
        "tail": {
          "x": 0.29815465211868286,
          "y": -0.26122990250587463,
          "z": 0.8139728307723999
        }
      },
      "world_space": {
        "head": {
          "x": 0.3617340624332428,
          "y": -0.06006723642349243,
          "z": 1.5435857772827148
        },
        "tail": {
          "x": 0.29815465211868286,
          "y": -0.19798590242862701,
          "z": 1.763826847076416
        },
        "rotation_quaternion": {
          "w": 0.2536916136741638,
          "x": 0.6379904747009277,
          "y": -0.42174825072288513,
          "z": -0.5922306180000305
        },
        "matrix": [
          [
            -0.05721680819988251,
            -0.23765826225280762,
            -0.969662070274353,
            0.3617340624332428
          ],
          [
            -0.8386313915252686,
            -0.5155366063117981,
            0.1758398711681366,
            -0.06006723642349243
          ],
          [
            -0.5416907072067261,
            0.8232554197311401,
            -0.1698111742734909,
            1.5435857772827148
          ],
          [
            0.0,
            0.0,
            0.0,
            1.0
          ]
        ]
      },
      "bone_length_armature_space": 0.26752570432369815,
      "parent": "upperarm_l",
      "has_children": true,
      "is_end_bone": false
    },
    "metacarpal_thumb_l": {
      "name": "metacarpal_thumb_l",
      "local": {
        "location": {
          "x": 0.0,
          "y": 0.0,
          "z": 0.0
        },
        "rotation_quaternion": {
          "w": 0.9993282556533813,
          "x": -0.03632848709821701,
          "y": 0.004359951708465815,
          "z": -0.0021014134399592876
        },
        "scale": {
          "x": 1.0,
          "y": 1.0,
          "z": 1.0
        },
        "matrix_basis": [
          [
            0.9999531507492065,
            0.0038832228165119886,
            0.008866728283464909,
            0.0
          ],
          [
            -0.004516784567385912,
            0.9973516464233398,
            0.07258984446525574,
            0.0
          ],
          [
            -0.008561363443732262,
            -0.072626493871212,
            0.9973224401473999,
            0.0
          ],
          [
            0.0,
            0.0,
            0.0,
            1.0
          ]
        ],
        "rotation_mode": "QUATERNION"
      },
      "armature_space": {
        "head": {
          "x": 0.29815465211868286,
          "y": -0.26122990250587463,
          "z": 0.8139728307723999
        },
        "tail": {
          "x": 0.26020222902297974,
          "y": -0.2812047302722931,
          "z": 0.8387561440467834
        }
      },
      "world_space": {
        "head": {
          "x": 0.29815465211868286,
          "y": -0.19798590242862701,
          "z": 1.763826847076416
        },
        "tail": {
          "x": 0.26020222902297974,
          "y": -0.21796073019504547,
          "z": 1.7886102199554443
        },
        "rotation_quaternion": {
          "w": 0.3878324329853058,
          "x": 0.8190507888793945,
          "y": -0.384651243686676,
          "z": 0.17545753717422485
        },
        "matrix": [
          [
            0.6425153613090515,
            -0.766194224357605,
            -0.010945118963718414,
            0.29815465211868286
          ],
          [
            -0.4940030872821808,
            -0.40325766801834106,
            -0.7702884674072266,
            -0.19798590242862701
          ],
          [
            0.585780680179596,
            0.5003322958946228,
            -0.6376069188117981,
            1.763826847076416
          ],
          [
            0.0,
            0.0,
            0.0,
            1.0
          ]
        ]
      },
      "bone_length_armature_space": 0.04953375365756159,
      "parent": "lowerarm_l",
      "has_children": true,
      "is_end_bone": false
    },
    "thumb_01_l": {
      "name": "thumb_01_l",
      "local": {
        "location": {
          "x": 0.0,
          "y": 0.0,
          "z": 0.0
        },
        "rotation_quaternion": {
          "w": 0.9989961385726929,
          "x": -0.03920511528849602,
          "y": -0.015884650871157646,
          "z": -0.014745200052857399
        },
        "scale": {
          "x": 1.0,
          "y": 1.0,
          "z": 1.0
        },
        "matrix_basis": [
          [
            0.9990605115890503,
            0.030706314370036125,
            -0.030581235885620117,
            0.0
          ],
          [
            -0.028215276077389717,
            0.9964910745620728,
            0.07879996299743652,
            0.0
          ],
          [
            0.0328935831785202,
            -0.07786307483911514,
            0.9964212775230408,
            0.0
          ],
          [
            0.0,
            0.0,
            0.0,
            1.0
          ]
        ],
        "rotation_mode": "QUATERNION"
      },
      "armature_space": {
        "head": {
          "x": 0.26020222902297974,
          "y": -0.2812047302722931,
          "z": 0.8387561440467834
        },
        "tail": {
          "x": 0.23802177608013153,
          "y": -0.3057836592197418,
          "z": 0.8308485746383667
        }
      },
      "world_space": {
        "head": {
          "x": 0.26020222902297974,
          "y": -0.21796073019504547,
          "z": 1.7886102199554443
        },
        "tail": {
          "x": 0.23802177608013153,
          "y": -0.2425396591424942,
          "z": 1.7807025909423828
        },
        "rotation_quaternion": {
          "w": 0.26024380326271057,
          "x": 0.4082352817058563,
          "y": -0.26688581705093384,
          "z": 0.8333001732826233
        },
        "matrix": [
          [
            -0.531234085559845,
            -0.6516268849372864,
            0.5414536595344543,
            0.26020222902297974
          ],
          [
            0.21581929922103882,
            -0.7220903635025024,
            -0.65727299451828,
            -0.21796073019504547
          ],
          [
            0.8192812204360962,
            -0.23231211304664612,
            0.5242359638214111,
            1.7886102199554443
          ],
          [
            0.0,
            0.0,
            0.0,
            1.0
          ]
        ]
      },
      "bone_length_armature_space": 0.03403859414765218,
      "parent": "metacarpal_thumb_l",
      "has_children": true,
      "is_end_bone": false
    },
    "thumb_02_l": {
      "name": "thumb_02_l",
      "local": {
        "location": {
          "x": 0.0,
          "y": 0.0,
          "z": 0.0
        },
        "rotation_quaternion": {
          "w": 0.9967392683029175,
          "x": 0.08053471893072128,
          "y": 0.004658569116145372,
          "z": 0.0018604949582368135
        },
        "scale": {
          "x": 1.0,
          "y": 1.0,
          "z": 1.0
        },
        "matrix_basis": [
          [
            0.9999496936798096,
            -0.0029585035517811775,
            0.009586426429450512,
            0.0
          ],
          [
            0.004459209740161896,
            0.9870213866233826,
            -0.16052690148353577,
            0.0
          ],
          [
            -0.008987088687717915,
            0.16056156158447266,
            0.98698490858078,
            0.0
          ],
          [
            0.0,
            0.0,
            0.0,
            1.0
          ]
        ],
        "rotation_mode": "QUATERNION"
      },
      "armature_space": {
        "head": {
          "x": 0.23802177608013153,
          "y": -0.30578362941741943,
          "z": 0.8308485746383667
        },
        "tail": {
          "x": 0.2292744219303131,
          "y": -0.3275313079357147,
          "z": 0.8634632229804993
        }
      },
      "world_space": {
        "head": {
          "x": 0.23802177608013153,
          "y": -0.24253962934017181,
          "z": 1.7807025909423828
        },
        "tail": {
          "x": 0.2292744219303131,
          "y": -0.2642872929573059,
          "z": 1.8133172988891602
        },
        "rotation_quaternion": {
          "w": 0.2670397162437439,
          "x": 0.28413546085357666,
          "y": 0.397437185049057,
          "z": 0.8306626081466675
        },
        "matrix": [
          [
            -0.6959131360054016,
            -0.21778863668441772,
            0.6843042969703674,
            0.23802177608013153
          ],
          [
            0.6694924235343933,
            -0.5414668321609497,
            0.5085211992263794,
            -0.24253962934017181
          ],
          [
            0.25978028774261475,
            0.8120284080505371,
            0.5226260423660278,
            1.7807025909423828
          ],
          [
            0.0,
            0.0,
            0.0,
            1.0
          ]
        ]
      },
      "bone_length_armature_space": 0.040164574425640504,
      "parent": "thumb_01_l",
      "has_children": true,
      "is_end_bone": false
    },
    "thumb_03_l": {
      "name": "thumb_03_l",
      "local": {
        "location": {
          "x": 0.0,
          "y": 0.0,
          "z": 0.0
        },
        "rotation_quaternion": {
          "w": 0.9965023994445801,
          "x": 0.0831722840666771,
          "y": -0.004188645631074905,
          "z": 0.006928489543497562
        },
        "scale": {
          "x": 1.0,
          "y": 1.0,
          "z": 1.0
        },
        "matrix_basis": [
          [
            0.9998689293861389,
            -0.014505271799862385,
            -0.007195474114269018,
            0.0
          ],
          [
            0.013111754320561886,
            0.9860687255859375,
            -0.16582080721855164,
            0.0
          ],
          [
            0.009500507265329361,
            0.16570471227169037,
            0.986129641532898,
            0.0
          ],
          [
            0.0,
            0.0,
            0.0,
            1.0
          ]
        ],
        "rotation_mode": "QUATERNION"
      },
      "armature_space": {
        "head": {
          "x": 0.22927434742450714,
          "y": -0.32753127813339233,
          "z": 0.8634631037712097
        },
        "tail": {
          "x": 0.234370157122612,
          "y": -0.338055819272995,
          "z": 0.8915730118751526
        }
      },
      "world_space": {
        "head": {
          "x": 0.22927434742450714,
          "y": -0.2642872929573059,
          "z": 1.813317060470581
        },
        "tail": {
          "x": 0.234370157122612,
          "y": -0.2748118042945862,
          "z": 1.8414270877838135
        },
        "rotation_quaternion": {
          "w": 0.042987797409296036,
          "x": 0.206562802195549,
          "y": 0.5703563094139099,
          "z": 0.7938371896743774
        },
        "matrix": [
          [
            -0.9109678864479065,
            0.16737806797027588,
            0.3769901692867279,
            0.22927434742450714
          ],
          [
            0.3038785457611084,
            -0.345691442489624,
            0.8877812623977661,
            -0.2642872929573059
          ],
          [
            0.2789194881916046,
            0.9233056902885437,
            0.26405397057533264,
            1.813317060470581
          ],
          [
            0.0,
            0.0,
            0.0,
            1.0
          ]
        ]
      },
      "bone_length_armature_space": 0.030445035694918538,
      "parent": "thumb_02_l",
      "has_children": false,
      "is_end_bone": true
    },
    "metacarpal_index_l": {
      "name": "metacarpal_index_l",
      "local": {
        "location": {
          "x": 0.0,
          "y": 0.0,
          "z": 0.0
        },
        "rotation_quaternion": {
          "w": 0.9993001222610474,
          "x": -0.03245849907398224,
          "y": 0.01458691991865635,
          "z": 0.011531773954629898
        },
        "scale": {
          "x": 1.0,
          "y": 1.0,
          "z": 1.0
        },
        "matrix_basis": [
          [
            0.9993084669113159,
            -0.02399434521794319,
            0.02840481325984001,
            0.0
          ],
          [
            0.02210046723484993,
            0.9976269006729126,
            0.06520798802375793,
            0.0
          ],
          [
            -0.029902029782533646,
            -0.06453514099121094,
            0.9974673390388489,
            0.0
          ],
          [
            0.0,
            0.0,
            0.0,
            1.0
          ]
        ],
        "rotation_mode": "QUATERNION"
      },
      "armature_space": {
        "head": {
          "x": 0.29815465211868286,
          "y": -0.26122990250587463,
          "z": 0.8139728307723999
        },
        "tail": {
          "x": 0.23887120187282562,
          "y": -0.3115687668323517,
          "z": 0.9016129374504089
        }
      },
      "world_space": {
        "head": {
          "x": 0.29815465211868286,
          "y": -0.19798590242862701,
          "z": 1.763826847076416
        },
        "tail": {
          "x": 0.23887120187282562,
          "y": -0.24832476675510406,
          "z": 1.8514668941497803
        },
        "rotation_quaternion": {
          "w": 0.3818395733833313,
          "x": 0.8318923711776733,
          "y": -0.3733499050140381,
          "z": -0.15087591111660004
        },
        "matrix": [
          [
            0.6756913661956787,
            -0.5059535503387451,
            -0.5361455082893372,
            0.29815465211868286
          ],
          [
            -0.7363957762718201,
            -0.42961612343788147,
            -0.5226390361785889,
            -0.19798590242862701
          ],
          [
            0.034093696624040604,
            0.7479628324508667,
            -0.6628750562667847,
            1.763826847076416
          ],
          [
            0.0,
            0.0,
            0.0,
            1.0
          ]
        ]
      },
      "bone_length_armature_space": 0.11717216868248677,
      "parent": "lowerarm_l",
      "has_children": true,
      "is_end_bone": false
    },
    "index_01_l": {
      "name": "index_01_l",
      "local": {
        "location": {
          "x": 0.0,
          "y": 0.0,
          "z": 0.0
        },
        "rotation_quaternion": {
          "w": 0.9954918622970581,
          "x": -0.0948125422000885,
          "y": -0.0021221754141151905,
          "z": -0.0014233305118978024
        },
        "scale": {
          "x": 1.0,
          "y": 1.0,
          "z": 1.0
        },
        "matrix_basis": [
          [
            0.9999869465827942,
            0.003236245596781373,
            -0.003955317661166191,
            0.0
          ],
          [
            -0.0024314101319760084,
            0.9820170998573303,
            0.18877626955509186,
            0.0
          ],
          [
            0.004495115950703621,
            -0.18876418471336365,
            0.982012152671814,
            0.0
          ],
          [
            0.0,
            0.0,
            0.0,
            1.0
          ]
        ],
        "rotation_mode": "QUATERNION"
      },
      "armature_space": {
        "head": {
          "x": 0.23887120187282562,
          "y": -0.3115687668323517,
          "z": 0.9016129374504089
        },
        "tail": {
          "x": 0.23727086186408997,
          "y": -0.3246542513370514,
          "z": 0.9268970489501953
        }
      },
      "world_space": {
        "head": {
          "x": 0.23887120187282562,
          "y": -0.24832476675510406,
          "z": 1.8514668941497803
        },
        "tail": {
          "x": 0.23727086186408997,
          "y": -0.2614102363586426,
          "z": 1.8767510652542114
        },
        "rotation_quaternion": {
          "w": 0.487595796585083,
          "x": 0.8178273439407349,
          "y": -0.1810969114303589,
          "z": -0.2461964637041092
        },
        "matrix": [
          [
            0.813182532787323,
            -0.056123942136764526,
            -0.5792961716651917,
            0.23887120187282562
          ],
          [
            -0.5363007187843323,
            -0.4589085280895233,
            -0.7083677649497986,
            -0.24832476675510406
          ],
          [
            -0.22608982026576996,
            0.8867149353027344,
            -0.40327924489974976,
            1.8514668941497803
          ],
          [
            0.0,
            0.0,
            0.0,
            1.0
          ]
        ]
      },
      "bone_length_armature_space": 0.02851451009593749,
      "parent": "metacarpal_index_l",
      "has_children": true,
      "is_end_bone": false
    },
    "index_02_l": {
      "name": "index_02_l",
      "local": {
        "location": {
          "x": 0.0,
          "y": 0.0,
          "z": 0.0
        },
        "rotation_quaternion": {
          "w": 0.9995925426483154,
          "x": 0.02692139707505703,
          "y": -0.0059329792857170105,
          "z": -0.007408799137920141
        },
        "scale": {
          "x": 1.0,
          "y": 1.0,
          "z": 1.0
        },
        "matrix_basis": [
          [
            0.999819815158844,
            0.014492112211883068,
            -0.012260033749043941,
            0.0
          ],
          [
            -0.015131008811295033,
            0.998440682888031,
            -0.053732942789793015,
            0.0
          ],
          [
            0.011462213471531868,
            0.05390876904129982,
            0.9984800815582275,
            0.0
          ],
          [
            0.0,
            0.0,
            0.0,
            1.0
          ]
        ],
        "rotation_mode": "QUATERNION"
      },
      "armature_space": {
        "head": {
          "x": 0.23727047443389893,
          "y": -0.32465454936027527,
          "z": 0.9268973469734192
        },
        "tail": {
          "x": 0.2364082783460617,
          "y": -0.33735939860343933,
          "z": 0.9491670727729797
        }
      },
      "world_space": {
        "head": {
          "x": 0.23727047443389893,
          "y": -0.26141053438186646,
          "z": 1.87675142288208
        },
        "tail": {
          "x": 0.2364082783460617,
          "y": -0.2741153836250305,
          "z": 1.8990211486816406
        },
        "rotation_quaternion": {
          "w": 0.4671427607536316,
          "x": 0.815728485584259,
          "y": -0.1848011165857315,
          "z": -0.28672873973846436
        },
        "matrix": [
          [
            0.7672706842422485,
            -0.03360944986343384,
            -0.6404420137405396,
            0.23727047443389893
          ],
          [
            -0.5693814158439636,
            -0.49525249004364014,
            -0.6561478972434998,
            -0.26141053438186646
          ],
          [
            -0.29513052105903625,
            0.8681042194366455,
            -0.39913278818130493,
            1.87675142288208
          ],
          [
            0.0,
            0.0,
            0.0,
            1.0
          ]
        ]
      },
      "bone_length_armature_space": 0.025653406253871233,
      "parent": "index_01_l",
      "has_children": true,
      "is_end_bone": false
    },
    "index_03_l": {
      "name": "index_03_l",
      "local": {
        "location": {
          "x": 0.0,
          "y": 0.0,
          "z": 0.0
        },
        "rotation_quaternion": {
          "w": 0.999534547328949,
          "x": 0.0289143119007349,
          "y": 0.00895459670573473,
          "z": -0.003816144773736596
        },
        "scale": {
          "x": 1.0,
          "y": 1.0,
          "z": 1.0
        },
        "matrix_basis": [
          [
            0.999810516834259,
            0.00814656913280487,
            0.017680175602436066,
            0.0
          ],
          [
            -0.007110904902219772,
            0.9982988238334656,
            -0.057870052754879,
            0.0
          ],
          [
            -0.018121540546417236,
            0.05773336440324783,
            0.9981675744056702,
            0.0
          ],
          [
            0.0,
            0.0,
            0.0,
            1.0
          ]
        ],
        "rotation_mode": "QUATERNION"
      },
      "armature_space": {
        "head": {
          "x": 0.23640835285186768,
          "y": -0.3373592793941498,
          "z": 0.9491671323776245
        },
        "tail": {
          "x": 0.2350342869758606,
          "y": -0.35607966780662537,
          "z": 0.9715589880943298
        }
      },
      "world_space": {
        "head": {
          "x": 0.23640835285186768,
          "y": -0.27411526441574097,
          "z": 1.8990211486816406
        },
        "tail": {
          "x": 0.2350342869758606,
          "y": -0.29283565282821655,
          "z": 1.9214129447937012
        },
        "rotation_quaternion": {
          "w": 0.39803534746170044,
          "x": 0.8680328130722046,
          "y": -0.14566409587860107,
          "z": -0.25859013199806213
        },
        "matrix": [
          [
            0.8238264322280884,
            -0.04702705889940262,
            -0.564888060092926,
            0.23640835285186768
          ],
          [
            -0.4587385654449463,
            -0.6406996250152588,
            -0.615680992603302,
            -0.27411526441574097
          ],
          [
            -0.33297282457351685,
            0.7663546800613403,
            -0.5494028329849243,
            1.8990211486816406
          ],
          [
            0.0,
            0.0,
            0.0,
            1.0
          ]
        ]
      },
      "bone_length_armature_space": 0.029218764357968132,
      "parent": "index_02_l",
      "has_children": false,
      "is_end_bone": true
    },
    "metacarpal_pinky_l": {
      "name": "metacarpal_pinky_l",
      "local": {
        "location": {
          "x": 0.0,
          "y": 0.0,
          "z": 0.0
        },
        "rotation_quaternion": {
          "w": 0.9993575811386108,
          "x": -0.032692551612854004,
          "y": 0.014678409323096275,
          "z": -0.0005434281774796546
        },
        "scale": {
          "x": 1.0,
          "y": 1.0,
          "z": 1.0
        },
        "matrix_basis": [
          [
            0.999568521976471,
            0.00012640883505810052,
            0.029373491182923317,
            0.0
          ],
          [
            -0.0020459075458347797,
            0.9978618025779724,
            0.06532714515924454,
            0.0
          ],
          [
            -0.029302427545189857,
            -0.06535904854536057,
            0.9974314570426941,
            0.0
          ],
          [
            0.0,
            0.0,
            0.0,
            1.0
          ]
        ],
        "rotation_mode": "QUATERNION"
      },
      "armature_space": {
        "head": {
          "x": 0.29815465211868286,
          "y": -0.26122990250587463,
          "z": 0.8139728307723999
        },
        "tail": {
          "x": 0.30662235617637634,
          "y": -0.3237828016281128,
          "z": 0.8967903256416321
        }
      },
      "world_space": {
        "head": {
          "x": 0.29815465211868286,
          "y": -0.19798590242862701,
          "z": 1.763826847076416
        },
        "tail": {
          "x": 0.30662235617637634,
          "y": -0.26053881645202637,
          "z": 1.846644401550293
        },
        "rotation_quaternion": {
          "w": 0.08916808664798737,
          "x": 0.08844254910945892,
          "y": -0.43782585859298706,
          "z": -0.8902446627616882
        },
        "matrix": [
          [
            -0.9684537649154663,
            0.08131800591945648,
            -0.23555131256580353,
            0.29815465211868286
          ],
          [
            -0.23620793223381042,
            -0.6007149815559387,
            0.7637718915939331,
            -0.19798590242862701
          ],
          [
            -0.07939140498638153,
            0.7953218817710876,
            0.6009776592254639,
            1.763826847076416
          ],
          [
            0.0,
            0.0,
            0.0,
            1.0
          ]
        ]
      },
      "bone_length_armature_space": 0.10413119065047031,
      "parent": "lowerarm_l",
      "has_children": true,
      "is_end_bone": false
    },
    "pinky_01_l": {
      "name": "pinky_01_l",
      "local": {
        "location": {
          "x": 0.0,
          "y": 0.0,
          "z": 0.0
        },
        "rotation_quaternion": {
          "w": 0.9550510048866272,
          "x": 0.29610198736190796,
          "y": 0.00713609904050827,
          "z": -0.012261126190423965
        },
        "scale": {
          "x": 1.0,
          "y": 1.0,
          "z": 1.0
        },
        "matrix_basis": [
          [
            0.9995974898338318,
            0.027646027505397797,
            0.006369589362293482,
            0.0
          ],
          [
            -0.019193975254893303,
            0.8243465423583984,
            -0.5657600164413452,
            0.0
          ],
          [
            -0.020891765132546425,
            0.5654100179672241,
            0.8245453834533691,
            0.0
          ],
          [
            0.0,
            0.0,
            0.0,
            1.0
          ]
        ],
        "rotation_mode": "QUATERNION"
      },
      "armature_space": {
        "head": {
          "x": 0.30662235617637634,
          "y": -0.3237828016281128,
          "z": 0.8967903256416321
