{
  "metadata": {
    "armature_name": "KIM_caucasian_male",
    "export_time": "2026-01-13T21:04:28.780706",
    "blender_version": "4.4.1",
    "bone_count": 56,
    "end_bone_count": 13,
    "spaces_included": [
      "LOCAL_CHANNELS",
      "ARMATURE_SPACE",
      "WORLD_SPACE"
    ],
    "note": "LOCAL matches Transform panel; replay pose via local.matrix_basis for best fidelity."
  },
  "bones": {
    "Root": {
      "name": "Root",
      "local": {
        "location": {
          "x": 0.0,
          "y": 0.0,
          "z": 0.0
        },
        "rotation_quaternion": {
          "w": 0.9996752142906189,
          "x": -0.009952563792467117,
          "y": 0.009525184519588947,
          "z": 0.021440913900732994
        },
        "scale": {
          "x": 1.0,
          "y": 1.0,
          "z": 1.0
        },
        "matrix_basis": [
          [
            0.9988991022109985,
            -0.04305750131607056,
            0.01861739717423916,
            0.0
          ],
          [
            0.04267830029129982,
            0.9988824725151062,
            0.02030711993575096,
            0.0
          ],
          [
            -0.01947096548974514,
            -0.019490204751491547,
            0.9996204376220703,
            0.0
          ],
          [
            0.0,
            0.0,
            0.0,
            1.0
          ]
        ],
        "rotation_mode": "QUATERNION"
      },
      "armature_space": {
        "head": {
          "x": 0.0,
          "y": 0.07072800397872925,
          "z": -0.009595036506652832
        },
        "tail": {
          "x": -0.003073266474530101,
          "y": 0.000266052782535553,
          "z": 0.0013677887618541718
        }
      },
      "world_space": {
        "head": {
          "x": 0.0,
          "y": 0.13397200405597687,
          "z": 0.9402589797973633
        },
        "tail": {
          "x": -0.003073266474530101,
          "y": 0.06351005285978317,
          "z": 0.9512218236923218
        },
        "rotation_quaternion": {
          "w": 0.07727572321891785,
          "x": 0.9967337250709534,
          "y": -0.020750513300299644,
          "z": 0.010947976261377335
        },
        "matrix": [
          [
            0.9988991022109985,
            -0.04305750131607056,
            0.01861739717423916,
            0.0
          ],
          [
            -0.03967344015836716,
            -0.9871957302093506,
            -0.15450146794319153,
            0.13397200405597687
          ],
          [
            0.025031598284840584,
            0.15359288454055786,
            -0.9878242015838623,
            0.9402589797973633
          ],
          [
            0.0,
            0.0,
            0.0,
            1.0
          ]
        ]
      },
      "bone_length_armature_space": 0.0713758727169789,
      "parent": null,
      "has_children": true,
      "is_end_bone": false
    },
    "spine_01": {
      "name": "spine_01",
      "local": {
        "location": {
          "x": 0.0,
          "y": 0.0,
          "z": 0.0
        },
        "rotation_quaternion": {
          "w": 0.9968012571334839,
          "x": 0.03709569200873375,
          "y": 0.04428534954786301,
          "z": -0.055228136479854584
        },
        "scale": {
          "x": 1.0,
          "y": 1.0,
          "z": 1.0
        },
        "matrix_basis": [
          [
            0.9899773001670837,
            0.1133885458111763,
            0.08418992906808853,
            0.0
          ],
          [
            -0.10681735724210739,
            0.991147518157959,
            -0.07884565740823746,
            0.0
          ],
          [
            -0.09238483756780624,
            0.06906247138977051,
            0.993325412273407,
            0.0
          ],
          [
            0.0,
            0.0,
            0.0,
            1.0
          ]
        ],
        "rotation_mode": "QUATERNION"
      },
      "armature_space": {
        "head": {
          "x": -0.003073266474530101,
          "y": 0.000266052782535553,
          "z": 0.0013677887618541718
        },
        "tail": {
          "x": 0.04000721499323845,
          "y": -0.003093699226155877,
          "z": 0.4874555468559265
        }
      },
      "world_space": {
        "head": {
          "x": -0.003073266474530101,
          "y": 0.06351005285978317,
          "z": 0.9512218236923218
        },
        "tail": {
          "x": 0.04000721499323845,
          "y": 0.06015029922127724,
          "z": 1.4373095035552979
        },
        "rotation_quaternion": {
          "w": 0.7030854225158691,
          "x": 0.7093750834465027,
          "y": 0.0472048781812191,
          "z": -0.015152858570218086
        },
        "matrix": [
          [
            0.9950841069221497,
            0.08827945590019226,
            0.04488062113523483,
            -0.003073266474530101
          ],
          [
            0.045665014535188675,
            -0.006884720176458359,
            -0.9989331364631653,
            0.06351005285978317
          ],
          [
            -0.08787685632705688,
            0.9960789680480957,
            -0.010883145034313202,
            0.9512218236923218
          ],
          [
            0.0,
            0.0,
            0.0,
            1.0
          ]
        ]
      },
      "bone_length_armature_space": 0.48800464789920517,
      "parent": "Root",
      "has_children": true,
      "is_end_bone": false
    },
    "neck_01": {
      "name": "neck_01",
      "local": {
        "location": {
          "x": 0.0,
          "y": 0.0,
          "z": 0.0
        },
        "rotation_quaternion": {
          "w": 0.9864579439163208,
          "x": -0.009509135968983173,
          "y": -0.11285106837749481,
          "z": 0.11863844841718674
        },
        "scale": {
          "x": 1.0,
          "y": 1.0,
          "z": 1.0
        },
        "matrix_basis": [
          [
            0.9463791251182556,
            -0.23191744089126587,
            -0.2249019593000412,
            0.0
          ],
          [
            0.2362099140882492,
            0.9716690182685852,
            -0.008016225881874561,
            0.0
          ],
          [
            0.22038936614990234,
            -0.04553767666220665,
            0.9743484258651733,
            0.0
          ],
          [
            0.0,
            0.0,
            0.0,
            1.0
          ]
        ],
        "rotation_mode": "QUATERNION"
      },
      "armature_space": {
        "head": {
          "x": 0.04802738502621651,
          "y": -0.03824122995138168,
          "z": 0.5600094795227051
        },
        "tail": {
          "x": 0.03417162224650383,
          "y": -0.07342523336410522,
          "z": 0.6553030014038086
        }
      },
      "world_space": {
        "head": {
          "x": 0.04802738502621651,
          "y": 0.025002770125865936,
          "z": 1.5098634958267212
        },
        "tail": {
          "x": 0.03417162224650383,
          "y": -0.010181233286857605,
          "z": 1.6051570177078247
        },
        "rotation_quaternion": {
          "w": 0.56067955493927,
          "x": 0.8178351521492004,
          "y": -0.11851035803556442,
          "z": -0.05234181508421898
        },
        "matrix": [
          [
            0.9664311408996582,
            -0.13515004515647888,
            -0.2185070812702179,
            0.04802738502621651
          ],
          [
            -0.2525383532047272,
            -0.3431871235370636,
            -0.9046807885169983,
            0.025002770125865936
          ],
          [
            0.047278933227062225,
            0.929499089717865,
            -0.365800678730011,
            1.5098634958267212
          ],
          [
            0.0,
            0.0,
            0.0,
            1.0
          ]
        ]
      },
      "bone_length_armature_space": 0.10252195581723032,
      "parent": "spine_01",
      "has_children": true,
      "is_end_bone": false
    },
    "head": {
      "name": "head",
      "local": {
        "location": {
          "x": 0.0,
          "y": 0.0,
          "z": 0.0
        },
        "rotation_quaternion": {
          "w": 0.9922239780426025,
          "x": -0.07353474199771881,
          "y": -0.03902951627969742,
          "z": -0.09252572804689407
        },
        "scale": {
          "x": 1.0,
          "y": 1.0,
          "z": 1.0
        },
        "matrix_basis": [
          [
            0.9798313975334167,
            0.18935254216194153,
            -0.06384433060884476,
            0.0
          ],
          [
            -0.177872434258461,
            0.9720632433891296,
            0.1531483381986618,
            0.0
          ],
          [
            0.09105975180864334,
            -0.13870340585708618,
            0.9861387014389038,
            0.0
          ],
          [
            0.0,
            0.0,
            0.0,
            1.0
          ]
        ],
        "rotation_mode": "QUATERNION"
      },
      "armature_space": {
        "head": {
          "x": 0.03417159616947174,
          "y": -0.07342535257339478,
          "z": 0.6553028225898743
        },
        "tail": {
          "x": 0.06084492802619934,
          "y": -0.05904070660471916,
          "z": 0.8074045181274414
        }
      },
      "world_space": {
        "head": {
          "x": 0.03417159616947174,
          "y": -0.010181352496147156,
          "z": 1.6051568984985352
        },
        "tail": {
          "x": 0.06084492802619934,
          "y": 0.004203293472528458,
          "z": 1.7572585344314575
        },
        "rotation_quaternion": {
          "w": 0.736361026763916,
          "x": 0.6507349014282227,
          "y": -0.06440047919750214,
          "z": -0.1736927181482315
        },
        "matrix": [
          [
            0.9313666224479675,
            0.1719859093427658,
            -0.3209008574485779,
            0.03417159616947174
          ],
          [
            -0.3396174907684326,
            0.0927501767873764,
            -0.9359796047210693,
            -0.010181352496147156
          ],
          [
            -0.13121289014816284,
            0.9807303547859192,
            0.14479389786720276,
            1.6051568984985352
          ],
          [
            0.0,
            0.0,
            0.0,
            1.0
          ]
        ]
      },
      "bone_length_armature_space": 0.1550912989793049,
      "parent": "neck_01",
      "has_children": false,
      "is_end_bone": true
    },
    "upperarm_l": {
      "name": "upperarm_l",
      "local": {
        "location": {
          "x": 0.0,
          "y": 0.0,
          "z": 0.0
        },
        "rotation_quaternion": {
          "w": 0.8573859930038452,
          "x": -0.15273435413837433,
          "y": 0.48696932196617126,
          "z": -0.06650151312351227
        },
        "scale": {
          "x": 1.0,
          "y": 1.0,
          "z": 1.0
        },
        "matrix_basis": [
          [
            0.5168768763542175,
            -0.03471895679831505,
            0.8553555011749268,
            0.0
          ],
          [
            -0.2627888321876526,
            0.9444995522499084,
            0.19713619351387024,
            0.0
          ],
          [
            -0.814727246761322,
            -0.3266729712486267,
            0.4790661931037903,
            0.0
          ],
          [
            0.0,
            0.0,
            0.0,
            1.0
          ]
        ],
        "rotation_mode": "QUATERNION"
      },
      "armature_space": {
        "head": {
          "x": 0.19150006771087646,
          "y": -0.034114498645067215,
          "z": 0.4798490107059479
        },
        "tail": {
          "x": 0.43611156940460205,
          "y": 0.07427458465099335,
          "z": 0.46486157178878784
        }
      },
      "world_space": {
        "head": {
          "x": 0.19150006771087646,
          "y": 0.029129501432180405,
          "z": 1.4297029972076416
        },
        "tail": {
          "x": 0.43611156940460205,
          "y": 0.13751858472824097,
          "z": 1.4147155284881592
        },
        "rotation_quaternion": {
          "w": 0.18060770630836487,
          "x": 0.5246588587760925,
          "y": 0.8183048963546753,
          "z": -0.14997036755084991
        },
        "matrix": [
          [
            -0.38422757387161255,
            0.9128336906433105,
            0.1382162719964981,
            0.19150006771087646
          ],
          [
            0.804490327835083,
            0.40448299050331116,
            -0.434958815574646,
            0.029129501432180405
          ],
          [
            -0.45295363664627075,
            -0.055929604917764664,
            -0.8897860050201416,
            1.4297029972076416
          ],
          [
            0.0,
            0.0,
            0.0,
            1.0
          ]
        ]
      },
      "bone_length_armature_space": 0.26796940480422804,
      "parent": "spine_01",
      "has_children": true,
      "is_end_bone": false
    },
    "lowerarm_l": {
      "name": "lowerarm_l",
      "local": {
        "location": {
          "x": 0.0,
          "y": 0.0,
          "z": 0.0
        },
        "rotation_quaternion": {
          "w": 0.9868123531341553,
          "x": 0.15473808348178864,
          "y": 0.04125969111919403,
          "z": 0.023562587797641754
        },
        "scale": {
          "x": 1.0,
          "y": 1.0,
          "z": 1.0
        },
        "matrix_basis": [
          [
            0.9954848885536194,
            -0.03373481333255768,
            0.08872320502996445,
            0.0
          ],
          [
            0.05927259474992752,
            0.9510018825531006,
            -0.3034505248069763,
            0.0
          ],
          [
            -0.07413908839225769,
            0.30733928084373474,
            0.9487075209617615,
            0.0
          ],
          [
            0.0,
            0.0,
            0.0,
            1.0
          ]
        ],
        "rotation_mode": "QUATERNION"
      },
      "armature_space": {
        "head": {
          "x": 0.436111718416214,
          "y": 0.07427449524402618,
          "z": 0.46486157178878784
        },
        "tail": {
          "x": 0.6861557960510254,
          "y": 0.09379952400922775,
          "z": 0.37176916003227234
        }
      },
      "world_space": {
        "head": {
          "x": 0.436111718416214,
          "y": 0.1375184953212738,
          "z": 1.4147155284881592
        },
        "tail": {
          "x": 0.6861557960510254,
          "y": 0.15704351663589478,
          "z": 1.3216232061386108
        },
        "rotation_quaternion": {
          "w": 0.096245177090168,
          "x": 0.6012852787971497,
          "y": 0.7261060476303101,
          "z": -0.31931647658348083
        },
        "matrix": [
          [
            -0.2583845555782318,
            0.9346585273742676,
            -0.24423444271087646,
            0.436111718416214
          ],
          [
            0.8117295503616333,
            0.07298408448696136,
            -0.5794554948806763,
            0.1375184953212738
          ],
          [
            -0.523770809173584,
            -0.3479771614074707,
            -0.7775539755821228,
            1.4147155284881592
          ],
          [
            0.0,
            0.0,
            0.0,
            1.0
          ]
        ]
      },
      "bone_length_armature_space": 0.26752469492386866,
      "parent": "upperarm_l",
      "has_children": true,
      "is_end_bone": false
    },
    "metacarpal_thumb_l": {
      "name": "metacarpal_thumb_l",
      "local": {
        "location": {
          "x": 0.0,
          "y": 0.0,
          "z": 0.0
        },
        "rotation_quaternion": {
          "w": 0.999890148639679,
          "x": -0.006751785520464182,
          "y": 0.013070476241409779,
          "z": 0.0017985600279644132
        },
        "scale": {
          "x": 1.0,
          "y": 1.0,
          "z": 1.0
        },
        "matrix_basis": [
          [
            0.9996518492698669,
            -0.0037732229102402925,
            0.02611379325389862,
            0.0
          ],
          [
            0.0034202267415821552,
            0.9999023675918579,
            0.013549103401601315,
            0.0
          ],
          [
            -0.026162367314100266,
            -0.013455071486532688,
            0.9995671510696411,
            0.0
          ],
          [
            0.0,
            0.0,
            0.0,
            1.0
          ]
        ],
        "rotation_mode": "QUATERNION"
      },
      "armature_space": {
        "head": {
          "x": 0.6861557960510254,
          "y": 0.09379952400922775,
          "z": 0.37176916003227234
        },
        "tail": {
          "x": 0.713330090045929,
          "y": 0.08646073192358017,
          "z": 0.33101001381874084
        }
      },
      "world_space": {
        "head": {
          "x": 0.6861557960510254,
          "y": 0.15704351663589478,
          "z": 1.3216232061386108
        },
        "tail": {
          "x": 0.713330090045929,
          "y": 0.1497047245502472,
          "z": 1.2808640003204346
        },
        "rotation_quaternion": {
          "w": 0.5438069105148315,
          "x": -0.757678210735321,
          "y": -0.36082568764686584,
          "z": -0.0016757952980697155
        },
        "matrix": [
          [
            0.7396023273468018,
            0.5486022233963013,
            -0.3899018466472626,
            0.6861557960510254
          ],
          [
            0.5449594855308533,
            -0.14815758168697357,
            0.8252689242362976,
            0.15704351663589478
          ],
          [
            0.3949807584285736,
            -0.8228574395179749,
            -0.4085458815097809,
            1.3216232061386108
          ],
          [
            0.0,
            0.0,
            0.0,
            1.0
          ]
        ]
      },
      "bone_length_armature_space": 0.04953390855164373,
      "parent": "lowerarm_l",
      "has_children": true,
      "is_end_bone": false
    },
    "thumb_01_l": {
      "name": "thumb_01_l",
      "local": {
        "location": {
          "x": 0.0,
          "y": 0.0,
          "z": 0.0
        },
        "rotation_quaternion": {
          "w": 0.9983800053596497,
          "x": 0.05295490846037865,
          "y": 0.008496622554957867,
          "z": 0.019003381952643394
        },
        "scale": {
          "x": 1.0,
          "y": 1.0,
          "z": 1.0
        },
        "matrix_basis": [
          [
            0.9991333484649658,
            -0.03704531863331795,
            0.018978361040353775,
            0.0
          ],
          [
            0.03884506970643997,
            0.9936692714691162,
            -0.10541531443595886,
            0.0
          ],
          [
            -0.014953071251511574,
            0.1060611754655838,
            0.9942471981048584,
            0.0
          ],
          [
            0.0,
            0.0,
            0.0,
            1.0
          ]
        ],
        "rotation_mode": "QUATERNION"
      },
      "armature_space": {
        "head": {
          "x": 0.713330090045929,
          "y": 0.08646073192358017,
          "z": 0.33101001381874084
        },
        "tail": {
          "x": 0.7146273255348206,
          "y": 0.10461828857660294,
          "z": 0.30224794149398804
        }
      },
      "world_space": {
        "head": {
          "x": 0.713330090045929,
          "y": 0.1497047245502472,
          "z": 1.2808640003204346
        },
        "tail": {
          "x": 0.7146273255348206,
          "y": 0.16786229610443115,
          "z": 1.2521018981933594
        },
        "rotation_quaternion": {
          "w": 0.8000809550285339,
          "x": -0.4320302903652191,
          "y": 0.35579580068588257,
          "z": -0.21593926846981049
        },
        "matrix": [
          [
            0.6535595655441284,
            0.03810988366603851,
            0.7559147477149963,
            0.713330090045929
          ],
          [
            -0.6529668569564819,
            0.5334405303001404,
            0.5376577377319336,
            0.1497047245502472
          ],
          [
            -0.38274863362312317,
            -0.8449841141700745,
            0.37352272868156433,
            1.2808640003204346
          ],
          [
            0.0,
            0.0,
            0.0,
            1.0
          ]
        ]
      },
      "bone_length_armature_space": 0.034038750082380234,
      "parent": "metacarpal_thumb_l",
      "has_children": true,
      "is_end_bone": false
    },
    "thumb_02_l": {
      "name": "thumb_02_l",
      "local": {
        "location": {
          "x": 0.0,
          "y": 0.0,
          "z": 0.0
        },
        "rotation_quaternion": {
          "w": 0.9903808236122131,
          "x": 0.13821406662464142,
          "y": 0.004373643081635237,
          "z": 0.0048669567331671715
        },
        "scale": {
          "x": 1.0,
          "y": 1.0,
          "z": 1.0
        },
        "matrix_basis": [
          [
            0.9999143481254578,
            -0.008431282825767994,
            0.010008508339524269,
            0.0
          ],
          [
            0.01084927935153246,
            0.9617463946342468,
            -0.27372655272483826,
            0.0
          ],
          [
            -0.007317780517041683,
            0.2738116979598999,
            0.9617555141448975,
            0.0
          ],
          [
            0.0,
            0.0,
            0.0,
            1.0
          ]
        ],
        "rotation_mode": "QUATERNION"
      },
      "armature_space": {
        "head": {
          "x": 0.714627206325531,
          "y": 0.10461828112602234,
          "z": 0.30224794149398804
        },
        "tail": {
          "x": 0.7539454102516174,
          "y": 0.1070435643196106,
          "z": 0.2944135069847107
        }
      },
      "world_space": {
        "head": {
          "x": 0.714627206325531,
          "y": 0.16786228120326996,
          "z": 1.2521018981933594
        },
        "tail": {
          "x": 0.7539454102516174,
          "y": 0.17028756439685822,
          "z": 1.244267463684082
        },
        "rotation_quaternion": {
          "w": 0.6876581311225891,
          "x": 0.0945274606347084,
          "y": 0.23941458761692047,
          "z": -0.6788751482963562
        },
        "matrix": [
          [
            -0.03638261556625366,
            0.9789310097694397,
            0.20092296600341797,
            0.714627206325531
          ],
          [
            -0.8884053826332092,
            0.06038395315408707,
            -0.455071359872818,
            0.16786228120326996
          ],
          [
            -0.45761993527412415,
            -0.19505900144577026,
            0.8674963116645813,
            1.2521018981933594
          ],
          [
            0.0,
            0.0,
            0.0,
            1.0
          ]
        ]
      },
      "bone_length_armature_space": 0.04016443156312147,
      "parent": "thumb_01_l",
      "has_children": true,
      "is_end_bone": false
    },
    "thumb_03_l": {
      "name": "thumb_03_l",
      "local": {
        "location": {
          "x": 0.0,
          "y": 0.0,
          "z": 0.0
        },
        "rotation_quaternion": {
          "w": 0.9990689754486084,
          "x": 0.04264575615525246,
          "y": -0.00358151039108634,
          "z": -0.005460015032440424
        },
        "scale": {
          "x": 1.0,
          "y": 1.0,
          "z": 1.0
        },
        "matrix_basis": [
          [
            0.9999147057533264,
            0.010604390874505043,
            -0.007622044999152422,
            0.0
          ],
          [
            -0.011215335689485073,
            0.9963030815124512,
            -0.08517299592494965,
            0.0
          ],
          [
            0.00669065909460187,
            0.08525121212005615,
            0.9963369965553284,
            0.0
          ],
          [
            0.0,
            0.0,
            0.0,
            1.0
          ]
        ],
        "rotation_mode": "QUATERNION"
      },
      "armature_space": {
        "head": {
          "x": 0.7539453506469727,
          "y": 0.1070435419678688,
          "z": 0.2944134473800659
        },
        "tail": {
          "x": 0.7839478850364685,
          "y": 0.10719414800405502,
          "z": 0.2995823323726654
        }
      },
      "world_space": {
        "head": {
          "x": 0.7539453506469727,
          "y": 0.17028754949569702,
          "z": 1.244267463684082
        },
        "tail": {
          "x": 0.7839478850364685,
          "y": 0.17043814063072205,
          "z": 1.249436378479004
        },
        "rotation_quaternion": {
          "w": 0.6660337448120117,
          "x": 0.35045626759529114,
          "y": 0.24263978004455566,
          "z": -0.6121319532394409
        },
        "matrix": [
          [
            0.13283933699131012,
            0.9854699373245239,
            -0.10584113001823425,
            0.7539453506469727
          ],
          [
            -0.6453329920768738,
            0.004946917295455933,
            -0.7638855576515198,
            0.17028754949569702
          ],
          [
            -0.7522684335708618,
            0.16977804899215698,
            0.6366173028945923,
            1.244267463684082
          ],
          [
            0.0,
            0.0,
            0.0,
            1.0
          ]
        ]
      },
      "bone_length_armature_space": 0.030444903285835528,
      "parent": "thumb_02_l",
      "has_children": false,
      "is_end_bone": true
    },
    "metacarpal_index_l": {
      "name": "metacarpal_index_l",
      "local": {
        "location": {
          "x": 0.0,
          "y": 0.0,
          "z": 0.0
        },
        "rotation_quaternion": {
          "w": 0.9978459477424622,
          "x": -0.06289535760879517,
          "y": -0.014575750567018986,
          "z": -0.011635026894509792
        },
        "scale": {
          "x": 1.0,
          "y": 1.0,
          "z": 1.0
        },
        "matrix_basis": [
          [
            0.9993043541908264,
            0.025053422898054123,
            -0.027625128626823425,
            0.0
          ],
          [
            -0.021386435255408287,
            0.9918175935745239,
            0.12585893273353577,
            0.0
          ],
          [
            0.03055228479206562,
            -0.12518057227134705,
            0.9916634559631348,
            0.0
          ],
          [
            0.0,
            0.0,
            0.0,
            1.0
          ]
        ],
        "rotation_mode": "QUATERNION"
      },
      "armature_space": {
        "head": {
          "x": 0.6861557960510254,
          "y": 0.09379952400922775,
          "z": 0.37176916003227234
        },
        "tail": {
          "x": 0.7879962921142578,
          "y": 0.08406037837266922,
          "z": 0.31464719772338867
        }
      },
      "world_space": {
        "head": {
          "x": 0.6861557960510254,
          "y": 0.15704351663589478,
          "z": 1.3216232061386108
        },
        "tail": {
          "x": 0.7879962921142578,
          "y": 0.14730438590049744,
          "z": 1.2645012140274048
        },
        "rotation_quaternion": {
          "w": 0.2654532194137573,
          "x": -0.7315956950187683,
          "y": -0.6228763461112976,
          "z": 0.079544797539711
        },
        "matrix": [
          [
            0.2113933265209198,
            0.8691558837890625,
            -0.44708001613616943,
            0.6861557960510254
          ],
          [
            0.9536192417144775,
            -0.08311855047941208,
            0.28931286931037903,
            0.15704351663589478
          ],
          [
            0.21429964900016785,
            -0.4875064492225647,
            -0.8464202284812927,
            1.3216232061386108
          ],
          [
            0.0,
            0.0,
            0.0,
            1.0
          ]
        ]
      },
      "bone_length_armature_space": 0.11717190911968396,
      "parent": "lowerarm_l",
      "has_children": true,
      "is_end_bone": false
    },
    "index_01_l": {
      "name": "index_01_l",
      "local": {
        "location": {
          "x": 0.0,
          "y": 0.0,
          "z": 0.0
        },
        "rotation_quaternion": {
          "w": 0.9965440034866333,
          "x": -0.08164838701486588,
          "y": 0.012186381965875626,
          "z": -0.009225070476531982
        },
        "scale": {
          "x": 1.0,
          "y": 1.0,
          "z": 1.0
        },
        "matrix_basis": [
          [
            0.9995327591896057,
            0.016396380960941315,
            0.02579495683312416,
            0.0
          ],
          [
            -0.020376374945044518,
            0.9864968657493591,
            0.1625075787305832,
            0.0
          ],
          [
            -0.022782107815146446,
            -0.16295726597309113,
            0.9863700866699219,
            0.0
          ],
          [
            0.0,
            0.0,
            0.0,
            1.0
          ]
        ],
        "rotation_mode": "QUATERNION"
      },
      "armature_space": {
        "head": {
          "x": 0.7879962921142578,
          "y": 0.08406037837266922,
          "z": 0.31464719772338867
        },
        "tail": {
          "x": 0.8159083724021912,
          "y": 0.08892721682786942,
          "z": 0.31143808364868164
        }
      },
      "world_space": {
        "head": {
          "x": 0.7879962921142578,
          "y": 0.14730438590049744,
          "z": 1.2645012140274048
        },
        "tail": {
          "x": 0.8159083724021912,
          "y": 0.15217122435569763,
          "z": 1.2612920999526978
        },
        "rotation_quaternion": {
          "w": 0.1947641223669052,
          "x": -0.6373739838600159,
          "y": -0.7398701906204224,
          "z": -0.09172570705413818
        },
        "matrix": [
          [
            -0.1116422638297081,
            0.9788779616355896,
            -0.1712707132101059,
            0.7879962921142578
          ],
          [
            0.9074182510375977,
            0.17068012058734894,
            0.38400599360466003,
            0.14730438590049744
          ],
          [
            0.40513113141059875,
            -0.11254358291625977,
            -0.9073129296302795,
            1.2645012140274048
          ],
          [
            0.0,
            0.0,
            0.0,
            1.0
          ]
        ]
      },
      "bone_length_armature_space": 0.02851436042025441,
      "parent": "metacarpal_index_l",
      "has_children": true,
      "is_end_bone": false
    },
    "index_02_l": {
      "name": "index_02_l",
      "local": {
        "location": {
          "x": 0.0,
          "y": 0.0,
          "z": 0.0
        },
        "rotation_quaternion": {
          "w": 0.9847115278244019,
          "x": 0.17412474751472473,
          "y": -0.004526699893176556,
          "z": -0.0018336430657655
        },
        "scale": {
          "x": 1.0,
          "y": 1.0,
          "z": 1.0
        },
        "matrix_basis": [
          [
            0.9999523162841797,
            0.0020347980316728354,
            -0.009553552605211735,
            0.0
          ],
          [
            -0.005187639966607094,
            0.939354419708252,
            -0.34290868043899536,
            0.0
          ],
          [
            0.008276421576738358,
            0.34294188022613525,
            0.9393201470375061,
            0.0
          ],
          [
            0.0,
            0.0,
            0.0,
            1.0
          ]
        ],
        "rotation_mode": "QUATERNION"
      },
      "armature_space": {
        "head": {
          "x": 0.8159087300300598,
          "y": 0.08892718702554703,
          "z": 0.3114376366138458
        },
        "tail": {
          "x": 0.8383984565734863,
          "y": 0.09635017067193985,
          "z": 0.3015785813331604
        }
      },
      "world_space": {
        "head": {
          "x": 0.8159087300300598,
          "y": 0.15217119455337524,
          "z": 1.2612916231155396
        },
        "tail": {
          "x": 0.8383984565734863,
          "y": 0.15959417819976807,
          "z": 1.2514326572418213
        },
        "rotation_quaternion": {
          "w": 0.2617924213409424,
          "x": -0.5941317081451416,
          "y": -0.7590419054031372,
          "z": 0.04824557527899742
        },
        "matrix": [
          [
            -0.15694311261177063,
            0.8766819834709167,
            -0.45474958419799805,
            0.8159087300300598
          ],
          [
            0.9272024631500244,
            0.28935831785202026,
            0.237839475274086,
            0.15217119455337524
          ],
          [
            0.3400983512401581,
            -0.3843201696872711,
            -0.8582803010940552,
            1.2612916231155396
          ],
          [
            0.0,
            0.0,
            0.0,
            1.0
          ]
        ]
      },
      "bone_length_armature_space": 0.02565325406623439,
      "parent": "index_01_l",
      "has_children": true,
      "is_end_bone": false
    },
    "index_03_l": {
      "name": "index_03_l",
      "local": {
        "location": {
          "x": 0.0,
          "y": 0.0,
          "z": 0.0
        },
        "rotation_quaternion": {
          "w": 0.9721477627754211,
          "x": 0.23426014184951782,
          "y": 0.007091164123266935,
          "z": 0.0008595691178925335
        },
        "scale": {
          "x": 1.0,
          "y": 1.0,
          "z": 1.0
        },
        "matrix_basis": [
          [
            0.9998979568481445,
            0.0016510977875441313,
            0.01419004425406456,
            0.0
          ],
          [
            0.0049936105497181416,
            0.890242874622345,
            -0.45545876026153564,
            0.0
          ],
          [
            -0.013384592719376087,
            0.4554831385612488,
            0.8901438117027283,
            0.0
          ],
          [
            0.0,
            0.0,
            0.0,
            1.0
          ]
        ],
        "rotation_mode": "QUATERNION"
      },
      "armature_space": {
        "head": {
          "x": 0.8383985161781311,
          "y": 0.09635011106729507,
          "z": 0.30157867074012756
        },
        "tail": {
          "x": 0.8523461818695068,
          "y": 0.11020063608884811,
          "z": 0.27996012568473816
        }
      },
      "world_space": {
        "head": {
          "x": 0.8383985161781311,
          "y": 0.1595941185951233,
          "z": 1.2514326572418213
        },
        "tail": {
          "x": 0.8523461818695068,
          "y": 0.17344462871551514,
          "z": 1.2298141717910767
        },
        "rotation_quaternion": {
          "w": 0.44262978434562683,
          "x": -0.4603915214538574,
          "y": -0.7355912923812866,
          "z": 0.22588500380516052
        },
        "matrix": [
          [
            -0.18423591554164886,
            0.47735530138015747,
            -0.8591790795326233,
            0.8383985161781311
          ],
          [
            0.8772875666618347,
            0.4740298390388489,
            0.07524970173835754,
            0.1595941185951233
          ],
          [
            0.4432012140750885,
            -0.7398881912231445,
            -0.5061146020889282,
            1.2514326572418213
          ],
          [
            0.0,
            0.0,
            0.0,
            1.0
          ]
        ]
      },
      "bone_length_armature_space": 0.029218759803687454,
      "parent": "index_02_l",
      "has_children": false,
      "is_end_bone": true
    },
    "metacarpal_pinky_l": {
      "name": "metacarpal_pinky_l",
      "local": {
        "location": {
          "x": 0.0,
          "y": 0.0,
          "z": 0.0
        },
        "rotation_quaternion": {
          "w": 0.9984704256057739,
          "x": -0.0536026693880558,
          "y": -0.010674315504729748,
          "z": -0.00835232250392437
        },
        "scale": {
          "x": 1.0,
          "y": 1.0,
          "z": 1.0
        },
        "matrix_basis": [
          [
            0.9996325969696045,
            0.017823437228798866,
            -0.020420562475919724,
            0.0
          ],
          [
            -0.015534750185906887,
            0.9941139817237854,
            0.10721967369318008,
            0.0
          ],
          [
            0.022211389616131783,
            -0.10686305165290833,
            0.9940256476402283,
            0.0
          ],
          [
            0.0,
            0.0,
            0.0,
            1.0
          ]
        ],
        "rotation_mode": "QUATERNION"
      },
      "armature_space": {
        "head": {
          "x": 0.6861557960510254,
          "y": 0.09379952400922775,
          "z": 0.37176916003227234
        },
        "tail": {
          "x": 0.7828567028045654,
          "y": 0.1293882131576538,
          "z": 0.3567492663860321
        }
      },
      "world_space": {
        "head": {
          "x": 0.6861557960510254,
          "y": 0.15704351663589478,
          "z": 1.3216232061386108
        },
        "tail": {
          "x": 0.7828567028045654,
          "y": 0.19263221323490143,
          "z": 1.3066033124923706
        },
        "rotation_quaternion": {
          "w": 0.6315603256225586,
          "x": 0.2930774986743927,
          "y": 0.5215527415275574,
          "z": -0.49317336082458496
        },
        "matrix": [
          [
            -0.030475368723273277,
            0.9286485910415649,
            0.3697061836719513,
            0.6861557960510254
          ],
          [
            -0.3172268867492676,
            0.34176915884017944,
            -0.8846248388290405,
            0.15704351663589478
          ],
          [
            -0.9478669762611389,
            -0.14424081146717072,
            0.2841779291629791,
            1.3216232061386108
          ],
          [
            0.0,
            0.0,
            0.0,
            1.0
          ]
        ]
      },
      "bone_length_armature_space": 0.1041307706780187,
      "parent": "lowerarm_l",
      "has_children": true,
      "is_end_bone": false
    },
    "pinky_01_l": {
      "name": "pinky_01_l",
      "local": {
        "location": {
          "x": 0.0,
          "y": 0.0,
          "z": 0.0
        },
        "rotation_quaternion": {
          "w": 0.9995723366737366,
          "x": 0.02488855831325054,
          "y": -0.015069791115820408,
          "z": 0.0029597945977002382
        },
        "scale": {
          "x": 1.0,
          "y": 1.0,
          "z": 1.0
        },
        "matrix_basis": [
          [
            0.9995282888412476,
            -0.006667188368737698,
            -0.029979363083839417,
            0.0
          ],
          [
            0.005166926886886358,
            0.9987435936927795,
            -0.04984503611922264,
            0.0
          ],
          [
            0.03027402237057686,
            0.049666620790958405,
            0.998306930065155,
            0.0
          ],
          [
            0.0,
            0.0,
            0.0,
            1.0
          ]
        ],
        "rotation_mode": "QUATERNION"
      },
      "armature_space": {
        "head": {
          "x": 0.7828567028045654,
          "y": 0.1293882131576538,
          "z": 0.3567492663860321
        },
        "tail": {
          "x": 0.8030242919921875,
