{
  "metadata": {
    "armature_name": "KIM_caucasian_male",
    "export_time": "2026-01-13T19:11:08.987238",
    "blender_version": "4.4.1",
    "bone_count": 56,
    "end_bone_count": 13,
    "spaces_included": [
      "LOCAL_CHANNELS",
      "ARMATURE_SPACE",
      "WORLD_SPACE"
    ],
    "note": "LOCAL matches Transform panel; replay pose via local.matrix_basis for best fidelity."
  },
  "bones": {
    "Root": {
      "name": "Root",
      "local": {
        "location": {
          "x": 0.0,
          "y": 0.0,
          "z": 0.0
        },
        "rotation_quaternion": {
          "w": 0.9996781945228577,
          "x": 0.016574876382946968,
          "y": 0.0185946486890316,
          "z": 0.004804272670298815
        },
        "scale": {
          "x": 1.0,
          "y": 1.0,
          "z": 1.0
        },
        "matrix_basis": [
          [
            0.9992623329162598,
            -0.008989045396447182,
            0.03733659163117409,
            0.0
          ],
          [
            0.01022186130285263,
            0.9994043707847595,
            -0.03296041861176491,
            0.0
          ],
          [
            -0.0370180681347847,
            0.03331775218248367,
            0.9987590312957764,
            0.0
          ],
          [
            0.0,
            0.0,
            0.0,
            1.0
          ]
        ],
        "rotation_mode": "QUATERNION"
      },
      "armature_space": {
        "head": {
          "x": 0.0,
          "y": 0.07072800397872925,
          "z": -0.009595036506652832
        },
        "tail": {
          "x": -0.0006416009273380041,
          "y": -0.00027755647897720337,
          "z": -0.002362229395657778
        }
      },
      "world_space": {
        "head": {
          "x": 0.0,
          "y": 0.13397200405597687,
          "z": 0.9402589797973633
        },
        "tail": {
          "x": -0.0006416009273380041,
          "y": 0.06296644359827042,
          "z": 0.9474917650222778
        },
        "rotation_quaternion": {
          "w": 0.050808750092983246,
          "x": 0.9985237121582031,
          "y": -0.003540676087141037,
          "z": 0.018876058980822563
        },
        "matrix": [
          [
            0.9992623329162598,
            -0.008989045396447182,
            0.03733659163117409,
            0.0
          ],
          [
            -0.005152751691639423,
            -0.9948118329048157,
            -0.10160163044929504,
            0.13397200405597687
          ],
          [
            0.03805644437670708,
            0.10133406519889832,
            -0.994131326675415,
            0.9402589797973633
          ],
          [
            0.0,
            0.0,
            0.0,
            1.0
          ]
        ]
      },
      "bone_length_armature_space": 0.07137587042893478,
      "parent": null,
      "has_children": true,
      "is_end_bone": false
    },
    "spine_01": {
      "name": "spine_01",
      "local": {
        "location": {
          "x": 0.0,
          "y": 0.0,
          "z": 0.0
        },
        "rotation_quaternion": {
          "w": 0.9965161085128784,
          "x": -0.03512293100357056,
          "y": -0.04407883062958717,
          "z": -0.06147396191954613
        },
        "scale": {
          "x": 1.0,
          "y": 1.0,
          "z": 1.0
        },
        "matrix_basis": [
          [
            0.9885560274124146,
            0.1256159394979477,
            -0.08353223651647568,
            0.0
          ],
          [
            -0.11942323297262192,
            0.9899746775627136,
            0.07542053610086441,
            0.0
          ],
          [
            0.09216882288455963,
            -0.0645817294716835,
            0.9936468601226807,
            0.0
          ],
          [
            0.0,
            0.0,
            0.0,
            1.0
          ]
        ],
        "rotation_mode": "QUATERNION"
      },
      "armature_space": {
        "head": {
          "x": -0.0006416009273380041,
          "y": -0.00027755647897720337,
          "z": -0.002362229395657778
        },
        "tail": {
          "x": 0.04244287312030792,
          "y": 0.03753545135259628,
          "z": 0.48226386308670044
        }
      },
      "world_space": {
        "head": {
          "x": -0.0006416009273380041,
          "y": 0.06296644359827042,
          "z": 0.9474917650222778
        },
        "tail": {
          "x": 0.04244287312030792,
          "y": 0.1007794514298439,
          "z": 1.4321179389953613
        },
        "rotation_quaternion": {
          "w": 0.7339802980422974,
          "x": 0.6761605739593506,
          "y": -0.003919207025319338,
          "z": -0.06375350803136826
        },
        "matrix": [
          [
            0.9918403029441833,
            0.08828762918710709,
            -0.09196900576353073,
            -0.0006416009273380041
          ],
          [
            -0.09888827055692673,
            0.07748547941446304,
            -0.9920771718025208,
            0.06296644359827042
          ],
          [
            -0.08046253770589828,
            0.9930837154388428,
            0.08558352291584015,
            0.9474917650222778
          ],
          [
            0.0,
            0.0,
            0.0,
            1.0
          ]
        ]
      },
      "bone_length_armature_space": 0.48800465379036373,
      "parent": "Root",
      "has_children": true,
      "is_end_bone": false
    },
    "neck_01": {
      "name": "neck_01",
      "local": {
        "location": {
          "x": 0.0,
          "y": 0.0,
          "z": 0.0
        },
        "rotation_quaternion": {
          "w": 0.9881062507629395,
          "x": -0.15206947922706604,
          "y": -0.019746189936995506,
          "z": -0.011448275297880173
        },
        "scale": {
          "x": 1.0,
          "y": 1.0,
          "z": 1.0
        },
        "matrix_basis": [
          [
            0.9989580512046814,
            0.028629809617996216,
            -0.03554080054163933,
            0.0
          ],
          [
            -0.01661863923072815,
            0.9534876346588135,
            0.30097371339797974,
            0.0
          ],
          [
            0.042504534125328064,
            -0.3000694811344147,
            0.9529699087142944,
            0.0
          ],
          [
            0.0,
            0.0,
            0.0,
            1.0
          ]
        ],
        "rotation_mode": "QUATERNION"
      },
      "armature_space": {
        "head": {
          "x": 0.04571763053536415,
          "y": 0.008803144097328186,
          "z": 0.5579439401626587
        },
        "tail": {
          "x": 0.05689834803342819,
          "y": 0.0078042964451014996,
          "z": 0.6598495841026306
        }
      },
      "world_space": {
        "head": {
          "x": 0.04571763053536415,
          "y": 0.0720471441745758,
          "z": 1.5077979564666748
        },
        "tail": {
          "x": 0.05689834803342819,
          "y": 0.0710482969880104,
          "z": 1.609703540802002
        },
        "rotation_quaternion": {
          "w": 0.7035905718803406,
          "x": 0.7052047848701477,
          "y": -0.009413628838956356,
          "z": -0.08693591505289078
        },
        "matrix": [
          [
            0.9847070574760437,
            0.1090574562549591,
            -0.13586270809173584,
            0.04571763053536415
          ],
          [
            -0.13561247289180756,
            -0.009742826223373413,
            -0.9907141923904419,
            0.0720471441745758
          ],
          [
            -0.10936934500932693,
            0.9939947128295898,
            0.005194813013076782,
            1.5077979564666748
          ],
          [
            0.0,
            0.0,
            0.0,
            1.0
          ]
        ]
      },
      "bone_length_armature_space": 0.10252202694220237,
      "parent": "spine_01",
      "has_children": true,
      "is_end_bone": false
    },
    "head": {
      "name": "head",
      "local": {
        "location": {
          "x": 0.0,
          "y": 0.0,
          "z": 0.0
        },
        "rotation_quaternion": {
          "w": 0.979193925857544,
          "x": -0.11966811865568161,
          "y": -0.11036273092031479,
          "z": 0.12115676701068878
        },
        "scale": {
          "x": 1.0,
          "y": 1.0,
          "z": 1.0
        },
        "matrix_basis": [
          [
            0.9462822079658508,
            -0.21085813641548157,
            -0.2451302409172058,
            0.0
          ],
          [
            0.2636857330799103,
            0.9420011639595032,
            0.2076142132282257,
            0.0
          ],
          [
            0.18713583052158356,
            -0.2610989809036255,
            0.946999192237854,
            0.0
          ],
          [
            0.0,
            0.0,
            0.0,
            1.0
          ]
        ],
        "rotation_mode": "QUATERNION"
      },
      "armature_space": {
        "head": {
          "x": 0.056898318231105804,
          "y": 0.007804142776876688,
          "z": 0.6598495244979858
        },
        "tail": {
          "x": 0.050295278429985046,
          "y": 0.10086226463317871,
          "z": 0.7837438583374023
        }
      },
      "world_space": {
        "head": {
          "x": 0.056898318231105804,
          "y": 0.07104814052581787,
          "z": 1.609703540802002
        },
        "tail": {
          "x": 0.050295278429985046,
          "y": 0.16410626471042633,
          "z": 1.7335978746414185
        },
        "rotation_quaternion": {
          "w": 0.8828928470611572,
          "x": 0.4446145296096802,
          "y": -0.1432231068611145,
          "z": -0.04801401123404503
        },
        "matrix": [
          [
            0.9543638229370117,
            -0.04257548600435257,
            -0.2955963909626007,
            0.056898318231105804
          ],
          [
            -0.2121402621269226,
            0.6000257730484009,
            -0.7713402509689331,
            0.07104814052581787
          ],
          [
            0.21020688116550446,
            0.79885333776474,
            0.563614010810852,
            1.609703540802002
          ],
          [
            0.0,
            0.0,
            0.0,
            1.0
          ]
        ]
      },
      "bone_length_armature_space": 0.15509100846391158,
      "parent": "neck_01",
      "has_children": false,
      "is_end_bone": true
    },
    "upperarm_l": {
      "name": "upperarm_l",
      "local": {
        "location": {
          "x": 0.0,
          "y": 0.0,
          "z": 0.0
        },
        "rotation_quaternion": {
          "w": 0.9838387966156006,
          "x": -0.023532003164291382,
          "y": -0.06714142113924026,
          "z": 0.1643158495426178
        },
        "scale": {
          "x": 1.0,
          "y": 1.0,
          "z": 1.0
        },
        "matrix_basis": [
          [
            0.936984658241272,
            -0.3201606571674347,
            -0.13984602689743042,
            0.0
          ],
          [
            0.32648056745529175,
            0.9448931217193604,
            0.024238595739006996,
            0.0
          ],
          [
            0.12437930703163147,
            -0.06836819648742676,
            0.9898765683174133,
            0.0
          ],
          [
            0.0,
            0.0,
            0.0,
            1.0
          ]
        ],
        "rotation_mode": "QUATERNION"
      },
      "armature_space": {
        "head": {
          "x": 0.18826676905155182,
          "y": -0.014401581138372421,
          "z": 0.47940462827682495
        },
        "tail": {
          "x": 0.44992154836654663,
          "y": -0.007336112670600414,
          "z": 0.5368025898933411
        }
      },
      "world_space": {
        "head": {
          "x": 0.18826676905155182,
          "y": 0.0488424189388752,
          "z": 1.4292585849761963
        },
        "tail": {
          "x": 0.44992154836654663,
          "y": 0.05590788647532463,
          "z": 1.486656665802002
        },
        "rotation_quaternion": {
          "w": 0.5989656448364258,
          "x": 0.4988498389720917,
          "y": 0.3929675221443176,
          "z": -0.4878171682357788
        },
        "matrix": [
          [
            0.2152213454246521,
            0.9764352440834045,
            -0.015947073698043823,
            0.18826676905155182
          ],
          [
            -0.19230970740318298,
            0.026366695761680603,
            -0.9809800982475281,
            0.0488424189388752
          ],
          [
            -0.9574498534202576,
            0.21419602632522583,
            0.19345307350158691,
            1.4292585849761963
          ],
          [
            0.0,
            0.0,
            0.0,
            1.0
          ]
        ]
      },
      "bone_length_armature_space": 0.26796954190241506,
      "parent": "spine_01",
      "has_children": true,
      "is_end_bone": false
    },
    "lowerarm_l": {
      "name": "lowerarm_l",
      "local": {
        "location": {
          "x": 0.0,
          "y": 0.0,
          "z": 0.0
        },
        "rotation_quaternion": {
          "w": 0.965801477432251,
          "x": 0.24765539169311523,
          "y": 0.02260322868824005,
          "z": 0.07337245345115662
        },
        "scale": {
          "x": 1.0,
          "y": 1.0,
          "z": 1.0
        },
        "matrix_basis": [
          [
            0.9882111549377441,
            -0.13053081929683685,
            0.08000262826681137,
            0.0
          ],
          [
            0.15292206406593323,
            0.8665665984153748,
            -0.4750549793243408,
            0.0
          ],
          [
            -0.007318296004086733,
            0.48168879747390747,
            0.8763117790222168,
            0.0
          ],
          [
            0.0,
            0.0,
            0.0,
            1.0
          ]
        ],
        "rotation_mode": "QUATERNION"
      },
      "armature_space": {
        "head": {
          "x": 0.4499216079711914,
          "y": -0.007336136419326067,
          "z": 0.5368027687072754
        },
        "tail": {
          "x": 0.639585018157959,
          "y": -0.13415230810642242,
          "z": 0.6764990091323853
        }
      },
      "world_space": {
        "head": {
          "x": 0.4499216079711914,
          "y": 0.05590786412358284,
          "z": 1.4866567850112915
        },
        "tail": {
          "x": 0.639585018157959,
          "y": -0.0709083080291748,
          "z": 1.6263530254364014
        },
        "rotation_quaternion": {
          "w": 0.4934438467025757,
          "x": 0.6780914664268494,
          "y": 0.1396198570728302,
          "z": -0.5265086889266968
        },
        "matrix": [
          [
            0.4065902829170227,
            0.7089572548866272,
            -0.5762500762939453,
            0.4499216079711914
          ],
          [
            -0.33025452494621277,
            -0.47403576970100403,
            -0.8162243962287903,
            0.05590786412358284
          ],
          [
            -0.8518375158309937,
            0.5221811532974243,
            0.04139760136604309,
            1.4866567850112915
          ],
          [
            0.0,
            0.0,
            0.0,
            1.0
          ]
        ]
      },
      "bone_length_armature_space": 0.2675249297455194,
      "parent": "upperarm_l",
      "has_children": true,
      "is_end_bone": false
    },
    "metacarpal_thumb_l": {
      "name": "metacarpal_thumb_l",
      "local": {
        "location": {
          "x": 0.0,
          "y": 0.0,
          "z": 0.0
        },
        "rotation_quaternion": {
          "w": 0.9998430013656616,
          "x": -0.005896790884435177,
          "y": -0.010167308151721954,
          "z": -0.013264695182442665
        },
        "scale": {
          "x": 1.0,
          "y": 1.0,
          "z": 1.0
        },
        "matrix_basis": [
          [
            0.9994413256645203,
            0.026645135134458542,
            -0.020174985751509666,
            0.0
          ],
          [
            -0.026405315846204758,
            0.9995785355567932,
            0.012061462737619877,
            0.0
          ],
          [
            0.020487861707806587,
            -0.01152199786156416,
            0.9997237324714661,
            0.0
          ],
          [
            0.0,
            0.0,
            0.0,
            1.0
          ]
        ],
        "rotation_mode": "QUATERNION"
      },
      "armature_space": {
        "head": {
          "x": 0.639585018157959,
          "y": -0.13415230810642242,
          "z": 0.6764990091323853
        },
        "tail": {
          "x": 0.655174732208252,
          "y": -0.17881150543689728,
          "z": 0.6911994814872742
        }
      },
      "world_space": {
        "head": {
          "x": 0.639585018157959,
          "y": -0.0709083080291748,
          "z": 1.6263530254364014
        },
        "tail": {
          "x": 0.655174732208252,
          "y": -0.11556750535964966,
          "z": 1.6410534381866455
        },
        "rotation_quaternion": {
          "w": 0.13101622462272644,
          "x": 0.9675782918930054,
          "y": 0.17899255454540253,
          "z": 0.12078369408845901
        },
        "matrix": [
          [
            0.906745970249176,
            0.3147294521331787,
            0.2806374430656433,
            0.639585018157959
          ],
          [
            0.3780280649662018,
            -0.9015926718711853,
            -0.21029824018478394,
            -0.0709083080291748
          ],
          [
            0.1868351697921753,
            0.29677698016166687,
            -0.9364988803863525,
            1.6263530254364014
          ],
          [
            0.0,
            0.0,
            0.0,
            1.0
          ]
        ]
      },
      "bone_length_armature_space": 0.04953369460819649,
      "parent": "lowerarm_l",
      "has_children": true,
      "is_end_bone": false
    },
    "thumb_01_l": {
      "name": "thumb_01_l",
      "local": {
        "location": {
          "x": 0.0,
          "y": 0.0,
          "z": 0.0
        },
        "rotation_quaternion": {
          "w": 0.9782716631889343,
          "x": 0.20717348158359528,
          "y": -0.007717795670032501,
          "z": 0.002089135814458132
        },
        "scale": {
          "x": 1.0,
          "y": 1.0,
          "z": 1.0
        },
        "matrix_basis": [
          [
            0.9998721480369568,
            -0.007285329978913069,
            -0.014234574511647224,
            0.0
          ],
          [
            0.0008896395447663963,
            0.9141495823860168,
            -0.405376136302948,
            0.0
          ],
          [
            0.01596582867205143,
            0.405311644077301,
            0.9140391945838928,
            0.0
          ],
          [
            0.0,
            0.0,
            0.0,
            1.0
          ]
        ],
        "rotation_mode": "QUATERNION"
      },
      "armature_space": {
        "head": {
          "x": 0.655174732208252,
          "y": -0.17881150543689728,
          "z": 0.6911994814872742
        },
        "tail": {
          "x": 0.6778064966201782,
          "y": -0.19959060847759247,
          "z": 0.676548182964325
        }
      },
      "world_space": {
        "head": {
          "x": 0.655174732208252,
          "y": -0.11556750535964966,
          "z": 1.6410534381866455
        },
        "tail": {
          "x": 0.6778064966201782,
          "y": -0.13634660840034485,
          "z": 1.6264021396636963
        },
        "rotation_quaternion": {
          "w": 0.4375503659248352,
          "x": -0.5818232297897339,
          "y": -0.05761744827032089,
          "z": -0.6831629872322083
        },
        "matrix": [
          [
            0.05993843823671341,
            0.6648855805397034,
            0.7445367574691772,
            0.655174732208252
          ],
          [
            -0.5307897329330444,
            -0.6104573607444763,
            0.5878810286521912,
            -0.11556750535964966
          ],
          [
            0.8453866243362427,
            -0.43043291568756104,
            0.3163273334503174,
            1.6410534381866455
          ],
          [
            0.0,
            0.0,
            0.0,
            1.0
          ]
        ]
      },
      "bone_length_armature_space": 0.03403863134119572,
      "parent": "metacarpal_thumb_l",
      "has_children": true,
      "is_end_bone": false
    },
    "thumb_02_l": {
      "name": "thumb_02_l",
      "local": {
        "location": {
          "x": 0.0,
          "y": 0.0,
          "z": 0.0
        },
        "rotation_quaternion": {
          "w": 0.9268592596054077,
          "x": 0.3753666579723358,
          "y": -0.005354631692171097,
          "z": -0.0017546429298818111
        },
        "scale": {
          "x": 1.0,
          "y": 1.0,
          "z": 1.0
        },
        "matrix_basis": [
          [
            0.9999365210533142,
            -0.0007672862848266959,
            -0.011243249289691448,
            0.0
          ],
          [
            -0.0072725145146250725,
            0.7181935906410217,
            -0.6958053112030029,
            0.0
          ],
          [
            0.008608710952103138,
            0.6958429217338562,
            0.7181423902511597,
            0.0
          ],
          [
            0.0,
            0.0,
            0.0,
            1.0
          ]
        ],
        "rotation_mode": "QUATERNION"
      },
      "armature_space": {
        "head": {
          "x": 0.6778064370155334,
          "y": -0.19959060847759247,
          "z": 0.6765481233596802
        },
        "tail": {
          "x": 0.6943084001541138,
          "y": -0.19000770151615143,
          "z": 0.7118900418281555
        }
      },
      "world_space": {
        "head": {
          "x": 0.6778064370155334,
          "y": -0.13634660840034485,
          "z": 1.6264021396636963
        },
        "tail": {
          "x": 0.6943084001541138,
          "y": -0.1267637014389038,
          "z": 1.6617441177368164
        },
        "rotation_quaternion": {
          "w": 0.46575433015823364,
          "x": 0.12046755850315094,
          "y": -0.634324848651886,
          "z": -0.6051384806632996
        },
        "matrix": [
          [
            -0.5371180772781372,
            0.4108603894710541,
            -0.7366805672645569,
            0.6778064370155334
          ],
          [
            -0.7165246605873108,
            0.23859211802482605,
            0.6554893255233765,
            -0.13634660840034485
          ],
          [
            0.44508305191993713,
            0.8799311518669128,
            0.16624152660369873,
            1.6264021396636963
          ],
          [
            0.0,
            0.0,
            0.0,
            1.0
          ]
        ]
      },
      "bone_length_armature_space": 0.04016463728589366,
      "parent": "thumb_01_l",
      "has_children": true,
      "is_end_bone": false
    },
    "thumb_03_l": {
      "name": "thumb_03_l",
      "local": {
        "location": {
          "x": 0.0,
          "y": 0.0,
          "z": 0.0
        },
        "rotation_quaternion": {
          "w": 0.9868946075439453,
          "x": 0.16135095059871674,
          "y": -0.0007028484251350164,
          "z": 0.0020991587080061436
        },
        "scale": {
          "x": 1.0,
          "y": 1.0,
          "z": 1.0
        },
        "matrix_basis": [
          [
            0.9999902248382568,
            -0.004370107315480709,
            -0.0007098721107468009,
            0.0
          ],
          [
            0.003916486166417599,
            0.947922945022583,
            -0.31847572326660156,
            0.0
          ],
          [
            0.0020646771881729364,
            0.3184698224067688,
            0.9479307532310486,
            0.0
          ],
          [
            0.0,
            0.0,
            0.0,
            1.0
          ]
        ],
        "rotation_mode": "QUATERNION"
      },
      "armature_space": {
        "head": {
          "x": 0.6943084001541138,
          "y": -0.1900077909231186,
          "z": 0.7118900418281555
        },
        "tail": {
          "x": 0.6931037902832031,
          "y": -0.1723029613494873,
          "z": 0.7366284728050232
        }
      },
      "world_space": {
        "head": {
          "x": 0.6943084001541138,
          "y": -0.12676379084587097,
          "z": 1.6617441177368164
        },
        "tail": {
          "x": 0.6931037902832031,
          "y": -0.10905896127223969,
          "z": 1.6864824295043945
        },
        "rotation_quaternion": {
          "w": 0.5764918923377991,
          "x": 0.31312596797943115,
          "y": -0.6770711541175842,
          "z": -0.333442360162735
        },
        "matrix": [
          [
            -0.139219731092453,
            -0.03956630825996399,
            -0.9894710183143616,
            0.6943084001541138
          ],
          [
            -0.808470606803894,
            0.5815370082855225,
            0.09049855172634125,
            -0.12676379084587097
          ],
          [
            0.5718362927436829,
            0.8125637173652649,
            -0.11295010149478912,
            1.6617441177368164
          ],
          [
            0.0,
            0.0,
            0.0,
            1.0
          ]
        ]
      },
      "bone_length_armature_space": 0.030445066565258794,
      "parent": "thumb_02_l",
      "has_children": false,
      "is_end_bone": true
    },
    "metacarpal_index_l": {
      "name": "metacarpal_index_l",
      "local": {
        "location": {
          "x": 0.0,
          "y": 0.0,
          "z": 0.0
        },
        "rotation_quaternion": {
          "w": 0.9986716508865356,
          "x": -0.04986555874347687,
          "y": 0.009108200669288635,
          "z": 0.009248021058738232
        },
        "scale": {
          "x": 1.0,
          "y": 1.0,
          "z": 1.0
        },
        "matrix_basis": [
          [
            0.9996630549430847,
            -0.019379843026399612,
            0.017269888892769814,
            0.0
          ],
          [
            0.017563102766871452,
            0.9948558211326599,
            0.09976710379123688,
            0.0
          ],
          [
            -0.01911451853811741,
            -0.09943017363548279,
            0.9948609471321106,
            0.0
          ],
          [
            0.0,
            0.0,
            0.0,
            1.0
          ]
        ],
        "rotation_mode": "QUATERNION"
      },
      "armature_space": {
        "head": {
          "x": 0.639585018157959,
          "y": -0.13415230810642242,
          "z": 0.6764990091323853
        },
        "tail": {
          "x": 0.699769139289856,
          "y": -0.21136154234409332,
          "z": 0.7408874034881592
        }
      },
      "world_space": {
        "head": {
          "x": 0.639585018157959,
          "y": -0.0709083080291748,
          "z": 1.6263530254364014
        },
        "tail": {
          "x": 0.699769139289856,
          "y": -0.1481175422668457,
          "z": 1.6907414197921753
        },
        "rotation_quaternion": {
          "w": 0.33843421936035156,
          "x": 0.9016515612602234,
          "y": 0.23662547767162323,
          "z": -0.128433495759964
        },
        "matrix": [
          [
            0.8550264239311218,
            0.5136403441429138,
            -0.07143894582986832,
            0.639585018157959
          ],
          [
            0.33977580070495605,
            -0.6589407920837402,
            -0.6710808873176575,
            -0.0709083080291748
          ],
          [
            -0.3917708396911621,
            0.549521803855896,
            -0.7379400730133057,
            1.6263530254364014
          ],
          [
            0.0,
            0.0,
            0.0,
            1.0
          ]
        ]
      },
      "bone_length_armature_space": 0.11717192327766986,
      "parent": "lowerarm_l",
      "has_children": true,
      "is_end_bone": false
    },
    "index_01_l": {
      "name": "index_01_l",
      "local": {
        "location": {
          "x": 0.0,
          "y": 0.0,
          "z": 0.0
        },
        "rotation_quaternion": {
          "w": 0.9764147996902466,
          "x": 0.2152712345123291,
          "y": 0.005369661375880241,
          "z": 0.015611542388796806
        },
        "scale": {
          "x": 1.0,
          "y": 1.0,
          "z": 1.0
        },
        "matrix_basis": [
          [
            0.999454915523529,
            -0.028174815699458122,
            0.017207466065883636,
            0.0
          ],
          [
            0.03279855102300644,
            0.9068291783332825,
            -0.42022037506103516,
            0.0
          ],
          [
            -0.003764601657167077,
            0.4205557107925415,
            0.907258927822113,
            0.0
          ],
          [
            0.0,
            0.0,
            0.0,
            1.0
          ]
        ],
        "rotation_mode": "QUATERNION"
      },
      "armature_space": {
        "head": {
          "x": 0.699769139289856,
          "y": -0.21136154234409332,
          "z": 0.7408874034881592
        },
        "tail": {
          "x": 0.7199388742446899,
          "y": -0.23101551830768585,
          "z": 0.7453563809394836
        }
      },
      "world_space": {
        "head": {
          "x": 0.699769139289856,
          "y": -0.1481175422668457,
          "z": 1.6907414197921753
        },
        "tail": {
          "x": 0.7199388742446899,
          "y": -0.16777151823043823,
          "z": 1.6952104568481445
        },
        "rotation_quaternion": {
          "w": 0.17832085490226746,
          "x": 0.8901472091674805,
          "y": 0.3515229821205139,
          "z": -0.22862914204597473
        },
        "matrix": [
          [
            0.6483206152915955,
            0.7073537111282349,
            -0.2816583514213562,
            0.699769139289856
          ],
          [
            0.5442759990692139,
            -0.6892658472061157,
            -0.47820138931274414,
            -0.1481175422668457
          ],
          [
            -0.5323982834815979,
            0.15672823786735535,
            -0.8318668603897095,
            1.6907414197921753
          ],
          [
            0.0,
            0.0,
            0.0,
            1.0
          ]
        ]
      },
      "bone_length_armature_space": 0.028514360372410376,
      "parent": "metacarpal_index_l",
      "has_children": true,
      "is_end_bone": false
    },
    "index_02_l": {
      "name": "index_02_l",
      "local": {
        "location": {
          "x": 0.0,
          "y": 0.0,
          "z": 0.0
        },
        "rotation_quaternion": {
          "w": 0.9085642695426941,
          "x": 0.4176616370677948,
          "y": -0.008197677321732044,
          "z": 0.0016633186023682356
        },
        "scale": {
          "x": 1.0,
          "y": 1.0,
          "z": 1.0
        },
        "matrix_basis": [
          [
            0.9998600482940674,
            -0.009870174340903759,
            -0.01350682508200407,
            0.0
          ],
          [
            -0.0038252470549196005,
            0.6511119604110718,
            -0.75897216796875,
            0.0
          ],
          [
            0.016285642981529236,
            0.7589176297187805,
            0.6509830951690674,
            0.0
          ],
          [
            0.0,
            0.0,
            0.0,
            1.0
          ]
        ],
        "rotation_mode": "QUATERNION"
      },
      "armature_space": {
        "head": {
          "x": 0.7199389338493347,
          "y": -0.23101606965065002,
          "z": 0.7453563809394836
        },
        "tail": {
          "x": 0.7263025641441345,
          "y": -0.2525538206100464,
          "z": 0.7329578995704651
        }
      },
      "world_space": {
        "head": {
          "x": 0.7199389338493347,
          "y": -0.1677720695734024,
          "z": 1.6952104568481445
        },
        "tail": {
          "x": 0.7263025641441345,
          "y": -0.18930982053279877,
          "z": 1.682811975479126
        },
        "rotation_quaternion": {
          "w": 0.17782607674598694,
          "x": -0.8765659928321838,
          "y": -0.22043702006340027,
          "z": 0.3891240060329437
        },
        "matrix": [
          [
            0.5999799370765686,
            0.24806398153305054,
            -0.7605844736099243,
            0.7199389338493347
          ],
          [
            0.5248482823371887,
            -0.8395711183547974,
            0.14019617438316345,
            -0.1677720695734024
          ],
          [
            -0.6037907600402832,
            -0.4833104610443115,
            -0.6339257955551147,
            1.6952104568481445
          ],
          [
            0.0,
            0.0,
            0.0,
            1.0
          ]
        ]
      },
      "bone_length_armature_space": 0.02565332050579249,
      "parent": "index_01_l",
      "has_children": true,
      "is_end_bone": false
    },
    "index_03_l": {
      "name": "index_03_l",
      "local": {
        "location": {
          "x": 0.0,
          "y": 0.0,
          "z": 0.0
        },
        "rotation_quaternion": {
          "w": 0.9692854285240173,
          "x": 0.24580411612987518,
          "y": -0.003240300342440605,
          "z": -0.007464301772415638
        },
        "scale": {
          "x": 1.0,
          "y": 1.0,
          "z": 1.0
        },
        "matrix_basis": [
          [
            0.9998675584793091,
            0.012877119705080986,
            -0.009951064363121986,
            0.0
          ],
          [
            -0.016063036397099495,
            0.8790492415428162,
            -0.476460337638855,
            0.0
          ],
          [
            0.002612039679661393,
            0.47655707597732544,
            0.8791396617889404,
            0.0
          ],
          [
            0.0,
            0.0,
            0.0,
            1.0
          ]
        ],
        "rotation_mode": "QUATERNION"
      },
      "armature_space": {
        "head": {
          "x": 0.7263026833534241,
          "y": -0.2525538206100464,
          "z": 0.7329580187797546
        },
        "tail": {
          "x": 0.72225421667099,
          "y": -0.2686539590358734,
          "z": 0.7089135646820068
        }
      },
      "world_space": {
        "head": {
          "x": 0.7263026833534241,
          "y": -0.18930982053279877,
          "z": 1.682811975479126
        },
        "tail": {
          "x": 0.72225421667099,
          "y": -0.2054099589586258,
          "z": 1.658767580986023
        },
        "rotation_quaternion": {
          "w": 0.45075297355651855,
          "x": -0.7811070084571838,
          "y": -0.14598383009433746,
          "z": 0.40667232871055603
        },
        "matrix": [
          [
            0.6266140341758728,
            -0.1385580450296402,
            -0.766913890838623,
            0.7263026833534241
          ],
          [
            0.5946746468544006,
            -0.5510223507881165,
            0.5854372978210449,
            -0.18930982053279877
          ],
          [
            -0.5037066340446472,
            -0.8229135274887085,
            -0.2628823220729828,
            1.682811975479126
          ],
          [
            0.0,
            0.0,
            0.0,
            1.0
          ]
        ]
      },
      "bone_length_armature_space": 0.02921883497549126,
      "parent": "index_02_l",
      "has_children": false,
      "is_end_bone": true
    },
    "metacarpal_pinky_l": {
      "name": "metacarpal_pinky_l",
      "local": {
        "location": {
          "x": 0.0,
          "y": 0.0,
          "z": 0.0
        },
        "rotation_quaternion": {
          "w": 0.9999532103538513,
          "x": 0.0017655370756983757,
          "y": -0.006612331606447697,
          "z": -0.00684217968955636
        },
        "scale": {
          "x": 1.0,
          "y": 1.0,
          "z": 1.0
        },
        "matrix_basis": [
          [
            0.9998189210891724,
            0.013660370372235775,
            -0.013248204253613949,
            0.0
          ],
          [
            -0.01370706781744957,
            0.9999001622200012,
            -0.0034404234029352665,
            0.0
          ],
          [
            0.013199884444475174,
            0.0036213945131748915,
            0.9999063014984131,
            0.0
          ],
          [
            0.0,
            0.0,
            0.0,
            1.0
          ]
        ],
        "rotation_mode": "QUATERNION"
      },
      "armature_space": {
        "head": {
          "x": 0.639585018157959,
          "y": -0.13415230810642242,
          "z": 0.6764990091323853
        },
        "tail": {
          "x": 0.727877676486969,
          "y": -0.15691395103931427,
          "z": 0.7267938256263733
        }
      },
      "world_space": {
        "head": {
          "x": 0.639585018157959,
          "y": -0.0709083080291748,
          "z": 1.6263530254364014
        },
        "tail": {
          "x": 0.727877676486969,
          "y": -0.09366995096206665,
          "z": 1.6766479015350342
        },
        "rotation_quaternion": {
          "w": 0.5968413352966309,
          "x": 0.16740307211875916,
          "y": -0.18570557236671448,
          "z": -0.7624107599258423
        },
        "matrix": [
          [
            -0.2315119206905365,
            0.8479015827178955,
            -0.47693344950675964,
            0.639585018157959
          ],
          [
            -0.9722521901130676,
            -0.21858717501163483,
            0.0833398848772049,
            -0.0709083080291748
          ],
          [
            -0.03358855098485947,
            0.48299679160118103,
            0.8749857544898987,
            1.6263530254364014
          ],
          [
            0.0,
            0.0,
            0.0,
            1.0
          ]
        ]
      },
      "bone_length_armature_space": 0.10413094913420126,
      "parent": "lowerarm_l",
      "has_children": true,
      "is_end_bone": false
    },
    "pinky_01_l": {
      "name": "pinky_01_l",
      "local": {
        "location": {
          "x": 0.0,
          "y": 0.0,
          "z": 0.0
        },
        "rotation_quaternion": {
          "w": 0.9555011987686157,
          "x": 0.2948417663574219,
          "y": -0.004199341405183077,
          "z": 0.008256461471319199
        },
        "scale": {
          "x": 1.0,
          "y": 1.0,
          "z": 1.0
        },
        "matrix_basis": [
          [
            0.9998283982276917,
            -0.018254399299621582,
            -0.0031562522053718567,
            0.0
          ],
          [
            0.013301835395395756,
            0.8260003328323364,
            -0.5635126829147339,
            0.0
          ],
          [
            0.01289365068078041,
            0.5633739829063416,
            0.8261014223098755,
            0.0
          ],
          [
            0.0,
            0.0,
            0.0,
            1.0
          ]
        ],
        "rotation_mode": "QUATERNION"
      },
      "armature_space": {
        "head": {
          "x": 0.727877676486969,
          "y": -0.15691395103931427,
          "z": 0.7267938256263733
        },
        "tail": {
          "x": 0.7458910942077637,
