{
  "metadata": {
    "armature_name": "KIM_caucasian_male",
    "export_time": "2026-01-13T21:05:21.875912",
    "blender_version": "4.4.1",
    "bone_count": 56,
    "end_bone_count": 13,
    "spaces_included": [
      "LOCAL_CHANNELS",
      "ARMATURE_SPACE",
      "WORLD_SPACE"
    ],
    "note": "LOCAL matches Transform panel; replay pose via local.matrix_basis for best fidelity."
  },
  "bones": {
    "Root": {
      "name": "Root",
      "local": {
        "location": {
          "x": 0.0,
          "y": 0.0,
          "z": 0.0
        },
        "rotation_quaternion": {
          "w": 0.9998785853385925,
          "x": -0.0010375258279964328,
          "y": -0.005013511050492525,
          "z": 0.014718097634613514
        },
        "scale": {
          "x": 1.0,
          "y": 1.0,
          "z": 1.0
        },
        "matrix_basis": [
          [
            0.999516487121582,
            -0.0294222179800272,
            -0.010056345723569393,
            0.0
          ],
          [
            0.02944302372634411,
            0.9995645880699158,
            0.0019272210774943233,
            0.0
          ],
          [
            0.009995264001190662,
            -0.0022223785053938627,
            0.9999475479125977,
            0.0
          ],
          [
            0.0,
            0.0,
            0.0,
            1.0
          ]
        ],
        "rotation_mode": "QUATERNION"
      },
      "armature_space": {
        "head": {
          "x": 0.0,
          "y": 0.07072800397872925,
          "z": -0.009595036506652832
        },
        "tail": {
          "x": -0.0021000364795327187,
          "y": 5.21242618560791e-05,
          "z": 0.00015300791710615158
        }
      },
      "world_space": {
        "head": {
          "x": 0.0,
          "y": 0.13397200405597687,
          "z": 0.9402589797973633
        },
        "tail": {
          "x": -0.0021000364795327187,
          "y": 0.0632961243391037,
          "z": 0.9500070214271545
        },
        "rotation_quaternion": {
          "w": 0.06839465349912643,
          "x": 0.9975371956825256,
          "y": -0.01502241101115942,
          "z": -0.004010594449937344
        },
        "matrix": [
          [
            0.999516487121582,
            -0.0294222179800272,
            -0.010056345723569393,
            0.0
          ],
          [
            -0.030519435182213783,
            -0.9901929497718811,
            -0.13633237779140472,
            0.13397200405597687
          ],
          [
            -0.005946592427790165,
            0.13657338917255402,
            -0.9906191229820251,
            0.9402589797973633
          ],
          [
            0.0,
            0.0,
            0.0,
            1.0
          ]
        ]
      },
      "bone_length_armature_space": 0.07137586917142635,
      "parent": null,
      "has_children": true,
      "is_end_bone": false
    },
    "spine_01": {
      "name": "spine_01",
      "local": {
        "location": {
          "x": 0.0,
          "y": 0.0,
          "z": 0.0
        },
        "rotation_quaternion": {
          "w": 0.9980835914611816,
          "x": 0.007720293942838907,
          "y": 0.04716619476675987,
          "z": 0.03930653631687164
        },
        "scale": {
          "x": 1.0,
          "y": 1.0,
          "z": 1.0
        },
        "matrix_basis": [
          [
            0.9924606680870056,
            -0.07773414254188538,
            0.0947585254907608,
            0.0
          ],
          [
            0.079190693795681,
            0.9967907667160034,
            -0.01170311775058508,
            0.0
          ],
          [
            -0.09354469180107117,
            0.01911887712776661,
            0.9954314827919006,
            0.0
          ],
          [
            0.0,
            0.0,
            0.0,
            1.0
          ]
        ],
        "rotation_mode": "QUATERNION"
      },
      "armature_space": {
        "head": {
          "x": -0.0021000364795327187,
          "y": 5.21242618560791e-05,
          "z": 0.00015300791710615158
        },
        "tail": {
          "x": -0.03668396919965744,
          "y": 0.015583491884171963,
          "z": 0.4866827726364136
        }
      },
      "world_space": {
        "head": {
          "x": -0.0021000364795327187,
          "y": 0.0632961243391037,
          "z": 0.9500070214271545
        },
        "tail": {
          "x": -0.03668396919965744,
          "y": 0.07882749289274216,
          "z": 1.4365367889404297
        },
        "rotation_quaternion": {
          "w": 0.7182694673538208,
          "x": 0.6941078901290894,
          "y": -0.0014089695177972317,
          "z": 0.047971270978450775
        },
        "matrix": [
          [
            0.9953934550285339,
            -0.07086853682994843,
            0.06457090377807617,
            -0.0021000364795327187
          ],
          [
            0.06695714592933655,
            0.03182649239897728,
            -0.9972481727600098,
            0.0632961243391037
          ],
          [
            0.06861898303031921,
            0.9969847202301025,
            0.036424390971660614,
            0.9500070214271545
          ],
          [
            0.0,
            0.0,
            0.0,
            1.0
          ]
        ]
      },
      "bone_length_armature_space": 0.4880046011892673,
      "parent": "Root",
      "has_children": true,
      "is_end_bone": false
    },
    "neck_01": {
      "name": "neck_01",
      "local": {
        "location": {
          "x": 0.0,
          "y": 0.0,
          "z": 0.0
        },
        "rotation_quaternion": {
          "w": 0.9919338226318359,
          "x": 0.03900168836116791,
          "y": 0.04669592157006264,
          "z": 0.11120110750198364
        },
        "scale": {
          "x": 1.0,
          "y": 1.0,
          "z": 1.0
        },
        "matrix_basis": [
          [
            0.9709076285362244,
            -0.21696583926677704,
            0.10131259262561798,
            0.0
          ],
          [
            0.22425071895122528,
            0.9722263813018799,
            -0.06698890775442123,
            0.0
          ],
          [
            -0.08396446704864502,
            0.08775946497917175,
            0.9925967454910278,
            0.0
          ],
          [
            0.0,
            0.0,
            0.0,
            1.0
          ]
        ],
        "rotation_mode": "QUATERNION"
      },
      "armature_space": {
        "head": {
          "x": -0.039633508771657944,
          "y": -0.016671227291226387,
          "z": 0.5609436631202698
        },
        "tail": {
          "x": -0.06510307639837265,
          "y": -0.061361536383628845,
          "z": 0.6496273875236511
        }
      },
      "world_space": {
        "head": {
          "x": -0.039633508771657944,
          "y": 0.04657277464866638,
          "z": 1.5107977390289307
        },
        "tail": {
          "x": -0.06510307639837265,
          "y": 0.0018824636936187744,
          "z": 1.5994813442230225
        },
        "rotation_quaternion": {
          "w": 0.5281810164451599,
          "x": 0.8343561291694641,
          "y": -0.055395882576704025,
          "z": 0.14766913652420044
        },
        "matrix": [
          [
            0.9502503871917725,
            -0.24843189120292664,
            0.18789798021316528,
            -0.039633508771657944
          ],
          [
            0.0635511726140976,
            -0.43591225147247314,
            -0.897742748260498,
            0.04657277464866638
          ],
          [
            0.30493706464767456,
            0.8650269508361816,
            -0.39844122529029846,
            1.5107977390289307
          ],
          [
            0.0,
            0.0,
            0.0,
            1.0
          ]
        ]
      },
      "bone_length_armature_space": 0.10252183076845386,
      "parent": "spine_01",
      "has_children": true,
      "is_end_bone": false
    },
    "head": {
      "name": "head",
      "local": {
        "location": {
          "x": 0.0,
          "y": 0.0,
          "z": 0.0
        },
        "rotation_quaternion": {
          "w": 0.9872949123382568,
          "x": 0.04275733232498169,
          "y": -0.005572775844484568,
          "z": 0.15293684601783752
        },
        "scale": {
          "x": 1.0,
          "y": 1.0,
          "z": 1.0
        },
        "matrix_basis": [
          [
            0.9531585574150085,
            -0.302464097738266,
            0.0020743967033922672,
            0.0
          ],
          [
            0.3015109896659851,
            0.9495642781257629,
            -0.08613275736570358,
            0.0
          ],
          [
            0.02408229000866413,
            0.08272362500429153,
            0.9962815046310425,
            0.0
          ],
          [
            0.0,
            0.0,
            0.0,
            1.0
          ]
        ],
        "rotation_mode": "QUATERNION"
      },
      "armature_space": {
        "head": {
          "x": -0.06510303169488907,
          "y": -0.0613616406917572,
          "z": 0.6496272683143616
        },
        "tail": {
          "x": -0.15282610058784485,
          "y": -0.089029461145401,
          "z": 0.7744965553283691
        }
      },
      "world_space": {
        "head": {
          "x": -0.06510303169488907,
          "y": 0.0018823593854904175,
          "z": 1.5994813442230225
        },
        "tail": {
          "x": -0.15282610058784485,
          "y": -0.02578546106815338,
          "z": 1.7243505716323853
        },
        "rotation_quaternion": {
          "w": 0.612001359462738,
          "x": 0.7308201789855957,
          "y": -0.19040848314762115,
          "z": 0.23473578691482544
        },
        "matrix": [
          [
            0.8172875046730042,
            -0.5656261444091797,
            0.11003678292036057,
            -0.06510303169488907
          ],
          [
            0.009005876258015633,
            -0.1783982366323471,
            -0.9839172959327698,
            0.0018823593854904175
          ],
          [
            0.576163649559021,
            0.8051396012306213,
            -0.14071057736873627,
            1.5994813442230225
          ],
          [
            0.0,
            0.0,
            0.0,
            1.0
          ]
        ]
      },
      "bone_length_armature_space": 0.15509088824644185,
      "parent": "neck_01",
      "has_children": false,
      "is_end_bone": true
    },
    "upperarm_l": {
      "name": "upperarm_l",
      "local": {
        "location": {
          "x": 0.0,
          "y": 0.0,
          "z": 0.0
        },
        "rotation_quaternion": {
          "w": 0.8347053527832031,
          "x": 0.5355842113494873,
          "y": 0.0702408105134964,
          "z": 0.10715818405151367
        },
        "scale": {
          "x": 1.0,
          "y": 1.0,
          "z": 1.0
        },
        "matrix_basis": [
          [
            0.9671667218208313,
            -0.10365127772092819,
            0.2320452183485031,
            0.0
          ],
          [
            0.2541307508945465,
            0.4033333659172058,
            -0.8790562748908997,
            0.0
          ],
          [
            -0.0024762980174273252,
            0.909163773059845,
            0.41643157601356506,
            0.0
          ],
          [
            0.0,
            0.0,
            0.0,
            1.0
          ]
        ],
        "rotation_mode": "QUATERNION"
      },
      "armature_space": {
        "head": {
          "x": 0.114644356071949,
          "y": -0.011946992948651314,
          "z": 0.504347562789917
        },
        "tail": {
          "x": 0.24622607231140137,
          "y": -0.24257433414459229,
          "z": 0.5404712557792664
        }
      },
      "world_space": {
        "head": {
          "x": 0.114644356071949,
          "y": 0.051297008991241455,
          "z": 1.454201579093933
        },
        "tail": {
          "x": 0.24622607231140137,
          "y": -0.17933033406734467,
          "z": 1.4903252124786377
        },
        "rotation_quaternion": {
          "w": 0.20671744644641876,
          "x": 0.7783710360527039,
          "y": 0.16414614021778107,
          "z": -0.5696160793304443
        },
        "matrix": [
          [
            0.29718706011772156,
            0.49103251099586487,
            -0.818881630897522,
            0.114644356071949
          ],
          [
            0.020034044981002808,
            -0.860647976398468,
            -0.5088065266609192,
            0.051297008991241455
          ],
          [
            -0.9546157121658325,
            0.1348053216934204,
            -0.26561298966407776,
            1.454201579093933
          ],
          [
            0.0,
            0.0,
            0.0,
            1.0
          ]
        ]
      },
      "bone_length_armature_space": 0.26796948308399565,
      "parent": "spine_01",
      "has_children": true,
      "is_end_bone": false
    },
    "lowerarm_l": {
      "name": "lowerarm_l",
      "local": {
        "location": {
          "x": 0.0,
          "y": 0.0,
          "z": 0.0
        },
        "rotation_quaternion": {
          "w": 0.9533304572105408,
          "x": 0.20819266140460968,
          "y": -0.024107888340950012,
          "z": 0.21733751893043518
        },
        "scale": {
          "x": 1.0,
          "y": 1.0,
          "z": 1.0
        },
        "matrix_basis": [
          [
            0.9043664336204529,
            -0.4244271218776703,
            0.044530585408210754,
            0.0
          ],
          [
            0.40435078740119934,
            0.8188404440879822,
            -0.4074319005012512,
            0.0
          ],
          [
            0.13646171987056732,
            0.38647371530532837,
            0.9121492505073547,
            0.0
          ],
          [
            0.0,
            0.0,
            0.0,
            1.0
          ]
        ],
        "rotation_mode": "QUATERNION"
      },
      "armature_space": {
        "head": {
          "x": 0.2462260127067566,
          "y": -0.24257443845272064,
          "z": 0.5404713749885559
        },
        "tail": {
          "x": 0.21076270937919617,
          "y": -0.4721216559410095,
          "z": 0.6732116341590881
        }
      },
      "world_space": {
        "head": {
          "x": 0.2462260127067566,
          "y": -0.17933043837547302,
          "z": 1.4903254508972168
        },
        "tail": {
          "x": 0.21076270937919617,
          "y": -0.4088776707649231,
          "z": 1.623065710067749
        },
        "rotation_quaternion": {
          "w": 0.16092407703399658,
          "x": 0.7607362270355225,
          "y": -0.21232609450817108,
          "z": -0.5918627977371216
        },
        "matrix": [
          [
            0.2092326283454895,
            -0.13256093859672546,
            -0.9688392877578735,
            0.2462260127067566
          ],
          [
            -0.5135387778282166,
            -0.8580418825149536,
            0.006496012210845947,
            -0.17933043837547302
          ],
          [
            -0.8321719169616699,
            0.4961799085140228,
            -0.24760717153549194,
            1.4903254508972168
          ],
          [
            0.0,
            0.0,
            0.0,
            1.0
          ]
        ]
      },
      "bone_length_armature_space": 0.26752485489852035,
      "parent": "upperarm_l",
      "has_children": true,
      "is_end_bone": false
    },
    "metacarpal_thumb_l": {
      "name": "metacarpal_thumb_l",
      "local": {
        "location": {
          "x": 0.0,
          "y": 0.0,
          "z": 0.0
        },
        "rotation_quaternion": {
          "w": 0.9991196393966675,
          "x": -0.035684920847415924,
          "y": 0.015677854418754578,
          "z": 0.015519687905907631
        },
        "scale": {
          "x": 1.0,
          "y": 1.0,
          "z": 1.0
        },
        "matrix_basis": [
          [
            0.9990267157554626,
            -0.032130975276231766,
            0.03022046759724617,
            0.0
          ],
          [
            0.029893124476075172,
            0.9969714283943176,
            0.07179363816976547,
            0.0
          ],
          [
            -0.032435741275548935,
            -0.07082037627696991,
            0.9969615936279297,
            0.0
          ],
          [
            0.0,
            0.0,
            0.0,
            1.0
          ]
        ],
        "rotation_mode": "QUATERNION"
      },
      "armature_space": {
        "head": {
          "x": 0.21076270937919617,
          "y": -0.4721216559410095,
          "z": 0.6732116341590881
        },
        "tail": {
          "x": 0.17722845077514648,
          "y": -0.5078839063644409,
          "z": 0.680289626121521
        }
      },
      "world_space": {
        "head": {
          "x": 0.21076270937919617,
          "y": -0.4088776707649231,
          "z": 1.623065710067749
        },
        "tail": {
          "x": 0.17722845077514648,
          "y": -0.4446399211883545,
          "z": 1.630143642425537
        },
        "rotation_quaternion": {
          "w": 0.15332692861557007,
          "x": 0.9063732028007507,
          "y": -0.33985450863838196,
          "z": 0.19868969917297363
        },
        "matrix": [
          [
            0.6900426149368286,
            -0.6769993901252747,
            0.2559554874897003,
            0.21076270937919617
          ],
          [
            -0.5551410913467407,
            -0.7219789028167725,
            -0.412994921207428,
            -0.4088776707649231
          ],
          [
            0.4643944501876831,
            0.1428929567337036,
            -0.8740327954292297,
            1.623065710067749
          ],
          [
            0.0,
            0.0,
            0.0,
            1.0
          ]
        ]
      },
      "bone_length_armature_space": 0.0495336561599713,
      "parent": "lowerarm_l",
      "has_children": true,
      "is_end_bone": false
    },
    "thumb_01_l": {
      "name": "thumb_01_l",
      "local": {
        "location": {
          "x": 0.0,
          "y": 0.0,
          "z": 0.0
        },
        "rotation_quaternion": {
          "w": 0.9998114705085754,
          "x": -0.008004658855497837,
          "y": -0.009026864543557167,
          "z": 0.01522008515894413
        },
        "scale": {
          "x": 1.0,
          "y": 1.0,
          "z": 1.0
        },
        "matrix_basis": [
          [
            0.999373733997345,
            -0.030289918184280396,
            -0.018293987959623337,
            0.0
          ],
          [
            0.030578944832086563,
            0.9994085431098938,
            0.01573152095079422,
            0.0
          ],
          [
            0.017806662246584892,
            -0.01628107950091362,
            0.999708890914917,
            0.0
          ],
          [
            0.0,
            0.0,
            0.0,
            1.0
          ]
        ],
        "rotation_mode": "QUATERNION"
      },
      "armature_space": {
        "head": {
          "x": 0.17722845077514648,
          "y": -0.5078839063644409,
          "z": 0.680289626121521
        },
        "tail": {
          "x": 0.1659773737192154,
          "y": -0.531597375869751,
          "z": 0.6586167216300964
        }
      },
      "world_space": {
        "head": {
          "x": 0.17722845077514648,
          "y": -0.4446399211883545,
          "z": 1.630143642425537
        },
        "tail": {
          "x": 0.1659773737192154,
          "y": -0.46835339069366455,
          "z": 1.6084706783294678
        },
        "rotation_quaternion": {
          "w": 0.010685502551496029,
          "x": 0.4017834961414337,
          "y": -0.38929909467697144,
          "z": 0.8287955522537231
        },
        "matrix": [
          [
            -0.676912784576416,
            -0.3305390477180481,
            0.6576725244522095,
            0.17722845077514648
          ],
          [
            -0.2951143682003021,
            -0.696665346622467,
            -0.6538845896720886,
            -0.4446399211883545
          ],
          [
            0.6743162870407104,
            -0.6367165446281433,
            0.37403687834739685,
            1.630143642425537
          ],
          [
            0.0,
            0.0,
            0.0,
            1.0
          ]
        ]
      },
      "bone_length_armature_space": 0.03403865635062455,
      "parent": "metacarpal_thumb_l",
      "has_children": true,
      "is_end_bone": false
    },
    "thumb_02_l": {
      "name": "thumb_02_l",
      "local": {
        "location": {
          "x": 0.0,
          "y": 0.0,
          "z": 0.0
        },
        "rotation_quaternion": {
          "w": 0.9943602085113525,
          "x": 0.10581159591674805,
          "y": 0.004756019450724125,
          "z": -0.005406185518950224
        },
        "scale": {
          "x": 1.0,
          "y": 1.0,
          "z": 1.0
        },
        "matrix_basis": [
          [
            0.9998962879180908,
            0.011757875792682171,
            0.00831431895494461,
            0.0
          ],
          [
            -0.009744907729327679,
            0.9775493741035461,
            -0.21048110723495483,
            0.0
          ],
          [
            -0.010602466762065887,
            0.2103782594203949,
            0.9775625467300415,
            0.0
          ],
          [
            0.0,
            0.0,
            0.0,
            1.0
          ]
        ],
        "rotation_mode": "QUATERNION"
      },
      "armature_space": {
        "head": {
          "x": 0.1659773737192154,
          "y": -0.5315973162651062,
          "z": 0.6586166620254517
        },
        "tail": {
          "x": 0.16117525100708008,
          "y": -0.5655052661895752,
          "z": 0.6796017289161682
        }
      },
      "world_space": {
        "head": {
          "x": 0.1659773737192154,
          "y": -0.4683533310890198,
          "z": 1.6084706783294678
        },
        "tail": {
          "x": 0.16117525100708008,
          "y": -0.5022612810134888,
          "z": 1.629455804824829
        },
        "rotation_quaternion": {
          "w": 0.11287952959537506,
          "x": 0.18271058797836304,
          "y": 0.25523245334625244,
          "z": 0.9427255392074585
        },
        "matrix": [
          [
            -0.9077501893043518,
            -0.1195615753531456,
            0.40211302042007446,
            0.1659773737192154
          ],
          [
            0.30609649419784546,
            -0.8442291617393494,
            0.43997982144355774,
            -0.4683533310890198
          ],
          [
            0.2868729531764984,
            0.5224798917770386,
            0.8029524087905884,
            1.6084706783294678
          ],
          [
            0.0,
            0.0,
            0.0,
            1.0
          ]
        ]
      },
      "bone_length_armature_space": 0.04016444252295231,
      "parent": "thumb_01_l",
      "has_children": true,
      "is_end_bone": false
    },
    "thumb_03_l": {
      "name": "thumb_03_l",
      "local": {
        "location": {
          "x": 0.0,
          "y": 0.0,
          "z": 0.0
        },
        "rotation_quaternion": {
          "w": 0.9967513680458069,
          "x": 0.08050180971622467,
          "y": -0.0015008755726739764,
          "z": 0.002005268819630146
        },
        "scale": {
          "x": 1.0,
          "y": 1.0,
          "z": 1.0
        },
        "matrix_basis": [
          [
            0.9999874234199524,
            -0.0042391554452478886,
            -0.002669143956154585,
            0.0
          ],
          [
            0.0037558625917881727,
            0.9870308637619019,
            -0.1604865938425064,
            0.0
          ],
          [
            0.0033148550428450108,
            0.16047455370426178,
            0.9870344400405884,
            0.0
          ],
          [
            0.0,
            0.0,
            0.0,
            1.0
          ]
        ],
        "rotation_mode": "QUATERNION"
      },
      "armature_space": {
        "head": {
          "x": 0.1611751765012741,
          "y": -0.5655052065849304,
          "z": 0.6796016693115234
        },
        "tail": {
          "x": 0.16573071479797363,
          "y": -0.5841677188873291,
          "z": 0.7032206654548645
        }
      },
      "world_space": {
        "head": {
          "x": 0.1611751765012741,
          "y": -0.502261221408844,
          "z": 1.6294556856155396
        },
        "tail": {
          "x": 0.16573071479797363,
          "y": -0.5209237337112427,
          "z": 1.6530747413635254
        },
        "rotation_quaternion": {
          "w": 0.06420770287513733,
          "x": -0.03954707831144333,
          "y": -0.4351786673069,
          "z": -0.8971805572509766
        },
        "matrix": [
          [
            -0.9886268377304077,
            0.14963214099407196,
            0.015077577903866768,
            0.1611751765012741
          ],
          [
            -0.08079206943511963,
            -0.6129935383796692,
            0.7859464883804321,
            -0.502261221408844
          ],
          [
            0.12684597074985504,
            0.7757943272590637,
            0.6181159019470215,
            1.6294556856155396
          ],
          [
            0.0,
            0.0,
            0.0,
            1.0
          ]
        ]
      },
      "bone_length_armature_space": 0.0304450203400213,
      "parent": "thumb_02_l",
      "has_children": false,
      "is_end_bone": true
    },
    "metacarpal_index_l": {
      "name": "metacarpal_index_l",
      "local": {
        "location": {
          "x": 0.0,
          "y": 0.0,
          "z": 0.0
        },
        "rotation_quaternion": {
          "w": 0.9996798038482666,
          "x": -0.019401516765356064,
          "y": -0.003001726698130369,
          "z": 0.015967102721333504
        },
        "scale": {
          "x": 1.0,
          "y": 1.0,
          "z": 1.0
        },
        "matrix_basis": [
          [
            0.9994720816612244,
            -0.03180750459432602,
            -0.006621103268116713,
            0.0
          ],
          [
            0.03204045817255974,
            0.9987372756004333,
            0.038694750517606735,
            0.0
          ],
          [
            0.0053819590248167515,
            -0.03888646513223648,
            0.9992291331291199,
            0.0
          ],
          [
            0.0,
            0.0,
            0.0,
            1.0
          ]
        ],
        "rotation_mode": "QUATERNION"
      },
      "armature_space": {
        "head": {
          "x": 0.21076270937919617,
          "y": -0.4721216559410095,
          "z": 0.6732116341590881
        },
        "tail": {
          "x": 0.16098065674304962,
          "y": -0.5675442218780518,
          "z": 0.7195314764976501
        }
      },
      "world_space": {
        "head": {
          "x": 0.21076270937919617,
          "y": -0.4088776707649231,
          "z": 1.623065710067749
        },
        "tail": {
          "x": 0.16098065674304962,
          "y": -0.5043002367019653,
          "z": 1.6693854331970215
        },
        "rotation_quaternion": {
          "w": 0.17252199351787567,
          "x": 0.9421414732933044,
          "y": -0.25108808279037476,
          "z": -0.1398584395647049
        },
        "matrix": [
          [
            0.8347887396812439,
            -0.4248640239238739,
            -0.3501695394515991,
            0.21076270937919617
          ],
          [
            -0.5213784575462341,
            -0.8143818378448486,
            -0.2548465430736542,
            -0.4088776707649231
          ],
          [
            -0.17689834535121918,
            0.3953157961368561,
            -0.9013581275939941,
            1.623065710067749
          ],
          [
            0.0,
            0.0,
            0.0,
            1.0
          ]
        ]
      },
      "bone_length_armature_space": 0.11717186962634588,
      "parent": "lowerarm_l",
      "has_children": true,
      "is_end_bone": false
    },
    "index_01_l": {
      "name": "index_01_l",
      "local": {
        "location": {
          "x": 0.0,
          "y": 0.0,
          "z": 0.0
        },
        "rotation_quaternion": {
          "w": 0.9979085922241211,
          "x": -0.06191198527812958,
          "y": 0.018576350063085556,
          "z": -0.0005344492383301258
        },
        "scale": {
          "x": 1.0,
          "y": 1.0,
          "z": 1.0
        },
        "matrix_basis": [
          [
            0.999309241771698,
            -0.0012335344217717648,
            0.03714117780327797,
            0.0
          ],
          [
            -0.0033668603282421827,
            0.9923332333564758,
            0.12354514747858047,
            0.0
          ],
          [
            -0.037008821964263916,
            -0.12358485907316208,
            0.9916436672210693,
            0.0
          ],
          [
            0.0,
            0.0,
            0.0,
            1.0
          ]
        ],
        "rotation_mode": "QUATERNION"
      },
      "armature_space": {
        "head": {
          "x": 0.16098065674304962,
          "y": -0.5675442218780518,
          "z": 0.7195314764976501
        },
        "tail": {
          "x": 0.16045764088630676,
          "y": -0.5917298793792725,
          "z": 0.734626293182373
        }
      },
      "world_space": {
        "head": {
          "x": 0.16098065674304962,
          "y": -0.5043002367019653,
          "z": 1.6693854331970215
        },
        "tail": {
          "x": 0.16045764088630676,
          "y": -0.528485894203186,
          "z": 1.6844803094863892
        },
        "rotation_quaternion": {
          "w": 0.27024996280670166,
          "x": 0.9488611817359924,
          "y": -0.05356582999229431,
          "z": -0.1541370153427124
        },
        "matrix": [
          [
            0.9467452168464661,
            -0.01834220066666603,
            -0.32146155834198,
            0.16098065674304962
          ],
          [
            -0.1849641054868698,
            -0.8481912612915039,
            -0.4963465631008148,
            -0.5043002367019653
          ],
          [
            -0.2635587751865387,
            0.5293753743171692,
            -0.8064196109771729,
            1.6693854331970215
          ],
          [
            0.0,
            0.0,
            0.0,
            1.0
          ]
        ]
      },
      "bone_length_armature_space": 0.028514435911064163,
      "parent": "metacarpal_index_l",
      "has_children": true,
      "is_end_bone": false
    },
    "index_02_l": {
      "name": "index_02_l",
      "local": {
        "location": {
          "x": 0.0,
          "y": 0.0,
          "z": 0.0
        },
        "rotation_quaternion": {
          "w": 0.9997110366821289,
          "x": 0.022897325456142426,
          "y": 0.0012781770201399922,
          "z": -0.007210715673863888
        },
        "scale": {
          "x": 1.0,
          "y": 1.0,
          "z": 1.0
        },
        "matrix_basis": [
          [
            0.9998927712440491,
            0.014475797303020954,
            0.00222540320828557,
            0.0
          ],
          [
            -0.014358730055391788,
            0.9988474249839783,
            -0.045799851417541504,
            0.0
          ],
          [
            -0.002885827561840415,
            0.045762985944747925,
            0.9989481568336487,
            0.0
          ],
          [
            0.0,
            0.0,
            0.0,
            1.0
          ]
        ],
        "rotation_mode": "QUATERNION"
      },
      "armature_space": {
        "head": {
          "x": 0.1604572981595993,
          "y": -0.5917302966117859,
          "z": 0.734626293182373
        },
        "tail": {
          "x": 0.16092067956924438,
          "y": -0.613823413848877,
          "z": 0.747655987739563
        }
      },
      "world_space": {
        "head": {
          "x": 0.1604572981595993,
          "y": -0.5284863114356995,
          "z": 1.6844803094863892
        },
        "tail": {
          "x": 0.16092067956924438,
          "y": -0.5505794286727905,
          "z": 1.697510004043579
        },
        "rotation_quaternion": {
          "w": 0.25995001196861267,
          "x": 0.9458234310150146,
          "y": -0.04261840879917145,
          "z": -0.18980984389781952
        },
        "matrix": [
          [
            0.9243120551109314,
            0.018062975257635117,
            -0.3812103867530823,
            0.1604572981595993
          ],
          [
            -0.17930106818675995,
            -0.8612192869186401,
            -0.4755549430847168,
            -0.5284863114356995
          ],
          [
            -0.33689814805984497,
            0.507915198802948,
            -0.7928025126457214,
            1.6844803094863892
          ],
          [
            0.0,
            0.0,
            0.0,
            1.0
          ]
        ]
      },
      "bone_length_armature_space": 0.025653333299165665,
      "parent": "index_01_l",
      "has_children": true,
      "is_end_bone": false
    },
    "index_03_l": {
      "name": "index_03_l",
      "local": {
        "location": {
          "x": 0.0,
          "y": 0.0,
          "z": 0.0
        },
        "rotation_quaternion": {
          "w": 0.9997867941856384,
          "x": 0.020492950454354286,
          "y": -0.0012812948552891612,
          "z": 0.002189611317589879
        },
        "scale": {
          "x": 1.0,
          "y": 1.0,
          "z": 1.0
        },
        "matrix_basis": [
          [
            0.9999871253967285,
            -0.004430803935974836,
            -0.0024723000824451447,
            0.0
          ],
          [
            0.004325774032622576,
            0.9991505146026611,
            -0.04098277539014816,
            0.0
          ],
          [
            0.002651786431670189,
            0.0409715510904789,
            0.9991567730903625,
            0.0
          ],
          [
            0.0,
            0.0,
            0.0,
            1.0
          ]
        ],
        "rotation_mode": "QUATERNION"
      },
      "armature_space": {
        "head": {
          "x": 0.16092070937156677,
          "y": -0.6138232946395874,
          "z": 0.7476561069488525
        },
        "tail": {
          "x": 0.1624087542295456,
          "y": -0.6409348845481873,
          "z": 0.7584487199783325
        }
      },
      "world_space": {
        "head": {
          "x": 0.16092070937156677,
          "y": -0.550579309463501,
          "z": 1.6975101232528687
        },
        "tail": {
          "x": 0.1624087542295456,
          "y": -0.5776908993721008,
          "z": 1.7083027362823486
        },
        "rotation_quaternion": {
          "w": 0.18978659808635712,
          "x": 0.9677081108093262,
          "y": -0.006199323572218418,
          "z": -0.16578201949596405
        },
        "matrix": [
          [
            0.9449560046195984,
            0.05092808976769447,
            -0.3232102692127228,
            0.16092070937156677
          ],
          [
            -0.07492466270923615,
            -0.927885115146637,
            -0.36526086926460266,
            -0.550579309463501
          ],
          [
            -0.31850627064704895,
            0.36937350034713745,
            -0.8730010390281677,
            1.6975101232528687
          ],
          [
            0.0,
            0.0,
            0.0,
            1.0
          ]
        ]
      },
      "bone_length_armature_space": 0.029218711117001396,
      "parent": "index_02_l",
      "has_children": false,
      "is_end_bone": true
    },
    "metacarpal_pinky_l": {
      "name": "metacarpal_pinky_l",
      "local": {
        "location": {
          "x": 0.0,
          "y": 0.0,
          "z": 0.0
        },
        "rotation_quaternion": {
          "w": 0.9998896718025208,
          "x": 0.009673853404819965,
          "y": -0.006335921119898558,
          "z": 0.009322119876742363
        },
        "scale": {
          "x": 1.0,
          "y": 1.0,
          "z": 1.0
        },
        "matrix_basis": [
          [
            0.9997459053993225,
            -0.018764767795801163,
            -0.012490082532167435,
            0.0
          ],
          [
            0.018519597128033638,
            0.9996390342712402,
            -0.01946370117366314,
            0.0
          ],
          [
            0.0128508061170578,
            0.019227443262934685,
            0.9997325539588928,
            0.0
          ],
          [
            0.0,
            0.0,
            0.0,
            1.0
          ]
        ],
        "rotation_mode": "QUATERNION"
      },
      "armature_space": {
        "head": {
          "x": 0.21076270937919617,
          "y": -0.4721216559410095,
          "z": 0.6732116341590881
        },
        "tail": {
          "x": 0.2291431576013565,
          "y": -0.5561175346374512,
          "z": 0.7319492101669312
        }
      },
      "world_space": {
        "head": {
          "x": 0.21076270937919617,
          "y": -0.4088776707649231,
          "z": 1.623065710067749
        },
        "tail": {
          "x": 0.2291431576013565,
          "y": -0.49287354946136475,
          "z": 1.6818032264709473
        },
        "rotation_quaternion": {
          "w": 0.15275415778160095,
          "x": 0.19838517904281616,
          "y": -0.2708262801170349,
          "z": -0.9294959306716919
        },
        "matrix": [
          [
            -0.8746190667152405,
            0.1765131801366806,
            -0.4515361785888672,
            0.21076270937919617
          ],
          [
            -0.39142492413520813,
            -0.8066385984420776,
            0.4428553581237793,
            -0.4088776707649231
          ],
          [
            -0.2860589325428009,
            0.5640752911567688,
            0.7745987176895142,
            1.623065710067749
          ],
          [
            0.0,
            0.0,
            0.0,
            1.0
          ]
        ]
      },
      "bone_length_armature_space": 0.10413093432109204,
      "parent": "lowerarm_l",
      "has_children": true,
      "is_end_bone": false
    },
    "pinky_01_l": {
      "name": "pinky_01_l",
      "local": {
        "location": {
          "x": 0.0,
          "y": 0.0,
          "z": 0.0
        },
        "rotation_quaternion": {
          "w": 0.9598158597946167,
          "x": 0.27990126609802246,
          "y": -0.020220767706632614,
          "z": -1.116842122428352e-05
        },
        "scale": {
          "x": 1.0,
          "y": 1.0,
          "z": 1.0
        },
        "matrix_basis": [
          [
            0.9991822242736816,
            -0.011298197321593761,
            -0.038822680711746216,
            0.0
          ],
          [
            -0.011341076344251633,
            0.843310534954071,
            -0.5373069047927856,
            0.0
          ],
          [
            0.03881017491221428,
            0.5373077988624573,
            0.8424928188323975,
            0.0
          ],
          [
            0.0,
            0.0,
            0.0,
            1.0
          ]
        ],
        "rotation_mode": "QUATERNION"
      },
      "armature_space": {
        "head": {
          "x": 0.2291431576013565,
          "y": -0.5561175346374512,
          "z": 0.7319492101669312
        },
