{
  "metadata": {
    "armature_name": "KIM_caucasian_male",
    "export_time": "2026-01-13T21:04:32.418279",
    "blender_version": "4.4.1",
    "bone_count": 56,
    "end_bone_count": 13,
    "spaces_included": [
      "LOCAL_CHANNELS",
      "ARMATURE_SPACE",
      "WORLD_SPACE"
    ],
    "note": "LOCAL matches Transform panel; replay pose via local.matrix_basis for best fidelity."
  },
  "bones": {
    "Root": {
      "name": "Root",
      "local": {
        "location": {
          "x": 0.0,
          "y": 0.0,
          "z": 0.0
        },
        "rotation_quaternion": {
          "w": 0.9998584985733032,
          "x": -0.0017560600535944104,
          "y": 0.012910301797091961,
          "z": 0.010644843801856041
        },
        "scale": {
          "x": 1.0,
          "y": 1.0,
          "z": 1.0
        },
        "matrix_basis": [
          [
            0.9994400143623352,
            -0.021332018077373505,
            0.025779563933610916,
            0.0
          ],
          [
            0.021241333335638046,
            0.9997671842575073,
            0.0037864793557673693,
            0.0
          ],
          [
            -0.025854336097836494,
            -0.003236766904592514,
            0.9996604919433594,
            0.0
          ],
          [
            0.0,
            0.0,
            0.0,
            1.0
          ]
        ],
        "rotation_mode": "QUATERNION"
      },
      "armature_space": {
        "head": {
          "x": 0.0,
          "y": 0.07072800397872925,
          "z": -0.009595036506652832
        },
        "tail": {
          "x": -0.0015225913375616074,
          "y": 4.75272536277771e-05,
          "z": 0.0002266978845000267
        }
      },
      "world_space": {
        "head": {
          "x": 0.0,
          "y": 0.13397200405597687,
          "z": 0.9402589797973633
        },
        "tail": {
          "x": -0.0015225913375616074,
          "y": 0.0632915273308754,
          "z": 0.9500806927680969
        },
        "rotation_quaternion": {
          "w": 0.0691101998090744,
          "x": 0.9974687695503235,
          "y": -0.00975092314183712,
          "z": 0.013598095625638962
        },
        "matrix": [
          [
            0.9994400143623352,
            -0.021332018077373505,
            0.025779563933610916,
            0.0
          ],
          [
            -0.01757293939590454,
            -0.9902573227882385,
            -0.13813616335391998,
            0.13397200405597687
          ],
          [
            0.028475308790802956,
            0.13760581612586975,
            -0.9900847673416138,
            0.9402589797973633
          ],
          [
            0.0,
            0.0,
            0.0,
            1.0
          ]
        ]
      },
      "bone_length_armature_space": 0.07137586793701337,
      "parent": null,
      "has_children": true,
      "is_end_bone": false
    },
    "spine_01": {
      "name": "spine_01",
      "local": {
        "location": {
          "x": 0.0,
          "y": 0.0,
          "z": 0.0
        },
        "rotation_quaternion": {
          "w": 0.9988619089126587,
          "x": 0.00860434491187334,
          "y": 0.04307488724589348,
          "z": -0.018588894978165627
        },
        "scale": {
          "x": 1.0,
          "y": 1.0,
          "z": 1.0
        },
        "matrix_basis": [
          [
            0.9955980181694031,
            0.03787674009799957,
            0.08573183417320251,
            0.0
          ],
          [
            -0.03639421612024307,
            0.9991608262062073,
            -0.018790533766150475,
            0.0
          ],
          [
            -0.08637161552906036,
            0.015587675385177135,
            0.9961410164833069,
            0.0
          ],
          [
            0.0,
            0.0,
            0.0,
            1.0
          ]
        ],
        "rotation_mode": "QUATERNION"
      },
      "armature_space": {
        "head": {
          "x": -0.0015225913375616074,
          "y": 4.75272536277771e-05,
          "z": 0.0002266978845000267
        },
        "tail": {
          "x": 0.003370400983840227,
          "y": 0.016744697466492653,
          "z": 0.4879211187362671
        }
      },
      "world_space": {
        "head": {
          "x": -0.0015225913375616074,
          "y": 0.0632915273308754,
          "z": 0.9500806927680969
        },
        "tail": {
          "x": 0.003370400983840227,
          "y": 0.07998869568109512,
          "z": 1.4377751350402832
        },
        "rotation_quaternion": {
          "w": 0.7185684442520142,
          "x": 0.694622814655304,
          "y": 0.027691897004842758,
          "z": 0.019792301580309868
        },
        "matrix": [
          [
            0.9976828694343567,
            0.0100265983492136,
            0.06729334592819214,
            -0.0015225913375616074
          ],
          [
            0.06691502034664154,
            0.034215427935123444,
            -0.9971718788146973,
            0.0632915273308754
          ],
          [
            -0.012300742790102959,
            0.9993712902069092,
            0.03346452862024307,
            0.9500806927680969
          ],
          [
            0.0,
            0.0,
            0.0,
            1.0
          ]
        ]
      },
      "bone_length_armature_space": 0.4880046874059353,
      "parent": "Root",
      "has_children": true,
      "is_end_bone": false
    },
    "neck_01": {
      "name": "neck_01",
      "local": {
        "location": {
          "x": 0.0,
          "y": 0.0,
          "z": 0.0
        },
        "rotation_quaternion": {
          "w": 0.9976206421852112,
          "x": 0.0685458704829216,
          "y": -0.005614880006760359,
          "z": -0.004814609885215759
        },
        "scale": {
          "x": 1.0,
          "y": 1.0,
          "z": 1.0
        },
        "matrix_basis": [
          [
            0.9998905658721924,
            0.008836554363369942,
            -0.011863083578646183,
            0.0
          ],
          [
            -0.010376062244176865,
            0.990556538105011,
            -0.1367114782333374,
            0.0
          ],
          [
            0.010542997159063816,
            0.13681961596012115,
            0.9905398488044739,
            0.0
          ],
          [
            0.0,
            0.0,
            0.0,
            1.0
          ]
        ],
        "rotation_mode": "QUATERNION"
      },
      "armature_space": {
        "head": {
          "x": 0.006438296288251877,
          "y": -0.015332462266087532,
          "z": 0.5622540712356567
        },
        "tail": {
          "x": 0.011675626039505005,
          "y": -0.06365272402763367,
          "z": 0.65252286195755
        }
      },
      "world_space": {
        "head": {
          "x": 0.006438296288251877,
          "y": 0.04791153967380524,
          "z": 1.5121080875396729
        },
        "tail": {
          "x": 0.011675626039505005,
          "y": -0.00040872395038604736,
          "z": 1.602376937866211
        },
        "rotation_quaternion": {
          "w": 0.5131378173828125,
          "x": 0.8576973676681519,
          "y": 0.03209206089377403,
          "z": 0.003863824065774679
        },
        "matrix": [
          [
            0.9979103803634644,
            0.05108526721596718,
            0.039563484489917755,
            0.006438296288251877
          ],
          [
            0.059016093611717224,
            -0.4713190793991089,
            -0.8799861669540405,
            0.04791153967380524
          ],
          [
            -0.02630743570625782,
            0.8804877400398254,
            -0.47335314750671387,
            1.5121080875396729
          ],
          [
            0.0,
            0.0,
            0.0,
            1.0
          ]
        ]
      },
      "bone_length_armature_space": 0.10252185897008895,
      "parent": "spine_01",
      "has_children": true,
      "is_end_bone": false
    },
    "head": {
      "name": "head",
      "local": {
        "location": {
          "x": 0.0,
          "y": 0.0,
          "z": 0.0
        },
        "rotation_quaternion": {
          "w": 0.9908996820449829,
          "x": 0.05849764496088028,
          "y": 0.017220938578248024,
          "z": 0.11999785900115967
        },
        "scale": {
          "x": 1.0,
          "y": 1.0,
          "z": 1.0
        },
        "matrix_basis": [
          [
            0.9706078767776489,
            -0.23579691350460052,
            0.0481676310300827,
            0.0
          ],
          [
            0.23982645571231842,
            0.9643570780754089,
            -0.11179764568805695,
            0.0
          ],
          [
            -0.02008926123380661,
            0.12006355077028275,
            0.9925629496574402,
            0.0
          ],
          [
            0.0,
            0.0,
            0.0,
            1.0
          ]
        ],
        "rotation_mode": "QUATERNION"
      },
      "armature_space": {
        "head": {
          "x": 0.011675628833472729,
          "y": -0.06365282833576202,
          "z": 0.6525227427482605
        },
        "tail": {
          "x": -0.018959108740091324,
          "y": -0.10230449587106705,
          "z": 0.7995629906654358
        }
      },
      "world_space": {
        "head": {
          "x": 0.011675628833472729,
          "y": -0.0004088282585144043,
          "z": 1.6023766994476318
        },
        "tail": {
          "x": -0.018959108740091324,
          "y": -0.03906049579381943,
          "z": 1.7494170665740967
        },
        "rotation_quaternion": {
          "w": 0.6107600331306458,
          "x": 0.7840574979782104,
          "y": -0.04859854280948639,
          "z": 0.09931913018226624
        },
        "matrix": [
          [
            0.9755479693412781,
            -0.19752849638462067,
            0.09637854993343353,
            0.011675628833472729
          ],
          [
            0.04511108994483948,
            -0.24922053515911102,
            -0.9673956632614136,
            -0.0004088282585144043
          ],
          [
            0.2151092290878296,
            0.94809490442276,
            -0.23421835899353027,
            1.6023766994476318
          ],
          [
            0.0,
            0.0,
            0.0,
            1.0
          ]
        ]
      },
      "bone_length_armature_space": 0.15509117592375943,
      "parent": "neck_01",
      "has_children": false,
      "is_end_bone": true
    },
    "upperarm_l": {
      "name": "upperarm_l",
      "local": {
        "location": {
          "x": 0.0,
          "y": 0.0,
          "z": 0.0
        },
        "rotation_quaternion": {
          "w": 0.9704322814941406,
          "x": -0.13765744864940643,
          "y": 0.18741026520729065,
          "z": 0.06472276151180267
        },
        "scale": {
          "x": 1.0,
          "y": 1.0,
          "z": 1.0
        },
        "matrix_basis": [
          [
            0.9213767051696777,
            -0.17721495032310486,
            0.34591880440711975,
            0.0
          ],
          [
            0.07402127981185913,
            0.9537227749824524,
            0.2914338707923889,
            0.0
          ],
          [
            -0.38155707716941833,
            -0.2429150491952896,
            0.8918556571006775,
            0.0
          ],
          [
            0.0,
            0.0,
            0.0,
            1.0
          ]
        ],
        "rotation_mode": "QUATERNION"
      },
      "armature_space": {
        "head": {
          "x": 0.15563148260116577,
          "y": -0.010774858295917511,
          "z": 0.49335020780563354
        },
        "tail": {
          "x": 0.4043911099433899,
          "y": 0.08138659596443176,
          "z": 0.5311993956565857
        }
      },
      "world_space": {
        "head": {
          "x": 0.15563148260116577,
          "y": 0.05246914178133011,
          "z": 1.4432041645050049
        },
        "tail": {
          "x": 0.4043911099433899,
          "y": 0.14463059604167938,
          "z": 1.481053352355957
        },
        "rotation_quaternion": {
          "w": 0.49918678402900696,
          "x": 0.501594603061676,
          "y": 0.6502127647399902,
          "z": -0.27647560834884644
        },
        "matrix": [
          [
            0.0015709549188613892,
            0.9283133745193481,
            0.37179526686668396,
            0.15563148260116577
          ],
          [
            0.3762599527835846,
            0.34392526745796204,
            -0.860316276550293,
            0.05246914178133011
          ],
          [
            -0.9265190362930298,
            0.14124444127082825,
            -0.34875011444091797,
            1.4432041645050049
          ],
          [
            0.0,
            0.0,
            0.0,
            1.0
          ]
        ]
      },
      "bone_length_armature_space": 0.2679694885144331,
      "parent": "spine_01",
      "has_children": true,
      "is_end_bone": false
    },
    "lowerarm_l": {
      "name": "lowerarm_l",
      "local": {
        "location": {
          "x": 0.0,
          "y": 0.0,
          "z": 0.0
        },
        "rotation_quaternion": {
          "w": 0.9836781024932861,
          "x": 0.13990484178066254,
          "y": -0.07883032411336899,
          "z": -0.0811777114868164
        },
        "scale": {
          "x": 1.0,
          "y": 1.0,
          "z": 1.0
        },
        "matrix_basis": [
          [
            0.9743919372558594,
            0.13764798641204834,
            -0.17780163884162903,
            0.0
          ],
          [
            -0.1817629635334015,
            0.9476736187934875,
            -0.2624441385269165,
            0.0
          ],
          [
            0.13237302005290985,
            0.2880411744117737,
            0.9484248161315918,
            0.0
          ],
          [
            0.0,
            0.0,
            0.0,
            1.0
          ]
        ],
        "rotation_mode": "QUATERNION"
      },
      "armature_space": {
        "head": {
          "x": 0.40439116954803467,
          "y": 0.08138654381036758,
          "z": 0.5311995148658752
        },
        "tail": {
          "x": 0.6715493202209473,
          "y": 0.07321471720933914,
          "z": 0.5198384523391724
        }
      },
      "world_space": {
        "head": {
          "x": 0.40439116954803467,
          "y": 0.1446305513381958,
          "z": 1.4810535907745361
        },
        "tail": {
          "x": 0.6715493202209473,
          "y": 0.13645872473716736,
          "z": 1.4696924686431885
        },
        "rotation_quaternion": {
          "w": 0.45691925287246704,
          "x": 0.521105170249939,
          "y": 0.5253115892410278,
          "z": -0.4936821460723877
        },
        "matrix": [
          [
            -0.03934754803776741,
            0.9986306428909302,
            -0.03447137773036957,
            0.40439116954803467
          ],
          [
            0.09633935242891312,
            -0.030546098947525024,
            -0.9948798418045044,
            0.1446305513381958
          ],
          [
            -0.9945774078369141,
            -0.042467474937438965,
            -0.09500713646411896,
            1.4810535907745361
          ],
          [
            0.0,
            0.0,
            0.0,
            1.0
          ]
        ]
      },
      "bone_length_armature_space": 0.26752444761842575,
      "parent": "upperarm_l",
      "has_children": true,
      "is_end_bone": false
    },
    "metacarpal_thumb_l": {
      "name": "metacarpal_thumb_l",
      "local": {
        "location": {
          "x": 0.0,
          "y": 0.0,
          "z": 0.0
        },
        "rotation_quaternion": {
          "w": 0.9996880292892456,
          "x": -0.01778065785765648,
          "y": -0.0020969531033188105,
          "z": 0.017413416877388954
        },
        "scale": {
          "x": 1.0,
          "y": 1.0,
          "z": 1.0
        },
        "matrix_basis": [
          [
            0.9993847608566284,
            -0.03474139794707298,
            -0.004811841994524002,
            0.0
          ],
          [
            0.034890539944171906,
            0.9987612366676331,
            0.03547719120979309,
            0.0
          ],
          [
            0.0035733538679778576,
            -0.035623252391815186,
            0.9993588924407959,
            0.0
          ],
          [
            0.0,
            0.0,
            0.0,
            1.0
          ]
        ],
        "rotation_mode": "QUATERNION"
      },
      "armature_space": {
        "head": {
          "x": 0.6715493202209473,
          "y": 0.07321471720933914,
          "z": 0.5198384523391724
        },
        "tail": {
          "x": 0.7084696292877197,
          "y": 0.042322494089603424,
          "z": 0.5081702470779419
        }
      },
      "world_space": {
        "head": {
          "x": 0.6715493202209473,
          "y": 0.13645872473716736,
          "z": 1.4696924686431885
        },
        "tail": {
          "x": 0.7084696292877197,
          "y": 0.10556649416685104,
          "z": 1.458024263381958
        },
        "rotation_quaternion": {
          "w": 0.10093694180250168,
          "x": -0.898729681968689,
          "y": -0.4218781590461731,
          "z": 0.06415244191884995
        },
        "matrix": [
          [
            0.635806143283844,
            0.7453579306602478,
            -0.20047812163829803,
            0.6715493202209473
          ],
          [
            0.7712598443031311,
            -0.6236611604690552,
            0.12729988992214203,
            0.13645872473716736
          ],
          [
            -0.030145950615406036,
            -0.23556111752986908,
            -0.9713990092277527,
            1.4696924686431885
          ],
          [
            0.0,
            0.0,
            0.0,
            1.0
          ]
        ]
      },
      "bone_length_armature_space": 0.049533682269514295,
      "parent": "lowerarm_l",
      "has_children": true,
      "is_end_bone": false
    },
    "thumb_01_l": {
      "name": "thumb_01_l",
      "local": {
        "location": {
          "x": 0.0,
          "y": 0.0,
          "z": 0.0
        },
        "rotation_quaternion": {
          "w": 0.9997872114181519,
          "x": 0.0021763744298368692,
          "y": 0.018629349768161774,
          "z": 0.00859561376273632
        },
        "scale": {
          "x": 1.0,
          "y": 1.0,
          "z": 1.0
        },
        "matrix_basis": [
          [
            0.9991581439971924,
            -0.01710648089647293,
            0.03728818520903587,
            0.0
          ],
          [
            0.017268657684326172,
            0.9998427629470825,
            -0.004031561315059662,
            0.0
          ],
          [
            -0.03721335530281067,
            0.004672084003686905,
            0.9992964267730713,
            0.0
          ],
          [
            0.0,
            0.0,
            0.0,
            1.0
          ]
        ],
        "rotation_mode": "QUATERNION"
      },
      "armature_space": {
        "head": {
          "x": 0.7084696292877197,
          "y": 0.042322494089603424,
          "z": 0.5081702470779419
        },
        "tail": {
          "x": 0.7172450423240662,
          "y": 0.028782721608877182,
          "z": 0.47819849848747253
        }
      },
      "world_space": {
        "head": {
          "x": 0.7084696292877197,
          "y": 0.10556649416685104,
          "z": 1.458024263381958
        },
        "tail": {
          "x": 0.7172450423240662,
          "y": 0.0920267254114151,
          "z": 1.428052544593811
        },
        "rotation_quaternion": {
          "w": 0.537279486656189,
          "x": -0.7378072738647461,
          "y": 0.11154802143573761,
          "z": -0.39310091733932495
        },
        "matrix": [
          [
            0.6660585403442383,
            0.2578071653842926,
            0.6999291777610779,
            0.7084696292877197
          ],
          [
            -0.5870102643966675,
            -0.3977772891521454,
            0.7051187753677368,
            0.10556649416685104
          ],
          [
            0.4602031409740448,
            -0.8805227875709534,
            -0.11360771954059601,
            1.458024263381958
          ],
          [
            0.0,
            0.0,
            0.0,
            1.0
          ]
        ]
      },
      "bone_length_armature_space": 0.03403878738263083,
      "parent": "metacarpal_thumb_l",
      "has_children": true,
      "is_end_bone": false
    },
    "thumb_02_l": {
      "name": "thumb_02_l",
      "local": {
        "location": {
          "x": 0.0,
          "y": 0.0,
          "z": 0.0
        },
        "rotation_quaternion": {
          "w": 0.9983075261116028,
          "x": 0.057776935398578644,
          "y": 0.001912152161821723,
          "z": 0.006361089646816254
        },
        "scale": {
          "x": 1.0,
          "y": 1.0,
          "z": 1.0
        },
        "matrix_basis": [
          [
            0.9999117851257324,
            -0.012479690834879875,
            0.004552880302071571,
            0.0
          ],
          [
            0.012921604327857494,
            0.9932427406311035,
            -0.11533397436141968,
            0.0
          ],
          [
            -0.003082783194258809,
            0.11538262665271759,
            0.9933163523674011,
            0.0
          ],
          [
            0.0,
            0.0,
            0.0,
            1.0
          ]
        ],
        "rotation_mode": "QUATERNION"
      },
      "armature_space": {
        "head": {
          "x": 0.7172449231147766,
          "y": 0.028782714158296585,
          "z": 0.47819849848747253
        },
        "tail": {
          "x": 0.757025420665741,
          "y": 0.025844985619187355,
          "z": 0.4735018312931061
        }
      },
      "world_space": {
        "head": {
          "x": 0.7172449231147766,
          "y": 0.0920267105102539,
          "z": 1.428052544593811
        },
        "tail": {
          "x": 0.757025420665741,
          "y": 0.08908898383378983,
          "z": 1.4233558177947998
        },
        "rotation_quaternion": {
          "w": 0.6675121188163757,
          "x": -0.2270076721906662,
          "y": -0.13362376391887665,
          "z": -0.6964479684829712
        },
        "matrix": [
          [
            -0.005789483897387981,
            0.9904422163963318,
            0.13780444860458374,
            0.7172449231147766
          ],
          [
            -0.869107186794281,
            -0.07314259558916092,
            0.48918628692626953,
            0.0920267105102539
          ],
          [
            0.49459272623062134,
            -0.11693577468395233,
            0.8612305521965027,
            1.428052544593811
          ],
          [
            0.0,
            0.0,
            0.0,
            1.0
          ]
        ]
      },
      "bone_length_armature_space": 0.04016437331066461,
      "parent": "thumb_01_l",
      "has_children": true,
      "is_end_bone": false
    },
    "thumb_03_l": {
      "name": "thumb_03_l",
      "local": {
        "location": {
          "x": 0.0,
          "y": 0.0,
          "z": 0.0
        },
        "rotation_quaternion": {
          "w": 0.9980639219284058,
          "x": 0.061564184725284576,
          "y": -0.004652548581361771,
          "z": -0.007525600027292967
        },
        "scale": {
          "x": 1.0,
          "y": 1.0,
          "z": 1.0
        },
        "matrix_basis": [
          [
            0.999843418598175,
            0.014449198730289936,
            -0.010213696397840977,
            0.0
          ],
          [
            -0.01559492014348507,
            0.9923064112663269,
            -0.12281996011734009,
            0.0
          ],
          [
            0.008360466919839382,
            0.12296000868082047,
            0.9923763871192932,
            0.0
          ],
          [
            0.0,
            0.0,
            0.0,
            1.0
          ]
        ],
        "rotation_mode": "QUATERNION"
      },
      "armature_space": {
        "head": {
          "x": 0.757025420665741,
          "y": 0.025844909250736237,
          "z": 0.4735018014907837
        },
        "tail": {
          "x": 0.7864114046096802,
          "y": 0.03199887275695801,
          "z": 0.4785498380661011
        }
      },
      "world_space": {
        "head": {
          "x": 0.757025420665741,
          "y": 0.08908890932798386,
          "z": 1.4233558177947998
        },
        "tail": {
          "x": 0.7864114046096802,
          "y": 0.09524287283420563,
          "z": 1.4284038543701172
        },
        "rotation_quaternion": {
          "w": 0.767872154712677,
          "x": 0.020033687353134155,
          "y": -0.10695619136095047,
          "z": -0.631293535232544
        },
        "matrix": [
          [
            0.18005743622779846,
            0.9652196168899536,
            -0.1895514577627182,
            0.757025420665741
          ],
          [
            -0.97379070520401,
            0.20213451981544495,
            0.10427645593881607,
            0.08908890932798386
          ],
          [
            0.13896450400352478,
            0.16580894589424133,
            0.9763249754905701,
            1.4233558177947998
          ],
          [
            0.0,
            0.0,
            0.0,
            1.0
          ]
        ]
      },
      "bone_length_armature_space": 0.03044486771670141,
      "parent": "thumb_02_l",
      "has_children": false,
      "is_end_bone": true
    },
    "metacarpal_index_l": {
      "name": "metacarpal_index_l",
      "local": {
        "location": {
          "x": 0.0,
          "y": 0.0,
          "z": 0.0
        },
        "rotation_quaternion": {
          "w": 0.9991657733917236,
          "x": -0.04043785110116005,
          "y": 0.005633431486785412,
          "z": -0.000931665301322937
        },
        "scale": {
          "x": 1.0,
          "y": 1.0,
          "z": 1.0
        },
        "matrix_basis": [
          [
            0.9999347925186157,
            0.0014061684487387538,
            0.01133281271904707,
            0.0
          ],
          [
            -0.002317383885383606,
            0.9967278242111206,
            0.08079773932695389,
            0.0
          ],
          [
            -0.011182114481925964,
            -0.08081872761249542,
            0.9966660737991333,
            0.0
          ],
          [
            0.0,
            0.0,
            0.0,
            1.0
          ]
        ],
        "rotation_mode": "QUATERNION"
      },
      "armature_space": {
        "head": {
          "x": 0.6715493202209473,
          "y": 0.07321471720933914,
          "z": 0.5198384523391724
        },
        "tail": {
          "x": 0.7835731506347656,
          "y": 0.039396971464157104,
          "z": 0.5138184428215027
        }
      },
      "world_space": {
        "head": {
          "x": 0.6715493202209473,
          "y": 0.13645872473716736,
          "z": 1.4696924686431885
        },
        "tail": {
          "x": 0.7835731506347656,
          "y": 0.10264097154140472,
          "z": 1.463672399520874
        },
        "rotation_quaternion": {
          "w": 0.13660423457622528,
          "x": 0.7703573107719421,
          "y": 0.5805429220199585,
          "z": -0.22551898658275604
        },
        "matrix": [
          [
            0.22422145307064056,
            0.9560651183128357,
            -0.18884903192520142,
            0.6715493202209473
          ],
          [
            0.8328371047973633,
            -0.28861692547798157,
            -0.4723164737224579,
            0.13645872473716736
          ],
          [
            -0.5060732364654541,
            -0.051377736032009125,
            -0.8609671592712402,
            1.4696924686431885
          ],
          [
            0.0,
            0.0,
            0.0,
            1.0
          ]
        ]
      },
      "bone_length_armature_space": 0.11717175122387236,
      "parent": "lowerarm_l",
      "has_children": true,
      "is_end_bone": false
    },
    "index_01_l": {
      "name": "index_01_l",
      "local": {
        "location": {
          "x": 0.0,
          "y": 0.0,
          "z": 0.0
        },
        "rotation_quaternion": {
          "w": 0.9896333813667297,
          "x": -0.1434718668460846,
          "y": -0.0020910147577524185,
          "z": 0.006106845568865538
        },
        "scale": {
          "x": 1.0,
          "y": 1.0,
          "z": 1.0
        },
        "matrix_basis": [
          [
            0.999916672706604,
            -0.011487073265016079,
            -0.005890997126698494,
            0.0
          ],
          [
            0.0126870796084404,
            0.9587570428848267,
            0.2839435636997223,
            0.0
          ],
          [
            0.0023863548412919044,
            -0.2839946448802948,
            0.9588229060173035,
            0.0
          ],
          [
            0.0,
            0.0,
            0.0,
            1.0
          ]
        ],
        "rotation_mode": "QUATERNION"
      },
      "armature_space": {
        "head": {
          "x": 0.7835731506347656,
          "y": 0.039396971464157104,
          "z": 0.5138184428215027
        },
        "tail": {
          "x": 0.8111785054206848,
          "y": 0.04501882940530777,
          "z": 0.518223762512207
        }
      },
      "world_space": {
        "head": {
          "x": 0.7835731506347656,
          "y": 0.10264097154140472,
          "z": 1.463672399520874
        },
        "tail": {
          "x": 0.8111785054206848,
          "y": 0.10826282948255539,
          "z": 1.4680777788162231
        },
        "rotation_quaternion": {
          "w": 0.22883526980876923,
          "x": 0.6271985173225403,
          "y": 0.7390633225440979,
          "z": -0.08967728167772293
        },
        "matrix": [
          [
            -0.1085122600197792,
            0.9681217670440674,
            0.2257545292377472,
            0.7835731506347656
          ],
          [
            0.8860357403755188,
            0.19715875387191772,
            -0.4196063280105591,
            0.10264097154140472
          ],
          [
            -0.45074188709259033,
            0.15449528396129608,
            -0.8791912198066711,
            1.463672399520874
          ],
          [
            0.0,
            0.0,
            0.0,
            1.0
          ]
        ]
      },
      "bone_length_armature_space": 0.0285143429890724,
      "parent": "metacarpal_index_l",
      "has_children": true,
      "is_end_bone": false
    },
    "index_02_l": {
      "name": "index_02_l",
      "local": {
        "location": {
          "x": 0.0,
          "y": 0.0,
          "z": 0.0
        },
        "rotation_quaternion": {
          "w": 0.9992406368255615,
          "x": 0.03869698569178581,
          "y": 0.003674566512927413,
          "z": 0.0026902619283646345
        },
        "scale": {
          "x": 1.0,
          "y": 1.0,
          "z": 1.0
        },
        "matrix_basis": [
          [
            0.9999585151672363,
            -0.005092049017548561,
            0.0075517622753977776,
            0.0
          ],
          [
            0.005660827271640301,
            0.9969906210899353,
            -0.07731542736291885,
            0.0
          ],
          [
            -0.007135342340916395,
            0.07735497504472733,
            0.9969781041145325,
            0.0
          ],
          [
            0.0,
            0.0,
            0.0,
            1.0
          ]
        ],
        "rotation_mode": "QUATERNION"
      },
      "armature_space": {
        "head": {
          "x": 0.811178982257843,
          "y": 0.04501856118440628,
          "z": 0.5182236433029175
        },
        "tail": {
          "x": 0.8361737728118896,
          "y": 0.05009007453918457,
          "z": 0.5209856629371643
        }
      },
      "world_space": {
        "head": {
          "x": 0.811178982257843,
          "y": 0.1082625612616539,
          "z": 1.4680776596069336
        },
        "tail": {
          "x": 0.8361737728118896,
          "y": 0.11333407461643219,
          "z": 1.4708397388458252
        },
        "rotation_quaternion": {
          "w": 0.23644106090068817,
          "x": 0.6206843852996826,
          "y": 0.7368472218513489,
          "z": -0.12610642611980438
        },
        "matrix": [
          [
            -0.11769247055053711,
            0.9743328094482422,
            0.19189506769180298,
            0.811178982257843
          ],
          [
            0.8550652861595154,
            0.19769462943077087,
            -0.4793543219566345,
            0.1082625612616539
          ],
          [
            -0.5049900412559509,
            0.10766719281673431,
            -0.8563918471336365,
            1.4680776596069336
          ],
          [
            0.0,
            0.0,
            0.0,
            1.0
          ]
        ]
      },
      "bone_length_armature_space": 0.025653236942243553,
      "parent": "index_01_l",
      "has_children": true,
      "is_end_bone": false
    },
    "index_03_l": {
      "name": "index_03_l",
      "local": {
        "location": {
          "x": 0.0,
          "y": 0.0,
          "z": 0.0
        },
        "rotation_quaternion": {
          "w": 0.9995729923248291,
          "x": 0.027719493955373764,
          "y": 0.007384503725916147,
          "z": -0.005578236188739538
        },
        "scale": {
          "x": 1.0,
          "y": 1.0,
          "z": 1.0
        },
        "matrix_basis": [
          [
            0.9998286962509155,
            0.011561097577214241,
            0.014453449286520481,
            0.0
          ],
          [
            -0.01074231881648302,
            0.9984010457992554,
            -0.05549769848585129,
            0.0
          ],
          [
            -0.01507195271551609,
            0.05533292889595032,
            0.9983541965484619,
            0.0
          ],
          [
            0.0,
            0.0,
            0.0,
            1.0
          ]
        ],
        "rotation_mode": "QUATERNION"
      },
      "armature_space": {
        "head": {
          "x": 0.8361737728118896,
          "y": 0.05009011924266815,
          "z": 0.5209857821464539
        },
        "tail": {
          "x": 0.8646250367164612,
          "y": 0.05642928183078766,
          "z": 0.5189676284790039
        }
      },
      "world_space": {
        "head": {
          "x": 0.8361737728118896,
          "y": 0.11333411931991577,
          "z": 1.4708397388458252
        },
        "tail": {
          "x": 0.8646250367164612,
          "y": 0.11967328190803528,
          "z": 1.46882164478302
        },
        "rotation_quaternion": {
          "w": 0.15241648256778717,
          "x": 0.6034677028656006,
          "y": 0.7650148272514343,
          "z": -0.16537313163280487
        },
        "matrix": [
          [
            -0.22519151866436005,
            0.9737346172332764,
            0.03360530734062195,
            0.8361737728118896
          ],
          [
            0.8729125261306763,
            0.21695579588413239,
            -0.4369831681251526,
            0.11333411931991577
          ],
          [
            -0.43279874324798584,
            -0.06907089054584503,
            -0.8988484144210815,
            1.4708397388458252
          ],
          [
            0.0,
            0.0,
            0.0,
            1.0
          ]
        ]
      },
      "bone_length_armature_space": 0.029218698942399035,
      "parent": "index_02_l",
      "has_children": false,
      "is_end_bone": true
    },
    "metacarpal_pinky_l": {
      "name": "metacarpal_pinky_l",
      "local": {
        "location": {
          "x": 0.0,
          "y": 0.0,
          "z": 0.0
        },
        "rotation_quaternion": {
          "w": 0.9998066425323486,
          "x": 0.019538963213562965,
          "y": -0.0014421665109694004,
          "z": -0.0016989143332466483
        },
        "scale": {
          "x": 1.0,
          "y": 1.0,
          "z": 1.0
        },
        "matrix_basis": [
          [
            0.9999900460243225,
            0.0033408147282898426,
            -0.002950165420770645,
            0.0
          ],
          [
            -0.003453528508543968,
            0.999230682849884,
            -0.039065469056367874,
            0.0
          ],
          [
            0.0028173853643238544,
            0.03907527029514313,
            0.999232292175293,
            0.0
          ],
          [
            0.0,
            0.0,
            0.0,
            1.0
          ]
        ],
        "rotation_mode": "QUATERNION"
      },
      "armature_space": {
        "head": {
          "x": 0.6715493202209473,
          "y": 0.07321471720933914,
          "z": 0.5198384523391724
        },
        "tail": {
          "x": 0.7721721529960632,
          "y": 0.09994777292013168,
          "z": 0.5217364430427551
        }
      },
      "world_space": {
        "head": {
          "x": 0.6715493202209473,
          "y": 0.13645872473716736,
          "z": 1.4696924686431885
        },
        "tail": {
          "x": 0.7721721529960632,
          "y": 0.1631917655467987,
          "z": 1.471590518951416
        },
        "rotation_quaternion": {
          "w": 0.7799951434135437,
          "x": 0.11997344344854355,
          "y": 0.14131908118724823,
          "z": -0.5976979732513428
        },
        "matrix": [
          [
            0.24557167291641235,
            0.9663121700286865,
            0.07703860104084015,
            0.6715493202209473
          ],
          [
            -0.8984944224357605,
            0.25672581791877747,
            -0.35608968138694763,
            0.13645872473716736
          ],
          [
            -0.36387500166893005,
            0.018227053806185722,
            0.9312769770622253,
            1.4696924686431885
          ],
          [
            0.0,
            0.0,
            0.0,
            1.0
          ]
        ]
      },
      "bone_length_armature_space": 0.10413074963851945,
      "parent": "lowerarm_l",
      "has_children": true,
      "is_end_bone": false
    },
    "pinky_01_l": {
      "name": "pinky_01_l",
      "local": {
        "location": {
          "x": 0.0,
          "y": 0.0,
          "z": 0.0
        },
        "rotation_quaternion": {
          "w": 0.9662160873413086,
          "x": 0.25730857253074646,
          "y": -0.01435118354856968,
          "z": 0.0035791376139968634
        },
        "scale": {
          "x": 1.0,
          "y": 1.0,
          "z": 1.0
        },
        "matrix_basis": [
          [
            0.9995624423027039,
            -0.014301805756986141,
            -0.025890802964568138,
            0.0
          ],
          [
            -0.00046892440877854824,
            0.8675589561462402,
            -0.4973340928554535,
            0.0
          ],
          [
            0.029574574902653694,
            0.4971286356449127,
            0.8671726584434509,
            0.0
          ],
          [
            0.0,
            0.0,
            0.0,
            1.0
          ]
        ],
        "rotation_mode": "QUATERNION"
      },
      "armature_space": {
        "head": {
          "x": 0.7721721529960632,
          "y": 0.09994777292013168,
          "z": 0.5217364430427551
        },
        "tail": {
