{
  "metadata": {
    "armature_name": "KIM_caucasian_male",
    "export_time": "2026-01-13T21:04:09.969996",
    "blender_version": "4.4.1",
    "bone_count": 56,
    "end_bone_count": 13,
    "spaces_included": [
      "LOCAL_CHANNELS",
      "ARMATURE_SPACE",
      "WORLD_SPACE"
    ],
    "note": "LOCAL matches Transform panel; replay pose via local.matrix_basis for best fidelity."
  },
  "bones": {
    "Root": {
      "name": "Root",
      "local": {
        "location": {
          "x": 0.0,
          "y": 0.0,
          "z": 0.0
        },
        "rotation_quaternion": {
          "w": 0.9994805455207825,
          "x": -0.010764651000499725,
          "y": 0.018409335985779762,
          "z": -0.024166518822312355
        },
        "scale": {
          "x": 1.0,
          "y": 1.0,
          "z": 1.0
        },
        "matrix_basis": [
          [
            0.9981541633605957,
            0.047911591827869415,
            0.037319835275411606,
            0.0
          ],
          [
            -0.04870427027344704,
            0.99860018491745,
            0.020628338679671288,
            0.0
          ],
          [
            -0.036279257386922836,
            -0.0224078968167305,
            0.9990904331207275,
            0.0
          ],
          [
            0.0,
            0.0,
            0.0,
            1.0
          ]
        ],
        "rotation_mode": "QUATERNION"
      },
      "armature_space": {
        "head": {
          "x": 0.0,
          "y": 0.07072800397872925,
          "z": -0.009595036506652832
        },
        "tail": {
          "x": 0.0034197315108031034,
          "y": 0.00031401216983795166,
          "z": 0.0015714466571807861
        }
      },
      "world_space": {
        "head": {
          "x": 0.0,
          "y": 0.13397200405597687,
          "z": 0.9402589797973633
        },
        "tail": {
          "x": 0.0034197315108031034,
          "y": 0.06355801224708557,
          "z": 0.9514254331588745
        },
        "rotation_quaternion": {
          "w": 0.07807287573814392,
          "x": 0.9964847564697266,
          "y": 0.02535182237625122,
          "z": 0.01673946902155876
        },
        "matrix": [
          [
            0.9981541633605957,
            0.047911591827869415,
            0.037319835275411606,
            0.0
          ],
          [
            0.05313919857144356,
            -0.9865237474441528,
            -0.15474851429462433,
            0.13397200405597687
          ],
          [
            0.02940290980041027,
            0.1564461886882782,
            -0.9872558116912842,
            0.9402589797973633
          ],
          [
            0.0,
            0.0,
            0.0,
            1.0
          ]
        ]
      },
      "bone_length_armature_space": 0.07137587354523015,
      "parent": null,
      "has_children": true,
      "is_end_bone": false
    },
    "spine_01": {
      "name": "spine_01",
      "local": {
        "location": {
          "x": 0.0,
          "y": 0.0,
          "z": 0.0
        },
        "rotation_quaternion": {
          "w": 0.9992795586585999,
          "x": -0.02737189643085003,
          "y": 0.0033545291516929865,
          "z": 0.026076655834913254
        },
        "scale": {
          "x": 1.0,
          "y": 1.0,
          "z": 1.0
        },
        "matrix_basis": [
          [
            0.9986175298690796,
            -0.0522993765771389,
            0.005276689771562815,
            0.0
          ],
          [
            0.05193210020661354,
            0.9971415996551514,
            0.05487930402159691,
            0.0
          ],
          [
            -0.00813176017254591,
            -0.054529402405023575,
            0.9984790682792664,
            0.0
          ],
          [
            0.0,
            0.0,
            0.0,
            1.0
          ]
        ],
        "rotation_mode": "QUATERNION"
      },
      "armature_space": {
        "head": {
          "x": 0.0034197315108031034,
          "y": 0.00031401216983795166,
          "z": 0.0015714466571807861
        },
        "tail": {
          "x": -0.039451438933610916,
          "y": 0.05825038626790047,
          "z": 0.4842245280742645
        }
      },
      "world_space": {
        "head": {
          "x": 0.0034197315108031034,
          "y": 0.06355801224708557,
          "z": 0.9514254331588745
        },
        "tail": {
          "x": -0.039451438933610916,
          "y": 0.12149438261985779,
          "z": 1.434078574180603
        },
        "rotation_quaternion": {
          "w": 0.7478529214859009,
          "x": 0.661845862865448,
          "y": -0.008757766336202621,
          "z": 0.05098457261919975
        },
        "matrix": [
          [
            0.994647741317749,
            -0.08785053342580795,
            0.054389361292123795,
            0.0034197315108031034
          ],
          [
            0.06466592848300934,
            0.11872177571058273,
            -0.9908196330070496,
            0.06355801224708557
          ],
          [
            0.08058744668960571,
            0.989040732383728,
            0.12376724183559418,
            0.9514254331588745
          ],
          [
            0.0,
            0.0,
            0.0,
            1.0
          ]
        ]
      },
      "bone_length_armature_space": 0.4880046681035862,
      "parent": "Root",
      "has_children": true,
      "is_end_bone": false
    },
    "neck_01": {
      "name": "neck_01",
      "local": {
        "location": {
          "x": 0.0,
          "y": 0.0,
          "z": 0.0
        },
        "rotation_quaternion": {
          "w": 0.9836576581001282,
          "x": -0.03957501798868179,
          "y": -0.10310344398021698,
          "z": 0.14220157265663147
        },
        "scale": {
          "x": 1.0,
          "y": 1.0,
          "z": 1.0
        },
        "matrix_basis": [
          [
            0.9382967948913574,
            -0.27159470319747925,
            -0.21409223973751068,
            0.0
          ],
          [
            0.287915974855423,
            0.9564250707626343,
            0.048533596098423004,
            0.0
          ],
          [
            0.19158172607421875,
            -0.10717948526144028,
            0.9756069779396057,
            0.0
          ],
          [
            0.0,
            0.0,
            0.0,
            1.0
          ]
        ],
        "rotation_mode": "QUATERNION"
      },
      "armature_space": {
        "head": {
          "x": -0.043997470289468765,
          "y": 0.03258094936609268,
          "z": 0.5609328746795654
        },
        "tail": {
          "x": -0.07853944599628448,
          "y": 0.01525447890162468,
          "z": 0.6558928489685059
        }
      },
      "world_space": {
        "head": {
          "x": -0.043997470289468765,
          "y": 0.0958249494433403,
          "z": 1.5107868909835815
        },
        "tail": {
          "x": -0.07853944599628448,
          "y": 0.0784984827041626,
          "z": 1.605746865272522
        },
        "rotation_quaternion": {
          "w": 0.6199148297309875,
          "x": 0.7625859379768372,
          "y": -0.17664557695388794,
          "z": 0.054450687021017075
        },
        "matrix": [
          [
            0.9316626787185669,
            -0.3369247019290924,
            -0.13596557080745697,
            -0.043997470289468765
          ],
          [
            -0.20190708339214325,
            -0.16900354623794556,
            -0.9647132754325867,
            0.0958249494433403
          ],
          [
            0.3020589351654053,
            0.926245927810669,
            -0.22548417747020721,
            1.5107868909835815
          ],
          [
            0.0,
            0.0,
            0.0,
            1.0
          ]
        ]
      },
      "bone_length_armature_space": 0.10252195567529082,
      "parent": "spine_01",
      "has_children": true,
      "is_end_bone": false
    },
    "head": {
      "name": "head",
      "local": {
        "location": {
          "x": 0.0,
          "y": 0.0,
          "z": 0.0
        },
        "rotation_quaternion": {
          "w": 0.9952722191810608,
          "x": -0.04036092758178711,
          "y": 0.08455560356378555,
          "z": -0.025584762915968895
        },
        "scale": {
          "x": 1.0,
          "y": 1.0,
          "z": 1.0
        },
        "matrix_basis": [
          [
            0.9843915104866028,
            0.04410212114453316,
            0.1703769415616989,
            0.0
          ],
          [
            -0.05775309354066849,
            0.9954328536987305,
            0.07601355016231537,
            0.0
          ],
          [
            -0.1662464439868927,
            -0.0846668928861618,
            0.9824426770210266,
            0.0
          ],
          [
            0.0,
            0.0,
            0.0,
            1.0
          ]
        ],
        "rotation_mode": "QUATERNION"
      },
      "armature_space": {
        "head": {
          "x": -0.07853943854570389,
          "y": 0.015254342928528786,
          "z": 0.6558927297592163
        },
        "tail": {
          "x": -0.10987243801355362,
          "y": 0.05599242448806763,
          "z": 0.8022209405899048
        }
      },
      "world_space": {
        "head": {
          "x": -0.07853943854570389,
          "y": 0.07849834114313126,
          "z": 1.6057467460632324
        },
        "tail": {
          "x": -0.10987243801355362,
          "y": 0.11923642456531525,
          "z": 1.752074956893921
        },
        "rotation_quaternion": {
          "w": 0.78755784034729,
          "x": 0.6053296327590942,
          "y": -0.10530485957860947,
          "z": 0.047325048595666885
        },
        "matrix": [
          [
            0.9733427166938782,
            -0.20203080773353577,
            -0.10857166349887848,
            -0.07853943854570389
          ],
          [
            -0.05294463038444519,
            0.26267343759536743,
            -0.9634312987327576,
            0.07849834114313126
          ],
          [
            0.2231631577014923,
            0.9435038566589355,
            0.24497561156749725,
            1.6057467460632324
          ],
          [
            0.0,
            0.0,
            0.0,
            1.0
          ]
        ]
      },
      "bone_length_armature_space": 0.15509124516890493,
      "parent": "neck_01",
      "has_children": false,
      "is_end_bone": true
    },
    "upperarm_l": {
      "name": "upperarm_l",
      "local": {
        "location": {
          "x": 0.0,
          "y": 0.0,
          "z": 0.0
        },
        "rotation_quaternion": {
          "w": 0.9412672519683838,
          "x": 0.008775748312473297,
          "y": 0.3371109366416931,
          "z": 0.01718505099415779
        },
        "scale": {
          "x": 1.0,
          "y": 1.0,
          "z": 1.0
        },
        "matrix_basis": [
          [
            0.772121787071228,
            -0.026434650644659996,
            0.634924590587616,
            0.0
          ],
          [
            0.038268253207206726,
            0.9992552995681763,
            -0.00493411161005497,
            0.0
          ],
          [
            -0.6343213319778442,
            0.028107186779379845,
            0.7725583910942078,
            0.0
          ],
          [
            0.0,
            0.0,
            0.0,
            1.0
          ]
        ],
        "rotation_mode": "QUATERNION"
      },
      "armature_space": {
        "head": {
          "x": 0.11127737909555435,
          "y": 0.031141966581344604,
          "z": 0.5069445371627808
        },
        "tail": {
          "x": 0.377554714679718,
          "y": 0.05135449022054672,
          "z": 0.5292034149169922
        }
      },
      "world_space": {
        "head": {
          "x": 0.11127737909555435,
          "y": 0.09438596665859222,
          "z": 1.4567985534667969
        },
        "tail": {
          "x": 0.377554714679718,
          "y": 0.11459849029779434,
          "z": 1.4790574312210083
        },
        "rotation_quaternion": {
          "w": 0.3709811866283417,
          "x": 0.6130996346473694,
          "y": 0.6325260400772095,
          "z": -0.29392629861831665
        },
        "matrix": [
          [
            0.027038220316171646,
            0.9936854839324951,
            0.10889477282762527,
            0.11127737909555435
          ],
          [
            0.5575200319290161,
            0.07542847841978073,
            -0.8267298340797424,
            0.09438596665859222
          ],
          [
            -0.8297285437583923,
            0.08306491374969482,
            -0.5519647598266602,
            1.4567985534667969
          ],
          [
            0.0,
            0.0,
            0.0,
            1.0
          ]
        ]
      },
      "bone_length_armature_space": 0.2679694485464111,
      "parent": "spine_01",
      "has_children": true,
      "is_end_bone": false
    },
    "lowerarm_l": {
      "name": "lowerarm_l",
      "local": {
        "location": {
          "x": 0.0,
          "y": 0.0,
          "z": 0.0
        },
        "rotation_quaternion": {
          "w": 0.9727105498313904,
          "x": 0.1331639587879181,
          "y": 0.02242085337638855,
          "z": 0.1886771023273468
        },
        "scale": {
          "x": 1.0,
          "y": 1.0,
          "z": 1.0
        },
        "matrix_basis": [
          [
            0.927796483039856,
            -0.36108511686325073,
            0.09386797994375229,
            0.0
          ],
          [
            0.3730277121067047,
            0.8933365941047668,
            -0.25059938430786133,
            0.0
          ],
          [
            0.0066319783218204975,
            0.26752057671546936,
            0.9635293483734131,
            0.0
          ],
          [
            0.0,
            0.0,
            0.0,
            1.0
          ]
        ],
        "rotation_mode": "QUATERNION"
      },
      "armature_space": {
        "head": {
          "x": 0.37755483388900757,
          "y": 0.051354389637708664,
          "z": 0.529203474521637
        },
        "tail": {
          "x": 0.6046558618545532,
          "y": -0.0694522112607956,
          "z": 0.6026901006698608
        }
      },
      "world_space": {
        "head": {
          "x": 0.37755483388900757,
          "y": 0.11459839344024658,
          "z": 1.4790575504302979
        },
        "tail": {
          "x": 0.6046558618545532,
          "y": -0.006208211183547974,
          "z": 1.552544116973877
        },
        "rotation_quaternion": {
          "w": 0.3470003604888916,
          "x": 0.7808462977409363,
          "y": 0.39217862486839294,
          "z": -0.3406842350959778
        },
        "matrix": [
          [
            0.46025970578193665,
            0.84889817237854,
            -0.25987040996551514,
            0.37755483388900757
          ],
          [
            0.3760283291339874,
            -0.45157212018966675,
            -0.8091264963150024,
            0.11459839344024658
          ],
          [
            -0.8042216300964355,
            0.2746911644935608,
            -0.5270547270774841,
            1.4790575504302979
          ],
          [
            0.0,
            0.0,
            0.0,
            1.0
          ]
        ]
      },
      "bone_length_armature_space": 0.267524574657245,
      "parent": "upperarm_l",
      "has_children": true,
      "is_end_bone": false
    },
    "metacarpal_thumb_l": {
      "name": "metacarpal_thumb_l",
      "local": {
        "location": {
          "x": 0.0,
          "y": 0.0,
          "z": 0.0
        },
        "rotation_quaternion": {
          "w": 0.9998906850814819,
          "x": 0.011617064476013184,
          "y": -0.006583023350685835,
          "z": 0.006355242803692818
        },
        "scale": {
          "x": 1.0,
          "y": 1.0,
          "z": 1.0
        },
        "matrix_basis": [
          [
            0.9998325705528259,
            -0.012862047180533409,
            -0.013016948476433754,
            0.0
          ],
          [
            0.012556144967675209,
            0.9996492862701416,
            -0.02331526204943657,
            0.0
          ],
          [
            0.013312266208231449,
            0.023147916421294212,
            0.9996434450149536,
            0.0
          ],
          [
            0.0,
            0.0,
            0.0,
            1.0
          ]
        ],
        "rotation_mode": "QUATERNION"
      },
      "armature_space": {
        "head": {
          "x": 0.6046558618545532,
          "y": -0.0694522112607956,
          "z": 0.6026901006698608
        },
        "tail": {
          "x": 0.6342512369155884,
          "y": -0.10692843049764633,
          "z": 0.5895282626152039
        }
      },
      "world_space": {
        "head": {
          "x": 0.6046558618545532,
          "y": -0.006208211183547974,
          "z": 1.552544116973877
        },
        "tail": {
          "x": 0.6342512369155884,
          "y": -0.04368443042039871,
          "z": 1.5393822193145752
        },
        "rotation_quaternion": {
          "w": 0.2123304307460785,
          "x": -0.9112224578857422,
          "y": -0.2768127918243408,
          "z": -0.21900755167007446
        },
        "matrix": [
          [
            0.7508207559585571,
            0.597480058670044,
            0.2815765142440796,
            0.6046558618545532
          ],
          [
            0.41147300601005554,
            -0.7565807104110718,
            0.5082083344459534,
            -0.006208211183547974
          ],
          [
            0.5166839957237244,
            -0.2657148540019989,
            -0.8139088749885559,
            1.552544116973877
          ],
          [
            0.0,
            0.0,
            0.0,
            1.0
          ]
        ]
      },
      "bone_length_armature_space": 0.04953369828042274,
      "parent": "lowerarm_l",
      "has_children": true,
      "is_end_bone": false
    },
    "thumb_01_l": {
      "name": "thumb_01_l",
      "local": {
        "location": {
          "x": 0.0,
          "y": 0.0,
          "z": 0.0
        },
        "rotation_quaternion": {
          "w": 0.9640498161315918,
          "x": 0.26563069224357605,
          "y": -0.0039363824762403965,
          "z": 0.0057412623427808285
        },
        "scale": {
          "x": 1.0,
          "y": 1.0,
          "z": 1.0
        },
        "matrix_basis": [
          [
            0.9999030828475952,
            -0.01316097378730774,
            -0.0045396266505122185,
            0.0
          ],
          [
            0.00897847767919302,
            0.8588147759437561,
            -0.5122076272964478,
            0.0
          ],
          [
            0.010639848187565804,
            0.5121172666549683,
            0.8588497042655945,
            0.0
          ],
          [
            0.0,
            0.0,
            0.0,
            1.0
          ]
        ],
        "rotation_mode": "QUATERNION"
      },
      "armature_space": {
        "head": {
          "x": 0.6342512369155884,
          "y": -0.10692843049764633,
          "z": 0.5895282626152039
        },
        "tail": {
          "x": 0.6634043455123901,
          "y": -0.10477197170257568,
          "z": 0.5720905065536499
        }
      },
      "world_space": {
        "head": {
          "x": 0.6342512369155884,
          "y": -0.04368443042039871,
          "z": 1.5393822193145752
        },
        "tail": {
          "x": 0.6634043455123901,
          "y": -0.041527971625328064,
          "z": 1.521944522857666
        },
        "rotation_quaternion": {
          "w": 0.7283099889755249,
          "x": -0.32249128818511963,
          "y": 0.03524095192551613,
          "z": -0.6035909652709961
        },
        "matrix": [
          [
            0.2688700258731842,
            0.8564722537994385,
            0.44064024090766907,
            0.6342512369155884
          ],
          [
            -0.9019336104393005,
            0.0633532851934433,
            0.4272027611732483,
            -0.04368443042039871
          ],
          [
            0.3379729092121124,
            -0.5122939944267273,
            0.789521336555481,
            1.5393822193145752
          ],
          [
            0.0,
            0.0,
            0.0,
            1.0
          ]
        ]
      },
      "bone_length_armature_space": 0.034038645489160115,
      "parent": "metacarpal_thumb_l",
      "has_children": true,
      "is_end_bone": false
    },
    "thumb_02_l": {
      "name": "thumb_02_l",
      "local": {
        "location": {
          "x": 0.0,
          "y": 0.0,
          "z": 0.0
        },
        "rotation_quaternion": {
          "w": 0.9027474522590637,
          "x": 0.43015986680984497,
          "y": -0.0021617950405925512,
          "z": -0.0022200883831828833
        },
        "scale": {
          "x": 1.0,
          "y": 1.0,
          "z": 1.0
        },
        "matrix_basis": [
          [
            0.9999808073043823,
            0.0021485232282429934,
            -0.005813095718622208,
            0.0
          ],
          [
            -0.005868193227797747,
            0.6299151182174683,
            -0.776641845703125,
            0.0
          ],
          [
            0.0019931241404265165,
            0.7766610383987427,
            0.6299156546592712,
            0.0
          ],
          [
            0.0,
            0.0,
            0.0,
            1.0
          ]
        ],
        "rotation_mode": "QUATERNION"
      },
      "armature_space": {
        "head": {
          "x": 0.6634042859077454,
          "y": -0.10477196425199509,
          "z": 0.5720904469490051
        },
        "tail": {
          "x": 0.6698939204216003,
          "y": -0.11574230343103409,
          "z": 0.6101789474487305
        }
      },
      "world_space": {
        "head": {
          "x": 0.6634042859077454,
          "y": -0.04152796417474747,
          "z": 1.521944522857666
        },
        "tail": {
          "x": 0.6698939204216003,
          "y": -0.05249830335378647,
          "z": 1.5600329637527466
        },
        "rotation_quaternion": {
          "w": 0.42954814434051514,
          "x": 0.46638745069503784,
          "y": -0.4229893386363983,
          "z": -0.6473417282104492
        },
        "matrix": [
          [
            -0.19594253599643707,
            0.16157686710357666,
            -0.9672119617462158,
            0.6634042859077454
          ],
          [
            -0.9506829380989075,
            -0.27313581109046936,
            0.14696535468101501,
            -0.04152796417474747
          ],
          [
            -0.24043689668178558,
            0.9483156204223633,
            0.20712903141975403,
            1.521944522857666
          ],
          [
            0.0,
            0.0,
            0.0,
            1.0
          ]
        ]
      },
      "bone_length_armature_space": 0.040164630719085076,
      "parent": "thumb_01_l",
      "has_children": true,
      "is_end_bone": false
    },
    "thumb_03_l": {
      "name": "thumb_03_l",
      "local": {
        "location": {
          "x": 0.0,
          "y": 0.0,
          "z": 0.0
        },
        "rotation_quaternion": {
          "w": 0.9862185716629028,
          "x": 0.1654086410999298,
          "y": 0.0017514051869511604,
          "z": 0.0031460942700505257
        },
        "scale": {
          "x": 1.0,
          "y": 1.0,
          "z": 1.0
        },
        "matrix_basis": [
          [
            0.9999740719795227,
            -0.005626078229397535,
            0.004495318979024887,
            0.0
          ],
          [
            0.00678486842662096,
            0.9452601671218872,
            -0.32624712586402893,
            0.0
          ],
          [
            -0.002413754351437092,
            0.3262691795825958,
            0.9452738165855408,
            0.0
          ],
          [
            0.0,
            0.0,
            0.0,
            1.0
          ]
        ],
        "rotation_mode": "QUATERNION"
      },
      "armature_space": {
        "head": {
          "x": 0.6698939800262451,
          "y": -0.11574234813451767,
          "z": 0.6101789474487305
        },
        "tail": {
          "x": 0.6579210162162781,
          "y": -0.11928866803646088,
          "z": 0.6379453539848328
        }
      },
      "world_space": {
        "head": {
          "x": 0.6698939800262451,
          "y": -0.05249834805727005,
          "z": 1.5600329637527466
        },
        "tail": {
          "x": 0.6579210162162781,
          "y": -0.05604466795921326,
          "z": 1.587799310684204
        },
        "rotation_quaternion": {
          "w": 0.4074879288673401,
          "x": 0.6543547511100769,
          "y": -0.5250820517539978,
          "z": -0.3606415092945099
        },
        "matrix": [
          [
            0.1884508728981018,
            -0.39326658844947815,
            -0.8999040126800537,
            0.6698939800262451
          ],
          [
            -0.981094479560852,
            -0.11648321151733398,
            -0.1545490324497223,
            -0.05249834805727005
          ],
          [
            -0.04404614120721817,
            0.912022590637207,
            -0.4077863097190857,
            1.5600329637527466
          ],
          [
            0.0,
            0.0,
            0.0,
            1.0
          ]
        ]
      },
      "bone_length_armature_space": 0.030445058383706803,
      "parent": "thumb_02_l",
      "has_children": false,
      "is_end_bone": true
    },
    "metacarpal_index_l": {
      "name": "metacarpal_index_l",
      "local": {
        "location": {
          "x": 0.0,
          "y": 0.0,
          "z": 0.0
        },
        "rotation_quaternion": {
          "w": 0.9992462396621704,
          "x": -0.03757590800523758,
          "y": -0.0027570321690291166,
          "z": -0.009343773126602173
        },
        "scale": {
          "x": 1.0,
          "y": 1.0,
          "z": 1.0
        },
        "matrix_basis": [
          [
            0.9998101592063904,
            0.018880655989050865,
            -0.004807706456631422,
            0.0
          ],
          [
            -0.018466264009475708,
            0.9970014691352844,
            0.07514669001102448,
            0.0
          ],
          [
            0.006212109699845314,
            -0.07504364848136902,
            0.9971609115600586,
            0.0
          ],
          [
            0.0,
            0.0,
            0.0,
            1.0
          ]
        ],
        "rotation_mode": "QUATERNION"
      },
      "armature_space": {
        "head": {
          "x": 0.6046558618545532,
          "y": -0.0694522112607956,
          "z": 0.6026901006698608
        },
        "tail": {
          "x": 0.6934592723846436,
          "y": -0.1442491114139557,
          "z": 0.6184569597244263
        }
      },
      "world_space": {
        "head": {
          "x": 0.6046558618545532,
          "y": -0.006208211183547974,
          "z": 1.552544116973877
        },
        "tail": {
          "x": 0.6934592723846436,
          "y": -0.08100511133670807,
          "z": 1.5683109760284424
        },
        "rotation_quaternion": {
          "w": 0.062137387692928314,
          "x": 0.9047013521194458,
          "y": 0.4206691384315491,
          "z": 0.026303566992282867
        },
        "matrix": [
          [
            0.6446910500526428,
            0.7578908205032349,
            0.0998724177479744,
            0.6046558618545532
          ],
          [
            0.7644289135932922,
            -0.6383528113365173,
            -0.0903015285730362,
            -0.006208211183547974
          ],
          [
            -0.004684212151914835,
            0.13456222414970398,
            -0.9909013509750366,
            1.552544116973877
          ],
          [
            0.0,
            0.0,
            0.0,
            1.0
          ]
        ]
      },
      "bone_length_armature_space": 0.11717173587050758,
      "parent": "lowerarm_l",
      "has_children": true,
      "is_end_bone": false
    },
    "index_01_l": {
      "name": "index_01_l",
      "local": {
        "location": {
          "x": 0.0,
          "y": 0.0,
          "z": 0.0
        },
        "rotation_quaternion": {
          "w": 0.948988139629364,
          "x": 0.31503671407699585,
          "y": -0.007511635310947895,
          "z": -0.010822922922670841
        },
        "scale": {
          "x": 1.0,
          "y": 1.0,
          "z": 1.0
        },
        "matrix_basis": [
          [
            0.9996528625488281,
            0.015808768570423126,
            -0.0210761409252882,
            0.0
          ],
          [
            -0.025274531915783882,
            0.8012694716453552,
            -0.5977696180343628,
            0.0
          ],
          [
            0.007437669672071934,
            0.5980948209762573,
            0.8013908863067627,
            0.0
          ],
          [
            0.0,
            0.0,
            0.0,
            1.0
          ]
        ],
        "rotation_mode": "QUATERNION"
      },
      "armature_space": {
        "head": {
          "x": 0.6934592723846436,
          "y": -0.1442491114139557,
          "z": 0.6184569597244263
        },
        "tail": {
          "x": 0.7183424830436707,
          "y": -0.15321043133735657,
          "z": 0.6077990531921387
        }
      },
      "world_space": {
        "head": {
          "x": 0.6934592723846436,
          "y": -0.08100511133670807,
          "z": 1.5683109760284424
        },
        "tail": {
          "x": 0.7183424830436707,
          "y": -0.08996643126010895,
          "z": 1.5576530694961548
        },
        "rotation_quaternion": {
          "w": 0.1391298770904541,
          "x": -0.799660325050354,
          "y": -0.5687758326530457,
          "z": 0.13296745717525482
        },
        "matrix": [
          [
            0.3176262676715851,
            0.8726553916931152,
            -0.37092554569244385,
            0.6934592723846436
          ],
          [
            0.9466547966003418,
            -0.3142735958099365,
            0.07125360518693924,
            -0.08100511133670807
          ],
          [
            -0.054391756653785706,
            -0.37377357482910156,
            -0.9259315729141235,
            1.5683109760284424
          ],
          [
            0.0,
            0.0,
            0.0,
            1.0
          ]
        ]
      },
      "bone_length_armature_space": 0.02851438898312889,
      "parent": "metacarpal_index_l",
      "has_children": true,
      "is_end_bone": false
    },
    "index_02_l": {
      "name": "index_02_l",
      "local": {
        "location": {
          "x": 0.0,
          "y": 0.0,
          "z": 0.0
        },
        "rotation_quaternion": {
          "w": 0.9050205945968628,
          "x": 0.42531463503837585,
          "y": -0.002353494754061103,
          "z": -0.006294117774814367
        },
        "scale": {
          "x": 1.0,
          "y": 1.0,
          "z": 1.0
        },
        "matrix_basis": [
          [
            0.9999096989631653,
            0.009390660561621189,
            -0.009613883681595325,
            0.0
          ],
          [
            -0.013394564390182495,
            0.6381356716156006,
            -0.7698073983192444,
            0.0
          ],
          [
            -0.0010940383654087782,
            0.7698666453361511,
            0.6382038593292236,
            0.0
          ],
          [
            0.0,
            0.0,
            0.0,
            1.0
          ]
        ],
        "rotation_mode": "QUATERNION"
      },
      "armature_space": {
        "head": {
          "x": 0.7183426022529602,
          "y": -0.15321074426174164,
          "z": 0.6077986359596252
        },
        "tail": {
          "x": 0.7259659171104431,
          "y": -0.1577136218547821,
          "z": 0.5837215185165405
        }
      },
      "world_space": {
        "head": {
          "x": 0.7183426022529602,
          "y": -0.08996674418449402,
          "z": 1.5576527118682861
        },
        "tail": {
          "x": 0.7259659171104431,
          "y": -0.09446962177753448,
          "z": 1.5335755348205566
        },
        "rotation_quaternion": {
          "w": 0.43285271525382996,
          "x": -0.6636673212051392,
          "y": -0.4742089509963989,
          "z": 0.3838101625442505
        },
        "matrix": [
          [
            0.2556298077106476,
            0.2971678376197815,
            -0.9199696779251099,
            0.7183426022529602
          ],
          [
            0.961700975894928,
            -0.17552827298641205,
            0.21052643656730652,
            -0.08996674418449402
          ],
          [
            -0.09891881793737411,
            -0.9385596513748169,
            -0.33065903186798096,
            1.5576527118682861
          ],
          [
            0.0,
            0.0,
            0.0,
            1.0
          ]
        ]
      },
      "bone_length_armature_space": 0.02565342849629727,
      "parent": "index_01_l",
      "has_children": true,
      "is_end_bone": false
    },
    "index_03_l": {
      "name": "index_03_l",
      "local": {
        "location": {
          "x": 0.0,
          "y": 0.0,
          "z": 0.0
        },
        "rotation_quaternion": {
          "w": 0.9368807077407837,
          "x": 0.34956246614456177,
          "y": 0.007793719414621592,
          "z": 0.0001771568931872025
        },
        "scale": {
          "x": 1.0,
          "y": 1.0,
          "z": 1.0
        },
        "matrix_basis": [
          [
            0.999878466129303,
            0.0051168338395655155,
            0.014727425761520863,
            0.0
          ],
          [
            0.005780733190476894,
            0.7556120753288269,
            -0.6549938917160034,
            0.0
          ],
          [
            -0.014479716308414936,
            0.6549994349479675,
            0.7554906606674194,
            0.0
          ],
          [
            0.0,
            0.0,
            0.0,
            1.0
          ]
        ],
        "rotation_mode": "QUATERNION"
      },
      "armature_space": {
        "head": {
          "x": 0.7259660363197327,
          "y": -0.15771366655826569,
          "z": 0.5837215781211853
        },
        "tail": {
          "x": 0.7135459780693054,
          "y": -0.15352581441402435,
          "z": 0.5576074719429016
        }
      },
      "world_space": {
        "head": {
          "x": 0.7259660363197327,
          "y": -0.09446966648101807,
          "z": 1.5335755348205566
        },
        "tail": {
          "x": 0.7135459780693054,
          "y": -0.09028181433677673,
          "z": 1.5074615478515625
        },
        "rotation_quaternion": {
          "w": 0.6900522708892822,
          "x": -0.42452502250671387,
          "y": -0.3090187907218933,
          "z": 0.4981101453304291
        },
        "matrix": [
          [
            0.3127850294113159,
            -0.42507219314575195,
            -0.8493989706039429,
            0.7259660363197327
          ],
          [
            0.9498174786567688,
            0.143327996134758,
            0.27803629636764526,
            -0.09446966648101807
          ],
          [
            0.003558059921488166,
            -0.893746018409729,
            0.4485754370689392,
            1.5335755348205566
          ],
          [
            0.0,
            0.0,
            0.0,
            1.0
          ]
        ]
      },
      "bone_length_armature_space": 0.029218871985471857,
      "parent": "index_02_l",
      "has_children": false,
      "is_end_bone": true
    },
    "metacarpal_pinky_l": {
      "name": "metacarpal_pinky_l",
      "local": {
        "location": {
          "x": 0.0,
          "y": 0.0,
          "z": 0.0
        },
        "rotation_quaternion": {
          "w": 0.9987846612930298,
          "x": -0.04886796325445175,
          "y": -0.005113557446748018,
          "z": -0.003888082690536976
        },
        "scale": {
          "x": 1.0,
          "y": 1.0,
          "z": 1.0
        },
        "matrix_basis": [
          [
            0.9999174475669861,
            0.008266492746770382,
            -0.009834679774940014,
            0.0
          ],
          [
            -0.007266936358064413,
            0.995193600654602,
            0.09765690565109253,
            0.0
          ],
          [
            0.010594691149890423,
            -0.09757737815380096,
            0.9951715469360352,
            0.0
          ],
          [
            0.0,
            0.0,
            0.0,
            1.0
          ]
        ],
        "rotation_mode": "QUATERNION"
      },
      "armature_space": {
        "head": {
          "x": 0.6046558618545532,
          "y": -0.0694522112607956,
          "z": 0.6026901006698608
        },
        "tail": {
          "x": 0.7014485597610474,
          "y": -0.08286532014608383,
          "z": 0.6386691927909851
        }
      },
      "world_space": {
        "head": {
          "x": 0.6046558618545532,
          "y": -0.006208211183547974,
          "z": 1.552544116973877
        },
        "tail": {
          "x": 0.7014485597610474,
          "y": -0.019621320068836212,
          "z": 1.5885231494903564
        },
        "rotation_quaternion": {
          "w": 0.6519789099693298,
          "x": 0.36799710988998413,
          "y": 0.10255052894353867,
          "z": -0.6549695134162903
        },
        "matrix": [
          [
            0.12099852412939072,
            0.9295303225517273,
            -0.34832823276519775,
            0.6046558618545532
          ],
          [
            -0.7785754799842834,
            -0.12881025671958923,
            -0.6141893863677979,
            -0.006208211183547974
          ],
          [
            -0.6157809495925903,
            0.34551817178726196,
            0.708128035068512,
            1.552544116973877
          ],
          [
            0.0,
            0.0,
            0.0,
            1.0
          ]
        ]
      },
      "bone_length_armature_space": 0.1041308464904907,
      "parent": "lowerarm_l",
      "has_children": true,
      "is_end_bone": false
    },
    "pinky_01_l": {
      "name": "pinky_01_l",
      "local": {
        "location": {
          "x": 0.0,
          "y": 0.0,
          "z": 0.0
        },
        "rotation_quaternion": {
          "w": 0.9337692856788635,
          "x": 0.35752788186073303,
          "y": 0.013331444002687931,
          "z": 0.00843304954469204
        },
        "scale": {
          "x": 1.0,
          "y": 1.0,
          "z": 1.0
        },
        "matrix_basis": [
          [
            0.9995023012161255,
            -0.006216319277882576,
            0.030927086248993874,
            0.0
          ],
          [
            0.025281772017478943,
            0.7442054152488708,
            -0.667472243309021,
            0.0
          ],
          [
            -0.0188668854534626,
            0.6679219603538513,
            0.7439921498298645,
            0.0
          ],
          [
            0.0,
            0.0,
            0.0,
            1.0
          ]
        ],
        "rotation_mode": "QUATERNION"
      },
      "armature_space": {
        "head": {
          "x": 0.7014485597610474,
          "y": -0.08286532014608383,
          "z": 0.6386691927909851
        },
        "tail": {
