{
  "metadata": {
    "armature_name": "KIM_caucasian_male",
    "export_time": "2026-01-13T21:04:24.373002",
    "blender_version": "4.4.1",
    "bone_count": 56,
    "end_bone_count": 13,
    "spaces_included": [
      "LOCAL_CHANNELS",
      "ARMATURE_SPACE",
      "WORLD_SPACE"
    ],
    "note": "LOCAL matches Transform panel; replay pose via local.matrix_basis for best fidelity."
  },
  "bones": {
    "Root": {
      "name": "Root",
      "local": {
        "location": {
          "x": 0.0,
          "y": 0.0,
          "z": 0.0
        },
        "rotation_quaternion": {
          "w": 0.9995911717414856,
          "x": 0.0023339195176959038,
          "y": 0.0022043928038328886,
          "z": -0.028412381187081337
        },
        "scale": {
          "x": 1.0,
          "y": 1.0,
          "z": 1.0
        },
        "matrix_basis": [
          [
            0.9983757734298706,
            0.05681182071566582,
            0.004274358972907066,
            0.0
          ],
          [
            -0.056791242212057114,
            0.9983745813369751,
            -0.004791194573044777,
            0.0
          ],
          [
            -0.004539607558399439,
            0.004540666472166777,
            0.9999793767929077,
            0.0
          ],
          [
            0.0,
            0.0,
            0.0,
            1.0
          ]
        ],
        "rotation_mode": "QUATERNION"
      },
      "armature_space": {
        "head": {
          "x": 0.0,
          "y": 0.07072800397872925,
          "z": -0.009595036506652832
        },
        "tail": {
          "x": 0.0040549929253757,
          "y": 7.139146327972412e-05,
          "z": -0.0003367513418197632
        }
      },
      "world_space": {
        "head": {
          "x": 0.0,
          "y": 0.13397200405597687,
          "z": 0.9402589797973633
        },
        "tail": {
          "x": 0.0040549929253757,
          "y": 0.06331539154052734,
          "z": 0.9495172500610352
        },
        "rotation_quaternion": {
          "w": 0.06501150131225586,
          "x": 0.9974775314331055,
          "y": 0.02849634364247322,
          "z": 0.00028530333656817675
        },
        "matrix": [
          [
            0.9983757734298706,
            0.05681182071566582,
            0.004274358972907066,
            0.0
          ],
          [
            0.05688601732254028,
            -0.9899229407310486,
            -0.12967921793460846,
            0.13397200405597687
          ],
          [
            -0.0031359950080513954,
            0.12971170246601105,
            -0.9915538430213928,
            0.9402589797973633
          ],
          [
            0.0,
            0.0,
            0.0,
            1.0
          ]
        ]
      },
      "bone_length_armature_space": 0.07137587689009083,
      "parent": null,
      "has_children": true,
      "is_end_bone": false
    },
    "spine_01": {
      "name": "spine_01",
      "local": {
        "location": {
          "x": 0.0,
          "y": 0.0,
          "z": 0.0
        },
        "rotation_quaternion": {
          "w": 0.9955496788024902,
          "x": 0.08130989223718643,
          "y": 0.03331766277551651,
          "z": 0.03405304253101349
        },
        "scale": {
          "x": 1.0,
          "y": 1.0,
          "z": 1.0
        },
        "matrix_basis": [
          [
            0.9954606294631958,
            -0.06238488107919693,
            0.07187647372484207,
            0.0
          ],
          [
            0.0732211023569107,
            0.9844582080841064,
            -0.15962694585323334,
            0.0
          ],
          [
            -0.060801077634096146,
            0.1641652137041092,
            0.9845572710037231,
            0.0
          ],
          [
            0.0,
            0.0,
            0.0,
            1.0
          ]
        ],
        "rotation_mode": "QUATERNION"
      },
      "armature_space": {
        "head": {
          "x": 0.0040549929253757,
          "y": 7.139146327972412e-05,
          "z": -0.0003367513418197632
        },
        "tail": {
          "x": -0.02142016962170601,
          "y": -0.061349738389253616,
          "z": 0.4831163287162781
        }
      },
      "world_space": {
        "head": {
          "x": 0.0040549929253757,
          "y": 0.06331539154052734,
          "z": 0.9495172500610352
        },
        "tail": {
          "x": -0.02142016962170601,
          "y": 0.0018942616879940033,
          "z": 1.4329702854156494
        },
        "rotation_quaternion": {
          "w": 0.6607184410095215,
          "x": 0.7474411129951477,
          "y": 0.022796401754021645,
          "z": 0.06529334932565689
        },
        "matrix": [
          [
            0.9904342889785767,
            -0.05220307037234306,
            0.12772947549819946,
            0.0040549929253757
          ],
          [
            0.12035860866308212,
            -0.12586265802383423,
            -0.9847195744514465,
            0.06331539154052734
          ],
          [
            0.06748233735561371,
            0.9906800389289856,
            -0.11837732791900635,
            0.9495172500610352
          ],
          [
            0.0,
            0.0,
            0.0,
            1.0
          ]
        ]
      },
      "bone_length_armature_space": 0.4880045368393922,
      "parent": "Root",
      "has_children": true,
      "is_end_bone": false
    },
    "neck_01": {
      "name": "neck_01",
      "local": {
        "location": {
          "x": 0.0,
          "y": 0.0,
          "z": 0.0
        },
        "rotation_quaternion": {
          "w": 0.9963175058364868,
          "x": -0.04748685285449028,
          "y": -0.057584524154663086,
          "z": -0.04219627380371094
        },
        "scale": {
          "x": 1.0,
          "y": 1.0,
          "z": 1.0
        },
        "matrix_basis": [
          [
            0.9898070096969604,
            0.08955078572034836,
            -0.1107374057173729,
            0.0
          ],
          [
            -0.07861275970935822,
            0.9919289350509644,
            0.0994836688041687,
            0.0
          ],
          [
            0.11875247210264206,
            -0.08976425975561142,
            0.9888580441474915,
            0.0
          ],
          [
            0.0,
            0.0,
            0.0,
            1.0
          ]
        ],
        "rotation_mode": "QUATERNION"
      },
      "armature_space": {
        "head": {
          "x": -0.020812682807445526,
          "y": -0.10471571981906891,
          "z": 0.5515469908714294
        },
        "tail": {
          "x": -0.012947466224431992,
          "y": -0.1455630511045456,
          "z": 0.6452506184577942
        }
      },
      "world_space": {
        "head": {
          "x": -0.020812682807445526,
          "y": -0.04147171974182129,
          "z": 1.5014009475708008
        },
        "tail": {
          "x": -0.012947466224431992,
          "y": -0.08231905102729797,
          "z": 1.595104694366455
        },
        "rotation_quaternion": {
          "w": 0.5470518469810486,
          "x": 0.8361239433288574,
          "y": 0.03899054601788521,
          "z": -0.0105254165828228
        },
        "matrix": [
          [
            0.9967379570007324,
            0.07671784609556198,
            0.02505895495414734,
            -0.020812682807445526
          ],
          [
            0.053686290979385376,
            -0.3984276056289673,
            -0.9156274795532227,
            -0.04147171974182129
          ],
          [
            -0.06026113033294678,
            0.9139916896820068,
            -0.40125027298927307,
            1.5014009475708008
          ],
          [
            0.0,
            0.0,
            0.0,
            1.0
          ]
        ]
      },
      "bone_length_armature_space": 0.10252187867308261,
      "parent": "spine_01",
      "has_children": true,
      "is_end_bone": false
    },
    "head": {
      "name": "head",
      "local": {
        "location": {
          "x": 0.0,
          "y": 0.0,
          "z": 0.0
        },
        "rotation_quaternion": {
          "w": 0.9754688739776611,
          "x": 0.0006120083853602409,
          "y": -0.07831069827079773,
          "z": 0.20573711395263672
        },
        "scale": {
          "x": 1.0,
          "y": 1.0,
          "z": 1.0
        },
        "matrix_basis": [
          [
            0.9030793309211731,
            -0.4014761447906494,
            -0.15252746641635895,
            0.0
          ],
          [
            0.40128445625305176,
            0.915343701839447,
            -0.03341682255268097,
            0.0
          ],
          [
            0.153031125664711,
            -0.03102884441614151,
            0.9877341389656067,
            0.0
          ],
          [
            0.0,
            0.0,
            0.0,
            1.0
          ]
        ],
        "rotation_mode": "QUATERNION"
      },
      "armature_space": {
        "head": {
          "x": -0.012947469018399715,
          "y": -0.14556315541267395,
          "z": 0.6452504992485046
        },
        "tail": {
          "x": -0.0664733424782753,
          "y": -0.14966674149036407,
          "z": 0.790754497051239
        }
      },
      "world_space": {
        "head": {
          "x": -0.012947469018399715,
          "y": -0.08231915533542633,
          "z": 1.595104455947876
        },
        "tail": {
          "x": -0.0664733424782753,
          "y": -0.08642274141311646,
          "z": 1.7406084537506104
        },
        "rotation_quaternion": {
          "w": 0.6780157089233398,
          "x": 0.7117127776145935,
          "y": -0.1645144522190094,
          "z": 0.08182195574045181
        },
        "matrix": [
          [
            0.9324800968170166,
            -0.3451273441314697,
            -0.10662131756544113,
            -0.012947469018399715
          ],
          [
            -0.12322304397821426,
            -0.026459340006113052,
            -0.9920263886451721,
            -0.08231915533542633
          ],
          [
            0.3395565152168274,
            0.9381894469261169,
            -0.06720192730426788,
            1.595104455947876
          ],
          [
            0.0,
            0.0,
            0.0,
            1.0
          ]
        ]
      },
      "bone_length_armature_space": 0.15509117254594668,
      "parent": "neck_01",
      "has_children": false,
      "is_end_bone": true
    },
    "upperarm_l": {
      "name": "upperarm_l",
      "local": {
        "location": {
          "x": 0.0,
          "y": 0.0,
          "z": 0.0
        },
        "rotation_quaternion": {
          "w": 0.9565781354904175,
          "x": 0.06617515534162521,
          "y": 0.1485586166381836,
          "z": 0.24188745021820068
        },
        "scale": {
          "x": 1.0,
          "y": 1.0,
          "z": 1.0
        },
        "matrix_basis": [
          [
            0.8388416171073914,
            -0.4431067109107971,
            0.3162297308444977,
            0.0
          ],
          [
            0.48243027925491333,
            0.8742226362228394,
            -0.0547344833612442,
            0.0
          ],
          [
            -0.25220197439193726,
            0.19847235083580017,
            0.9471023678779602,
            0.0
          ],
          [
            0.0,
            0.0,
            0.0,
            1.0
          ]
        ],
        "rotation_mode": "QUATERNION"
      },
      "armature_space": {
        "head": {
          "x": 0.13166825473308563,
          "y": -0.08134337514638901,
          "z": 0.4947104752063751
        },
        "tail": {
          "x": 0.36830148100852966,
          "y": -0.11280906200408936,
          "z": 0.6164579391479492
        }
      },
      "world_space": {
        "head": {
          "x": 0.13166825473308563,
          "y": -0.018099375069141388,
          "z": 1.4445644617080688
        },
        "tail": {
          "x": 0.36830148100852966,
          "y": -0.049565061926841736,
          "z": 1.5663119554519653
        },
        "rotation_quaternion": {
          "w": 0.4716601073741913,
          "x": 0.710844099521637,
          "y": 0.46778708696365356,
          "z": -0.23111224174499512
        },
        "matrix": [
          [
            0.45552363991737366,
            0.8830605149269104,
            0.11270538717508316,
            0.13166825473308563
          ],
          [
            0.4470365643501282,
            -0.1174226701259613,
            -0.8867753744125366,
            -0.018099375069141388
          ],
          [
            -0.7698469758033752,
            0.45433351397514343,
            -0.44825297594070435,
            1.4445644617080688
          ],
          [
            0.0,
            0.0,
            0.0,
            1.0
          ]
        ]
      },
      "bone_length_armature_space": 0.2679698115166528,
      "parent": "spine_01",
      "has_children": true,
      "is_end_bone": false
    },
    "lowerarm_l": {
      "name": "lowerarm_l",
      "local": {
        "location": {
          "x": 0.0,
          "y": 0.0,
          "z": 0.0
        },
        "rotation_quaternion": {
          "w": 0.9707980751991272,
          "x": 0.15613500773906708,
          "y": 0.13679082691669464,
          "z": -0.12025546282529831
        },
        "scale": {
          "x": 1.0,
          "y": 1.0,
          "z": 1.0
        },
        "matrix_basis": [
          [
            0.9336537718772888,
            0.2762032151222229,
            0.22804036736488342,
            0.0
          ],
          [
            -0.19077186286449432,
            0.9223209619522095,
            -0.336050808429718,
            0.0
          ],
          [
            -0.3031447231769562,
            0.27025145292282104,
            0.9138202667236328,
            0.0
          ],
          [
            0.0,
            0.0,
            0.0,
            1.0
          ]
        ],
        "rotation_mode": "QUATERNION"
      },
      "armature_space": {
        "head": {
          "x": 0.36830151081085205,
          "y": -0.11280916631221771,
          "z": 0.6164580583572388
        },
        "tail": {
          "x": 0.6129697561264038,
          "y": -0.21824848651885986,
          "z": 0.6407344937324524
        }
      },
      "world_space": {
        "head": {
          "x": 0.36830151081085205,
          "y": -0.04956516623497009,
          "z": 1.5663120746612549
        },
        "tail": {
          "x": 0.6129697561264038,
          "y": -0.15500448644161224,
          "z": 1.5905885696411133
        },
        "rotation_quaternion": {
          "w": 0.24901676177978516,
          "x": 0.7782247066497803,
          "y": 0.49084100127220154,
          "z": -0.30237722396850586
        },
        "matrix": [
          [
            0.33528539538383484,
            0.9145639538764954,
            -0.22617770731449127,
            0.36830151081085205
          ],
          [
            0.6133756637573242,
            -0.39412957429885864,
            -0.6844214797019958,
            -0.04956516623497009
          ],
          [
            -0.7150948643684387,
            0.09074477851390839,
            -0.6931225061416626,
            1.5663120746612549
          ],
          [
            0.0,
            0.0,
            0.0,
            1.0
          ]
        ]
      },
      "bone_length_armature_space": 0.26752447663800294,
      "parent": "upperarm_l",
      "has_children": true,
      "is_end_bone": false
    },
    "metacarpal_thumb_l": {
      "name": "metacarpal_thumb_l",
      "local": {
        "location": {
          "x": 0.0,
          "y": 0.0,
          "z": 0.0
        },
        "rotation_quaternion": {
          "w": 0.9996304512023926,
          "x": -0.020809564739465714,
          "y": 0.010693232528865337,
          "z": -0.013847771100699902
        },
        "scale": {
          "x": 1.0,
          "y": 1.0,
          "z": 1.0
        },
        "matrix_basis": [
          [
            0.999387800693512,
            0.027240265160799026,
            0.021954894065856934,
            0.0
          ],
          [
            -0.02813035063445568,
            0.9987503886222839,
            0.04130759462714195,
            0.0
          ],
          [
            -0.020802229642868042,
            -0.0418999046087265,
            0.9989052414894104,
            0.0
          ],
          [
            0.0,
            0.0,
            0.0,
            1.0
          ]
        ],
        "rotation_mode": "QUATERNION"
      },
      "armature_space": {
        "head": {
          "x": 0.6129697561264038,
          "y": -0.21824848651885986,
          "z": 0.6407344937324524
        },
        "tail": {
          "x": 0.6457226276397705,
          "y": -0.248971626162529,
          "z": 0.6198316216468811
        }
      },
      "world_space": {
        "head": {
          "x": 0.6129697561264038,
          "y": -0.15500448644161224,
          "z": 1.5905885696411133
        },
        "tail": {
          "x": 0.6457226276397705,
          "y": -0.18572762608528137,
          "z": 1.569685697555542
        },
        "rotation_quaternion": {
          "w": 0.3206000030040741,
          "x": -0.870108962059021,
          "y": -0.29511329531669617,
          "z": -0.23029164969921112
        },
        "matrix": [
          [
            0.71974778175354,
            0.6612246036529541,
            0.21152974665164948,
            0.6129697561264038
          ],
          [
            0.36590009927749634,
            -0.6202475428581238,
            0.693837583065033,
            -0.15500448644161224
          ],
          [
            0.5899876356124878,
            -0.42199277877807617,
            -0.6883680820465088,
            1.5905885696411133
          ],
          [
            0.0,
            0.0,
            0.0,
            1.0
          ]
        ]
      },
      "bone_length_armature_space": 0.049533745431783606,
      "parent": "lowerarm_l",
      "has_children": true,
      "is_end_bone": false
    },
    "thumb_01_l": {
      "name": "thumb_01_l",
      "local": {
        "location": {
          "x": 0.0,
          "y": 0.0,
          "z": 0.0
        },
        "rotation_quaternion": {
          "w": 0.9874245524406433,
          "x": 0.15654781460762024,
          "y": -0.01680362969636917,
          "z": -0.01425816211849451
        },
        "scale": {
          "x": 1.0,
          "y": 1.0,
          "z": 1.0
        },
        "matrix_basis": [
          [
            0.9990286827087402,
            0.022896574810147285,
            -0.037648800760507584,
            0.0
          ],
          [
            -0.03341886028647423,
            0.9505789875984192,
            -0.30867913365364075,
            0.0
          ],
          [
            0.028720464557409286,
            0.30963748693466187,
            0.9504208564758301,
            0.0
          ],
          [
            0.0,
            0.0,
            0.0,
            1.0
          ]
        ],
        "rotation_mode": "QUATERNION"
      },
      "armature_space": {
        "head": {
          "x": 0.6457226276397705,
          "y": -0.248971626162529,
          "z": 0.6198316216468811
        },
        "tail": {
          "x": 0.6706814169883728,
          "y": -0.243809312582016,
          "z": 0.5972697138786316
        }
      },
      "world_space": {
        "head": {
          "x": 0.6457226276397705,
          "y": -0.18572762608528137,
          "z": 1.569685697555542
        },
        "tail": {
          "x": 0.6706814169883728,
          "y": -0.18056531250476837,
          "z": 1.547123670578003
        },
        "rotation_quaternion": {
          "w": 0.7471494674682617,
          "x": -0.3455524146556854,
          "y": 0.1326597034931183,
          "z": -0.5520530343055725
        },
        "matrix": [
          [
            0.35527530312538147,
            0.733250617980957,
            0.5797611474990845,
            0.6457226276397705
          ],
          [
            -0.9166152477264404,
            0.15166075527668,
            0.369886189699173,
            -0.18572762608528137
          ],
          [
            0.18329262733459473,
            -0.6628338098526001,
            0.7259953022003174,
            1.569685697555542
          ],
          [
            0.0,
            0.0,
            0.0,
            1.0
          ]
        ]
      },
      "bone_length_armature_space": 0.034038659423362934,
      "parent": "metacarpal_thumb_l",
      "has_children": true,
      "is_end_bone": false
    },
    "thumb_02_l": {
      "name": "thumb_02_l",
      "local": {
        "location": {
          "x": 0.0,
          "y": 0.0,
          "z": 0.0
        },
        "rotation_quaternion": {
          "w": 0.940089225769043,
          "x": 0.34092408418655396,
          "y": 0.0016664208378642797,
          "z": 0.0005123690934851766
        },
        "scale": {
          "x": 1.0,
          "y": 1.0,
          "z": 1.0
        },
        "matrix_basis": [
          [
            0.9999939203262329,
            0.0001729006617097184,
            0.0034825264010578394,
            0.0
          ],
          [
            0.0020995913073420525,
            0.7675409913063049,
            -0.6409963965415955,
            0.0
          ],
          [
            -0.002783810719847679,
            0.6409998536109924,
            0.7675359845161438,
            0.0
          ],
          [
            0.0,
            0.0,
            0.0,
            1.0
          ]
        ],
        "rotation_mode": "QUATERNION"
      },
      "armature_space": {
        "head": {
          "x": 0.6706814169883728,
          "y": -0.2438092976808548,
          "z": 0.5972696542739868
        },
        "tail": {
          "x": 0.6918030977249146,
          "y": -0.2583010196685791,
          "z": 0.6282060146331787
        }
      },
      "world_space": {
        "head": {
          "x": 0.6706814169883728,
          "y": -0.18056529760360718,
          "z": 1.547123670578003
        },
        "tail": {
          "x": 0.6918030977249146,
          "y": -0.19505701959133148,
          "z": 1.5780600309371948
        },
        "rotation_quaternion": {
          "w": 0.4993966817855835,
          "x": 0.38380569219589233,
          "y": -0.2649475336074829,
          "z": -0.7301363348960876
        },
        "matrix": [
          [
            -0.20659078657627106,
            0.5258802175521851,
            -0.8250879049301147,
            0.6706814169883728
          ],
          [
            -0.9326326847076416,
            -0.3608102798461914,
            0.003551289439201355,
            -0.18056529760360718
          ],
          [
            -0.2958356440067291,
            0.7702425718307495,
            0.5649970173835754,
            1.547123670578003
          ],
          [
            0.0,
            0.0,
            0.0,
            1.0
          ]
        ]
      },
      "bone_length_armature_space": 0.040164583936203854,
      "parent": "thumb_01_l",
      "has_children": true,
      "is_end_bone": false
    },
    "thumb_03_l": {
      "name": "thumb_03_l",
      "local": {
        "location": {
          "x": 0.0,
          "y": 0.0,
          "z": 0.0
        },
        "rotation_quaternion": {
          "w": 0.9834638833999634,
          "x": 0.18099553883075714,
          "y": 0.006277290638536215,
          "z": 0.00017755996668711305
        },
        "scale": {
          "x": 1.0,
          "y": 1.0,
          "z": 1.0
        },
        "matrix_basis": [
          [
            0.9999211430549622,
            0.001923075527884066,
            0.012411252595484257,
            0.0
          ],
          [
            0.002621570834890008,
            0.934481143951416,
            -0.35600292682647705,
            0.0
          ],
          [
            -0.012282702140510082,
            0.3560073673725128,
            0.9344024062156677,
            0.0
          ],
          [
            0.0,
            0.0,
            0.0,
            1.0
          ]
        ],
        "rotation_mode": "QUATERNION"
      },
      "armature_space": {
        "head": {
          "x": 0.6918030977249146,
          "y": -0.2583010494709015,
          "z": 0.6282058954238892
        },
        "tail": {
          "x": 0.6905816197395325,
          "y": -0.2669124901294708,
          "z": 0.6573821306228638
        }
      },
      "world_space": {
        "head": {
          "x": 0.6918030977249146,
          "y": -0.19505704939365387,
          "z": 1.5780599117279053
        },
        "tail": {
          "x": 0.6905816197395325,
          "y": -0.2036684900522232,
          "z": 1.6072361469268799
        },
        "rotation_quaternion": {
          "w": 0.4599754512310028,
          "x": 0.6361137628555298,
          "y": -0.3834005296230316,
          "z": -0.486606627702713
        },
        "matrix": [
          [
            0.23243704438209534,
            -0.040120452642440796,
            -0.9717835187911987,
            0.6918030977249146
          ],
          [
            -0.9354269504547119,
            -0.28285306692123413,
            -0.21206358075141907,
            -0.19505704939365387
          ],
          [
            -0.2663666307926178,
            0.9583302140235901,
            -0.10327620804309845,
            1.5780599117279053
          ],
          [
            0.0,
            0.0,
            0.0,
            1.0
          ]
        ]
      },
      "bone_length_armature_space": 0.030445058975571773,
      "parent": "thumb_02_l",
      "has_children": false,
      "is_end_bone": true
    },
    "metacarpal_index_l": {
      "name": "metacarpal_index_l",
      "local": {
        "location": {
          "x": 0.0,
          "y": 0.0,
          "z": 0.0
        },
        "rotation_quaternion": {
          "w": 0.9998116493225098,
          "x": -0.012137173675000668,
          "y": -0.015096205286681652,
          "z": 0.0012669756542891264
        },
        "scale": {
          "x": 1.0,
          "y": 1.0,
          "z": 1.0
        },
        "matrix_basis": [
          [
            0.9995409846305847,
            -0.0021670234855264425,
            -0.030217478051781654,
            0.0
          ],
          [
            0.002899924525991082,
            0.9997021555900574,
            0.024231521412730217,
            0.0
          ],
          [
            0.0301559679210186,
            -0.02430802769958973,
            0.9992495775222778,
            0.0
          ],
          [
            0.0,
            0.0,
            0.0,
            1.0
          ]
        ],
        "rotation_mode": "QUATERNION"
      },
      "armature_space": {
        "head": {
          "x": 0.6129697561264038,
          "y": -0.21824848651885986,
          "z": 0.6407344937324524
        },
        "tail": {
          "x": 0.7087430357933044,
          "y": -0.2837908864021301,
          "z": 0.6245824694633484
        }
      },
      "world_space": {
        "head": {
          "x": 0.6129697561264038,
          "y": -0.15500448644161224,
          "z": 1.5905885696411133
        },
        "tail": {
          "x": 0.7087430357933044,
          "y": -0.2205468863248825,
          "z": 1.5744364261627197
        },
        "rotation_quaternion": {
          "w": 0.08784697949886322,
          "x": -0.8827995657920837,
          "y": -0.46108320355415344,
          "z": -0.0187113955616951
        },
        "matrix": [
          [
            0.5741042494773865,
            0.8173754811286926,
            -0.047973453998565674,
            0.6129697561264038
          ],
          [
            0.8108011484146118,
            -0.5593703985214233,
            0.17235691845417023,
            -0.15500448644161224
          ],
          [
            0.11404681950807571,
            -0.1378493309020996,
            -0.9838724732398987,
            1.5905885696411133
          ],
          [
            0.0,
            0.0,
            0.0,
            1.0
          ]
        ]
      },
      "bone_length_armature_space": 0.11717173649147282,
      "parent": "lowerarm_l",
      "has_children": true,
      "is_end_bone": false
    },
    "index_01_l": {
      "name": "index_01_l",
      "local": {
        "location": {
          "x": 0.0,
          "y": 0.0,
          "z": 0.0
        },
        "rotation_quaternion": {
          "w": 0.9721060395240784,
          "x": 0.23423060774803162,
          "y": 0.0040452745743095875,
          "z": 0.0113855404779315
        },
        "scale": {
          "x": 1.0,
          "y": 1.0,
          "z": 1.0
        },
        "matrix_basis": [
          [
            0.9997079968452454,
            -0.020240850746631622,
            0.013198555447161198,
            0.0
          ],
          [
            0.024030959233641624,
            0.890012800693512,
            -0.45530185103416443,
            0.0
          ],
          [
            -0.0025311876088380814,
            0.45548608899116516,
            0.8902392983436584,
            0.0
          ],
          [
            0.0,
            0.0,
            0.0,
            1.0
          ]
        ],
        "rotation_mode": "QUATERNION"
      },
      "armature_space": {
        "head": {
          "x": 0.7087430357933044,
          "y": -0.2837908864021301,
          "z": 0.6245824694633484
        },
        "tail": {
          "x": 0.7341392040252686,
          "y": -0.28910842537879944,
          "z": 0.6127575039863586
        }
      },
      "world_space": {
        "head": {
          "x": 0.7087430357933044,
          "y": -0.2205468863248825,
          "z": 1.5744364261627197
        },
        "tail": {
          "x": 0.7341392040252686,
          "y": -0.22586442530155182,
          "z": 1.5626115798950195
        },
        "rotation_quaternion": {
          "w": 0.22137820720672607,
          "x": -0.767680823802948,
          "y": -0.598120391368866,
          "z": 0.06253074109554291
        },
        "matrix": [
          [
            0.276682585477829,
            0.8906447291374207,
            -0.3608303964138031,
            0.7087430357933044
          ],
          [
            0.9460179209709167,
            -0.18648678064346313,
            0.2650913596153259,
            -0.2205468863248825
          ],
          [
            0.16881410777568817,
            -0.41470134258270264,
            -0.8941693305969238,
            1.5744364261627197
          ],
          [
            0.0,
            0.0,
            0.0,
            1.0
          ]
        ]
      },
      "bone_length_armature_space": 0.02851440713194214,
      "parent": "metacarpal_index_l",
      "has_children": true,
      "is_end_bone": false
    },
    "index_02_l": {
      "name": "index_02_l",
      "local": {
        "location": {
          "x": 0.0,
          "y": 0.0,
          "z": 0.0
        },
        "rotation_quaternion": {
          "w": 0.9176582098007202,
          "x": 0.3973081111907959,
          "y": -0.001199748832732439,
          "z": -0.006960741709917784
        },
        "scale": {
          "x": 1.0,
          "y": 1.0,
          "z": 1.0
        },
        "matrix_basis": [
          [
            0.999900221824646,
            0.011821824125945568,
            -0.007733037229627371,
            0.0
          ],
          [
            -0.01372850313782692,
            0.6841956377029419,
            -0.7291693687438965,
            0.0
          ],
          [
            -0.003329199505969882,
            0.7292028069496155,
            0.6842896342277527,
            0.0
          ],
          [
            0.0,
            0.0,
            0.0,
            1.0
          ]
        ],
        "rotation_mode": "QUATERNION"
      },
      "armature_space": {
        "head": {
          "x": 0.7341393828392029,
          "y": -0.28910863399505615,
          "z": 0.6127570271492004
        },
        "tail": {
          "x": 0.7437351942062378,
          "y": -0.288059800863266,
          "z": 0.5889890193939209
        }
      },
      "world_space": {
        "head": {
          "x": 0.7341393828392029,
          "y": -0.22586463391780853,
          "z": 1.5626111030578613
        },
        "tail": {
          "x": 0.7437351942062378,
          "y": -0.22481580078601837,
          "z": 1.538843035697937
        },
        "rotation_quaternion": {
          "w": 0.4750775396823883,
          "x": -0.6179731488227844,
          "y": -0.5429027676582336,
          "z": 0.31251755356788635
        },
        "matrix": [
          [
            0.21517570316791534,
            0.3740578591823578,
            -0.9020975828170776,
            0.7341393828392029
          ],
          [
            0.9679396152496338,
            0.04088546335697174,
            0.2478340119123459,
            -0.22586463391780853
          ],
          [
            0.12958866357803345,
            -0.9265103340148926,
            -0.353270024061203,
            1.5626111030578613
          ],
          [
            0.0,
            0.0,
            0.0,
            1.0
          ]
        ]
      },
      "bone_length_armature_space": 0.025653418050912508,
      "parent": "index_01_l",
      "has_children": true,
      "is_end_bone": false
    },
    "index_03_l": {
      "name": "index_03_l",
      "local": {
        "location": {
          "x": 0.0,
          "y": 0.0,
          "z": 0.0
        },
        "rotation_quaternion": {
          "w": 0.9624801278114319,
          "x": 0.2712777256965637,
          "y": -0.006139793898910284,
          "z": -0.0017147180624306202
        },
        "scale": {
          "x": 1.0,
          "y": 1.0,
          "z": 1.0
        },
        "matrix_basis": [
          [
            0.9999186992645264,
            -3.0414530556299724e-05,
            -0.01274918857961893,
            0.0
          ],
          [
            -0.006631942931562662,
            0.8528109192848206,
            -0.5221777558326721,
            0.0
          ],
          [
            0.010888529941439629,
            0.5222198963165283,
            0.8527414202690125,
            0.0
          ],
          [
            0.0,
            0.0,
            0.0,
            1.0
          ]
        ],
        "rotation_mode": "QUATERNION"
      },
      "armature_space": {
        "head": {
          "x": 0.7437353134155273,
          "y": -0.2880598306655884,
          "z": 0.5889890789985657
        },
        "tail": {
          "x": 0.7374979853630066,
          "y": -0.279629647731781,
          "z": 0.5617169141769409
        }
      },
      "world_space": {
        "head": {
          "x": 0.7437353134155273,
          "y": -0.22481583058834076,
          "z": 1.5388431549072266
        },
        "tail": {
          "x": 0.7374979853630066,
          "y": -0.2163856476545334,
          "z": 1.511570930480957
        },
        "rotation_quaternion": {
          "w": 0.6701208353042603,
          "x": -0.41222450137138367,
          "y": -0.4418126940727234,
          "z": 0.4310574531555176
        },
        "matrix": [
          [
            0.2379816621541977,
            -0.2134706974029541,
            -0.94752037525177,
            0.7437353134155273
          ],
          [
            0.9419738054275513,
            0.28851979970932007,
            0.17158660292625427,
            -0.22481583058834076
          ],
          [
            0.23675213754177094,
            -0.9333801865577698,
            0.26974838972091675,
            1.5388431549072266
          ],
          [
            0.0,
            0.0,
            0.0,
            1.0
          ]
        ]
      },
      "bone_length_armature_space": 0.029218884560761577,
      "parent": "index_02_l",
      "has_children": false,
      "is_end_bone": true
    },
    "metacarpal_pinky_l": {
      "name": "metacarpal_pinky_l",
      "local": {
        "location": {
          "x": 0.0,
          "y": 0.0,
          "z": 0.0
        },
        "rotation_quaternion": {
          "w": 0.9997310638427734,
          "x": 0.009617744944989681,
          "y": -0.01720229722559452,
          "z": 0.012226015329360962
        },
        "scale": {
          "x": 1.0,
          "y": 1.0,
          "z": 1.0
        },
        "matrix_basis": [
          [
            0.9991092085838318,
            -0.02477634884417057,
            -0.03416016697883606,
            0.0
          ],
          [
            0.024114560335874557,
            0.9995160698890686,
            -0.01965094730257988,
            0.0
          ],
          [
            0.034630514681339264,
            0.018809685483574867,
            0.9992231726646423,
            0.0
          ],
          [
            0.0,
            0.0,
            0.0,
            1.0
          ]
        ],
        "rotation_mode": "QUATERNION"
      },
      "armature_space": {
        "head": {
          "x": 0.6129697561264038,
          "y": -0.21824848651885986,
          "z": 0.6407344937324524
        },
        "tail": {
          "x": 0.7100220918655396,
          "y": -0.2354302555322647,
          "z": 0.6743329167366028
        }
      },
      "world_space": {
        "head": {
          "x": 0.6129697561264038,
          "y": -0.15500448644161224,
          "z": 1.5905885696411133
        },
        "tail": {
          "x": 0.7100220918655396,
          "y": -0.1721862554550171,
          "z": 1.6241869926452637
        },
        "rotation_quaternion": {
          "w": 0.6199764609336853,
          "x": 0.44272443652153015,
          "y": 0.18200616538524628,
          "z": -0.6216896772384644
        },
        "matrix": [
          [
            0.16075335443019867,
            0.9320240020751953,
            -0.3247915208339691,
            0.6129697561264038
          ],
          [
            -0.6097083687782288,
            -0.16500185430049896,
            -0.7752618193626404,
            -0.15500448644161224
          ],
          [
            -0.7761597037315369,
            0.32265597581863403,
            0.5417410731315613,
            1.5905885696411133
          ],
          [
            0.0,
            0.0,
            0.0,
            1.0
          ]
        ]
      },
      "bone_length_armature_space": 0.1041307996055491,
      "parent": "lowerarm_l",
      "has_children": true,
      "is_end_bone": false
    },
    "pinky_01_l": {
      "name": "pinky_01_l",
      "local": {
        "location": {
          "x": 0.0,
          "y": 0.0,
          "z": 0.0
        },
        "rotation_quaternion": {
          "w": 0.9499022960662842,
          "x": 0.31138724088668823,
          "y": -0.013116788119077682,
          "z": -0.023485509678721428
        },
        "scale": {
          "x": 1.0,
          "y": 1.0,
          "z": 1.0
        },
        "matrix_basis": [
          [
            0.9985527396202087,
            0.03644907847046852,
            -0.039545509964227676,
            0.0
          ],
          [
            -0.052786681801080704,
            0.8049728274345398,
            -0.5909587740898132,
            0.0
          ],
          [
            0.010293157771229744,
            0.5921910405158997,
            0.8057318925857544,
            0.0
          ],
          [
            0.0,
            0.0,
            0.0,
            1.0
          ]
        ],
        "rotation_mode": "QUATERNION"
      },
      "armature_space": {
        "head": {
          "x": 0.7100220918655396,
          "y": -0.2354302555322647,
          "z": 0.6743329167366028
        },
        "tail": {
