{
  "metadata": {
    "armature_name": "KIM_caucasian_male",
    "export_time": "2026-01-13T21:07:57.039719",
    "blender_version": "4.4.1",
    "bone_count": 56,
    "end_bone_count": 13,
    "spaces_included": [
      "LOCAL_CHANNELS",
      "ARMATURE_SPACE",
      "WORLD_SPACE"
    ],
    "note": "LOCAL matches Transform panel; replay pose via local.matrix_basis for best fidelity."
  },
  "bones": {
    "Root": {
      "name": "Root",
      "local": {
        "location": {
          "x": 0.0,
          "y": 0.0,
          "z": 0.0
        },
        "rotation_quaternion": {
          "w": 0.99961918592453,
          "x": -0.019381988793611526,
          "y": 0.016581585630774498,
          "z": -0.01053194236010313
        },
        "scale": {
          "x": 1.0,
          "y": 1.0,
          "z": 1.0
        },
        "matrix_basis": [
          [
            0.9992282390594482,
            0.020413095131516457,
            0.03355880081653595,
            0.0
          ],
          [
            -0.02169863134622574,
            0.9990268349647522,
            0.038399942219257355,
            0.0
          ],
          [
            -0.03274228051304817,
            -0.03909849002957344,
            0.9986987709999084,
            0.0
          ],
          [
            0.0,
            0.0,
            0.0,
            1.0
          ]
        ],
        "rotation_mode": "QUATERNION"
      },
      "armature_space": {
        "head": {
          "x": 0.0,
          "y": 0.07072800397872925,
          "z": -0.009595036506652832
        },
        "tail": {
          "x": 0.0014570023631677032,
          "y": 0.00044398754835128784,
          "z": 0.00275603961199522
        }
      },
      "world_space": {
        "head": {
          "x": 0.0,
          "y": 0.13397200405597687,
          "z": 0.9402589797973633
        },
        "tail": {
          "x": 0.0014570023631677032,
          "y": 0.06368798762559891,
          "z": 0.9526100754737854
        },
        "rotation_quaternion": {
          "w": 0.08667995035648346,
          "x": 0.9960425496101379,
          "y": 0.011625083163380623,
          "z": 0.015834400430321693
        },
        "matrix": [
          [
            0.9992282390594482,
            0.020413095131516457,
            0.03355880081653595,
            0.0
          ],
          [
            0.025903211906552315,
            -0.9847028255462646,
            -0.17230616509914398,
            0.13397200405597687
          ],
          [
            0.02952837571501732,
            0.17304274439811707,
            -0.9844786524772644,
            0.9402589797973633
          ],
          [
            0.0,
            0.0,
            0.0,
            1.0
          ]
        ]
      },
      "bone_length_armature_space": 0.07137587061290214,
      "parent": null,
      "has_children": true,
      "is_end_bone": false
    },
    "spine_01": {
      "name": "spine_01",
      "local": {
        "location": {
          "x": 0.0,
          "y": 0.0,
          "z": 0.0
        },
        "rotation_quaternion": {
          "w": 0.9971086978912354,
          "x": -0.019772691652178764,
          "y": -0.031191838905215263,
          "z": 0.06641148775815964
        },
        "scale": {
          "x": 1.0,
          "y": 1.0,
          "z": 1.0
        },
        "matrix_basis": [
          [
            0.9892331957817078,
            -0.1312054544687271,
            -0.06482957303524017,
            0.0
          ],
          [
            0.13367243111133575,
            0.9903970956802368,
            0.03528805449604988,
            0.0
          ],
          [
            0.05957704037427902,
            -0.04357403889298439,
            0.9972721934318542,
            0.0
          ],
          [
            0.0,
            0.0,
            0.0,
            1.0
          ]
        ],
        "rotation_mode": "QUATERNION"
      },
      "armature_space": {
        "head": {
          "x": 0.0014570023631677032,
          "y": 0.00044398754835128784,
          "z": 0.00275603961199522
        },
        "tail": {
          "x": -0.07830585539340973,
          "y": 0.06105448305606842,
          "z": 0.4803674817085266
        }
      },
      "world_space": {
        "head": {
          "x": 0.0014570023631677032,
          "y": 0.06368798762559891,
          "z": 0.9526100754737854
        },
        "tail": {
          "x": -0.07830585539340973,
          "y": 0.12429848313331604,
          "z": 1.4302215576171875
        },
        "rotation_quaternion": {
          "w": 0.7464234828948975,
          "x": 0.6600502729415894,
          "y": -0.07037419080734253,
          "z": 0.04725673422217369
        },
        "matrix": [
          [
            0.9856285452842712,
            -0.16344808042049408,
            -0.04267324134707451,
            0.0014570023631677032
          ],
          [
            -0.02235282212495804,
            0.12420152127742767,
            -0.9920052289962769,
            0.06368798762559891
          ],
          [
            0.16744257509708405,
            0.9787095189094543,
            0.11876296997070312,
            0.9526100754737854
          ],
          [
            0.0,
            0.0,
            0.0,
            1.0
          ]
        ]
      },
      "bone_length_armature_space": 0.4880045531206867,
      "parent": "Root",
      "has_children": true,
      "is_end_bone": false
    },
    "neck_01": {
      "name": "neck_01",
      "local": {
        "location": {
          "x": 0.0,
          "y": 0.0,
          "z": 0.0
        },
        "rotation_quaternion": {
          "w": 0.9833752512931824,
          "x": -0.10606784373521805,
          "y": -0.027033330872654915,
          "z": -0.14488624036312103
        },
        "scale": {
          "x": 1.0,
          "y": 1.0,
          "z": 1.0
        },
        "matrix_basis": [
          [
            0.9565543532371521,
            0.2906898260116577,
            -0.022432275116443634,
            0.0
          ],
          [
            -0.2792203426361084,
            0.9355151653289795,
            0.21644249558448792,
            0.0
          ],
          [
            0.08390335738658905,
            -0.20077547430992126,
            0.9760376214981079,
            0.0
          ],
          [
            0.0,
            0.0,
            0.0,
            1.0
          ]
        ],
        "rotation_mode": "QUATERNION"
      },
      "armature_space": {
        "head": {
          "x": -0.09175320714712143,
          "y": 0.03574514761567116,
          "z": 0.5561458468437195
        },
        "tail": {
          "x": -0.07886460423469543,
          "y": 0.02976159006357193,
          "z": 0.6576783657073975
        }
      },
      "world_space": {
        "head": {
          "x": -0.09175320714712143,
          "y": 0.09898914396762848,
          "z": 1.5059998035430908
        },
        "tail": {
          "x": -0.07886460423469543,
          "y": 0.09300559014081955,
          "z": 1.6075323820114136
        },
        "rotation_quaternion": {
          "w": 0.6853808760643005,
          "x": 0.7252057194709778,
          "y": 0.03272359445691109,
          "z": -0.05708764120936394
        },
        "matrix": [
          [
            0.9913403391838074,
            0.12571626901626587,
            -0.03794344887137413,
            -0.09175320714712143
          ],
          [
            -0.030790075659751892,
            -0.05836401879787445,
            -0.9978205561637878,
            0.09898914396762848
          ],
          [
            -0.1276576817035675,
            0.9903547763824463,
            -0.05398908257484436,
            1.5059998035430908
          ],
          [
            0.0,
            0.0,
            0.0,
            1.0
          ]
        ]
      },
      "bone_length_armature_space": 0.10252205352478762,
      "parent": "spine_01",
      "has_children": true,
      "is_end_bone": false
    },
    "head": {
      "name": "head",
      "local": {
        "location": {
          "x": 0.0,
          "y": 0.0,
          "z": 0.0
        },
        "rotation_quaternion": {
          "w": 0.9975916743278503,
          "x": -0.06698065251111984,
          "y": -0.013119207695126534,
          "z": -0.012342366389930248
        },
        "scale": {
          "x": 1.0,
          "y": 1.0,
          "z": 1.0
        },
        "matrix_basis": [
          [
            0.9993510842323303,
            0.026382749900221825,
            -0.024521825835108757,
            0.0
          ],
          [
            -0.02286781743168831,
            0.9907225370407104,
            0.13396252691745758,
            0.0
          ],
          [
            0.027828624472022057,
            -0.1333148330450058,
            0.9906829595565796,
            0.0
          ],
          [
            0.0,
            0.0,
            0.0,
            1.0
          ]
        ],
        "rotation_mode": "QUATERNION"
      },
      "armature_space": {
        "head": {
          "x": -0.07886462658643723,
          "y": 0.029761437326669693,
          "z": 0.6576782464981079
        },
        "tail": {
          "x": -0.0549326166510582,
          "y": 0.09636004269123077,
          "z": 0.795682430267334
        }
      },
      "world_space": {
        "head": {
          "x": -0.07886462658643723,
          "y": 0.09300543367862701,
          "z": 1.607532262802124
        },
        "tail": {
          "x": -0.0549326166510582,
          "y": 0.1596040427684784,
          "z": 1.74553644657135
        },
        "rotation_quaternion": {
          "w": 0.8443994522094727,
          "x": 0.530095100402832,
          "y": 0.0412139967083931,
          "z": -0.06549948453903198
        },
        "matrix": [
          [
            0.9880223870277405,
            0.15431025624275208,
            0.0001595020294189453,
            -0.07886462658643723
          ],
          [
            -0.06692159175872803,
            0.42941853404045105,
            -0.9006228446960449,
            0.09300543367862701
          ],
          [
            -0.13904482126235962,
            0.8898314833641052,
            0.4346039891242981,
            1.607532262802124
          ],
          [
            0.0,
            0.0,
            0.0,
            1.0
          ]
        ]
      },
      "bone_length_armature_space": 0.15509117142000906,
      "parent": "neck_01",
      "has_children": false,
      "is_end_bone": true
    },
    "upperarm_l": {
      "name": "upperarm_l",
      "local": {
        "location": {
          "x": 0.0,
          "y": 0.0,
          "z": 0.0
        },
        "rotation_quaternion": {
          "w": 0.842873752117157,
          "x": 0.479865700006485,
          "y": -0.06995388120412827,
          "z": 0.23323649168014526
        },
        "scale": {
          "x": 1.0,
          "y": 1.0,
          "z": 1.0
        },
        "matrix_basis": [
          [
            0.8814144134521484,
            -0.4603147804737091,
            0.10591980069875717,
            0.0
          ],
          [
            0.3260408937931061,
            0.43065929412841797,
            -0.8415639996528625,
            0.0
          ],
          [
            0.3417689800262451,
            0.7763007879257202,
            0.5296707153320312,
            0.0
          ],
          [
            0.0,
            0.0,
            0.0,
            1.0
          ]
        ],
        "rotation_mode": "QUATERNION"
      },
      "armature_space": {
        "head": {
          "x": 0.06693996489048004,
          "y": 0.020881284028291702,
          "z": 0.5158641338348389
        },
        "tail": {
          "x": 0.1635718047618866,
          "y": -0.1721714437007904,
          "z": 0.6746119260787964
        }
      },
      "world_space": {
        "head": {
          "x": 0.06693996489048004,
          "y": 0.08412528038024902,
          "z": 1.465718150138855
        },
        "tail": {
          "x": 0.1635718047618866,
          "y": -0.10892744362354279,
          "z": 1.6244659423828125
        },
        "rotation_quaternion": {
          "w": 0.373312771320343,
          "x": 0.7644777894020081,
          "y": -0.02059205435216427,
          "z": -0.5251545906066895
        },
        "matrix": [
          [
            0.4475785493850708,
            0.36060768365859985,
            -0.8183126449584961,
            0.06693996489048004
          ],
          [
            -0.42357760667800903,
            -0.7204281687736511,
            -0.549149751663208,
            0.08412528038024902
          ],
          [
            -0.787568986415863,
            0.5924100279808044,
            -0.16970445215702057,
            1.465718150138855
          ],
          [
            0.0,
            0.0,
            0.0,
            1.0
          ]
        ]
      },
      "bone_length_armature_space": 0.2679700139630372,
      "parent": "spine_01",
      "has_children": true,
      "is_end_bone": false
    },
    "lowerarm_l": {
      "name": "lowerarm_l",
      "local": {
        "location": {
          "x": 0.0,
          "y": 0.0,
          "z": 0.0
        },
        "rotation_quaternion": {
          "w": 0.9590343236923218,
          "x": 0.26388564705848694,
          "y": -0.0991310104727745,
          "z": 0.028120076283812523
        },
        "scale": {
          "x": 1.0,
          "y": 1.0,
          "z": 1.0
        },
        "matrix_basis": [
          [
            0.9787645936012268,
            -0.10625474154949188,
            -0.17529910802841187,
            0.0
          ],
          [
            0.001617735018953681,
            0.8591472506523132,
            -0.511725902557373,
            0.0
          ],
          [
            0.20498105883598328,
            0.5005756616592407,
            0.8410748243331909,
            0.0
          ],
          [
            0.0,
            0.0,
            0.0,
            1.0
          ]
        ],
        "rotation_mode": "QUATERNION"
      },
      "armature_space": {
        "head": {
          "x": 0.16357174515724182,
          "y": -0.172171488404274,
          "z": 0.6746120452880859
        },
        "tail": {
          "x": 0.08499620854854584,
          "y": -0.38118505477905273,
          "z": 0.8219512104988098
        }
      },
      "world_space": {
        "head": {
          "x": 0.16357174515724182,
          "y": -0.10892748832702637,
          "z": 1.624466061592102
        },
        "tail": {
          "x": 0.08499620854854584,
          "y": -0.3179410696029663,
          "z": 1.7718052864074707
        },
        "rotation_quaternion": {
          "w": 0.13547208905220032,
          "x": 0.7462509870529175,
          "y": -0.3016672134399414,
          "z": -0.5777142643928528
        },
        "matrix": [
          [
            0.1504863202571869,
            -0.29371345043182373,
            -0.9439737200737,
            0.16357174515724182
          ],
          [
            -0.606768012046814,
            -0.7812875509262085,
            0.14636445045471191,
            -0.10892748832702637
          ],
          [
            -0.7805100679397583,
            0.550750195980072,
            -0.29579073190689087,
            1.624466061592102
          ],
          [
            0.0,
            0.0,
            0.0,
            1.0
          ]
        ]
      },
      "bone_length_armature_space": 0.2675249776127752,
      "parent": "upperarm_l",
      "has_children": true,
      "is_end_bone": false
    },
    "metacarpal_thumb_l": {
      "name": "metacarpal_thumb_l",
      "local": {
        "location": {
          "x": 0.0,
          "y": 0.0,
          "z": 0.0
        },
        "rotation_quaternion": {
          "w": 0.9997515082359314,
          "x": 0.0002636834979057312,
          "y": 0.014607257209718227,
          "z": 0.016837898641824722
        },
        "scale": {
          "x": 1.0,
          "y": 1.0,
          "z": 1.0
        },
        "matrix_basis": [
          [
            0.9990062117576599,
            -0.03365972638130188,
            0.029216134920716286,
            0.0
          ],
          [
            0.03367513418197632,
            0.9994328022003174,
            -3.532491609803401e-05,
            0.0
          ],
          [
            -0.02919837459921837,
            0.001019146991893649,
            0.9995731115341187,
            0.0
          ],
          [
            0.0,
            0.0,
            0.0,
            1.0
          ]
        ],
        "rotation_mode": "QUATERNION"
      },
      "armature_space": {
        "head": {
          "x": 0.08499620854854584,
          "y": -0.38118505477905273,
          "z": 0.8219512104988098
        },
        "tail": {
          "x": 0.04643162339925766,
          "y": -0.41187676787376404,
          "z": 0.8268884420394897
        }
      },
      "world_space": {
        "head": {
          "x": 0.08499620854854584,
          "y": -0.3179410696029663,
          "z": 1.7718052864074707
        },
        "tail": {
          "x": 0.04643162339925766,
          "y": -0.3486327528953552,
          "z": 1.7767424583435059
        },
        "rotation_quaternion": {
          "w": 0.16481755673885345,
          "x": 0.8695955872535706,
          "y": -0.40376752614974976,
          "z": 0.23153962194919586
        },
        "matrix": [
          [
            0.5667220950126648,
            -0.7785529494285583,
            0.26959455013275146,
            0.08499620854854584
          ],
          [
            -0.6259053349494934,
            -0.6196131110191345,
            -0.47362664341926575,
            -0.3179410696029663
          ],
          [
            0.5357908010482788,
            0.09967417269945145,
            -0.8384551405906677,
            1.7718052864074707
          ],
          [
            0.0,
            0.0,
            0.0,
            1.0
          ]
        ]
      },
      "bone_length_armature_space": 0.04953367338272343,
      "parent": "lowerarm_l",
      "has_children": true,
      "is_end_bone": false
    },
    "thumb_01_l": {
      "name": "thumb_01_l",
      "local": {
        "location": {
          "x": 0.0,
          "y": 0.0,
          "z": 0.0
        },
        "rotation_quaternion": {
          "w": 0.9770333766937256,
          "x": 0.2130286693572998,
          "y": -0.004262246191501617,
          "z": -0.002536654006689787
        },
        "scale": {
          "x": 1.0,
          "y": 1.0,
          "z": 1.0
        },
        "matrix_basis": [
          [
            0.9999508261680603,
            0.0031408299691975117,
            -0.009409473277628422,
            0.0
          ],
          [
            -0.0067727523855865,
            0.9092246890068054,
            -0.416250616312027,
            0.0
          ],
          [
            0.007247953675687313,
            0.4162938594818115,
            0.9092012643814087,
            0.0
          ],
          [
            0.0,
            0.0,
            0.0,
            1.0
          ]
        ],
        "rotation_mode": "QUATERNION"
      },
      "armature_space": {
        "head": {
          "x": 0.04643162339925766,
          "y": -0.41187676787376404,
          "z": 0.8268884420394897
        },
        "tail": {
          "x": 0.041890185326337814,
          "y": -0.44319868087768555,
          "z": 0.8143608570098877
        }
      },
      "world_space": {
        "head": {
          "x": 0.04643162339925766,
          "y": -0.3486327528953552,
          "z": 1.7767424583435059
        },
        "tail": {
          "x": 0.041890185326337814,
          "y": -0.3799546957015991,
          "z": 1.7642148733139038
        },
        "rotation_quaternion": {
          "w": 0.0032584364525973797,
          "x": -0.3489264249801636,
          "y": 0.19973820447921753,
          "z": -0.9156115651130676
        },
        "matrix": [
          [
            -0.756479799747467,
            -0.13342034816741943,
            0.6402634978294373,
            0.04643162339925766
          ],
          [
            -0.14535441994667053,
            -0.9201886653900146,
            -0.36349034309387207,
            -0.3486327528953552
          ],
          [
            0.6376643776893616,
            -0.36804160475730896,
            0.6767151355743408,
            1.7767424583435059
          ],
          [
            0.0,
            0.0,
            0.0,
            1.0
          ]
        ]
      },
      "bone_length_armature_space": 0.0340386137864895,
      "parent": "metacarpal_thumb_l",
      "has_children": true,
      "is_end_bone": false
    },
    "thumb_02_l": {
      "name": "thumb_02_l",
      "local": {
        "location": {
          "x": 0.0,
          "y": 0.0,
          "z": 0.0
        },
        "rotation_quaternion": {
          "w": 0.9361714124679565,
          "x": 0.3515300452709198,
          "y": 0.0008715269505046308,
          "z": -0.0029932819306850433
        },
        "scale": {
          "x": 1.0,
          "y": 1.0,
          "z": 1.0
        },
        "matrix_basis": [
          [
            0.9999805688858032,
            0.006217185873538256,
            -0.0004726598272100091,
            0.0
          ],
          [
            -0.004991713911294937,
            0.7528353333473206,
            -0.6581899523735046,
            0.0
          ],
          [
            -0.003736254293471575,
            0.658179521560669,
            0.7528517246246338,
            0.0
          ],
          [
            0.0,
            0.0,
            0.0,
            1.0
          ]
        ],
        "rotation_mode": "QUATERNION"
      },
      "armature_space": {
        "head": {
          "x": 0.041890185326337814,
          "y": -0.44319862127304077,
          "z": 0.8143607378005981
        },
        "tail": {
          "x": 0.04160597175359726,
          "y": -0.45014718174934387,
          "z": 0.8539187908172607
        }
      },
      "world_space": {
        "head": {
          "x": 0.041890185326337814,
          "y": -0.37995463609695435,
          "z": 1.7642147541046143
        },
        "tail": {
          "x": 0.04160597175359726,
          "y": -0.38690316677093506,
          "z": 1.8037728071212769
        },
        "rotation_quaternion": {
          "w": 0.0796382874250412,
          "x": 0.08938386291265488,
          "y": 0.6380879282951355,
          "z": 0.7605997920036316
        },
        "matrix": [
          [
            -0.9713366031646729,
            -0.007076285779476166,
            0.23760303854942322,
            0.041890185326337814
          ],
          [
            0.2352152317762375,
            -0.17300260066986084,
            0.9564225077629089,
            -0.37995463609695435
          ],
          [
            0.03433845192193985,
            0.9849026203155518,
            0.16971027851104736,
            1.7642147541046143
          ],
          [
            0.0,
            0.0,
            0.0,
            1.0
          ]
        ]
      },
      "bone_length_armature_space": 0.04016469565844153,
      "parent": "thumb_01_l",
      "has_children": true,
      "is_end_bone": false
    },
    "thumb_03_l": {
      "name": "thumb_03_l",
      "local": {
        "location": {
          "x": 0.0,
          "y": 0.0,
          "z": 0.0
        },
        "rotation_quaternion": {
          "w": 0.9837954640388489,
          "x": 0.17910440266132355,
          "y": 0.003851477522403002,
          "z": 0.007307928055524826
        },
        "scale": {
          "x": 1.0,
          "y": 1.0,
          "z": 1.0
        },
        "matrix_basis": [
          [
            0.9998635053634644,
            -0.012999380007386208,
            0.010195896029472351,
            0.0
          ],
          [
            0.01575864665210247,
            0.9357364177703857,
            -0.3523479104042053,
            0.0
          ],
          [
            -0.004960367921739817,
            0.35246050357818604,
            0.9358135461807251,
            0.0
          ],
          [
            0.0,
            0.0,
            0.0,
            1.0
          ]
        ],
        "rotation_mode": "QUATERNION"
      },
      "armature_space": {
        "head": {
          "x": 0.04160590097308159,
          "y": -0.45014721155166626,
          "z": 0.853918731212616
        },
        "tail": {
          "x": 0.04637918248772621,
          "y": -0.4378787875175476,
          "z": 0.8813706040382385
        }
      },
      "world_space": {
        "head": {
          "x": 0.04160590097308159,
          "y": -0.38690322637557983,
          "z": 1.8037726879119873
        },
        "tail": {
          "x": 0.04637918248772621,
          "y": -0.3746348023414612,
          "z": 1.8312246799468994
        },
        "rotation_quaternion": {
          "w": 0.14227676391601562,
          "x": -0.0007963766111060977,
          "y": -0.8253743648529053,
          "z": -0.5463643670082092
        },
        "matrix": [
          [
            -0.9595136046409607,
            0.15678440034389496,
            -0.2339920550584793,
            0.04160590097308159
          ],
          [
            -0.15415425598621368,
            0.402971476316452,
            0.9021367430686951,
            -0.38690322637557983
          ],
          [
            0.23573453724384308,
            0.901689887046814,
            -0.362489253282547,
            1.8037726879119873
          ],
          [
            0.0,
            0.0,
            0.0,
            1.0
          ]
        ]
      },
      "bone_length_armature_space": 0.03044509442583536,
      "parent": "thumb_02_l",
      "has_children": false,
      "is_end_bone": true
    },
    "metacarpal_index_l": {
      "name": "metacarpal_index_l",
      "local": {
        "location": {
          "x": 0.0,
          "y": 0.0,
          "z": 0.0
        },
        "rotation_quaternion": {
          "w": 0.9989220499992371,
          "x": -0.044822100549936295,
          "y": -0.006910092197358608,
          "z": 0.009899678640067577
        },
        "scale": {
          "x": 1.0,
          "y": 1.0,
          "z": 1.0
        },
        "matrix_basis": [
          [
            0.9997084736824036,
            -0.019158564507961273,
            -0.014692735858261585,
            0.0
          ],
          [
            0.02039746381342411,
            0.9957859516143799,
            0.08941075205802917,
            0.0
          ],
          [
            0.01291783805936575,
            -0.0896843820810318,
            0.9958864450454712,
            0.0
          ],
          [
            0.0,
            0.0,
            0.0,
            1.0
          ]
        ],
        "rotation_mode": "QUATERNION"
      },
      "armature_space": {
        "head": {
          "x": 0.08499620854854584,
          "y": -0.38118505477905273,
          "z": 0.8219512104988098
        },
        "tail": {
          "x": 0.021421633660793304,
          "y": -0.46225860714912415,
          "z": 0.8777598738670349
        }
      },
      "world_space": {
        "head": {
          "x": 0.08499620854854584,
          "y": -0.3179410696029663,
          "z": 1.7718052864074707
        },
        "tail": {
          "x": 0.021421633660793304,
          "y": -0.39901459217071533,
          "z": 1.8276138305664062
        },
        "rotation_quaternion": {
          "w": 0.21244047582149506,
          "x": 0.9096410274505615,
          "y": -0.33001306653022766,
          "z": -0.1360645741224289
        },
        "matrix": [
          [
            0.7451551556587219,
            -0.542576014995575,
            -0.38775646686553955,
            0.08499620854854584
          ],
          [
            -0.6581985354423523,
            -0.691920816898346,
            -0.2966826558113098,
            -0.3179410696029663
          ],
          [
            -0.10732536762952805,
            0.47629794478416443,
            -0.8727172017097473,
            1.7718052864074707
          ],
          [
            0.0,
            0.0,
            0.0,
            1.0
          ]
        ]
      },
      "bone_length_armature_space": 0.11717190141972601,
      "parent": "lowerarm_l",
      "has_children": true,
      "is_end_bone": false
    },
    "index_01_l": {
      "name": "index_01_l",
      "local": {
        "location": {
          "x": 0.0,
          "y": 0.0,
          "z": 0.0
        },
        "rotation_quaternion": {
          "w": 0.9686556458473206,
          "x": 0.24830971658229828,
          "y": 0.002060051541775465,
          "z": -0.006669996306300163
        },
        "scale": {
          "x": 1.0,
          "y": 1.0,
          "z": 1.0
        },
        "matrix_basis": [
          [
            0.9999025464057922,
            0.01394492108374834,
            0.0006785113364458084,
            0.0
          ],
          [
            -0.011898797936737537,
            0.8765956163406372,
            -0.48108071088790894,
            0.0
          ],
          [
            -0.007303410675376654,
            0.48102572560310364,
            0.876676082611084,
            0.0
          ],
          [
            0.0,
            0.0,
            0.0,
            1.0
          ]
        ],
        "rotation_mode": "QUATERNION"
      },
      "armature_space": {
        "head": {
          "x": 0.021421633660793304,
          "y": -0.46225860714912415,
          "z": 0.8777598738670349
        },
        "tail": {
          "x": 0.011270854622125626,
          "y": -0.4888448417186737,
          "z": 0.8795498609542847
        }
      },
      "world_space": {
        "head": {
          "x": 0.021421633660793304,
          "y": -0.39901459217071533,
          "z": 1.8276138305664062
        },
        "tail": {
          "x": 0.011270854622125626,
          "y": -0.4256008267402649,
          "z": 1.8294038772583008
        },
        "rotation_quaternion": {
          "w": 0.007032511290162802,
          "x": 0.9738341569900513,
          "y": -0.18374097347259521,
          "z": -0.13355468213558197
        },
        "matrix": [
          [
            0.8968047499656677,
            -0.35598820447921753,
            -0.2627043128013611,
            0.021421633660793304
          ],
          [
            -0.35974496603012085,
            -0.9323798418045044,
            0.035381823778152466,
            -0.39901459217071533
          ],
          [
            -0.25753793120384216,
            0.0627756118774414,
            -0.9642339944839478,
            1.8276138305664062
          ],
          [
            0.0,
            0.0,
            0.0,
            1.0
          ]
        ]
      },
      "bone_length_armature_space": 0.028514386152359524,
      "parent": "metacarpal_index_l",
      "has_children": true,
      "is_end_bone": false
    },
    "index_02_l": {
      "name": "index_02_l",
      "local": {
        "location": {
          "x": 0.0,
          "y": 0.0,
          "z": 0.0
        },
        "rotation_quaternion": {
          "w": 0.9107836484909058,
          "x": 0.41288062930107117,
          "y": 0.0003333569329697639,
          "z": -0.0016436080913990736
        },
        "scale": {
          "x": 1.0,
          "y": 1.0,
          "z": 1.0
        },
        "matrix_basis": [
          [
            0.9999943971633911,
            0.0032692160457372665,
            -0.0007499958155676723,
            0.0
          ],
          [
            -0.002718669595196843,
            0.6590537428855896,
            -0.7520909309387207,
            0.0
          ],
          [
            -0.0019644598942250013,
            0.7520887851715088,
            0.6590589284896851,
            0.0
          ],
          [
            0.0,
            0.0,
            0.0,
            1.0
          ]
        ],
        "rotation_mode": "QUATERNION"
      },
      "armature_space": {
        "head": {
          "x": 0.011270422488451004,
          "y": -0.4888451099395752,
          "z": 0.8795496821403503
        },
        "tail": {
          "x": -0.0004698829725384712,
          "y": -0.5043551921844482,
          "z": 0.8628255128860474
        }
      },
      "world_space": {
        "head": {
          "x": 0.011270422488451004,
          "y": -0.42560112476348877,
          "z": 1.8294036388397217
        },
        "tail": {
          "x": -0.0004698829725384712,
          "y": -0.4411112070083618,
          "z": 1.8126795291900635
        },
        "rotation_quaternion": {
          "w": 0.3863793909549713,
          "x": -0.8917233943939209,
          "y": 0.22002007067203522,
          "z": 0.08444948494434357
        },
        "matrix": [
          [
            0.8889186382293701,
            -0.4576534330844879,
            0.01941278576850891,
            0.011270422488451004
          ],
          [
            -0.3271363079547882,
            -0.6046046018600464,
            0.7262476086616516,
            -0.42560112476348877
          ],
          [
            -0.32063522934913635,
            -0.6519305109977722,
            -0.6871632933616638,
            1.8294036388397217
          ],
          [
            0.0,
            0.0,
            0.0,
            1.0
          ]
        ]
      },
      "bone_length_armature_space": 0.025653367729536,
      "parent": "index_01_l",
      "has_children": true,
      "is_end_bone": false
    },
    "index_03_l": {
      "name": "index_03_l",
      "local": {
        "location": {
          "x": 0.0,
          "y": 0.0,
          "z": 0.0
        },
        "rotation_quaternion": {
          "w": 0.9690167903900146,
          "x": 0.2469647228717804,
          "y": -0.0016916575841605663,
          "z": 0.0034767023753374815
        },
        "scale": {
          "x": 1.0,
          "y": 1.0,
          "z": 1.0
        },
        "matrix_basis": [
          [
            0.9999700784683228,
            -0.007573525421321392,
            -0.0015612435527145863,
            0.0
          ],
          [
            0.005902406293898821,
            0.8779926896095276,
            -0.4786376953125,
            0.0
          ],
          [
            0.0049957348965108395,
            0.4786141514778137,
            0.8780111074447632,
            0.0
          ],
          [
            0.0,
            0.0,
            0.0,
            1.0
          ]
        ],
        "rotation_mode": "QUATERNION"
      },
      "armature_space": {
        "head": {
          "x": -0.00046990346163511276,
          "y": -0.504355251789093,
          "z": 0.8628256916999817
        },
        "tail": {
          "x": -0.00849972851574421,
          "y": -0.5082109570503235,
          "z": 0.8349977135658264
        }
      },
      "world_space": {
        "head": {
          "x": -0.00046990346163511276,
          "y": -0.4411112666130066,
          "z": 1.8126797676086426
        },
        "tail": {
          "x": -0.00849972851574421,
          "y": -0.44496697187423706,
          "z": 1.7848517894744873
        },
        "rotation_quaternion": {
          "w": 0.627559244632721,
          "x": -0.7520155310630798,
          "y": 0.20047345757484436,
          "z": -0.02127310261130333
        },
        "matrix": [
          [
            0.9187151193618774,
            -0.27481818199157715,
            0.28361499309539795,
            -0.00046990346163511276
          ],
          [
            -0.32822009921073914,
            -0.13195982575416565,
            0.9353387355804443,
            -0.4411112666130066
          ],
          [
            -0.21962417662143707,
            -0.9524043798446655,
            -0.21143493056297302,
            1.8126797676086426
          ],
          [
            0.0,
            0.0,
            0.0,
            1.0
          ]
        ]
      },
      "bone_length_armature_space": 0.029218844982820326,
      "parent": "index_02_l",
      "has_children": false,
      "is_end_bone": true
    },
    "metacarpal_pinky_l": {
      "name": "metacarpal_pinky_l",
      "local": {
        "location": {
          "x": 0.0,
          "y": 0.0,
          "z": 0.0
        },
        "rotation_quaternion": {
          "w": 0.9987250566482544,
          "x": -0.04798197001218796,
          "y": -0.012222109362483025,
          "z": 0.009838280268013477
        },
        "scale": {
          "x": 1.0,
          "y": 1.0,
          "z": 1.0
        },
        "matrix_basis": [
          [
            0.9995076656341553,
            -0.018478592857718468,
            -0.02535717375576496,
            0.0
          ],
          [
            0.020824356004595757,
            0.9952018857002258,
            0.09560110419988632,
            0.0
          ],
          [
            0.02346893399953842,
            -0.09608208388090134,
            0.9950966835021973,
            0.0
          ],
          [
            0.0,
            0.0,
            0.0,
            1.0
          ]
        ],
        "rotation_mode": "QUATERNION"
      },
      "armature_space": {
        "head": {
          "x": 0.08499620854854584,
          "y": -0.38118505477905273,
          "z": 0.8219512104988098
        },
        "tail": {
          "x": 0.0916471853852272,
          "y": -0.4683194160461426,
          "z": 0.878578245639801
        }
      },
      "world_space": {
        "head": {
          "x": 0.08499620854854584,
          "y": -0.3179410696029663,
          "z": 1.7718052864074707
        },
        "tail": {
          "x": 0.0916471853852272,
          "y": -0.40507543087005615,
          "z": 1.828432321548462
        },
        "rotation_quaternion": {
          "w": 0.0858282521367073,
          "x": 0.17932762205600739,
          "y": -0.27247825264930725,
          "z": -0.9413983225822449
        },
        "matrix": [
          [
            -0.9209502935409546,
            0.06387141346931458,
            -0.3844100534915924,
            0.08499620854854584
          ],
          [
            -0.2593231201171875,
            -0.8367782235145569,
            0.4822384715080261,
            -0.3179410696029663
          ],
          [
            -0.29086682200431824,
            0.5438069701194763,
            0.787200391292572,
            1.7718052864074707
          ],
          [
            0.0,
            0.0,
            0.0,
            1.0
          ]
        ]
      },
      "bone_length_armature_space": 0.1041309438238416,
      "parent": "lowerarm_l",
      "has_children": true,
      "is_end_bone": false
    },
    "pinky_01_l": {
      "name": "pinky_01_l",
      "local": {
        "location": {
          "x": 0.0,
          "y": 0.0,
          "z": 0.0
        },
        "rotation_quaternion": {
          "w": 0.9542990922927856,
          "x": 0.29827427864074707,
          "y": -0.014603222720324993,
          "z": -0.011516338214278221
        },
        "scale": {
          "x": 1.0,
          "y": 1.0,
          "z": 1.0
        },
        "matrix_basis": [
          [
            0.9993082284927368,
            0.013268530368804932,
            -0.03474174067378044,
            0.0
          ],
          [
            -0.030691593885421753,
            0.821799635887146,
            -0.5689494013786316,
            0.0
          ],
          [
            0.021001629531383514,
            0.5696220993995667,
            0.8216384053230286,
            0.0
          ],
          [
            0.0,
            0.0,
            0.0,
            1.0
          ]
        ],
        "rotation_mode": "QUATERNION"
      },
      "armature_space": {
        "head": {
          "x": 0.0916471853852272,
          "y": -0.4683194160461426,
