{
  "metadata": {
    "armature_name": "KIM_caucasian_male",
    "export_time": "2026-01-13T21:12:35.647735",
    "blender_version": "4.4.1",
    "bone_count": 56,
    "end_bone_count": 13,
    "spaces_included": [
      "LOCAL_CHANNELS",
      "ARMATURE_SPACE",
      "WORLD_SPACE"
    ],
    "note": "LOCAL matches Transform panel; replay pose via local.matrix_basis for best fidelity."
  },
  "bones": {
    "Root": {
      "name": "Root",
      "local": {
        "location": {
          "x": 0.0,
          "y": 0.0,
          "z": 0.0
        },
        "rotation_quaternion": {
          "w": 0.9996547698974609,
          "x": 0.009520157240331173,
          "y": 0.0009282255196012557,
          "z": 0.024473028257489204
        },
        "scale": {
          "x": 1.0,
          "y": 1.0,
          "z": 1.0
        },
        "matrix_basis": [
          [
            0.9988003969192505,
            -0.04891148582100868,
            0.002321784384548664,
            0.0
          ],
          [
            0.04894683137536049,
            0.998620867729187,
            -0.01898830756545067,
            0.0
          ],
          [
            -0.001389835961163044,
            0.01907917484641075,
            0.9998170137405396,
            0.0
          ],
          [
            0.0,
            0.0,
            0.0,
            1.0
          ]
        ],
        "rotation_mode": "QUATERNION"
      },
      "armature_space": {
        "head": {
          "x": 0.0,
          "y": 0.07072800397872925,
          "z": -0.009595036506652832
        },
        "tail": {
          "x": -0.003491099923849106,
          "y": -8.55177640914917e-05,
          "z": -0.0013626748695969582
        }
      },
      "world_space": {
        "head": {
          "x": 0.0,
          "y": 0.13397200405597687,
          "z": 0.9402589797973633
        },
        "tail": {
          "x": -0.003491099923849106,
          "y": 0.06315848231315613,
          "z": 0.9484913349151611
        },
        "rotation_quaternion": {
          "w": 0.057845864444971085,
          "x": 0.998025119304657,
          "y": -0.024354901164770126,
          "z": 0.0025748114567250013
        },
        "matrix": [
          [
            0.9988003969192505,
            -0.04891148582100868,
            0.002321784384548664,
            0.0
          ],
          [
            -0.04831571504473686,
            -0.9921213388442993,
            -0.11558914184570312,
            0.13397200405597687
          ],
          [
            0.007957138121128082,
            0.11533816158771515,
            -0.9933014512062073,
            0.9402589797973633
          ],
          [
            0.0,
            0.0,
            0.0,
            1.0
          ]
        ]
      },
      "bone_length_armature_space": 0.07137586859483604,
      "parent": null,
      "has_children": true,
      "is_end_bone": false
    },
    "spine_01": {
      "name": "spine_01",
      "local": {
        "location": {
          "x": 0.0,
          "y": 0.0,
          "z": 0.0
        },
        "rotation_quaternion": {
          "w": 0.9993107914924622,
          "x": 0.019962556660175323,
          "y": -0.0261247456073761,
          "z": 0.01723756641149521
        },
        "scale": {
          "x": 1.0,
          "y": 1.0,
          "z": 1.0
        },
        "matrix_basis": [
          [
            0.9980407357215881,
            -0.03549440577626228,
            -0.05152526870369911,
            0.0
          ],
          [
            0.03340834006667137,
            0.9986087083816528,
            -0.04079825058579445,
            0.0
          ],
          [
            0.05290169268846512,
            0.03899694234132767,
            0.9978379607200623,
            0.0
          ],
          [
            0.0,
            0.0,
            0.0,
            1.0
          ]
        ],
        "rotation_mode": "QUATERNION"
      },
      "armature_space": {
        "head": {
          "x": -0.003491099923849106,
          "y": -8.55177640914917e-05,
          "z": -0.0013626748695969582
        },
        "tail": {
          "x": -0.02493881806731224,
          "y": -0.004670229274779558,
          "z": 0.4861488938331604
        }
      },
      "world_space": {
        "head": {
          "x": -0.003491099923849106,
          "y": 0.06315848231315613,
          "z": 0.9484913349151611
        },
        "tail": {
          "x": -0.02493881806731224,
          "y": 0.05857377126812935,
          "z": 1.4360029697418213
        },
        "rotation_quaternion": {
          "w": 0.7019475102424622,
          "x": 0.7101391553878784,
          "y": -0.050715163350105286,
          "z": -0.02000117301940918
        },
        "matrix": [
          [
            0.9940558075904846,
            -0.04395013302564621,
            -0.09960628300905228,
            -0.003491099923849106
          ],
          [
            -0.10010946542024612,
            -0.009394876658916473,
            -0.9949320554733276,
            0.06315848231315613
          ],
          [
            0.04279182106256485,
            0.9989966154098511,
            -0.013739874586462975,
            0.9484913349151611
          ],
          [
            0.0,
            0.0,
            0.0,
            1.0
          ]
        ]
      },
      "bone_length_armature_space": 0.48800466694809175,
      "parent": "Root",
      "has_children": true,
      "is_end_bone": false
    },
    "neck_01": {
      "name": "neck_01",
      "local": {
        "location": {
          "x": 0.0,
          "y": 0.0,
          "z": 0.0
        },
        "rotation_quaternion": {
          "w": 0.9807631373405457,
          "x": -0.11540503799915314,
          "y": -0.10076307505369186,
          "z": -0.12096378952264786
        },
        "scale": {
          "x": 1.0,
          "y": 1.0,
          "z": 1.0
        },
        "matrix_basis": [
          [
            0.9504291415214539,
            0.2605307698249817,
            -0.16972975432872772,
            0.0
          ],
          [
            -0.21401651203632355,
            0.9440988898277283,
            0.2507473826408386,
            0.0
          ],
          [
            0.22556908428668976,
            -0.20199264585971832,
            0.9530569314956665,
            0.0
          ],
          [
            0.0,
            0.0,
            0.0,
            1.0
          ]
        ],
        "rotation_mode": "QUATERNION"
      },
      "armature_space": {
        "head": {
          "x": -0.03161117061972618,
          "y": -0.03986278921365738,
          "z": 0.5588173866271973
        },
        "tail": {
          "x": -0.01106296293437481,
          "y": -0.06102357804775238,
          "z": 0.657004714012146
        }
      },
      "world_space": {
        "head": {
          "x": -0.03161117061972618,
          "y": 0.02338121086359024,
          "z": 1.5086714029312134
        },
        "tail": {
          "x": -0.01106296293437481,
          "y": 0.0022204220294952393,
          "z": 1.606858730316162
        },
        "rotation_quaternion": {
          "w": 0.6298838257789612,
          "x": 0.758464515209198,
          "y": -0.006671639624983072,
          "z": -0.16713331639766693
        },
        "matrix": [
          [
            0.9440442323684692,
            0.20042859017848969,
            -0.26193276047706604,
            -0.03161117061972618
          ],
          [
            -0.2206682413816452,
            -0.20640374720096588,
            -0.9532592296600342,
            0.02338121086359024
          ],
          [
            -0.24512624740600586,
            0.9577255845069885,
            -0.15062806010246277,
            1.5086714029312134
          ],
          [
            0.0,
            0.0,
            0.0,
            1.0
          ]
        ]
      },
      "bone_length_armature_space": 0.10252199385700947,
      "parent": "spine_01",
      "has_children": true,
      "is_end_bone": false
    },
    "head": {
      "name": "head",
      "local": {
        "location": {
          "x": 0.0,
          "y": 0.0,
          "z": 0.0
        },
        "rotation_quaternion": {
          "w": 0.9791722297668457,
          "x": 0.00706295995041728,
          "y": -0.1562395691871643,
          "z": 0.12946520745754242
        },
        "scale": {
          "x": 1.0,
          "y": 1.0,
          "z": 1.0
        },
        "matrix_basis": [
          [
            0.917655885219574,
            -0.25574448704719543,
            -0.3041420876979828,
            0.0
          ],
          [
            0.2513304352760315,
            0.9663777351379395,
            -0.054286886006593704,
            0.0
          ],
          [
            0.30779969692230225,
            -0.026623468846082687,
            0.9510785937309265,
            0.0
          ],
          [
            0.0,
            0.0,
            0.0,
            1.0
          ]
        ],
        "rotation_mode": "QUATERNION"
      },
      "armature_space": {
        "head": {
          "x": -0.011063018813729286,
          "y": -0.061023712158203125,
          "z": 0.6570045948028564
        },
        "tail": {
          "x": -0.005662188399583101,
          "y": -0.02535899728536606,
          "z": 0.8078427910804749
        }
      },
      "world_space": {
        "head": {
          "x": -0.011063018813729286,
          "y": 0.0022202879190444946,
          "z": 1.6068586111068726
        },
        "tail": {
          "x": -0.005662188399583101,
          "y": 0.03788500279188156,
          "z": 1.7576968669891357
        },
        "rotation_quaternion": {
          "w": 0.7635403275489807,
          "x": 0.5986967086791992,
          "y": -0.17884787917137146,
          "z": -0.16303975880146027
        },
        "matrix": [
          [
            0.8828628659248352,
            0.03482379764318466,
            -0.4683377742767334,
            -0.011063018813729286
          ],
          [
            -0.4631260633468628,
            0.229961097240448,
            -0.8559393882751465,
            0.0022202879190444946
          ],
          [
            0.07789252698421478,
            0.9725836515426636,
            0.21915261447429657,
            1.6068586111068726
          ],
          [
            0.0,
            0.0,
            0.0,
            1.0
          ]
        ]
      },
      "bone_length_armature_space": 0.15509127276608928,
      "parent": "neck_01",
      "has_children": false,
      "is_end_bone": true
    },
    "upperarm_l": {
      "name": "upperarm_l",
      "local": {
        "location": {
          "x": 0.0,
          "y": 0.0,
          "z": 0.0
        },
        "rotation_quaternion": {
          "w": 0.8244068622589111,
          "x": 0.5043195486068726,
          "y": 0.2537629306316376,
          "z": 0.040244221687316895
        },
        "scale": {
          "x": 1.0,
          "y": 1.0,
          "z": 1.0
        },
        "matrix_basis": [
          [
            0.8679695725440979,
            0.18959999084472656,
            0.4589996933937073,
            0.0
          ],
          [
            0.3223104476928711,
            0.4880844056606293,
            -0.8111039996147156,
            0.0
          ],
          [
            -0.3778159022331238,
            0.8519539833068848,
            0.3625323474407196,
            0.0
          ],
          [
            0.0,
            0.0,
            0.0,
            1.0
          ]
        ],
        "rotation_mode": "QUATERNION"
      },
      "armature_space": {
        "head": {
          "x": 0.12013334780931473,
          "y": -0.0574207678437233,
          "z": 0.49805203080177307
        },
        "tail": {
          "x": 0.23814359307289124,
          "y": -0.2913075387477875,
          "z": 0.44167593121528625
        }
      },
      "world_space": {
        "head": {
          "x": 0.12013334780931473,
          "y": 0.0058232322335243225,
          "z": 1.4479060173034668
        },
        "tail": {
          "x": 0.23814359307289124,
          "y": -0.22806353867053986,
          "z": 1.39152991771698
        },
        "rotation_quaternion": {
          "w": 0.025920037180185318,
          "x": 0.8256627917289734,
          "y": 0.2508429288864136,
          "z": -0.504665195941925
        },
        "matrix": [
          [
            0.3647812008857727,
            0.44038698077201843,
            -0.8203620910644531,
            0.12013334780931473
          ],
          [
            0.38806161284446716,
            -0.8728113770484924,
            -0.2959877848625183,
            0.0058232322335243225
          ],
          [
            -0.8463760614395142,
            -0.21038255095481873,
            -0.4892861247062683,
            1.4479060173034668
          ],
          [
            0.0,
            0.0,
            0.0,
            1.0
          ]
        ]
      },
      "bone_length_armature_space": 0.2679695982092454,
      "parent": "spine_01",
      "has_children": true,
      "is_end_bone": false
    },
    "lowerarm_l": {
      "name": "lowerarm_l",
      "local": {
        "location": {
          "x": 0.0,
          "y": 0.0,
          "z": 0.0
        },
        "rotation_quaternion": {
          "w": 0.961817741394043,
          "x": 0.011241598054766655,
          "y": -0.06345716118812561,
          "z": 0.26599544286727905
        },
        "scale": {
          "x": 1.0,
          "y": 1.0,
          "z": 1.0
        },
        "matrix_basis": [
          [
            0.8504392504692078,
            -0.5131049752235413,
            -0.11608801782131195,
            0.0
          ],
          [
            0.5102515816688538,
            0.8582401275634766,
            -0.05538336932659149,
            0.0
          ],
          [
            0.1280488818883896,
            -0.012133894488215446,
            0.9916936159133911,
            0.0
          ],
          [
            0.0,
            0.0,
            0.0,
            1.0
          ]
        ],
        "rotation_mode": "QUATERNION"
      },
      "armature_space": {
        "head": {
          "x": 0.23814354836940765,
          "y": -0.291307657957077,
          "z": 0.44167599081993103
        },
        "tail": {
          "x": 0.2770334780216217,
          "y": -0.543580174446106,
          "z": 0.521773099899292
        }
      },
      "world_space": {
        "head": {
          "x": 0.23814354836940765,
          "y": -0.2280636578798294,
          "z": 1.3915300369262695
        },
        "tail": {
          "x": 0.2770334780216217,
          "y": -0.48033618927001953,
          "z": 1.471627116203308
        },
        "rotation_quaternion": {
          "w": 0.1652640700340271,
          "x": 0.7798013091087341,
          "y": -0.03454824164509773,
          "z": -0.6028301119804382
        },
        "matrix": [
          [
            0.2708047926425934,
            0.14536957442760468,
            -0.9515947103500366,
            0.23814354836940765
          ],
          [
            -0.25313422083854675,
            -0.9429886937141418,
            -0.2160918265581131,
            -0.2280636578798294
          ],
          [
            -0.9287629723548889,
            0.29940104484558105,
            -0.2185695916414261,
            1.3915300369262695
          ],
          [
            0.0,
            0.0,
            0.0,
            1.0
          ]
        ]
      },
      "bone_length_armature_space": 0.2675245690001976,
      "parent": "upperarm_l",
      "has_children": true,
      "is_end_bone": false
    },
    "metacarpal_thumb_l": {
      "name": "metacarpal_thumb_l",
      "local": {
        "location": {
          "x": 0.0,
          "y": 0.0,
          "z": 0.0
        },
        "rotation_quaternion": {
          "w": 0.9998300075531006,
          "x": -0.01759372279047966,
          "y": -0.005424956325441599,
          "z": 0.0010890421690419316
        },
        "scale": {
          "x": 1.0,
          "y": 1.0,
          "z": 1.0
        },
        "matrix_basis": [
          [
            0.9999387860298157,
            -0.001986823743209243,
            -0.010886388830840588,
            0.0
          ],
          [
            0.0023686045315116644,
            0.9993785619735718,
            0.03516964614391327,
            0.0
          ],
          [
            0.010809747502207756,
            -0.03519327938556671,
            0.9993220567703247,
            0.0
          ],
          [
            0.0,
            0.0,
            0.0,
            1.0
          ]
        ],
        "rotation_mode": "QUATERNION"
      },
      "armature_space": {
        "head": {
          "x": 0.2770334780216217,
          "y": -0.543580174446106,
          "z": 0.521773099899292
        },
        "tail": {
          "x": 0.25686460733413696,
          "y": -0.5887990593910217,
          "z": 0.520340621471405
        }
      },
      "world_space": {
        "head": {
          "x": 0.2770334780216217,
          "y": -0.48033618927001953,
          "z": 1.471627116203308
        },
        "tail": {
          "x": 0.25686460733413696,
          "y": -0.5255550742149353,
          "z": 1.4701945781707764
        },
        "rotation_quaternion": {
          "w": 0.015125357545912266,
          "x": 0.9679363369941711,
          "y": -0.20814694464206696,
          "z": 0.13980551064014435
        },
        "matrix": [
          [
            0.8742584586143494,
            -0.4071752429008484,
            0.26434898376464844,
            0.2770334780216217
          ],
          [
            -0.3987167477607727,
            -0.9128921031951904,
            -0.08748182654380798,
            -0.48033618927001953
          ],
          [
            0.2769441306591034,
            -0.028919722884893417,
            -0.9604581594467163,
            1.471627116203308
          ],
          [
            0.0,
            0.0,
            0.0,
            1.0
          ]
        ]
      },
      "bone_length_armature_space": 0.0495336543582838,
      "parent": "lowerarm_l",
      "has_children": true,
      "is_end_bone": false
    },
    "thumb_01_l": {
      "name": "thumb_01_l",
      "local": {
        "location": {
          "x": 0.0,
          "y": 0.0,
          "z": 0.0
        },
        "rotation_quaternion": {
          "w": 0.9998869895935059,
          "x": 0.003316182177513838,
          "y": 0.006489794701337814,
          "z": 0.013146556913852692
        },
        "scale": {
          "x": 1.0,
          "y": 1.0,
          "z": 1.0
        },
        "matrix_basis": [
          [
            0.9995700716972351,
            -0.026247099041938782,
            0.013065315783023834,
            0.0
          ],
          [
            0.02633318491280079,
            0.9996323585510254,
            -0.006460977718234062,
            0.0
          ],
          [
            -0.012890929356217384,
            0.006802251562476158,
            0.9998937845230103,
            0.0
          ],
          [
            0.0,
            0.0,
            0.0,
            1.0
          ]
        ],
        "rotation_mode": "QUATERNION"
      },
      "armature_space": {
        "head": {
          "x": 0.25686460733413696,
          "y": -0.5887990593910217,
          "z": 0.520340621471405
        },
        "tail": {
          "x": 0.25141599774360657,
          "y": -0.6094242930412292,
          "z": 0.4938161075115204
        }
      },
      "world_space": {
        "head": {
          "x": 0.25686460733413696,
          "y": -0.5255550742149353,
          "z": 1.4701945781707764
        },
        "tail": {
          "x": 0.25141599774360657,
          "y": -0.5461803078651428,
          "z": 1.4436701536178589
        },
        "rotation_quaternion": {
          "w": 0.1552065759897232,
          "x": -0.47584134340286255,
          "y": 0.4158647060394287,
          "z": -0.7593039274215698
        },
        "matrix": [
          [
            -0.49897316098213196,
            -0.16007134318351746,
            0.8517058491706848,
            0.25686460733413696
          ],
          [
            -0.6314681172370911,
            -0.6059362888336182,
            -0.4838277995586395,
            -0.5255550742149353
          ],
          [
            0.5935299396514893,
            -0.7792484164237976,
            0.20126700401306152,
            1.4701945781707764
          ],
          [
            0.0,
            0.0,
            0.0,
            1.0
          ]
        ]
      },
      "bone_length_armature_space": 0.034038763842864264,
      "parent": "metacarpal_thumb_l",
      "has_children": true,
      "is_end_bone": false
    },
    "thumb_02_l": {
      "name": "thumb_02_l",
      "local": {
        "location": {
          "x": 0.0,
          "y": 0.0,
          "z": 0.0
        },
        "rotation_quaternion": {
          "w": 0.9953076839447021,
          "x": 0.09672309458255768,
          "y": -0.002134623471647501,
          "z": 0.001716419355943799
        },
        "scale": {
          "x": 1.0,
          "y": 1.0,
          "z": 1.0
        },
        "matrix_basis": [
          [
            0.9999849796295166,
            -0.00382966548204422,
            -0.0039171795360744,
            0.0
          ],
          [
            0.003003795864060521,
            0.9812833666801453,
            -0.1925458014011383,
            0.0
          ],
          [
            0.004581248853355646,
            0.19253115355968475,
            0.9812801480293274,
            0.0
          ],
          [
            0.0,
            0.0,
            0.0,
            1.0
          ]
        ],
        "rotation_mode": "QUATERNION"
      },
      "armature_space": {
        "head": {
          "x": 0.25141599774360657,
          "y": -0.6094242334365845,
          "z": 0.4938161075115204
        },
        "tail": {
          "x": 0.25906237959861755,
          "y": -0.6471199989318848,
          "z": 0.5053808689117432
        }
      },
      "world_space": {
        "head": {
          "x": 0.25141599774360657,
          "y": -0.546180248260498,
          "z": 1.4436701536178589
        },
        "tail": {
          "x": 0.25906237959861755,
          "y": -0.5838760137557983,
          "z": 1.4552348852157593
        },
        "rotation_quaternion": {
          "w": 0.0677056759595871,
          "x": -0.1836816966533661,
          "y": -0.1617024540901184,
          "z": -0.9672276377677917
        },
        "matrix": [
          [
            -0.923353910446167,
            0.19037744402885437,
            0.33342745900154114,
            0.25141599774360657
          ],
          [
            -0.07156988978385925,
            -0.9385364055633545,
            0.33767926692962646,
            -0.546180248260498
          ],
          [
            0.37722286581993103,
            0.28793516755104065,
            0.8802331686019897,
            1.4436701536178589
          ],
          [
            0.0,
            0.0,
            0.0,
            1.0
          ]
        ]
      },
      "bone_length_armature_space": 0.04016443253682557,
      "parent": "thumb_01_l",
      "has_children": true,
      "is_end_bone": false
    },
    "thumb_03_l": {
      "name": "thumb_03_l",
      "local": {
        "location": {
          "x": 0.0,
          "y": 0.0,
          "z": 0.0
        },
        "rotation_quaternion": {
          "w": 0.9974892735481262,
          "x": 0.0700816810131073,
          "y": -0.009305593557655811,
          "z": 0.004141131415963173
        },
        "scale": {
          "x": 1.0,
          "y": 1.0,
          "z": 1.0
        },
        "matrix_basis": [
          [
            0.9997925162315369,
            -0.00956577155739069,
            -0.017984025180339813,
            0.0
          ],
          [
            0.006957164965569973,
            0.990142822265625,
            -0.13988852500915527,
            0.0
          ],
          [
            0.019144894555211067,
            0.13973437249660492,
            0.9900039434432983,
            0.0
          ],
          [
            0.0,
            0.0,
            0.0,
            1.0
          ]
        ],
        "rotation_mode": "QUATERNION"
      },
      "armature_space": {
        "head": {
          "x": 0.2590622901916504,
          "y": -0.64711993932724,
          "z": 0.5053808093070984
        },
        "tail": {
          "x": 0.271584689617157,
          "y": -0.6688043475151062,
          "z": 0.5226976275444031
        }
      },
      "world_space": {
        "head": {
          "x": 0.2590622901916504,
          "y": -0.5838759541511536,
          "z": 1.4552347660064697
        },
        "tail": {
          "x": 0.271584689617157,
          "y": -0.6055603623390198,
          "z": 1.4725515842437744
        },
        "rotation_quaternion": {
          "w": 0.22171488404273987,
          "x": -0.0016593497712165117,
          "y": -0.3077610731124878,
          "z": -0.9252691864967346
        },
        "matrix": [
          [
            -0.901679277420044,
            0.4113134443759918,
            -0.1334005743265152,
            0.2590622901916504
          ],
          [
            -0.4092709422111511,
            -0.7122509479522705,
            0.570259690284729,
            -0.5838759541511536
          ],
          [
            0.13954125344753265,
            0.5687915682792664,
            0.8105669617652893,
            1.4552347660064697
          ],
          [
            0.0,
            0.0,
            0.0,
            1.0
          ]
        ]
      },
      "bone_length_armature_space": 0.030444970780095847,
      "parent": "thumb_02_l",
      "has_children": false,
      "is_end_bone": true
    },
    "metacarpal_index_l": {
      "name": "metacarpal_index_l",
      "local": {
        "location": {
          "x": 0.0,
          "y": 0.0,
          "z": 0.0
        },
        "rotation_quaternion": {
          "w": 0.999738872051239,
          "x": -0.019983302801847458,
          "y": 0.004139397758990526,
          "z": -0.010288282297551632
        },
        "scale": {
          "x": 1.0,
          "y": 1.0,
          "z": 1.0
        },
        "matrix_basis": [
          [
            0.999754011631012,
            0.020405754446983337,
            0.008687821216881275,
            0.0
          ],
          [
            -0.020736629143357277,
            0.9989896416664124,
            0.03987099602818489,
            0.0
          ],
          [
            -0.00786544568836689,
            -0.04004134237766266,
            0.9991670846939087,
            0.0
          ],
          [
            0.0,
            0.0,
            0.0,
            1.0
          ]
        ],
        "rotation_mode": "QUATERNION"
      },
      "armature_space": {
        "head": {
          "x": 0.2770334780216217,
          "y": -0.543580174446106,
          "z": 0.521773099899292
        },
        "tail": {
          "x": 0.2646080255508423,
          "y": -0.6576566100120544,
          "z": 0.545466959476471
        }
      },
      "world_space": {
        "head": {
          "x": 0.2770334780216217,
          "y": -0.48033618927001953,
          "z": 1.471627116203308
        },
        "tail": {
          "x": 0.2646080255508423,
          "y": -0.594412624835968,
          "z": 1.4953210353851318
        },
        "rotation_quaternion": {
          "w": 0.09182532131671906,
          "x": 0.9803337454795837,
          "y": -0.06911301612854004,
          "z": -0.16042834520339966
        },
        "matrix": [
          [
            0.9389722347259521,
            -0.10604490339756012,
            -0.32723933458328247,
            0.2770334780216217
          ],
          [
            -0.1649705320596695,
            -0.9735830426216125,
            -0.15786385536193848,
            -0.48033618927001953
          ],
          [
            -0.30185627937316895,
            0.2022150307893753,
            -0.9316685199737549,
            1.471627116203308
          ],
          [
            0.0,
            0.0,
            0.0,
            1.0
          ]
        ]
      },
      "bone_length_armature_space": 0.11717176952681924,
      "parent": "lowerarm_l",
      "has_children": true,
      "is_end_bone": false
    },
    "index_01_l": {
      "name": "index_01_l",
      "local": {
        "location": {
          "x": 0.0,
          "y": 0.0,
          "z": 0.0
        },
        "rotation_quaternion": {
          "w": 0.9926894903182983,
          "x": -0.12056189775466919,
          "y": 0.005398530047386885,
          "z": 0.0017864545807242393
        },
        "scale": {
          "x": 1.0,
          "y": 1.0,
          "z": 1.0
        },
        "matrix_basis": [
          [
            0.9999353289604187,
            -0.00484850350767374,
            0.010287371464073658,
            0.0
          ],
          [
            0.0022450753021985292,
            0.9709233045578003,
            0.239380344748497,
            0.0
          ],
          [
            -0.011148884892463684,
            -0.23934176564216614,
            0.9708713889122009,
            0.0
          ],
          [
            0.0,
            0.0,
            0.0,
            1.0
          ]
        ],
        "rotation_mode": "QUATERNION"
      },
      "armature_space": {
        "head": {
          "x": 0.2646080255508423,
          "y": -0.6576566100120544,
          "z": 0.545466959476471
        },
        "tail": {
          "x": 0.27384153008461,
          "y": -0.681788980960846,
          "z": 0.5575269460678101
        }
      },
      "world_space": {
        "head": {
          "x": 0.2646080255508423,
          "y": -0.594412624835968,
          "z": 1.4953210353851318
        },
        "tail": {
          "x": 0.27384153008461,
          "y": -0.6185449957847595,
          "z": 1.5073809623718262
        },
        "rotation_quaternion": {
          "w": 0.24241143465042114,
          "x": 0.9504426717758179,
          "y": 0.13444426655769348,
          "z": -0.14078502357006073
        },
        "matrix": [
          [
            0.9242087006568909,
            0.32381904125213623,
            -0.20243394374847412,
            0.2646080255508423
          ],
          [
            0.18730756640434265,
            -0.8463226556777954,
            -0.4986521899700165,
            -0.594412624835968
          ],
          [
            -0.33279964327812195,
            0.4229434132575989,
            -0.8428390026092529,
            1.4953210353851318
          ],
          [
            0.0,
            0.0,
            0.0,
            1.0
          ]
        ]
      },
      "bone_length_armature_space": 0.02851442087910231,
      "parent": "metacarpal_index_l",
      "has_children": true,
      "is_end_bone": false
    },
    "index_02_l": {
      "name": "index_02_l",
      "local": {
        "location": {
          "x": 0.0,
          "y": 0.0,
          "z": 0.0
        },
        "rotation_quaternion": {
          "w": 0.9998545050621033,
          "x": 0.015615692362189293,
          "y": 0.0009127677185460925,
          "z": 0.00681992806494236
        },
        "scale": {
          "x": 1.0,
          "y": 1.0,
          "z": 1.0
        },
        "matrix_basis": [
          [
            0.9999052882194519,
            -0.013609364628791809,
            0.0020382655784487724,
            0.0
          ],
          [
            0.01366637833416462,
            0.9994192719459534,
            -0.031214389950037003,
            0.0
          ],
          [
            -0.0016122739762067795,
            0.03123929165303707,
            0.999510645866394,
            0.0
          ],
          [
            0.0,
            0.0,
            0.0,
            1.0
          ]
        ],
        "rotation_mode": "QUATERNION"
      },
      "armature_space": {
        "head": {
          "x": 0.27384138107299805,
          "y": -0.6817895174026489,
          "z": 0.5575269460678101
        },
        "tail": {
          "x": 0.2825365960597992,
          "y": -0.7033684253692627,
          "z": 0.5683359503746033
        }
      },
      "world_space": {
        "head": {
          "x": 0.27384138107299805,
          "y": -0.6185455322265625,
          "z": 1.5073809623718262
        },
        "tail": {
          "x": 0.2825365960597992,
          "y": -0.6401244401931763,
          "z": 1.5181899070739746
        },
        "rotation_quaternion": {
          "w": 0.24776268005371094,
          "x": 0.9438235759735107,
          "y": 0.13425733149051666,
          "z": -0.17258545756340027
        },
        "matrix": [
          [
            0.9043784141540527,
            0.33895111083984375,
            -0.25925198197364807,
            0.27384138107299805
          ],
          [
            0.16791024804115295,
            -0.8411768674850464,
            -0.5140307545661926,
            -0.6185455322265625
          ],
          [
            -0.39231064915657043,
            0.42134934663772583,
            -0.8176621794700623,
            1.5073809623718262
          ],
          [
            0.0,
            0.0,
            0.0,
            1.0
          ]
        ]
      },
      "bone_length_armature_space": 0.02565327668548427,
      "parent": "index_01_l",
      "has_children": true,
      "is_end_bone": false
    },
    "index_03_l": {
      "name": "index_03_l",
      "local": {
        "location": {
          "x": 0.0,
          "y": 0.0,
          "z": 0.0
        },
        "rotation_quaternion": {
          "w": 0.9994941353797913,
          "x": 0.030799835920333862,
          "y": -0.002648470923304558,
          "z": -0.007480243686586618
        },
        "scale": {
          "x": 1.0,
          "y": 1.0,
          "z": 1.0
        },
        "matrix_basis": [
          [
            0.9998740553855896,
            0.01478977408260107,
            -0.005755042657256126,
            0.0
          ],
          [
            -0.015116063877940178,
            0.9979908466339111,
            -0.06152888759970665,
            0.0
          ],
          [
            0.00483348174020648,
            0.06160813197493553,
            0.9980887174606323,
            0.0
          ],
          [
            0.0,
            0.0,
            0.0,
            1.0
          ]
        ],
        "rotation_mode": "QUATERNION"
      },
      "armature_space": {
        "head": {
          "x": 0.2825365960597992,
          "y": -0.7033683657646179,
          "z": 0.5683360695838928
        },
        "tail": {
          "x": 0.2940407693386078,
          "y": -0.7292124629020691,
          "z": 0.5756483674049377
        }
      },
      "world_space": {
        "head": {
          "x": 0.2825365960597992,
          "y": -0.6401243805885315,
          "z": 1.5181901454925537
        },
        "tail": {
          "x": 0.2940407693386078,
          "y": -0.6659684777259827,
          "z": 1.5255024433135986
        },
        "rotation_quaternion": {
          "w": 0.16146698594093323,
          "x": 0.9566054940223694,
          "y": 0.17797698080539703,
          "z": -0.16479898989200592
        },
        "matrix": [
          [
            0.8823309540748596,
            0.39372682571411133,
            -0.2578200101852417,
            0.2825365960597992
          ],
          [
            0.2872883081436157,
            -0.8845049738883972,
            -0.36758190393447876,
            -0.6401243805885315
          ],
          [
            -0.3727721869945526,
            0.25026100873947144,
            -0.8935460448265076,
            1.5181901454925537
          ],
          [
            0.0,
            0.0,
            0.0,
            1.0
          ]
        ]
      },
      "bone_length_armature_space": 0.02921871093412949,
      "parent": "index_02_l",
      "has_children": false,
      "is_end_bone": true
    },
    "metacarpal_pinky_l": {
      "name": "metacarpal_pinky_l",
      "local": {
        "location": {
          "x": 0.0,
          "y": 0.0,
          "z": 0.0
        },
        "rotation_quaternion": {
          "w": 0.9999110698699951,
          "x": 0.01087643951177597,
          "y": -0.007004361599683762,
          "z": -0.003256086725741625
        },
        "scale": {
          "x": 1.0,
          "y": 1.0,
          "z": 1.0
        },
        "matrix_basis": [
          [
            0.9998806715011597,
            0.006359229329973459,
            -0.014078306965529919,
            0.0
          ],
          [
            -0.006663959473371506,
            0.9997422099113464,
            -0.021705331280827522,
            0.0
          ],
          [
            0.013936648145318031,
            0.021796558052301407,
            0.9996652603149414,
            0.0
          ],
          [
            0.0,
            0.0,
            0.0,
            1.0
          ]
        ],
        "rotation_mode": "QUATERNION"
      },
      "armature_space": {
        "head": {
          "x": 0.2770334780216217,
          "y": -0.543580174446106,
          "z": 0.521773099899292
        },
        "tail": {
          "x": 0.3200719654560089,
          "y": -0.6305343508720398,
          "z": 0.5595870018005371
        }
      },
      "world_space": {
        "head": {
          "x": 0.2770334780216217,
          "y": -0.48033618927001953,
          "z": 1.471627116203308
        },
        "tail": {
          "x": 0.3200719654560089,
          "y": -0.5672903656959534,
          "z": 1.5094410181045532
        },
        "rotation_quaternion": {
          "w": 0.25438371300697327,
          "x": 0.22605197131633759,
          "y": -0.1332855522632599,
          "z": -0.9308193325996399
        },
        "matrix": [
          [
            -0.7683787941932678,
            0.41331204771995544,
            -0.4886382818222046,
            0.2770334780216217
          ],
          [
            -0.5338298082351685,
            -0.835047721862793,
            0.13312110304832458,
            -0.48033618927001953
          ],
          [
            -0.35301873087882996,
            0.3631387948989868,
            0.8622773289680481,
            1.471627116203308
          ],
          [
            0.0,
            0.0,
            0.0,
            1.0
          ]
        ]
      },
      "bone_length_armature_space": 0.10413083873456293,
      "parent": "lowerarm_l",
      "has_children": true,
      "is_end_bone": false
    },
    "pinky_01_l": {
      "name": "pinky_01_l",
      "local": {
        "location": {
          "x": 0.0,
          "y": 0.0,
          "z": 0.0
        },
        "rotation_quaternion": {
          "w": 0.9554675817489624,
          "x": 0.2947908043861389,
          "y": -0.01337294839322567,
          "z": 0.0011574503732845187
        },
        "scale": {
          "x": 1.0,
          "y": 1.0,
          "z": 1.0
        },
        "matrix_basis": [
          [
            0.999639630317688,
            -0.010096256621181965,
            -0.024872425943613052,
            0.0
          ],
          [
            -0.005672631785273552,
            0.8261941075325012,
            -0.5633570551872253,
            0.0
          ],
          [
            0.02623724937438965,
            0.5632951855659485,
            0.825839102268219,
            0.0
          ],
          [
            0.0,
            0.0,
            0.0,
            1.0
          ]
        ],
        "rotation_mode": "QUATERNION"
      },
      "armature_space": {
        "head": {
          "x": 0.3200719654560089,
          "y": -0.6305343508720398,
          "z": 0.5595870018005371
        },
        "tail": {
