{
  "metadata": {
    "armature_name": "KIM_caucasian_male",
    "export_time": "2026-01-13T21:04:00.742836",
    "blender_version": "4.4.1",
    "bone_count": 56,
    "end_bone_count": 13,
    "spaces_included": [
      "LOCAL_CHANNELS",
      "ARMATURE_SPACE",
      "WORLD_SPACE"
    ],
    "note": "LOCAL matches Transform panel; replay pose via local.matrix_basis for best fidelity."
  },
  "bones": {
    "Root": {
      "name": "Root",
      "local": {
        "location": {
          "x": 0.0,
          "y": 0.0,
          "z": 0.0
        },
        "rotation_quaternion": {
          "w": 0.9997225999832153,
          "x": 0.008005991578102112,
          "y": 0.006210256367921829,
          "z": 0.02126375399529934
        },
        "scale": {
          "x": 1.0,
          "y": 1.0,
          "z": 1.0
        },
        "matrix_basis": [
          [
            0.9990185499191284,
            -0.042416270822286606,
            0.012757542543113232,
            0.0
          ],
          [
            0.042615149170160294,
            0.9989675283432007,
            -0.0157434344291687,
            0.0
          ],
          [
            -0.012076592072844505,
            0.016271648928523064,
            0.9997946619987488,
            0.0
          ],
          [
            0.0,
            0.0,
            0.0,
            1.0
          ]
        ],
        "rotation_mode": "QUATERNION"
      },
      "armature_space": {
        "head": {
          "x": 0.0,
          "y": 0.07072800397872925,
          "z": -0.009595036506652832
        },
        "tail": {
          "x": -0.0030274982564151287,
          "y": -8.309632539749146e-05,
          "z": -0.0011607762426137924
        }
      },
      "world_space": {
        "head": {
          "x": 0.0,
          "y": 0.13397200405597687,
          "z": 0.9402589797973633
        },
        "tail": {
          "x": -0.0030274982564151287,
          "y": 0.06316090375185013,
          "z": 0.9486932158470154
        },
        "rotation_quaternion": {
          "w": 0.059361159801483154,
          "x": 0.9979907870292664,
          "y": -0.02079707384109497,
          "z": 0.007628641091287136
        },
        "matrix": [
          [
            0.9990185499191284,
            -0.042416270822286606,
            0.012757542543113232,
            0.0
          ],
          [
            -0.040604885667562485,
            -0.9920874238014221,
            -0.11880156397819519,
            0.13397200405597687
          ],
          [
            0.017695801332592964,
            0.11816683411598206,
            -0.9928430914878845,
            0.9402589797973633
          ],
          [
            0.0,
            0.0,
            0.0,
            1.0
          ]
        ]
      },
      "bone_length_armature_space": 0.07137586681091014,
      "parent": null,
      "has_children": true,
      "is_end_bone": false
    },
    "spine_01": {
      "name": "spine_01",
      "local": {
        "location": {
          "x": 0.0,
          "y": 0.0,
          "z": 0.0
        },
        "rotation_quaternion": {
          "w": 0.9990838766098022,
          "x": 0.016405345872044563,
          "y": -0.003932704217731953,
          "z": 0.039330482482910156
        },
        "scale": {
          "x": 1.0,
          "y": 1.0,
          "z": 1.0
        },
        "matrix_basis": [
          [
            0.9968752861022949,
            -0.07871793955564499,
            -0.006567742209881544,
            0.0
          ],
          [
            0.07845986634492874,
            0.9963679313659668,
            -0.03308998420834541,
            0.0
          ],
          [
            0.00914866290986538,
            0.03247128427028656,
            0.999430775642395,
            0.0
          ],
          [
            0.0,
            0.0,
            0.0,
            1.0
          ]
        ],
        "rotation_mode": "QUATERNION"
      },
      "armature_space": {
        "head": {
          "x": -0.0030274982564151287,
          "y": -8.309632539749146e-05,
          "z": -0.0011607762426137924
        },
        "tail": {
          "x": -0.050049301236867905,
          "y": 0.0007576419739052653,
          "z": 0.4845724105834961
        }
      },
      "world_space": {
        "head": {
          "x": -0.0030274982564151287,
          "y": 0.06316090375185013,
          "z": 0.9486932158470154
        },
        "tail": {
          "x": -0.050049301236867905,
          "y": 0.0640016421675682,
          "z": 1.4344264268875122
        },
        "rotation_quaternion": {
          "w": 0.7058895230293274,
          "x": 0.7062828540802002,
          "y": -0.05080555006861687,
          "z": 0.017417529597878456
        },
        "matrix": [
          [
            0.9942307472229004,
            -0.09635590761899948,
            -0.04712346941232681,
            -0.0030274982564151287
          ],
          [
            -0.04717710241675377,
            0.0017228201031684875,
            -0.9988850951194763,
            0.06316090375185013
          ],
          [
            0.09633027762174606,
            0.9953523874282837,
            -0.002833845093846321,
            0.9486932158470154
          ],
          [
            0.0,
            0.0,
            0.0,
            1.0
          ]
        ]
      },
      "bone_length_armature_space": 0.4880045829061264,
      "parent": "Root",
      "has_children": true,
      "is_end_bone": false
    },
    "neck_01": {
      "name": "neck_01",
      "local": {
        "location": {
          "x": 0.0,
          "y": 0.0,
          "z": 0.0
        },
        "rotation_quaternion": {
          "w": 0.9956727027893066,
          "x": -0.05094415321946144,
          "y": -0.03414066135883331,
          "z": 0.06982097774744034
        },
        "scale": {
          "x": 1.0,
          "y": 1.0,
          "z": 1.0
        },
        "matrix_basis": [
          [
            0.9879189133644104,
            -0.13555914163589478,
            -0.07509978860616684,
            0.0
          ],
          [
            0.14251621067523956,
            0.9850594401359558,
            0.0966799333691597,
            0.0
          ],
          [
            0.0608719065785408,
            -0.10621487349271774,
            0.9924781918525696,
            0.0
          ],
          [
            0.0,
            0.0,
            0.0,
            1.0
          ]
        ],
        "rotation_mode": "QUATERNION"
      },
      "armature_space": {
        "head": {
          "x": -0.0587385930120945,
          "y": -0.03375799208879471,
          "z": 0.5573523044586182
        },
        "tail": {
          "x": -0.08327032625675201,
          "y": -0.06117439642548561,
          "z": 0.6530460119247437
        }
      },
      "world_space": {
        "head": {
          "x": -0.0587385930120945,
          "y": 0.02948600798845291,
          "z": 1.5072063207626343
        },
        "tail": {
          "x": -0.08327032625675201,
          "y": 0.0020696036517620087,
          "z": 1.6029000282287598
        },
        "rotation_quaternion": {
          "w": 0.5921720266342163,
          "x": 0.7953256964683533,
          "y": -0.12498559802770615,
          "z": 0.03417537361383438
        },
        "matrix": [
          [
            0.9664211273193359,
            -0.23928417265415192,
            -0.09366606175899506,
            -0.0587385930120945
          ],
          [
            -0.15833432972431183,
            -0.2674214541912079,
            -0.9504821300506592,
            0.02948600798845291
          ],
          [
            0.2023882269859314,
            0.9334026575088501,
            -0.296331524848938,
            1.5072063207626343
          ],
          [
            0.0,
            0.0,
            0.0,
            1.0
          ]
        ]
      },
      "bone_length_armature_space": 0.1025219545397748,
      "parent": "spine_01",
      "has_children": true,
      "is_end_bone": false
    },
    "head": {
      "name": "head",
      "local": {
        "location": {
          "x": 0.0,
          "y": 0.0,
          "z": 0.0
        },
        "rotation_quaternion": {
          "w": 0.9972151517868042,
          "x": 0.04196483641862869,
          "y": 0.059428922832012177,
          "z": 0.016405528411269188
        },
        "scale": {
          "x": 1.0,
          "y": 1.0,
          "z": 1.0
        },
        "matrix_basis": [
          [
            0.9923981428146362,
            -0.02773183211684227,
            0.11990375816822052,
            0.0
          ],
          [
            0.037707533687353134,
            0.9959396123886108,
            -0.08174601197242737,
            0.0
          ],
          [
            -0.11714993417263031,
            0.08564586937427521,
            0.9894143342971802,
            0.0
          ],
          [
            0.0,
            0.0,
            0.0,
            1.0
          ]
        ],
        "rotation_mode": "QUATERNION"
      },
      "armature_space": {
        "head": {
          "x": -0.08327032625675201,
          "y": -0.06117452681064606,
          "z": 0.6530458927154541
        },
        "tail": {
          "x": -0.11909613013267517,
          "y": -0.05895460769534111,
          "z": 0.8039262294769287
        }
      },
      "world_space": {
        "head": {
          "x": -0.08327032625675201,
          "y": 0.0020694732666015625,
          "z": 1.6028999090194702
        },
        "tail": {
          "x": -0.11909613013267517,
          "y": 0.004289392381906509,
          "z": 1.7537802457809448
        },
        "rotation_quaternion": {
          "w": 0.7054516077041626,
          "x": 0.6988042593002319,
          "y": -0.09744002670049667,
          "z": 0.06720288842916489
        },
        "matrix": [
          [
            0.9719786047935486,
            -0.23099973797798157,
            -0.043553754687309265,
            -0.08327032625675201
          ],
          [
            -0.04136466979980469,
            0.014313727617263794,
            -0.9990417957305908,
            0.0020694732666015625
          ],
          [
            0.23140329122543335,
            0.9728553295135498,
            0.004356544464826584,
            1.6028999090194702
          ],
          [
            0.0,
            0.0,
            0.0,
            1.0
          ]
        ]
      },
      "bone_length_armature_space": 0.1550912401197808,
      "parent": "neck_01",
      "has_children": false,
      "is_end_bone": true
    },
    "upperarm_l": {
      "name": "upperarm_l",
      "local": {
        "location": {
          "x": 0.0,
          "y": 0.0,
          "z": 0.0
        },
        "rotation_quaternion": {
          "w": 0.9380224347114563,
          "x": 0.19849197566509247,
          "y": 0.28270256519317627,
          "z": -0.028182877227663994
        },
        "scale": {
          "x": 1.0,
          "y": 1.0,
          "z": 1.0
        },
        "matrix_basis": [
          [
            0.8385699987411499,
            0.16510072350502014,
            0.5191745758056641,
            0.0
          ],
          [
            0.05935603752732277,
            0.9196133017539978,
            -0.3883146047592163,
            0.0
          ],
          [
            -0.541550874710083,
            0.3564451038837433,
            0.7613604068756104,
            0.0
          ],
          [
            0.0,
            0.0,
            0.0,
            1.0
          ]
        ],
        "rotation_mode": "QUATERNION"
      },
      "armature_space": {
        "head": {
          "x": 0.0967216044664383,
          "y": -0.044135913252830505,
          "z": 0.50489741563797
        },
        "tail": {
          "x": 0.34515875577926636,
          "y": -0.14058136940002441,
          "z": 0.4768817722797394
        }
      },
      "world_space": {
        "head": {
          "x": 0.0967216044664383,
          "y": 0.019108086824417114,
          "z": 1.4547514915466309
        },
        "tail": {
          "x": 0.34515875577926636,
          "y": -0.0773373693227768,
          "z": 1.426735758781433
        },
        "rotation_quaternion": {
          "w": 0.22399018704891205,
          "x": 0.7158536314964294,
          "y": 0.5194910168647766,
          "z": -0.4092811644077301
        },
        "matrix": [
          [
            0.125234454870224,
            0.9271100759506226,
            -0.35324645042419434,
            0.0967216044664383
          ],
          [
            0.560408890247345,
            -0.35991212725639343,
            -0.7459259629249573,
            0.019108086824417114
          ],
          [
            -0.8186984062194824,
            -0.1045478880405426,
            -0.5646387338638306,
            1.4547514915466309
          ],
          [
            0.0,
            0.0,
            0.0,
            1.0
          ]
        ]
      },
      "bone_length_armature_space": 0.2679694413782326,
      "parent": "spine_01",
      "has_children": true,
      "is_end_bone": false
    },
    "lowerarm_l": {
      "name": "lowerarm_l",
      "local": {
        "location": {
          "x": 0.0,
          "y": 0.0,
          "z": 0.0
        },
        "rotation_quaternion": {
          "w": 0.9105508327484131,
          "x": 0.2974247932434082,
          "y": 0.12996652722358704,
          "z": -0.2560163140296936
        },
        "scale": {
          "x": 1.0,
          "y": 1.0,
          "z": 1.0
        },
        "matrix_basis": [
          [
            0.8351287245750427,
            0.5435422658920288,
            0.08439105749130249,
            0.0
          ],
          [
            -0.38892120122909546,
            0.6919882893562317,
            -0.6081879138946533,
            0.0
          ],
          [
            -0.3889734447002411,
            0.47509369254112244,
            0.7892943620681763,
            0.0
          ],
          [
            0.0,
            0.0,
            0.0,
            1.0
          ]
        ],
        "rotation_mode": "QUATERNION"
      },
      "armature_space": {
        "head": {
          "x": 0.34515881538391113,
          "y": -0.14058148860931396,
          "z": 0.47688186168670654
        },
        "tail": {
          "x": 0.4629408121109009,
          "y": -0.2650354206562042,
          "z": 0.2714345455169678
        }
      },
      "world_space": {
        "head": {
          "x": 0.34515881538391113,
          "y": -0.07733748853206635,
          "z": 1.4267358779907227
        },
        "tail": {
          "x": 0.4629408121109009,
          "y": -0.2017914205789566,
          "z": 1.2212885618209839
        },
        "rotation_quaternion": {
          "w": 0.18588711321353912,
          "x": -0.664175271987915,
          "y": -0.4825373589992523,
          "z": 0.5398842096328735
        },
        "matrix": [
          [
            -0.04863573610782623,
            0.4402662515640259,
            -0.896548867225647,
            0.34515881538391113
          ],
          [
            0.8416940569877625,
            -0.46520572900772095,
            -0.2741077244281769,
            -0.07733748853206635
          ],
          [
            -0.5377631187438965,
            -0.7679571509361267,
            -0.3479466140270233,
            1.4267358779907227
          ],
          [
            0.0,
            0.0,
            0.0,
            1.0
          ]
        ]
      },
      "bone_length_armature_space": 0.2675256625487525,
      "parent": "upperarm_l",
      "has_children": true,
      "is_end_bone": false
    },
    "metacarpal_thumb_l": {
      "name": "metacarpal_thumb_l",
      "local": {
        "location": {
          "x": 0.0,
          "y": 0.0,
          "z": 0.0
        },
        "rotation_quaternion": {
          "w": 0.9998727440834045,
          "x": -0.014358485117554665,
          "y": -0.006131249945610762,
          "z": -0.003296137321740389
        },
        "scale": {
          "x": 1.0,
          "y": 1.0,
          "z": 1.0
        },
        "matrix_basis": [
          [
            0.9999030828475952,
            0.0067675067111849785,
            -0.012166284024715424,
            0.0
          ],
          [
            -0.006415364798158407,
            0.9995659589767456,
            0.02875373512506485,
            0.0
          ],
          [
            0.012355594895780087,
            -0.028672896325588226,
            0.9995124936103821,
            0.0
          ],
          [
            0.0,
            0.0,
            0.0,
            1.0
          ]
        ],
        "rotation_mode": "QUATERNION"
      },
      "armature_space": {
        "head": {
          "x": 0.4629408121109009,
          "y": -0.2650354206562042,
          "z": 0.2714345455169678
        },
        "tail": {
          "x": 0.45402583479881287,
          "y": -0.284877747297287,
          "z": 0.22693264484405518
        }
      },
      "world_space": {
        "head": {
          "x": 0.4629408121109009,
          "y": -0.2017914205789566,
          "z": 1.2212885618209839
        },
        "tail": {
          "x": 0.45402583479881287,
          "y": -0.22163374722003937,
          "z": 1.1767866611480713
        },
        "rotation_quaternion": {
          "w": 0.54536372423172,
          "x": -0.8317541480064392,
          "y": 0.04782553017139435,
          "z": 0.09206671267747879
        },
        "matrix": [
          [
            0.9784728288650513,
            -0.17997796833515167,
            -0.10098807513713837,
            0.4629408121109009
          ],
          [
            0.020860575139522552,
            -0.40058279037475586,
            0.9160231947898865,
            -0.2017914205789566
          ],
          [
            -0.20531949400901794,
            -0.8984171152114868,
            -0.38820695877075195,
            1.2212885618209839
          ],
          [
            0.0,
            0.0,
            0.0,
            1.0
          ]
        ]
      },
      "bone_length_armature_space": 0.04953396833519501,
      "parent": "lowerarm_l",
      "has_children": true,
      "is_end_bone": false
    },
    "thumb_01_l": {
      "name": "thumb_01_l",
      "local": {
        "location": {
          "x": 0.0,
          "y": 0.0,
          "z": 0.0
        },
        "rotation_quaternion": {
          "w": 0.9998775720596313,
          "x": 0.01004535611718893,
          "y": -0.010051778517663479,
          "z": 0.006556050386279821
        },
        "scale": {
          "x": 1.0,
          "y": 1.0,
          "z": 1.0
        },
        "matrix_basis": [
          [
            0.9997119307518005,
            -0.013312443159520626,
            -0.019969379529356956,
            0.0
          ],
          [
            0.01290854811668396,
            0.9997122287750244,
            -0.02022005245089531,
            0.0
          ],
          [
            0.02023281157016754,
            0.019956452772021294,
            0.999596118927002,
            0.0
          ],
          [
            0.0,
            0.0,
            0.0,
            1.0
          ]
        ],
        "rotation_mode": "QUATERNION"
      },
      "armature_space": {
        "head": {
          "x": 0.45402583479881287,
          "y": -0.284877747297287,
          "z": 0.22693264484405518
        },
        "tail": {
          "x": 0.4440803825855255,
          "y": -0.27039650082588196,
          "z": 0.19777759909629822
        }
      },
      "world_space": {
        "head": {
          "x": 0.45402583479881287,
          "y": -0.22163374722003937,
          "z": 1.1767866611480713
        },
        "tail": {
          "x": 0.4440803825855255,
          "y": -0.20715250074863434,
          "z": 1.1476316452026367
        },
        "rotation_quaternion": {
          "w": 0.5201327204704285,
          "x": -0.4488416016101837,
          "y": 0.6649669408798218,
          "z": -0.29295429587364197
        },
        "matrix": [
          [
            -0.05600615218281746,
            -0.29218199849128723,
            0.9547213912010193,
            0.45402583479881287
          ],
          [
            -0.9016804099082947,
            0.42543667554855347,
            0.07730571180582047,
            -0.22163374722003937
          ],
          [
            -0.4287644028663635,
            -0.856529712677002,
            -0.28728386759757996,
            1.1767866611480713
          ],
          [
            0.0,
            0.0,
            0.0,
            1.0
          ]
        ]
      },
      "bone_length_armature_space": 0.0340387313788008,
      "parent": "metacarpal_thumb_l",
      "has_children": true,
      "is_end_bone": false
    },
    "thumb_02_l": {
      "name": "thumb_02_l",
      "local": {
        "location": {
          "x": 0.0,
          "y": 0.0,
          "z": 0.0
        },
        "rotation_quaternion": {
          "w": 0.9927714467048645,
          "x": 0.11983703076839447,
          "y": 0.006477127783000469,
          "z": -0.0014399129431694746
        },
        "scale": {
          "x": 1.0,
          "y": 1.0,
          "z": 1.0
        },
        "matrix_basis": [
          [
            0.9999119639396667,
            0.004411408212035894,
            0.012515504844486713,
            0.0
          ],
          [
            -0.0013066093670204282,
            0.9712740182876587,
            -0.23796021938323975,
            0.0
          ],
          [
            -0.013205724768340588,
            0.23792290687561035,
            0.9711942672729492,
            0.0
          ],
          [
            0.0,
            0.0,
            0.0,
            1.0
          ]
        ],
        "rotation_mode": "QUATERNION"
      },
      "armature_space": {
        "head": {
          "x": 0.4440803527832031,
          "y": -0.27039647102355957,
          "z": 0.1977776288986206
        },
        "tail": {
          "x": 0.4655303657054901,
          "y": -0.28833502531051636,
          "z": 0.16894540190696716
        }
      },
      "world_space": {
        "head": {
          "x": 0.4440803527832031,
          "y": -0.20715247094631195,
          "z": 1.1476316452026367
        },
        "tail": {
          "x": 0.4655303657054901,
          "y": -0.22509102523326874,
          "z": 1.1187994480133057
        },
        "rotation_quaternion": {
          "w": 0.3806290626525879,
          "x": -0.14338324964046478,
          "y": 0.3630529046058655,
          "z": -0.8383050560951233
        },
        "matrix": [
          [
            -0.6691243648529053,
            0.5340554118156433,
            0.5167759656906128,
            0.4440803527832031
          ],
          [
            -0.7422792315483093,
            -0.44662782549858093,
            -0.49954503774642944,
            -0.20715247094631195
          ],
          [
            -0.03597892075777054,
            -0.7178550958633423,
            0.6952722072601318,
            1.1476316452026367
          ],
          [
            0.0,
            0.0,
            0.0,
            1.0
          ]
        ]
      },
      "bone_length_armature_space": 0.040164562922384676,
      "parent": "thumb_01_l",
      "has_children": true,
      "is_end_bone": false
    },
    "thumb_03_l": {
      "name": "thumb_03_l",
      "local": {
        "location": {
          "x": 0.0,
          "y": 0.0,
          "z": 0.0
        },
        "rotation_quaternion": {
          "w": 0.9979637861251831,
          "x": 0.06330762058496475,
          "y": -0.007654088549315929,
          "z": -0.0014118145918473601
        },
        "scale": {
          "x": 1.0,
          "y": 1.0,
          "z": 1.0
        },
        "matrix_basis": [
          [
            0.9998788237571716,
            0.0018487554043531418,
            -0.015455763787031174,
            0.0
          ],
          [
            -0.0037870039232075214,
            0.9919803142547607,
            -0.12633581459522247,
            0.0
          ],
          [
            0.015098249539732933,
            0.12637904286384583,
            0.9918671250343323,
            0.0
          ],
          [
            0.0,
            0.0,
            0.0,
            1.0
          ]
        ],
        "rotation_mode": "QUATERNION"
      },
      "armature_space": {
        "head": {
          "x": 0.46553027629852295,
          "y": -0.28833499550819397,
          "z": 0.16894538700580597
        },
        "tail": {
          "x": 0.4886874854564667,
          "y": -0.30415114760398865,
          "z": 0.15709272027015686
        }
      },
      "world_space": {
        "head": {
          "x": 0.46553027629852295,
          "y": -0.22509099543094635,
          "z": 1.1187994480133057
        },
        "tail": {
          "x": 0.4886874854564667,
          "y": -0.24090714752674103,
          "z": 1.1069467067718506
        },
        "rotation_quaternion": {
          "w": 0.40162765979766846,
          "x": 0.11936595290899277,
          "y": 0.2809702157974243,
          "z": -0.863425076007843
        },
        "matrix": [
          [
            -0.6488937139511108,
            0.7606275081634521,
            0.019565321505069733,
            0.46553027629852295
          ],
          [
            -0.6264753937721252,
            -0.5195012092590332,
            -0.581074059009552,
            -0.22509099543094635
          ],
          [
            -0.43181997537612915,
            -0.3893156349658966,
            0.8136208057403564,
            1.1187994480133057
          ],
          [
            0.0,
            0.0,
            0.0,
            1.0
          ]
        ]
      },
      "bone_length_armature_space": 0.0304449127061565,
      "parent": "thumb_02_l",
      "has_children": false,
      "is_end_bone": true
    },
    "metacarpal_index_l": {
      "name": "metacarpal_index_l",
      "local": {
        "location": {
          "x": 0.0,
          "y": 0.0,
          "z": 0.0
        },
        "rotation_quaternion": {
          "w": 0.9998027086257935,
          "x": -0.01617828756570816,
          "y": -0.004055345896631479,
          "z": -0.010790393687784672
        },
        "scale": {
          "x": 1.0,
          "y": 1.0,
          "z": 1.0
        },
        "matrix_basis": [
          [
            0.9997342228889465,
            0.021707747131586075,
            -0.0077599515207111835,
            0.0
          ],
          [
            -0.021445313468575478,
            0.9992436766624451,
            0.03243770822882652,
            0.0
          ],
          [
            0.008458231575787067,
            -0.03226267546415329,
            0.9994436502456665,
            0.0
          ],
          [
            0.0,
            0.0,
            0.0,
            1.0
          ]
        ],
        "rotation_mode": "QUATERNION"
      },
      "armature_space": {
        "head": {
          "x": 0.4629408121109009,
          "y": -0.2650354206562042,
          "z": 0.2714345455169678
        },
        "tail": {
          "x": 0.4839538633823395,
          "y": -0.3225107491016388,
          "z": 0.17151254415512085
        }
      },
      "world_space": {
        "head": {
          "x": 0.4629408121109009,
          "y": -0.2017914205789566,
          "z": 1.2212885618209839
        },
        "tail": {
          "x": 0.4839538633823395,
          "y": -0.25926673412323,
          "z": 1.1213665008544922
        },
        "rotation_quaternion": {
          "w": 0.4432526230812073,
          "x": -0.8268929719924927,
          "y": -0.24138391017913818,
          "z": 0.24801005423069
        },
        "matrix": [
          [
            0.760449230670929,
            0.1793356090784073,
            -0.6241437196731567,
            0.4629408121109009
          ],
          [
            0.6190600991249084,
            -0.49052223563194275,
            0.6133130788803101,
            -0.2017914205789566
          ],
          [
            -0.19616827368736267,
            -0.8527824282646179,
            -0.48403969407081604,
            1.2212885618209839
          ],
          [
            0.0,
            0.0,
            0.0,
            1.0
          ]
        ]
      },
      "bone_length_armature_space": 0.11717238688866607,
      "parent": "lowerarm_l",
      "has_children": true,
      "is_end_bone": false
    },
    "index_01_l": {
      "name": "index_01_l",
      "local": {
        "location": {
          "x": 0.0,
          "y": 0.0,
          "z": 0.0
        },
        "rotation_quaternion": {
          "w": 0.998633861541748,
          "x": -0.04918390139937401,
          "y": -0.0030083665624260902,
          "z": -0.01738950051367283
        },
        "scale": {
          "x": 1.0,
          "y": 1.0,
          "z": 1.0
        },
        "matrix_basis": [
          [
            0.9993771314620972,
            0.03502741456031799,
            -0.004297946579754353,
            0.0
          ],
          [
            -0.034435562789440155,
            0.9945570826530457,
            0.0983380451798439,
            0.0
          ],
          [
            0.007719080429524183,
            -0.0981287881731987,
            0.9951437711715698,
            0.0
          ],
          [
            0.0,
            0.0,
            0.0,
            1.0
          ]
        ],
        "rotation_mode": "QUATERNION"
      },
      "armature_space": {
        "head": {
          "x": 0.4839538633823395,
          "y": -0.3225107491016388,
          "z": 0.17151254415512085
        },
        "tail": {
          "x": 0.5006627440452576,
          "y": -0.3326045870780945,
          "z": 0.15072783827781677
        }
      },
      "world_space": {
        "head": {
          "x": 0.4839538633823395,
          "y": -0.25926673412323,
          "z": 1.1213665008544922
        },
        "tail": {
          "x": 0.5006627440452576,
          "y": -0.26936060190200806,
          "z": 1.1005818843841553
        },
        "rotation_quaternion": {
          "w": 0.39073729515075684,
          "x": -0.8152425289154053,
          "y": -0.4127086400985718,
          "z": 0.11124507337808609
        },
        "matrix": [
          [
            0.6345905661582947,
            0.5859802961349487,
            -0.5039063692092896,
            0.4839538633823395
          ],
          [
            0.759852409362793,
            -0.3539912700653076,
            0.5452659726142883,
            -0.25926673412323
          ],
          [
            0.14113833010196686,
            -0.7289205193519592,
            -0.6699022650718689,
            1.1213665008544922
          ],
          [
            0.0,
            0.0,
            0.0,
            1.0
          ]
        ]
      },
      "bone_length_armature_space": 0.02851449194320279,
      "parent": "metacarpal_index_l",
      "has_children": true,
      "is_end_bone": false
    },
    "index_02_l": {
      "name": "index_02_l",
      "local": {
        "location": {
          "x": 0.0,
          "y": 0.0,
          "z": 0.0
        },
        "rotation_quaternion": {
          "w": 0.9885423183441162,
          "x": 0.15091682970523834,
          "y": 0.00029646887560375035,
          "z": -0.002856185892596841
        },
        "scale": {
          "x": 1.0,
          "y": 1.0,
          "z": 1.0
        },
        "matrix_basis": [
          [
            0.9999834895133972,
            0.005736405495554209,
            -0.0002759489871095866,
            0.0
          ],
          [
            -0.005557436961680651,
            0.9544318914413452,
            -0.29837703704833984,
            0.0
          ],
          [
            -0.0014482371043413877,
            0.29837363958358765,
            0.9544480443000793,
            0.0
          ],
          [
            0.0,
            0.0,
            0.0,
            1.0
          ]
        ],
        "rotation_mode": "QUATERNION"
      },
      "armature_space": {
        "head": {
          "x": 0.500662624835968,
          "y": -0.3326047360897064,
          "z": 0.150727316737175
        },
        "tail": {
          "x": 0.5119922161102295,
          "y": -0.33734130859375,
          "z": 0.12820392847061157
        }
      },
      "world_space": {
        "head": {
          "x": 0.500662624835968,
          "y": -0.2693607211112976,
          "z": 1.1005812883377075
        },
        "tail": {
          "x": 0.5119922161102295,
          "y": -0.2740973234176636,
          "z": 1.0780580043792725
        },
        "rotation_quaternion": {
          "w": 0.48289915919303894,
          "x": -0.7462476491928101,
          "y": -0.4177187979221344,
          "z": 0.18823887407779694
        },
        "matrix": [
          [
            0.5801523327827454,
            0.4416426420211792,
            -0.6843790411949158,
            0.500662624835968
          ],
          [
            0.8052458167076111,
            -0.18463823199272156,
            0.5634610056877136,
            -0.2693607211112976
          ],
          [
            0.12248742580413818,
            -0.8779928684234619,
            -0.46275201439857483,
            1.1005812883377075
          ],
          [
            0.0,
            0.0,
            0.0,
            1.0
          ]
        ]
      },
      "bone_length_armature_space": 0.02565341697402279,
      "parent": "index_01_l",
      "has_children": true,
      "is_end_bone": false
    },
    "index_03_l": {
      "name": "index_03_l",
      "local": {
        "location": {
          "x": 0.0,
          "y": 0.0,
          "z": 0.0
        },
        "rotation_quaternion": {
          "w": 0.9661543965339661,
          "x": 0.2578684389591217,
          "y": 0.006733396090567112,
          "z": 0.0020817306358367205
        },
        "scale": {
          "x": 1.0,
          "y": 1.0,
          "z": 1.0
        },
        "matrix_basis": [
          [
            0.9999006390571594,
            -0.0005498857353813946,
            0.014084625989198685,
            0.0
          ],
          [
            0.007495207246392965,
            0.866999089717865,
            -0.49825340509414673,
            0.0
          ],
          [
            -0.01193737518042326,
            0.49830949306488037,
            0.866917073726654,
            0.0
          ],
          [
            0.0,
            0.0,
            0.0,
            1.0
          ]
        ],
        "rotation_mode": "QUATERNION"
      },
      "armature_space": {
        "head": {
          "x": 0.5119922757148743,
          "y": -0.33734142780303955,
          "z": 0.12820400297641754
        },
        "tail": {
          "x": 0.5129505395889282,
          "y": -0.32969698309898376,
          "z": 0.10001913458108902
        }
      },
      "world_space": {
        "head": {
          "x": 0.5119922757148743,
          "y": -0.2740974426269531,
          "z": 1.0780580043792725
        },
        "tail": {
          "x": 0.5129505395889282,
          "y": -0.26645296812057495,
          "z": 1.0498731136322021
        },
        "rotation_quaternion": {
          "w": 0.7063970565795898,
          "x": -0.5495326519012451,
          "y": -0.3630666434764862,
          "z": 0.25922921299934387
        },
        "matrix": [
          [
            0.6019664406776428,
            0.032795459032058716,
            -0.7978473901748657,
            0.5119922757148743
          ],
          [
            0.7652711272239685,
            0.2616283893585205,
            0.5881419777870178,
            -0.2740974426269531
          ],
          [
            0.22803014516830444,
            -0.9646180272102356,
            0.13239550590515137,
            1.0780580043792725
          ],
          [
            0.0,
            0.0,
            0.0,
            1.0
          ]
        ]
      },
      "bone_length_armature_space": 0.02921887379375372,
      "parent": "index_02_l",
      "has_children": false,
      "is_end_bone": true
    },
    "metacarpal_pinky_l": {
      "name": "metacarpal_pinky_l",
      "local": {
        "location": {
          "x": 0.0,
          "y": 0.0,
          "z": 0.0
        },
        "rotation_quaternion": {
          "w": 0.9976017475128174,
          "x": -0.06851302087306976,
          "y": -0.0019223641138523817,
          "z": -0.009650864638388157
        },
        "scale": {
          "x": 1.0,
          "y": 1.0,
          "z": 1.0
        },
        "matrix_basis": [
          [
            0.9998063445091248,
            0.01951885223388672,
            -0.002513087820261717,
            0.0
          ],
          [
            -0.018992025405168533,
            0.9904256463050842,
            0.13673453032970428,
            0.0
          ],
          [
            0.005157927516847849,
            -0.13666030764579773,
            0.9906045198440552,
            0.0
          ],
          [
            0.0,
            0.0,
            0.0,
            1.0
          ]
        ],
        "rotation_mode": "QUATERNION"
      },
      "armature_space": {
        "head": {
          "x": 0.4629408121109009,
          "y": -0.2650354206562042,
          "z": 0.2714345455169678
        },
        "tail": {
          "x": 0.5348510146141052,
          "y": -0.288925439119339,
          "z": 0.20000994205474854
        }
      },
      "world_space": {
        "head": {
          "x": 0.4629408121109009,
          "y": -0.2017914205789566,
          "z": 1.2212885618209839
        },
        "tail": {
          "x": 0.5348510146141052,
          "y": -0.22568143904209137,
          "z": 1.1498639583587646
        },
        "rotation_quaternion": {
          "w": 0.2847307622432709,
          "x": 0.2408507615327835,
          "y": 0.5515589118003845,
          "z": -0.7461247444152832
        },
        "matrix": [
          [
            -0.7218384146690369,
            0.6905761361122131,
            -0.045316264033317566,
            0.4629408121109009
          ],
          [
            -0.15920597314834595,
            -0.22942329943180084,
            -0.960218071937561,
            -0.2017914205789566
          ],
          [
            -0.6735052466392517,
            -0.6859126687049866,
            0.27555137872695923,
            1.2212885618209839
          ],
          [
            0.0,
            0.0,
            0.0,
            1.0
          ]
        ]
      },
      "bone_length_armature_space": 0.10413109195482556,
      "parent": "lowerarm_l",
      "has_children": true,
      "is_end_bone": false
    },
    "pinky_01_l": {
      "name": "pinky_01_l",
      "local": {
        "location": {
          "x": 0.0,
          "y": 0.0,
          "z": 0.0
        },
        "rotation_quaternion": {
          "w": 0.9987626075744629,
          "x": 0.048199206590652466,
          "y": -0.00841489713639021,
          "z": -0.008903099223971367
        },
        "scale": {
          "x": 1.0,
          "y": 1.0,
          "z": 1.0
        },
        "matrix_basis": [
          [
            0.9996998310089111,
            0.0169729832559824,
            -0.017667213454842567,
            0.0
          ],
          [
            -0.018595347180962563,
            0.9951951503753662,
            -0.09612929075956345,
            0.0
          ],
          [
            0.015950724482536316,
            0.09642896801233292,
            0.9952120780944824,
            0.0
          ],
          [
            0.0,
            0.0,
            0.0,
            1.0
          ]
        ],
        "rotation_mode": "QUATERNION"
      },
      "armature_space": {
        "head": {
          "x": 0.5348510146141052,
          "y": -0.288925439119339,
