{
  "metadata": {
    "armature_name": "KIM_caucasian_male",
    "export_time": "2026-01-13T20:27:00.900622",
    "blender_version": "4.4.1",
    "bone_count": 56,
    "end_bone_count": 13,
    "spaces_included": [
      "LOCAL_CHANNELS",
      "ARMATURE_SPACE",
      "WORLD_SPACE"
    ],
    "note": "LOCAL matches Transform panel; replay pose via local.matrix_basis for best fidelity."
  },
  "bones": {
    "Root": {
      "name": "Root",
      "local": {
        "location": {
          "x": 0.0,
          "y": 0.0,
          "z": 0.0
        },
        "rotation_quaternion": {
          "w": 0.9995015859603882,
          "x": 0.009301884099841118,
          "y": 0.007012211252003908,
          "z": -0.02934020571410656
        },
        "scale": {
          "x": 1.0,
          "y": 1.0,
          "z": 1.0
        },
        "matrix_basis": [
          [
            0.9981799721717834,
            0.058781616389751434,
            0.013471594080328941,
            0.0
          ],
          [
            -0.058520711958408356,
            0.9981052279472351,
            -0.019005974754691124,
            0.0
          ],
          [
            -0.014563270844519138,
            0.018183017149567604,
            0.9997286200523376,
            0.0
          ],
          [
            0.0,
            0.0,
            0.0,
            1.0
          ]
        ],
        "rotation_mode": "QUATERNION"
      },
      "armature_space": {
        "head": {
          "x": 0.0,
          "y": 0.07072800397872925,
          "z": -0.009595036506652832
        },
        "tail": {
          "x": 0.004195589106529951,
          "y": -4.044920206069946e-05,
          "z": -0.0013042381033301353
        }
      },
      "world_space": {
        "head": {
          "x": 0.0,
          "y": 0.13397200405597687,
          "z": 0.9402589797973633
        },
        "tail": {
          "x": 0.004195589106529951,
          "y": 0.06320355087518692,
          "z": 0.9485498070716858
        },
        "rotation_quaternion": {
          "w": 0.05805334076285362,
          "x": 0.9978576898574829,
          "y": 0.029745955020189285,
          "z": 0.005019696429371834
        },
        "matrix": [
          [
            0.9981799721717834,
            0.058781616389751434,
            0.013471594080328941,
            0.0
          ],
          [
            0.059947267174720764,
            -0.9914899468421936,
            -0.11555975675582886,
            0.13397200405597687
          ],
          [
            0.006564264185726643,
            0.11615687608718872,
            -0.9932162165641785,
            0.9402589797973633
          ],
          [
            0.0,
            0.0,
            0.0,
            1.0
          ]
        ]
      },
      "bone_length_armature_space": 0.07137586716769533,
      "parent": null,
      "has_children": true,
      "is_end_bone": false
    },
    "spine_01": {
      "name": "spine_01",
      "local": {
        "location": {
          "x": 0.0,
          "y": 0.0,
          "z": 0.0
        },
        "rotation_quaternion": {
          "w": 0.9966031908988953,
          "x": 0.07840675860643387,
          "y": -0.0007025045924820006,
          "z": -0.025181621313095093
        },
        "scale": {
          "x": 1.0,
          "y": 1.0,
          "z": 1.0
        },
        "matrix_basis": [
          [
            0.9987307786941528,
            0.0500820055603981,
            -0.005349055398255587,
            0.0
          ],
          [
            -0.050302330404520035,
            0.9864365458488464,
            -0.15624547004699707,
            0.0
          ],
          [
            -0.0025485819205641747,
            0.15631623566150665,
            0.987703800201416,
            0.0
          ],
          [
            0.0,
            0.0,
            0.0,
            1.0
          ]
        ],
        "rotation_mode": "QUATERNION"
      },
      "armature_space": {
        "head": {
          "x": 0.004195589106529951,
          "y": -4.044920206069946e-05,
          "z": -0.0013042381033301353
        },
        "tail": {
          "x": 0.029177576303482056,
          "y": -0.061264485120773315,
          "z": 0.48219960927963257
        }
      },
      "world_space": {
        "head": {
          "x": 0.004195589106529951,
          "y": 0.06320355087518692,
          "z": 0.9485498070716858
        },
        "tail": {
          "x": 0.029177576303482056,
          "y": 0.001979514956474304,
          "z": 1.432053565979004
        },
        "rotation_quaternion": {
          "w": 0.6602060794830322,
          "x": 0.7501438856124878,
          "y": 0.037393923848867416,
          "z": 0.0037179607897996902
        },
        "matrix": [
          [
            0.9971757531166077,
            0.05119246616959572,
            0.054953716695308685,
            0.004195589106529951
          ],
          [
            0.0610111840069294,
            -0.12545877695083618,
            -0.9902211427688599,
            0.06320355087518692
          ],
          [
            -0.043797679245471954,
            0.9907841086387634,
            -0.1282295435667038,
            0.9485498070716858
          ],
          [
            0.0,
            0.0,
            0.0,
            1.0
          ]
        ]
      },
      "bone_length_armature_space": 0.48800456522728997,
      "parent": "Root",
      "has_children": true,
      "is_end_bone": false
    },
    "neck_01": {
      "name": "neck_01",
      "local": {
        "location": {
          "x": 0.0,
          "y": 0.0,
          "z": 0.0
        },
        "rotation_quaternion": {
          "w": 0.987565279006958,
          "x": -0.07743611186742783,
          "y": 0.012861724011600018,
          "z": -0.1362103670835495
        },
        "scale": {
          "x": 1.0,
          "y": 1.0,
          "z": 1.0
        },
        "matrix_basis": [
          [
            0.962562620639801,
            0.26704132556915283,
            0.04649878665804863,
            0.0
          ],
          [
            -0.2710251808166504,
            0.9509007930755615,
            0.1494426280260086,
            0.0
          ],
          [
            -0.004308381583541632,
            -0.15645022690296173,
            0.9876764416694641,
            0.0
          ],
          [
            0.0,
            0.0,
            0.0,
            1.0
          ]
        ],
        "rotation_mode": "QUATERNION"
      },
      "armature_space": {
        "head": {
          "x": 0.03483162820339203,
          "y": -0.10479169338941574,
          "z": 0.5502962470054626
        },
        "tail": {
          "x": 0.06830938905477524,
          "y": -0.13722090423107147,
          "z": 0.6416106820106506
        }
      },
      "world_space": {
        "head": {
          "x": 0.03483162820339203,
          "y": -0.04154769331216812,
          "z": 1.500150203704834
        },
        "tail": {
          "x": 0.06830938905477524,
          "y": -0.07397690415382385,
          "z": 1.5914647579193115
        },
        "rotation_quaternion": {
          "w": 0.5620788335800171,
          "x": 0.8091384768486023,
          "y": 0.16096223890781403,
          "z": -0.05876626819372177
        },
        "matrix": [
          [
            0.9412751793861389,
            0.32654431462287903,
            0.0858483761548996,
            0.03483162820339203
          ],
          [
            0.1944204568862915,
            -0.31631672382354736,
            -0.9285175204277039,
            -0.04154769331216812
          ],
          [
            -0.27604857087135315,
            0.8906869888305664,
            -0.36123138666152954,
            1.500150203704834
          ],
          [
            0.0,
            0.0,
            0.0,
            1.0
          ]
        ]
      },
      "bone_length_armature_space": 0.10252189946723302,
      "parent": "spine_01",
      "has_children": true,
      "is_end_bone": false
    },
    "head": {
      "name": "head",
      "local": {
        "location": {
          "x": 0.0,
          "y": 0.0,
          "z": 0.0
        },
        "rotation_quaternion": {
          "w": 0.9800668358802795,
          "x": -0.08709649741649628,
          "y": -0.04232548549771309,
          "z": 0.17346982657909393
        },
        "scale": {
          "x": 1.0,
          "y": 1.0,
          "z": 1.0
        },
        "matrix_basis": [
          [
            0.9362335205078125,
            -0.3326512575149536,
            -0.11318083852529526,
            0.0
          ],
          [
            0.3473968505859375,
            0.9246448278427124,
            0.1560363918542862,
            0.0
          ],
          [
            0.05274638161063194,
            -0.1854051649570465,
            0.9812455177307129,
            0.0
          ],
          [
            0.0,
            0.0,
            0.0,
            1.0
          ]
        ],
        "rotation_mode": "QUATERNION"
      },
      "armature_space": {
        "head": {
          "x": 0.06830938160419464,
          "y": -0.13722102344036102,
          "z": 0.6416105628013611
        },
        "tail": {
          "x": 0.053219497203826904,
          "y": -0.11307807266712189,
          "z": 0.7940661907196045
        }
      },
      "world_space": {
        "head": {
          "x": 0.06830938160419464,
          "y": -0.0739770233631134,
          "z": 1.5914645195007324
        },
        "tail": {
          "x": 0.053219497203826904,
          "y": -0.04983407258987427,
          "z": 1.7439202070236206
        },
        "rotation_quaternion": {
          "w": 0.7599599957466125,
          "x": 0.6449694633483887,
          "y": 0.017196815460920334,
          "z": 0.07860957086086273
        },
        "matrix": [
          [
            0.9870496392250061,
            -0.09729745984077454,
            0.12753993272781372,
            0.06830938160419464
          ],
          [
            0.14166375994682312,
            0.15567034482955933,
            -0.9775983691215515,
            -0.0739770233631134
          ],
          [
            0.0752643421292305,
            0.9830127358436584,
            0.1674381047487259,
            1.5914645195007324
          ],
          [
            0.0,
            0.0,
            0.0,
            1.0
          ]
        ]
      },
      "bone_length_armature_space": 0.15509127735193629,
      "parent": "neck_01",
      "has_children": false,
      "is_end_bone": true
    },
    "upperarm_l": {
      "name": "upperarm_l",
      "local": {
        "location": {
          "x": 0.0,
          "y": 0.0,
          "z": 0.0
        },
        "rotation_quaternion": {
          "w": 0.8512331247329712,
          "x": 0.46497613191604614,
          "y": -0.23300866782665253,
          "z": -0.07004623860120773
        },
        "scale": {
          "x": 1.0,
          "y": 1.0,
          "z": 1.0
        },
        "matrix_basis": [
          [
            0.8816009759902954,
            -0.09743557870388031,
            -0.4618290364742279,
            0.0
          ],
          [
            -0.33593830466270447,
            0.557781457901001,
            -0.758963406085968,
            0.0
          ],
          [
            0.331549733877182,
            0.8242489099502563,
            0.4590083062648773,
            0.0
          ],
          [
            0.0,
            0.0,
            0.0,
            1.0
          ]
        ],
        "rotation_mode": "QUATERNION"
      },
      "armature_space": {
        "head": {
          "x": 0.18114271759986877,
          "y": -0.09036615490913391,
          "z": 0.47672930359840393
        },
        "tail": {
          "x": 0.35186219215393066,
          "y": -0.29618269205093384,
          "z": 0.4593490958213806
        }
      },
      "world_space": {
        "head": {
          "x": 0.18114271759986877,
          "y": -0.02712215483188629,
          "z": 1.4265832901000977
        },
        "tail": {
          "x": 0.35186219215393066,
          "y": -0.23293869197368622,
          "z": 1.409203052520752
        },
        "rotation_quaternion": {
          "w": 0.27066200971603394,
          "x": 0.49198538064956665,
          "y": 0.2066691368818283,
          "z": -0.8012367486953735
        },
        "matrix": [
          [
            -0.36938485503196716,
            0.6370855569839478,
            -0.6765183806419373,
            0.18114271759986877
          ],
          [
            -0.2303733378648758,
            -0.7680597901344299,
            -0.5975054502487183,
            -0.02712215483188629
          ],
          [
            -0.900274932384491,
            -0.06485891342163086,
            0.43047961592674255,
            1.4265832901000977
          ],
          [
            0.0,
            0.0,
            0.0,
            1.0
          ]
        ]
      },
      "bone_length_armature_space": 0.2679695081726156,
      "parent": "spine_01",
      "has_children": true,
      "is_end_bone": false
    },
    "lowerarm_l": {
      "name": "lowerarm_l",
      "local": {
        "location": {
          "x": 0.0,
          "y": 0.0,
          "z": 0.0
        },
        "rotation_quaternion": {
          "w": 0.9754959344863892,
          "x": 0.0654517337679863,
          "y": -0.06882265955209732,
          "z": 0.19846269488334656
        },
        "scale": {
          "x": 1.0,
          "y": 1.0,
          "z": 1.0
        },
        "matrix_basis": [
          [
            0.9117519855499268,
            -0.3962082266807556,
            -0.10829299688339233,
            0.0
          ],
          [
            0.37818998098373413,
            0.9126572608947754,
            -0.15501326322555542,
            0.0
          ],
          [
            0.1602519005537033,
            0.10037834197282791,
            0.9819590449333191,
            0.0
          ],
          [
            0.0,
            0.0,
            0.0,
            1.0
          ]
        ],
        "rotation_mode": "QUATERNION"
      },
      "armature_space": {
        "head": {
          "x": 0.35186225175857544,
          "y": -0.2961827516555786,
          "z": 0.45934921503067017
        },
        "tail": {
          "x": 0.5200279951095581,
          "y": -0.46955177187919617,
          "z": 0.5743838548660278
        }
      },
      "world_space": {
        "head": {
          "x": 0.35186225175857544,
          "y": -0.232938751578331,
          "z": 1.409203290939331
        },
        "tail": {
          "x": 0.5200279951095581,
          "y": -0.40630775690078735,
          "z": 1.524237871170044
        },
        "rotation_quaternion": {
          "w": 0.41711750626564026,
          "x": 0.4299847185611725,
          "y": -0.044584259390830994,
          "z": -0.7994613647460938
        },
        "matrix": [
          [
            -0.28225135803222656,
            0.6285995244979858,
            -0.7247048020362854,
            0.35186225175857544
          ],
          [
            -0.7052803635597229,
            -0.6480491757392883,
            -0.2874235510826111,
            -0.232938751578331
          ],
          [
            -0.6503236889839172,
            0.42999666929244995,
            0.6262558698654175,
            1.409203290939331
          ],
          [
            0.0,
            0.0,
            0.0,
            1.0
          ]
        ]
      },
      "bone_length_armature_space": 0.2675247730889858,
      "parent": "upperarm_l",
      "has_children": true,
      "is_end_bone": false
    },
    "metacarpal_thumb_l": {
      "name": "metacarpal_thumb_l",
      "local": {
        "location": {
          "x": 0.0,
          "y": 0.0,
          "z": 0.0
        },
        "rotation_quaternion": {
          "w": 0.999737024307251,
          "x": -0.020646588876843452,
          "y": 0.00638352008536458,
          "z": -0.007668903563171625
        },
        "scale": {
          "x": 1.0,
          "y": 1.0,
          "z": 1.0
        },
        "matrix_basis": [
          [
            0.9998008608818054,
            0.015070177614688873,
            0.0130803557112813,
            0.0
          ],
          [
            -0.015597369521856308,
            0.999029815196991,
            0.04118441045284271,
            0.0
          ],
          [
            -0.012447009794414043,
            -0.041380226612091064,
            0.9990659356117249,
            0.0
          ],
          [
            0.0,
            0.0,
            0.0,
            1.0
          ]
        ],
        "rotation_mode": "QUATERNION"
      },
      "armature_space": {
        "head": {
          "x": 0.5200279951095581,
          "y": -0.46955177187919617,
          "z": 0.5743838548660278
        },
        "tail": {
          "x": 0.5223356485366821,
          "y": -0.5085635781288147,
          "z": 0.6048198342323303
        }
      },
      "world_space": {
        "head": {
          "x": 0.5200279951095581,
          "y": -0.40630775690078735,
          "z": 1.524237871170044
        },
        "tail": {
          "x": 0.5223356485366821,
          "y": -0.44531959295272827,
          "z": 1.5546739101409912
        },
        "rotation_quaternion": {
          "w": 0.3239955008029938,
          "x": 0.9294871687889099,
          "y": -0.03515702486038208,
          "z": -0.17275582253932953
        },
        "matrix": [
          [
            0.9378390312194824,
            0.04658800736069679,
            -0.3439297378063202,
            0.5200279951095581
          ],
          [
            -0.17730005085468292,
            -0.7875818014144897,
            -0.590152382850647,
            -0.40630775690078735
          ],
          [
            -0.29836928844451904,
            0.6144500970840454,
            -0.7303705215454102,
            1.524237871170044
          ],
          [
            0.0,
            0.0,
            0.0,
            1.0
          ]
        ]
      },
      "bone_length_armature_space": 0.0495337776555266,
      "parent": "lowerarm_l",
      "has_children": true,
      "is_end_bone": false
    },
    "thumb_01_l": {
      "name": "thumb_01_l",
      "local": {
        "location": {
          "x": 0.0,
          "y": 0.0,
          "z": 0.0
        },
        "rotation_quaternion": {
          "w": 0.9970757961273193,
          "x": 0.07303696870803833,
          "y": -0.022485559806227684,
          "z": -0.00023972944472916424
        },
        "scale": {
          "x": 1.0,
          "y": 1.0,
          "z": 1.0
        },
        "matrix_basis": [
          [
            0.998988687992096,
            -0.0028064975049346685,
            -0.044874634593725204,
            0.0
          ],
          [
            -0.00376261118799448,
            0.989331066608429,
            -0.14563600718975067,
            0.0
          ],
          [
            0.04480459541082382,
            0.14565756916999817,
            0.988319993019104,
            0.0
          ],
          [
            0.0,
            0.0,
            0.0,
            1.0
          ]
        ],
        "rotation_mode": "QUATERNION"
      },
      "armature_space": {
        "head": {
          "x": 0.5223356485366821,
          "y": -0.5085635781288147,
          "z": 0.6048198342323303
        },
        "tail": {
          "x": 0.5154225826263428,
          "y": -0.5415187478065491,
          "z": 0.5998405814170837
        }
      },
      "world_space": {
        "head": {
          "x": 0.5223356485366821,
          "y": -0.44531959295272827,
          "z": 1.5546739101409912
        },
        "tail": {
          "x": 0.5154225826263428,
          "y": -0.47827476263046265,
          "z": 1.549694538116455
        },
        "rotation_quaternion": {
          "w": 0.00036728932172991335,
          "x": -0.8066355586051941,
          "y": 0.12615209817886353,
          "z": -0.5774292945861816
        },
        "matrix": [
          [
            0.30132195353507996,
            -0.20309486985206604,
            0.9316425919532776,
            0.5223356485366821
          ],
          [
            -0.2039414644241333,
            -0.9681710004806519,
            -0.1450967937707901,
            -0.44531959295272827
          ],
          [
            0.9314637780189514,
            -0.14628179371356964,
            -0.33315330743789673,
            1.5546739101409912
          ],
          [
            0.0,
            0.0,
            0.0,
            1.0
          ]
        ]
      },
      "bone_length_armature_space": 0.03403860502249275,
      "parent": "metacarpal_thumb_l",
      "has_children": true,
      "is_end_bone": false
    },
    "thumb_02_l": {
      "name": "thumb_02_l",
      "local": {
        "location": {
          "x": 0.0,
          "y": 0.0,
          "z": 0.0
        },
        "rotation_quaternion": {
          "w": 0.9935457110404968,
          "x": 0.1131037175655365,
          "y": 0.008631541393697262,
          "z": -0.00020453895558603108
        },
        "scale": {
          "x": 1.0,
          "y": 1.0,
          "z": 1.0
        },
        "matrix_basis": [
          [
            0.9998509287834167,
            0.0023589564952999353,
            0.01710539311170578,
            0.0
          ],
          [
            0.0015460812719538808,
            0.9744150042533875,
            -0.22475095093250275,
            0.0
          ],
          [
            -0.017197929322719574,
            0.22474390268325806,
            0.9742661118507385,
            0.0
          ],
          [
            0.0,
            0.0,
            0.0,
            1.0
          ]
        ],
        "rotation_mode": "QUATERNION"
      },
      "armature_space": {
        "head": {
          "x": 0.515422523021698,
          "y": -0.5415186882019043,
          "z": 0.5998405814170837
        },
        "tail": {
          "x": 0.5467419028282166,
          "y": -0.5619915127754211,
          "z": 0.6144399642944336
        }
      },
      "world_space": {
        "head": {
          "x": 0.515422523021698,
          "y": -0.47827470302581787,
          "z": 1.549694538116455
        },
        "tail": {
          "x": 0.5467419028282166,
          "y": -0.4987475275993347,
          "z": 1.5642939805984497
        },
        "rotation_quaternion": {
          "w": 0.25774791836738586,
          "x": -0.4812610149383545,
          "y": -0.4227330684661865,
          "z": -0.7233607172966003
        },
        "matrix": [
          [
            -0.403908371925354,
            0.7797790765762329,
            0.47833365201950073,
            0.515422523021698
          ],
          [
            0.033999521285295486,
            -0.5097260475158691,
            0.859664797782898,
            -0.47827470302581787
          ],
          [
            0.9141741394996643,
            0.36349058151245117,
            0.17937257885932922,
            1.549694538116455
          ],
          [
            0.0,
            0.0,
            0.0,
            1.0
          ]
        ]
      },
      "bone_length_armature_space": 0.04016443738270144,
      "parent": "thumb_01_l",
      "has_children": true,
      "is_end_bone": false
    },
    "thumb_03_l": {
      "name": "thumb_03_l",
      "local": {
        "location": {
          "x": 0.0,
          "y": 0.0,
          "z": 0.0
        },
        "rotation_quaternion": {
          "w": 0.9966977834701538,
          "x": 0.08073700964450836,
          "y": -0.007272440008819103,
          "z": 0.004717519972473383
        },
        "scale": {
          "x": 1.0,
          "y": 1.0,
          "z": 1.0
        },
        "matrix_basis": [
          [
            0.9998497366905212,
            -0.010578193701803684,
            -0.013735093176364899,
            0.0
          ],
          [
            0.008229573257267475,
            0.986918568611145,
            -0.16100941598415375,
            0.0
          ],
          [
            0.015258606523275375,
            0.1608721762895584,
            0.9868572950363159,
            0.0
          ],
          [
            0.0,
            0.0,
            0.0,
            1.0
          ]
        ],
        "rotation_mode": "QUATERNION"
      },
      "armature_space": {
        "head": {
          "x": 0.546741783618927,
          "y": -0.5619915723800659,
          "z": 0.6144400238990784
        },
        "tail": {
          "x": 0.5755489468574524,
          "y": -0.5652344822883606,
          "z": 0.6237418055534363
        }
      },
      "world_space": {
        "head": {
          "x": 0.546741783618927,
          "y": -0.4987475872039795,
          "z": 1.5642940998077393
        },
        "tail": {
          "x": 0.5755489468574524,
          "y": -0.5019904971122742,
          "z": 1.5735957622528076
        },
        "rotation_quaternion": {
          "w": 0.4894094169139862,
          "x": -0.31472113728523254,
          "y": -0.45521280169487,
          "z": -0.6739514470100403
        },
        "matrix": [
          [
            -0.32285720109939575,
            0.94620680809021,
            -0.02135898917913437,
            0.546741783618927
          ],
          [
            -0.37314748764038086,
            -0.10651779174804688,
            0.9216372966766357,
            -0.4987475872039795
          ],
          [
            0.8697900176048279,
            0.3055289685726166,
            0.3874684274196625,
            1.5642940998077393
          ],
          [
            0.0,
            0.0,
            0.0,
            1.0
          ]
        ]
      },
      "bone_length_armature_space": 0.030444905282602255,
      "parent": "thumb_02_l",
      "has_children": false,
      "is_end_bone": true
    },
    "metacarpal_index_l": {
      "name": "metacarpal_index_l",
      "local": {
        "location": {
          "x": 0.0,
          "y": 0.0,
          "z": 0.0
        },
        "rotation_quaternion": {
          "w": 0.9988332390785217,
          "x": -0.039903879165649414,
          "y": -0.021602297201752663,
          "z": -0.016528397798538208
        },
        "scale": {
          "x": 1.0,
          "y": 1.0,
          "z": 1.0
        },
        "matrix_basis": [
          [
            0.9985203146934509,
            0.03474225848913193,
            -0.04183509200811386,
            0.0
          ],
          [
            -0.03129419684410095,
            0.9962689876556396,
            0.08042874187231064,
            0.0
          ],
          [
            0.044473279267549515,
            -0.07900054007768631,
            0.9958820343017578,
            0.0
          ],
          [
            0.0,
            0.0,
            0.0,
            1.0
          ]
        ],
        "rotation_mode": "QUATERNION"
      },
      "armature_space": {
        "head": {
          "x": 0.5200279951095581,
          "y": -0.46955177187919617,
          "z": 0.5743838548660278
        },
        "tail": {
          "x": 0.5715617537498474,
          "y": -0.5517981052398682,
          "z": 0.6400274634361267
        }
      },
      "world_space": {
        "head": {
          "x": 0.5200279951095581,
          "y": -0.40630775690078735,
          "z": 1.524237871170044
        },
        "tail": {
          "x": 0.5715617537498474,
          "y": -0.48855412006378174,
          "z": 1.589881420135498
        },
        "rotation_quaternion": {
          "w": 0.3844805359840393,
          "x": 0.7739738821983337,
          "y": 0.03479082137346268,
          "z": -0.5019251108169556
        },
        "matrix": [
          [
            0.49372267723083496,
            0.43981385231018066,
            -0.7502012252807617,
            0.5200279951095581
          ],
          [
            -0.3321057856082916,
            -0.7019297480583191,
            -0.630079984664917,
            -0.40630775690078735
          ],
          [
            -0.8037123680114746,
            0.5602341294288635,
            -0.20049573481082916,
            1.524237871170044
          ],
          [
            0.0,
            0.0,
            0.0,
            1.0
          ]
        ]
      },
      "bone_length_armature_space": 0.11717197196125739,
      "parent": "lowerarm_l",
      "has_children": true,
      "is_end_bone": false
    },
    "index_01_l": {
      "name": "index_01_l",
      "local": {
        "location": {
          "x": 0.0,
          "y": 0.0,
          "z": 0.0
        },
        "rotation_quaternion": {
          "w": 0.9961308240890503,
          "x": -0.08642362058162689,
          "y": 0.014461895450949669,
          "z": -0.006726029794663191
        },
        "scale": {
          "x": 1.0,
          "y": 1.0,
          "z": 1.0
        },
        "matrix_basis": [
          [
            0.9994912147521973,
            0.010900312103331089,
            0.029974455013871193,
            0.0
          ],
          [
            -0.01589971035718918,
            0.9849714636802673,
            0.17198392748832703,
            0.0
          ],
          [
            -0.027649303898215294,
            -0.17237301170825958,
            0.9846436381340027,
            0.0
          ],
          [
            0.0,
            0.0,
            0.0,
            1.0
          ]
        ],
        "rotation_mode": "QUATERNION"
      },
      "armature_space": {
        "head": {
          "x": 0.5715617537498474,
          "y": -0.5517981052398682,
          "z": 0.6400274634361267
        },
        "tail": {
          "x": 0.5939731001853943,
          "y": -0.5674148797988892,
          "z": 0.6482077836990356
        }
      },
      "world_space": {
        "head": {
          "x": 0.5715617537498474,
          "y": -0.48855412006378174,
          "z": 1.589881420135498
        },
        "tail": {
          "x": 0.5939731001853943,
          "y": -0.5041708946228027,
          "z": 1.5980618000030518
        },
        "rotation_quaternion": {
          "w": 0.3943500518798828,
          "x": 0.711973249912262,
          "y": 0.2657966911792755,
          "z": -0.5166566967964172
        },
        "matrix": [
          [
            0.3248361349105835,
            0.7859674096107483,
            -0.5260579586029053,
            0.5715617537498474
          ],
          [
            -0.029006188735365868,
            -0.5476807951927185,
            -0.8361847400665283,
            -0.48855412006378174
          ],
          [
            -0.9453322887420654,
            0.2868833541870117,
            -0.15511031448841095,
            1.589881420135498
          ],
          [
            0.0,
            0.0,
            0.0,
            1.0
          ]
        ]
      },
      "bone_length_armature_space": 0.028514377500569725,
      "parent": "metacarpal_index_l",
      "has_children": true,
      "is_end_bone": false
    },
    "index_02_l": {
      "name": "index_02_l",
      "local": {
        "location": {
          "x": 0.0,
          "y": 0.0,
          "z": 0.0
        },
        "rotation_quaternion": {
          "w": 0.9863911867141724,
          "x": 0.164364755153656,
          "y": -0.003334630746394396,
          "z": 0.002384583931416273
        },
        "scale": {
          "x": 1.0,
          "y": 1.0,
          "z": 1.0
        },
        "matrix_basis": [
          [
            0.9999663829803467,
            -0.005800456739962101,
            -0.005794617813080549,
            0.0
          ],
          [
            0.0036080735735595226,
            0.9459570646286011,
            -0.3242717981338501,
            0.0
          ],
          [
            0.007362383883446455,
            0.3242399990558624,
            0.945946216583252,
            0.0
          ],
          [
            0.0,
            0.0,
            0.0,
            1.0
          ]
        ],
        "rotation_mode": "QUATERNION"
      },
      "armature_space": {
        "head": {
          "x": 0.5939731597900391,
          "y": -0.5674152970314026,
          "z": 0.6482080221176147
        },
        "tail": {
          "x": 0.6093721389770508,
          "y": -0.5870885252952576,
          "z": 0.6540325880050659
        }
      },
      "world_space": {
        "head": {
          "x": 0.5939731597900391,
          "y": -0.5041713118553162,
          "z": 1.5980620384216309
        },
        "tail": {
          "x": 0.6093721389770508,
          "y": -0.5238445401191711,
          "z": 1.603886604309082
        },
        "rotation_quaternion": {
          "w": 0.2919614911079407,
          "x": 0.7400458455085754,
          "y": 0.17695757746696472,
          "z": -0.579462468624115
        },
        "matrix": [
          [
            0.2658188045024872,
            0.6002744436264038,
            -0.7543283700942993,
            0.5939731597900391
          ],
          [
            -0.07644776254892349,
            -0.7668895721435547,
            -0.6372101306915283,
            -0.5041713118553162
          ],
          [
            -0.9609941244125366,
            0.22704994678497314,
            -0.15796557068824768,
            1.5980620384216309
          ],
          [
            0.0,
            0.0,
            0.0,
            1.0
          ]
        ]
      },
      "bone_length_armature_space": 0.025653265978569102,
      "parent": "index_01_l",
      "has_children": true,
      "is_end_bone": false
    },
    "index_03_l": {
      "name": "index_03_l",
      "local": {
        "location": {
          "x": 0.0,
          "y": 0.0,
          "z": 0.0
        },
        "rotation_quaternion": {
          "w": 0.9778757095336914,
          "x": 0.2089775949716568,
          "y": -0.007660135626792908,
          "z": 0.005387771409004927
        },
        "scale": {
          "x": 1.0,
          "y": 1.0,
          "z": 1.0
        },
        "matrix_basis": [
          [
            0.999824583530426,
            -0.013738734647631645,
            -0.01272947434335947,
            0.0
          ],
          [
            0.007335548289120197,
            0.9125986695289612,
            -0.4087907671928406,
            0.0
          ],
          [
            0.017233168706297874,
            0.40862569212913513,
            0.9125393629074097,
            0.0
          ],
          [
            0.0,
            0.0,
            0.0,
            1.0
          ]
        ],
        "rotation_mode": "QUATERNION"
      },
      "armature_space": {
        "head": {
          "x": 0.6093722581863403,
          "y": -0.587088406085968,
          "z": 0.6540325880050659
        },
        "tail": {
          "x": 0.6146048307418823,
          "y": -0.6158236861228943,
          "z": 0.6548298001289368
        }
      },
      "world_space": {
        "head": {
          "x": 0.6093722581863403,
          "y": -0.5238444209098816,
          "z": 1.603886604309082
        },
        "tail": {
          "x": 0.6146048307418823,
          "y": -0.5525797009468079,
          "z": 1.6046838760375977
        },
        "rotation_quaternion": {
          "w": 0.06548327952623367,
          "x": 0.7912245988845825,
          "y": 0.06311960518360138,
          "z": -0.6047243475914001
        },
        "matrix": [
          [
            0.26064884662628174,
            0.17908254265785217,
            -0.9486789703369141,
            0.6093722581863403
          ],
          [
            0.020684773102402687,
            -0.9834558963775635,
            -0.17996439337730408,
            -0.5238444209098816
          ],
          [
            -0.9652190208435059,
            0.027283623814582825,
            -0.2600427269935608,
            1.603886604309082
          ],
          [
            0.0,
            0.0,
            0.0,
            1.0
          ]
        ]
      },
      "bone_length_armature_space": 0.029218686865063973,
      "parent": "index_02_l",
      "has_children": false,
      "is_end_bone": true
    },
    "metacarpal_pinky_l": {
      "name": "metacarpal_pinky_l",
      "local": {
        "location": {
          "x": 0.0,
          "y": 0.0,
          "z": 0.0
        },
        "rotation_quaternion": {
          "w": 0.9991157650947571,
          "x": -0.03405359387397766,
          "y": -0.019045952707529068,
          "z": 0.015660617500543594
        },
        "scale": {
          "x": 1.0,
          "y": 1.0,
          "z": 1.0
        },
        "matrix_basis": [
          [
            0.9987840056419373,
            -0.029996372759342194,
            -0.03912482410669327,
            0.0
          ],
          [
            0.032590705901384354,
            0.9971901774406433,
            0.06745041906833649,
            0.0
          ],
          [
            0.03699162229895592,
            -0.06864351034164429,
            0.9969552159309387,
            0.0
          ],
          [
            0.0,
            0.0,
            0.0,
            1.0
          ]
        ],
        "rotation_mode": "QUATERNION"
      },
      "armature_space": {
        "head": {
          "x": 0.5200279951095581,
          "y": -0.46955177187919617,
          "z": 0.5743838548660278
        },
        "tail": {
          "x": 0.6056421995162964,
          "y": -0.5269203186035156,
          "z": 0.5892927646636963
        }
      },
      "world_space": {
        "head": {
          "x": 0.5200279951095581,
          "y": -0.40630775690078735,
          "z": 1.524237871170044
        },
        "tail": {
          "x": 0.6056421995162964,
          "y": -0.4636763334274292,
          "z": 1.5391467809677124
        },
        "rotation_quaternion": {
          "w": 0.4294602870941162,
          "x": -0.22970172762870789,
          "y": -0.20024773478507996,
          "z": -0.8501187562942505
        },
        "matrix": [
          [
            -0.5256018042564392,
            0.8221796751022339,
            0.21854914724826813,
            0.5200279951095581
          ],
          [
            -0.6381903886795044,
            -0.5509282350540161,
            0.5377652645111084,
            -0.40630775690078735
          ],
          [
            0.5625479817390442,
            0.14317478239536285,
            0.8142820596694946,
            1.524237871170044
          ],
          [
            0.0,
            0.0,
            0.0,
            1.0
          ]
        ]
      },
      "bone_length_armature_space": 0.10413077095751178,
      "parent": "lowerarm_l",
      "has_children": true,
      "is_end_bone": false
    },
    "pinky_01_l": {
      "name": "pinky_01_l",
      "local": {
        "location": {
          "x": 0.0,
          "y": 0.0,
          "z": 0.0
        },
        "rotation_quaternion": {
          "w": 0.9979127645492554,
          "x": 0.059674330055713654,
          "y": 0.01970890536904335,
          "z": 0.014858903363347054
        },
        "scale": {
          "x": 1.0,
          "y": 1.0,
          "z": 1.0
        },
        "matrix_basis": [
          [
            0.9987815618515015,
            -0.027303546667099,
            0.04110892489552498,
            0.0
          ],
          [
            0.032008010894060135,
            0.9924363493919373,
            -0.11851384490728378,
            0.0
          ],
          [
            -0.03756214678287506,
            0.11968525499105453,
            0.9921010732650757,
            0.0
          ],
          [
            0.0,
            0.0,
            0.0,
            1.0
          ]
        ],
        "rotation_mode": "QUATERNION"
      },
      "armature_space": {
        "head": {
          "x": 0.6056421995162964,
          "y": -0.5269203186035156,
          "z": 0.5892927646636963
        },
        "tail": {
          "x": 0.6194047927856445,
