{
  "metadata": {
    "armature_name": "KIM_caucasian_male",
    "export_time": "2026-01-13T21:16:35.835977",
    "blender_version": "4.4.1",
    "bone_count": 56,
    "end_bone_count": 13,
    "spaces_included": [
      "LOCAL_CHANNELS",
      "ARMATURE_SPACE",
      "WORLD_SPACE"
    ],
    "note": "LOCAL matches Transform panel; replay pose via local.matrix_basis for best fidelity."
  },
  "bones": {
    "Root": {
      "name": "Root",
      "local": {
        "location": {
          "x": 0.0,
          "y": 0.0,
          "z": 0.0
        },
        "rotation_quaternion": {
          "w": 0.9997886419296265,
          "x": 0.0125363077968359,
          "y": -0.0005655151326209307,
          "z": -0.016283899545669556
        },
        "scale": {
          "x": 1.0,
          "y": 1.0,
          "z": 1.0
        },
        "matrix_basis": [
          [
            0.9994690418243408,
            0.03254673629999161,
            -0.00153907120693475,
            0.0
          ],
          [
            -0.0325750932097435,
            0.9991553425788879,
            -0.02504889853298664,
            0.0
          ],
          [
            0.0007225112640298903,
            0.025085734203457832,
            0.9996850490570068,
            0.0
          ],
          [
            0.0,
            0.0,
            0.0,
            1.0
          ]
        ],
        "rotation_mode": "QUATERNION"
      },
      "armature_space": {
        "head": {
          "x": 0.0,
          "y": 0.07072800397872925,
          "z": -0.009595036506652832
        },
        "tail": {
          "x": 0.002323051681742072,
          "y": -0.00018095970153808594,
          "z": -0.0017823809757828712
        }
      },
      "world_space": {
        "head": {
          "x": 0.0,
          "y": 0.13397200405597687,
          "z": 0.9402589797973633
        },
        "tail": {
          "x": 0.002323051681742072,
          "y": 0.06306304037570953,
          "z": 0.9480716586112976
        },
        "rotation_quaternion": {
          "w": 0.05484559014439583,
          "x": 0.9983618855476379,
          "y": 0.01620880700647831,
          "z": -0.0016612409381195903
        },
        "matrix": [
          [
            0.9994690418243408,
            0.03254673629999161,
            -0.00153907120693475,
            0.0
          ],
          [
            0.03218228742480278,
            -0.9934584498405457,
            -0.10956582427024841,
            0.13397200405597687
          ],
          [
            -0.005095018073916435,
            0.10945793241262436,
            -0.9939854145050049,
            0.9402589797973633
          ],
          [
            0.0,
            0.0,
            0.0,
            1.0
          ]
        ]
      },
      "bone_length_armature_space": 0.07137587324897104,
      "parent": null,
      "has_children": true,
      "is_end_bone": false
    },
    "spine_01": {
      "name": "spine_01",
      "local": {
        "location": {
          "x": 0.0,
          "y": 0.0,
          "z": 0.0
        },
        "rotation_quaternion": {
          "w": 0.9991028308868408,
          "x": 0.02373361773788929,
          "y": 0.03479444235563278,
          "z": -0.004434011410921812
        },
        "scale": {
          "x": 1.0,
          "y": 1.0,
          "z": 1.0
        },
        "matrix_basis": [
          [
            0.9975394010543823,
            0.010511662811040878,
            0.06931598484516144,
            0.0
          ],
          [
            -0.007208470720797777,
            0.9988341331481934,
            -0.047733206301927567,
            0.0
          ],
          [
            -0.06973692029714584,
            0.04711608961224556,
            0.9964521527290344,
            0.0
          ],
          [
            0.0,
            0.0,
            0.0,
            1.0
          ]
        ],
        "rotation_mode": "QUATERNION"
      },
      "armature_space": {
        "head": {
          "x": 0.002323051681742072,
          "y": -0.00018095970153808594,
          "z": -0.0017823809757828712
        },
        "tail": {
          "x": 0.010335208848118782,
          "y": -0.012390748597681522,
          "z": 0.48600369691848755
        }
      },
      "world_space": {
        "head": {
          "x": 0.002323051681742072,
          "y": 0.06306304037570953,
          "z": 0.9480716586112976
        },
        "tail": {
          "x": 0.010335208848118782,
          "y": 0.05085325241088867,
          "z": 1.4358577728271484
        },
        "rotation_quaternion": {
          "w": 0.6969844698905945,
          "x": 0.7152454257011414,
          "y": 0.04126165062189102,
          "z": 0.030564630404114723
        },
        "matrix": [
          [
            0.9947265982627869,
            0.01641831360757351,
            0.10123996436595917,
            0.002323051681742072
          ],
          [
            0.10163062810897827,
            -0.025019995868206024,
            -0.9945075511932373,
            0.06306304037570953
          ],
          [
            -0.013795113191008568,
            0.9995591044425964,
            -0.026557765901088715,
            0.9480716586112976
          ],
          [
            0.0,
            0.0,
            0.0,
            1.0
          ]
        ]
      },
      "bone_length_armature_space": 0.48800464500115026,
      "parent": "Root",
      "has_children": true,
      "is_end_bone": false
    },
    "neck_01": {
      "name": "neck_01",
      "local": {
        "location": {
          "x": 0.0,
          "y": 0.0,
          "z": 0.0
        },
        "rotation_quaternion": {
          "w": 0.9943687915802002,
          "x": -0.07635539025068283,
          "y": -0.0001353016559733078,
          "z": -0.07348929345607758
        },
        "scale": {
          "x": 1.0,
          "y": 1.0,
          "z": 1.0
        },
        "matrix_basis": [
          [
            0.989198625087738,
            0.14617158472537994,
            0.010953527875244617,
            0.0
          ],
          [
            -0.1461302638053894,
            0.9775383472442627,
            0.1518707275390625,
            0.0
          ],
          [
            0.011491687037050724,
            -0.15183094143867493,
            0.9883396625518799,
            0.0
          ],
          [
            0.0,
            0.0,
            0.0,
            1.0
          ]
        ],
        "rotation_mode": "QUATERNION"
      },
      "armature_space": {
        "head": {
          "x": 0.015048379078507423,
          "y": -0.048712633550167084,
          "z": 0.5582688450813293
        },
        "tail": {
          "x": 0.03400024026632309,
          "y": -0.07322230935096741,
          "z": 0.6559973359107971
        }
      },
      "world_space": {
        "head": {
          "x": 0.015048379078507423,
          "y": 0.014531366527080536,
          "z": 1.5081229209899902
        },
        "tail": {
          "x": 0.03400024026632309,
          "y": -0.009978309273719788,
          "z": 1.605851411819458
        },
        "rotation_quaternion": {
          "w": 0.6077375411987305,
          "x": 0.7869518995285034,
          "y": 0.10545335710048676,
          "z": -0.015536399558186531
        },
        "matrix": [
          [
            0.9772763848304749,
            0.18485774099826813,
            0.10372410714626312,
            0.015048379078507423
          ],
          [
            0.14709028601646423,
            -0.23906898498535156,
            -0.9597972631454468,
            0.014531366527080536
          ],
          [
            -0.15262964367866516,
            0.9532501697540283,
            -0.26082998514175415,
            1.5081229209899902
          ],
          [
            0.0,
            0.0,
            0.0,
            1.0
          ]
        ]
      },
      "bone_length_armature_space": 0.10252197583069797,
      "parent": "spine_01",
      "has_children": true,
      "is_end_bone": false
    },
    "head": {
      "name": "head",
      "local": {
        "location": {
          "x": 0.0,
          "y": 0.0,
          "z": 0.0
        },
        "rotation_quaternion": {
          "w": 0.984241247177124,
          "x": -0.002284791087731719,
          "y": 0.016205452382564545,
          "z": -0.1760718673467636
        },
        "scale": {
          "x": 1.0,
          "y": 1.0,
          "z": 1.0
        },
        "matrix_basis": [
          [
            0.9374721646308899,
            0.346520334482193,
            0.03270472586154938,
            0.0
          ],
          [
            -0.34666845202445984,
            0.9379869699478149,
            -0.0012090773088857532,
            0.0
          ],
          [
            -0.03109557367861271,
            -0.010204220190644264,
            0.9994643330574036,
            0.0
          ],
          [
            0.0,
            0.0,
            0.0,
            1.0
          ]
        ],
        "rotation_mode": "QUATERNION"
      },
      "armature_space": {
        "head": {
          "x": 0.03400024399161339,
          "y": -0.07322243601083755,
          "z": 0.6559972167015076
        },
        "tail": {
          "x": 0.10582640767097473,
          "y": -0.04588383436203003,
          "z": 0.7907074093818665
        }
      },
      "world_space": {
        "head": {
          "x": 0.03400024399161339,
          "y": -0.009978435933589935,
          "z": 1.605851173400879
        },
        "tail": {
          "x": 0.10582640767097473,
          "y": 0.01736016571521759,
          "z": 1.7405614852905273
        },
        "rotation_quaternion": {
          "w": 0.7309427261352539,
          "x": 0.6311179399490356,
          "y": 0.232076957821846,
          "z": -0.11641766130924225
        },
        "matrix": [
          [
            0.8651750683784485,
            0.463125079870224,
            0.19232162833213806,
            0.03400024399161339
          ],
          [
            0.12274385988712311,
            0.17627546191215515,
            -0.9766582250595093,
            -0.009978435933589935
          ],
          [
            -0.4862196743488312,
            0.8685926198959351,
            0.09566301107406616,
            1.605851173400879
          ],
          [
            0.0,
            0.0,
            0.0,
            1.0
          ]
        ]
      },
      "bone_length_armature_space": 0.15509104268775567,
      "parent": "neck_01",
      "has_children": false,
      "is_end_bone": true
    },
    "upperarm_l": {
      "name": "upperarm_l",
      "local": {
        "location": {
          "x": 0.0,
          "y": 0.0,
          "z": 0.0
        },
        "rotation_quaternion": {
          "w": 0.9592499732971191,
          "x": 0.12446258962154388,
          "y": 0.2185005247592926,
          "z": -0.12886455655097961
        },
        "scale": {
          "x": 1.0,
          "y": 1.0,
          "z": 1.0
        },
        "matrix_basis": [
          [
            0.8713029026985168,
            0.30161693692207336,
            0.38711559772491455,
            0.0
          ],
          [
            -0.19283635914325714,
            0.9358059763908386,
            -0.29509541392326355,
            0.0
          ],
          [
            -0.4512708783149719,
            0.182467520236969,
            0.8735331892967224,
            0.0
          ],
          [
            0.0,
            0.0,
            0.0,
            1.0
          ]
        ],
        "rotation_mode": "QUATERNION"
      },
      "armature_space": {
        "head": {
          "x": 0.16347679495811462,
          "y": -0.034958112984895706,
          "z": 0.48893675208091736
        },
        "tail": {
          "x": 0.415027916431427,
          "y": -0.04419485479593277,
          "z": 0.39704298973083496
        }
      },
      "world_space": {
        "head": {
          "x": 0.16347679495811462,
          "y": 0.028285887092351913,
          "z": 1.4387907981872559
        },
        "tail": {
          "x": 0.415027916431427,
          "y": 0.01904914528131485,
          "z": 1.346897006034851
        },
        "rotation_quaternion": {
          "w": 0.25214073061943054,
          "x": 0.5399255156517029,
          "y": 0.6474500298500061,
          "z": -0.4750937819480896
        },
        "matrix": [
          [
            -0.28980913758277893,
            0.9387306571006775,
            -0.1865355372428894,
            0.16347679495811462
          ],
          [
            0.4595703184604645,
            -0.03446938097476959,
            -0.8874723315238953,
            0.028285887092351913
          ],
          [
            -0.8395326137542725,
            -0.3429262638092041,
            -0.421426922082901,
            1.4387907981872559
          ],
          [
            0.0,
            0.0,
            0.0,
            1.0
          ]
        ]
      },
      "bone_length_armature_space": 0.2679696783353039,
      "parent": "spine_01",
      "has_children": true,
      "is_end_bone": false
    },
    "lowerarm_l": {
      "name": "lowerarm_l",
      "local": {
        "location": {
          "x": 0.0,
          "y": 0.0,
          "z": 0.0
        },
        "rotation_quaternion": {
          "w": 0.9259899854660034,
          "x": 0.3055984079837799,
          "y": 0.0828511193394661,
          "z": -0.2056404948234558
        },
        "scale": {
          "x": 1.0,
          "y": 1.0,
          "z": 1.0
        },
        "matrix_basis": [
          [
            0.9016953706741333,
            0.43148040771484375,
            0.027751797810196877,
            0.0
          ],
          [
            -0.33020374178886414,
            0.7286431789398193,
            -0.6000372171401978,
            0.0
          ],
          [
            -0.2791254222393036,
            0.5318870544433594,
            0.7994906306266785,
            0.0
          ],
          [
            0.0,
            0.0,
            0.0,
            1.0
          ]
        ],
        "rotation_mode": "QUATERNION"
      },
      "armature_space": {
        "head": {
          "x": 0.41502803564071655,
          "y": -0.04419495537877083,
          "z": 0.39704304933547974
        },
        "tail": {
          "x": 0.5287644267082214,
          "y": -0.17215809226036072,
          "z": 0.19147199392318726
        }
      },
      "world_space": {
        "head": {
          "x": 0.41502803564071655,
          "y": 0.01904904469847679,
          "z": 1.3468971252441406
        },
        "tail": {
          "x": 0.5287644267082214,
          "y": -0.1089140921831131,
          "z": 1.1413259506225586
        },
        "rotation_quaternion": {
          "w": 0.0661589577794075,
          "x": -0.5101588368415833,
          "y": -0.5064187049865723,
          "z": 0.6920267343521118
        },
        "matrix": [
          [
            -0.4707222580909729,
            0.4251438081264496,
            -0.7730932831764221,
            0.41502803564071655
          ],
          [
            0.6082755327224731,
            -0.4783231019973755,
            -0.6334099173545837,
            0.01904904469847679
          ],
          [
            -0.6390825510025024,
            -0.768419623374939,
            -0.03344808518886566,
            1.3468971252441406
          ],
          [
            0.0,
            0.0,
            0.0,
            1.0
          ]
        ]
      },
      "bone_length_armature_space": 0.2675256816956034,
      "parent": "upperarm_l",
      "has_children": true,
      "is_end_bone": false
    },
    "metacarpal_thumb_l": {
      "name": "metacarpal_thumb_l",
      "local": {
        "location": {
          "x": 0.0,
          "y": 0.0,
          "z": 0.0
        },
        "rotation_quaternion": {
          "w": 0.9993010759353638,
          "x": -0.030208665877580643,
          "y": 0.012943651527166367,
          "z": -0.017811963334679604
        },
        "scale": {
          "x": 1.0,
          "y": 1.0,
          "z": 1.0
        },
        "matrix_basis": [
          [
            0.9990304112434387,
            0.034817006438970566,
            0.026945361867547035,
            0.0
          ],
          [
            -0.03638105094432831,
            0.9975403547286987,
            0.0599140003323555,
            0.0
          ],
          [
            -0.02479305863380432,
            -0.06083620712161064,
            0.9978398084640503,
            0.0
          ],
          [
            0.0,
            0.0,
            0.0,
            1.0
          ]
        ],
        "rotation_mode": "QUATERNION"
      },
      "armature_space": {
        "head": {
          "x": 0.5287644267082214,
          "y": -0.17215809226036072,
          "z": 0.19147199392318726
        },
        "tail": {
          "x": 0.5215746164321899,
          "y": -0.2053995430469513,
          "z": 0.15545926988124847
        }
      },
      "world_space": {
        "head": {
          "x": 0.5287644267082214,
          "y": -0.1089140921831131,
          "z": 1.1413259506225586
        },
        "tail": {
          "x": 0.5215746164321899,
          "y": -0.14215554296970367,
          "z": 1.1053133010864258
        },
        "rotation_quaternion": {
          "w": 0.4037480056285858,
          "x": -0.8756775856018066,
          "y": -0.03799860551953316,
          "z": 0.26216843724250793
        },
        "matrix": [
          [
            0.8596480488777161,
            -0.14515043795108795,
            -0.48983311653137207,
            0.5287644267082214
          ],
          [
            0.2782483696937561,
            -0.6710880398750305,
            0.6871817111968994,
            -0.1089140921831131
          ],
          [
            -0.4284687340259552,
            -0.7270352244377136,
            -0.5365148186683655,
            1.1413259506225586
          ],
          [
            0.0,
            0.0,
            0.0,
            1.0
          ]
        ]
      },
      "bone_length_armature_space": 0.04953386463198638,
      "parent": "lowerarm_l",
      "has_children": true,
      "is_end_bone": false
    },
    "thumb_01_l": {
      "name": "thumb_01_l",
      "local": {
        "location": {
          "x": 0.0,
          "y": 0.0,
          "z": 0.0
        },
        "rotation_quaternion": {
          "w": 0.9994151592254639,
          "x": 0.0318634994328022,
          "y": 0.007203257642686367,
          "z": 0.010112287476658821
        },
        "scale": {
          "x": 1.0,
          "y": 1.0,
          "z": 1.0
        },
        "matrix_basis": [
          [
            0.9996917247772217,
            -0.019753705710172653,
            0.015042515471577644,
            0.0
          ],
          [
            0.020671788603067398,
            0.9977649450302124,
            -0.06354404240846634,
            0.0
          ],
          [
            -0.013753663748502731,
            0.06383541226387024,
            0.9978656768798828,
            0.0
          ],
          [
            0.0,
            0.0,
            0.0,
            1.0
          ]
        ],
        "rotation_mode": "QUATERNION"
      },
      "armature_space": {
        "head": {
          "x": 0.5215746164321899,
          "y": -0.2053995430469513,
          "z": 0.15545926988124847
        },
        "tail": {
          "x": 0.5040438771247864,
          "y": -0.20303352177143097,
          "z": 0.1263781487941742
        }
      },
      "world_space": {
        "head": {
          "x": 0.5215746164321899,
          "y": -0.14215554296970367,
          "z": 1.1053133010864258
        },
        "tail": {
          "x": 0.5040438771247864,
          "y": -0.13978952169418335,
          "z": 1.0762321949005127
        },
        "rotation_quaternion": {
          "w": 0.441195547580719,
          "x": -0.6332724094390869,
          "y": 0.5831814408302307,
          "z": -0.25340086221694946
        },
        "matrix": [
          [
            0.19137081503868103,
            -0.5150259137153625,
            0.8355389833450317,
            0.5215746164321899
          ],
          [
            -0.9622249603271484,
            0.06950989365577698,
            0.2632327377796173,
            -0.14215554296970367
          ],
          [
            -0.1936519593000412,
            -0.8543574810028076,
            -0.4822719693183899,
            1.1053133010864258
          ],
          [
            0.0,
            0.0,
            0.0,
            1.0
          ]
        ]
      },
      "bone_length_armature_space": 0.03403874987530495,
      "parent": "metacarpal_thumb_l",
      "has_children": true,
      "is_end_bone": false
    },
    "thumb_02_l": {
      "name": "thumb_02_l",
      "local": {
        "location": {
          "x": 0.0,
          "y": 0.0,
          "z": 0.0
        },
        "rotation_quaternion": {
          "w": 0.9908050894737244,
          "x": 0.13510869443416595,
          "y": -0.0038677353877574205,
          "z": 0.006009831093251705
        },
        "scale": {
          "x": 1.0,
          "y": 1.0,
          "z": 1.0
        },
        "matrix_basis": [
          [
            0.999897837638855,
            -0.012954271398484707,
            -0.006040383130311966,
            0.0
          ],
          [
            0.010864012874662876,
            0.9634190201759338,
            -0.26777926087379456,
            0.0
          ],
          [
            0.00928830448538065,
            0.26768627762794495,
            0.9634613394737244,
            0.0
          ],
          [
            0.0,
            0.0,
            0.0,
            1.0
          ]
        ],
        "rotation_mode": "QUATERNION"
      },
      "armature_space": {
        "head": {
          "x": 0.5040438175201416,
          "y": -0.20303350687026978,
          "z": 0.12637820839881897
        },
        "tail": {
          "x": 0.5277472734451294,
          "y": -0.22088523209095,
          "z": 0.09931066632270813
        }
      },
      "world_space": {
        "head": {
          "x": 0.5040438175201416,
          "y": -0.13978950679302216,
          "z": 1.0762321949005127
        },
        "tail": {
          "x": 0.5277472734451294,
          "y": -0.1576412320137024,
          "z": 1.0491646528244019
        },
        "rotation_quaternion": {
          "w": 0.46871623396873474,
          "x": -0.3125962018966675,
          "y": 0.2409806251525879,
          "z": -0.7902639508247375
        },
        "matrix": [
          [
            -0.36517569422721863,
            0.5901609659194946,
            0.7199699282646179,
            0.5040438175201416
          ],
          [
            -0.8914788365364075,
            -0.4444662630558014,
            -0.0878366008400917,
            -0.13978950679302216
          ],
          [
            0.2681658864021301,
            -0.6739187836647034,
            0.6884288787841797,
            1.0762321949005127
          ],
          [
            0.0,
            0.0,
            0.0,
            1.0
          ]
        ]
      },
      "bone_length_armature_space": 0.04016453357548088,
      "parent": "thumb_01_l",
      "has_children": true,
      "is_end_bone": false
    },
    "thumb_03_l": {
      "name": "thumb_03_l",
      "local": {
        "location": {
          "x": 0.0,
          "y": 0.0,
          "z": 0.0
        },
        "rotation_quaternion": {
          "w": 0.9974033832550049,
          "x": 0.07159490138292313,
          "y": -0.007220148574560881,
          "z": -0.002939464058727026
        },
        "scale": {
          "x": 1.0,
          "y": 1.0,
          "z": 1.0
        },
        "matrix_basis": [
          [
            0.999878466129303,
            0.004829810932278633,
            -0.014823702163994312,
            0.0
          ],
          [
            -0.006897514220327139,
            0.9897310733795166,
            -0.1427755504846573,
            0.0
          ],
          [
            0.013981900177896023,
            0.14286044239997864,
            0.9896440505981445,
            0.0
          ],
          [
            0.0,
            0.0,
            0.0,
            1.0
          ]
        ],
        "rotation_mode": "QUATERNION"
      },
      "armature_space": {
        "head": {
          "x": 0.5277471542358398,
          "y": -0.2208852618932724,
          "z": 0.09931066632270813
        },
        "tail": {
          "x": 0.553926944732666,
          "y": -0.23158712685108185,
          "z": 0.0880420133471489
        }
      },
      "world_space": {
        "head": {
          "x": 0.5277471542358398,
          "y": -0.15764126181602478,
          "z": 1.0491646528244019
        },
        "tail": {
          "x": 0.553926944732666,
          "y": -0.16834312677383423,
          "z": 1.0378960371017456
        },
        "rotation_quaternion": {
          "w": 0.5341112017631531,
          "x": -0.04309125989675522,
          "y": 0.19740073382854462,
          "z": -0.8209149837493896
        },
        "matrix": [
          [
            -0.4257359504699707,
            0.8599071502685547,
            0.28161776065826416,
            0.5277471542358398
          ],
          [
            -0.8939328193664551,
            -0.35151591897010803,
            -0.2780657708644867,
            -0.15764126181602478
          ],
          [
            -0.14011918008327484,
            -0.3701328635215759,
            0.9183583855628967,
            1.0491646528244019
          ],
          [
            0.0,
            0.0,
            0.0,
            1.0
          ]
        ]
      },
      "bone_length_armature_space": 0.03044493170566737,
      "parent": "thumb_02_l",
      "has_children": false,
      "is_end_bone": true
    },
    "metacarpal_index_l": {
      "name": "metacarpal_index_l",
      "local": {
        "location": {
          "x": 0.0,
          "y": 0.0,
          "z": 0.0
        },
        "rotation_quaternion": {
          "w": 0.9997731447219849,
          "x": 0.0073535144329071045,
          "y": -0.019833287224173546,
          "z": 0.0025324542075395584
        },
        "scale": {
          "x": 1.0,
          "y": 1.0,
          "z": 1.0
        },
        "matrix_basis": [
          [
            0.9992004632949829,
            -0.005355447996407747,
            -0.039620332419872284,
            0.0
          ],
          [
            0.004772070795297623,
            0.999879002571106,
            -0.014804146252572536,
            0.0
          ],
          [
            0.03969481959939003,
            0.014603238552808762,
            0.9991051554679871,
            0.0
          ],
          [
            0.0,
            0.0,
            0.0,
            1.0
          ]
        ],
        "rotation_mode": "QUATERNION"
      },
      "armature_space": {
        "head": {
          "x": 0.5287644267082214,
          "y": -0.17215809226036072,
          "z": 0.19147199392318726
        },
        "tail": {
          "x": 0.543911874294281,
          "y": -0.24453100562095642,
          "z": 0.10057612508535385
        }
      },
      "world_space": {
        "head": {
          "x": 0.5287644267082214,
          "y": -0.1089140921831131,
          "z": 1.1413259506225586
        },
        "tail": {
          "x": 0.543911874294281,
          "y": -0.1812870055437088,
          "z": 1.050430178642273
        },
        "rotation_quaternion": {
          "w": 0.32914653420448303,
          "x": -0.76513671875,
          "y": -0.28780221939086914,
          "z": 0.4726502299308777
        },
        "matrix": [
          [
            0.3875436782836914,
            0.1292758285999298,
            -0.9127418398857117,
            0.5287644267082214
          ],
          [
            0.7515586018562317,
            -0.6176652312278748,
            0.23162367939949036,
            -0.1089140921831131
          ],
          [
            -0.5338285565376282,
            -0.7757490873336792,
            -0.3365328311920166,
            1.1413259506225586
          ],
          [
            0.0,
            0.0,
            0.0,
            1.0
          ]
        ]
      },
      "bone_length_armature_space": 0.11717227747514602,
      "parent": "lowerarm_l",
      "has_children": true,
      "is_end_bone": false
    },
    "index_01_l": {
      "name": "index_01_l",
      "local": {
        "location": {
          "x": 0.0,
          "y": 0.0,
          "z": 0.0
        },
        "rotation_quaternion": {
          "w": 0.9993518590927124,
          "x": -0.026973996311426163,
          "y": -0.008179056458175182,
          "z": 0.022396055981516838
        },
        "scale": {
          "x": 1.0,
          "y": 1.0,
          "z": 1.0
        },
        "matrix_basis": [
          [
            0.9988630414009094,
            -0.04432183504104614,
            -0.017555732280015945,
            0.0
          ],
          [
            0.045204322785139084,
            0.9975416660308838,
            0.05354667082428932,
            0.0
          ],
          [
            0.015139288268983364,
            -0.0542793832719326,
            0.9984109997749329,
            0.0
          ],
          [
            0.0,
            0.0,
            0.0,
            1.0
          ]
        ],
        "rotation_mode": "QUATERNION"
      },
      "armature_space": {
        "head": {
          "x": 0.543911874294281,
          "y": -0.24453100562095642,
          "z": 0.10057612508535385
        },
        "tail": {
          "x": 0.5555058717727661,
          "y": -0.2558479309082031,
          "z": 0.07711160182952881
        }
      },
      "world_space": {
        "head": {
          "x": 0.543911874294281,
          "y": -0.1812870055437088,
          "z": 1.050430178642273
        },
        "tail": {
          "x": 0.5555058717727661,
          "y": -0.1926039308309555,
          "z": 1.026965618133545
        },
        "rotation_quaternion": {
          "w": 0.32999905943870544,
          "x": -0.7461655735969543,
          "y": -0.4389282166957855,
          "z": 0.3764033615589142
        },
        "matrix": [
          [
            0.33132368326187134,
            0.40660208463668823,
            -0.8514102101325989,
            0.543911874294281
          ],
          [
            0.9034523367881775,
            -0.39688485860824585,
            0.16203823685646057,
            -0.1812870055437088
          ],
          [
            -0.2720278203487396,
            -0.822901725769043,
            -0.49884629249572754,
            1.050430178642273
          ],
          [
            0.0,
            0.0,
            0.0,
            1.0
          ]
        ]
      },
      "bone_length_armature_space": 0.02851451299447324,
      "parent": "metacarpal_index_l",
      "has_children": true,
      "is_end_bone": false
    },
    "index_02_l": {
      "name": "index_02_l",
      "local": {
        "location": {
          "x": 0.0,
          "y": 0.0,
          "z": 0.0
        },
        "rotation_quaternion": {
          "w": 0.9806071519851685,
          "x": 0.19561687111854553,
          "y": -0.004888276569545269,
          "z": -0.010947579517960548
        },
        "scale": {
          "x": 1.0,
          "y": 1.0,
          "z": 1.0
        },
        "matrix_basis": [
          [
            0.9997125267982483,
            0.019558090716600418,
            -0.013870020397007465,
            0.0
          ],
          [
            -0.02338300831615925,
            0.92322838306427,
            -0.3835395872592926,
            0.0
          ],
          [
            0.005303895566612482,
            0.38375362753868103,
            0.9234203100204468,
            0.0
          ],
          [
            0.0,
            0.0,
            0.0,
            1.0
          ]
        ],
        "rotation_mode": "QUATERNION"
      },
      "armature_space": {
        "head": {
          "x": 0.555505633354187,
          "y": -0.2558482587337494,
          "z": 0.07711119949817657
        },
        "tail": {
          "x": 0.5577739477157593,
          "y": -0.26337072253227234,
          "z": 0.05269058793783188
        }
      },
      "world_space": {
        "head": {
          "x": 0.555505633354187,
          "y": -0.19260425865650177,
          "z": 1.0269652605056763
        },
        "tail": {
          "x": 0.5577739477157593,
          "y": -0.20012672245502472,
          "z": 1.002544641494751
        },
        "rotation_quaternion": {
          "w": 0.44702669978141785,
          "x": -0.6511247754096985,
          "y": -0.3918537199497223,
          "z": 0.47186246514320374
        },
        "matrix": [
          [
            0.24759314954280853,
            0.08842238783836365,
            -0.9648208022117615,
            0.555505633354187
          ],
          [
            0.9321616291999817,
            -0.2932356595993042,
            0.21233820915222168,
            -0.19260425865650177
          ],
          [
            -0.2641453742980957,
            -0.9519492983818054,
            -0.1550280749797821,
            1.0269652605056763
          ],
          [
            0.0,
            0.0,
            0.0,
            1.0
          ]
        ]
      },
      "bone_length_armature_space": 0.025653439380410252,
      "parent": "index_01_l",
      "has_children": true,
      "is_end_bone": false
    },
    "index_03_l": {
      "name": "index_03_l",
      "local": {
        "location": {
          "x": 0.0,
          "y": 0.0,
          "z": 0.0
        },
        "rotation_quaternion": {
          "w": 0.9726040363311768,
          "x": 0.23243296146392822,
          "y": -0.0036646556109189987,
          "z": -0.001716219587251544
        },
        "scale": {
          "x": 1.0,
          "y": 1.0,
          "z": 1.0
        },
        "matrix_basis": [
          [
            0.9999672770500183,
            0.0016348307253792882,
            -0.007926329970359802,
            0.0
          ],
          [
            -0.005041977856308222,
            0.8919439315795898,
            -0.4521178901195526,
            0.0
          ],
          [
            0.006330705713480711,
            0.4521430432796478,
            0.8919229507446289,
            0.0
          ],
          [
            0.0,
            0.0,
            0.0,
            1.0
          ]
        ],
        "rotation_mode": "QUATERNION"
      },
      "armature_space": {
        "head": {
          "x": 0.5577740669250488,
          "y": -0.2633707523345947,
          "z": 0.05269063264131546
        },
        "tail": {
          "x": 0.5458948612213135,
          "y": -0.26423749327659607,
          "z": 0.026009652763605118
        }
      },
      "world_space": {
        "head": {
          "x": 0.5577740669250488,
          "y": -0.2001267522573471,
          "z": 1.002544641494751
        },
        "tail": {
          "x": 0.5458948612213135,
          "y": -0.20099349319934845,
          "z": 0.9758636951446533
        },
        "rotation_quaternion": {
          "w": 0.6417622566223145,
          "x": -0.49048906564712524,
          "y": -0.27075791358947754,
          "z": 0.5236905217170715
        },
        "matrix": [
          [
            0.3048739731311798,
            -0.4065619707107544,
            -0.8612544536590576,
            0.5577740669250488
          ],
          [
            0.9377780556678772,
            -0.029664382338523865,
            0.34596580266952515,
            -0.2001267522573471
          ],
          [
            -0.16620540618896484,
            -0.9131479263305664,
            0.3722238540649414,
            1.002544641494751
          ],
          [
            0.0,
            0.0,
            0.0,
            1.0
          ]
        ]
      },
      "bone_length_armature_space": 0.02921885438219714,
      "parent": "index_02_l",
      "has_children": false,
      "is_end_bone": true
    },
    "metacarpal_pinky_l": {
      "name": "metacarpal_pinky_l",
      "local": {
        "location": {
          "x": 0.0,
          "y": 0.0,
          "z": 0.0
        },
        "rotation_quaternion": {
          "w": 0.9998853206634521,
          "x": 0.009740052744746208,
          "y": -0.004673414397984743,
          "z": -0.010617597959935665
        },
        "scale": {
          "x": 1.0,
          "y": 1.0,
          "z": 1.0
        },
        "matrix_basis": [
          [
            0.9997308254241943,
            0.021141722798347473,
            -0.009552588686347008,
            0.0
          ],
          [
            -0.021323800086975098,
            0.9995847940444946,
            -0.019378630444407463,
            0.0
          ],
          [
            0.0091389250010252,
            0.019577112048864365,
            0.9997665882110596,
            0.0
          ],
          [
            0.0,
            0.0,
            0.0,
            1.0
          ]
        ],
        "rotation_mode": "QUATERNION"
      },
      "armature_space": {
        "head": {
          "x": 0.5287644267082214,
          "y": -0.17215809226036072,
          "z": 0.19147199392318726
        },
        "tail": {
          "x": 0.5941324830055237,
          "y": -0.20206844806671143,
          "z": 0.11613483726978302
        }
      },
      "world_space": {
        "head": {
          "x": 0.5287644267082214,
          "y": -0.1089140921831131,
          "z": 1.1413259506225586
        },
        "tail": {
          "x": 0.5941324830055237,
          "y": -0.1388244479894638,
          "z": 1.0659888982772827
        },
        "rotation_quaternion": {
          "w": 0.3702453374862671,
          "x": 0.036626193672418594,
          "y": 0.468293696641922,
          "z": -0.8014225363731384
        },
        "matrix": [
          [
            -0.7231526374816895,
            0.6277498006820679,
            0.2880631387233734,
            0.5287644267082214
          ],
          [
            -0.5591446757316589,
            -0.2872384488582611,
            -0.7777220606803894,
            -0.1089140921831131
          ],
          [
            -0.40547531843185425,
            -0.723486065864563,
            0.5587233901023865,
            1.1413259506225586
          ],
          [
            0.0,
            0.0,
            0.0,
            1.0
          ]
        ]
      },
      "bone_length_armature_space": 0.10413116406379434,
      "parent": "lowerarm_l",
      "has_children": true,
      "is_end_bone": false
    },
    "pinky_01_l": {
      "name": "pinky_01_l",
      "local": {
        "location": {
          "x": 0.0,
          "y": 0.0,
          "z": 0.0
        },
        "rotation_quaternion": {
          "w": 0.9994453191757202,
          "x": 0.03148612752556801,
          "y": 0.0004718460841104388,
          "z": 0.010834813117980957
        },
        "scale": {
          "x": 1.0,
          "y": 1.0,
          "z": 1.0
        },
        "matrix_basis": [
          [
            0.9997647404670715,
            -0.021627893671393394,
            0.0016254613874480128,
            0.0
          ],
          [
            0.02168731950223446,
            0.9977824687957764,
            -0.06292710453271866,
            0.0
          ],
          [
            -0.0002608761133160442,
            0.06294754892587662,
            0.9980167746543884,
            0.0
          ],
          [
            0.0,
            0.0,
            0.0,
            1.0
          ]
        ],
        "rotation_mode": "QUATERNION"
      },
      "armature_space": {
        "head": {
          "x": 0.5941324830055237,
          "y": -0.20206844806671143,
          "z": 0.11613483726978302
        },
