{
  "metadata": {
    "armature_name": "KIM_caucasian_male",
    "export_time": "2026-01-13T20:25:12.483055",
    "blender_version": "4.4.1",
    "bone_count": 56,
    "end_bone_count": 13,
    "spaces_included": [
      "LOCAL_CHANNELS",
      "ARMATURE_SPACE",
      "WORLD_SPACE"
    ],
    "note": "LOCAL matches Transform panel; replay pose via local.matrix_basis for best fidelity."
  },
  "bones": {
    "Root": {
      "name": "Root",
      "local": {
        "location": {
          "x": 0.0,
          "y": 0.0,
          "z": 0.0
        },
        "rotation_quaternion": {
          "w": 0.9997471570968628,
          "x": 0.0078112720511853695,
          "y": 0.01331422384828329,
          "z": -0.016351904720067978
        },
        "scale": {
          "x": 1.0,
          "y": 1.0,
          "z": 1.0
        },
        "matrix_basis": [
          [
            0.9991106986999512,
            0.03290354087948799,
            0.026366256177425385,
            0.0
          ],
          [
            -0.03248753771185875,
            0.99934321641922,
            -0.016054019331932068,
            0.0
          ],
          [
            -0.02687717415392399,
            0.015183168463408947,
            0.999523401260376,
            0.0
          ],
          [
            0.0,
            0.0,
            0.0,
            1.0
          ]
        ],
        "rotation_mode": "QUATERNION"
      },
      "armature_space": {
        "head": {
          "x": 0.0,
          "y": 0.07072800397872925,
          "z": -0.009595036506652832
        },
        "tail": {
          "x": 0.002348518930375576,
          "y": -9.922683238983154e-05,
          "z": -0.0010801851749420166
        }
      },
      "world_space": {
        "head": {
          "x": 0.0,
          "y": 0.13397200405597687,
          "z": 0.9402589797973633
        },
        "tail": {
          "x": 0.002348518930375576,
          "y": 0.06314477324485779,
          "z": 0.9487738609313965
        },
        "rotation_quaternion": {
          "w": 0.05955709517002106,
          "x": 0.9980021715164185,
          "y": 0.017211707308888435,
          "z": 0.012182384729385376
        },
        "matrix": [
          [
            0.9991106986999512,
            0.03290354087948799,
            0.026366256177425385,
            0.0
          ],
          [
            0.03580574691295624,
            -0.9923133850097656,
            -0.11845731735229492,
            0.13397200405597687
          ],
          [
            0.022266114130616188,
            0.11929593980312347,
            -0.9926161170005798,
            0.9402589797973633
          ],
          [
            0.0,
            0.0,
            0.0,
            1.0
          ]
        ]
      },
      "bone_length_armature_space": 0.07137586873181606,
      "parent": null,
      "has_children": true,
      "is_end_bone": false
    },
    "spine_01": {
      "name": "spine_01",
      "local": {
        "location": {
          "x": 0.0,
          "y": 0.0,
          "z": 0.0
        },
        "rotation_quaternion": {
          "w": 0.9973076581954956,
          "x": -0.016748551279306412,
          "y": -0.04806748777627945,
          "z": 0.05278676375746727
        },
        "scale": {
          "x": 1.0,
          "y": 1.0,
          "z": 1.0
        },
        "matrix_basis": [
          [
            0.9898061752319336,
            -0.10367916524410248,
            -0.09764435142278671,
            0.0
          ],
          [
            0.10689941048622131,
            0.9938660860061646,
            0.028332263231277466,
            0.0
          ],
          [
            0.09410794079303741,
            -0.03848157078027725,
            0.9948180317878723,
            0.0
          ],
          [
            0.0,
            0.0,
            0.0,
            1.0
          ]
        ],
        "rotation_mode": "QUATERNION"
      },
      "armature_space": {
        "head": {
          "x": 0.002348518930375576,
          "y": -9.922683238983154e-05,
          "z": -0.0010801851749420166
        },
        "tail": {
          "x": -0.060195520520210266,
          "y": 0.03173965588212013,
          "z": 0.4818515181541443
        }
      },
      "world_space": {
        "head": {
          "x": 0.002348518930375576,
          "y": 0.06314477324485779,
          "z": 0.9487738609313965
        },
        "tail": {
          "x": -0.060195520520210266,
          "y": 0.09498365223407745,
          "z": 1.4317054748535156
        },
        "rotation_quaternion": {
          "w": 0.7267154455184937,
          "x": 0.6831910014152527,
          "y": -0.06712789088487625,
          "z": 0.02507266029715538
        },
        "matrix": [
          [
            0.9897304773330688,
            -0.12816369533538818,
            -0.06330609321594238,
            0.002348518930375576
          ],
          [
            -0.05528006702661514,
            0.0652434453368187,
            -0.9963371157646179,
            0.06314477324485779
          ],
          [
            0.13182543218135834,
            0.9896116852760315,
            0.05748802423477173,
            0.9487738609313965
          ],
          [
            0.0,
            0.0,
            0.0,
            1.0
          ]
        ]
      },
      "bone_length_armature_space": 0.4880046181265824,
      "parent": "Root",
      "has_children": true,
      "is_end_bone": false
    },
    "neck_01": {
      "name": "neck_01",
      "local": {
        "location": {
          "x": 0.0,
          "y": 0.0,
          "z": 0.0
        },
        "rotation_quaternion": {
          "w": 0.9945505261421204,
          "x": 0.06133558973670006,
          "y": 0.019430866464972496,
          "z": 0.0820351243019104
        },
        "scale": {
          "x": 1.0,
          "y": 1.0,
          "z": 1.0
        },
        "matrix_basis": [
          [
            0.9857853651046753,
            -0.1607925444841385,
            0.04871330410242081,
            0.0
          ],
          [
            0.16555975377559662,
            0.9790163636207581,
            -0.11881466209888458,
            0.0
          ],
          [
            -0.02858661115169525,
            0.12519071996212006,
            0.9917207956314087,
            0.0
          ],
          [
            0.0,
            0.0,
            0.0,
            1.0
          ]
        ],
        "rotation_mode": "QUATERNION"
      },
      "armature_space": {
        "head": {
          "x": -0.07177495211362839,
          "y": 0.001963268965482712,
          "z": 0.556303083896637
        },
        "tail": {
          "x": -0.10255211591720581,
          "y": -0.04117758944630623,
          "z": 0.6440661549568176
        }
      },
      "world_space": {
        "head": {
          "x": -0.07177495211362839,
          "y": 0.06520727276802063,
          "z": 1.5061571598052979
        },
        "tail": {
          "x": -0.10255211591720581,
          "y": 0.02206641063094139,
          "z": 1.5939202308654785
        },
        "rotation_quaternion": {
          "w": 0.5258975028991699,
          "x": 0.8364296555519104,
          "y": -0.11415891349315643,
          "z": 0.10385154187679291
        },
        "matrix": [
          [
            0.9523652195930481,
            -0.30020254850387573,
            0.05365587770938873,
            -0.07177495211362839
          ],
          [
            -0.08174250274896622,
            -0.4207988381385803,
            -0.9034638404846191,
            0.06520727276802063
          ],
          [
            0.2938024401664734,
            0.8560469150543213,
            -0.42529726028442383,
            1.5061571598052979
          ],
          [
            0.0,
            0.0,
            0.0,
            1.0
          ]
        ]
      },
      "bone_length_armature_space": 0.10252182253595245,
      "parent": "spine_01",
      "has_children": true,
      "is_end_bone": false
    },
    "head": {
      "name": "head",
      "local": {
        "location": {
          "x": 0.0,
          "y": 0.0,
          "z": 0.0
        },
        "rotation_quaternion": {
          "w": 0.9889788031578064,
          "x": 0.08193354308605194,
          "y": 0.038615189492702484,
          "z": 0.117119200527668
        },
        "scale": {
          "x": 1.0,
          "y": 1.0,
          "z": 1.0
        },
        "matrix_basis": [
          [
            0.9695839285850525,
            -0.22532905638217926,
            0.09557119011878967,
            0.0
          ],
          [
            0.2379845678806305,
            0.9591400027275085,
            -0.15301591157913208,
            0.0
          ],
          [
            -0.05718722566962242,
            0.1711062341928482,
            0.9835914969444275,
            0.0
          ],
          [
            0.0,
            0.0,
            0.0,
            1.0
          ]
        ],
        "rotation_mode": "QUATERNION"
      },
      "armature_space": {
        "head": {
          "x": -0.10255208611488342,
          "y": -0.04117770120501518,
          "z": 0.6440660357475281
        },
        "tail": {
          "x": -0.18205997347831726,
          "y": -0.074369877576828,
          "z": 0.7730233073234558
        }
      },
      "world_space": {
        "head": {
          "x": -0.10255208611488342,
          "y": 0.022066298872232437,
          "z": 1.5939199924468994
        },
        "tail": {
          "x": -0.18205997347831726,
          "y": -0.011125877499580383,
          "z": 1.7228772640228271
        },
        "rotation_quaternion": {
          "w": 0.5994018316268921,
          "x": 0.753861129283905,
          "y": -0.18359805643558502,
          "z": 0.19672995805740356
        },
        "matrix": [
          [
            0.8551782369613647,
            -0.5126557350158691,
            0.07651405036449432,
            -0.10255208611488342
          ],
          [
            -0.04097669944167137,
            -0.2140185385942459,
            -0.9759699702262878,
            0.022066298872232437
          ],
          [
            0.5167155265808105,
            0.831498384475708,
            -0.2040332704782486,
            1.5939199924468994
          ],
          [
            0.0,
            0.0,
            0.0,
            1.0
          ]
        ]
      },
      "bone_length_armature_space": 0.15509094754591954,
      "parent": "neck_01",
      "has_children": false,
      "is_end_bone": true
    },
    "upperarm_l": {
      "name": "upperarm_l",
      "local": {
        "location": {
          "x": 0.0,
          "y": 0.0,
          "z": 0.0
        },
        "rotation_quaternion": {
          "w": 0.8039003610610962,
          "x": 0.5004575848579407,
          "y": 0.12534447014331818,
          "z": -0.29593104124069214
        },
        "scale": {
          "x": 1.0,
          "y": 1.0,
          "z": 1.0
        },
        "matrix_basis": [
          [
            0.7934271693229675,
            0.60125732421875,
            -0.09467294067144394,
            0.0
          ],
          [
            -0.35033896565437317,
            0.32393404841423035,
            -0.8788226842880249,
            0.0
          ],
          [
            -0.4977307915687561,
            0.7304494380950928,
            0.46766194701194763,
            0.0
          ],
          [
            0.0,
            0.0,
            0.0,
            1.0
          ]
        ],
        "rotation_mode": "QUATERNION"
      },
      "armature_space": {
        "head": {
          "x": 0.0850963369011879,
          "y": -0.013891054317355156,
          "z": 0.5097506642341614
        },
        "tail": {
          "x": 0.1843385100364685,
          "y": -0.21743527054786682,
          "z": 0.36647218465805054
        }
      },
      "world_space": {
        "head": {
          "x": 0.0850963369011879,
          "y": 0.049352943897247314,
          "z": 1.4596047401428223
        },
        "tail": {
          "x": 0.1843385100364685,
          "y": -0.1541912704706192,
          "z": 1.3163261413574219
        },
        "rotation_quaternion": {
          "w": 0.03554373234510422,
          "x": -0.6103194952011108,
          "y": -0.34488773345947266,
          "z": 0.7122495174407959
        },
        "matrix": [
          [
            -0.25249502062797546,
            0.37034887075424194,
            -0.8939172625541687,
            0.0850963369011879
          ],
          [
            0.4716143012046814,
            -0.7595799565315247,
            -0.4479048252105713,
            0.049352943897247314
          ],
          [
            -0.8448879718780518,
            -0.5346822142601013,
            0.01712806522846222,
            1.4596047401428223
          ],
          [
            0.0,
            0.0,
            0.0,
            1.0
          ]
        ]
      },
      "bone_length_armature_space": 0.2679701060630585,
      "parent": "spine_01",
      "has_children": true,
      "is_end_bone": false
    },
    "lowerarm_l": {
      "name": "lowerarm_l",
      "local": {
        "location": {
          "x": 0.0,
          "y": 0.0,
          "z": 0.0
        },
        "rotation_quaternion": {
          "w": 0.9634562730789185,
          "x": 0.200250044465065,
          "y": 0.03482625633478165,
          "z": 0.1744685173034668
        },
        "scale": {
          "x": 1.0,
          "y": 1.0,
          "z": 1.0
        },
        "matrix_basis": [
          [
            0.9366957545280457,
            -0.32223767042160034,
            0.136981800198555,
            0.0
          ],
          [
            0.3501335084438324,
            0.8589212894439697,
            -0.3737121522426605,
            0.0
          ],
          [
            0.0027675065211951733,
            0.39801648259162903,
            0.9173740744590759,
            0.0
          ],
          [
            0.0,
            0.0,
            0.0,
            1.0
          ]
        ],
        "rotation_mode": "QUATERNION"
      },
      "armature_space": {
        "head": {
          "x": 0.1843385398387909,
          "y": -0.21743540465831757,
          "z": 0.3664722442626953
        },
        "tail": {
          "x": 0.18513153493404388,
          "y": -0.4846853017807007,
          "z": 0.35437896847724915
        }
      },
      "world_space": {
        "head": {
          "x": 0.1843385398387909,
          "y": -0.15419140458106995,
          "z": 1.3163262605667114
        },
        "tail": {
          "x": 0.18513153493404388,
          "y": -0.42144131660461426,
          "z": 1.3042329549789429
        },
        "rotation_quaternion": {
          "w": 0.012775922194123268,
          "x": -0.6165837645530701,
          "y": -0.018710486590862274,
          "z": 0.7869632840156555
        },
        "matrix": [
          [
            -0.23932260274887085,
            0.002964198589324951,
            -0.970935583114624,
            0.1843385398387909
          ],
          [
            0.04318120703101158,
            -0.9989736080169678,
            -0.013693451881408691,
            -0.15419140458106995
          ],
          [
            -0.9699862599372864,
            -0.04520442336797714,
            0.23895061016082764,
            1.3163262605667114
          ],
          [
            0.0,
            0.0,
            0.0,
            1.0
          ]
        ]
      },
      "bone_length_armature_space": 0.2675245382302262,
      "parent": "upperarm_l",
      "has_children": true,
      "is_end_bone": false
    },
    "metacarpal_thumb_l": {
      "name": "metacarpal_thumb_l",
      "local": {
        "location": {
          "x": 0.0,
          "y": 0.0,
          "z": 0.0
        },
        "rotation_quaternion": {
          "w": 0.9991495609283447,
          "x": -0.035918448120355606,
          "y": 0.015305086970329285,
          "z": 0.013257388956844807
        },
        "scale": {
          "x": 1.0,
          "y": 1.0,
          "z": 1.0
        },
        "matrix_basis": [
          [
            0.999180018901825,
            -0.027591697871685028,
            0.02963177300989628,
            0.0
          ],
          [
            0.02539275959134102,
            0.9970682263374329,
            0.07218161225318909,
            0.0
          ],
          [
            -0.031536512076854706,
            -0.07136999070644379,
            0.9969512224197388,
            0.0
          ],
          [
            0.0,
            0.0,
            0.0,
            1.0
          ]
        ],
        "rotation_mode": "QUATERNION"
      },
      "armature_space": {
        "head": {
          "x": 0.18513153493404388,
          "y": -0.4846853017807007,
          "z": 0.35437896847724915
        },
        "tail": {
          "x": 0.15449678897857666,
          "y": -0.5236089825630188,
          "z": 0.3545874357223511
        }
      },
      "world_space": {
        "head": {
          "x": 0.18513153493404388,
          "y": -0.42144131660461426,
          "z": 1.3042329549789429
        },
        "tail": {
          "x": 0.15449678897857666,
          "y": -0.4603649973869324,
          "z": 1.3044414520263672
        },
        "rotation_quaternion": {
          "w": 0.040639497339725494,
          "x": -0.936799943447113,
          "y": 0.3247261643409729,
          "z": 0.12372247874736786
        },
        "matrix": [
          [
            0.7584913969039917,
            -0.6184630393981934,
            -0.20541250705718994,
            0.18513153493404388
          ],
          [
            -0.5983511209487915,
            -0.7858026623725891,
            0.1564941108226776,
            -0.42144131660461426
          ],
          [
            -0.25820180773735046,
            0.004208803176879883,
            -0.9660890698432922,
            1.3042329549789429
          ],
          [
            0.0,
            0.0,
            0.0,
            1.0
          ]
        ]
      },
      "bone_length_armature_space": 0.049533666178055505,
      "parent": "lowerarm_l",
      "has_children": true,
      "is_end_bone": false
    },
    "thumb_01_l": {
      "name": "thumb_01_l",
      "local": {
        "location": {
          "x": 0.0,
          "y": 0.0,
          "z": 0.0
        },
        "rotation_quaternion": {
          "w": 0.9995540976524353,
          "x": 0.019207311794161797,
          "y": -0.01323757041245699,
          "z": -0.018642783164978027
        },
        "scale": {
          "x": 1.0,
          "y": 1.0,
          "z": 1.0
        },
        "matrix_basis": [
          [
            0.9989544153213501,
            0.036760423332452774,
            -0.02717949077486992,
            0.0
          ],
          [
            -0.037777457386255264,
            0.9985670447349548,
            -0.03790392354130745,
            0.0
          ],
          [
            0.025747179985046387,
            0.03889106586575508,
            0.9989116787910461,
            0.0
          ],
          [
            0.0,
            0.0,
            0.0,
            1.0
          ]
        ],
        "rotation_mode": "QUATERNION"
      },
      "armature_space": {
        "head": {
          "x": 0.15449678897857666,
          "y": -0.5236089825630188,
          "z": 0.3545874357223511
        },
        "tail": {
          "x": 0.1328168511390686,
          "y": -0.5365515947341919,
          "z": 0.33175981044769287
        }
      },
      "world_space": {
        "head": {
          "x": 0.15449678897857666,
          "y": -0.4603649973869324,
          "z": 1.3044414520263672
        },
        "tail": {
          "x": 0.1328168511390686,
          "y": -0.47330760955810547,
          "z": 1.281613826751709
        },
        "rotation_quaternion": {
          "w": 0.023716097697615623,
          "x": -0.5972241759300232,
          "y": 0.5561642050743103,
          "z": -0.5774446129798889
        },
        "matrix": [
          [
            -0.28552374243736267,
            -0.6369225382804871,
            0.7161046266555786,
            0.15449678897857666
          ],
          [
            -0.6916983723640442,
            -0.38023433089256287,
            -0.6139832735061646,
            -0.4603649973869324
          ],
          [
            0.66335129737854,
            -0.6706401705741882,
            -0.3319952189922333,
            1.3044414520263672
          ],
          [
            0.0,
            0.0,
            0.0,
            1.0
          ]
        ]
      },
      "bone_length_armature_space": 0.03403867494736741,
      "parent": "metacarpal_thumb_l",
      "has_children": true,
      "is_end_bone": false
    },
    "thumb_02_l": {
      "name": "thumb_02_l",
      "local": {
        "location": {
          "x": 0.0,
          "y": 0.0,
          "z": 0.0
        },
        "rotation_quaternion": {
          "w": 0.9942222237586975,
          "x": 0.10717758536338806,
          "y": -0.0058927894569933414,
          "z": 0.0007859999896027148
        },
        "scale": {
          "x": 1.0,
          "y": 1.0,
          "z": 1.0
        },
        "matrix_basis": [
          [
            0.9999293088912964,
            -0.00282606715336442,
            -0.011549001559615135,
            0.0
          ],
          [
            0.0002997674164362252,
            0.9770246744155884,
            -0.21312594413757324,
            0.0
          ],
          [
            0.011885968036949635,
            0.2131074070930481,
            0.9769564867019653,
            0.0
          ],
          [
            0.0,
            0.0,
            0.0,
            1.0
          ]
        ],
        "rotation_mode": "QUATERNION"
      },
      "armature_space": {
        "head": {
          "x": 0.1328168362379074,
          "y": -0.5365515947341919,
          "z": 0.33175981044769287
        },
        "tail": {
          "x": 0.13713662326335907,
          "y": -0.5764721035957336,
          "z": 0.33269307017326355
        }
      },
      "world_space": {
        "head": {
          "x": 0.1328168362379074,
          "y": -0.47330760955810547,
          "z": 1.281613826751709
        },
        "tail": {
          "x": 0.13713662326335907,
          "y": -0.5132281184196472,
          "z": 1.282547116279602
        },
        "rotation_quaternion": {
          "w": 0.04348025843501091,
          "x": -0.4331020414829254,
          "y": -0.03384574130177498,
          "z": -0.8996591567993164
        },
        "matrix": [
          [
            -0.6210641860961914,
            0.10755251348018646,
            0.7763450145721436,
            0.1328168362379074
          ],
          [
            -0.048917338252067566,
            -0.9939278960227966,
            0.09856253117322922,
            -0.47330760955810547
          ],
          [
            0.7822371125221252,
            0.02323625236749649,
            0.6225585341453552,
            1.281613826751709
          ],
          [
            0.0,
            0.0,
            0.0,
            1.0
          ]
        ]
      },
      "bone_length_armature_space": 0.04016439458216193,
      "parent": "thumb_01_l",
      "has_children": true,
      "is_end_bone": false
    },
    "thumb_03_l": {
      "name": "thumb_03_l",
      "local": {
        "location": {
          "x": 0.0,
          "y": 0.0,
          "z": 0.0
        },
        "rotation_quaternion": {
          "w": 0.9982397556304932,
          "x": 0.05876541510224342,
          "y": -0.005021247081458569,
          "z": -0.006234250962734222
        },
        "scale": {
          "x": 1.0,
          "y": 1.0,
          "z": 1.0
        },
        "matrix_basis": [
          [
            0.9998718500137329,
            0.011856403201818466,
            -0.010757533833384514,
            0.0
          ],
          [
            -0.013036705553531647,
            0.9930155277252197,
            -0.11726134270429611,
            0.0
          ],
          [
            0.009292100556194782,
            0.11738655716180801,
            0.9930428266525269,
            0.0
          ],
          [
            0.0,
            0.0,
            0.0,
            1.0
          ]
        ],
        "rotation_mode": "QUATERNION"
      },
      "armature_space": {
        "head": {
          "x": 0.1371365338563919,
          "y": -0.5764720439910889,
          "z": 0.33269309997558594
        },
        "tail": {
          "x": 0.1508849859237671,
          "y": -0.6031323671340942,
          "z": 0.33789870142936707
        }
      },
      "world_space": {
        "head": {
          "x": 0.1371365338563919,
          "y": -0.5132280588150024,
          "z": 1.282547116279602
        },
        "tail": {
          "x": 0.1508849859237671,
          "y": -0.5398883819580078,
          "z": 1.2877527475357056
        },
        "rotation_quaternion": {
          "w": 0.2034951150417328,
          "x": -0.2433151751756668,
          "y": -0.14402708411216736,
          "z": -0.9373599290847778
        },
        "matrix": [
          [
            -0.7987748980522156,
            0.45158472657203674,
            0.397529661655426,
            0.1371365338563919
          ],
          [
            -0.31140848994255066,
            -0.8756917119026184,
            0.36903810501098633,
            -0.5132280588150024
          ],
          [
            0.5147687196731567,
            0.1709846556186676,
            0.8401139378547668,
            1.282547116279602
          ],
          [
            0.0,
            0.0,
            0.0,
            1.0
          ]
        ]
      },
      "bone_length_armature_space": 0.03044488525243982,
      "parent": "thumb_02_l",
      "has_children": false,
      "is_end_bone": true
    },
    "metacarpal_index_l": {
      "name": "metacarpal_index_l",
      "local": {
        "location": {
          "x": 0.0,
          "y": 0.0,
          "z": 0.0
        },
        "rotation_quaternion": {
          "w": 0.998457670211792,
          "x": -0.05136522650718689,
          "y": 0.01480152364820242,
          "z": -0.014991171658039093
        },
        "scale": {
          "x": 1.0,
          "y": 1.0,
          "z": 1.0
        },
        "matrix_basis": [
          [
            0.9991123676300049,
            0.028415532782673836,
            0.03109744004905224,
            0.0
          ],
          [
            -0.03145666792988777,
            0.9942737817764282,
            0.10212822258472443,
            0.0
          ],
          [
            -0.02801734022796154,
            -0.10301579535007477,
            0.9942850470542908,
            0.0
          ],
          [
            0.0,
            0.0,
            0.0,
            1.0
          ]
        ],
        "rotation_mode": "QUATERNION"
      },
      "armature_space": {
        "head": {
          "x": 0.18513153493404388,
          "y": -0.4846853017807007,
          "z": 0.35437896847724915
        },
        "tail": {
          "x": 0.160325288772583,
          "y": -0.5991608500480652,
          "z": 0.35741591453552246
        }
      },
      "world_space": {
        "head": {
          "x": 0.18513153493404388,
          "y": -0.42144131660461426,
          "z": 1.3042329549789429
        },
        "tail": {
          "x": 0.160325288772583,
          "y": -0.5359168648719788,
          "z": 1.3072699308395386
        },
        "rotation_quaternion": {
          "w": 0.03160160034894943,
          "x": -0.9074650406837463,
          "y": 0.10250244289636612,
          "z": 0.4062041938304901
        },
        "matrix": [
          [
            0.6489827632904053,
            -0.21170850098133087,
            -0.7307536602020264,
            0.18513153493404388
          ],
          [
            -0.16036173701286316,
            -0.9769892692565918,
            0.14062859117984772,
            -0.42144131660461426
          ],
          [
            -0.7437161207199097,
            0.025918763130903244,
            -0.6680036783218384,
            1.3042329549789429
          ],
          [
            0.0,
            0.0,
            0.0,
            1.0
          ]
        ]
      },
      "bone_length_armature_space": 0.11717177142464372,
      "parent": "lowerarm_l",
      "has_children": true,
      "is_end_bone": false
    },
    "index_01_l": {
      "name": "index_01_l",
      "local": {
        "location": {
          "x": 0.0,
          "y": 0.0,
          "z": 0.0
        },
        "rotation_quaternion": {
          "w": 0.9983948469161987,
          "x": -0.05582321062684059,
          "y": 0.008391455747187138,
          "z": 0.004608180373907089
        },
        "scale": {
          "x": 1.0,
          "y": 1.0,
          "z": 1.0
        },
        "matrix_basis": [
          [
            0.9998167157173157,
            -0.010138442739844322,
            0.016241485252976418,
            0.0
          ],
          [
            0.008264690637588501,
            0.993725061416626,
            0.11154454946517944,
            0.0
          ],
          [
            -0.017270458862185478,
            -0.1113898754119873,
            0.9936267137527466,
            0.0
          ],
          [
            0.0,
            0.0,
            0.0,
            1.0
          ]
        ],
        "rotation_mode": "QUATERNION"
      },
      "armature_space": {
        "head": {
          "x": 0.160325288772583,
          "y": -0.5991608500480652,
          "z": 0.35741591453552246
        },
        "tail": {
          "x": 0.16589854657649994,
          "y": -0.6270783543586731,
          "z": 0.3557963967323303
        }
      },
      "world_space": {
        "head": {
          "x": 0.160325288772583,
          "y": -0.5359168648719788,
          "z": 1.3072699308395386
        },
        "tail": {
          "x": 0.16589854657649994,
          "y": -0.5638343691825867,
          "z": 1.3056504726409912
        },
        "rotation_quaternion": {
          "w": 0.010225297883152962,
          "x": 0.9227127432823181,
          "y": 0.10179391503334045,
          "z": -0.3716645836830139
        },
        "matrix": [
          [
            0.7030068039894104,
            0.19545447826385498,
            -0.6837975382804871,
            0.160325288772583
          ],
          [
            0.18025237321853638,
            -0.9790669679641724,
            -0.09453736245632172,
            -0.5359168648719788
          ],
          [
            -0.6879661083221436,
            -0.05679696798324585,
            -0.7235269546508789,
            1.3072699308395386
          ],
          [
            0.0,
            0.0,
            0.0,
            1.0
          ]
        ]
      },
      "bone_length_armature_space": 0.02851440188106744,
      "parent": "metacarpal_index_l",
      "has_children": true,
      "is_end_bone": false
    },
    "index_02_l": {
      "name": "index_02_l",
      "local": {
        "location": {
          "x": 0.0,
          "y": 0.0,
          "z": 0.0
        },
        "rotation_quaternion": {
          "w": 0.9875386357307434,
          "x": 0.1572694480419159,
          "y": -0.00545663945376873,
          "z": -0.0020119594410061836
        },
        "scale": {
          "x": 1.0,
          "y": 1.0,
          "z": 1.0
        },
        "matrix_basis": [
          [
            0.9999323487281799,
            0.0022574500180780888,
            -0.01141012366861105,
            0.0
          ],
          [
            -0.0056901006028056145,
            0.9505245685577393,
            -0.31059736013412476,
            0.0
          ],
          [
            0.010144445113837719,
            0.31064125895500183,
            0.9504730701446533,
            0.0
          ],
          [
            0.0,
            0.0,
            0.0,
            1.0
          ]
        ],
        "rotation_mode": "QUATERNION"
      },
      "armature_space": {
        "head": {
          "x": 0.16589823365211487,
          "y": -0.6270788311958313,
          "z": 0.35579627752304077
        },
        "tail": {
          "x": 0.1660655289888382,
          "y": -0.6518279910087585,
          "z": 0.34904780983924866
        }
      },
      "world_space": {
        "head": {
          "x": 0.16589823365211487,
          "y": -0.5638348460197449,
          "z": 1.305650234222412
        },
        "tail": {
          "x": 0.1660655289888382,
          "y": -0.5885840058326721,
          "z": 1.2989017963409424
        },
        "rotation_quaternion": {
          "w": 0.11886872351169586,
          "x": -0.8981921076774597,
          "y": -0.05909203365445137,
          "z": 0.4190816283226013
        },
        "matrix": [
          [
            0.641757607460022,
            0.006521478295326233,
            -0.7668797969818115,
            0.16589823365211487
          ],
          [
            0.20578330755233765,
            -0.9647570848464966,
            0.16400393843650818,
            -0.5638348460197449
          ],
          [
            -0.7387883067131042,
            -0.26306450366973877,
            -0.6204863786697388,
            1.305650234222412
          ],
          [
            0.0,
            0.0,
            0.0,
            1.0
          ]
        ]
      },
      "bone_length_armature_space": 0.02565327868565579,
      "parent": "index_01_l",
      "has_children": true,
      "is_end_bone": false
    },
    "index_03_l": {
      "name": "index_03_l",
      "local": {
        "location": {
          "x": 0.0,
          "y": 0.0,
          "z": 0.0
        },
        "rotation_quaternion": {
          "w": 0.9767208695411682,
          "x": 0.21447262167930603,
          "y": 0.0016414705896750093,
          "z": -0.003909930121153593
        },
        "scale": {
          "x": 1.0,
          "y": 1.0,
          "z": 1.0
        },
        "matrix_basis": [
          [
            0.9999640583992004,
            0.008341921493411064,
            0.0015293712494894862,
            0.0
          ],
          [
            -0.006933719851076603,
            0.9079723954200745,
            -0.41897261142730713,
            0.0
          ],
          [
            -0.004883663263171911,
            0.41894692182540894,
            0.9079976081848145,
            0.0
          ],
          [
            0.0,
            0.0,
            0.0,
            1.0
          ]
        ],
        "rotation_mode": "QUATERNION"
      },
      "armature_space": {
        "head": {
          "x": 0.16606561839580536,
          "y": -0.6518279910087585,
          "z": 0.3490479290485382
        },
        "tail": {
          "x": 0.15735502541065216,
          "y": -0.672995388507843,
          "z": 0.33088743686676025
        }
      },
      "world_space": {
        "head": {
          "x": 0.16606561839580536,
          "y": -0.5885840058326721,
          "z": 1.298901915550232
        },
        "tail": {
          "x": 0.15735502541065216,
          "y": -0.6097514033317566,
          "z": 1.2807414531707764
        },
        "rotation_quaternion": {
          "w": 0.37113717198371887,
          "x": -0.8434231877326965,
          "y": 0.00581722566857934,
          "z": 0.3884078860282898
        },
        "matrix": [
          [
            0.6982117891311646,
            -0.2981170117855072,
            -0.6508659720420837,
            0.16606561839580536
          ],
          [
            0.27849137783050537,
            -0.7244479656219482,
            0.6305695176124573,
            -0.5885840058326721
          ],
          [
            -0.6595065593719482,
            -0.6215366125106812,
            -0.4227975606918335,
            1.298901915550232
          ],
          [
            0.0,
            0.0,
            0.0,
            1.0
          ]
        ]
      },
      "bone_length_armature_space": 0.029218771507467548,
      "parent": "index_02_l",
      "has_children": false,
      "is_end_bone": true
    },
    "metacarpal_pinky_l": {
      "name": "metacarpal_pinky_l",
      "local": {
        "location": {
          "x": 0.0,
          "y": 0.0,
          "z": 0.0
        },
        "rotation_quaternion": {
          "w": 0.9999749064445496,
          "x": -0.002180833835154772,
          "y": 0.005693317390978336,
          "z": -0.0036168121732771397
        },
        "scale": {
          "x": 1.0,
          "y": 1.0,
          "z": 1.0
        },
        "matrix_basis": [
          [
            0.999908983707428,
            0.0072086104191839695,
            0.011402124539017677,
            0.0
          ],
          [
            -0.007258275058120489,
            0.9999642968177795,
            0.0043203746899962425,
            0.0
          ],
          [
            -0.011370574124157429,
            -0.004402741324156523,
            0.9999256730079651,
            0.0
          ],
          [
            0.0,
            0.0,
            0.0,
            1.0
          ]
        ],
        "rotation_mode": "QUATERNION"
      },
      "armature_space": {
        "head": {
          "x": 0.18513153493404388,
          "y": -0.4846853017807007,
          "z": 0.35437896847724915
        },
        "tail": {
          "x": 0.21528618037700653,
          "y": -0.5834931135177612,
          "z": 0.341304749250412
        }
      },
      "world_space": {
        "head": {
          "x": 0.18513153493404388,
          "y": -0.42144131660461426,
          "z": 1.3042329549789429
        },
        "tail": {
          "x": 0.21528618037700653,
          "y": -0.5202491283416748,
          "z": 1.2911587953567505
        },
        "rotation_quaternion": {
          "w": 0.14516934752464294,
          "x": 0.022822003811597824,
          "y": 0.06696932762861252,
          "z": -0.9868739247322083
        },
        "matrix": [
          [
            -0.9568101167678833,
            0.2895843982696533,
            -0.025600936263799667,
            0.18513153493404388
          ],
          [
            -0.28347107768058777,
            -0.9488822221755981,
            -0.13880635797977448,
            -0.42144131660461426
          ],
          [
            -0.06448900699615479,
            -0.12555578351020813,
            0.9899954795837402,
            1.3042329549789429
          ],
          [
            0.0,
            0.0,
            0.0,
            1.0
          ]
        ]
      },
      "bone_length_armature_space": 0.10413079080151895,
      "parent": "lowerarm_l",
      "has_children": true,
      "is_end_bone": false
    },
    "pinky_01_l": {
      "name": "pinky_01_l",
      "local": {
        "location": {
          "x": 0.0,
          "y": 0.0,
          "z": 0.0
        },
        "rotation_quaternion": {
          "w": 0.9985281825065613,
          "x": 0.05379617214202881,
          "y": -0.0063105919398367405,
          "z": 0.0027974655386060476
        },
        "scale": {
          "x": 1.0,
          "y": 1.0,
          "z": 1.0
        },
        "matrix_basis": [
          [
            0.9999046921730042,
            -0.006265667732805014,
            -0.012301621958613396,
            0.0
          ],
          [
            0.004907724913209677,
            0.9941962957382202,
            -0.10746929794549942,
            0.0
          ],
          [
            0.012903593480587006,
            0.10739868134260178,
            0.9941322803497314,
            0.0
          ],
          [
            0.0,
            0.0,
            0.0,
            1.0
          ]
        ],
        "rotation_mode": "QUATERNION"
      },
      "armature_space": {
        "head": {
          "x": 0.21528618037700653,
          "y": -0.5834931135177612,
          "z": 0.341304749250412
