{
  "metadata": {
    "armature_name": "KIM_caucasian_male",
    "export_time": "2026-01-13T21:05:13.026235",
    "blender_version": "4.4.1",
    "bone_count": 56,
    "end_bone_count": 13,
    "spaces_included": [
      "LOCAL_CHANNELS",
      "ARMATURE_SPACE",
      "WORLD_SPACE"
    ],
    "note": "LOCAL matches Transform panel; replay pose via local.matrix_basis for best fidelity."
  },
  "bones": {
    "Root": {
      "name": "Root",
      "local": {
        "location": {
          "x": 0.0,
          "y": 0.0,
          "z": 0.0
        },
        "rotation_quaternion": {
          "w": 0.9997613430023193,
          "x": 0.002058980520814657,
          "y": 0.018138334155082703,
          "z": 0.011999980546534061
        },
        "scale": {
          "x": 1.0,
          "y": 1.0,
          "z": 1.0
        },
        "matrix_basis": [
          [
            0.9990540146827698,
            -0.023919539526104927,
            0.03631742671132088,
            0.0
          ],
          [
            0.0240689255297184,
            0.9997035264968872,
            -0.003681658999994397,
            0.0
          ],
          [
            -0.03621859475970268,
            0.004552297759801149,
            0.9993335008621216,
            0.0
          ],
          [
            0.0,
            0.0,
            0.0,
            1.0
          ]
        ],
        "rotation_mode": "QUATERNION"
      },
      "armature_space": {
        "head": {
          "x": 0.0,
          "y": 0.07072800397872925,
          "z": -0.009595036506652832
        },
        "tail": {
          "x": -0.0017072779592126608,
          "y": -2.2709369659423828e-05,
          "z": -0.00032482296228408813
        }
      },
      "world_space": {
        "head": {
          "x": 0.0,
          "y": 0.13397200405597687,
          "z": 0.9402589797973633
        },
        "tail": {
          "x": -0.0017072779592126608,
          "y": 0.0632212907075882,
          "z": 0.9495291709899902
        },
        "rotation_quaternion": {
          "w": 0.06529726833105087,
          "x": 0.9976288080215454,
          "y": -0.010750778019428253,
          "z": 0.01890554092824459
        },
        "matrix": [
          [
            0.9990540146827698,
            -0.023919539526104927,
            0.03631742671132088,
            0.0
          ],
          [
            -0.018981602042913437,
            -0.9912413358688354,
            -0.13069185614585876,
            0.13397200405597687
          ],
          [
            0.039125677198171616,
            0.12987881898880005,
            -0.9907646179199219,
            0.9402589797973633
          ],
          [
            0.0,
            0.0,
            0.0,
            1.0
          ]
        ]
      },
      "bone_length_armature_space": 0.07137587069891285,
      "parent": null,
      "has_children": true,
      "is_end_bone": false
    },
    "spine_01": {
      "name": "spine_01",
      "local": {
        "location": {
          "x": 0.0,
          "y": 0.0,
          "z": 0.0
        },
        "rotation_quaternion": {
          "w": 0.9933521747589111,
          "x": 0.07675155252218246,
          "y": -0.05404909700155258,
          "z": 0.06663046032190323
        },
        "scale": {
          "x": 1.0,
          "y": 1.0,
          "z": 1.0
        },
        "matrix_basis": [
          [
            0.9852781295776367,
            -0.1406717300415039,
            -0.09715159237384796,
            0.0
          ],
          [
            0.12407831847667694,
            0.9793391823768616,
            -0.15968526899814606,
            0.0
          ],
          [
            0.11760755628347397,
            0.14528000354766846,
            0.9823758006095886,
            0.0
          ],
          [
            0.0,
            0.0,
            0.0,
            1.0
          ]
        ],
        "rotation_mode": "QUATERNION"
      },
      "armature_space": {
        "head": {
          "x": -0.0017072779592126608,
          "y": -2.2709369659423828e-05,
          "z": -0.00032482296228408813
        },
        "tail": {
          "x": -0.0900481715798378,
          "y": -0.04899398609995842,
          "z": 0.47711214423179626
        }
      },
      "world_space": {
        "head": {
          "x": -0.0017072779592126608,
          "y": 0.0632212907075882,
          "z": 0.9495291709899902
        },
        "tail": {
          "x": -0.0900481715798378,
          "y": 0.0142500139772892,
          "z": 1.4269661903381348
        },
        "rotation_quaternion": {
          "w": 0.662395715713501,
          "x": 0.7414963841438293,
          "y": -0.10514914244413376,
          "z": 0.018939144909381866
        },
        "matrix": [
          [
            0.9771697521209717,
            -0.18102596700191498,
            -0.11121518909931183,
            -0.0017072779592126608
          ],
          [
            -0.1308460831642151,
            -0.10035072267055511,
            -0.9863109588623047,
            0.0632212907075882
          ],
          [
            0.16738839447498322,
            0.9783519506454468,
            -0.12174798548221588,
            0.9495291709899902
          ],
          [
            0.0,
            0.0,
            0.0,
            1.0
          ]
        ]
      },
      "bone_length_armature_space": 0.4880044643786793,
      "parent": "Root",
      "has_children": true,
      "is_end_bone": false
    },
    "neck_01": {
      "name": "neck_01",
      "local": {
        "location": {
          "x": 0.0,
          "y": 0.0,
          "z": 0.0
        },
        "rotation_quaternion": {
          "w": 0.9898631572723389,
          "x": -0.07915617525577545,
          "y": -0.057537101209163666,
          "z": 0.10293077677488327
        },
        "scale": {
          "x": 1.0,
          "y": 1.0,
          "z": 1.0
        },
        "matrix_basis": [
          [
            0.9721894860267639,
            -0.19466593861579895,
            -0.13020291924476624,
            0.0
          ],
          [
            0.2128836065530777,
            0.9662790894508362,
            0.14486289024353027,
            0.0
          ],
          [
            0.09761250019073486,
            -0.1685522347688675,
            0.9808475375175476,
            0.0
          ],
          [
            0.0,
            0.0,
            0.0,
            1.0
          ]
        ],
        "rotation_mode": "QUATERNION"
      },
      "armature_space": {
        "head": {
          "x": -0.10715960711240768,
          "y": -0.09054720401763916,
          "z": 0.5445232391357422
        },
        "tail": {
          "x": -0.14681562781333923,
          "y": -0.1191176027059555,
          "z": 0.634644627571106
        }
      },
      "world_space": {
        "head": {
          "x": -0.10715960711240768,
          "y": -0.02730320394039154,
          "z": 1.4943772554397583
        },
        "tail": {
          "x": -0.14681562781333923,
          "y": -0.055873602628707886,
          "z": 1.584498643875122
        },
        "rotation_quaternion": {
          "w": 0.5591359734535217,
          "x": 0.798915445804596,
          "y": -0.21915261447429657,
          "z": 0.03276332467794418
        },
        "matrix": [
          [
            0.9017969369888306,
            -0.3868074417114258,
            -0.19272370636463165,
            -0.10715960711240768
          ],
          [
            -0.3135322034358978,
            -0.2786776125431061,
            -0.9077646732330322,
            -0.02730320394039154
          ],
          [
            0.2974240779876709,
            0.879050076007843,
            -0.372590571641922,
            1.4943772554397583
          ],
          [
            0.0,
            0.0,
            0.0,
            1.0
          ]
        ]
      },
      "bone_length_armature_space": 0.10252186369845293,
      "parent": "spine_01",
      "has_children": true,
      "is_end_bone": false
    },
    "head": {
      "name": "head",
      "local": {
        "location": {
          "x": 0.0,
          "y": 0.0,
          "z": 0.0
        },
        "rotation_quaternion": {
          "w": 0.9831799268722534,
          "x": -0.09337271749973297,
          "y": 0.07893393933773041,
          "z": -0.1356768012046814
        },
        "scale": {
          "x": 1.0,
          "y": 1.0,
          "z": 1.0
        },
        "matrix_basis": [
          [
            0.9507224559783936,
            0.2520488500595093,
            0.18054954707622528,
            0.0
          ],
          [
            -0.28152996301651,
            0.945746660232544,
            0.16218535602092743,
            0.0
          ],
          [
            -0.12987551093101501,
            -0.2050233781337738,
            0.9701019525527954,
            0.0
          ],
          [
            0.0,
            0.0,
            0.0,
            1.0
          ]
        ],
        "rotation_mode": "QUATERNION"
      },
      "armature_space": {
        "head": {
          "x": -0.14681562781333923,
          "y": -0.11911772191524506,
          "z": 0.6346445083618164
        },
        "tail": {
          "x": -0.1441258192062378,
          "y": -0.09134738892316818,
          "z": 0.7872055768966675
        }
      },
      "world_space": {
        "head": {
          "x": -0.14681562781333923,
          "y": -0.055873721837997437,
          "z": 1.5844985246658325
        },
        "tail": {
          "x": -0.1441258192062378,
          "y": -0.028103388845920563,
          "z": 1.7370595932006836
        },
        "rotation_quaternion": {
          "w": 0.7645562887191772,
          "x": 0.6368288397789001,
          "y": -0.07059089839458466,
          "z": -0.0701400488615036
        },
        "matrix": [
          [
            0.9801946878433228,
            0.01734347641468048,
            -0.19727590680122375,
            -0.14681562781333923
          ],
          [
            -0.1971607506275177,
            0.179059237241745,
            -0.9638806581497192,
            -0.055873721837997437
          ],
          [
            0.0186070017516613,
            0.983692467212677,
            0.17893262207508087,
            1.5844985246658325
          ],
          [
            0.0,
            0.0,
            0.0,
            1.0
          ]
        ]
      },
      "bone_length_armature_space": 0.15509128393162955,
      "parent": "neck_01",
      "has_children": false,
      "is_end_bone": true
    },
    "upperarm_l": {
      "name": "upperarm_l",
      "local": {
        "location": {
          "x": 0.0,
          "y": 0.0,
          "z": 0.0
        },
        "rotation_quaternion": {
          "w": 0.9078270196914673,
          "x": 0.13788969814777374,
          "y": 0.37728792428970337,
          "z": 0.12037671357393265
        },
        "scale": {
          "x": 1.0,
          "y": 1.0,
          "z": 1.0
        },
        "matrix_basis": [
          [
            0.6863265633583069,
            -0.11451423168182373,
            0.7182217836380005,
            0.0
          ],
          [
            0.3226107060909271,
            0.9329917430877686,
            -0.15952663123607635,
            0.0
          ],
          [
            -0.6518269181251526,
            0.3411933481693268,
            0.6772804856300354,
            0.0
          ],
          [
            0.0,
            0.0,
            0.0,
            1.0
          ]
        ],
        "rotation_mode": "QUATERNION"
      },
      "armature_space": {
        "head": {
          "x": 0.05122752487659454,
          "y": -0.10657525062561035,
          "z": 0.5034904479980469
        },
        "tail": {
          "x": 0.286121666431427,
          "y": -0.22326253354549408,
          "z": 0.5584127902984619
        }
      },
      "world_space": {
        "head": {
          "x": 0.05122752487659454,
          "y": -0.04333125054836273,
          "z": 1.453344464302063
        },
        "tail": {
          "x": 0.286121666431427,
          "y": -0.16001853346824646,
          "z": 1.508266806602478
        },
        "rotation_quaternion": {
          "w": 0.2325652539730072,
          "x": 0.8261366486549377,
          "y": 0.4776899814605713,
          "z": -0.1876804232597351
        },
        "matrix": [
          [
            0.4731762409210205,
            0.8765707015991211,
            -0.08790943026542664,
            0.05122752487659454
          ],
          [
            0.7019791007041931,
            -0.4354499876499176,
            -0.563568115234375,
            -0.04333125054836273
          ],
          [
            -0.532290518283844,
            0.20495745539665222,
            -0.8213850259780884,
            1.453344464302063
          ],
          [
            0.0,
            0.0,
            0.0,
            1.0
          ]
        ]
      },
      "bone_length_armature_space": 0.26796947917408065,
      "parent": "spine_01",
      "has_children": true,
      "is_end_bone": false
    },
    "lowerarm_l": {
      "name": "lowerarm_l",
      "local": {
        "location": {
          "x": 0.0,
          "y": 0.0,
          "z": 0.0
        },
        "rotation_quaternion": {
          "w": 0.9548010230064392,
          "x": 0.14024990797042847,
          "y": -0.09308694303035736,
          "z": 0.24498945474624634
        },
        "scale": {
          "x": 1.0,
          "y": 1.0,
          "z": 1.0
        },
        "matrix_basis": [
          [
            0.8626299500465393,
            -0.4939432442188263,
            -0.10903952270746231,
            0.0
          ],
          [
            0.44172149896621704,
            0.8406202793121338,
            -0.31343215703964233,
            0.0
          ],
          [
            0.24647851288318634,
            0.2222108691930771,
            0.9433295726776123,
            0.0
          ],
          [
            0.0,
            0.0,
            0.0,
            1.0
          ]
        ],
        "rotation_mode": "QUATERNION"
      },
      "armature_space": {
        "head": {
          "x": 0.2861216962337494,
          "y": -0.22326268255710602,
          "z": 0.5584127902984619
        },
        "tail": {
          "x": 0.3897620439529419,
          "y": -0.4593653082847595,
          "z": 0.6297123432159424
        }
      },
      "world_space": {
        "head": {
          "x": 0.2861216962337494,
          "y": -0.1600186824798584,
          "z": 1.508266806602478
        },
        "tail": {
          "x": 0.3897620439529419,
          "y": -0.3961213231086731,
          "z": 1.5795663595199585
        },
        "rotation_quaternion": {
          "w": 0.19820259511470795,
          "x": 0.9096544981002808,
          "y": 0.13943731784820557,
          "z": -0.33734509348869324
        },
        "matrix": [
          [
            0.7335110902786255,
            0.387405127286911,
            -0.5584608912467957,
            0.2861216962337494
          ],
          [
            0.11995451152324677,
            -0.8825458288192749,
            -0.4546692371368408,
            -0.1600186824798584
          ],
          [
            -0.6690130829811096,
            0.2665160298347473,
            -0.6938333511352539,
            1.508266806602478
          ],
          [
            0.0,
            0.0,
            0.0,
            1.0
          ]
        ]
      },
      "bone_length_armature_space": 0.267524574657245,
      "parent": "upperarm_l",
      "has_children": true,
      "is_end_bone": false
    },
    "metacarpal_thumb_l": {
      "name": "metacarpal_thumb_l",
      "local": {
        "location": {
          "x": 0.0,
          "y": 0.0,
          "z": 0.0
        },
        "rotation_quaternion": {
          "w": 0.999841034412384,
          "x": 0.006599320564419031,
          "y": -0.015387571416795254,
          "z": -0.006136786192655563
        },
        "scale": {
          "x": 1.0,
          "y": 1.0,
          "z": 1.0
        },
        "matrix_basis": [
          [
            0.9994511008262634,
            0.01206852588802576,
            -0.030851248651742935,
            0.0
          ],
          [
            -0.012474716641008854,
            0.9998375773429871,
            -0.013007682748138905,
            0.0
          ],
          [
            0.03068925254046917,
            0.013385403901338577,
            0.9994393587112427,
            0.0
          ],
          [
            0.0,
            0.0,
            0.0,
            1.0
          ]
        ],
        "rotation_mode": "QUATERNION"
      },
      "armature_space": {
        "head": {
          "x": 0.3897620439529419,
          "y": -0.4593653082847595,
          "z": 0.6297123432159424
        },
        "tail": {
          "x": 0.3961307108402252,
          "y": -0.5058462619781494,
          "z": 0.6138206124305725
        }
      },
      "world_space": {
        "head": {
          "x": 0.3897620439529419,
          "y": -0.3961213231086731,
          "z": 1.5795663595199585
        },
        "tail": {
          "x": 0.3961307108402252,
          "y": -0.442602276802063,
          "z": 1.5636746883392334
        },
        "rotation_quaternion": {
          "w": 0.1755273938179016,
          "x": -0.9181907773017883,
          "y": -0.002126907231286168,
          "z": -0.3551214635372162
        },
        "matrix": [
          [
            0.7477685213088989,
            0.12857232987880707,
            0.6513916254043579,
            0.3897620439529419
          ],
          [
            -0.12076091021299362,
            -0.9383715391159058,
            0.3238450884819031,
            -0.3961213231086731
          ],
          [
            0.6528894901275635,
            -0.320826917886734,
            -0.6861629486083984,
            1.5795663595199585
          ],
          [
            0.0,
            0.0,
            0.0,
            1.0
          ]
        ]
      },
      "bone_length_armature_space": 0.04953368671290913,
      "parent": "lowerarm_l",
      "has_children": true,
      "is_end_bone": false
    },
    "thumb_01_l": {
      "name": "thumb_01_l",
      "local": {
        "location": {
          "x": 0.0,
          "y": 0.0,
          "z": 0.0
        },
        "rotation_quaternion": {
          "w": 0.956899881362915,
          "x": 0.28934165835380554,
          "y": -0.023104362189769745,
          "z": 0.009501555934548378
        },
        "scale": {
          "x": 1.0,
          "y": 1.0,
          "z": 1.0
        },
        "matrix_basis": [
          [
            0.9987518191337585,
            -0.03155418485403061,
            -0.038718730211257935,
            0.0
          ],
          [
            0.0048139663413167,
            0.8323822617530823,
            -0.5541810393333435,
            0.0
          ],
          [
            0.04971551522612572,
            0.5533029437065125,
            0.8314951658248901,
            0.0
          ],
          [
            0.0,
            0.0,
            0.0,
            1.0
          ]
        ],
        "rotation_mode": "QUATERNION"
      },
      "armature_space": {
        "head": {
          "x": 0.3961307108402252,
          "y": -0.5058462619781494,
          "z": 0.6138206124305725
        },
        "tail": {
          "x": 0.4252757430076599,
          "y": -0.518397867679596,
          "z": 0.6015059351921082
        }
      },
      "world_space": {
        "head": {
          "x": 0.3961307108402252,
          "y": -0.442602276802063,
          "z": 1.5636746883392334
        },
        "tail": {
          "x": 0.4252757430076599,
          "y": -0.4551538825035095,
          "z": 1.5513598918914795
        },
        "rotation_quaternion": {
          "w": 0.5556647181510925,
          "x": -0.20609518885612488,
          "y": 0.08284257352352142,
          "z": -0.8011857867240906
        },
        "matrix": [
          [
            -0.29752182960510254,
            0.8562349081039429,
            0.42230603098869324,
            0.3961307108402252
          ],
          [
            -0.9245280623435974,
            -0.3687472343444824,
            0.09629741311073303,
            -0.442602276802063
          ],
          [
            0.2381783276796341,
            -0.36178624629974365,
            0.9013302326202393,
            1.5636746883392334
          ],
          [
            0.0,
            0.0,
            0.0,
            1.0
          ]
        ]
      },
      "bone_length_armature_space": 0.03403860996560095,
      "parent": "metacarpal_thumb_l",
      "has_children": true,
      "is_end_bone": false
    },
    "thumb_02_l": {
      "name": "thumb_02_l",
      "local": {
        "location": {
          "x": 0.0,
          "y": 0.0,
          "z": 0.0
        },
        "rotation_quaternion": {
          "w": 0.8913729190826416,
          "x": 0.4532177746295929,
          "y": 0.0020412583835422993,
          "z": -0.0066207293421030045
        },
        "scale": {
          "x": 1.0,
          "y": 1.0,
          "z": 1.0
        },
        "matrix_basis": [
          [
            0.9999039769172668,
            0.0136533472687006,
            -0.0023622196167707443,
            0.0
          ],
          [
            -0.009952808730304241,
            0.589099645614624,
            -0.8079991340637207,
            0.0
          ],
          [
            -0.009640309028327465,
            0.8079450726509094,
            0.5891789793968201,
            0.0
          ],
          [
            0.0,
            0.0,
            0.0,
            1.0
          ]
        ],
        "rotation_mode": "QUATERNION"
      },
      "armature_space": {
        "head": {
          "x": 0.42527568340301514,
          "y": -0.518397867679596,
          "z": 0.6015058755874634
        },
        "tail": {
          "x": 0.4154875874519348,
          "y": -0.531969428062439,
          "z": 0.6380189657211304
        }
      },
      "world_space": {
        "head": {
          "x": 0.42527568340301514,
          "y": -0.4551538825035095,
          "z": 1.5513598918914795
        },
        "tail": {
          "x": 0.4154875874519348,
          "y": -0.46872544288635254,
          "z": 1.5878729820251465
        },
        "rotation_quaternion": {
          "w": 0.16112348437309265,
          "x": 0.42453286051750183,
          "y": -0.5523492693901062,
          "z": -0.6990861892700195
        },
        "matrix": [
          [
            -0.5876238942146301,
            -0.24370083212852478,
            -0.771561861038208,
            0.42527568340301514
          ],
          [
            -0.694257915019989,
            -0.3378998041152954,
            0.6354758143424988,
            -0.4551538825035095
          ],
          [
            -0.4155803918838501,
            0.9090901613235474,
            0.02936762571334839,
            1.5513598918914795
          ],
          [
            0.0,
            0.0,
            0.0,
            1.0
          ]
        ]
      },
      "bone_length_armature_space": 0.040164658661980386,
      "parent": "thumb_01_l",
      "has_children": true,
      "is_end_bone": false
    },
    "thumb_03_l": {
      "name": "thumb_03_l",
      "local": {
        "location": {
          "x": 0.0,
          "y": 0.0,
          "z": 0.0
        },
        "rotation_quaternion": {
          "w": 0.9897757172584534,
          "x": 0.14238691329956055,
          "y": -0.008363688364624977,
          "z": -0.00022985073155723512
        },
        "scale": {
          "x": 1.0,
          "y": 1.0,
          "z": 1.0
        },
        "matrix_basis": [
          [
            0.9998599886894226,
            -0.0019267582101747394,
            -0.01662180759012699,
            0.0
          ],
          [
            -0.0028367608319967985,
            0.9594518542289734,
            -0.2818583846092224,
            0.0
          ],
          [
            0.016490895301103592,
            0.28186607360839844,
            0.9593120217323303,
            0.0
          ],
          [
            0.0,
            0.0,
            0.0,
            1.0
          ]
        ],
        "rotation_mode": "QUATERNION"
      },
      "armature_space": {
        "head": {
          "x": 0.4154876172542572,
          "y": -0.5319694876670837,
          "z": 0.6380188465118408
        },
        "tail": {
          "x": 0.39789652824401855,
          "y": -0.5298135876655579,
          "z": 0.6627737879753113
        }
      },
      "world_space": {
        "head": {
          "x": 0.4154876172542572,
          "y": -0.4687255024909973,
          "z": 1.587872862815857
        },
        "tail": {
          "x": 0.39789652824401855,
          "y": -0.46656960248947144,
          "z": 1.6126277446746826
        },
        "rotation_quaternion": {
          "w": 0.20250548422336578,
          "x": 0.5331727862358093,
          "y": -0.703135073184967,
          "z": -0.42464032769203186
        },
        "matrix": [
          [
            -0.3494333326816559,
            -0.5778006911277771,
            -0.737592339515686,
            0.4154876172542572
          ],
          [
            -0.9217702746391296,
            0.07081349194049835,
            0.3812149167060852,
            -0.4687255024909973
          ],
          [
            -0.16803690791130066,
            0.8131060600280762,
            -0.5573478937149048,
            1.587872862815857
          ],
          [
            0.0,
            0.0,
            0.0,
            1.0
          ]
        ]
      },
      "bone_length_armature_space": 0.030445056001310148,
      "parent": "thumb_02_l",
      "has_children": false,
      "is_end_bone": true
    },
    "metacarpal_index_l": {
      "name": "metacarpal_index_l",
      "local": {
        "location": {
          "x": 0.0,
          "y": 0.0,
          "z": 0.0
        },
        "rotation_quaternion": {
          "w": 0.9982764720916748,
          "x": -0.05851691588759422,
          "y": -0.0018169169779866934,
          "z": -0.004079686477780342
        },
        "scale": {
          "x": 1.0,
          "y": 1.0,
          "z": 1.0
        },
        "matrix_basis": [
          [
            0.9999601244926453,
            0.008357950486242771,
            -0.0031501096673309803,
            0.0
          ],
          [
            -0.00793266948312521,
            0.9931182265281677,
            0.1168469488620758,
            0.0
          ],
          [
            0.004105032421648502,
            -0.11681729555130005,
            0.9931449294090271,
            0.0
          ],
          [
            0.0,
            0.0,
            0.0,
            1.0
          ]
        ],
        "rotation_mode": "QUATERNION"
      },
      "armature_space": {
        "head": {
          "x": 0.3897620439529419,
          "y": -0.4593653082847595,
          "z": 0.6297123432159424
        },
        "tail": {
          "x": 0.4152223467826843,
          "y": -0.5728130340576172,
          "z": 0.6442243456840515
        }
      },
      "world_space": {
        "head": {
          "x": 0.3897620439529419,
          "y": -0.3961213231086731,
          "z": 1.5795663595199585
        },
        "tail": {
          "x": 0.4152223467826843,
          "y": -0.5095690488815308,
          "z": 1.5940783023834229
        },
        "rotation_quaternion": {
          "w": 0.04985462874174118,
          "x": 0.9858665466308594,
          "y": 0.1157829761505127,
          "z": 0.11034582555294037
        },
        "matrix": [
          [
            0.9488361477851868,
            0.217290461063385,
            0.22911706566810608,
            0.3897620439529419
          ],
          [
            0.23929573595523834,
            -0.968217670917511,
            -0.07274791598320007,
            -0.3961213231086731
          ],
          [
            0.20602938532829285,
            0.12385254353284836,
            -0.9706833958625793,
            1.5795663595199585
          ],
          [
            0.0,
            0.0,
            0.0,
            1.0
          ]
        ]
      },
      "bone_length_armature_space": 0.11717171780041744,
      "parent": "lowerarm_l",
      "has_children": true,
      "is_end_bone": false
    },
    "index_01_l": {
      "name": "index_01_l",
      "local": {
        "location": {
          "x": 0.0,
          "y": 0.0,
          "z": 0.0
        },
        "rotation_quaternion": {
          "w": 0.9459841847419739,
          "x": 0.32409653067588806,
          "y": 0.008228619582951069,
          "z": -0.0027692446019500494
        },
        "scale": {
          "x": 1.0,
          "y": 1.0,
          "z": 1.0
        },
        "matrix_basis": [
          [
            0.999849259853363,
            0.01057305745780468,
            0.013773282989859581,
            0.0
          ],
          [
            9.441092697670683e-05,
            0.7899075150489807,
            -0.6132259368896484,
            0.0
          ],
          [
            -0.01736329309642315,
            0.6131348013877869,
            0.7897874712944031,
            0.0
          ],
          [
            0.0,
            0.0,
            0.0,
            1.0
          ]
        ],
        "rotation_mode": "QUATERNION"
      },
      "armature_space": {
        "head": {
          "x": 0.4152223467826843,
          "y": -0.5728130340576172,
          "z": 0.6442243456840515
        },
        "tail": {
          "x": 0.43204396963119507,
          "y": -0.593916654586792,
          "z": 0.6350188255310059
        }
      },
      "world_space": {
        "head": {
          "x": 0.4152223467826843,
          "y": -0.5095690488815308,
          "z": 1.5940783023834229
        },
        "tail": {
          "x": 0.43204396963119507,
          "y": -0.5306726694107056,
          "z": 1.584872841835022
        },
        "rotation_quaternion": {
          "w": 0.18427243828773499,
          "x": -0.9321669340133667,
          "y": -0.3098248541355133,
          "z": -0.033421970903873444
        },
        "matrix": [
          [
            0.8057829737663269,
            0.5899344086647034,
            -0.05187554657459259,
            0.4152223467826843
          ],
          [
            0.5653001666069031,
            -0.7401043772697449,
            0.36425459384918213,
            -0.5095690488815308
          ],
          [
            0.17649473249912262,
            -0.32283836603164673,
            -0.9298595786094666,
            1.5940783023834229
          ],
          [
            0.0,
            0.0,
            0.0,
            1.0
          ]
        ]
      },
      "bone_length_armature_space": 0.028514406717294515,
      "parent": "metacarpal_index_l",
      "has_children": true,
      "is_end_bone": false
    },
    "index_02_l": {
      "name": "index_02_l",
      "local": {
        "location": {
          "x": 0.0,
          "y": 0.0,
          "z": 0.0
        },
        "rotation_quaternion": {
          "w": 0.8853209018707275,
          "x": 0.4649490714073181,
          "y": -0.0006248336867429316,
          "z": 0.005370759870857
        },
        "scale": {
          "x": 1.0,
          "y": 1.0,
          "z": 1.0
        },
        "matrix_basis": [
          [
            0.9999415278434753,
            -0.010090723633766174,
            0.003887902945280075,
            0.0
          ],
          [
            0.008928660303354263,
            0.5675870180130005,
            -0.8232649564743042,
            0.0
          ],
          [
            0.006100616417825222,
            0.8232515454292297,
            0.567643940448761,
            0.0
          ],
          [
            0.0,
            0.0,
            0.0,
            1.0
          ]
        ],
        "rotation_mode": "QUATERNION"
      },
      "armature_space": {
        "head": {
          "x": 0.43204396963119507,
          "y": -0.5939169526100159,
          "z": 0.6350183486938477
        },
        "tail": {
          "x": 0.43907126784324646,
          "y": -0.5984404683113098,
          "z": 0.6107643842697144
        }
      },
      "world_space": {
        "head": {
          "x": 0.43204396963119507,
          "y": -0.5306729674339294,
          "z": 1.5848723649978638
        },
        "tail": {
          "x": 0.43907126784324646,
          "y": -0.5351964831352234,
          "z": 1.5606184005737305
        },
        "rotation_quaternion": {
          "w": 0.5717014670372009,
          "x": -0.7531837224960327,
          "y": -0.29153287410736084,
          "z": 0.1445005089044571
        },
        "matrix": [
          [
            0.788255512714386,
            0.2739335298538208,
            -0.5510113835334778,
            0.43204396963119507
          ],
          [
            0.6043792963027954,
            -0.17633189260959625,
            0.7769379615783691,
            -0.5306729674339294
          ],
          [
            0.1156698539853096,
            -0.9454523324966431,
            -0.3045557737350464,
            1.5848723649978638
          ],
          [
            0.0,
            0.0,
            0.0,
            1.0
          ]
        ]
      },
      "bone_length_armature_space": 0.025653457567859105,
      "parent": "index_01_l",
      "has_children": true,
      "is_end_bone": false
    },
    "index_03_l": {
      "name": "index_03_l",
      "local": {
        "location": {
          "x": 0.0,
          "y": 0.0,
          "z": 0.0
        },
        "rotation_quaternion": {
          "w": 0.9304221868515015,
          "x": 0.36643078923225403,
          "y": 0.0044999392703175545,
          "z": -0.0047777919098734856
        },
        "scale": {
          "x": 1.0,
          "y": 1.0,
          "z": 1.0
        },
        "matrix_basis": [
          [
            0.9999138712882996,
            0.012188559398055077,
            0.004872226621955633,
            0.0
          ],
          [
            -0.0055928947404026985,
            0.7314112782478333,
            -0.6819136738777161,
            0.0
          ],
          [
            -0.011875146999955177,
            0.6818276643753052,
            0.7314164638519287,
            0.0
          ],
          [
            0.0,
            0.0,
            0.0,
            1.0
          ]
        ],
        "rotation_mode": "QUATERNION"
      },
      "armature_space": {
        "head": {
          "x": 0.43907132744789124,
          "y": -0.5984405875205994,
          "z": 0.6107645034790039
        },
        "tail": {
          "x": 0.4352908730506897,
          "y": -0.5828330516815186,
          "z": 0.5863544344902039
        }
      },
      "world_space": {
        "head": {
          "x": 0.43907132744789124,
          "y": -0.5351966023445129,
          "z": 1.56061851978302
        },
        "tail": {
          "x": 0.4352908730506897,
          "y": -0.5195890665054321,
          "z": 1.5362083911895752
        },
        "rotation_quaternion": {
          "w": 0.8428395986557007,
          "x": -0.438882976770401,
          "y": -0.23812267184257507,
          "z": 0.2007502317428589
        },
        "matrix": [
          [
            0.805993914604187,
            -0.1293850690126419,
            -0.5776098966598511,
            0.43907132744789124
          ],
          [
            0.5474169254302979,
            0.5341619849205017,
            0.6442092657089233,
            -0.5351966023445129
          ],
          [
            0.22518828511238098,
            -0.8354276418685913,
            0.5013629794120789,
            1.56061851978302
          ],
          [
            0.0,
            0.0,
            0.0,
            1.0
          ]
        ]
      },
      "bone_length_armature_space": 0.029218803241496637,
      "parent": "index_02_l",
      "has_children": false,
      "is_end_bone": true
    },
    "metacarpal_pinky_l": {
      "name": "metacarpal_pinky_l",
      "local": {
        "location": {
          "x": 0.0,
          "y": 0.0,
          "z": 0.0
        },
        "rotation_quaternion": {
          "w": 0.9998713731765747,
          "x": -0.0141321811825037,
          "y": -0.0011907955631613731,
          "z": 0.007492567412555218
        },
        "scale": {
          "x": 1.0,
          "y": 1.0,
          "z": 1.0
        },
        "matrix_basis": [
          [
            0.9998849034309387,
            -0.014949549920856953,
            -0.0025930574629455805,
            0.0
          ],
          [
            0.01501686405390501,
            0.9994882941246033,
            0.02824288234114647,
            0.0
          ],
          [
            0.0021695122122764587,
            -0.028278570622205734,
            0.9995977282524109,
            0.0
          ],
          [
            0.0,
            0.0,
            0.0,
            1.0
          ]
        ],
        "rotation_mode": "QUATERNION"
      },
      "armature_space": {
        "head": {
          "x": 0.3897620439529419,
          "y": -0.4593653082847595,
          "z": 0.6297123432159424
        },
        "tail": {
          "x": 0.4489518404006958,
          "y": -0.5305368304252625,
          "z": 0.6774032711982727
        }
      },
      "world_space": {
        "head": {
          "x": 0.3897620439529419,
          "y": -0.3961213231086731,
          "z": 1.5795663595199585
        },
        "tail": {
          "x": 0.4489518404006958,
          "y": -0.467292845249176,
          "z": 1.6272573471069336
        },
        "rotation_quaternion": {
          "w": 0.3954954147338867,
          "x": 0.4952033758163452,
          "y": -0.04291301593184471,
          "z": -0.772344172000885
        },
        "matrix": [
          [
            -0.19671308994293213,
            0.5684179663658142,
            -0.7988772392272949,
            0.3897620439529419
          ],
          [
            -0.6534193158149719,
            -0.6834821701049805,
            -0.3254162669181824,
            -0.3961213231086731
          ],
          [
            -0.7309964895248413,
            0.4579906463623047,
            0.5058683156967163,
            1.5795663595199585
          ],
          [
            0.0,
            0.0,
            0.0,
            1.0
          ]
        ]
      },
      "bone_length_armature_space": 0.10413089016124445,
      "parent": "lowerarm_l",
      "has_children": true,
      "is_end_bone": false
    },
    "pinky_01_l": {
      "name": "pinky_01_l",
      "local": {
        "location": {
          "x": 0.0,
          "y": 0.0,
          "z": 0.0
        },
        "rotation_quaternion": {
          "w": 0.9539783596992493,
          "x": 0.29919469356536865,
          "y": -0.012465130537748337,
          "z": -0.01588965207338333
        },
        "scale": {
          "x": 1.0,
          "y": 1.0,
          "z": 1.0
        },
        "matrix_basis": [
          [
            0.999184250831604,
            0.02285776659846306,
            -0.033291127532720566,
            0.0
          ],
          [
            -0.03777576982975006,
            0.8204600811004639,
            -0.5704544186592102,
            0.0
          ],
          [
            0.01427473034709692,
            0.5712466835975647,
            0.8206543326377869,
            0.0
          ],
          [
            0.0,
            0.0,
            0.0,
            1.0
          ]
        ],
        "rotation_mode": "QUATERNION"
      },
      "armature_space": {
        "head": {
          "x": 0.4489518404006958,
          "y": -0.5305368304252625,
          "z": 0.6774032711982727
        },
        "tail": {
          "x": 0.4670998454093933,
