{
  "metadata": {
    "armature_name": "KIM_caucasian_male",
    "export_time": "2026-01-13T21:12:32.511474",
    "blender_version": "4.4.1",
    "bone_count": 56,
    "end_bone_count": 13,
    "spaces_included": [
      "LOCAL_CHANNELS",
      "ARMATURE_SPACE",
      "WORLD_SPACE"
    ],
    "note": "LOCAL matches Transform panel; replay pose via local.matrix_basis for best fidelity."
  },
  "bones": {
    "Root": {
      "name": "Root",
      "local": {
        "location": {
          "x": 0.0,
          "y": 0.0,
          "z": 0.0
        },
        "rotation_quaternion": {
          "w": 0.9997104406356812,
          "x": 0.006622073706239462,
          "y": -0.0028652087785303593,
          "z": 0.022959014400839806
        },
        "scale": {
          "x": 1.0,
          "y": 1.0,
          "z": 1.0
        },
        "matrix_basis": [
          [
            0.9989293217658997,
            -0.045942679047584534,
            -0.005424685776233673,
            0.0
          ],
          [
            0.04586678370833397,
            0.9988580346107483,
            -0.013371877372264862,
            0.0
          ],
          [
            0.006032831035554409,
            0.013108748011291027,
            0.9998958706855774,
            0.0
          ],
          [
            0.0,
            0.0,
            0.0,
            1.0
          ]
        ],
        "rotation_mode": "QUATERNION"
      },
      "armature_space": {
        "head": {
          "x": 0.0,
          "y": 0.07072800397872925,
          "z": -0.009595036506652832
        },
        "tail": {
          "x": -0.003279198659583926,
          "y": -4.5008957386016846e-05,
          "z": -0.0009381193667650223
        }
      },
      "world_space": {
        "head": {
          "x": 0.0,
          "y": 0.13397200405597687,
          "z": 0.9402589797973633
        },
        "tail": {
          "x": -0.003279198659583926,
          "y": 0.0631989911198616,
          "z": 0.9489158987998962
        },
        "rotation_quaternion": {
          "w": 0.060741126537323,
          "x": 0.9978854656219482,
          "y": -0.023099886253476143,
          "z": -0.0013120006769895554
        },
        "matrix": [
          [
            0.9989293217658997,
            -0.045942679047584534,
            -0.005424685776233673,
            0.0
          ],
          [
            -0.04626145213842392,
            -0.991553783416748,
            -0.1211652010679245,
            0.13397200405597687
          ],
          [
            0.00018774345517158508,
            0.12128632515668869,
            -0.9926245808601379,
            0.9402589797973633
          ],
          [
            0.0,
            0.0,
            0.0,
            1.0
          ]
        ]
      },
      "bone_length_armature_space": 0.07137587039787537,
      "parent": null,
      "has_children": true,
      "is_end_bone": false
    },
    "spine_01": {
      "name": "spine_01",
      "local": {
        "location": {
          "x": 0.0,
          "y": 0.0,
          "z": 0.0
        },
        "rotation_quaternion": {
          "w": 0.9972009658813477,
          "x": -0.05869326367974281,
          "y": 0.03787246346473694,
          "z": -0.026665544137358665
        },
        "scale": {
          "x": 1.0,
          "y": 1.0,
          "z": 1.0
        },
        "matrix_basis": [
          [
            0.995709240436554,
            0.0487360954284668,
            0.07866308838129044,
            0.0
          ],
          [
            -0.05762752890586853,
            0.991688072681427,
            0.1150381788611412,
            0.0
          ],
          [
            -0.07240273803472519,
            -0.11907773464918137,
            0.990241527557373,
            0.0
          ],
          [
            0.0,
            0.0,
            0.0,
            1.0
          ]
        ],
        "rotation_mode": "QUATERNION"
      },
      "armature_space": {
        "head": {
          "x": -0.003279198659583926,
          "y": -4.5008957386016846e-05,
          "z": -0.0009381193667650223
        },
        "tail": {
          "x": 0.023824920877814293,
          "y": 0.07306744158267975,
          "z": 0.4807967245578766
        }
      },
      "world_space": {
        "head": {
          "x": -0.003279198659583926,
          "y": 0.0631989911198616,
          "z": 0.9489158987998962
        },
        "tail": {
          "x": 0.023824920877814293,
          "y": 0.13631144165992737,
          "z": 1.4306507110595703
        },
        "rotation_quaternion": {
          "w": 0.7576097249984741,
          "x": 0.6519078612327576,
          "y": 0.030615663155913353,
          "z": -0.010311314836144447
        },
        "matrix": [
          [
            0.9979127049446106,
            0.055541086941957474,
            0.03294503688812256,
            -0.003279198659583926
          ],
          [
            0.024292893707752228,
            0.1498202234506607,
            -0.9884147644042969,
            0.0631989911198616
          ],
          [
            -0.05983386188745499,
            0.9871590733528137,
            0.14815837144851685,
            0.9489158987998962
          ],
          [
            0.0,
            0.0,
            0.0,
            1.0
          ]
        ]
      },
      "bone_length_armature_space": 0.48800463894039486,
      "parent": "Root",
      "has_children": true,
      "is_end_bone": false
    },
    "neck_01": {
      "name": "neck_01",
      "local": {
        "location": {
          "x": 0.0,
          "y": 0.0,
          "z": 0.0
        },
        "rotation_quaternion": {
          "w": 0.9908485412597656,
          "x": 0.030125506222248077,
          "y": 0.09498435258865356,
          "z": 0.0910482332110405
        },
        "scale": {
          "x": 1.0,
          "y": 1.0,
          "z": 1.0
        },
        "matrix_basis": [
          [
            0.9653763771057129,
            -0.17470711469650269,
            0.19371595978736877,
            0.0
          ],
          [
            0.18615292012691498,
            0.9816053509712219,
            -0.042403314262628555,
            0.0
          ],
          [
            -0.18274447321891785,
            0.07699594646692276,
            0.9801408648490906,
            0.0
          ],
          [
            0.0,
            0.0,
            0.0,
            1.0
          ]
        ],
        "rotation_mode": "QUATERNION"
      },
      "armature_space": {
        "head": {
          "x": 0.029034102335572243,
          "y": 0.049758389592170715,
          "z": 0.5582132339477539
        },
        "tail": {
          "x": 0.017650175839662552,
          "y": 0.017844922840595245,
          "z": 0.6549742221832275
        }
      },
      "world_space": {
        "head": {
          "x": 0.029034102335572243,
          "y": 0.11300238966941833,
          "z": 1.50806725025177
        },
        "tail": {
          "x": 0.017650175839662552,
          "y": 0.08108892291784286,
          "z": 1.6048282384872437
        },
        "rotation_quaternion": {
          "w": 0.5866575241088867,
          "x": 0.8017293214797974,
          "y": 0.013773438520729542,
          "z": 0.11346030980348587
        },
        "matrix": [
          [
            0.9738742709159851,
            -0.11103958636522293,
            0.19808878004550934,
            0.029034102335572243
          ],
          [
            0.1552092432975769,
            -0.3112860918045044,
            -0.9375560283660889,
            0.11300238966941833
          ],
          [
            0.16576939821243286,
            0.9438130855560303,
            -0.28592199087142944,
            1.50806725025177
          ],
          [
            0.0,
            0.0,
            0.0,
            1.0
          ]
        ]
      },
      "bone_length_armature_space": 0.1025219602883245,
      "parent": "spine_01",
      "has_children": true,
      "is_end_bone": false
    },
    "head": {
      "name": "head",
      "local": {
        "location": {
          "x": 0.0,
          "y": 0.0,
          "z": 0.0
        },
        "rotation_quaternion": {
          "w": 0.9947430491447449,
          "x": 0.010502006858587265,
          "y": 0.03990407660603523,
          "z": -0.09372185915708542
        },
        "scale": {
          "x": 1.0,
          "y": 1.0,
          "z": 1.0
        },
        "matrix_basis": [
          [
            0.9792477488517761,
            0.18729647994041443,
            0.07742007076740265,
            0.0
          ],
          [
            -0.18562018871307373,
            0.9822118282318115,
            -0.028373364359140396,
            0.0
          ],
          [
            -0.08135714381933212,
            0.013413827866315842,
            0.9965947270393372,
            0.0
          ],
          [
            0.0,
            0.0,
            0.0,
            1.0
          ]
        ],
        "rotation_mode": "QUATERNION"
      },
      "armature_space": {
        "head": {
          "x": 0.017650214955210686,
          "y": 0.017844799906015396,
          "z": 0.654974102973938
        },
        "tail": {
          "x": 0.01947036013007164,
          "y": 0.027616731822490692,
          "z": 0.8097465634346008
        }
      },
      "world_space": {
        "head": {
          "x": 0.017650214955210686,
          "y": 0.08108879625797272,
          "z": 1.604828119277954
        },
        "tail": {
          "x": 0.01947036013007164,
          "y": 0.09086073189973831,
          "z": 1.7596006393432617
        },
        "rotation_quaternion": {
          "w": 0.7240404486656189,
          "x": 0.6806654334068298,
          "y": 0.08525963872671127,
          "z": 0.07204745709896088
        },
        "matrix": [
          [
            0.9750799536705017,
            0.011736039072275162,
            0.22154316306114197,
            0.017650214955210686
          ],
          [
            0.22039705514907837,
            0.06300804764032364,
            -0.9733731150627136,
            0.08108879625797272
          ],
          [
            -0.025382544845342636,
            0.997951090335846,
            0.05885078385472298,
            1.604828119277954
          ],
          [
            0.0,
            0.0,
            0.0,
            1.0
          ]
        ]
      },
      "bone_length_armature_space": 0.15509132146065233,
      "parent": "neck_01",
      "has_children": false,
      "is_end_bone": true
    },
    "upperarm_l": {
      "name": "upperarm_l",
      "local": {
        "location": {
          "x": 0.0,
          "y": 0.0,
          "z": 0.0
        },
        "rotation_quaternion": {
          "w": 0.994422435760498,
          "x": -0.027698546648025513,
          "y": 0.08076631277799606,
          "z": 0.06191642954945564
        },
        "scale": {
          "x": 1.0,
          "y": 1.0,
          "z": 1.0
        },
        "matrix_basis": [
          [
            0.9792863130569458,
            -0.12761639058589935,
            0.15720167756080627,
            0.0
          ],
          [
            0.11866795271635056,
            0.99079829454422,
            0.0650896355509758,
            0.0
          ],
          [
            -0.16406165063381195,
            -0.045086588710546494,
            0.9854192137718201,
            0.0
          ],
          [
            0.0,
            0.0,
            0.0,
            1.0
          ]
        ],
        "rotation_mode": "QUATERNION"
      },
      "armature_space": {
        "head": {
          "x": 0.17509329319000244,
          "y": 0.04018106684088707,
          "z": 0.48336586356163025
        },
        "tail": {
          "x": 0.4409696161746979,
          "y": 0.07231972366571426,
          "z": 0.49255838990211487
        }
      },
      "world_space": {
        "head": {
          "x": 0.17509329319000244,
          "y": 0.10342507064342499,
          "z": 1.4332199096679688
        },
        "tail": {
          "x": 0.4409696161746979,
          "y": 0.13556373119354248,
          "z": 1.4424123764038086
        },
        "rotation_quaternion": {
          "w": 0.5261391401290894,
          "x": 0.4875335991382599,
          "y": 0.5321139097213745,
          "z": -0.44982609152793884
        },
        "matrix": [
          [
            0.029023360460996628,
            0.9921890497207642,
            0.1213202029466629,
            0.17509329319000244
          ],
          [
            0.045503951609134674,
            0.11993403732776642,
            -0.9917385578155518,
            0.10342507064342499
          ],
          [
            -0.9985493421554565,
            0.034304432570934296,
            -0.0416688546538353,
            1.4332199096679688
          ],
          [
            0.0,
            0.0,
            0.0,
            1.0
          ]
        ]
      },
      "bone_length_armature_space": 0.2679694347123695,
      "parent": "spine_01",
      "has_children": true,
      "is_end_bone": false
    },
    "lowerarm_l": {
      "name": "lowerarm_l",
      "local": {
        "location": {
          "x": 0.0,
          "y": 0.0,
          "z": 0.0
        },
        "rotation_quaternion": {
          "w": 0.9747358560562134,
          "x": 0.04836598411202431,
          "y": -0.05278265103697777,
          "z": 0.21157683432102203
        },
        "scale": {
          "x": 1.0,
          "y": 1.0,
          "z": 1.0
        },
        "matrix_basis": [
          [
            0.904898464679718,
            -0.4175688326358795,
            -0.08243203908205032,
            0.0
          ],
          [
            0.40735727548599243,
            0.9057919383049011,
            -0.11662328988313675,
            0.0
          ],
          [
            0.12336453050374985,
            0.0719529464840889,
            0.9897494316101074,
            0.0
          ],
          [
            0.0,
            0.0,
            0.0,
            1.0
          ]
        ],
        "rotation_mode": "QUATERNION"
      },
      "armature_space": {
        "head": {
          "x": 0.44096970558166504,
          "y": 0.07231967896223068,
          "z": 0.4925585389137268
        },
        "tail": {
          "x": 0.6707714796066284,
          "y": 0.06359895318746567,
          "z": 0.6292504668235779
        }
      },
      "world_space": {
        "head": {
          "x": 0.44096970558166504,
          "y": 0.1355636715888977,
          "z": 1.4424126148223877
        },
        "tail": {
          "x": 0.6707714796066284,
          "y": 0.1268429458141327,
          "z": 1.5791044235229492
        },
        "rotation_quaternion": {
          "w": 0.6367886066436768,
          "x": 0.5846368074417114,
          "y": 0.27964410185813904,
          "z": -0.4177311658859253
        },
        "matrix": [
          [
            0.49459904432296753,
            0.8589934706687927,
            -0.13229434192180634,
            0.44096970558166504
          ],
          [
            -0.20503585040569305,
            -0.0325978547334671,
            -0.9782115817070007,
            0.1355636715888977
          ],
          [
            -0.8445959091186523,
            0.5109511017799377,
            0.16000178456306458,
            1.4424126148223877
          ],
          [
            0.0,
            0.0,
            0.0,
            1.0
          ]
        ]
      },
      "bone_length_armature_space": 0.267524931839712,
      "parent": "upperarm_l",
      "has_children": true,
      "is_end_bone": false
    },
    "metacarpal_thumb_l": {
      "name": "metacarpal_thumb_l",
      "local": {
        "location": {
          "x": 0.0,
          "y": 0.0,
          "z": 0.0
        },
        "rotation_quaternion": {
          "w": 0.9993911981582642,
          "x": -0.030440114438533783,
          "y": 0.006593979429453611,
          "z": 0.015723463147878647
        },
        "scale": {
          "x": 1.0,
          "y": 1.0,
          "z": 1.0
        },
        "matrix_basis": [
          [
            0.9994185566902161,
            -0.03182922303676605,
            0.012222682125866413,
            0.0
          ],
          [
            0.031026339158415794,
            0.9976523518562317,
            0.061050526797771454,
            0.0
          ],
          [
            -0.014137177728116512,
            -0.06063580513000488,
            0.9980598092079163,
            0.0
          ],
          [
            0.0,
            0.0,
            0.0,
            1.0
          ]
        ],
        "rotation_mode": "QUATERNION"
      },
      "armature_space": {
        "head": {
          "x": 0.6707714796066284,
          "y": 0.06359895318746567,
          "z": 0.6292504668235779
        },
        "tail": {
          "x": 0.7028293013572693,
          "y": 0.03129744157195091,
          "z": 0.6488080024719238
        }
      },
      "world_space": {
        "head": {
          "x": 0.6707714796066284,
          "y": 0.1268429458141327,
          "z": 1.5791044235229492
        },
        "tail": {
          "x": 0.7028293013572693,
          "y": 0.09454144537448883,
          "z": 1.59866201877594
        },
        "rotation_quaternion": {
          "w": 0.15826252102851868,
          "x": 0.8974738717079163,
          "y": 0.3858714997768402,
          "z": 0.14351679384708405
        },
        "matrix": [
          [
            0.661011815071106,
            0.6471924781799316,
            0.37974318861961365,
            0.6707714796066284
          ],
          [
            0.7380460500717163,
            -0.6521122455596924,
            -0.1733141988515854,
            0.1268429458141327
          ],
          [
            0.13546918332576752,
            0.3948327898979187,
            -0.9087181687355042,
            1.5791044235229492
          ],
          [
            0.0,
            0.0,
            0.0,
            1.0
          ]
        ]
      },
      "bone_length_armature_space": 0.049533714585104006,
      "parent": "lowerarm_l",
      "has_children": true,
      "is_end_bone": false
    },
    "thumb_01_l": {
      "name": "thumb_01_l",
      "local": {
        "location": {
          "x": 0.0,
          "y": 0.0,
          "z": 0.0
        },
        "rotation_quaternion": {
          "w": 0.9458144307136536,
          "x": 0.3244331479072571,
          "y": 0.012772222980856895,
          "z": 0.003890161169692874
        },
        "scale": {
          "x": 1.0,
          "y": 1.0,
          "z": 1.0
        },
        "matrix_basis": [
          [
            0.9996434450149536,
            0.0009287238935939968,
            0.02668450027704239,
            0.0
          ],
          [
            0.015646206215023994,
            0.7894560098648071,
            -0.6136077046394348,
            0.0
          ],
          [
            -0.0216361116617918,
            0.6138064861297607,
            0.7891600131988525,
            0.0
          ],
          [
            0.0,
            0.0,
            0.0,
            1.0
          ]
        ],
        "rotation_mode": "QUATERNION"
      },
      "armature_space": {
        "head": {
          "x": 0.7028293013572693,
          "y": 0.03129744157195091,
          "z": 0.6488080024719238
        },
        "tail": {
          "x": 0.7352663278579712,
          "y": 0.027714496478438377,
          "z": 0.6391319036483765
        }
      },
      "world_space": {
        "head": {
          "x": 0.7028293013572693,
          "y": 0.09454144537448883,
          "z": 1.59866201877594
        },
        "tail": {
          "x": 0.7352663278579712,
          "y": 0.09095849841833115,
          "z": 1.5889859199523926
        },
        "rotation_quaternion": {
          "w": 0.6068191528320312,
          "x": -0.4924134910106659,
          "y": -0.28132009506225586,
          "z": -0.5569187998771667
        },
        "matrix": [
          [
            0.22139891982078552,
            0.9529495239257812,
            0.20704975724220276,
            0.7028293013572693
          ],
          [
            -0.39884763956069946,
            -0.10526129603385925,
            0.9109559655189514,
            0.09454144537448883
          ],
          [
            0.8898948431015015,
            -0.2842680513858795,
            0.3567802906036377,
            1.59866201877594
          ],
          [
            0.0,
            0.0,
            0.0,
            1.0
          ]
        ]
      },
      "bone_length_armature_space": 0.03403858132228292,
      "parent": "metacarpal_thumb_l",
      "has_children": true,
      "is_end_bone": false
    },
    "thumb_02_l": {
      "name": "thumb_02_l",
      "local": {
        "location": {
          "x": 0.0,
          "y": 0.0,
          "z": 0.0
        },
        "rotation_quaternion": {
          "w": 0.9122599959373474,
          "x": 0.40933993458747864,
          "y": 0.01468653604388237,
          "z": -0.0026146606542170048
        },
        "scale": {
          "x": 1.0,
          "y": 1.0,
          "z": 1.0
        },
        "matrix_basis": [
          [
            0.9995549321174622,
            0.016794072464108467,
            0.024655308574438095,
            0.0
          ],
          [
            0.007253070827573538,
            0.6648679375648499,
            -0.7469257116317749,
            0.0
          ],
          [
            -0.02893644943833351,
            0.7467721104621887,
            0.6644502282142639,
            0.0
          ],
          [
            0.0,
            0.0,
            0.0,
            1.0
          ]
        ],
        "rotation_mode": "QUATERNION"
      },
      "armature_space": {
        "head": {
          "x": 0.7352663278579712,
          "y": 0.027714472264051437,
          "z": 0.6391319036483765
        },
        "tail": {
          "x": 0.7343774437904358,
          "y": 0.0445881262421608,
          "z": 0.6755693554878235
        }
      },
      "world_space": {
        "head": {
          "x": 0.7352663278579712,
          "y": 0.09095847606658936,
          "z": 1.5889859199523926
        },
        "tail": {
          "x": 0.7343774437904358,
          "y": 0.10783212631940842,
          "z": 1.6254234313964844
        },
        "rotation_quaternion": {
          "w": 0.5762913227081299,
          "x": 0.3777277171611786,
          "y": -0.6147726774215698,
          "z": -0.3837507665157318
        },
        "matrix": [
          [
            -0.05042153596878052,
            -0.022130995988845825,
            -0.9984827041625977,
            0.7352663278579712
          ],
          [
            -0.906737744808197,
            0.4201146960258484,
            0.03647686541080475,
            0.09095847606658936
          ],
          [
            0.41867178678512573,
            0.9072076678276062,
            -0.04124996066093445,
            1.5889859199523926
          ],
          [
            0.0,
            0.0,
            0.0,
            1.0
          ]
        ]
      },
      "bone_length_armature_space": 0.04016463869549295,
      "parent": "thumb_01_l",
      "has_children": true,
      "is_end_bone": false
    },
    "thumb_03_l": {
      "name": "thumb_03_l",
      "local": {
        "location": {
          "x": 0.0,
          "y": 0.0,
          "z": 0.0
        },
        "rotation_quaternion": {
          "w": 0.989785373210907,
          "x": 0.1424442082643509,
          "y": -0.005584718193858862,
          "z": 0.0018494995310902596
        },
        "scale": {
          "x": 1.0,
          "y": 1.0,
          "z": 1.0
        },
        "matrix_basis": [
          [
            0.9999307990074158,
            -0.005252236500382423,
            -0.0105284433811903,
            0.0
          ],
          [
            0.0020701936446130276,
            0.9594124555587769,
            -0.28199905157089233,
            0.0
          ],
          [
            0.01158224605023861,
            0.2819577157497406,
            0.9593569040298462,
            0.0
          ],
          [
            0.0,
            0.0,
            0.0,
            1.0
          ]
        ],
        "rotation_mode": "QUATERNION"
      },
      "armature_space": {
        "head": {
          "x": 0.7343775033950806,
          "y": 0.044588059186935425,
          "z": 0.6755693554878235
        },
        "tail": {
          "x": 0.7181969285011292,
          "y": 0.05749348923563957,
          "z": 0.6978973150253296
        }
      },
      "world_space": {
        "head": {
          "x": 0.7343775033950806,
          "y": 0.10783205926418304,
          "z": 1.6254234313964844
        },
        "tail": {
          "x": 0.7181969285011292,
          "y": 0.12073749303817749,
          "z": 1.6477513313293457
        },
        "rotation_quaternion": {
          "w": 0.5960606932640076,
          "x": 0.5299116373062134,
          "y": -0.5972105860710144,
          "z": -0.08511713892221451
        },
        "matrix": [
          [
            0.27219074964523315,
            -0.5314704179763794,
            -0.8021541833877563,
            0.7343775033950806
          ],
          [
            -0.734407365322113,
            0.42389485239982605,
            -0.5300558805465698,
            0.10783205926418304
          ],
          [
            0.6217412948608398,
            0.7333896160125732,
            -0.27493786811828613,
            1.6254234313964844
          ],
          [
            0.0,
            0.0,
            0.0,
            1.0
          ]
        ]
      },
      "bone_length_armature_space": 0.030445014753704622,
      "parent": "thumb_02_l",
      "has_children": false,
      "is_end_bone": true
    },
    "metacarpal_index_l": {
      "name": "metacarpal_index_l",
      "local": {
        "location": {
          "x": 0.0,
          "y": 0.0,
          "z": 0.0
        },
        "rotation_quaternion": {
          "w": 0.9993693828582764,
          "x": 0.03143645077943802,
          "y": -0.00020941856200806797,
          "z": 0.016507267951965332
        },
        "scale": {
          "x": 1.0,
          "y": 1.0,
          "z": 1.0
        },
        "matrix_basis": [
          [
            0.999454915523529,
            -0.03300688415765762,
            0.0006192868459038436,
            0.0
          ],
          [
            0.032980550080537796,
            0.9974785447120667,
            -0.06284016370773315,
            0.0
          ],
          [
            0.0014564328594133258,
            0.06282633543014526,
            0.9980233907699585,
            0.0
          ],
          [
            0.0,
            0.0,
            0.0,
            1.0
          ]
        ],
        "rotation_mode": "QUATERNION"
      },
      "armature_space": {
        "head": {
          "x": 0.6707714796066284,
          "y": 0.06359895318746567,
          "z": 0.6292504668235779
        },
        "tail": {
          "x": 0.7632424831390381,
          "y": 0.016323301941156387,
          "z": 0.6835033893585205
        }
      },
      "world_space": {
        "head": {
          "x": 0.6707714796066284,
          "y": 0.1268429458141327,
          "z": 1.5791044235229492
        },
        "tail": {
          "x": 0.7632424831390381,
          "y": 0.07956729829311371,
          "z": 1.6333574056625366
        },
        "rotation_quaternion": {
          "w": 0.341156542301178,
          "x": 0.8290111422538757,
          "y": 0.4264680743217468,
          "z": -0.12032347172498703
        },
        "matrix": [
          [
            0.6072937250137329,
            0.7891920804977417,
            0.09148767590522766,
            0.6707714796066284
          ],
          [
            0.624996542930603,
            -0.4034731686115265,
            -0.6682730913162231,
            0.1268429458141327
          ],
          [
            -0.490485817193985,
            0.463020384311676,
            -0.7382748126983643,
            1.5791044235229492
          ],
          [
            0.0,
            0.0,
            0.0,
            1.0
          ]
        ]
      },
      "bone_length_armature_space": 0.11717189446492485,
      "parent": "lowerarm_l",
      "has_children": true,
      "is_end_bone": false
    },
    "index_01_l": {
      "name": "index_01_l",
      "local": {
        "location": {
          "x": 0.0,
          "y": 0.0,
          "z": 0.0
        },
        "rotation_quaternion": {
          "w": 0.9516568183898926,
          "x": 0.3066178858280182,
          "y": 0.0010606438154354692,
          "z": -0.01826935075223446
        },
        "scale": {
          "x": 1.0,
          "y": 1.0,
          "z": 1.0
        },
        "matrix_basis": [
          [
            0.9993302226066589,
            0.03542272746562958,
            -0.009184681810438633,
            0.0
          ],
          [
            -0.03412187844514847,
            0.8113033771514893,
            -0.58362877368927,
            0.0
          ],
          [
            -0.013222157023847103,
            0.5835512280464172,
            0.8119686841964722,
            0.0
          ],
          [
            0.0,
            0.0,
            0.0,
            1.0
          ]
        ],
        "rotation_mode": "QUATERNION"
      },
      "armature_space": {
        "head": {
          "x": 0.7632424831390381,
          "y": 0.016323301941156387,
          "z": 0.6835033893585205
        },
        "tail": {
          "x": 0.7887271642684937,
          "y": 0.004172062501311302,
          "z": 0.6795098781585693
        }
      },
      "world_space": {
        "head": {
          "x": 0.7632424831390381,
          "y": 0.07956729829311371,
          "z": 1.6333574056625366
        },
        "tail": {
          "x": 0.7887271642684937,
          "y": 0.06741606444120407,
          "z": 1.6293638944625854
        },
        "rotation_quaternion": {
          "w": 0.11926526576280594,
          "x": 0.7842065095901489,
          "y": 0.5222095251083374,
          "z": -0.3131985068321228
        },
        "matrix": [
          [
            0.2584068775177002,
            0.8937485218048096,
            -0.3666597008705139,
            0.7632424831390381
          ],
          [
            0.744332492351532,
            -0.42614442110061646,
            -0.5141695737838745,
            0.07956729829311371
          ],
          [
            -0.6157918572425842,
            -0.14005309343338013,
            -0.7753705978393555,
            1.6333574056625366
          ],
          [
            0.0,
            0.0,
            0.0,
            1.0
          ]
        ]
      },
      "bone_length_armature_space": 0.02851437756436173,
      "parent": "metacarpal_index_l",
      "has_children": true,
      "is_end_bone": false
    },
    "index_02_l": {
      "name": "index_02_l",
      "local": {
        "location": {
          "x": 0.0,
          "y": 0.0,
          "z": 0.0
        },
        "rotation_quaternion": {
          "w": 0.8741396069526672,
          "x": 0.4855806827545166,
          "y": -0.008120305836200714,
          "z": -0.005061172414571047
        },
        "scale": {
          "x": 1.0,
          "y": 1.0,
          "z": 1.0
        },
        "matrix_basis": [
          [
            0.99981689453125,
            0.0009622152429074049,
            -0.01911177672445774,
            0.0
          ],
          [
            -0.016734469681978226,
            0.5283715724945068,
            -0.8488484025001526,
            0.0
          ],
          [
            0.009281346574425697,
            0.8490127921104431,
            0.5282909274101257,
            0.0
          ],
          [
            0.0,
            0.0,
            0.0,
            1.0
          ]
        ],
        "rotation_mode": "QUATERNION"
      },
      "armature_space": {
        "head": {
          "x": 0.788727343082428,
          "y": 0.0041715605184435844,
          "z": 0.679509699344635
        },
        "tail": {
          "x": 0.7934965491294861,
          "y": -0.013583996333181858,
          "z": 0.6616186499595642
        }
      },
      "world_space": {
        "head": {
          "x": 0.788727343082428,
          "y": 0.06741555780172348,
          "z": 1.629363775253296
        },
        "tail": {
          "x": 0.7934965491294861,
          "y": 0.049660004675388336,
          "z": 1.6114726066589355
        },
        "rotation_quaternion": {
          "w": 0.24081295728683472,
          "x": -0.7325630187988281,
          "y": -0.3097434341907501,
          "z": 0.556255042552948
        },
        "matrix": [
          [
            0.18927913904190063,
            0.18590927124023438,
            -0.9641634821891785,
            0.788727343082428
          ],
          [
            0.7217201590538025,
            -0.692136287689209,
            0.008226871490478516,
            0.06741555780172348
          ],
          [
            -0.6658069491386414,
            -0.6974189281463623,
            -0.26518332958221436,
            1.629363775253296
          ],
          [
            0.0,
            0.0,
            0.0,
            1.0
          ]
        ]
      },
      "bone_length_armature_space": 0.02565335805080286,
      "parent": "index_01_l",
      "has_children": true,
      "is_end_bone": false
    },
    "index_03_l": {
      "name": "index_03_l",
      "local": {
        "location": {
          "x": 0.0,
          "y": 0.0,
          "z": 0.0
        },
        "rotation_quaternion": {
          "w": 0.9297891855239868,
          "x": 0.36806488037109375,
          "y": 0.004504869692027569,
          "z": 0.00021069234935566783
        },
        "scale": {
          "x": 1.0,
          "y": 1.0,
          "z": 1.0
        },
        "matrix_basis": [
          [
            0.9999593496322632,
            0.0029243696480989456,
            0.008532254956662655,
            0.0
          ],
          [
            0.003707967698574066,
            0.7290564179420471,
            -0.6844435930252075,
            0.0
          ],
          [
            -0.008222061209380627,
            0.6844474077224731,
            0.7290158867835999,
            0.0
          ],
          [
            0.0,
            0.0,
            0.0,
            1.0
          ]
        ],
        "rotation_mode": "QUATERNION"
      },
      "armature_space": {
        "head": {
          "x": 0.7934966087341309,
          "y": -0.013584008440375328,
          "z": 0.661618709564209
        },
        "tail": {
          "x": 0.7767542004585266,
          "y": -0.02429593913257122,
          "z": 0.64020174741745
        }
      },
      "world_space": {
        "head": {
          "x": 0.7934966087341309,
          "y": 0.04965998977422714,
          "z": 1.611472725868225
        },
        "tail": {
          "x": 0.7767542004585266,
          "y": 0.03894805908203125,
          "z": 1.5900557041168213
        },
        "rotation_quaternion": {
          "w": 0.555826723575592,
          "x": -0.5635924339294434,
          "y": -0.08802901208400726,
          "z": 0.6047075986862183
        },
        "matrix": [
          [
            0.25316140055656433,
            -0.573002815246582,
            -0.7794722318649292,
            0.7934966087341309
          ],
          [
            0.7714498043060303,
            -0.36661237478256226,
            0.5200585722923279,
            0.04965998977422714
          ],
          [
            -0.583762526512146,
            -0.7329879999160767,
            0.3492337465286255,
            1.611472725868225
          ],
          [
            0.0,
            0.0,
            0.0,
            1.0
          ]
        ]
      },
      "bone_length_armature_space": 0.029218829030233488,
      "parent": "index_02_l",
      "has_children": false,
      "is_end_bone": true
    },
    "metacarpal_pinky_l": {
      "name": "metacarpal_pinky_l",
      "local": {
        "location": {
          "x": 0.0,
          "y": 0.0,
          "z": 0.0
        },
        "rotation_quaternion": {
          "w": 0.9996756911277771,
          "x": -0.0226501002907753,
          "y": 0.004465288948267698,
          "z": 0.010753117501735687
        },
        "scale": {
          "x": 1.0,
          "y": 1.0,
          "z": 1.0
        },
        "matrix_basis": [
          [
            0.9997288584709167,
            -0.021701538935303688,
            0.008440563455224037,
            0.0
          ],
          [
            0.02129698172211647,
            0.9987426996231079,
            0.045381542295217514,
            0.0
          ],
          [
            -0.009414800442755222,
            -0.04518947750329971,
            0.9989340901374817,
            0.0
          ],
          [
            0.0,
            0.0,
            0.0,
            1.0
          ]
        ],
        "rotation_mode": "QUATERNION"
      },
      "armature_space": {
        "head": {
          "x": 0.6707714796066284,
          "y": 0.06359895318746567,
          "z": 0.6292504668235779
        },
        "tail": {
          "x": 0.7617989182472229,
          "y": 0.09357994049787521,
          "z": 0.6699736714363098
        }
      },
      "world_space": {
        "head": {
          "x": 0.6707714796066284,
          "y": 0.1268429458141327,
          "z": 1.5791044235229492
        },
        "tail": {
          "x": 0.7617989182472229,
          "y": 0.15682393312454224,
          "z": 1.6198277473449707
        },
        "rotation_quaternion": {
          "w": 0.7888922691345215,
          "x": 0.1397746056318283,
          "y": -0.14699505269527435,
          "z": -0.5800902247428894
        },
        "matrix": [
          [
            0.2837745249271393,
            0.874164879322052,
            -0.3940906822681427,
            0.6707714796066284
          ],
          [
            -0.956349790096283,
            0.28791671991348267,
            -0.04999115318059921,
            0.1268429458141327
          ],
          [
            0.06976443529129028,
            0.3910777270793915,
            0.9177173376083374,
            1.5791044235229492
          ],
          [
            0.0,
            0.0,
            0.0,
            1.0
          ]
        ]
      },
      "bone_length_armature_space": 0.10413084879630696,
      "parent": "lowerarm_l",
      "has_children": true,
      "is_end_bone": false
    },
    "pinky_01_l": {
      "name": "pinky_01_l",
      "local": {
        "location": {
          "x": 0.0,
          "y": 0.0,
          "z": 0.0
        },
        "rotation_quaternion": {
          "w": 0.945252001285553,
          "x": 0.325543075799942,
          "y": 0.009323432110249996,
          "z": 0.02082185260951519
        },
        "scale": {
          "x": 1.0,
          "y": 1.0,
          "z": 1.0
        },
        "matrix_basis": [
          [
            0.9989590644836426,
            -0.03329343721270561,
            0.031182805076241493,
            0.0
          ],
          [
            0.04543415457010269,
            0.7871763110160828,
            -0.6150522232055664,
            0.0
          ],
          [
            -0.004069165792316198,
            0.6158287525177002,
            0.7878695726394653,
            0.0
          ],
          [
            0.0,
            0.0,
            0.0,
            1.0
          ]
        ],
        "rotation_mode": "QUATERNION"
      },
      "armature_space": {
        "head": {
          "x": 0.7617989182472229,
          "y": 0.09357994049787521,
          "z": 0.6699736714363098
        },
        "tail": {
          "x": 0.7840640544891357,
          "y": 0.08859691768884659,
