{
  "metadata": {
    "armature_name": "KIM_caucasian_male",
    "export_time": "2026-01-13T21:05:16.611068",
    "blender_version": "4.4.1",
    "bone_count": 56,
    "end_bone_count": 13,
    "spaces_included": [
      "LOCAL_CHANNELS",
      "ARMATURE_SPACE",
      "WORLD_SPACE"
    ],
    "note": "LOCAL matches Transform panel; replay pose via local.matrix_basis for best fidelity."
  },
  "bones": {
    "Root": {
      "name": "Root",
      "local": {
        "location": {
          "x": 0.0,
          "y": 0.0,
          "z": 0.0
        },
        "rotation_quaternion": {
          "w": 0.9998488426208496,
          "x": 0.015219281427562237,
          "y": 0.008411383256316185,
          "z": 9.356331429444253e-05
        },
        "scale": {
          "x": 1.0,
          "y": 1.0,
          "z": 1.0
        },
        "matrix_basis": [
          [
            0.9998584985733032,
            6.89320731908083e-05,
            0.016823071986436844,
            0.0
          ],
          [
            0.00044312875252217054,
            0.9995367527008057,
            -0.030432388186454773,
            0.0
          ],
          [
            -0.016817376017570496,
            0.030435536056756973,
            0.9993952512741089,
            0.0
          ],
          [
            0.0,
            0.0,
            0.0,
            1.0
          ]
        ],
        "rotation_mode": "QUATERNION"
      },
      "armature_space": {
        "head": {
          "x": 0.0,
          "y": 0.07072800397872925,
          "z": -0.009595036506652832
        },
        "tail": {
          "x": 4.920086666970747e-06,
          "y": -0.00025926530361175537,
          "z": -0.002157104667276144
        }
      },
      "world_space": {
        "head": {
          "x": 0.0,
          "y": 0.13397200405597687,
          "z": 0.9402589797973633
        },
        "tail": {
          "x": 4.920086666970747e-06,
          "y": 0.06298473477363586,
          "z": 0.9476969242095947
        },
        "rotation_quaternion": {
          "w": 0.052172765135765076,
          "x": 0.9986026883125305,
          "y": 0.0004733063979074359,
          "z": 0.008398577570915222
        },
        "matrix": [
          [
            0.9998584985733032,
            6.89320731908083e-05,
            0.016823071986436844,
            0.0
          ],
          [
            0.00182164809666574,
            -0.9945555925369263,
            -0.10419223457574844,
            0.13397200405597687
          ],
          [
            0.016724415123462677,
            0.10420793294906616,
            -0.9944219589233398,
            0.9402589797973633
          ],
          [
            0.0,
            0.0,
            0.0,
            1.0
          ]
        ]
      },
      "bone_length_armature_space": 0.07137587215387098,
      "parent": null,
      "has_children": true,
      "is_end_bone": false
    },
    "spine_01": {
      "name": "spine_01",
      "local": {
        "location": {
          "x": 0.0,
          "y": 0.0,
          "z": 0.0
        },
        "rotation_quaternion": {
          "w": 0.9937701225280762,
          "x": 0.08506932109594345,
          "y": 0.04868355765938759,
          "z": 0.05305010825395584
        },
        "scale": {
          "x": 1.0,
          "y": 1.0,
          "z": 1.0
        },
        "matrix_basis": [
          [
            0.989631175994873,
            -0.09715627133846283,
            0.10578640550374985,
            0.0
          ],
          [
            0.11372218281030655,
            0.9798977971076965,
            -0.16391336917877197,
            0.0
          ],
          [
            -0.087734654545784,
            0.17424403131008148,
            0.9807862639427185,
            0.0
          ],
          [
            0.0,
            0.0,
            0.0,
            1.0
          ]
        ],
        "rotation_mode": "QUATERNION"
      },
      "armature_space": {
        "head": {
          "x": 4.920086666970747e-06,
          "y": -0.00025926530361175537,
          "z": -0.002157104667276144
        },
        "tail": {
          "x": -0.05527963116765022,
          "y": -0.0775717943906784,
          "z": 0.47650226950645447
        }
      },
      "world_space": {
        "head": {
          "x": 4.920086666970747e-06,
          "y": 0.06298473477363586,
          "z": 0.9476969242095947
        },
        "tail": {
          "x": -0.05527963116765022,
          "y": -0.014327794313430786,
          "z": 1.426356315612793
        },
        "rotation_quaternion": {
          "w": 0.6486401557922363,
          "x": 0.7569617629051208,
          "y": -0.007235462311655283,
          "z": 0.07888332009315491
        },
        "matrix": [
          [
            0.9874503016471863,
            -0.11328773200511932,
            0.11003609746694565,
            4.920086666970747e-06
          ],
          [
            0.09137910604476929,
            -0.1584269106388092,
            -0.9831333160400391,
            0.06298473477363586
          ],
          [
            0.1288105994462967,
            0.9808568954467773,
            -0.14608846604824066,
            0.9476969242095947
          ],
          [
            0.0,
            0.0,
            0.0,
            1.0
          ]
        ]
      },
      "bone_length_armature_space": 0.4880045030243942,
      "parent": "Root",
      "has_children": true,
      "is_end_bone": false
    },
    "neck_01": {
      "name": "neck_01",
      "local": {
        "location": {
          "x": 0.0,
          "y": 0.0,
          "z": 0.0
        },
        "rotation_quaternion": {
          "w": 0.992906391620636,
          "x": 0.06904344260692596,
          "y": -0.022724222391843796,
          "z": 0.09409403800964355
        },
        "scale": {
          "x": 1.0,
          "y": 1.0,
          "z": 1.0
        },
        "matrix_basis": [
          [
            0.981259822845459,
            -0.1899910569190979,
            -0.03213289752602577,
            0.0
          ],
          [
            0.18371522426605225,
            0.9727586507797241,
            -0.14138378202915192,
            0.0
          ],
          [
            0.05811920389533043,
            0.1328309178352356,
            0.989433228969574,
            0.0
          ],
          [
            0.0,
            0.0,
            0.0,
            1.0
          ]
        ],
        "rotation_mode": "QUATERNION"
      },
      "armature_space": {
        "head": {
          "x": -0.05975828692317009,
          "y": -0.12326706200838089,
          "z": 0.5432526469230652
        },
        "tail": {
          "x": -0.08333013951778412,
          "y": -0.18844828009605408,
          "z": 0.6187938451766968
        }
      },
      "world_space": {
        "head": {
          "x": -0.05975828692317009,
          "y": -0.06002306193113327,
          "z": 1.4931066036224365
        },
        "tail": {
          "x": -0.08333013951778412,
          "y": -0.12520428001880646,
          "z": 1.568647861480713
        },
        "rotation_quaternion": {
          "w": 0.4192238748073578,
          "x": 0.8984538912773132,
          "y": -0.07975167036056519,
          "z": 0.10330376774072647
        },
        "matrix": [
          [
            0.9659361243247986,
            -0.2299213856458664,
            0.1187589168548584,
            -0.05975828692317009
          ],
          [
            -0.05669225752353668,
            -0.6357818841934204,
            -0.7697843909263611,
            -0.06002306193113327
          ],
          [
            0.25249630212783813,
            0.7368342280387878,
            -0.6271644234657288,
            1.4931066036224365
          ],
          [
            0.0,
            0.0,
            0.0,
            1.0
          ]
        ]
      },
      "bone_length_armature_space": 0.102521686273764,
      "parent": "spine_01",
      "has_children": true,
      "is_end_bone": false
    },
    "head": {
      "name": "head",
      "local": {
        "location": {
          "x": 0.0,
          "y": 0.0,
          "z": 0.0
        },
        "rotation_quaternion": {
          "w": 0.9819148778915405,
          "x": 0.04083569720387459,
          "y": 0.04187479615211487,
          "z": 0.18006202578544617
        },
        "scale": {
          "x": 1.0,
          "y": 1.0,
          "z": 1.0
        },
        "matrix_basis": [
          [
            0.931648313999176,
            -0.350191205739975,
            0.09694088995456696,
            0.0
          ],
          [
            0.3570311367511749,
            0.9318202137947083,
            -0.06511423736810684,
            0.0
          ],
          [
            -0.06752905249595642,
            0.09527447819709778,
            0.9931579232215881,
            0.0
          ],
          [
            0.0,
            0.0,
            0.0,
            1.0
          ]
        ],
        "rotation_mode": "QUATERNION"
      },
      "armature_space": {
        "head": {
          "x": -0.08333009481430054,
          "y": -0.18844833970069885,
          "z": 0.6187937259674072
        },
        "tail": {
          "x": -0.17269428074359894,
          "y": -0.24464844167232513,
          "z": 0.7324104309082031
        }
      },
      "world_space": {
        "head": {
          "x": -0.08333009481430054,
          "y": -0.12520433962345123,
          "z": 1.5686477422714233
        },
        "tail": {
          "x": -0.17269428074359894,
          "y": -0.18140444159507751,
          "z": 1.6822644472122192
        },
        "rotation_quaternion": {
          "w": 0.5224248170852661,
          "x": 0.793797492980957,
          "y": -0.2142130583524704,
          "z": 0.22598829865455627
        },
        "matrix": [
          [
            0.8060842752456665,
            -0.5762077569961548,
            0.13495565950870514,
            -0.08333009481430054
          ],
          [
            -0.10396210104227066,
            -0.36237040162086487,
            -0.9262183308601379,
            -0.12520433962345123
          ],
          [
            0.5826019644737244,
            0.7325844168663025,
            -0.35200801491737366,
            1.5686477422714233
          ],
          [
            0.0,
            0.0,
            0.0,
            1.0
          ]
        ]
      },
      "bone_length_armature_space": 0.1550908289469415,
      "parent": "neck_01",
      "has_children": false,
      "is_end_bone": true
    },
    "upperarm_l": {
      "name": "upperarm_l",
      "local": {
        "location": {
          "x": 0.0,
          "y": 0.0,
          "z": 0.0
        },
        "rotation_quaternion": {
          "w": 0.9640858173370361,
          "x": 0.24425363540649414,
          "y": 0.10369176417589188,
          "z": -0.011261522769927979
        },
        "scale": {
          "x": 1.0,
          "y": 1.0,
          "z": 1.0
        },
        "matrix_basis": [
          [
            0.9782423973083496,
            0.0723683312535286,
            0.19443418085575104,
            0.0
          ],
          [
            0.028940031304955482,
            0.8804267048835754,
            -0.47329840064048767,
            0.0
          ],
          [
            -0.2054368555545807,
            0.4686274826526642,
            0.8591763377189636,
            0.0
          ],
          [
            0.0,
            0.0,
            0.0,
            1.0
          ]
        ],
        "rotation_mode": "QUATERNION"
      },
      "armature_space": {
        "head": {
          "x": 0.09632400423288345,
          "y": -0.10204802453517914,
          "z": 0.49618715047836304
        },
        "tail": {
          "x": 0.34927546977996826,
          "y": -0.18951818346977234,
          "z": 0.48306557536125183
        }
      },
      "world_space": {
        "head": {
          "x": 0.09632400423288345,
          "y": -0.03880402445793152,
          "z": 1.4460411071777344
        },
        "tail": {
          "x": 0.34927546977996826,
          "y": -0.12627418339252472,
          "z": 1.4329196214675903
        },
        "rotation_quaternion": {
          "w": 0.3046473264694214,
          "x": 0.6700664162635803,
          "y": 0.49394288659095764,
          "z": -0.46284064650535583
        },
        "matrix": [
          [
            0.08359653502702713,
            0.9439564347267151,
            -0.3193089962005615,
            0.09632400423288345
          ],
          [
            0.37994253635406494,
            -0.326418399810791,
            -0.8655028939247131,
            -0.03880402445793152
          ],
          [
            -0.9212311506271362,
            -0.04896669089794159,
            -0.3859400451183319,
            1.4460411071777344
          ],
          [
            0.0,
            0.0,
            0.0,
            1.0
          ]
        ]
      },
      "bone_length_armature_space": 0.26796949573691464,
      "parent": "spine_01",
      "has_children": true,
      "is_end_bone": false
    },
    "lowerarm_l": {
      "name": "lowerarm_l",
      "local": {
        "location": {
          "x": 0.0,
          "y": 0.0,
          "z": 0.0
        },
        "rotation_quaternion": {
          "w": 0.8787887692451477,
          "x": 0.4432670772075653,
          "y": -0.05716467276215553,
          "z": 0.1672629714012146
        },
        "scale": {
          "x": 1.0,
          "y": 1.0,
          "z": 1.0
        },
        "matrix_basis": [
          [
            0.93751060962677,
            -0.3446560800075531,
            0.047812990844249725,
            0.0
          ],
          [
            0.243299201130867,
            0.5510748028755188,
            -0.7981992959976196,
            0.0
          ],
          [
            0.24875567853450775,
            0.7599532008171082,
            0.6004930138587952,
            0.0
          ],
          [
            0.0,
            0.0,
            0.0,
            1.0
          ]
        ],
        "rotation_mode": "QUATERNION"
      },
      "armature_space": {
        "head": {
          "x": 0.3492755591869354,
          "y": -0.1895183026790619,
          "z": 0.483065664768219
        },
        "tail": {
          "x": 0.38276922702789307,
          "y": -0.4526362717151642,
          "z": 0.5179440379142761
        }
      },
      "world_space": {
        "head": {
          "x": 0.3492755591869354,
          "y": -0.12627430260181427,
          "z": 1.4329197406768799
        },
        "tail": {
          "x": 0.38276922702789307,
          "y": -0.38939225673675537,
          "z": 1.4677979946136475
        },
        "rotation_quaternion": {
          "w": 0.0905195102095604,
          "x": 0.7657777070999146,
          "y": 0.00648804847151041,
          "z": -0.6366699934005737
        },
        "matrix": [
          [
            0.18921849131584167,
            0.12519854307174683,
            -0.9739208817481995,
            0.3492755591869354
          ],
          [
            -0.1053256168961525,
            -0.9835286140441895,
            -0.14689698815345764,
            -0.12627430260181427
          ],
          [
            -0.9762769937515259,
            0.13037441670894623,
            -0.17291642725467682,
            1.4329197406768799
          ],
          [
            0.0,
            0.0,
            0.0,
            1.0
          ]
        ]
      },
      "bone_length_armature_space": 0.26752455920915374,
      "parent": "upperarm_l",
      "has_children": true,
      "is_end_bone": false
    },
    "metacarpal_thumb_l": {
      "name": "metacarpal_thumb_l",
      "local": {
        "location": {
          "x": 0.0,
          "y": 0.0,
          "z": 0.0
        },
        "rotation_quaternion": {
          "w": 0.999497652053833,
          "x": -0.03131170943379402,
          "y": -0.0008996112737804651,
          "z": 0.004823407158255577
        },
        "scale": {
          "x": 1.0,
          "y": 1.0,
          "z": 1.0
        },
        "matrix_basis": [
          [
            0.9999518394470215,
            -0.00958563107997179,
            -0.0021003768779337406,
            0.0
          ],
          [
            0.009698305279016495,
            0.9979926347732544,
            0.06258328258991241,
            0.0
          ],
          [
            0.0014962605200707912,
            -0.06260063499212265,
            0.9980375170707703,
            0.0
          ],
          [
            0.0,
            0.0,
            0.0,
            1.0
          ]
        ],
        "rotation_mode": "QUATERNION"
      },
      "armature_space": {
        "head": {
          "x": 0.38276922702789307,
          "y": -0.4526362717151642,
          "z": 0.5179440379142761
        },
        "tail": {
          "x": 0.35997024178504944,
          "y": -0.4962262809276581,
          "z": 0.5121384859085083
        }
      },
      "world_space": {
        "head": {
          "x": 0.38276922702789307,
          "y": -0.38939225673675537,
          "z": 1.4677979946136475
        },
        "tail": {
          "x": 0.35997024178504944,
          "y": -0.43298226594924927,
          "z": 1.4619925022125244
        },
        "rotation_quaternion": {
          "w": 0.039413657039403915,
          "x": -0.9658095240592957,
          "y": 0.24174971878528595,
          "z": -0.08494596928358078
        },
        "matrix": [
          [
            0.8686825037002563,
            -0.46027231216430664,
            0.1831398606300354,
            0.38276922702789307
          ],
          [
            -0.47366443276405334,
            -0.8800075650215149,
            0.035060103982686996,
            -0.38939225673675537
          ],
          [
            0.14502781629562378,
            -0.11720448732376099,
            -0.9824683666229248,
            1.4677979946136475
          ],
          [
            0.0,
            0.0,
            0.0,
            1.0
          ]
        ]
      },
      "bone_length_armature_space": 0.04953369563641987,
      "parent": "lowerarm_l",
      "has_children": true,
      "is_end_bone": false
    },
    "thumb_01_l": {
      "name": "thumb_01_l",
      "local": {
        "location": {
          "x": 0.0,
          "y": 0.0,
          "z": 0.0
        },
        "rotation_quaternion": {
          "w": 0.9988871812820435,
          "x": -0.0435960628092289,
          "y": -0.017628304660320282,
          "z": -0.003612902946770191
        },
        "scale": {
          "x": 1.0,
          "y": 1.0,
          "z": 1.0
        },
        "matrix_basis": [
          [
            0.9993523955345154,
            0.00875481404364109,
            -0.03490235656499863,
            0.0
          ],
          [
            -0.005680715665221214,
            0.9961726665496826,
            0.08722247183322906,
            0.0
          ],
          [
            0.0355323925614357,
            -0.08696772158145905,
            0.9955772757530212,
            0.0
          ],
          [
            0.0,
            0.0,
            0.0,
            1.0
          ]
        ],
        "rotation_mode": "QUATERNION"
      },
      "armature_space": {
        "head": {
          "x": 0.35997024178504944,
          "y": -0.4962262809276581,
          "z": 0.5121384859085083
        },
        "tail": {
          "x": 0.3480793535709381,
          "y": -0.5117003917694092,
          "z": 0.4842495024204254
        }
      },
      "world_space": {
        "head": {
          "x": 0.35997024178504944,
          "y": -0.43298226594924927,
          "z": 1.4619925022125244
        },
        "tail": {
          "x": 0.3480793535709381,
          "y": -0.44845640659332275,
          "z": 1.4341034889221191
        },
        "rotation_quaternion": {
          "w": 0.12685325741767883,
          "x": -0.5150282382965088,
          "y": 0.5065616965293884,
          "z": -0.6797422766685486
        },
        "matrix": [
          [
            -0.4373083710670471,
            -0.34933537244796753,
            0.8286895155906677,
            0.35997024178504944
          ],
          [
            -0.6942424774169922,
            -0.45460477471351624,
            -0.5579986572265625,
            -0.43298226594924927
          ],
          [
            0.5716579556465149,
            -0.8193349242210388,
            -0.043721754103899,
            1.4619925022125244
          ],
          [
            0.0,
            0.0,
            0.0,
            1.0
          ]
        ]
      },
      "bone_length_armature_space": 0.03403875318182955,
      "parent": "metacarpal_thumb_l",
      "has_children": true,
      "is_end_bone": false
    },
    "thumb_02_l": {
      "name": "thumb_02_l",
      "local": {
        "location": {
          "x": 0.0,
          "y": 0.0,
          "z": 0.0
        },
        "rotation_quaternion": {
          "w": 0.9980968236923218,
          "x": 0.06118163466453552,
          "y": -0.006255713291466236,
          "z": -0.004522034898400307
        },
        "scale": {
          "x": 1.0,
          "y": 1.0,
          "z": 1.0
        },
        "matrix_basis": [
          [
            0.999880850315094,
            0.008261388167738914,
            -0.013040945865213871,
            0.0
          ],
          [
            -0.0097923269495368,
            0.9924727082252502,
            -0.12207381427288055,
            0.0
          ],
          [
            0.011934284120798111,
            0.12218696624040604,
            0.9924353361129761,
            0.0
          ],
          [
            0.0,
            0.0,
            0.0,
            1.0
          ]
        ],
        "rotation_mode": "QUATERNION"
      },
      "armature_space": {
        "head": {
          "x": 0.3480793535709381,
          "y": -0.5117003321647644,
          "z": 0.484249472618103
        },
        "tail": {
          "x": 0.3524858057498932,
          "y": -0.5515872836112976,
          "z": 0.4859205484390259
        }
      },
      "world_space": {
        "head": {
          "x": 0.3480793535709381,
          "y": -0.448456346988678,
          "z": 1.4341034889221191
        },
        "tail": {
          "x": 0.3524858057498932,
          "y": -0.4883432984352112,
          "z": 1.435774564743042
        },
        "rotation_quaternion": {
          "w": 0.04693983122706413,
          "x": -0.27890247106552124,
          "y": -0.03536127507686615,
          "z": -0.9585195183753967
        },
        "matrix": [
          [
            -0.8400202989578247,
            0.10971043258905411,
            0.5313472747802734,
            0.3480793535709381
          ],
          [
            -0.07026072591543198,
            -0.9930927157402039,
            0.0939728170633316,
            -0.448456346988678
          ],
          [
            0.5379903316497803,
            0.041605543345212936,
            0.8419318795204163,
            1.4341034889221191
          ],
          [
            0.0,
            0.0,
            0.0,
            1.0
          ]
        ]
      },
      "bone_length_armature_space": 0.04016439019199754,
      "parent": "thumb_01_l",
      "has_children": true,
      "is_end_bone": false
    },
    "thumb_03_l": {
      "name": "thumb_03_l",
      "local": {
        "location": {
          "x": 0.0,
          "y": 0.0,
          "z": 0.0
        },
        "rotation_quaternion": {
          "w": 0.9987519383430481,
          "x": 0.04994429647922516,
          "y": -0.00022128451382741332,
          "z": 0.0004514776519499719
        },
        "scale": {
          "x": 1.0,
          "y": 1.0,
          "z": 1.0
        },
        "matrix_basis": [
          [
            0.9999995231628418,
            -0.0009239321807399392,
            -0.0003969192039221525,
            0.0
          ],
          [
            0.0008797245682217181,
            0.9950107336044312,
            -0.09976412355899811,
            0.0
          ],
          [
            0.00048711412819102407,
            0.09976372867822647,
            0.995011031627655,
            0.0
          ],
          [
            0.0,
            0.0,
            0.0,
            1.0
          ]
        ],
        "rotation_mode": "QUATERNION"
      },
      "armature_space": {
        "head": {
          "x": 0.352485716342926,
          "y": -0.5515872836112976,
          "z": 0.4859204888343811
        },
        "tail": {
          "x": 0.3645288050174713,
          "y": -0.5782630443572998,
          "z": 0.49430254101753235
        }
      },
      "world_space": {
        "head": {
          "x": 0.352485716342926,
          "y": -0.4883432984352112,
          "z": 1.435774564743042
        },
        "tail": {
          "x": 0.3645288050174713,
          "y": -0.5150190591812134,
          "z": 1.444156527519226
        },
        "rotation_quaternion": {
          "w": 0.19157877564430237,
          "x": -0.08115829527378082,
          "y": -0.15873907506465912,
          "z": -0.9651492238044739
        },
        "matrix": [
          [
            -0.9134220480918884,
            0.3955702781677246,
            0.09583728015422821,
            0.352485716342926
          ],
          [
            -0.34403836727142334,
            -0.8761990666389465,
            0.33751076459884644,
            -0.4883432984352112
          ],
          [
            0.2174828052520752,
            0.27531903982162476,
            0.9364371299743652,
            1.435774564743042
          ],
          [
            0.0,
            0.0,
            0.0,
            1.0
          ]
        ]
      },
      "bone_length_armature_space": 0.030444884744590638,
      "parent": "thumb_02_l",
      "has_children": false,
      "is_end_bone": true
    },
    "metacarpal_index_l": {
      "name": "metacarpal_index_l",
      "local": {
        "location": {
          "x": 0.0,
          "y": 0.0,
          "z": 0.0
        },
        "rotation_quaternion": {
          "w": 0.9999017119407654,
          "x": -0.004668672103434801,
          "y": -0.00404400797560811,
          "z": 0.012588986195623875
        },
        "scale": {
          "x": 1.0,
          "y": 1.0,
          "z": 1.0
        },
        "matrix_basis": [
          [
            0.9996502995491028,
            -0.02513773739337921,
            -0.008204768411815166,
            0.0
          ],
          [
            0.02521325834095478,
            0.9996394515037537,
            0.00923460628837347,
            0.0
          ],
          [
            0.007969673722982407,
            -0.009438246488571167,
            0.9999237060546875,
            0.0
          ],
          [
            0.0,
            0.0,
            0.0,
            1.0
          ]
        ],
        "rotation_mode": "QUATERNION"
      },
      "armature_space": {
        "head": {
          "x": 0.38276922702789307,
          "y": -0.4526362717151642,
          "z": 0.5179440379142761
        },
        "tail": {
          "x": 0.3608230948448181,
          "y": -0.5676354169845581,
          "z": 0.522718071937561
        }
      },
      "world_space": {
        "head": {
          "x": 0.38276922702789307,
          "y": -0.38939225673675537,
          "z": 1.4677979946136475
        },
        "tail": {
          "x": 0.3608230948448181,
          "y": -0.5043914318084717,
          "z": 1.4725720882415771
        },
        "rotation_quaternion": {
          "w": 7.059634663164616e-05,
          "x": -0.9724512696266174,
          "y": 0.09628695994615555,
          "z": 0.2122909277677536
        },
        "matrix": [
          [
            0.8913228511810303,
            -0.18729890882968903,
            -0.4128715693950653,
            0.38276922702789307
          ],
          [
            -0.1872389316558838,
            -0.9814579486846924,
            0.04101882874965668,
            -0.38939225673675537
          ],
          [
            -0.41290178894996643,
            0.04074399173259735,
            -0.9098716974258423,
            1.4677979946136475
          ],
          [
            0.0,
            0.0,
            0.0,
            1.0
          ]
        ]
      },
      "bone_length_armature_space": 0.11717178822562843,
      "parent": "lowerarm_l",
      "has_children": true,
      "is_end_bone": false
    },
    "index_01_l": {
      "name": "index_01_l",
      "local": {
        "location": {
          "x": 0.0,
          "y": 0.0,
          "z": 0.0
        },
        "rotation_quaternion": {
          "w": 0.9959977865219116,
          "x": -0.08737403899431229,
          "y": 0.017743783071637154,
          "z": 0.006285905838012695
        },
        "scale": {
          "x": 1.0,
          "y": 1.0,
          "z": 1.0
        },
        "matrix_basis": [
          [
            0.9992913007736206,
            -0.015622188337147236,
            0.03424708917737007,
            0.0
          ],
          [
            0.009420804679393768,
            0.9846525192260742,
            0.17427177727222443,
            0.0
          ],
          [
            -0.036443985998630524,
            -0.17382562160491943,
            0.9841018915176392,
            0.0
          ],
          [
            0.0,
            0.0,
            0.0,
            1.0
          ]
        ],
        "rotation_mode": "QUATERNION"
      },
      "armature_space": {
        "head": {
          "x": 0.3608230948448181,
          "y": -0.5676354169845581,
          "z": 0.522718071937561
        },
        "tail": {
          "x": 0.3675764799118042,
          "y": -0.5948441028594971,
          "z": 0.5279285311698914
        }
      },
      "world_space": {
        "head": {
          "x": 0.3608230948448181,
          "y": -0.5043914318084717,
          "z": 1.4725720882415771
        },
        "tail": {
          "x": 0.3675764799118042,
          "y": -0.5316001176834106,
          "z": 1.4777824878692627
        },
        "rotation_quaternion": {
          "w": 0.1118607223033905,
          "x": 0.9734130501747131,
          "y": 0.1018935963511467,
          "z": -0.17196540534496307
        },
        "matrix": [
          [
            0.9200913906097412,
            0.23684151470661163,
            -0.3119908571243286,
            0.3608230948448181
          ],
          [
            0.1598968356847763,
            -0.9542098641395569,
            -0.25281834602355957,
            -0.5043914318084717
          ],
          [
            -0.3575848937034607,
            0.18272998929023743,
            -0.9158369898796082,
            1.4725720882415771
          ],
          [
            0.0,
            0.0,
            0.0,
            1.0
          ]
        ]
      },
      "bone_length_armature_space": 0.028514376352313554,
      "parent": "metacarpal_index_l",
      "has_children": true,
      "is_end_bone": false
    },
    "index_02_l": {
      "name": "index_02_l",
      "local": {
        "location": {
          "x": 0.0,
          "y": 0.0,
          "z": 0.0
        },
        "rotation_quaternion": {
          "w": 0.999485969543457,
          "x": 0.031986724585294724,
          "y": 0.0019070939160883427,
          "z": -0.0010881973430514336
        },
        "scale": {
          "x": 1.0,
          "y": 1.0,
          "z": 1.0
        },
        "matrix_basis": [
          [
            0.9999903440475464,
            0.0022972794249653816,
            0.0037426115013659,
            0.0
          ],
          [
            -0.0020532726775854826,
            0.997951328754425,
            -0.06394471228122711,
            0.0
          ],
          [
            -0.003881843062117696,
            0.06393641233444214,
            0.9979464411735535,
            0.0
          ],
          [
            0.0,
            0.0,
            0.0,
            1.0
          ]
        ],
        "rotation_mode": "QUATERNION"
      },
      "armature_space": {
        "head": {
          "x": 0.3675762712955475,
          "y": -0.5948445796966553,
          "z": 0.527928352355957
        },
        "tail": {
          "x": 0.37410005927085876,
          "y": -0.6193732619285583,
          "z": 0.531653106212616
        }
      },
      "world_space": {
        "head": {
          "x": 0.3675762712955475,
          "y": -0.5316005945205688,
          "z": 1.4777823686599731
        },
        "tail": {
          "x": 0.37410005927085876,
          "y": -0.5561292767524719,
          "z": 1.4815070629119873
        },
        "rotation_quaternion": {
          "w": 0.09851355105638504,
          "x": 0.9674049615859985,
          "y": 0.1105157807469368,
          "z": -0.20544829964637756
        },
        "matrix": [
          [
            0.8911546468734741,
            0.2543060779571533,
            -0.3757287859916687,
            0.3675762712955475
          ],
          [
            0.17334824800491333,
            -0.9561628103256226,
            -0.23601630330085754,
            -0.5316005945205688
          ],
          [
            -0.41928088665008545,
            0.14519517123699188,
            -0.8961789011955261,
            1.4777823686599731
          ],
          [
            0.0,
            0.0,
            0.0,
            1.0
          ]
        ]
      },
      "bone_length_armature_space": 0.025653262344598533,
      "parent": "index_01_l",
      "has_children": true,
      "is_end_bone": false
    },
    "index_03_l": {
      "name": "index_03_l",
      "local": {
        "location": {
          "x": 0.0,
          "y": 0.0,
          "z": 0.0
        },
        "rotation_quaternion": {
          "w": 0.9998305439949036,
          "x": 0.017598507925868034,
          "y": -0.0038399610202759504,
          "z": -0.00382036785595119
        },
        "scale": {
          "x": 1.0,
          "y": 1.0,
          "z": 1.0
        },
        "matrix_basis": [
          [
            0.9999412894248962,
            0.007504285778850317,
            -0.007813085801899433,
            0.0
          ],
          [
            -0.007774596102535725,
            0.9993513822555542,
            -0.035161711275577545,
            0.0
          ],
          [
            0.007544155232608318,
            0.03522039204835892,
            0.9993510842323303,
            0.0
          ],
          [
            0.0,
            0.0,
            0.0,
            1.0
          ]
        ],
        "rotation_mode": "QUATERNION"
      },
      "armature_space": {
        "head": {
          "x": 0.37410008907318115,
          "y": -0.6193732023239136,
          "z": 0.5316532254219055
        },
        "tail": {
          "x": 0.3827095925807953,
          "y": -0.6472935676574707,
          "z": 0.5314053893089294
        }
      },
      "world_space": {
        "head": {
          "x": 0.37410008907318115,
          "y": -0.5561292171478271,
          "z": 1.4815073013305664
        },
        "tail": {
          "x": 0.3827095925807953,
          "y": -0.5840495824813843,
          "z": 1.4812593460083008
        },
        "rotation_quaternion": {
          "w": 0.023849669843912125,
          "x": 0.9711323380470276,
          "y": 0.14713433384895325,
          "z": -0.18623867630958557
        },
        "matrix": [
          [
            0.887333333492279,
            0.29465746879577637,
            -0.3547065854072571,
            0.37410008907318115
          ],
          [
            0.27689042687416077,
            -0.9555656313896179,
            -0.10112746059894562,
            -0.5561292171478271
          ],
          [
            -0.3687455654144287,
            -0.008482098579406738,
            -0.9294995665550232,
            1.4815073013305664
          ],
          [
            0.0,
            0.0,
            0.0,
            1.0
          ]
        ]
      },
      "bone_length_armature_space": 0.02921868869402767,
      "parent": "index_02_l",
      "has_children": false,
      "is_end_bone": true
    },
    "metacarpal_pinky_l": {
      "name": "metacarpal_pinky_l",
      "local": {
        "location": {
          "x": 0.0,
          "y": 0.0,
          "z": 0.0
        },
        "rotation_quaternion": {
          "w": 0.9995757341384888,
          "x": -0.023039283230900764,
          "y": 0.015915926545858383,
          "z": 0.008021675050258636
        },
        "scale": {
          "x": 1.0,
          "y": 1.0,
          "z": 1.0
        },
        "matrix_basis": [
          [
            0.9993646740913391,
            -0.016769926995038986,
            0.03144872188568115,
            0.0
          ],
          [
            0.015303160063922405,
            0.9988096952438354,
            0.046314362436532974,
            0.0
          ],
          [
            -0.03218797594308853,
            -0.045803673565387726,
            0.9984317421913147,
            0.0
          ],
          [
            0.0,
            0.0,
            0.0,
            1.0
          ]
        ],
        "rotation_mode": "QUATERNION"
      },
      "armature_space": {
        "head": {
          "x": 0.38276922702789307,
          "y": -0.4526362717151642,
          "z": 0.5179440379142761
        },
        "tail": {
          "x": 0.42945000529289246,
          "y": -0.5446313619613647,
          "z": 0.5321225523948669
        }
      },
      "world_space": {
        "head": {
          "x": 0.38276922702789307,
          "y": -0.38939225673675537,
          "z": 1.4677979946136475
        },
        "tail": {
          "x": 0.42945000529289246,
          "y": -0.4813873767852783,
          "z": 1.4819765090942383
        },
        "rotation_quaternion": {
          "w": 0.24087513983249664,
          "x": 0.22053655982017517,
          "y": -0.015828631818294525,
          "z": -0.9450355768203735
        },
        "matrix": [
          [
            -0.7866857051849365,
            0.4482899010181427,
            -0.42445510625839233,
            0.38276922702789307
          ],
          [
            -0.462253212928772,
            -0.883457362651825,
            -0.07632666826248169,
            -0.38939225673675537
          ],
          [
            -0.4092075526714325,
            0.1361607313156128,
            0.9022326469421387,
            1.4677979946136475
          ],
          [
            0.0,
            0.0,
            0.0,
            1.0
          ]
        ]
      },
      "bone_length_armature_space": 0.10413079338682947,
      "parent": "lowerarm_l",
      "has_children": true,
      "is_end_bone": false
    },
    "pinky_01_l": {
      "name": "pinky_01_l",
      "local": {
        "location": {
          "x": 0.0,
          "y": 0.0,
          "z": 0.0
        },
        "rotation_quaternion": {
          "w": 0.9897357225418091,
          "x": -0.1416836380958557,
          "y": 0.0010800110176205635,
          "z": -0.018649660050868988
        },
        "scale": {
          "x": 1.0,
          "y": 1.0,
          "z": 1.0
        },
        "matrix_basis": [
          [
            0.9993020296096802,
            0.036610428243875504,
            0.0074225543066859245,
            0.0
          ],
          [
            -0.03722250834107399,
            0.9591558575630188,
            0.28041842579841614,
            0.0
          ],
          [
            0.0031468523666262627,
            -0.28049901127815247,
            0.9598491787910461,
            0.0
          ],
          [
            0.0,
            0.0,
            0.0,
            1.0
          ]
        ],
        "rotation_mode": "QUATERNION"
      },
      "armature_space": {
        "head": {
          "x": 0.42945000529289246,
          "y": -0.5446313619613647,
          "z": 0.5321225523948669
