{
  "metadata": {
    "armature_name": "KIM_caucasian_male",
    "export_time": "2026-01-13T21:16:24.440044",
    "blender_version": "4.4.1",
    "bone_count": 56,
    "end_bone_count": 13,
    "spaces_included": [
      "LOCAL_CHANNELS",
      "ARMATURE_SPACE",
      "WORLD_SPACE"
    ],
    "note": "LOCAL matches Transform panel; replay pose via local.matrix_basis for best fidelity."
  },
  "bones": {
    "Root": {
      "name": "Root",
      "local": {
        "location": {
          "x": 0.0,
          "y": 0.0,
          "z": 0.0
        },
        "rotation_quaternion": {
          "w": 0.9998834133148193,
          "x": -0.0022343804594129324,
          "y": -0.01498800702393055,
          "z": 0.0019214513013139367
        },
        "scale": {
          "x": 1.0,
          "y": 1.0,
          "z": 1.0
        },
        "matrix_basis": [
          [
            0.999543309211731,
            -0.003775476710870862,
            -0.029981106519699097,
            0.0
          ],
          [
            0.003909432329237461,
            0.9999826550483704,
            0.0044106426648795605,
            0.0
          ],
          [
            0.029963932931423187,
            -0.004525837488472462,
            0.9995407462120056,
            0.0
          ],
          [
            0.0,
            0.0,
            0.0,
            1.0
          ]
        ],
        "rotation_mode": "QUATERNION"
      },
      "armature_space": {
        "head": {
          "x": 0.0,
          "y": 0.07072800397872925,
          "z": -0.009595036506652832
        },
        "tail": {
          "x": -0.0002694779250305146,
          "y": 4.46513295173645e-05,
          "z": 0.00031993910670280457
        }
      },
      "world_space": {
        "head": {
          "x": 0.0,
          "y": 0.13397200405597687,
          "z": 0.9402589797973633
        },
        "tail": {
          "x": -0.0002694779250305146,
          "y": 0.06328865140676498,
          "z": 0.9501739740371704
        },
        "rotation_quaternion": {
          "w": 0.06958910077810287,
          "x": 0.9974613189697266,
          "y": -0.0029267966747283936,
          "z": -0.014824516139924526
        },
        "matrix": [
          [
            0.999543309211731,
            -0.003775476710870862,
            -0.029981106519699097,
            0.0
          ],
          [
            -0.007901988923549652,
            -0.9902976155281067,
            -0.13873857259750366,
            0.13397200405597687
          ],
          [
            -0.02916662208735943,
            0.1389121562242508,
            -0.9898821711540222,
            0.9402589797973633
          ],
          [
            0.0,
            0.0,
            0.0,
            1.0
          ]
        ]
      },
      "bone_length_armature_space": 0.07137587588802634,
      "parent": null,
      "has_children": true,
      "is_end_bone": false
    },
    "spine_01": {
      "name": "spine_01",
      "local": {
        "location": {
          "x": 0.0,
          "y": 0.0,
          "z": 0.0
        },
        "rotation_quaternion": {
          "w": 0.9948574304580688,
          "x": 0.10112560540437698,
          "y": 0.004751909989863634,
          "z": 0.0031358222477138042
        },
        "scale": {
          "x": 1.0,
          "y": 1.0,
          "z": 1.0
        },
        "matrix_basis": [
          [
            0.9999351501464844,
            -0.005278312601149082,
            0.010089170187711716,
            0.0
          ],
          [
            0.007200471591204405,
            0.9795275330543518,
            -0.2011813223361969,
            0.0
          ],
          [
            -0.008820721879601479,
            0.2012409269809723,
            0.9795020818710327,
            0.0
          ],
          [
            0.0,
            0.0,
            0.0,
            1.0
          ]
        ],
        "rotation_mode": "QUATERNION"
      },
      "armature_space": {
        "head": {
          "x": -0.0002694779250305146,
          "y": 4.46513295173645e-05,
          "z": 0.00031993910670280457
        },
        "tail": {
          "x": 0.010644500143826008,
          "y": -0.07359020411968231,
          "z": 0.48261362314224243
        }
      },
      "world_space": {
        "head": {
          "x": -0.0002694779250305146,
          "y": 0.06328865140676498,
          "z": 0.9501739740371704
        },
        "tail": {
          "x": 0.010644500143826008,
          "y": -0.010346204042434692,
          "z": 1.4324676990509033
        },
        "rotation_quaternion": {
          "w": 0.6515318751335144,
          "x": 0.7585382461547852,
          "y": 0.007791236042976379,
          "z": -0.008092271164059639
        },
        "matrix": [
          [
            0.9997475743293762,
            0.022364653646945953,
            -0.0021239696070551872,
            -0.0002694779250305146
          ],
          [
            0.001275292132049799,
            -0.15089072287082672,
            -0.9885498285293579,
            0.06328865140676498
          ],
          [
            -0.0224292129278183,
            0.9883042573928833,
            -0.15088309347629547,
            0.9501739740371704
          ],
          [
            0.0,
            0.0,
            0.0,
            1.0
          ]
        ]
      },
      "bone_length_armature_space": 0.48800453133774585,
      "parent": "Root",
      "has_children": true,
      "is_end_bone": false
    },
    "neck_01": {
      "name": "neck_01",
      "local": {
        "location": {
          "x": 0.0,
          "y": 0.0,
          "z": 0.0
        },
        "rotation_quaternion": {
          "w": 0.9919356107711792,
          "x": -0.10621099174022675,
          "y": 0.06113548204302788,
          "z": 0.03233552351593971
        },
        "scale": {
          "x": 1.0,
          "y": 1.0,
          "z": 1.0
        },
        "matrix_basis": [
          [
            0.9904337525367737,
            -0.07713603228330612,
            0.11441614478826523,
            0.0
          ],
          [
            0.051162995398044586,
            0.9753472805023193,
            0.21466262638568878,
            0.0
          ],
          [
            -0.1281536966562271,
            -0.20675523579120636,
            0.9699633717536926,
            0.0
          ],
          [
            0.0,
            0.0,
            0.0,
            1.0
          ]
        ],
        "rotation_mode": "QUATERNION"
      },
      "armature_space": {
        "head": {
          "x": 0.012208345346152782,
          "y": -0.11892153322696686,
          "z": 0.5497430562973022
        },
        "tail": {
          "x": 0.006549075245857239,
          "y": -0.15226151049137115,
          "z": 0.6465271711349487
        }
      },
      "world_space": {
        "head": {
          "x": 0.012208345346152782,
          "y": -0.05567753314971924,
          "z": 1.4995970726013184
        },
        "tail": {
          "x": 0.006549075245857239,
          "y": -0.08901751041412354,
          "z": 1.5963811874389648
        },
        "rotation_quaternion": {
          "w": 0.5807968974113464,
          "x": 0.8118175268173218,
          "y": 0.008643938228487968,
          "z": 0.059603869915008545
        },
        "matrix": [
          [
            0.9927453398704529,
            -0.05520090088248253,
            0.10681527853012085,
            0.012208345346152782
          ],
          [
            0.08326977491378784,
            -0.32520031929016113,
            -0.9419722557067871,
            -0.05567753314971924
          ],
          [
            0.08673474192619324,
            0.944038987159729,
            -0.31824755668640137,
            1.4995970726013184
          ],
          [
            0.0,
            0.0,
            0.0,
            1.0
          ]
        ]
      },
      "bone_length_armature_space": 0.10252193225527048,
      "parent": "spine_01",
      "has_children": true,
      "is_end_bone": false
    },
    "head": {
      "name": "head",
      "local": {
        "location": {
          "x": 0.0,
          "y": 0.0,
          "z": 0.0
        },
        "rotation_quaternion": {
          "w": 0.9804942607879639,
          "x": -0.11707562208175659,
          "y": -0.005611213855445385,
          "z": 0.1577753722667694
        },
        "scale": {
          "x": 1.0,
          "y": 1.0,
          "z": 1.0
        },
        "matrix_basis": [
          [
            0.9501509070396423,
            -0.30808183550834656,
            -0.04794682562351227,
            0.0
          ],
          [
            0.31070956587791443,
            0.9228004813194275,
            0.22781333327293396,
            0.0
          ],
          [
            -0.02593977376818657,
            -0.23135457932949066,
            0.9725236296653748,
            0.0
          ],
          [
            0.0,
            0.0,
            0.0,
            1.0
          ]
        ],
        "rotation_mode": "QUATERNION"
      },
      "armature_space": {
        "head": {
          "x": 0.006549096666276455,
          "y": -0.1522616297006607,
          "z": 0.6465270519256592
        },
        "tail": {
          "x": -0.0566251277923584,
          "y": -0.11502496153116226,
          "z": 0.783186137676239
        }
      },
      "world_space": {
        "head": {
          "x": 0.006549096666276455,
          "y": -0.08901762962341309,
          "z": 1.5963810682296753
        },
        "tail": {
          "x": -0.0566251277923584,
          "y": -0.05178096145391464,
          "z": 1.7330400943756104
        },
        "rotation_quaternion": {
          "w": 0.777646541595459,
          "x": 0.5932064056396484,
          "y": -0.12374912947416306,
          "z": 0.16750593483448029
        },
        "matrix": [
          [
            0.9132558107376099,
            -0.40733855962753296,
            0.006266839802265167,
            0.006549096666276455
          ],
          [
            0.11370563507080078,
            0.2400968223810196,
            -0.9640671014785767,
            -0.08901762962341309
          ],
          [
            0.3911997377872467,
            0.8811585307121277,
            0.26558735966682434,
            1.5963810682296753
          ],
          [
            0.0,
            0.0,
            0.0,
            1.0
          ]
        ]
      },
      "bone_length_armature_space": 0.15509112657015448,
      "parent": "neck_01",
      "has_children": false,
      "is_end_bone": true
    },
    "upperarm_l": {
      "name": "upperarm_l",
      "local": {
        "location": {
          "x": 0.0,
          "y": 0.0,
          "z": 0.0
        },
        "rotation_quaternion": {
          "w": 0.9022676348686218,
          "x": 0.06742117553949356,
          "y": 0.41794902086257935,
          "z": 0.08176851272583008
        },
        "scale": {
          "x": 1.0,
          "y": 1.0,
          "z": 1.0
        },
        "matrix_basis": [
          [
            0.6372650265693665,
            -0.0911969393491745,
            0.7652295827865601,
            0.0
          ],
          [
            0.20391139388084412,
            0.9775366187095642,
            -0.05331375077366829,
            0.0
          ],
          [
            -0.7431778907775879,
            0.1900140345096588,
            0.6415460109710693,
            0.0
          ],
          [
            0.0,
            0.0,
            0.0,
            1.0
          ]
        ],
        "rotation_mode": "QUATERNION"
      },
      "armature_space": {
        "head": {
          "x": 0.16066063940525055,
          "y": -0.11174183338880539,
          "z": 0.4794757664203644
        },
        "tail": {
          "x": 0.4251067042350769,
          "y": -0.15475547313690186,
          "z": 0.4845488369464874
        }
      },
      "world_space": {
        "head": {
          "x": 0.16066063940525055,
          "y": -0.04849783331155777,
          "z": 1.429329752922058
        },
        "tail": {
          "x": 0.4251067042350769,
          "y": -0.09151147305965424,
          "z": 1.4344028234481812
        },
        "rotation_quaternion": {
          "w": 0.1760207563638687,
          "x": 0.7369287014007568,
          "y": 0.6235041618347168,
          "z": -0.19286136329174042
        },
        "matrix": [
          [
            0.14809364080429077,
            0.9868515133857727,
            -0.06474848091602325,
            0.16066063940525055
          ],
          [
            0.8510609269142151,
            -0.16051697731018066,
            -0.4999300241470337,
            -0.04849783331155777
          ],
          [
            -0.5037525296211243,
            0.018931478261947632,
            -0.8636486530303955,
            1.429329752922058
          ],
          [
            0.0,
            0.0,
            0.0,
            1.0
          ]
        ]
      },
      "bone_length_armature_space": 0.2679694756850245,
      "parent": "spine_01",
      "has_children": true,
      "is_end_bone": false
    },
    "lowerarm_l": {
      "name": "lowerarm_l",
      "local": {
        "location": {
          "x": 0.0,
          "y": 0.0,
          "z": 0.0
        },
        "rotation_quaternion": {
          "w": 0.91451495885849,
          "x": 0.2787233591079712,
          "y": 0.2102905809879303,
          "z": -0.20433703064918518
        },
        "scale": {
          "x": 1.0,
          "y": 1.0,
          "z": 1.0
        },
        "matrix_basis": [
          [
            0.8280485272407532,
            0.4909643232822418,
            0.2707207500934601,
            0.0
          ],
          [
            -0.25651276111602783,
            0.7611193060874939,
            -0.595733642578125,
            0.0
          ],
          [
            -0.49853476881980896,
            0.4238530695438385,
            0.7561823129653931,
            0.0
          ],
          [
            0.0,
            0.0,
            0.0,
            1.0
          ]
        ],
        "rotation_mode": "QUATERNION"
      },
      "armature_space": {
        "head": {
          "x": 0.4251067638397217,
          "y": -0.1547556221485138,
          "z": 0.4845488667488098
        },
        "tail": {
          "x": 0.6221079230308533,
          "y": -0.17795121669769287,
          "z": 0.30504313111305237
        }
      },
      "world_space": {
        "head": {
          "x": 0.4251067638397217,
          "y": -0.09151162207126617,
          "z": 1.4344029426574707
        },
        "tail": {
          "x": 0.6221079230308533,
          "y": -0.11470721662044525,
          "z": 1.254897117614746
        },
        "rotation_quaternion": {
          "w": 0.2207040786743164,
          "x": -0.6771285533905029,
          "y": -0.6386994123458862,
          "z": 0.2912898659706116
        },
        "matrix": [
          [
            0.014423385262489319,
            0.7363855242729187,
            -0.6764081716537476,
            0.4251067638397217
          ],
          [
            0.99354088306427,
            -0.0867045670747757,
            -0.07320696115493774,
            -0.09151162207126617
          ],
          [
            -0.11255601048469543,
            -0.6709880828857422,
            -0.7328847646713257,
            1.4344029426574707
          ],
          [
            0.0,
            0.0,
            0.0,
            1.0
          ]
        ]
      },
      "bone_length_armature_space": 0.26752532541164736,
      "parent": "upperarm_l",
      "has_children": true,
      "is_end_bone": false
    },
    "metacarpal_thumb_l": {
      "name": "metacarpal_thumb_l",
      "local": {
        "location": {
          "x": 0.0,
          "y": 0.0,
          "z": 0.0
        },
        "rotation_quaternion": {
          "w": 0.999755859375,
          "x": 0.013732406310737133,
          "y": 0.015120687894523144,
          "z": 0.008427406661212444
        },
        "scale": {
          "x": 1.0,
          "y": 1.0,
          "z": 1.0
        },
        "matrix_basis": [
          [
            0.9994006752967834,
            -0.0164354108273983,
            0.030465450137853622,
            0.0
          ],
          [
            0.017265984788537025,
            0.9994807839393616,
            -0.02720325067639351,
            0.0
          ],
          [
            -0.030002536252141,
            0.02771296352148056,
            0.9991655945777893,
            0.0
          ],
          [
            0.0,
            0.0,
            0.0,
            1.0
          ]
        ],
        "rotation_mode": "QUATERNION"
      },
      "armature_space": {
        "head": {
          "x": 0.6221079230308533,
          "y": -0.17795121669769287,
          "z": 0.30504313111305237
        },
        "tail": {
          "x": 0.6303585171699524,
          "y": -0.17318843305110931,
          "z": 0.2564338743686676
        }
      },
      "world_space": {
        "head": {
          "x": 0.6221079230308533,
          "y": -0.11470721662044525,
          "z": 1.254897117614746
        },
        "tail": {
          "x": 0.6303585171699524,
          "y": -0.1099444329738617,
          "z": 1.2062878608703613
        },
        "rotation_quaternion": {
          "w": 0.7359702587127686,
          "x": -0.6710569262504578,
          "y": -0.08015170693397522,
          "z": -0.04007800668478012
        },
        "matrix": [
          [
            0.9839388728141785,
            0.1665651798248291,
            -0.06418819725513458,
            0.6221079230308533
          ],
          [
            0.04857923090457916,
            0.09615257382392883,
            0.9941806793212891,
            -0.11470721662044525
          ],
          [
            0.1717689335346222,
            -0.9813376665115356,
            0.08651824295520782,
            1.254897117614746
          ],
          [
            0.0,
            0.0,
            0.0,
            1.0
          ]
        ]
      },
      "bone_length_armature_space": 0.049533991470087996,
      "parent": "lowerarm_l",
      "has_children": true,
      "is_end_bone": false
    },
    "thumb_01_l": {
      "name": "thumb_01_l",
      "local": {
        "location": {
          "x": 0.0,
          "y": 0.0,
          "z": 0.0
        },
        "rotation_quaternion": {
          "w": 0.9995754957199097,
          "x": -0.01864418387413025,
          "y": 0.02191106043756008,
          "z": -0.004594447091221809
        },
        "scale": {
          "x": 1.0,
          "y": 1.0,
          "z": 1.0
        },
        "matrix_basis": [
          [
            0.9989975690841675,
            0.008367965929210186,
            0.04397483915090561,
            0.0
          ],
          [
            -0.010002020746469498,
            0.9992625713348389,
            0.03707120195031166,
            0.0
          ],
          [
            -0.04363219812512398,
            -0.037473876029253006,
            0.9983446002006531,
            0.0
          ],
          [
            0.0,
            0.0,
            0.0,
            1.0
          ]
        ],
        "rotation_mode": "QUATERNION"
      },
      "armature_space": {
        "head": {
          "x": 0.6303585171699524,
          "y": -0.17318843305110931,
          "z": 0.2564338743686676
        },
        "tail": {
          "x": 0.6272185444831848,
          "y": -0.1465120017528534,
          "z": 0.23552599549293518
        }
      },
      "world_space": {
        "head": {
          "x": 0.6303585171699524,
          "y": -0.1099444329738617,
          "z": 1.2062878608703613
        },
        "tail": {
          "x": 0.6272185444831848,
          "y": -0.08326800167560577,
          "z": 1.185379981994629
        },
        "rotation_quaternion": {
          "w": 0.6969330906867981,
          "x": -0.272954523563385,
          "y": 0.6372910141944885,
          "z": -0.1834128201007843
        },
        "matrix": [
          [
            0.12044107168912888,
            -0.09224706143140793,
            0.9884251952171326,
            0.6303585171699524
          ],
          [
            -0.6035560965538025,
            0.7837115526199341,
            0.14668592810630798,
            -0.1099444329738617
          ],
          [
            -0.7881772518157959,
            -0.6142404675483704,
            0.03871512785553932,
            1.2062878608703613
          ],
          [
            0.0,
            0.0,
            0.0,
            1.0
          ]
        ]
      },
      "bone_length_armature_space": 0.034038665916191826,
      "parent": "metacarpal_thumb_l",
      "has_children": true,
      "is_end_bone": false
    },
    "thumb_02_l": {
      "name": "thumb_02_l",
      "local": {
        "location": {
          "x": 0.0,
          "y": 0.0,
          "z": 0.0
        },
        "rotation_quaternion": {
          "w": 0.996543288230896,
          "x": 0.0829429030418396,
          "y": -0.004419000819325447,
          "z": -0.0015552547993138433
        },
        "scale": {
          "x": 1.0,
          "y": 1.0,
          "z": 1.0
        },
        "matrix_basis": [
          [
            0.9999561309814453,
            0.00236670789308846,
            -0.009065445512533188,
            0.0
          ],
          [
            -0.0038328070659190416,
            0.9862360954284668,
            -0.16529864072799683,
            0.0
          ],
          [
            0.008549456484615803,
            0.16532613337039948,
            0.9862018823623657,
            0.0
          ],
          [
            0.0,
            0.0,
            0.0,
            1.0
          ]
        ],
        "rotation_mode": "QUATERNION"
      },
      "armature_space": {
        "head": {
          "x": 0.62721848487854,
          "y": -0.1465120017528534,
          "z": 0.23552604019641876
        },
        "tail": {
          "x": 0.65546053647995,
          "y": -0.14814890921115875,
          "z": 0.20701467990875244
        }
      },
      "world_space": {
        "head": {
          "x": 0.62721848487854,
          "y": -0.08326800167560577,
          "z": 1.1853801012039185
        },
        "tail": {
          "x": 0.65546053647995,
          "y": -0.08490490913391113,
          "z": 1.1568686962127686
        },
        "rotation_quaternion": {
          "w": 0.46055084466934204,
          "x": 0.038322292268276215,
          "y": 0.5172183513641357,
          "z": -0.7203537225723267
        },
        "matrix": [
          [
            -0.5728466510772705,
            0.7031612396240234,
            0.4212019145488739,
            0.62721848487854
          ],
          [
            -0.6238800287246704,
            -0.04075518250465393,
            -0.780457079410553,
            -0.08326800167560577
          ],
          [
            -0.5316250324249268,
            -0.7098662257194519,
            0.46203702688217163,
            1.1853801012039185
          ],
          [
            0.0,
            0.0,
            0.0,
            1.0
          ]
        ]
      },
      "bone_length_armature_space": 0.04016454435413014,
      "parent": "thumb_01_l",
      "has_children": true,
      "is_end_bone": false
    },
    "thumb_03_l": {
      "name": "thumb_03_l",
      "local": {
        "location": {
          "x": 0.0,
          "y": 0.0,
          "z": 0.0
        },
        "rotation_quaternion": {
          "w": 0.9981924891471863,
          "x": 0.06006496399641037,
          "y": 0.0013469943078234792,
          "z": 0.0015264786779880524
        },
        "scale": {
          "x": 1.0,
          "y": 1.0,
          "z": 1.0
        },
        "matrix_basis": [
          [
            0.9999917149543762,
            -0.0028856247663497925,
            0.0028724949806928635,
            0.0
          ],
          [
            0.00320925354026258,
            0.9927797317504883,
            -0.11990868300199509,
            0.0
          ],
          [
            -0.002505743410438299,
            0.1199169009923935,
            0.9927807450294495,
            0.0
          ],
          [
            0.0,
            0.0,
            0.0,
            1.0
          ]
        ],
        "rotation_mode": "QUATERNION"
      },
      "armature_space": {
        "head": {
          "x": 0.6554604768753052,
          "y": -0.14814889430999756,
          "z": 0.20701466500759125
        },
        "tail": {
          "x": 0.6819972395896912,
          "y": -0.15605930984020233,
          "z": 0.1943608671426773
        }
      },
      "world_space": {
        "head": {
          "x": 0.6554604768753052,
          "y": -0.08490489423274994,
          "z": 1.1568686962127686
        },
        "tail": {
          "x": 0.6819972395896912,
          "y": -0.09281530976295471,
          "z": 1.1442148685455322
        },
        "rotation_quaternion": {
          "w": 0.404868483543396,
          "x": 0.30735620856285095,
          "y": 0.4540569484233856,
          "z": -0.7317417860031128
        },
        "matrix": [
          [
            -0.4832269847393036,
            0.8716331124305725,
            -0.08214311301708221,
            0.6554604768753052
          ],
          [
            -0.313406378030777,
            -0.2598276138305664,
            -0.9133819937705994,
            -0.08490489423274994
          ],
          [
            -0.8174825310707092,
            -0.41562947630882263,
            0.3987328112125397,
            1.1568686962127686
          ],
          [
            0.0,
            0.0,
            0.0,
            1.0
          ]
        ]
      },
      "bone_length_armature_space": 0.030444918202871554,
      "parent": "thumb_02_l",
      "has_children": false,
      "is_end_bone": true
    },
    "metacarpal_index_l": {
      "name": "metacarpal_index_l",
      "local": {
        "location": {
          "x": 0.0,
          "y": 0.0,
          "z": 0.0
        },
        "rotation_quaternion": {
          "w": 0.9994245171546936,
          "x": -0.03299951180815697,
          "y": 0.006107220891863108,
          "z": -0.004938335623592138
        },
        "scale": {
          "x": 1.0,
          "y": 1.0,
          "z": 1.0
        },
        "matrix_basis": [
          [
            0.9998766183853149,
            0.009467916563153267,
            0.01253333780914545,
            0.0
          ],
          [
            -0.01027405820786953,
            0.997773289680481,
            0.06590072065591812,
            0.0
          ],
          [
            -0.01188148744404316,
            -0.06602136045694351,
            0.9977474808692932,
            0.0
          ],
          [
            0.0,
            0.0,
            0.0,
            1.0
          ]
        ],
        "rotation_mode": "QUATERNION"
      },
      "armature_space": {
        "head": {
          "x": 0.6221079230308533,
          "y": -0.17795121669769287,
          "z": 0.30504313111305237
        },
        "tail": {
          "x": 0.6847049593925476,
          "y": -0.18971581757068634,
          "z": 0.20669397711753845
        }
      },
      "world_space": {
        "head": {
          "x": 0.6221079230308533,
          "y": -0.11470721662044525,
          "z": 1.254897117614746
        },
        "tail": {
          "x": 0.6847049593925476,
          "y": -0.12647181749343872,
          "z": 1.156548023223877
        },
        "rotation_quaternion": {
          "w": 0.5485276579856873,
          "x": -0.7409627437591553,
          "y": -0.38589492440223694,
          "z": 0.034304820001125336
        },
        "matrix": [
          [
            0.6998147964477539,
            0.5342333912849426,
            -0.47418737411499023,
            0.6221079230308533
          ],
          [
            0.6095044612884521,
            -0.10040479898452759,
            0.786399245262146,
            -0.11470721662044525
          ],
          [
            0.3725131154060364,
            -0.8393590450286865,
            -0.39588427543640137,
            1.254897117614746
          ],
          [
            0.0,
            0.0,
            0.0,
            1.0
          ]
        ]
      },
      "bone_length_armature_space": 0.11717231224903407,
      "parent": "lowerarm_l",
      "has_children": true,
      "is_end_bone": false
    },
    "index_01_l": {
      "name": "index_01_l",
      "local": {
        "location": {
          "x": 0.0,
          "y": 0.0,
          "z": 0.0
        },
        "rotation_quaternion": {
          "w": 0.9921836256980896,
          "x": -0.1244613528251648,
          "y": 0.003670725040137768,
          "z": 0.008217258378863335
        },
        "scale": {
          "x": 1.0,
          "y": 1.0,
          "z": 1.0
        },
        "matrix_basis": [
          [
            0.9998379945755005,
            -0.01721978560090065,
            0.005238604266196489,
            0.0
          ],
          [
            0.015392331406474113,
            0.9688836932182312,
            0.2470373660326004,
            0.0
          ],
          [
            -0.009329528547823429,
            -0.24691671133041382,
            0.9689918160438538,
            0.0
          ],
          [
            0.0,
            0.0,
            0.0,
            1.0
          ]
        ],
        "rotation_mode": "QUATERNION"
      },
      "armature_space": {
        "head": {
          "x": 0.6847049593925476,
          "y": -0.18971581757068634,
          "z": 0.20669397711753845
        },
        "tail": {
          "x": 0.7091614603996277,
          "y": -0.19533000886440277,
          "z": 0.19315023720264435
        }
      },
      "world_space": {
        "head": {
          "x": 0.6847049593925476,
          "y": -0.12647181749343872,
          "z": 1.156548023223877
        },
        "tail": {
          "x": 0.7091614603996277,
          "y": -0.13208600878715515,
          "z": 1.143004298210144
        },
        "rotation_quaternion": {
          "w": 0.41548919677734375,
          "x": -0.7567055225372314,
          "y": -0.47845935821533203,
          "z": -0.16075529158115387
        },
        "matrix": [
          [
            0.49046754837036133,
            0.8576899170875549,
            -0.15430255234241486,
            0.6847049593925476
          ],
          [
            0.5905240774154663,
            -0.1968897134065628,
            0.7826341986656189,
            -0.12647181749343872
          ],
          [
            0.6408818364143372,
            -0.47497960925102234,
            -0.603057861328125,
            1.156548023223877
          ],
          [
            0.0,
            0.0,
            0.0,
            1.0
          ]
        ]
      },
      "bone_length_armature_space": 0.028514425727287147,
      "parent": "metacarpal_index_l",
      "has_children": true,
      "is_end_bone": false
    },
    "index_02_l": {
      "name": "index_02_l",
      "local": {
        "location": {
          "x": 0.0,
          "y": 0.0,
          "z": 0.0
        },
        "rotation_quaternion": {
          "w": 0.9967250823974609,
          "x": 0.08055130392313004,
          "y": -0.006284165196120739,
          "z": -0.0033316160552203655
        },
        "scale": {
          "x": 1.0,
          "y": 1.0,
          "z": 1.0
        },
        "matrix_basis": [
          [
            0.9998987913131714,
            0.005629015155136585,
            -0.013063902035355568,
            0.0
          ],
          [
            -0.007653805892914534,
            0.9870007634162903,
            -0.1605331301689148,
            0.0
          ],
          [
            0.011990438215434551,
            0.1606168895959854,
            0.9869440197944641,
            0.0
          ],
          [
            0.0,
            0.0,
            0.0,
            1.0
          ]
        ],
        "rotation_mode": "QUATERNION"
      },
      "armature_space": {
        "head": {
          "x": 0.7091615796089172,
          "y": -0.1953299641609192,
          "z": 0.19314970076084137
        },
        "tail": {
          "x": 0.7308053970336914,
          "y": -0.1974080204963684,
          "z": 0.17953653633594513
        }
      },
      "world_space": {
        "head": {
          "x": 0.7091615796089172,
          "y": -0.13208596408367157,
          "z": 1.1430037021636963
        },
        "tail": {
          "x": 0.7308053970336914,
          "y": -0.1341640204191208,
          "z": 1.1293905973434448
        },
        "rotation_quaternion": {
          "w": 0.44007566571235657,
          "x": -0.7274629473686218,
          "y": -0.5155869126319885,
          "z": -0.10630708187818527
        },
        "matrix": [
          [
            0.4457360506057739,
            0.8437070250511169,
            -0.2991277873516083,
            0.7091615796089172
          ],
          [
            0.6565772891044617,
            -0.08100578188896179,
            0.7498965263366699,
            -0.13208596408367157
          ],
          [
            0.6084666848182678,
            -0.5306602716445923,
            -0.5900694131851196,
            1.1430037021636963
          ],
          [
            0.0,
            0.0,
            0.0,
            1.0
          ]
        ]
      },
      "bone_length_armature_space": 0.025653291877241996,
      "parent": "index_01_l",
      "has_children": true,
      "is_end_bone": false
    },
    "index_03_l": {
      "name": "index_03_l",
      "local": {
        "location": {
          "x": 0.0,
          "y": 0.0,
          "z": 0.0
        },
        "rotation_quaternion": {
          "w": 0.9998942613601685,
          "x": 0.0139989722520113,
          "y": -0.003919798880815506,
          "z": 0.000454628694569692
        },
        "scale": {
          "x": 1.0,
          "y": 1.0,
          "z": 1.0
        },
        "matrix_basis": [
          [
            0.9999688863754272,
            -0.001018907525576651,
            -0.007826040498912334,
            0.0
          ],
          [
            0.0007994149345904589,
            0.9996076226234436,
            -0.02799854800105095,
            0.0
          ],
          [
            0.007851497270166874,
            0.027991419658064842,
            0.9995773434638977,
            0.0
          ],
          [
            0.0,
            0.0,
            0.0,
            1.0
          ]
        ],
        "rotation_mode": "QUATERNION"
      },
      "armature_space": {
        "head": {
          "x": 0.7308054566383362,
          "y": -0.19740813970565796,
          "z": 0.1795366108417511
        },
        "tail": {
          "x": 0.7553666234016418,
          "y": -0.19545294344425201,
          "z": 0.16383114457130432
        }
      },
      "world_space": {
        "head": {
          "x": 0.7308054566383362,
          "y": -0.13416413962841034,
          "z": 1.1293905973434448
        },
        "tail": {
          "x": 0.7553666234016418,
          "y": -0.1322089433670044,
          "z": 1.113685131072998
        },
        "rotation_quaternion": {
          "w": 0.493293434381485,
          "x": -0.6728928089141846,
          "y": -0.5386268496513367,
          "z": -0.1172948032617569
        },
        "matrix": [
          [
            0.3922438323497772,
            0.8405976295471191,
            -0.3735505938529968,
            0.7308054566383362
          ],
          [
            0.609157919883728,
            0.0669158399105072,
            0.790221095085144,
            -0.13416413962841034
          ],
          [
            0.6892598271369934,
            -0.5375143885612488,
            -0.48581188917160034,
            1.1293905973434448
          ],
          [
            0.0,
            0.0,
            0.0,
            1.0
          ]
        ]
      },
      "bone_length_armature_space": 0.02921875041108927,
      "parent": "index_02_l",
      "has_children": false,
      "is_end_bone": true
    },
    "metacarpal_pinky_l": {
      "name": "metacarpal_pinky_l",
      "local": {
        "location": {
          "x": 0.0,
          "y": 0.0,
          "z": 0.0
        },
        "rotation_quaternion": {
          "w": 0.9998750686645508,
          "x": -0.004685805179178715,
          "y": 0.01162448525428772,
          "z": 0.00964096188545227
        },
        "scale": {
          "x": 1.0,
          "y": 1.0,
          "z": 1.0
        },
        "matrix_basis": [
          [
            0.9995438456535339,
            -0.019388455897569656,
            0.023155715316534042,
            0.0
          ],
          [
            0.019170574843883514,
            0.9997701644897461,
            0.00959458202123642,
            0.0
          ],
          [
            -0.023336417973041534,
            -0.009146297350525856,
            0.9996858239173889,
            0.0
          ],
          [
            0.0,
            0.0,
            0.0,
            1.0
          ]
        ],
        "rotation_mode": "QUATERNION"
      },
      "armature_space": {
        "head": {
          "x": 0.6221079230308533,
          "y": -0.17795121669769287,
          "z": 0.30504313111305237
        },
        "tail": {
          "x": 0.7174717783927917,
          "y": -0.18310071527957916,
          "z": 0.2635406255722046
        }
      },
      "world_space": {
        "head": {
          "x": 0.6221079230308533,
          "y": -0.11470721662044525,
          "z": 1.254897117614746
        },
        "tail": {
          "x": 0.7174717783927917,
          "y": -0.11985671520233154,
          "z": 1.2133946418762207
        },
        "rotation_quaternion": {
          "w": 0.3192020654678345,
          "x": 0.4548797011375427,
          "y": 0.6110515594482422,
          "z": -0.5637469291687012
        },
        "matrix": [
          [
            -0.3823876678943634,
            0.9158084988594055,
            -0.12277701497077942,
            0.6221079230308533
          ],
          [
            0.19601383805274963,
            -0.04945226013660431,
            -0.9793535470962524,
            -0.11470721662044525
          ],
          [
            -0.9029780030250549,
            -0.39856159687042236,
            -0.1606033593416214,
            1.254897117614746
          ],
          [
            0.0,
            0.0,
            0.0,
            1.0
          ]
        ]
      },
      "bone_length_armature_space": 0.1041308818725368,
      "parent": "lowerarm_l",
      "has_children": true,
      "is_end_bone": false
    },
    "pinky_01_l": {
      "name": "pinky_01_l",
      "local": {
        "location": {
          "x": 0.0,
          "y": 0.0,
          "z": 0.0
        },
        "rotation_quaternion": {
          "w": 0.9955541491508484,
          "x": -0.09176408499479294,
          "y": -0.020969228819012642,
          "z": 0.003415224840864539
        },
        "scale": {
          "x": 1.0,
          "y": 1.0,
          "z": 1.0
        },
        "matrix_basis": [
          [
            0.9990972280502319,
            -0.0029516383074223995,
            -0.04237879440188408,
            0.0
          ],
          [
            0.01064852625131607,
            0.9831354022026062,
            0.1825689971446991,
            0.0
          ],
          [
            0.04112521559000015,
            -0.18285545706748962,
            0.9822793006896973,
            0.0
          ],
          [
            0.0,
            0.0,
            0.0,
            1.0
          ]
        ],
        "rotation_mode": "QUATERNION"
      },
      "armature_space": {
        "head": {
          "x": 0.7174717783927917,
          "y": -0.18310071527957916,
          "z": 0.2635406255722046
        },
