{
  "metadata": {
    "armature_name": "KIM_caucasian_male",
    "export_time": "2026-01-13T21:07:57.379556",
    "blender_version": "4.4.1",
    "bone_count": 56,
    "end_bone_count": 13,
    "spaces_included": [
      "LOCAL_CHANNELS",
      "ARMATURE_SPACE",
      "WORLD_SPACE"
    ],
    "note": "LOCAL matches Transform panel; replay pose via local.matrix_basis for best fidelity."
  },
  "bones": {
    "Root": {
      "name": "Root",
      "local": {
        "location": {
          "x": 0.0,
          "y": 0.0,
          "z": 0.0
        },
        "rotation_quaternion": {
          "w": 0.9997384548187256,
          "x": 0.016087114810943604,
          "y": -0.00013469631085172296,
          "z": -0.016255397349596024
        },
        "scale": {
          "x": 1.0,
          "y": 1.0,
          "z": 1.0
        },
        "matrix_basis": [
          [
            0.9994714856147766,
            0.03249795734882355,
            -0.0007923270459286869,
            0.0
          ],
          [
            -0.03250662609934807,
            0.9989539384841919,
            -0.03216143697500229,
            0.0
          ],
          [
            -0.00025368272326886654,
            0.03217019513249397,
            0.9994823932647705,
            0.0
          ],
          [
            0.0,
            0.0,
            0.0,
            1.0
          ]
        ],
        "rotation_mode": "QUATERNION"
      },
      "armature_space": {
        "head": {
          "x": 0.0,
          "y": 0.07072800397872925,
          "z": -0.009595036506652832
        },
        "tail": {
          "x": 0.002319569932296872,
          "y": -0.00023468583822250366,
          "z": -0.0022853873670101166
        }
      },
      "world_space": {
        "head": {
          "x": 0.0,
          "y": 0.13397200405597687,
          "z": 0.9402589797973633
        },
        "tail": {
          "x": 0.002319569932296872,
          "y": 0.06300931423902512,
          "z": 0.9475686550140381
        },
        "rotation_quaternion": {
          "w": 0.05129946768283844,
          "x": 0.9985510110855103,
          "y": 0.016209395602345467,
          "z": -0.0012294803746044636
        },
        "matrix": [
          [
            0.9994714856147766,
            0.03249795734882355,
            -0.0007923270459286869,
            0.0
          ],
          [
            0.03224566951394081,
            -0.9942111968994141,
            -0.10249058902263641,
            0.13397200405597687
          ],
          [
            -0.0041184742003679276,
            0.10241065174341202,
            -0.9947407245635986,
            0.9402589797973633
          ],
          [
            0.0,
            0.0,
            0.0,
            1.0
          ]
        ]
      },
      "bone_length_armature_space": 0.07137587064316517,
      "parent": null,
      "has_children": true,
      "is_end_bone": false
    },
    "spine_01": {
      "name": "spine_01",
      "local": {
        "location": {
          "x": 0.0,
          "y": 0.0,
          "z": 0.0
        },
        "rotation_quaternion": {
          "w": 0.9967244863510132,
          "x": 0.021304450929164886,
          "y": 0.0324086956679821,
          "z": 0.07096514105796814
        },
        "scale": {
          "x": 1.0,
          "y": 1.0,
          "z": 1.0
        },
        "matrix_basis": [
          [
            0.9878272414207458,
            -0.14008449018001556,
            0.06762883067131042,
            0.0
          ],
          [
            0.14284628629684448,
            0.9890201091766357,
            -0.03786956146359444,
            0.0
          ],
          [
            -0.061581335961818695,
            0.047069109976291656,
            0.9969915747642517,
            0.0
          ],
          [
            0.0,
            0.0,
            0.0,
            1.0
          ]
        ],
        "rotation_mode": "QUATERNION"
      },
      "armature_space": {
        "head": {
          "x": 0.002319569932296872,
          "y": -0.00023468583822250366,
          "z": -0.0022853873670101166
        },
        "tail": {
          "x": -0.06350301951169968,
          "y": -0.018331632018089294,
          "z": 0.4809209108352661
        }
      },
      "world_space": {
        "head": {
          "x": 0.002319569932296872,
          "y": 0.06300931423902512,
          "z": 0.9475686550140381
        },
        "tail": {
          "x": -0.06350301951169968,
          "y": 0.044912368059158325,
          "z": 1.4307749271392822
        },
        "rotation_quaternion": {
          "w": 0.6937351226806641,
          "x": 0.715297281742096,
          "y": -0.013768705539405346,
          "z": 0.08301769942045212
        },
        "matrix": [
          [
            0.9858370423316956,
            -0.13488200306892395,
            0.09966003894805908,
            0.002319569932296872
          ],
          [
            0.09548622369766235,
            -0.037083812057971954,
            -0.994739830493927,
            0.06300931423902512
          ],
          [
            0.13786931335926056,
            0.9901743531227112,
            -0.023680295795202255,
            0.9475686550140381
          ],
          [
            0.0,
            0.0,
            0.0,
            1.0
          ]
        ]
      },
      "bone_length_armature_space": 0.488004557772485,
      "parent": "Root",
      "has_children": true,
      "is_end_bone": false
    },
    "neck_01": {
      "name": "neck_01",
      "local": {
        "location": {
          "x": 0.0,
          "y": 0.0,
          "z": 0.0
        },
        "rotation_quaternion": {
          "w": 0.9757192134857178,
          "x": -0.1480160355567932,
          "y": 0.028365569189190865,
          "z": -0.15892967581748962
        },
        "scale": {
          "x": 1.0,
          "y": 1.0,
          "z": 1.0
        },
        "matrix_basis": [
          [
            0.9478735327720642,
            0.30174437165260315,
            0.10240194201469421,
            0.0
          ],
          [
            -0.3185386061668396,
            0.9056652188301086,
            0.27982792258262634,
            0.0
          ],
          [
            -0.008305381052196026,
            -0.29786044359207153,
            0.9545732736587524,
            0.0
          ],
          [
            0.0,
            0.0,
            0.0,
            1.0
          ]
        ],
        "rotation_mode": "QUATERNION"
      },
      "armature_space": {
        "head": {
          "x": -0.06992261111736298,
          "y": -0.05554486811161041,
          "z": 0.5525987148284912
        },
        "tail": {
          "x": -0.051814720034599304,
          "y": -0.06323935091495514,
          "z": 0.6532151103019714
        }
      },
      "world_space": {
        "head": {
          "x": -0.06992261111736298,
          "y": 0.007699131965637207,
          "z": 1.5024527311325073
        },
        "tail": {
          "x": -0.051814720034599304,
          "y": 4.649162292480469e-06,
          "z": 1.6030690670013428
        },
        "rotation_quaternion": {
          "w": 0.6659120917320251,
          "x": 0.7329099178314209,
          "y": 0.1379658430814743,
          "z": 0.01922747679054737
        },
        "matrix": [
          [
            0.9611912369728088,
            0.1766255795955658,
            0.21193130314350128,
            -0.06992261111736298
          ],
          [
            0.22784167528152466,
            -0.07505246996879578,
            -0.970801591873169,
            0.007699131965637207
          ],
          [
            -0.15556322038173676,
            0.9814192056655884,
            -0.11238411068916321,
            1.5024527311325073
          ],
          [
            0.0,
            0.0,
            0.0,
            1.0
          ]
        ]
      },
      "bone_length_armature_space": 0.10252199621675277,
      "parent": "spine_01",
      "has_children": true,
      "is_end_bone": false
    },
    "head": {
      "name": "head",
      "local": {
        "location": {
          "x": 0.0,
          "y": 0.0,
          "z": 0.0
        },
        "rotation_quaternion": {
          "w": 0.993695855140686,
          "x": 0.05851319432258606,
          "y": 0.022214708849787712,
          "z": 0.09301242232322693
        },
        "scale": {
          "x": 1.0,
          "y": 1.0,
          "z": 1.0
        },
        "matrix_basis": [
          [
            0.9817103743553162,
            -0.1822524070739746,
            0.05503423511981964,
            0.0
          ],
          [
            0.1874518245458603,
            0.9758498072624207,
            -0.11215615272521973,
            0.0
          ],
          [
            -0.03326442092657089,
            0.12042112648487091,
            0.9921654462814331,
            0.0
          ],
          [
            0.0,
            0.0,
            0.0,
            1.0
          ]
        ],
        "rotation_mode": "QUATERNION"
      },
      "armature_space": {
        "head": {
          "x": -0.05181470513343811,
          "y": -0.06323949247598648,
          "z": 0.6532150506973267
        },
        "tail": {
          "x": -0.060941431671381,
          "y": -0.04452786594629288,
          "z": 0.8069027066230774
        }
      },
      "world_space": {
        "head": {
          "x": -0.05181470513343811,
          "y": 4.507601261138916e-06,
          "z": 1.6030690670013428
        },
        "tail": {
          "x": -0.060941431671381,
          "y": 0.018716134130954742,
          "z": 1.7567567825317383
        },
        "rotation_quaternion": {
          "w": 0.7425799369812012,
          "x": 0.6516822576522827,
          "y": 0.09433919191360474,
          "z": 0.12241526693105698
        },
        "matrix": [
          [
            0.9522292017936707,
            -0.058847859501838684,
            0.2996608018875122,
            -0.05181470513343811
          ],
          [
            0.3047649562358856,
            0.12064993381500244,
            -0.9447552561759949,
            4.507601261138916e-06
          ],
          [
            0.01944325491786003,
            0.9909563660621643,
            0.13282112777233124,
            1.6030690670013428
          ],
          [
            0.0,
            0.0,
            0.0,
            1.0
          ]
        ]
      },
      "bone_length_armature_space": 0.15509132114618177,
      "parent": "neck_01",
      "has_children": false,
      "is_end_bone": true
    },
    "upperarm_l": {
      "name": "upperarm_l",
      "local": {
        "location": {
          "x": 0.0,
          "y": 0.0,
          "z": 0.0
        },
        "rotation_quaternion": {
          "w": 0.8067666292190552,
          "x": 0.32073330879211426,
          "y": 0.4044986069202423,
          "z": 0.28746968507766724
        },
        "scale": {
          "x": 1.0,
          "y": 1.0,
          "z": 1.0
        },
        "matrix_basis": [
          [
            0.5074841380119324,
            -0.20436954498291016,
            0.8370741605758667,
            0.0
          ],
          [
            0.7233142256736755,
            0.628982663154602,
            -0.28495168685913086,
            0.0
          ],
          [
            -0.4682697355747223,
            0.7500760555267334,
            0.46702203154563904,
            0.0
          ],
          [
            0.0,
            0.0,
            0.0,
            1.0
          ]
        ],
        "rotation_mode": "QUATERNION"
      },
      "armature_space": {
        "head": {
          "x": 0.08733589202165604,
          "y": -0.04190196841955185,
          "z": 0.5066561698913574
        },
        "tail": {
          "x": 0.27548491954803467,
          "y": -0.2211407721042633,
          "z": 0.5720860958099365
        }
      },
      "world_space": {
        "head": {
          "x": 0.08733589202165604,
          "y": 0.02134203165769577,
          "z": 1.4565101861953735
        },
        "tail": {
          "x": 0.27548491954803467,
          "y": -0.15789677202701569,
          "z": 1.5219401121139526
        },
        "rotation_quaternion": {
          "w": 0.19276803731918335,
          "x": 0.9019712209701538,
          "y": 0.3583313524723053,
          "z": -0.1445242017507553
        },
        "matrix": [
          [
            0.7014227509498596,
            0.7021286487579346,
            -0.12256267666816711,
            0.08733589202165604
          ],
          [
            0.5906901955604553,
            -0.6688778400421143,
            -0.4513181149959564,
            0.02134203165769577
          ],
          [
            -0.3988649845123291,
            0.24416932463645935,
            -0.8839129209518433,
            1.4565101861953735
          ],
          [
            0.0,
            0.0,
            0.0,
            1.0
          ]
        ]
      },
      "bone_length_armature_space": 0.2679695508558467,
      "parent": "spine_01",
      "has_children": true,
      "is_end_bone": false
    },
    "lowerarm_l": {
      "name": "lowerarm_l",
      "local": {
        "location": {
          "x": 0.0,
          "y": 0.0,
          "z": 0.0
        },
        "rotation_quaternion": {
          "w": 0.9155663251876831,
          "x": 0.32166948914527893,
          "y": 0.10371919721364975,
          "z": -0.21796655654907227
        },
        "scale": {
          "x": 1.0,
          "y": 1.0,
          "z": 1.0
        },
        "matrix_basis": [
          [
            0.8834658265113831,
            0.465852290391922,
            0.04969722777605057,
            0.0
          ],
          [
            -0.33239907026290894,
            0.698038637638092,
            -0.6342341303825378,
            0.0
          ],
          [
            -0.33014997839927673,
            0.5438048839569092,
            0.7715421319007874,
            0.0
          ],
          [
            0.0,
            0.0,
            0.0,
            1.0
          ]
        ],
        "rotation_mode": "QUATERNION"
      },
      "armature_space": {
        "head": {
          "x": 0.2754848599433899,
          "y": -0.22114093601703644,
          "z": 0.5720860958099365
        },
        "tail": {
          "x": 0.4382103979587555,
          "y": -0.36647287011146545,
          "z": 0.4172676205635071
        }
      },
      "world_space": {
        "head": {
          "x": 0.2754848599433899,
          "y": -0.15789693593978882,
          "z": 1.5219401121139526
        },
        "tail": {
          "x": 0.4382103979587555,
          "y": -0.30322885513305664,
          "z": 1.367121696472168
        },
        "rotation_quaternion": {
          "w": 0.22000643610954285,
          "x": -0.84370356798172,
          "y": -0.4242328703403473,
          "z": 0.2445160150527954
        },
        "matrix": [
          [
            0.5204755663871765,
            0.6082640886306763,
            -0.5992662310600281,
            0.2754848599433899
          ],
          [
            0.8234443664550781,
            -0.5432472229003906,
            0.16377496719360352,
            -0.15789693593978882
          ],
          [
            -0.22593215107917786,
            -0.5787076950073242,
            -0.7836236953735352,
            1.5219401121139526
          ],
          [
            0.0,
            0.0,
            0.0,
            1.0
          ]
        ]
      },
      "bone_length_armature_space": 0.26752519780204176,
      "parent": "upperarm_l",
      "has_children": true,
      "is_end_bone": false
    },
    "metacarpal_thumb_l": {
      "name": "metacarpal_thumb_l",
      "local": {
        "location": {
          "x": 0.0,
          "y": 0.0,
          "z": 0.0
        },
        "rotation_quaternion": {
          "w": 0.9998428225517273,
          "x": -0.015798479318618774,
          "y": -0.002888341899961233,
          "z": -0.0075134094804525375
        },
        "scale": {
          "x": 1.0,
          "y": 1.0,
          "z": 1.0
        },
        "matrix_basis": [
          [
            0.9998704195022583,
            0.015115720219910145,
            -0.005538375116884708,
            0.0
          ],
          [
            -0.014933194033801556,
            0.9993879199028015,
            0.03163539618253708,
            0.0
          ],
          [
            0.006013176869601011,
            -0.03154858946800232,
            0.999484121799469,
            0.0
          ],
          [
            0.0,
            0.0,
            0.0,
            1.0
          ]
        ],
        "rotation_mode": "QUATERNION"
      },
      "armature_space": {
        "head": {
          "x": 0.4382103979587555,
          "y": -0.36647287011146545,
          "z": 0.4172676205635071
        },
        "tail": {
          "x": 0.4491852819919586,
          "y": -0.37716400623321533,
          "z": 0.3701627552509308
        }
      },
      "world_space": {
        "head": {
          "x": 0.4382103979587555,
          "y": -0.30322885513305664,
          "z": 1.367121696472168
        },
        "tail": {
          "x": 0.4491852819919586,
          "y": -0.3139200210571289,
          "z": 1.3200167417526245
        },
        "rotation_quaternion": {
          "w": 0.6237224340438843,
          "x": -0.7407787442207336,
          "y": 0.05525311827659607,
          "z": -0.24323709309101105
        },
        "matrix": [
          [
            0.875566303730011,
            0.221563920378685,
            0.42929381132125854,
            0.4382103979587555
          ],
          [
            -0.3852841258049011,
            -0.2158357799053192,
            0.8972020149230957,
            -0.30322885513305664
          ],
          [
            0.2914462089538574,
            -0.9509663581848145,
            -0.1036134585738182,
            1.367121696472168
          ],
          [
            0.0,
            0.0,
            0.0,
            1.0
          ]
        ]
      },
      "bone_length_armature_space": 0.04953399661117386,
      "parent": "lowerarm_l",
      "has_children": true,
      "is_end_bone": false
    },
    "thumb_01_l": {
      "name": "thumb_01_l",
      "local": {
        "location": {
          "x": 0.0,
          "y": 0.0,
          "z": 0.0
        },
        "rotation_quaternion": {
          "w": 0.9959831833839417,
          "x": -0.08919890969991684,
          "y": 0.0011754614533856511,
          "z": 0.0077330730855464935
        },
        "scale": {
          "x": 1.0,
          "y": 1.0,
          "z": 1.0
        },
        "matrix_basis": [
          [
            0.9998776316642761,
            -0.015613721683621407,
            0.0009619162883609533,
            0.0
          ],
          [
            0.015194321982562542,
            0.9839674830436707,
            0.17769940197467804,
            0.0
          ],
          [
            -0.00372104300186038,
            -0.17766304314136505,
            0.9840843677520752,
            0.0
          ],
          [
            0.0,
            0.0,
            0.0,
            1.0
          ]
        ],
        "rotation_mode": "QUATERNION"
      },
      "armature_space": {
        "head": {
          "x": 0.4491852819919586,
          "y": -0.37716400623321533,
          "z": 0.3701627552509308
        },
        "tail": {
          "x": 0.45566338300704956,
          "y": -0.35574871301651,
          "z": 0.34451019763946533
        }
      },
      "world_space": {
        "head": {
          "x": 0.4491852819919586,
          "y": -0.3139200210571289,
          "z": 1.3200167417526245
        },
        "tail": {
          "x": 0.45566338300704956,
          "y": -0.2925047278404236,
          "z": 1.2943642139434814
        },
        "rotation_quaternion": {
          "w": 0.6270488500595093,
          "x": -0.2142353355884552,
          "y": 0.6491410136222839,
          "z": -0.3735358417034149
        },
        "matrix": [
          [
            -0.12182508409023285,
            0.19031603634357452,
            0.9741348624229431,
            0.4491852819919586
          ],
          [
            -0.746588945388794,
            0.6291474103927612,
            -0.21628430485725403,
            -0.3139200210571289
          ],
          [
            -0.6540414690971375,
            -0.7536317110061646,
            0.06544212996959686,
            1.3200167417526245
          ],
          [
            0.0,
            0.0,
            0.0,
            1.0
          ]
        ]
      },
      "bone_length_armature_space": 0.03403871775190073,
      "parent": "metacarpal_thumb_l",
      "has_children": true,
      "is_end_bone": false
    },
    "thumb_02_l": {
      "name": "thumb_02_l",
      "local": {
        "location": {
          "x": 0.0,
          "y": 0.0,
          "z": 0.0
        },
        "rotation_quaternion": {
          "w": 0.996721625328064,
          "x": 0.08069662749767303,
          "y": 0.004636478144675493,
          "z": 0.0035712614189833403
        },
        "scale": {
          "x": 1.0,
          "y": 1.0,
          "z": 1.0
        },
        "matrix_basis": [
          [
            0.9999315142631531,
            -0.00637081079185009,
            0.00981893390417099,
            0.0
          ],
          [
            0.007867403328418732,
            0.9869505763053894,
            -0.1608310341835022,
            0.0
          ],
          [
            -0.008666178211569786,
            0.16089726984500885,
            0.9869331121444702,
            0.0
          ],
          [
            0.0,
            0.0,
            0.0,
            1.0
          ]
        ],
        "rotation_mode": "QUATERNION"
      },
      "armature_space": {
        "head": {
          "x": 0.4556633234024048,
          "y": -0.35574871301651,
          "z": 0.3445102274417877
        },
        "tail": {
          "x": 0.48111793398857117,
          "y": -0.3726763129234314,
          "z": 0.3184581995010376
        }
      },
      "world_space": {
        "head": {
          "x": 0.4556633234024048,
          "y": -0.2925047278404236,
          "z": 1.2943642139434814
        },
        "tail": {
          "x": 0.48111793398857117,
          "y": -0.30943232774734497,
          "z": 1.2683122158050537
        },
        "rotation_quaternion": {
          "w": 0.32499468326568604,
          "x": 0.10507832467556,
          "y": 0.42854323983192444,
          "z": -0.8364733457565308
        },
        "matrix": [
          [
            -0.7666735053062439,
            0.6337604522705078,
            0.10275997966527939,
            0.4556633234024048
          ],
          [
            -0.45363977551460266,
            -0.4214579463005066,
            -0.7852290272712708,
            -0.2925047278404236
          ],
          [
            -0.454341322183609,
            -0.6486347913742065,
            0.6106231212615967,
            1.2943642139434814
          ],
          [
            0.0,
            0.0,
            0.0,
            1.0
          ]
        ]
      },
      "bone_length_armature_space": 0.040164523430867176,
      "parent": "thumb_01_l",
      "has_children": true,
      "is_end_bone": false
    },
    "thumb_03_l": {
      "name": "thumb_03_l",
      "local": {
        "location": {
          "x": 0.0,
          "y": 0.0,
          "z": 0.0
        },
        "rotation_quaternion": {
          "w": 0.9980096220970154,
          "x": 0.06281210482120514,
          "y": -0.005126124247908592,
          "z": 0.0022975101601332426
        },
        "scale": {
          "x": 1.0,
          "y": 1.0,
          "z": 1.0
        },
        "matrix_basis": [
          [
            0.9999368786811829,
            -0.005229839589446783,
            -0.009943219833076,
            0.0
          ],
          [
            0.003941909410059452,
            0.9920987486839294,
            -0.125397726893425,
            0.0
          ],
          [
            0.010520465672016144,
            0.12535060942173004,
            0.9920567274093628,
            0.0
          ],
          [
            0.0,
            0.0,
            0.0,
            1.0
          ]
        ],
        "rotation_mode": "QUATERNION"
      },
      "armature_space": {
        "head": {
          "x": 0.4811178743839264,
          "y": -0.3726762533187866,
          "z": 0.3184581696987152
        },
        "tail": {
          "x": 0.5027078986167908,
          "y": -0.3919937312602997,
          "z": 0.3090987801551819
        }
      },
      "world_space": {
        "head": {
          "x": 0.4811178743839264,
          "y": -0.3094322681427002,
          "z": 1.2683122158050537
        },
        "tail": {
          "x": 0.5027078986167908,
          "y": -0.32874971628189087,
          "z": 1.2589528560638428
        },
        "rotation_quaternion": {
          "w": 0.29314664006233215,
          "x": 0.35713574290275574,
          "y": 0.3111463487148285,
          "z": -0.8304861187934875
        },
        "matrix": [
          [
            -0.5730385184288025,
            0.7091516852378845,
            -0.4107688367366791,
            0.4811178743839264
          ],
          [
            -0.26466691493988037,
            -0.634506106376648,
            -0.7261914610862732,
            -0.3094322681427002
          ],
          [
            -0.7756204009056091,
            -0.30742117762565613,
            0.5512886047363281,
            1.2683122158050537
          ],
          [
            0.0,
            0.0,
            0.0,
            1.0
          ]
        ]
      },
      "bone_length_armature_space": 0.03044490565602052,
      "parent": "thumb_02_l",
      "has_children": false,
      "is_end_bone": true
    },
    "metacarpal_index_l": {
      "name": "metacarpal_index_l",
      "local": {
        "location": {
          "x": 0.0,
          "y": 0.0,
          "z": 0.0
        },
        "rotation_quaternion": {
          "w": 0.999880313873291,
          "x": -0.010782845318317413,
          "y": 0.00697117205709219,
          "z": -0.008642980828881264
        },
        "scale": {
          "x": 1.0,
          "y": 1.0,
          "z": 1.0
        },
        "matrix_basis": [
          [
            0.9997534155845642,
            0.017133554443717003,
            0.014127067290246487,
            0.0
          ],
          [
            -0.01743423007428646,
            0.9996180534362793,
            0.021442605182528496,
            0.0
          ],
          [
            -0.013754284009337425,
            -0.02168361283838749,
            0.9996702671051025,
            0.0
          ],
          [
            0.0,
            0.0,
            0.0,
            1.0
          ]
        ],
        "rotation_mode": "QUATERNION"
      },
      "armature_space": {
        "head": {
          "x": 0.4382103979587555,
          "y": -0.36647287011146545,
          "z": 0.4172676205635071
        },
        "tail": {
          "x": 0.48953381180763245,
          "y": -0.4180111289024353,
          "z": 0.32540327310562134
        }
      },
      "world_space": {
        "head": {
          "x": 0.4382103979587555,
          "y": -0.30322885513305664,
          "z": 1.367121696472168
        },
        "tail": {
          "x": 0.48953381180763245,
          "y": -0.3547671437263489,
          "z": 1.2752573490142822
        },
        "rotation_quaternion": {
          "w": 0.4907674789428711,
          "x": -0.8417648673057556,
          "y": -0.1980438381433487,
          "z": -0.10657364875078201
        },
        "matrix": [
          [
            0.8988412618637085,
            0.43801864981651306,
            -0.014968657866120338,
            0.4382103979587555
          ],
          [
            0.22880896925926208,
            -0.439852237701416,
            0.8684335350990295,
            -0.30322885513305664
          ],
          [
            0.3738088309764862,
            -0.7840145826339722,
            -0.49558261036872864,
            1.367121696472168
          ],
          [
            0.0,
            0.0,
            0.0,
            1.0
          ]
        ]
      },
      "bone_length_armature_space": 0.11717227995899551,
      "parent": "lowerarm_l",
      "has_children": true,
      "is_end_bone": false
    },
    "index_01_l": {
      "name": "index_01_l",
      "local": {
        "location": {
          "x": 0.0,
          "y": 0.0,
          "z": 0.0
        },
        "rotation_quaternion": {
          "w": 0.9935135841369629,
          "x": -0.1136532872915268,
          "y": 0.0036950414068996906,
          "z": 0.0004042183863930404
        },
        "scale": {
          "x": 1.0,
          "y": 1.0,
          "z": 1.0
        },
        "matrix_basis": [
          [
            0.9999723434448242,
            -0.0016431001713499427,
            0.007250266149640083,
            0.0
          ],
          [
            -3.671428930829279e-05,
            0.9741655588150024,
            0.2258351594209671,
            0.0
          ],
          [
            -0.007434029132127762,
            -0.22582918405532837,
            0.9741385579109192,
            0.0
          ],
          [
            0.0,
            0.0,
            0.0,
            1.0
          ]
        ],
        "rotation_mode": "QUATERNION"
      },
      "armature_space": {
        "head": {
          "x": 0.48953381180763245,
          "y": -0.4180111289024353,
          "z": 0.32540327310562134
        },
        "tail": {
          "x": 0.5088836550712585,
          "y": -0.43569114804267883,
          "z": 0.3141750395298004
        }
      },
      "world_space": {
        "head": {
          "x": 0.48953381180763245,
          "y": -0.3547671437263489,
          "z": 1.2752573490142822
        },
        "tail": {
          "x": 0.5088836550712585,
          "y": -0.37244713306427,
          "z": 1.2640290260314941
        },
        "rotation_quaternion": {
          "w": 0.3173029124736786,
          "x": -0.8625367879867554,
          "y": -0.29883021116256714,
          "z": -0.2570013105869293
        },
        "matrix": [
          [
            0.6893017292022705,
            0.6785990595817566,
            0.2537056505680084,
            0.48953381180763245
          ],
          [
            0.352411150932312,
            -0.6200385093688965,
            0.7009700536727905,
            -0.3547671437263489
          ],
          [
            0.6329894065856934,
            -0.3937743306159973,
            -0.6665434241294861,
            1.2752573490142822
          ],
          [
            0.0,
            0.0,
            0.0,
            1.0
          ]
        ]
      },
      "bone_length_armature_space": 0.028514430575471157,
      "parent": "metacarpal_index_l",
      "has_children": true,
      "is_end_bone": false
    },
    "index_02_l": {
      "name": "index_02_l",
      "local": {
        "location": {
          "x": 0.0,
          "y": 0.0,
          "z": 0.0
        },
        "rotation_quaternion": {
          "w": 0.9995205998420715,
          "x": 0.027919776737689972,
          "y": -0.010932006873190403,
          "z": -0.007727083750069141
        },
        "scale": {
          "x": 1.0,
          "y": 1.0,
          "z": 1.0
        },
        "matrix_basis": [
          [
            0.9996415376663208,
            0.014836320653557777,
            -0.022285008803009987,
            0.0
          ],
          [
            -0.016057197004556656,
            0.998321533203125,
            -0.05564383789896965,
            0.0
          ],
          [
            0.02142205461859703,
            0.05598172917962074,
            0.9982019662857056,
            0.0
          ],
          [
            0.0,
            0.0,
            0.0,
            1.0
          ]
        ],
        "rotation_mode": "QUATERNION"
      },
      "armature_space": {
        "head": {
          "x": 0.5088838338851929,
          "y": -0.435691237449646,
          "z": 0.3141745328903198
        },
        "tail": {
          "x": 0.5271638631820679,
          "y": -0.4507964551448822,
          "z": 0.3043885827064514
        }
      },
      "world_space": {
        "head": {
          "x": 0.5088838338851929,
          "y": -0.37244725227355957,
          "z": 1.264028549194336
        },
        "tail": {
          "x": 0.5271638631820679,
          "y": -0.3875524401664734,
          "z": 1.2542426586151123
        },
        "rotation_quaternion": {
          "w": 0.3069566786289215,
          "x": -0.8631149530410767,
          "y": -0.33371564745903015,
          "z": -0.22236071527004242
        },
        "matrix": [
          [
            0.6783791184425354,
            0.7125803828239441,
            0.17897191643714905,
            0.5088838338851929
          ],
          [
            0.43956124782562256,
            -0.588822603225708,
            0.6782877445220947,
            -0.37244725227355957
          ],
          [
            0.588721513748169,
            -0.3814702332019806,
            -0.7126720547676086,
            1.264028549194336
          ],
          [
            0.0,
            0.0,
            0.0,
            1.0
          ]
        ]
      },
      "bone_length_armature_space": 0.025653301786446682,
      "parent": "index_01_l",
      "has_children": true,
      "is_end_bone": false
    },
    "index_03_l": {
      "name": "index_03_l",
      "local": {
        "location": {
          "x": 0.0,
          "y": 0.0,
          "z": 0.0
        },
        "rotation_quaternion": {
          "w": 0.9999588131904602,
          "x": 0.007339311297982931,
          "y": -0.004451666492968798,
          "z": 0.0029687744099646807
        },
        "scale": {
          "x": 1.0,
          "y": 1.0,
          "z": 1.0
        },
        "matrix_basis": [
          [
            0.9999427199363708,
            -0.006002648733556271,
            -0.008859388530254364,
            0.0
          ],
          [
            0.005871959961950779,
            0.9998746514320374,
            -0.014704450033605099,
            0.0
          ],
          [
            0.00894654355943203,
            0.014651586301624775,
            0.9998526573181152,
            0.0
          ],
          [
            0.0,
            0.0,
            0.0,
            1.0
          ]
        ],
        "rotation_mode": "QUATERNION"
      },
      "armature_space": {
        "head": {
          "x": 0.5271638035774231,
          "y": -0.45079654455184937,
          "z": 0.3043886423110962
        },
        "tail": {
          "x": 0.5500349402427673,
          "y": -0.4647023677825928,
          "z": 0.2926723062992096
        }
      },
      "world_space": {
        "head": {
          "x": 0.5271638035774231,
          "y": -0.38755255937576294,
          "z": 1.2542426586151123
        },
        "tail": {
          "x": 0.5500349402427673,
          "y": -0.40145838260650635,
          "z": 1.2425262928009033
        },
        "rotation_quaternion": {
          "w": 0.3528742790222168,
          "x": -0.8238685131072998,
          "y": -0.3708345293998718,
          "z": -0.2433149665594101
        },
        "matrix": [
          [
            0.6065589189529419,
            0.7827575206756592,
            0.13920173048973083,
            0.5271638035774231
          ],
          [
            0.43932053446769714,
            -0.4759224057197571,
            0.7619026303291321,
            -0.38755255937576294
          ],
          [
            0.6626389622688293,
            -0.400987833738327,
            -0.632560133934021,
            1.2542426586151123
          ],
          [
            0.0,
            0.0,
            0.0,
            1.0
          ]
        ]
      },
      "bone_length_armature_space": 0.02921871572770758,
      "parent": "index_02_l",
      "has_children": false,
      "is_end_bone": true
    },
    "metacarpal_pinky_l": {
      "name": "metacarpal_pinky_l",
      "local": {
        "location": {
          "x": 0.0,
          "y": 0.0,
          "z": 0.0
        },
        "rotation_quaternion": {
          "w": 0.9997823238372803,
          "x": 0.012406661175191402,
          "y": -0.001407179981470108,
          "z": -0.016718415543437004
        },
        "scale": {
          "x": 1.0,
          "y": 1.0,
          "z": 1.0
        },
        "matrix_basis": [
          [
            0.9994370341300964,
            0.03339463472366333,
            -0.0032285868655890226,
            0.0
          ],
          [
            -0.0334644690155983,
            0.9991331100463867,
            -0.02476087026298046,
            0.0
          ],
          [
            0.002398907905444503,
            0.02485497295856476,
            0.9996882081031799,
            0.0
          ],
          [
            0.0,
            0.0,
            0.0,
            1.0
          ]
        ],
        "rotation_mode": "QUATERNION"
      },
      "armature_space": {
        "head": {
          "x": 0.4382103979587555,
          "y": -0.36647287011146545,
          "z": 0.4172676205635071
        },
        "tail": {
          "x": 0.5153600573539734,
          "y": -0.42636555433273315,
          "z": 0.38115614652633667
        }
      },
      "world_space": {
        "head": {
          "x": 0.4382103979587555,
          "y": -0.30322885513305664,
          "z": 1.367121696472168
        },
        "tail": {
          "x": 0.5153600573539734,
          "y": -0.36312156915664673,
          "z": 1.331010103225708
        },
        "rotation_quaternion": {
          "w": 0.1896093636751175,
          "x": 0.5778211951255798,
          "y": 0.4200751781463623,
          "z": -0.6735784411430359
        },
        "matrix": [
          [
            -0.26034295558929443,
            0.7408919334411621,
            -0.6191127300262451,
            0.4382103979587555
          ],
          [
            0.23002219200134277,
            -0.5751680135726929,
            -0.785029947757721,
            -0.30322885513305664
          ],
          [
            -0.9377224445343018,
            -0.34678956866264343,
            -0.020681478083133698,
            1.367121696472168
          ],
          [
            0.0,
            0.0,
            0.0,
            1.0
          ]
        ]
      },
      "bone_length_armature_space": 0.10413089016124445,
      "parent": "lowerarm_l",
      "has_children": true,
      "is_end_bone": false
    },
    "pinky_01_l": {
      "name": "pinky_01_l",
      "local": {
        "location": {
          "x": 0.0,
          "y": 0.0,
          "z": 0.0
        },
        "rotation_quaternion": {
          "w": 0.9960527420043945,
          "x": -0.08609166741371155,
          "y": -0.019041413441300392,
          "z": -0.010233927518129349
        },
        "scale": {
          "x": 1.0,
          "y": 1.0,
          "z": 1.0
        },
        "matrix_basis": [
          [
            0.9990653991699219,
            0.02366567775607109,
            -0.036170393228530884,
            0.0
          ],
          [
            -0.017108449712395668,
            0.9849669933319092,
            0.1718934178352356,
            0.0
          ],
          [
            0.039694614708423615,
            -0.17111395299434662,
            0.9844512939453125,
            0.0
          ],
          [
            0.0,
            0.0,
            0.0,
            1.0
          ]
        ],
        "rotation_mode": "QUATERNION"
      },
      "armature_space": {
        "head": {
          "x": 0.5153600573539734,
          "y": -0.42636555433273315,
          "z": 0.38115614652633667
        },
        "tail": {
