{
  "metadata": {
    "armature_name": "KIM_caucasian_male",
    "export_time": "2026-01-13T21:07:47.037746",
    "blender_version": "4.4.1",
    "bone_count": 56,
    "end_bone_count": 13,
    "spaces_included": [
      "LOCAL_CHANNELS",
      "ARMATURE_SPACE",
      "WORLD_SPACE"
    ],
    "note": "LOCAL matches Transform panel; replay pose via local.matrix_basis for best fidelity."
  },
  "bones": {
    "Root": {
      "name": "Root",
      "local": {
        "location": {
          "x": 0.0,
          "y": 0.0,
          "z": 0.0
        },
        "rotation_quaternion": {
          "w": 0.9995689988136292,
          "x": -0.00788209494203329,
          "y": 0.014782657846808434,
          "z": 0.024109095335006714
        },
        "scale": {
          "x": 1.0,
          "y": 1.0,
          "z": 1.0
        },
        "matrix_basis": [
          [
            0.9984004497528076,
            -0.04843044653534889,
            0.029172511771321297,
            0.0
          ],
          [
            0.047964371740818024,
            0.9987132549285889,
            0.01647018827497959,
            0.0
          ],
          [
            -0.02993263304233551,
            -0.015044602565467358,
            0.9994387030601501,
            0.0
          ],
          [
            0.0,
            0.0,
            0.0,
            1.0
          ]
        ],
        "rotation_mode": "QUATERNION"
      },
      "armature_space": {
        "head": {
          "x": 0.0,
          "y": 0.07072800397872925,
          "z": -0.009595036506652832
        },
        "tail": {
          "x": -0.0034567653201520443,
          "y": 0.00023536384105682373,
          "z": 0.0010517360642552376
        }
      },
      "world_space": {
        "head": {
          "x": 0.0,
          "y": 0.13397200405597687,
          "z": 0.9402589797973633
        },
        "tail": {
          "x": -0.0034567653201520443,
          "y": 0.06347936391830444,
          "z": 0.9509057402610779
        },
        "rotation_quaternion": {
          "w": 0.0752028077840805,
          "x": 0.9967671632766724,
          "y": -0.02305844984948635,
          "z": 0.016373256221413612
        },
        "matrix": [
          [
            0.9984004497528076,
            -0.04843044653534889,
            0.029172511771321297,
            0.0
          ],
          [
            -0.04350517317652702,
            -0.9876256585121155,
            -0.15067492425441742,
            0.13397200405597687
          ],
          [
            0.03610898554325104,
            0.14916487038135529,
            -0.9881598949432373,
            0.9402589797973633
          ],
          [
            0.0,
            0.0,
            0.0,
            1.0
          ]
        ]
      },
      "bone_length_armature_space": 0.07137587280617519,
      "parent": null,
      "has_children": true,
      "is_end_bone": false
    },
    "spine_01": {
      "name": "spine_01",
      "local": {
        "location": {
          "x": 0.0,
          "y": 0.0,
          "z": 0.0
        },
        "rotation_quaternion": {
          "w": 0.9973748922348022,
          "x": -0.05472543090581894,
          "y": 0.028477152809500694,
          "z": 0.037915199995040894
        },
        "scale": {
          "x": 1.0,
          "y": 1.0,
          "z": 1.0
        },
        "matrix_basis": [
          [
            0.9955030083656311,
            -0.0787481889128685,
            0.052654944360256195,
            0.0
          ],
          [
            0.07251448929309845,
            0.9911351203918457,
            0.11132297664880753,
            0.0
          ],
          [
            -0.06095464527606964,
            -0.10700410604476929,
            0.9923883676528931,
            0.0
          ],
          [
            0.0,
            0.0,
            0.0,
            1.0
          ]
        ],
        "rotation_mode": "QUATERNION"
      },
      "armature_space": {
        "head": {
          "x": -0.0034567653201520443,
          "y": 0.00023536384105682373,
          "z": 0.0010517360642552376
        },
        "tail": {
          "x": -0.055555325001478195,
          "y": 0.08454473316669464,
          "z": 0.47888657450675964
        }
      },
      "world_space": {
        "head": {
          "x": -0.0034567653201520443,
          "y": 0.06347936391830444,
          "z": 0.9509057402610779
        },
        "tail": {
          "x": -0.055555325001478195,
          "y": 0.14778873324394226,
          "z": 1.4287406206130981
        },
        "rotation_quaternion": {
          "w": 0.7650445699691772,
          "x": 0.6417524814605713,
          "y": -0.03299975022673607,
          "z": 0.042091477662324905
        },
        "matrix": [
          [
            0.9942786693572998,
            -0.10675907880067825,
            0.003532715141773224,
            -0.0034567653201520443
          ],
          [
            0.022049065679311752,
            0.17276465892791748,
            -0.9847164154052734,
            0.06347936391830444
          ],
          [
            0.10451783239841461,
            0.9791672825813293,
            0.17413046956062317,
            0.9509057402610779
          ],
          [
            0.0,
            0.0,
            0.0,
            1.0
          ]
        ]
      },
      "bone_length_armature_space": 0.48800458174713723,
      "parent": "Root",
      "has_children": true,
      "is_end_bone": false
    },
    "neck_01": {
      "name": "neck_01",
      "local": {
        "location": {
          "x": 0.0,
          "y": 0.0,
          "z": 0.0
        },
        "rotation_quaternion": {
          "w": 0.988664984703064,
          "x": -0.14165858924388885,
          "y": 0.042695265263319016,
          "z": -0.025525430217385292
        },
        "scale": {
          "x": 1.0,
          "y": 1.0,
          "z": 1.0
        },
        "matrix_basis": [
          [
            0.9950511455535889,
            0.03837589547038078,
            0.09165441989898682,
            0.0
          ],
          [
            -0.06256850063800812,
            0.9585626125335693,
            0.27792614698410034,
            0.0
          ],
          [
            -0.0771908313035965,
            -0.2822853922843933,
            0.9562199115753174,
            0.0
          ],
          [
            0.0,
            0.0,
            0.0,
            1.0
          ]
        ],
        "rotation_mode": "QUATERNION"
      },
      "armature_space": {
        "head": {
          "x": -0.06324954330921173,
          "y": 0.06304389238357544,
          "z": 0.5566185712814331
        },
        "tail": {
          "x": -0.07012864947319031,
          "y": 0.07032762467861176,
          "z": 0.6586499214172363
        }
      },
      "world_space": {
        "head": {
          "x": -0.06324954330921173,
          "y": 0.12628789246082306,
          "z": 1.5064725875854492
        },
        "tail": {
          "x": -0.07012864947319031,
          "y": 0.13357162475585938,
          "z": 1.6085039377212524
        },
        "rotation_quaternion": {
          "w": 0.7316312193870544,
          "x": 0.6788630485534668,
          "y": 0.015443100593984127,
          "z": 0.06018519774079323
        },
        "matrix": [
          [
            0.9922785758972168,
            -0.06709925085306168,
            0.10431276261806488,
            -0.06324954330921173
          ],
          [
            0.1090347170829773,
            0.07104603946208954,
            -0.9914960265159607,
            0.12628789246082306
          ],
          [
            0.05911813676357269,
            0.9952206015586853,
            0.07781325280666351,
            1.5064725875854492
          ],
          [
            0.0,
            0.0,
            0.0,
            1.0
          ]
        ]
      },
      "bone_length_armature_space": 0.10252205246024236,
      "parent": "spine_01",
      "has_children": true,
      "is_end_bone": false
    },
    "head": {
      "name": "head",
      "local": {
        "location": {
          "x": 0.0,
          "y": 0.0,
          "z": 0.0
        },
        "rotation_quaternion": {
          "w": 0.9922159314155579,
          "x": 0.04941321536898613,
          "y": 0.08482852578163147,
          "z": -0.07661670446395874
        },
        "scale": {
          "x": 1.0,
          "y": 1.0,
          "z": 1.0
        },
        "matrix_basis": [
          [
            0.9738680124282837,
            0.16042393445968628,
            0.160764679312706,
            0.0
          ],
          [
            -0.14365732669830322,
            0.9833764433860779,
            -0.11105572432279587,
            0.0
          ],
          [
            -0.1759081780910492,
            0.08505859225988388,
            0.9807249307632446,
            0.0
          ],
          [
            0.0,
            0.0,
            0.0,
            1.0
          ]
        ],
        "rotation_mode": "QUATERNION"
      },
      "armature_space": {
        "head": {
          "x": -0.07012862712144852,
          "y": 0.07032746821641922,
          "z": 0.6586498618125916
        },
        "tail": {
          "x": -0.05990104377269745,
          "y": 0.12587550282478333,
          "z": 0.803090512752533
        }
      },
      "world_space": {
        "head": {
          "x": -0.07012862712144852,
          "y": 0.13357147574424744,
          "z": 1.608503818511963
        },
        "tail": {
          "x": -0.05990104377269745,
          "y": 0.18911950290203094,
          "z": 1.7529444694519043
        },
        "rotation_quaternion": {
          "w": 0.815557062625885,
          "x": 0.5649816393852234,
          "y": 0.11810749024152756,
          "z": 0.04138949140906334
        },
        "matrix": [
          [
            0.9686753749847412,
            0.06594603508710861,
            0.23941493034362793,
            -0.07012862712144852
          ],
          [
            0.20096762478351593,
            0.358165979385376,
            -0.9117727875709534,
            0.13357147574424744
          ],
          [
            -0.1458788514137268,
            0.931333065032959,
            0.3336949348449707,
            1.608503818511963
          ],
          [
            0.0,
            0.0,
            0.0,
            1.0
          ]
        ]
      },
      "bone_length_armature_space": 0.15509122635637185,
      "parent": "neck_01",
      "has_children": false,
      "is_end_bone": true
    },
    "upperarm_l": {
      "name": "upperarm_l",
      "local": {
        "location": {
          "x": 0.0,
          "y": 0.0,
          "z": 0.0
        },
        "rotation_quaternion": {
          "w": 0.7388120293617249,
          "x": 0.529229998588562,
          "y": -0.0020528463646769524,
          "z": 0.4172147810459137
        },
        "scale": {
          "x": 1.0,
          "y": 1.0,
          "z": 1.0
        },
        "matrix_basis": [
          [
            0.6518552303314209,
            -0.6186594367027283,
            0.4385718107223511,
            0.0
          ],
          [
            0.6143137216567993,
            0.09169486910104752,
            -0.7837159633636475,
            0.0
          ],
          [
            0.4446384906768799,
            0.7802900075912476,
            0.439822793006897,
            0.0
          ],
          [
            0.0,
            0.0,
            0.0,
            1.0
          ]
        ],
        "rotation_mode": "QUATERNION"
      },
      "armature_space": {
        "head": {
          "x": 0.09307856112718582,
          "y": 0.051599737256765366,
          "z": 0.5070439577102661
        },
        "tail": {
          "x": 0.11295118182897568,
          "y": -0.1286003291606903,
          "z": 0.7043789625167847
        }
      },
      "world_space": {
        "head": {
          "x": 0.09307856112718582,
          "y": 0.11484374105930328,
          "z": 1.4568979740142822
        },
        "tail": {
          "x": 0.11295118182897568,
          "y": -0.06535632908344269,
          "z": 1.6542329788208008
        },
        "rotation_quaternion": {
          "w": 0.3838708698749542,
          "x": 0.8340586423873901,
          "y": -0.12810513377189636,
          "z": -0.37493813037872314
        },
        "matrix": [
          [
            0.6860218048095703,
            0.07416002452373505,
            -0.7237918376922607,
            0.09307856112718582
          ],
          [
            -0.5015498399734497,
            -0.6724650263786316,
            -0.5442782044410706,
            0.11484374105930328
          ],
          [
            -0.5270925164222717,
            0.7364087700843811,
            -0.4241340160369873,
            1.4568979740142822
          ],
          [
            0.0,
            0.0,
            0.0,
            1.0
          ]
        ]
      },
      "bone_length_armature_space": 0.2679703185011944,
      "parent": "spine_01",
      "has_children": true,
      "is_end_bone": false
    },
    "lowerarm_l": {
      "name": "lowerarm_l",
      "local": {
        "location": {
          "x": 0.0,
          "y": 0.0,
          "z": 0.0
        },
        "rotation_quaternion": {
          "w": 0.9834791421890259,
          "x": 0.10456831753253937,
          "y": -0.014955873601138592,
          "z": 0.1470056176185608
        },
        "scale": {
          "x": 1.0,
          "y": 1.0,
          "z": 1.0
        },
        "matrix_basis": [
          [
            0.9563313126564026,
            -0.29228174686431885,
            0.0013266807654872537,
            0.0
          ],
          [
            0.28602609038352966,
            0.9349096417427063,
            -0.21007871627807617,
            0.0
          ],
          [
            0.06016184017062187,
            0.20128431916236877,
            0.9776836037635803,
            0.0
          ],
          [
            0.0,
            0.0,
            0.0,
            1.0
          ]
        ],
        "rotation_mode": "QUATERNION"
      },
      "armature_space": {
        "head": {
          "x": 0.11295107007026672,
          "y": -0.1286003589630127,
          "z": 0.704379141330719
        },
        "tail": {
          "x": 0.00921725481748581,
          "y": -0.27495256066322327,
          "z": 0.9028487205505371
        }
      },
      "world_space": {
        "head": {
          "x": 0.11295107007026672,
          "y": -0.06535635888576508,
          "z": 1.6542332172393799
        },
        "tail": {
          "x": 0.00921725481748581,
          "y": -0.21170856058597565,
          "z": 1.8527027368545532
        },
        "rotation_quaternion": {
          "w": 0.30050650238990784,
          "x": 0.8081004023551941,
          "y": -0.36900562047958374,
          "z": -0.3471376597881317
        },
        "matrix": [
          [
            0.4866601526737213,
            -0.3877544701099396,
            -0.782820999622345,
            0.11295107007026672
          ],
          [
            -0.8050219416618347,
            -0.5470609664916992,
            -0.22948643565177917,
            -0.06535635888576508
          ],
          [
            -0.33926960825920105,
            0.7418743968009949,
            -0.5783877372741699,
            1.6542332172393799
          ],
          [
            0.0,
            0.0,
            0.0,
            1.0
          ]
        ]
      },
      "bone_length_armature_space": 0.2675254066770678,
      "parent": "upperarm_l",
      "has_children": true,
      "is_end_bone": false
    },
    "metacarpal_thumb_l": {
      "name": "metacarpal_thumb_l",
      "local": {
        "location": {
          "x": 0.0,
          "y": 0.0,
          "z": 0.0
        },
        "rotation_quaternion": {
          "w": 0.9986639022827148,
          "x": -0.04964258149266243,
          "y": -0.013281693682074547,
          "z": -0.005451786331832409
        },
        "scale": {
          "x": 1.0,
          "y": 1.0,
          "z": 1.0
        },
        "matrix_basis": [
          [
            0.9995877742767334,
            0.012207679450511932,
            -0.02598661370575428,
            0.0
          ],
          [
            -0.009570329450070858,
            0.9950118064880371,
            0.09929732978343964,
            0.0
          ],
          [
            0.027069177478551865,
            -0.09900768846273422,
            0.9947184324264526,
            0.0
          ],
          [
            0.0,
            0.0,
            0.0,
            1.0
          ]
        ],
        "rotation_mode": "QUATERNION"
      },
      "armature_space": {
        "head": {
          "x": 0.00921725481748581,
          "y": -0.27495256066322327,
          "z": 0.9028487205505371
        },
        "tail": {
          "x": -0.02678641676902771,
          "y": -0.3068963885307312,
          "z": 0.9145496487617493
        }
      },
      "world_space": {
        "head": {
          "x": 0.00921725481748581,
          "y": -0.21170856058597565,
          "z": 1.8527027368545532
        },
        "tail": {
          "x": -0.02678641676902771,
          "y": -0.24365238845348358,
          "z": 1.8644037246704102
        },
        "rotation_quaternion": {
          "w": 0.30469682812690735,
          "x": 0.798435389995575,
          "y": -0.2910563051700592,
          "z": 0.4300546646118164
        },
        "matrix": [
          [
            0.460678368806839,
            -0.7268524765968323,
            0.5093732476234436,
            0.00921725481748581
          ],
          [
            -0.2027071863412857,
            -0.6448914408683777,
            -0.7369020581245422,
            -0.21170856058597565
          ],
          [
            0.8641153573989868,
            0.23622214794158936,
            -0.4444296658039093,
            1.8527027368545532
          ],
          [
            0.0,
            0.0,
            0.0,
            1.0
          ]
        ]
      },
      "bone_length_armature_space": 0.049533667286824644,
      "parent": "lowerarm_l",
      "has_children": true,
      "is_end_bone": false
    },
    "thumb_01_l": {
      "name": "thumb_01_l",
      "local": {
        "location": {
          "x": 0.0,
          "y": 0.0,
          "z": 0.0
        },
        "rotation_quaternion": {
          "w": 0.9967021942138672,
          "x": -0.08048789203166962,
          "y": -0.0063176690600812435,
          "z": -0.008163453079760075
        },
        "scale": {
          "x": 1.0,
          "y": 1.0,
          "z": 1.0
        },
        "matrix_basis": [
          [
            0.999786913394928,
            0.017290055751800537,
            -0.011279551312327385,
            0.0
          ],
          [
            -0.015256071463227272,
            0.9869101047515869,
            0.16054806113243103,
            0.0
          ],
          [
            0.013907787390053272,
            -0.1603417694568634,
            0.9869635701179504,
            0.0
          ],
          [
            0.0,
            0.0,
            0.0,
            1.0
          ]
        ],
        "rotation_mode": "QUATERNION"
      },
      "armature_space": {
        "head": {
          "x": -0.02678641676902771,
          "y": -0.3068963885307312,
          "z": 0.9145496487617493
        },
        "tail": {
          "x": -0.035021036863327026,
          "y": -0.33697381615638733,
          "z": 0.9009053111076355
        }
      },
      "world_space": {
        "head": {
          "x": -0.02678641676902771,
          "y": -0.24365238845348358,
          "z": 1.8644037246704102
        },
        "tail": {
          "x": -0.035021036863327026,
          "y": -0.2737298011779785,
          "z": 1.8507592678070068
        },
        "rotation_quaternion": {
          "w": 0.06958168745040894,
          "x": 0.24046488106250763,
          "y": -0.23096489906311035,
          "z": 0.9402076005935669
        },
        "matrix": [
          [
            -0.8746703267097473,
            -0.24192020297050476,
            0.42003151774406433,
            -0.02678641676902771
          ],
          [
            0.01976509764790535,
            -0.8836275339126587,
            -0.4677731394767761,
            -0.24365238845348358
          ],
          [
            0.4843185245990753,
            -0.4008491039276123,
            0.7776694297790527,
            1.8644037246704102
          ],
          [
            0.0,
            0.0,
            0.0,
            1.0
          ]
        ]
      },
      "bone_length_armature_space": 0.03403863347875445,
      "parent": "metacarpal_thumb_l",
      "has_children": true,
      "is_end_bone": false
    },
    "thumb_02_l": {
      "name": "thumb_02_l",
      "local": {
        "location": {
          "x": 0.0,
          "y": 0.0,
          "z": 0.0
        },
        "rotation_quaternion": {
          "w": 0.9959728717803955,
          "x": 0.08901580423116684,
          "y": -0.010596415027976036,
          "z": -0.0014507927699014544
        },
        "scale": {
          "x": 1.0,
          "y": 1.0,
          "z": 1.0
        },
        "matrix_basis": [
          [
            0.999771237373352,
            0.0010034036822617054,
            -0.02136577107012272,
            0.0
          ],
          [
            -0.004776397254317999,
            0.9841481447219849,
            -0.17728391289710999,
            0.0
          ],
          [
            0.0208491962403059,
            0.1773453950881958,
            0.9839277863502502,
            0.0
          ],
          [
            0.0,
            0.0,
            0.0,
            1.0
          ]
        ],
        "rotation_mode": "QUATERNION"
      },
      "armature_space": {
        "head": {
          "x": -0.03502102196216583,
          "y": -0.33697375655174255,
          "z": 0.9009052515029907
        },
        "tail": {
          "x": -0.050495702773332596,
          "y": -0.3605978190898895,
          "z": 0.9294644594192505
        }
      },
      "world_space": {
        "head": {
          "x": -0.03502102196216583,
          "y": -0.27372974157333374,
          "z": 1.8507592678070068
        },
        "tail": {
          "x": -0.050495702773332596,
          "y": -0.2973538041114807,
          "z": 1.8793184757232666
        },
        "rotation_quaternion": {
          "w": 0.23059487342834473,
          "x": 0.0325191393494606,
          "y": 0.39081165194511414,
          "z": 0.8905251026153564
        },
        "matrix": [
          [
            -0.8915367722511292,
            -0.3852834701538086,
            0.23815757036209106,
            -0.03502102196216583
          ],
          [
            0.43611958622932434,
            -0.5881838798522949,
            0.6810574531555176,
            -0.27372974157333374
          ],
          [
            -0.1223202645778656,
            0.7110572457313538,
            0.6924228668212891,
            1.8507592678070068
          ],
          [
            0.0,
            0.0,
            0.0,
            1.0
          ]
        ]
      },
      "bone_length_armature_space": 0.040164541727400756,
      "parent": "thumb_01_l",
      "has_children": true,
      "is_end_bone": false
    },
    "thumb_03_l": {
      "name": "thumb_03_l",
      "local": {
        "location": {
          "x": 0.0,
          "y": 0.0,
          "z": 0.0
        },
        "rotation_quaternion": {
          "w": 0.997465968132019,
          "x": 0.07105006277561188,
          "y": -0.003191624768078327,
          "z": -0.0018211096758022904
        },
        "scale": {
          "x": 1.0,
          "y": 1.0,
          "z": 1.0
        },
        "matrix_basis": [
          [
            0.9999729990959167,
            0.003179459599778056,
            -0.006625853944569826,
            0.0
          ],
          [
            -0.004086520057171583,
            0.9898971319198608,
            -0.14172841608524323,
            0.0
          ],
          [
            0.006108294241130352,
            0.14175166189670563,
            0.9898834228515625,
            0.0
          ],
          [
            0.0,
            0.0,
            0.0,
            1.0
          ]
        ],
        "rotation_mode": "QUATERNION"
      },
      "armature_space": {
        "head": {
          "x": -0.050495751202106476,
          "y": -0.36059778928756714,
          "z": 0.9294643402099609
        },
        "tail": {
          "x": -0.055579423904418945,
          "y": -0.3701159954071045,
          "z": 0.9579329490661621
        }
      },
      "world_space": {
        "head": {
          "x": -0.050495751202106476,
          "y": -0.2973538041114807,
          "z": 1.879318356513977
        },
        "tail": {
          "x": -0.055579423904418945,
          "y": -0.30687201023101807,
          "z": 1.9077869653701782
        },
        "rotation_quaternion": {
          "w": 0.0604054294526577,
          "x": -0.05948192626237869,
          "y": 0.5831229090690613,
          "z": 0.8079485297203064
        },
        "matrix": [
          [
            -0.9856262803077698,
            -0.16697952151298523,
            -0.025668147951364517,
            -0.050495751202106476
          ],
          [
            0.028239354491233826,
            -0.31263723969459534,
            0.9494526386260986,
            -0.2973538041114807
          ],
          [
            -0.16656525433063507,
            0.9350867867469788,
            0.3128621578216553,
            1.879318356513977
          ],
          [
            0.0,
            0.0,
            0.0,
            1.0
          ]
        ]
      },
      "bone_length_armature_space": 0.03044505992218229,
      "parent": "thumb_02_l",
      "has_children": false,
      "is_end_bone": true
    },
    "metacarpal_index_l": {
      "name": "metacarpal_index_l",
      "local": {
        "location": {
          "x": 0.0,
          "y": 0.0,
          "z": 0.0
        },
        "rotation_quaternion": {
          "w": 0.9973455667495728,
          "x": -0.07033218443393707,
          "y": 0.015885403379797935,
          "z": -0.010147914290428162
        },
        "scale": {
          "x": 1.0,
          "y": 1.0,
          "z": 1.0
        },
        "matrix_basis": [
          [
            0.999289333820343,
            0.018007444217801094,
            0.03311392292380333,
            0.0
          ],
          [
            -0.02247646450996399,
            0.9899008274078369,
            0.13996857404708862,
            0.0
          ],
          [
            -0.0302590224891901,
            -0.14061339199543,
            0.9896020889282227,
            0.0
          ],
          [
            0.0,
            0.0,
            0.0,
            1.0
          ]
        ],
        "rotation_mode": "QUATERNION"
      },
      "armature_space": {
        "head": {
          "x": 0.00921725481748581,
          "y": -0.27495256066322327,
          "z": 0.9028487205505371
        },
        "tail": {
          "x": -0.05756562203168869,
          "y": -0.3381563723087311,
          "z": 0.9754751920700073
        }
      },
      "world_space": {
        "head": {
          "x": 0.00921725481748581,
          "y": -0.21170856058597565,
          "z": 1.8527027368545532
        },
        "tail": {
          "x": -0.05756562203168869,
          "y": -0.27491235733032227,
          "z": 1.9253292083740234
        },
        "rotation_quaternion": {
          "w": 0.3950956165790558,
          "x": 0.8687548041343689,
          "y": -0.27238428592681885,
          "z": 0.12235826253890991
        },
        "matrix": [
          [
            0.8216705322265625,
            -0.5699571967124939,
            -0.002638489007949829,
            0.00921725481748581
          ],
          [
            -0.3765850067138672,
            -0.5394117832183838,
            -0.7531392574310303,
            -0.21170856058597565
          ],
          [
            0.42783623933792114,
            0.6198293566703796,
            -0.6578612327575684,
            1.8527027368545532
          ],
          [
            0.0,
            0.0,
            0.0,
            1.0
          ]
        ]
      },
      "bone_length_armature_space": 0.11717200574169401,
      "parent": "lowerarm_l",
      "has_children": true,
      "is_end_bone": false
    },
    "index_01_l": {
      "name": "index_01_l",
      "local": {
        "location": {
          "x": 0.0,
          "y": 0.0,
          "z": 0.0
        },
        "rotation_quaternion": {
          "w": 0.995200514793396,
          "x": -0.09615878015756607,
          "y": 0.0179585050791502,
          "z": -0.0026336382143199444
        },
        "scale": {
          "x": 1.0,
          "y": 1.0,
          "z": 1.0
        },
        "matrix_basis": [
          [
            0.9993411302566528,
            0.001788260298781097,
            0.03625112026929855,
            0.0
          ],
          [
            -0.008695731870830059,
            0.9814931154251099,
            0.1912999451160431,
            0.0
          ],
          [
            -0.03523813188076019,
            -0.19148913025856018,
            0.9808619618415833,
            0.0
          ],
          [
            0.0,
            0.0,
            0.0,
            1.0
          ]
        ],
        "rotation_mode": "QUATERNION"
      },
      "armature_space": {
        "head": {
          "x": -0.05756562203168869,
          "y": -0.3381563723087311,
          "z": 0.9754751920700073
        },
        "tail": {
          "x": -0.06428282707929611,
          "y": -0.34846797585487366,
          "z": 1.001197338104248
        }
      },
      "world_space": {
        "head": {
          "x": -0.05756562203168869,
          "y": -0.27491235733032227,
          "z": 1.9253292083740234
        },
        "tail": {
          "x": -0.06428282707929611,
          "y": -0.28522396087646484,
          "z": 1.9510513544082642
        },
        "rotation_quaternion": {
          "w": 0.55438232421875,
          "x": 0.8235507011413574,
          "y": -0.10883909463882446,
          "z": 0.050780270248651505
        },
        "matrix": [
          [
            0.9711509943008423,
            -0.2355726659297943,
            -0.037037741392850876,
            -0.05756562203168869
          ],
          [
            -0.12296666949987411,
            -0.3616282343864441,
            -0.9241777062416077,
            -0.27491235733032227
          ],
          [
            0.20431828498840332,
            0.9020759463310242,
            -0.3801666498184204,
            1.9253292083740234
          ],
          [
            0.0,
            0.0,
            0.0,
            1.0
          ]
        ]
      },
      "bone_length_armature_space": 0.028514536661186002,
      "parent": "metacarpal_index_l",
      "has_children": true,
      "is_end_bone": false
    },
    "index_02_l": {
      "name": "index_02_l",
      "local": {
        "location": {
          "x": 0.0,
          "y": 0.0,
          "z": 0.0
        },
        "rotation_quaternion": {
          "w": 0.996474027633667,
          "x": 0.08378739655017853,
          "y": 0.003693536389619112,
          "z": 0.0023572363425046206
        },
        "scale": {
          "x": 1.0,
          "y": 1.0,
          "z": 1.0
        },
        "matrix_basis": [
          [
            0.9999616146087646,
            -0.004078906029462814,
            0.007756039500236511,
            0.0
          ],
          [
            0.0053167929872870445,
            0.9859482049942017,
            -0.166966512799263,
            0.0
          ],
          [
            -0.006966012995690107,
            0.16700133681297302,
            0.9859320521354675,
            0.0
          ],
          [
            0.0,
            0.0,
            0.0,
            1.0
          ]
        ],
        "rotation_mode": "QUATERNION"
      },
      "armature_space": {
        "head": {
          "x": -0.06428316235542297,
          "y": -0.3484683930873871,
          "z": 1.0011974573135376
        },
        "tail": {
          "x": -0.07000554352998734,
          "y": -0.36084654927253723,
          "z": 1.0229260921478271
        }
      },
      "world_space": {
        "head": {
          "x": -0.06428316235542297,
          "y": -0.28522437810897827,
          "z": 1.9510514736175537
        },
        "tail": {
          "x": -0.07000554352998734,
          "y": -0.2976025342941284,
          "z": 1.9727801084518433
        },
        "rotation_quaternion": {
          "w": 0.49578335881233215,
          "x": 0.8605239987373352,
          "y": -0.11375311762094498,
          "z": 0.027523672208189964
        },
        "matrix": [
          [
            0.9726054668426514,
            -0.22306638956069946,
            -0.0654250904917717,
            -0.06428316235542297
          ],
          [
            -0.16848379373550415,
            -0.4825176000595093,
            -0.8595290184020996,
            -0.28522437810897827
          ],
          [
            0.16016411781311035,
            0.847010612487793,
            -0.5068866014480591,
            1.9510514736175537
          ],
          [
            0.0,
            0.0,
            0.0,
            1.0
          ]
        ]
      },
      "bone_length_armature_space": 0.025653420129353854,
      "parent": "index_01_l",
      "has_children": true,
      "is_end_bone": false
    },
    "index_03_l": {
      "name": "index_03_l",
      "local": {
        "location": {
          "x": 0.0,
          "y": 0.0,
          "z": 0.0
        },
        "rotation_quaternion": {
          "w": 0.999221920967102,
          "x": 0.03940020874142647,
          "y": -0.001172764808870852,
          "z": -0.001328835147432983
        },
        "scale": {
          "x": 1.0,
          "y": 1.0,
          "z": 1.0
        },
        "matrix_basis": [
          [
            0.9999937415122986,
            0.002563188085332513,
            -0.002448417479172349,
            0.0
          ],
          [
            -0.002748016733676195,
            0.9968917369842529,
            -0.07873598486185074,
            0.0
          ],
          [
            0.002238991903141141,
            0.07874222099781036,
            0.996892511844635,
            0.0
          ],
          [
            0.0,
            0.0,
            0.0,
            1.0
          ]
        ],
        "rotation_mode": "QUATERNION"
      },
      "armature_space": {
        "head": {
          "x": -0.07000555843114853,
          "y": -0.3608464300632477,
          "z": 1.0229262113571167
        },
        "tail": {
          "x": -0.07392498105764389,
          "y": -0.3793284296989441,
          "z": 1.0452150106430054
        }
      },
      "world_space": {
        "head": {
          "x": -0.07000555843114853,
          "y": -0.29760241508483887,
          "z": 1.9727802276611328
        },
        "tail": {
          "x": -0.07392498105764389,
          "y": -0.31608444452285767,
          "z": 1.9950690269470215
        },
        "rotation_quaternion": {
          "w": 0.4251619577407837,
          "x": 0.902493953704834,
          "y": -0.054467711597681046,
          "z": 0.04213368892669678
        },
        "matrix": [
          [
            0.9905163049697876,
            -0.1341409534215927,
            0.029735155403614044,
            -0.07000555843114853
          ],
          [
            -0.062486644834280014,
            -0.6325408220291138,
            -0.7720023989677429,
            -0.29760241508483887
          ],
          [
            0.12236657738685608,
            0.7628270983695984,
            -0.6349289417266846,
            1.9727802276611328
          ],
          [
            0.0,
            0.0,
            0.0,
            1.0
          ]
        ]
      },
      "bone_length_armature_space": 0.029218774215522384,
      "parent": "index_02_l",
      "has_children": false,
      "is_end_bone": true
    },
    "metacarpal_pinky_l": {
      "name": "metacarpal_pinky_l",
      "local": {
        "location": {
          "x": 0.0,
          "y": 0.0,
          "z": 0.0
        },
        "rotation_quaternion": {
          "w": 0.9999594688415527,
          "x": -0.004196146037429571,
          "y": -0.00797157920897007,
          "z": -1.1400086805224419e-05
        },
        "scale": {
          "x": 1.0,
          "y": 1.0,
          "z": 1.0
        },
        "matrix_basis": [
          [
            0.9998729228973389,
            8.969906775746495e-05,
            -0.015942417085170746,
            0.0
          ],
          [
            4.410057226778008e-05,
            0.9999647736549377,
            0.008392133750021458,
            0.0
          ],
          [
            0.015942607074975967,
            -0.008391770534217358,
            0.9998376965522766,
            0.0
          ],
          [
            0.0,
            0.0,
            0.0,
            1.0
          ]
        ],
        "rotation_mode": "QUATERNION"
      },
      "armature_space": {
        "head": {
          "x": 0.00921725481748581,
          "y": -0.27495256066322327,
          "z": 0.9028487205505371
        },
        "tail": {
          "x": -0.0036202622577548027,
          "y": -0.32300618290901184,
          "z": 0.9943329691886902
        }
      },
      "world_space": {
        "head": {
          "x": 0.00921725481748581,
          "y": -0.21170856058597565,
          "z": 1.8527027368545532
        },
        "tail": {
          "x": -0.0036202622577548027,
          "y": -0.259762167930603,
          "z": 1.9441869258880615
        },
        "rotation_quaternion": {
          "w": 0.14496178925037384,
          "x": 0.3505516052246094,
          "y": -0.4982461929321289,
          "z": -0.7796475887298584
        },
        "matrix": [
          [
            -0.7122004628181458,
            -0.12328265607357025,
            -0.6910660266876221,
            0.00921725481748581
          ],
          [
            -0.5753596425056458,
            -0.46147391200065613,
            0.6752800345420837,
            -0.21170856058597565
          ],
          [
            -0.4021625816822052,
            0.8785516619682312,
            0.2577325999736786,
            1.8527027368545532
          ],
          [
            0.0,
            0.0,
            0.0,
            1.0
          ]
        ]
      },
      "bone_length_armature_space": 0.10413126307379898,
      "parent": "lowerarm_l",
      "has_children": true,
      "is_end_bone": false
    },
    "pinky_01_l": {
      "name": "pinky_01_l",
      "local": {
        "location": {
          "x": 0.0,
          "y": 0.0,
          "z": 0.0
        },
        "rotation_quaternion": {
          "w": 0.991370677947998,
          "x": -0.13092581927776337,
          "y": 0.005298530217260122,
          "z": 0.0038353234995156527
        },
        "scale": {
          "x": 1.0,
          "y": 1.0,
          "z": 1.0
        },
        "matrix_basis": [
          [
            0.9999144077301025,
            -0.008991883136332035,
            0.009501329623162746,
            0.0
          ],
          [
            0.006217025686055422,
            0.9656874537467957,
            0.2596326768398285,
            0.0
          ],
          [
            -0.011509900912642479,
            -0.25955140590667725,
            0.9656606912612915,
            0.0
          ],
          [
            0.0,
            0.0,
            0.0,
            1.0
          ]
        ],
        "rotation_mode": "QUATERNION"
      },
      "armature_space": {
        "head": {
          "x": -0.0036202622577548027,
