{
  "metadata": {
    "armature_name": "KIM_caucasian_male",
    "export_time": "2026-01-13T21:02:37.222222",
    "blender_version": "4.4.1",
    "bone_count": 56,
    "end_bone_count": 13,
    "spaces_included": [
      "LOCAL_CHANNELS",
      "ARMATURE_SPACE",
      "WORLD_SPACE"
    ],
    "note": "LOCAL matches Transform panel; replay pose via local.matrix_basis for best fidelity."
  },
  "bones": {
    "Root": {
      "name": "Root",
      "local": {
        "location": {
          "x": 0.0,
          "y": 0.0,
          "z": 0.0
        },
        "rotation_quaternion": {
          "w": 0.9995173215866089,
          "x": 0.009825153276324272,
          "y": -0.013267439790070057,
          "z": -0.026316294446587563
        },
        "scale": {
          "x": 1.0,
          "y": 1.0,
          "z": 1.0
        },
        "matrix_basis": [
          [
            0.998262882232666,
            0.052346475422382355,
            -0.027039194479584694,
            0.0
          ],
          [
            -0.05286789312958717,
            0.998421847820282,
            -0.018942521885037422,
            0.0
          ],
          [
            0.02600494772195816,
            0.0203391220420599,
            0.9994548559188843,
            0.0
          ],
          [
            0.0,
            0.0,
            0.0,
            1.0
          ]
        ],
        "rotation_mode": "QUATERNION"
      },
      "armature_space": {
        "head": {
          "x": 0.0,
          "y": 0.07072800397872925,
          "z": -0.009595036506652832
        },
        "tail": {
          "x": 0.0037362752482295036,
          "y": -8.352845907211304e-05,
          "z": -0.001453697681427002
        }
      },
      "world_space": {
        "head": {
          "x": 0.0,
          "y": 0.13397200405597687,
          "z": 0.9402589797973633
        },
        "tail": {
          "x": 0.0037362752482295036,
          "y": 0.0631604716181755,
          "z": 0.9484003186225891
        },
        "rotation_quaternion": {
          "w": 0.05753231793642044,
          "x": 0.9979086518287659,
          "y": 0.025362711399793625,
          "z": -0.015010172501206398
        },
        "matrix": [
          [
            0.998262882232666,
            0.052346475422382355,
            -0.027039194479584694,
            0.0
          ],
          [
            0.04889218136668205,
            -0.9920935034751892,
            -0.1155858263373375,
            0.13397200405597687
          ],
          [
            -0.03287610411643982,
            0.11406289786100388,
            -0.9929364323616028,
            0.9402589797973633
          ],
          [
            0.0,
            0.0,
            0.0,
            1.0
          ]
        ]
      },
      "bone_length_armature_space": 0.07137586769013077,
      "parent": null,
      "has_children": true,
      "is_end_bone": false
    },
    "spine_01": {
      "name": "spine_01",
      "local": {
        "location": {
          "x": 0.0,
          "y": 0.0,
          "z": 0.0
        },
        "rotation_quaternion": {
          "w": 0.9965798854827881,
          "x": 0.05276612192392349,
          "y": -0.052261415868997574,
          "z": -0.03623673692345619
        },
        "scale": {
          "x": 1.0,
          "y": 1.0,
          "z": 1.0
        },
        "matrix_basis": [
          [
            0.9919112920761108,
            0.06671034544706345,
            -0.10798949748277664,
            0.0
          ],
          [
            -0.0777408704161644,
            0.9918052554130554,
            -0.1013837456703186,
            0.0
          ],
          [
            0.10034120827913284,
            0.10895887762308121,
            0.9889689683914185,
            0.0
          ],
          [
            0.0,
            0.0,
            0.0,
            1.0
          ]
        ],
        "rotation_mode": "QUATERNION"
      },
      "armature_space": {
        "head": {
          "x": 0.0037362752482295036,
          "y": -8.352845907211304e-05,
          "z": -0.001453697681427002
        },
        "tail": {
          "x": 0.05414561554789543,
          "y": -0.038093265146017075,
          "z": 0.48244979977607727
        }
      },
      "world_space": {
        "head": {
          "x": 0.0037362752482295036,
          "y": 0.0631604716181755,
          "z": 0.9484003186225891
        },
        "tail": {
          "x": 0.05414561554789543,
          "y": 0.025150734931230545,
          "z": 1.432303786277771
        },
        "rotation_quaternion": {
          "w": 0.678800642490387,
          "x": 0.7318432927131653,
          "y": 0.0168906319886446,
          "z": -0.0578777939081192
        },
        "matrix": [
          [
            0.9927298426628113,
            0.10329756885766983,
            -0.061783500015735626,
            0.0037362752482295036
          ],
          [
            -0.053851693868637085,
            -0.0778886079788208,
            -0.9955066442489624,
            0.0631604716181755
          ],
          [
            -0.10764642804861069,
            0.9916030168533325,
            -0.07176098227500916,
            0.9484003186225891
          ],
          [
            0.0,
            0.0,
            0.0,
            1.0
          ]
        ]
      },
      "bone_length_armature_space": 0.4880045496616571,
      "parent": "Root",
      "has_children": true,
      "is_end_bone": false
    },
    "neck_01": {
      "name": "neck_01",
      "local": {
        "location": {
          "x": 0.0,
          "y": 0.0,
          "z": 0.0
        },
        "rotation_quaternion": {
          "w": 0.9860159158706665,
          "x": -0.03766220062971115,
          "y": 0.07339995354413986,
          "z": -0.14479899406433105
        },
        "scale": {
          "x": 1.0,
          "y": 1.0,
          "z": 1.0
        },
        "matrix_basis": [
          [
            0.947291374206543,
            0.2800194323062897,
            0.1556539386510849,
            0.0
          ],
          [
            -0.29107704758644104,
            0.955229640007019,
            0.05301458016037941,
            0.0
          ],
          [
            -0.1338401436805725,
            -0.0955275371670723,
            0.9863880276679993,
            0.0
          ],
          [
            0.0,
            0.0,
            0.0,
            1.0
          ]
        ],
        "rotation_mode": "QUATERNION"
      },
      "armature_space": {
        "head": {
          "x": 0.05956622585654259,
          "y": -0.07832075655460358,
          "z": 0.5525647401809692
        },
        "tail": {
          "x": 0.09608064591884613,
          "y": -0.11527635157108307,
          "z": 0.6409485936164856
        }
      },
      "world_space": {
        "head": {
          "x": 0.05956622585654259,
          "y": -0.015076756477355957,
          "z": 1.5024187564849854
        },
        "tail": {
          "x": 0.09608064591884613,
          "y": -0.05203235149383545,
          "z": 1.5908026695251465
        },
        "rotation_quaternion": {
          "w": 0.539760172367096,
          "x": 0.8214967250823975,
          "y": 0.16859742999076843,
          "z": -0.07332820445299149
        },
        "matrix": [
          [
            0.9323955774307251,
            0.3561641275882721,
            0.061528123915195465,
            0.05956622585654259
          ],
          [
            0.19784671068191528,
            -0.3604673147201538,
            -0.911548376083374,
            -0.015076756477355957
          ],
          [
            -0.3024837374687195,
            0.862102210521698,
            -0.40656763315200806,
            1.5024187564849854
          ],
          [
            0.0,
            0.0,
            0.0,
            1.0
          ]
        ]
      },
      "bone_length_armature_space": 0.10252182395534928,
      "parent": "spine_01",
      "has_children": true,
      "is_end_bone": false
    },
    "head": {
      "name": "head",
      "local": {
        "location": {
          "x": 0.0,
          "y": 0.0,
          "z": 0.0
        },
        "rotation_quaternion": {
          "w": 0.9671157002449036,
          "x": -0.11243371665477753,
          "y": 0.07733812183141708,
          "z": 0.21462711691856384
        },
        "scale": {
          "x": 1.0,
          "y": 1.0,
          "z": 1.0
        },
        "matrix_basis": [
          [
            0.8959080576896667,
            -0.4325293302536011,
            0.10132717341184616,
            0.0
          ],
          [
            0.3977476954460144,
            0.882587730884552,
            0.25067055225372314,
            0.0
          ],
          [
            -0.1978524774312973,
            -0.18427510559558868,
            0.9627549648284912,
            0.0
          ],
          [
            0.0,
            0.0,
            0.0,
            1.0
          ]
        ],
        "rotation_mode": "QUATERNION"
      },
      "armature_space": {
        "head": {
          "x": 0.09608063101768494,
          "y": -0.11527646332979202,
          "z": 0.640948474407196
        },
        "tail": {
          "x": 0.07057525217533112,
          "y": -0.10123468935489655,
          "z": 0.7932823300361633
        }
      },
      "world_space": {
        "head": {
          "x": 0.09608063101768494,
          "y": -0.0520324632525444,
          "z": 1.5908024311065674
        },
        "tail": {
          "x": 0.07057525217533112,
          "y": -0.037990689277648926,
          "z": 1.7431364059448242
        },
        "rotation_quaternion": {
          "w": 0.7343401908874512,
          "x": 0.6497067809104919,
          "y": 0.07755005359649658,
          "z": 0.1805870682001114
        },
        "matrix": [
          [
            0.9227483868598938,
            -0.1644550859928131,
            0.3485545217990875,
            0.09608063101768494
          ],
          [
            0.3659954071044922,
            0.09053938090801239,
            -0.9262022376060486,
            -0.0520324632525444
          ],
          [
            0.12076201289892197,
            0.9822275042533875,
            0.14373497664928436,
            1.5908024311065674
          ],
          [
            0.0,
            0.0,
            0.0,
            1.0
          ]
        ]
      },
      "bone_length_armature_space": 0.15509126398143572,
      "parent": "neck_01",
      "has_children": false,
      "is_end_bone": true
    },
    "upperarm_l": {
      "name": "upperarm_l",
      "local": {
        "location": {
          "x": 0.0,
          "y": 0.0,
          "z": 0.0
        },
        "rotation_quaternion": {
          "w": 0.9688855409622192,
          "x": 0.044067565351724625,
          "y": -0.1920834332704544,
          "z": -0.14974245429039001
        },
        "scale": {
          "x": 1.0,
          "y": 1.0,
          "z": 1.0
        },
        "matrix_basis": [
          [
            0.8813623189926147,
            0.27323728799819946,
            -0.3854112923145294,
            0.0
          ],
          [
            -0.30709588527679443,
            0.9512705206871033,
            -0.02786676399409771,
            0.0
          ],
          [
            0.35901615023612976,
            0.14291894435882568,
            0.922324001789093,
            0.0
          ],
          [
            0.0,
            0.0,
            0.0,
            1.0
          ]
        ],
        "rotation_mode": "QUATERNION"
      },
      "armature_space": {
        "head": {
          "x": 0.20133627951145172,
          "y": -0.08433859050273895,
          "z": 0.46954551339149475
        },
        "tail": {
          "x": 0.4440709352493286,
          "y": -0.11823971569538116,
          "z": 0.3612016439437866
        }
      },
      "world_space": {
        "head": {
          "x": 0.20133627951145172,
          "y": -0.021094590425491333,
          "z": 1.4193994998931885
        },
        "tail": {
          "x": 0.4440709352493286,
          "y": -0.054995715618133545,
          "z": 1.3110556602478027
        },
        "rotation_quaternion": {
          "w": 0.430438756942749,
          "x": 0.32079389691352844,
          "y": 0.5014649033546448,
          "z": -0.6784884929656982
        },
        "matrix": [
          [
            -0.4236268699169159,
            0.905829668045044,
            -0.0036094989627599716,
            0.20133627951145172
          ],
          [
            -0.2623644173145294,
            -0.12651118636131287,
            -0.9566399455070496,
            -0.021094590425491333
          ],
          [
            -0.8670156598091125,
            -0.4043142795562744,
            0.29125213623046875,
            1.4193994998931885
          ],
          [
            0.0,
            0.0,
            0.0,
            1.0
          ]
        ]
      },
      "bone_length_armature_space": 0.26796975981894644,
      "parent": "spine_01",
      "has_children": true,
      "is_end_bone": false
    },
    "lowerarm_l": {
      "name": "lowerarm_l",
      "local": {
        "location": {
          "x": 0.0,
          "y": 0.0,
          "z": 0.0
        },
        "rotation_quaternion": {
          "w": 0.9418039321899414,
          "x": 0.3198108673095703,
          "y": -0.03883897140622139,
          "z": -0.0960102379322052
        },
        "scale": {
          "x": 1.0,
          "y": 1.0,
          "z": 1.0
        },
        "matrix_basis": [
          [
            0.9785471558570862,
            0.15600338578224182,
            -0.13456763327121735,
            0.0
          ],
          [
            -0.20568789541721344,
            0.7770060896873474,
            -0.5949403643608093,
            0.0
          ],
          [
            0.011747157201170921,
            0.609856128692627,
            0.7924250960350037,
            0.0
          ],
          [
            0.0,
            0.0,
            0.0,
            1.0
          ]
        ],
        "rotation_mode": "QUATERNION"
      },
      "armature_space": {
        "head": {
          "x": 0.44407105445861816,
          "y": -0.11823975294828415,
          "z": 0.3612017035484314
        },
        "tail": {
          "x": 0.6118109226226807,
          "y": -0.3252354860305786,
          "z": 0.3370051681995392
        }
      },
      "world_space": {
        "head": {
          "x": 0.44407105445861816,
          "y": -0.05499575287103653,
          "z": 1.3110556602478027
        },
        "tail": {
          "x": 0.6118109226226807,
          "y": -0.2619915008544922,
          "z": 1.286859154701233
        },
        "rotation_quaternion": {
          "w": 0.2860373258590698,
          "x": 0.37601810693740845,
          "y": 0.17694610357284546,
          "z": -0.8634137511253357
        },
        "matrix": [
          [
            -0.5535861253738403,
            0.6270074844360352,
            -0.5480911731719971,
            0.44407105445861816
          ],
          [
            -0.36086809635162354,
            -0.7737450003623962,
            -0.5206660032272339,
            -0.05499575287103653
          ],
          [
            -0.7505499124526978,
            -0.09044602513313293,
            0.654605507850647,
            1.3110556602478027
          ],
          [
            0.0,
            0.0,
            0.0,
            1.0
          ]
        ]
      },
      "bone_length_armature_space": 0.2675245156933989,
      "parent": "upperarm_l",
      "has_children": true,
      "is_end_bone": false
    },
    "metacarpal_thumb_l": {
      "name": "metacarpal_thumb_l",
      "local": {
        "location": {
          "x": 0.0,
          "y": 0.0,
          "z": 0.0
        },
        "rotation_quaternion": {
          "w": 0.9988393783569336,
          "x": -0.04423234239220619,
          "y": -0.019064608961343765,
          "z": -0.00021543586626648903
        },
        "scale": {
          "x": 1.0,
          "y": 1.0,
          "z": 1.0
        },
        "matrix_basis": [
          [
            0.9992730021476746,
            0.002116916235536337,
            -0.03806590661406517,
            0.0
          ],
          [
            0.0012561730109155178,
            0.9960868954658508,
            0.08837022632360458,
            0.0
          ],
          [
            0.03810402378439903,
            -0.08835379779338837,
            0.9953600764274597,
            0.0
          ],
          [
            0.0,
            0.0,
            0.0,
            1.0
          ]
        ],
        "rotation_mode": "QUATERNION"
      },
      "armature_space": {
        "head": {
          "x": 0.6118109226226807,
          "y": -0.3252354860305786,
          "z": 0.3370051681995392
        },
        "tail": {
          "x": 0.6181539297103882,
          "y": -0.3728862702846527,
          "z": 0.34895312786102295
        }
      },
      "world_space": {
        "head": {
          "x": 0.6118109226226807,
          "y": -0.2619915008544922,
          "z": 1.286859154701233
        },
        "tail": {
          "x": 0.6181539297103882,
          "y": -0.3096422553062439,
          "z": 1.298807144165039
        },
        "rotation_quaternion": {
          "w": 0.13685199618339539,
          "x": 0.9245269298553467,
          "y": 0.016660252586007118,
          "z": -0.35530805587768555
        },
        "matrix": [
          [
            0.7469572424888611,
            0.12805479764938354,
            -0.6524237990379333,
            0.6118109226226807
          ],
          [
            -0.06644357740879059,
            -0.9619877934455872,
            -0.2648858428001404,
            -0.2619915008544922
          ],
          [
            -0.6615483164787292,
            0.24120862782001495,
            -0.7100606560707092,
            1.286859154701233
          ],
          [
            0.0,
            0.0,
            0.0,
            1.0
          ]
        ]
      },
      "bone_length_armature_space": 0.049533672795166954,
      "parent": "lowerarm_l",
      "has_children": true,
      "is_end_bone": false
    },
    "thumb_01_l": {
      "name": "thumb_01_l",
      "local": {
        "location": {
          "x": 0.0,
          "y": 0.0,
          "z": 0.0
        },
        "rotation_quaternion": {
          "w": 0.9991304278373718,
          "x": -0.038244206458330154,
          "y": -0.014609142206609249,
          "z": -0.00790438987314701
        },
        "scale": {
          "x": 1.0,
          "y": 1.0,
          "z": 1.0
        },
        "matrix_basis": [
          [
            0.9994481801986694,
            0.016912462189793587,
            -0.02858828194439411,
            0.0
          ],
          [
            -0.014677602797746658,
            0.9969497919082642,
            0.07665285468101501,
            0.0
          ],
          [
            0.029797472059726715,
            -0.07619094848632812,
            0.9966478943824768,
            0.0
          ],
          [
            0.0,
            0.0,
            0.0,
            1.0
          ]
        ],
        "rotation_mode": "QUATERNION"
      },
      "armature_space": {
        "head": {
          "x": 0.6181539297103882,
          "y": -0.3728862702846527,
          "z": 0.34895312786102295
        },
        "tail": {
          "x": 0.600041925907135,
          "y": -0.4006989002227783,
          "z": 0.34140071272850037
        }
      },
      "world_space": {
        "head": {
          "x": 0.6181539297103882,
          "y": -0.3096422553062439,
          "z": 1.298807144165039
        },
        "tail": {
          "x": 0.600041925907135,
          "y": -0.3374549150466919,
          "z": 1.2912547588348389
        },
        "rotation_quaternion": {
          "w": 0.0014833203749731183,
          "x": -0.8815456032752991,
          "y": 0.30240991711616516,
          "z": -0.3625238239765167
        },
        "matrix": [
          [
            0.5542488098144531,
            -0.5321021676063538,
            0.6400590538978577,
            0.6181539297103882
          ],
          [
            -0.5342515707015991,
            -0.8170915842056274,
            -0.21664822101593018,
            -0.3096422553062439
          ],
          [
            0.6382697224617004,
            -0.22187796235084534,
            -0.7371538281440735,
            1.298807144165039
          ],
          [
            0.0,
            0.0,
            0.0,
            1.0
          ]
        ]
      },
      "bone_length_armature_space": 0.034038596178335205,
      "parent": "metacarpal_thumb_l",
      "has_children": true,
      "is_end_bone": false
    },
    "thumb_02_l": {
      "name": "thumb_02_l",
      "local": {
        "location": {
          "x": 0.0,
          "y": 0.0,
          "z": 0.0
        },
        "rotation_quaternion": {
          "w": 0.9940335750579834,
          "x": 0.10882771015167236,
          "y": 0.0013972304295748472,
          "z": 0.007209347561001778
        },
        "scale": {
          "x": 1.0,
          "y": 1.0,
          "z": 1.0
        },
        "matrix_basis": [
          [
            0.9998921751976013,
            -0.014028551988303661,
            0.004346941597759724,
            0.0
          ],
          [
            0.014636781997978687,
            0.9762091040611267,
            -0.21633665263652802,
            0.0
          ],
          [
            -0.0012086343485862017,
            0.21637694537639618,
            0.9763091802597046,
            0.0
          ],
          [
            0.0,
            0.0,
            0.0,
            1.0
          ]
        ],
        "rotation_mode": "QUATERNION"
      },
      "armature_space": {
        "head": {
          "x": 0.6000418663024902,
          "y": -0.40069887042045593,
          "z": 0.34140074253082275
        },
        "tail": {
          "x": 0.6262863874435425,
          "y": -0.4305174648761749,
          "z": 0.3354629576206207
        }
      },
      "world_space": {
        "head": {
          "x": 0.6000418663024902,
          "y": -0.3374548554420471,
          "z": 1.2912547588348389
        },
        "tail": {
          "x": 0.6262863874435425,
          "y": -0.3672734498977661,
          "z": 1.2853169441223145
        },
        "rotation_quaternion": {
          "w": 0.3070547878742218,
          "x": -0.6474733948707581,
          "y": -0.18576852977275848,
          "z": -0.672298789024353
        },
        "matrix": [
          [
            0.027009256184101105,
            0.6534267663955688,
            0.7565078139305115,
            0.6000418663024902
          ],
          [
            -0.1723042130470276,
            -0.7424134016036987,
            0.6474049687385559,
            -0.3374548554420471
          ],
          [
            0.9846801161766052,
            -0.14783722162246704,
            0.09253743290901184,
            1.2912547588348389
          ],
          [
            0.0,
            0.0,
            0.0,
            1.0
          ]
        ]
      },
      "bone_length_armature_space": 0.04016442171285773,
      "parent": "thumb_01_l",
      "has_children": true,
      "is_end_bone": false
    },
    "thumb_03_l": {
      "name": "thumb_03_l",
      "local": {
        "location": {
          "x": 0.0,
          "y": 0.0,
          "z": 0.0
        },
        "rotation_quaternion": {
          "w": 0.9975966215133667,
          "x": 0.06890646368265152,
          "y": -0.006996775045990944,
          "z": -0.0019924950320273638
        },
        "scale": {
          "x": 1.0,
          "y": 1.0,
          "z": 1.0
        },
        "matrix_basis": [
          [
            0.9998941421508789,
            0.0030111665837466717,
            -0.014234510250389576,
            0.0
          ],
          [
            -0.00493965856730938,
            0.9904958605766296,
            -0.1374538242816925,
            0.0
          ],
          [
            0.013685327023267746,
            0.13750959932804108,
            0.9904059171676636,
            0.0
          ],
          [
            0.0,
            0.0,
            0.0,
            1.0
          ]
        ],
        "rotation_mode": "QUATERNION"
      },
      "armature_space": {
        "head": {
          "x": 0.6262862682342529,
          "y": -0.4305174648761749,
          "z": 0.3354630172252655
        },
        "tail": {
          "x": 0.6534019112586975,
          "y": -0.44293245673179626,
          "z": 0.3293391168117523
        }
      },
      "world_space": {
        "head": {
          "x": 0.6262862682342529,
          "y": -0.3672734498977661,
          "z": 1.285317063331604
        },
        "tail": {
          "x": 0.6534019112586975,
          "y": -0.37968844175338745,
          "z": 1.2791931629180908
        },
        "rotation_quaternion": {
          "w": 0.5106251835823059,
          "x": -0.45626798272132874,
          "y": -0.1880621761083603,
          "z": -0.7040696144104004
        },
        "matrix": [
          [
            -0.06216137483716011,
            0.8906464576721191,
            0.45042771100997925,
            0.6262862682342529
          ],
          [
            -0.5474172830581665,
            -0.40778592228889465,
            0.7307836413383484,
            -0.3672734498977661
          ],
          [
            0.8345531225204468,
            -0.20114722847938538,
            0.5129081606864929,
            1.285317063331604
          ],
          [
            0.0,
            0.0,
            0.0,
            1.0
          ]
        ]
      },
      "bone_length_armature_space": 0.03044490565602052,
      "parent": "thumb_02_l",
      "has_children": false,
      "is_end_bone": true
    },
    "metacarpal_index_l": {
      "name": "metacarpal_index_l",
      "local": {
        "location": {
          "x": 0.0,
          "y": 0.0,
          "z": 0.0
        },
        "rotation_quaternion": {
          "w": 0.998898983001709,
          "x": -0.04359450936317444,
          "y": 0.013568243943154812,
          "z": -0.010786748491227627
        },
        "scale": {
          "x": 1.0,
          "y": 1.0,
          "z": 1.0
        },
        "matrix_basis": [
          [
            0.9993991255760193,
            0.020366743206977844,
            0.028047095984220505,
            0.0
          ],
          [
            -0.022732745856046677,
            0.9959663152694702,
            0.08680030703544617,
            0.0
          ],
          [
            -0.026166124269366264,
            -0.08738573640584946,
            0.9958308339118958,
            0.0
          ],
          [
            0.0,
            0.0,
            0.0,
            1.0
          ]
        ],
        "rotation_mode": "QUATERNION"
      },
      "armature_space": {
        "head": {
          "x": 0.6118109226226807,
          "y": -0.3252354860305786,
          "z": 0.3370051681995392
        },
        "tail": {
          "x": 0.6682378649711609,
          "y": -0.42753782868385315,
          "z": 0.3459182381629944
        }
      },
      "world_space": {
        "head": {
          "x": 0.6118109226226807,
          "y": -0.2619915008544922,
          "z": 1.286859154701233
        },
        "tail": {
          "x": 0.6682378649711609,
          "y": -0.36429381370544434,
          "z": 1.2957723140716553
        },
        "rotation_quaternion": {
          "w": 0.1815033257007599,
          "x": 0.7716228365898132,
          "y": 0.1746646761894226,
          "z": -0.5840780735015869
        },
        "matrix": [
          [
            0.2566898763179779,
            0.4815749228000641,
            -0.8379712104797363,
            0.6118109226226807
          ],
          [
            0.057526301592588425,
            -0.8730974793434143,
            -0.4841402471065521,
            -0.2619915008544922
          ],
          [
            -0.9647870063781738,
            0.07606837153434753,
            -0.251820832490921,
            1.286859154701233
          ],
          [
            0.0,
            0.0,
            0.0,
            1.0
          ]
        ]
      },
      "bone_length_armature_space": 0.11717171891815505,
      "parent": "lowerarm_l",
      "has_children": true,
      "is_end_bone": false
    },
    "index_01_l": {
      "name": "index_01_l",
      "local": {
        "location": {
          "x": 0.0,
          "y": 0.0,
          "z": 0.0
        },
        "rotation_quaternion": {
          "w": 0.9946620464324951,
          "x": -0.10090412944555283,
          "y": 0.017614826560020447,
          "z": 0.012472730129957199
        },
        "scale": {
          "x": 1.0,
          "y": 1.0,
          "z": 1.0
        },
        "matrix_basis": [
          [
            0.9990683197975159,
            -0.028367120772600174,
            0.03252450004220009,
            0.0
          ],
          [
            0.021257484331727028,
            0.9793255925178528,
            0.2011704295873642,
            0.0
          ],
          [
            -0.037558697164058685,
            -0.20029160380363464,
            0.979016125202179,
            0.0
          ],
          [
            0.0,
            0.0,
            0.0,
            1.0
          ]
        ],
        "rotation_mode": "QUATERNION"
      },
      "armature_space": {
        "head": {
          "x": 0.6682378649711609,
          "y": -0.42753782868385315,
          "z": 0.3459182381629944
        },
        "tail": {
          "x": 0.6905797719955444,
          "y": -0.44481518864631653,
          "z": 0.3419937491416931
        }
      },
      "world_space": {
        "head": {
          "x": 0.6682378649711609,
          "y": -0.36429381370544434,
          "z": 1.2957723140716553
        },
        "tail": {
          "x": 0.6905797719955444,
          "y": -0.3815711736679077,
          "z": 1.2918477058410645
        },
        "rotation_quaternion": {
          "w": 0.1958937793970108,
          "x": 0.7235616445541382,
          "y": 0.3983287811279297,
          "z": -0.5286005139350891
        },
        "matrix": [
          [
            0.12383030354976654,
            0.7835312485694885,
            -0.6088880896568298,
            0.6682378649711609
          ],
          [
            0.36933162808418274,
            -0.6059178113937378,
            -0.7045977115631104,
            -0.36429381370544434
          ],
          [
            -0.9210166335105896,
            -0.13763248920440674,
            -0.36441707611083984,
            1.2957723140716553
          ],
          [
            0.0,
            0.0,
            0.0,
            1.0
          ]
        ]
      },
      "bone_length_armature_space": 0.028514374661825218,
      "parent": "metacarpal_index_l",
      "has_children": true,
      "is_end_bone": false
    },
    "index_02_l": {
      "name": "index_02_l",
      "local": {
        "location": {
          "x": 0.0,
          "y": 0.0,
          "z": 0.0
        },
        "rotation_quaternion": {
          "w": 0.9989064335823059,
          "x": 0.04594947025179863,
          "y": -0.008621737360954285,
          "z": -0.00045826006680727005
        },
        "scale": {
          "x": 1.0,
          "y": 1.0,
          "z": 1.0
        },
        "matrix_basis": [
          [
            0.9998509287834167,
            0.00012318932567723095,
            -0.017266731709241867,
            0.0
          ],
          [
            -0.0017078464152291417,
            0.995776891708374,
            -0.09179054200649261,
            0.0
          ],
          [
            0.017182504758238792,
            0.09180634468793869,
            0.9956285953521729,
            0.0
          ],
          [
            0.0,
            0.0,
            0.0,
            1.0
          ]
        ],
        "rotation_mode": "QUATERNION"
      },
      "armature_space": {
        "head": {
          "x": 0.6905798316001892,
          "y": -0.4448157250881195,
          "z": 0.3419937789440155
        },
        "tail": {
          "x": 0.7098280191421509,
          "y": -0.4611239433288574,
          "z": 0.33734187483787537
        }
      },
      "world_space": {
        "head": {
          "x": 0.6905798316001892,
          "y": -0.3815717101097107,
          "z": 1.291847825050354
        },
        "tail": {
          "x": 0.7098280191421509,
          "y": -0.397879958152771,
          "z": 1.2871959209442139
        },
        "rotation_quaternion": {
          "w": 0.18479666113853455,
          "x": 0.7003774046897888,
          "y": 0.38469573855400085,
          "z": -0.5721284747123718
        },
        "matrix": [
          [
            0.04935518279671669,
            0.7503206133842468,
            -0.6592289209365845,
            0.6905798316001892
          ],
          [
            0.3274093270301819,
            -0.63571697473526,
            -0.6990473866462708,
            -0.3815717101097107
          ],
          [
            -0.9435991644859314,
            -0.18133783340454102,
            -0.2770405113697052,
            1.291847825050354
          ],
          [
            0.0,
            0.0,
            0.0,
            1.0
          ]
        ]
      },
      "bone_length_armature_space": 0.02565328292527383,
      "parent": "index_01_l",
      "has_children": true,
      "is_end_bone": false
    },
    "index_03_l": {
      "name": "index_03_l",
      "local": {
        "location": {
          "x": 0.0,
          "y": 0.0,
          "z": 0.0
        },
        "rotation_quaternion": {
          "w": 0.999786913394928,
          "x": 0.019149431958794594,
          "y": -0.0025936635211110115,
          "z": -0.007258076220750809
        },
        "scale": {
          "x": 1.0,
          "y": 1.0,
          "z": 1.0
        },
        "matrix_basis": [
          [
            0.9998812079429626,
            0.014413724653422832,
            -0.005464197602123022,
            0.0
          ],
          [
            -0.014612393453717232,
            0.9991612434387207,
            -0.038253054022789,
            0.0
          ],
          [
            0.004908245522528887,
            0.03832835331559181,
            0.9992531538009644,
            0.0
          ],
          [
            0.0,
            0.0,
            0.0,
            1.0
          ]
        ],
        "rotation_mode": "QUATERNION"
      },
      "armature_space": {
        "head": {
          "x": 0.7098281383514404,
          "y": -0.46112385392189026,
          "z": 0.33734193444252014
        },
        "tail": {
          "x": 0.7291994094848633,
          "y": -0.48096808791160583,
          "z": 0.3281390964984894
        }
      },
      "world_space": {
        "head": {
          "x": 0.7098281383514404,
          "y": -0.39787983894348145,
          "z": 1.2871959209442139
        },
        "tail": {
          "x": 0.7291994094848633,
          "y": -0.417724072933197,
          "z": 1.277993083000183
        },
        "rotation_quaternion": {
          "w": 0.09673838317394257,
          "x": 0.7081671953201294,
          "y": 0.38866370916366577,
          "z": -0.5814478397369385
        },
        "matrix": [
          [
            0.02171657420694828,
            0.6629763841629028,
            -0.7483250498771667,
            0.7098281383514404
          ],
          [
            0.437980979681015,
            -0.6791624426841736,
            -0.5889917016029358,
            -0.39787983894348145
          ],
          [
            -0.8987278938293457,
            -0.31496402621269226,
            -0.30512282252311707,
            1.2871959209442139
          ],
          [
            0.0,
            0.0,
            0.0,
            1.0
          ]
        ]
      },
      "bone_length_armature_space": 0.02921869244460663,
      "parent": "index_02_l",
      "has_children": false,
      "is_end_bone": true
    },
    "metacarpal_pinky_l": {
      "name": "metacarpal_pinky_l",
      "local": {
        "location": {
          "x": 0.0,
          "y": 0.0,
          "z": 0.0
        },
        "rotation_quaternion": {
          "w": 0.9990984201431274,
          "x": -0.038755640387535095,
          "y": -0.008600304834544659,
          "z": -0.015049180015921593
        },
        "scale": {
          "x": 1.0,
          "y": 1.0,
          "z": 1.0
        },
        "matrix_basis": [
          [
            0.9993991255760193,
            0.030737845227122307,
            -0.016018621623516083,
            0.0
          ],
          [
            -0.02940460294485092,
            0.9965430498123169,
            0.07770024985074997,
            0.0
          ],
          [
            0.018351582810282707,
            -0.07718254625797272,
            0.9968480467796326,
            0.0
          ],
          [
            0.0,
            0.0,
            0.0,
            1.0
          ]
        ],
        "rotation_mode": "QUATERNION"
      },
      "armature_space": {
        "head": {
          "x": 0.6118109226226807,
          "y": -0.3252354860305786,
          "z": 0.3370051681995392
        },
        "tail": {
          "x": 0.6856645345687866,
          "y": -0.38928020000457764,
          "z": 0.30112820863723755
        }
      },
      "world_space": {
        "head": {
          "x": 0.6118109226226807,
          "y": -0.2619915008544922,
          "z": 1.286859154701233
        },
        "tail": {
          "x": 0.6856645345687866,
          "y": -0.3260362148284912,
          "z": 1.2509822845458984
        },
        "rotation_quaternion": {
          "w": 0.4336317479610443,
          "x": -0.265296995639801,
          "y": 0.06665373593568802,
          "z": -0.8585676550865173
        },
        "matrix": [
          [
            -0.4831610918045044,
            0.7092390656471252,
            0.5133567452430725,
            0.6118109226226807
          ],
          [
            -0.7799705266952515,
            -0.6150411367416382,
            0.11563095450401306,
            -0.2619915008544922
          ],
          [
            0.39774763584136963,
            -0.34453752636909485,
            0.8503556847572327,
            1.286859154701233
          ],
          [
            0.0,
            0.0,
            0.0,
            1.0
          ]
        ]
      },
      "bone_length_armature_space": 0.10413086668384952,
      "parent": "lowerarm_l",
      "has_children": true,
      "is_end_bone": false
    },
    "pinky_01_l": {
      "name": "pinky_01_l",
      "local": {
        "location": {
          "x": 0.0,
          "y": 0.0,
          "z": 0.0
        },
        "rotation_quaternion": {
          "w": 0.9548840522766113,
          "x": 0.29649144411087036,
          "y": 0.017008578404784203,
          "z": 0.00026569332112558186
        },
        "scale": {
          "x": 1.0,
          "y": 1.0,
          "z": 1.0
        },
        "matrix_basis": [
          [
            0.9994212985038757,
            0.009578383527696133,
            0.032639991492033005,
            0.0
          ],
          [
            0.010593208484351635,
            0.8241854906082153,
            -0.5662208795547485,
            0.0
          ],
          [
            -0.032324887812137604,
            0.5662389397621155,
            0.8236070871353149,
            0.0
          ],
          [
            0.0,
            0.0,
            0.0,
            1.0
          ]
        ],
        "rotation_mode": "QUATERNION"
      },
      "armature_space": {
        "head": {
          "x": 0.6856645345687866,
          "y": -0.38928020000457764,
          "z": 0.30112820863723755
        },
        "tail": {
