{
  "metadata": {
    "armature_name": "KIM_caucasian_male",
    "export_time": "2026-01-13T21:01:21.118367",
    "blender_version": "4.4.1",
    "bone_count": 56,
    "end_bone_count": 13,
    "spaces_included": [
      "LOCAL_CHANNELS",
      "ARMATURE_SPACE",
      "WORLD_SPACE"
    ],
    "note": "LOCAL matches Transform panel; replay pose via local.matrix_basis for best fidelity."
  },
  "bones": {
    "Root": {
      "name": "Root",
      "local": {
        "location": {
          "x": 0.0,
          "y": 0.0,
          "z": 0.0
        },
        "rotation_quaternion": {
          "w": 0.9995013475418091,
          "x": 0.01572258584201336,
          "y": 0.008223881013691425,
          "z": -0.026120785623788834
        },
        "scale": {
          "x": 1.0,
          "y": 1.0,
          "z": 1.0
        },
        "matrix_basis": [
          [
            0.9985001683235168,
            0.05247412249445915,
            0.015618187375366688,
            0.0
          ],
          [
            -0.051956918090581894,
            0.9981409907341003,
            -0.03185911849141121,
            0.0
          ],
          [
            -0.01726093329489231,
            0.030999863520264626,
            0.9993703365325928,
            0.0
          ],
          [
            0.0,
            0.0,
            0.0,
            1.0
          ]
        ],
        "rotation_mode": "QUATERNION"
      },
      "armature_space": {
        "head": {
          "x": 0.0,
          "y": 0.07072800397872925,
          "z": -0.009595036506652832
        },
        "tail": {
          "x": 0.003745386144146323,
          "y": -0.00016596168279647827,
          "z": -0.002210411708801985
        }
      },
      "world_space": {
        "head": {
          "x": 0.0,
          "y": 0.13397200405597687,
          "z": 0.9402589797973633
        },
        "tail": {
          "x": 0.003745386144146323,
          "y": 0.06307803839445114,
          "z": 0.9476435780525208
        },
        "rotation_quaternion": {
          "w": 0.05164720118045807,
          "x": 0.998289942741394,
          "y": 0.026615478098392487,
          "z": 0.0064455000683665276
        },
        "matrix": [
          [
            0.9985001683235168,
            0.05247412249445915,
            0.015618187375366688,
            0.0
          ],
          [
            0.053805697709321976,
            -0.9932483434677124,
            -0.10277511179447174,
            0.13397200405597687
          ],
          [
            0.010119827464222908,
            0.10346108675003052,
            -0.99458909034729,
            0.9402589797973633
          ],
          [
            0.0,
            0.0,
            0.0,
            1.0
          ]
        ]
      },
      "bone_length_armature_space": 0.07137587164025228,
      "parent": null,
      "has_children": true,
      "is_end_bone": false
    },
    "spine_01": {
      "name": "spine_01",
      "local": {
        "location": {
          "x": 0.0,
          "y": 0.0,
          "z": 0.0
        },
        "rotation_quaternion": {
          "w": 0.9970786571502686,
          "x": 0.01882687583565712,
          "y": -0.010579804889857769,
          "z": 0.07326624542474747
        },
        "scale": {
          "x": 1.0,
          "y": 1.0,
          "z": 1.0
        },
        "matrix_basis": [
          [
            0.9890402555465698,
            -0.1465027928352356,
            -0.018339047208428383,
            0.0
          ],
          [
            0.14570604264736176,
            0.9885551929473877,
            -0.03909403830766678,
            0.0
          ],
          [
            0.023856544867157936,
            0.03599346801638603,
            0.9990672469139099,
            0.0
          ],
          [
            0.0,
            0.0,
            0.0,
            1.0
          ]
        ],
        "rotation_mode": "QUATERNION"
      },
      "armature_space": {
        "head": {
          "x": 0.003745386144146323,
          "y": -0.00016596168279647827,
          "z": -0.002210411708801985
        },
        "tail": {
          "x": -0.07197704166173935,
          "y": -0.014313094317913055,
          "z": 0.47967591881752014
        }
      },
      "world_space": {
        "head": {
          "x": 0.003745386144146323,
          "y": 0.06307803839445114,
          "z": 0.9476435780525208
        },
        "tail": {
          "x": -0.07197704166173935,
          "y": 0.048930905759334564,
          "z": 1.4295299053192139
        },
        "rotation_quaternion": {
          "w": 0.6954373717308044,
          "x": 0.7141344547271729,
          "y": -0.04326387867331505,
          "z": 0.06713475286960602
        },
        "matrix": [
          [
            0.9872424006462097,
            -0.15516851842403412,
            0.03571077436208725,
            0.003745386144146323
          ],
          [
            0.0315825417637825,
            -0.02898995205760002,
            -0.9990806579589844,
            0.06307803839445114
          ],
          [
            0.15606224536895752,
            0.987469494342804,
            -0.023720581084489822,
            0.9476435780525208
          ],
          [
            0.0,
            0.0,
            0.0,
            1.0
          ]
        ]
      },
      "bone_length_armature_space": 0.48800457283119086,
      "parent": "Root",
      "has_children": true,
      "is_end_bone": false
    },
    "neck_01": {
      "name": "neck_01",
      "local": {
        "location": {
          "x": 0.0,
          "y": 0.0,
          "z": 0.0
        },
        "rotation_quaternion": {
          "w": 0.9995511770248413,
          "x": 0.011787788942456245,
          "y": 0.00321379117667675,
          "z": 0.027355583384633064
        },
        "scale": {
          "x": 1.0,
          "y": 1.0,
          "z": 1.0
        },
        "matrix_basis": [
          [
            0.9984827041625977,
            -0.05461084470152855,
            0.007069621235132217,
            0.0
          ],
          [
            0.054762378334999084,
            0.9982254505157471,
            -0.023389166221022606,
            0.0
          ],
          [
            -0.0057797739282250404,
            0.023740826174616814,
            0.9997014403343201,
            0.0
          ],
          [
            0.0,
            0.0,
            0.0,
            1.0
          ]
        ],
        "rotation_mode": "QUATERNION"
      },
      "armature_space": {
        "head": {
          "x": -0.0820997804403305,
          "y": -0.0510842502117157,
          "z": 0.5511542558670044
        },
        "tail": {
          "x": -0.1007092297077179,
          "y": -0.09506236016750336,
          "z": 0.6418755054473877
        }
      },
      "world_space": {
        "head": {
          "x": -0.0820997804403305,
          "y": 0.012159749865531921,
          "z": 1.5010082721710205
        },
        "tail": {
          "x": -0.1007092297077179,
          "y": -0.03181836009025574,
          "z": 1.5917295217514038
        },
        "rotation_quaternion": {
          "w": 0.531980037689209,
          "x": 0.8403149843215942,
          "y": -0.050144124776124954,
          "z": 0.0913982093334198
        },
        "matrix": [
          [
            0.9782640337944031,
            -0.1815178543329239,
            0.10025429725646973,
            -0.0820997804403305
          ],
          [
            0.012969499453902245,
            -0.42896541953086853,
            -0.9032279253005981,
            0.012159749865531921
          ],
          [
            0.2069590538740158,
            0.884901225566864,
            -0.41729092597961426,
            1.5010082721710205
          ],
          [
            0.0,
            0.0,
            0.0,
            1.0
          ]
        ]
      },
      "bone_length_armature_space": 0.10252185631759199,
      "parent": "spine_01",
      "has_children": true,
      "is_end_bone": false
    },
    "head": {
      "name": "head",
      "local": {
        "location": {
          "x": 0.0,
          "y": 0.0,
          "z": 0.0
        },
        "rotation_quaternion": {
          "w": 0.9867775440216064,
          "x": 0.04809532314538956,
          "y": -0.15449795126914978,
          "z": 0.009354603476822376
        },
        "scale": {
          "x": 1.0,
          "y": 1.0,
          "z": 1.0
        },
        "matrix_basis": [
          [
            0.9520857334136963,
            -0.03332308307290077,
            -0.30401039123535156,
            0.0
          ],
          [
            0.003600567579269409,
            0.995198667049408,
            -0.0978093072772026,
            0.0
          ],
          [
            0.30581003427505493,
            0.09202823787927628,
            0.9476344585418701,
            0.0
          ],
          [
            0.0,
            0.0,
            0.0,
            1.0
          ]
        ],
        "rotation_mode": "QUATERNION"
      },
      "armature_space": {
        "head": {
          "x": -0.1007092073559761,
          "y": -0.09506246447563171,
          "z": 0.6418753862380981
        },
        "tail": {
          "x": -0.13721992075443268,
          "y": -0.1206832006573677,
          "z": 0.7904143333435059
        }
      },
      "world_space": {
        "head": {
          "x": -0.1007092073559761,
          "y": -0.031818464398384094,
          "z": 1.5917294025421143
        },
        "tail": {
          "x": -0.13721992075443268,
          "y": -0.05743920058012009,
          "z": 1.740268349647522
        },
        "rotation_quaternion": {
          "w": 0.6221721768379211,
          "x": 0.7628966569900513,
          "y": -0.17407506704330444,
          "z": -0.024259263649582863
        },
        "matrix": [
          [
            0.9382184743881226,
            -0.2354159653186798,
            -0.25362518429756165,
            -0.1007092073559761
          ],
          [
            -0.2957906424999237,
            -0.1651989221572876,
            -0.9408599734306335,
            -0.031818464398384094
          ],
          [
            0.17959584295749664,
            0.9577585458755493,
            -0.22462889552116394,
            1.5917294025421143
          ],
          [
            0.0,
            0.0,
            0.0,
            1.0
          ]
        ]
      },
      "bone_length_armature_space": 0.15509117948922838,
      "parent": "neck_01",
      "has_children": false,
      "is_end_bone": true
    },
    "upperarm_l": {
      "name": "upperarm_l",
      "local": {
        "location": {
          "x": 0.0,
          "y": 0.0,
          "z": 0.0
        },
        "rotation_quaternion": {
          "w": 0.7862090468406677,
          "x": 0.5934324264526367,
          "y": -0.08965332061052322,
          "z": -0.1472269743680954
        },
        "scale": {
          "x": 1.0,
          "y": 1.0,
          "z": 1.0
        },
        "matrix_basis": [
          [
            0.94057297706604,
            0.12509597837924957,
            -0.31571102142333984,
            0.0
          ],
          [
            -0.3379087448120117,
            0.25232434272766113,
            -0.9067251086235046,
            0.0
          ],
          [
            -0.033766016364097595,
            0.9595226645469666,
            0.27960047125816345,
            0.0
          ],
          [
            0.0,
            0.0,
            0.0,
            1.0
          ]
        ],
        "rotation_mode": "QUATERNION"
      },
      "armature_space": {
        "head": {
          "x": 0.07652901113033295,
          "y": -0.047584712505340576,
          "z": 0.5081223845481873
        },
        "tail": {
          "x": 0.16772356629371643,
          "y": -0.29713308811187744,
          "z": 0.47323912382125854
        }
      },
      "world_space": {
        "head": {
          "x": 0.07652901113033295,
          "y": 0.015659287571907043,
          "z": 1.4579763412475586
        },
        "tail": {
          "x": 0.16772356629371643,
          "y": -0.23388908803462982,
          "z": 1.4230930805206299
        },
        "rotation_quaternion": {
          "w": 0.0924365222454071,
          "x": 0.6205538511276245,
          "y": 0.1607089340686798,
          "z": -0.7619324922561646
        },
        "matrix": [
          [
            -0.21273736655712128,
            0.340317040681839,
            -0.9159299731254578,
            0.07652901113033295
          ],
          [
            0.05859564617276192,
            -0.931256890296936,
            -0.35962146520614624,
            0.015659287571907043
          ],
          [
            -0.9753576517105103,
            -0.13017624616622925,
            0.17817287147045135,
            1.4579763412475586
          ],
          [
            0.0,
            0.0,
            0.0,
            1.0
          ]
        ]
      },
      "bone_length_armature_space": 0.26796955346245604,
      "parent": "spine_01",
      "has_children": true,
      "is_end_bone": false
    },
    "lowerarm_l": {
      "name": "lowerarm_l",
      "local": {
        "location": {
          "x": 0.0,
          "y": 0.0,
          "z": 0.0
        },
        "rotation_quaternion": {
          "w": 0.8753637075424194,
          "x": 0.3234124183654785,
          "y": -0.3159005343914032,
          "z": 0.17131750285625458
        },
        "scale": {
          "x": 1.0,
          "y": 1.0,
          "z": 1.0
        },
        "matrix_basis": [
          [
            0.741714358329773,
            -0.5042625665664673,
            -0.4422433078289032,
            0.0
          ],
          [
            0.09559793770313263,
            0.7321094274520874,
            -0.6744455695152283,
            0.0
          ],
          [
            0.6638681292533875,
            0.45796841382980347,
            0.5912225246429443,
            0.0
          ],
          [
            0.0,
            0.0,
            0.0,
            1.0
          ]
        ],
        "rotation_mode": "QUATERNION"
      },
      "armature_space": {
        "head": {
          "x": 0.16772358119487762,
          "y": -0.297133207321167,
          "z": 0.4732392430305481
        },
        "tail": {
          "x": 0.14773595333099365,
          "y": -0.5109224319458008,
          "z": 0.6328146457672119
        }
      },
      "world_space": {
        "head": {
          "x": 0.16772358119487762,
          "y": -0.23388920724391937,
          "z": 1.423093318939209
        },
        "tail": {
          "x": 0.14773595333099365,
          "y": -0.44767844676971436,
          "z": 1.582668662071228
        },
        "rotation_quaternion": {
          "w": 0.059196554124355316,
          "x": 0.29159674048423767,
          "y": -0.311330109834671,
          "z": -0.9025190472602844
        },
        "matrix": [
          [
            -0.8229347467422485,
            -0.07471325993537903,
            -0.5632023811340332,
            0.16772358119487762
          ],
          [
            -0.2884178161621094,
            -0.7991389036178589,
            0.527439534664154,
            -0.23388920724391937
          ],
          [
            -0.4894871115684509,
            0.5964890122413635,
            0.6360952854156494,
            1.423093318939209
          ],
          [
            0.0,
            0.0,
            0.0,
            1.0
          ]
        ]
      },
      "bone_length_armature_space": 0.26752504027535173,
      "parent": "upperarm_l",
      "has_children": true,
      "is_end_bone": false
    },
    "metacarpal_thumb_l": {
      "name": "metacarpal_thumb_l",
      "local": {
        "location": {
          "x": 0.0,
          "y": 0.0,
          "z": 0.0
        },
        "rotation_quaternion": {
          "w": 0.9988752603530884,
          "x": -0.045877985656261444,
          "y": -0.007928906008601189,
          "z": 0.008973510004580021
        },
        "scale": {
          "x": 1.0,
          "y": 1.0,
          "z": 1.0
        },
        "matrix_basis": [
          [
            0.9997132420539856,
            -0.017199309542775154,
            -0.01666335016489029,
            0.0
          ],
          [
            0.018654359504580498,
            0.9956293702125549,
            0.09151046723127365,
            0.0
          ],
          [
            0.015016603283584118,
            -0.09179507195949554,
            0.995664656162262,
            0.0
          ],
          [
            0.0,
            0.0,
            0.0,
            1.0
          ]
        ],
        "rotation_mode": "QUATERNION"
      },
      "armature_space": {
        "head": {
          "x": 0.14773595333099365,
          "y": -0.5109224319458008,
          "z": 0.6328146457672119
        },
        "tail": {
          "x": 0.12426730990409851,
          "y": -0.5277736186981201,
          "z": 0.6730497479438782
        }
      },
      "world_space": {
        "head": {
          "x": 0.14773595333099365,
          "y": -0.44767844676971436,
          "z": 1.582668662071228
        },
        "tail": {
          "x": 0.12426730990409851,
          "y": -0.4645296335220337,
          "z": 1.622903823852539
        },
        "rotation_quaternion": {
          "w": 0.3321966826915741,
          "x": 0.7454246878623962,
          "y": -0.4685576856136322,
          "z": -0.33829134702682495
        },
        "matrix": [
          [
            0.332023948431015,
            -0.47379183769226074,
            -0.8156481385231018,
            0.14773595333099365
          ],
          [
            -0.9233083128929138,
            -0.3401971459388733,
            -0.1782359778881073,
            -0.44767844676971436
          ],
          [
            -0.19303669035434723,
            0.8122782111167908,
            -0.5504133105278015,
            1.582668662071228
          ],
          [
            0.0,
            0.0,
            0.0,
            1.0
          ]
        ]
      },
      "bone_length_armature_space": 0.04953385882988826,
      "parent": "lowerarm_l",
      "has_children": true,
      "is_end_bone": false
    },
    "thumb_01_l": {
      "name": "thumb_01_l",
      "local": {
        "location": {
          "x": 0.0,
          "y": 0.0,
          "z": 0.0
        },
        "rotation_quaternion": {
          "w": 0.9992468357086182,
          "x": -0.03471677377820015,
          "y": -0.01186814159154892,
          "z": 0.012636635452508926
        },
        "scale": {
          "x": 1.0,
          "y": 1.0,
          "z": 1.0
        },
        "matrix_basis": [
          [
            0.999398946762085,
            -0.02443018928170204,
            -0.02459581196308136,
            0.0
          ],
          [
            0.02607828378677368,
            0.9972701072692871,
            0.06908130645751953,
            0.0
          ],
          [
            0.02284099906682968,
            -0.06968119740486145,
            0.9973077774047852,
            0.0
          ],
          [
            0.0,
            0.0,
            0.0,
            1.0
          ]
        ],
        "rotation_mode": "QUATERNION"
      },
      "armature_space": {
        "head": {
          "x": 0.12426730990409851,
          "y": -0.5277736186981201,
          "z": 0.6730497479438782
        },
        "tail": {
          "x": 0.09108588844537735,
          "y": -0.5337003469467163,
          "z": 0.6777924299240112
        }
      },
      "world_space": {
        "head": {
          "x": 0.12426730990409851,
          "y": -0.4645296335220337,
          "z": 1.622903823852539
        },
        "tail": {
          "x": 0.09108588844537735,
          "y": -0.4704563617706299,
          "z": 1.6276464462280273
        },
        "rotation_quaternion": {
          "w": 0.4495829939842224,
          "x": 0.6177953481674194,
          "y": -0.4591468274593353,
          "z": 0.4531978964805603
        },
        "matrix": [
          [
            0.16759096086025238,
            -0.9748181104660034,
            0.14711715281009674,
            0.12426730990409851
          ],
          [
            -0.1598178893327713,
            -0.17411793768405914,
            -0.9716694951057434,
            -0.4645296335220337
          ],
          [
            0.9728227853775024,
            0.13933180272579193,
            -0.18497619032859802,
            1.622903823852539
          ],
          [
            0.0,
            0.0,
            0.0,
            1.0
          ]
        ]
      },
      "bone_length_armature_space": 0.034038594174371696,
      "parent": "metacarpal_thumb_l",
      "has_children": true,
      "is_end_bone": false
    },
    "thumb_02_l": {
      "name": "thumb_02_l",
      "local": {
        "location": {
          "x": 0.0,
          "y": 0.0,
          "z": 0.0
        },
        "rotation_quaternion": {
          "w": 0.9945964813232422,
          "x": 0.10360242426395416,
          "y": -0.005763261578977108,
          "z": 0.0033495118841528893
        },
        "scale": {
          "x": 1.0,
          "y": 1.0,
          "z": 1.0
        },
        "matrix_basis": [
          [
            0.9999111294746399,
            -0.007857001386582851,
            -0.010770204477012157,
            0.0
          ],
          [
            0.005468649789690971,
            0.9785106182098389,
            -0.20612382888793945,
            0.0
          ],
          [
            0.01215827465057373,
            0.20604661107063293,
            0.9784666299819946,
            0.0
          ],
          [
            0.0,
            0.0,
            0.0,
            1.0
          ]
        ],
        "rotation_mode": "QUATERNION"
      },
      "armature_space": {
        "head": {
          "x": 0.09108588844537735,
          "y": -0.5337002873420715,
          "z": 0.6777923703193665
        },
        "tail": {
          "x": 0.08781042695045471,
          "y": -0.5666654109954834,
          "z": 0.7005026340484619
        }
      },
      "world_space": {
        "head": {
          "x": 0.09108588844537735,
          "y": -0.4704563021659851,
          "z": 1.6276464462280273
        },
        "tail": {
          "x": 0.08781042695045471,
          "y": -0.503421425819397,
          "z": 1.650356650352478
        },
        "rotation_quaternion": {
          "w": 0.24881316721439362,
          "x": 0.709138035774231,
          "y": 0.16647647321224213,
          "z": 0.6383578777313232
        },
        "matrix": [
          [
            0.12957067787647247,
            -0.08155132830142975,
            0.9882110953330994,
            0.09108588844537735
          ],
          [
            0.5537737607955933,
            -0.8207553625106812,
            -0.14034099876880646,
            -0.4704563021659851
          ],
          [
            0.8225305676460266,
            0.5654322504997253,
            -0.061185456812381744,
            1.6276464462280273
          ],
          [
            0.0,
            0.0,
            0.0,
            1.0
          ]
        ]
      },
      "bone_length_armature_space": 0.04016446384253203,
      "parent": "thumb_01_l",
      "has_children": true,
      "is_end_bone": false
    },
    "thumb_03_l": {
      "name": "thumb_03_l",
      "local": {
        "location": {
          "x": 0.0,
          "y": 0.0,
          "z": 0.0
        },
        "rotation_quaternion": {
          "w": 0.9967783689498901,
          "x": 0.07974929362535477,
          "y": 0.007505700923502445,
          "z": -0.004092963878065348
        },
        "scale": {
          "x": 1.0,
          "y": 1.0,
          "z": 1.0
        },
        "matrix_basis": [
          [
            0.9998538494110107,
            0.009356704540550709,
            0.014310218393802643,
            0.0
          ],
          [
            -0.006962406914681196,
            0.987246572971344,
            -0.15904618799686432,
            0.0
          ],
          [
            -0.015615862794220448,
            0.15892329812049866,
            0.9871674180030823,
            0.0
          ],
          [
            0.0,
            0.0,
            0.0,
            1.0
          ]
        ],
        "rotation_mode": "QUATERNION"
      },
      "armature_space": {
        "head": {
          "x": 0.08781038224697113,
          "y": -0.5666653513908386,
          "z": 0.7005026340484619
        },
        "tail": {
          "x": 0.0974615216255188,
          "y": -0.5926202535629272,
          "z": 0.7131553292274475
        }
      },
      "world_space": {
        "head": {
          "x": 0.08781038224697113,
          "y": -0.5034213662147522,
          "z": 1.650356650352478
        },
        "tail": {
          "x": 0.0974615216255188,
          "y": -0.5293762683868408,
          "z": 1.6630094051361084
        },
        "rotation_quaternion": {
          "w": 0.0102870874106884,
          "x": 0.612264096736908,
          "y": 0.2713557779788971,
          "z": 0.7425583004951477
        },
        "matrix": [
          [
            -0.25005441904067993,
            0.31700369715690613,
            0.9148671627044678,
            0.08781038224697113
          ],
          [
            0.3475605845451355,
            -0.8525210618972778,
            0.39039701223373413,
            -0.5034213662147522
          ],
          [
            0.9037071466445923,
            0.4155939817428589,
            0.1029997169971466,
            1.650356650352478
          ],
          [
            0.0,
            0.0,
            0.0,
            1.0
          ]
        ]
      },
      "bone_length_armature_space": 0.03044490302715584,
      "parent": "thumb_02_l",
      "has_children": false,
      "is_end_bone": true
    },
    "metacarpal_index_l": {
      "name": "metacarpal_index_l",
      "local": {
        "location": {
          "x": 0.0,
          "y": 0.0,
          "z": 0.0
        },
        "rotation_quaternion": {
          "w": 0.9997869729995728,
          "x": -0.004787309095263481,
          "y": 0.009041455574333668,
          "z": 0.017929449677467346
        },
        "scale": {
          "x": 1.0,
          "y": 1.0,
          "z": 1.0
        },
        "matrix_basis": [
          [
            0.999193549156189,
            -0.035937827080488205,
            0.017907392233610153,
            0.0
          ],
          [
            0.03576469048857689,
            0.9993112087249756,
            0.009896795265376568,
            0.0
          ],
          [
            -0.0182507261633873,
            -0.009248361922800541,
            0.9997906684875488,
            0.0
          ],
          [
            0.0,
            0.0,
            0.0,
            1.0
          ]
        ],
        "rotation_mode": "QUATERNION"
      },
      "armature_space": {
        "head": {
          "x": 0.14773595333099365,
          "y": -0.5109224319458008,
          "z": 0.6328146457672119
        },
        "tail": {
          "x": 0.11570407450199127,
          "y": -0.5798284411430359,
          "z": 0.7220067977905273
        }
      },
      "world_space": {
        "head": {
          "x": 0.14773595333099365,
          "y": -0.44767844676971436,
          "z": 1.582668662071228
        },
        "tail": {
          "x": 0.11570407450199127,
          "y": -0.5165844559669495,
          "z": 1.6718608140945435
        },
        "rotation_quaternion": {
          "w": 0.21085329353809357,
          "x": 0.6563459634780884,
          "y": -0.40187278389930725,
          "z": -0.6027014851570129
        },
        "matrix": [
          [
            -0.04950126260519028,
            -0.2733754813671112,
            -0.9606331586837769,
            0.14773595333099365
          ],
          [
            -0.7816991209983826,
            -0.5880769491195679,
            0.20763473212718964,
            -0.44767844676971436
          ],
          [
            -0.6216933131217957,
            0.761208713054657,
            -0.18458780646324158,
            1.582668662071228
          ],
          [
            0.0,
            0.0,
            0.0,
            1.0
          ]
        ]
      },
      "bone_length_armature_space": 0.11717217812112331,
      "parent": "lowerarm_l",
      "has_children": true,
      "is_end_bone": false
    },
    "index_01_l": {
      "name": "index_01_l",
      "local": {
        "location": {
          "x": 0.0,
          "y": 0.0,
          "z": 0.0
        },
        "rotation_quaternion": {
          "w": 0.991857647895813,
          "x": -0.12621240317821503,
          "y": 0.016211913898587227,
          "z": 0.005102698225528002
        },
        "scale": {
          "x": 1.0,
          "y": 1.0,
          "z": 1.0
        },
        "matrix_basis": [
          [
            0.9994222521781921,
            -0.014214590191841125,
            0.03087177313864231,
            0.0
          ],
          [
            0.006030011456459761,
            0.9680888056755066,
            0.25053492188453674,
            0.0
          ],
          [
            -0.03344786912202835,
            -0.25020402669906616,
            0.9676151871681213,
            0.0
          ],
          [
            0.0,
            0.0,
            0.0,
            1.0
          ]
        ],
        "rotation_mode": "QUATERNION"
      },
      "armature_space": {
        "head": {
          "x": 0.11570407450199127,
          "y": -0.5798284411430359,
          "z": 0.7220067977905273
        },
        "tail": {
          "x": 0.11877430975437164,
          "y": -0.6035349369049072,
          "z": 0.7375518083572388
        }
      },
      "world_space": {
        "head": {
          "x": 0.11570407450199127,
          "y": -0.5165844559669495,
          "z": 1.6718608140945435
        },
        "tail": {
          "x": 0.11877430975437164,
          "y": -0.5402909517288208,
          "z": 1.6874058246612549
        },
        "rotation_quaternion": {
          "w": 0.24591347575187683,
          "x": 0.6965052485466003,
          "y": -0.15437904000282288,
          "z": -0.6561814546585083
        },
        "matrix": [
          [
            0.09118704497814178,
            0.10767325758934021,
            -0.9899958968162537,
            0.11570407450199127
          ],
          [
            -0.5377796292304993,
            -0.8313875794410706,
            -0.1399569809436798,
            -0.5165844559669495
          ],
          [
            -0.8381459712982178,
            0.5451647639274597,
            -0.0179075226187706,
            1.6718608140945435
          ],
          [
            0.0,
            0.0,
            0.0,
            1.0
          ]
        ]
      },
      "bone_length_armature_space": 0.028514411039198315,
      "parent": "metacarpal_index_l",
      "has_children": true,
      "is_end_bone": false
    },
    "index_02_l": {
      "name": "index_02_l",
      "local": {
        "location": {
          "x": 0.0,
          "y": 0.0,
          "z": 0.0
        },
        "rotation_quaternion": {
          "w": 0.9987943768501282,
          "x": 0.048145391047000885,
          "y": 0.006212424952536821,
          "z": -0.007295026909559965
        },
        "scale": {
          "x": 1.0,
          "y": 1.0,
          "z": 1.0
        },
        "matrix_basis": [
          [
            0.999816358089447,
            0.01517066266387701,
            0.01170742604881525,
            0.0
          ],
          [
            -0.01397426426410675,
            0.9952576160430908,
            -0.09626533091068268,
            0.0
          ],
          [
            -0.01311231404542923,
            0.09608405083417892,
            0.9952868819236755,
            0.0
          ],
          [
            0.0,
            0.0,
            0.0,
            1.0
          ]
        ],
        "rotation_mode": "QUATERNION"
      },
      "armature_space": {
        "head": {
          "x": 0.11877401918172836,
          "y": -0.6035351753234863,
          "z": 0.7375522255897522
        },
        "tail": {
          "x": 0.1200365498661995,
          "y": -0.6255782842636108,
          "z": 0.7506135702133179
        }
      },
      "world_space": {
        "head": {
          "x": 0.11877401918172836,
          "y": -0.5402911901473999,
          "z": 1.687406301498413
        },
        "tail": {
          "x": 0.1200365498661995,
          "y": -0.5623342990875244,
          "z": 1.700467586517334
        },
        "rotation_quaternion": {
          "w": 0.20642966032028198,
          "x": 0.6885857582092285,
          "y": -0.1665872037410736,
          "z": -0.6748963594436646
        },
        "matrix": [
          [
            0.03352818265557289,
            0.04921528697013855,
            -0.9982255697250366,
            0.11877401918172836
          ],
          [
            -0.5080567598342896,
            -0.8592710494995117,
            -0.05942906439304352,
            -0.5402911901473999
          ],
          [
            -0.860677182674408,
            0.5091503262519836,
            -0.003805682063102722,
            1.687406301498413
          ],
          [
            0.0,
            0.0,
            0.0,
            1.0
          ]
        ]
      },
      "bone_length_armature_space": 0.02565329164014783,
      "parent": "index_01_l",
      "has_children": true,
      "is_end_bone": false
    },
    "index_03_l": {
      "name": "index_03_l",
      "local": {
        "location": {
          "x": 0.0,
          "y": 0.0,
          "z": 0.0
        },
        "rotation_quaternion": {
          "w": 0.9989723563194275,
          "x": 0.045202355831861496,
          "y": -0.0030853869393467903,
          "z": -0.0012053839163854718
        },
        "scale": {
          "x": 1.0,
          "y": 1.0,
          "z": 1.0
        },
        "matrix_basis": [
          [
            0.9999780654907227,
            0.0021293568424880505,
            -0.006273404695093632,
            0.0
          ],
          [
            -0.002687223954126239,
            0.9959105849266052,
            -0.09030436724424362,
            0.0
          ],
          [
            0.006055460311472416,
            0.09031924605369568,
            0.9958944320678711,
            0.0
          ],
          [
            0.0,
            0.0,
            0.0,
            1.0
          ]
        ],
        "rotation_mode": "QUATERNION"
      },
      "armature_space": {
        "head": {
          "x": 0.12003669142723083,
          "y": -0.6255782842636108,
          "z": 0.7506136298179626
        },
        "tail": {
          "x": 0.11637160181999207,
          "y": -0.6519339084625244,
          "z": 0.7626834511756897
        }
      },
      "world_space": {
        "head": {
          "x": 0.12003669142723083,
          "y": -0.5623342990875244,
          "z": 1.700467586517334
        },
        "tail": {
          "x": 0.11637160181999207,
          "y": -0.588689923286438,
          "z": 1.7125375270843506
        },
        "rotation_quaternion": {
          "w": 0.11642944067716599,
          "x": 0.731813907623291,
          "y": -0.18824821710586548,
          "z": -0.6445582509040833
        },
        "matrix": [
          [
            0.09821492433547974,
            -0.1254364252090454,
            -0.9872283935546875,
            0.12003669142723083
          ],
          [
            -0.42561694979667664,
            -0.9020134210586548,
            0.07226622104644775,
            -0.5623342990875244
          ],
          [
            -0.8995642066001892,
            0.4130854904651642,
            -0.14197984337806702,
            1.700467586517334
          ],
          [
            0.0,
            0.0,
            0.0,
            1.0
          ]
        ]
      },
      "bone_length_armature_space": 0.029218699199197985,
      "parent": "index_02_l",
      "has_children": false,
      "is_end_bone": true
    },
    "metacarpal_pinky_l": {
      "name": "metacarpal_pinky_l",
      "local": {
        "location": {
          "x": 0.0,
          "y": 0.0,
          "z": 0.0
        },
        "rotation_quaternion": {
          "w": 0.9999402165412903,
          "x": -0.006458335556089878,
          "y": 0.008217407390475273,
          "z": -0.0032168454490602016
        },
        "scale": {
          "x": 1.0,
          "y": 1.0,
          "z": 1.0
        },
        "matrix_basis": [
          [
            0.9998442530632019,
            0.006327164825052023,
            0.016475383192300797,
            0.0
          ],
          [
            -0.006539447698742151,
            0.9998958706855774,
            0.012863030657172203,
            0.0
          ],
          [
            -0.016392281278967857,
            -0.012968767434358597,
            0.9997815489768982,
            0.0
          ],
          [
            0.0,
            0.0,
            0.0,
            1.0
          ]
        ],
        "rotation_mode": "QUATERNION"
      },
      "armature_space": {
        "head": {
          "x": 0.14773595333099365,
          "y": -0.5109224319458008,
          "z": 0.6328146457672119
        },
        "tail": {
          "x": 0.15630678832530975,
          "y": -0.6073836088180542,
          "z": 0.6710900068283081
        }
      },
      "world_space": {
        "head": {
          "x": 0.14773595333099365,
          "y": -0.44767844676971436,
          "z": 1.582668662071228
        },
        "tail": {
          "x": 0.15630678832530975,
          "y": -0.5441396236419678,
          "z": 1.6209440231323242
        },
        "rotation_quaternion": {
          "w": 0.025036733597517014,
          "x": 0.3375682532787323,
          "y": 0.19026228785514832,
          "z": 0.9215319752693176
        },
        "matrix": [
          [
            -0.7708420753479004,
            0.08230839669704437,
            0.6316869854927063,
            0.14773595333099365
          ],
          [
            0.17459747195243835,
            -0.9263468980789185,
            0.3337623178958893,
            -0.44767844676971436
          ],
          [
            0.6126370429992676,
            0.36757031083106995,
            0.6997013092041016,
            1.582668662071228
          ],
          [
            0.0,
            0.0,
            0.0,
            1.0
          ]
        ]
      },
      "bone_length_armature_space": 0.10413079055696255,
      "parent": "lowerarm_l",
      "has_children": true,
      "is_end_bone": false
    },
    "pinky_01_l": {
      "name": "pinky_01_l",
      "local": {
        "location": {
          "x": 0.0,
          "y": 0.0,
          "z": 0.0
        },
        "rotation_quaternion": {
          "w": 0.950701892375946,
          "x": 0.3097870647907257,
          "y": -0.012537630274891853,
          "z": -0.006383093073964119
        },
        "scale": {
          "x": 1.0,
          "y": 1.0,
          "z": 1.0
        },
        "matrix_basis": [
          [
            0.9996041059494019,
            0.004368845839053392,
            -0.027793897315859795,
            0.0
          ],
          [
            -0.019904829561710358,
            0.8079824447631836,
            -0.5888702273368835,
            0.0
          ],
          [
            0.019884297624230385,
            0.5891903638839722,
            0.8077495694160461,
            0.0
          ],
          [
            0.0,
            0.0,
            0.0,
            1.0
          ]
        ],
        "rotation_mode": "QUATERNION"
      },
      "armature_space": {
        "head": {
          "x": 0.15630678832530975,
          "y": -0.6073836088180542,
          "z": 0.6710900068283081
        },
