{
  "metadata": {
    "armature_name": "KIM_caucasian_male",
    "export_time": "2026-01-13T21:04:09.314015",
    "blender_version": "4.4.1",
    "bone_count": 56,
    "end_bone_count": 13,
    "spaces_included": [
      "LOCAL_CHANNELS",
      "ARMATURE_SPACE",
      "WORLD_SPACE"
    ],
    "note": "LOCAL matches Transform panel; replay pose via local.matrix_basis for best fidelity."
  },
  "bones": {
    "Root": {
      "name": "Root",
      "local": {
        "location": {
          "x": 0.0,
          "y": 0.0,
          "z": 0.0
        },
        "rotation_quaternion": {
          "w": 0.9997991323471069,
          "x": 0.004187211859971285,
          "y": -0.01708012819290161,
          "z": -0.009616779163479805
        },
        "scale": {
          "x": 1.0,
          "y": 1.0,
          "z": 1.0
        },
        "matrix_basis": [
          [
            0.9992315769195557,
            0.01908665895462036,
            -0.034233931452035904,
            0.0
          ],
          [
            -0.01937273144721985,
            0.999779999256134,
            -0.008044229820370674,
            0.0
          ],
          [
            0.034072861075401306,
            0.00870125275105238,
            0.9993814826011658,
            0.0
          ],
          [
            0.0,
            0.0,
            0.0,
            1.0
          ]
        ],
        "rotation_mode": "QUATERNION"
      },
      "armature_space": {
        "head": {
          "x": 0.0,
          "y": 0.07072800397872925,
          "z": -0.009595036506652832
        },
        "tail": {
          "x": 0.0013623269042000175,
          "y": -6.792694330215454e-05,
          "z": -0.000617537647485733
        }
      },
      "world_space": {
        "head": {
          "x": 0.0,
          "y": 0.13397200405597687,
          "z": 0.9402589797973633
        },
        "tail": {
          "x": 0.0013623269042000175,
          "y": 0.06317607313394547,
          "z": 0.9492364525794983
        },
        "rotation_quaternion": {
          "w": 0.06317641586065292,
          "x": 0.997809886932373,
          "y": 0.008444278500974178,
          "z": -0.017689187079668045
        },
        "matrix": [
          [
            0.9992315769195557,
            0.01908665895462036,
            -0.034233931452035904,
            0.0
          ],
          [
            0.014616483822464943,
            -0.9918748736381531,
            -0.12637533247470856,
            0.13397200405597687
          ],
          [
            -0.03636809438467026,
            0.12577778100967407,
            -0.9913986921310425,
            0.9402589797973633
          ],
          [
            0.0,
            0.0,
            0.0,
            1.0
          ]
        ]
      },
      "bone_length_armature_space": 0.07137587263176459,
      "parent": null,
      "has_children": true,
      "is_end_bone": false
    },
    "spine_01": {
      "name": "spine_01",
      "local": {
        "location": {
          "x": 0.0,
          "y": 0.0,
          "z": 0.0
        },
        "rotation_quaternion": {
          "w": 0.9976965188980103,
          "x": 0.05796242505311966,
          "y": 0.024704013019800186,
          "z": 0.025135746225714684
        },
        "scale": {
          "x": 1.0,
          "y": 1.0,
          "z": 1.0
        },
        "matrix_basis": [
          [
            0.9975157976150513,
            -0.04729188233613968,
            0.0522080734372139,
            0.0
          ],
          [
            0.05301950126886368,
            0.9920170903205872,
            -0.11441591382026672,
            0.0
          ],
          [
            -0.046380359679460526,
            0.11689972877502441,
            0.992060124874115,
            0.0
          ],
          [
            0.0,
            0.0,
            0.0,
            1.0
          ]
        ],
        "rotation_mode": "QUATERNION"
      },
      "armature_space": {
        "head": {
          "x": 0.0013623269042000175,
          "y": -6.792694330215454e-05,
          "z": -0.000617537647485733
        },
        "tail": {
          "x": -0.003464197739958763,
          "y": -0.038702186197042465,
          "z": 0.4858314096927643
        }
      },
      "world_space": {
        "head": {
          "x": 0.0013623269042000175,
          "y": 0.06317607313394547,
          "z": 0.9492364525794983
        },
        "tail": {
          "x": -0.003464197739958763,
          "y": 0.024541813880205154,
          "z": 1.435685396194458
        },
        "rotation_quaternion": {
          "w": 0.6782985329627991,
          "x": 0.7340730428695679,
          "y": 0.01807682402431965,
          "z": 0.026853838935494423
        },
        "matrix": [
          [
            0.9979041814804077,
            -0.009890394285321236,
            0.06394822150468826,
            0.0013623269042000175
          ],
          [
            0.0629691630601883,
            -0.07916836440563202,
            -0.9948705434799194,
            0.06317607313394547
          ],
          [
            0.014902504161000252,
            0.9968190789222717,
            -0.07838110625743866,
            0.9492364525794983
          ],
          [
            0.0,
            0.0,
            0.0,
            1.0
          ]
        ]
      },
      "bone_length_armature_space": 0.4880045819204615,
      "parent": "Root",
      "has_children": true,
      "is_end_bone": false
    },
    "neck_01": {
      "name": "neck_01",
      "local": {
        "location": {
          "x": 0.0,
          "y": 0.0,
          "z": 0.0
        },
        "rotation_quaternion": {
          "w": 0.9939813613891602,
          "x": 0.07488801330327988,
          "y": 0.07962469011545181,
          "z": 0.007273890543729067
        },
        "scale": {
          "x": 1.0,
          "y": 1.0,
          "z": 1.0
        },
        "matrix_basis": [
          [
            0.9872139692306519,
            -0.0025343536399304867,
            0.15938037633895874,
            0.0
          ],
          [
            0.026386093348264694,
            0.9886777400970459,
            -0.1477162092924118,
            0.0
          ],
          [
            -0.15720145404338837,
            0.15003293752670288,
            0.9761033654212952,
            0.0
          ],
          [
            0.0,
            0.0,
            0.0,
            1.0
          ]
        ],
        "rotation_mode": "QUATERNION"
      },
      "armature_space": {
        "head": {
          "x": -0.0019706045277416706,
          "y": -0.07900132238864899,
          "z": 0.5560986399650574
        },
        "tail": {
          "x": 0.00024611596018075943,
          "y": -0.13844411075115204,
          "z": 0.6395992636680603
        }
      },
      "world_space": {
        "head": {
          "x": -0.0019706045277416706,
          "y": -0.015757322311401367,
          "z": 1.5059525966644287
        },
        "tail": {
          "x": 0.00024611596018075943,
          "y": -0.07520011067390442,
          "z": 1.5894532203674316
        },
        "rotation_quaternion": {
          "w": 0.45448657870292664,
          "x": 0.8840020298957825,
          "y": 0.05947597697377205,
          "z": 0.09189688414335251
        },
        "matrix": [
          [
            0.9760351181030273,
            0.02162203937768936,
            0.2165360301733017,
            -0.0019706045277416706
          ],
          [
            0.1886855810880661,
            -0.5798088908195496,
            -0.7926031351089478,
            -0.015757322311401367
          ],
          [
            0.1084127351641655,
            0.8144707083702087,
            -0.5699983239173889,
            1.5059525966644287
          ],
          [
            0.0,
            0.0,
            0.0,
            1.0
          ]
        ]
      },
      "bone_length_armature_space": 0.10252176981865264,
      "parent": "spine_01",
      "has_children": true,
      "is_end_bone": false
    },
    "head": {
      "name": "head",
      "local": {
        "location": {
          "x": 0.0,
          "y": 0.0,
          "z": 0.0
        },
        "rotation_quaternion": {
          "w": 0.9856439828872681,
          "x": 0.08375488221645355,
          "y": 0.1053512915968895,
          "z": 0.10194175690412521
        },
        "scale": {
          "x": 1.0,
          "y": 1.0,
          "z": 1.0
        },
        "matrix_basis": [
          [
            0.9570179581642151,
            -0.1833091825246811,
            0.2247539758682251,
            0.0
          ],
          [
            0.2186039239168167,
            0.9651859998703003,
            -0.14362560212612152,
            0.0
          ],
          [
            -0.19060149788856506,
            0.18658438324928284,
            0.9637724757194519,
            0.0
          ],
          [
            0.0,
            0.0,
            0.0,
            1.0
          ]
        ],
        "rotation_mode": "QUATERNION"
      },
      "armature_space": {
        "head": {
          "x": 0.0002461483236402273,
          "y": -0.138444185256958,
          "z": 0.6395991444587708
        },
        "tail": {
          "x": -0.03032734803855419,
          "y": -0.20923887193202972,
          "z": 0.774159848690033
        }
      },
      "world_space": {
        "head": {
          "x": 0.0002461483236402273,
          "y": -0.07520018517971039,
          "z": 1.5894532203674316
        },
        "tail": {
          "x": -0.03032734803855419,
          "y": -0.1459948718547821,
          "z": 1.7240138053894043
        },
        "rotation_quaternion": {
          "w": 0.520305335521698,
          "x": 0.8188295364379883,
          "y": 0.03233221173286438,
          "z": 0.24032336473464966
        },
        "matrix": [
          [
            0.8823991417884827,
            -0.1971336305141449,
            0.4272119104862213,
            0.0002461483236402273
          ],
          [
            0.3030312657356262,
            -0.456474244594574,
            -0.8365426659584045,
            -0.07520018517971039
          ],
          [
            0.35992467403411865,
            0.8676286339759827,
            -0.3430579900741577,
            1.5894532203674316
          ],
          [
            0.0,
            0.0,
            0.0,
            1.0
          ]
        ]
      },
      "bone_length_armature_space": 0.15509097306720676,
      "parent": "neck_01",
      "has_children": false,
      "is_end_bone": true
    },
    "upperarm_l": {
      "name": "upperarm_l",
      "local": {
        "location": {
          "x": 0.0,
          "y": 0.0,
          "z": 0.0
        },
        "rotation_quaternion": {
          "w": 0.9391282796859741,
          "x": 0.2656083405017853,
          "y": 0.19320915639400482,
          "z": -0.10079997032880783
        },
        "scale": {
          "x": 1.0,
          "y": 1.0,
          "z": 1.0
        },
        "matrix_basis": [
          [
            0.9050191640853882,
            0.2919641435146332,
            0.30934974551200867,
            0.0
          ],
          [
            -0.08669228106737137,
            0.8385831713676453,
            -0.5378315448760986,
            0.0
          ],
          [
            -0.41644299030303955,
            0.4599296450614929,
            0.7842448353767395,
            0.0
          ],
          [
            0.0,
            0.0,
            0.0,
            1.0
          ]
        ],
        "rotation_mode": "QUATERNION"
      },
      "armature_space": {
        "head": {
          "x": 0.14858368039131165,
          "y": -0.067407988011837,
          "z": 0.4910901188850403
        },
        "tail": {
          "x": 0.383606493473053,
          "y": -0.15813419222831726,
          "z": 0.39976224303245544
        }
      },
      "world_space": {
        "head": {
          "x": 0.14858368039131165,
          "y": -0.004163987934589386,
          "z": 1.4409441947937012
        },
        "tail": {
          "x": 0.383606493473053,
          "y": -0.09489019215106964,
          "z": 1.349616289138794
        },
        "rotation_quaternion": {
          "w": 0.18262076377868652,
          "x": 0.6289802193641663,
          "y": 0.5453101992607117,
          "z": -0.5231350660324097
        },
        "matrix": [
          [
            -0.14206922054290771,
            0.8770507574081421,
            -0.45890969038009644,
            0.14858368039131165
          ],
          [
            0.494907021522522,
            -0.3385692238807678,
            -0.8002738952636719,
            -0.004163987934589386
          ],
          [
            -0.8572589755058289,
            -0.3408145606517792,
            -0.38596171140670776,
            1.4409441947937012
          ],
          [
            0.0,
            0.0,
            0.0,
            1.0
          ]
        ]
      },
      "bone_length_armature_space": 0.26796967336645716,
      "parent": "spine_01",
      "has_children": true,
      "is_end_bone": false
    },
    "lowerarm_l": {
      "name": "lowerarm_l",
      "local": {
        "location": {
          "x": 0.0,
          "y": 0.0,
          "z": 0.0
        },
        "rotation_quaternion": {
          "w": 0.9287410974502563,
          "x": 0.3609977662563324,
          "y": 0.08349338173866272,
          "z": -0.0122345807030797
        },
        "scale": {
          "x": 1.0,
          "y": 1.0,
          "z": 1.0
        },
        "matrix_basis": [
          [
            0.985758364200592,
            0.08300736546516418,
            0.14625415205955505,
            0.0
          ],
          [
            0.03755633160471916,
            0.7390618324279785,
            -0.6725899577140808,
            0.0
          ],
          [
            -0.1639207899570465,
            0.6685038805007935,
            0.7254189252853394,
            0.0
          ],
          [
            0.0,
            0.0,
            0.0,
            1.0
          ]
        ],
        "rotation_mode": "QUATERNION"
      },
      "armature_space": {
        "head": {
          "x": 0.38360655307769775,
          "y": -0.1581343114376068,
          "z": 0.39976227283477783
        },
        "tail": {
          "x": 0.4466905891895294,
          "y": -0.3869915008544922,
          "z": 0.27641552686691284
        }
      },
      "world_space": {
        "head": {
          "x": 0.38360655307769775,
          "y": -0.09489031136035919,
          "z": 1.349616289138794
        },
        "tail": {
          "x": 0.4466905891895294,
          "y": -0.32374751567840576,
          "z": 1.2262694835662842
        },
        "rotation_quaternion": {
          "w": 0.08551378548145294,
          "x": -0.6885800957679749,
          "y": -0.25486433506011963,
          "z": 0.6734901666641235
        },
        "matrix": [
          [
            -0.03708968311548233,
            0.23580655455589294,
            -0.9710918664932251,
            0.38360655307769775
          ],
          [
            0.46617448329925537,
            -0.8554625511169434,
            -0.2255338430404663,
            -0.09489031136035919
          ],
          [
            -0.8839207887649536,
            -0.4610671401023865,
            -0.07819899916648865,
            1.349616289138794
          ],
          [
            0.0,
            0.0,
            0.0,
            1.0
          ]
        ]
      },
      "bone_length_armature_space": 0.26752500894406533,
      "parent": "upperarm_l",
      "has_children": true,
      "is_end_bone": false
    },
    "metacarpal_thumb_l": {
      "name": "metacarpal_thumb_l",
      "local": {
        "location": {
          "x": 0.0,
          "y": 0.0,
          "z": 0.0
        },
        "rotation_quaternion": {
          "w": 0.9998871088027954,
          "x": -0.005005412269383669,
          "y": -0.011283311061561108,
          "z": -0.008571014739573002
        },
        "scale": {
          "x": 1.0,
          "y": 1.0,
          "z": 1.0
        },
        "matrix_basis": [
          [
            0.9995984435081482,
            0.017253048717975616,
            -0.022478271275758743,
            0.0
          ],
          [
            -0.01702713966369629,
            0.9998029470443726,
            0.010203112848103046,
            0.0
          ],
          [
            0.02264987677335739,
            -0.009816275909543037,
            0.9996952414512634,
            0.0
          ],
          [
            0.0,
            0.0,
            0.0,
            1.0
          ]
        ],
        "rotation_mode": "QUATERNION"
      },
      "armature_space": {
        "head": {
          "x": 0.4466905891895294,
          "y": -0.3869915008544922,
          "z": 0.27641552686691284
        },
        "tail": {
          "x": 0.42808133363723755,
          "y": -0.42328399419784546,
          "z": 0.24830596148967743
        }
      },
      "world_space": {
        "head": {
          "x": 0.4466905891895294,
          "y": -0.32374751567840576,
          "z": 1.2262694835662842
        },
        "tail": {
          "x": 0.42808133363723755,
          "y": -0.36004000902175903,
          "z": 1.19815993309021
        },
        "rotation_quaternion": {
          "w": 0.3228000998497009,
          "x": -0.9264804720878601,
          "y": 0.17163482308387756,
          "z": 0.08930598199367523
        },
        "matrix": [
          [
            0.9251316785812378,
            -0.37568870186805725,
            -0.05467204004526138,
            0.4466905891895294
          ],
          [
            -0.26037755608558655,
            -0.7326832413673401,
            0.6287915110588074,
            -0.32374751567840576
          ],
          [
            -0.2762892544269562,
            -0.5674840807914734,
            -0.7756544351577759,
            1.2262694835662842
          ],
          [
            0.0,
            0.0,
            0.0,
            1.0
          ]
        ]
      },
      "bone_length_armature_space": 0.04953379801798359,
      "parent": "lowerarm_l",
      "has_children": true,
      "is_end_bone": false
    },
    "thumb_01_l": {
      "name": "thumb_01_l",
      "local": {
        "location": {
          "x": 0.0,
          "y": 0.0,
          "z": 0.0
        },
        "rotation_quaternion": {
          "w": 0.9998226165771484,
          "x": -0.01463080383837223,
          "y": -0.005131876096129417,
          "z": 0.010698996484279633
        },
        "scale": {
          "x": 1.0,
          "y": 1.0,
          "z": 1.0
        },
        "matrix_basis": [
          [
            0.9997183680534363,
            -0.021244030445814133,
            -0.010575001128017902,
            0.0
          ],
          [
            0.021544363349676132,
            0.9993429183959961,
            0.029146606102585793,
            0.0
          ],
          [
            0.00994886178523302,
            -0.029366228729486465,
            0.9995192289352417,
            0.0
          ],
          [
            0.0,
            0.0,
            0.0,
            1.0
          ]
        ],
        "rotation_mode": "QUATERNION"
      },
      "armature_space": {
        "head": {
          "x": 0.42808133363723755,
          "y": -0.42328399419784546,
          "z": 0.24830596148967743
        },
        "tail": {
          "x": 0.4137543737888336,
          "y": -0.4218462407588959,
          "z": 0.2174626737833023
        }
      },
      "world_space": {
        "head": {
          "x": 0.42808133363723755,
          "y": -0.36004000902175903,
          "z": 1.19815993309021
        },
        "tail": {
          "x": 0.4137543737888336,
          "y": -0.35860222578048706,
          "z": 1.1673166751861572
        },
        "rotation_quaternion": {
          "w": 0.3071672022342682,
          "x": -0.5308723449707031,
          "y": 0.653275191783905,
          "z": -0.44390803575515747
        },
        "matrix": [
          [
            -0.24764308333396912,
            -0.4209037721157074,
            0.8726469278335571,
            0.42808133363723755
          ],
          [
            -0.9663200378417969,
            0.0422389879822731,
            -0.2538530230522156,
            -0.36004000902175903
          ],
          [
            0.06998780369758606,
            -0.9061275720596313,
            -0.4171910881996155,
            1.19815993309021
          ],
          [
            0.0,
            0.0,
            0.0,
            1.0
          ]
        ]
      },
      "bone_length_armature_space": 0.03403876203930599,
      "parent": "metacarpal_thumb_l",
      "has_children": true,
      "is_end_bone": false
    },
    "thumb_02_l": {
      "name": "thumb_02_l",
      "local": {
        "location": {
          "x": 0.0,
          "y": 0.0,
          "z": 0.0
        },
        "rotation_quaternion": {
          "w": 0.9973064661026001,
          "x": 0.072738878428936,
          "y": -0.005755429156124592,
          "z": -0.0074751367792487144
        },
        "scale": {
          "x": 1.0,
          "y": 1.0,
          "z": 1.0
        },
        "matrix_basis": [
          [
            0.9998220205307007,
            0.014072717167437077,
            -0.01256731990724802,
            0.0
          ],
          [
            -0.01574729196727276,
            0.9893063306808472,
            -0.14499986171722412,
            0.0
          ],
          [
            0.0103923873975873,
            0.14517195522785187,
            0.9893518686294556,
            0.0
          ],
          [
            0.0,
            0.0,
            0.0,
            1.0
          ]
        ],
        "rotation_mode": "QUATERNION"
      },
      "armature_space": {
        "head": {
          "x": 0.41375434398651123,
          "y": -0.4218462109565735,
          "z": 0.2174626886844635
        },
        "tail": {
          "x": 0.4236951172351837,
          "y": -0.4539862275123596,
          "z": 0.19552217423915863
        }
      },
      "world_space": {
        "head": {
          "x": 0.41375434398651123,
          "y": -0.35860222578048706,
          "z": 1.1673166751861572
        },
        "tail": {
          "x": 0.4236951172351837,
          "y": -0.3907422423362732,
          "z": 1.145376205444336
        },
        "rotation_quaternion": {
          "w": 0.21502596139907837,
          "x": -0.3009645342826843,
          "y": 0.23164203763008118,
          "z": -0.899736762046814
        },
        "matrix": [
          [
            -0.7263680696487427,
            0.2475023865699768,
            0.6411955952644348,
            0.41375434398651123
          ],
          [
            -0.5263658165931702,
            -0.8002117872238159,
            -0.28740209341049194,
            -0.35860222578048706
          ],
          [
            0.44196242094039917,
            -0.5462675094604492,
            0.7115298509597778,
            1.1673166751861572
          ],
          [
            0.0,
            0.0,
            0.0,
            1.0
          ]
        ]
      },
      "bone_length_armature_space": 0.04016448393931084,
      "parent": "thumb_01_l",
      "has_children": true,
      "is_end_bone": false
    },
    "thumb_03_l": {
      "name": "thumb_03_l",
      "local": {
        "location": {
          "x": 0.0,
          "y": 0.0,
          "z": 0.0
        },
        "rotation_quaternion": {
          "w": 0.9986634850502014,
          "x": 0.05160998925566673,
          "y": -0.0027527085039764643,
          "z": 0.00040820956928655505
        },
        "scale": {
          "x": 1.0,
          "y": 1.0,
          "z": 1.0
        },
        "matrix_basis": [
          [
            0.9999845027923584,
            -0.0010994625044986606,
            -0.005455923732370138,
            0.0
          ],
          [
            0.0005311934510245919,
            0.9946724772453308,
            -0.1030842736363411,
            0.0
          ],
          [
            0.00554019445553422,
            0.10307977348566055,
            0.9946576356887817,
            0.0
          ],
          [
            0.0,
            0.0,
            0.0,
            1.0
          ]
        ],
        "rotation_mode": "QUATERNION"
      },
      "armature_space": {
        "head": {
          "x": 0.42369505763053894,
          "y": -0.45398619771003723,
          "z": 0.19552218914031982
        },
        "tail": {
          "x": 0.44042137265205383,
          "y": -0.47772374749183655,
          "z": 0.18637606501579285
        }
      },
      "world_space": {
        "head": {
          "x": 0.42369505763053894,
          "y": -0.3907421827316284,
          "z": 1.145376205444336
        },
        "tail": {
          "x": 0.44042137265205383,
          "y": -0.41447973251342773,
          "z": 1.1362301111221313
        },
        "rotation_quaternion": {
          "w": 0.3009534776210785,
          "x": -0.061411067843437195,
          "y": 0.13993722200393677,
          "z": -0.9413147568702698
        },
        "matrix": [
          [
            -0.8113111257553101,
            0.5493964552879333,
            0.19984392821788788,
            0.42369505763053894
          ],
          [
            -0.5837713479995728,
            -0.7796891927719116,
            -0.22648540139198303,
            -0.3907421827316284
          ],
          [
            0.03138580173254013,
            -0.30041593313217163,
            0.9532989859580994,
            1.145376205444336
          ],
          [
            0.0,
            0.0,
            0.0,
            1.0
          ]
        ]
      },
      "bone_length_armature_space": 0.03044490924083563,
      "parent": "thumb_02_l",
      "has_children": false,
      "is_end_bone": true
    },
    "metacarpal_index_l": {
      "name": "metacarpal_index_l",
      "local": {
        "location": {
          "x": 0.0,
          "y": 0.0,
          "z": 0.0
        },
        "rotation_quaternion": {
          "w": 0.9992184042930603,
          "x": -0.038315024226903915,
          "y": 0.0028702139388769865,
          "z": -0.009295688010752201
        },
        "scale": {
          "x": 1.0,
          "y": 1.0,
          "z": 1.0
        },
        "matrix_basis": [
          [
            0.9998106956481934,
            0.01835690066218376,
            0.006448270287364721,
            0.0
          ],
          [
            -0.01879679039120674,
            0.9968910813331604,
            0.07651679217815399,
            0.0
          ],
          [
            -0.005023612175136805,
            -0.07662351429462433,
            0.9970474243164062,
            0.0
          ],
          [
            0.0,
            0.0,
            0.0,
            1.0
          ]
        ],
        "rotation_mode": "QUATERNION"
      },
      "armature_space": {
        "head": {
          "x": 0.4466905891895294,
          "y": -0.3869915008544922,
          "z": 0.27641552686691284
        },
        "tail": {
          "x": 0.4452250897884369,
          "y": -0.4907056391239166,
          "z": 0.22191323339939117
        }
      },
      "world_space": {
        "head": {
          "x": 0.4466905891895294,
          "y": -0.32374751567840576,
          "z": 1.2262694835662842
        },
        "tail": {
          "x": 0.4452250897884369,
          "y": -0.4274616241455078,
          "z": 1.171767234802246
        },
        "rotation_quaternion": {
          "w": 0.22880442440509796,
          "x": -0.9188718199729919,
          "y": -0.07124338299036026,
          "z": 0.3134444057941437
        },
        "matrix": [
          [
            0.7933539748191833,
            -0.012507297098636627,
            -0.6086319088935852,
            0.4466905891895294
          ],
          [
            0.2743619382381439,
            -0.8851463198661804,
            0.3758212924003601,
            -0.32374751567840576
          ],
          [
            -0.5434322953224182,
            -0.46514877676963806,
            -0.6988075375556946,
            1.2262694835662842
          ],
          [
            0.0,
            0.0,
            0.0,
            1.0
          ]
        ]
      },
      "bone_length_armature_space": 0.117171966250329,
      "parent": "lowerarm_l",
      "has_children": true,
      "is_end_bone": false
    },
    "index_01_l": {
      "name": "index_01_l",
      "local": {
        "location": {
          "x": 0.0,
          "y": 0.0,
          "z": 0.0
        },
        "rotation_quaternion": {
          "w": 0.9932220578193665,
          "x": -0.11447765678167343,
          "y": 0.014874964952468872,
          "z": -0.013550796546041965
        },
        "scale": {
          "x": 1.0,
          "y": 1.0,
          "z": 1.0
        },
        "matrix_basis": [
          [
            0.9991902112960815,
            0.02351219765841961,
            0.03265081346035004,
            0.0
          ],
          [
            -0.030323602259159088,
            0.9734224677085876,
            0.22700032591819763,
            0.0
          ],
          [
            -0.02644575946033001,
            -0.22780659794807434,
            0.9733471870422363,
            0.0
          ],
          [
            0.0,
            0.0,
            0.0,
            1.0
          ]
        ],
        "rotation_mode": "QUATERNION"
      },
      "armature_space": {
        "head": {
          "x": 0.4452250897884369,
          "y": -0.4907056391239166,
          "z": 0.22191323339939117
        },
        "tail": {
          "x": 0.4588707685470581,
          "y": -0.5137571692466736,
          "z": 0.21214117109775543
        }
      },
      "world_space": {
        "head": {
          "x": 0.4452250897884369,
          "y": -0.4274616241455078,
          "z": 1.171767234802246
        },
        "tail": {
          "x": 0.4588707685470581,
          "y": -0.45051318407058716,
          "z": 1.1619951725006104
        },
        "rotation_quaternion": {
          "w": 0.12306096404790878,
          "x": -0.9294993877410889,
          "y": -0.2839842140674591,
          "z": 0.2005992829799652
        },
        "matrix": [
          [
            0.7582253217697144,
            0.47855472564697266,
            -0.4428086578845978,
            0.4452250897884369
          ],
          [
            0.5772983431816101,
            -0.8084180355072021,
            0.11483481526374817,
            -0.4274616241455078
          ],
          [
            -0.3030213415622711,
            -0.3427063822746277,
            -0.8892381191253662,
            1.171767234802246
          ],
          [
            0.0,
            0.0,
            0.0,
            1.0
          ]
        ]
      },
      "bone_length_armature_space": 0.02851439587266217,
      "parent": "metacarpal_index_l",
      "has_children": true,
      "is_end_bone": false
    },
    "index_02_l": {
      "name": "index_02_l",
      "local": {
        "location": {
          "x": 0.0,
          "y": 0.0,
          "z": 0.0
        },
        "rotation_quaternion": {
          "w": 0.9998128414154053,
          "x": 0.01794714480638504,
          "y": 0.00621827132999897,
          "z": -0.003663365263491869
        },
        "scale": {
          "x": 1.0,
          "y": 1.0,
          "z": 1.0
        },
        "matrix_basis": [
          [
            0.9998958110809326,
            0.007548559922724962,
            0.012302720919251442,
            0.0
          ],
          [
            -0.007102158851921558,
            0.9993289709091187,
            -0.035933129489421844,
            0.0
          ],
          [
            -0.012565708719193935,
            0.035842012614011765,
            0.9992784857749939,
            0.0
          ],
          [
            0.0,
            0.0,
            0.0,
            1.0
          ]
        ],
        "rotation_mode": "QUATERNION"
      },
      "armature_space": {
        "head": {
          "x": 0.45887061953544617,
          "y": -0.513757586479187,
          "z": 0.21214082837104797
        },
        "tail": {
          "x": 0.47182539105415344,
          "y": -0.5339401364326477,
          "z": 0.20303422212600708
        }
      },
      "world_space": {
        "head": {
          "x": 0.45887061953544617,
          "y": -0.4505136013031006,
          "z": 1.1619948148727417
        },
        "tail": {
          "x": 0.47182539105415344,
          "y": -0.4706961512565613,
          "z": 1.152888298034668
        },
        "rotation_quaternion": {
          "w": 0.1193554475903511,
          "x": -0.9184251427650452,
          "y": -0.30394455790519714,
          "z": 0.22331014275550842
        },
        "matrix": [
          [
            0.715499997138977,
            0.5049945712089539,
            -0.4827422797679901,
            0.45887061953544617
          ],
          [
            0.6116074323654175,
            -0.7867439985275269,
            0.0834888219833374,
            -0.4505136013031006
          ],
          [
            -0.33763495087623596,
            -0.35498809814453125,
            -0.8717799186706543,
            1.1619948148727417
          ],
          [
            0.0,
            0.0,
            0.0,
            1.0
          ]
        ]
      },
      "bone_length_armature_space": 0.025653298099301197,
      "parent": "index_01_l",
      "has_children": true,
      "is_end_bone": false
    },
    "index_03_l": {
      "name": "index_03_l",
      "local": {
        "location": {
          "x": 0.0,
          "y": 0.0,
          "z": 0.0
        },
        "rotation_quaternion": {
          "w": 0.9999353289604187,
          "x": 0.0088035948574543,
          "y": 0.0070913708768785,
          "z": 0.0012945394264534116
        },
        "scale": {
          "x": 1.0,
          "y": 1.0,
          "z": 1.0
        },
        "matrix_basis": [
          [
            0.9998960494995117,
            -0.00246405228972435,
            0.014204617589712143,
            0.0
          ],
          [
            0.002713770605623722,
            0.9998416304588318,
            -0.01758769154548645,
            0.0
          ],
          [
            -0.014159031212329865,
            0.01762441173195839,
            0.9997444152832031,
            0.0
          ],
          [
            0.0,
            0.0,
            0.0,
            1.0
          ]
        ],
        "rotation_mode": "QUATERNION"
      },
      "armature_space": {
        "head": {
          "x": 0.47182542085647583,
          "y": -0.5339401364326477,
          "z": 0.20303435623645782
        },
        "tail": {
          "x": 0.48681727051734924,
          "y": -0.5548496842384338,
          "z": 0.18918628990650177
        }
      },
      "world_space": {
        "head": {
          "x": 0.47182542085647583,
          "y": -0.4706961512565613,
          "z": 1.1528884172439575
        },
        "tail": {
          "x": 0.48681727051734924,
          "y": -0.4916056990623474,
          "z": 1.1390403509140015
        },
        "rotation_quaternion": {
          "w": 0.19168095290660858,
          "x": -0.9053463339805603,
          "y": -0.3247259557247162,
          "z": 0.19534453749656677
        },
        "matrix": [
          [
            0.7127863764762878,
            0.5130916833877563,
            -0.478196918964386,
            0.47182542085647583
          ],
          [
            0.66286700963974,
            -0.7156229019165039,
            0.22020702064037323,
            -0.4706961512565613
          ],
          [
            -0.22922328114509583,
            -0.4739454686641693,
            -0.8502037525177002,
            1.1528884172439575
          ],
          [
            0.0,
            0.0,
            0.0,
            1.0
          ]
        ]
      },
      "bone_length_armature_space": 0.02921872120608158,
      "parent": "index_02_l",
      "has_children": false,
      "is_end_bone": true
    },
    "metacarpal_pinky_l": {
      "name": "metacarpal_pinky_l",
      "local": {
        "location": {
          "x": 0.0,
          "y": 0.0,
          "z": 0.0
        },
        "rotation_quaternion": {
          "w": 0.9997352957725525,
          "x": 0.004640515893697739,
          "y": -0.01567802019417286,
          "z": -0.016186680644750595
        },
        "scale": {
          "x": 1.0,
          "y": 1.0,
          "z": 1.0
        },
        "matrix_basis": [
          [
            0.9989843964576721,
            0.032219283282756805,
            -0.03149797022342682,
            0.0
          ],
          [
            -0.03251029923558235,
            0.9994329214096069,
            -0.008771024644374847,
            0.0
          ],
          [
            0.03119751065969467,
            0.009786125272512436,
            0.9994653463363647,
            0.0
          ],
          [
            0.0,
            0.0,
            0.0,
            1.0
          ]
        ],
        "rotation_mode": "QUATERNION"
      },
      "armature_space": {
        "head": {
          "x": 0.4466905891895294,
          "y": -0.3869915008544922,
          "z": 0.27641552686691284
        },
        "tail": {
          "x": 0.49775388836860657,
          "y": -0.4661303460597992,
          "z": 0.2319989651441574
        }
      },
      "world_space": {
        "head": {
          "x": 0.4466905891895294,
          "y": -0.32374751567840576,
          "z": 1.2262694835662842
        },
        "tail": {
          "x": 0.49775388836860657,
          "y": -0.4028863310813904,
          "z": 1.18185293674469
        },
        "rotation_quaternion": {
          "w": 0.2202288955450058,
          "x": 0.15495023131370544,
          "y": 0.26739823818206787,
          "z": -0.9251961708068848
        },
        "matrix": [
          [
            -0.8549793362617493,
            0.490376740694046,
            -0.16894003748893738,
            0.4466905891895294
          ],
          [
            -0.3246440589427948,
            -0.7599949240684509,
            -0.5630403161048889,
            -0.32374751567840576
          ],
          [
            -0.40449854731559753,
            -0.42654603719711304,
            0.8089829683303833,
            1.2262694835662842
          ],
          [
            0.0,
            0.0,
            0.0,
            1.0
          ]
        ]
      },
      "bone_length_armature_space": 0.10413091811051725,
      "parent": "lowerarm_l",
      "has_children": true,
      "is_end_bone": false
    },
    "pinky_01_l": {
      "name": "pinky_01_l",
      "local": {
        "location": {
          "x": 0.0,
          "y": 0.0,
          "z": 0.0
        },
        "rotation_quaternion": {
          "w": 0.9588017463684082,
          "x": 0.28349000215530396,
          "y": -0.017491452395915985,
          "z": 0.00516618974506855
        },
        "scale": {
          "x": 1.0,
          "y": 1.0,
          "z": 1.0
        },
        "matrix_basis": [
          [
            0.9993346929550171,
            -0.019824007526040077,
            -0.03061254322528839,
            0.0
          ],
          [
            -1.0600255336612463e-05,
            0.8392134308815002,
            -0.5438021421432495,
            0.0
          ],
          [
            0.036470796912908554,
            0.5434406995773315,
            0.8386549353599548,
            0.0
          ],
          [
            0.0,
            0.0,
            0.0,
            1.0
          ]
        ],
        "rotation_mode": "QUATERNION"
      },
      "armature_space": {
        "head": {
          "x": 0.49775388836860657,
          "y": -0.4661303460597992,
          "z": 0.2319989651441574
