{
  "metadata": {
    "armature_name": "KIM_caucasian_male",
    "export_time": "2026-01-13T20:54:55.750279",
    "blender_version": "4.4.1",
    "bone_count": 56,
    "end_bone_count": 13,
    "spaces_included": [
      "LOCAL_CHANNELS",
      "ARMATURE_SPACE",
      "WORLD_SPACE"
    ],
    "note": "LOCAL matches Transform panel; replay pose via local.matrix_basis for best fidelity."
  },
  "bones": {
    "Root": {
      "name": "Root",
      "local": {
        "location": {
          "x": 0.0,
          "y": 0.0,
          "z": 0.0
        },
        "rotation_quaternion": {
          "w": 0.9994807839393616,
          "x": -0.008968690410256386,
          "y": 0.007340768352150917,
          "z": -0.030063703656196594
        },
        "scale": {
          "x": 1.0,
          "y": 1.0,
          "z": 1.0
        },
        "matrix_basis": [
          [
            0.998084545135498,
            0.05996451526880264,
            0.015213177539408207,
            0.0
          ],
          [
            -0.06022786349058151,
            0.998031497001648,
            0.017486685886979103,
            0.0
          ],
          [
            -0.014134650118649006,
            -0.01836944930255413,
            0.9997313618659973,
            0.0
          ],
          [
            0.0,
            0.0,
            0.0,
            1.0
          ]
        ],
        "rotation_mode": "QUATERNION"
      },
      "armature_space": {
        "head": {
          "x": 0.0,
          "y": 0.07072800397872925,
          "z": -0.009595036506652832
        },
        "tail": {
          "x": 0.004280019551515579,
          "y": 0.0003154873847961426,
          "z": 0.001280355267226696
        }
      },
      "world_space": {
        "head": {
          "x": 0.0,
          "y": 0.13397200405597687,
          "z": 0.9402589797973633
        },
        "tail": {
          "x": 0.004280019551515579,
          "y": 0.06355948746204376,
          "z": 0.9511343836784363
        },
        "rotation_quaternion": {
          "w": 0.07628100365400314,
          "x": 0.9966059923171997,
          "y": 0.030489938333630562,
          "z": 0.005298761650919914
        },
        "matrix": [
          [
            0.998084545135498,
            0.05996451526880264,
            0.015213177539408207,
            0.0
          ],
          [
            0.06158130243420601,
            -0.9865031242370605,
            -0.1517215520143509,
            0.13397200405597687
          ],
          [
            0.005910038948059082,
            0.15236790478229523,
            -0.9883132576942444,
            0.9402589797973633
          ],
          [
            0.0,
            0.0,
            0.0,
            1.0
          ]
        ]
      },
      "bone_length_armature_space": 0.07137587115604384,
      "parent": null,
      "has_children": true,
      "is_end_bone": false
    },
    "spine_01": {
      "name": "spine_01",
      "local": {
        "location": {
          "x": 0.0,
          "y": 0.0,
          "z": 0.0
        },
        "rotation_quaternion": {
          "w": 0.999781608581543,
          "x": -0.014968320727348328,
          "y": -0.008572827093303204,
          "z": -0.011800072155892849
        },
        "scale": {
          "x": 1.0,
          "y": 1.0,
          "z": 1.0
        },
        "matrix_basis": [
          [
            0.9995745420455933,
            0.023851631209254265,
            -0.016788655892014503,
            0.0
          ],
          [
            -0.023338347673416138,
            0.999273419380188,
            0.03013242408633232,
            0.0
          ],
          [
            0.017495164647698402,
            -0.029727783054113388,
            0.9994049072265625,
            0.0
          ],
          [
            0.0,
            0.0,
            0.0,
            1.0
          ]
        ],
        "rotation_mode": "QUATERNION"
      },
      "armature_space": {
        "head": {
          "x": 0.004280019551515579,
          "y": 0.0003154873847961426,
          "z": 0.001280355267226696
        },
        "tail": {
          "x": 0.01019383780658245,
          "y": 0.04686272516846657,
          "z": 0.48702406883239746
        }
      },
      "world_space": {
        "head": {
          "x": 0.004280019551515579,
          "y": 0.06355948746204376,
          "z": 0.9511343836784363
        },
        "tail": {
          "x": 0.01019383780658245,
          "y": 0.11010672152042389,
          "z": 1.4368780851364136
        },
        "rotation_quaternion": {
          "w": 0.73978191614151,
          "x": 0.6724599003791809,
          "y": 0.02035294659435749,
          "z": 0.01031021773815155
        },
        "matrix": [
          [
            0.9989588856697083,
            0.012118449434638023,
            0.043979812413454056,
            0.004280019551515579
          ],
          [
            0.04262761026620865,
            0.09538344293832779,
            -0.9945275783538818,
            0.06355948746204376
          ],
          [
            -0.016247151419520378,
            0.9953739643096924,
            0.09476728737354279,
            0.9511343836784363
          ],
          [
            0.0,
            0.0,
            0.0,
            1.0
          ]
        ]
      },
      "bone_length_armature_space": 0.4880046690466189,
      "parent": "Root",
      "has_children": true,
      "is_end_bone": false
    },
    "neck_01": {
      "name": "neck_01",
      "local": {
        "location": {
          "x": 0.0,
          "y": 0.0,
          "z": 0.0
        },
        "rotation_quaternion": {
          "w": 0.9902924299240112,
          "x": -0.01220124214887619,
          "y": 0.03188282251358032,
          "z": -0.13474278151988983
        },
        "scale": {
          "x": 1.0,
          "y": 1.0,
          "z": 1.0
        },
        "matrix_basis": [
          [
            0.9616557359695435,
            0.2660914957523346,
            0.06643469631671906,
            0.0
          ],
          [
            -0.26764753460884094,
            0.9633910059928894,
            0.015573634766042233,
            0.0
          ],
          [
            -0.05985857546329498,
            -0.032757554203271866,
            0.9976692199707031,
            0.0
          ],
          [
            0.0,
            0.0,
            0.0,
            1.0
          ]
        ],
        "rotation_mode": "QUATERNION"
      },
      "armature_space": {
        "head": {
          "x": 0.012606371194124222,
          "y": 0.0193558968603611,
          "z": 0.5631904006004333
        },
        "tail": {
          "x": 0.0425017811357975,
          "y": -0.004917431622743607,
          "z": 0.6582052111625671
        }
      },
      "world_space": {
        "head": {
          "x": 0.012606371194124222,
          "y": 0.08259989321231842,
          "z": 1.5130443572998047
        },
        "tail": {
          "x": 0.0425017811357975,
          "y": 0.05832656845450401,
          "z": 1.6080591678619385
        },
        "rotation_quaternion": {
          "w": 0.5996742248535156,
          "x": 0.7848464846611023,
          "y": 0.14835359156131744,
          "z": -0.04896989464759827
        },
        "matrix": [
          [
            0.9511860609054565,
            0.29160183668136597,
            0.10106146335601807,
            0.012606371194124222
          ],
          [
            0.1741391122341156,
            -0.23676367104053497,
            -0.955834150314331,
            0.08259989321231842
          ],
          [
            -0.2547968626022339,
            0.9267809987068176,
            -0.2759883999824524,
            1.5130443572998047
          ],
          [
            0.0,
            0.0,
            0.0,
            1.0
          ]
        ]
      },
      "bone_length_armature_space": 0.10252192217756312,
      "parent": "spine_01",
      "has_children": true,
      "is_end_bone": false
    },
    "head": {
      "name": "head",
      "local": {
        "location": {
          "x": 0.0,
          "y": 0.0,
          "z": 0.0
        },
        "rotation_quaternion": {
          "w": 0.970387876033783,
          "x": -0.08394081145524979,
          "y": 0.08786842972040176,
          "z": -0.20875941216945648
        },
        "scale": {
          "x": 1.0,
          "y": 1.0,
          "z": 1.0
        },
        "matrix_basis": [
          [
            0.8973972797393799,
            0.39040371775627136,
            0.20557978749275208,
            0.0
          ],
          [
            -0.41990670561790466,
            0.898746907711029,
            0.12622356414794922,
            0.0
          ],
          [
            -0.13548605144023895,
            -0.19959701597690582,
            0.970466136932373,
            0.0
          ],
          [
            0.0,
            0.0,
            0.0,
            1.0
          ]
        ],
        "rotation_mode": "QUATERNION"
      },
      "armature_space": {
        "head": {
          "x": 0.0425017774105072,
          "y": -0.004917562007904053,
          "z": 0.6582050919532776
        },
        "tail": {
          "x": 0.12676869332790375,
          "y": 0.05308343470096588,
          "z": 0.774773359298706
        }
      },
      "world_space": {
        "head": {
          "x": 0.0425017774105072,
          "y": 0.05832643806934357,
          "z": 1.6080591678619385
        },
        "tail": {
          "x": 0.12676869332790375,
          "y": 0.1163274347782135,
          "z": 1.7246273756027222
        },
        "rotation_quaternion": {
          "w": 0.7497727870941162,
          "x": 0.5498677492141724,
          "y": 0.3533143699169159,
          "z": -0.10322427749633789
        },
        "matrix": [
          [
            0.7290283441543579,
            0.5433412790298462,
            0.4162905812263489,
            0.0425017774105072
          ],
          [
            0.23376023769378662,
            0.373982310295105,
            -0.8974930047988892,
            0.05832643806934357
          ],
          [
            -0.6433344483375549,
            0.7516157031059265,
            0.14563235640525818,
            1.6080591678619385
          ],
          [
            0.0,
            0.0,
            0.0,
            1.0
          ]
        ]
      },
      "bone_length_armature_space": 0.15509090926398084,
      "parent": "neck_01",
      "has_children": false,
      "is_end_bone": true
    },
    "upperarm_l": {
      "name": "upperarm_l",
      "local": {
        "location": {
          "x": 0.0,
          "y": 0.0,
          "z": 0.0
        },
        "rotation_quaternion": {
          "w": 0.9402050971984863,
          "x": 0.27239570021629333,
          "y": -0.20249812304973602,
          "z": -0.028449608013033867
        },
        "scale": {
          "x": 1.0,
          "y": 1.0,
          "z": 1.0
        },
        "matrix_basis": [
          [
            0.9163702726364136,
            -0.05682230368256569,
            -0.39627864956855774,
            0.0
          ],
          [
            -0.1638161689043045,
            0.8499823808670044,
            -0.500693678855896,
            0.0
          ],
          [
            0.365280419588089,
            0.5237376093864441,
            0.7695901989936829,
            0.0
          ],
          [
            0.0,
            0.0,
            0.0,
            1.0
          ]
        ],
        "rotation_mode": "QUATERNION"
      },
      "armature_space": {
        "head": {
          "x": 0.16177602112293243,
          "y": 0.016167856752872467,
          "z": 0.49415868520736694
        },
        "tail": {
          "x": 0.4007105231285095,
          "y": -0.10416850447654724,
          "z": 0.5095567107200623
        }
      },
      "world_space": {
        "head": {
          "x": 0.16177602112293243,
          "y": 0.07941185683012009,
          "z": 1.4440126419067383
        },
        "tail": {
          "x": 0.4007105231285095,
          "y": -0.04092450439929962,
          "z": 1.4594106674194336
        },
        "rotation_quaternion": {
          "w": 0.4620780944824219,
          "x": 0.4510173499584198,
          "y": 0.24889615178108215,
          "z": -0.7218850255012512
        },
        "matrix": [
          [
            -0.16613367199897766,
            0.8916482925415039,
            -0.42114484310150146,
            0.16177602112293243
          ],
          [
            -0.4426223337650299,
            -0.44906750321388245,
            -0.776159942150116,
            0.07941185683012009
          ],
          [
            -0.8811905980110168,
            0.05746177211403847,
            0.4692712128162384,
            1.4440126419067383
          ],
          [
            0.0,
            0.0,
            0.0,
            1.0
          ]
        ]
      },
      "bone_length_armature_space": 0.26796946885624906,
      "parent": "spine_01",
      "has_children": true,
      "is_end_bone": false
    },
    "lowerarm_l": {
      "name": "lowerarm_l",
      "local": {
        "location": {
          "x": 0.0,
          "y": 0.0,
          "z": 0.0
        },
        "rotation_quaternion": {
          "w": 0.9292733669281006,
          "x": 0.2894436717033386,
          "y": 0.024032143875956535,
          "z": -0.228245347738266
        },
        "scale": {
          "x": 1.0,
          "y": 1.0,
          "z": 1.0
        },
        "matrix_basis": [
          [
            0.8946530222892761,
            0.43811655044555664,
            -0.08746348321437836,
            0.0
          ],
          [
            -0.41029274463653564,
            0.7282528281211853,
            -0.5489150285720825,
            0.0
          ],
          [
            -0.1767932027578354,
            0.5269741415977478,
            0.8312896490097046,
            0.0
          ],
          [
            0.0,
            0.0,
            0.0,
            1.0
          ]
        ],
        "rotation_mode": "QUATERNION"
      },
      "armature_space": {
        "head": {
          "x": 0.4007105827331543,
          "y": -0.10416853427886963,
          "z": 0.5095568299293518
        },
        "tail": {
          "x": 0.4741555452346802,
          "y": -0.36055323481559753,
          "z": 0.5305826663970947
        }
      },
      "world_space": {
        "head": {
          "x": 0.4007105827331543,
          "y": -0.04092453420162201,
          "z": 1.4594109058380127
        },
        "tail": {
          "x": 0.4741555452346802,
          "y": -0.2973092198371887,
          "z": 1.4804366827011108
        },
        "rotation_quaternion": {
          "w": 0.13879767060279846,
          "x": 0.5219870805740356,
          "y": 0.03943752124905586,
          "z": -0.8406600952148438
        },
        "matrix": [
          [
            -0.4165293574333191,
            0.27453553676605225,
            -0.8666795492172241,
            0.4007105827331543
          ],
          [
            -0.1921922266483307,
            -0.9583597779273987,
            -0.21120864152908325,
            -0.04092453420162201
          ],
          [
            -0.8885814547538757,
            0.0785941630601883,
            0.45195162296295166,
            1.4594109058380127
          ],
          [
            0.0,
            0.0,
            0.0,
            1.0
          ]
        ]
      },
      "bone_length_armature_space": 0.2675245050320379,
      "parent": "upperarm_l",
      "has_children": true,
      "is_end_bone": false
    },
    "metacarpal_thumb_l": {
      "name": "metacarpal_thumb_l",
      "local": {
        "location": {
          "x": 0.0,
          "y": 0.0,
          "z": 0.0
        },
        "rotation_quaternion": {
          "w": 0.9994623064994812,
          "x": -0.030965356156229973,
          "y": 0.0021572629921138287,
          "z": -0.010567729361355305
        },
        "scale": {
          "x": 1.0,
          "y": 1.0,
          "z": 1.0
        },
        "matrix_basis": [
          [
            0.9997673630714417,
            0.020990492776036263,
            0.0049666729755699635,
            0.0
          ],
          [
            -0.02125769481062889,
            0.9978589415550232,
            0.06185181811451912,
            0.0
          ],
          [
            -0.003657739143818617,
            -0.06194300577044487,
            0.9980729818344116,
            0.0
          ],
          [
            0.0,
            0.0,
            0.0,
            1.0
          ]
        ],
        "rotation_mode": "QUATERNION"
      },
      "armature_space": {
        "head": {
          "x": 0.4741555452346802,
          "y": -0.36055323481559753,
          "z": 0.5305826663970947
        },
        "tail": {
          "x": 0.45804253220558167,
          "y": -0.40618258714675903,
          "z": 0.541161835193634
        }
      },
      "world_space": {
        "head": {
          "x": 0.4741555452346802,
          "y": -0.2973092198371887,
          "z": 1.4804366827011108
        },
        "tail": {
          "x": 0.45804253220558167,
          "y": -0.3429386019706726,
          "z": 1.491015911102295
        },
        "rotation_quaternion": {
          "w": 0.07037970423698425,
          "x": 0.9567779302597046,
          "y": -0.18562743067741394,
          "z": -0.21252094209194183
        },
        "matrix": [
          [
            0.840754508972168,
            -0.3252943754196167,
            -0.4327993392944336,
            0.4741555452346802
          ],
          [
            -0.38512301445007324,
            -0.9211782813072205,
            -0.05577585846185684,
            -0.2973092198371887
          ],
          [
            -0.3805449306964874,
            0.21357548236846924,
            -0.8997696042060852,
            1.4804366827011108
          ],
          [
            0.0,
            0.0,
            0.0,
            1.0
          ]
        ]
      },
      "bone_length_armature_space": 0.04953368285707066,
      "parent": "lowerarm_l",
      "has_children": true,
      "is_end_bone": false
    },
    "thumb_01_l": {
      "name": "thumb_01_l",
      "local": {
        "location": {
          "x": 0.0,
          "y": 0.0,
          "z": 0.0
        },
        "rotation_quaternion": {
          "w": 0.9979528784751892,
          "x": -0.06279486417770386,
          "y": -0.01074783131480217,
          "z": -0.0056077237240970135
        },
        "scale": {
          "x": 1.0,
          "y": 1.0,
          "z": 1.0
        },
        "matrix_basis": [
          [
            0.9997060894966125,
            0.012542305514216423,
            -0.020747385919094086,
            0.0
          ],
          [
            -0.009842670522630215,
            0.9920507073402405,
            0.1254531741142273,
            0.0
          ],
          [
            0.02215593121945858,
            -0.12521208822727203,
            0.9918825626373291,
            0.0
          ],
          [
            0.0,
            0.0,
            0.0,
            1.0
          ]
        ],
        "rotation_mode": "QUATERNION"
      },
      "armature_space": {
        "head": {
          "x": 0.45804253220558167,
          "y": -0.40618258714675903,
          "z": 0.541161835193634
        },
        "tail": {
          "x": 0.4332585036754608,
          "y": -0.42483755946159363,
          "z": 0.5271485447883606
        }
      },
      "world_space": {
        "head": {
          "x": 0.45804253220558167,
          "y": -0.3429386019706726,
          "z": 1.491015911102295
        },
        "tail": {
          "x": 0.4332585036754608,
          "y": -0.3615935444831848,
          "z": 1.4770026206970215
        },
        "rotation_quaternion": {
          "w": 0.03803960233926773,
          "x": 0.7287400364875793,
          "y": -0.4738406538963318,
          "z": 0.4929159879684448
        },
        "matrix": [
          [
            0.06501597166061401,
            -0.7281161546707153,
            0.6823633909225464,
            0.45804253220558167
          ],
          [
            -0.6531122922897339,
            -0.5480538010597229,
            -0.5225721597671509,
            -0.3429386019706726
          ],
          [
            0.7544697523117065,
            -0.41168782114982605,
            -0.5111780166625977,
            1.491015911102295
          ],
          [
            0.0,
            0.0,
            0.0,
            1.0
          ]
        ]
      },
      "bone_length_armature_space": 0.0340386302724163,
      "parent": "metacarpal_thumb_l",
      "has_children": true,
      "is_end_bone": false
    },
    "thumb_02_l": {
      "name": "thumb_02_l",
      "local": {
        "location": {
          "x": 0.0,
          "y": 0.0,
          "z": 0.0
        },
        "rotation_quaternion": {
          "w": 0.9955586194992065,
          "x": 0.09403251111507416,
          "y": 0.00058509293012321,
          "z": -0.004547020420432091
        },
        "scale": {
          "x": 1.0,
          "y": 1.0,
          "z": 1.0
        },
        "matrix_basis": [
          [
            0.9999579787254333,
            0.009163686074316502,
            0.0003098531160503626,
            0.0
          ],
          [
            -0.008943615481257439,
            0.9822744131088257,
            -0.18723507225513458,
            0.0
          ],
          [
            -0.002020124113187194,
            0.18722443282604218,
            0.9823150634765625,
            0.0
          ],
          [
            0.0,
            0.0,
            0.0,
            1.0
          ]
        ],
        "rotation_mode": "QUATERNION"
      },
      "armature_space": {
        "head": {
          "x": 0.4332584738731384,
          "y": -0.42483749985694885,
          "z": 0.5271485447883606
        },
        "tail": {
          "x": 0.44392865896224976,
          "y": -0.46352383494377136,
          "z": 0.5287898778915405
        }
      },
      "world_space": {
        "head": {
          "x": 0.4332584738731384,
          "y": -0.36159348487854004,
          "z": 1.4770026206970215
        },
        "tail": {
          "x": 0.44392865896224976,
          "y": -0.40027981996536255,
          "z": 1.4786438941955566
        },
        "rotation_quaternion": {
          "w": 0.09857995063066483,
          "x": -0.5631842017173767,
          "y": -0.09317811578512192,
          "z": -0.8151217103004456
        },
        "matrix": [
          [
            -0.3462110757827759,
            0.26566267013549805,
            0.8997562527656555,
            0.4332584738731384
          ],
          [
            -0.05575628951191902,
            -0.9631996154785156,
            0.2629408836364746,
            -0.36159348487854004
          ],
          [
            0.9365050792694092,
            0.04086536169052124,
            0.34828537702560425,
            1.4770026206970215
          ],
          [
            0.0,
            0.0,
            0.0,
            1.0
          ]
        ]
      },
      "bone_length_armature_space": 0.04016440332852283,
      "parent": "thumb_01_l",
      "has_children": true,
      "is_end_bone": false
    },
    "thumb_03_l": {
      "name": "thumb_03_l",
      "local": {
        "location": {
          "x": 0.0,
          "y": 0.0,
          "z": 0.0
        },
        "rotation_quaternion": {
          "w": 0.9988319873809814,
          "x": 0.04825005307793617,
          "y": 0.0021481700241565704,
          "z": -0.00144981499761343
        },
        "scale": {
          "x": 1.0,
          "y": 1.0,
          "z": 1.0
        },
        "matrix_basis": [
          [
            0.9999865889549255,
            0.003103541908785701,
            0.00415141461417079,
            0.0
          ],
          [
            -0.002688944572582841,
            0.9953396320343018,
            -0.09639362245798111,
            0.0
          ],
          [
            -0.004431229084730148,
            0.09638116508722305,
            0.9953346252441406,
            0.0
          ],
          [
            0.0,
            0.0,
            0.0,
            1.0
          ]
        ],
        "rotation_mode": "QUATERNION"
      },
      "armature_space": {
        "head": {
          "x": 0.4439285695552826,
          "y": -0.46352383494377136,
          "z": 0.5287899374961853
        },
        "tail": {
          "x": 0.46242755651474,
          "y": -0.48765796422958374,
          "z": 0.5302808284759521
        }
      },
      "world_space": {
        "head": {
          "x": 0.4439285695552826,
          "y": -0.40027981996536255,
          "z": 1.4786438941955566
        },
        "tail": {
          "x": 0.46242755651474,
          "y": -0.4244139790534973,
          "z": 1.4801348447799683
        },
        "rotation_quaternion": {
          "w": 0.28401660919189453,
          "x": -0.3772377669811249,
          "y": -0.1515803039073944,
          "z": -0.8683604001998901
        },
        "matrix": [
          [
            -0.5540521740913391,
            0.6076222062110901,
            0.5690532326698303,
            0.4439285695552826
          ],
          [
            -0.37889406085014343,
            -0.7927151918411255,
            0.47753751277923584,
            -0.40027981996536255
          ],
          [
            0.7412644624710083,
            0.04896941035985947,
            0.6694352030754089,
            1.4786438941955566
          ],
          [
            0.0,
            0.0,
            0.0,
            1.0
          ]
        ]
      },
      "bone_length_armature_space": 0.030444892302580524,
      "parent": "thumb_02_l",
      "has_children": false,
      "is_end_bone": true
    },
    "metacarpal_index_l": {
      "name": "metacarpal_index_l",
      "local": {
        "location": {
          "x": 0.0,
          "y": 0.0,
          "z": 0.0
        },
        "rotation_quaternion": {
          "w": 0.9979802370071411,
          "x": -0.06169424578547478,
          "y": -0.012995703145861626,
          "z": -0.007773291319608688
        },
        "scale": {
          "x": 1.0,
          "y": 1.0,
          "z": 1.0
        },
        "matrix_basis": [
          [
            0.9995414018630981,
            0.017118701711297035,
            -0.02497977577149868,
            0.0
          ],
          [
            -0.013911661691963673,
            0.9922667741775513,
            0.12334131449460983,
            0.0
          ],
          [
            0.02689804509282112,
            -0.12293723970651627,
            0.9920498728752136,
            0.0
          ],
          [
            0.0,
            0.0,
            0.0,
            1.0
          ]
        ],
        "rotation_mode": "QUATERNION"
      },
      "armature_space": {
        "head": {
          "x": 0.4741555452346802,
          "y": -0.36055323481559753,
          "z": 0.5305826663970947
        },
        "tail": {
          "x": 0.4848240315914154,
          "y": -0.47455793619155884,
          "z": 0.5554489493370056
        }
      },
      "world_space": {
        "head": {
          "x": 0.4741555452346802,
          "y": -0.2973092198371887,
          "z": 1.4804366827011108
        },
        "tail": {
          "x": 0.4848240315914154,
          "y": -0.4113139510154724,
          "z": 1.505302906036377
        },
        "rotation_quaternion": {
          "w": 0.11513674259185791,
          "x": 0.8498878479003906,
          "y": -0.016064267605543137,
          "z": -0.5139807462692261
        },
        "matrix": [
          [
            0.4711316227912903,
            0.09104989469051361,
            -0.8773510456085205,
            0.4741555452346802
          ],
          [
            -0.14566197991371155,
            -0.9729711413383484,
            -0.17919284105300903,
            -0.2973092198371887
          ],
          [
            -0.8699589967727661,
            0.21222072839736938,
            -0.44513821601867676,
            1.4804366827011108
          ],
          [
            0.0,
            0.0,
            0.0,
            1.0
          ]
        ]
      },
      "bone_length_armature_space": 0.11717175769743404,
      "parent": "lowerarm_l",
      "has_children": true,
      "is_end_bone": false
    },
    "index_01_l": {
      "name": "index_01_l",
      "local": {
        "location": {
          "x": 0.0,
          "y": 0.0,
          "z": 0.0
        },
        "rotation_quaternion": {
          "w": 0.9946290850639343,
          "x": -0.10053445398807526,
          "y": -0.01801416464149952,
          "z": 0.01677839271724224
        },
        "scale": {
          "x": 1.0,
          "y": 1.0,
          "z": 1.0
        },
        "matrix_basis": [
          [
            0.9987879395484924,
            -0.02975446730852127,
            -0.039208438247442245,
            0.0
          ],
          [
            0.03699864447116852,
            0.9792225956916809,
            0.19938448071479797,
            0.0
          ],
          [
            0.03246121108531952,
            -0.2005934864282608,
            0.9791366457939148,
            0.0
          ],
          [
            0.0,
            0.0,
            0.0,
            1.0
          ]
        ],
        "rotation_mode": "QUATERNION"
      },
      "armature_space": {
        "head": {
          "x": 0.4848240315914154,
          "y": -0.47455793619155884,
          "z": 0.5554489493370056
        },
        "tail": {
          "x": 0.4993768036365509,
          "y": -0.4989790618419647,
          "z": 0.5576614737510681
        }
      },
      "world_space": {
        "head": {
          "x": 0.4848240315914154,
          "y": -0.4113139510154724,
          "z": 1.505302906036377
        },
        "tail": {
          "x": 0.4993768036365509,
          "y": -0.4357350468635559,
          "z": 1.5075154304504395
        },
        "rotation_quaternion": {
          "w": 0.17329376935958862,
          "x": 0.8200715780258179,
          "y": 0.20431435108184814,
          "z": -0.5056754350662231
        },
        "matrix": [
          [
            0.40509578585624695,
            0.5103662014007568,
            -0.7585669159889221,
            0.4848240315914154
          ],
          [
            0.15984414517879486,
            -0.8564494848251343,
            -0.49086087942123413,
            -0.4113139510154724
          ],
          [
            -0.9001992344856262,
            0.07759296894073486,
            -0.42852655053138733,
            1.505302906036377
          ],
          [
            0.0,
            0.0,
            0.0,
            1.0
          ]
        ]
      },
      "bone_length_armature_space": 0.028514379286745897,
      "parent": "metacarpal_index_l",
      "has_children": true,
      "is_end_bone": false
    },
    "index_02_l": {
      "name": "index_02_l",
      "local": {
        "location": {
          "x": 0.0,
          "y": 0.0,
          "z": 0.0
        },
        "rotation_quaternion": {
          "w": 0.9995791912078857,
          "x": 0.027230536565184593,
          "y": -0.009854216128587723,
          "z": -0.0017205202020704746
        },
        "scale": {
          "x": 1.0,
          "y": 1.0,
          "z": 1.0
        },
        "matrix_basis": [
          [
            0.9997998476028442,
            0.002902921289205551,
            -0.019793840125203133,
            0.0
          ],
          [
            -0.0039762635715305805,
            0.9985110759735107,
            -0.05440424755215645,
            0.0
          ],
          [
            0.019606437534093857,
            0.05447206273674965,
            0.9983227849006653,
            0.0
          ],
          [
            0.0,
            0.0,
            0.0,
            1.0
          ]
        ],
        "rotation_mode": "QUATERNION"
      },
      "armature_space": {
        "head": {
          "x": 0.49937665462493896,
          "y": -0.4989795684814453,
          "z": 0.5576615929603577
        },
        "tail": {
          "x": 0.5123873353004456,
          "y": -0.5210629105567932,
          "z": 0.5587285757064819
        }
      },
      "world_space": {
        "head": {
          "x": 0.49937665462493896,
          "y": -0.4357355833053589,
          "z": 1.5075156688690186
        },
        "tail": {
          "x": 0.5123873353004456,
          "y": -0.4578189253807068,
          "z": 1.508582592010498
        },
        "rotation_quaternion": {
          "w": 0.16632887721061707,
          "x": 0.7958610653877258,
          "y": 0.20473168790340424,
          "z": -0.5449999570846558
        },
        "matrix": [
          [
            0.32211965322494507,
            0.5071749687194824,
            -0.7993825078010559,
            0.49937665462493896
          ],
          [
            0.14457757771015167,
            -0.8608388304710388,
            -0.4879077076911926,
            -0.4357355833053589
          ],
          [
            -0.9356006979942322,
            0.04159138351678848,
            -0.35062217712402344,
            1.5075156688690186
          ],
          [
            0.0,
            0.0,
            0.0,
            1.0
          ]
        ]
      },
      "bone_length_armature_space": 0.025653270115533748,
      "parent": "index_01_l",
      "has_children": true,
      "is_end_bone": false
    },
    "index_03_l": {
      "name": "index_03_l",
      "local": {
        "location": {
          "x": 0.0,
          "y": 0.0,
          "z": 0.0
        },
        "rotation_quaternion": {
          "w": 0.9996686577796936,
          "x": 0.02567026950418949,
          "y": 4.138797976338537e-06,
          "z": -0.0019412185065448284
        },
        "scale": {
          "x": 1.0,
          "y": 1.0,
          "z": 1.0
        },
        "matrix_basis": [
          [
            0.9999924898147583,
            0.003881363198161125,
            -9.138834866462275e-05,
            0.0
          ],
          [
            -0.0038809380494058132,
            0.9986745119094849,
            -0.0513235442340374,
            0.0
          ],
          [
            -0.00010793805995490402,
            0.05132351070642471,
            0.9986820816993713,
            0.0
          ],
          [
            0.0,
            0.0,
            0.0,
            1.0
          ]
        ],
        "rotation_mode": "QUATERNION"
      },
      "armature_space": {
        "head": {
          "x": 0.5123874545097351,
          "y": -0.5210628509521484,
          "z": 0.5587286353111267
        },
        "tail": {
          "x": 0.5246751308441162,
          "y": -0.547413170337677,
          "z": 0.5558293461799622
        }
      },
      "world_space": {
        "head": {
          "x": 0.5123874545097351,
          "y": -0.457818865776062,
          "z": 1.508582592010498
        },
        "tail": {
          "x": 0.5246751308441162,
          "y": -0.4841691851615906,
          "z": 1.505683422088623
        },
        "rotation_quaternion": {
          "w": 0.0764058381319046,
          "x": 0.8136346936225891,
          "y": 0.20795826613903046,
          "z": -0.5375074148178101
        },
        "matrix": [
          [
            0.3356778919696808,
            0.4205426871776581,
            -0.8428902626037598,
            0.5123874545097351
          ],
          [
            0.2562667727470398,
            -0.9018304347991943,
            -0.3478926420211792,
            -0.457818865776062
          ],
          [
            -0.9064542651176453,
            -0.09922648966312408,
            -0.41049885749816895,
            1.508582592010498
          ],
          [
            0.0,
            0.0,
            0.0,
            1.0
          ]
        ]
      },
      "bone_length_armature_space": 0.029218696179864716,
      "parent": "index_02_l",
      "has_children": false,
      "is_end_bone": true
    },
    "metacarpal_pinky_l": {
      "name": "metacarpal_pinky_l",
      "local": {
        "location": {
          "x": 0.0,
          "y": 0.0,
          "z": 0.0
        },
        "rotation_quaternion": {
          "w": 0.9982786178588867,
          "x": -0.055795326828956604,
          "y": -0.00673113064840436,
          "z": 0.016776597127318382
        },
        "scale": {
          "x": 1.0,
          "y": 1.0,
          "z": 1.0
        },
        "matrix_basis": [
          [
            0.9993464946746826,
            -0.03274430334568024,
            -0.015311199240386486,
            0.0
          ],
          [
            0.03424656763672829,
            0.9932108521461487,
            0.11117271333932877,
            0.0
          ],
          [
            0.011566976085305214,
            -0.11162441223859787,
            0.9936831593513489,
            0.0
          ],
          [
            0.0,
            0.0,
            0.0,
            1.0
          ]
        ],
        "rotation_mode": "QUATERNION"
      },
      "armature_space": {
        "head": {
          "x": 0.4741555452346802,
          "y": -0.36055323481559753,
          "z": 0.5305826663970947
        },
        "tail": {
          "x": 0.5286421775817871,
          "y": -0.4472368359565735,
          "z": 0.5115988254547119
        }
      },
      "world_space": {
        "head": {
          "x": 0.4741555452346802,
          "y": -0.2973092198371887,
          "z": 1.4804366827011108
        },
        "tail": {
          "x": 0.5286421775817871,
          "y": -0.38399285078048706,
          "z": 1.461452841758728
        },
        "rotation_quaternion": {
          "w": 0.28355106711387634,
          "x": -0.1271207630634308,
          "y": 0.05808692052960396,
          "z": -0.9487176537513733
        },
        "matrix": [
          [
            -0.8068780303001404,
            0.5232517719268799,
            0.27414464950561523,
            0.4741555452346802
          ],
          [
            -0.5527879595756531,
            -0.8324495553970337,
            -0.038124702870845795,
            -0.2973092198371887
          ],
          [
            0.20826391875743866,
            -0.1823078989982605,
            0.960939347743988,
            1.4804366827011108
          ],
          [
            0.0,
            0.0,
            0.0,
            1.0
          ]
        ]
      },
      "bone_length_armature_space": 0.10413081078526883,
      "parent": "lowerarm_l",
      "has_children": true,
      "is_end_bone": false
    },
    "pinky_01_l": {
      "name": "pinky_01_l",
      "local": {
        "location": {
          "x": 0.0,
          "y": 0.0,
          "z": 0.0
        },
        "rotation_quaternion": {
          "w": 0.9960916042327881,
          "x": -0.08745910972356796,
          "y": 0.012269572354853153,
          "z": -0.001387607422657311
        },
        "scale": {
          "x": 1.0,
          "y": 1.0,
          "z": 1.0
        },
        "matrix_basis": [
          [
            0.9996950626373291,
            0.0006181964417919517,
            0.024685954675078392,
            0.0
          ],
          [
            -0.004910539835691452,
            0.9846979379653931,
            0.17420051991939545,
            0.0
          ],
          [
            -0.024200517684221268,
            -0.17426861822605133,
            0.984400749206543,
            0.0
          ],
          [
            0.0,
            0.0,
            0.0,
            1.0
          ]
        ],
        "rotation_mode": "QUATERNION"
      },
      "armature_space": {
        "head": {
          "x": 0.5286421775817871,
          "y": -0.4472368359565735,
          "z": 0.5115988254547119
        },
        "tail": {
