{
  "metadata": {
    "armature_name": "KIM_caucasian_male",
    "export_time": "2026-01-13T21:02:48.703822",
    "blender_version": "4.4.1",
    "bone_count": 56,
    "end_bone_count": 13,
    "spaces_included": [
      "LOCAL_CHANNELS",
      "ARMATURE_SPACE",
      "WORLD_SPACE"
    ],
    "note": "LOCAL matches Transform panel; replay pose via local.matrix_basis for best fidelity."
  },
  "bones": {
    "Root": {
      "name": "Root",
      "local": {
        "location": {
          "x": 0.0,
          "y": 0.0,
          "z": 0.0
        },
        "rotation_quaternion": {
          "w": 0.9998794794082642,
          "x": 0.014688057824969292,
          "y": -0.0005786130204796791,
          "z": -0.005017487797886133
        },
        "scale": {
          "x": 1.0,
          "y": 1.0,
          "z": 1.0
        },
        "matrix_basis": [
          [
            0.9999489784240723,
            0.010016769170761108,
            -0.0013044808292761445,
            0.0
          ],
          [
            -0.010050763376057148,
            0.9995181560516357,
            -0.029366768896579742,
            0.0
          ],
          [
            0.0010096923215314746,
            0.029378382489085197,
            0.9995678663253784,
            0.0
          ],
          [
            0.0,
            0.0,
            0.0,
            1.0
          ]
        ],
        "rotation_mode": "QUATERNION"
      },
      "armature_space": {
        "head": {
          "x": 0.0,
          "y": 0.07072800397872925,
          "z": -0.009595036506652832
        },
        "tail": {
          "x": 0.0007149556186050177,
          "y": -0.0002478063106536865,
          "z": -0.0020825122483074665
        }
      },
      "world_space": {
        "head": {
          "x": 0.0,
          "y": 0.13397200405597687,
          "z": 0.9402589797973633
        },
        "tail": {
          "x": 0.0007149556186050177,
          "y": 0.06299619376659393,
          "z": 0.9477714896202087
        },
        "rotation_quaternion": {
          "w": 0.05270484462380409,
          "x": 0.9985973834991455,
          "y": 0.004967110231518745,
          "z": -0.0009153157006949186
        },
        "matrix": [
          [
            0.9999489784240723,
            0.010016769170761108,
            -0.0013044808292761445,
            0.0
          ],
          [
            0.00982380099594593,
            -0.9943950176239014,
            -0.10527139902114868,
            0.13397200405597687
          ],
          [
            -0.002351655624806881,
            0.10525299608707428,
            -0.99444979429245,
            0.9402589797973633
          ],
          [
            0.0,
            0.0,
            0.0,
            1.0
          ]
        ]
      },
      "bone_length_armature_space": 0.07137587055755265,
      "parent": null,
      "has_children": true,
      "is_end_bone": false
    },
    "spine_01": {
      "name": "spine_01",
      "local": {
        "location": {
          "x": 0.0,
          "y": 0.0,
          "z": 0.0
        },
        "rotation_quaternion": {
          "w": 0.9975130558013916,
          "x": 0.019205385819077492,
          "y": 0.046968381851911545,
          "z": 0.048917412757873535
        },
        "scale": {
          "x": 1.0,
          "y": 1.0,
          "z": 1.0
        },
        "matrix_basis": [
          [
            0.9908021092414856,
            -0.0957874208688736,
            0.09558210521936417,
            0.0
          ],
          [
            0.09939561039209366,
            0.9944764971733093,
            -0.03372010216116905,
            0.0
          ],
          [
            -0.09182419627904892,
            0.042910389602184296,
            0.9948502779006958,
            0.0
          ],
          [
            0.0,
            0.0,
            0.0,
            1.0
          ]
        ],
        "rotation_mode": "QUATERNION"
      },
      "armature_space": {
        "head": {
          "x": 0.0007149556186050177,
          "y": -0.0002478063106536865,
          "z": -0.0020825122483074665
        },
        "tail": {
          "x": -0.044762250036001205,
          "y": -0.013204938732087612,
          "z": 0.48362571001052856
        }
      },
      "world_space": {
        "head": {
          "x": 0.0007149556186050177,
          "y": 0.06299619376659393,
          "z": 0.9477714896202087
        },
        "tail": {
          "x": -0.044762250036001205,
          "y": 0.05003906041383743,
          "z": 1.4334797859191895
        },
        "rotation_quaternion": {
          "w": 0.6976472735404968,
          "x": 0.7129654288291931,
          "y": 0.003533643204718828,
          "z": 0.07040055096149445
        },
        "matrix": [
          [
            0.9900625944137573,
            -0.0931907594203949,
            0.10531608760356903,
            0.0007149556186050177
          ],
          [
            0.10326756536960602,
            -0.02655143477022648,
            -0.9942992329597473,
            0.06299619376659393
          ],
          [
            0.095456562936306,
            0.9953012466430664,
            -0.01666504517197609,
            0.9477714896202087
          ],
          [
            0.0,
            0.0,
            0.0,
            1.0
          ]
        ]
      },
      "bone_length_armature_space": 0.4880046622292012,
      "parent": "Root",
      "has_children": true,
      "is_end_bone": false
    },
    "neck_01": {
      "name": "neck_01",
      "local": {
        "location": {
          "x": 0.0,
          "y": 0.0,
          "z": 0.0
        },
        "rotation_quaternion": {
          "w": 0.9951218366622925,
          "x": -0.01415986754000187,
          "y": 0.07214196026325226,
          "z": -0.06578570604324341
        },
        "scale": {
          "x": 1.0,
          "y": 1.0,
          "z": 1.0
        },
        "matrix_basis": [
          [
            0.9809355735778809,
            0.12888655066490173,
            0.1454431116580963,
            0.0
          ],
          [
            -0.1329726278781891,
            0.9909434914588928,
            0.01868976652622223,
            0.0
          ],
          [
            -0.14171704649925232,
            -0.037673406302928925,
            0.9891900420188904,
            0.0
          ],
          [
            0.0,
            0.0,
            0.0,
            1.0
          ]
        ],
        "rotation_mode": "QUATERNION"
      },
      "armature_space": {
        "head": {
          "x": -0.047933127731084824,
          "y": -0.04963172972202301,
          "z": 0.5559222102165222
        },
        "tail": {
          "x": -0.04004712402820587,
          "y": -0.0856444239616394,
          "z": 0.6515864133834839
        }
      },
      "world_space": {
        "head": {
          "x": -0.047933127731084824,
          "y": 0.01361227035522461,
          "z": 1.5057761669158936
        },
        "tail": {
          "x": -0.04004712402820587,
          "y": -0.022400423884391785,
          "z": 1.6014404296875
        },
        "rotation_quaternion": {
          "w": 0.5588247776031494,
          "x": 0.816825270652771,
          "y": 0.10990665853023529,
          "z": 0.0918254405260086
        },
        "matrix": [
          [
            0.9589771628379822,
            0.07692059129476547,
            0.272847980260849,
            -0.047933127731084824
          ],
          [
            0.28217801451683044,
            -0.35127025842666626,
            -0.8927401900291443,
            0.01361227035522461
          ],
          [
            0.02717376872897148,
            0.9331152439117432,
            -0.35856881737709045,
            1.5057761669158936
          ],
          [
            0.0,
            0.0,
            0.0,
            1.0
          ]
        ]
      },
      "bone_length_armature_space": 0.10252191305794679,
      "parent": "spine_01",
      "has_children": true,
      "is_end_bone": false
    },
    "head": {
      "name": "head",
      "local": {
        "location": {
          "x": 0.0,
          "y": 0.0,
          "z": 0.0
        },
        "rotation_quaternion": {
          "w": 0.9855647087097168,
          "x": 0.08549531549215317,
          "y": -0.09174478054046631,
          "z": -0.11373540014028549
        },
        "scale": {
          "x": 1.0,
          "y": 1.0,
          "z": 1.0
        },
        "matrix_basis": [
          [
            0.9572942852973938,
            0.2084996998310089,
            -0.20028851926326752,
            0.0
          ],
          [
            -0.2398746907711029,
            0.9595096111297607,
            -0.14765307307243347,
            0.0
          ],
          [
            0.1613931506872177,
            0.1893915832042694,
            0.9685468673706055,
            0.0
          ],
          [
            0.0,
            0.0,
            0.0,
            1.0
          ]
        ],
        "rotation_mode": "QUATERNION"
      },
      "armature_space": {
        "head": {
          "x": -0.040047090500593185,
          "y": -0.08564454317092896,
          "z": 0.6515862941741943
        },
        "tail": {
          "x": -0.004901733249425888,
          "y": -0.10555622726678848,
          "z": 0.8013247847557068
        }
      },
      "world_space": {
        "head": {
          "x": -0.040047090500593185,
          "y": -0.022400543093681335,
          "z": 1.6014403104782104
        },
        "tail": {
          "x": -0.004901733249425888,
          "y": -0.04231222718954086,
          "z": 1.7511787414550781
        },
        "rotation_quaternion": {
          "w": 0.6503405570983887,
          "x": 0.7498706579208374,
          "y": 0.11341578513383865,
          "z": -0.04345246031880379
        },
        "matrix": [
          [
            0.9704973101615906,
            0.22661234438419342,
            0.0823516994714737,
            -0.040047090500593185
          ],
          [
            0.11357787251472473,
            -0.12838776409626007,
            -0.9851989150047302,
            -0.022400543093681335
          ],
          [
            -0.21268661320209503,
            0.9654929041862488,
            -0.15034013986587524,
            1.6014403104782104
          ],
          [
            0.0,
            0.0,
            0.0,
            1.0
          ]
        ]
      },
      "bone_length_armature_space": 0.1550912199291468,
      "parent": "neck_01",
      "has_children": false,
      "is_end_bone": true
    },
    "upperarm_l": {
      "name": "upperarm_l",
      "local": {
        "location": {
          "x": 0.0,
          "y": 0.0,
          "z": 0.0
        },
        "rotation_quaternion": {
          "w": 0.9840633273124695,
          "x": 0.139118030667305,
          "y": 0.1100543662905693,
          "z": -0.012396708130836487
        },
        "scale": {
          "x": 1.0,
          "y": 1.0,
          "z": 1.0
        },
        "matrix_basis": [
          [
            0.9754686951637268,
            0.05501938611268997,
            0.2131517231464386,
            0.0
          ],
          [
            0.006222801748663187,
            0.960985004901886,
            -0.27653053402900696,
            0.0
          ],
          [
            -0.2200501412153244,
            0.27107328176498413,
            0.9370684027671814,
            0.0
          ],
          [
            0.0,
            0.0,
            0.0,
            1.0
          ]
        ],
        "rotation_mode": "QUATERNION"
      },
      "armature_space": {
        "head": {
          "x": 0.10717528313398361,
          "y": -0.03552808240056038,
          "z": 0.5032955408096313
        },
        "tail": {
          "x": 0.3729268014431,
          "y": -0.06989283859729767,
          "z": 0.5049734711647034
        }
      },
      "world_space": {
        "head": {
          "x": 0.10717528313398361,
          "y": 0.02771591767668724,
          "z": 1.4531495571136475
        },
        "tail": {
          "x": 0.3729268014431,
          "y": -0.006648838520050049,
          "z": 1.4548275470733643
        },
        "rotation_quaternion": {
          "w": 0.401228129863739,
          "x": 0.5993378758430481,
          "y": 0.5243035554885864,
          "z": -0.4526764750480652
        },
        "matrix": [
          [
            0.04037823900580406,
            0.9917232394218445,
            -0.12187965214252472,
            0.10717528313398361
          ],
          [
            0.2652166485786438,
            -0.12824134528636932,
            -0.9556225538253784,
            0.02771591767668724
          ],
          [
            -0.9633496403694153,
            0.006261725910007954,
            -0.26820245385169983,
            1.4531495571136475
          ],
          [
            0.0,
            0.0,
            0.0,
            1.0
          ]
        ]
      },
      "bone_length_armature_space": 0.2679694369324854,
      "parent": "spine_01",
      "has_children": true,
      "is_end_bone": false
    },
    "lowerarm_l": {
      "name": "lowerarm_l",
      "local": {
        "location": {
          "x": 0.0,
          "y": 0.0,
          "z": 0.0
        },
        "rotation_quaternion": {
          "w": 0.8252425789833069,
          "x": 0.42342865467071533,
          "y": -0.26784080266952515,
          "z": 0.2606615424156189
        },
        "scale": {
          "x": 1.0,
          "y": 1.0,
          "z": 1.0
        },
        "matrix_basis": [
          [
            0.7206337451934814,
            -0.6570409536361694,
            -0.2213241308927536,
            0.0
          ],
          [
            0.2033950686454773,
            0.5055274963378906,
            -0.8384943008422852,
            0.0
          ],
          [
            0.6628103852272034,
            0.5592311024665833,
            0.49793896079063416,
            0.0
          ],
          [
            0.0,
            0.0,
            0.0,
            1.0
          ]
        ],
        "rotation_mode": "QUATERNION"
      },
      "armature_space": {
        "head": {
          "x": 0.37292689085006714,
          "y": -0.06989293545484543,
          "z": 0.5049735903739929
        },
        "tail": {
          "x": 0.45296716690063477,
          "y": -0.26876020431518555,
          "z": 0.6650205850601196
        }
      },
      "world_space": {
        "head": {
          "x": 0.37292689085006714,
          "y": -0.006648935377597809,
          "z": 1.4548275470733643
        },
        "tail": {
          "x": 0.45296716690063477,
          "y": -0.20551620423793793,
          "z": 1.6148746013641357
        },
        "rotation_quaternion": {
          "w": 0.33885765075683594,
          "x": 0.6544868350028992,
          "y": -0.11616504937410355,
          "z": -0.6658288240432739
        },
        "matrix": [
          [
            0.08635510504245758,
            0.29918864369392395,
            -0.9502783417701721,
            0.37292689085006714
          ],
          [
            -0.6033003330230713,
            -0.7433609962463379,
            -0.2888661324977875,
            -0.006648935377597809
          ],
          [
            -0.7928314208984375,
            0.5982518196105957,
            0.1163083165884018,
            1.4548275470733643
          ],
          [
            0.0,
            0.0,
            0.0,
            1.0
          ]
        ]
      },
      "bone_length_armature_space": 0.26752509162384097,
      "parent": "upperarm_l",
      "has_children": true,
      "is_end_bone": false
    },
    "metacarpal_thumb_l": {
      "name": "metacarpal_thumb_l",
      "local": {
        "location": {
          "x": 0.0,
          "y": 0.0,
          "z": 0.0
        },
        "rotation_quaternion": {
          "w": 0.9998400211334229,
          "x": -0.005587485618889332,
          "y": 0.006682417821139097,
          "z": -0.01562877558171749
        },
        "scale": {
          "x": 1.0,
          "y": 1.0,
          "z": 1.0
        },
        "matrix_basis": [
          [
            0.9994221925735474,
            0.03117787465453148,
            0.013537348248064518,
            0.0
          ],
          [
            -0.031327225267887115,
            0.9994490146636963,
            0.010964307002723217,
            0.0
          ],
          [
            -0.013188046403229237,
            -0.011382059194147587,
            0.9998482465744019,
            0.0
          ],
          [
            0.0,
            0.0,
            0.0,
            1.0
          ]
        ],
        "rotation_mode": "QUATERNION"
      },
      "armature_space": {
        "head": {
          "x": 0.45296716690063477,
          "y": -0.26876020431518555,
          "z": 0.6650205850601196
        },
        "tail": {
          "x": 0.4391786456108093,
          "y": -0.3117496073246002,
          "z": 0.6854013800621033
        }
      },
      "world_space": {
        "head": {
          "x": 0.45296716690063477,
          "y": -0.20551620423793793,
          "z": 1.6148746013641357
        },
        "tail": {
          "x": 0.4391786456108093,
          "y": -0.2485056072473526,
          "z": 1.6352553367614746
        },
        "rotation_quaternion": {
          "w": 0.2233956903219223,
          "x": 0.9635012149810791,
          "y": -0.12709461152553558,
          "z": 0.0748787596821785
        },
        "matrix": [
          [
            0.9564803242683411,
            -0.27836689352989197,
            0.08750639110803604,
            0.45296716690063477
          ],
          [
            -0.21145668625831604,
            -0.8678823709487915,
            -0.4495179057121277,
            -0.20551620423793793
          ],
          [
            0.20107729732990265,
            0.4114532768726349,
            -0.8889816999435425,
            1.6148746013641357
          ],
          [
            0.0,
            0.0,
            0.0,
            1.0
          ]
        ]
      },
      "bone_length_armature_space": 0.04953371502577099,
      "parent": "lowerarm_l",
      "has_children": true,
      "is_end_bone": false
    },
    "thumb_01_l": {
      "name": "thumb_01_l",
      "local": {
        "location": {
          "x": 0.0,
          "y": 0.0,
          "z": 0.0
        },
        "rotation_quaternion": {
          "w": 0.9575896263122559,
          "x": 0.2880186438560486,
          "y": -0.008168195374310017,
          "z": -0.0009157914901152253
        },
        "scale": {
          "x": 1.0,
          "y": 1.0,
          "z": 1.0
        },
        "matrix_basis": [
          [
            0.9998648762702942,
            -0.00295128021389246,
            -0.016171088442206383,
            0.0
          ],
          [
            -0.006459089927375317,
            0.8340888619422913,
            -0.5515923500061035,
            0.0
          ],
          [
            0.015116028487682343,
            0.5516222715377808,
            0.8339570760726929,
            0.0
          ],
          [
            0.0,
            0.0,
            0.0,
            1.0
          ]
        ],
        "rotation_mode": "QUATERNION"
      },
      "armature_space": {
        "head": {
          "x": 0.4391786456108093,
          "y": -0.3117496073246002,
          "z": 0.6854013800621033
        },
        "tail": {
          "x": 0.45007720589637756,
          "y": -0.34275802969932556,
          "z": 0.6765512228012085
        }
      },
      "world_space": {
        "head": {
          "x": 0.4391786456108093,
          "y": -0.2485056072473526,
          "z": 1.6352553367614746
        },
        "tail": {
          "x": 0.45007720589637756,
          "y": -0.27951401472091675,
          "z": 1.6264052391052246
        },
        "rotation_quaternion": {
          "w": 0.21064968407154083,
          "x": -0.573139488697052,
          "y": 0.011706030927598476,
          "z": -0.7918339371681213
        },
        "matrix": [
          [
            -0.25427547097206116,
            0.3201828896999359,
            0.9125936627388,
            0.4391786456108093
          ],
          [
            -0.34701740741729736,
            -0.9109790325164795,
            0.22292688488960266,
            -0.2485056072473526
          ],
          [
            0.9027368426322937,
            -0.26000383496284485,
            0.34275126457214355,
            1.6352553367614746
          ],
          [
            0.0,
            0.0,
            0.0,
            1.0
          ]
        ]
      },
      "bone_length_armature_space": 0.034038598422774194,
      "parent": "metacarpal_thumb_l",
      "has_children": true,
      "is_end_bone": false
    },
    "thumb_02_l": {
      "name": "thumb_02_l",
      "local": {
        "location": {
          "x": 0.0,
          "y": 0.0,
          "z": 0.0
        },
        "rotation_quaternion": {
          "w": 0.9050219058990479,
          "x": 0.4253363609313965,
          "y": -0.002643875079229474,
          "z": 0.004172455985099077
        },
        "scale": {
          "x": 1.0,
          "y": 1.0,
          "z": 1.0
        },
        "matrix_basis": [
          [
            0.999951183795929,
            -0.009801400825381279,
            -0.0012361352564767003,
            0.0
          ],
          [
            0.005303255748003721,
            0.6381431221961975,
            -0.7698994874954224,
            0.0
          ],
          [
            0.008334924466907978,
            0.7698553800582886,
            0.6381639838218689,
            0.0
          ],
          [
            0.0,
            0.0,
            0.0,
            1.0
          ]
        ],
        "rotation_mode": "QUATERNION"
      },
      "armature_space": {
        "head": {
          "x": 0.4500771760940552,
          "y": -0.3427579998970032,
          "z": 0.6765511631965637
        },
        "tail": {
          "x": 0.46550193428993225,
          "y": -0.33186355233192444,
          "z": 0.7119995355606079
        }
      },
      "world_space": {
        "head": {
          "x": 0.4500771760940552,
          "y": -0.27951401472091675,
          "z": 1.6264052391052246
        },
        "tail": {
          "x": 0.46550193428993225,
          "y": -0.2686195373535156,
          "z": 1.661853551864624
        },
        "rotation_quaternion": {
          "w": 0.28709688782691956,
          "x": -0.0253727026283741,
          "y": -0.7437727451324463,
          "z": -0.603103518486023
        },
        "matrix": [
          [
            -0.8338642120361328,
            0.38404086232185364,
            -0.3964635133743286,
            0.4500771760940552
          ],
          [
            -0.30855289101600647,
            0.27124616503715515,
            0.9117131233215332,
            -0.27951401472091675
          ],
          [
            0.45767709612846375,
            0.882581353187561,
            -0.10768526792526245,
            1.6264052391052246
          ],
          [
            0.0,
            0.0,
            0.0,
            1.0
          ]
        ]
      },
      "bone_length_armature_space": 0.04016465168758046,
      "parent": "thumb_01_l",
      "has_children": true,
      "is_end_bone": false
    },
    "thumb_03_l": {
      "name": "thumb_03_l",
      "local": {
        "location": {
          "x": 0.0,
          "y": 0.0,
          "z": 0.0
        },
        "rotation_quaternion": {
          "w": 0.9854280948638916,
          "x": 0.1698404848575592,
          "y": -0.00713895820081234,
          "z": -0.00590077880769968
        },
        "scale": {
          "x": 1.0,
          "y": 1.0,
          "z": 1.0
        },
        "matrix_basis": [
          [
            0.9998284578323364,
            0.009204618632793427,
            -0.01607424207031727,
            0.0
          ],
          [
            -0.014054554514586926,
            0.9422388076782227,
            -0.33464691042900085,
            0.0
          ],
          [
            0.012065477669239044,
            0.3348154127597809,
            0.9422065019607544,
            0.0
          ],
          [
            0.0,
            0.0,
            0.0,
            1.0
          ]
        ],
        "rotation_mode": "QUATERNION"
      },
      "armature_space": {
        "head": {
          "x": 0.46550190448760986,
          "y": -0.3318636417388916,
          "z": 0.7119994759559631
        },
        "tail": {
          "x": 0.4689069986343384,
          "y": -0.3094768822193146,
          "z": 0.7323498129844666
        }
      },
      "world_space": {
        "head": {
          "x": 0.46550190448760986,
          "y": -0.2686196565628052,
          "z": 1.661853551864624
        },
        "tail": {
          "x": 0.4689069986343384,
          "y": -0.24623288214206696,
          "z": 1.682203769683838
        },
        "rotation_quaternion": {
          "w": 0.4611646831035614,
          "x": 0.12547320127487183,
          "y": -0.809312641620636,
          "z": -0.34146252274513245
        },
        "matrix": [
          [
            -0.5431680679321289,
            0.11184489727020264,
            -0.8321414589881897,
            0.46550190448760986
          ],
          [
            -0.5180343985557556,
            0.7353208065032959,
            0.4369712471961975,
            -0.2686196565628052
          ],
          [
            0.6607679128646851,
            0.6684321761131287,
            -0.34146520495414734,
            1.661853551864624
          ],
          [
            0.0,
            0.0,
            0.0,
            1.0
          ]
        ]
      },
      "bone_length_armature_space": 0.030444998114241922,
      "parent": "thumb_02_l",
      "has_children": false,
      "is_end_bone": true
    },
    "metacarpal_index_l": {
      "name": "metacarpal_index_l",
      "local": {
        "location": {
          "x": 0.0,
          "y": 0.0,
          "z": 0.0
        },
        "rotation_quaternion": {
          "w": 0.9999074935913086,
          "x": 0.008501049131155014,
          "y": -0.010042614303529263,
          "z": -0.003451019059866667
        },
        "scale": {
          "x": 1.0,
          "y": 1.0,
          "z": 1.0
        },
        "matrix_basis": [
          [
            0.9997744560241699,
            0.006730654276907444,
            -0.020142044872045517,
            0.0
          ],
          [
            -0.007072145119309425,
            0.9998316168785095,
            -0.016931211575865746,
            0.0
          ],
          [
            0.020024696364998817,
            0.01706984080374241,
            0.9996537566184998,
            0.0
          ],
          [
            0.0,
            0.0,
            0.0,
            1.0
          ]
        ],
        "rotation_mode": "QUATERNION"
      },
      "armature_space": {
        "head": {
          "x": 0.45296716690063477,
          "y": -0.26876020431518555,
          "z": 0.6650205850601196
        },
        "tail": {
          "x": 0.452491819858551,
          "y": -0.3666689991950989,
          "z": 0.729386031627655
        }
      },
      "world_space": {
        "head": {
          "x": 0.45296716690063477,
          "y": -0.20551620423793793,
          "z": 1.6148746013641357
        },
        "tail": {
          "x": 0.452491819858551,
          "y": -0.30342501401901245,
          "z": 1.6792399883270264
        },
        "rotation_quaternion": {
          "w": 0.2750803530216217,
          "x": 0.9211445450782776,
          "y": -0.08081167191267014,
          "z": -0.26323553919792175
        },
        "matrix": [
          [
            0.8483532071113586,
            -0.004056959878653288,
            -0.5294151306152344,
            0.45296716690063477
          ],
          [
            -0.2937004566192627,
            -0.8356007933616638,
            -0.46423253417015076,
            -0.20551620423793793
          ],
          [
            -0.44049981236457825,
            0.5493256449699402,
            -0.7100815773010254,
            1.6148746013641357
          ],
          [
            0.0,
            0.0,
            0.0,
            1.0
          ]
        ]
      },
      "bone_length_armature_space": 0.11717196249131348,
      "parent": "lowerarm_l",
      "has_children": true,
      "is_end_bone": false
    },
    "index_01_l": {
      "name": "index_01_l",
      "local": {
        "location": {
          "x": 0.0,
          "y": 0.0,
          "z": 0.0
        },
        "rotation_quaternion": {
          "w": 0.9529410600662231,
          "x": 0.3025767505168915,
          "y": -0.006142002996057272,
          "z": -0.017692670226097107
        },
        "scale": {
          "x": 1.0,
          "y": 1.0,
          "z": 1.0
        },
        "matrix_basis": [
          [
            0.9992985129356384,
            0.030003288760781288,
            -0.02241271547973156,
            0.0
          ],
          [
            -0.03743699938058853,
            0.8162685632705688,
            -0.5764582753181458,
            0.0
          ],
          [
            0.0009991523111239076,
            0.5768929719924927,
            0.8168191909790039,
            0.0
          ],
          [
            0.0,
            0.0,
            0.0,
            1.0
          ]
        ],
        "rotation_mode": "QUATERNION"
      },
      "armature_space": {
        "head": {
          "x": 0.452491819858551,
          "y": -0.3666689991950989,
          "z": 0.729386031627655
        },
        "tail": {
          "x": 0.45366963744163513,
          "y": -0.39514657855033875,
          "z": 0.7285436391830444
        }
      },
      "world_space": {
        "head": {
          "x": 0.452491819858551,
          "y": -0.30342501401901245,
          "z": 1.6792399883270264
        },
        "tail": {
          "x": 0.45366963744163513,
          "y": -0.33190256357192993,
          "z": 1.6783976554870605
        },
        "rotation_quaternion": {
          "w": 0.007259057834744453,
          "x": -0.9454104900360107,
          "y": -0.02434014156460762,
          "z": 0.3248906433582306
        },
        "matrix": [
          [
            0.7877072691917419,
            0.04130634665489197,
            -0.6146633625030518,
            0.452491819858551
          ],
          [
            0.05073950067162514,
            -0.998710036277771,
            -0.00209084153175354,
            -0.30342501401901245
          ],
          [
            -0.6139611601829529,
            -0.029541999101638794,
            -0.7887925505638123,
            1.6792399883270264
          ],
          [
            0.0,
            0.0,
            0.0,
            1.0
          ]
        ]
      },
      "bone_length_armature_space": 0.028514372002495486,
      "parent": "metacarpal_index_l",
      "has_children": true,
      "is_end_bone": false
    },
    "index_02_l": {
      "name": "index_02_l",
      "local": {
        "location": {
          "x": 0.0,
          "y": 0.0,
          "z": 0.0
        },
        "rotation_quaternion": {
          "w": 0.9007894992828369,
          "x": 0.43417608737945557,
          "y": 0.008192270062863827,
          "z": 0.0015174583531916142
        },
        "scale": {
          "x": 1.0,
          "y": 1.0,
          "z": 1.0
        },
        "matrix_basis": [
          [
            0.9998611807823181,
            0.004379954654723406,
            0.01607671007514,
            0.0
          ],
          [
            0.009847596287727356,
            0.6229776740074158,
            -0.7821776866912842,
            0.0
          ],
          [
            -0.013441333547234535,
            0.7822273969650269,
            0.6228480339050293,
            0.0
          ],
          [
            0.0,
            0.0,
            0.0,
            1.0
          ]
        ],
        "rotation_mode": "QUATERNION"
      },
      "armature_space": {
        "head": {
          "x": 0.4536692500114441,
          "y": -0.3951469659805298,
          "z": 0.7285435795783997
        },
        "tail": {
          "x": 0.44184818863868713,
          "y": -0.4118950366973877,
          "z": 0.7131209373474121
        }
      },
      "world_space": {
        "head": {
          "x": 0.4536692500114441,
          "y": -0.33190298080444336,
          "z": 1.6783976554870605
        },
        "tail": {
          "x": 0.44184818863868713,
          "y": -0.34865105152130127,
          "z": 1.6629749536514282
        },
        "rotation_quaternion": {
          "w": 0.40030527114868164,
          "x": -0.846499502658844,
          "y": 0.11543237417936325,
          "z": 0.33146604895591736
        },
        "matrix": [
          [
            0.7536119818687439,
            -0.4608018100261688,
            -0.468754380941391,
            0.4536692500114441
          ],
          [
            0.06994655728340149,
            -0.6528633236885071,
            0.7542396783828735,
            -0.33190298080444336
          ],
          [
            -0.6535921692848206,
            -0.6011967658996582,
            -0.4597765803337097,
            1.6783976554870605
          ],
          [
            0.0,
            0.0,
            0.0,
            1.0
          ]
        ]
      },
      "bone_length_armature_space": 0.02565332858914214,
      "parent": "index_01_l",
      "has_children": true,
      "is_end_bone": false
    },
    "index_03_l": {
      "name": "index_03_l",
      "local": {
        "location": {
          "x": 0.0,
          "y": 0.0,
          "z": 0.0
        },
        "rotation_quaternion": {
          "w": 0.93052077293396,
          "x": 0.3661821782588959,
          "y": 0.006468944251537323,
          "z": -3.838887278106995e-05
        },
        "scale": {
          "x": 1.0,
          "y": 1.0,
          "z": 1.0
        },
        "matrix_basis": [
          [
            0.9999163150787354,
            0.0048090675845742226,
            0.012010859325528145,
            0.0
          ],
          [
            0.004666180815547705,
            0.7318212389945984,
            -0.6814807653427124,
            0.0
          ],
          [
            -0.012067088857293129,
            0.6814797520637512,
            0.7317375540733337,
            0.0
          ],
          [
            0.0,
            0.0,
            0.0,
            1.0
          ]
        ],
        "rotation_mode": "QUATERNION"
      },
      "armature_space": {
        "head": {
          "x": 0.4418482184410095,
          "y": -0.41189515590667725,
          "z": 0.7131209969520569
        },
        "tail": {
          "x": 0.42537009716033936,
          "y": -0.40794095396995544,
          "z": 0.6893181800842285
        }
      },
      "world_space": {
        "head": {
          "x": 0.4418482184410095,
          "y": -0.3486511707305908,
          "z": 1.6629750728607178
        },
        "tail": {
          "x": 0.42537009716033936,
          "y": -0.34469693899154663,
          "z": 1.6391721963882446
        },
        "rotation_quaternion": {
          "w": 0.7251585721969604,
          "x": -0.6218965649604797,
          "y": 0.20447616279125214,
          "z": 0.2134930044412613
        },
        "matrix": [
          [
            0.8252204060554504,
            -0.5639588832855225,
            0.031011909246444702,
            0.4418482184410095
          ],
          [
            0.0553094819188118,
            0.13533109426498413,
            0.9892558455467224,
            -0.3486511707305908
          ],
          [
            -0.562100350856781,
            -0.814644455909729,
            0.14287236332893372,
            1.6629750728607178
          ],
          [
            0.0,
            0.0,
            0.0,
            1.0
          ]
        ]
      },
      "bone_length_armature_space": 0.029218800642389128,
      "parent": "index_02_l",
      "has_children": false,
      "is_end_bone": true
    },
    "metacarpal_pinky_l": {
      "name": "metacarpal_pinky_l",
      "local": {
        "location": {
          "x": 0.0,
          "y": 0.0,
          "z": 0.0
        },
        "rotation_quaternion": {
          "w": 0.9998105764389038,
          "x": -0.009902814403176308,
          "y": 0.014236106537282467,
          "z": 0.008839722722768784
        },
        "scale": {
          "x": 1.0,
          "y": 1.0,
          "z": 1.0
        },
        "matrix_basis": [
          [
            0.9994384050369263,
            -0.017958052456378937,
            0.028291743248701096,
            0.0
          ],
          [
            0.017394142225384712,
            0.9996475577354431,
            0.0200535636395216,
            0.0
          ],
          [
            -0.028641896322369576,
            -0.01955019123852253,
            0.9993985295295715,
            0.0
          ],
          [
            0.0,
            0.0,
            0.0,
            1.0
          ]
        ],
        "rotation_mode": "QUATERNION"
      },
      "armature_space": {
        "head": {
          "x": 0.45296716690063477,
          "y": -0.26876020431518555,
          "z": 0.6650205850601196
        },
        "tail": {
          "x": 0.5147615671157837,
          "y": -0.33338648080825806,
          "z": 0.718388557434082
        }
      },
      "world_space": {
        "head": {
          "x": 0.45296716690063477,
          "y": -0.20551620423793793,
          "z": 1.6148746013641357
        },
        "tail": {
          "x": 0.5147615671157837,
          "y": -0.27014249563217163,
          "z": 1.6682425737380981
        },
        "rotation_quaternion": {
          "w": 0.3511030077934265,
          "x": 0.0711977407336235,
          "y": -0.25770801305770874,
          "z": -0.8973540663719177
        },
        "matrix": [
          [
            -0.7433146238327026,
            0.5934309959411621,
            -0.3087442219257355,
            0.45296716690063477
          ],
          [
            -0.6668245792388916,
            -0.6206263303756714,
            0.41251474618911743,
            -0.20551620423793793
          ],
          [
            0.05318421870470047,
            0.5125094652175903,
            0.8570414185523987,
            1.6148746013641357
          ],
          [
            0.0,
            0.0,
            0.0,
            1.0
          ]
        ]
      },
      "bone_length_armature_space": 0.1041308979870416,
      "parent": "lowerarm_l",
      "has_children": true,
      "is_end_bone": false
    },
    "pinky_01_l": {
      "name": "pinky_01_l",
      "local": {
        "location": {
          "x": 0.0,
          "y": 0.0,
          "z": 0.0
        },
        "rotation_quaternion": {
          "w": 0.9462001323699951,
          "x": 0.32302311062812805,
          "y": -0.01544108148664236,
          "z": -0.011095654219388962
        },
        "scale": {
          "x": 1.0,
          "y": 1.0,
          "z": 1.0
        },
        "matrix_basis": [
          [
            0.9992769360542297,
            0.011021766811609268,
            -0.03638901188969612,
            0.0
          ],
          [
            -0.030973071232438087,
            0.7910659313201904,
            -0.6109463572502136,
            0.0
          ],
          [
            0.022052401676774025,
            0.6116316914558411,
            0.7908352613449097,
            0.0
          ],
          [
            0.0,
            0.0,
            0.0,
            1.0
          ]
        ],
        "rotation_mode": "QUATERNION"
      },
      "armature_space": {
        "head": {
          "x": 0.5147615671157837,
          "y": -0.33338648080825806,
          "z": 0.718388557434082
        },
