{
  "metadata": {
    "armature_name": "KIM_caucasian_male",
    "export_time": "2026-01-13T21:01:16.310384",
    "blender_version": "4.4.1",
    "bone_count": 56,
    "end_bone_count": 13,
    "spaces_included": [
      "LOCAL_CHANNELS",
      "ARMATURE_SPACE",
      "WORLD_SPACE"
    ],
    "note": "LOCAL matches Transform panel; replay pose via local.matrix_basis for best fidelity."
  },
  "bones": {
    "Root": {
      "name": "Root",
      "local": {
        "location": {
          "x": 0.0,
          "y": 0.0,
          "z": 0.0
        },
        "rotation_quaternion": {
          "w": 0.9995651841163635,
          "x": -0.007200282532721758,
          "y": 0.01109436247497797,
          "z": 0.026357006281614304
        },
        "scale": {
          "x": 1.0,
          "y": 1.0,
          "z": 1.0
        },
        "matrix_basis": [
          [
            0.9983644485473633,
            -0.05285085737705231,
            0.021799521520733833,
            0.0
          ],
          [
            0.05253132805228233,
            0.9985069036483765,
            0.014979131519794464,
            0.0
          ],
          [
            -0.022558633238077164,
            -0.013809475116431713,
            0.9996501207351685,
            0.0
          ],
          [
            0.0,
            0.0,
            0.0,
            1.0
          ]
        ],
        "rotation_mode": "QUATERNION"
      },
      "armature_space": {
        "head": {
          "x": 0.0,
          "y": 0.07072800397872925,
          "z": -0.009595036506652832
        },
        "tail": {
          "x": -0.0037722759880125523,
          "y": 0.0002381056547164917,
          "z": 0.0009623970836400986
        }
      },
      "world_space": {
        "head": {
          "x": 0.0,
          "y": 0.13397200405597687,
          "z": 0.9402589797973633
        },
        "tail": {
          "x": -0.0037722759880125523,
          "y": 0.06348210573196411,
          "z": 0.9508163928985596
        },
        "rotation_quaternion": {
          "w": 0.07452228665351868,
          "x": 0.9968092441558838,
          "y": -0.02554972842335701,
          "z": 0.012844777666032314
        },
        "matrix": [
          [
            0.9983644485473633,
            -0.05285085737705231,
            0.021799521520733833,
            0.0
          ],
          [
            -0.04902195930480957,
            -0.9875872135162354,
            -0.14922583103179932,
            0.13397200405597687
          ],
          [
            0.029415801167488098,
            0.14791320264339447,
            -0.9885698556900024,
            0.9402589797973633
          ],
          [
            0.0,
            0.0,
            0.0,
            1.0
          ]
        ]
      },
      "bone_length_armature_space": 0.07137587266600959,
      "parent": null,
      "has_children": true,
      "is_end_bone": false
    },
    "spine_01": {
      "name": "spine_01",
      "local": {
        "location": {
          "x": 0.0,
          "y": 0.0,
          "z": 0.0
        },
        "rotation_quaternion": {
          "w": 0.9976627826690674,
          "x": -0.00642121909186244,
          "y": 0.0031824312172830105,
          "z": -0.06795278936624527
        },
        "scale": {
          "x": 1.0,
          "y": 1.0,
          "z": 1.0
        },
        "matrix_basis": [
          [
            0.9907445907592773,
            0.13554707169532776,
            0.007222665939480066,
            0.0
          ],
          [
            -0.135628804564476,
            0.9906823635101318,
            0.012379912659525871,
            0.0
          ],
          [
            -0.0054773068986833096,
            -0.013244932517409325,
            0.999897301197052,
            0.0
          ],
          [
            0.0,
            0.0,
            0.0,
            1.0
          ]
        ],
        "rotation_mode": "QUATERNION"
      },
      "armature_space": {
        "head": {
          "x": -0.0037722759880125523,
          "y": 0.0002381056547164917,
          "z": 0.0009623970836400986
        },
        "tail": {
          "x": 0.04984864965081215,
          "y": 0.03330199420452118,
          "z": 0.48488399386405945
        }
      },
      "world_space": {
        "head": {
          "x": -0.0037722759880125523,
          "y": 0.06348210573196411,
          "z": 0.9508163928985596
        },
        "tail": {
          "x": 0.04984864965081215,
          "y": 0.0965459942817688,
          "z": 1.434738039970398
        },
        "rotation_quaternion": {
          "w": 0.730353593826294,
          "x": 0.6804943084716797,
          "y": 0.021452641114592552,
          "z": -0.055234797298908234
        },
        "matrix": [
          [
            0.9929777979850769,
            0.10987867414951324,
            -0.043838612735271454,
            -0.0037722759880125523
          ],
          [
            -0.051485829055309296,
            0.06775370240211487,
            -0.9963727593421936,
            0.06348210573196411
          ],
          [
            -0.10651068389415741,
            0.9916400909423828,
            0.07293470203876495,
            0.9508163928985596
          ],
          [
            0.0,
            0.0,
            0.0,
            1.0
          ]
        ]
      },
      "bone_length_armature_space": 0.4880046436518308,
      "parent": "Root",
      "has_children": true,
      "is_end_bone": false
    },
    "neck_01": {
      "name": "neck_01",
      "local": {
        "location": {
          "x": 0.0,
          "y": 0.0,
          "z": 0.0
        },
        "rotation_quaternion": {
          "w": 0.9987547397613525,
          "x": -0.02577873505651951,
          "y": -0.03752513602375984,
          "z": -0.020407166332006454
        },
        "scale": {
          "x": 1.0,
          "y": 1.0,
          "z": 1.0
        },
        "matrix_basis": [
          [
            0.9963508248329163,
            0.0426982082426548,
            -0.07390467077493668,
            0.0
          ],
          [
            -0.038828808814287186,
            0.997838020324707,
            0.05302483215928078,
            0.0
          ],
          [
            0.07600895315408707,
            -0.04996170476078987,
            0.9958546161651611,
            0.0
          ],
          [
            0.0,
            0.0,
            0.0,
            1.0
          ]
        ],
        "rotation_mode": "QUATERNION"
      },
      "armature_space": {
        "head": {
          "x": 0.05637345463037491,
          "y": 0.0037081725895404816,
          "z": 0.5600197911262512
        },
        "tail": {
          "x": 0.06984403729438782,
          "y": -0.02398337423801422,
          "z": 0.6578077077865601
        }
      },
      "world_space": {
        "head": {
          "x": 0.05637345463037491,
          "y": 0.0669521689414978,
          "z": 1.509873867034912
        },
        "tail": {
          "x": 0.06984403729438782,
          "y": 0.0392606258392334,
          "z": 1.6076617240905762
        },
        "rotation_quaternion": {
          "w": 0.6040796041488647,
          "x": 0.7904740571975708,
          "y": 0.005916648078709841,
          "z": -0.10101234167814255
        },
        "matrix": [
          [
            0.979523241519928,
            0.1313929408788681,
            -0.15254619717597961,
            0.05637345463037491
          ],
          [
            -0.11268433928489685,
            -0.2701052129268646,
            -0.9562142491340637,
            0.0669521689414978
          ],
          [
            -0.16684460639953613,
            0.953829824924469,
            -0.24977098405361176,
            1.509873867034912
          ],
          [
            0.0,
            0.0,
            0.0,
            1.0
          ]
        ]
      },
      "bone_length_armature_space": 0.102521972849969,
      "parent": "spine_01",
      "has_children": true,
      "is_end_bone": false
    },
    "head": {
      "name": "head",
      "local": {
        "location": {
          "x": 0.0,
          "y": 0.0,
          "z": 0.0
        },
        "rotation_quaternion": {
          "w": 0.9944038391113281,
          "x": -0.045831840485334396,
          "y": 0.0866345688700676,
          "z": -0.03943431377410889
        },
        "scale": {
          "x": 1.0,
          "y": 1.0,
          "z": 1.0
        },
        "matrix_basis": [
          [
            0.9818787574768066,
            0.07048602402210236,
            0.17591418325901031,
            0.0
          ],
          [
            -0.08636850863695145,
            0.992688775062561,
            0.08431796729564667,
            0.0
          ],
          [
            -0.16868479549884796,
            -0.0979834645986557,
            0.9807878136634827,
            0.0
          ],
          [
            0.0,
            0.0,
            0.0,
            1.0
          ]
        ],
        "rotation_mode": "QUATERNION"
      },
      "armature_space": {
        "head": {
          "x": 0.06984400004148483,
          "y": -0.023983504623174667,
          "z": 0.6578075885772705
        },
        "tail": {
          "x": 0.10929001867771149,
          "y": 0.004236731678247452,
          "z": 0.8051199316978455
        }
      },
      "world_space": {
        "head": {
          "x": 0.06984400004148483,
          "y": 0.03926049545407295,
          "z": 1.6076616048812866
        },
        "tail": {
          "x": 0.10929001867771149,
          "y": 0.06748072803020477,
          "z": 1.7549738883972168
        },
        "rotation_quaternion": {
          "w": 0.7596775889396667,
          "x": 0.6358321905136108,
          "y": 0.11776942014694214,
          "z": -0.06883128732442856
        },
        "matrix": [
          [
            0.962785542011261,
            0.25434237718582153,
            0.09140187501907349,
            0.06984400004148483
          ],
          [
            0.04518233984708786,
            0.18196013569831848,
            -0.982267439365387,
            0.03926049545407295
          ],
          [
            -0.26646551489830017,
            0.9498492479324341,
            0.1636969894170761,
            1.6076616048812866
          ],
          [
            0.0,
            0.0,
            0.0,
            1.0
          ]
        ]
      },
      "bone_length_armature_space": 0.15509125117390254,
      "parent": "neck_01",
      "has_children": false,
      "is_end_bone": true
    },
    "upperarm_l": {
      "name": "upperarm_l",
      "local": {
        "location": {
          "x": 0.0,
          "y": 0.0,
          "z": 0.0
        },
        "rotation_quaternion": {
          "w": 0.8904303908348083,
          "x": 0.41663429141044617,
          "y": 0.1824178844690323,
          "z": -0.0165316853672266
        },
        "scale": {
          "x": 1.0,
          "y": 1.0,
          "z": 1.0
        },
        "matrix_basis": [
          [
            0.9329008460044861,
            0.1814437210559845,
            0.3110855221748352,
            0.0
          ],
          [
            0.1225624606013298,
            0.6522851586341858,
            -0.7479990124702454,
            0.0
          ],
          [
            -0.338636189699173,
            0.7359363436698914,
            0.5862791538238525,
            0.0
          ],
          [
            0.0,
            0.0,
            0.0,
            1.0
          ]
        ],
        "rotation_mode": "QUATERNION"
      },
      "armature_space": {
        "head": {
          "x": 0.19779562950134277,
          "y": -0.011745838448405266,
          "z": 0.4776298403739929
        },
        "tail": {
          "x": 0.36305755376815796,
          "y": -0.2132634073495865,
          "z": 0.4152851402759552
        }
      },
      "world_space": {
        "head": {
          "x": 0.19779562950134277,
          "y": 0.051498159766197205,
          "z": 1.4274837970733643
        },
        "tail": {
          "x": 0.36305755376815796,
          "y": -0.15001940727233887,
          "z": 1.365139126777649
        },
        "rotation_quaternion": {
          "w": 0.12783482670783997,
          "x": 0.6960324645042419,
          "y": 0.32809916138648987,
          "z": -0.6257380843162537
        },
        "matrix": [
          [
            0.001604958437383175,
            0.6167193651199341,
            -0.7871814966201782,
            0.19779562950134277
          ],
          [
            0.29675284028053284,
            -0.7520170211791992,
            -0.5885646343231201,
            0.051498159766197205
          ],
          [
            -0.9549594521522522,
            -0.23265601694583893,
            -0.18422198295593262,
            1.4274837970733643
          ],
          [
            0.0,
            0.0,
            0.0,
            1.0
          ]
        ]
      },
      "bone_length_armature_space": 0.26796957952854783,
      "parent": "spine_01",
      "has_children": true,
      "is_end_bone": false
    },
    "lowerarm_l": {
      "name": "lowerarm_l",
      "local": {
        "location": {
          "x": 0.0,
          "y": 0.0,
          "z": 0.0
        },
        "rotation_quaternion": {
          "w": 0.8851008415222168,
          "x": 0.44614487886428833,
          "y": 0.0071369195356965065,
          "z": -0.13228900730609894
        },
        "scale": {
          "x": 1.0,
          "y": 1.0,
          "z": 1.0
        },
        "matrix_basis": [
          [
            0.9648973941802979,
            0.24054642021656036,
            -0.10540633648633957,
            0.0
          ],
          [
            -0.22781002521514893,
            0.5669087171554565,
            -0.7916547060012817,
            0.0
          ],
          [
            -0.13067391514778137,
            0.787878155708313,
            0.6018075942993164,
            0.0
          ],
          [
            0.0,
            0.0,
            0.0,
            1.0
          ]
        ],
        "rotation_mode": "QUATERNION"
      },
      "armature_space": {
        "head": {
          "x": 0.36305758357048035,
          "y": -0.21326354146003723,
          "z": 0.41528522968292236
        },
        "tail": {
          "x": 0.2575930953025818,
          "y": -0.43970876932144165,
          "z": 0.31952863931655884
        }
      },
      "world_space": {
        "head": {
          "x": 0.36305758357048035,
          "y": -0.1500195413827896,
          "z": 1.3651392459869385
        },
        "tail": {
          "x": 0.2575930953025818,
          "y": -0.3764647841453552,
          "z": 1.2693827152252197
        },
        "rotation_quaternion": {
          "w": 0.2768787741661072,
          "x": -0.6179608702659607,
          "y": -0.010691352188587189,
          "z": 0.7357637286186218
        },
        "matrix": [
          [
            -0.08292479813098907,
            -0.3942236602306366,
            -0.9152656197547913,
            0.36305758357048035
          ],
          [
            0.42064839601516724,
            -0.8464467525482178,
            0.3264702558517456,
            -0.1500195413827896
          ],
          [
            -0.9034319519996643,
            -0.3579357862472534,
            0.23602287471294403,
            1.3651392459869385
          ],
          [
            0.0,
            0.0,
            0.0,
            1.0
          ]
        ]
      },
      "bone_length_armature_space": 0.26752480790155675,
      "parent": "upperarm_l",
      "has_children": true,
      "is_end_bone": false
    },
    "metacarpal_thumb_l": {
      "name": "metacarpal_thumb_l",
      "local": {
        "location": {
          "x": 0.0,
          "y": 0.0,
          "z": 0.0
        },
        "rotation_quaternion": {
          "w": 0.9994513392448425,
          "x": -0.030774591490626335,
          "y": 0.011706807650625706,
          "z": 0.003624273929744959
        },
        "scale": {
          "x": 1.0,
          "y": 1.0,
          "z": 1.0
        },
        "matrix_basis": [
          [
            0.9996996521949768,
            -0.007965114898979664,
            0.023177698254585266,
            0.0
          ],
          [
            0.006524026393890381,
            0.9980795979499817,
            0.06160027161240578,
            0.0
          ],
          [
            -0.023623840883374214,
            -0.06143055483698845,
            0.9978317618370056,
            0.0
          ],
          [
            0.0,
            0.0,
            0.0,
            1.0
          ]
        ],
        "rotation_mode": "QUATERNION"
      },
      "armature_space": {
        "head": {
          "x": 0.2575930953025818,
          "y": -0.43970876932144165,
          "z": 0.31952863931655884
        },
        "tail": {
          "x": 0.2145591676235199,
          "y": -0.4608010947704315,
          "z": 0.307007372379303
        }
      },
      "world_space": {
        "head": {
          "x": 0.2575930953025818,
          "y": -0.3764647841453552,
          "z": 1.2693827152252197
        },
        "tail": {
          "x": 0.2145591676235199,
          "y": -0.3975570797920227,
          "z": 1.2568614482879639
        },
        "rotation_quaternion": {
          "w": 0.2293582260608673,
          "x": -0.8336621522903442,
          "y": 0.4842369556427002,
          "z": 0.1338542252779007
        },
        "matrix": [
          [
            0.4951948821544647,
            -0.8687812089920044,
            -0.0010490529239177704,
            0.2575930953025818
          ],
          [
            -0.7459798455238342,
            -0.4258178472518921,
            0.5120481252670288,
            -0.3764647841453552
          ],
          [
            -0.4453083276748657,
            -0.2527831792831421,
            -0.8589617013931274,
            1.2693827152252197
          ],
          [
            0.0,
            0.0,
            0.0,
            1.0
          ]
        ]
      },
      "bone_length_armature_space": 0.049533697545977515,
      "parent": "lowerarm_l",
      "has_children": true,
      "is_end_bone": false
    },
    "thumb_01_l": {
      "name": "thumb_01_l",
      "local": {
        "location": {
          "x": 0.0,
          "y": 0.0,
          "z": 0.0
        },
        "rotation_quaternion": {
          "w": 0.9997966885566711,
          "x": -0.01513102650642395,
          "y": -0.006910834927111864,
          "z": -0.011397859081625938
        },
        "scale": {
          "x": 1.0,
          "y": 1.0,
          "z": 1.0
        },
        "matrix_basis": [
          [
            0.9996446371078491,
            0.023000219836831093,
            -0.013473937287926674,
            0.0
          ],
          [
            -0.022581947967410088,
            0.9992823004722595,
            0.030413437634706497,
            0.0
          ],
          [
            0.014163782820105553,
            -0.030098363757133484,
            0.9994465708732605,
            0.0
          ],
          [
            0.0,
            0.0,
            0.0,
            1.0
          ]
        ],
        "rotation_mode": "QUATERNION"
      },
      "armature_space": {
        "head": {
          "x": 0.2145591676235199,
          "y": -0.4608010947704315,
          "z": 0.307007372379303
        },
        "tail": {
          "x": 0.1920483112335205,
          "y": -0.45414313673973083,
          "z": 0.2823585271835327
        }
      },
      "world_space": {
        "head": {
          "x": 0.2145591676235199,
          "y": -0.3975570797920227,
          "z": 1.2568614482879639
        },
        "tail": {
          "x": 0.1920483112335205,
          "y": -0.390899121761322,
          "z": 1.2322125434875488
        },
        "rotation_quaternion": {
          "w": 0.004601075313985348,
          "x": -0.43045246601104736,
          "y": 0.773162305355072,
          "z": -0.4657354950904846
        },
        "matrix": [
          [
            -0.6293771266937256,
            -0.6613337397575378,
            0.40807104110717773,
            0.2145591676235199
          ],
          [
            -0.6699070334434509,
            0.1956007480621338,
            -0.7162157297134399,
            -0.3975570797920227
          ],
          [
            0.3938407301902771,
            -0.724144458770752,
            -0.5661434531211853,
            1.2568614482879639
          ],
          [
            0.0,
            0.0,
            0.0,
            1.0
          ]
        ]
      },
      "bone_length_armature_space": 0.03403869327690575,
      "parent": "metacarpal_thumb_l",
      "has_children": true,
      "is_end_bone": false
    },
    "thumb_02_l": {
      "name": "thumb_02_l",
      "local": {
        "location": {
          "x": 0.0,
          "y": 0.0,
          "z": 0.0
        },
        "rotation_quaternion": {
          "w": 0.9938163161277771,
          "x": 0.11034609377384186,
          "y": -0.012133272364735603,
          "z": -0.002376819960772991
        },
        "scale": {
          "x": 1.0,
          "y": 1.0,
          "z": 1.0
        },
        "matrix_basis": [
          [
            0.999694287776947,
            0.0020465264096856117,
            -0.02464103326201439,
            0.0
          ],
          [
            -0.007401963230222464,
            0.9756361842155457,
            -0.21926982700824738,
            0.0
          ],
          [
            0.023591943085193634,
            0.21938517689704895,
            0.9753530621528625,
            0.0
          ],
          [
            0.0,
            0.0,
            0.0,
            1.0
          ]
        ],
        "rotation_mode": "QUATERNION"
      },
      "armature_space": {
        "head": {
          "x": 0.1920483261346817,
          "y": -0.45414307713508606,
          "z": 0.2823585569858551
        },
        "tail": {
          "x": 0.17842896282672882,
          "y": -0.48959559202194214,
          "z": 0.26928892731666565
        }
      },
      "world_space": {
        "head": {
          "x": 0.1920483261346817,
          "y": -0.39089906215667725,
          "z": 1.2322125434875488
        },
        "tail": {
          "x": 0.17842896282672882,
          "y": -0.4263516068458557,
          "z": 1.2191429138183594
        },
        "rotation_quaternion": {
          "w": 0.0879562646150589,
          "x": 0.4082789421081543,
          "y": -0.2256578803062439,
          "z": 0.880142331123352
        },
        "matrix": [
          [
            -0.6511444449424744,
            -0.3390902876853943,
            0.6789908409118652,
            0.1920483261346817
          ],
          [
            -0.029433872550725937,
            -0.8826848864555359,
            -0.4690426290035248,
            -0.39089906215667725
          ],
          [
            0.7583881616592407,
            -0.32540303468704224,
            0.5647781491279602,
            1.2322125434875488
          ],
          [
            0.0,
            0.0,
            0.0,
            1.0
          ]
        ]
      },
      "bone_length_armature_space": 0.04016445060695784,
      "parent": "thumb_01_l",
      "has_children": true,
      "is_end_bone": false
    },
    "thumb_03_l": {
      "name": "thumb_03_l",
      "local": {
        "location": {
          "x": 0.0,
          "y": 0.0,
          "z": 0.0
        },
        "rotation_quaternion": {
          "w": 0.9988521337509155,
          "x": 0.04742546007037163,
          "y": 0.0024202894419431686,
          "z": 0.00629315385594964
        },
        "scale": {
          "x": 1.0,
          "y": 1.0,
          "z": 1.0
        },
        "matrix_basis": [
          [
            0.9999091029167175,
            -0.012342293746769428,
            0.005431933794170618,
            0.0
          ],
          [
            0.012801427394151688,
            0.9954224228858948,
            -0.09471157938241959,
            0.0
          ],
          [
            -0.004238110966980457,
            0.09477250277996063,
            0.9954899549484253,
            0.0
          ],
          [
            0.0,
            0.0,
            0.0,
            1.0
          ]
        ],
        "rotation_mode": "QUATERNION"
      },
      "armature_space": {
        "head": {
          "x": 0.17842890322208405,
          "y": -0.48959553241729736,
          "z": 0.26928895711898804
        },
        "tail": {
          "x": 0.17899362742900848,
          "y": -0.5194195508956909,
          "z": 0.2631978690624237
        }
      },
      "world_space": {
        "head": {
          "x": 0.17842890322208405,
          "y": -0.42635154724121094,
          "z": 1.2191429138183594
        },
        "tail": {
          "x": 0.17899362742900848,
          "y": -0.4561755657196045,
          "z": 1.2130519151687622
        },
        "rotation_quaternion": {
          "w": 0.030792299658060074,
          "x": -0.21461401879787445,
          "y": 0.09616966545581818,
          "z": -0.9714649319648743
        },
        "matrix": [
          [
            -0.9059853553771973,
            0.01854882761836052,
            0.42290249466896057,
            0.17842890322208405
          ],
          [
            -0.10110584646463394,
            -0.9796065092086792,
            -0.17363330721855164,
            -0.42635154724121094
          ],
          [
            0.4110601842403412,
            -0.20006951689720154,
            0.8893907070159912,
            1.2191429138183594
          ],
          [
            0.0,
            0.0,
            0.0,
            1.0
          ]
        ]
      },
      "bone_length_armature_space": 0.0304449067468686,
      "parent": "thumb_02_l",
      "has_children": false,
      "is_end_bone": true
    },
    "metacarpal_index_l": {
      "name": "metacarpal_index_l",
      "local": {
        "location": {
          "x": 0.0,
          "y": 0.0,
          "z": 0.0
        },
        "rotation_quaternion": {
          "w": 0.9970628619194031,
          "x": -0.07403026521205902,
          "y": -0.013302084989845753,
          "z": 0.014432623982429504
        },
        "scale": {
          "x": 1.0,
          "y": 1.0,
          "z": 1.0
        },
        "matrix_basis": [
          [
            0.9992294907569885,
            -0.02681095339357853,
            -0.02866293117403984,
            0.0
          ],
          [
            0.030749980360269547,
            0.9886224269866943,
            0.14724168181419373,
            0.0
          ],
          [
            0.024389127269387245,
            -0.14800962805747986,
            0.988685131072998,
            0.0
          ],
          [
            0.0,
            0.0,
            0.0,
            1.0
          ]
        ],
        "rotation_mode": "QUATERNION"
      },
      "armature_space": {
        "head": {
          "x": 0.2575930953025818,
          "y": -0.43970876932144165,
          "z": 0.31952863931655884
        },
        "tail": {
          "x": 0.1878214329481125,
          "y": -0.5305244326591492,
          "z": 0.29475638270378113
        }
      },
      "world_space": {
        "head": {
          "x": 0.2575930953025818,
          "y": -0.3764647841453552,
          "z": 1.2693827152252197
        },
        "tail": {
          "x": 0.1878214329481125,
          "y": -0.46728044748306274,
          "z": 1.2446104288101196
        },
        "rotation_quaternion": {
          "w": 0.2395397275686264,
          "x": -0.8464818596839905,
          "y": 0.2347094714641571,
          "z": 0.4135223627090454
        },
        "matrix": [
          [
            0.547821581363678,
            -0.5954649448394775,
            -0.5876333713531494,
            0.2575930953025818
          ],
          [
            -0.19924549758434296,
            -0.7750644087791443,
            0.5996469259262085,
            -0.3764647841453552
          ],
          [
            -0.8125283122062683,
            -0.21141837537288666,
            -0.5432441234588623,
            1.2693827152252197
          ],
          [
            0.0,
            0.0,
            0.0,
            1.0
          ]
        ]
      },
      "bone_length_armature_space": 0.11717181473306766,
      "parent": "lowerarm_l",
      "has_children": true,
      "is_end_bone": false
    },
    "index_01_l": {
      "name": "index_01_l",
      "local": {
        "location": {
          "x": 0.0,
          "y": 0.0,
          "z": 0.0
        },
        "rotation_quaternion": {
          "w": 0.992824912071228,
          "x": -0.11655455827713013,
          "y": -0.02059957943856716,
          "z": -0.017012635245919228
        },
        "scale": {
          "x": 1.0,
          "y": 1.0,
          "z": 1.0
        },
        "matrix_basis": [
          [
            0.9985724687576294,
            0.03858308494091034,
            -0.03693775087594986,
            0.0
          ],
          [
            -0.028979185968637466,
            0.9722512364387512,
            0.23213744163513184,
            0.0
          ],
          [
            0.044869352132081985,
            -0.2307356297969818,
            0.971981406211853,
            0.0
          ],
          [
            0.0,
            0.0,
            0.0,
            1.0
          ]
        ],
        "rotation_mode": "QUATERNION"
      },
      "armature_space": {
        "head": {
          "x": 0.1878214329481125,
          "y": -0.5305244326591492,
          "z": 0.29475638270378113
        },
        "tail": {
          "x": 0.18477432429790497,
          "y": -0.5577435493469238,
          "z": 0.2868250012397766
        }
      },
      "world_space": {
        "head": {
          "x": 0.1878214329481125,
          "y": -0.46728044748306274,
          "z": 1.2446104288101196
        },
        "tail": {
          "x": 0.18477432429790497,
          "y": -0.4944995641708374,
          "z": 1.2366790771484375
        },
        "rotation_quaternion": {
          "w": 0.15063491463661194,
          "x": -0.9113375544548035,
          "y": -0.004689805209636688,
          "z": 0.38308098912239075
        },
        "matrix": [
          [
            0.7064541578292847,
            -0.10686223208904266,
            -0.6996448636054993,
            0.1878214329481125
          ],
          [
            0.12395857274532318,
            -0.9545745849609375,
            0.2709644138813019,
            -0.46728044748306274
          ],
          [
            -0.6968239545822144,
            -0.2781536281108856,
            -0.6611212491989136,
            1.2446104288101196
          ],
          [
            0.0,
            0.0,
            0.0,
            1.0
          ]
        ]
      },
      "bone_length_armature_space": 0.0285144174343389,
      "parent": "metacarpal_index_l",
      "has_children": true,
      "is_end_bone": false
    },
    "index_02_l": {
      "name": "index_02_l",
      "local": {
        "location": {
          "x": 0.0,
          "y": 0.0,
          "z": 0.0
        },
        "rotation_quaternion": {
          "w": 0.9997576475143433,
          "x": 0.01938469707965851,
          "y": -0.007320560049265623,
          "z": -0.0074484627693891525
        },
        "scale": {
          "x": 1.0,
          "y": 1.0,
          "z": 1.0
        },
        "matrix_basis": [
          [
            0.9997818470001221,
            0.01460950169712305,
            -0.014926344156265259,
            0.0
          ],
          [
            -0.015177128836512566,
            0.9991375207901001,
            -0.03865094482898712,
            0.0
          ],
          [
            0.014348799362778664,
            0.03886905312538147,
            0.999141275882721,
            0.0
          ],
          [
            0.0,
            0.0,
            0.0,
            1.0
          ]
        ],
        "rotation_mode": "QUATERNION"
      },
      "armature_space": {
        "head": {
          "x": 0.18477389216423035,
          "y": -0.5577438473701477,
          "z": 0.2868248522281647
        },
        "tail": {
          "x": 0.18272338807582855,
          "y": -0.582035481929779,
          "z": 0.278837114572525
        }
      },
      "world_space": {
        "head": {
          "x": 0.18477389216423035,
          "y": -0.4944998621940613,
          "z": 1.2366788387298584
        },
        "tail": {
          "x": 0.18272338807582855,
          "y": -0.5187914967536926,
          "z": 1.2286911010742188
        },
        "rotation_quaternion": {
          "w": 0.16015106439590454,
          "x": -0.8945178389549255,
          "y": -0.029852332547307014,
          "z": 0.4162912964820862
        },
        "matrix": [
          [
            0.6516210436820984,
            -0.07993131875991821,
            -0.7543215751647949,
            0.18477389216423035
          ],
          [
            0.186745747923851,
            -0.9469212889671326,
            0.26166027784347534,
            -0.4944998621940613
          ],
          [
            -0.7352031469345093,
            -0.3113726079463959,
            -0.6021111607551575,
            1.2366788387298584
          ],
          [
            0.0,
            0.0,
            0.0,
            1.0
          ]
        ]
      },
      "bone_length_armature_space": 0.025653305092468503,
      "parent": "index_01_l",
      "has_children": true,
      "is_end_bone": false
    },
    "index_03_l": {
      "name": "index_03_l",
      "local": {
        "location": {
          "x": 0.0,
          "y": 0.0,
          "z": 0.0
        },
        "rotation_quaternion": {
          "w": 0.9999586343765259,
          "x": 0.008526989258825779,
          "y": 0.00014058523811399937,
          "z": -0.0031653684563934803
        },
        "scale": {
          "x": 1.0,
          "y": 1.0,
          "z": 1.0
        },
        "matrix_basis": [
          [
            0.9999799132347107,
            0.006332872435450554,
            0.00022717671527061611,
            0.0
          ],
          [
            -0.006328077521175146,
            0.9998345375061035,
            -0.017054162919521332,
            0.0
          ],
          [
            -0.0003351409686729312,
            0.017052382230758667,
            0.999854564666748,
            0.0
          ],
          [
            0.0,
            0.0,
            0.0,
            1.0
          ]
        ],
        "rotation_mode": "QUATERNION"
      },
      "armature_space": {
        "head": {
          "x": 0.18272347748279572,
          "y": -0.5820355415344238,
          "z": 0.2788372337818146
        },
        "tail": {
          "x": 0.17997771501541138,
          "y": -0.6080829501152039,
          "z": 0.26588624715805054
        }
      },
      "world_space": {
        "head": {
          "x": 0.18272347748279572,
          "y": -0.5187915563583374,
          "z": 1.2286912202835083
        },
        "tail": {
          "x": 0.17997771501541138,
          "y": -0.5448389649391174,
          "z": 1.2157402038574219
        },
        "rotation_quaternion": {
          "w": 0.22879034280776978,
          "x": -0.8963592648506165,
          "y": -0.043855566531419754,
          "z": 0.3771892189979553
        },
        "matrix": [
          [
            0.7116102576255798,
            -0.09397301822900772,
            -0.6962613463401794,
            0.18272347748279572
          ],
          [
            0.25121501088142395,
            -0.8914638757705688,
            0.3770718574523926,
            -0.5187915563583374
          ],
          [
            -0.6561309695243835,
            -0.4432433247566223,
            -0.6107715368270874,
            1.2286912202835083
          ],
          [
            0.0,
            0.0,
            0.0,
            1.0
          ]
        ]
      },
      "bone_length_armature_space": 0.02921874004576614,
      "parent": "index_02_l",
      "has_children": false,
      "is_end_bone": true
    },
    "metacarpal_pinky_l": {
      "name": "metacarpal_pinky_l",
      "local": {
        "location": {
          "x": 0.0,
          "y": 0.0,
          "z": 0.0
        },
        "rotation_quaternion": {
          "w": 0.9997610449790955,
          "x": -0.006183634977787733,
          "y": -0.02053261734545231,
          "z": 0.004259396810084581
        },
        "scale": {
          "x": 1.0,
          "y": 1.0,
          "z": 1.0
        },
        "matrix_basis": [
          [
            0.9991205334663391,
            -0.008262825198471546,
            -0.04110809788107872,
            0.0
          ],
          [
            0.00877069029957056,
            0.999887228012085,
            0.012189401313662529,
            0.0
          ],
          [
            0.04100274667143822,
            -0.012539227493107319,
            0.9990803599357605,
            0.0
          ],
          [
            0.0,
            0.0,
            0.0,
            1.0
          ]
        ],
        "rotation_mode": "QUATERNION"
      },
      "armature_space": {
        "head": {
          "x": 0.2575930953025818,
          "y": -0.43970876932144165,
          "z": 0.31952863931655884
        },
        "tail": {
          "x": 0.24846526980400085,
          "y": -0.5333925485610962,
          "z": 0.27499452233314514
        }
      },
      "world_space": {
        "head": {
          "x": 0.2575930953025818,
          "y": -0.3764647841453552,
          "z": 1.2693827152252197
        },
        "tail": {
          "x": 0.24846526980400085,
          "y": -0.47014856338500977,
          "z": 1.2248485088348389
        },
        "rotation_quaternion": {
          "w": 0.05901632085442543,
          "x": -0.06280294060707092,
          "y": -0.21605579555034637,
          "z": 0.9725701808929443
        },
        "matrix": [
          [
            -0.9851456880569458,
            -0.08765731751918793,
            -0.14766228199005127,
            0.2575930953025818
          ],
          [
            0.14193286001682281,
            -0.8996741771697998,
            -0.4128456115722656,
            -0.3764647841453552
          ],
          [
            -0.09665956348180771,
            -0.42767491936683655,
            0.8987575769424438,
            1.2693827152252197
          ],
          [
            0.0,
            0.0,
            0.0,
            1.0
          ]
        ]
      },
      "bone_length_armature_space": 0.10413095350127316,
      "parent": "lowerarm_l",
      "has_children": true,
      "is_end_bone": false
    },
    "pinky_01_l": {
      "name": "pinky_01_l",
      "local": {
        "location": {
          "x": 0.0,
          "y": 0.0,
          "z": 0.0
        },
        "rotation_quaternion": {
          "w": 0.9546321630477905,
          "x": 0.2974976599216461,
          "y": -0.005260765552520752,
          "z": 0.012043997645378113
        },
        "scale": {
          "x": 1.0,
          "y": 1.0,
          "z": 1.0
        },
        "matrix_basis": [
          [
            0.9996545314788818,
            -0.026125306263566017,
            -0.0028780698776245117,
            0.0
          ],
          [
            0.019865043461322784,
            0.8227001428604126,
            -0.5681284070014954,
            0.0
          ],
          [
            0.01721031405031681,
            0.5678749680519104,
            0.8229349255561829,
            0.0
          ],
          [
            0.0,
            0.0,
            0.0,
            1.0
          ]
        ],
        "rotation_mode": "QUATERNION"
      },
      "armature_space": {
        "head": {
          "x": 0.24846526980400085,
          "y": -0.5333925485610962,
