{
  "metadata": {
    "armature_name": "KIM_caucasian_male",
    "export_time": "2026-01-13T21:04:01.344387",
    "blender_version": "4.4.1",
    "bone_count": 56,
    "end_bone_count": 13,
    "spaces_included": [
      "LOCAL_CHANNELS",
      "ARMATURE_SPACE",
      "WORLD_SPACE"
    ],
    "note": "LOCAL matches Transform panel; replay pose via local.matrix_basis for best fidelity."
  },
  "bones": {
    "Root": {
      "name": "Root",
      "local": {
        "location": {
          "x": 0.0,
          "y": 0.0,
          "z": 0.0
        },
        "rotation_quaternion": {
          "w": 0.9995720386505127,
          "x": -0.006293949671089649,
          "y": 0.017893915995955467,
          "z": 0.022270187735557556
        },
        "scale": {
          "x": 1.0,
          "y": 1.0,
          "z": 1.0
        },
        "matrix_basis": [
          [
            0.9983676671981812,
            -0.044746559113264084,
            0.0354921817779541,
            0.0
          ],
          [
            0.04429606720805168,
            0.9989288449287415,
            0.013379514217376709,
            0.0
          ],
          [
            -0.036052852869033813,
            -0.011785510927438736,
            0.9992803931236267,
            0.0
          ],
          [
            0.0,
            0.0,
            0.0,
            1.0
          ]
        ],
        "rotation_mode": "QUATERNION"
      },
      "armature_space": {
        "head": {
          "x": 0.0,
          "y": 0.07072800397872925,
          "z": -0.009595036506652832
        },
        "tail": {
          "x": -0.003193824551999569,
          "y": 0.00018884986639022827,
          "z": 0.0008232938125729561
        }
      },
      "world_space": {
        "head": {
          "x": 0.0,
          "y": 0.13397200405597687,
          "z": 0.9402589797973633
        },
        "tail": {
          "x": -0.003193824551999569,
          "y": 0.06343284994363785,
          "z": 0.9506773352622986
        },
        "rotation_quaternion": {
          "w": 0.07361847907304764,
          "x": 0.9968771934509277,
          "y": -0.021014118567109108,
          "z": 0.019353562965989113
        },
        "matrix": [
          [
            0.9983676671981812,
            -0.044746559113264084,
            0.0354921817779541,
            0.0
          ],
          [
            -0.03904742747545242,
            -0.9882773756980896,
            -0.1475910246372223,
            0.13397200405597687
          ],
          [
            0.04168056696653366,
            0.14596432447433472,
            -0.988418459892273,
            0.9402589797973633
          ],
          [
            0.0,
            0.0,
            0.0,
            1.0
          ]
        ]
      },
      "bone_length_armature_space": 0.0713758683718453,
      "parent": null,
      "has_children": true,
      "is_end_bone": false
    },
    "spine_01": {
      "name": "spine_01",
      "local": {
        "location": {
          "x": 0.0,
          "y": 0.0,
          "z": 0.0
        },
        "rotation_quaternion": {
          "w": 0.9964610934257507,
          "x": 0.06500038504600525,
          "y": -0.05136159434914589,
          "z": 0.014217971824109554
        },
        "scale": {
          "x": 1.0,
          "y": 1.0,
          "z": 1.0
        },
        "matrix_basis": [
          [
            0.9943196773529053,
            -0.03501235693693161,
            -0.10051131248474121,
            0.0
          ],
          [
            0.021658264100551605,
            0.9911456108093262,
            -0.13100121915340424,
            0.0
          ],
          [
            0.10420800745487213,
            0.12808018922805786,
            0.9862738847732544,
            0.0
          ],
          [
            0.0,
            0.0,
            0.0,
            1.0
          ]
        ],
        "rotation_mode": "QUATERNION"
      },
      "armature_space": {
        "head": {
          "x": -0.003193824551999569,
          "y": 0.00018884986639022827,
          "z": 0.0008232938125729561
        },
        "tail": {
          "x": -0.04184705391526222,
          "y": -0.032426539808511734,
          "z": 0.4862000644207001
        }
      },
      "world_space": {
        "head": {
          "x": -0.003193824551999569,
          "y": 0.06343284994363785,
          "z": 0.9506773352622986
        },
        "tail": {
          "x": -0.04184705391526222,
          "y": 0.030817460268735886,
          "z": 1.4360541105270386
        },
        "rotation_quaternion": {
          "w": 0.6788749694824219,
          "x": 0.7299944758415222,
          "y": -0.0755729079246521,
          "z": -0.02292649634182453
        },
        "matrix": [
          [
            0.9875261783599854,
            -0.07920723408460617,
            -0.1360820084810257,
            -0.003193824551999569
          ],
          [
            -0.141464501619339,
            -0.06683464348316193,
            -0.9876846671104431,
            0.06343284994363785
          ],
          [
            0.06913713365793228,
            0.9946220517158508,
            -0.07720740139484406,
            0.9506773352622986
          ],
          [
            0.0,
            0.0,
            0.0,
            1.0
          ]
        ]
      },
      "bone_length_armature_space": 0.488004551808641,
      "parent": "Root",
      "has_children": true,
      "is_end_bone": false
    },
    "neck_01": {
      "name": "neck_01",
      "local": {
        "location": {
          "x": 0.0,
          "y": 0.0,
          "z": 0.0
        },
        "rotation_quaternion": {
          "w": 0.9960185289382935,
          "x": -0.01507280021905899,
          "y": -0.0050317975692451,
          "z": 0.08771936595439911
        },
        "scale": {
          "x": 1.0,
          "y": 1.0,
          "z": 1.0
        },
        "matrix_basis": [
          [
            0.9845600128173828,
            -0.17458854615688324,
            -0.012667880393564701,
            0.0
          ],
          [
            0.17489191889762878,
            0.9841562509536743,
            0.029142804443836212,
            0.0
          ],
          [
            0.00737917423248291,
            -0.03090834803879261,
            0.9994949698448181,
            0.0
          ],
          [
            0.0,
            0.0,
            0.0,
            1.0
          ]
        ],
        "rotation_mode": "QUATERNION"
      },
      "armature_space": {
        "head": {
          "x": -0.05236586928367615,
          "y": -0.071573406457901,
          "z": 0.5563471913337708
        },
        "tail": {
          "x": -0.08233839273452759,
          "y": -0.11029641330242157,
          "z": 0.6464188694953918
        }
      },
      "world_space": {
        "head": {
          "x": -0.05236586928367615,
          "y": -0.008329406380653381,
          "z": 1.5062012672424316
        },
        "tail": {
          "x": -0.08233839273452759,
          "y": -0.04705241322517395,
          "z": 1.5962729454040527
        },
        "rotation_quaternion": {
          "w": 0.5356670022010803,
          "x": 0.8293550610542297,
          "y": -0.15558648109436035,
          "z": 0.03199829161167145
        },
        "matrix": [
          [
            0.9495376944541931,
            -0.2923540472984314,
            -0.11361050605773926,
            -0.05236586928367615
          ],
          [
            -0.22379325330257416,
            -0.3777068555355072,
            -0.89847332239151,
            -0.008329406380653381
          ],
          [
            0.2197621613740921,
            0.8785651922225952,
            -0.42407751083374023,
            1.5062012672424316
          ],
          [
            0.0,
            0.0,
            0.0,
            1.0
          ]
        ]
      },
      "bone_length_armature_space": 0.10252185546595415,
      "parent": "spine_01",
      "has_children": true,
      "is_end_bone": false
    },
    "head": {
      "name": "head",
      "local": {
        "location": {
          "x": 0.0,
          "y": 0.0,
          "z": 0.0
        },
        "rotation_quaternion": {
          "w": 0.9865598678588867,
          "x": -0.035454828292131424,
          "y": -0.05226834863424301,
          "z": -0.1507008969783783
        },
        "scale": {
          "x": 1.0,
          "y": 1.0,
          "z": 1.0
        },
        "matrix_basis": [
          [
            0.9491145014762878,
            0.30105724930763245,
            -0.09244555979967117,
            0.0
          ],
          [
            -0.29364457726478577,
            0.9520643949508667,
            0.08571039885282516,
            0.0
          ],
          [
            0.11381785571575165,
            -0.0542028471827507,
            0.9920219779014587,
            0.0
          ],
          [
            0.0,
            0.0,
            0.0,
            1.0
          ]
        ],
        "rotation_mode": "QUATERNION"
      },
      "armature_space": {
        "head": {
          "x": -0.08233839273452759,
          "y": -0.11029653251171112,
          "z": 0.6464187502861023
        },
        "tail": {
          "x": -0.0705098807811737,
          "y": -0.11671902239322662,
          "z": 0.8009248971939087
        }
      },
      "world_space": {
        "head": {
          "x": -0.08233839273452759,
          "y": -0.0470525324344635,
          "z": 1.5962727069854736
        },
        "tail": {
          "x": -0.0705098807811737,
          "y": -0.053475022315979004,
          "z": 1.7507789134979248
        },
        "rotation_quaternion": {
          "w": 0.6870154738426208,
          "x": 0.7071911096572876,
          "y": -0.08546317368745804,
          "z": -0.14348022639751434
        },
        "matrix": [
          [
            0.9442192316055298,
            0.07626859843730927,
            -0.3203643560409546,
            -0.08233839273452759
          ],
          [
            -0.31802332401275635,
            -0.04141132906079292,
            -0.9471781849861145,
            -0.0470525324344635
          ],
          [
            -0.08550751954317093,
            0.9962339997291565,
            -0.014847129583358765,
            1.5962727069854736
          ],
          [
            0.0,
            0.0,
            0.0,
            1.0
          ]
        ]
      },
      "bone_length_armature_space": 0.15509130272069863,
      "parent": "neck_01",
      "has_children": false,
      "is_end_bone": true
    },
    "upperarm_l": {
      "name": "upperarm_l",
      "local": {
        "location": {
          "x": 0.0,
          "y": 0.0,
          "z": 0.0
        },
        "rotation_quaternion": {
          "w": 0.9752353429794312,
          "x": 0.10400727391242981,
          "y": 0.18640941381454468,
          "z": -0.05787978693842888
        },
        "scale": {
          "x": 1.0,
          "y": 1.0,
          "z": 1.0
        },
        "matrix_basis": [
          [
            0.92380291223526,
            0.1516686975955963,
            0.3515462577342987,
            0.0
          ],
          [
            -0.07411696016788483,
            0.9716648459434509,
            -0.22444181144237518,
            0.0
          ],
          [
            -0.37562593817710876,
            0.18128445744514465,
            0.9088680148124695,
            0.0
          ],
          [
            0.0,
            0.0,
            0.0,
            1.0
          ]
        ],
        "rotation_mode": "QUATERNION"
      },
      "armature_space": {
        "head": {
          "x": 0.10065241903066635,
          "y": -0.09145112335681915,
          "z": 0.49962520599365234
        },
        "tail": {
          "x": 0.3571365773677826,
          "y": -0.16210660338401794,
          "z": 0.46751105785369873
        }
      },
      "world_space": {
        "head": {
          "x": 0.10065241903066635,
          "y": -0.028207123279571533,
          "z": 1.4494792222976685
        },
        "tail": {
          "x": 0.3571365773677826,
          "y": -0.09886260330677032,
          "z": 1.4173650741577148
        },
        "rotation_quaternion": {
          "w": 0.2753288745880127,
          "x": 0.658036470413208,
          "y": 0.5407010316848755,
          "z": -0.44589754939079285
        },
        "matrix": [
          [
            0.017634153366088867,
            0.9571396112442017,
            -0.2890896797180176,
            0.10065241903066635
          ],
          [
            0.4660643935203552,
            -0.2636699080467224,
            -0.8445486426353455,
            -0.028207123279571533
          ],
          [
            -0.8845807909965515,
            -0.11984260380268097,
            -0.45074209570884705,
            1.4494792222976685
          ],
          [
            0.0,
            0.0,
            0.0,
            1.0
          ]
        ]
      },
      "bone_length_armature_space": 0.26796946548937767,
      "parent": "spine_01",
      "has_children": true,
      "is_end_bone": false
    },
    "lowerarm_l": {
      "name": "lowerarm_l",
      "local": {
        "location": {
          "x": 0.0,
          "y": 0.0,
          "z": 0.0
        },
        "rotation_quaternion": {
          "w": 0.8319495916366577,
          "x": 0.46320345997810364,
          "y": 0.25213196873664856,
          "z": -0.17243000864982605
        },
        "scale": {
          "x": 1.0,
          "y": 1.0,
          "z": 1.0
        },
        "matrix_basis": [
          [
            0.8133947253227234,
            0.5204829573631287,
            0.2597818374633789,
            0.0
          ],
          [
            -0.05332934856414795,
            0.5114209055900574,
            -0.8576741218566895,
            0.0
          ],
          [
            -0.5792625546455383,
            0.6837736368179321,
            0.44374406337738037,
            0.0
          ],
          [
            0.0,
            0.0,
            0.0,
            1.0
          ]
        ],
        "rotation_mode": "QUATERNION"
      },
      "armature_space": {
        "head": {
          "x": 0.35713663697242737,
          "y": -0.1621067225933075,
          "z": 0.4675111174583435
        },
        "tail": {
          "x": 0.4117897152900696,
          "y": -0.3279736340045929,
          "z": 0.26485079526901245
        }
      },
      "world_space": {
        "head": {
          "x": 0.35713663697242737,
          "y": -0.09886272251605988,
          "z": 1.4173650741577148
        },
        "tail": {
          "x": 0.4117897152900696,
          "y": -0.2647296190261841,
          "z": 1.2147047519683838
        },
        "rotation_quaternion": {
          "w": 0.27348536252975464,
          "x": -0.7276790738105774,
          "y": -0.3394150137901306,
          "z": 0.5296097993850708
        },
        "matrix": [
          [
            0.20862197875976562,
            0.20429182052612305,
            -0.9564213752746582,
            0.35713663697242737
          ],
          [
            0.7836517095565796,
            -0.6200065016746521,
            0.03850254416465759,
            -0.09886272251605988
          ],
          [
            -0.585124671459198,
            -0.7575393915176392,
            -0.28944259881973267,
            1.4173650741577148
          ],
          [
            0.0,
            0.0,
            0.0,
            1.0
          ]
        ]
      },
      "bone_length_armature_space": 0.2675256934448067,
      "parent": "upperarm_l",
      "has_children": true,
      "is_end_bone": false
    },
    "metacarpal_thumb_l": {
      "name": "metacarpal_thumb_l",
      "local": {
        "location": {
          "x": 0.0,
          "y": 0.0,
          "z": 0.0
        },
        "rotation_quaternion": {
          "w": 0.9991421103477478,
          "x": -0.040887147188186646,
          "y": -0.004898053593933582,
          "z": 0.004393428564071655
        },
        "scale": {
          "x": 1.0,
          "y": 1.0,
          "z": 1.0
        },
        "matrix_basis": [
          [
            0.9999133944511414,
            -0.00837878417223692,
            -0.010146972723305225,
            0.0
          ],
          [
            0.009179853834211826,
            0.99661785364151,
            0.08166110515594482,
            0.0
          ],
          [
            0.009428434073925018,
            -0.08174718171358109,
            0.9966084957122803,
            0.0
          ],
          [
            0.0,
            0.0,
            0.0,
            1.0
          ]
        ],
        "rotation_mode": "QUATERNION"
      },
      "armature_space": {
        "head": {
          "x": 0.4117897152900696,
          "y": -0.3279736340045929,
          "z": 0.26485079526901245
        },
        "tail": {
          "x": 0.39260345697402954,
          "y": -0.34735265374183655,
          "z": 0.22349923849105835
        }
      },
      "world_space": {
        "head": {
          "x": 0.4117897152900696,
          "y": -0.2647296190261841,
          "z": 1.2147047519683838
        },
        "tail": {
          "x": 0.39260345697402954,
          "y": -0.28410863876342773,
          "z": 1.1733531951904297
        },
        "rotation_quaternion": {
          "w": 0.5074418783187866,
          "x": -0.8336319923400879,
          "y": 0.2165374457836151,
          "z": 0.025926221162080765
        },
        "matrix": [
          [
            0.9048783183097839,
            -0.38733744621276855,
            0.17653599381446838,
            0.4117897152900696
          ],
          [
            -0.33471474051475525,
            -0.39122897386550903,
            0.8572668433189392,
            -0.2647296190261841
          ],
          [
            -0.26298758387565613,
            -0.8348172307014465,
            -0.4836644232273102,
            1.2147047519683838
          ],
          [
            0.0,
            0.0,
            0.0,
            1.0
          ]
        ]
      },
      "bone_length_armature_space": 0.04953392874879751,
      "parent": "lowerarm_l",
      "has_children": true,
      "is_end_bone": false
    },
    "thumb_01_l": {
      "name": "thumb_01_l",
      "local": {
        "location": {
          "x": 0.0,
          "y": 0.0,
          "z": 0.0
        },
        "rotation_quaternion": {
          "w": 0.9976818561553955,
          "x": -0.06742329895496368,
          "y": -0.0023061693646013737,
          "z": 0.008931363001465797
        },
        "scale": {
          "x": 1.0,
          "y": 1.0,
          "z": 1.0
        },
        "matrix_basis": [
          [
            0.9998298287391663,
            -0.017510337755084038,
            -0.00580601068213582,
            0.0
          ],
          [
            0.018132297322154045,
            0.9907486438751221,
            0.13449281454086304,
            0.0
          ],
          [
            0.0033972826786339283,
            -0.13457520306110382,
            0.990897536277771,
            0.0
          ],
          [
            0.0,
            0.0,
            0.0,
            1.0
          ]
        ],
        "rotation_mode": "QUATERNION"
      },
      "armature_space": {
        "head": {
          "x": 0.39260345697402954,
          "y": -0.34735265374183655,
          "z": 0.22349923849105835
        },
        "tail": {
          "x": 0.3809072971343994,
          "y": -0.3314230442047119,
          "z": 0.19578494131565094
        }
      },
      "world_space": {
        "head": {
          "x": 0.39260345697402954,
          "y": -0.28410863876342773,
          "z": 1.1733531951904297
        },
        "tail": {
          "x": 0.3809072971343994,
          "y": -0.2681790590286255,
          "z": 1.1456389427185059
        },
        "rotation_quaternion": {
          "w": 0.377604216337204,
          "x": -0.38944023847579956,
          "y": 0.7690311074256897,
          "z": -0.33814579248428345
        },
        "matrix": [
          [
            -0.41150209307670593,
            -0.343614399433136,
            0.8441535234451294,
            0.39260345697402954
          ],
          [
            -0.8543546795845032,
            0.46798694133758545,
            -0.22597983479499817,
            -0.28410863876342773
          ],
          [
            -0.3174058496952057,
            -0.814202606678009,
            -0.4861496090888977,
            1.1733531951904297
          ],
          [
            0.0,
            0.0,
            0.0,
            1.0
          ]
        ]
      },
      "bone_length_armature_space": 0.03403872624867436,
      "parent": "metacarpal_thumb_l",
      "has_children": true,
      "is_end_bone": false
    },
    "thumb_02_l": {
      "name": "thumb_02_l",
      "local": {
        "location": {
          "x": 0.0,
          "y": 0.0,
          "z": 0.0
        },
        "rotation_quaternion": {
          "w": 0.9965733289718628,
          "x": 0.08177834749221802,
          "y": -0.012362424284219742,
          "z": 0.0010573067702353
        },
        "scale": {
          "x": 1.0,
          "y": 1.0,
          "z": 1.0
        },
        "matrix_basis": [
          [
            0.9996920824050903,
            -0.004129324574023485,
            -0.024467194452881813,
            0.0
          ],
          [
            8.541019633412361e-05,
            0.9866223931312561,
            -0.16302238404750824,
            0.0
          ],
          [
            0.024813054129481316,
            0.16297009587287903,
            0.9863189458847046,
            0.0
          ],
          [
            0.0,
            0.0,
            0.0,
            1.0
          ]
        ],
        "rotation_mode": "QUATERNION"
      },
      "armature_space": {
        "head": {
          "x": 0.3809072971343994,
          "y": -0.3314230144023895,
          "z": 0.19578498601913452
        },
        "tail": {
          "x": 0.38777145743370056,
          "y": -0.3538038730621338,
          "z": 0.1631479412317276
        }
      },
      "world_space": {
        "head": {
          "x": 0.3809072971343994,
          "y": -0.2681789994239807,
          "z": 1.1456389427185059
        },
        "tail": {
          "x": 0.38777145743370056,
          "y": -0.29055988788604736,
          "z": 1.1130019426345825
        },
        "rotation_quaternion": {
          "w": 0.20531190931797028,
          "x": -0.21338480710983276,
          "y": 0.42335769534111023,
          "z": -0.856202244758606
        },
        "matrix": [
          [
            -0.8246276378631592,
            0.1709013432264328,
            0.5392419695854187,
            0.3809072971343994
          ],
          [
            -0.532253623008728,
            -0.5572311878204346,
            -0.6373382806777954,
            -0.2681789994239807
          ],
          [
            0.19156116247177124,
            -0.8125861883163452,
            0.5504740476608276,
            1.1456389427185059
          ],
          [
            0.0,
            0.0,
            0.0,
            1.0
          ]
        ]
      },
      "bone_length_armature_space": 0.040164613781242794,
      "parent": "thumb_01_l",
      "has_children": true,
      "is_end_bone": false
    },
    "thumb_03_l": {
      "name": "thumb_03_l",
      "local": {
        "location": {
          "x": 0.0,
          "y": 0.0,
          "z": 0.0
        },
        "rotation_quaternion": {
          "w": 0.9973401427268982,
          "x": 0.07214284688234329,
          "y": -0.009431091137230396,
          "z": 0.004389952402561903
        },
        "scale": {
          "x": 1.0,
          "y": 1.0,
          "z": 1.0
        },
        "matrix_basis": [
          [
            0.9997835755348206,
            -0.010117323137819767,
            -0.018178604543209076,
            0.0
          ],
          [
            0.0073957801796495914,
            0.9895522594451904,
            -0.14398472011089325,
            0.0
          ],
          [
            0.019445419311523438,
            0.14381910860538483,
            0.9894129037857056,
            0.0
          ],
          [
            0.0,
            0.0,
            0.0,
            1.0
          ]
        ],
        "rotation_mode": "QUATERNION"
      },
      "armature_space": {
        "head": {
          "x": 0.3877713680267334,
          "y": -0.3538038432598114,
          "z": 0.1631479561328888
        },
        "tail": {
          "x": 0.4019237160682678,
          "y": -0.3751745820045471,
          "z": 0.14671938121318817
        }
      },
      "world_space": {
        "head": {
          "x": 0.3877713680267334,
          "y": -0.2905598282814026,
          "z": 1.1130019426345825
        },
        "tail": {
          "x": 0.4019237160682678,
          "y": -0.3119305968284607,
          "z": 1.0965733528137207
        },
        "rotation_quaternion": {
          "w": 0.2417277842760086,
          "x": 0.03179021552205086,
          "y": 0.30098778009414673,
          "z": -0.9219346046447754
        },
        "matrix": [
          [
            -0.8811138272285461,
            0.4648515582084656,
            0.08689838647842407,
            0.3877713680267334
          ],
          [
            -0.4265786111354828,
            -0.701948344707489,
            -0.5703507661819458,
            -0.2905598282814026
          ],
          [
            -0.204132080078125,
            -0.539617121219635,
            0.8167968988418579,
            1.1130019426345825
          ],
          [
            0.0,
            0.0,
            0.0,
            1.0
          ]
        ]
      },
      "bone_length_armature_space": 0.030444958591747392,
      "parent": "thumb_02_l",
      "has_children": false,
      "is_end_bone": true
    },
    "metacarpal_index_l": {
      "name": "metacarpal_index_l",
      "local": {
        "location": {
          "x": 0.0,
          "y": 0.0,
          "z": 0.0
        },
        "rotation_quaternion": {
          "w": 0.9996541738510132,
          "x": -0.024786073714494705,
          "y": -0.007580844685435295,
          "z": 0.004444208927452564
        },
        "scale": {
          "x": 1.0,
          "y": 1.0,
          "z": 1.0
        },
        "matrix_basis": [
          [
            0.999845564365387,
            -0.008509545587003231,
            -0.01537675503641367,
            0.0
          ],
          [
            0.00926114246249199,
            0.998731791973114,
            0.04948762059211731,
            0.0
          ],
          [
            0.01493613701313734,
            -0.04962238669395447,
            0.9986563920974731,
            0.0
          ],
          [
            0.0,
            0.0,
            0.0,
            1.0
          ]
        ],
        "rotation_mode": "QUATERNION"
      },
      "armature_space": {
        "head": {
          "x": 0.4117897152900696,
          "y": -0.3279736340045929,
          "z": 0.26485079526901245
        },
        "tail": {
          "x": 0.40299510955810547,
          "y": -0.39585378766059875,
          "z": 0.16974928975105286
        }
      },
      "world_space": {
        "head": {
          "x": 0.4117897152900696,
          "y": -0.2647296190261841,
          "z": 1.2147047519683838
        },
        "tail": {
          "x": 0.40299510955810547,
          "y": -0.33260977268218994,
          "z": 1.1196032762527466
        },
        "rotation_quaternion": {
          "w": 0.45407187938690186,
          "x": -0.8645575046539307,
          "y": -0.0644846186041832,
          "z": 0.20542874932289124
        },
        "matrix": [
          [
            0.9072818756103516,
            -0.07505729049444199,
            -0.41377073526382446,
            0.4117897152900696
          ],
          [
            0.29805973172187805,
            -0.5793218612670898,
            0.7586482763290405,
            -0.2647296190261841
          ],
          [
            -0.2966499924659729,
            -0.8116421103477478,
            -0.503239095211029,
            1.2147047519683838
          ],
          [
            0.0,
            0.0,
            0.0,
            1.0
          ]
        ]
      },
      "bone_length_armature_space": 0.11717233621817233,
      "parent": "lowerarm_l",
      "has_children": true,
      "is_end_bone": false
    },
    "index_01_l": {
      "name": "index_01_l",
      "local": {
        "location": {
          "x": 0.0,
          "y": 0.0,
          "z": 0.0
        },
        "rotation_quaternion": {
          "w": 0.9894163608551025,
          "x": -0.1438162624835968,
          "y": 0.012901779264211655,
          "z": 0.014344184659421444
        },
        "scale": {
          "x": 1.0,
          "y": 1.0,
          "z": 1.0
        },
        "matrix_basis": [
          [
            0.9992555975914001,
            -0.032095711678266525,
            0.021404609084129333,
            0.0
          ],
          [
            0.024673771113157272,
            0.9582222700119019,
            0.28495845198631287,
            0.0
          ],
          [
            -0.029656317085027695,
            -0.2842181921005249,
            0.9583008289337158,
            0.0
          ],
          [
            0.0,
            0.0,
            0.0,
            1.0
          ]
        ],
        "rotation_mode": "QUATERNION"
      },
      "armature_space": {
        "head": {
          "x": 0.40299510955810547,
          "y": -0.39585378766059875,
          "z": 0.16974928975105286
        },
        "tail": {
          "x": 0.4132993221282959,
          "y": -0.4166176915168762,
          "z": 0.15314331650733948
        }
      },
      "world_space": {
        "head": {
          "x": 0.40299510955810547,
          "y": -0.33260977268218994,
          "z": 1.1196032762527466
        },
        "tail": {
          "x": 0.4132993221282959,
          "y": -0.3533737063407898,
          "z": 1.1029973030090332
        },
        "rotation_quaternion": {
          "w": 0.29893457889556885,
          "x": -0.9273057579994202,
          "y": -0.21573857963085175,
          "z": 0.06480136513710022
        },
        "matrix": [
          [
            0.8985151648521423,
            0.36136871576309204,
            -0.24916553497314453,
            0.40299510955810547
          ],
          [
            0.43885475397109985,
            -0.7281904816627502,
            0.5264463424682617,
            -0.33260977268218994
          ],
          [
            0.008801882155239582,
            -0.5823721885681152,
            -0.8128831386566162,
            1.1196032762527466
          ],
          [
            0.0,
            0.0,
            0.0,
            1.0
          ]
        ]
      },
      "bone_length_armature_space": 0.02851446731957582,
      "parent": "metacarpal_index_l",
      "has_children": true,
      "is_end_bone": false
    },
    "index_02_l": {
      "name": "index_02_l",
      "local": {
        "location": {
          "x": 0.0,
          "y": 0.0,
          "z": 0.0
        },
        "rotation_quaternion": {
          "w": 0.9997199177742004,
          "x": 0.02227165549993515,
          "y": -0.0014881817623972893,
          "z": 0.007870676927268505
        },
        "scale": {
          "x": 1.0,
          "y": 1.0,
          "z": 1.0
        },
        "matrix_basis": [
          [
            0.9998716711997986,
            -0.015803232789039612,
            -0.0026249438524246216,
            0.0
          ],
          [
            0.01567065715789795,
            0.9988840222358704,
            -0.04455425962805748,
            0.0
          ],
          [
            0.00332611589692533,
            0.04450741037726402,
            0.999003529548645,
            0.0
          ],
          [
            0.0,
            0.0,
            0.0,
            1.0
          ]
        ],
        "rotation_mode": "QUATERNION"
      },
      "armature_space": {
        "head": {
          "x": 0.4132991433143616,
          "y": -0.41661787033081055,
          "z": 0.15314283967018127
        },
        "tail": {
          "x": 0.42279812693595886,
          "y": -0.4350373148918152,
          "z": 0.1380237191915512
        }
      },
      "world_space": {
        "head": {
          "x": 0.4132991433143616,
          "y": -0.3533738851547241,
          "z": 1.102996826171875
        },
        "tail": {
          "x": 0.42279812693595886,
          "y": -0.37179332971572876,
          "z": 1.0878777503967285
        },
        "rotation_quaternion": {
          "w": 0.29562899470329285,
          "x": -0.9218764901161194,
          "y": -0.23150844871997833,
          "z": 0.09566237777471542
        },
        "matrix": [
          [
            0.8745048642158508,
            0.37028348445892334,
            -0.3132598102092743,
            0.4132991433143616
          ],
          [
            0.48340633511543274,
            -0.7180150151252747,
            0.5007727146148682,
            -0.3533738851547241
          ],
          [
            -0.03949704021215439,
            -0.5893645882606506,
            -0.8069096803665161,
            1.102996826171875
          ],
          [
            0.0,
            0.0,
            0.0,
            1.0
          ]
        ]
      },
      "bone_length_armature_space": 0.025653350995606804,
      "parent": "index_01_l",
      "has_children": true,
      "is_end_bone": false
    },
    "index_03_l": {
      "name": "index_03_l",
      "local": {
        "location": {
          "x": 0.0,
          "y": 0.0,
          "z": 0.0
        },
        "rotation_quaternion": {
          "w": 0.9994280338287354,
          "x": 0.03334670141339302,
          "y": 0.004552861209958792,
          "z": -0.0033257720060646534
        },
        "scale": {
          "x": 1.0,
          "y": 1.0,
          "z": 1.0
        },
        "matrix_basis": [
          [
            0.9999364018440247,
            0.006951385177671909,
            0.008878706954419613,
            0.0
          ],
          [
            -0.006344093941152096,
            0.9977538585662842,
            -0.06668554246425629,
            0.0
          ],
          [
            -0.00932232104241848,
            0.0666249692440033,
            0.997734546661377,
            0.0
          ],
          [
            0.0,
            0.0,
            0.0,
            1.0
          ]
        ],
        "rotation_mode": "QUATERNION"
      },
      "armature_space": {
        "head": {
          "x": 0.42279812693595886,
          "y": -0.43503737449645996,
          "z": 0.13802383840084076
        },
        "tail": {
          "x": 0.4346309304237366,
          "y": -0.45197203755378723,
          "z": 0.11736129224300385
        }
      },
      "world_space": {
        "head": {
          "x": 0.42279812693595886,
          "y": -0.37179338932037354,
          "z": 1.087877869606018
        },
        "tail": {
          "x": 0.4346309304237366,
          "y": -0.3887280225753784,
          "z": 1.0672153234481812
        },
        "rotation_quaternion": {
          "w": 0.3805862069129944,
          "x": -0.8864356279373169,
          "y": -0.25566139817237854,
          "z": 0.06343062222003937
        },
        "matrix": [
          [
            0.8612272143363953,
            0.40497341752052307,
            -0.3070579171180725,
            0.42279812693595886
          ],
          [
            0.5015376210212708,
            -0.5795829892158508,
            0.6422959566116333,
            -0.37179338932037354
          ],
          [
            0.08214841037988663,
            -0.7071691155433655,
            -0.7022658586502075,
            1.087877869606018
          ],
          [
            0.0,
            0.0,
            0.0,
            1.0
          ]
        ]
      },
      "bone_length_armature_space": 0.029218810105006977,
      "parent": "index_02_l",
      "has_children": false,
      "is_end_bone": true
    },
    "metacarpal_pinky_l": {
      "name": "metacarpal_pinky_l",
      "local": {
        "location": {
          "x": 0.0,
          "y": 0.0,
          "z": 0.0
        },
        "rotation_quaternion": {
          "w": 0.9989314079284668,
          "x": -0.04301932081580162,
          "y": -0.016542157158255577,
          "z": -0.003455949015915394
        },
        "scale": {
          "x": 1.0,
          "y": 1.0,
          "z": 1.0
        },
        "matrix_basis": [
          [
            0.9994288086891174,
            0.008327776566147804,
            -0.03275161609053612,
            0.0
          ],
          [
            -0.005481247324496508,
            0.9962747693061829,
            0.0860610380768776,
            0.0
          ],
          [
            0.033346306532621384,
            -0.08583236485719681,
            0.9957513809204102,
            0.0
          ],
          [
            0.0,
            0.0,
            0.0,
            1.0
          ]
        ],
        "rotation_mode": "QUATERNION"
      },
      "armature_space": {
        "head": {
          "x": 0.4117897152900696,
          "y": -0.3279736340045929,
          "z": 0.26485079526901245
        },
        "tail": {
          "x": 0.4653797149658203,
          "y": -0.3828409016132355,
          "z": 0.19441653788089752
        }
      },
      "world_space": {
        "head": {
          "x": 0.4117897152900696,
          "y": -0.2647296190261841,
          "z": 1.2147047519683838
        },
        "tail": {
          "x": 0.4653797149658203,
          "y": -0.31959688663482666,
          "z": 1.1442705392837524
        },
        "rotation_quaternion": {
          "w": 0.14401967823505402,
          "x": 0.2994363009929657,
          "y": 0.4645484685897827,
          "z": -0.8208478093147278
        },
        "matrix": [
          [
            -0.7791932821273804,
            0.5146414637565613,
            -0.35777390003204346,
            0.4117897152900696
          ],
          [
            0.041766658425331116,
            -0.5269074440002441,
            -0.8488960862159729,
            -0.2647296190261841
          ],
          [
            -0.6253949999809265,
            -0.6764020323753357,
            0.38906943798065186,
            1.2147047519683838
          ],
          [
            0.0,
            0.0,
            0.0,
            1.0
          ]
        ]
      },
      "bone_length_armature_space": 0.10413111710912266,
      "parent": "lowerarm_l",
      "has_children": true,
      "is_end_bone": false
    },
    "pinky_01_l": {
      "name": "pinky_01_l",
      "local": {
        "location": {
          "x": 0.0,
          "y": 0.0,
          "z": 0.0
        },
        "rotation_quaternion": {
          "w": 0.9918076992034912,
          "x": -0.12532420456409454,
          "y": -0.020642083138227463,
          "z": 0.013612953945994377
        },
        "scale": {
          "x": 1.0,
          "y": 1.0,
          "z": 1.0
        },
        "matrix_basis": [
          [
            0.9987772107124329,
            -0.02182896062731743,
            -0.0443580187857151,
            0.0
          ],
          [
            0.03217677026987076,
            0.9682170748710632,
            0.24803301692008972,
            0.0
          ],
          [
            0.03753389045596123,
            -0.24915702641010284,
            0.9677354693412781,
            0.0
          ],
          [
            0.0,
            0.0,
            0.0,
            1.0
          ]
        ],
        "rotation_mode": "QUATERNION"
      },
      "armature_space": {
        "head": {
          "x": 0.4653797149658203,
          "y": -0.3828409016132355,
