{
  "metadata": {
    "armature_name": "KIM_caucasian_male",
    "export_time": "2026-01-13T21:05:48.407707",
    "blender_version": "4.4.1",
    "bone_count": 56,
    "end_bone_count": 13,
    "spaces_included": [
      "LOCAL_CHANNELS",
      "ARMATURE_SPACE",
      "WORLD_SPACE"
    ],
    "note": "LOCAL matches Transform panel; replay pose via local.matrix_basis for best fidelity."
  },
  "bones": {
    "Root": {
      "name": "Root",
      "local": {
        "location": {
          "x": 0.0,
          "y": 0.0,
          "z": 0.0
        },
        "rotation_quaternion": {
          "w": 0.9995975494384766,
          "x": 0.013029208406805992,
          "y": -0.00045206406502984464,
          "z": 0.025197653099894524
        },
        "scale": {
          "x": 1.0,
          "y": 1.0,
          "z": 1.0
        },
        "matrix_basis": [
          [
            0.9987297654151917,
            -0.05038680508732796,
            -0.0002471533080097288,
            0.0
          ],
          [
            0.050363246351480484,
            0.9983906149864197,
            -0.026070712134242058,
            0.0
          ],
          [
            0.0015603752108290792,
            0.02602514810860157,
            0.999660074710846,
            0.0
          ],
          [
            0.0,
            0.0,
            0.0,
            1.0
          ]
        ],
        "rotation_mode": "QUATERNION"
      },
      "armature_space": {
        "head": {
          "x": 0.0,
          "y": 0.07072800397872925,
          "z": -0.009595036506652832
        },
        "tail": {
          "x": -0.003596402006223798,
          "y": -0.00013588368892669678,
          "z": -0.0018561622127890587
        }
      },
      "world_space": {
        "head": {
          "x": 0.0,
          "y": 0.13397200405597687,
          "z": 0.9402589797973633
        },
        "tail": {
          "x": -0.003596402006223798,
          "y": 0.06310811638832092,
          "z": 0.9479978680610657
        },
        "rotation_quaternion": {
          "w": 0.05434092506766319,
          "x": 0.9982043504714966,
          "y": -0.025170864537358284,
          "z": 0.0012464735191315413
        },
        "matrix": [
          [
            0.9987297654151917,
            -0.05038680508732796,
            -0.0002471533080097288,
            0.0
          ],
          [
            -0.05011586844921112,
            -0.9928269386291504,
            -0.10854992270469666,
            0.13397200405597687
          ],
          [
            0.005224092863500118,
            0.10842423886060715,
            -0.9940980672836304,
            0.9402589797973633
          ],
          [
            0.0,
            0.0,
            0.0,
            1.0
          ]
        ]
      },
      "bone_length_armature_space": 0.07137586898347702,
      "parent": null,
      "has_children": true,
      "is_end_bone": false
    },
    "spine_01": {
      "name": "spine_01",
      "local": {
        "location": {
          "x": 0.0,
          "y": 0.0,
          "z": 0.0
        },
        "rotation_quaternion": {
          "w": 0.9951989650726318,
          "x": -0.05097271874547005,
          "y": -0.03604996204376221,
          "z": 0.07537360489368439
        },
        "scale": {
          "x": 1.0,
          "y": 1.0,
          "z": 1.0
        },
        "matrix_basis": [
          [
            0.9860384464263916,
            -0.14634834229946136,
            -0.07943776249885559,
            0.0
          ],
          [
            0.15369859337806702,
            0.983441174030304,
            0.09602156281471252,
            0.0
          ],
          [
            0.06406977772712708,
            -0.10689042508602142,
            0.9922043681144714,
            0.0
          ],
          [
            0.0,
            0.0,
            0.0,
            1.0
          ]
        ],
        "rotation_mode": "QUATERNION"
      },
      "armature_space": {
        "head": {
          "x": -0.003596402006223798,
          "y": -0.00013588368892669678,
          "z": -0.0018561622127890587
        },
        "tail": {
          "x": -0.074313685297966,
          "y": 0.06550724059343338,
          "z": 0.4765145480632782
        }
      },
      "world_space": {
        "head": {
          "x": -0.003596402006223798,
          "y": 0.06310811638832092,
          "z": 0.9479978680610657
        },
        "tail": {
          "x": -0.074313685297966,
          "y": 0.1287512481212616,
          "z": 1.4263685941696167
        },
        "rotation_quaternion": {
          "w": 0.7468965649604797,
          "x": 0.6577295064926147,
          "y": -0.09696580469608307,
          "z": 0.011619780212640762
        },
        "matrix": [
          [
            0.9809253811836243,
            -0.14491209387779236,
            -0.12956060469150543,
            -0.003596402006223798
          ],
          [
            -0.11019600927829742,
            0.13451425731182098,
            -0.9847654104232788,
            0.06310811638832092
          ],
          [
            0.16013316810131073,
            0.9802653789520264,
            0.1159796267747879,
            0.9479978680610657
          ],
          [
            0.0,
            0.0,
            0.0,
            1.0
          ]
        ]
      },
      "bone_length_armature_space": 0.48800458174713723,
      "parent": "Root",
      "has_children": true,
      "is_end_bone": false
    },
    "neck_01": {
      "name": "neck_01",
      "local": {
        "location": {
          "x": 0.0,
          "y": 0.0,
          "z": 0.0
        },
        "rotation_quaternion": {
          "w": 0.989220142364502,
          "x": -0.12511049211025238,
          "y": -0.009782628156244755,
          "z": -0.07546570152044296
        },
        "scale": {
          "x": 1.0,
          "y": 1.0,
          "z": 1.0
        },
        "matrix_basis": [
          [
            0.988418459892273,
            0.15175220370292664,
            -0.0004712435184046626,
            0.0
          ],
          [
            -0.14685656130313873,
            0.9573045969009399,
            0.24900014698505402,
            0.0
          ],
          [
            0.038237448781728745,
            -0.24604713916778564,
            0.9685033559799194,
            0.0
          ],
          [
            0.0,
            0.0,
            0.0,
            1.0
          ]
        ],
        "rotation_mode": "QUATERNION"
      },
      "armature_space": {
        "head": {
          "x": -0.08941714465618134,
          "y": 0.0412040650844574,
          "z": 0.5523103475570679
        },
        "tail": {
          "x": -0.09046691656112671,
          "y": 0.03922112286090851,
          "z": 0.6548078656196594
        }
      },
      "world_space": {
        "head": {
          "x": -0.08941714465618134,
          "y": 0.10444806516170502,
          "z": 1.502164363861084
        },
        "tail": {
          "x": -0.09046691656112671,
          "y": 0.10246512293815613,
          "z": 1.6046619415283203
        },
        "rotation_quaternion": {
          "w": 0.6989499926567078,
          "x": 0.713007926940918,
          "y": -0.04240049794316292,
          "z": -0.03592834249138832
        },
        "matrix": [
          [
            0.9938227534294128,
            -0.010239560157060623,
            -0.1105061024427414,
            -0.08941714465618134
          ],
          [
            -0.11068807542324066,
            -0.019341766834259033,
            -0.9936671853065491,
            0.10444806516170502
          ],
          [
            0.00803730171173811,
            0.9997674822807312,
            -0.02035677433013916,
            1.502164363861084
          ],
          [
            0.0,
            0.0,
            0.0,
            1.0
          ]
        ]
      },
      "bone_length_armature_space": 0.1025220734428707,
      "parent": "spine_01",
      "has_children": true,
      "is_end_bone": false
    },
    "head": {
      "name": "head",
      "local": {
        "location": {
          "x": 0.0,
          "y": 0.0,
          "z": 0.0
        },
        "rotation_quaternion": {
          "w": 0.9773419499397278,
          "x": -0.11092281341552734,
          "y": -0.1489233821630478,
          "z": 0.10159070789813995
        },
        "scale": {
          "x": 1.0,
          "y": 1.0,
          "z": 1.0
        },
        "matrix_basis": [
          [
            0.935002326965332,
            -0.1655397266149521,
            -0.31363558769226074,
            0.0
          ],
          [
            0.23161572217941284,
            0.9547508955001831,
            0.18656057119369507,
            0.0
          ],
          [
            0.2685606777667999,
            -0.24707749485969543,
            0.9310359358787537,
            0.0
          ],
          [
            0.0,
            0.0,
            0.0,
            1.0
          ]
        ],
        "rotation_mode": "QUATERNION"
      },
      "armature_space": {
        "head": {
          "x": -0.0904669314622879,
          "y": 0.03922096639871597,
          "z": 0.6548078060150146
        },
        "tail": {
          "x": -0.10736051201820374,
          "y": 0.12841536104679108,
          "z": 0.7805543541908264
        }
      },
      "world_space": {
        "head": {
          "x": -0.0904669314622879,
          "y": 0.10246496647596359,
          "z": 1.6046618223190308
        },
        "tail": {
          "x": -0.10736051201820374,
          "y": 0.1916593611240387,
          "z": 1.7304084300994873
        },
        "rotation_quaternion": {
          "w": 0.8620491623878479,
          "x": 0.4583169221878052,
          "y": -0.21077783405780792,
          "z": -0.04888255521655083
        },
        "matrix": [
          [
            0.906366765499115,
            -0.10892744362354279,
            -0.40820854902267456,
            -0.0904669314622879
          ],
          [
            -0.27748382091522217,
            0.5751129984855652,
            -0.7695766687393188,
            0.10246496647596359
          ],
          [
            0.3185959458351135,
            0.8107960224151611,
            0.49104034900665283,
            1.6046618223190308
          ],
          [
            0.0,
            0.0,
            0.0,
            1.0
          ]
        ]
      },
      "bone_length_armature_space": 0.15509102701844346,
      "parent": "neck_01",
      "has_children": false,
      "is_end_bone": true
    },
    "upperarm_l": {
      "name": "upperarm_l",
      "local": {
        "location": {
          "x": 0.0,
          "y": 0.0,
          "z": 0.0
        },
        "rotation_quaternion": {
          "w": 0.8325368165969849,
          "x": 0.5171146392822266,
          "y": -0.1703035980463028,
          "z": 0.1023307591676712
        },
        "scale": {
          "x": 1.0,
          "y": 1.0,
          "z": 1.0
        },
        "matrix_basis": [
          [
            0.9210501909255981,
            -0.3465212285518646,
            -0.17773456871509552,
            0.0
          ],
          [
            -0.0057447184808552265,
            0.4442417323589325,
            -0.8958885669708252,
            0.0
          ],
          [
            0.38940149545669556,
            0.8261793851852417,
            0.40717828273773193,
            0.0
          ],
          [
            0.0,
            0.0,
            0.0,
            1.0
          ]
        ],
        "rotation_mode": "QUATERNION"
      },
      "armature_space": {
        "head": {
          "x": 0.06704770773649216,
          "y": 0.012493718415498734,
          "z": 0.5108187198638916
        },
        "tail": {
          "x": 0.15355703234672546,
          "y": -0.20577949285507202,
          "z": 0.6399727463722229
        }
      },
      "world_space": {
        "head": {
          "x": 0.06704770773649216,
          "y": 0.07573771476745605,
          "z": 1.4606727361679077
        },
        "tail": {
          "x": 0.15355703234672546,
          "y": -0.1425354927778244,
          "z": 1.5898268222808838
        },
        "rotation_quaternion": {
          "w": 0.29840633273124695,
          "x": 0.6699116230010986,
          "y": -0.060667429119348526,
          "z": -0.6771200299263
        },
        "matrix": [
          [
            0.07565581798553467,
            0.3228328227996826,
            -0.9434273838996887,
            0.06704770773649216
          ],
          [
            -0.4853981137275696,
            -0.8145451545715332,
            -0.3176557719707489,
            0.07573771476745605
          ],
          [
            -0.8710203170776367,
            0.48197293281555176,
            0.09507781267166138,
            1.4606727361679077
          ],
          [
            0.0,
            0.0,
            0.0,
            1.0
          ]
        ]
      },
      "bone_length_armature_space": 0.2679698071723081,
      "parent": "spine_01",
      "has_children": true,
      "is_end_bone": false
    },
    "lowerarm_l": {
      "name": "lowerarm_l",
      "local": {
        "location": {
          "x": 0.0,
          "y": 0.0,
          "z": 0.0
        },
        "rotation_quaternion": {
          "w": 0.9543833136558533,
          "x": 0.2129901498556137,
          "y": -0.13631269335746765,
          "z": 0.1587662249803543
        },
        "scale": {
          "x": 1.0,
          "y": 1.0,
          "z": 1.0
        },
        "matrix_basis": [
          [
            0.9124242663383484,
            -0.3611142039299011,
            -0.19255784153938293,
            0.0
          ],
          [
            0.24498115479946136,
            0.8588569760322571,
            -0.4498322010040283,
            0.0
          ],
          [
            0.32782039046287537,
            0.363264799118042,
            0.8721081018447876,
            0.0
          ],
          [
            0.0,
            0.0,
            0.0,
            1.0
          ]
        ],
        "rotation_mode": "QUATERNION"
      },
      "armature_space": {
        "head": {
          "x": 0.15355700254440308,
          "y": -0.20577950775623322,
          "z": 0.6399728655815125
        },
        "tail": {
          "x": 0.10996847599744797,
          "y": -0.35077136754989624,
          "z": 0.8605343699455261
        }
      },
      "world_space": {
        "head": {
          "x": 0.15355700254440308,
          "y": -0.1425355076789856,
          "z": 1.5898268222808838
        },
        "tail": {
          "x": 0.10996847599744797,
          "y": -0.2875273823738098,
          "z": 1.8103883266448975
        },
        "rotation_quaternion": {
          "w": 0.21874365210533142,
          "x": 0.5451530814170837,
          "y": -0.4256330132484436,
          "z": -0.6883284449577332
        },
        "matrix": [
          [
            -0.3099205791950226,
            -0.1629328578710556,
            -0.9366975426673889,
            0.15355700254440308
          ],
          [
            -0.7652049660682678,
            -0.5419760942459106,
            0.3474529981613159,
            -0.1425355076789856
          ],
          [
            -0.5642837285995483,
            0.8244535326957703,
            0.043293297290802,
            1.5898268222808838
          ],
          [
            0.0,
            0.0,
            0.0,
            1.0
          ]
        ]
      },
      "bone_length_armature_space": 0.26752565754446167,
      "parent": "upperarm_l",
      "has_children": true,
      "is_end_bone": false
    },
    "metacarpal_thumb_l": {
      "name": "metacarpal_thumb_l",
      "local": {
        "location": {
          "x": 0.0,
          "y": 0.0,
          "z": 0.0
        },
        "rotation_quaternion": {
          "w": 0.9984504580497742,
          "x": -0.05387679487466812,
          "y": 0.013897629454731941,
          "z": -0.0010057092877104878
        },
        "scale": {
          "x": 1.0,
          "y": 1.0,
          "z": 1.0
        },
        "matrix_basis": [
          [
            0.9996116757392883,
            0.0005107823526486754,
            0.027860557660460472,
            0.0
          ],
          [
            -0.0035058213397860527,
            0.9941925406455994,
            0.10755866765975952,
            0.0
          ],
          [
            -0.027643820270895958,
            -0.10761457681655884,
            0.9938082695007324,
            0.0
          ],
          [
            0.0,
            0.0,
            0.0,
            1.0
          ]
        ],
        "rotation_mode": "QUATERNION"
      },
      "armature_space": {
        "head": {
          "x": 0.10996847599744797,
          "y": -0.35077136754989624,
          "z": 0.8605343699455261
        },
        "tail": {
          "x": 0.07495058327913284,
          "y": -0.36508116126060486,
          "z": 0.8925120830535889
        }
      },
      "world_space": {
        "head": {
          "x": 0.10996847599744797,
          "y": -0.2875273823738098,
          "z": 1.8103883266448975
        },
        "tail": {
          "x": 0.07495058327913284,
          "y": -0.30183714628219604,
          "z": 1.842366099357605
        },
        "rotation_quaternion": {
          "w": 0.42581939697265625,
          "x": 0.8015457987785339,
          "y": -0.4174109697341919,
          "z": 0.044388581067323685
        },
        "matrix": [
          [
            0.6475942134857178,
            -0.7069513201713562,
            -0.28432661294937134,
            0.10996847599744797
          ],
          [
            -0.6313467621803284,
            -0.28889045119285583,
            -0.7196831107139587,
            -0.2875273823738098
          ],
          [
            0.4266439378261566,
            0.6455754041671753,
            -0.6334202885627747,
            1.8103883266448975
          ],
          [
            0.0,
            0.0,
            0.0,
            1.0
          ]
        ]
      },
      "bone_length_armature_space": 0.04953379757731734,
      "parent": "lowerarm_l",
      "has_children": true,
      "is_end_bone": false
    },
    "thumb_01_l": {
      "name": "thumb_01_l",
      "local": {
        "location": {
          "x": 0.0,
          "y": 0.0,
          "z": 0.0
        },
        "rotation_quaternion": {
          "w": 0.9992159605026245,
          "x": 0.035054080188274384,
          "y": 0.007834193296730518,
          "z": 0.016656024381518364
        },
        "scale": {
          "x": 1.0,
          "y": 1.0,
          "z": 1.0
        },
        "matrix_basis": [
          [
            0.9993224143981934,
            -0.03273668885231018,
            0.016823824495077133,
            0.0
          ],
          [
            0.03383517265319824,
            0.9969875812530518,
            -0.06979221850633621,
            0.0
          ],
          [
            -0.014488378539681435,
            0.07031416893005371,
            0.9974196553230286,
            0.0
          ],
          [
            0.0,
            0.0,
            0.0,
            1.0
          ]
        ],
        "rotation_mode": "QUATERNION"
      },
      "armature_space": {
        "head": {
          "x": 0.07495058327913284,
          "y": -0.36508116126060486,
          "z": 0.8925120830535889
        },
        "tail": {
          "x": 0.05101742595434189,
          "y": -0.3890698552131653,
          "z": 0.8892914652824402
        }
      },
      "world_space": {
        "head": {
          "x": 0.07495058327913284,
          "y": -0.30183714628219604,
          "z": 1.842366099357605
        },
        "tail": {
          "x": 0.05101742595434189,
          "y": -0.32582587003707886,
          "z": 1.8391454219818115
        },
        "rotation_quaternion": {
          "w": 0.3013586401939392,
          "x": 0.47102686762809753,
          "y": -0.2383442521095276,
          "z": 0.7940459251403809
        },
        "matrix": [
          [
            -0.37463322281837463,
            -0.703118622303009,
            0.6043791770935059,
            0.07495058327913284
          ],
          [
            0.2540532052516937,
            -0.7047498822212219,
            -0.6624085903167725,
            -0.30183714628219604
          ],
          [
            0.8916940689086914,
            -0.09461716562509537,
            0.4426546096801758,
            1.842366099357605
          ],
          [
            0.0,
            0.0,
            0.0,
            1.0
          ]
        ]
      },
      "bone_length_armature_space": 0.0340385931723899,
      "parent": "metacarpal_thumb_l",
      "has_children": true,
      "is_end_bone": false
    },
    "thumb_02_l": {
      "name": "thumb_02_l",
      "local": {
        "location": {
          "x": 0.0,
          "y": 0.0,
          "z": 0.0
        },
        "rotation_quaternion": {
          "w": 0.9915213584899902,
          "x": 0.129685640335083,
          "y": -0.007984530180692673,
          "z": -0.0018390662735328078
        },
        "scale": {
          "x": 1.0,
          "y": 1.0,
          "z": 1.0
        },
        "matrix_basis": [
          [
            0.999865710735321,
            0.0015759891830384731,
            -0.016310665756464005,
            0.0
          ],
          [
            -0.005717904772609472,
            0.9663565158843994,
            -0.2571427822113037,
            0.0
          ],
          [
            0.01535666361451149,
            0.25720152258872986,
            0.9662357568740845,
            0.0
          ],
          [
            0.0,
            0.0,
            0.0,
            1.0
          ]
        ],
        "rotation_mode": "QUATERNION"
      },
      "armature_space": {
        "head": {
          "x": 0.05101741850376129,
          "y": -0.3890698254108429,
          "z": 0.8892914056777954
        },
        "tail": {
          "x": 0.05043160170316696,
          "y": -0.4075208902359009,
          "z": 0.9249622821807861
        }
      },
      "world_space": {
        "head": {
          "x": 0.05101741850376129,
          "y": -0.3258258104324341,
          "z": 1.8391454219818115
        },
        "tail": {
          "x": 0.05043160170316696,
          "y": -0.34427690505981445,
          "z": 1.8748162984848022
        },
        "rotation_quaternion": {
          "w": 0.2381972372531891,
          "x": 0.37884289026260376,
          "y": 0.46213409304618835,
          "z": 0.7656189203262329
        },
        "matrix": [
          [
            -0.5994809865951538,
            -0.014585509896278381,
            0.8002561330795288,
            0.05101741850376129
          ],
          [
            0.7148891091346741,
            -0.4593885838985443,
            0.5271586775779724,
            -0.3258258104324341
          ],
          [
            0.35994264483451843,
            0.8881214261054993,
            0.285824179649353,
            1.8391454219818115
          ],
          [
            0.0,
            0.0,
            0.0,
            1.0
          ]
        ]
      },
      "bone_length_armature_space": 0.04016461640619839,
      "parent": "thumb_01_l",
      "has_children": true,
      "is_end_bone": false
    },
    "thumb_03_l": {
      "name": "thumb_03_l",
      "local": {
        "location": {
          "x": 0.0,
          "y": 0.0,
          "z": 0.0
        },
        "rotation_quaternion": {
          "w": 0.9985702633857727,
          "x": 0.053419627249240875,
          "y": -0.001980668166652322,
          "z": -0.00028037335141561925
        },
        "scale": {
          "x": 1.0,
          "y": 1.0,
          "z": 1.0
        },
        "matrix_basis": [
          [
            0.9999920129776001,
            0.00034833187237381935,
            -0.003985627554357052,
            0.0
          ],
          [
            -0.0007715580868534744,
            0.9942925572395325,
            -0.10668539255857468,
            0.0
          ],
          [
            0.003925717901438475,
            0.10668761283159256,
            0.9942848682403564,
            0.0
          ],
          [
            0.0,
            0.0,
            0.0,
            1.0
          ]
        ],
        "rotation_mode": "QUATERNION"
      },
      "armature_space": {
        "head": {
          "x": 0.0504315160214901,
          "y": -0.4075208604335785,
          "z": 0.9249622821807861
        },
        "tail": {
          "x": 0.061086636036634445,
          "y": -0.4171546399593353,
          "z": 0.9518055319786072
        }
      },
      "world_space": {
        "head": {
          "x": 0.0504315160214901,
          "y": -0.3442768454551697,
          "z": 1.8748162984848022
        },
        "tail": {
          "x": 0.061086636036634445,
          "y": -0.3539106249809265,
          "z": 1.9016594886779785
        },
        "rotation_quaternion": {
          "w": 0.0038509590085595846,
          "x": 0.30428263545036316,
          "y": 0.584610104560852,
          "z": 0.7520825862884521
        },
        "matrix": [
          [
            -0.8147954344749451,
            0.34998059272766113,
            0.46219271421432495,
            0.0504315160214901
          ],
          [
            0.3615643382072449,
            -0.31643304228782654,
            0.8770074844360352,
            -0.3442768454551697
          ],
          [
            0.4531918466091156,
            0.8816995024681091,
            0.13128945231437683,
            1.8748162984848022
          ],
          [
            0.0,
            0.0,
            0.0,
            1.0
          ]
        ]
      },
      "bone_length_armature_space": 0.030445055022959116,
      "parent": "thumb_02_l",
      "has_children": false,
      "is_end_bone": true
    },
    "metacarpal_index_l": {
      "name": "metacarpal_index_l",
      "local": {
        "location": {
          "x": 0.0,
          "y": 0.0,
          "z": 0.0
        },
        "rotation_quaternion": {
          "w": 0.9995562434196472,
          "x": -0.022047558799386024,
          "y": -0.014402131550014019,
          "z": 0.013923078775405884
        },
        "scale": {
          "x": 1.0,
          "y": 1.0,
          "z": 1.0
        },
        "matrix_basis": [
          [
            0.9991974234580994,
            -0.027198737487196922,
            -0.029405420646071434,
            0.0
          ],
          [
            0.028468864038586617,
            0.9986401200294495,
            0.04367450624704361,
            0.0
          ],
          [
            0.028177540749311447,
            -0.044476594775915146,
            0.9986129403114319,
            0.0
          ],
          [
            0.0,
            0.0,
            0.0,
            1.0
          ]
        ],
        "rotation_mode": "QUATERNION"
      },
      "armature_space": {
        "head": {
          "x": 0.10996847599744797,
          "y": -0.35077136754989624,
          "z": 0.8605343699455261
        },
        "tail": {
          "x": 0.05869988352060318,
          "y": -0.3988955020904541,
          "z": 0.9542623162269592
        }
      },
      "world_space": {
        "head": {
          "x": 0.10996847599744797,
          "y": -0.2875273823738098,
          "z": 1.8103883266448975
        },
        "tail": {
          "x": 0.05869988352060318,
          "y": -0.3356515169143677,
          "z": 1.9041163921356201
        },
        "rotation_quaternion": {
          "w": 0.35262489318847656,
          "x": 0.7850775122642517,
          "y": -0.41267189383506775,
          "z": -0.2983470559120178
        },
        "matrix": [
          [
            0.48138079047203064,
            -0.4375508427619934,
            -0.7594879269599915,
            0.10996847599744797
          ],
          [
            -0.8583686947822571,
            -0.41071465611457825,
            -0.30743592977523804,
            -0.2875273823738098
          ],
          [
            -0.1774161010980606,
            0.7999195456504822,
            -0.5732942223548889,
            1.8103883266448975
          ],
          [
            0.0,
            0.0,
            0.0,
            1.0
          ]
        ]
      },
      "bone_length_armature_space": 0.11717222134013354,
      "parent": "lowerarm_l",
      "has_children": true,
      "is_end_bone": false
    },
    "index_01_l": {
      "name": "index_01_l",
      "local": {
        "location": {
          "x": 0.0,
          "y": 0.0,
          "z": 0.0
        },
        "rotation_quaternion": {
          "w": 0.9987194538116455,
          "x": -0.0498972162604332,
          "y": -0.0006103894556872547,
          "z": 0.008332561701536179
        },
        "scale": {
          "x": 1.0,
          "y": 1.0,
          "z": 1.0
        },
        "matrix_basis": [
          [
            0.999860405921936,
            -0.016582868993282318,
            -0.0020507588051259518,
            0.0
          ],
          [
            0.016704697161912918,
            0.9948816895484924,
            0.09965647011995316,
            0.0
          ],
          [
            0.0003876723931171,
            -0.09967681020498276,
            0.995019793510437,
            0.0
          ],
          [
            0.0,
            0.0,
            0.0,
            1.0
          ]
        ],
        "rotation_mode": "QUATERNION"
      },
      "armature_space": {
        "head": {
          "x": 0.05869988352060318,
          "y": -0.3988955020904541,
          "z": 0.9542623162269592
        },
        "tail": {
          "x": 0.056652504950761795,
          "y": -0.41548532247543335,
          "z": 0.9773634672164917
        }
      },
      "world_space": {
        "head": {
          "x": 0.05869988352060318,
          "y": -0.3356515169143677,
          "z": 1.9041163921356201
        },
        "tail": {
          "x": 0.056652504950761795,
          "y": -0.3522413372993469,
          "z": 1.9272174835205078
        },
        "rotation_quaternion": {
          "w": 0.3952333629131317,
          "x": 0.8051550388336182,
          "y": -0.22997364401817322,
          "z": -0.37766140699386597
        },
        "matrix": [
          [
            0.6089684367179871,
            -0.07180168479681015,
            -0.7899380326271057,
            0.05869988352060318
          ],
          [
            -0.668857753276825,
            -0.5818056464195251,
            -0.46274372935295105,
            -0.3356515169143677
          ],
          [
            -0.4263683259487152,
            0.8101574182510376,
            -0.4023295044898987,
            1.9041163921356201
          ],
          [
            0.0,
            0.0,
            0.0,
            1.0
          ]
        ]
      },
      "bone_length_armature_space": 0.02851450699805233,
      "parent": "metacarpal_index_l",
      "has_children": true,
      "is_end_bone": false
    },
    "index_02_l": {
      "name": "index_02_l",
      "local": {
        "location": {
          "x": 0.0,
          "y": 0.0,
          "z": 0.0
        },
        "rotation_quaternion": {
          "w": 0.9730713367462158,
          "x": 0.230378657579422,
          "y": 0.007238997146487236,
          "z": 0.0023376643657684326
        },
        "scale": {
          "x": 1.0,
          "y": 1.0,
          "z": 1.0
        },
        "matrix_basis": [
          [
            0.9998842477798462,
            -0.0012140074977651238,
            0.015165217220783234,
            0.0
          ],
          [
            0.007884848862886429,
            0.8938404321670532,
            -0.44831588864326477,
            0.0
          ],
          [
            -0.0130110252648592,
            0.4483835697174072,
            0.893746554851532,
            0.0
          ],
          [
            0.0,
            0.0,
            0.0,
            1.0
          ]
        ],
        "rotation_mode": "QUATERNION"
      },
      "armature_space": {
        "head": {
          "x": 0.05665208399295807,
          "y": -0.41548553109169006,
          "z": 0.9773637056350708
        },
        "tail": {
          "x": 0.046504776924848557,
          "y": -0.4339542090892792,
          "z": 0.9919935464859009
        }
      },
      "world_space": {
        "head": {
          "x": 0.05665208399295807,
          "y": -0.35224151611328125,
          "z": 1.927217721939087
        },
        "tail": {
          "x": 0.046504776924848557,
          "y": -0.37071019411087036,
          "z": 1.941847562789917
        },
        "rotation_quaternion": {
          "w": 0.2063068151473999,
          "x": 0.8610408902168274,
          "y": -0.3122020959854126,
          "z": -0.3443485498428345
        },
        "matrix": [
          [
            0.567907452583313,
            -0.39555618166923523,
            -0.7218148112297058,
            0.05665208399295807
          ],
          [
            -0.6797209978103638,
            -0.7199345827102661,
            -0.14026355743408203,
            -0.35224151611328125
          ],
          [
            -0.46418124437332153,
            0.5702924728393555,
            -0.6777286529541016,
            1.927217721939087
          ],
          [
            0.0,
            0.0,
            0.0,
            1.0
          ]
        ]
      },
      "bone_length_armature_space": 0.025653306749910915,
      "parent": "index_01_l",
      "has_children": true,
      "is_end_bone": false
    },
    "index_03_l": {
      "name": "index_03_l",
      "local": {
        "location": {
          "x": 0.0,
          "y": 0.0,
          "z": 0.0
        },
        "rotation_quaternion": {
          "w": 0.9777127504348755,
          "x": 0.2099001407623291,
          "y": -0.00043372134678065777,
          "z": -0.0044229780323803425
        },
        "scale": {
          "x": 1.0,
          "y": 1.0,
          "z": 1.0
        },
        "matrix_basis": [
          [
            0.9999604821205139,
            0.008466728031635284,
            -0.0027048771735280752,
            0.0
          ],
          [
            -0.008830880746245384,
            0.9118447303771973,
            -0.41044023633003235,
            0.0
          ],
          [
            -0.0010086576221510768,
            0.4104479253292084,
            0.9118834733963013,
            0.0
          ],
          [
            0.0,
            0.0,
            0.0,
            1.0
          ]
        ],
        "rotation_mode": "QUATERNION"
      },
      "armature_space": {
        "head": {
          "x": 0.04650487005710602,
          "y": -0.4339541494846344,
          "z": 0.9919936656951904
        },
        "tail": {
          "x": 0.028197314590215683,
          "y": -0.45650655031204224,
          "z": 0.995148777961731
        }
      },
      "world_space": {
        "head": {
          "x": 0.04650487005710602,
          "y": -0.3707101345062256,
          "z": 1.9418476819992065
        },
        "tail": {
          "x": 0.028197314590215683,
          "y": -0.3932625651359558,
          "z": 1.945002794265747
        },
        "rotation_quaternion": {
          "w": 0.030359091237187386,
          "x": -0.9094376564025879,
          "y": 0.33638378977775574,
          "z": 0.2425852119922638
        },
        "matrix": [
          [
            0.6559966802597046,
            -0.6265701651573181,
            -0.4208068251609802,
            0.04650487005710602
          ],
          [
            -0.5971110463142395,
            -0.7718483805656433,
            0.21842330694198608,
            -0.3707101345062256
          ],
          [
            -0.46166038513183594,
            0.10798346996307373,
            -0.8804674744606018,
            1.9418476819992065
          ],
          [
            0.0,
            0.0,
            0.0,
            1.0
          ]
        ]
      },
      "bone_length_armature_space": 0.02921869457681651,
      "parent": "index_02_l",
      "has_children": false,
      "is_end_bone": true
    },
    "metacarpal_pinky_l": {
      "name": "metacarpal_pinky_l",
      "local": {
        "location": {
          "x": 0.0,
          "y": 0.0,
          "z": 0.0
        },
        "rotation_quaternion": {
          "w": 0.9992591142654419,
          "x": -0.032363079488277435,
          "y": 0.017736781388521194,
          "z": -0.01092731487005949
        },
        "scale": {
          "x": 1.0,
          "y": 1.0,
          "z": 1.0
        },
        "matrix_basis": [
          [
            0.999131977558136,
            0.020690403878688812,
            0.03615456447005272,
            0.0
          ],
          [
            -0.02298647165298462,
            0.9976664781570435,
            0.06429057568311691,
            0.0
          ],
          [
            -0.03473999723792076,
            -0.06506583839654922,
            0.9972760677337646,
            0.0
          ],
          [
            0.0,
            0.0,
            0.0,
            1.0
          ]
        ],
        "rotation_mode": "QUATERNION"
      },
      "armature_space": {
        "head": {
          "x": 0.10996847599744797,
          "y": -0.35077136754989624,
          "z": 0.8605343699455261
        },
        "tail": {
          "x": 0.12077312171459198,
          "y": -0.42117220163345337,
          "z": 0.9364966750144958
        }
      },
      "world_space": {
        "head": {
          "x": 0.10996847599744797,
          "y": -0.2875273823738098,
          "z": 1.8103883266448975
        },
        "tail": {
          "x": 0.12077312171459198,
          "y": -0.35792821645736694,
          "z": 1.8863506317138672
        },
        "rotation_quaternion": {
          "w": 0.0438636876642704,
          "x": -0.029361728578805923,
          "y": -0.4000442624092102,
          "z": -0.914974570274353
        },
        "matrix": [
          [
            -0.9944278597831726,
            0.10376033186912537,
            0.018635187298059464,
            0.10996847599744797
          ],
          [
            -0.05677667260169983,
            -0.6760808825492859,
            0.7346369624137878,
            -0.2875273823738098
          ],
          [
            0.08882583677768707,
            0.7294896841049194,
            0.6782100796699524,
            1.8103883266448975
          ],
          [
            0.0,
            0.0,
            0.0,
            1.0
          ]
        ]
      },
      "bone_length_armature_space": 0.1041311171789957,
      "parent": "lowerarm_l",
      "has_children": true,
      "is_end_bone": false
    },
    "pinky_01_l": {
      "name": "pinky_01_l",
      "local": {
        "location": {
          "x": 0.0,
          "y": 0.0,
          "z": 0.0
        },
        "rotation_quaternion": {
          "w": 0.9986557960510254,
          "x": 0.044340830296278,
          "y": 0.020738037303090096,
          "z": 0.017047250643372536
        },
        "scale": {
          "x": 1.0,
          "y": 1.0,
          "z": 1.0
        },
        "matrix_basis": [
          [
            0.9985586404800415,
            -0.03220958635210991,
            0.04293210059404373,
            0.0
          ],
          [
            0.03588775545358658,
            0.9954865574836731,
            -0.08785539865493774,
            0.0
          ],
          [
            -0.03990854322910309,
            0.08926950395107269,
            0.995207667350769,
            0.0
          ],
          [
            0.0,
            0.0,
            0.0,
            1.0
          ]
        ],
        "rotation_mode": "QUATERNION"
      },
      "armature_space": {
        "head": {
          "x": 0.12077312171459198,
          "y": -0.42117220163345337,
