{
  "metadata": {
    "armature_name": "KIM_caucasian_male",
    "export_time": "2026-01-13T21:16:31.283429",
    "blender_version": "4.4.1",
    "bone_count": 56,
    "end_bone_count": 13,
    "spaces_included": [
      "LOCAL_CHANNELS",
      "ARMATURE_SPACE",
      "WORLD_SPACE"
    ],
    "note": "LOCAL matches Transform panel; replay pose via local.matrix_basis for best fidelity."
  },
  "bones": {
    "Root": {
      "name": "Root",
      "local": {
        "location": {
          "x": 0.0,
          "y": 0.0,
          "z": 0.0
        },
        "rotation_quaternion": {
          "w": 0.9998841285705566,
          "x": -0.011118477210402489,
          "y": 0.009894299320876598,
          "z": -0.00320857553742826
        },
        "scale": {
          "x": 1.0,
          "y": 1.0,
          "z": 1.0
        },
        "matrix_basis": [
          [
            0.9997836351394653,
            0.0061963885091245174,
            0.019857654348015785,
            0.0
          ],
          [
            -0.006636426784098148,
            0.9997321963310242,
            0.022170884534716606,
            0.0
          ],
          [
            -0.0197149571031332,
            -0.022297870367765427,
            0.9995569586753845,
            0.0
          ],
          [
            0.0,
            0.0,
            0.0,
            1.0
          ]
        ],
        "rotation_mode": "QUATERNION"
      },
      "armature_space": {
        "head": {
          "x": 0.0,
          "y": 0.07072800397872925,
          "z": -0.009595036506652832
        },
        "tail": {
          "x": 0.0004422726051416248,
          "y": 0.00023289024829864502,
          "z": 0.001574525609612465
        }
      },
      "world_space": {
        "head": {
          "x": 0.0,
          "y": 0.13397200405597687,
          "z": 0.9402589797973633
        },
        "tail": {
          "x": 0.0004422726051416248,
          "y": 0.06347689032554626,
          "z": 0.9514285326004028
        },
        "rotation_quaternion": {
          "w": 0.07845306396484375,
          "x": 0.9968635439872742,
          "y": 0.0038678443524986506,
          "z": 0.009655666537582874
        },
        "matrix": [
          [
            0.9997836351394653,
            0.0061963885091245174,
            0.019857654348015785,
            0.0
          ],
          [
            0.009226464666426182,
            -0.98766028881073,
            -0.15633977949619293,
            0.13397200405597687
          ],
          [
            0.01864401437342167,
            0.1564893275499344,
            -0.9875107407569885,
            0.9402589797973633
          ],
          [
            0.0,
            0.0,
            0.0,
            1.0
          ]
        ]
      },
      "bone_length_armature_space": 0.07137587635511224,
      "parent": null,
      "has_children": true,
      "is_end_bone": false
    },
    "spine_01": {
      "name": "spine_01",
      "local": {
        "location": {
          "x": 0.0,
          "y": 0.0,
          "z": 0.0
        },
        "rotation_quaternion": {
          "w": 0.9962660670280457,
          "x": 0.06940744817256927,
          "y": -0.022050680592656136,
          "z": 0.04637075588107109
        },
        "scale": {
          "x": 1.0,
          "y": 1.0,
          "z": 1.0
        },
        "matrix_basis": [
          [
            0.9947270154953003,
            -0.09545618295669556,
            -0.03749973699450493,
            0.0
          ],
          [
            0.08933425694704056,
            0.9860647320747375,
            -0.14034157991409302,
            0.0
          ],
          [
            0.05037363991141319,
            0.1362515538930893,
            0.9893927574157715,
            0.0
          ],
          [
            0.0,
            0.0,
            0.0,
            1.0
          ]
        ],
        "rotation_mode": "QUATERNION"
      },
      "armature_space": {
        "head": {
          "x": 0.0004422726051416248,
          "y": 0.00023289024829864502,
          "z": 0.001574525609612465
        },
        "tail": {
          "x": -0.05485999956727028,
          "y": -0.0333964079618454,
          "z": 0.4852677881717682
        }
      },
      "world_space": {
        "head": {
          "x": 0.0004422726051416248,
          "y": 0.06347689032554626,
          "z": 0.9514285326004028
        },
        "tail": {
          "x": -0.05485999956727028,
          "y": 0.02984759211540222,
          "z": 1.435121774673462
        },
        "rotation_quaternion": {
          "w": 0.6804186701774597,
          "x": 0.7304975390434265,
          "y": -0.05073485150933266,
          "z": 0.028806252405047417
        },
        "matrix": [
          [
            0.9931923151016235,
            -0.11332404613494873,
            -0.02695685252547264,
            0.0004422726051416248
          ],
          [
            -0.034923456609249115,
            -0.0689123198390007,
            -0.9970114231109619,
            0.06347689032554626
          ],
          [
            0.11112843453884125,
            0.9911722540855408,
            -0.07240225374698639,
            0.9514285326004028
          ],
          [
            0.0,
            0.0,
            0.0,
            1.0
          ]
        ]
      },
      "bone_length_armature_space": 0.48800456385560587,
      "parent": "Root",
      "has_children": true,
      "is_end_bone": false
    },
    "neck_01": {
      "name": "neck_01",
      "local": {
        "location": {
          "x": 0.0,
          "y": 0.0,
          "z": 0.0
        },
        "rotation_quaternion": {
          "w": 0.9994624853134155,
          "x": 0.011650320142507553,
          "y": -0.02008362114429474,
          "z": -0.023144636303186417
        },
        "scale": {
          "x": 1.0,
          "y": 1.0,
          "z": 1.0
        },
        "matrix_basis": [
          [
            0.998121976852417,
            0.045796431601047516,
            -0.04068493843078613,
            0.0
          ],
          [
            -0.046732351183891296,
            0.9986571669578552,
            -0.02235846035182476,
            0.0
          ],
          [
            0.03960636630654335,
            0.024217771366238594,
            0.998921811580658,
            0.0
          ],
          [
            0.0,
            0.0,
            0.0,
            1.0
          ]
        ],
        "rotation_mode": "QUATERNION"
      },
      "armature_space": {
        "head": {
          "x": -0.06409228593111038,
          "y": -0.07301885634660721,
          "z": 0.5553290247917175
        },
        "tail": {
          "x": -0.07116948068141937,
          "y": -0.120720773935318,
          "z": 0.6458009481430054
        }
      },
      "world_space": {
        "head": {
          "x": -0.06409228593111038,
          "y": -0.009774856269359589,
          "z": 1.5051829814910889
        },
        "tail": {
          "x": -0.07116948068141937,
          "y": -0.057476773858070374,
          "z": 1.5956549644470215
        },
        "rotation_quaternion": {
          "w": 0.5158703327178955,
          "x": 0.8559027910232544,
          "y": -0.03512568026781082,
          "z": 0.008629107847809792
        },
        "matrix": [
          [
            0.9973834753036499,
            -0.06903139501810074,
            -0.021469544619321823,
            -0.06409228593111038
          ],
          [
            -0.05122562125325203,
            -0.4652876853942871,
            -0.883676290512085,
            -0.009774856269359589
          ],
          [
            0.05101221054792404,
            0.8824694156646729,
            -0.4676104187965393,
            1.5051829814910889
          ],
          [
            0.0,
            0.0,
            0.0,
            1.0
          ]
        ]
      },
      "bone_length_armature_space": 0.10252184345431144,
      "parent": "spine_01",
      "has_children": true,
      "is_end_bone": false
    },
    "head": {
      "name": "head",
      "local": {
        "location": {
          "x": 0.0,
          "y": 0.0,
          "z": 0.0
        },
        "rotation_quaternion": {
          "w": 0.9965082406997681,
          "x": -0.005554476287215948,
          "y": -0.06750093400478363,
          "z": -0.04882844164967537
        },
        "scale": {
          "x": 1.0,
          "y": 1.0,
          "z": 1.0
        },
        "matrix_basis": [
          [
            0.9861187934875488,
            0.09806575626134872,
            -0.13398803770542145,
            0.0
          ],
          [
            -0.09656602144241333,
            0.9951698780059814,
            0.01766209304332733,
            0.0
          ],
          [
            0.13507290184497833,
            -0.004478232003748417,
            0.9908255338668823,
            0.0
          ],
          [
            0.0,
            0.0,
            0.0,
            1.0
          ]
        ],
        "rotation_mode": "QUATERNION"
      },
      "armature_space": {
        "head": {
          "x": -0.07116947323083878,
          "y": -0.12072087079286575,
          "z": 0.6458008289337158
        },
        "tail": {
          "x": -0.06480256468057632,
          "y": -0.13850483298301697,
          "z": 0.7997375130653381
        }
      },
      "world_space": {
        "head": {
          "x": -0.07116947323083878,
          "y": -0.057476870715618134,
          "z": 1.595654845237732
        },
        "tail": {
          "x": -0.06480256468057632,
          "y": -0.07526083290576935,
          "z": 1.749591588973999
        },
        "rotation_quaternion": {
          "w": 0.6637648940086365,
          "x": 0.742038905620575,
          "y": -0.04562639072537422,
          "z": -0.08193118125200272
        },
        "matrix": [
          [
            0.9824110865592957,
            0.04105295240879059,
            -0.18216226994991302,
            -0.07116947323083878
          ],
          [
            -0.17647889256477356,
            -0.11466845124959946,
            -0.9776025414466858,
            -0.057476870715618134
          ],
          [
            -0.061022281646728516,
            0.9925621747970581,
            -0.10540817677974701,
            1.595654845237732
          ],
          [
            0.0,
            0.0,
            0.0,
            1.0
          ]
        ]
      },
      "bone_length_armature_space": 0.15509129412370287,
      "parent": "neck_01",
      "has_children": false,
      "is_end_bone": true
    },
    "upperarm_l": {
      "name": "upperarm_l",
      "local": {
        "location": {
          "x": 0.0,
          "y": 0.0,
          "z": 0.0
        },
        "rotation_quaternion": {
          "w": 0.7883113622665405,
          "x": 0.609977126121521,
          "y": -0.048198070377111435,
          "z": -0.06457607448101044
        },
        "scale": {
          "x": 1.0,
          "y": 1.0,
          "z": 1.0
        },
        "matrix_basis": [
          [
            0.9870137572288513,
            0.04301266372203827,
            -0.15477003157138824,
            0.0
          ],
          [
            -0.16061154007911682,
            0.24751567840576172,
            -0.9554789066314697,
            0.0
          ],
          [
            -0.0027896836400032043,
            0.9679287075996399,
            0.25120970606803894,
            0.0
          ],
          [
            0.0,
            0.0,
            0.0,
            1.0
          ]
        ],
        "rotation_mode": "QUATERNION"
      },
      "armature_space": {
        "head": {
          "x": 0.09241685271263123,
          "y": -0.07680553197860718,
          "z": 0.5051528811454773
        },
        "tail": {
          "x": 0.16320009529590607,
          "y": -0.33358684182167053,
          "z": 0.4758138954639435
        }
      },
      "world_space": {
        "head": {
          "x": 0.09241685271263123,
          "y": -0.013561531901359558,
          "z": 1.4550068378448486
        },
        "tail": {
          "x": 0.16320009529590607,
          "y": -0.2703428268432617,
          "z": 1.4256678819656372
        },
        "rotation_quaternion": {
          "w": 0.05906219035387039,
          "x": 0.679360568523407,
          "y": 0.13186252117156982,
          "z": -0.7194395065307617
        },
        "matrix": [
          [
            -0.06996192038059235,
            0.26414671540260315,
            -0.9619417190551758,
            0.09241685271263123
          ],
          [
            0.09418051689863205,
            -0.958248496055603,
            -0.2699822783470154,
            -0.013561531901359558
          ],
          [
            -0.993100643157959,
            -0.10948629677295685,
            0.042163535952568054,
            1.4550068378448486
          ],
          [
            0.0,
            0.0,
            0.0,
            1.0
          ]
        ]
      },
      "bone_length_armature_space": 0.26796955650350024,
      "parent": "spine_01",
      "has_children": true,
      "is_end_bone": false
    },
    "lowerarm_l": {
      "name": "lowerarm_l",
      "local": {
        "location": {
          "x": 0.0,
          "y": 0.0,
          "z": 0.0
        },
        "rotation_quaternion": {
          "w": 0.8494399189949036,
          "x": 0.4001981317996979,
          "y": -0.2601550221443176,
          "z": 0.22497260570526123
        },
        "scale": {
          "x": 1.0,
          "y": 1.0,
          "z": 1.0
        },
        "matrix_basis": [
          [
            0.7634133696556091,
            -0.5904285311698914,
            -0.26190489530563354,
            0.0
          ],
          [
            0.17397432029247284,
            0.5784575343132019,
            -0.7969440221786499,
            0.0
          ],
          [
            0.6220393776893616,
            0.5628330111503601,
            0.5443216562271118,
            0.0
          ],
          [
            0.0,
            0.0,
            0.0,
            1.0
          ]
        ],
        "rotation_mode": "QUATERNION"
      },
      "armature_space": {
        "head": {
          "x": 0.16320008039474487,
          "y": -0.3335869312286377,
          "z": 0.47581401467323303
        },
        "tail": {
          "x": 0.07194152474403381,
          "y": -0.5106909275054932,
          "z": 0.6543519496917725
        }
      },
      "world_space": {
        "head": {
          "x": 0.16320008039474487,
          "y": -0.27034294605255127,
          "z": 1.4256680011749268
        },
        "tail": {
          "x": 0.07194152474403381,
          "y": -0.44744694232940674,
          "z": 1.6042059659957886
        },
        "rotation_quaternion": {
          "w": 0.021706577390432358,
          "x": -0.3714616298675537,
          "y": 0.4105165898799896,
          "z": 0.8324790596961975
        },
        "matrix": [
          [
            -0.7230910062789917,
            -0.34112226963043213,
            -0.6006455421447754,
            0.16320008039474487
          ],
          [
            -0.268841028213501,
            -0.6620105504989624,
            0.6996189951896667,
            -0.27034294605255127
          ],
          [
            -0.6362938284873962,
            0.6673703193664551,
            0.38698962330818176,
            1.4256680011749268
          ],
          [
            0.0,
            0.0,
            0.0,
            1.0
          ]
        ]
      },
      "bone_length_armature_space": 0.26752522043017746,
      "parent": "upperarm_l",
      "has_children": true,
      "is_end_bone": false
    },
    "metacarpal_thumb_l": {
      "name": "metacarpal_thumb_l",
      "local": {
        "location": {
          "x": 0.0,
          "y": 0.0,
          "z": 0.0
        },
        "rotation_quaternion": {
          "w": 0.9998135566711426,
          "x": -0.018312491476535797,
          "y": -0.004926974419504404,
          "z": 0.0036365720443427563
        },
        "scale": {
          "x": 1.0,
          "y": 1.0,
          "z": 1.0
        },
        "matrix_basis": [
          [
            0.9999250173568726,
            -0.007091337814927101,
            -0.009985300712287426,
            0.0
          ],
          [
            0.007452238351106644,
            0.999302864074707,
            0.03658232092857361,
            0.0
          ],
          [
            0.009718921966850758,
            -0.03665398806333542,
            0.9992807507514954,
            0.0
          ],
          [
            0.0,
            0.0,
            0.0,
            1.0
          ]
        ],
        "rotation_mode": "QUATERNION"
      },
      "armature_space": {
        "head": {
          "x": 0.07194152474403381,
          "y": -0.5106909275054932,
          "z": 0.6543519496917725
        },
        "tail": {
          "x": 0.03565552085638046,
          "y": -0.5179195404052734,
          "z": 0.6872863173484802
        }
      },
      "world_space": {
        "head": {
          "x": 0.07194152474403381,
          "y": -0.44744694232940674,
          "z": 1.6042059659957886
        },
        "tail": {
          "x": 0.03565552085638046,
          "y": -0.454675555229187,
          "z": 1.6371402740478516
        },
        "rotation_quaternion": {
          "w": 0.28760281205177307,
          "x": 0.7271966934204102,
          "y": -0.5867854952812195,
          "z": -0.21012474596500397
        },
        "matrix": [
          [
            0.22305844724178314,
            -0.7325522899627686,
            -0.6431267261505127,
            0.07194152474403381
          ],
          [
            -0.9742825627326965,
            -0.14593373239040375,
            -0.17168909311294556,
            -0.44744694232940674
          ],
          [
            0.03191656246781349,
            0.6648881435394287,
            -0.746269941329956,
            1.6042059659957886
          ],
          [
            0.0,
            0.0,
            0.0,
            1.0
          ]
        ]
      },
      "bone_length_armature_space": 0.04953382096934527,
      "parent": "lowerarm_l",
      "has_children": true,
      "is_end_bone": false
    },
    "thumb_01_l": {
      "name": "thumb_01_l",
      "local": {
        "location": {
          "x": 0.0,
          "y": 0.0,
          "z": 0.0
        },
        "rotation_quaternion": {
          "w": 0.9988208413124084,
          "x": -0.04610753431916237,
          "y": 0.015198711305856705,
          "z": 0.0003568502143025398
        },
        "scale": {
          "x": 1.0,
          "y": 1.0,
          "z": 1.0
        },
        "matrix_basis": [
          [
            0.9995377659797668,
            -0.002114409115165472,
            0.030328672379255295,
            0.0
          ],
          [
            -0.0006886913324706256,
            0.9957479238510132,
            0.09211718291044235,
            0.0
          ],
          [
            -0.03039448708295822,
            -0.09209548681974411,
            0.9952861666679382,
            0.0
          ],
          [
            0.0,
            0.0,
            0.0,
            1.0
          ]
        ],
        "rotation_mode": "QUATERNION"
      },
      "armature_space": {
        "head": {
          "x": 0.03565552085638046,
          "y": -0.5179195404052734,
          "z": 0.6872863173484802
        },
        "tail": {
          "x": 0.0018735267221927643,
          "y": -0.5183846950531006,
          "z": 0.6831408143043518
        }
      },
      "world_space": {
        "head": {
          "x": 0.03565552085638046,
          "y": -0.454675555229187,
          "z": 1.6371402740478516
        },
        "tail": {
          "x": 0.0018735267221927643,
          "y": -0.45514070987701416,
          "z": 1.6329948902130127
        },
        "rotation_quaternion": {
          "w": 0.4756719172000885,
          "x": 0.46110284328460693,
          "y": -0.5166276693344116,
          "z": 0.542417049407959
        },
        "matrix": [
          [
            -0.1222408264875412,
            -0.9924620389938354,
            0.008730314671993256,
            0.03565552085638046
          ],
          [
            0.03958945721387863,
            -0.01366513967514038,
            -0.9991227984428406,
            -0.454675555229187
          ],
          [
            0.9917173385620117,
            -0.12178892642259598,
            0.04096074402332306,
            1.6371402740478516
          ],
          [
            0.0,
            0.0,
            0.0,
            1.0
          ]
        ]
      },
      "bone_length_armature_space": 0.03403857648688366,
      "parent": "metacarpal_thumb_l",
      "has_children": true,
      "is_end_bone": false
    },
    "thumb_02_l": {
      "name": "thumb_02_l",
      "local": {
        "location": {
          "x": 0.0,
          "y": 0.0,
          "z": 0.0
        },
        "rotation_quaternion": {
          "w": 0.9950035810470581,
          "x": 0.09937863051891327,
          "y": -0.006491456180810928,
          "z": -0.0070468042977154255
        },
        "scale": {
          "x": 1.0,
          "y": 1.0,
          "z": 1.0
        },
        "matrix_basis": [
          [
            0.9998164176940918,
            0.012732966803014278,
            -0.014318647794425488,
            0.0
          ],
          [
            -0.015313414856791496,
            0.980148434638977,
            -0.19767269492149353,
            0.0
          ],
          [
            0.011517440900206566,
            0.19785568118095398,
            0.9801635146141052,
            0.0
          ],
          [
            0.0,
            0.0,
            0.0,
            1.0
          ]
        ],
        "rotation_mode": "QUATERNION"
      },
      "armature_space": {
        "head": {
          "x": 0.0018735453486442566,
          "y": -0.5183846354484558,
          "z": 0.683140754699707
        },
        "tail": {
          "x": -0.013476918451488018,
          "y": -0.5441346764564514,
          "z": 0.7098706364631653
        }
      },
      "world_space": {
        "head": {
          "x": 0.0018735453486442566,
          "y": -0.4551406502723694,
          "z": 1.6329947710037231
        },
        "tail": {
          "x": -0.013476918451488018,
          "y": -0.480890691280365,
          "z": 1.6597247123718262
        },
        "rotation_quaternion": {
          "w": 0.39991819858551025,
          "x": 0.5928696393966675,
          "y": 0.13966521620750427,
          "z": 0.6848829984664917
        },
        "matrix": [
          [
            0.022858252748847008,
            -0.3821907639503479,
            0.9238005876541138,
            0.0018735453486442566
          ],
          [
            0.7134018540382385,
            -0.6411164999008179,
            -0.2828921675682068,
            -0.4551406502723694
          ],
          [
            0.7003880143165588,
            0.6655111312866211,
            0.25800228118896484,
            1.6329947710037231
          ],
          [
            0.0,
            0.0,
            0.0,
            1.0
          ]
        ]
      },
      "bone_length_armature_space": 0.04016451056894254,
      "parent": "thumb_01_l",
      "has_children": true,
      "is_end_bone": false
    },
    "thumb_03_l": {
      "name": "thumb_03_l",
      "local": {
        "location": {
          "x": 0.0,
          "y": 0.0,
          "z": 0.0
        },
        "rotation_quaternion": {
          "w": 0.9968748092651367,
          "x": 0.07867229729890823,
          "y": 0.006097693461924791,
          "z": 0.0037617855705320835
        },
        "scale": {
          "x": 1.0,
          "y": 1.0,
          "z": 1.0
        },
        "matrix_basis": [
          [
            0.9998973608016968,
            -0.0065406193025410175,
            0.012749170884490013,
            0.0
          ],
          [
            0.00845949724316597,
            0.9875930547714233,
            -0.15680699050426483,
            0.0
          ],
          [
            -0.0115653770044446,
            0.15689873695373535,
            0.987546980381012,
            0.0
          ],
          [
            0.0,
            0.0,
            0.0,
            1.0
          ]
        ],
        "rotation_mode": "QUATERNION"
      },
      "armature_space": {
        "head": {
          "x": -0.013476959429681301,
          "y": -0.5441346168518066,
          "z": 0.7098706364631653
        },
        "tail": {
          "x": -0.012525346130132675,
          "y": -0.5676202178001404,
          "z": 0.7292205095291138
        }
      },
      "world_space": {
        "head": {
          "x": -0.013476959429681301,
          "y": -0.4808906316757202,
          "z": 1.6597247123718262
        },
        "tail": {
          "x": -0.012525346130132675,
          "y": -0.504376232624054,
          "z": 1.6790745258331299
        },
        "rotation_quaternion": {
          "w": 0.17329935729503632,
          "x": 0.5215388536453247,
          "y": 0.2902773320674896,
          "z": 0.7833923697471619
        },
        "matrix": [
          [
            -0.3959297239780426,
            0.03125692903995514,
            0.9177486300468445,
            -0.013476959429681301
          ],
          [
            0.5743051767349243,
            -0.7714132070541382,
            0.2740362882614136,
            -0.4808906316757202
          ],
          [
            0.7165342569351196,
            0.6355701684951782,
            0.28747665882110596,
            1.6597247123718262
          ],
          [
            0.0,
            0.0,
            0.0,
            1.0
          ]
        ]
      },
      "bone_length_armature_space": 0.030444976790249333,
      "parent": "thumb_02_l",
      "has_children": false,
      "is_end_bone": true
    },
    "metacarpal_index_l": {
      "name": "metacarpal_index_l",
      "local": {
        "location": {
          "x": 0.0,
          "y": 0.0,
          "z": 0.0
        },
        "rotation_quaternion": {
          "w": 0.9998822808265686,
          "x": 0.005956046748906374,
          "y": -0.009058547206223011,
          "z": 0.010863359086215496
        },
        "scale": {
          "x": 1.0,
          "y": 1.0,
          "z": 1.0
        },
        "matrix_basis": [
          [
            0.9995998740196228,
            -0.021832067519426346,
            -0.01798555627465248,
            0.0
          ],
          [
            0.02161625400185585,
            0.9996930360794067,
            -0.012107503600418568,
            0.0
          ],
          [
            0.018244367092847824,
            0.011713878251612186,
            0.9997649192810059,
            0.0
          ],
          [
            0.0,
            0.0,
            0.0,
            1.0
          ]
        ],
        "rotation_mode": "QUATERNION"
      },
      "armature_space": {
        "head": {
          "x": 0.07194152474403381,
          "y": -0.5106909275054932,
          "z": 0.6543519496917725
        },
        "tail": {
          "x": 0.007117189466953278,
          "y": -0.5584235787391663,
          "z": 0.73949134349823
        }
      },
      "world_space": {
        "head": {
          "x": 0.07194152474403381,
          "y": -0.44744694232940674,
          "z": 1.6042059659957886
        },
        "tail": {
          "x": 0.007117189466953278,
          "y": -0.49517959356307983,
          "z": 1.689345359802246
        },
        "rotation_quaternion": {
          "w": 0.14869776368141174,
          "x": 0.6711599826812744,
          "y": -0.5236420631408691,
          "z": -0.5032219886779785
        },
        "matrix": [
          [
            -0.054868023842573166,
            -0.5532420873641968,
            -0.8312116861343384,
            0.07194152474403381
          ],
          [
            -0.8525516390800476,
            -0.4073735475540161,
            0.32741832733154297,
            -0.44744694232940674
          ],
          [
            -0.5197595953941345,
            0.7266203165054321,
            -0.4493182897567749,
            1.6042059659957886
          ],
          [
            0.0,
            0.0,
            0.0,
            1.0
          ]
        ]
      },
      "bone_length_armature_space": 0.11717216768894603,
      "parent": "lowerarm_l",
      "has_children": true,
      "is_end_bone": false
    },
    "index_01_l": {
      "name": "index_01_l",
      "local": {
        "location": {
          "x": 0.0,
          "y": 0.0,
          "z": 0.0
        },
        "rotation_quaternion": {
          "w": 0.9937194585800171,
          "x": -0.1107717975974083,
          "y": 0.0008677567238919437,
          "z": -0.01582551933825016
        },
        "scale": {
          "x": 1.0,
          "y": 1.0,
          "z": 1.0
        },
        "matrix_basis": [
          [
            0.9994975924491882,
            0.03126000612974167,
            0.0052306558936834335,
            0.0
          ],
          [
            -0.03164450079202652,
            0.9749583005905151,
            0.2201247215270996,
            0.0
          ],
          [
            0.0017814289312809706,
            -0.22017964720726013,
            0.9754577279090881,
            0.0
          ],
          [
            0.0,
            0.0,
            0.0,
            1.0
          ]
        ],
        "rotation_mode": "QUATERNION"
      },
      "armature_space": {
        "head": {
          "x": 0.007117189466953278,
          "y": -0.5584235787391663,
          "z": 0.73949134349823
        },
        "tail": {
          "x": 0.0011188024654984474,
          "y": -0.5803306102752686,
          "z": 0.7567300796508789
        }
      },
      "world_space": {
        "head": {
          "x": 0.007117189466953278,
          "y": -0.49517959356307983,
          "z": 1.689345359802246
        },
        "tail": {
          "x": 0.0011188024654984474,
          "y": -0.5170866250991821,
          "z": 1.706584095954895
        },
        "rotation_quaternion": {
          "w": 0.1838298738002777,
          "x": 0.7396834492683411,
          "y": -0.2864713966846466,
          "z": -0.5805248618125916
        },
        "matrix": [
          [
            0.16185040771961212,
            -0.21036367118358612,
            -0.9641326665878296,
            0.007117189466953278
          ],
          [
            -0.6372326612472534,
            -0.7682809233665466,
            0.0606575608253479,
            -0.49517959356307983
          ],
          [
            -0.7534906268119812,
            0.6045628190040588,
            -0.25839874148368835,
            1.689345359802246
          ],
          [
            0.0,
            0.0,
            0.0,
            1.0
          ]
        ]
      },
      "bone_length_armature_space": 0.028514429873760364,
      "parent": "metacarpal_index_l",
      "has_children": true,
      "is_end_bone": false
    },
    "index_02_l": {
      "name": "index_02_l",
      "local": {
        "location": {
          "x": 0.0,
          "y": 0.0,
          "z": 0.0
        },
        "rotation_quaternion": {
          "w": 0.9983276128768921,
          "x": 0.057038042694330215,
          "y": -0.008246062323451042,
          "z": -0.004536999389529228
        },
        "scale": {
          "x": 1.0,
          "y": 1.0,
          "z": 1.0
        },
        "matrix_basis": [
          [
            0.9998228549957275,
            0.008118145167827606,
            -0.016982106491923332,
            0.0
          ],
          [
            -0.009999502450227737,
            0.9934521317481995,
            -0.1138104796409607,
            0.0
          ],
          [
            0.01594698056578636,
            0.1139601320028305,
            0.9933573007583618,
            0.0
          ],
          [
            0.0,
            0.0,
            0.0,
            1.0
          ]
        ],
        "rotation_mode": "QUATERNION"
      },
      "armature_space": {
        "head": {
          "x": 0.0011183777824044228,
          "y": -0.5803307890892029,
          "z": 0.7567304372787476
        },
        "tail": {
          "x": -0.006101807579398155,
          "y": -0.6003592014312744,
          "z": 0.7710421085357666
        }
      },
      "world_space": {
        "head": {
          "x": 0.0011183777824044228,
          "y": -0.5170868039131165,
          "z": 1.7065844535827637
        },
        "tail": {
          "x": -0.006101807579398155,
          "y": -0.537115216255188,
          "z": 1.7208961248397827
        },
        "rotation_quaternion": {
          "w": 0.13232606649398804,
          "x": 0.7262830138206482,
          "y": -0.30351489782333374,
          "z": -0.6023964881896973
        },
        "matrix": [
          [
            0.0899944081902504,
            -0.28145286440849304,
            -0.9553458094596863,
            0.0011183777824044228
          ],
          [
            -0.6003017425537109,
            -0.7807362079620361,
            0.1734623908996582,
            -0.5170868039131165
          ],
          [
            -0.7947004437446594,
            0.5578881502151489,
            -0.23921984434127808,
            1.7065844535827637
          ],
          [
            0.0,
            0.0,
            0.0,
            1.0
          ]
        ]
      },
      "bone_length_armature_space": 0.02565331022433531,
      "parent": "index_01_l",
      "has_children": true,
      "is_end_bone": false
    },
    "index_03_l": {
      "name": "index_03_l",
      "local": {
        "location": {
          "x": 0.0,
          "y": 0.0,
          "z": 0.0
        },
        "rotation_quaternion": {
          "w": 0.9993501901626587,
          "x": 0.035582851618528366,
          "y": 0.005736331455409527,
          "z": -0.0004755350237246603
        },
        "scale": {
          "x": 1.0,
          "y": 1.0,
          "z": 1.0
        },
        "matrix_basis": [
          [
            0.9999337196350098,
            0.001358682056888938,
            0.011431366205215454,
            0.0
          ],
          [
            -0.0005422219983302057,
            0.9974672794342041,
            -0.07112491130828857,
            0.0
          ],
          [
            -0.011499050073325634,
            0.07111400365829468,
            0.9974018931388855,
            0.0
          ],
          [
            0.0,
            0.0,
            0.0,
            1.0
          ]
        ],
        "rotation_mode": "QUATERNION"
      },
      "armature_space": {
        "head": {
          "x": -0.006101671606302261,
          "y": -0.6003592014312744,
          "z": 0.7710421681404114
        },
        "tail": {
          "x": -0.018349144607782364,
          "y": -0.6236674785614014,
          "z": 0.7837093472480774
        }
      },
      "world_space": {
        "head": {
          "x": -0.006101671606302261,
          "y": -0.537115216255188,
          "z": 1.7208962440490723
        },
        "tail": {
          "x": -0.018349144607782364,
          "y": -0.5604234933853149,
          "z": 1.7335634231567383
        },
        "rotation_quaternion": {
          "w": 0.05730966851115227,
          "x": 0.7710453867912292,
          "y": -0.3128196895122528,
          "z": -0.5516780018806458
        },
        "matrix": [
          [
            0.19559001922607422,
            -0.41916579008102417,
            -0.8865916728973389,
            -0.006101671606302261
          ],
          [
            -0.5456299781799316,
            -0.7977179884910583,
            0.25677675008773804,
            -0.537115216255188
          ],
          [
            -0.8148881196975708,
            0.43353039026260376,
            -0.3847373127937317,
            1.7208962440490723
          ],
          [
            0.0,
            0.0,
            0.0,
            1.0
          ]
        ]
      },
      "bone_length_armature_space": 0.029218723447234283,
      "parent": "index_02_l",
      "has_children": false,
      "is_end_bone": true
    },
    "metacarpal_pinky_l": {
      "name": "metacarpal_pinky_l",
      "local": {
        "location": {
          "x": 0.0,
          "y": 0.0,
          "z": 0.0
        },
        "rotation_quaternion": {
          "w": 0.9981989860534668,
          "x": -0.056891195476055145,
          "y": 0.017358338460326195,
          "z": 0.007803454529494047
        },
        "scale": {
          "x": 1.0,
          "y": 1.0,
          "z": 1.0
        },
        "matrix_basis": [
          [
            0.9992755651473999,
            -0.017553873360157013,
            0.0337662547826767,
            0.0
          ],
          [
            0.013603727333247662,
            0.9934049844741821,
            0.11384838074445724,
            0.0
          ],
          [
            -0.03554204851388931,
            -0.11330655962228775,
            0.992924153804779,
            0.0
          ],
          [
            0.0,
            0.0,
            0.0,
            1.0
          ]
        ],
        "rotation_mode": "QUATERNION"
      },
      "armature_space": {
        "head": {
          "x": 0.07194152474403381,
          "y": -0.5106909275054932,
          "z": 0.6543519496917725
        },
        "tail": {
          "x": 0.05226697772741318,
          "y": -0.6032319664955139,
          "z": 0.697852611541748
        }
      },
      "world_space": {
        "head": {
          "x": 0.07194152474403381,
          "y": -0.44744694232940674,
          "z": 1.6042059659957886
        },
        "tail": {
          "x": 0.05226697772741318,
          "y": -0.5399879813194275,
          "z": 1.6477066278457642
        },
        "rotation_quaternion": {
          "w": 0.14284667372703552,
          "x": 0.21745772659778595,
          "y": 0.18773604929447174,
          "z": 0.9471336603164673
        },
        "matrix": [
          [
            -0.8646138906478882,
            -0.18894079327583313,
            0.46555787324905396,
            0.07194152474403381
          ],
          [
            0.35223931074142456,
            -0.8887001276016235,
            0.29349589347839355,
            -0.44744694232940674
          ],
          [
            0.3582909405231476,
            0.41775044798851013,
            0.8349407911300659,
            1.6042059659957886
          ],
          [
            0.0,
            0.0,
            0.0,
            1.0
          ]
        ]
      },
      "bone_length_armature_space": 0.1041308739506628,
      "parent": "lowerarm_l",
      "has_children": true,
      "is_end_bone": false
    },
    "pinky_01_l": {
      "name": "pinky_01_l",
      "local": {
        "location": {
          "x": 0.0,
          "y": 0.0,
          "z": 0.0
        },
        "rotation_quaternion": {
          "w": 0.996452808380127,
          "x": -0.08324377983808517,
          "y": 0.005413914564996958,
          "z": -0.011095977388322353
        },
        "scale": {
          "x": 1.0,
          "y": 1.0,
          "z": 1.0
        },
        "matrix_basis": [
          [
            0.9996951222419739,
            0.021211886778473854,
            0.012636763043701649,
            0.0
          ],
          [
            -0.023014584556221962,
            0.9858946800231934,
            0.16577684879302979,
            0.0
          ],
          [
            -0.008942078799009323,
            -0.16601714491844177,
            0.9860823154449463,
            0.0
          ],
          [
            0.0,
            0.0,
            0.0,
            1.0
          ]
        ],
        "rotation_mode": "QUATERNION"
      },
      "armature_space": {
        "head": {
