{
  "metadata": {
    "armature_name": "KIM_caucasian_male",
    "export_time": "2026-01-13T21:00:19.180390",
    "blender_version": "4.4.1",
    "bone_count": 56,
    "end_bone_count": 13,
    "spaces_included": [
      "LOCAL_CHANNELS",
      "ARMATURE_SPACE",
      "WORLD_SPACE"
    ],
    "note": "LOCAL matches Transform panel; replay pose via local.matrix_basis for best fidelity."
  },
  "bones": {
    "Root": {
      "name": "Root",
      "local": {
        "location": {
          "x": 0.0,
          "y": 0.0,
          "z": 0.0
        },
        "rotation_quaternion": {
          "w": 0.9998100996017456,
          "x": 0.006322549190372229,
          "y": 0.014664964750409126,
          "z": -0.011172400787472725
        },
        "scale": {
          "x": 1.0,
          "y": 1.0,
          "z": 1.0
        },
        "matrix_basis": [
          [
            0.9993202090263367,
            0.022525997832417488,
            0.02918308414518833,
            0.0
          ],
          [
            -0.022155119106173515,
            0.9996703863143921,
            -0.01297038234770298,
            0.0
          ],
          [
            -0.029465636238455772,
            0.012315011583268642,
            0.9994899034500122,
            0.0
          ],
          [
            0.0,
            0.0,
            0.0,
            1.0
          ]
        ],
        "rotation_mode": "QUATERNION"
      },
      "armature_space": {
        "head": {
          "x": 0.0,
          "y": 0.07072800397872925,
          "z": -0.009595036506652832
        },
        "tail": {
          "x": 0.0016078127082437277,
          "y": -9.484589099884033e-05,
          "z": -0.0008741859346628189
        }
      },
      "world_space": {
        "head": {
          "x": 0.0,
          "y": 0.13397200405597687,
          "z": 0.9402589797973633
        },
        "tail": {
          "x": 0.0016078127082437277,
          "y": 0.06314915418624878,
          "z": 0.9489798545837402
        },
        "rotation_quaternion": {
          "w": 0.06104666739702225,
          "x": 0.99796462059021,
          "y": 0.012134969234466553,
          "z": 0.013878989964723587
        },
        "matrix": [
          [
            0.9993202090263367,
            0.022525997832417488,
            0.02918308414518833,
            0.0
          ],
          [
            0.025915076956152916,
            -0.9922520518302917,
            -0.12150846421718597,
            0.13397200405597687
          ],
          [
            0.026220083236694336,
            0.12218205630779266,
            -0.9921683669090271,
            0.9402589797973633
          ],
          [
            0.0,
            0.0,
            0.0,
            1.0
          ]
        ]
      },
      "bone_length_armature_space": 0.07137586735564466,
      "parent": null,
      "has_children": true,
      "is_end_bone": false
    },
    "spine_01": {
      "name": "spine_01",
      "local": {
        "location": {
          "x": 0.0,
          "y": 0.0,
          "z": 0.0
        },
        "rotation_quaternion": {
          "w": 0.9977167844772339,
          "x": 0.005696045700460672,
          "y": 0.011607897467911243,
          "z": 0.06628753989934921
        },
        "scale": {
          "x": 1.0,
          "y": 1.0,
          "z": 1.0
        },
        "matrix_basis": [
          [
            0.9909424185752869,
            -0.1321401447057724,
            0.023917941376566887,
            0.0
          ],
          [
            0.132404625415802,
            0.9911470413208008,
            -0.009827163070440292,
            0.0
          ],
          [
            -0.022407634183764458,
            0.0129049988463521,
            0.9996656179428101,
            0.0
          ],
          [
            0.0,
            0.0,
            0.0,
            1.0
          ]
        ],
        "rotation_mode": "QUATERNION"
      },
      "armature_space": {
        "head": {
          "x": 0.0016078127082437277,
          "y": -9.484589099884033e-05,
          "z": -0.0008741859346628189
        },
        "tail": {
          "x": -0.0757775530219078,
          "y": 0.008266348391771317,
          "z": 0.48088306188583374
        }
      },
      "world_space": {
        "head": {
          "x": 0.0016078127082437277,
          "y": 0.06314915418624878,
          "z": 0.9489798545837402
        },
        "tail": {
          "x": -0.0757775530219078,
          "y": 0.07151034474372864,
          "z": 1.430737018585205
        },
        "rotation_quaternion": {
          "w": 0.7121238112449646,
          "x": 0.6970945000648499,
          "y": -0.03802963346242905,
          "z": 0.07411332428455353
        },
        "matrix": [
          [
            0.9861217737197876,
            -0.15857617557048798,
            0.04916539788246155,
            0.0016078127082437277
          ],
          [
            0.05253635346889496,
            0.017133552581071854,
            -0.9984720349311829,
            0.06314915418624878
          ],
          [
            0.15749263763427734,
            0.9872050285339355,
            0.025226034224033356,
            0.9489798545837402
          ],
          [
            0.0,
            0.0,
            0.0,
            1.0
          ]
        ]
      },
      "bone_length_armature_space": 0.4880045701325515,
      "parent": "Root",
      "has_children": true,
      "is_end_bone": false
    },
    "neck_01": {
      "name": "neck_01",
      "local": {
        "location": {
          "x": 0.0,
          "y": 0.0,
          "z": 0.0
        },
        "rotation_quaternion": {
          "w": 0.9985758066177368,
          "x": 0.013000127859413624,
          "y": 0.037951115518808365,
          "z": -0.035172928124666214
        },
        "scale": {
          "x": 1.0,
          "y": 1.0,
          "z": 1.0
        },
        "matrix_basis": [
          [
            0.9946451783180237,
            0.07123240828514099,
            0.07487962394952774,
            0.0
          ],
          [
            -0.0692589282989502,
            0.9971877336502075,
            -0.028632929548621178,
            0.0
          ],
          [
            -0.07670863717794418,
            0.023293523117899895,
            0.9967814087867737,
            0.0
          ],
          [
            0.0,
            0.0,
            0.0,
            1.0
          ]
        ],
        "rotation_mode": "QUATERNION"
      },
      "armature_space": {
        "head": {
          "x": -0.0856831818819046,
          "y": -0.025106608867645264,
          "z": 0.5540395379066467
        },
        "tail": {
          "x": -0.0913187637925148,
          "y": -0.0641150027513504,
          "z": 0.648682713508606
        }
      },
      "world_space": {
        "head": {
          "x": -0.0856831818819046,
          "y": 0.038137391209602356,
          "z": 1.5038936138153076
        },
        "tail": {
          "x": -0.0913187637925148,
          "y": -0.0008710026741027832,
          "z": 1.598536729812622
        },
        "rotation_quaternion": {
          "w": 0.5558556318283081,
          "x": 0.825820803642273,
          "y": 0.02791210450232029,
          "z": 0.09091449528932571
        },
        "matrix": [
          [
            0.9819108843803406,
            -0.05496983975172043,
            0.18118789792060852,
            -0.0856831818819046
          ],
          [
            0.14717110991477966,
            -0.3804904520511627,
            -0.9129993915557861,
            0.038137391209602356
          ],
          [
            0.11912865936756134,
            0.9231557846069336,
            -0.36552122235298157,
            1.5038936138153076
          ],
          [
            0.0,
            0.0,
            0.0,
            1.0
          ]
        ]
      },
      "bone_length_armature_space": 0.10252192755352332,
      "parent": "spine_01",
      "has_children": true,
      "is_end_bone": false
    },
    "head": {
      "name": "head",
      "local": {
        "location": {
          "x": 0.0,
          "y": 0.0,
          "z": 0.0
        },
        "rotation_quaternion": {
          "w": 0.989690899848938,
          "x": -0.0379825234413147,
          "y": -0.0318676233291626,
          "z": 0.13436450064182281
        },
        "scale": {
          "x": 1.0,
          "y": 1.0,
          "z": 1.0
        },
        "matrix_basis": [
          [
            0.961861252784729,
            -0.26353782415390015,
            -0.07328519970178604,
            0.0
          ],
          [
            0.26837947964668274,
            0.9610069990158081,
            0.06661815941333771,
            0.0
          ],
          [
            0.052871186286211014,
            -0.08374567329883575,
            0.9950835704803467,
            0.0
          ],
          [
            0.0,
            0.0,
            0.0,
            1.0
          ]
        ],
        "rotation_mode": "QUATERNION"
      },
      "armature_space": {
        "head": {
          "x": -0.09131872653961182,
          "y": -0.06411510705947876,
          "z": 0.6486825942993164
        },
        "tail": {
          "x": -0.15085755288600922,
          "y": -0.0608559176325798,
          "z": 0.7918530106544495
        }
      },
      "world_space": {
        "head": {
          "x": -0.09131872653961182,
          "y": -0.0008711069822311401,
          "z": 1.5985366106033325
        },
        "tail": {
          "x": -0.15085755288600922,
          "y": 0.002388082444667816,
          "z": 1.7417070865631104
        },
        "rotation_quaternion": {
          "w": 0.7056939005851746,
          "x": 0.6800869703292847,
          "y": -0.11181763559579849,
          "z": 0.1642402708530426
        },
        "matrix": [
          [
            0.9210435748100281,
            -0.383897989988327,
            0.06557940691709518,
            -0.09131872653961182
          ],
          [
            0.07971791177988052,
            0.02101479470729828,
            -0.9965959787368774,
            -0.0008711069822311401
          ],
          [
            0.381215900182724,
            0.9231429100036621,
            0.04995845630764961,
            1.5985366106033325
          ],
          [
            0.0,
            0.0,
            0.0,
            1.0
          ]
        ]
      },
      "bone_length_armature_space": 0.1550911393307839,
      "parent": "neck_01",
      "has_children": false,
      "is_end_bone": true
    },
    "upperarm_l": {
      "name": "upperarm_l",
      "local": {
        "location": {
          "x": 0.0,
          "y": 0.0,
          "z": 0.0
        },
        "rotation_quaternion": {
          "w": 0.931909441947937,
          "x": 0.2652806341648102,
          "y": -0.1497073918581009,
          "z": -0.19687245786190033
        },
        "scale": {
          "x": 1.0,
          "y": 1.0,
          "z": 1.0
        },
        "matrix_basis": [
          [
            0.8776578903198242,
            0.2875056564807892,
            -0.38348037004470825,
            0.0
          ],
          [
            -0.44636353850364685,
            0.781734824180603,
            -0.4354885220527649,
            0.0
          ],
          [
            0.1745745688676834,
            0.5533815622329712,
            0.8144277930259705,
            0.0
          ],
          [
            0.0,
            0.0,
            0.0,
            1.0
          ]
        ],
        "rotation_mode": "QUATERNION"
      },
      "armature_space": {
        "head": {
          "x": 0.07304942607879639,
          "y": -0.021561916917562485,
          "z": 0.5113961100578308
        },
        "tail": {
          "x": 0.30363333225250244,
          "y": -0.1496986299753189,
          "z": 0.46428239345550537
        }
      },
      "world_space": {
        "head": {
          "x": 0.07304942607879639,
          "y": 0.041682083159685135,
          "z": 1.4612500667572021
        },
        "tail": {
          "x": 0.30363333225250244,
          "y": -0.08645462989807129,
          "z": 1.4141364097595215
        },
        "rotation_quaternion": {
          "w": 0.36825108528137207,
          "x": 0.45964065194129944,
          "y": 0.3539814054965973,
          "z": -0.7265113592147827
        },
        "matrix": [
          [
            -0.30624285340309143,
            0.860485851764679,
            -0.4071599841117859,
            0.07304942607879639
          ],
          [
            -0.20967020094394684,
            -0.4781765937805176,
            -0.8528692126274109,
            0.041682083159685135
          ],
          [
            -0.9285829663276672,
            -0.17581753432750702,
            0.32685792446136475,
            1.4612500667572021
          ],
          [
            0.0,
            0.0,
            0.0,
            1.0
          ]
        ]
      },
      "bone_length_armature_space": 0.2679695052401796,
      "parent": "spine_01",
      "has_children": true,
      "is_end_bone": false
    },
    "lowerarm_l": {
      "name": "lowerarm_l",
      "local": {
        "location": {
          "x": 0.0,
          "y": 0.0,
          "z": 0.0
        },
        "rotation_quaternion": {
          "w": 0.9956110715866089,
          "x": 0.024645891040563583,
          "y": -0.07199308276176453,
          "z": -0.05448300391435623
        },
        "scale": {
          "x": 1.0,
          "y": 1.0,
          "z": 1.0
        },
        "matrix_basis": [
          [
            0.9836971759796143,
            0.10493909567594528,
            -0.14603978395462036,
            0.0
          ],
          [
            -0.11203642934560776,
            0.9928483366966248,
            -0.04123064503073692,
            0.0
          ],
          [
            0.14066866040229797,
            0.05692024156451225,
            0.9884191751480103,
            0.0
          ],
          [
            0.0,
            0.0,
            0.0,
            1.0
          ]
        ],
        "rotation_mode": "QUATERNION"
      },
      "armature_space": {
        "head": {
          "x": 0.3036334216594696,
          "y": -0.14969868957996368,
          "z": 0.46428248286247253
        },
        "tail": {
          "x": 0.5074405074119568,
          "y": -0.31915780901908875,
          "z": 0.42801064252853394
        }
      },
      "world_space": {
        "head": {
          "x": 0.3036334216594696,
          "y": -0.08645468950271606,
          "z": 1.414136528968811
        },
        "tail": {
          "x": 0.5074405074119568,
          "y": -0.25591379404067993,
          "z": 1.3778645992279053
        },
        "rotation_quaternion": {
          "w": 0.3516239821910858,
          "x": 0.3775012791156769,
          "y": 0.24421964585781097,
          "z": -0.8211030960083008
        },
        "matrix": [
          [
            -0.46770650148391724,
            0.7618258595466614,
            -0.4481869339942932,
            0.3036334216594696
          ],
          [
            -0.39305379986763,
            -0.6334340572357178,
            -0.6665360331535339,
            -0.08645468950271606
          ],
          [
            -0.7916872501373291,
            -0.1355832815170288,
            0.5957034826278687,
            1.414136528968811
          ],
          [
            0.0,
            0.0,
            0.0,
            1.0
          ]
        ]
      },
      "bone_length_armature_space": 0.26752452004497473,
      "parent": "upperarm_l",
      "has_children": true,
      "is_end_bone": false
    },
    "metacarpal_thumb_l": {
      "name": "metacarpal_thumb_l",
      "local": {
        "location": {
          "x": 0.0,
          "y": 0.0,
          "z": 0.0
        },
        "rotation_quaternion": {
          "w": 0.9995663166046143,
          "x": 0.016938932240009308,
          "y": -0.01683630794286728,
          "z": 0.017231713980436325
        },
        "scale": {
          "x": 1.0,
          "y": 1.0,
          "z": 1.0
        },
        "matrix_basis": [
          [
            0.9988391995429993,
            -0.035018861293792725,
            -0.033074237406253815,
            0.0
          ],
          [
            0.03387810289859772,
            0.9988322854042053,
            -0.034443408250808716,
            0.0
          ],
          [
            0.03424178808927536,
            0.03328293561935425,
            0.9988592267036438,
            0.0
          ],
          [
            0.0,
            0.0,
            0.0,
            1.0
          ]
        ],
        "rotation_mode": "QUATERNION"
      },
      "armature_space": {
        "head": {
          "x": 0.5074405074119568,
          "y": -0.31915780901908875,
          "z": 0.42801064252853394
        },
        "tail": {
          "x": 0.5175833702087402,
          "y": -0.3674159646034241,
          "z": 0.43268561363220215
        }
      },
      "world_space": {
        "head": {
          "x": 0.5074405074119568,
          "y": -0.25591379404067993,
          "z": 1.3778645992279053
        },
        "tail": {
          "x": 0.5175833702087402,
          "y": -0.30417197942733765,
          "z": 1.3825396299362183
        },
        "rotation_quaternion": {
          "w": 0.07937818020582199,
          "x": 0.935702383518219,
          "y": 0.0810808390378952,
          "z": -0.33404526114463806
        },
        "matrix": [
          [
            0.7636792063713074,
            0.20476700365543365,
            -0.6122614145278931,
            0.5074405074119568
          ],
          [
            0.0987033098936081,
            -0.9742498397827148,
            -0.2027186155319214,
            -0.25591379404067993
          ],
          [
            -0.6380103230476379,
            0.09437952935695648,
            -0.764231264591217,
            1.3778645992279053
          ],
          [
            0.0,
            0.0,
            0.0,
            1.0
          ]
        ]
      },
      "bone_length_armature_space": 0.04953365171657373,
      "parent": "lowerarm_l",
      "has_children": true,
      "is_end_bone": false
    },
    "thumb_01_l": {
      "name": "thumb_01_l",
      "local": {
        "location": {
          "x": 0.0,
          "y": 0.0,
          "z": 0.0
        },
        "rotation_quaternion": {
          "w": 0.9667086601257324,
          "x": 0.2551102638244629,
          "y": -0.019404809921979904,
          "z": 0.004088815301656723
        },
        "scale": {
          "x": 1.0,
          "y": 1.0,
          "z": 1.0
        },
        "matrix_basis": [
          [
            0.999213457107544,
            -0.017806118354201317,
            -0.0354313999414444,
            0.0
          ],
          [
            -0.0019953460432589054,
            0.8698040843009949,
            -0.49339330196380615,
            0.0
          ],
          [
            0.03960379213094711,
            0.4930759072303772,
            0.8690844178199768,
            0.0
          ],
          [
            0.0,
            0.0,
            0.0,
            1.0
          ]
        ],
        "rotation_mode": "QUATERNION"
      },
      "armature_space": {
        "head": {
          "x": 0.5175833702087402,
          "y": -0.3674159646034241,
          "z": 0.43268561363220215
        },
        "tail": {
          "x": 0.5171818733215332,
          "y": -0.3909216821193695,
          "z": 0.4080694913864136
        }
      },
      "world_space": {
        "head": {
          "x": 0.5175833702087402,
          "y": -0.30417197942733765,
          "z": 1.3825396299362183
        },
        "tail": {
          "x": 0.5171818733215332,
          "y": -0.3276776671409607,
          "z": 1.3579235076904297
        },
        "rotation_quaternion": {
          "w": 0.3477882444858551,
          "x": -0.8198050856590271,
          "y": 0.18374736607074738,
          "z": -0.4161730110645294
        },
        "matrix": [
          [
            0.58607417345047,
            -0.01179555058479309,
            0.8101713061332703,
            0.5175833702087402
          ],
          [
            -0.5907537341117859,
            -0.6905614137649536,
            0.4172948896884918,
            -0.30417197942733765
          ],
          [
            0.5545539855957031,
            -0.7231835126876831,
            -0.4116910696029663,
            1.3825396299362183
          ],
          [
            0.0,
            0.0,
            0.0,
            1.0
          ]
        ]
      },
      "bone_length_armature_space": 0.034038704565865774,
      "parent": "metacarpal_thumb_l",
      "has_children": true,
      "is_end_bone": false
    },
    "thumb_02_l": {
      "name": "thumb_02_l",
      "local": {
        "location": {
          "x": 0.0,
          "y": 0.0,
          "z": 0.0
        },
        "rotation_quaternion": {
          "w": 0.8805291652679443,
          "x": 0.47387561202049255,
          "y": -0.009654130786657333,
          "z": -0.004132096190005541
        },
        "scale": {
          "x": 1.0,
          "y": 1.0,
          "z": 1.0
        },
        "matrix_basis": [
          [
            0.999779462814331,
            -0.0018728518625721335,
            -0.020917687565088272,
            0.0
          ],
          [
            -0.016426576301455498,
            0.5508496761322021,
            -0.8344427943229675,
            0.0
          ],
          [
            0.013085287995636463,
            0.8346023559570312,
            0.550697386264801,
            0.0
          ],
          [
            0.0,
            0.0,
            0.0,
            1.0
          ]
        ],
        "rotation_mode": "QUATERNION"
      },
      "armature_space": {
        "head": {
          "x": 0.5171818137168884,
          "y": -0.3909216821193695,
          "z": 0.4080694913864136
        },
        "tail": {
          "x": 0.5531031489372253,
          "y": -0.38051289319992065,
          "z": 0.4227152168750763
        }
      },
      "world_space": {
        "head": {
          "x": 0.5171818137168884,
          "y": -0.3276776671409607,
          "z": 1.3579235076904297
        },
        "tail": {
          "x": 0.5531031489372253,
          "y": -0.31726890802383423,
          "z": 1.37256920337677
        },
        "rotation_quaternion": {
          "w": 0.6434338092803955,
          "x": -0.14344821870326996,
          "y": -0.4642976224422455,
          "z": -0.5914756059646606
        },
        "matrix": [
          [
            -0.13083405792713165,
            0.8943573236465454,
            -0.4277932047843933,
            0.5171818137168884
          ],
          [
            -0.6279440522193909,
            0.25915467739105225,
            0.7338428497314453,
            -0.3276776671409607
          ],
          [
            0.7671871781349182,
            0.36464452743530273,
            0.527704656124115,
            1.3579235076904297
          ],
          [
            0.0,
            0.0,
            0.0,
            1.0
          ]
        ]
      },
      "bone_length_armature_space": 0.04016444290790499,
      "parent": "thumb_01_l",
      "has_children": true,
      "is_end_bone": false
    },
    "thumb_03_l": {
      "name": "thumb_03_l",
      "local": {
        "location": {
          "x": 0.0,
          "y": 0.0,
          "z": 0.0
        },
        "rotation_quaternion": {
          "w": 0.9904119968414307,
          "x": 0.1379644274711609,
          "y": -0.003225261578336358,
          "z": -0.006285549607127905
        },
        "scale": {
          "x": 1.0,
          "y": 1.0,
          "z": 1.0
        },
        "matrix_basis": [
          [
            0.9999001622200012,
            0.011560624465346336,
            -0.008123040199279785,
            0.0
          ],
          [
            -0.013340510427951813,
            0.9618526101112366,
            -0.273242712020874,
            0.0
          ],
          [
            0.00465431110933423,
            0.27332380414009094,
            0.9619108438491821,
            0.0
          ],
          [
            0.0,
            0.0,
            0.0,
            1.0
          ]
        ],
        "rotation_mode": "QUATERNION"
      },
      "armature_space": {
        "head": {
          "x": 0.5531030893325806,
          "y": -0.3805129826068878,
          "z": 0.4227152168750763
        },
        "tail": {
          "x": 0.5702134966850281,
          "y": -0.36171597242355347,
          "z": 0.43947237730026245
        }
      },
      "world_space": {
        "head": {
          "x": 0.5531030893325806,
          "y": -0.317268967628479,
          "z": 1.37256920337677
        },
        "tail": {
          "x": 0.5702134966850281,
          "y": -0.29847198724746704,
          "z": 1.3893263339996338
        },
        "rotation_quaternion": {
          "w": 0.7783159017562866,
          "x": 0.10833174735307693,
          "y": -0.4504782259464264,
          "z": -0.4237428605556488
        },
        "matrix": [
          [
            0.23502117395401,
            0.5620116591453552,
            -0.793036937713623,
            0.5531030893325806
          ],
          [
            -0.7572138905525208,
            0.6174114942550659,
            0.2131437510251999,
            -0.317268967628479
          ],
          [
            0.6094228625297546,
            0.5504097938537598,
            0.5706722736358643,
            1.37256920337677
          ],
          [
            0.0,
            0.0,
            0.0,
            1.0
          ]
        ]
      },
      "bone_length_armature_space": 0.03044496815123679,
      "parent": "thumb_02_l",
      "has_children": false,
      "is_end_bone": true
    },
    "metacarpal_index_l": {
      "name": "metacarpal_index_l",
      "local": {
        "location": {
          "x": 0.0,
          "y": 0.0,
          "z": 0.0
        },
        "rotation_quaternion": {
          "w": 0.999013364315033,
          "x": -0.039308976382017136,
          "y": -0.01796741783618927,
          "z": 0.010222719050943851
        },
        "scale": {
          "x": 1.0,
          "y": 1.0,
          "z": 1.0
        },
        "matrix_basis": [
          [
            0.9991453289985657,
            -0.019012704491615295,
            -0.036703068763017654,
            0.0
          ],
          [
            0.021837826818227768,
            0.9967005848884583,
            0.07817303389310837,
            0.0
          ],
          [
            0.0350956916809082,
            -0.07890773564577103,
            0.9962639808654785,
            0.0
          ],
          [
            0.0,
            0.0,
            0.0,
            1.0
          ]
        ],
        "rotation_mode": "QUATERNION"
      },
      "armature_space": {
        "head": {
          "x": 0.5074405074119568,
          "y": -0.31915780901908875,
          "z": 0.42801064252853394
        },
        "tail": {
          "x": 0.5800649523735046,
          "y": -0.4108925461769104,
          "z": 0.434306263923645
        }
      },
      "world_space": {
        "head": {
          "x": 0.5074405074119568,
          "y": -0.25591379404067993,
          "z": 1.3778645992279053
        },
        "tail": {
          "x": 0.5800649523735046,
          "y": -0.347648561000824,
          "z": 1.3841602802276611
        },
        "rotation_quaternion": {
          "w": 0.22111141681671143,
          "x": 0.7520619630813599,
          "y": 0.24424432218074799,
          "z": -0.5708391666412354
        },
        "matrix": [
          [
            0.22897419333457947,
            0.6198121905326843,
            -0.7506018877029419,
            0.5074405074119568
          ],
          [
            0.11493568122386932,
            -0.7829083800315857,
            -0.6114281415939331,
            -0.25591379404067993
          ],
          [
            -0.9666301012039185,
            0.05372994765639305,
            -0.25050675868988037,
            1.3778645992279053
          ],
          [
            0.0,
            0.0,
            0.0,
            1.0
          ]
        ]
      },
      "bone_length_armature_space": 0.11717169811581435,
      "parent": "lowerarm_l",
      "has_children": true,
      "is_end_bone": false
    },
    "index_01_l": {
      "name": "index_01_l",
      "local": {
        "location": {
          "x": 0.0,
          "y": 0.0,
          "z": 0.0
        },
        "rotation_quaternion": {
          "w": 0.9422866106033325,
          "x": 0.33399081230163574,
          "y": 0.019291279837489128,
          "z": 0.013189664110541344
        },
        "scale": {
          "x": 1.0,
          "y": 1.0,
          "z": 1.0
        },
        "matrix_basis": [
          [
            0.998907744884491,
            -0.01197066716849804,
            0.04516628384590149,
            0.0
          ],
          [
            0.03774310648441315,
            0.7765523195266724,
            -0.6289212703704834,
            0.0
          ],
          [
            -0.027545375749468803,
            0.6299390196800232,
            0.776155948638916,
            0.0
          ],
          [
            0.0,
            0.0,
            0.0,
            1.0
          ]
        ],
        "rotation_mode": "QUATERNION"
      },
      "armature_space": {
        "head": {
          "x": 0.5800649523735046,
          "y": -0.4108925461769104,
          "z": 0.434306263923645
        },
        "tail": {
          "x": 0.5849941372871399,
          "y": -0.43693163990974426,
          "z": 0.42378297448158264
        }
      },
      "world_space": {
        "head": {
          "x": 0.5800649523735046,
          "y": -0.347648561000824,
          "z": 1.3841602802276611
        },
        "tail": {
          "x": 0.5849941372871399,
          "y": -0.37368762493133545,
          "z": 1.3736369609832764
        },
        "rotation_quaternion": {
          "w": 0.07945270836353302,
          "x": -0.7212972044944763,
          "y": -0.19259057939052582,
          "z": 0.6605502367019653
        },
        "matrix": [
          [
            0.05316469445824623,
            0.1728675663471222,
            -0.9835088849067688,
            0.5800649523735046
          ],
          [
            0.3827950060367584,
            -0.9131919145584106,
            -0.1398160457611084,
            -0.347648561000824
          ],
          [
            -0.9223085045814514,
            -0.36905258893966675,
            -0.114723339676857,
            1.3841602802276611
          ],
          [
            0.0,
            0.0,
            0.0,
            1.0
          ]
        ]
      },
      "bone_length_armature_space": 0.02851439759504523,
      "parent": "metacarpal_index_l",
      "has_children": true,
      "is_end_bone": false
    },
    "index_02_l": {
      "name": "index_02_l",
      "local": {
        "location": {
          "x": 0.0,
          "y": 0.0,
          "z": 0.0
        },
        "rotation_quaternion": {
          "w": 0.8809713125228882,
          "x": 0.4731346070766449,
          "y": 0.0019612459000200033,
          "z": 0.005412824917584658
        },
        "scale": {
          "x": 1.0,
          "y": 1.0,
          "z": 1.0
        },
        "matrix_basis": [
          [
            0.9999337196350098,
            -0.007681220304220915,
            0.008577592670917511,
            0.0
          ],
          [
            0.011392953805625439,
            0.5522286891937256,
            -0.8336148262023926,
            0.0
          ],
          [
            0.0016663868445903063,
            0.8336572647094727,
            0.5522795915603638,
            0.0
          ],
          [
            0.0,
            0.0,
            0.0,
            1.0
          ]
        ],
        "rotation_mode": "QUATERNION"
      },
      "armature_space": {
        "head": {
          "x": 0.5849938988685608,
          "y": -0.43693211674690247,
          "z": 0.42378300428390503
        },
        "tail": {
          "x": 0.5670347213745117,
          "y": -0.45392242074012756,
          "z": 0.4169355034828186
        }
      },
      "world_space": {
        "head": {
          "x": 0.5849938988685608,
          "y": -0.37368810176849365,
          "z": 1.3736369609832764
        },
        "tail": {
          "x": 0.5670347213745117,
          "y": -0.39067840576171875,
          "z": 1.3667895793914795
        },
        "rotation_quaternion": {
          "w": 0.3886232078075409,
          "x": -0.5839083194732666,
          "y": 0.13348503410816193,
          "z": 0.7001463174819946
        },
        "matrix": [
          [
            -0.016044825315475464,
            -0.7000741362571716,
            -0.7138895392417908,
            0.5849938988685608
          ],
          [
            0.3882998824119568,
            -0.662305474281311,
            0.6407608985900879,
            -0.37368810176849365
          ],
          [
            -0.9213995933532715,
            -0.2669248580932617,
            0.28246796131134033,
            1.3736369609832764
          ],
          [
            0.0,
            0.0,
            0.0,
            1.0
          ]
        ]
      },
      "bone_length_armature_space": 0.025653279309032335,
      "parent": "index_01_l",
      "has_children": true,
      "is_end_bone": false
    },
    "index_03_l": {
      "name": "index_03_l",
      "local": {
        "location": {
          "x": 0.0,
          "y": 0.0,
          "z": 0.0
        },
        "rotation_quaternion": {
          "w": 0.9228852987289429,
          "x": 0.385053426027298,
          "y": 0.003159512998536229,
          "z": -0.0026073406916111708
        },
        "scale": {
          "x": 1.0,
          "y": 1.0,
          "z": 1.0
        },
        "matrix_basis": [
          [
            0.9999664425849915,
            0.007245715241879225,
            0.0038238053675740957,
            0.0
          ],
          [
            -0.0023793901782482862,
            0.7034541368484497,
            -0.7107367515563965,
            0.0
          ],
          [
            -0.007839666679501534,
            0.7107037901878357,
            0.7034477591514587,
            0.0
          ],
          [
            0.0,
            0.0,
            0.0,
            1.0
          ]
        ],
        "rotation_mode": "QUATERNION"
      },
      "armature_space": {
        "head": {
          "x": 0.5670348405838013,
          "y": -0.4539225101470947,
          "z": 0.4169355034828186
        },
        "tail": {
          "x": 0.5380832552909851,
          "y": -0.4504046142101288,
          "z": 0.41515788435935974
        }
      },
      "world_space": {
        "head": {
          "x": 0.5670348405838013,
          "y": -0.3906785249710083,
          "z": 1.3667895793914795
        },
        "tail": {
          "x": 0.5380832552909851,
          "y": -0.38716059923171997,
          "z": 1.3650119304656982
        },
        "rotation_quaternion": {
          "w": 0.6367718577384949,
          "x": -0.38244542479515076,
          "y": 0.39334747195243835,
          "z": 0.5417885780334473
        },
        "matrix": [
          [
            0.10348439961671829,
            -0.9908594489097595,
            0.08653390407562256,
            0.5670348405838013
          ],
          [
            0.38912373781204224,
            0.12039849162101746,
            0.9132834672927856,
            -0.3906785249710083
          ],
          [
            -0.9153605699539185,
            -0.060838520526885986,
            0.39803004264831543,
            1.3667895793914795
          ],
          [
            0.0,
            0.0,
            0.0,
            1.0
          ]
        ]
      },
      "bone_length_armature_space": 0.029218654944145335,
      "parent": "index_02_l",
      "has_children": false,
      "is_end_bone": true
    },
    "metacarpal_pinky_l": {
      "name": "metacarpal_pinky_l",
      "local": {
        "location": {
          "x": 0.0,
          "y": 0.0,
          "z": 0.0
        },
        "rotation_quaternion": {
          "w": 0.9989135265350342,
          "x": -0.0445866622030735,
          "y": -0.007420000154525042,
          "z": 0.011344566941261292
        },
        "scale": {
          "x": 1.0,
          "y": 1.0,
          "z": 1.0
        },
        "matrix_basis": [
          [
            0.9996324777603149,
            -0.022002816200256348,
            -0.015835510566830635,
            0.0
          ],
          [
            0.023326149210333824,
            0.9957666397094727,
            0.08890808373689651,
            0.0
          ],
          [
            0.013812243938446045,
            -0.0892447903752327,
            0.9959139227867126,
            0.0
          ],
          [
            0.0,
            0.0,
            0.0,
            1.0
          ]
        ],
        "rotation_mode": "QUATERNION"
      },
      "armature_space": {
        "head": {
          "x": 0.5074405074119568,
          "y": -0.31915780901908875,
          "z": 0.42801064252853394
        },
        "tail": {
          "x": 0.5935391187667847,
          "y": -0.360333114862442,
          "z": 0.38635894656181335
        }
      },
      "world_space": {
        "head": {
          "x": 0.5074405074119568,
          "y": -0.25591379404067993,
          "z": 1.3778645992279053
        },
        "tail": {
          "x": 0.5935391187667847,
          "y": -0.2970890998840332,
          "z": 1.3362129926681519
        },
        "rotation_quaternion": {
          "w": 0.5433840155601501,
          "x": -0.244886577129364,
          "y": 0.08380872756242752,
          "z": -0.7985866069793701
        },
        "matrix": [
          [
            -0.28952735662460327,
            0.826831579208374,
            0.48220619559288025,
            0.5074405074119568
          ],
          [
            -0.9089255928993225,
            -0.39541932940483093,
            0.13228042423725128,
            -0.25591379404067993
          ],
          [
            0.30004873871803284,
            -0.3999941051006317,
            0.8660194873809814,
            1.3778645992279053
          ],
          [
            0.0,
            0.0,
            0.0,
            1.0
          ]
        ]
      },
      "bone_length_armature_space": 0.10413088177646115,
      "parent": "lowerarm_l",
      "has_children": true,
      "is_end_bone": false
    },
    "pinky_01_l": {
      "name": "pinky_01_l",
      "local": {
        "location": {
          "x": 0.0,
          "y": 0.0,
          "z": 0.0
        },
        "rotation_quaternion": {
          "w": 0.9368215799331665,
          "x": 0.3494046926498413,
          "y": -0.010092576965689659,
          "z": -0.013412795960903168
        },
        "scale": {
          "x": 1.0,
          "y": 1.0,
          "z": 1.0
        },
        "matrix_basis": [
          [
            0.9994364976882935,
            0.01807800680398941,
            -0.028282875195145607,
            0.0
          ],
          [
            -0.032183580100536346,
            0.7554728984832764,
            -0.654388964176178,
            0.0
          ],
          [
            0.00953690055757761,
            0.6549304723739624,
            0.7556290030479431,
            0.0
          ],
          [
            0.0,
            0.0,
            0.0,
            1.0
          ]
        ],
        "rotation_mode": "QUATERNION"
      },
      "armature_space": {
        "head": {
          "x": 0.5935391187667847,
          "y": -0.360333114862442,
          "z": 0.38635894656181335
        },
        "tail": {
          "x": 0.596493661403656,
