{
  "metadata": {
    "armature_name": "KIM_caucasian_male",
    "export_time": "2026-01-13T21:00:30.191832",
    "blender_version": "4.4.1",
    "bone_count": 56,
    "end_bone_count": 13,
    "spaces_included": [
      "LOCAL_CHANNELS",
      "ARMATURE_SPACE",
      "WORLD_SPACE"
    ],
    "note": "LOCAL matches Transform panel; replay pose via local.matrix_basis for best fidelity."
  },
  "bones": {
    "Root": {
      "name": "Root",
      "local": {
        "location": {
          "x": 0.0,
          "y": 0.0,
          "z": 0.0
        },
        "rotation_quaternion": {
          "w": 0.9994188547134399,
          "x": -0.003613257547840476,
          "y": -0.014506565406918526,
          "z": 0.030636876821517944
        },
        "scale": {
          "x": 1.0,
          "y": 1.0,
          "z": 1.0
        },
        "matrix_basis": [
          [
            0.99770188331604,
            -0.06113331392407417,
            -0.029217667877674103,
            0.0
          ],
          [
            0.06134297698736191,
            0.9980966448783875,
            0.0063334438018500805,
            0.0
          ],
          [
            0.028774872422218323,
            -0.008111187256872654,
            0.9995530247688293,
            0.0
          ],
          [
            0.0,
            0.0,
            0.0,
            1.0
          ]
        ],
        "rotation_mode": "QUATERNION"
      },
      "armature_space": {
        "head": {
          "x": 0.0,
          "y": 0.07072800397872925,
          "z": -0.009595036506652832
        },
        "tail": {
          "x": -0.004363443236798048,
          "y": 0.00021245330572128296,
          "z": 0.000555429607629776
        }
      },
      "world_space": {
        "head": {
          "x": 0.0,
          "y": 0.13397200405597687,
          "z": 0.9402589797973633
        },
        "tail": {
          "x": -0.004363443236798048,
          "y": 0.0634564533829689,
          "z": 0.950409471988678
        },
        "rotation_quaternion": {
          "w": 0.07093355804681778,
          "x": 0.9969049096107483,
          "y": -0.031544554978609085,
          "z": -0.012409667484462261
        },
        "matrix": [
          [
            0.99770188331604,
            -0.06113331392407417,
            -0.029217667877674103,
            0.0
          ],
          [
            -0.06465437263250351,
            -0.9879466891288757,
            -0.1406455636024475,
            0.13397200405597687
          ],
          [
            -0.02026757225394249,
            0.142211452126503,
            -0.9896358847618103,
            0.9402589797973633
          ],
          [
            0.0,
            0.0,
            0.0,
            1.0
          ]
        ]
      },
      "bone_length_armature_space": 0.07137586835273181,
      "parent": null,
      "has_children": true,
      "is_end_bone": false
    },
    "spine_01": {
      "name": "spine_01",
      "local": {
        "location": {
          "x": 0.0,
          "y": 0.0,
          "z": 0.0
        },
        "rotation_quaternion": {
          "w": 0.9970927238464355,
          "x": -0.03448314964771271,
          "y": -0.02197398617863655,
          "z": -0.06429755687713623
        },
        "scale": {
          "x": 1.0,
          "y": 1.0,
          "z": 1.0
        },
        "matrix_basis": [
          [
            0.9907659292221069,
            0.12973672151565552,
            -0.0393858402967453,
            0.0
          ],
          [
            -0.12670578062534332,
            0.9893534779548645,
            0.07159154117107391,
            0.0
          ],
          [
            0.04825456812977791,
            -0.06594004482030869,
            0.9966561198234558,
            0.0
          ],
          [
            0.0,
            0.0,
            0.0,
            1.0
          ]
        ],
        "rotation_mode": "QUATERNION"
      },
      "armature_space": {
        "head": {
          "x": -0.004363443236798048,
          "y": 0.00021245330572128296,
          "z": 0.000555429607629776
        },
        "tail": {
          "x": 0.07230034470558167,
          "y": 0.0538661852478981,
          "z": 0.47950470447540283
        }
      },
      "world_space": {
        "head": {
          "x": -0.004363443236798048,
          "y": 0.0634564533829689,
          "z": 0.950409471988678
        },
        "tail": {
          "x": 0.07230034470558167,
          "y": 0.11711018532514572,
          "z": 1.429358720779419
        },
        "rotation_quaternion": {
          "w": 0.7448245286941528,
          "x": 0.660641074180603,
          "y": 0.014461827464401722,
          "z": -0.09263209253549576
        },
        "matrix": [
          [
            0.9824202060699463,
            0.15709751844406128,
            -0.10085104405879974,
            -0.004363443236798048
          ],
          [
            -0.1188822016119957,
            0.10994589328765869,
            -0.9868023991584778,
            0.0634564533829689
          ],
          [
            -0.1439371556043625,
            0.9814509749412537,
            0.126689150929451,
            0.950409471988678
          ],
          [
            0.0,
            0.0,
            0.0,
            1.0
          ]
        ]
      },
      "bone_length_armature_space": 0.488004578168831,
      "parent": "Root",
      "has_children": true,
      "is_end_bone": false
    },
    "neck_01": {
      "name": "neck_01",
      "local": {
        "location": {
          "x": 0.0,
          "y": 0.0,
          "z": 0.0
        },
        "rotation_quaternion": {
          "w": 0.9881030917167664,
          "x": -0.12948927283287048,
          "y": 0.07622087746858597,
          "z": 0.032792869955301285
        },
        "scale": {
          "x": 1.0,
          "y": 1.0,
          "z": 1.0
        },
        "matrix_basis": [
          [
            0.9862300157546997,
            -0.08454504609107971,
            0.14213551580905914,
            0.0
          ],
          [
            0.045065902173519135,
            0.964314341545105,
            0.2608965039253235,
            0.0
          ],
          [
            -0.1591208130121231,
            -0.2508985102176666,
            0.9548457860946655,
            0.0
          ],
          [
            0.0,
            0.0,
            0.0,
            1.0
          ]
        ],
        "rotation_mode": "QUATERNION"
      },
      "armature_space": {
        "head": {
          "x": 0.08030521869659424,
          "y": 0.02769351378083229,
          "z": 0.5557587146759033
        },
        "tail": {
          "x": 0.08635001629590988,
          "y": 0.026279577985405922,
          "z": 0.6580926179885864
        }
      },
      "world_space": {
        "head": {
          "x": 0.08030521869659424,
          "y": 0.09093751013278961,
          "z": 1.5056127309799194
        },
        "tail": {
          "x": 0.08635001629590988,
          "y": 0.08952357620000839,
          "z": 1.6079466342926025
        },
        "rotation_quaternion": {
          "w": 0.7016565203666687,
          "x": 0.7118355631828308,
          "y": 0.027964645996689796,
          "z": -0.013645490631461143
        },
        "matrix": [
          [
            0.9980635046958923,
            0.05896136909723282,
            0.019816860556602478,
            0.08030521869659424
          ],
          [
            0.02066396176815033,
            -0.01379162073135376,
            -0.9996914863586426,
            0.09093751013278961
          ],
          [
            -0.05867023766040802,
            0.9981720447540283,
            -0.014984339475631714,
            1.5056127309799194
          ],
          [
            0.0,
            0.0,
            0.0,
            1.0
          ]
        ]
      },
      "bone_length_armature_space": 0.10252202988966273,
      "parent": "spine_01",
      "has_children": true,
      "is_end_bone": false
    },
    "head": {
      "name": "head",
      "local": {
        "location": {
          "x": 0.0,
          "y": 0.0,
          "z": 0.0
        },
        "rotation_quaternion": {
          "w": 0.9681503772735596,
          "x": 0.022746436297893524,
          "y": 0.17659880220890045,
          "z": 0.17601244151592255
        },
        "scale": {
          "x": 1.0,
          "y": 1.0,
          "z": 1.0
        },
        "matrix_basis": [
          [
            0.8756649494171143,
            -0.33277904987335205,
            0.3499557077884674,
            0.0
          ],
          [
            0.34884700179100037,
            0.9370044469833374,
            0.018123231828212738,
            0.0
          ],
          [
            -0.3339410722255707,
            0.1062111109495163,
            0.9365909099578857,
            0.0
          ],
          [
            0.0,
            0.0,
            0.0,
            1.0
          ]
        ],
        "rotation_mode": "QUATERNION"
      },
      "armature_space": {
        "head": {
          "x": 0.08635001629590988,
          "y": 0.026279423385858536,
          "z": 0.6580925583839417
        },
        "tail": {
          "x": 0.042293962091207504,
          "y": 0.060557279735803604,
          "z": 0.802790105342865
        }
      },
      "world_space": {
        "head": {
          "x": 0.08635001629590988,
          "y": 0.08952341973781586,
          "z": 1.6079466342926025
        },
        "tail": {
          "x": 0.042293962091207504,
          "y": 0.12380127608776093,
          "z": 1.7526440620422363
        },
        "rotation_quaternion": {
          "w": 0.7780315279960632,
          "x": 0.5777571797370911,
          "y": 0.07194657623767853,
          "z": 0.23598164319992065
        },
        "matrix": [
          [
            0.8782719373703003,
            -0.2840672731399536,
            0.38463494181632996,
            0.08635001629590988
          ],
          [
            0.450339138507843,
            0.22101882100105286,
            -0.8650696873664856,
            0.08952341973781586
          ],
          [
            0.16072803735733032,
            0.9329894781112671,
            0.32204267382621765,
            1.6079466342926025
          ],
          [
            0.0,
            0.0,
            0.0,
            1.0
          ]
        ]
      },
      "bone_length_armature_space": 0.15509122114891216,
      "parent": "neck_01",
      "has_children": false,
      "is_end_bone": true
    },
    "upperarm_l": {
      "name": "upperarm_l",
      "local": {
        "location": {
          "x": 0.0,
          "y": 0.0,
          "z": 0.0
        },
        "rotation_quaternion": {
          "w": 0.8989043831825256,
          "x": 0.13586248457431793,
          "y": 0.397274911403656,
          "z": 0.12524046003818512
        },
        "scale": {
          "x": 1.0,
          "y": 1.0,
          "z": 1.0
        },
        "matrix_basis": [
          [
            0.6529749631881714,
            -0.11720888316631317,
            0.7482552528381348,
            0.0
          ],
          [
            0.33310791850090027,
            0.9317124485969543,
            -0.14474497735500336,
            0.0
          ],
          [
            -0.6801933646202087,
            0.3437645435333252,
            0.647428035736084,
            0.0
          ],
          [
            0.0,
            0.0,
            0.0,
            1.0
          ]
        ],
        "rotation_mode": "QUATERNION"
      },
      "armature_space": {
        "head": {
          "x": 0.21678845584392548,
          "y": -0.0006750747561454773,
          "z": 0.4686110317707062
        },
        "tail": {
          "x": 0.46136415004730225,
          "y": -0.11013957113027573,
          "z": 0.4658043384552002
        }
      },
      "world_space": {
        "head": {
          "x": 0.21678845584392548,
          "y": 0.06256892532110214,
          "z": 1.4184650182724
        },
        "tail": {
          "x": 0.46136415004730225,
          "y": -0.04689557105302811,
          "z": 1.4156583547592163
        },
        "rotation_quaternion": {
          "w": 0.22461390495300293,
          "x": 0.7602450847625732,
          "y": 0.4952770471572876,
          "z": -0.35535427927970886
        },
        "matrix": [
          [
            0.25684690475463867,
            0.9126999974250793,
            -0.31781837344169617,
            0.21678845584392548
          ],
          [
            0.5934289693832397,
            -0.4084962010383606,
            -0.6935222744941711,
            0.06256892532110214
          ],
          [
            -0.7628101706504822,
            -0.010473959147930145,
            -0.6465486288070679,
            1.4184650182724
          ],
          [
            0.0,
            0.0,
            0.0,
            1.0
          ]
        ]
      },
      "bone_length_armature_space": 0.26796944473322526,
      "parent": "spine_01",
      "has_children": true,
      "is_end_bone": false
    },
    "lowerarm_l": {
      "name": "lowerarm_l",
      "local": {
        "location": {
          "x": 0.0,
          "y": 0.0,
          "z": 0.0
        },
        "rotation_quaternion": {
          "w": 0.9747763872146606,
          "x": 0.008776198141276836,
          "y": -0.06387580931186676,
          "z": 0.2136676162481308
        },
        "scale": {
          "x": 1.0,
          "y": 1.0,
          "z": 1.0
        },
        "matrix_basis": [
          [
            0.900532066822052,
            -0.41767746210098267,
            -0.1207788810133934,
            0.0
          ],
          [
            0.41543513536453247,
            0.908538281917572,
            -0.044406045228242874,
            0.0
          ],
          [
            0.1282796412706375,
            -0.010186722502112389,
            0.9916857481002808,
            0.0
          ],
          [
            0.0,
            0.0,
            0.0,
            1.0
          ]
        ],
        "rotation_mode": "QUATERNION"
      },
      "armature_space": {
        "head": {
          "x": 0.461364209651947,
          "y": -0.11013972014188766,
          "z": 0.46580439805984497
        },
        "tail": {
          "x": 0.640289843082428,
          "y": -0.28818777203559875,
          "z": 0.5544268488883972
        }
      },
      "world_space": {
        "head": {
          "x": 0.461364209651947,
          "y": -0.046895720064640045,
          "z": 1.4156584739685059
        },
        "tail": {
          "x": 0.640289843082428,
          "y": -0.22494377195835114,
          "z": 1.5042808055877686
        },
        "rotation_quaternion": {
          "w": 0.330891877412796,
          "x": 0.8082458972930908,
          "y": 0.24029335379600525,
          "z": -0.4236840307712555
        },
        "matrix": [
          [
            0.5255019664764404,
            0.6688197255134583,
            -0.5258591771125793,
            0.461364209651947
          ],
          [
            0.10804586112499237,
            -0.6655392646789551,
            -0.7385010719299316,
            -0.046895720064640045
          ],
          [
            -0.843909740447998,
            0.33126863837242126,
            -0.42200902104377747,
            1.4156584739685059
          ],
          [
            0.0,
            0.0,
            0.0,
            1.0
          ]
        ]
      },
      "bone_length_armature_space": 0.26752462861676807,
      "parent": "upperarm_l",
      "has_children": true,
      "is_end_bone": false
    },
    "metacarpal_thumb_l": {
      "name": "metacarpal_thumb_l",
      "local": {
        "location": {
          "x": 0.0,
          "y": 0.0,
          "z": 0.0
        },
        "rotation_quaternion": {
          "w": 0.9989244937896729,
          "x": -0.03783301264047623,
          "y": 0.018609602004289627,
          "z": -0.01929406449198723
        },
        "scale": {
          "x": 1.0,
          "y": 1.0,
          "z": 1.0
        },
        "matrix_basis": [
          [
            0.9985628724098206,
            0.03713851422071457,
            0.03863907977938652,
            0.0
          ],
          [
            -0.039954740554094315,
            0.9963927865028381,
            0.07486653327941895,
            0.0
          ],
          [
            -0.03571926802396774,
            -0.07630275934934616,
            0.9964447021484375,
            0.0
          ],
          [
            0.0,
            0.0,
            0.0,
            1.0
          ]
        ],
        "rotation_mode": "QUATERNION"
      },
      "armature_space": {
        "head": {
          "x": 0.640289843082428,
          "y": -0.28818777203559875,
          "z": 0.5544268488883972
        },
        "tail": {
          "x": 0.6557670831680298,
          "y": -0.3351576626300812,
          "z": 0.5516219139099121
        }
      },
      "world_space": {
        "head": {
          "x": 0.640289843082428,
          "y": -0.22494377195835114,
          "z": 1.5042808055877686
        },
        "tail": {
          "x": 0.6557670831680298,
          "y": -0.27191364765167236,
          "z": 1.5014759302139282
        },
        "rotation_quaternion": {
          "w": 0.06911273300647736,
          "x": -0.9525771141052246,
          "y": -0.14526651799678802,
          "z": -0.2582980990409851
        },
        "matrix": [
          [
            0.824359655380249,
            0.3124585747718811,
            0.4720178544521332,
            0.640289843082428
          ],
          [
            0.24105213582515717,
            -0.9482419490814209,
            0.20671451091766357,
            -0.22494377195835114
          ],
          [
            0.5121809244155884,
            -0.05662732571363449,
            -0.8570170998573303,
            1.5042808055877686
          ],
          [
            0.0,
            0.0,
            0.0,
            1.0
          ]
        ]
      },
      "bone_length_armature_space": 0.049533658400031086,
      "parent": "lowerarm_l",
      "has_children": true,
      "is_end_bone": false
    },
    "thumb_01_l": {
      "name": "thumb_01_l",
      "local": {
        "location": {
          "x": 0.0,
          "y": 0.0,
          "z": 0.0
        },
        "rotation_quaternion": {
          "w": 0.9833602905273438,
          "x": 0.18035680055618286,
          "y": 0.020181575790047646,
          "z": 0.008174779824912548
        },
        "scale": {
          "x": 1.0,
          "y": 1.0,
          "z": 1.0
        },
        "matrix_basis": [
          [
            0.9990517497062683,
            -0.008797738701105118,
            0.04264027625322342,
            0.0
          ],
          [
            0.023357275873422623,
            0.9348092079162598,
            -0.3543814718723297,
            0.0
          ],
          [
            -0.036742765456438065,
            0.35504138469696045,
            0.9341282844543457,
            0.0
          ],
          [
            0.0,
            0.0,
            0.0,
            1.0
          ]
        ],
        "rotation_mode": "QUATERNION"
      },
      "armature_space": {
        "head": {
          "x": 0.6557670831680298,
          "y": -0.3351576626300812,
          "z": 0.5516219139099121
        },
        "tail": {
          "x": 0.6810193061828613,
          "y": -0.34872177243232727,
          "z": 0.5332651138305664
        }
      },
      "world_space": {
        "head": {
          "x": 0.6557670831680298,
          "y": -0.27191364765167236,
          "z": 1.5014759302139282
        },
        "tail": {
          "x": 0.6810193061828613,
          "y": -0.28547775745391846,
          "z": 1.4831191301345825
        },
        "rotation_quaternion": {
          "w": 0.5428154468536377,
          "x": -0.39030930399894714,
          "y": 0.07812970131635666,
          "z": -0.7395308613777161
        },
        "matrix": [
          [
            -0.10601794719696045,
            0.7418699264526367,
            0.6621099710464478,
            0.6557670831680298
          ],
          [
            -0.8638466000556946,
            -0.3984924554824829,
            0.3081761598587036,
            -0.27191364765167236
          ],
          [
            0.4924752116203308,
            -0.5392932891845703,
            0.6831145286560059,
            1.5014759302139282
          ],
          [
            0.0,
            0.0,
            0.0,
            1.0
          ]
        ]
      },
      "bone_length_armature_space": 0.03403868328383505,
      "parent": "metacarpal_thumb_l",
      "has_children": true,
      "is_end_bone": false
    },
    "thumb_02_l": {
      "name": "thumb_02_l",
      "local": {
        "location": {
          "x": 0.0,
          "y": 0.0,
          "z": 0.0
        },
        "rotation_quaternion": {
          "w": 0.9263958930969238,
          "x": 0.376377135515213,
          "y": 0.010792708955705166,
          "z": 0.003820826532319188
        },
        "scale": {
          "x": 1.0,
          "y": 1.0,
          "z": 1.0
        },
        "matrix_basis": [
          [
            0.9997378587722778,
            0.0010450617410242558,
            0.022872785106301308,
            0.0
          ],
          [
            0.015203453600406647,
            0.7166513204574585,
            -0.6972659826278687,
            0.0
          ],
          [
            -0.017120499163866043,
            0.6974309682846069,
            0.7164475321769714,
            0.0
          ],
          [
            0.0,
            0.0,
            0.0,
            1.0
          ]
        ],
        "rotation_mode": "QUATERNION"
      },
      "armature_space": {
        "head": {
          "x": 0.6810191869735718,
          "y": -0.3487217426300049,
          "z": 0.5332650542259216
        },
        "tail": {
          "x": 0.6899555325508118,
          "y": -0.358011394739151,
          "z": 0.5713050961494446
        }
      },
      "world_space": {
        "head": {
          "x": 0.6810191869735718,
          "y": -0.28547775745391846,
          "z": 1.483119010925293
        },
        "tail": {
          "x": 0.6899555325508118,
          "y": -0.2947673797607422,
          "z": 1.5211591720581055
        },
        "rotation_quaternion": {
          "w": 0.3535325825214386,
          "x": 0.28817087411880493,
          "y": -0.5092829465866089,
          "z": -0.7297967076301575
        },
        "matrix": [
          [
            -0.5839442014694214,
            0.22249382734298706,
            -0.7807086706161499,
            0.6810191869735718
          ],
          [
            -0.8095352649688721,
            -0.23129044473171234,
            0.5395898818969727,
            -0.28547775745391846
          ],
          [
            -0.06051631271839142,
            0.947108268737793,
            0.31517982482910156,
            1.483119010925293
          ],
          [
            0.0,
            0.0,
            0.0,
            1.0
          ]
        ]
      },
      "bone_length_armature_space": 0.040164669621749256,
      "parent": "thumb_01_l",
      "has_children": true,
      "is_end_bone": false
    },
    "thumb_03_l": {
      "name": "thumb_03_l",
      "local": {
        "location": {
          "x": 0.0,
          "y": 0.0,
          "z": 0.0
        },
        "rotation_quaternion": {
          "w": 0.984032154083252,
          "x": 0.17796312272548676,
          "y": 0.0013779173605144024,
          "z": 0.0028140207286924124
        },
        "scale": {
          "x": 1.0,
          "y": 1.0,
          "z": 1.0
        },
        "matrix_basis": [
          [
            0.9999803900718689,
            -0.005047736689448357,
            0.003713413840159774,
            0.0
          ],
          [
            0.006028610747307539,
            0.9366424083709717,
            -0.35023510456085205,
            0.0
          ],
          [
            -0.0017102462006732821,
            0.35025063157081604,
            0.9366544485092163,
            0.0
          ],
          [
            0.0,
            0.0,
            0.0,
            1.0
          ]
        ],
        "rotation_mode": "QUATERNION"
      },
      "armature_space": {
        "head": {
          "x": 0.6899555325508118,
          "y": -0.3580114543437958,
          "z": 0.5713050365447998
        },
        "tail": {
          "x": 0.6822963953018188,
          "y": -0.3539036810398102,
          "z": 0.600483238697052
        }
      },
      "world_space": {
        "head": {
          "x": 0.6899555325508118,
          "y": -0.29476743936538696,
          "z": 1.521159052848816
        },
        "tail": {
          "x": 0.6822963953018188,
          "y": -0.29065966606140137,
          "z": 1.550337314605713
        },
        "rotation_quaternion": {
          "w": 0.403261661529541,
          "x": 0.4815734326839447,
          "y": -0.636272668838501,
          "z": -0.44791099429130554
        },
        "matrix": [
          [
            -0.21093285083770752,
            -0.2515735924243927,
            -0.944573163986206,
            0.6899555325508118
          ],
          [
            -0.9740749597549438,
            0.13492485880851746,
            0.1815853714942932,
            -0.29476743936538696
          ],
          [
            0.08176404982805252,
            0.9583942294120789,
            -0.2735136151313782,
            1.521159052848816
          ],
          [
            0.0,
            0.0,
            0.0,
            1.0
          ]
        ]
      },
      "bone_length_armature_space": 0.030445092663312037,
      "parent": "thumb_02_l",
      "has_children": false,
      "is_end_bone": true
    },
    "metacarpal_index_l": {
      "name": "metacarpal_index_l",
      "local": {
        "location": {
          "x": 0.0,
          "y": 0.0,
          "z": 0.0
        },
        "rotation_quaternion": {
          "w": 0.999703049659729,
          "x": -0.013417810201644897,
          "y": 0.010600883513689041,
          "z": -0.01736312173306942
        },
        "scale": {
          "x": 1.0,
          "y": 1.0,
          "z": 1.0
        },
        "matrix_basis": [
          [
            0.9991722702980042,
            0.03443145006895065,
            0.02166142128407955,
            0.0
          ],
          [
            -0.03500041365623474,
            0.999036967754364,
            0.026459522545337677,
            0.0
          ],
          [
            -0.02072952128946781,
            -0.027195779606699944,
            0.9994151592254639,
            0.0
          ],
          [
            0.0,
            0.0,
            0.0,
            1.0
          ]
        ],
        "rotation_mode": "QUATERNION"
      },
      "armature_space": {
        "head": {
          "x": 0.640289843082428,
          "y": -0.28818777203559875,
          "z": 0.5544268488883972
        },
        "tail": {
          "x": 0.7025730609893799,
          "y": -0.3854823708534241,
          "z": 0.5740171074867249
        }
      },
      "world_space": {
        "head": {
          "x": 0.640289843082428,
          "y": -0.22494377195835114,
          "z": 1.5042808055877686
        },
        "tail": {
          "x": 0.7025730609893799,
          "y": -0.32223838567733765,
          "z": 1.5238711833953857
        },
        "rotation_quaternion": {
          "w": 0.0910724326968193,
          "x": 0.9565656185150146,
          "y": 0.2766337990760803,
          "z": -0.012727197259664536
        },
        "matrix": [
          [
            0.8466235399246216,
            0.5315548777580261,
            0.02603885903954506,
            0.640289843082428
          ],
          [
            0.5269186496734619,
            -0.8303590416908264,
            -0.1812753975391388,
            -0.22494377195835114
          ],
          [
            -0.07473626732826233,
            0.16719286143779755,
            -0.9830947518348694,
            1.5042808055877686
          ],
          [
            0.0,
            0.0,
            0.0,
            1.0
          ]
        ]
      },
      "bone_length_armature_space": 0.11717174046565033,
      "parent": "lowerarm_l",
      "has_children": true,
      "is_end_bone": false
    },
    "index_01_l": {
      "name": "index_01_l",
      "local": {
        "location": {
          "x": 0.0,
          "y": 0.0,
          "z": 0.0
        },
        "rotation_quaternion": {
          "w": 0.9747532606124878,
          "x": 0.22264738380908966,
          "y": 0.014143023639917374,
          "z": 0.009178225882351398
        },
        "scale": {
          "x": 1.0,
          "y": 1.0,
          "z": 1.0
        },
        "matrix_basis": [
          [
            0.9994314908981323,
            -0.011595197021961212,
            0.03165893256664276,
            0.0
          ],
          [
            0.02419082634150982,
            0.9006878137588501,
            -0.43379291892051697,
            0.0
          ],
          [
            -0.02348490059375763,
            0.4343121349811554,
            0.9004562497138977,
            0.0
          ],
          [
            0.0,
            0.0,
            0.0,
            1.0
          ]
        ],
        "rotation_mode": "QUATERNION"
      },
      "armature_space": {
        "head": {
          "x": 0.7025730609893799,
          "y": -0.3854823708534241,
          "z": 0.5740171074867249
        },
        "tail": {
          "x": 0.7241586446762085,
          "y": -0.40339195728302,
          "z": 0.568881094455719
        }
      },
      "world_space": {
        "head": {
          "x": 0.7025730609893799,
          "y": -0.32223838567733765,
          "z": 1.5238711833953857
        },
        "tail": {
          "x": 0.7241586446762085,
          "y": -0.3401479721069336,
          "z": 1.5187351703643799
        },
        "rotation_quaternion": {
          "w": 0.0625930055975914,
          "x": -0.898759126663208,
          "y": -0.4266583025455475,
          "z": 0.07922767102718353
        },
        "matrix": [
          [
            0.6233713030815125,
            0.7570078372955322,
            -0.19582518935203552,
            0.7025730609893799
          ],
          [
            0.7768443822860718,
            -0.6280896663665771,
            0.04490472376346588,
            -0.32223838567733765
          ],
          [
            -0.08900246769189835,
            -0.18011972308158875,
            -0.9796171188354492,
            1.5238711833953857
          ],
          [
            0.0,
            0.0,
            0.0,
            1.0
          ]
        ]
      },
      "bone_length_armature_space": 0.028514370770512065,
      "parent": "metacarpal_index_l",
      "has_children": true,
      "is_end_bone": false
    },
    "index_02_l": {
      "name": "index_02_l",
      "local": {
        "location": {
          "x": 0.0,
          "y": 0.0,
          "z": 0.0
        },
        "rotation_quaternion": {
          "w": 0.90305495262146,
          "x": 0.4294958710670471,
          "y": 1.1691359759424813e-05,
          "z": -0.005021538585424423
        },
        "scale": {
          "x": 1.0,
          "y": 1.0,
          "z": 1.0
        },
        "matrix_basis": [
          [
            0.99994957447052,
            0.009079493582248688,
            -0.004292344208806753,
            0.0
          ],
          [
            -0.009059407748281956,
            0.6310161352157593,
            -0.7757168412208557,
            0.0
          ],
          [
            -0.004334575962275267,
            0.7757166028022766,
            0.631066620349884,
            0.0
          ],
          [
            0.0,
            0.0,
            0.0,
            1.0
          ]
        ],
        "rotation_mode": "QUATERNION"
      },
      "armature_space": {
        "head": {
          "x": 0.724158763885498,
          "y": -0.40339237451553345,
          "z": 0.5688807368278503
        },
        "tail": {
          "x": 0.7328192591667175,
          "y": -0.413565456867218,
          "z": 0.5469809174537659
        }
      },
      "world_space": {
        "head": {
          "x": 0.724158763885498,
          "y": -0.340148389339447,
          "z": 1.5187346935272217
        },
        "tail": {
          "x": 0.7328192591667175,
          "y": -0.3503214716911316,
          "z": 1.4968349933624268
        },
        "rotation_quaternion": {
          "w": 0.4133366346359253,
          "x": -0.7871333956718445,
          "y": -0.3617627024650574,
          "z": 0.28053826093673706
        },
        "matrix": [
          [
            0.5808510780334473,
            0.33759817481040955,
            -0.7407021522521973,
            0.724158763885498
          ],
          [
            0.8014253377914429,
            -0.3965609669685364,
            0.4477243423461914,
            -0.340148389339447
          ],
          [
            -0.14258287847042084,
            -0.8536848425865173,
            -0.5009058713912964,
            1.5187346935272217
          ],
          [
            0.0,
            0.0,
            0.0,
            1.0
          ]
        ]
      },
      "bone_length_armature_space": 0.025653418214883365,
      "parent": "index_01_l",
      "has_children": true,
      "is_end_bone": false
    },
    "index_03_l": {
      "name": "index_03_l",
      "local": {
        "location": {
          "x": 0.0,
          "y": 0.0,
          "z": 0.0
        },
        "rotation_quaternion": {
          "w": 0.9692203402519226,
          "x": 0.24594929814338684,
          "y": 0.010791447944939137,
          "z": 0.002127676038071513
        },
        "scale": {
          "x": 1.0,
          "y": 1.0,
          "z": 1.0
        },
        "matrix_basis": [
          [
            0.9997580647468567,
            0.0011839242652058601,
            0.021965183317661285,
            0.0
          ],
          [
            0.009432671591639519,
            0.8790088295936584,
            -0.4767121970653534,
            0.0
          ],
          [
            -0.01987197995185852,
            0.47680404782295227,
            0.8787849545478821,
            0.0
          ],
          [
            0.0,
            0.0,
            0.0,
            1.0
          ]
        ],
        "rotation_mode": "QUATERNION"
      },
      "armature_space": {
        "head": {
          "x": 0.7328193783760071,
          "y": -0.4135655462741852,
          "z": 0.5469809770584106
        },
        "tail": {
          "x": 0.7309693694114685,
          "y": -0.4132955074310303,
          "z": 0.5178219676017761
        }
      },
      "world_space": {
        "head": {
          "x": 0.7328193783760071,
          "y": -0.35032153129577637,
          "z": 1.4968349933624268
        },
        "tail": {
          "x": 0.7309693694114685,
          "y": -0.35005152225494385,
          "z": 1.4676759243011475
        },
        "rotation_quaternion": {
          "w": 0.649278461933136,
          "x": -0.6239336133003235,
          "y": -0.28819912672042847,
          "z": 0.3257078528404236
        },
        "matrix": [
          [
            0.621711254119873,
            -0.06331625580787659,
            -0.780683159828186,
            0.7328193783760071
          ],
          [
            0.7825846672058105,
            0.009242042899131775,
            0.6224757432937622,
            -0.35032153129577637
          ],
          [
            -0.03219722583889961,
            -0.9979579448699951,
            0.05529695749282837,
            1.4968349933624268
          ],
          [
            0.0,
            0.0,
            0.0,
            1.0
          ]
        ]
      },
      "bone_length_armature_space": 0.029218886248790512,
      "parent": "index_02_l",
      "has_children": false,
      "is_end_bone": true
    },
    "metacarpal_pinky_l": {
      "name": "metacarpal_pinky_l",
      "local": {
        "location": {
          "x": 0.0,
          "y": 0.0,
          "z": 0.0
        },
        "rotation_quaternion": {
          "w": 0.9986596703529358,
          "x": -0.04931212216615677,
          "y": -0.0010544364340603352,
          "z": -0.01568959839642048
        },
        "scale": {
          "x": 1.0,
          "y": 1.0,
          "z": 1.0
        },
        "matrix_basis": [
          [
            0.9995054602622986,
            0.03144112974405289,
            -0.0005586714833043516,
            0.0
          ],
          [
            -0.03123314492404461,
            0.994644284248352,
            0.09852514415979385,
            0.0
          ],
          [
            0.003653421066701412,
            -0.09845896810293198,
            0.9951344132423401,
            0.0
          ],
          [
            0.0,
            0.0,
            0.0,
            1.0
          ]
        ],
        "rotation_mode": "QUATERNION"
      },
      "armature_space": {
        "head": {
          "x": 0.640289843082428,
          "y": -0.28818777203559875,
          "z": 0.5544268488883972
        },
        "tail": {
          "x": 0.7286056876182556,
          "y": -0.32975339889526367,
          "z": 0.5907013416290283
        }
      },
      "world_space": {
        "head": {
          "x": 0.640289843082428,
          "y": -0.22494377195835114,
          "z": 1.5042808055877686
        },
        "tail": {
          "x": 0.7286056876182556,
          "y": -0.26650941371917725,
          "z": 1.5405553579330444
        },
        "rotation_quaternion": {
          "w": 0.5479530692100525,
          "x": 0.33570367097854614,
          "y": 0.012756421230733395,
          "z": -0.7660861015319824
        },
        "matrix": [
          [
            -0.17409993708133698,
            0.8481245636940002,
            -0.5003737211227417,
            0.640289843082428
          ],
          [
            -0.8309938311576843,
            -0.39916765689849854,
            -0.38744649291038513,
            -0.22494377195835114
          ],
          [
            -0.5283403396606445,
            0.34835517406463623,
            0.7742863297462463,
            1.5042808055877686
          ],
          [
            0.0,
            0.0,
            0.0,
            1.0
          ]
        ]
      },
      "bone_length_armature_space": 0.10413082308295915,
      "parent": "lowerarm_l",
      "has_children": true,
      "is_end_bone": false
    },
    "pinky_01_l": {
      "name": "pinky_01_l",
      "local": {
        "location": {
          "x": 0.0,
          "y": 0.0,
          "z": 0.0
        },
        "rotation_quaternion": {
          "w": 0.9480723142623901,
          "x": 0.31759363412857056,
          "y": -0.017123324796557426,
          "z": 0.00035617369576357305
        },
        "scale": {
          "x": 1.0,
          "y": 1.0,
          "z": 1.0
        },
        "matrix_basis": [
          [
            0.9994133114814758,
            -0.011551874689757824,
            -0.0322420634329319,
            0.0
          ],
          [
            -0.010201160795986652,
            0.7982683181762695,
            -0.6022156476974487,
            0.0
          ],
          [
            0.032694537192583084,
            0.6021912693977356,
            0.7976821660995483,
            0.0
          ],
          [
            0.0,
            0.0,
            0.0,
            1.0
          ]
        ],
        "rotation_mode": "QUATERNION"
      },
      "armature_space": {
        "head": {
          "x": 0.7286056876182556,
          "y": -0.32975339889526367,
          "z": 0.5907013416290283
        },
        "tail": {
          "x": 0.7473264932632446,
          "y": -0.33972790837287903,
