{
  "metadata": {
    "armature_name": "KIM_caucasian_male",
    "export_time": "2026-01-13T20:54:51.517010",
    "blender_version": "4.4.1",
    "bone_count": 56,
    "end_bone_count": 13,
    "spaces_included": [
      "LOCAL_CHANNELS",
      "ARMATURE_SPACE",
      "WORLD_SPACE"
    ],
    "note": "LOCAL matches Transform panel; replay pose via local.matrix_basis for best fidelity."
  },
  "bones": {
    "Root": {
      "name": "Root",
      "local": {
        "location": {
          "x": 0.0,
          "y": 0.0,
          "z": 0.0
        },
        "rotation_quaternion": {
          "w": 0.9997000694274902,
          "x": -0.007649194914847612,
          "y": -0.011510323733091354,
          "z": 0.020219288766384125
        },
        "scale": {
          "x": 1.0,
          "y": 1.0,
          "z": 1.0
        },
        "matrix_basis": [
          [
            0.9989174008369446,
            -0.04025036096572876,
            -0.023323064669966698,
            0.0
          ],
          [
            0.040602538734674454,
            0.9990653395652771,
            0.014828340150415897,
            0.0
          ],
          [
            0.02270442061126232,
            -0.015759263187646866,
            0.9996179938316345,
            0.0
          ],
          [
            0.0,
            0.0,
            0.0,
            1.0
          ]
        ],
        "rotation_mode": "QUATERNION"
      },
      "armature_space": {
        "head": {
          "x": 0.0,
          "y": 0.07072800397872925,
          "z": -0.009595036506652832
        },
        "tail": {
          "x": -0.0028729045297950506,
          "y": 0.00021731853485107422,
          "z": 0.0011056605726480484
        }
      },
      "world_space": {
        "head": {
          "x": 0.0,
          "y": 0.13397200405597687,
          "z": 0.9402589797973633
        },
        "tail": {
          "x": -0.0028729045297950506,
          "y": 0.0634613186120987,
          "z": 0.9509596824645996
        },
        "rotation_quaternion": {
          "w": 0.074979268014431,
          "x": 0.9969136714935303,
          "y": -0.020948780700564384,
          "z": -0.010122042149305344
        },
        "matrix": [
          [
            0.9989174008369446,
            -0.04025036096572876,
            -0.023323064669966698,
            0.0
          ],
          [
            -0.043286144733428955,
            -0.9878784418106079,
            -0.1490720957517624,
            0.13397200405597687
          ],
          [
            -0.017040308564901352,
            0.14992037415504456,
            -0.988558292388916,
            0.9402589797973633
          ],
          [
            0.0,
            0.0,
            0.0,
            1.0
          ]
        ]
      },
      "bone_length_armature_space": 0.07137587195881044,
      "parent": null,
      "has_children": true,
      "is_end_bone": false
    },
    "spine_01": {
      "name": "spine_01",
      "local": {
        "location": {
          "x": 0.0,
          "y": 0.0,
          "z": 0.0
        },
        "rotation_quaternion": {
          "w": 0.997112512588501,
          "x": 0.06230134889483452,
          "y": -0.03249433636665344,
          "z": 0.02879771590232849
        },
        "scale": {
          "x": 1.0,
          "y": 1.0,
          "z": 1.0
        },
        "matrix_basis": [
          [
            0.9962296485900879,
            -0.06147800758481026,
            -0.06121274456381798,
            0.0
          ],
          [
            0.053380243480205536,
            0.9905784726142883,
            -0.12611442804336548,
            0.0
          ],
          [
            0.06838928908109665,
            0.1223713830113411,
            0.990125298500061,
            0.0
          ],
          [
            0.0,
            0.0,
            0.0,
            1.0
          ]
        ],
        "rotation_mode": "QUATERNION"
      },
      "armature_space": {
        "head": {
          "x": -0.0028729045297950506,
          "y": 0.00021731853485107422,
          "z": 0.0011056605726480484
        },
        "tail": {
          "x": -0.02583950199186802,
          "y": -0.02825837768614292,
          "z": 0.48773711919784546
        }
      },
      "world_space": {
        "head": {
          "x": -0.0028729045297950506,
          "y": 0.0634613186120987,
          "z": 0.9509596824645996
        },
        "tail": {
          "x": -0.02583950199186802,
          "y": 0.03498562425374985,
          "z": 1.4375910758972168
        },
        "rotation_quaternion": {
          "w": 0.6840909123420715,
          "x": 0.7271036505699158,
          "y": -0.053325507789850235,
          "z": -0.022280527278780937
        },
        "matrix": [
          [
            0.9933198690414429,
            -0.04706257954239845,
            -0.105359748005867,
            -0.0028729045297950506
          ],
          [
            -0.10803039371967316,
            -0.05835168808698654,
            -0.9924336075782776,
            0.0634613186120987
          ],
          [
            0.040558747947216034,
            0.9971930980682373,
            -0.06304745376110077,
            0.9509596824645996
          ],
          [
            0.0,
            0.0,
            0.0,
            1.0
          ]
        ]
      },
      "bone_length_armature_space": 0.4880046182458593,
      "parent": "Root",
      "has_children": true,
      "is_end_bone": false
    },
    "neck_01": {
      "name": "neck_01",
      "local": {
        "location": {
          "x": 0.0,
          "y": 0.0,
          "z": 0.0
        },
        "rotation_quaternion": {
          "w": 0.9932548999786377,
          "x": -0.013284331187605858,
          "y": -0.018362414091825485,
          "z": -0.11371508985757828
        },
        "scale": {
          "x": 1.0,
          "y": 1.0,
          "z": 1.0
        },
        "matrix_basis": [
          [
            0.9734634160995483,
            0.2263839989900589,
            -0.03345585614442825,
            0.0
          ],
          [
            -0.22540827095508575,
            0.9737848043441772,
            0.030565621331334114,
            0.0
          ],
          [
            0.03949837386608124,
            -0.02221328765153885,
            0.9989727139472961,
            0.0
          ],
          [
            0.0,
            0.0,
            0.0,
            1.0
          ]
        ],
        "rotation_mode": "QUATERNION"
      },
      "armature_space": {
        "head": {
          "x": -0.03293927386403084,
          "y": -0.06694883108139038,
          "z": 0.5585635304450989
        },
        "tail": {
          "x": -0.018045352771878242,
          "y": -0.11048129945993423,
          "z": 0.6501814126968384
        }
      },
      "world_space": {
        "head": {
          "x": -0.03293927386403084,
          "y": -0.0037048310041427612,
          "z": 1.5084176063537598
        },
        "tail": {
          "x": -0.018045352771878242,
          "y": -0.047237299382686615,
          "z": 1.6000354290008545
        },
        "rotation_quaternion": {
          "w": 0.5355340838432312,
          "x": 0.8393015265464783,
          "y": 0.029895659536123276,
          "z": -0.0887836143374443
        },
        "matrix": [
          [
            0.9824475049972534,
            0.14527630805969238,
            -0.11701135337352753,
            -0.03293927386403084
          ],
          [
            -0.04490966349840164,
            -0.4246186316013336,
            -0.9042578935623169,
            -0.0037048310041427612
          ],
          [
            -0.1810537725687027,
            0.8936466574668884,
            -0.4106450080871582,
            1.5084176063537598
          ],
          [
            0.0,
            0.0,
            0.0,
            1.0
          ]
        ]
      },
      "bone_length_armature_space": 0.10252190436414838,
      "parent": "spine_01",
      "has_children": true,
      "is_end_bone": false
    },
    "head": {
      "name": "head",
      "local": {
        "location": {
          "x": 0.0,
          "y": 0.0,
          "z": 0.0
        },
        "rotation_quaternion": {
          "w": 0.968379557132721,
          "x": -0.06339775770902634,
          "y": 0.13963459432125092,
          "z": -0.19678397476673126
        },
        "scale": {
          "x": 1.0,
          "y": 1.0,
          "z": 1.0
        },
        "matrix_basis": [
          [
            0.8835564851760864,
            0.3634181022644043,
            0.29538989067077637,
            0.0
          ],
          [
            -0.3988282084465027,
            0.9145135879516602,
            0.06783048063516617,
            0.0
          ],
          [
            -0.245487242937088,
            -0.1777418851852417,
            0.9529657959938049,
            0.0
          ],
          [
            0.0,
            0.0,
            0.0,
            1.0
          ]
        ],
        "rotation_mode": "QUATERNION"
      },
      "armature_space": {
        "head": {
          "x": -0.01804538071155548,
          "y": -0.11048141121864319,
          "z": 0.650181233882904
        },
        "tail": {
          "x": 0.06408867239952087,
          "y": -0.09549996256828308,
          "z": 0.7808823585510254
        }
      },
      "world_space": {
        "head": {
          "x": -0.01804538071155548,
          "y": -0.04723741114139557,
          "z": 1.6000351905822754
        },
        "tail": {
          "x": 0.06408867239952087,
          "y": -0.03225596249103546,
          "z": 1.7307363748550415
        },
        "rotation_quaternion": {
          "w": 0.682883620262146,
          "x": 0.6630626916885376,
          "y": 0.2863023281097412,
          "z": -0.10976672917604446
        },
        "matrix": [
          [
            0.8119634389877319,
            0.5295888781547546,
            0.2454605996608734,
            -0.01804538071155548
          ],
          [
            0.22976022958755493,
            0.0965982973575592,
            -0.9684416651725769,
            -0.04723741114139557
          ],
          [
            -0.5365906357765198,
            0.842742383480072,
            -0.04324544221162796,
            1.6000351905822754
          ],
          [
            0.0,
            0.0,
            0.0,
            1.0
          ]
        ]
      },
      "bone_length_armature_space": 0.15509103973216695,
      "parent": "neck_01",
      "has_children": false,
      "is_end_bone": true
    },
    "upperarm_l": {
      "name": "upperarm_l",
      "local": {
        "location": {
          "x": 0.0,
          "y": 0.0,
          "z": 0.0
        },
        "rotation_quaternion": {
          "w": 0.9087299108505249,
          "x": 0.20057019591331482,
          "y": 0.35616227984428406,
          "z": 0.08443964272737503
        },
        "scale": {
          "x": 1.0,
          "y": 1.0,
          "z": 1.0
        },
        "matrix_basis": [
          [
            0.7320367693901062,
            -0.010594581253826618,
            0.6811828017234802,
            0.0
          ],
          [
            0.29633674025535583,
            0.9052830934524536,
            -0.3043798506259918,
            0.0
          ],
          [
            -0.6134384870529175,
            0.42467671632766724,
            0.6658400297164917,
            0.0
          ],
          [
            0.0,
            0.0,
            0.0,
            1.0
          ]
        ],
        "rotation_mode": "QUATERNION"
      },
      "armature_space": {
        "head": {
          "x": 0.11888568103313446,
          "y": -0.08239670097827911,
          "z": 0.49742719531059265
        },
        "tail": {
          "x": 0.35330450534820557,
          "y": -0.2122119963169098,
          "z": 0.49557578563690186
        }
      },
      "world_space": {
        "head": {
          "x": 0.11888568103313446,
          "y": -0.019152700901031494,
          "z": 1.4472812414169312
        },
        "tail": {
          "x": 0.35330450534820557,
          "y": -0.14896799623966217,
          "z": 1.445429801940918
        },
        "rotation_quaternion": {
          "w": 0.17946790158748627,
          "x": 0.803474485874176,
          "y": 0.4749421179294586,
          "z": -0.3108857572078705
        },
        "matrix": [
          [
            0.35555917024612427,
            0.8747968673706055,
            -0.3291020691394806,
            0.11888568103313446
          ],
          [
            0.6516197919845581,
            -0.4844406843185425,
            -0.5837028622627258,
            -0.019152700901031494
          ],
          [
            -0.6700559258460999,
            -0.0069090500473976135,
            -0.7422879934310913,
            1.4472812414169312
          ],
          [
            0.0,
            0.0,
            0.0,
            1.0
          ]
        ]
      },
      "bone_length_armature_space": 0.2679694448257124,
      "parent": "spine_01",
      "has_children": true,
      "is_end_bone": false
    },
    "lowerarm_l": {
      "name": "lowerarm_l",
      "local": {
        "location": {
          "x": 0.0,
          "y": 0.0,
          "z": 0.0
        },
        "rotation_quaternion": {
          "w": 0.9767138957977295,
          "x": 0.14790605008602142,
          "y": -0.07243788242340088,
          "z": 0.137501060962677
        },
        "scale": {
          "x": 1.0,
          "y": 1.0,
          "z": 1.0
        },
        "matrix_basis": [
          [
            0.9516924023628235,
            -0.29002639651298523,
            -0.10082769393920898,
            0.0
          ],
          [
            0.24717038869857788,
            0.9184345006942749,
            -0.30884435772895813,
            0.0
          ],
          [
            0.1821766495704651,
            0.2690032124519348,
            0.9457530975341797,
            0.0
          ],
          [
            0.0,
            0.0,
            0.0,
            1.0
          ]
        ],
        "rotation_mode": "QUATERNION"
      },
      "armature_space": {
        "head": {
          "x": 0.35330450534820557,
          "y": -0.21221214532852173,
          "z": 0.49557584524154663
        },
        "tail": {
          "x": 0.48886436223983765,
          "y": -0.4428313374519348,
          "z": 0.4983448386192322
        }
      },
      "world_space": {
        "head": {
          "x": 0.35330450534820557,
          "y": -0.1489681452512741,
          "z": 1.445429801940918
        },
        "tail": {
          "x": 0.48886436223983765,
          "y": -0.3795873522758484,
          "z": 1.4481987953186035
        },
        "rotation_quaternion": {
          "w": 0.13414037227630615,
          "x": 0.8394386172294617,
          "y": 0.22579114139080048,
          "z": -0.4757811427116394
        },
        "matrix": [
          [
            0.4453009366989136,
            0.5067194104194641,
            -0.7382020950317383,
            0.35330450534820557
          ],
          [
            0.25143277645111084,
            -0.862048864364624,
            -0.44006070494651794,
            -0.1489681452512741
          ],
          [
            -0.8593595027923584,
            0.010350480675697327,
            -0.5112810134887695,
            1.445429801940918
          ],
          [
            0.0,
            0.0,
            0.0,
            1.0
          ]
        ]
      },
      "bone_length_armature_space": 0.2675244958529321,
      "parent": "upperarm_l",
      "has_children": true,
      "is_end_bone": false
    },
    "metacarpal_thumb_l": {
      "name": "metacarpal_thumb_l",
      "local": {
        "location": {
          "x": 0.0,
          "y": 0.0,
          "z": 0.0
        },
        "rotation_quaternion": {
          "w": 0.9977218508720398,
          "x": -0.06451905518770218,
          "y": -0.016809647902846336,
          "z": -0.010295500047504902
        },
        "scale": {
          "x": 1.0,
          "y": 1.0,
          "z": 1.0
        },
        "matrix_basis": [
          [
            0.9992228746414185,
            0.022713175043463707,
            -0.032214194536209106,
            0.0
          ],
          [
            -0.018375005573034286,
            0.9914625883102417,
            0.12909026443958282,
            0.0
          ],
          [
            0.034871216863393784,
            -0.12839801609516144,
            0.9911094307899475,
            0.0
          ],
          [
            0.0,
            0.0,
            0.0,
            1.0
          ]
        ],
        "rotation_mode": "QUATERNION"
      },
      "armature_space": {
        "head": {
          "x": 0.48886436223983765,
          "y": -0.4428313374519348,
          "z": 0.4983448386192322
        },
        "tail": {
          "x": 0.4897710680961609,
          "y": -0.48954281210899353,
          "z": 0.48188868165016174
        }
      },
      "world_space": {
        "head": {
          "x": 0.48886436223983765,
          "y": -0.3795873522758484,
          "z": 1.4481987953186035
        },
        "tail": {
          "x": 0.4897710680961609,
          "y": -0.4262987971305847,
          "z": 1.4317426681518555
        },
        "rotation_quaternion": {
          "w": 0.16742666065692902,
          "x": -0.9693918228149414,
          "y": 0.0213535837829113,
          "z": -0.17830264568328857
        },
        "matrix": [
          [
            0.9355043768882751,
            0.01830504834651947,
            0.35284048318862915,
            0.48886436223983765
          ],
          [
            -0.10110506415367126,
            -0.943024754524231,
            0.3169887065887451,
            -0.3795873522758484
          ],
          [
            0.338542103767395,
            -0.3322213888168335,
            -0.8803590536117554,
            1.4481987953186035
          ],
          [
            0.0,
            0.0,
            0.0,
            1.0
          ]
        ]
      },
      "bone_length_armature_space": 0.049533716839505776,
      "parent": "lowerarm_l",
      "has_children": true,
      "is_end_bone": false
    },
    "thumb_01_l": {
      "name": "thumb_01_l",
      "local": {
        "location": {
          "x": 0.0,
          "y": 0.0,
          "z": 0.0
        },
        "rotation_quaternion": {
          "w": 0.9976183772087097,
          "x": -0.06572580337524414,
          "y": -0.0023303446359932423,
          "z": 0.020792201161384583
        },
        "scale": {
          "x": 1.0,
          "y": 1.0,
          "z": 1.0
        },
        "matrix_basis": [
          [
            0.9991245269775391,
            -0.04117903485894203,
            -0.007382757496088743,
            0.0
          ],
          [
            0.04179169237613678,
            0.9904956221580505,
            0.13104163110256195,
            0.0
          ],
          [
            0.0019164209952577949,
            -0.13123545050621033,
            0.9913493990898132,
            0.0
          ],
          [
            0.0,
            0.0,
            0.0,
            1.0
          ]
        ],
        "rotation_mode": "QUATERNION"
      },
      "armature_space": {
        "head": {
          "x": 0.4897710680961609,
          "y": -0.48954281210899353,
          "z": 0.48188868165016174
        },
        "tail": {
          "x": 0.4912012815475464,
          "y": -0.5002376437187195,
          "z": 0.4496053159236908
        }
      },
      "world_space": {
        "head": {
          "x": 0.4897710680961609,
          "y": -0.4262987971305847,
          "z": 1.4317426681518555
        },
        "tail": {
          "x": 0.4912012815475464,
          "y": -0.43699365854263306,
          "z": 1.3994593620300293
        },
        "rotation_quaternion": {
          "w": 0.3796670734882355,
          "x": -0.4977452754974365,
          "y": 0.4458189606666565,
          "z": -0.6398030519485474
        },
        "matrix": [
          [
            -0.216205894947052,
            0.04201725125312805,
            0.9754433035850525,
            0.4897710680961609
          ],
          [
            -0.9296326041221619,
            -0.31419703364372253,
            -0.1925179660320282,
            -0.4262987971305847
          ],
          [
            0.2983936369419098,
            -0.9484344124794006,
            0.10699240118265152,
            1.4317426681518555
          ],
          [
            0.0,
            0.0,
            0.0,
            1.0
          ]
        ]
      },
      "bone_length_armature_space": 0.0340388111962544,
      "parent": "metacarpal_thumb_l",
      "has_children": true,
      "is_end_bone": false
    },
    "thumb_02_l": {
      "name": "thumb_02_l",
      "local": {
        "location": {
          "x": 0.0,
          "y": 0.0,
          "z": 0.0
        },
        "rotation_quaternion": {
          "w": 0.9930003881454468,
          "x": 0.11783961951732635,
          "y": 0.00291537051089108,
          "z": -0.007463199086487293
        },
        "scale": {
          "x": 1.0,
          "y": 1.0,
          "z": 1.0
        },
        "matrix_basis": [
          [
            0.9998716115951538,
            0.015509011223912239,
            0.004031007178127766,
            0.0
          ],
          [
            -0.014134827069938183,
            0.972116231918335,
            -0.23407308757305145,
            0.0
          ],
          [
            -0.00754884909838438,
            0.23398606479167938,
            0.9722106456756592,
            0.0
          ],
          [
            0.0,
            0.0,
            0.0,
            1.0
          ]
        ],
        "rotation_mode": "QUATERNION"
      },
      "armature_space": {
        "head": {
          "x": 0.4912012219429016,
          "y": -0.5002375841140747,
          "z": 0.4496053159236908
        },
        "tail": {
          "x": 0.5120464563369751,
          "y": -0.5345599055290222,
          "z": 0.45040103793144226
        }
      },
      "world_space": {
        "head": {
          "x": 0.4912012219429016,
          "y": -0.4369935989379883,
          "z": 1.3994593620300293
        },
        "tail": {
          "x": 0.5120464563369751,
          "y": -0.4713159203529358,
          "z": 1.4002550840377808
        },
        "rotation_quaternion": {
          "w": 0.2664867639541626,
          "x": -0.11133620142936707,
          "y": -0.04137562960386276,
          "z": -0.9564921855926514
        },
        "matrix": [
          [
            -0.8331781625747681,
            0.5189982652664185,
            0.19093212485313416,
            0.4912012219429016
          ],
          [
            -0.5005716681480408,
            -0.854545533657074,
            0.1384909301996231,
            -0.4369935989379883
          ],
          [
            0.23503798246383667,
            0.01981183886528015,
            0.9717913866043091,
            1.3994593620300293
          ],
          [
            0.0,
            0.0,
            0.0,
            1.0
          ]
        ]
      },
      "bone_length_armature_space": 0.040164396505512324,
      "parent": "thumb_01_l",
      "has_children": true,
      "is_end_bone": false
    },
    "thumb_03_l": {
      "name": "thumb_03_l",
      "local": {
        "location": {
          "x": 0.0,
          "y": 0.0,
          "z": 0.0
        },
        "rotation_quaternion": {
          "w": 0.9975098967552185,
          "x": 0.07017013430595398,
          "y": -0.0016419972525909543,
          "z": -0.006895735394209623
        },
        "scale": {
          "x": 1.0,
          "y": 1.0,
          "z": 1.0
        },
        "matrix_basis": [
          [
            0.9998995065689087,
            0.013526690192520618,
            -0.0042435661889612675,
            0.0
          ],
          [
            -0.013987567275762558,
            0.9900572299957275,
            -0.1399681568145752,
            0.0
          ],
          [
            0.0023080676328390837,
            0.1400134563446045,
            0.9901469349861145,
            0.0
          ],
          [
            0.0,
            0.0,
            0.0,
            1.0
          ]
        ],
        "rotation_mode": "QUATERNION"
      },
      "armature_space": {
        "head": {
          "x": 0.5120463967323303,
          "y": -0.5345599055290222,
          "z": 0.4504010081291199
        },
        "tail": {
          "x": 0.5311515927314758,
          "y": -0.5553327202796936,
          "z": 0.4618191123008728
        }
      },
      "world_space": {
        "head": {
          "x": 0.5120463967323303,
          "y": -0.4713159203529358,
          "z": 1.4002549648284912
        },
        "tail": {
          "x": 0.5311515927314758,
          "y": -0.4920887351036072,
          "z": 1.4116730690002441
        },
        "rotation_quaternion": {
          "w": 0.3664248287677765,
          "x": 0.12289763987064362,
          "y": -0.15677328407764435,
          "z": -0.9088735580444336
        },
        "matrix": [
          [
            -0.7012577056884766,
            0.6275339126586914,
            -0.33828842639923096,
            0.5120463967323303
          ],
          [
            -0.7046021223068237,
            -0.6823096871376038,
            0.19490818679332733,
            -0.4713159203529358
          ],
          [
            -0.10850732773542404,
            0.375041663646698,
            0.9206432104110718,
            1.4002549648284912
          ],
          [
            0.0,
            0.0,
            0.0,
            1.0
          ]
        ]
      },
      "bone_length_armature_space": 0.03044489191422536,
      "parent": "thumb_02_l",
      "has_children": false,
      "is_end_bone": true
    },
    "metacarpal_index_l": {
      "name": "metacarpal_index_l",
      "local": {
        "location": {
          "x": 0.0,
          "y": 0.0,
          "z": 0.0
        },
        "rotation_quaternion": {
          "w": 0.9988217353820801,
          "x": -0.047742657363414764,
          "y": -0.007034276612102985,
          "z": 0.005141741596162319
        },
        "scale": {
          "x": 1.0,
          "y": 1.0,
          "z": 1.0
        },
        "matrix_basis": [
          [
            0.9998481869697571,
            -0.009599696844816208,
            -0.014542937278747559,
            0.0
          ],
          [
            0.010943036526441574,
            0.995388388633728,
            0.09530047327280045,
            0.0
          ],
          [
            0.013561015948653221,
            -0.09544514119625092,
            0.9953423142433167,
            0.0
          ],
          [
            0.0,
            0.0,
            0.0,
            1.0
          ]
        ],
        "rotation_mode": "QUATERNION"
      },
      "armature_space": {
        "head": {
          "x": 0.48886436223983765,
          "y": -0.4428313374519348,
          "z": 0.4983448386192322
        },
        "tail": {
          "x": 0.5220412611961365,
          "y": -0.5546610951423645,
          "z": 0.48727142810821533
        }
      },
      "world_space": {
        "head": {
          "x": 0.48886436223983765,
          "y": -0.3795873522758484,
          "z": 1.4481987953186035
        },
        "tail": {
          "x": 0.5220412611961365,
          "y": -0.4914171099662781,
          "z": 1.4371254444122314
        },
        "rotation_quaternion": {
          "w": 0.038409486413002014,
          "x": -0.9864545464515686,
          "y": -0.1460147649049759,
          "z": 0.06412530690431595
        },
        "matrix": [
          [
            0.9491351842880249,
            0.2831477224826813,
            -0.13773010671138763,
            0.48886436223983765
          ],
          [
            0.29299986362457275,
            -0.9544088244438171,
            0.057051315903663635,
            -0.3795873522758484
          ],
          [
            -0.11529757082462311,
            -0.0945059061050415,
            -0.9888322949409485,
            1.4481987953186035
          ],
          [
            0.0,
            0.0,
            0.0,
            1.0
          ]
        ]
      },
      "bone_length_armature_space": 0.11717176101959746,
      "parent": "lowerarm_l",
      "has_children": true,
      "is_end_bone": false
    },
    "index_01_l": {
      "name": "index_01_l",
      "local": {
        "location": {
          "x": 0.0,
          "y": 0.0,
          "z": 0.0
        },
        "rotation_quaternion": {
          "w": 0.9963315725326538,
          "x": -0.08541015535593033,
          "y": -0.005237408448010683,
          "z": -0.0011042397236451507
        },
        "scale": {
          "x": 1.0,
          "y": 1.0,
          "z": 1.0
        },
        "matrix_basis": [
          [
            0.9999427199363708,
            0.0030950335785746574,
            -0.010247764177620411,
            0.0
          ],
          [
            -0.0013057220494374633,
            0.9854077696800232,
            0.1702052354812622,
            0.0
          ],
          [
            0.010625017806887627,
            -0.17018210887908936,
            0.9853553771972656,
            0.0
          ],
          [
            0.0,
            0.0,
            0.0,
            1.0
          ]
        ],
        "rotation_mode": "QUATERNION"
      },
      "armature_space": {
        "head": {
          "x": 0.5220412611961365,
          "y": -0.5546610951423645,
          "z": 0.48727142810821533
        },
        "tail": {
          "x": 0.5394328236579895,
          "y": -0.5767081379890442,
          "z": 0.4922243356704712
        }
      },
      "world_space": {
        "head": {
          "x": 0.5220412611961365,
          "y": -0.4914171099662781,
          "z": 1.4371254444122314
        },
        "tail": {
          "x": 0.5394328236579895,
          "y": -0.5134641528129578,
          "z": 1.4420783519744873
        },
        "rotation_quaternion": {
          "w": 0.0947895422577858,
          "x": 0.9415627121925354,
          "y": 0.32313987612724304,
          "z": -0.007432068698108196
        },
        "matrix": [
          [
            0.7910507321357727,
            0.6099217534065247,
            0.047265391796827316,
            0.5220412611961365
          ],
          [
            0.6071040034294128,
            -0.773190975189209,
            -0.18330413103103638,
            -0.4914171099662781
          ],
          [
            -0.0752560943365097,
            0.17369835078716278,
            -0.9819265007972717,
            1.4371254444122314
          ],
          [
            0.0,
            0.0,
            0.0,
            1.0
          ]
        ]
      },
      "bone_length_armature_space": 0.028514379446225906,
      "parent": "metacarpal_index_l",
      "has_children": true,
      "is_end_bone": false
    },
    "index_02_l": {
      "name": "index_02_l",
      "local": {
        "location": {
          "x": 0.0,
          "y": 0.0,
          "z": 0.0
        },
        "rotation_quaternion": {
          "w": 0.999036431312561,
          "x": 0.042766258120536804,
          "y": 0.0033093669917434454,
          "z": -0.009291373193264008
        },
        "scale": {
          "x": 1.0,
          "y": 1.0,
          "z": 1.0
        },
        "matrix_basis": [
          [
            0.9998054504394531,
            0.01884789951145649,
            0.005817641969770193,
            0.0
          ],
          [
            -0.018281782045960426,
            0.9961694478988647,
            -0.08551159501075745,
            0.0
          ],
          [
            -0.007407071068882942,
            0.08538860082626343,
            0.9963201880455017,
            0.0
          ],
          [
            0.0,
            0.0,
            0.0,
            1.0
          ]
        ],
        "rotation_mode": "QUATERNION"
      },
      "armature_space": {
        "head": {
          "x": 0.5394328236579895,
          "y": -0.5767086744308472,
          "z": 0.4922241270542145
        },
        "tail": {
          "x": 0.5560035705566406,
          "y": -0.5960526466369629,
          "z": 0.49527525901794434
        }
      },
      "world_space": {
        "head": {
          "x": 0.5394328236579895,
          "y": -0.5134646892547607,
          "z": 1.4420781135559082
        },
        "tail": {
          "x": 0.5560035705566406,
          "y": -0.5328086614608765,
          "z": 1.4451292753219604
        },
        "rotation_quaternion": {
          "w": 0.0804392471909523,
          "x": 0.9353573322296143,
          "y": 0.3413231372833252,
          "z": -0.04620535671710968
        },
        "matrix": [
          [
            0.7627272009849548,
            0.6459513306617737,
            -0.03152511268854141,
            0.5394328236579895
          ],
          [
            0.6310845613479614,
            -0.754055917263031,
            -0.18202129006385803,
            -0.5134646892547607
          ],
          [
            -0.14134915173053741,
            0.11893762648105621,
            -0.9827962517738342,
            1.4420781135559082
          ],
          [
            0.0,
            0.0,
            0.0,
            1.0
          ]
        ]
      },
      "bone_length_armature_space": 0.02565323229784655,
      "parent": "index_01_l",
      "has_children": true,
      "is_end_bone": false
    },
    "index_03_l": {
      "name": "index_03_l",
      "local": {
        "location": {
          "x": 0.0,
          "y": 0.0,
          "z": 0.0
        },
        "rotation_quaternion": {
          "w": 0.9987673759460449,
          "x": 0.048531342297792435,
          "y": 0.009135723114013672,
          "z": 0.005011588800698519
        },
        "scale": {
          "x": 1.0,
          "y": 1.0,
          "z": 1.0
        },
        "matrix_basis": [
          [
            0.9997828602790833,
            -0.009124085307121277,
            0.018735362216830254,
            0.0
          ],
          [
            0.010897560976445675,
            0.9952391982078552,
            -0.09685147553682327,
            0.0
          ],
          [
            -0.01776248589158058,
            0.09703461080789566,
            0.995122492313385,
            0.0
          ],
          [
            0.0,
            0.0,
            0.0,
            1.0
          ]
        ],
        "rotation_mode": "QUATERNION"
      },
      "armature_space": {
        "head": {
          "x": 0.5560035705566406,
          "y": -0.5960527062416077,
          "z": 0.4952754080295563
        },
        "tail": {
          "x": 0.576263964176178,
          "y": -0.6169840097427368,
          "z": 0.49301081895828247
        }
      },
      "world_space": {
        "head": {
          "x": 0.5560035705566406,
          "y": -0.5328087210655212,
          "z": 1.44512939453125
        },
        "tail": {
          "x": 0.576263964176178,
          "y": -0.5537400245666504,
          "z": 1.4428648948669434
        },
        "rotation_quaternion": {
          "w": 0.024888137355446815,
          "x": -0.925436794757843,
          "y": -0.37576255202293396,
          "z": 0.04183370992541313
        },
        "matrix": [
          [
            0.7141048312187195,
            0.693406343460083,
            -0.09613308310508728,
            0.5560035705566406
          ],
          [
            0.6975710988044739,
            -0.7163661122322083,
            0.014624908566474915,
            -0.5328087210655212
          ],
          [
            -0.05872535705566406,
            -0.07750475406646729,
            -0.9952680468559265,
            1.44512939453125
          ],
          [
            0.0,
            0.0,
            0.0,
            1.0
          ]
        ]
      },
      "bone_length_armature_space": 0.029218681729082343,
      "parent": "index_02_l",
      "has_children": false,
      "is_end_bone": true
    },
    "metacarpal_pinky_l": {
      "name": "metacarpal_pinky_l",
      "local": {
        "location": {
          "x": 0.0,
          "y": 0.0,
          "z": 0.0
        },
        "rotation_quaternion": {
          "w": 0.9989322423934937,
          "x": -0.040655530989170074,
          "y": 0.014022796414792538,
          "z": 0.01687845215201378
        },
        "scale": {
          "x": 1.0,
          "y": 1.0,
          "z": 1.0
        },
        "matrix_basis": [
          [
            0.999036967754364,
            -0.03486106917262077,
            0.026643242686986923,
            0.0
          ],
          [
            0.032580651342868805,
            0.9961245059967041,
            0.08169760555028915,
            0.0
          ],
          [
            -0.029388051480054855,
            -0.08075087517499924,
            0.996300995349884,
            0.0
          ],
          [
            0.0,
            0.0,
            0.0,
            1.0
          ]
        ],
        "rotation_mode": "QUATERNION"
      },
      "armature_space": {
        "head": {
          "x": 0.48886436223983765,
          "y": -0.4428313374519348,
          "z": 0.4983448386192322
        },
        "tail": {
          "x": 0.5687495470046997,
          "y": -0.5082871317863464,
          "z": 0.5116532444953918
        }
      },
      "world_space": {
        "head": {
          "x": 0.48886436223983765,
          "y": -0.3795873522758484,
          "z": 1.4481987953186035
        },
        "tail": {
          "x": 0.5687495470046997,
          "y": -0.44504314661026,
          "z": 1.4615073204040527
        },
        "rotation_quaternion": {
          "w": 0.41583430767059326,
          "x": 0.37664613127708435,
          "y": 0.11307015269994736,
          "z": -0.8200212121009827
        },
        "matrix": [
          [
            -0.3704383373260498,
            0.7671619057655334,
            -0.5236772894859314,
            0.48886436223983765
          ],
          [
            -0.5968116521835327,
            -0.6285924315452576,
            -0.4986857771873474,
            -0.3795873522758484
          ],
          [
            -0.7117579579353333,
            0.12780466675758362,
            0.6907104253768921,
            1.4481987953186035
          ],
          [
            0.0,
            0.0,
            0.0,
            1.0
          ]
        ]
      },
      "bone_length_armature_space": 0.10413076990941271,
      "parent": "lowerarm_l",
      "has_children": true,
      "is_end_bone": false
    },
    "pinky_01_l": {
      "name": "pinky_01_l",
      "local": {
        "location": {
          "x": 0.0,
          "y": 0.0,
          "z": 0.0
        },
        "rotation_quaternion": {
          "w": 0.9925210475921631,
          "x": -0.12022432684898376,
          "y": 0.014643348753452301,
          "z": -0.01529433112591505
        },
        "scale": {
          "x": 1.0,
          "y": 1.0,
          "z": 1.0
        },
        "matrix_basis": [
          [
            0.999103307723999,
            0.026838917285203934,
            0.03274516388773918,
            0.0
          ],
          [
            -0.03388086333870888,
            0.9706243872642517,
            0.23820242285728455,
            0.0
          ],
          [
            -0.02539016306400299,
            -0.23909826576709747,
            0.9706633687019348,
            0.0
          ],
          [
            0.0,
            0.0,
            0.0,
            1.0
          ]
        ],
        "rotation_mode": "QUATERNION"
      },
      "armature_space": {
        "head": {
          "x": 0.5687495470046997,
          "y": -0.5082871317863464,
          "z": 0.5116532444953918
        },
