{
  "metadata": {
    "armature_name": "KIM_caucasian_male",
    "export_time": "2026-01-13T21:16:31.967946",
    "blender_version": "4.4.1",
    "bone_count": 56,
    "end_bone_count": 13,
    "spaces_included": [
      "LOCAL_CHANNELS",
      "ARMATURE_SPACE",
      "WORLD_SPACE"
    ],
    "note": "LOCAL matches Transform panel; replay pose via local.matrix_basis for best fidelity."
  },
  "bones": {
    "Root": {
      "name": "Root",
      "local": {
        "location": {
          "x": 0.0,
          "y": 0.0,
          "z": 0.0
        },
        "rotation_quaternion": {
          "w": 0.9995531439781189,
          "x": -0.012714487500488758,
          "y": -0.014370514079928398,
          "z": 0.022920534014701843
        },
        "scale": {
          "x": 1.0,
          "y": 1.0,
          "z": 1.0
        },
        "matrix_basis": [
          [
            0.9985362887382507,
            -0.04545515775680542,
            -0.029311031103134155,
            0.0
          ],
          [
            0.04618601128458977,
            0.9986259937286377,
            0.024758853018283844,
            0.0
          ],
          [
            0.028145339339971542,
            -0.02607637085020542,
            0.9992636442184448,
            0.0
          ],
          [
            0.0,
            0.0,
            0.0,
            1.0
          ]
        ],
        "rotation_mode": "QUATERNION"
      },
      "armature_space": {
        "head": {
          "x": 0.0,
          "y": 0.07072800397872925,
          "z": -0.009595036506652832
        },
        "tail": {
          "x": -0.0032444014213979244,
          "y": 0.0003473833203315735,
          "z": 0.001831158995628357
        }
      },
      "world_space": {
        "head": {
          "x": 0.0,
          "y": 0.13397200405597687,
          "z": 0.9402589797973633
        },
        "tail": {
          "x": -0.0032444014213979244,
          "y": 0.0635913833975792,
          "z": 0.9516851902008057
        },
        "rotation_quaternion": {
          "w": 0.08002316206693649,
          "x": 0.9964258670806885,
          "y": -0.023836573585867882,
          "z": -0.01279375795274973
        },
        "matrix": [
          [
            0.9985362887382507,
            -0.04545515775680542,
            -0.029311031103134155,
            0.0
          ],
          [
            -0.04955035820603371,
            -0.9860562086105347,
            -0.158864825963974,
            0.13397200405597687
          ],
          [
            -0.021681295707821846,
            0.16008485853672028,
            -0.9868721961975098,
            0.9402589797973633
          ],
          [
            0.0,
            0.0,
            0.0,
            1.0
          ]
        ]
      },
      "bone_length_armature_space": 0.07137587818980809,
      "parent": null,
      "has_children": true,
      "is_end_bone": false
    },
    "spine_01": {
      "name": "spine_01",
      "local": {
        "location": {
          "x": 0.0,
          "y": 0.0,
          "z": 0.0
        },
        "rotation_quaternion": {
          "w": 0.998272180557251,
          "x": -0.021568506956100464,
          "y": -0.04755612462759018,
          "z": -0.026945559307932854
        },
        "scale": {
          "x": 1.0,
          "y": 1.0,
          "z": 1.0
        },
        "matrix_basis": [
          [
            0.9940246939659119,
            0.055849432945251465,
            -0.09378556162118912,
            0.0
          ],
          [
            -0.05174657702445984,
            0.9976174831390381,
            0.04562533274292946,
            0.0
          ],
          [
            0.0961102619767189,
            -0.04049962759017944,
            0.9945464134216309,
            0.0
          ],
          [
            0.0,
            0.0,
            0.0,
            1.0
          ]
        ],
        "rotation_mode": "QUATERNION"
      },
      "armature_space": {
        "head": {
          "x": -0.0032444014213979244,
          "y": 0.0003473833203315735,
          "z": 0.001831158995628357
        },
        "tail": {
          "x": 0.03718387335538864,
          "y": 0.0534980371594429,
          "z": 0.4852451682090759
        }
      },
      "world_space": {
        "head": {
          "x": -0.0032444014213979244,
          "y": 0.0635913833975792,
          "z": 0.9516851902008057
        },
        "tail": {
          "x": 0.03718387335538864,
          "y": 0.11674203723669052,
          "z": 1.4350991249084473
        },
        "rotation_quaternion": {
          "w": 0.7442046999931335,
          "x": 0.6629424095153809,
          "y": -0.024834461510181427,
          "z": -0.0777825117111206
        },
        "matrix": [
          [
            0.986666202545166,
            0.08284461498260498,
            -0.14009499549865723,
            -0.0032444014213979244
          ],
          [
            -0.14870038628578186,
            0.10891500115394592,
            -0.9828661680221558,
            0.0635913833975792
          ],
          [
            -0.06616731733083725,
            0.9905999898910522,
            0.1197817325592041,
            0.9516851902008057
          ],
          [
            0.0,
            0.0,
            0.0,
            1.0
          ]
        ]
      },
      "bone_length_armature_space": 0.4880046330361903,
      "parent": "Root",
      "has_children": true,
      "is_end_bone": false
    },
    "neck_01": {
      "name": "neck_01",
      "local": {
        "location": {
          "x": 0.0,
          "y": 0.0,
          "z": 0.0
        },
        "rotation_quaternion": {
          "w": 0.9826705455780029,
          "x": 0.07758816331624985,
          "y": 0.05971895903348923,
          "z": 0.1573929786682129
        },
        "scale": {
          "x": 1.0,
          "y": 1.0,
          "z": 1.0
        },
        "matrix_basis": [
          [
            0.9433221817016602,
            -0.3000639081001282,
            0.14179179072380066,
            0.0
          ],
          [
            0.31859785318374634,
            0.9384150505065918,
            -0.13368850946426392,
            0.0
          ],
          [
            -0.09294445812702179,
            0.17128589749336243,
            0.9808274507522583,
            0.0
          ],
          [
            0.0,
            0.0,
            0.0,
            1.0
          ]
        ],
        "rotation_mode": "QUATERNION"
      },
      "armature_space": {
        "head": {
          "x": 0.03839107230305672,
          "y": 0.027386397123336792,
          "z": 0.56192946434021
        },
        "tail": {
          "x": 0.007440764456987381,
          "y": -0.010906040668487549,
          "z": 0.6518544554710388
        }
      },
      "world_space": {
        "head": {
          "x": 0.03839107230305672,
          "y": 0.09063039720058441,
          "z": 1.511783480644226
        },
        "tail": {
          "x": 0.007440764456987381,
          "y": 0.05233795940876007,
          "z": 1.6017084121704102
        },
        "rotation_quaternion": {
          "w": 0.5434162020683289,
          "x": 0.8253679275512695,
          "y": -0.13395963609218597,
          "z": 0.07430688291788101
        },
        "matrix": [
          [
            0.9530665278434753,
            -0.30189138650894165,
            -0.022932037711143494,
            0.03839107230305672
          ],
          [
            -0.14037415385246277,
            -0.37350699305534363,
            -0.9169449210166931,
            0.09063039720058441
          ],
          [
            0.26825419068336487,
            0.8771342039108276,
            -0.3983582854270935,
            1.511783480644226
          ],
          [
            0.0,
            0.0,
            0.0,
            1.0
          ]
        ]
      },
      "bone_length_armature_space": 0.10252188442163657,
      "parent": "spine_01",
      "has_children": true,
      "is_end_bone": false
    },
    "head": {
      "name": "head",
      "local": {
        "location": {
          "x": 0.0,
          "y": 0.0,
          "z": 0.0
        },
        "rotation_quaternion": {
          "w": 0.9920434355735779,
          "x": 0.04553225263953209,
          "y": -0.015384701080620289,
          "z": -0.11636193841695786
        },
        "scale": {
          "x": 1.0,
          "y": 1.0,
          "z": 1.0
        },
        "matrix_basis": [
          [
            0.9724464416503906,
            0.22947119176387787,
            -0.04112102463841438,
            0.0
          ],
          [
            -0.2322731912136078,
            0.9687734246253967,
            -0.08675955981016159,
            0.0
          ],
          [
            0.019928140565752983,
            0.09392033517360687,
            0.9953802227973938,
            0.0
          ],
          [
            0.0,
            0.0,
            0.0,
            1.0
          ]
        ],
        "rotation_mode": "QUATERNION"
      },
      "armature_space": {
        "head": {
          "x": 0.007440783083438873,
          "y": -0.010906154289841652,
          "z": 0.6518543362617493
        },
        "tail": {
          "x": -0.0017395466566085815,
          "y": -0.03292854130268097,
          "z": 0.805099368095398
        }
      },
      "world_space": {
        "head": {
          "x": 0.007440783083438873,
          "y": 0.05233784765005112,
          "z": 1.6017084121704102
        },
        "tail": {
          "x": -0.0017395466566085815,
          "y": 0.03031545877456665,
          "z": 1.754953384399414
        },
        "rotation_quaternion": {
          "w": 0.6511183977127075,
          "x": 0.7547438740730286,
          "y": -0.07103554904460907,
          "z": -0.036885734647512436
        },
        "matrix": [
          [
            0.987186849117279,
            -0.059193480759859085,
            -0.14818395674228668,
            0.007440783083438873
          ],
          [
            -0.15526151657104492,
            -0.14199727773666382,
            -0.9776149392127991,
            0.05233784765005112
          ],
          [
            0.03682677075266838,
            0.9881025552749634,
            -0.14937016367912292,
            1.6017084121704102
          ],
          [
            0.0,
            0.0,
            0.0,
            1.0
          ]
        ]
      },
      "bone_length_armature_space": 0.15509127648402662,
      "parent": "neck_01",
      "has_children": false,
      "is_end_bone": true
    },
    "upperarm_l": {
      "name": "upperarm_l",
      "local": {
        "location": {
          "x": 0.0,
          "y": 0.0,
          "z": 0.0
        },
        "rotation_quaternion": {
          "w": -0.6522918343544006,
          "x": 0.44022223353385925,
          "y": 0.4315432906150818,
          "z": 0.44101038575172424
        },
        "scale": {
          "x": 1.0,
          "y": 1.0,
          "z": 1.0
        },
        "matrix_basis": [
          [
            0.23856045305728912,
            0.955284833908081,
            -0.17469917237758636,
            0.0
          ],
          [
            -0.19538503885269165,
            0.22342844307422638,
            0.9549368619918823,
            0.0
          ],
          [
            0.9512695074081421,
            -0.19367659091949463,
            0.2399495542049408,
            0.0
          ],
          [
            0.0,
            0.0,
            0.0,
            1.0
          ]
        ],
        "rotation_mode": "QUATERNION"
      },
      "armature_space": {
        "head": {
          "x": 0.18037644028663635,
          "y": -0.005373083055019379,
          "z": 0.48581036925315857
        },
        "tail": {
          "x": 0.21888819336891174,
          "y": 0.018312634900212288,
          "z": 0.22168081998825073
        }
      },
      "world_space": {
        "head": {
          "x": 0.18037644028663635,
          "y": 0.05787091702222824,
          "z": 1.435664415359497
        },
        "tail": {
          "x": 0.21888819336891174,
          "y": 0.08155663311481476,
          "z": 1.171534776687622
        },
        "rotation_quaternion": {
          "w": 0.46876415610313416,
          "x": -0.3493059277534485,
          "y": 0.5696094632148743,
          "z": -0.5777462720870972
        },
        "matrix": [
          [
            -0.316489577293396,
            0.1437169909477234,
            0.9376459121704102,
            0.18037644028663635
          ],
          [
            -0.9395900368690491,
            0.08838962763547897,
            -0.3306936025619507,
            0.05787091702222824
          ],
          [
            -0.13040614128112793,
            -0.9856705069541931,
            0.10706108063459396,
            1.435664415359497
          ],
          [
            0.0,
            0.0,
            0.0,
            1.0
          ]
        ]
      },
      "bone_length_armature_space": 0.26797124623263424,
      "parent": "spine_01",
      "has_children": true,
      "is_end_bone": false
    },
    "lowerarm_l": {
      "name": "lowerarm_l",
      "local": {
        "location": {
          "x": 0.0,
          "y": 0.0,
          "z": 0.0
        },
        "rotation_quaternion": {
          "w": 0.9809994697570801,
          "x": 0.19047273695468903,
          "y": -0.020499708130955696,
          "z": 0.03065962716937065
        },
        "scale": {
          "x": 1.0,
          "y": 1.0,
          "z": 1.0
        },
        "matrix_basis": [
          [
            0.9972795248031616,
            -0.06796342879533768,
            -0.028540760278701782,
            0.0
          ],
          [
            0.05234488472342491,
            0.9255602359771729,
            -0.37496432662010193,
            0.0
          ],
          [
            0.05190005153417587,
            0.3724502921104431,
            0.9265998005867004,
            0.0
          ],
          [
            0.0,
            0.0,
            0.0,
            1.0
          ]
        ],
        "rotation_mode": "QUATERNION"
      },
      "armature_space": {
        "head": {
          "x": 0.2188882976770401,
          "y": 0.018312739208340645,
          "z": 0.22168076038360596
        },
        "tail": {
          "x": 0.3839629888534546,
          "y": 0.04400821775197983,
          "z": 0.012730926275253296
        }
      },
      "world_space": {
        "head": {
          "x": 0.2188882976770401,
          "y": 0.08155673742294312,
          "z": 1.171534776687622
        },
        "tail": {
          "x": 0.3839629888534546,
          "y": 0.10725221782922745,
          "z": 0.9625849723815918
        },
        "rotation_quaternion": {
          "w": 0.6285540461540222,
          "x": -0.2277398258447647,
          "y": 0.39107999205589294,
          "z": -0.6325432062149048
        },
        "matrix": [
          [
            -0.10610473155975342,
            0.6170451641082764,
            0.7797417044639587,
            0.2188882976770401
          ],
          [
            -0.9733050465583801,
            0.09604907780885696,
            -0.20845216512680054,
            0.08155673742294312
          ],
          [
            -0.20352011919021606,
            -0.781049370765686,
            0.5903856754302979,
            1.171534776687622
          ],
          [
            0.0,
            0.0,
            0.0,
            1.0
          ]
        ]
      },
      "bone_length_armature_space": 0.2675255949908187,
      "parent": "upperarm_l",
      "has_children": true,
      "is_end_bone": false
    },
    "metacarpal_thumb_l": {
      "name": "metacarpal_thumb_l",
      "local": {
        "location": {
          "x": 0.0,
          "y": 0.0,
          "z": 0.0
        },
        "rotation_quaternion": {
          "w": 0.9992953538894653,
          "x": -0.03736673295497894,
          "y": -0.0017664837650954723,
          "z": 0.0030844639986753464
        },
        "scale": {
          "x": 1.0,
          "y": 1.0,
          "z": 1.0
        },
        "matrix_basis": [
          [
            0.9999747276306152,
            -0.006032565608620644,
            -0.003760990686714649,
            0.0
          ],
          [
            0.006296596489846706,
            0.9971884489059448,
            0.07466990500688553,
            0.0
          ],
          [
            0.003299965290352702,
            -0.07469170540571213,
            0.9972012042999268,
            0.0
          ],
          [
            0.0,
            0.0,
            0.0,
            1.0
          ]
        ],
        "rotation_mode": "QUATERNION"
      },
      "armature_space": {
        "head": {
          "x": 0.3839629888534546,
          "y": 0.04400821775197983,
          "z": 0.012730926275253296
        },
        "tail": {
          "x": 0.4307180941104889,
          "y": 0.03643299639225006,
          "z": -0.0017660697922110558
        }
      },
      "world_space": {
        "head": {
          "x": 0.3839629888534546,
          "y": 0.10725221782922745,
          "z": 0.9625849723815918
        },
        "tail": {
          "x": 0.4307180941104889,
          "y": 0.09967699646949768,
          "z": 0.9480879306793213
        },
        "rotation_quaternion": {
          "w": 0.34440213441848755,
          "x": 0.4963306486606598,
          "y": 0.5521973371505737,
          "z": -0.5745618939399719
        },
        "matrix": [
          [
            -0.27008503675460815,
            0.9439056515693665,
            -0.18998990952968597,
            0.3839629888534546
          ],
          [
            0.15238595008850098,
            -0.15293079614639282,
            -0.9764174818992615,
            0.10725221782922745
          ],
          [
            -0.9507075548171997,
            -0.29266953468322754,
            -0.1025352030992508,
            0.9625849723815918
          ],
          [
            0.0,
            0.0,
            0.0,
            1.0
          ]
        ]
      },
      "bone_length_armature_space": 0.049533693579973094,
      "parent": "lowerarm_l",
      "has_children": true,
      "is_end_bone": false
    },
    "thumb_01_l": {
      "name": "thumb_01_l",
      "local": {
        "location": {
          "x": 0.0,
          "y": 0.0,
          "z": 0.0
        },
        "rotation_quaternion": {
          "w": 0.987436830997467,
          "x": 0.15765175223350525,
          "y": -0.007413152605295181,
          "z": -0.007722142618149519
        },
        "scale": {
          "x": 1.0,
          "y": 1.0,
          "z": 1.0
        },
        "matrix_basis": [
          [
            0.9997708201408386,
            0.012912862934172153,
            -0.017074858769774437,
            0.0
          ],
          [
            -0.017587648704648018,
            0.9501726031303406,
            -0.31122779846191406,
            0.0
          ],
          [
            0.012205220758914948,
            0.3114567697048187,
            0.9501819610595703,
            0.0
          ],
          [
            0.0,
            0.0,
            0.0,
            1.0
          ]
        ],
        "rotation_mode": "QUATERNION"
      },
      "armature_space": {
        "head": {
          "x": 0.4307180941104889,
          "y": 0.03643299639225006,
          "z": -0.0017660697922110558
        },
        "tail": {
          "x": 0.4455564320087433,
          "y": 0.009955994784832,
          "z": -0.017174560576677322
        }
      },
      "world_space": {
        "head": {
          "x": 0.4307180941104889,
          "y": 0.09967699646949768,
          "z": 0.9480879306793213
        },
        "tail": {
          "x": 0.4455564320087433,
          "y": 0.07319999486207962,
          "z": 0.9326794743537903
        },
        "rotation_quaternion": {
          "w": 0.20280249416828156,
          "x": -0.9322332739830017,
          "y": -0.2644711136817932,
          "z": 0.14095215499401093
        },
        "matrix": [
          [
            0.820374608039856,
            0.4359269142150879,
            -0.3700718879699707,
            0.4307180941104889
          ],
          [
            0.550268828868866,
            -0.7778527736663818,
            0.3035619258880615,
            0.09967699646949768
          ],
          [
            -0.155531108379364,
            -0.45267724990844727,
            -0.8780133128166199,
            0.9480879306793213
          ],
          [
            0.0,
            0.0,
            0.0,
            1.0
          ]
        ]
      },
      "bone_length_armature_space": 0.03403864630410406,
      "parent": "metacarpal_thumb_l",
      "has_children": true,
      "is_end_bone": false
    },
    "thumb_02_l": {
      "name": "thumb_02_l",
      "local": {
        "location": {
          "x": 0.0,
          "y": 0.0,
          "z": 0.0
        },
        "rotation_quaternion": {
          "w": 0.9364722967147827,
          "x": 0.35063353180885315,
          "y": -0.008705043233931065,
          "z": -0.00022798823192715645
        },
        "scale": {
          "x": 1.0,
          "y": 1.0,
          "z": 1.0
        },
        "matrix_basis": [
          [
            0.9998483657836914,
            -0.005677550565451384,
            -0.01646394468843937,
            0.0
          ],
          [
            -0.006531569641083479,
            0.7541121244430542,
            -0.6567131876945496,
            0.0
          ],
          [
            0.01614418253302574,
            0.6567211747169495,
            0.7539606690406799,
            0.0
          ],
          [
            0.0,
            0.0,
            0.0,
            1.0
          ]
        ],
        "rotation_mode": "QUATERNION"
      },
      "armature_space": {
        "head": {
          "x": 0.4455564320087433,
          "y": 0.00995597243309021,
          "z": -0.017174506559967995
        },
        "tail": {
          "x": 0.45259833335876465,
          "y": 0.03949155658483505,
          "z": -0.04346610978245735
        }
      },
      "world_space": {
        "head": {
          "x": 0.4455564320087433,
          "y": 0.07319997251033783,
          "z": 0.9326795339584351
        },
        "tail": {
          "x": 0.45259833335876465,
          "y": 0.10273555666208267,
          "z": 0.9063879251480103
        },
        "rotation_quaternion": {
          "w": 0.8754630088806152,
          "x": -0.3623804748058319,
          "y": -0.3181949555873871,
          "z": 0.03157608583569527
        },
        "matrix": [
          [
            0.7955105304718018,
            0.17532722651958466,
            -0.5800202488899231,
            0.4455564320087433
          ],
          [
            0.2859022319316864,
            0.7353672385215759,
            0.6144065260887146,
            0.07319997251033783
          ],
          [
            0.5342540740966797,
            -0.6545996069908142,
            0.534869909286499,
            0.9326795339584351
          ],
          [
            0.0,
            0.0,
            0.0,
            1.0
          ]
        ]
      },
      "bone_length_armature_space": 0.040164505179613744,
      "parent": "thumb_01_l",
      "has_children": true,
      "is_end_bone": false
    },
    "thumb_03_l": {
      "name": "thumb_03_l",
      "local": {
        "location": {
          "x": 0.0,
          "y": 0.0,
          "z": 0.0
        },
        "rotation_quaternion": {
          "w": 0.9861417412757874,
          "x": 0.16587388515472412,
          "y": 0.0029160629492253065,
          "z": -0.001336634042672813
        },
        "scale": {
          "x": 1.0,
          "y": 1.0,
          "z": 1.0
        },
        "matrix_basis": [
          [
            0.9999794363975525,
            0.0036036185920238495,
            0.0053078774362802505,
            0.0
          ],
          [
            -0.0016688238829374313,
            0.9449681639671326,
            -0.327158123254776,
            0.0
          ],
          [
            -0.006194727960973978,
            0.32714253664016724,
            0.9449546933174133,
            0.0
          ],
          [
            0.0,
            0.0,
            0.0,
            1.0
          ]
        ],
        "rotation_mode": "QUATERNION"
      },
      "armature_space": {
        "head": {
          "x": 0.4525984227657318,
          "y": 0.039491504430770874,
          "z": -0.04346608370542526
        },
        "tail": {
          "x": 0.4467971622943878,
          "y": 0.06827181577682495,
          "z": -0.05152405425906181
        }
      },
      "world_space": {
        "head": {
          "x": 0.4525984227657318,
          "y": 0.1027355045080185,
          "z": 0.9063879251480103
        },
        "tail": {
          "x": 0.4467971622943878,
          "y": 0.13151581585407257,
          "z": 0.8983299732208252
        },
        "rotation_quaternion": {
          "w": 0.9826374650001526,
          "x": -0.12544797360897064,
          "y": -0.08417902886867523,
          "z": 0.1077047735452652
        },
        "matrix": [
          [
            0.9626272320747375,
            -0.19054940342903137,
            -0.1924576461315155,
            0.4525984227657318
          ],
          [
            0.23278972506523132,
            0.9453251361846924,
            0.2284071147441864,
            0.1027355045080185
          ],
          [
            0.13841353356838226,
            -0.26467403769493103,
            0.9543601870536804,
            0.9063879251480103
          ],
          [
            0.0,
            0.0,
            0.0,
            1.0
          ]
        ]
      },
      "bone_length_armature_space": 0.030444898008413546,
      "parent": "thumb_02_l",
      "has_children": false,
      "is_end_bone": true
    },
    "metacarpal_index_l": {
      "name": "metacarpal_index_l",
      "local": {
        "location": {
          "x": 0.0,
          "y": 0.0,
          "z": 0.0
        },
        "rotation_quaternion": {
          "w": 0.9998137354850769,
          "x": 0.008514703251421452,
          "y": -0.014593686908483505,
          "z": -0.009336360730230808
        },
        "scale": {
          "x": 1.0,
          "y": 1.0,
          "z": 1.0
        },
        "matrix_basis": [
          [
            0.999399721622467,
            0.01842072233557701,
            -0.02934093028306961,
            0.0
          ],
          [
            -0.018917765468358994,
            0.9996806383132935,
            -0.016753731295466423,
            0.0
          ],
          [
            0.02902294509112835,
            0.017298737540841103,
            0.9994290471076965,
            0.0
          ],
          [
            0.0,
            0.0,
            0.0,
            1.0
          ]
        ],
        "rotation_mode": "QUATERNION"
      },
      "armature_space": {
        "head": {
          "x": 0.3839629888534546,
          "y": 0.04400821775197983,
          "z": 0.012730926275253296
        },
        "tail": {
          "x": 0.47919604182243347,
          "y": 0.0387989766895771,
          "z": -0.05533381551504135
        }
      },
      "world_space": {
        "head": {
          "x": 0.3839629888534546,
          "y": 0.10725221782922745,
          "z": 0.9625849723815918
        },
        "tail": {
          "x": 0.47919604182243347,
          "y": 0.10204297304153442,
          "z": 0.8945202231407166
        },
        "rotation_quaternion": {
          "w": 0.4383024573326111,
          "x": 0.18815892934799194,
          "y": 0.5344733595848083,
          "z": -0.6977288126945496
        },
        "matrix": [
          [
            -0.5449731349945068,
            0.8127647638320923,
            0.20595596730709076,
            0.3839629888534546
          ],
          [
            -0.41050392389297485,
            -0.044458162039518356,
            -0.9107746481895447,
            0.10725221782922745
          ],
          [
            -0.7310944199562073,
            -0.5808972716331482,
            0.3578731417655945,
            0.9625849723815918
          ],
          [
            0.0,
            0.0,
            0.0,
            1.0
          ]
        ]
      },
      "bone_length_armature_space": 0.11717201077150083,
      "parent": "lowerarm_l",
      "has_children": true,
      "is_end_bone": false
    },
    "index_01_l": {
      "name": "index_01_l",
      "local": {
        "location": {
          "x": 0.0,
          "y": 0.0,
          "z": 0.0
        },
        "rotation_quaternion": {
          "w": 0.9746525287628174,
          "x": 0.22314022481441498,
          "y": -0.006591940298676491,
          "z": 0.014746745117008686
        },
        "scale": {
          "x": 1.0,
          "y": 1.0,
          "z": 1.0
        },
        "matrix_basis": [
          [
            0.9994781613349915,
            -0.03168775886297226,
            -0.006268518511205912,
            0.0
          ],
          [
            0.025804050266742706,
            0.8999819755554199,
            -0.4351627826690674,
            0.0
          ],
          [
            0.019430886954069138,
            0.4347739517688751,
            0.9003299474716187,
            0.0
          ],
          [
            0.0,
            0.0,
            0.0,
            1.0
          ]
        ],
        "rotation_mode": "QUATERNION"
      },
      "armature_space": {
        "head": {
          "x": 0.47919604182243347,
          "y": 0.0387989766895771,
          "z": -0.05533381551504135
        },
        "tail": {
          "x": 0.4971581697463989,
          "y": 0.02600790746510029,
          "z": -0.07341212034225464
        }
      },
      "world_space": {
        "head": {
          "x": 0.47919604182243347,
          "y": 0.10204297304153442,
          "z": 0.8945202231407166
        },
        "tail": {
          "x": 0.4971581697463989,
          "y": 0.08925190567970276,
          "z": 0.8764418959617615
        },
        "rotation_quaternion": {
          "w": 0.30084699392318726,
          "x": 0.14571979641914368,
          "y": 0.43034806847572327,
          "z": -0.8384851813316345
        },
        "matrix": [
          [
            -0.7765134572982788,
            0.6299323439598083,
            0.014571845531463623,
            0.47919604182243347
          ],
          [
            -0.3790934383869171,
            -0.4485832750797272,
            -0.8093587756156921,
            0.10204297304153442
          ],
          [
            -0.5033084154129028,
            -0.6340067386627197,
            0.5871372222900391,
            0.8945202231407166
          ],
          [
            0.0,
            0.0,
            0.0,
            1.0
          ]
        ]
      },
      "bone_length_armature_space": 0.028514462981732592,
      "parent": "metacarpal_index_l",
      "has_children": true,
      "is_end_bone": false
    },
    "index_02_l": {
      "name": "index_02_l",
      "local": {
        "location": {
          "x": 0.0,
          "y": 0.0,
          "z": 0.0
        },
        "rotation_quaternion": {
          "w": 0.9238017797470093,
          "x": 0.38271021842956543,
          "y": 0.010817057453095913,
          "z": 0.002515941159799695
        },
        "scale": {
          "x": 1.0,
          "y": 1.0,
          "z": 1.0
        },
        "matrix_basis": [
          [
            0.9997532963752747,
            0.003631134983152151,
            0.021911386400461197,
            0.0
          ],
          [
            0.01292805839329958,
            0.7070531249046326,
            -0.7070423364639282,
            0.0
          ],
          [
            -0.018059881404042244,
            0.7071511745452881,
            0.7068317532539368,
            0.0
          ],
          [
            0.0,
            0.0,
            0.0,
            1.0
          ]
        ],
        "rotation_mode": "QUATERNION"
      },
      "armature_space": {
        "head": {
          "x": 0.49715858697891235,
          "y": 0.026007570326328278,
          "z": -0.07341205328702927
        },
        "tail": {
          "x": 0.5096458792686462,
          "y": 0.0036416593939065933,
          "z": -0.07479904592037201
        }
      },
      "world_space": {
        "head": {
          "x": 0.49715858697891235,
          "y": 0.0892515704035759,
          "z": 0.8764419555664062
        },
        "tail": {
          "x": 0.5096458792686462,
          "y": 0.06688565760850906,
          "z": 0.8750549554824829
        },
        "rotation_quaternion": {
          "w": 0.23817624151706696,
          "x": 0.22506023943424225,
          "y": 0.08570263534784317,
          "z": -0.9408906698226929
        },
        "matrix": [
          [
            -0.785240113735199,
            0.4867723286151886,
            -0.3826889395713806,
            0.49715858697891235
          ],
          [
            -0.40961953997612,
            -0.871854305267334,
            -0.26848170161247253,
            0.0892515704035759
          ],
          [
            -0.46434199810028076,
            -0.05406689643859863,
            0.8840121030807495,
            0.8764419555664062
          ],
          [
            0.0,
            0.0,
            0.0,
            1.0
          ]
        ]
      },
      "bone_length_armature_space": 0.0256532684603048,
      "parent": "index_01_l",
      "has_children": true,
      "is_end_bone": false
    },
    "index_03_l": {
      "name": "index_03_l",
      "local": {
        "location": {
          "x": 0.0,
          "y": 0.0,
          "z": 0.0
        },
        "rotation_quaternion": {
          "w": 0.9697223901748657,
          "x": 0.2441554218530655,
          "y": -0.00022653109044767916,
          "z": -0.005172533914446831
        },
        "scale": {
          "x": 1.0,
          "y": 1.0,
          "z": 1.0
        },
        "matrix_basis": [
          [
            0.9999464154243469,
            0.009921226650476456,
            -0.0029651490040123463,
            0.0
          ],
          [
            -0.010142461396753788,
            0.8807227611541748,
            -0.4735236167907715,
            0.0
          ],
          [
            -0.002086459891870618,
            0.47352829575538635,
            0.8807761669158936,
            0.0
          ],
          [
            0.0,
            0.0,
            0.0,
            1.0
          ]
        ],
        "rotation_mode": "QUATERNION"
      },
      "armature_space": {
        "head": {
          "x": 0.509645938873291,
          "y": 0.0036417171359062195,
          "z": -0.07479915767908096
        },
        "tail": {
          "x": 0.5125181674957275,
          "y": -0.02320210263133049,
          "z": -0.06362362205982208
        }
      },
      "world_space": {
        "head": {
          "x": 0.509645938873291,
          "y": 0.06688571721315384,
          "z": 0.8750548362731934
        },
        "tail": {
          "x": 0.5125181674957275,
          "y": 0.04004189744591713,
          "z": 0.8862304091453552
        },
        "rotation_quaternion": {
          "w": 0.10779702663421631,
          "x": 0.30123817920684814,
          "y": -0.17035074532032013,
          "z": -0.9319957494735718
        },
        "matrix": [
          [
            -0.7952708005905151,
            0.09830082952976227,
            -0.5982319116592407,
            0.509645938873291
          ],
          [
            -0.3035654127597809,
            -0.918721079826355,
            0.25258690118789673,
            0.06688571721315384
          ],
          [
            -0.524782657623291,
            0.3824792206287384,
            0.7604780197143555,
            0.8750548362731934
          ],
          [
            0.0,
            0.0,
            0.0,
            1.0
          ]
        ]
      },
      "bone_length_armature_space": 0.02921870872410296,
      "parent": "index_02_l",
      "has_children": false,
      "is_end_bone": true
    },
    "metacarpal_pinky_l": {
      "name": "metacarpal_pinky_l",
      "local": {
        "location": {
          "x": 0.0,
          "y": 0.0,
          "z": 0.0
        },
        "rotation_quaternion": {
          "w": 0.9998719096183777,
          "x": 0.003017416223883629,
          "y": -0.015300136990845203,
          "z": 0.003627816680818796
        },
        "scale": {
          "x": 1.0,
          "y": 1.0,
          "z": 1.0
        },
        "matrix_basis": [
          [
            0.9995054602622986,
            -0.007347037550061941,
            -0.030574461445212364,
            0.0
          ],
          [
            0.007162370253354311,
            0.9999554753303528,
            -0.00614507170394063,
            0.0
          ],
          [
            0.030618248507380486,
            0.005923047196120024,
            0.9995136260986328,
            0.0
          ],
          [
            0.0,
            0.0,
            0.0,
            1.0
          ]
        ],
        "rotation_mode": "QUATERNION"
      },
      "armature_space": {
        "head": {
          "x": 0.3839629888534546,
          "y": 0.04400821775197983,
          "z": 0.012730926275253296
        },
        "tail": {
          "x": 0.42001721262931824,
          "y": 0.06046387925744057,
          "z": -0.08356364816427231
        }
      },
      "world_space": {
        "head": {
          "x": 0.3839629888534546,
          "y": 0.10725221782922745,
          "z": 0.9625849723815918
        },
        "tail": {
          "x": 0.42001721262931824,
          "y": 0.12370787560939789,
          "z": 0.8662903904914856
        },
        "rotation_quaternion": {
          "w": 0.7606481909751892,
          "x": -0.601218581199646,
          "y": 0.020717525854706764,
          "z": -0.24397021532058716
        },
        "matrix": [
          [
            0.8800979256629944,
            0.34623977541923523,
            0.32487809658050537,
            0.3839629888534546
          ],
          [
            -0.3960641324520111,
            0.15802882611751556,
            0.9045222997665405,
            0.10725221782922745
          ],
          [
            0.26184290647506714,
            -0.9247466921806335,
            0.27621665596961975,
            0.9625849723815918
          ],
          [
            0.0,
            0.0,
            0.0,
            1.0
          ]
        ]
      },
      "bone_length_armature_space": 0.1041313647388787,
      "parent": "lowerarm_l",
      "has_children": true,
      "is_end_bone": false
    },
    "pinky_01_l": {
      "name": "pinky_01_l",
      "local": {
        "location": {
          "x": 0.0,
          "y": 0.0,
          "z": 0.0
        },
        "rotation_quaternion": {
          "w": 0.9536306858062744,
          "x": 0.3005256652832031,
          "y": -0.009588075801730156,
          "z": -0.013454653322696686
        },
        "scale": {
          "x": 1.0,
          "y": 1.0,
          "z": 1.0
        },
        "matrix_basis": [
          [
            0.9994540810585022,
            0.019898613914847374,
            -0.026373904198408127,
            0.0
          ],
          [
            -0.03142446652054787,
            0.819006621837616,
            -0.5729230046272278,
            0.0
          ],
          [
            0.010200029239058495,
            0.5734390020370483,
            0.8191847801208496,
            0.0
          ],
          [
            0.0,
            0.0,
            0.0,
            1.0
          ]
        ],
        "rotation_mode": "QUATERNION"
      },
      "armature_space": {
        "head": {
          "x": 0.42001721262931824,
          "y": 0.06046387925744057,
          "z": -0.08356364816427231
