{
  "metadata": {
    "armature_name": "KIM_caucasian_male",
    "export_time": "2026-01-13T21:08:17.371428",
    "blender_version": "4.4.1",
    "bone_count": 56,
    "end_bone_count": 13,
    "spaces_included": [
      "LOCAL_CHANNELS",
      "ARMATURE_SPACE",
      "WORLD_SPACE"
    ],
    "note": "LOCAL matches Transform panel; replay pose via local.matrix_basis for best fidelity."
  },
  "bones": {
    "Root": {
      "name": "Root",
      "local": {
        "location": {
          "x": 0.0,
          "y": 0.0,
          "z": 0.0
        },
        "rotation_quaternion": {
          "w": 0.9998370409011841,
          "x": 0.008637244813144207,
          "y": -0.01314055360853672,
          "z": -0.008876562118530273
        },
        "scale": {
          "x": 1.0,
          "y": 1.0,
          "z": 1.0
        },
        "matrix_basis": [
          [
            0.9994970560073853,
            0.017523234710097313,
            -0.02643016166985035,
            0.0
          ],
          [
            -0.01797722838819027,
            0.9996932148933411,
            -0.017038388177752495,
            0.0
          ],
          [
            0.02612348645925522,
            0.017504960298538208,
            0.9995054602622986,
            0.0
          ],
          [
            0.0,
            0.0,
            0.0,
            1.0
          ]
        ],
        "rotation_mode": "QUATERNION"
      },
      "armature_space": {
        "head": {
          "x": 0.0,
          "y": 0.07072800397872925,
          "z": -0.009595036506652832
        },
        "tail": {
          "x": 0.0012507360661402345,
          "y": -0.00014626234769821167,
          "z": -0.0012410441413521767
        }
      },
      "world_space": {
        "head": {
          "x": 0.0,
          "y": 0.13397200405597687,
          "z": 0.9402589797973633
        },
        "tail": {
          "x": 0.0012507360661402345,
          "y": 0.06309773772954941,
          "z": 0.9486129879951477
        },
        "rotation_quaternion": {
          "w": 0.05873904377222061,
          "x": 0.9981474280357361,
          "y": 0.007971145212650299,
          "z": -0.013708696700632572
        },
        "matrix": [
          [
            0.9994970560073853,
            0.017523234710097313,
            -0.02643016166985035,
            0.0
          ],
          [
            0.014302278868854046,
            -0.9929723739624023,
            -0.11747948825359344,
            0.13397200405597687
          ],
          [
            -0.028303226456046104,
            0.11704225093126297,
            -0.9927306175231934,
            0.9402589797973633
          ],
          [
            0.0,
            0.0,
            0.0,
            1.0
          ]
        ]
      },
      "bone_length_armature_space": 0.07137587088049101,
      "parent": null,
      "has_children": true,
      "is_end_bone": false
    },
    "spine_01": {
      "name": "spine_01",
      "local": {
        "location": {
          "x": 0.0,
          "y": 0.0,
          "z": 0.0
        },
        "rotation_quaternion": {
          "w": 0.9954553842544556,
          "x": 0.05723469704389572,
          "y": 0.03547442704439163,
          "z": -0.06733792275190353
        },
        "scale": {
          "x": 1.0,
          "y": 1.0,
          "z": 1.0
        },
        "matrix_basis": [
          [
            0.9884143471717834,
            0.1381245255470276,
            0.0629182904958725,
            0.0
          ],
          [
            -0.13000306487083435,
            0.9843795895576477,
            -0.11872672289609909,
            0.0
          ],
          [
            -0.07833454757928848,
            0.10917162895202637,
            0.990931510925293,
            0.0
          ],
          [
            0.0,
            0.0,
            0.0,
            1.0
          ]
        ],
        "rotation_mode": "QUATERNION"
      },
      "armature_space": {
        "head": {
          "x": 0.0012507360661402345,
          "y": -0.00014626234769821167,
          "z": -0.0012410441413521767
        },
        "tail": {
          "x": 0.08281561732292175,
          "y": -0.038174767047166824,
          "z": 0.47839364409446716
        }
      },
      "world_space": {
        "head": {
          "x": 0.0012507360661402345,
          "y": 0.06309773772954941,
          "z": 0.9486129879951477
        },
        "tail": {
          "x": 0.08281561732292175,
          "y": 0.025069233030080795,
          "z": 1.4282476902008057
        },
        "rotation_quaternion": {
          "w": 0.6733807921409607,
          "x": 0.7335617542266846,
          "y": 0.08714691549539566,
          "z": -0.02917022444307804
        },
        "matrix": [
          [
            0.9831089377403259,
            0.16714072227478027,
            0.07457089424133301,
            0.0012507360661402345
          ],
          [
            0.08857099711894989,
            -0.07792706787586212,
            -0.9930170178413391,
            0.06309773772954941
          ],
          [
            -0.1601635366678238,
            0.982855498790741,
            -0.09141618013381958,
            0.9486129879951477
          ],
          [
            0.0,
            0.0,
            0.0,
            1.0
          ]
        ]
      },
      "bone_length_armature_space": 0.4880045522857485,
      "parent": "Root",
      "has_children": true,
      "is_end_bone": false
    },
    "neck_01": {
      "name": "neck_01",
      "local": {
        "location": {
          "x": 0.0,
          "y": 0.0,
          "z": 0.0
        },
        "rotation_quaternion": {
          "w": 0.9989036321640015,
          "x": -0.0028856690041720867,
          "y": -0.03311965614557266,
          "z": -0.03295910358428955
        },
        "scale": {
          "x": 1.0,
          "y": 1.0,
          "z": 1.0
        },
        "matrix_basis": [
          [
            0.9956335425376892,
            0.06603708118200302,
            -0.06597647070884705,
            0.0
          ],
          [
            -0.06565479189157486,
            0.9978107213973999,
            0.007948199287056923,
            0.0
          ],
          [
            0.06635690480470657,
            -0.0035818221513181925,
            0.9977895021438599,
            0.0
          ],
          [
            0.0,
            0.0,
            0.0,
            1.0
          ]
        ],
        "rotation_mode": "QUATERNION"
      },
      "armature_space": {
        "head": {
          "x": 0.0976395532488823,
          "y": -0.07831872999668121,
          "z": 0.5471864342689514
        },
        "tail": {
          "x": 0.12300819903612137,
          "y": -0.12336842715740204,
          "z": 0.6357171535491943
        }
      },
      "world_space": {
        "head": {
          "x": 0.0976395532488823,
          "y": -0.015074729919433594,
          "z": 1.4970405101776123
        },
        "tail": {
          "x": 0.12300819903612137,
          "y": -0.06012442708015442,
          "z": 1.5855711698532104
        },
        "rotation_quaternion": {
          "w": 0.5216705203056335,
          "x": 0.8434404134750366,
          "y": 0.09028176218271255,
          "z": -0.09119995683431625
        },
        "matrix": [
          [
            0.9670636057853699,
            0.2474474459886551,
            -0.059647638350725174,
            0.0976395532488823
          ],
          [
            0.05714292824268341,
            -0.4394178092479706,
            -0.8964636921882629,
            -0.015074729919433594
          ],
          [
            -0.24803952872753143,
            0.8635343909263611,
            -0.43908873200416565,
            1.4970405101776123
          ],
          [
            0.0,
            0.0,
            0.0,
            1.0
          ]
        ]
      },
      "bone_length_armature_space": 0.10252186114353957,
      "parent": "spine_01",
      "has_children": true,
      "is_end_bone": false
    },
    "head": {
      "name": "head",
      "local": {
        "location": {
          "x": 0.0,
          "y": 0.0,
          "z": 0.0
        },
        "rotation_quaternion": {
          "w": 0.9943989515304565,
          "x": -0.09037139266729355,
          "y": -0.05358922481536865,
          "z": -0.011488858610391617
        },
        "scale": {
          "x": 1.0,
          "y": 1.0,
          "z": 1.0
        },
        "matrix_basis": [
          [
            0.9939923882484436,
            0.0325348824262619,
            -0.10450161248445511,
            0.0
          ],
          [
            -0.013163152150809765,
            0.9834020137786865,
            0.18096178770065308,
            0.0
          ],
          [
            0.10865466296672821,
            -0.17849907279014587,
            0.9779224395751953,
            0.0
          ],
          [
            0.0,
            0.0,
            0.0,
            1.0
          ]
        ],
        "rotation_mode": "QUATERNION"
      },
      "armature_space": {
        "head": {
          "x": 0.12300816923379898,
          "y": -0.12336853891611099,
          "z": 0.6357170343399048
        },
        "tail": {
          "x": 0.1654161661863327,
          "y": -0.10861978679895401,
          "z": 0.7841668128967285
        }
      },
      "world_space": {
        "head": {
          "x": 0.12300816923379898,
          "y": -0.06012453883886337,
          "z": 1.585571050643921
        },
        "tail": {
          "x": 0.1654161661863327,
          "y": -0.04537578672170639,
          "z": 1.7340208292007446
        },
        "rotation_quaternion": {
          "w": 0.7352961301803589,
          "x": 0.6634136438369751,
          "y": 0.08299533277750015,
          "z": -0.11105749756097794
        },
        "matrix": [
          [
            0.961556077003479,
            0.27344080805778503,
            -0.0253034308552742,
            0.12300816923379898
          ],
          [
            -0.053201716393232346,
            0.09509788453578949,
            -0.994045615196228,
            -0.06012453883886337
          ],
          [
            -0.2694081962108612,
            0.957183301448822,
            0.10598918795585632,
            1.585571050643921
          ],
          [
            0.0,
            0.0,
            0.0,
            1.0
          ]
        ]
      },
      "bone_length_armature_space": 0.15509126524811478,
      "parent": "neck_01",
      "has_children": false,
      "is_end_bone": true
    },
    "upperarm_l": {
      "name": "upperarm_l",
      "local": {
        "location": {
          "x": 0.0,
          "y": 0.0,
          "z": 0.0
        },
        "rotation_quaternion": {
          "w": 0.9792605638504028,
          "x": 0.05592910945415497,
          "y": 0.04746069386601448,
          "z": -0.1888606995344162
        },
        "scale": {
          "x": 1.0,
          "y": 1.0,
          "z": 1.0
        },
        "matrix_basis": [
          [
            0.9241582155227661,
            0.37519654631614685,
            0.07182715088129044,
            0.0
          ],
          [
            -0.36457881331443787,
            0.9224071502685547,
            -0.12746526300907135,
            0.0
          ],
          [
            -0.11407839506864548,
            0.09161142259836197,
            0.9892388582229614,
            0.0
          ],
          [
            0.0,
            0.0,
            0.0,
            1.0
          ]
        ],
        "rotation_mode": "QUATERNION"
      },
      "armature_space": {
        "head": {
          "x": 0.23411056399345398,
          "y": -0.06296263635158539,
          "z": 0.45681488513946533
        },
        "tail": {
          "x": 0.45866310596466064,
          "y": -0.04526572674512863,
          "z": 0.31165674328804016
        }
      },
      "world_space": {
        "head": {
          "x": 0.23411056399345398,
          "y": 0.00028136372566223145,
          "z": 1.4066689014434814
        },
        "tail": {
          "x": 0.45866310596466064,
          "y": 0.017978273332118988,
          "z": 1.2615107297897339
        },
        "rotation_quaternion": {
          "w": 0.29715606570243835,
          "x": 0.3732096552848816,
          "y": 0.6668722629547119,
          "z": -0.5724459290504456
        },
        "matrix": [
          [
            -0.5448249578475952,
            0.837978184223175,
            -0.030955620110034943,
            0.23411056399345398
          ],
          [
            0.15755757689476013,
            0.0660407766699791,
            -0.9852992296218872,
            0.00028136372566223145
          ],
          [
            -0.8236205577850342,
            -0.5416966676712036,
            -0.1680125892162323,
            1.4066689014434814
          ],
          [
            0.0,
            0.0,
            0.0,
            1.0
          ]
        ]
      },
      "bone_length_armature_space": 0.2679699846387314,
      "parent": "spine_01",
      "has_children": true,
      "is_end_bone": false
    },
    "lowerarm_l": {
      "name": "lowerarm_l",
      "local": {
        "location": {
          "x": 0.0,
          "y": 0.0,
          "z": 0.0
        },
        "rotation_quaternion": {
          "w": 0.9326050281524658,
          "x": 0.2540374994277954,
          "y": -0.06980336457490921,
          "z": 0.246658593416214
        },
        "scale": {
          "x": 1.0,
          "y": 1.0,
          "z": 1.0
        },
        "matrix_basis": [
          [
            0.8685740828514099,
            -0.4955354332923889,
            -0.00487687299028039,
            0.0
          ],
          [
            0.42460474371910095,
            0.7492489814758301,
            -0.5082684755325317,
            0.0
          ],
          [
            0.25551900267601013,
            0.4393981099128723,
            0.8611848950386047,
            0.0
          ],
          [
            0.0,
            0.0,
            0.0,
            1.0
          ]
        ],
        "rotation_mode": "QUATERNION"
      },
      "armature_space": {
        "head": {
          "x": 0.4586632251739502,
          "y": -0.045265793800354004,
          "z": 0.31165677309036255
        },
        "tail": {
          "x": 0.6909765005111694,
          "y": -0.17684364318847656,
          "z": 0.3286019563674927
        }
      },
      "world_space": {
        "head": {
          "x": 0.4586632251739502,
          "y": 0.017978206276893616,
          "z": 1.2615108489990234
        },
        "tail": {
          "x": 0.6909765005111694,
          "y": -0.11359964311122894,
          "z": 1.2784559726715088
        },
        "rotation_quaternion": {
          "w": 0.4176505506038666,
          "x": 0.5343381762504578,
          "y": 0.28222352266311646,
          "z": -0.6785282492637634
        },
        "matrix": [
          [
            -0.08010061085224152,
            0.8683815002441406,
            -0.4893844425678253,
            0.4586632251739502
          ],
          [
            -0.26517045497894287,
            -0.4918347895145416,
            -0.8293272256851196,
            0.017978206276893616
          ],
          [
            -0.9608757495880127,
            0.0633406937122345,
            0.26966652274131775,
            1.2615108489990234
          ],
          [
            0.0,
            0.0,
            0.0,
            1.0
          ]
        ]
      },
      "bone_length_armature_space": 0.26752444133583647,
      "parent": "upperarm_l",
      "has_children": true,
      "is_end_bone": false
    },
    "metacarpal_thumb_l": {
      "name": "metacarpal_thumb_l",
      "local": {
        "location": {
          "x": 0.0,
          "y": 0.0,
          "z": 0.0
        },
        "rotation_quaternion": {
          "w": 0.9998668432235718,
          "x": -0.013494367711246014,
          "y": -0.005671418737620115,
          "z": -0.007214663550257683
        },
        "scale": {
          "x": 1.0,
          "y": 1.0,
          "z": 1.0
        },
        "matrix_basis": [
          [
            0.9998315572738647,
            0.014580470509827137,
            -0.011146612465381622,
            0.0
          ],
          [
            -0.01427434105426073,
            0.9995316863059998,
            0.027066975831985474,
            0.0
          ],
          [
            0.01153604220598936,
            -0.0269033070653677,
            0.9995715022087097,
            0.0
          ],
          [
            0.0,
            0.0,
            0.0,
            1.0
          ]
        ],
        "rotation_mode": "QUATERNION"
      },
      "armature_space": {
        "head": {
          "x": 0.6909765005111694,
          "y": -0.17684364318847656,
          "z": 0.3286019563674927
        },
        "tail": {
          "x": 0.7108243107795715,
          "y": -0.22214336693286896,
          "z": 0.33135589957237244
        }
      },
      "world_space": {
        "head": {
          "x": 0.6909765005111694,
          "y": -0.11359964311122894,
          "z": 1.2784559726715088
        },
        "tail": {
          "x": 0.7108243107795715,
          "y": -0.15889936685562134,
          "z": 1.281209945678711
        },
        "rotation_quaternion": {
          "w": 0.05378131940960884,
          "x": 0.9707266688346863,
          "y": 0.19961361587047577,
          "z": -0.12227743119001389
        },
        "matrix": [
          [
            0.8904050588607788,
            0.40069305896759033,
            -0.21592476963996887,
            0.6909765005111694
          ],
          [
            0.37438806891441345,
            -0.9145238995552063,
            -0.1532311737537384,
            -0.11359964311122894
          ],
          [
            -0.258868545293808,
            0.0555976927280426,
            -0.9643185138702393,
            1.2784559726715088
          ],
          [
            0.0,
            0.0,
            0.0,
            1.0
          ]
        ]
      },
      "bone_length_armature_space": 0.049533672937465786,
      "parent": "lowerarm_l",
      "has_children": true,
      "is_end_bone": false
    },
    "thumb_01_l": {
      "name": "thumb_01_l",
      "local": {
        "location": {
          "x": 0.0,
          "y": 0.0,
          "z": 0.0
        },
        "rotation_quaternion": {
          "w": 0.999774158000946,
          "x": 0.018669381737709045,
          "y": -0.00978673156350851,
          "z": 0.0026920614764094353
        },
        "scale": {
          "x": 1.0,
          "y": 1.0,
          "z": 1.0
        },
        "matrix_basis": [
          [
            0.9997939467430115,
            -0.005748331546783447,
            -0.0194685235619545,
            0.0
          ],
          [
            0.005017482675611973,
            0.9992884397506714,
            -0.03738302364945412,
            0.0
          ],
          [
            0.019669560715556145,
            0.03727763891220093,
            0.9991113543510437,
            0.0
          ],
          [
            0.0,
            0.0,
            0.0,
            1.0
          ]
        ],
        "rotation_mode": "QUATERNION"
      },
      "armature_space": {
        "head": {
          "x": 0.7108243107795715,
          "y": -0.22214336693286896,
          "z": 0.33135589957237244
        },
        "tail": {
          "x": 0.711764395236969,
          "y": -0.2476121187210083,
          "z": 0.3087928295135498
        }
      },
      "world_space": {
        "head": {
          "x": 0.7108243107795715,
          "y": -0.15889936685562134,
          "z": 1.281209945678711
        },
        "tail": {
          "x": 0.711764395236969,
          "y": -0.18436811864376068,
          "z": 1.258646845817566
        },
        "rotation_quaternion": {
          "w": 0.3093474805355072,
          "x": -0.7953948974609375,
          "y": 0.17374899983406067,
          "z": -0.4913882315158844
        },
        "matrix": [
          [
            0.45669862627983093,
            0.027618996798992157,
            0.8891925811767578,
            0.7108243107795715
          ],
          [
            -0.5804172158241272,
            -0.748231828212738,
            0.3213491141796112,
            -0.15889936685562134
          ],
          [
            0.6742016673088074,
            -0.6628678441047668,
            -0.3256879448890686,
            1.281209945678711
          ],
          [
            0.0,
            0.0,
            0.0,
            1.0
          ]
        ]
      },
      "bone_length_armature_space": 0.034038701547405306,
      "parent": "metacarpal_thumb_l",
      "has_children": true,
      "is_end_bone": false
    },
    "thumb_02_l": {
      "name": "thumb_02_l",
      "local": {
        "location": {
          "x": 0.0,
          "y": 0.0,
          "z": 0.0
        },
        "rotation_quaternion": {
          "w": 0.997397243976593,
          "x": 0.07168687134981155,
          "y": -0.0013264799490571022,
          "z": 0.007610528264194727
        },
        "scale": {
          "x": 1.0,
          "y": 1.0,
          "z": 1.0
        },
        "matrix_basis": [
          [
            0.9998806118965149,
            -0.015371622517704964,
            -0.0015549049712717533,
            0.0
          ],
          [
            0.014991257339715958,
            0.9896061420440674,
            -0.14302076399326324,
            0.0
          ],
          [
            0.00373720470815897,
            0.14298038184642792,
            0.9897184371948242,
            0.0
          ],
          [
            0.0,
            0.0,
            0.0,
            1.0
          ]
        ],
        "rotation_mode": "QUATERNION"
      },
      "armature_space": {
        "head": {
          "x": 0.7117643356323242,
          "y": -0.2476120889186859,
          "z": 0.3087928295135498
        },
        "tail": {
          "x": 0.7479199767112732,
          "y": -0.2650894224643707,
          "z": 0.3080928325653076
        }
      },
      "world_space": {
        "head": {
          "x": 0.7117643356323242,
          "y": -0.1843680888414383,
          "z": 1.258646845817566
        },
        "tail": {
          "x": 0.7479199767112732,
          "y": -0.2018454223871231,
          "z": 1.2579468488693237
        },
        "rotation_quaternion": {
          "w": 0.48253223299980164,
          "x": -0.36977654695510864,
          "y": -0.22268569469451904,
          "z": -0.7621279358863831
        },
        "matrix": [
          [
            -0.2608548104763031,
            0.9001915454864502,
            0.3487260043621063,
            0.7117643356323242
          ],
          [
            -0.5708147287368774,
            -0.43514513969421387,
            0.6962897777557373,
            -0.1843680888414383
          ],
          [
            0.7785455584526062,
            -0.017428047955036163,
            0.6273573637008667,
            1.258646845817566
          ],
          [
            0.0,
            0.0,
            0.0,
            1.0
          ]
        ]
      },
      "bone_length_armature_space": 0.040164381088985894,
      "parent": "thumb_01_l",
      "has_children": true,
      "is_end_bone": false
    },
    "thumb_03_l": {
      "name": "thumb_03_l",
      "local": {
        "location": {
          "x": 0.0,
          "y": 0.0,
          "z": 0.0
        },
        "rotation_quaternion": {
          "w": 0.997184693813324,
          "x": 0.07441830635070801,
          "y": -0.005557807628065348,
          "z": -0.0073339566588401794
        },
        "scale": {
          "x": 1.0,
          "y": 1.0,
          "z": 1.0
        },
        "matrix_basis": [
          [
            0.9998306632041931,
            0.013799413107335567,
            -0.01217588223516941,
            0.0
          ],
          [
            -0.01545382384210825,
            0.9888162612915039,
            -0.14833606779575348,
            0.0
          ],
          [
            0.009992759674787521,
            0.14849911630153656,
            0.9888620376586914,
            0.0
          ],
          [
            0.0,
            0.0,
            0.0,
            1.0
          ]
        ],
        "rotation_mode": "QUATERNION"
      },
      "armature_space": {
        "head": {
          "x": 0.7479199171066284,
          "y": -0.2650894820690155,
          "z": 0.30809286236763
        },
        "tail": {
          "x": 0.7778792977333069,
          "y": -0.26722055673599243,
          "z": 0.31307122111320496
        }
      },
      "world_space": {
        "head": {
          "x": 0.7479199171066284,
          "y": -0.20184548199176788,
          "z": 1.2579468488693237
        },
        "tail": {
          "x": 0.7778792977333069,
          "y": -0.2039765566587448,
          "z": 1.2629252672195435
        },
        "rotation_quaternion": {
          "w": 0.6395474672317505,
          "x": -0.13790267705917358,
          "y": -0.23659954965114594,
          "z": -0.7183193564414978
        },
        "matrix": [
          [
            -0.14392320811748505,
            0.9840537905693054,
            -0.10451944172382355,
            0.7479199171066284
          ],
          [
            -0.8535435199737549,
            -0.06999755650758743,
            0.5162984132766724,
            -0.20184548199176788
          ],
          [
            0.5007519721984863,
            0.1635201871395111,
            0.8500134348869324,
            1.2579468488693237
          ],
          [
            0.0,
            0.0,
            0.0,
            1.0
          ]
        ]
      },
      "bone_length_armature_space": 0.030444868119993633,
      "parent": "thumb_02_l",
      "has_children": false,
      "is_end_bone": true
    },
    "metacarpal_index_l": {
      "name": "metacarpal_index_l",
      "local": {
        "location": {
          "x": 0.0,
          "y": 0.0,
          "z": 0.0
        },
        "rotation_quaternion": {
          "w": 0.9995055794715881,
          "x": -0.026040155440568924,
          "y": 0.014530960470438004,
          "z": -0.009971300140023232
        },
        "scale": {
          "x": 1.0,
          "y": 1.0,
          "z": 1.0
        },
        "matrix_basis": [
          [
            0.9993788599967957,
            0.01917596347630024,
            0.02956685982644558,
            0.0
          ],
          [
            -0.02068951725959778,
            0.9984449744224548,
            0.051764775067567825,
            0.0
          ],
          [
            -0.02852824330329895,
            -0.05234434828162193,
            0.9982215166091919,
            0.0
          ],
          [
            0.0,
            0.0,
            0.0,
            1.0
          ]
        ],
        "rotation_mode": "QUATERNION"
      },
      "armature_space": {
        "head": {
          "x": 0.6909765005111694,
          "y": -0.17684364318847656,
          "z": 0.3286019563674927
        },
        "tail": {
          "x": 0.774016797542572,
          "y": -0.25843945145606995,
          "z": 0.34185516834259033
        }
      },
      "world_space": {
        "head": {
          "x": 0.6909765005111694,
          "y": -0.11359964311122894,
          "z": 1.2784559726715088
        },
        "tail": {
          "x": 0.774016797542572,
          "y": -0.19519545137882233,
          "z": 1.2917091846466064
        },
        "rotation_quaternion": {
          "w": 0.2054164856672287,
          "x": 0.8493255972862244,
          "y": 0.3310810923576355,
          "z": -0.35613980889320374
        },
        "matrix": [
          [
            0.5270990133285522,
            0.7087059617042542,
            -0.46893709897994995,
            0.6909765005111694
          ],
          [
            0.4160776138305664,
            -0.6963779330253601,
            -0.5847543478012085,
            -0.11359964311122894
          ],
          [
            -0.7409812808036804,
            0.11310936510562897,
            -0.661942183971405,
            1.2784559726715088
          ],
          [
            0.0,
            0.0,
            0.0,
            1.0
          ]
        ]
      },
      "bone_length_armature_space": 0.1171717323310056,
      "parent": "lowerarm_l",
      "has_children": true,
      "is_end_bone": false
    },
    "index_01_l": {
      "name": "index_01_l",
      "local": {
        "location": {
          "x": 0.0,
          "y": 0.0,
          "z": 0.0
        },
        "rotation_quaternion": {
          "w": 0.9918124675750732,
          "x": -0.1269358992576599,
          "y": 0.011526533402502537,
          "z": 0.00789946224540472
        },
        "scale": {
          "x": 1.0,
          "y": 1.0,
          "z": 1.0
        },
        "matrix_basis": [
          [
            0.9996094703674316,
            -0.018595831468701363,
            0.020858868956565857,
            0.0
          ],
          [
            0.012743308208882809,
            0.9676497578620911,
            0.25197532773017883,
            0.0
          ],
          [
            -0.02486976981163025,
            -0.2516111135482788,
            0.967508852481842,
            0.0
          ],
          [
            0.0,
            0.0,
            0.0,
            1.0
          ]
        ],
        "rotation_mode": "QUATERNION"
      },
      "armature_space": {
        "head": {
          "x": 0.774016797542572,
          "y": -0.25843945145606995,
          "z": 0.34185516834259033
        },
        "tail": {
          "x": 0.8012901544570923,
          "y": -0.265945166349411,
          "z": 0.3454466760158539
        }
      },
      "world_space": {
        "head": {
          "x": 0.774016797542572,
          "y": -0.19519545137882233,
          "z": 1.2917091846466064
        },
        "tail": {
          "x": 0.8012901544570923,
          "y": -0.2027011662721634,
          "z": 1.2953007221221924
        },
        "rotation_quaternion": {
          "w": 0.2812866270542145,
          "x": 0.7462997436523438,
          "y": 0.5378326177597046,
          "z": -0.27322250604629517
        },
        "matrix": [
          [
            0.2721700072288513,
            0.9564768075942993,
            -0.10523912310600281,
            0.774016797542572
          ],
          [
            0.6490615010261536,
            -0.2632254362106323,
            -0.7137449979782104,
            -0.19519545137882233
          ],
          [
            -0.7103865742683411,
            0.12595395743846893,
            -0.6924600601196289,
            1.2917091846466064
          ],
          [
            0.0,
            0.0,
            0.0,
            1.0
          ]
        ]
      },
      "bone_length_armature_space": 0.028514394166227,
      "parent": "metacarpal_index_l",
      "has_children": true,
      "is_end_bone": false
    },
    "index_02_l": {
      "name": "index_02_l",
      "local": {
        "location": {
          "x": 0.0,
          "y": 0.0,
          "z": 0.0
        },
        "rotation_quaternion": {
          "w": 0.9998912811279297,
          "x": 0.006692167837172747,
          "y": 0.01303805597126484,
          "z": 0.001688120886683464
        },
        "scale": {
          "x": 1.0,
          "y": 1.0,
          "z": 1.0
        },
        "matrix_basis": [
          [
            0.9996542930603027,
            -0.0032013689633458853,
            0.02609587088227272,
            0.0
          ],
          [
            0.0035503804683685303,
            0.9999047517776489,
            -0.013338861055672169,
            0.0
          ],
          [
            -0.026050683110952377,
            0.013426899909973145,
            0.9995704293251038,
            0.0
          ],
          [
            0.0,
            0.0,
            0.0,
            1.0
          ]
        ],
        "rotation_mode": "QUATERNION"
      },
      "armature_space": {
        "head": {
          "x": 0.8012903928756714,
          "y": -0.2659456431865692,
          "z": 0.3454466760158539
        },
        "tail": {
          "x": 0.8260590434074402,
          "y": -0.2718527019023895,
          "z": 0.3485630452632904
        }
      },
      "world_space": {
        "head": {
          "x": 0.8012903928756714,
          "y": -0.2027016431093216,
          "z": 1.2953007221221924
        },
        "tail": {
          "x": 0.8260590434074402,
          "y": -0.2086087018251419,
          "z": 1.298417091369629
        },
        "rotation_quaternion": {
          "w": 0.2963617742061615,
          "x": 0.7304062247276306,
          "y": 0.5450100302696228,
          "z": -0.28572818636894226
        },
        "matrix": [
          [
            0.24264571070671082,
            0.9655155539512634,
            -0.09435246884822845,
            0.8012903928756714
          ],
          [
            0.6267999410629272,
            -0.23026494681835175,
            -0.7443791031837463,
            -0.2027016431093216
          ],
          [
            -0.7404402494430542,
            0.12148087471723557,
            -0.661063551902771,
            1.2953007221221924
          ],
          [
            0.0,
            0.0,
            0.0,
            1.0
          ]
        ]
      },
      "bone_length_armature_space": 0.02565328721512827,
      "parent": "index_01_l",
      "has_children": true,
      "is_end_bone": false
    },
    "index_03_l": {
      "name": "index_03_l",
      "local": {
        "location": {
          "x": 0.0,
          "y": 0.0,
          "z": 0.0
        },
        "rotation_quaternion": {
          "w": 0.9999594688415527,
          "x": 0.005599922966212034,
          "y": -0.0040060980245471,
          "z": 0.0058082095347344875
        },
        "scale": {
          "x": 1.0,
          "y": 1.0,
          "z": 1.0
        },
        "matrix_basis": [
          [
            0.9999004602432251,
            -0.01166081614792347,
            -0.007946819998323917,
            0.0
          ],
          [
            0.011571080423891544,
            0.9998698234558105,
            -0.011245928704738617,
            0.0
          ],
          [
            0.008076922036707401,
            0.01115285512059927,
            0.9999051690101624,
            0.0
          ],
          [
            0.0,
            0.0,
            0.0,
            1.0
          ]
        ],
        "rotation_mode": "QUATERNION"
      },
      "armature_space": {
        "head": {
          "x": 0.8260589838027954,
          "y": -0.2718525826931,
          "z": 0.34856316447257996
        },
        "tail": {
          "x": 0.8543287515640259,
          "y": -0.27923715114593506,
          "z": 0.34842368960380554
        }
      },
      "world_space": {
        "head": {
          "x": 0.8260589838027954,
          "y": -0.20860858261585236,
          "z": 1.2984172105789185
        },
        "tail": {
          "x": 0.8543287515640259,
          "y": -0.21599315106868744,
          "z": 1.298277735710144
        },
        "rotation_quaternion": {
          "w": 0.23016667366027832,
          "x": 0.7317031025886536,
          "y": 0.5662639141082764,
          "z": -0.3016276955604553
        },
        "matrix": [
          [
            0.17673100531101227,
            0.9675236940383911,
            -0.18073101341724396,
            0.8260589838027954
          ],
          [
            0.6898245215415955,
            -0.2527347505092621,
            -0.6784301996231079,
            -0.20860858261585236
          ],
          [
            -0.7020785808563232,
            -0.0047733779065310955,
            -0.7120935320854187,
            1.2984172105789185
          ],
          [
            0.0,
            0.0,
            0.0,
            1.0
          ]
        ]
      },
      "bone_length_armature_space": 0.029218676897562437,
      "parent": "index_02_l",
      "has_children": false,
      "is_end_bone": true
    },
    "metacarpal_pinky_l": {
      "name": "metacarpal_pinky_l",
      "local": {
        "location": {
          "x": 0.0,
          "y": 0.0,
          "z": 0.0
        },
        "rotation_quaternion": {
          "w": 0.9994508028030396,
          "x": -0.0254942886531353,
          "y": 0.014656411483883858,
          "z": 0.015276620164513588
        },
        "scale": {
          "x": 1.0,
          "y": 1.0,
          "z": 1.0
        },
        "matrix_basis": [
          [
            0.9991036057472229,
            -0.03128376975655556,
            0.028517792001366615,
            0.0
          ],
          [
            0.0297891516238451,
            0.9982333183288574,
            0.051408376544713974,
            0.0
          ],
          [
            -0.03007565811276436,
            -0.05051277205348015,
            0.9982704520225525,
            0.0
          ],
          [
            0.0,
            0.0,
            0.0,
            1.0
          ]
        ],
        "rotation_mode": "QUATERNION"
      },
      "armature_space": {
        "head": {
          "x": 0.6909765005111694,
          "y": -0.17684364318847656,
          "z": 0.3286019563674927
        },
        "tail": {
          "x": 0.7929456233978271,
          "y": -0.1963525414466858,
          "z": 0.32054537534713745
        }
      },
      "world_space": {
        "head": {
          "x": 0.6909765005111694,
          "y": -0.11359964311122894,
          "z": 1.2784559726715088
        },
        "tail": {
          "x": 0.7929456233978271,
          "y": -0.13310854136943817,
          "z": 1.2703993320465088
        },
        "rotation_quaternion": {
          "w": 0.6363565325737,
          "x": -0.015895945951342583,
          "y": 0.03708616644144058,
          "z": -0.7703390717506409
        },
        "matrix": [
          [
            -0.18959522247314453,
            0.9792413711547852,
            0.07169114053249359,
            0.6909765005111694
          ],
          [
            -0.9815998673439026,
            -0.18735003471374512,
            -0.03690602630376816,
            -0.11359964311122894
          ],
          [
            -0.022709570825099945,
            -0.07736991345882416,
            0.9967508912086487,
            1.2784559726715088
          ],
          [
            0.0,
            0.0,
            0.0,
            1.0
          ]
        ]
      },
      "bone_length_armature_space": 0.1041307258193687,
      "parent": "lowerarm_l",
      "has_children": true,
      "is_end_bone": false
    },
    "pinky_01_l": {
      "name": "pinky_01_l",
      "local": {
        "location": {
          "x": 0.0,
          "y": 0.0,
          "z": 0.0
        },
        "rotation_quaternion": {
          "w": 0.9587732553482056,
          "x": 0.2841704785823822,
          "y": 0.00010225690493825823,
          "z": -0.001071276725269854
        },
        "scale": {
          "x": 1.0,
          "y": 1.0,
          "z": 1.0
        },
        "matrix_basis": [
          [
            0.9999976754188538,
            0.0021123397164046764,
            -0.0004127680731471628,
            0.0
          ],
          [
            -0.0019961062353104353,
            0.8384919762611389,
            -0.5449103116989136,
            0.0
          ],
          [
            -0.0008049327880144119,
            0.5449098944664001,
            0.8384942412376404,
            0.0
          ],
          [
            0.0,
            0.0,
            0.0,
            1.0
          ]
        ],
        "rotation_mode": "QUATERNION"
      },
      "armature_space": {
        "head": {
          "x": 0.7929456233978271,
          "y": -0.1963525414466858,
          "z": 0.32054537534713745
        },
