{
  "metadata": {
    "armature_name": "KIM_caucasian_male",
    "export_time": "2026-01-13T21:05:31.883677",
    "blender_version": "4.4.1",
    "bone_count": 56,
    "end_bone_count": 13,
    "spaces_included": [
      "LOCAL_CHANNELS",
      "ARMATURE_SPACE",
      "WORLD_SPACE"
    ],
    "note": "LOCAL matches Transform panel; replay pose via local.matrix_basis for best fidelity."
  },
  "bones": {
    "Root": {
      "name": "Root",
      "local": {
        "location": {
          "x": 0.0,
          "y": 0.0,
          "z": 0.0
        },
        "rotation_quaternion": {
          "w": 0.9998449087142944,
          "x": -0.008360019885003567,
          "y": 0.0005299396580085158,
          "z": 0.015495738945901394
        },
        "scale": {
          "x": 1.0,
          "y": 1.0,
          "z": 1.0
        },
        "matrix_basis": [
          [
            0.9995192289352417,
            -0.030995532870292664,
            0.0008006255375221372,
            0.0
          ],
          [
            0.03097781166434288,
            0.9993799924850464,
            0.016733869910240173,
            0.0
          ],
          [
            -0.001318804337643087,
            -0.016701022163033485,
            0.999859631061554,
            0.0
          ],
          [
            0.0,
            0.0,
            0.0,
            1.0
          ]
        ],
        "rotation_mode": "QUATERNION"
      },
      "armature_space": {
        "head": {
          "x": 0.0,
          "y": 0.07072800397872925,
          "z": -0.009595036506652832
        },
        "tail": {
          "x": -0.0022123330272734165,
          "y": 0.00020410120487213135,
          "z": 0.0011752890422940254
        }
      },
      "world_space": {
        "head": {
          "x": 0.0,
          "y": 0.13397200405597687,
          "z": 0.9402589797973633
        },
        "tail": {
          "x": -0.0022123330272734165,
          "y": 0.06344810128211975,
          "z": 0.9510293006896973
        },
        "rotation_quaternion": {
          "w": 0.07569823414087296,
          "x": 0.9970102310180664,
          "y": -0.015424835495650768,
          "z": 0.0015726519050076604
        },
        "matrix": [
          [
            0.9995192289352417,
            -0.030995532870292664,
            0.0008006255375221372,
            0.0
          ],
          [
            -0.03051934391260147,
            -0.988063633441925,
            -0.15099281072616577,
            0.13397200405597687
          ],
          [
            0.005471180658787489,
            0.150895893573761,
            -0.9885415434837341,
            0.9402589797973633
          ],
          [
            0.0,
            0.0,
            0.0,
            1.0
          ]
        ]
      },
      "bone_length_armature_space": 0.07137587109870337,
      "parent": null,
      "has_children": true,
      "is_end_bone": false
    },
    "spine_01": {
      "name": "spine_01",
      "local": {
        "location": {
          "x": 0.0,
          "y": 0.0,
          "z": 0.0
        },
        "rotation_quaternion": {
          "w": 0.9971764087677002,
          "x": -0.052181731909513474,
          "y": -0.05041208863258362,
          "z": -0.01936751790344715
        },
        "scale": {
          "x": 1.0,
          "y": 1.0,
          "z": 1.0
        },
        "matrix_basis": [
          [
            0.9941670298576355,
            0.04388684406876564,
            -0.09851823002099991,
            0.0
          ],
          [
            -0.03336448222398758,
            0.9938039183616638,
            0.10602150112390518,
            0.0
          ],
          [
            0.10256075114011765,
            -0.10211607068777084,
            0.9894713759422302,
            0.0
          ],
          [
            0.0,
            0.0,
            0.0,
            1.0
          ]
        ],
        "rotation_mode": "QUATERNION"
      },
      "armature_space": {
        "head": {
          "x": -0.0022123330272734165,
          "y": 0.00020410120487213135,
          "z": 0.0011752890422940254
        },
        "tail": {
          "x": 0.019020158797502518,
          "y": 0.08004996925592422,
          "z": 0.48213502764701843
        }
      },
      "world_space": {
        "head": {
          "x": -0.0022123330272734165,
          "y": 0.06344810128211975,
          "z": 0.9510293006896973
        },
        "tail": {
          "x": 0.019020158797502518,
          "y": 0.14329397678375244,
          "z": 1.431989073753357
        },
        "rotation_quaternion": {
          "w": 0.7619409561157227,
          "x": 0.6440261602401733,
          "y": -0.03542414307594299,
          "z": -0.05849349498748779
        },
        "matrix": [
          [
            0.9906472563743591,
            0.043509095907211304,
            -0.12932512164115906,
            -0.0022123330272734165
          ],
          [
            -0.13476556539535522,
            0.16361817717552185,
            -0.9772754907608032,
            0.06344810128211975
          ],
          [
            -0.02136070467531681,
            0.9855707883834839,
            0.16795170307159424,
            0.9510293006896973
          ],
          [
            0.0,
            0.0,
            0.0,
            1.0
          ]
        ]
      },
      "bone_length_armature_space": 0.48800456445199025,
      "parent": "Root",
      "has_children": true,
      "is_end_bone": false
    },
    "neck_01": {
      "name": "neck_01",
      "local": {
        "location": {
          "x": 0.0,
          "y": 0.0,
          "z": 0.0
        },
        "rotation_quaternion": {
          "w": 0.9946413040161133,
          "x": -0.0037454916164278984,
          "y": 0.09144029766321182,
          "z": 0.04809875041246414
        },
        "scale": {
          "x": 1.0,
          "y": 1.0,
          "z": 1.0
        },
        "matrix_basis": [
          [
            0.9786503911018372,
            -0.0963669866323471,
            0.18154028058052063,
            0.0
          ],
          [
            0.09499703347682953,
            0.9953449368476868,
            0.01624717004597187,
            0.0
          ],
          [
            -0.1822609007358551,
            0.0013454867294058204,
            0.983249306678772,
            0.0
          ],
          [
            0.0,
            0.0,
            0.0,
            1.0
          ]
        ],
        "rotation_mode": "QUATERNION"
      },
      "armature_space": {
        "head": {
          "x": 0.017720777541399002,
          "y": 0.058137502521276474,
          "z": 0.5601216554641724
        },
        "tail": {
          "x": 0.00701032392680645,
          "y": 0.036911144852638245,
          "z": 0.659848690032959
        }
      },
      "world_space": {
        "head": {
          "x": 0.017720777541399002,
          "y": 0.12138150632381439,
          "z": 1.5099756717681885
        },
        "tail": {
          "x": 0.00701032392680645,
          "y": 0.10015514492988586,
          "z": 1.609702706336975
        },
        "rotation_quaternion": {
          "w": 0.6290980577468872,
          "x": 0.7752488851547241,
          "y": -0.026716189458966255,
          "z": 0.05010903626680374
        },
        "matrix": [
          [
            0.9935507774353027,
            -0.10447048395872116,
            0.044079095125198364,
            0.017720777541399002
          ],
          [
            0.02162301540374756,
            -0.20704330503940582,
            -0.9780929684638977,
            0.12138150632381439
          ],
          [
            0.11130888760089874,
            0.9727444052696228,
            -0.20345133543014526,
            1.5099756717681885
          ],
          [
            0.0,
            0.0,
            0.0,
            1.0
          ]
        ]
      },
      "bone_length_armature_space": 0.10252196429811514,
      "parent": "spine_01",
      "has_children": true,
      "is_end_bone": false
    },
    "head": {
      "name": "head",
      "local": {
        "location": {
          "x": 0.0,
          "y": 0.0,
          "z": 0.0
        },
        "rotation_quaternion": {
          "w": 0.9947776794433594,
          "x": -0.0768897607922554,
          "y": -0.06712117791175842,
          "z": 0.0003327534068375826
        },
        "scale": {
          "x": 1.0,
          "y": 1.0,
          "z": 1.0
        },
        "matrix_basis": [
          [
            0.9909892678260803,
            0.009659831412136555,
            -0.13359247148036957,
            0.0
          ],
          [
            0.010983893647789955,
            0.9881756901741028,
            0.15293176472187042,
            0.0
          ],
          [
            0.13349013030529022,
            -0.15302111208438873,
            0.9791654348373413,
            0.0
          ],
          [
            0.0,
            0.0,
            0.0,
            1.0
          ]
        ],
        "rotation_mode": "QUATERNION"
      },
      "armature_space": {
        "head": {
          "x": 0.007010338827967644,
          "y": 0.0369110107421875,
          "z": 0.6598485708236694
        },
        "tail": {
          "x": -0.008975336328148842,
          "y": 0.08496087044477463,
          "z": 0.8064396977424622
        }
      },
      "world_space": {
        "head": {
          "x": 0.007010338827967644,
          "y": 0.10015501081943512,
          "z": 1.6097025871276855
        },
        "tail": {
          "x": -0.008975336328148842,
          "y": 0.14820486307144165,
          "z": 1.756293773651123
        },
        "rotation_quaternion": {
          "w": 0.8041011691093445,
          "x": 0.5874387621879578,
          "y": -0.09127107262611389,
          "z": -0.002586045302450657
        },
        "matrix": [
          [
            0.9833260178565979,
            -0.10307339578866959,
            -0.14982002973556519,
            0.007010338827967644
          ],
          [
            -0.11139053106307983,
            0.3098187744617462,
            -0.9442482590675354,
            0.10015501081943512
          ],
          [
            0.14374478161334991,
            0.9451990127563477,
            0.29317253828048706,
            1.6097025871276855
          ],
          [
            0.0,
            0.0,
            0.0,
            1.0
          ]
        ]
      },
      "bone_length_armature_space": 0.15509123034406608,
      "parent": "neck_01",
      "has_children": false,
      "is_end_bone": true
    },
    "upperarm_l": {
      "name": "upperarm_l",
      "local": {
        "location": {
          "x": 0.0,
          "y": 0.0,
          "z": 0.0
        },
        "rotation_quaternion": {
          "w": 0.8247115612030029,
          "x": 0.536609411239624,
          "y": -0.11547544598579407,
          "z": -0.1362597942352295
        },
        "scale": {
          "x": 1.0,
          "y": 1.0,
          "z": 1.0
        },
        "matrix_basis": [
          [
            0.9361974000930786,
            0.10081963241100311,
            -0.33670443296432495,
            0.0
          ],
          [
            -0.3486804664134979,
            0.3869672119617462,
            -0.8536266684532166,
            0.0
          ],
          [
            0.044231295585632324,
            0.9165652990341187,
            0.39743152260780334,
            0.0
          ],
          [
            0.0,
            0.0,
            0.0,
            1.0
          ]
        ],
        "rotation_mode": "QUATERNION"
      },
      "armature_space": {
        "head": {
          "x": 0.1629812866449356,
          "y": 0.02380959689617157,
          "z": 0.49121516942977905
        },
        "tail": {
          "x": 0.24172329902648926,
          "y": -0.2323101907968521,
          "z": 0.49437493085861206
        }
      },
      "world_space": {
        "head": {
          "x": 0.1629812866449356,
          "y": 0.08705359697341919,
          "z": 1.4410691261291504
        },
        "tail": {
          "x": 0.24172329902648926,
          "y": -0.1690661907196045,
          "z": 1.4442288875579834
        },
        "rotation_quaternion": {
          "w": 0.12882260978221893,
          "x": 0.5278285145759583,
          "y": 0.07426195591688156,
          "z": -0.8362337946891785
        },
        "matrix": [
          [
            -0.40960362553596497,
            0.293846994638443,
            -0.8636428713798523,
            0.1629812866449356
          ],
          [
            -0.13705706596374512,
            -0.9557799100875854,
            -0.26019319891929626,
            0.08705359697341919
          ],
          [
            -0.9019156098365784,
            0.011791452765464783,
            0.43176746368408203,
            1.4410691261291504
          ],
          [
            0.0,
            0.0,
            0.0,
            1.0
          ]
        ]
      },
      "bone_length_armature_space": 0.2679694697692414,
      "parent": "spine_01",
      "has_children": true,
      "is_end_bone": false
    },
    "lowerarm_l": {
      "name": "lowerarm_l",
      "local": {
        "location": {
          "x": 0.0,
          "y": 0.0,
          "z": 0.0
        },
        "rotation_quaternion": {
          "w": 0.9536870121955872,
          "x": 0.2654378116130829,
          "y": -0.03519085422158241,
          "z": 0.13706059753894806
        },
        "scale": {
          "x": 1.0,
          "y": 1.0,
          "z": 1.0
        },
        "matrix_basis": [
          [
            0.9599519968032837,
            -0.2801077961921692,
            0.005640008952468634,
            0.0
          ],
          [
            0.2427438497543335,
            0.8215143084526062,
            -0.5159357190132141,
            0.0
          ],
          [
            0.13988424837589264,
            0.4966426193714142,
            0.8566087484359741,
            0.0
          ],
          [
            0.0,
            0.0,
            0.0,
            1.0
          ]
        ],
        "rotation_mode": "QUATERNION"
      },
      "armature_space": {
        "head": {
          "x": 0.24172332882881165,
          "y": -0.23231026530265808,
          "z": 0.4943750500679016
        },
        "tail": {
          "x": 0.21841754019260406,
          "y": -0.44376662373542786,
          "z": 0.6565870046615601
        }
      },
      "world_space": {
        "head": {
          "x": 0.24172332882881165,
          "y": -0.16906626522541046,
          "z": 1.4442291259765625
        },
        "tail": {
          "x": 0.21841754019260406,
          "y": -0.38052260875701904,
          "z": 1.6064410209655762
        },
        "rotation_quaternion": {
          "w": 0.11463629454374313,
          "x": 0.45749446749687195,
          "y": -0.30273640155792236,
          "z": -0.8281956911087036
        },
        "matrix": [
          [
            -0.555115282535553,
            -0.08711645007133484,
            -0.8271989226341248,
            0.24172332882881165
          ],
          [
            -0.46688327193260193,
            -0.7904187440872192,
            0.39655807614326477,
            -0.16906626522541046
          ],
          [
            -0.6883852481842041,
            0.6063442230224609,
            0.3981035649776459,
            1.4442291259765625
          ],
          [
            0.0,
            0.0,
            0.0,
            1.0
          ]
        ]
      },
      "bone_length_armature_space": 0.26752508183281626,
      "parent": "upperarm_l",
      "has_children": true,
      "is_end_bone": false
    },
    "metacarpal_thumb_l": {
      "name": "metacarpal_thumb_l",
      "local": {
        "location": {
          "x": 0.0,
          "y": 0.0,
          "z": 0.0
        },
        "rotation_quaternion": {
          "w": 0.9998023509979248,
          "x": 0.014280259609222412,
          "y": 0.012479934841394424,
          "z": -0.005972426384687424
        },
        "scale": {
          "x": 1.0,
          "y": 1.0,
          "z": 1.0
        },
        "matrix_basis": [
          [
            0.9996171593666077,
            0.01229892484843731,
            0.024784360080957413,
            0.0
          ],
          [
            -0.011586058884859085,
            0.9995208382606506,
            -0.028703944757580757,
            0.0
          ],
          [
            -0.02512551285326481,
            0.028405804187059402,
            0.9992806315422058,
            0.0
          ],
          [
            0.0,
            0.0,
            0.0,
            1.0
          ]
        ],
        "rotation_mode": "QUATERNION"
      },
      "armature_space": {
        "head": {
          "x": 0.21841754019260406,
          "y": -0.44376662373542786,
          "z": 0.6565870046615601
        },
        "tail": {
          "x": 0.18559396266937256,
          "y": -0.46823957562446594,
          "z": 0.6844667792320251
        }
      },
      "world_space": {
        "head": {
          "x": 0.21841754019260406,
          "y": -0.38052260875701904,
          "z": 1.6064410209655762
        },
        "tail": {
          "x": 0.18559396266937256,
          "y": -0.40499556064605713,
          "z": 1.6343207359313965
        },
        "rotation_quaternion": {
          "w": 0.26316532492637634,
          "x": 0.8541500568389893,
          "y": -0.42861440777778625,
          "z": -0.13214212656021118
        },
        "matrix": [
          [
            0.5976555347442627,
            -0.6626518964767456,
            -0.4513319730758667,
            0.21841754019260406
          ],
          [
            -0.801753044128418,
            -0.4940670132637024,
            -0.3362883925437927,
            -0.38052260875701904
          ],
          [
            -0.00014693662524223328,
            0.5628448128700256,
            -0.8265709280967712,
            1.6064410209655762
          ],
          [
            0.0,
            0.0,
            0.0,
            1.0
          ]
        ]
      },
      "bone_length_armature_space": 0.04953377099044644,
      "parent": "lowerarm_l",
      "has_children": true,
      "is_end_bone": false
    },
    "thumb_01_l": {
      "name": "thumb_01_l",
      "local": {
        "location": {
          "x": 0.0,
          "y": 0.0,
          "z": 0.0
        },
        "rotation_quaternion": {
          "w": 0.9801602363586426,
          "x": 0.19761352241039276,
          "y": 0.0144931236281991,
          "z": 0.004993081092834473
        },
        "scale": {
          "x": 1.0,
          "y": 1.0,
          "z": 1.0
        },
        "matrix_basis": [
          [
            0.999530017375946,
            -0.004059964790940285,
            0.030384568497538567,
            0.0
          ],
          [
            0.015516113489866257,
            0.921847939491272,
            -0.38724109530448914,
            0.0
          ],
          [
            -0.02643776684999466,
            0.3875305652618408,
            0.9214776754379272,
            0.0
          ],
          [
            0.0,
            0.0,
            0.0,
            1.0
          ]
        ],
        "rotation_mode": "QUATERNION"
      },
      "armature_space": {
        "head": {
          "x": 0.18559396266937256,
          "y": -0.46823957562446594,
          "z": 0.6844667792320251
        },
        "tail": {
          "x": 0.16569912433624268,
          "y": -0.494662880897522,
          "z": 0.67642742395401
        }
      },
      "world_space": {
        "head": {
          "x": 0.18559396266937256,
          "y": -0.40499556064605713,
          "z": 1.6343207359313965
        },
        "tail": {
          "x": 0.16569912433624268,
          "y": -0.43141889572143555,
          "z": 1.626281499862671
        },
        "rotation_quaternion": {
          "w": 0.1581726372241974,
          "x": 0.6029031872749329,
          "y": -0.29469388723373413,
          "z": 0.7243236899375916
        },
        "matrix": [
          [
            -0.22297899425029755,
            -0.584479033946991,
            0.7801697254180908,
            0.18559396266937256
          ],
          [
            -0.1262063980102539,
            -0.7762750387191772,
            -0.6176320910453796,
            -0.40499556064605713
          ],
          [
            0.9666255116462708,
            -0.23618364334106445,
            0.09932803362607956,
            1.6343207359313965
          ],
          [
            0.0,
            0.0,
            0.0,
            1.0
          ]
        ]
      },
      "bone_length_armature_space": 0.034038608576186825,
      "parent": "metacarpal_thumb_l",
      "has_children": true,
      "is_end_bone": false
    },
    "thumb_02_l": {
      "name": "thumb_02_l",
      "local": {
        "location": {
          "x": 0.0,
          "y": 0.0,
          "z": 0.0
        },
        "rotation_quaternion": {
          "w": 0.9302757978439331,
          "x": 0.3666592240333557,
          "y": -0.011663696728646755,
          "z": 0.0034540495835244656
        },
        "scale": {
          "x": 1.0,
          "y": 1.0,
          "z": 1.0
        },
        "matrix_basis": [
          [
            0.9997040629386902,
            -0.014979641884565353,
            -0.01916799135506153,
            0.0
          ],
          [
            -0.002126766601577401,
            0.7310981750488281,
            -0.6822689771652222,
            0.0
          ],
          [
            0.024233827367424965,
            0.6821078062057495,
            0.7308499217033386,
            0.0
          ],
          [
            0.0,
            0.0,
            0.0,
            1.0
          ]
        ],
        "rotation_mode": "QUATERNION"
      },
      "armature_space": {
        "head": {
          "x": 0.16569910943508148,
          "y": -0.4946628212928772,
          "z": 0.6764273643493652
        },
        "tail": {
          "x": 0.18850859999656677,
          "y": -0.5089282989501953,
          "z": 0.7062504291534424
        }
      },
      "world_space": {
        "head": {
          "x": 0.16569910943508148,
          "y": -0.43141883611679077,
          "z": 1.6262813806533813
        },
        "tail": {
          "x": 0.18850859999656677,
          "y": -0.4456843137741089,
          "z": 1.6561044454574585
        },
        "rotation_quaternion": {
          "w": 0.054107338190078735,
          "x": -0.43549904227256775,
          "y": -0.5652285218238831,
          "z": -0.6985197067260742
        },
        "matrix": [
          [
            -0.614824116230011,
            0.5679031014442444,
            0.5472455024719238,
            0.16569910943508148
          ],
          [
            0.41672664880752563,
            -0.35517749190330505,
            0.8367724418640137,
            -0.43141883611679077
          ],
          [
            0.6695798635482788,
            0.7425240278244019,
            -0.018288075923919678,
            1.6262813806533813
          ],
          [
            0.0,
            0.0,
            0.0,
            1.0
          ]
        ]
      },
      "bone_length_armature_space": 0.04016456074854069,
      "parent": "thumb_01_l",
      "has_children": true,
      "is_end_bone": false
    },
    "thumb_03_l": {
      "name": "thumb_03_l",
      "local": {
        "location": {
          "x": 0.0,
          "y": 0.0,
          "z": 0.0
        },
        "rotation_quaternion": {
          "w": 0.9840578436851501,
          "x": 0.17776897549629211,
          "y": -0.00273344898596406,
          "z": -0.004589194897562265
        },
        "scale": {
          "x": 1.0,
          "y": 1.0,
          "z": 1.0
        },
        "matrix_basis": [
          [
            0.99994295835495,
            0.008060221560299397,
            -0.007011376786977053,
            0.0
          ],
          [
            -0.010003911331295967,
            0.9367542862892151,
            -0.3498448133468628,
            0.0
          ],
          [
            0.0037481109611690044,
            0.34989500045776367,
            0.9367814660072327,
            0.0
          ],
          [
            0.0,
            0.0,
            0.0,
            1.0
          ]
        ],
        "rotation_mode": "QUATERNION"
      },
      "armature_space": {
        "head": {
          "x": 0.1885085105895996,
          "y": -0.5089283585548401,
          "z": 0.7062504291534424
        },
        "tail": {
          "x": 0.21235467493534088,
          "y": -0.5035127401351929,
          "z": 0.7243868112564087
        }
      },
      "world_space": {
        "head": {
          "x": 0.1885085105895996,
          "y": -0.44568437337875366,
          "z": 1.6561044454574585
        },
        "tail": {
          "x": 0.21235467493534088,
          "y": -0.44026875495910645,
          "z": 1.6742408275604248
        },
        "rotation_quaternion": {
          "w": 0.3357178270816803,
          "x": -0.289107084274292,
          "y": -0.6900972723960876,
          "z": -0.572255551815033
        },
        "matrix": [
          [
            -0.6074217557907104,
            0.7832568287849426,
            -0.13246913254261017,
            0.1885085105895996
          ],
          [
            0.014794272370636463,
            0.1778830736875534,
            0.9839406609535217,
            -0.44568437337875366
          ],
          [
            0.7942474484443665,
            0.5957109928131104,
            -0.11963751167058945,
            1.6561044454574585
          ],
          [
            0.0,
            0.0,
            0.0,
            1.0
          ]
        ]
      },
      "bone_length_armature_space": 0.03044498016034109,
      "parent": "thumb_02_l",
      "has_children": false,
      "is_end_bone": true
    },
    "metacarpal_index_l": {
      "name": "metacarpal_index_l",
      "local": {
        "location": {
          "x": 0.0,
          "y": 0.0,
          "z": 0.0
        },
        "rotation_quaternion": {
          "w": 0.9996441006660461,
          "x": -0.017796140164136887,
          "y": 0.010884308256208897,
          "z": 0.016628369688987732
        },
        "scale": {
          "x": 1.0,
          "y": 1.0,
          "z": 1.0
        },
        "matrix_basis": [
          [
            0.9992100596427917,
            -0.0336323007941246,
            0.02116902731359005,
            0.0
          ],
          [
            0.0328575074672699,
            0.9988135695457458,
            0.03594158962368965,
            0.0
          ],
          [
            -0.022352710366249084,
            -0.035217635333538055,
            0.9991296529769897,
            0.0
          ],
          [
            0.0,
            0.0,
            0.0,
            1.0
          ]
        ],
        "rotation_mode": "QUATERNION"
      },
      "armature_space": {
        "head": {
          "x": 0.21841754019260406,
          "y": -0.44376662373542786,
          "z": 0.6565870046615601
        },
        "tail": {
          "x": 0.17834126949310303,
          "y": -0.5173925161361694,
          "z": 0.7384553551673889
        }
      },
      "world_space": {
        "head": {
          "x": 0.21841754019260406,
          "y": -0.38052260875701904,
          "z": 1.6064410209655762
        },
        "tail": {
          "x": 0.17834126949310303,
          "y": -0.454148530960083,
          "z": 1.6883094310760498
        },
        "rotation_quaternion": {
          "w": 0.23516909778118134,
          "x": 0.7746107578277588,
          "y": -0.3612697720527649,
          "z": -0.4627718925476074
        },
        "matrix": [
          [
            0.3106525242328644,
            -0.34203019738197327,
            -0.8868544101715088,
            0.21841754019260406
          ],
          [
            -0.7773468494415283,
            -0.6283586621284485,
            -0.02995665743947029,
            -0.38052260875701904
          ],
          [
            -0.5470210313796997,
            0.6987037062644958,
            -0.46108028292655945,
            1.6064410209655762
          ],
          [
            0.0,
            0.0,
            0.0,
            1.0
          ]
        ]
      },
      "bone_length_armature_space": 0.11717212198606324,
      "parent": "lowerarm_l",
      "has_children": true,
      "is_end_bone": false
    },
    "index_01_l": {
      "name": "index_01_l",
      "local": {
        "location": {
          "x": 0.0,
          "y": 0.0,
          "z": 0.0
        },
        "rotation_quaternion": {
          "w": 0.9750604629516602,
          "x": 0.2216947227716446,
          "y": 0.01019271556288004,
          "z": -0.0021852983627468348
        },
        "scale": {
          "x": 1.0,
          "y": 1.0,
          "z": 1.0
        },
        "matrix_basis": [
          [
            0.9997826814651489,
            0.00878093857318163,
            0.01890808902680874,
            0.0
          ],
          [
            0.00025774643290787935,
            0.9016933441162109,
            -0.43237605690956116,
            0.0
          ],
          [
            -0.020845966413617134,
            0.43228697776794434,
            0.901495099067688,
            0.0
          ],
          [
            0.0,
            0.0,
            0.0,
            1.0
          ]
        ],
        "rotation_mode": "QUATERNION"
      },
      "armature_space": {
        "head": {
          "x": 0.17834126949310303,
          "y": -0.5173925161361694,
          "z": 0.7384553551673889
        },
        "tail": {
          "x": 0.1649266928434372,
          "y": -0.5411527752876282,
          "z": 0.7467360496520996
        }
      },
      "world_space": {
        "head": {
          "x": 0.17834126949310303,
          "y": -0.454148530960083,
          "z": 1.6883094310760498
        },
        "tail": {
          "x": 0.1649266928434372,
          "y": -0.47790879011154175,
          "z": 1.6965900659561157
        },
        "rotation_quaternion": {
          "w": 0.0201679989695549,
          "x": 0.8478314876556396,
          "y": -0.28802189230918884,
          "z": -0.4447680413722992
        },
        "matrix": [
          [
            0.4384494125843048,
            -0.4704495072364807,
            -0.7657936215400696,
            0.17834126949310303
          ],
          [
            -0.506328821182251,
            -0.8332727551460266,
            0.22200897336006165,
            -0.454148530960083
          ],
          [
            -0.7425643801689148,
            0.2904048562049866,
            -0.6035537123680115,
            1.6883094310760498
          ],
          [
            0.0,
            0.0,
            0.0,
            1.0
          ]
        ]
      },
      "bone_length_armature_space": 0.028514394469238858,
      "parent": "metacarpal_index_l",
      "has_children": true,
      "is_end_bone": false
    },
    "index_02_l": {
      "name": "index_02_l",
      "local": {
        "location": {
          "x": 0.0,
          "y": 0.0,
          "z": 0.0
        },
        "rotation_quaternion": {
          "w": 0.9252549409866333,
          "x": 0.3793041706085205,
          "y": -0.005466703791171312,
          "z": -0.0014046812430024147
        },
        "scale": {
          "x": 1.0,
          "y": 1.0,
          "z": 1.0
        },
        "matrix_basis": [
          [
            0.9999362826347351,
            -0.0015477106207981706,
            -0.011181792244315147,
            0.0
          ],
          [
            -0.006746463477611542,
            0.7122527360916138,
            -0.701890766620636,
            0.0
          ],
          [
            0.009050586260855198,
            0.7019214630126953,
            0.712196946144104,
            0.0
          ],
          [
            0.0,
            0.0,
            0.0,
            1.0
          ]
        ],
        "rotation_mode": "QUATERNION"
      },
      "armature_space": {
        "head": {
          "x": 0.1649261713027954,
          "y": -0.5411528944969177,
          "z": 0.7467361688613892
        },
        "tail": {
          "x": 0.14248386025428772,
          "y": -0.5527411103248596,
          "z": 0.7422476410865784
        }
      },
      "world_space": {
        "head": {
          "x": 0.1649261713027954,
          "y": -0.4779089093208313,
          "z": 1.6965901851654053
        },
        "tail": {
          "x": 0.14248386025428772,
          "y": -0.4894971251487732,
          "z": 1.6921017169952393
        },
        "rotation_quaternion": {
          "w": 0.3017300069332123,
          "x": -0.7790466547012329,
          "y": 0.4278973639011383,
          "z": 0.34489020705223083
        },
        "matrix": [
          [
            0.395908921957016,
            -0.874832272529602,
            -0.27915090322494507,
            0.1649261713027954
          ],
          [
            -0.4585779011249542,
            -0.45172470808029175,
            0.765278697013855,
            -0.4779089093208313
          ],
          [
            -0.7955954074859619,
            -0.17496971786022186,
            -0.5800236463546753,
            1.6965901851654053
          ],
          [
            0.0,
            0.0,
            0.0,
            1.0
          ]
        ]
      },
      "bone_length_armature_space": 0.025653283527980696,
      "parent": "index_01_l",
      "has_children": true,
      "is_end_bone": false
    },
    "index_03_l": {
      "name": "index_03_l",
      "local": {
        "location": {
          "x": 0.0,
          "y": 0.0,
          "z": 0.0
        },
        "rotation_quaternion": {
          "w": 0.9642407894134521,
          "x": 0.2650222182273865,
          "y": 0.000119915755931288,
          "z": -0.0017201524460688233
        },
        "scale": {
          "x": 1.0,
          "y": 1.0,
          "z": 1.0
        },
        "matrix_basis": [
          [
            0.9999940395355225,
            0.003380842972546816,
            -0.0006805019220337272,
            0.0
          ],
          [
            -0.003253721632063389,
            0.8595205545425415,
            -0.511090874671936,
            0.0
          ],
          [
            -0.0011430125450715423,
            0.5110900402069092,
            0.8595263957977295,
            0.0
          ],
          [
            0.0,
            0.0,
            0.0,
            1.0
          ]
        ],
        "rotation_mode": "QUATERNION"
      },
      "armature_space": {
        "head": {
          "x": 0.1424839049577713,
          "y": -0.5527412295341492,
          "z": 0.7422477006912231
        },
        "tail": {
          "x": 0.11851072311401367,
          "y": -0.5518662333488464,
          "z": 0.7255666851997375
        }
      },
      "world_space": {
        "head": {
          "x": 0.1424839049577713,
          "y": -0.48949724435806274,
          "z": 1.6921017169952393
        },
        "tail": {
          "x": 0.11851072311401367,
          "y": -0.48862224817276,
          "z": 1.6754207611083984
        },
        "rotation_quaternion": {
          "w": 0.5353196859359741,
          "x": -0.6774459481239319,
          "y": 0.47791871428489685,
          "z": 0.16153506934642792
        },
        "matrix": [
          [
            0.49099865555763245,
            -0.8204745650291443,
            0.29281800985336304,
            0.1424839049577713
          ],
          [
            -0.4745854139328003,
            0.02994745969772339,
            0.8797000050544739,
            -0.48949724435806274
          ],
          [
            -0.7305458188056946,
            -0.5709023475646973,
            -0.3746826648712158,
            1.6921017169952393
          ],
          [
            0.0,
            0.0,
            0.0,
            1.0
          ]
        ]
      },
      "bone_length_armature_space": 0.02921875006480038,
      "parent": "index_02_l",
      "has_children": false,
      "is_end_bone": true
    },
    "metacarpal_pinky_l": {
      "name": "metacarpal_pinky_l",
      "local": {
        "location": {
          "x": 0.0,
          "y": 0.0,
          "z": 0.0
        },
        "rotation_quaternion": {
          "w": 0.9997844099998474,
          "x": -0.012331925332546234,
          "y": 0.00869772769510746,
          "z": 0.014268241822719574
        },
        "scale": {
          "x": 1.0,
          "y": 1.0,
          "z": 1.0
        },
        "matrix_basis": [
          [
            0.9994415044784546,
            -0.028744850307703018,
            0.017039794474840164,
            0.0
          ],
          [
            0.028315812349319458,
            0.9992886781692505,
            0.024906735867261887,
            0.0
          ],
          [
            -0.017743615433573723,
            -0.02441033162176609,
            0.9995445609092712,
            0.0
          ],
          [
            0.0,
            0.0,
            0.0,
            1.0
          ]
        ],
        "rotation_mode": "QUATERNION"
      },
      "armature_space": {
        "head": {
          "x": 0.21841754019260406,
          "y": -0.44376662373542786,
          "z": 0.6565870046615601
        },
        "tail": {
          "x": 0.2376026064157486,
          "y": -0.536171555519104,
          "z": 0.7005926966667175
        }
      },
      "world_space": {
        "head": {
          "x": 0.21841754019260406,
          "y": -0.38052260875701904,
          "z": 1.6064410209655762
        },
        "tail": {
          "x": 0.2376026064157486,
          "y": -0.4729275703430176,
          "z": 1.6504466533660889
        },
        "rotation_quaternion": {
          "w": 0.054641712456941605,
          "x": -0.17273111641407013,
          "y": -0.2309061884880066,
          "z": -0.9559605717658997
        },
        "matrix": [
          [
            -0.934356689453125,
            0.18424010276794434,
            0.3050136864185333,
            0.21841754019260406
          ],
          [
            -0.024701401591300964,
            -0.887393057346344,
            0.46035143733024597,
            -0.38052260875701904
          ],
          [
            0.35548490285873413,
            0.42260023951530457,
            0.8336988091468811,
            1.6064410209655762
          ],
          [
            0.0,
            0.0,
            0.0,
            1.0
          ]
        ]
      },
      "bone_length_armature_space": 0.10413087646609805,
      "parent": "lowerarm_l",
      "has_children": true,
      "is_end_bone": false
    },
    "pinky_01_l": {
      "name": "pinky_01_l",
      "local": {
        "location": {
          "x": 0.0,
          "y": 0.0,
          "z": 0.0
        },
        "rotation_quaternion": {
          "w": 0.953569769859314,
          "x": 0.3006759583950043,
          "y": 0.01686527580022812,
          "z": -0.0037986193783581257
        },
        "scale": {
          "x": 1.0,
          "y": 1.0,
          "z": 1.0
        },
        "matrix_basis": [
          [
            0.9994022846221924,
            0.017386462539434433,
            0.02988012693822384,
            0.0
          ],
          [
            0.002897468628361821,
            0.8191590905189514,
            -0.5735591650009155,
            0.0
          ],
          [
            -0.03444874286651611,
            0.5733028650283813,
            0.8186190724372864,
            0.0
          ],
          [
            0.0,
            0.0,
            0.0,
            1.0
          ]
        ],
        "rotation_mode": "QUATERNION"
      },
      "armature_space": {
        "head": {
          "x": 0.2376026064157486,
          "y": -0.536171555519104,
          "z": 0.7005926966667175
