{
  "metadata": {
    "armature_name": "KIM_caucasian_male",
    "export_time": "2026-01-13T20:24:49.239812",
    "blender_version": "4.4.1",
    "bone_count": 56,
    "end_bone_count": 13,
    "spaces_included": [
      "LOCAL_CHANNELS",
      "ARMATURE_SPACE",
      "WORLD_SPACE"
    ],
    "note": "LOCAL matches Transform panel; replay pose via local.matrix_basis for best fidelity."
  },
  "bones": {
    "Root": {
      "name": "Root",
      "local": {
        "location": {
          "x": 0.0,
          "y": 0.0,
          "z": 0.0
        },
        "rotation_quaternion": {
          "w": 0.9998155832290649,
          "x": 0.0054832929745316505,
          "y": -0.015916863456368446,
          "z": 0.009248271584510803
        },
        "scale": {
          "x": 1.0,
          "y": 1.0,
          "z": 1.0
        },
        "matrix_basis": [
          [
            0.999322235584259,
            -0.018667684867978096,
            -0.03172643482685089,
            0.0
          ],
          [
            0.018318578600883484,
            0.9997687935829163,
            -0.011258970014750957,
            0.0
          ],
          [
            0.03192927688360214,
            0.010670156218111515,
            0.999433159828186,
            0.0
          ],
          [
            0.0,
            0.0,
            0.0,
            1.0
          ]
        ],
        "rotation_mode": "QUATERNION"
      },
      "armature_space": {
        "head": {
          "x": 0.0,
          "y": 0.07072800397872925,
          "z": -0.009595036506652832
        },
        "tail": {
          "x": -0.0013324222527444363,
          "y": -8.602440357208252e-05,
          "z": -0.0007569035515189171
        }
      },
      "world_space": {
        "head": {
          "x": 0.0,
          "y": 0.13397200405597687,
          "z": 0.9402589797973633
        },
        "tail": {
          "x": -0.0013324222527444363,
          "y": 0.06315797567367554,
          "z": 0.9490970969200134
        },
        "rotation_quaternion": {
          "w": 0.06188439205288887,
          "x": 0.9979135394096375,
          "y": -0.010299546644091606,
          "z": -0.015257669612765312
        },
        "matrix": [
          [
            0.999322235584259,
            -0.018667684867978096,
            -0.03172643482685089,
            0.0
          ],
          [
            -0.022444546222686768,
            -0.9921284317970276,
            -0.12319671362638474,
            0.13397200405597687
          ],
          [
            -0.029177123680710793,
            0.12382522970438004,
            -0.9918820261955261,
            0.9402589797973633
          ],
          [
            0.0,
            0.0,
            0.0,
            1.0
          ]
        ]
      },
      "bone_length_armature_space": 0.07137586928849649,
      "parent": null,
      "has_children": true,
      "is_end_bone": false
    },
    "spine_01": {
      "name": "spine_01",
      "local": {
        "location": {
          "x": 0.0,
          "y": 0.0,
          "z": 0.0
        },
        "rotation_quaternion": {
          "w": 0.9998347759246826,
          "x": 0.008766633458435535,
          "y": 0.015811428427696228,
          "z": -0.0019285834860056639
        },
        "scale": {
          "x": 1.0,
          "y": 1.0,
          "z": 1.0
        },
        "matrix_basis": [
          [
            0.9994925856590271,
            0.004133755806833506,
            0.031583815813064575,
            0.0
          ],
          [
            -0.0035793036222457886,
            0.9998388290405273,
            -0.017591357231140137,
            0.0
          ],
          [
            -0.03165144473314285,
            0.017469381913542747,
            0.9993463158607483,
            0.0
          ],
          [
            0.0,
            0.0,
            0.0,
            1.0
          ]
        ],
        "rotation_mode": "QUATERNION"
      },
      "armature_space": {
        "head": {
          "x": -0.0013324222527444363,
          "y": -8.602440357208252e-05,
          "z": -0.0007569035515189171
        },
        "tail": {
          "x": 0.015119945630431175,
          "y": 0.00864439271390438,
          "z": 0.4868921935558319
        }
      },
      "world_space": {
        "head": {
          "x": -0.0013324222527444363,
          "y": 0.06315797567367554,
          "z": 0.9490970969200134
        },
        "tail": {
          "x": 0.015119945630431175,
          "y": 0.07188839465379715,
          "z": 1.4367462396621704
        },
        "rotation_quaternion": {
          "w": 0.7132404446601868,
          "x": 0.7006999850273132,
          "y": 0.015262448228895664,
          "z": -0.008640137501060963
        },
        "matrix": [
          [
            0.999384880065918,
            0.03371378406882286,
            0.00966307520866394,
            -0.0013324222527444363
          ],
          [
            0.009063566103577614,
            0.01789015345275402,
            -0.9997989535331726,
            0.06315797567367554
          ],
          [
            -0.03388010710477829,
            0.9992783665657043,
            0.017572790384292603,
            0.9490970969200134
          ],
          [
            0.0,
            0.0,
            0.0,
            1.0
          ]
        ]
      },
      "bone_length_armature_space": 0.48800463823964335,
      "parent": "Root",
      "has_children": true,
      "is_end_bone": false
    },
    "neck_01": {
      "name": "neck_01",
      "local": {
        "location": {
          "x": 0.0,
          "y": 0.0,
          "z": 0.0
        },
        "rotation_quaternion": {
          "w": 0.9951022863388062,
          "x": -0.01014058105647564,
          "y": 0.06957737356424332,
          "z": 0.06948121637105942
        },
        "scale": {
          "x": 1.0,
          "y": 1.0,
          "z": 1.0
        },
        "matrix_basis": [
          [
            0.9806627035140991,
            -0.13969294726848602,
            0.13706405460834503,
            0.0
          ],
          [
            0.13687072694301605,
            0.9901390671730042,
            0.029850471764802933,
            0.0
          ],
          [
            -0.13988237082958221,
            -0.010513189248740673,
            0.9901123046875,
            0.0
          ],
          [
            0.0,
            0.0,
            0.0,
            1.0
          ]
        ],
        "rotation_mode": "QUATERNION"
      },
      "armature_space": {
        "head": {
          "x": 0.017923535779118538,
          "y": -0.02471918612718582,
          "z": 0.5606672167778015
        },
        "tail": {
          "x": 0.007155369035899639,
          "y": -0.060697827488183975,
          "z": 0.6560628414154053
        }
      },
      "world_space": {
        "head": {
          "x": 0.017923535779118538,
          "y": 0.0385248139500618,
          "z": 1.5105211734771729
        },
        "tail": {
          "x": 0.007155369035899639,
          "y": 0.0025461725890636444,
          "z": 1.6059168577194214
        },
        "rotation_quaternion": {
          "w": 0.5696519613265991,
          "x": 0.8174963593482971,
          "y": -0.005240827798843384,
          "z": 0.08466983586549759
        },
        "matrix": [
          [
            0.9856072068214417,
            -0.10503342002630234,
            0.1324630081653595,
            0.017923535779118538
          ],
          [
            0.08789539337158203,
            -0.350938081741333,
            -0.9322645664215088,
            0.0385248139500618
          ],
          [
            0.1444062888622284,
            0.9304955005645752,
            -0.3366582989692688,
            1.5105211734771729
          ],
          [
            0.0,
            0.0,
            0.0,
            1.0
          ]
        ]
      },
      "bone_length_armature_space": 0.10252190699003041,
      "parent": "spine_01",
      "has_children": true,
      "is_end_bone": false
    },
    "head": {
      "name": "head",
      "local": {
        "location": {
          "x": 0.0,
          "y": 0.0,
          "z": 0.0
        },
        "rotation_quaternion": {
          "w": 0.980434238910675,
          "x": -0.04376528039574623,
          "y": -0.001343933050520718,
          "z": 0.19191566109657288
        },
        "scale": {
          "x": 1.0,
          "y": 1.0,
          "z": 1.0
        },
        "matrix_basis": [
          [
            0.9263331294059753,
            -0.3762037456035614,
            -0.0194337610155344,
            0.0
          ],
          [
            0.37643900513648987,
            0.9225059747695923,
            0.08530211448669434,
            0.0
          ],
          [
            -0.01416320912539959,
            -0.08633380383253098,
            0.9961655735969543,
            0.0
          ],
          [
            0.0,
            0.0,
            0.0,
            1.0
          ]
        ],
        "rotation_mode": "QUATERNION"
      },
      "armature_space": {
        "head": {
          "x": 0.007155396975576878,
          "y": -0.060697946697473526,
          "z": 0.6560627222061157
        },
        "tail": {
          "x": -0.07241623848676682,
          "y": -0.05091536045074463,
          "z": 0.7888252139091492
        }
      },
      "world_space": {
        "head": {
          "x": 0.007155396975576878,
          "y": 0.0025460533797740936,
          "z": 1.6059167385101318
        },
        "tail": {
          "x": -0.07241623848676682,
          "y": 0.01232863962650299,
          "z": 1.7386791706085205
        },
        "rotation_quaternion": {
          "w": 0.7112403512001038,
          "x": 0.6500502228736877,
          "y": -0.16023428738117218,
          "z": 0.21423563361167908
        },
        "matrix": [
          [
            0.8568560481071472,
            -0.5130667686462402,
            0.05059977248311043,
            0.007155396975576878
          ],
          [
            0.09642847627401352,
            0.06307673454284668,
            -0.9933394193649292,
            0.0025460533797740936
          ],
          [
            0.5064612627029419,
            0.8560340404510498,
            0.1035216897726059,
            1.6059167385101318
          ],
          [
            0.0,
            0.0,
            0.0,
            1.0
          ]
        ]
      },
      "bone_length_armature_space": 0.15509101665042466,
      "parent": "neck_01",
      "has_children": false,
      "is_end_bone": true
    },
    "upperarm_l": {
      "name": "upperarm_l",
      "local": {
        "location": {
          "x": 0.0,
          "y": 0.0,
          "z": 0.0
        },
        "rotation_quaternion": {
          "w": 0.9432516098022461,
          "x": 0.24757784605026245,
          "y": 0.1399511694908142,
          "z": 0.17145124077796936
        },
        "scale": {
          "x": 1.0,
          "y": 1.0,
          "z": 1.0
        },
        "matrix_basis": [
          [
            0.9020363092422485,
            -0.25414571166038513,
            0.34891340136528015,
            0.0
          ],
          [
            0.392740935087204,
            0.8186193704605103,
            -0.41906678676605225,
            0.0
          ],
          [
            -0.17912326753139496,
            0.5150460004806519,
            0.8382377624511719,
            0.0
          ],
          [
            0.0,
            0.0,
            0.0,
            1.0
          ]
        ],
        "rotation_mode": "QUATERNION"
      },
      "armature_space": {
        "head": {
          "x": 0.16559626162052155,
          "y": -0.027750493958592415,
          "z": 0.4884819984436035
        },
        "tail": {
          "x": 0.3947691321372986,
          "y": -0.1555178314447403,
          "z": 0.5429152250289917
        }
      },
      "world_space": {
        "head": {
          "x": 0.16559626162052155,
          "y": 0.035493507981300354,
          "z": 1.4383360147476196
        },
        "tail": {
          "x": 0.3947691321372986,
          "y": -0.09227383136749268,
          "z": 1.4927692413330078
        },
        "rotation_quaternion": {
          "w": 0.3617018461227417,
          "x": 0.731537938117981,
          "y": 0.36162468791007996,
          "z": -0.4508344233036041
        },
        "matrix": [
          [
            0.3319514989852905,
            0.8552201986312866,
            -0.39800363779067993,
            0.16559626162052155
          ],
          [
            0.20294977724552155,
            -0.4767981767654419,
            -0.8552632927894592,
            0.035493507981300354
          ],
          [
            -0.9212118983268738,
            0.20313212275505066,
            -0.3318435847759247,
            1.4383360147476196
          ],
          [
            0.0,
            0.0,
            0.0,
            1.0
          ]
        ]
      },
      "bone_length_armature_space": 0.26796953695393,
      "parent": "spine_01",
      "has_children": true,
      "is_end_bone": false
    },
    "lowerarm_l": {
      "name": "lowerarm_l",
      "local": {
        "location": {
          "x": 0.0,
          "y": 0.0,
          "z": 0.0
        },
        "rotation_quaternion": {
          "w": 0.9320602416992188,
          "x": 0.3268568813800812,
          "y": -0.03117004781961441,
          "z": 0.15315602719783783
        },
        "scale": {
          "x": 1.0,
          "y": 1.0,
          "z": 1.0
        },
        "matrix_basis": [
          [
            0.9511433243751526,
            -0.30587756633758545,
            0.042015478014945984,
            0.0
          ],
          [
            0.26512500643730164,
            0.7394156455993652,
            -0.6188483834266663,
            0.0
          ],
          [
            0.1582249253988266,
            0.5997528433799744,
            0.7843860387802124,
            0.0
          ],
          [
            0.0,
            0.0,
            0.0,
            1.0
          ]
        ],
        "rotation_mode": "QUATERNION"
      },
      "armature_space": {
        "head": {
          "x": 0.3947691321372986,
          "y": -0.15551795065402985,
          "z": 0.5429152846336365
        },
        "tail": {
          "x": 0.4355940818786621,
          "y": -0.40538012981414795,
          "z": 0.6293540000915527
        }
      },
      "world_space": {
        "head": {
          "x": 0.3947691321372986,
          "y": -0.09227395057678223,
          "z": 1.4927692413330078
        },
        "tail": {
          "x": 0.4355940818786621,
          "y": -0.3421361446380615,
          "z": 1.5792080163955688
        },
        "rotation_quaternion": {
          "w": 0.17999675869941711,
          "x": 0.8237097859382629,
          "y": -0.024738000705838203,
          "z": -0.5371139645576477
        },
        "matrix": [
          [
            0.42179352045059204,
            0.1526026725769043,
            -0.893757700920105,
            0.3947691321372986
          ],
          [
            -0.23411165177822113,
            -0.933978796005249,
            -0.26995524764060974,
            -0.09227395057678223
          ],
          [
            -0.8759527802467346,
            0.32310575246810913,
            -0.3582227826118469,
            1.4927692413330078
          ],
          [
            0.0,
            0.0,
            0.0,
            1.0
          ]
        ]
      },
      "bone_length_armature_space": 0.2675246455879061,
      "parent": "upperarm_l",
      "has_children": true,
      "is_end_bone": false
    },
    "metacarpal_thumb_l": {
      "name": "metacarpal_thumb_l",
      "local": {
        "location": {
          "x": 0.0,
          "y": 0.0,
          "z": 0.0
        },
        "rotation_quaternion": {
          "w": 0.9989357590675354,
          "x": -0.0419909805059433,
          "y": -0.018126200884580612,
          "z": -0.005963539704680443
        },
        "scale": {
          "x": 1.0,
          "y": 1.0,
          "z": 1.0
        },
        "matrix_basis": [
          [
            0.9992717504501343,
            0.013436660170555115,
            -0.035712990909814835,
            0.0
          ],
          [
            -0.010392112657427788,
            0.996402382850647,
            0.08410877734422684,
            0.0
          ],
          [
            0.03671465069055557,
            -0.08367639034986496,
            0.9958164095878601,
            0.0
          ],
          [
            0.0,
            0.0,
            0.0,
            1.0
          ]
        ],
        "rotation_mode": "QUATERNION"
      },
      "armature_space": {
        "head": {
          "x": 0.4355940818786621,
          "y": -0.40538012981414795,
          "z": 0.6293540000915527
        },
        "tail": {
          "x": 0.41816073656082153,
          "y": -0.45171329379081726,
          "z": 0.6276506781578064
        }
      },
      "world_space": {
        "head": {
          "x": 0.4355940818786621,
          "y": -0.3421361446380615,
          "z": 1.5792080163955688
        },
        "tail": {
          "x": 0.41816073656082153,
          "y": -0.38846927881240845,
          "z": 1.5775046348571777
        },
        "rotation_quaternion": {
          "w": 0.018615376204252243,
          "x": 0.9638803005218506,
          "y": -0.17877300083637238,
          "z": 0.19654135406017303
        },
        "matrix": [
          [
            0.8588233590126038,
            -0.3519493043422699,
            0.372228741645813,
            0.4355940818786621
          ],
          [
            -0.3373141288757324,
            -0.9353874325752258,
            -0.10615949332714081,
            -0.3421361446380615
          ],
          [
            0.38554319739341736,
            -0.03438686579465866,
            -0.9220564961433411,
            1.5792080163955688
          ],
          [
            0.0,
            0.0,
            0.0,
            1.0
          ]
        ]
      },
      "bone_length_armature_space": 0.04953367466111777,
      "parent": "lowerarm_l",
      "has_children": true,
      "is_end_bone": false
    },
    "thumb_01_l": {
      "name": "thumb_01_l",
      "local": {
        "location": {
          "x": 0.0,
          "y": 0.0,
          "z": 0.0
        },
        "rotation_quaternion": {
          "w": 0.9991223216056824,
          "x": -0.04046134650707245,
          "y": -0.010017317719757557,
          "z": -0.004157852381467819
        },
        "scale": {
          "x": 1.0,
          "y": 1.0,
          "z": 1.0
        },
        "matrix_basis": [
          [
            0.9997647404670715,
            0.009119034744799137,
            -0.019680587574839592,
            0.0
          ],
          [
            -0.007497777696698904,
            0.9966911673545837,
            0.08093497157096863,
            0.0
          ],
          [
            0.020353516563773155,
            -0.08076836913824081,
            0.9965250492095947,
            0.0
          ],
          [
            0.0,
            0.0,
            0.0,
            1.0
          ]
        ],
        "rotation_mode": "QUATERNION"
      },
      "armature_space": {
        "head": {
          "x": 0.41816073656082153,
          "y": -0.45171329379081726,
          "z": 0.6276506781578064
        },
        "tail": {
          "x": 0.4136010408401489,
          "y": -0.4729798138141632,
          "z": 0.6014670729637146
        }
      },
      "world_space": {
        "head": {
          "x": 0.41816073656082153,
          "y": -0.38846927881240845,
          "z": 1.5775046348571777
        },
        "tail": {
          "x": 0.4136010408401489,
          "y": -0.4097357988357544,
          "z": 1.551321029663086
        },
        "rotation_quaternion": {
          "w": 0.16184568405151367,
          "x": -0.4752262532711029,
          "y": 0.40176862478256226,
          "z": -0.7658641934394836
        },
        "matrix": [
          [
            -0.4959331750869751,
            -0.13395653665065765,
            0.8579663038253784,
            0.41816073656082153
          ],
          [
            -0.6297650337219238,
            -0.6247771978378296,
            -0.4615733027458191,
            -0.38846927881240845
          ],
          [
            0.5978719592094421,
            -0.7692325115203857,
            0.22548767924308777,
            1.5775046348571777
          ],
          [
            0.0,
            0.0,
            0.0,
            1.0
          ]
        ]
      },
      "bone_length_armature_space": 0.03403875566673267,
      "parent": "metacarpal_thumb_l",
      "has_children": true,
      "is_end_bone": false
    },
    "thumb_02_l": {
      "name": "thumb_02_l",
      "local": {
        "location": {
          "x": 0.0,
          "y": 0.0,
          "z": 0.0
        },
        "rotation_quaternion": {
          "w": 0.9965754747390747,
          "x": 0.08248776197433472,
          "y": 0.004119035787880421,
          "z": -0.004013963509351015
        },
        "scale": {
          "x": 1.0,
          "y": 1.0,
          "z": 1.0
        },
        "matrix_basis": [
          [
            0.9999338388442993,
            0.00867997482419014,
            0.007547654211521149,
            0.0
          ],
          [
            -0.007320895325392485,
            0.9863592982292175,
            -0.16444362699985504,
            0.0
          ],
          [
            -0.00887206569314003,
            0.16437749564647675,
            0.9863576292991638,
            0.0
          ],
          [
            0.0,
            0.0,
            0.0,
            1.0
          ]
        ],
        "rotation_mode": "QUATERNION"
      },
      "armature_space": {
        "head": {
          "x": 0.4136010408401489,
          "y": -0.47297975420951843,
          "z": 0.6014670729637146
        },
        "tail": {
          "x": 0.4210037291049957,
          "y": -0.5107049942016602,
          "z": 0.6130940318107605
        }
      },
      "world_space": {
        "head": {
          "x": 0.4136010408401489,
          "y": -0.4097357392311096,
          "z": 1.551321029663086
        },
        "tail": {
          "x": 0.4210037291049957,
          "y": -0.44746100902557373,
          "z": 1.5629479885101318
        },
        "rotation_quaternion": {
          "w": 0.06699774414300919,
          "x": -0.16883684694766998,
          "y": -0.16085977852344513,
          "z": -0.9701183438301086
        },
        "matrix": [
          [
            -0.9340111017227173,
            0.1843096762895584,
            0.3060287833213806,
            0.4136010408401489
          ],
          [
            -0.0756734162569046,
            -0.9392708539962769,
            0.3347299098968506,
            -0.4097357392311096
          ],
          [
            0.3491401672363281,
            0.28948426246643066,
            0.8912429809570312,
            1.551321029663086
          ],
          [
            0.0,
            0.0,
            0.0,
            1.0
          ]
        ]
      },
      "bone_length_armature_space": 0.040164408262148864,
      "parent": "thumb_01_l",
      "has_children": true,
      "is_end_bone": false
    },
    "thumb_03_l": {
      "name": "thumb_03_l",
      "local": {
        "location": {
          "x": 0.0,
          "y": 0.0,
          "z": 0.0
        },
        "rotation_quaternion": {
          "w": 0.9980623126029968,
          "x": 0.06125856190919876,
          "y": 0.01036299392580986,
          "z": 0.003424961119890213
        },
        "scale": {
          "x": 1.0,
          "y": 1.0,
          "z": 1.0
        },
        "matrix_basis": [
          [
            0.9997617602348328,
            -0.005567004904150963,
            0.021105444058775902,
            0.0
          ],
          [
            0.00810629315674305,
            0.9924713373184204,
            -0.12220873683691025,
            0.0
          ],
          [
            -0.020266210660338402,
            0.12235070765018463,
            0.9922800064086914,
            0.0
          ],
          [
            0.0,
            0.0,
            0.0,
            1.0
          ]
        ],
        "rotation_mode": "QUATERNION"
      },
      "armature_space": {
        "head": {
          "x": 0.42100363969802856,
          "y": -0.5107049942016602,
          "z": 0.6130939722061157
        },
        "tail": {
          "x": 0.43304550647735596,
          "y": -0.5327774286270142,
          "z": 0.6302606463432312
        }
      },
      "world_space": {
        "head": {
          "x": 0.42100363969802856,
          "y": -0.44746100902557373,
          "z": 1.5629479885101318
        },
        "tail": {
          "x": 0.43304550647735596,
          "y": -0.46953344345092773,
          "z": 1.5801146030426025
        },
        "rotation_quaternion": {
          "w": 0.22261737287044525,
          "x": 0.02992488630115986,
          "y": -0.29655152559280396,
          "z": -0.9282259345054626
        },
        "matrix": [
          [
            -0.8990920186042786,
            0.39552995562553406,
            -0.1875898838043213,
            0.42100363969802856
          ],
          [
            -0.43102753162384033,
            -0.7249971628189087,
            0.5372101068496704,
            -0.44746100902557373
          ],
          [
            0.07648071646690369,
            0.5638608336448669,
            0.8223295211791992,
            1.5629479885101318
          ],
          [
            0.0,
            0.0,
            0.0,
            1.0
          ]
        ]
      },
      "bone_length_armature_space": 0.030444927762373637,
      "parent": "thumb_02_l",
      "has_children": false,
      "is_end_bone": true
    },
    "metacarpal_index_l": {
      "name": "metacarpal_index_l",
      "local": {
        "location": {
          "x": 0.0,
          "y": 0.0,
          "z": 0.0
        },
        "rotation_quaternion": {
          "w": 0.9993785619735718,
          "x": -0.0310150608420372,
          "y": -0.005635431502014399,
          "z": 0.015774883329868317
        },
        "scale": {
          "x": 1.0,
          "y": 1.0,
          "z": 1.0
        },
        "matrix_basis": [
          [
            0.9994387626647949,
            -0.031180594116449356,
            -0.012242376804351807,
            0.0
          ],
          [
            0.0318797267973423,
            0.9975784420967102,
            0.061813775449991226,
            0.0
          ],
          [
            0.010285341180860996,
            -0.06216936931014061,
            0.9980126023292542,
            0.0
          ],
          [
            0.0,
            0.0,
            0.0,
            1.0
          ]
        ],
        "rotation_mode": "QUATERNION"
      },
      "armature_space": {
        "head": {
          "x": 0.4355940818786621,
          "y": -0.40538012981414795,
          "z": 0.6293540000915527
        },
        "tail": {
          "x": 0.42088988423347473,
          "y": -0.5187588930130005,
          "z": 0.6550107598304749
        }
      },
      "world_space": {
        "head": {
          "x": 0.4355940818786621,
          "y": -0.3421361446380615,
          "z": 1.5792080163955688
        },
        "tail": {
          "x": 0.42088988423347473,
          "y": -0.45551490783691406,
          "z": 1.6048648357391357
        },
        "rotation_quaternion": {
          "w": 0.10407014191150665,
          "x": 0.9876402616500854,
          "y": -0.0731782466173172,
          "z": -0.09154821187257767
        },
        "matrix": [
          [
            0.9725278615951538,
            -0.12549275159835815,
            -0.1960647851228714,
            0.4355940818786621
          ],
          [
            -0.16360245645046234,
            -0.9676288962364197,
            -0.19216947257518768,
            -0.3421361446380615
          ],
          [
            -0.165603369474411,
            0.21896736323833466,
            -0.9615836143493652,
            1.5792080163955688
          ],
          [
            0.0,
            0.0,
            0.0,
            1.0
          ]
        ]
      },
      "bone_length_armature_space": 0.117171782070313,
      "parent": "lowerarm_l",
      "has_children": true,
      "is_end_bone": false
    },
    "index_01_l": {
      "name": "index_01_l",
      "local": {
        "location": {
          "x": 0.0,
          "y": 0.0,
          "z": 0.0
        },
        "rotation_quaternion": {
          "w": 0.9935904741287231,
          "x": -0.11198841035366058,
          "y": -0.01012413389980793,
          "z": -0.011576802469789982
        },
        "scale": {
          "x": 1.0,
          "y": 1.0,
          "z": 1.0
        },
        "matrix_basis": [
          [
            0.9995269775390625,
            0.02527277171611786,
            -0.017525549978017807,
            0.0
          ],
          [
            -0.020737629383802414,
            0.9746491312980652,
            0.2227756530046463,
            0.0
          ],
          [
            0.02271142229437828,
            -0.22230683267116547,
            0.9747121930122375,
            0.0
          ],
          [
            0.0,
            0.0,
            0.0,
            1.0
          ]
        ],
        "rotation_mode": "QUATERNION"
      },
      "armature_space": {
        "head": {
          "x": 0.42088988423347473,
          "y": -0.5187588930130005,
          "z": 0.6550107598304749
        },
        "tail": {
          "x": 0.42934292554855347,
          "y": -0.5424650311470032,
          "z": 0.6684136390686035
        }
      },
      "world_space": {
        "head": {
          "x": 0.42088988423347473,
          "y": -0.45551490783691406,
          "z": 1.6048648357391357
        },
        "tail": {
          "x": 0.42934292554855347,
          "y": -0.47922104597091675,
          "z": 1.6182676553726196
        },
        "rotation_quaternion": {
          "w": 0.2597505450248718,
          "x": 0.9521980285644531,
          "y": 0.12977668642997742,
          "z": -0.09490325301885605
        },
        "matrix": [
          [
            0.9483029842376709,
            0.296448677778244,
            -0.11331375688314438,
            0.42088988423347473
          ],
          [
            0.1978442519903183,
            -0.8313751220703125,
            -0.5193009376525879,
            -0.45551490783691406
          ],
          [
            -0.24815382063388824,
            0.47003844380378723,
            -0.8470523953437805,
            1.6048648357391357
          ],
          [
            0.0,
            0.0,
            0.0,
            1.0
          ]
        ]
      },
      "bone_length_armature_space": 0.028514418582593414,
      "parent": "metacarpal_index_l",
      "has_children": true,
      "is_end_bone": false
    },
    "index_02_l": {
      "name": "index_02_l",
      "local": {
        "location": {
          "x": 0.0,
          "y": 0.0,
          "z": 0.0
        },
        "rotation_quaternion": {
          "w": 0.9997401833534241,
          "x": 0.02275831252336502,
          "y": -0.0012955056736245751,
          "z": -0.0003482048923615366
        },
        "scale": {
          "x": 1.0,
          "y": 1.0,
          "z": 1.0
        },
        "matrix_basis": [
          [
            0.9999964237213135,
            0.0006372617790475488,
            -0.0026061872486025095,
            0.0
          ],
          [
            -0.0007551959133706987,
            0.9989638924598694,
            -0.0455038957297802,
            0.0
          ],
          [
            0.0025744889862835407,
            0.04550570249557495,
            0.9989607334136963,
            0.0
          ],
          [
            0.0,
            0.0,
            0.0,
            1.0
          ]
        ],
        "rotation_mode": "QUATERNION"
      },
      "armature_space": {
        "head": {
          "x": 0.42934277653694153,
          "y": -0.5424655675888062,
          "z": 0.6684135794639587
        },
        "tail": {
          "x": 0.43761178851127625,
          "y": -0.5637822151184082,
          "z": 0.6800460815429688
        }
      },
      "world_space": {
        "head": {
          "x": 0.42934277653694153,
          "y": -0.4792215824127197,
          "z": 1.61826753616333
        },
        "tail": {
          "x": 0.43761178851127625,
          "y": -0.5005382299423218,
          "z": 1.6299000978469849
        },
        "rotation_quaternion": {
          "w": 0.257929265499115,
          "x": 0.9476597309112549,
          "y": 0.1341497004032135,
          "z": -0.13197530806064606
        },
        "matrix": [
          [
            0.9291729927062988,
            0.32233723998069763,
            -0.18093258142471313,
            0.42934277653694153
          ],
          [
            0.1861763298511505,
            -0.830952525138855,
            -0.5242677927017212,
            -0.4792215824127197
          ],
          [
            -0.319339394569397,
            0.4534521996974945,
            -0.8321163058280945,
            1.61826753616333
          ],
          [
            0.0,
            0.0,
            0.0,
            1.0
          ]
        ]
      },
      "bone_length_armature_space": 0.025653287037861572,
      "parent": "index_01_l",
      "has_children": true,
      "is_end_bone": false
    },
    "index_03_l": {
      "name": "index_03_l",
      "local": {
        "location": {
          "x": 0.0,
          "y": 0.0,
          "z": 0.0
        },
        "rotation_quaternion": {
          "w": 0.999066948890686,
          "x": 0.042945850640535355,
          "y": -0.0029568111058324575,
          "z": 0.0034806672483682632
        },
        "scale": {
          "x": 1.0,
          "y": 1.0,
          "z": 1.0
        },
        "matrix_basis": [
          [
            0.9999582767486572,
            -0.007208804599940777,
            -0.005609143991023302,
            0.0
          ],
          [
            0.006700873840600252,
            0.9962871074676514,
            -0.0858321413397789,
            0.0
          ],
          [
            0.006207064725458622,
            0.0857909768819809,
            0.996293842792511,
            0.0
          ],
          [
            0.0,
            0.0,
            0.0,
            1.0
          ]
        ],
        "rotation_mode": "QUATERNION"
      },
      "armature_space": {
        "head": {
          "x": 0.43761178851127625,
          "y": -0.5637821555137634,
          "z": 0.6800462603569031
        },
        "tail": {
          "x": 0.44834819436073303,
          "y": -0.5897689461708069,
          "z": 0.6879929304122925
        }
      },
      "world_space": {
        "head": {
          "x": 0.43761178851127625,
          "y": -0.500538170337677,
          "z": 1.6299002170562744
        },
        "tail": {
          "x": 0.44834819436073303,
          "y": -0.5265249609947205,
          "z": 1.6378469467163086
        },
        "rotation_quaternion": {
          "w": 0.16305233538150787,
          "x": 0.9638862609863281,
          "y": 0.16946832835674286,
          "z": -0.12497109919786453
        },
        "matrix": [
          [
            0.9113255739212036,
            0.36745020747184753,
            -0.18565110862255096,
            0.43761178851127625
          ],
          [
            0.285942941904068,
            -0.8893887400627136,
            -0.3566858172416687,
            -0.500538170337677
          ],
          [
            -0.29618197679519653,
            0.2719721794128418,
            -0.9155989289283752,
            1.6299002170562744
          ],
          [
            0.0,
            0.0,
            0.0,
            1.0
          ]
        ]
      },
      "bone_length_armature_space": 0.02921871435811392,
      "parent": "index_02_l",
      "has_children": false,
      "is_end_bone": true
    },
    "metacarpal_pinky_l": {
      "name": "metacarpal_pinky_l",
      "local": {
        "location": {
          "x": 0.0,
          "y": 0.0,
          "z": 0.0
        },
        "rotation_quaternion": {
          "w": 0.9998548030853271,
          "x": 0.01584961824119091,
          "y": 0.006247394252568483,
          "z": 0.00034823943860828876
        },
        "scale": {
          "x": 1.0,
          "y": 1.0,
          "z": 1.0
        },
        "matrix_basis": [
          [
            0.9999216794967651,
            -0.0004983401158824563,
            0.012504013255238533,
            0.0
          ],
          [
            0.0008944153669290245,
            0.9994973540306091,
            -0.03169028088450432,
            0.0
          ],
          [
            -0.012481935322284698,
            0.031698986887931824,
            0.9994195103645325,
            0.0
          ],
          [
            0.0,
            0.0,
            0.0,
            1.0
          ]
        ],
        "rotation_mode": "QUATERNION"
      },
      "armature_space": {
        "head": {
          "x": 0.4355940818786621,
          "y": -0.40538012981414795,
          "z": 0.6293540000915527
        },
        "tail": {
          "x": 0.47719651460647583,
          "y": -0.48931044340133667,
          "z": 0.6748312711715698
        }
      },
      "world_space": {
        "head": {
          "x": 0.4355940818786621,
          "y": -0.3421361446380615,
          "z": 1.5792080163955688
        },
        "tail": {
          "x": 0.47719651460647583,
          "y": -0.42606645822525024,
          "z": 1.624685287475586
        },
        "rotation_quaternion": {
          "w": 0.2740418016910553,
          "x": 0.31219610571861267,
          "y": -0.14797523617744446,
          "z": -0.897517740726471
        },
        "matrix": [
          [
            -0.6548691391944885,
            0.3995211124420166,
            -0.6415057182312012,
            0.4355940818786621
          ],
          [
            -0.584309995174408,
            -0.8060088753700256,
            0.0945102721452713,
            -0.3421361446380615
          ],
          [
            -0.47930407524108887,
            0.4367322325706482,
            0.7612795829772949,
            1.5792080163955688
          ],
          [
            0.0,
            0.0,
            0.0,
            1.0
          ]
        ]
      },
      "bone_length_armature_space": 0.10413089016124445,
      "parent": "lowerarm_l",
      "has_children": true,
      "is_end_bone": false
    },
    "pinky_01_l": {
      "name": "pinky_01_l",
      "local": {
        "location": {
          "x": 0.0,
          "y": 0.0,
          "z": 0.0
        },
        "rotation_quaternion": {
          "w": 0.9621982574462891,
          "x": 0.2714713215827942,
          "y": -0.019046848639845848,
          "z": 0.010730958543717861
        },
        "scale": {
          "x": 1.0,
          "y": 1.0,
          "z": 1.0
        },
        "matrix_basis": [
          [
            0.9990441203117371,
            -0.030991965904831886,
            -0.030827393755316734,
            0.0
          ],
          [
            0.010309272445738316,
            0.8523763418197632,
            -0.5228272676467896,
            0.0
          ],
          [
            0.0424799844622612,
            0.5220096707344055,
            0.8518810868263245,
            0.0
          ],
          [
            0.0,
            0.0,
            0.0,
            1.0
          ]
        ],
        "rotation_mode": "QUATERNION"
      },
      "armature_space": {
        "head": {
          "x": 0.47719651460647583,
          "y": -0.48931044340133667,
