{
  "metadata": {
    "armature_name": "KIM_caucasian_male",
    "export_time": "2026-01-13T21:05:00.330422",
    "blender_version": "4.4.1",
    "bone_count": 56,
    "end_bone_count": 13,
    "spaces_included": [
      "LOCAL_CHANNELS",
      "ARMATURE_SPACE",
      "WORLD_SPACE"
    ],
    "note": "LOCAL matches Transform panel; replay pose via local.matrix_basis for best fidelity."
  },
  "bones": {
    "Root": {
      "name": "Root",
      "local": {
        "location": {
          "x": 0.0,
          "y": 0.0,
          "z": 0.0
        },
        "rotation_quaternion": {
          "w": 0.9997607469558716,
          "x": 0.011846409179270267,
          "y": 0.017049675807356834,
          "z": 0.006902844179421663
        },
        "scale": {
          "x": 1.0,
          "y": 1.0,
          "z": 1.0
        },
        "matrix_basis": [
          [
            0.999323308467865,
            -0.013398430310189724,
            0.03425474092364311,
            0.0
          ],
          [
            0.014206340536475182,
            0.9996240139007568,
            -0.02345176786184311,
            0.0
          ],
          [
            -0.03392764553427696,
            0.02392253279685974,
            0.9991379380226135,
            0.0
          ],
          [
            0.0,
            0.0,
            0.0,
            1.0
          ]
        ],
        "rotation_mode": "QUATERNION"
      },
      "armature_space": {
        "head": {
          "x": 0.0,
          "y": 0.07072800397872925,
          "z": -0.009595036506652832
        },
        "tail": {
          "x": -0.000956324627622962,
          "y": -0.00020294636487960815,
          "z": -0.001695612445473671
        }
      },
      "world_space": {
        "head": {
          "x": 0.0,
          "y": 0.13397200405597687,
          "z": 0.9402589797973633
        },
        "tail": {
          "x": -0.000956324627622962,
          "y": 0.06304105371236801,
          "z": 0.9481583833694458
        },
        "rotation_quaternion": {
          "w": 0.05553203076124191,
          "x": 0.9982874989509583,
          "y": -0.005738561972975731,
          "z": 0.017475973814725876
        },
        "matrix": [
          [
            0.999323308467865,
            -0.013398430310189724,
            0.03425474092364311,
            0.0
          ],
          [
            -0.009516509249806404,
            -0.9937664866447449,
            -0.11107490956783295,
            0.13397200405597687
          ],
          [
            0.03552968427538872,
            0.11067359149456024,
            -0.993228554725647,
            0.9402589797973633
          ],
          [
            0.0,
            0.0,
            0.0,
            1.0
          ]
        ]
      },
      "bone_length_armature_space": 0.0713758720722968,
      "parent": null,
      "has_children": true,
      "is_end_bone": false
    },
    "spine_01": {
      "name": "spine_01",
      "local": {
        "location": {
          "x": 0.0,
          "y": 0.0,
          "z": 0.0
        },
        "rotation_quaternion": {
          "w": 0.998582124710083,
          "x": 0.04190637543797493,
          "y": -0.003906857222318649,
          "z": 0.03259630501270294
        },
        "scale": {
          "x": 1.0,
          "y": 1.0,
          "z": 1.0
        },
        "matrix_basis": [
          [
            0.9978444576263428,
            -0.06542761623859406,
            -0.005070649553090334,
            0.0
          ],
          [
            0.06477273255586624,
            0.9943626523017883,
            -0.08394861221313477,
            0.0
          ],
          [
            0.010534621775150299,
            0.08343921601772308,
            0.9964571595191956,
            0.0
          ],
          [
            0.0,
            0.0,
            0.0,
            1.0
          ]
        ],
        "rotation_mode": "QUATERNION"
      },
      "armature_space": {
        "head": {
          "x": -0.000956324627622962,
          "y": -0.00020294636487960815,
          "z": -0.001695612445473671
        },
        "tail": {
          "x": -0.050413843244314194,
          "y": -0.02933538146317005,
          "z": 0.48292145133018494
        }
      },
      "world_space": {
        "head": {
          "x": -0.000956324627622962,
          "y": 0.06304105371236801,
          "z": 0.9481583833694458
        },
        "tail": {
          "x": -0.050413843244314194,
          "y": 0.03390862047672272,
          "z": 1.4327754974365234
        },
        "rotation_quaternion": {
          "w": 0.6844364404678345,
          "x": 0.7272783517837524,
          "y": -0.04120481386780739,
          "z": 0.030252885073423386
        },
        "matrix": [
          [
            0.9947738647460938,
            -0.10134712606668472,
            -0.012400309555232525,
            -0.000956324627622962
          ],
          [
            -0.01852303370833397,
            -0.0596974641084671,
            -0.9980446100234985,
            0.06304105371236801
          ],
          [
            0.1004093810915947,
            0.9930652379989624,
            -0.06126407906413078,
            0.9481583833694458
          ],
          [
            0.0,
            0.0,
            0.0,
            1.0
          ]
        ]
      },
      "bone_length_armature_space": 0.4880045389267377,
      "parent": "Root",
      "has_children": true,
      "is_end_bone": false
    },
    "neck_01": {
      "name": "neck_01",
      "local": {
        "location": {
          "x": 0.0,
          "y": 0.0,
          "z": 0.0
        },
        "rotation_quaternion": {
          "w": 0.9946765899658203,
          "x": -0.0675269067287445,
          "y": -0.06676028668880463,
          "z": -0.04002261161804199
        },
        "scale": {
          "x": 1.0,
          "y": 1.0,
          "z": 1.0
        },
        "matrix_basis": [
          [
            0.9878824949264526,
            0.08863534033298492,
            -0.12740458548069,
            0.0
          ],
          [
            -0.07060287892818451,
            0.9876766204833984,
            0.1396787017583847,
            0.0
          ],
          [
            0.13821499049663544,
            -0.1289910227060318,
            0.9819663763046265,
            0.0
          ],
          [
            0.0,
            0.0,
            0.0,
            1.0
          ]
        ],
        "rotation_mode": "QUATERNION"
      },
      "armature_space": {
        "head": {
          "x": -0.05826437845826149,
          "y": -0.06831896305084229,
          "z": 0.5535074472427368
        },
        "tail": {
          "x": -0.05952880531549454,
          "y": -0.10057736933231354,
          "z": 0.65081387758255
        }
      },
      "world_space": {
        "head": {
          "x": -0.05826437845826149,
          "y": -0.0050749629735946655,
          "z": 1.503361463546753
        },
        "tail": {
          "x": -0.05952880531549454,
          "y": -0.03733336925506592,
          "z": 1.600667953491211
        },
        "rotation_quaternion": {
          "w": 0.5840900540351868,
          "x": 0.8095957040786743,
          "y": -0.03890141099691391,
          "z": -0.04336284101009369
        },
        "matrix": [
          [
            0.9932126402854919,
            -0.012333287857472897,
            -0.11565655469894409,
            -0.05826437845826149
          ],
          [
            -0.11364442855119705,
            -0.31465065479278564,
            -0.9423800110816956,
            -0.0050749629735946655
          ],
          [
            -0.024769023060798645,
            0.9491336941719055,
            -0.31391972303390503,
            1.503361463546753
          ],
          [
            0.0,
            0.0,
            0.0,
            1.0
          ]
        ]
      },
      "bone_length_armature_space": 0.10252192466150516,
      "parent": "spine_01",
      "has_children": true,
      "is_end_bone": false
    },
    "head": {
      "name": "head",
      "local": {
        "location": {
          "x": 0.0,
          "y": 0.0,
          "z": 0.0
        },
        "rotation_quaternion": {
          "w": 0.9647201299667358,
          "x": 0.10792264342308044,
          "y": 0.1361704170703888,
          "z": 0.19780132174491882
        },
        "scale": {
          "x": 1.0,
          "y": 1.0,
          "z": 1.0
        },
        "matrix_basis": [
          [
            0.8846645355224609,
            -0.35225409269332886,
            0.3054271638393402,
            0.0
          ],
          [
            0.4110375642776489,
            0.8984546661376953,
            -0.15436092019081116,
            0.0
          ],
          [
            -0.22003820538520813,
            0.2620996832847595,
            0.9396206140518188,
            0.0
          ],
          [
            0.0,
            0.0,
            0.0,
            1.0
          ]
        ],
        "rotation_mode": "QUATERNION"
      },
      "armature_space": {
        "head": {
          "x": -0.05952882021665573,
          "y": -0.10057749599218369,
          "z": 0.6508137583732605
        },
        "tail": {
          "x": -0.11432142555713654,
          "y": -0.1279323399066925,
          "z": 0.7933014631271362
        }
      },
      "world_space": {
        "head": {
          "x": -0.05952882021665573,
          "y": -0.037333495914936066,
          "z": 1.6006677150726318
        },
        "tail": {
          "x": -0.11432142555713654,
          "y": -0.06468833982944489,
          "z": 1.7431554794311523
        },
        "rotation_quaternion": {
          "w": 0.6374879479408264,
          "x": 0.7426843643188477,
          "y": -0.0736144483089447,
          "z": 0.19133731722831726
        },
        "matrix": [
          [
            0.9159422516822815,
            -0.35329508781433105,
            0.19034793972969055,
            -0.05952882021665573
          ],
          [
            0.13460388779640198,
            -0.17638015747070312,
            -0.975075364112854,
            -0.037333495914936066
          ],
          [
            0.37806573510169983,
            0.9187405705451965,
            -0.11400081217288971,
            1.6006677150726318
          ],
          [
            0.0,
            0.0,
            0.0,
            1.0
          ]
        ]
      },
      "bone_length_armature_space": 0.1550911458987545,
      "parent": "neck_01",
      "has_children": false,
      "is_end_bone": true
    },
    "upperarm_l": {
      "name": "upperarm_l",
      "local": {
        "location": {
          "x": 0.0,
          "y": 0.0,
          "z": 0.0
        },
        "rotation_quaternion": {
          "w": 0.9253131151199341,
          "x": 0.1911034882068634,
          "y": 0.280760794878006,
          "z": 0.16866715252399445
        },
        "scale": {
          "x": 1.0,
          "y": 1.0,
          "z": 1.0
        },
        "matrix_basis": [
          [
            0.7854495644569397,
            -0.20483112335205078,
            0.5840490460395813,
            0.0
          ],
          [
            0.419448584318161,
            0.8700616955757141,
            -0.2589508891105652,
            0.0
          ],
          [
            -0.45511752367019653,
            0.44837138056755066,
            0.7693056464195251,
            0.0
          ],
          [
            0.0,
            0.0,
            0.0,
            1.0
          ]
        ],
        "rotation_mode": "QUATERNION"
      },
      "armature_space": {
        "head": {
          "x": 0.09772346913814545,
          "y": -0.0702681839466095,
          "z": 0.5016317963600159
        },
        "tail": {
          "x": 0.32915306091308594,
          "y": -0.18947306275367737,
          "z": 0.5651786923408508
        }
      },
      "world_space": {
        "head": {
          "x": 0.09772346913814545,
          "y": -0.0070241838693618774,
          "z": 1.4514858722686768
        },
        "tail": {
          "x": 0.32915306091308594,
          "y": -0.12622906267642975,
          "z": 1.5150327682495117
        },
        "rotation_quaternion": {
          "w": 0.29912447929382324,
          "x": 0.8024831414222717,
          "y": 0.4337063729763031,
          "z": -0.2800789773464203
        },
        "matrix": [
          [
            0.4669085443019867,
            0.8636417388916016,
            -0.19005119800567627,
            0.09772346913814545
          ],
          [
            0.5285279154777527,
            -0.4448450803756714,
            -0.7230291962623596,
            -0.0070241838693618774
          ],
          [
            -0.7089859247207642,
            0.2371423840522766,
            -0.6641659140586853,
            1.4514858722686768
          ],
          [
            0.0,
            0.0,
            0.0,
            1.0
          ]
        ]
      },
      "bone_length_armature_space": 0.2679695291341015,
      "parent": "spine_01",
      "has_children": true,
      "is_end_bone": false
    },
    "lowerarm_l": {
      "name": "lowerarm_l",
      "local": {
        "location": {
          "x": 0.0,
          "y": 0.0,
          "z": 0.0
        },
        "rotation_quaternion": {
          "w": 0.9843155741691589,
          "x": 0.160491481423378,
          "y": -0.07324134558439255,
          "z": 0.0010283872252330184
        },
        "scale": {
          "x": 1.0,
          "y": 1.0,
          "z": 1.0
        },
        "matrix_basis": [
          [
            0.9892693161964417,
            -0.02553373947739601,
            -0.14385509490966797,
            0.0
          ],
          [
            -0.021484708413481712,
            0.948482871055603,
            -0.3160991668701172,
            0.0
          ],
          [
            0.1445152908563614,
            0.3157978951931,
            0.937756359577179,
            0.0
          ],
          [
            0.0,
            0.0,
            0.0,
            1.0
          ]
        ],
        "rotation_mode": "QUATERNION"
      },
      "armature_space": {
        "head": {
          "x": 0.32915306091308594,
          "y": -0.1894732117652893,
          "z": 0.5651787519454956
        },
        "tail": {
          "x": 0.49876847863197327,
          "y": -0.39616715908050537,
          "z": 0.5739859938621521
        }
      },
      "world_space": {
        "head": {
          "x": 0.32915306091308594,
          "y": -0.1262292116880417,
          "z": 1.5150327682495117
        },
        "tail": {
          "x": 0.49876847863197327,
          "y": -0.33292317390441895,
          "z": 1.5238399505615234
        },
        "rotation_quaternion": {
          "w": 0.181401327252388,
          "x": 0.8187821507453918,
          "y": 0.2842264473438263,
          "z": -0.46465563774108887
        },
        "matrix": [
          [
            0.4066205322742462,
            0.6340183019638062,
            -0.6577845215797424,
            0.32915306091308594
          ],
          [
            0.2968609035015106,
            -0.7726168632507324,
            -0.5611922740936279,
            -0.1262292116880417
          ],
          [
            -0.8640273809432983,
            0.03292126953601837,
            -0.5023811459541321,
            1.5150327682495117
          ],
          [
            0.0,
            0.0,
            0.0,
            1.0
          ]
        ]
      },
      "bone_length_armature_space": 0.2675244797520998,
      "parent": "upperarm_l",
      "has_children": true,
      "is_end_bone": false
    },
    "metacarpal_thumb_l": {
      "name": "metacarpal_thumb_l",
      "local": {
        "location": {
          "x": 0.0,
          "y": 0.0,
          "z": 0.0
        },
        "rotation_quaternion": {
          "w": 0.9988656640052795,
          "x": -0.04554640129208565,
          "y": 0.004341177176684141,
          "z": -0.013195530511438847
        },
        "scale": {
          "x": 1.0,
          "y": 1.0,
          "z": 1.0
        },
        "matrix_basis": [
          [
            0.9996140599250793,
            0.025965673848986626,
            0.009874523617327213,
            0.0
          ],
          [
            -0.02675657533109188,
            0.9955028295516968,
            0.09087490290403366,
            0.0
          ],
          [
            -0.007470487616956234,
            -0.09110403805971146,
            0.9958133697509766,
            0.0
          ],
          [
            0.0,
            0.0,
            0.0,
            1.0
          ]
        ],
        "rotation_mode": "QUATERNION"
      },
      "armature_space": {
        "head": {
          "x": 0.49876847863197327,
          "y": -0.39616715908050537,
          "z": 0.5739859938621521
        },
        "tail": {
          "x": 0.5077728033065796,
          "y": -0.4418656527996063,
          "z": 0.5571289658546448
        }
      },
      "world_space": {
        "head": {
          "x": 0.49876847863197327,
          "y": -0.33292317390441895,
          "z": 1.5238399505615234
        },
        "tail": {
          "x": 0.5077728033065796,
          "y": -0.3786216378211975,
          "z": 1.5069830417633057
        },
        "rotation_quaternion": {
          "w": 0.18806205689907074,
          "x": -0.9623945355415344,
          "y": -0.05784059315919876,
          "z": -0.18730664253234863
        },
        "matrix": [
          [
            0.9231414794921875,
            0.18178142607212067,
            0.3387702405452728,
            0.49876847863197327
          ],
          [
            0.04088074713945389,
            -0.9225743412971497,
            0.38364723324775696,
            -0.33292317390441895
          ],
          [
            0.382283478975296,
            -0.34031468629837036,
            -0.8591036796569824,
            1.5238399505615234
          ],
          [
            0.0,
            0.0,
            0.0,
            1.0
          ]
        ]
      },
      "bone_length_armature_space": 0.04953372170921981,
      "parent": "lowerarm_l",
      "has_children": true,
      "is_end_bone": false
    },
    "thumb_01_l": {
      "name": "thumb_01_l",
      "local": {
        "location": {
          "x": 0.0,
          "y": 0.0,
          "z": 0.0
        },
        "rotation_quaternion": {
          "w": 0.9976943731307983,
          "x": -0.06588602811098099,
          "y": -0.0021091694943606853,
          "z": 0.01614278368651867
        },
        "scale": {
          "x": 1.0,
          "y": 1.0,
          "z": 1.0
        },
        "matrix_basis": [
          [
            0.9994699358940125,
            -0.03193319961428642,
            -0.006335780955851078,
            0.0
          ],
          [
            0.03248905763030052,
            0.9907968640327454,
            0.13140013813972473,
            0.0
          ],
          [
            0.002081445185467601,
            -0.1315363347530365,
            0.9913091659545898,
            0.0
          ],
          [
            0.0,
            0.0,
            0.0,
            1.0
          ]
        ],
        "rotation_mode": "QUATERNION"
      },
      "armature_space": {
        "head": {
          "x": 0.5077728033065796,
          "y": -0.4418656527996063,
          "z": 0.5571289658546448
        },
        "tail": {
          "x": 0.5123186111450195,
          "y": -0.45194098353385925,
          "z": 0.5249348282814026
        }
      },
      "world_space": {
        "head": {
          "x": 0.5077728033065796,
          "y": -0.3786216378211975,
          "z": 1.5069830417633057
        },
        "tail": {
          "x": 0.5123186111450195,
          "y": -0.38869696855545044,
          "z": 1.4747889041900635
        },
        "rotation_quaternion": {
          "w": 0.4396028220653534,
          "x": -0.5150113701820374,
          "y": 0.3984350562095642,
          "z": -0.6186777949333191
        },
        "matrix": [
          [
            -0.08302545547485352,
            0.1335492730140686,
            0.9875583648681641,
            0.5077728033065796
          ],
          [
            -0.9543421268463135,
            -0.29599738121032715,
            -0.04020462930202484,
            -0.3786216378211975
          ],
          [
            0.286946564912796,
            -0.9458134174346924,
            0.15202809870243073,
            1.5069830417633057
          ],
          [
            0.0,
            0.0,
            0.0,
            1.0
          ]
        ]
      },
      "bone_length_armature_space": 0.034038788905634464,
      "parent": "metacarpal_thumb_l",
      "has_children": true,
      "is_end_bone": false
    },
    "thumb_02_l": {
      "name": "thumb_02_l",
      "local": {
        "location": {
          "x": 0.0,
          "y": 0.0,
          "z": 0.0
        },
        "rotation_quaternion": {
          "w": 0.9918187856674194,
          "x": 0.12713918089866638,
          "y": -0.008490120992064476,
          "z": 0.007689088117331266
        },
        "scale": {
          "x": 1.0,
          "y": 1.0,
          "z": 1.0
        },
        "matrix_basis": [
          [
            0.9997376203536987,
            -0.01741121895611286,
            -0.014886153861880302,
            0.0
          ],
          [
            0.013093509711325169,
            0.9675530195236206,
            -0.2523286044597626,
            0.0
          ],
          [
            0.018796492367982864,
            0.252067506313324,
            0.9675270915031433,
            0.0
          ],
          [
            0.0,
            0.0,
            0.0,
            1.0
          ]
        ],
        "rotation_mode": "QUATERNION"
      },
      "armature_space": {
        "head": {
          "x": 0.5123185515403748,
          "y": -0.45194095373153687,
          "z": 0.5249348282814026
        },
        "tail": {
          "x": 0.5392436981201172,
          "y": -0.4816630482673645,
          "z": 0.527128279209137
        }
      },
      "world_space": {
        "head": {
          "x": 0.5123185515403748,
          "y": -0.38869696855545044,
          "z": 1.4747889041900635
        },
        "tail": {
          "x": 0.5392436981201172,
          "y": -0.4184190630912781,
          "z": 1.4769823551177979
        },
        "rotation_quaternion": {
          "w": 0.35475143790245056,
          "x": -0.09150653332471848,
          "y": -0.06438833475112915,
          "z": -0.9282414317131042
        },
        "matrix": [
          [
            -0.7315559983253479,
            0.6703740358352661,
            0.12419633567333221,
            0.5123185515403748
          ],
          [
            -0.646806001663208,
            -0.7400108575820923,
            0.18446069955825806,
            -0.38869696855545044
          ],
          [
            0.21556515991687775,
            0.05461221933364868,
            0.9749681949615479,
            1.4747889041900635
          ],
          [
            0.0,
            0.0,
            0.0,
            1.0
          ]
        ]
      },
      "bone_length_armature_space": 0.04016438231177862,
      "parent": "thumb_01_l",
      "has_children": true,
      "is_end_bone": false
    },
    "thumb_03_l": {
      "name": "thumb_03_l",
      "local": {
        "location": {
          "x": 0.0,
          "y": 0.0,
          "z": 0.0
        },
        "rotation_quaternion": {
          "w": 0.9985036849975586,
          "x": 0.05429970100522041,
          "y": -0.004406873602420092,
          "z": -0.004753152374178171
        },
        "scale": {
          "x": 1.0,
          "y": 1.0,
          "z": 1.0
        },
        "matrix_basis": [
          [
            0.9999159574508667,
            0.009013496339321136,
            -0.009316748939454556,
            0.0
          ],
          [
            -0.00997066404670477,
            0.9940578937530518,
            -0.10839501023292542,
            0.0
          ],
          [
            0.008284369483590126,
            0.10847879946231842,
            0.9940642714500427,
            0.0
          ],
          [
            0.0,
            0.0,
            0.0,
            1.0
          ]
        ],
        "rotation_mode": "QUATERNION"
      },
      "armature_space": {
        "head": {
          "x": 0.5392436385154724,
          "y": -0.4816630482673645,
          "z": 0.5271282196044922
        },
        "tail": {
          "x": 0.5619478225708008,
          "y": -0.49828964471817017,
          "z": 0.5387458205223083
        }
      },
      "world_space": {
        "head": {
          "x": 0.5392436385154724,
          "y": -0.4184190630912781,
          "z": 1.4769822359085083
        },
        "tail": {
          "x": 0.5619478225708008,
          "y": -0.43504565954208374,
          "z": 1.4885997772216797
        },
        "rotation_quaternion": {
          "w": 0.4534071385860443,
          "x": 0.14105422794818878,
          "y": -0.14615565538406372,
          "z": -0.8678503036499023
        },
        "matrix": [
          [
            -0.5490508675575256,
            0.7457476854324341,
            -0.3773640990257263,
            0.5392436385154724
          ],
          [
            -0.8282111287117004,
            -0.5461207032203674,
            0.1257716417312622,
            -0.4184190630912781
          ],
          [
            -0.11229396611452103,
            0.38159435987472534,
            0.9174910187721252,
            1.4769822359085083
          ],
          [
            0.0,
            0.0,
            0.0,
            1.0
          ]
        ]
      },
      "bone_length_armature_space": 0.030444907209440455,
      "parent": "thumb_02_l",
      "has_children": false,
      "is_end_bone": true
    },
    "metacarpal_index_l": {
      "name": "metacarpal_index_l",
      "local": {
        "location": {
          "x": 0.0,
          "y": 0.0,
          "z": 0.0
        },
        "rotation_quaternion": {
          "w": 0.9996172189712524,
          "x": -0.026027575135231018,
          "y": -0.006489098537713289,
          "z": 0.006786649115383625
        },
        "scale": {
          "x": 1.0,
          "y": 1.0,
          "z": 1.0
        },
        "matrix_basis": [
          [
            0.9998236894607544,
            -0.013230311684310436,
            -0.013326508924365044,
            0.0
          ],
          [
            0.013905894011259079,
            0.9985530376434326,
            0.05194714665412903,
            0.0
          ],
          [
            0.01261994894593954,
            -0.0521233044564724,
            0.998560905456543,
            0.0
          ],
          [
            0.0,
            0.0,
            0.0,
            1.0
          ]
        ],
        "rotation_mode": "QUATERNION"
      },
      "armature_space": {
        "head": {
          "x": 0.49876847863197327,
          "y": -0.39616715908050537,
          "z": 0.5739859938621521
        },
        "tail": {
          "x": 0.5478666424751282,
          "y": -0.5017305612564087,
          "z": 0.5607590079307556
        }
      },
      "world_space": {
        "head": {
          "x": 0.49876847863197327,
          "y": -0.33292317390441895,
          "z": 1.5238399505615234
        },
        "tail": {
          "x": 0.5478666424751282,
          "y": -0.43848657608032227,
          "z": 1.510612964630127
        },
        "rotation_quaternion": {
          "w": 0.042123258113861084,
          "x": -0.9723398089408875,
          "y": -0.21854323148727417,
          "z": 0.07085173577070236
        },
        "matrix": [
          [
            0.8944377899169922,
            0.41902750730514526,
            -0.1561955213546753,
            0.49876847863197327
          ],
          [
            0.4309655427932739,
            -0.9009290337562561,
            0.05094717815518379,
            -0.33292317390441895
          ],
          [
            -0.11937333643436432,
            -0.11288563162088394,
            -0.9864181280136108,
            1.5238399505615234
          ],
          [
            0.0,
            0.0,
            0.0,
            1.0
          ]
        ]
      },
      "bone_length_armature_space": 0.11717173357293613,
      "parent": "lowerarm_l",
      "has_children": true,
      "is_end_bone": false
    },
    "index_01_l": {
      "name": "index_01_l",
      "local": {
        "location": {
          "x": 0.0,
          "y": 0.0,
          "z": 0.0
        },
        "rotation_quaternion": {
          "w": 0.989989161491394,
          "x": -0.13880564272403717,
          "y": -0.023298898711800575,
          "z": -0.010574336163699627
        },
        "scale": {
          "x": 1.0,
          "y": 1.0,
          "z": 1.0
        },
        "matrix_basis": [
          [
            0.998690664768219,
            0.027404993772506714,
            -0.043195758014917374,
            0.0
          ],
          [
            -0.014468919485807419,
            0.9612423777580261,
            0.27532491087913513,
            0.0
          ],
          [
            0.04906686767935753,
            -0.2743394374847412,
            0.9603803157806396,
            0.0
          ],
          [
            0.0,
            0.0,
            0.0,
            1.0
          ]
        ],
        "rotation_mode": "QUATERNION"
      },
      "armature_space": {
        "head": {
          "x": 0.5478666424751282,
          "y": -0.5017305612564087,
          "z": 0.5607590079307556
        },
        "tail": {
          "x": 0.5685083866119385,
          "y": -0.519975483417511,
          "z": 0.5681149959564209
        }
      },
      "world_space": {
        "head": {
          "x": 0.5478666424751282,
          "y": -0.43848657608032227,
          "z": 1.510612964630127
        },
        "tail": {
          "x": 0.5685083866119385,
          "y": -0.45673149824142456,
          "z": 1.517969012260437
        },
        "rotation_quaternion": {
          "w": 0.14179977774620056,
          "x": 0.9054961800575256,
          "y": 0.39995935559272766,
          "z": 0.0014694043202325702
        },
        "matrix": [
          [
            0.6800607442855835,
            0.7239064574241638,
            0.11608996987342834,
            0.5478666424751282
          ],
          [
            0.7247401475906372,
            -0.6398505568504333,
            -0.2556229829788208,
            -0.43848657608032227
          ],
          [
            -0.11076705157756805,
            0.2579752802848816,
            -0.9597881436347961,
            1.510612964630127
          ],
          [
            0.0,
            0.0,
            0.0,
            1.0
          ]
        ]
      },
      "bone_length_armature_space": 0.028514370674824027,
      "parent": "metacarpal_index_l",
      "has_children": true,
      "is_end_bone": false
    },
    "index_02_l": {
      "name": "index_02_l",
      "local": {
        "location": {
          "x": 0.0,
          "y": 0.0,
          "z": 0.0
        },
        "rotation_quaternion": {
          "w": 0.999613881111145,
          "x": 0.02632661908864975,
          "y": 0.00588657520711422,
          "z": -0.006664290092885494
        },
        "scale": {
          "x": 1.0,
          "y": 1.0,
          "z": 1.0
        },
        "matrix_basis": [
          [
            0.9998418688774109,
            0.013633380644023418,
            0.011417708359658718,
            0.0
          ],
          [
            -0.013013486750423908,
            0.9985249638557434,
            -0.0527113676071167,
            0.0
          ],
          [
            -0.012119500897824764,
            0.05255444720387459,
            0.9985445141792297,
            0.0
          ],
          [
            0.0,
            0.0,
            0.0,
            1.0
          ]
        ],
        "rotation_mode": "QUATERNION"
      },
      "armature_space": {
        "head": {
          "x": 0.5685085654258728,
          "y": -0.5199759602546692,
          "z": 0.5681148171424866
        },
        "tail": {
          "x": 0.5878354907035828,
          "y": -0.5357298851013184,
          "z": 0.5741459131240845
        }
      },
      "world_space": {
        "head": {
          "x": 0.5685085654258728,
          "y": -0.45673197507858276,
          "z": 1.5179688930511475
        },
        "tail": {
          "x": 0.5878354907035828,
          "y": -0.47248589992523193,
          "z": 1.5239999294281006
        },
        "rotation_quaternion": {
          "w": 0.14467859268188477,
          "x": 0.8978683948516846,
          "y": 0.4147452116012573,
          "z": -0.02978431060910225
        },
        "matrix": [
          [
            0.6541986465454102,
            0.7533912658691406,
            0.06652545183897018,
            0.5685085654258728
          ],
          [
            0.7361549139022827,
            -0.6141088008880615,
            -0.28451070189476013,
            -0.45673197507858276
          ],
          [
            -0.17349456250667572,
            0.23510044813156128,
            -0.9563688039779663,
            1.5179688930511475
          ],
          [
            0.0,
            0.0,
            0.0,
            1.0
          ]
        ]
      },
      "bone_length_armature_space": 0.025653270587506643,
      "parent": "index_01_l",
      "has_children": true,
      "is_end_bone": false
    },
    "index_03_l": {
      "name": "index_03_l",
      "local": {
        "location": {
          "x": 0.0,
          "y": 0.0,
          "z": 0.0
        },
        "rotation_quaternion": {
          "w": 0.9988663196563721,
          "x": 0.0474017858505249,
          "y": 0.0035824638325721025,
          "z": -0.0025374446995556355
        },
        "scale": {
          "x": 1.0,
          "y": 1.0,
          "z": 1.0
        },
        "matrix_basis": [
          [
            0.9999614357948303,
            0.005408766679465771,
            0.00691624591127038,
            0.0
          ],
          [
            -0.004729505628347397,
            0.9954932928085327,
            -0.09471427649259567,
            0.0
          ],
          [
            -0.007397363893687725,
            0.09467791765928268,
            0.995480477809906,
            0.0
          ],
          [
            0.0,
            0.0,
            0.0,
            1.0
          ]
        ],
        "rotation_mode": "QUATERNION"
      },
      "armature_space": {
        "head": {
          "x": 0.5878354907035828,
          "y": -0.5357298254966736,
          "z": 0.574146032333374
        },
        "tail": {
          "x": 0.6116700172424316,
          "y": -0.5525926947593689,
          "z": 0.5752816796302795
        }
      },
      "world_space": {
        "head": {
          "x": 0.5878354907035828,
          "y": -0.47248584032058716,
          "z": 1.5240000486373901
        },
        "tail": {
          "x": 0.6116700172424316,
          "y": -0.48934870958328247,
          "z": 1.5251357555389404
        },
        "rotation_quaternion": {
          "w": 0.043421436101198196,
          "x": 0.887031614780426,
          "y": 0.4577682316303253,
          "z": -0.04168633371591568
        },
        "matrix": [
          [
            0.5774210095405579,
            0.8157298564910889,
            -0.034200072288513184,
            0.5878354907035828
          ],
          [
            0.8084895610809326,
            -0.5771255493164062,
            -0.11519840359687805,
            -0.47248584032058716
          ],
          [
            -0.11370853334665298,
            0.03886713087558746,
            -0.9927605390548706,
            1.5240000486373901
          ],
          [
            0.0,
            0.0,
            0.0,
            1.0
          ]
        ]
      },
      "bone_length_armature_space": 0.02921867044353772,
      "parent": "index_02_l",
      "has_children": false,
      "is_end_bone": true
    },
    "metacarpal_pinky_l": {
      "name": "metacarpal_pinky_l",
      "local": {
        "location": {
          "x": 0.0,
          "y": 0.0,
          "z": 0.0
        },
        "rotation_quaternion": {
          "w": 0.9987121820449829,
          "x": -0.043409571051597595,
          "y": 0.020222490653395653,
          "z": 0.016757043078541756
        },
        "scale": {
          "x": 1.0,
          "y": 1.0,
          "z": 1.0
        },
        "matrix_basis": [
          [
            0.9986205101013184,
            -0.035226624459028244,
            0.03893806412816048,
            0.0
          ],
          [
            0.03171522542834282,
            0.9956696033477783,
            0.08738507330417633,
            0.0
          ],
          [
            -0.041847728192806244,
            -0.08602959662675858,
            0.9954133033752441,
            0.0
          ],
          [
            0.0,
            0.0,
            0.0,
            1.0
          ]
        ],
        "rotation_mode": "QUATERNION"
      },
      "armature_space": {
        "head": {
          "x": 0.49876847863197327,
          "y": -0.39616715908050537,
          "z": 0.5739859938621521
        },
        "tail": {
          "x": 0.5879877209663391,
          "y": -0.44779282808303833,
          "z": 0.5887485146522522
        }
      },
      "world_space": {
        "head": {
          "x": 0.49876847863197327,
          "y": -0.33292317390441895,
          "z": 1.5238399505615234
        },
        "tail": {
          "x": 0.5879877209663391,
          "y": -0.3845488429069519,
          "z": 1.538602590560913
        },
        "rotation_quaternion": {
          "w": 0.48330068588256836,
          "x": 0.3672028183937073,
          "y": 0.13612765073776245,
          "z": -0.7829763889312744
        },
        "matrix": [
          [
            -0.26316434144973755,
            0.8568000197410583,
            -0.4434390962123871,
            0.49876847863197327
          ],
          [
            -0.6568535566329956,
            -0.4957774579524994,
            -0.5681092739105225,
            -0.33292317390441895
          ],
          [
            -0.7066087126731873,
            0.14176896214485168,
            0.693267285823822,
            1.5238399505615234
          ],
          [
            0.0,
            0.0,
            0.0,
            1.0
          ]
        ]
      },
      "bone_length_armature_space": 0.10413076033677399,
      "parent": "lowerarm_l",
      "has_children": true,
      "is_end_bone": false
    },
    "pinky_01_l": {
      "name": "pinky_01_l",
      "local": {
        "location": {
          "x": 0.0,
          "y": 0.0,
          "z": 0.0
        },
        "rotation_quaternion": {
          "w": 0.9984197616577148,
          "x": -0.053233228623867035,
          "y": -0.017892751842737198,
          "z": -0.0020435829646885395
        },
        "scale": {
          "x": 1.0,
          "y": 1.0,
          "z": 1.0
        },
        "matrix_basis": [
          [
            0.9993513226509094,
            0.005985685158520937,
            -0.035511381924152374,
            0.0
          ],
          [
            -0.0021757292561233044,
            0.9943240880966187,
            0.10637134313583374,
            0.0
          ],
          [
            0.035946525633335114,
            -0.10622508078813553,
            0.99369215965271,
            0.0
          ],
          [
            0.0,
            0.0,
            0.0,
            1.0
          ]
        ],
        "rotation_mode": "QUATERNION"
      },
      "armature_space": {
        "head": {
          "x": 0.5879877209663391,
          "y": -0.44779282808303833,
          "z": 0.5887485146522522
        },
