{
  "metadata": {
    "armature_name": "KIM_caucasian_male",
    "export_time": "2026-01-13T21:02:14.714251",
    "blender_version": "4.4.1",
    "bone_count": 56,
    "end_bone_count": 13,
    "spaces_included": [
      "LOCAL_CHANNELS",
      "ARMATURE_SPACE",
      "WORLD_SPACE"
    ],
    "note": "LOCAL matches Transform panel; replay pose via local.matrix_basis for best fidelity."
  },
  "bones": {
    "Root": {
      "name": "Root",
      "local": {
        "location": {
          "x": 0.0,
          "y": 0.0,
          "z": 0.0
        },
        "rotation_quaternion": {
          "w": 0.9997300505638123,
          "x": 0.011455378495156765,
          "y": 0.014861616306006908,
          "z": -0.01369991060346365
        },
        "scale": {
          "x": 1.0,
          "y": 1.0,
          "z": 1.0
        },
        "matrix_basis": [
          [
            0.9991828799247742,
            0.027732916176319122,
            0.02940133400261402,
            0.0
          ],
          [
            -0.027051933109760284,
            0.9993621706962585,
            -0.023311777040362358,
            0.0
          ],
          [
            -0.030029084533452988,
            0.02249736711382866,
            0.9992958307266235,
            0.0
          ],
          [
            0.0,
            0.0,
            0.0,
            1.0
          ]
        ],
        "rotation_mode": "QUATERNION"
      },
      "armature_space": {
        "head": {
          "x": 0.0,
          "y": 0.07072800397872925,
          "z": -0.009595036506652832
        },
        "tail": {
          "x": 0.0019794609397649765,
          "y": -0.0001707524061203003,
          "z": -0.0015973253175616264
        }
      },
      "world_space": {
        "head": {
          "x": 0.0,
          "y": 0.13397200405597687,
          "z": 0.9402589797973633
        },
        "tail": {
          "x": 0.0019794609397649765,
          "y": 0.06307324767112732,
          "z": 0.9482566714286804
        },
        "rotation_quaternion": {
          "w": 0.05592012032866478,
          "x": 0.9982306361198425,
          "y": 0.014669983647763729,
          "z": 0.013904922641813755
        },
        "matrix": [
          [
            0.9991828799247742,
            0.027732916176319122,
            0.02940133400261402,
            0.0
          ],
          [
            0.030843188986182213,
            -0.9933154582977295,
            -0.11123484373092651,
            0.13397200405597687
          ],
          [
            0.02612014301121235,
            0.1120506301522255,
            -0.9933661818504333,
            0.9402589797973633
          ],
          [
            0.0,
            0.0,
            0.0,
            1.0
          ]
        ]
      },
      "bone_length_armature_space": 0.0713758748035349,
      "parent": null,
      "has_children": true,
      "is_end_bone": false
    },
    "spine_01": {
      "name": "spine_01",
      "local": {
        "location": {
          "x": 0.0,
          "y": 0.0,
          "z": 0.0
        },
        "rotation_quaternion": {
          "w": 0.9984824061393738,
          "x": -0.031622640788555145,
          "y": -0.03672298789024353,
          "z": -0.026161549612879753
        },
        "scale": {
          "x": 1.0,
          "y": 1.0,
          "z": 1.0
        },
        "matrix_basis": [
          [
            0.995934009552002,
            0.05456624925136566,
            -0.07167991995811462,
            0.0
          ],
          [
            -0.04992114007472992,
            0.9966311454772949,
            0.06507076323032379,
            0.0
          ],
          [
            0.07498911023139954,
            -0.061227839440107346,
            0.9953028559684753,
            0.0
          ],
          [
            0.0,
            0.0,
            0.0,
            1.0
          ]
        ],
        "rotation_mode": "QUATERNION"
      },
      "armature_space": {
        "head": {
          "x": 0.0019794609397649765,
          "y": -0.0001707524061203003,
          "z": -0.0015973253175616264
        },
        "tail": {
          "x": 0.014625810086727142,
          "y": 0.04189921170473099,
          "z": 0.4844260513782501
        }
      },
      "world_space": {
        "head": {
          "x": 0.0019794609397649765,
          "y": 0.06307324767112732,
          "z": 0.9482566714286804
        },
        "tail": {
          "x": 0.014625810086727142,
          "y": 0.10514321178197861,
          "z": 1.4342800378799438
        },
        "rotation_quaternion": {
          "w": 0.7369207739830017,
          "x": 0.6755078434944153,
          "y": -0.007205543573945761,
          "z": -0.024188069626688957
        },
        "matrix": [
          [
            0.9987260699272156,
            0.02591458521783352,
            -0.04329846054315567,
            0.0019794609397649765
          ],
          [
            -0.04538435861468315,
            0.08620872348546982,
            -0.9952428936958313,
            0.06307324767112732
          ],
          [
            -0.022058801725506783,
            0.995947003364563,
            0.08727472275495529,
            0.9482566714286804
          ],
          [
            0.0,
            0.0,
            0.0,
            1.0
          ]
        ]
      },
      "bone_length_armature_space": 0.48800462892113855,
      "parent": "Root",
      "has_children": true,
      "is_end_bone": false
    },
    "neck_01": {
      "name": "neck_01",
      "local": {
        "location": {
          "x": 0.0,
          "y": 0.0,
          "z": 0.0
        },
        "rotation_quaternion": {
          "w": 0.9811516404151917,
          "x": -0.09051580727100372,
          "y": -0.07216009497642517,
          "z": 0.15472984313964844
        },
        "scale": {
          "x": 1.0,
          "y": 1.0,
          "z": 1.0
        },
        "matrix_basis": [
          [
            0.941703200340271,
            -0.2905636131763458,
            -0.16961097717285156,
            0.0
          ],
          [
            0.3166901469230652,
            0.9357311129570007,
            0.15528883039951324,
            0.0
          ],
          [
            0.11358899623155594,
            -0.19995009899139404,
            0.9731996059417725,
            0.0
          ],
          [
            0.0,
            0.0,
            0.0,
            1.0
          ]
        ],
        "rotation_mode": "QUATERNION"
      },
      "armature_space": {
        "head": {
          "x": 0.015021626837551594,
          "y": 0.013695817440748215,
          "z": 0.5603744387626648
        },
        "tail": {
          "x": -0.01294656004756689,
          "y": 0.006017791107296944,
          "z": 0.6587085127830505
        }
      },
      "world_space": {
        "head": {
          "x": 0.015021626837551594,
          "y": 0.07693982124328613,
          "z": 1.5102283954620361
        },
        "tail": {
          "x": -0.01294656004756689,
          "y": 0.06926178932189941,
          "z": 1.6085624694824219
        },
        "rotation_quaternion": {
          "w": 0.6565960645675659,
          "x": 0.7330418825149536,
          "y": -0.1773000955581665,
          "z": 0.009797931648790836
        },
        "matrix": [
          [
            0.9369369745254517,
            -0.27280357480049133,
            -0.218466117978096,
            0.015021626837551594
          ],
          [
            -0.2470717579126358,
            -0.07489198446273804,
            -0.9660989046096802,
            0.07693982124328613
          ],
          [
            0.2471952736377716,
            0.9591569304466248,
            -0.1375729888677597,
            1.5102283954620361
          ],
          [
            0.0,
            0.0,
            0.0,
            1.0
          ]
        ]
      },
      "bone_length_armature_space": 0.10252200427181594,
      "parent": "spine_01",
      "has_children": true,
      "is_end_bone": false
    },
    "head": {
      "name": "head",
      "local": {
        "location": {
          "x": 0.0,
          "y": 0.0,
          "z": 0.0
        },
        "rotation_quaternion": {
          "w": 0.9926897287368774,
          "x": -0.09831025451421738,
          "y": -0.06382067501544952,
          "z": 0.028795989230275154
        },
        "scale": {
          "x": 1.0,
          "y": 1.0,
          "z": 1.0
        },
        "matrix_basis": [
          [
            0.9901954531669617,
            -0.0446225106716156,
            -0.13237014412879944,
            0.0
          ],
          [
            0.06971941888332367,
            0.9790117740631104,
            0.19150760769844055,
            0.0
          ],
          [
            0.12104637175798416,
            -0.19885872304439545,
            0.9725240468978882,
            0.0
          ],
          [
            0.0,
            0.0,
            0.0,
            1.0
          ]
        ],
        "rotation_mode": "QUATERNION"
      },
      "armature_space": {
        "head": {
          "x": -0.01294657401740551,
          "y": 0.006017645820975304,
          "z": 0.658708393573761
        },
        "tail": {
          "x": -0.03673127666115761,
          "y": 0.0787871703505516,
          "z": 0.7935866117477417
        }
      },
      "world_space": {
        "head": {
          "x": -0.01294657401740551,
          "y": 0.06926164776086807,
          "z": 1.6085624694824219
        },
        "tail": {
          "x": -0.03673127666115761,
          "y": 0.14203116297721863,
          "z": 1.7434406280517578
        },
        "rotation_quaternion": {
          "w": 0.8225482106208801,
          "x": 0.5120349526405334,
          "y": -0.24086886644363403,
          "z": -0.05671749264001846
        },
        "matrix": [
          [
            0.8775312304496765,
            -0.15336044132709503,
            -0.45433440804481506,
            -0.01294657401740551
          ],
          [
            -0.3399713933467865,
            0.4692077040672302,
            -0.8150240182876587,
            0.06926164776086807
          ],
          [
            0.33817151188850403,
            0.8696759939193726,
            0.35960787534713745,
            1.6085624694824219
          ],
          [
            0.0,
            0.0,
            0.0,
            1.0
          ]
        ]
      },
      "bone_length_armature_space": 0.1550910969204527,
      "parent": "neck_01",
      "has_children": false,
      "is_end_bone": true
    },
    "upperarm_l": {
      "name": "upperarm_l",
      "local": {
        "location": {
          "x": 0.0,
          "y": 0.0,
          "z": 0.0
        },
        "rotation_quaternion": {
          "w": 0.9857615232467651,
          "x": 0.035188205540180206,
          "y": 0.15831919014453888,
          "z": 0.04439851641654968
        },
        "scale": {
          "x": 1.0,
          "y": 1.0,
          "z": 1.0
        },
        "matrix_basis": [
          [
            0.945927619934082,
            -0.07639076560735703,
            0.3152545392513275,
            0.0
          ],
          [
            0.09867463260889053,
            0.9935811161994934,
            -0.05531608313322067,
            0.0
          ],
          [
            -0.3090053200721741,
            0.0834326297044754,
            0.9473936557769775,
            0.0
          ],
          [
            0.0,
            0.0,
            0.0,
            1.0
          ]
        ],
        "rotation_mode": "QUATERNION"
      },
      "armature_space": {
        "head": {
          "x": 0.1629507839679718,
          "y": -0.002079688012599945,
          "z": 0.49040859937667847
        },
        "tail": {
          "x": 0.42975038290023804,
          "y": -0.025340115651488304,
          "z": 0.4996039867401123
        }
      },
      "world_space": {
        "head": {
          "x": 0.1629507839679718,
          "y": 0.061164312064647675,
          "z": 1.4402625560760498
        },
        "tail": {
          "x": 0.42975038290023804,
          "y": 0.037903882563114166,
          "z": 1.4494580030441284
        },
        "rotation_quaternion": {
          "w": 0.42278438806533813,
          "x": 0.5905885100364685,
          "y": 0.5271158218383789,
          "z": -0.4411434233188629
        },
        "matrix": [
          [
            0.05508141219615936,
            0.9956344366073608,
            -0.07535406947135925,
            0.1629507839679718
          ],
          [
            0.24959978461265564,
            -0.08680254220962524,
            -0.9644508957862854,
            0.061164312064647675
          ],
          [
            -0.9667877554893494,
            0.03431505709886551,
            -0.2532939314842224,
            1.4402625560760498
          ],
          [
            0.0,
            0.0,
            0.0,
            1.0
          ]
        ]
      },
      "bone_length_armature_space": 0.26796945738444905,
      "parent": "spine_01",
      "has_children": true,
      "is_end_bone": false
    },
    "lowerarm_l": {
      "name": "lowerarm_l",
      "local": {
        "location": {
          "x": 0.0,
          "y": 0.0,
          "z": 0.0
        },
        "rotation_quaternion": {
          "w": 0.9326667785644531,
          "x": 0.34445318579673767,
          "y": -0.1064252182841301,
          "z": -0.012590158730745316
        },
        "scale": {
          "x": 1.0,
          "y": 1.0,
          "z": 1.0
        },
        "matrix_basis": [
          [
            0.977030336856842,
            -0.049832165241241455,
            -0.20719197392463684,
            0.0
          ],
          [
            -0.09680185467004776,
            0.7623869776725769,
            -0.6398402452468872,
            0.0
          ],
          [
            0.18984508514404297,
            0.6451998949050903,
            0.7400513291358948,
            0.0
          ],
          [
            0.0,
            0.0,
            0.0,
            1.0
          ]
        ],
        "rotation_mode": "QUATERNION"
      },
      "armature_space": {
        "head": {
          "x": 0.4297504723072052,
          "y": -0.02534020133316517,
          "z": 0.49960410594940186
        },
        "tail": {
          "x": 0.5916173458099365,
          "y": -0.23821665346622467,
          "z": 0.5068209171295166
        }
      },
      "world_space": {
        "head": {
          "x": 0.4297504723072052,
          "y": 0.0379038006067276,
          "z": 1.449458122253418
        },
        "tail": {
          "x": 0.5916173458099365,
          "y": -0.17497265338897705,
          "z": 1.4566749334335327
        },
        "rotation_quaternion": {
          "w": 0.2421124428510666,
          "x": 0.6498737931251526,
          "y": 0.20861002802848816,
          "z": -0.6895850300788879
        },
        "matrix": [
          [
            -0.038091208785772324,
            0.6050544381141663,
            -0.7952723503112793,
            0.4297504723072052
          ],
          [
            -0.06277444213628769,
            -0.795727014541626,
            -0.602393627166748,
            0.0379038006067276
          ],
          [
            -0.997307538986206,
            0.02697625756263733,
            0.06829214096069336,
            1.449458122253418
          ],
          [
            0.0,
            0.0,
            0.0,
            1.0
          ]
        ]
      },
      "bone_length_armature_space": 0.26752448590550076,
      "parent": "upperarm_l",
      "has_children": true,
      "is_end_bone": false
    },
    "metacarpal_thumb_l": {
      "name": "metacarpal_thumb_l",
      "local": {
        "location": {
          "x": 0.0,
          "y": 0.0,
          "z": 0.0
        },
        "rotation_quaternion": {
          "w": 0.9996482133865356,
          "x": -0.02010262757539749,
          "y": 0.015806104987859726,
          "z": -0.007041681557893753
        },
        "scale": {
          "x": 1.0,
          "y": 1.0,
          "z": 1.0
        },
        "matrix_basis": [
          [
            0.9994011521339417,
            0.01344292052090168,
            0.03188420087099075,
            0.0
          ],
          [
            -0.014713897369801998,
            0.9990925788879395,
            0.03996850922703743,
            0.0
          ],
          [
            -0.031317975372076035,
            -0.040413714945316315,
            0.9986920952796936,
            0.0
          ],
          [
            0.0,
            0.0,
            0.0,
            1.0
          ]
        ],
        "rotation_mode": "QUATERNION"
      },
      "armature_space": {
        "head": {
          "x": 0.5916173458099365,
          "y": -0.23821665346622467,
          "z": 0.5068209171295166
        },
        "tail": {
          "x": 0.5926100015640259,
          "y": -0.2875734865665436,
          "z": 0.5027585029602051
        }
      },
      "world_space": {
        "head": {
          "x": 0.5916173458099365,
          "y": -0.17497265338897705,
          "z": 1.4566749334335327
        },
        "tail": {
          "x": 0.5926100015640259,
          "y": -0.22432948648929596,
          "z": 1.4526125192642212
        },
        "rotation_quaternion": {
          "w": 0.040626175701618195,
          "x": -0.9983671307563782,
          "y": -0.011600915342569351,
          "z": 0.03844519332051277
        },
        "matrix": [
          [
            0.9967747926712036,
            0.020040221512317657,
            -0.07770739495754242,
            0.5916173458099365
          ],
          [
            0.02628766931593418,
            -0.9964298605918884,
            0.08022721111774445,
            -0.17497265338897705
          ],
          [
            -0.07582279294729233,
            -0.08201268315315247,
            -0.9937497973442078,
            1.4566749334335327
          ],
          [
            0.0,
            0.0,
            0.0,
            1.0
          ]
        ]
      },
      "bone_length_armature_space": 0.049533681339981754,
      "parent": "lowerarm_l",
      "has_children": true,
      "is_end_bone": false
    },
    "thumb_01_l": {
      "name": "thumb_01_l",
      "local": {
        "location": {
          "x": 0.0,
          "y": 0.0,
          "z": 0.0
        },
        "rotation_quaternion": {
          "w": 0.9995602965354919,
          "x": -0.02580653503537178,
          "y": -0.012884135358035564,
          "z": 0.006876545958220959
        },
        "scale": {
          "x": 1.0,
          "y": 1.0,
          "z": 1.0
        },
        "matrix_basis": [
          [
            0.9995734095573425,
            -0.013082054443657398,
            -0.02611185982823372,
            0.0
          ],
          [
            0.014412034302949905,
            0.9985734820365906,
            0.05141317844390869,
            0.0
          ],
          [
            0.025402020663022995,
            -0.05176757276058197,
            0.9983360171318054,
            0.0
          ],
          [
            0.0,
            0.0,
            0.0,
            1.0
          ]
        ],
        "rotation_mode": "QUATERNION"
      },
      "armature_space": {
        "head": {
          "x": 0.5926100015640259,
          "y": -0.2875734865665436,
          "z": 0.5027585029602051
        },
        "tail": {
          "x": 0.5852378606796265,
          "y": -0.3075745105743408,
          "z": 0.47622087597846985
        }
      },
      "world_space": {
        "head": {
          "x": 0.5926100015640259,
          "y": -0.22432948648929596,
          "z": 1.4526125192642212
        },
        "tail": {
          "x": 0.5852378606796265,
          "y": -0.2443305104970932,
          "z": 1.4260748624801636
        },
        "rotation_quaternion": {
          "w": 0.2611359655857086,
          "x": -0.6887642741203308,
          "y": 0.37149491906166077,
          "z": -0.5651578307151794
        },
        "matrix": [
          [
            0.08517669141292572,
            -0.21658162772655487,
            0.9725416898727417,
            0.5926100015640259
          ],
          [
            -0.8069109916687012,
            -0.5875986814498901,
            -0.060185760259628296,
            -0.22432948648929596
          ],
          [
            0.5845024585723877,
            -0.7796341776847839,
            -0.2248135209083557,
            1.4526125192642212
          ],
          [
            0.0,
            0.0,
            0.0,
            1.0
          ]
        ]
      },
      "bone_length_armature_space": 0.034038728974054126,
      "parent": "metacarpal_thumb_l",
      "has_children": true,
      "is_end_bone": false
    },
    "thumb_02_l": {
      "name": "thumb_02_l",
      "local": {
        "location": {
          "x": 0.0,
          "y": 0.0,
          "z": 0.0
        },
        "rotation_quaternion": {
          "w": 0.9950432777404785,
          "x": 0.09919720888137817,
          "y": -0.004816052038222551,
          "z": 0.0050750006921589375
        },
        "scale": {
          "x": 1.0,
          "y": 1.0,
          "z": 1.0
        },
        "matrix_basis": [
          [
            0.9999021291732788,
            -0.011055168695747852,
            -0.008577508851885796,
            0.0
          ],
          [
            0.009144213050603867,
            0.9802682995796204,
            -0.19745992124080658,
            0.0
          ],
          [
            0.010591212660074234,
            0.19736215472221375,
            0.980273425579071,
            0.0
          ],
          [
            0.0,
            0.0,
            0.0,
            1.0
          ]
        ],
        "rotation_mode": "QUATERNION"
      },
      "armature_space": {
        "head": {
          "x": 0.5852378010749817,
          "y": -0.30757448077201843,
          "z": 0.47622084617614746
        },
        "tail": {
          "x": 0.6113954186439514,
          "y": -0.3380522131919861,
          "z": 0.4759601950645447
        }
      },
      "world_space": {
        "head": {
          "x": 0.5852378010749817,
          "y": -0.2443304806947708,
          "z": 1.4260748624801636
        },
        "tail": {
          "x": 0.6113954186439514,
          "y": -0.27480822801589966,
          "z": 1.425814151763916
        },
        "rotation_quaternion": {
          "w": 0.32583585381507874,
          "x": -0.3330196440219879,
          "y": -0.12007644027471542,
          "z": -0.8766473531723022
        },
        "matrix": [
          [
            -0.5658572912216187,
            0.6512629985809326,
            0.5056303143501282,
            0.5852378010749817
          ],
          [
            -0.4913106858730316,
            -0.758824348449707,
            0.42755037546157837,
            -0.2443304806947708
          ],
          [
            0.662136435508728,
            -0.006489962339401245,
            0.7493642568588257,
            1.4260748624801636
          ],
          [
            0.0,
            0.0,
            0.0,
            1.0
          ]
        ]
      },
      "bone_length_armature_space": 0.0401644257403563,
      "parent": "thumb_01_l",
      "has_children": true,
      "is_end_bone": false
    },
    "thumb_03_l": {
      "name": "thumb_03_l",
      "local": {
        "location": {
          "x": 0.0,
          "y": 0.0,
          "z": 0.0
        },
        "rotation_quaternion": {
          "w": 0.9973114728927612,
          "x": 0.07304629683494568,
          "y": 0.0012508102227002382,
          "z": 0.005708747543394566
        },
        "scale": {
          "x": 1.0,
          "y": 1.0,
          "z": 1.0
        },
        "matrix_basis": [
          [
            0.9999316930770874,
            -0.011204064823687077,
            0.0033289005514234304,
            0.0
          ],
          [
            0.011569532565772533,
            0.9892632961273193,
            -0.14568553864955902,
            0.0
          ],
          [
            -0.0016608890146017075,
            0.14571410417556763,
            0.9893253445625305,
            0.0
          ],
          [
            0.0,
            0.0,
            0.0,
            1.0
          ]
        ],
        "rotation_mode": "QUATERNION"
      },
      "armature_space": {
        "head": {
          "x": 0.6113952994346619,
          "y": -0.33805224299430847,
          "z": 0.4759601652622223
        },
        "tail": {
          "x": 0.6375574469566345,
          "y": -0.3520924746990204,
          "z": 0.48269107937812805
        }
      },
      "world_space": {
        "head": {
          "x": 0.6113952994346619,
          "y": -0.27480822801589966,
          "z": 1.425814151763916
        },
        "tail": {
          "x": 0.6375574469566345,
          "y": -0.2888484597206116,
          "z": 1.4325450658798218
        },
        "rotation_quaternion": {
          "w": 0.48440247774124146,
          "x": -0.09862533956766129,
          "y": -0.18646582961082458,
          "z": -0.849033534526825
        },
        "matrix": [
          [
            -0.5112544298171997,
            0.8593283891677856,
            -0.013177931308746338,
            0.6113952994346619
          ],
          [
            -0.7857674360275269,
            -0.4611687660217285,
            0.41218051314353943,
            -0.27480822801589966
          ],
          [
            0.34812280535697937,
            0.221084862947464,
            0.9110135436058044,
            1.425814151763916
          ],
          [
            0.0,
            0.0,
            0.0,
            1.0
          ]
        ]
      },
      "bone_length_armature_space": 0.030444888807383854,
      "parent": "thumb_02_l",
      "has_children": false,
      "is_end_bone": true
    },
    "metacarpal_index_l": {
      "name": "metacarpal_index_l",
      "local": {
        "location": {
          "x": 0.0,
          "y": 0.0,
          "z": 0.0
        },
        "rotation_quaternion": {
          "w": 0.9988040328025818,
          "x": -0.044819656759500504,
          "y": 7.169321906985715e-05,
          "z": 0.019542578607797623
        },
        "scale": {
          "x": 1.0,
          "y": 1.0,
          "z": 1.0
        },
        "matrix_basis": [
          [
            0.9992361664772034,
            -0.03904483839869499,
            -0.0016085683600977063,
            0.0
          ],
          [
            0.0390319861471653,
            0.9952185750007629,
            0.08953490853309631,
            0.0
          ],
          [
            -0.0018949982477352023,
            -0.08952930569648743,
            0.9959824085235596,
            0.0
          ],
          [
            0.0,
            0.0,
            0.0,
            1.0
          ]
        ],
        "rotation_mode": "QUATERNION"
      },
      "armature_space": {
        "head": {
          "x": 0.5916173458099365,
          "y": -0.23821665346622467,
          "z": 0.5068209171295166
        },
        "tail": {
          "x": 0.6330869793891907,
          "y": -0.3472927212715149,
          "z": 0.5173991918563843
        }
      },
      "world_space": {
        "head": {
          "x": 0.5916173458099365,
          "y": -0.17497265338897705,
          "z": 1.4566749334335327
        },
        "tail": {
          "x": 0.6330869793891907,
          "y": -0.28404873609542847,
          "z": 1.4672532081604004
        },
        "rotation_quaternion": {
          "w": 0.10226365923881531,
          "x": 0.9286474585533142,
          "y": 0.1552039533853531,
          "z": -0.32104170322418213
        },
        "matrix": [
          [
            0.7456878423690796,
            0.3539218306541443,
            -0.5645254850387573,
            0.5916173458099365
          ],
          [
            0.22259773313999176,
            -0.9309076070785522,
            -0.2895885705947876,
            -0.17497265338897705
          ],
          [
            -0.6280168890953064,
            0.09028027951717377,
            -0.7729542851448059,
            1.4566749334335327
          ],
          [
            0.0,
            0.0,
            0.0,
            1.0
          ]
        ]
      },
      "bone_length_armature_space": 0.11717174832086016,
      "parent": "lowerarm_l",
      "has_children": true,
      "is_end_bone": false
    },
    "index_01_l": {
      "name": "index_01_l",
      "local": {
        "location": {
          "x": 0.0,
          "y": 0.0,
          "z": 0.0
        },
        "rotation_quaternion": {
          "w": 0.9958188533782959,
          "x": -0.08950622379779816,
          "y": -0.0032504447735846043,
          "z": 0.017973098903894424
        },
        "scale": {
          "x": 1.0,
          "y": 1.0,
          "z": 1.0
        },
        "matrix_basis": [
          [
            0.9993327856063843,
            -0.03521403297781944,
            -0.009691116400063038,
            0.0
          ],
          [
            0.03637777268886566,
            0.9833312034606934,
            0.1781471222639084,
            0.0
          ],
          [
            0.0032562999986112118,
            -0.1783808171749115,
            0.9839561581611633,
            0.0
          ],
          [
            0.0,
            0.0,
            0.0,
            1.0
          ]
        ],
        "rotation_mode": "QUATERNION"
      },
      "armature_space": {
        "head": {
          "x": 0.6330869793891907,
          "y": -0.3472927212715149,
          "z": 0.5173991918563843
        },
        "tail": {
          "x": 0.6534411907196045,
          "y": -0.36689427495002747,
          "z": 0.5212142467498779
        }
      },
      "world_space": {
        "head": {
          "x": 0.6330869793891907,
          "y": -0.28404873609542847,
          "z": 1.4672532081604004
        },
        "tail": {
          "x": 0.6534411907196045,
          "y": -0.30365025997161865,
          "z": 1.471068263053894
        },
        "rotation_quaternion": {
          "w": 0.18658334016799927,
          "x": 0.8758029937744141,
          "y": 0.34852898120880127,
          "z": -0.2769176959991455
        },
        "matrix": [
          [
            0.6036880016326904,
            0.7138226628303528,
            -0.35499027371406555,
            0.6330869793891907
          ],
          [
            0.5071492791175842,
            -0.6874275207519531,
            -0.5198493599891663,
            -0.28404873609542847
          ],
          [
            -0.6151140928268433,
            0.13379400968551636,
            -0.7770122289657593,
            1.4672532081604004
          ],
          [
            0.0,
            0.0,
            0.0,
            1.0
          ]
        ]
      },
      "bone_length_armature_space": 0.028514373290296872,
      "parent": "metacarpal_index_l",
      "has_children": true,
      "is_end_bone": false
    },
    "index_02_l": {
      "name": "index_02_l",
      "local": {
        "location": {
          "x": 0.0,
          "y": 0.0,
          "z": 0.0
        },
        "rotation_quaternion": {
          "w": 0.9991978406906128,
          "x": 0.03936413303017616,
          "y": 0.001633110223338008,
          "z": -0.00718405656516552
        },
        "scale": {
          "x": 1.0,
          "y": 1.0,
          "z": 1.0
        },
        "matrix_basis": [
          [
            0.999891459941864,
            0.014485159888863564,
            0.002698012161999941,
            0.0
          ],
          [
            -0.014228016138076782,
            0.9967976808547974,
            -0.07868857681751251,
            0.0
          ],
          [
            -0.003829188644886017,
            0.07864164561033249,
            0.9968956112861633,
            0.0
          ],
          [
            0.0,
            0.0,
            0.0,
            1.0
          ]
        ],
        "rotation_mode": "QUATERNION"
      },
      "armature_space": {
        "head": {
          "x": 0.6534411907196045,
          "y": -0.36689484119415283,
          "z": 0.5212141871452332
        },
        "tail": {
          "x": 0.6719353199005127,
          "y": -0.3845716714859009,
          "z": 0.5231080055236816
        }
      },
      "world_space": {
        "head": {
          "x": 0.6534411907196045,
          "y": -0.3036508560180664,
          "z": 1.4710681438446045
        },
        "tail": {
          "x": 0.6719353199005127,
          "y": -0.32132768630981445,
          "z": 1.4729620218276978
        },
        "rotation_quaternion": {
          "w": 0.17258696258068085,
          "x": 0.8629510402679443,
          "y": 0.3545127213001251,
          "z": -0.31599077582359314
        },
        "matrix": [
          [
            0.5489408373832703,
            0.7209267616271973,
            -0.4229995012283325,
            0.6534411907196045
          ],
          [
            0.5027826428413391,
            -0.6890680193901062,
            -0.5219149589538574,
            -0.3036508560180664
          ],
          [
            -0.6677420735359192,
            0.07382342964410782,
            -0.740732729434967,
            1.4710681438446045
          ],
          [
            0.0,
            0.0,
            0.0,
            1.0
          ]
        ]
      },
      "bone_length_armature_space": 0.02565325901641284,
      "parent": "index_01_l",
      "has_children": true,
      "is_end_bone": false
    },
    "index_03_l": {
      "name": "index_03_l",
      "local": {
        "location": {
          "x": 0.0,
          "y": 0.0,
          "z": 0.0
        },
        "rotation_quaternion": {
          "w": 0.9996211528778076,
          "x": 0.027397334575653076,
          "y": -0.0023794975131750107,
          "z": -0.0011419857619330287
        },
        "scale": {
          "x": 1.0,
          "y": 1.0,
          "z": 1.0
        },
        "matrix_basis": [
          [
            0.9999860525131226,
            0.0021527225617319345,
            -0.004819766618311405,
            0.0
          ],
          [
            -0.0024134900886565447,
            0.9984961748123169,
            -0.05476847663521767,
            0.0
          ],
          [
            0.004694617353379726,
            0.05477934330701828,
            0.9984874725341797,
            0.0
          ],
          [
            0.0,
            0.0,
            0.0,
            1.0
          ]
        ],
        "rotation_mode": "QUATERNION"
      },
      "armature_space": {
        "head": {
          "x": 0.6719353795051575,
          "y": -0.3845716416835785,
          "z": 0.5231081247329712
        },
        "tail": {
          "x": 0.6924760341644287,
          "y": -0.40515774488449097,
          "z": 0.5202749371528625
        }
      },
      "world_space": {
        "head": {
          "x": 0.6719353795051575,
          "y": -0.3213276267051697,
          "z": 1.4729621410369873
        },
        "tail": {
          "x": 0.6924760341644287,
          "y": -0.34191375970840454,
          "z": 1.4701290130615234
        },
        "rotation_quaternion": {
          "w": 0.08303128182888031,
          "x": 0.8656840324401855,
          "y": 0.3752722144126892,
          "z": -0.3207300305366516
        },
        "matrix": [
          [
            0.5126053690910339,
            0.7029966711997986,
            -0.4929821491241455,
            0.6719353795051575
          ],
          [
            0.5964730978012085,
            -0.7045522928237915,
            -0.3844817280769348,
            -0.3213276267051697
          ],
          [
            -0.617624819278717,
            -0.09696458280086517,
            -0.78048175573349,
            1.4729621410369873
          ],
          [
            0.0,
            0.0,
            0.0,
            1.0
          ]
        ]
      },
      "bone_length_armature_space": 0.029218711478854312,
      "parent": "index_02_l",
      "has_children": false,
      "is_end_bone": true
    },
    "metacarpal_pinky_l": {
      "name": "metacarpal_pinky_l",
      "local": {
        "location": {
          "x": 0.0,
          "y": 0.0,
          "z": 0.0
        },
        "rotation_quaternion": {
          "w": 0.9996898174285889,
          "x": 0.020813392475247383,
          "y": 0.0038759205490350723,
          "z": 0.013119939714670181
        },
        "scale": {
          "x": 1.0,
          "y": 1.0,
          "z": 1.0
        },
        "matrix_basis": [
          [
            0.9996256828308105,
            -0.026070397347211838,
            0.008295577950775623,
            0.0
          ],
          [
            0.02639308199286461,
            0.9987893104553223,
            -0.04151216894388199,
            0.0
          ],
          [
            -0.007203295826911926,
            0.041715577244758606,
            0.9991035461425781,
            0.0
          ],
          [
            0.0,
            0.0,
            0.0,
            1.0
          ]
        ],
        "rotation_mode": "QUATERNION"
      },
      "armature_space": {
        "head": {
          "x": 0.5916173458099365,
          "y": -0.23821665346622467,
          "z": 0.5068209171295166
        },
        "tail": {
          "x": 0.6777106523513794,
          "y": -0.29659923911094666,
          "z": 0.511577844619751
        }
      },
      "world_space": {
        "head": {
          "x": 0.5916173458099365,
          "y": -0.17497265338897705,
          "z": 1.4566749334335327
        },
        "tail": {
          "x": 0.6777106523513794,
          "y": -0.23335523903369904,
          "z": 1.461431860923767
        },
        "rotation_quaternion": {
          "w": 0.4678483307361603,
          "x": 0.10136701166629791,
          "y": 0.02801360748708248,
          "z": -0.8775294423103333
        },
        "matrix": [
          [
            -0.541685163974762,
            0.8267807960510254,
            -0.15169215202331543,
            0.5916173458099365
          ],
          [
            -0.8154222965240479,
            -0.5606661438941956,
            -0.1440144181251526,
            -0.17497265338897705
          ],
          [
            -0.20411908626556396,
            0.04568242281675339,
            0.9778866767883301,
            1.4566749334335327
          ],
          [
            0.0,
            0.0,
            0.0,
            1.0
          ]
        ]
      },
      "bone_length_armature_space": 0.1041307448947783,
      "parent": "lowerarm_l",
      "has_children": true,
      "is_end_bone": false
    },
    "pinky_01_l": {
      "name": "pinky_01_l",
      "local": {
        "location": {
          "x": 0.0,
          "y": 0.0,
          "z": 0.0
        },
        "rotation_quaternion": {
          "w": 0.996849775314331,
          "x": -0.07877571135759354,
          "y": 0.009211478754878044,
          "z": 0.00034238770604133606
        },
        "scale": {
          "x": 1.0,
          "y": 1.0,
          "z": 1.0
        },
        "matrix_basis": [
          [
            0.9998300671577454,
            -0.0021338998340070248,
            0.018310977146029472,
            0.0
          ],
          [
            -0.0007686633616685867,
            0.9875885248184204,
            0.1570614129304886,
            0.0
          ],
          [
            -0.018418865278363228,
            -0.1570487916469574,
            0.987419068813324,
            0.0
          ],
          [
            0.0,
            0.0,
            0.0,
            1.0
          ]
        ],
        "rotation_mode": "QUATERNION"
      },
      "armature_space": {
        "head": {
          "x": 0.6777106523513794,
          "y": -0.29659923911094666,
          "z": 0.511577844619751
        },
