{
  "metadata": {
    "armature_name": "KIM_caucasian_male",
    "export_time": "2026-01-13T20:25:48.222316",
    "blender_version": "4.4.1",
    "bone_count": 56,
    "end_bone_count": 13,
    "spaces_included": [
      "LOCAL_CHANNELS",
      "ARMATURE_SPACE",
      "WORLD_SPACE"
    ],
    "note": "LOCAL matches Transform panel; replay pose via local.matrix_basis for best fidelity."
  },
  "bones": {
    "Root": {
      "name": "Root",
      "local": {
        "location": {
          "x": 0.0,
          "y": 0.0,
          "z": 0.0
        },
        "rotation_quaternion": {
          "w": 0.9997224807739258,
          "x": -0.005611075554043055,
          "y": 0.004001346416771412,
          "z": -0.022527985274791718
        },
        "scale": {
          "x": 1.0,
          "y": 1.0,
          "z": 1.0
        },
        "matrix_basis": [
          [
            0.9989529848098755,
            0.04499856382608414,
            0.008253284730017185,
            0.0
          ],
          [
            -0.04508836939930916,
            0.9989219903945923,
            0.011038752272725105,
            0.0
          ],
          [
            -0.007747659459710121,
            -0.011399321258068085,
            0.999904990196228,
            0.0
          ],
          [
            0.0,
            0.0,
            0.0,
            1.0
          ]
        ],
        "rotation_mode": "QUATERNION"
      },
      "armature_space": {
        "head": {
          "x": 0.0,
          "y": 0.07072800397872925,
          "z": -0.009595036506652832
        },
        "tail": {
          "x": 0.003211811650544405,
          "y": 0.00018562376499176025,
          "z": 0.000795912928879261
        }
      },
      "world_space": {
        "head": {
          "x": 0.0,
          "y": 0.13397200405597687,
          "z": 0.9402589797973633
        },
        "tail": {
          "x": 0.003211811650544405,
          "y": 0.06342962384223938,
          "z": 0.9506499171257019
        },
        "rotation_quaternion": {
          "w": 0.07294729351997375,
          "x": 0.9970733523368835,
          "y": 0.022746369242668152,
          "z": 0.002474592998623848
        },
        "matrix": [
          [
            0.9989529848098755,
            0.04499856382608414,
            0.008253284730017185,
            0.0
          ],
          [
            0.045720625668764114,
            -0.9883224964141846,
            -0.1453554779291153,
            0.13397200405597687
          ],
          [
            0.0016161738894879818,
            0.1455807089805603,
            -0.9893521070480347,
            0.9402589797973633
          ],
          [
            0.0,
            0.0,
            0.0,
            1.0
          ]
        ]
      },
      "bone_length_armature_space": 0.07137587110507453,
      "parent": null,
      "has_children": true,
      "is_end_bone": false
    },
    "spine_01": {
      "name": "spine_01",
      "local": {
        "location": {
          "x": 0.0,
          "y": 0.0,
          "z": 0.0
        },
        "rotation_quaternion": {
          "w": 0.9988640546798706,
          "x": -0.041220277547836304,
          "y": -0.004516613204032183,
          "z": -0.023476531729102135
        },
        "scale": {
          "x": 1.0,
          "y": 1.0,
          "z": 1.0
        },
        "matrix_basis": [
          [
            0.9988569021224976,
            0.047272078692913055,
            -0.007087546866387129,
            0.0
          ],
          [
            -0.046527374535799026,
            0.9954994916915894,
            0.08255897462368011,
            0.0
          ],
          [
            0.010958383791148663,
            -0.08213483542203903,
            0.9965609908103943,
            0.0
          ],
          [
            0.0,
            0.0,
            0.0,
            1.0
          ]
        ],
        "rotation_mode": "QUATERNION"
      },
      "armature_space": {
        "head": {
          "x": 0.003211811650544405,
          "y": 0.00018562376499176025,
          "z": 0.000795912928879261
        },
        "tail": {
          "x": 0.022359857335686684,
          "y": 0.06931710988283157,
          "z": 0.4834994971752167
        }
      },
      "world_space": {
        "head": {
          "x": 0.003211811650544405,
          "y": 0.06342962384223938,
          "z": 0.9506499171257019
        },
        "tail": {
          "x": 0.022359857335686684,
          "y": 0.1325611174106598,
          "z": 1.4333535432815552
        },
        "rotation_quaternion": {
          "w": 0.7550436854362488,
          "x": 0.6551055908203125,
          "y": 0.027204077690839767,
          "z": -0.002380404155701399
        },
        "matrix": [
          [
            0.9985085725784302,
            0.039237700402736664,
            0.0379614420235157,
            0.003211811650544405
          ],
          [
            0.03204818814992905,
            0.14166252315044403,
            -0.9893961548805237,
            0.06342962384223938
          ],
          [
            -0.0441996231675148,
            0.9891442060470581,
            0.14019381999969482,
            0.9506499171257019
          ],
          [
            0.0,
            0.0,
            0.0,
            1.0
          ]
        ]
      },
      "bone_length_armature_space": 0.48800468951378084,
      "parent": "Root",
      "has_children": true,
      "is_end_bone": false
    },
    "neck_01": {
      "name": "neck_01",
      "local": {
        "location": {
          "x": 0.0,
          "y": 0.0,
          "z": 0.0
        },
        "rotation_quaternion": {
          "w": 0.9859834909439087,
          "x": -0.01727449707686901,
          "y": -0.10563280433416367,
          "z": 0.12798389792442322
        },
        "scale": {
          "x": 1.0,
          "y": 1.0,
          "z": 1.0
        },
        "matrix_basis": [
          [
            0.9449236392974854,
            -0.24873051047325134,
            -0.21272611618041992,
            0.0
          ],
          [
            0.25602951645851135,
            0.9666434526443481,
            0.0070261419750750065,
            0.0
          ],
          [
            0.20388269424438477,
            -0.06110333278775215,
            0.97708660364151,
            0.0
          ],
          [
            0.0,
            0.0,
            0.0,
            1.0
          ]
        ],
        "rotation_mode": "QUATERNION"
      },
      "armature_space": {
        "head": {
          "x": 0.02654930017888546,
          "y": 0.0453767254948616,
          "z": 0.5607851147651672
        },
        "tail": {
          "x": 0.005996784195303917,
          "y": 0.026410212740302086,
          "z": 0.6594188809394836
        }
      },
      "world_space": {
        "head": {
          "x": 0.02654930017888546,
          "y": 0.10862072557210922,
          "z": 1.5106391906738281
        },
        "tail": {
          "x": 0.005996784195303917,
          "y": 0.08965421468019485,
          "z": 1.6092729568481445
        },
        "rotation_quaternion": {
          "w": 0.6227390170097351,
          "x": 0.7696393132209778,
          "y": -0.1403408646583557,
          "z": -0.01248779334127903
        },
        "matrix": [
          [
            0.9602967500686646,
            -0.20047062635421753,
            -0.19401472806930542,
            0.02654930017888546
          ],
          [
            -0.2315780371427536,
            -0.18500064313411713,
            -0.9550637006759644,
            0.10862072557210922
          ],
          [
            0.15557023882865906,
            0.9620805978775024,
            -0.22408251464366913,
            1.5106391906738281
          ],
          [
            0.0,
            0.0,
            0.0,
            1.0
          ]
        ]
      },
      "bone_length_armature_space": 0.1025219701531189,
      "parent": "spine_01",
      "has_children": true,
      "is_end_bone": false
    },
    "head": {
      "name": "head",
      "local": {
        "location": {
          "x": 0.0,
          "y": 0.0,
          "z": 0.0
        },
        "rotation_quaternion": {
          "w": 0.9865939021110535,
          "x": -0.012331446632742882,
          "y": -0.1149386540055275,
          "z": -0.11519398540258408
        },
        "scale": {
          "x": 1.0,
          "y": 1.0,
          "z": 1.0
        },
        "matrix_basis": [
          [
            0.9470388889312744,
            0.23013408482074738,
            -0.22395452857017517,
            0.0
          ],
          [
            -0.22446464002132416,
            0.9731565713882446,
            0.0508127436041832,
            0.0
          ],
          [
            0.2296365648508072,
            0.0021482231095433235,
            0.9732741117477417,
            0.0
          ],
          [
            0.0,
            0.0,
            0.0,
            1.0
          ]
        ],
        "rotation_mode": "QUATERNION"
      },
      "armature_space": {
        "head": {
          "x": 0.005996769294142723,
          "y": 0.026410076767206192,
          "z": 0.6594187617301941
        },
        "tail": {
          "x": 0.02243972383439541,
          "y": 0.04382414370775223,
          "z": 0.8126496076583862
        }
      },
      "world_space": {
        "head": {
          "x": 0.005996769294142723,
          "y": 0.08965407311916351,
          "z": 1.6092727184295654
        },
        "tail": {
          "x": 0.02243972383439541,
          "y": 0.10706814378499985,
          "z": 1.7625036239624023
        },
        "rotation_quaternion": {
          "w": 0.7310506105422974,
          "x": 0.635324239730835,
          "y": -0.14733172953128815,
          "z": -0.20055291056632996
        },
        "matrix": [
          [
            0.8761435747146606,
            0.10602187365293503,
            -0.47024673223495483,
            0.005996769294142723
          ],
          [
            -0.48043614625930786,
            0.11228345334529877,
            -0.869812548160553,
            0.08965407311916351
          ],
          [
            -0.03941892459988594,
            0.9880111813545227,
            0.14931346476078033,
            1.6092727184295654
          ],
          [
            0.0,
            0.0,
            0.0,
            1.0
          ]
        ]
      },
      "bone_length_armature_space": 0.15509130568801083,
      "parent": "neck_01",
      "has_children": false,
      "is_end_bone": true
    },
    "upperarm_l": {
      "name": "upperarm_l",
      "local": {
        "location": {
          "x": 0.0,
          "y": 0.0,
          "z": 0.0
        },
        "rotation_quaternion": {
          "w": 0.9526835680007935,
          "x": -0.03156697750091553,
          "y": 0.26987603306770325,
          "z": 0.1362517923116684
        },
        "scale": {
          "x": 1.0,
          "y": 1.0,
          "z": 1.0
        },
        "matrix_basis": [
          [
            0.8172047734260559,
            -0.27664801478385925,
            0.5056108236312866,
            0.0
          ],
          [
            0.24257133901119232,
            0.9608779549598694,
            0.13368886709213257,
            0.0
          ],
          [
            -0.5228150486946106,
            0.013395505025982857,
            0.8523408770561218,
            0.0
          ],
          [
            0.0,
            0.0,
            0.0,
            1.0
          ]
        ],
        "rotation_mode": "QUATERNION"
      },
      "armature_space": {
        "head": {
          "x": 0.17380958795547485,
          "y": 0.03750782087445259,
          "z": 0.4881241023540497
        },
        "tail": {
          "x": 0.4349870979785919,
          "y": 0.06016477197408676,
          "z": 0.5436275005340576
        }
      },
      "world_space": {
        "head": {
          "x": 0.17380958795547485,
          "y": 0.10075181722640991,
          "z": 1.4379781484603882
        },
        "tail": {
          "x": 0.4349870979785919,
          "y": 0.12340877205133438,
          "z": 1.4934815168380737
        },
        "rotation_quaternion": {
          "w": 0.4531736373901367,
          "x": 0.6081699728965759,
          "y": 0.5804373621940613,
          "z": -0.2964042127132416
        },
        "matrix": [
          [
            0.15047207474708557,
            0.9746541380882263,
            0.16555187106132507,
            0.17380958795547485
          ],
          [
            0.4373649060726166,
            0.08455051481723785,
            -0.8953006863594055,
            0.10075181722640991
          ],
          [
            -0.8866119384765625,
            0.20712576806545258,
            -0.41356077790260315,
            1.4379781484603882
          ],
          [
            0.0,
            0.0,
            0.0,
            1.0
          ]
        ]
      },
      "bone_length_armature_space": 0.26796951023618165,
      "parent": "spine_01",
      "has_children": true,
      "is_end_bone": false
    },
    "lowerarm_l": {
      "name": "lowerarm_l",
      "local": {
        "location": {
          "x": 0.0,
          "y": 0.0,
          "z": 0.0
        },
        "rotation_quaternion": {
          "w": 0.9877406358718872,
          "x": 0.012872707098722458,
          "y": -0.00406075781211257,
          "z": 0.15551963448524475
        },
        "scale": {
          "x": 1.0,
          "y": 1.0,
          "z": 1.0
        },
        "matrix_basis": [
          [
            0.9515942931175232,
            -0.3073306679725647,
            -0.004018033389002085,
            0.0
          ],
          [
            0.3071215748786926,
            0.9512958526611328,
            -0.026692846789956093,
            0.0
          ],
          [
            0.012025868520140648,
            0.024166736751794815,
            0.999635636806488,
            0.0
          ],
          [
            0.0,
            0.0,
            0.0,
            1.0
          ]
        ],
        "rotation_mode": "QUATERNION"
      },
      "armature_space": {
        "head": {
          "x": 0.4349871873855591,
          "y": 0.0601646825671196,
          "z": 0.5436275601387024
        },
        "tail": {
          "x": 0.6645071506500244,
          "y": 0.015801187604665756,
          "z": 0.6737122535705566
        }
      },
      "world_space": {
        "head": {
          "x": 0.4349871873855591,
          "y": 0.12340868264436722,
          "z": 1.4934816360473633
        },
        "tail": {
          "x": 0.6645071506500244,
          "y": 0.07904519140720367,
          "z": 1.6235662698745728
        },
        "rotation_quaternion": {
          "w": 0.5085538625717163,
          "x": 0.7058548927307129,
          "y": 0.3980676531791687,
          "z": -0.2910051941871643
        },
        "matrix": [
          [
            0.513715386390686,
            0.8579399585723877,
            -0.005935685709118843,
            0.4349871873855591
          ],
          [
            0.2659747302532196,
            -0.16582965850830078,
            -0.9496095180511475,
            0.12340868264436722
          ],
          [
            -0.8156979084014893,
            0.48625341057777405,
            -0.31338274478912354,
            1.4934816360473633
          ],
          [
            0.0,
            0.0,
            0.0,
            1.0
          ]
        ]
      },
      "bone_length_armature_space": 0.26752487491574306,
      "parent": "upperarm_l",
      "has_children": true,
      "is_end_bone": false
    },
    "metacarpal_thumb_l": {
      "name": "metacarpal_thumb_l",
      "local": {
        "location": {
          "x": 0.0,
          "y": 0.0,
          "z": 0.0
        },
        "rotation_quaternion": {
          "w": 0.9991879463195801,
          "x": -0.03950124979019165,
          "y": -0.005076643545180559,
          "z": 0.006119177211076021
        },
        "scale": {
          "x": 1.0,
          "y": 1.0,
          "z": 1.0
        },
        "matrix_basis": [
          [
            0.9998735785484314,
            -0.011827348731458187,
            -0.010628472082316875,
            0.0
          ],
          [
            0.012629483826458454,
            0.996804416179657,
            0.07887621223926544,
            0.0
          ],
          [
            0.00966161210089922,
            -0.07900047302246094,
            0.9968277812004089,
            0.0
          ],
          [
            0.0,
            0.0,
            0.0,
            1.0
          ]
        ],
        "rotation_mode": "QUATERNION"
      },
      "armature_space": {
        "head": {
          "x": 0.6645071506500244,
          "y": 0.015801187604665756,
          "z": 0.6737122535705566
        },
        "tail": {
          "x": 0.7006847858428955,
          "y": -0.01756376400589943,
          "z": 0.679328441619873
        }
      },
      "world_space": {
        "head": {
          "x": 0.6645071506500244,
          "y": 0.07904519140720367,
          "z": 1.6235662698745728
        },
        "tail": {
          "x": 0.7006847858428955,
          "y": 0.04568023607134819,
          "z": 1.6291824579238892
        },
        "rotation_quaternion": {
          "w": 0.04806551709771156,
          "x": -0.8808193206787109,
          "y": -0.4011218845844269,
          "z": -0.24687744677066803
        },
        "matrix": [
          [
            0.5563051104545593,
            0.7303647398948669,
            0.3963475823402405,
            0.6645071506500244
          ],
          [
            0.682899534702301,
            -0.6735812425613403,
            0.28273066878318787,
            0.07904519140720367
          ],
          [
            0.47347286343574524,
            0.1133810430765152,
            -0.8734886646270752,
            1.6235662698745728
          ],
          [
            0.0,
            0.0,
            0.0,
            1.0
          ]
        ]
      },
      "bone_length_armature_space": 0.049533653479243885,
      "parent": "lowerarm_l",
      "has_children": true,
      "is_end_bone": false
    },
    "thumb_01_l": {
      "name": "thumb_01_l",
      "local": {
        "location": {
          "x": 0.0,
          "y": 0.0,
          "z": 0.0
        },
        "rotation_quaternion": {
          "w": 0.9993881583213806,
          "x": 0.026491276919841766,
          "y": -0.017841145396232605,
          "z": -0.014260928146541119
        },
        "scale": {
          "x": 1.0,
          "y": 1.0,
          "z": 1.0
        },
        "matrix_basis": [
          [
            0.9989566206932068,
            0.027559135109186172,
            -0.03641603887081146,
            0.0
          ],
          [
            -0.029449675232172012,
            0.9981896877288818,
            -0.052441272884607315,
            0.0
          ],
          [
            0.034904878586530685,
            0.05345899984240532,
            0.9979597926139832,
            0.0
          ],
          [
            0.0,
            0.0,
            0.0,
            1.0
          ]
        ],
        "rotation_mode": "QUATERNION"
      },
      "armature_space": {
        "head": {
          "x": 0.7006847858428955,
          "y": -0.01756376400589943,
          "z": 0.679328441619873
        },
        "tail": {
          "x": 0.7262025475502014,
          "y": -0.02783377096056938,
          "z": 0.6592784523963928
        }
      },
      "world_space": {
        "head": {
          "x": 0.7006847858428955,
          "y": 0.04568023607134819,
          "z": 1.6291824579238892
        },
        "tail": {
          "x": 0.7262025475502014,
          "y": 0.03541022911667824,
          "z": 1.6091325283050537
        },
        "rotation_quaternion": {
          "w": 0.5894621014595032,
          "x": -0.5411666035652161,
          "y": -0.04091431200504303,
          "z": -0.5983303785324097
        },
        "matrix": [
          [
            0.2806561589241028,
            0.7496711611747742,
            0.5993536114692688,
            0.7006847858428955
          ],
          [
            -0.6611018776893616,
            -0.30171671509742737,
            0.6869580149650574,
            0.04568023607134819
          ],
          [
            0.6958318948745728,
            -0.5890377759933472,
            0.4109339714050293,
            1.6291824579238892
          ],
          [
            0.0,
            0.0,
            0.0,
            1.0
          ]
        ]
      },
      "bone_length_armature_space": 0.03403867355795594,
      "parent": "metacarpal_thumb_l",
      "has_children": true,
      "is_end_bone": false
    },
    "thumb_02_l": {
      "name": "thumb_02_l",
      "local": {
        "location": {
          "x": 0.0,
          "y": 0.0,
          "z": 0.0
        },
        "rotation_quaternion": {
          "w": 0.9884627461433411,
          "x": 0.15127374231815338,
          "y": 0.0027300280053168535,
          "z": 0.007090831641107798
        },
        "scale": {
          "x": 1.0,
          "y": 1.0,
          "z": 1.0
        },
        "matrix_basis": [
          [
            0.9998845458030701,
            -0.01319208275526762,
            0.007542375009506941,
            0.0
          ],
          [
            0.014844008721411228,
            0.9541319608688354,
            -0.2990182042121887,
            0.0
          ],
          [
            -0.003251748625189066,
            0.29909563064575195,
            0.9542176127433777,
            0.0
          ],
          [
            0.0,
            0.0,
            0.0,
            1.0
          ]
        ],
        "rotation_mode": "QUATERNION"
      },
      "armature_space": {
        "head": {
          "x": 0.7262024879455566,
          "y": -0.02783377468585968,
          "z": 0.659278392791748
        },
        "tail": {
          "x": 0.7571582198143005,
          "y": -0.028697995468974113,
          "z": 0.6848553419113159
        }
      },
      "world_space": {
        "head": {
          "x": 0.7262024879455566,
          "y": 0.03541022539138794,
          "z": 1.6091324090957642
        },
        "tail": {
          "x": 0.7571582198143005,
          "y": 0.03454600274562836,
          "z": 1.634709358215332
        },
        "rotation_quaternion": {
          "w": 0.5977993607521057,
          "x": 0.10300841927528381,
          "y": -0.3631480634212494,
          "z": -0.7072120308876038
        },
        "matrix": [
          [
            -0.2640477418899536,
            0.7707262635231018,
            -0.579878568649292,
            0.7262024879455566
          ],
          [
            -0.9203575253486633,
            -0.021517068147659302,
            0.3904857933521271,
            0.03541022539138794
          ],
          [
            0.28848156332969666,
            0.636806845664978,
            0.7150312066078186,
            1.6091324090957642
          ],
          [
            0.0,
            0.0,
            0.0,
            1.0
          ]
        ]
      },
      "bone_length_armature_space": 0.040164468547585125,
      "parent": "thumb_01_l",
      "has_children": true,
      "is_end_bone": false
    },
    "thumb_03_l": {
      "name": "thumb_03_l",
      "local": {
        "location": {
          "x": 0.0,
          "y": 0.0,
          "z": 0.0
        },
        "rotation_quaternion": {
          "w": 0.9986838698387146,
          "x": 0.05071397125720978,
          "y": 1.6472709830850363e-05,
          "z": 0.007667661644518375
        },
        "scale": {
          "x": 1.0,
          "y": 1.0,
          "z": 1.0
        },
        "matrix_basis": [
          [
            0.9998824000358582,
            -0.015313468873500824,
            0.0008106172317638993,
            0.0
          ],
          [
            0.015316810458898544,
            0.9947385787963867,
            -0.10129419714212418,
            0.0
          ],
          [
            0.000744813063647598,
            0.10129470378160477,
            0.9948561787605286,
            0.0
          ],
          [
            0.0,
            0.0,
            0.0,
            1.0
          ]
        ],
        "rotation_mode": "QUATERNION"
      },
      "armature_space": {
        "head": {
          "x": 0.7571582794189453,
          "y": -0.028698068112134933,
          "z": 0.6848552823066711
        },
        "tail": {
          "x": 0.7733938694000244,
          "y": -0.021168885752558708,
          "z": 0.709484875202179
        }
      },
      "world_space": {
        "head": {
          "x": 0.7571582794189453,
          "y": 0.034545931965112686,
          "z": 1.634709358215332
        },
        "tail": {
          "x": 0.7733938694000244,
          "y": 0.04207511246204376,
          "z": 1.6593389511108398
        },
        "rotation_quaternion": {
          "w": 0.6996999979019165,
          "x": 0.2972649931907654,
          "y": -0.36615997552871704,
          "z": -0.5366380214691162
        },
        "matrix": [
          [
            0.15588997304439545,
            0.5332787036895752,
            -0.831451416015625,
            0.7571582794189453
          ],
          [
            -0.9686645865440369,
            0.24730533361434937,
            -0.02299906685948372,
            0.034545931965112686
          ],
          [
            0.19335772097110748,
            0.8089889883995056,
            0.5551251173019409,
            1.634709358215332
          ],
          [
            0.0,
            0.0,
            0.0,
            1.0
          ]
        ]
      },
      "bone_length_armature_space": 0.03044502933189786,
      "parent": "thumb_02_l",
      "has_children": false,
      "is_end_bone": true
    },
    "metacarpal_index_l": {
      "name": "metacarpal_index_l",
      "local": {
        "location": {
          "x": 0.0,
          "y": 0.0,
          "z": 0.0
        },
        "rotation_quaternion": {
          "w": 0.9993135929107666,
          "x": -0.035507865250110626,
          "y": -0.00587053969502449,
          "z": 0.00878357607871294
        },
        "scale": {
          "x": 1.0,
          "y": 1.0,
          "z": 1.0
        },
        "matrix_basis": [
          [
            0.9997767806053162,
            -0.017138192430138588,
            -0.012356792576611042,
            0.0
          ],
          [
            0.01797199435532093,
            0.9973241090774536,
            0.07086385786533356,
            0.0
          ],
          [
            0.01110924780368805,
            -0.0710701122879982,
            0.997409462928772,
            0.0
          ],
          [
            0.0,
            0.0,
            0.0,
            1.0
          ]
        ],
        "rotation_mode": "QUATERNION"
      },
      "armature_space": {
        "head": {
          "x": 0.6645071506500244,
          "y": 0.015801187604665756,
          "z": 0.6737122535705566
        },
        "tail": {
          "x": 0.7597939372062683,
          "y": -0.034439750015735626,
          "z": 0.7198156118392944
        }
      },
      "world_space": {
        "head": {
          "x": 0.6645071506500244,
          "y": 0.07904519140720367,
          "z": 1.6235662698745728
        },
        "tail": {
          "x": 0.7597939372062683,
          "y": 0.028804250061511993,
          "z": 1.6696696281433105
        },
        "rotation_quaternion": {
          "w": 0.2071508765220642,
          "x": 0.8440477252006531,
          "y": 0.4926440417766571,
          "z": 0.044428497552871704
        },
        "matrix": [
          [
            0.5106552839279175,
            0.813223123550415,
            0.2791038453578949,
            0.6645071506500244
          ],
          [
            0.8500375151634216,
            -0.42878034710884094,
            -0.30591490864753723,
            0.07904519140720367
          ],
          [
            -0.12910306453704834,
            0.3934680223464966,
            -0.9102360010147095,
            1.6235662698745728
          ],
          [
            0.0,
            0.0,
            0.0,
            1.0
          ]
        ]
      },
      "bone_length_armature_space": 0.11717185273610915,
      "parent": "lowerarm_l",
      "has_children": true,
      "is_end_bone": false
    },
    "index_01_l": {
      "name": "index_01_l",
      "local": {
        "location": {
          "x": 0.0,
          "y": 0.0,
          "z": 0.0
        },
        "rotation_quaternion": {
          "w": 0.9963340759277344,
          "x": -0.08487021923065186,
          "y": 0.010162943042814732,
          "z": 0.0035188947804272175
        },
        "scale": {
          "x": 1.0,
          "y": 1.0,
          "z": 1.0
        },
        "matrix_basis": [
          [
            0.9997686743736267,
            -0.008737051859498024,
            0.01965407468378544,
            0.0
          ],
          [
            0.005286927334964275,
            0.9855692982673645,
            0.1691897064447403,
            0.0
          ],
          [
            -0.020848670974373817,
            -0.16904665529727936,
            0.9853875041007996,
            0.0
          ],
          [
            0.0,
            0.0,
            0.0,
            1.0
          ]
        ],
        "rotation_mode": "QUATERNION"
      },
      "armature_space": {
        "head": {
          "x": 0.7597939372062683,
          "y": -0.034439750015735626,
          "z": 0.7198156118392944
        },
        "tail": {
          "x": 0.7829344868659973,
          "y": -0.035032618790864944,
          "z": 0.7364660501480103
        }
      },
      "world_space": {
        "head": {
          "x": 0.7597939372062683,
          "y": 0.028804250061511993,
          "z": 1.6696696281433105
        },
        "tail": {
          "x": 0.7829344868659973,
          "y": 0.028211381286382675,
          "z": 1.6863200664520264
        },
        "rotation_quaternion": {
          "w": 0.31172454357147217,
          "x": 0.705068826675415,
          "y": 0.6264432072639465,
          "z": 0.1152162030339241
        },
        "matrix": [
          [
            0.18858571350574493,
            0.8115390539169312,
            0.5530274510383606,
            0.7597939372062683
          ],
          [
            0.9552035331726074,
            -0.02079199254512787,
            -0.29521891474723816,
            0.028804250061511993
          ],
          [
            -0.22808393836021423,
            0.5839318633079529,
            -0.7791120409965515,
            1.6696696281433105
          ],
          [
            0.0,
            0.0,
            0.0,
            1.0
          ]
        ]
      },
      "bone_length_armature_space": 0.028514445998153014,
      "parent": "metacarpal_index_l",
      "has_children": true,
      "is_end_bone": false
    },
    "index_02_l": {
      "name": "index_02_l",
      "local": {
        "location": {
          "x": 0.0,
          "y": 0.0,
          "z": 0.0
        },
        "rotation_quaternion": {
          "w": 0.9782775044441223,
          "x": 0.20709019899368286,
          "y": -0.008235391229391098,
          "z": 0.004349804483354092
        },
        "scale": {
          "x": 1.0,
          "y": 1.0,
          "z": 1.0
        },
        "matrix_basis": [
          [
            0.9998264908790588,
            -0.01192156970500946,
            -0.014311391860246658,
            0.0
          ],
          [
            0.0050996942445635796,
            0.9141894578933716,
            -0.4052550196647644,
            0.0
          ],
          [
            0.017914598807692528,
            0.40511173009872437,
            0.9140916466712952,
            0.0
          ],
          [
            0.0,
            0.0,
            0.0,
            1.0
          ]
        ],
        "rotation_mode": "QUATERNION"
      },
      "armature_space": {
        "head": {
          "x": 0.7829349040985107,
          "y": -0.03503294661641121,
          "z": 0.736466109752655
        },
        "tail": {
          "x": 0.8074864745140076,
          "y": -0.03858104348182678,
          "z": 0.74300217628479
        }
      },
      "world_space": {
        "head": {
          "x": 0.7829349040985107,
          "y": 0.02821105346083641,
          "z": 1.6863200664520264
        },
        "tail": {
          "x": 0.8074864745140076,
          "y": 0.024662956595420837,
          "z": 1.6928561925888062
        },
        "rotation_quaternion": {
          "w": 0.19984537363052368,
          "x": 0.7535111904144287,
          "y": 0.6252251863479614,
          "z": -0.03709789365530014
        },
        "matrix": [
          [
            0.21543392539024353,
            0.9570554494857788,
            0.1939910352230072,
            0.7829349040985107
          ],
          [
            0.9274011254310608,
            -0.1383097767829895,
            -0.3475598692893982,
            0.02821105346083641
          ],
          [
            -0.30580464005470276,
            0.25478509068489075,
            -0.9173779487609863,
            1.6863200664520264
          ],
          [
            0.0,
            0.0,
            0.0,
            1.0
          ]
        ]
      },
      "bone_length_armature_space": 0.02565324105483867,
      "parent": "index_01_l",
      "has_children": true,
      "is_end_bone": false
    },
    "index_03_l": {
      "name": "index_03_l",
      "local": {
        "location": {
          "x": 0.0,
          "y": 0.0,
          "z": 0.0
        },
        "rotation_quaternion": {
          "w": 0.9690288305282593,
          "x": 0.2468247413635254,
          "y": -0.00507892994210124,
          "z": 0.005917573347687721
        },
        "scale": {
          "x": 1.0,
          "y": 1.0,
          "z": 1.0
        },
        "matrix_basis": [
          [
            0.9998783469200134,
            -0.013975809328258038,
            -0.00692205224186182,
            0.0
          ],
          [
            0.008961386978626251,
            0.8780850768089294,
            -0.4784207046031952,
            0.0
          ],
          [
            0.012764465995132923,
            0.4783004820346832,
            0.878103494644165,
            0.0
          ],
          [
            0.0,
            0.0,
            0.0,
            1.0
          ]
        ],
        "rotation_mode": "QUATERNION"
      },
      "armature_space": {
        "head": {
          "x": 0.8074864745140076,
          "y": -0.03858101740479469,
          "z": 0.7430022954940796
        },
        "tail": {
          "x": 0.8343688249588013,
          "y": -0.044891905039548874,
          "z": 0.7334499955177307
        }
      },
      "world_space": {
        "head": {
          "x": 0.8074864745140076,
          "y": 0.024662982672452927,
          "z": 1.6928563117980957
        },
        "tail": {
          "x": 0.8343688249588013,
          "y": 0.018352095037698746,
          "z": 1.6833040714263916
        },
        "rotation_quaternion": {
          "w": 0.04106789454817772,
          "x": -0.7502760291099548,
          "y": -0.6247550845146179,
          "z": 0.21232126653194427
        },
        "matrix": [
          [
            0.1292000114917755,
            0.9200387597084045,
            -0.3699127435684204,
            0.8074864745140076
          ],
          [
            0.9549164772033691,
            -0.2159881293773651,
            -0.203675776720047,
            0.024662982672452927
          ],
          [
            -0.2672874629497528,
            -0.32692375779151917,
            -0.9064725637435913,
            1.6928563117980957
          ],
          [
            0.0,
            0.0,
            0.0,
            1.0
          ]
        ]
      },
      "bone_length_armature_space": 0.02921873515102894,
      "parent": "index_02_l",
      "has_children": false,
      "is_end_bone": true
    },
    "metacarpal_pinky_l": {
      "name": "metacarpal_pinky_l",
      "local": {
        "location": {
          "x": 0.0,
          "y": 0.0,
          "z": 0.0
        },
        "rotation_quaternion": {
          "w": 0.9991581439971924,
          "x": -0.03582901507616043,
          "y": -0.018237076699733734,
          "z": 0.008172004483640194
        },
        "scale": {
          "x": 1.0,
          "y": 1.0,
          "z": 1.0
        },
        "matrix_basis": [
          [
            0.999201238155365,
            -0.015023416839540005,
            -0.03702903538942337,
            0.0
          ],
          [
            0.017637083306908607,
            0.9972990155220032,
            0.07129963487386703,
            0.0
          ],
          [
            0.03585785627365112,
            -0.0718957707285881,
            0.9967674016952515,
            0.0
          ],
          [
            0.0,
            0.0,
            0.0,
            1.0
          ]
        ],
        "rotation_mode": "QUATERNION"
      },
      "armature_space": {
        "head": {
          "x": 0.6645071506500244,
          "y": 0.015801187604665756,
          "z": 0.6737122535705566
        },
        "tail": {
          "x": 0.7524293065071106,
          "y": 0.03464958444237709,
          "z": 0.7262259125709534
        }
      },
      "world_space": {
        "head": {
          "x": 0.6645071506500244,
          "y": 0.07904519140720367,
          "z": 1.6235662698745728
        },
        "tail": {
          "x": 0.7524293065071106,
          "y": 0.09789358079433441,
          "z": 1.6760799884796143
        },
        "rotation_quaternion": {
          "w": 0.7682826519012451,
          "x": 0.31685107946395874,
          "y": -0.015682756900787354,
          "z": -0.5559687614440918
        },
        "matrix": [
          [
            0.38130372762680054,
            0.8443436622619629,
            -0.3764185309410095,
            0.6645071506500244
          ],
          [
            -0.8642221689224243,
            0.1810069978237152,
            -0.46942177414894104,
            0.07904519140720367
          ],
          [
            -0.3282221555709839,
            0.5043051242828369,
            0.7987244725227356,
            1.6235662698745728
          ],
          [
            0.0,
            0.0,
            0.0,
            1.0
          ]
        ]
      },
      "bone_length_armature_space": 0.10413093711601847,
      "parent": "lowerarm_l",
      "has_children": true,
      "is_end_bone": false
    },
    "pinky_01_l": {
      "name": "pinky_01_l",
      "local": {
        "location": {
          "x": 0.0,
          "y": 0.0,
          "z": 0.0
        },
        "rotation_quaternion": {
          "w": 0.9990038275718689,
          "x": 0.043863654136657715,
          "y": -0.00802141148597002,
          "z": -0.0017234974075108767
        },
        "scale": {
          "x": 1.0,
          "y": 1.0,
          "z": 1.0
        },
        "matrix_basis": [
          [
            0.9998653531074524,
            0.002739864168688655,
            -0.016178039833903313,
            0.0
          ],
          [
            -0.0041472576558589935,
            0.996146023273468,
            -0.08761226385831833,
            0.0
          ],
          [
            0.015875643119215965,
            0.0876675695180893,
            0.9960232973098755,
            0.0
          ],
          [
            0.0,
            0.0,
            0.0,
            1.0
          ]
        ],
        "rotation_mode": "QUATERNION"
      },
      "armature_space": {
        "head": {
          "x": 0.7524293065071106,
          "y": 0.03464958444237709,
          "z": 0.7262259125709534
        },
        "tail": {
          "x": 0.7746186256408691,
