{
  "metadata": {
    "armature_name": "KIM_caucasian_male",
    "export_time": "2026-01-13T21:12:42.531290",
    "blender_version": "4.4.1",
    "bone_count": 56,
    "end_bone_count": 13,
    "spaces_included": [
      "LOCAL_CHANNELS",
      "ARMATURE_SPACE",
      "WORLD_SPACE"
    ],
    "note": "LOCAL matches Transform panel; replay pose via local.matrix_basis for best fidelity."
  },
  "bones": {
    "Root": {
      "name": "Root",
      "local": {
        "location": {
          "x": 0.0,
          "y": 0.0,
          "z": 0.0
        },
        "rotation_quaternion": {
          "w": 0.9997192025184631,
          "x": 0.015774033963680267,
          "y": -0.004884990863502026,
          "z": 0.017001060768961906
        },
        "scale": {
          "x": 1.0,
          "y": 1.0,
          "z": 1.0
        },
        "matrix_basis": [
          [
            0.9993742108345032,
            -0.034146685153245926,
            -0.00923088751733303,
            0.0
          ],
          [
            0.033838462084531784,
            0.9989243149757385,
            -0.031705308705568314,
            0.0
          ],
          [
            0.010303588584065437,
            0.03137310966849327,
            0.9994546175003052,
            0.0
          ],
          [
            0.0,
            0.0,
            0.0,
            1.0
          ]
        ],
        "rotation_mode": "QUATERNION"
      },
      "armature_space": {
        "head": {
          "x": 0.0,
          "y": 0.07072800397872925,
          "z": -0.009595036506652832
        },
        "tail": {
          "x": -0.002437249291688204,
          "y": -0.00022494792938232422,
          "z": -0.0022292942740023136
        }
      },
      "world_space": {
        "head": {
          "x": 0.0,
          "y": 0.13397200405597687,
          "z": 0.9402589797973633
        },
        "tail": {
          "x": -0.002437249291688204,
          "y": 0.0630190521478653,
          "z": 0.9476247429847717
        },
        "rotation_quaternion": {
          "w": 0.051610544323921204,
          "x": 0.9985107183456421,
          "y": -0.017291534692049026,
          "z": -0.003728570183739066
        },
        "matrix": [
          [
            0.9993742108345032,
            -0.034146685153245926,
            -0.00923088751733303,
            0.0
          ],
          [
            -0.03491642326116562,
            -0.9940747618675232,
            -0.10293885320425034,
            0.13397200405597687
          ],
          [
            -0.005661242641508579,
            0.10319653153419495,
            -0.9946519136428833,
            0.9402589797973633
          ],
          [
            0.0,
            0.0,
            0.0,
            1.0
          ]
        ]
      },
      "bone_length_armature_space": 0.07137587686142059,
      "parent": null,
      "has_children": true,
      "is_end_bone": false
    },
    "spine_01": {
      "name": "spine_01",
      "local": {
        "location": {
          "x": 0.0,
          "y": 0.0,
          "z": 0.0
        },
        "rotation_quaternion": {
          "w": 0.99830162525177,
          "x": -0.026008829474449158,
          "y": -0.03988722339272499,
          "z": -0.033563967794179916
        },
        "scale": {
          "x": 1.0,
          "y": 1.0,
          "z": 1.0
        },
        "matrix_basis": [
          [
            0.994564950466156,
            0.06908876448869705,
            -0.07789304107427597,
            0.0
          ],
          [
            -0.06493908911943436,
            0.9963939785957336,
            0.054606858640909195,
            0.0
          ],
          [
            0.08138488233089447,
            -0.04925176501274109,
            0.995465099811554,
            0.0
          ],
          [
            0.0,
            0.0,
            0.0,
            1.0
          ]
        ],
        "rotation_mode": "QUATERNION"
      },
      "armature_space": {
        "head": {
          "x": -0.002437249291688204,
          "y": -0.00022494792938232422,
          "z": -0.0022292942740023136
        },
        "tail": {
          "x": 0.03510454669594765,
          "y": 0.029953766614198685,
          "z": 0.4833923578262329
        }
      },
      "world_space": {
        "head": {
          "x": -0.002437249291688204,
          "y": 0.0630190521478653,
          "z": 0.9476247429847717
        },
        "tail": {
          "x": 0.03510454669594765,
          "y": 0.093197762966156,
          "z": 1.433246374130249
        },
        "rotation_quaternion": {
          "w": 0.7284944653511047,
          "x": 0.6816515922546387,
          "y": -0.014707818627357483,
          "z": -0.06656257063150406
        },
        "matrix": [
          [
            0.990706205368042,
            0.0769297182559967,
            -0.1121746152639389,
            -0.002437249291688204
          ],
          [
            -0.11703270673751831,
            0.06184147298336029,
            -0.9912009239196777,
            0.0630190521478653
          ],
          [
            -0.06931634992361069,
            0.9951238632202148,
            0.0702696219086647,
            0.9476247429847717
          ],
          [
            0.0,
            0.0,
            0.0,
            1.0
          ]
        ]
      },
      "bone_length_armature_space": 0.4880046525379567,
      "parent": "Root",
      "has_children": true,
      "is_end_bone": false
    },
    "neck_01": {
      "name": "neck_01",
      "local": {
        "location": {
          "x": 0.0,
          "y": 0.0,
          "z": 0.0
        },
        "rotation_quaternion": {
          "w": 0.985873818397522,
          "x": -0.10274506360292435,
          "y": 0.054316528141498566,
          "z": 0.12060703337192535
        },
        "scale": {
          "x": 1.0,
          "y": 1.0,
          "z": 1.0
        },
        "matrix_basis": [
          [
            0.9650073051452637,
            -0.24896813929080963,
            0.08231493085622787,
            0.0
          ],
          [
            0.22664512693881989,
            0.9497947692871094,
            0.21568924188613892,
            0.0
          ],
          [
            -0.13188204169273376,
            -0.18948543071746826,
            0.9729863405227661,
            0.0
          ],
          [
            0.0,
            0.0,
            0.0,
            1.0
          ]
        ],
        "rotation_mode": "QUATERNION"
      },
      "armature_space": {
        "head": {
          "x": 0.036846958100795746,
          "y": 0.0001064203679561615,
          "z": 0.5586907863616943
        },
        "tail": {
          "x": 0.01696236990392208,
          "y": -0.009697153232991695,
          "z": 0.6587870121002197
        }
      },
      "world_space": {
        "head": {
          "x": 0.036846958100795746,
          "y": 0.06335042417049408,
          "z": 1.5085448026657104
        },
        "tail": {
          "x": 0.01696236990392208,
          "y": 0.05354684591293335,
          "z": 1.6086410284042358
        },
        "rotation_quaternion": {
          "w": 0.6668034195899963,
          "x": 0.7385109663009644,
          "y": -0.08695238083600998,
          "z": 0.04913361370563507
        },
        "matrix": [
          [
            0.9800503253936768,
            -0.19395560026168823,
            -0.043390072882175446,
            0.036846958100795746
          ],
          [
            -0.06290681660175323,
            -0.09562471508979797,
            -0.9934279918670654,
            0.06335042417049408
          ],
          [
            0.1885329633951187,
            0.9763453602790833,
            -0.10591983795166016,
            1.5085448026657104
          ],
          [
            0.0,
            0.0,
            0.0,
            1.0
          ]
        ]
      },
      "bone_length_armature_space": 0.10252200624122558,
      "parent": "spine_01",
      "has_children": true,
      "is_end_bone": false
    },
    "head": {
      "name": "head",
      "local": {
        "location": {
          "x": 0.0,
          "y": 0.0,
          "z": 0.0
        },
        "rotation_quaternion": {
          "w": 0.9788943529129028,
          "x": -0.0016336387488991022,
          "y": -0.1312815397977829,
          "z": 0.15661531686782837
        },
        "scale": {
          "x": 1.0,
          "y": 1.0,
          "z": 1.0
        },
        "matrix_basis": [
          [
            0.9164736270904541,
            -0.30619075894355774,
            -0.2575332224369049,
            0.0
          ],
          [
            0.30704861879348755,
            0.9509379267692566,
            -0.03792307898402214,
            0.0
          ],
          [
            0.25650981068611145,
            -0.044319719076156616,
            0.9655249714851379,
            0.0
          ],
          [
            0.0,
            0.0,
            0.0,
            1.0
          ]
        ],
        "rotation_mode": "QUATERNION"
      },
      "armature_space": {
        "head": {
          "x": 0.016962377354502678,
          "y": -0.009697300381958485,
          "z": 0.658786952495575
        },
        "tail": {
          "x": -0.053224243223667145,
          "y": 0.03984314948320389,
          "z": 0.7879101634025574
        }
      },
      "world_space": {
        "head": {
          "x": 0.016962377354502678,
          "y": 0.05354670062661171,
          "z": 1.6086409091949463
        },
        "tail": {
          "x": -0.053224243223667145,
          "y": 0.10308714956045151,
          "z": 1.7377641201019287
        },
        "rotation_quaternion": {
          "w": 0.7578248977661133,
          "x": 0.5784322023391724,
          "y": -0.2922593951225281,
          "z": 0.07551167905330658
        },
        "matrix": [
          [
            0.8177657723426819,
            -0.45255351066589355,
            -0.35560476779937744,
            0.016962377354502678
          ],
          [
            -0.22365280985832214,
            0.319429874420166,
            -0.9208390712738037,
            0.05354670062661171
          ],
          [
            0.5303230285644531,
            0.8325685262680054,
            0.16000410914421082,
            1.6086409091949463
          ],
          [
            0.0,
            0.0,
            0.0,
            1.0
          ]
        ]
      },
      "bone_length_armature_space": 0.15509100909725212,
      "parent": "neck_01",
      "has_children": false,
      "is_end_bone": true
    },
    "upperarm_l": {
      "name": "upperarm_l",
      "local": {
        "location": {
          "x": 0.0,
          "y": 0.0,
          "z": 0.0
        },
        "rotation_quaternion": {
          "w": 0.7698425650596619,
          "x": 0.568358838558197,
          "y": 0.1522921770811081,
          "z": -0.24722006916999817
        },
        "scale": {
          "x": 1.0,
          "y": 1.0,
          "z": 1.0
        },
        "matrix_basis": [
          [
            0.8313786387443542,
            0.5537542700767517,
            -0.04653742164373398,
            0.0
          ],
          [
            -0.20752786099910736,
            0.23170094192028046,
            -0.95039302110672,
            0.0
          ],
          [
            -0.5155014395713806,
            0.7997943162918091,
            0.3075506389141083,
            0.0
          ],
          [
            0.0,
            0.0,
            0.0,
            1.0
          ]
        ],
        "rotation_mode": "QUATERNION"
      },
      "armature_space": {
        "head": {
          "x": 0.1799248903989792,
          "y": -0.024765782058238983,
          "z": 0.4816373884677887
        },
        "tail": {
          "x": 0.21094036102294922,
          "y": -0.24846309423446655,
          "z": 0.33739611506462097
        }
      },
      "world_space": {
        "head": {
          "x": 0.1799248903989792,
          "y": 0.038478218019008636,
          "z": 1.4314913749694824
        },
        "tail": {
          "x": 0.21094036102294922,
          "y": -0.18521909415721893,
          "z": 1.2872501611709595
        },
        "rotation_quaternion": {
          "w": 0.12883184850215912,
          "x": -0.5997307300567627,
          "y": -0.2569231688976288,
          "z": 0.746803879737854
        },
        "matrix": [
          [
            -0.24745172262191772,
            0.11574257165193558,
            -0.9619622826576233,
            0.1799248903989792
          ],
          [
            0.5005933046340942,
            -0.8347866535186768,
            -0.2292117178440094,
            0.038478218019008636
          ],
          [
            -0.8295679688453674,
            -0.5382751226425171,
            0.1486303061246872,
            1.4314913749694824
          ],
          [
            0.0,
            0.0,
            0.0,
            1.0
          ]
        ]
      },
      "bone_length_armature_space": 0.2679701252867618,
      "parent": "spine_01",
      "has_children": true,
      "is_end_bone": false
    },
    "lowerarm_l": {
      "name": "lowerarm_l",
      "local": {
        "location": {
          "x": 0.0,
          "y": 0.0,
          "z": 0.0
        },
        "rotation_quaternion": {
          "w": 0.9356932640075684,
          "x": 0.3208743929862976,
          "y": 0.11269395053386688,
          "z": -0.0939038023352623
        },
        "scale": {
          "x": 1.0,
          "y": 1.0,
          "z": 1.0
        },
        "matrix_basis": [
          [
            0.9569643139839172,
            0.2480515092611313,
            0.15063129365444183,
            0.0
          ],
          [
            -0.10340910404920578,
            0.7764434218406677,
            -0.6216447949409485,
            0.0
          ],
          [
            -0.27115657925605774,
            0.5793152451515198,
            0.7686793804168701,
            0.0
          ],
          [
            0.0,
            0.0,
            0.0,
            1.0
          ]
        ],
        "rotation_mode": "QUATERNION"
      },
      "armature_space": {
        "head": {
          "x": 0.21094036102294922,
          "y": -0.2484632283449173,
          "z": 0.33739614486694336
        },
        "tail": {
          "x": 0.046804338693618774,
          "y": -0.4349086284637451,
          "z": 0.2380632609128952
        }
      },
      "world_space": {
        "head": {
          "x": 0.21094036102294922,
          "y": -0.18521922826766968,
          "z": 1.2872501611709595
        },
        "tail": {
          "x": 0.046804338693618774,
          "y": -0.3716646432876587,
          "z": 1.1879172325134277
        },
        "rotation_quaternion": {
          "w": 0.38787347078323364,
          "x": -0.5420091152191162,
          "y": 0.03300350904464722,
          "z": 0.7447758913040161
        },
        "matrix": [
          [
            -0.11155945062637329,
            -0.6135364770889282,
            -0.7817465662956238,
            0.21094036102294922
          ],
          [
            0.5419812202453613,
            -0.6969283223152161,
            0.46962493658065796,
            -0.18521922826766968
          ],
          [
            -0.8329585790634155,
            -0.371303915977478,
            0.4102773666381836,
            1.2872501611709595
          ],
          [
            0.0,
            0.0,
            0.0,
            1.0
          ]
        ]
      },
      "bone_length_armature_space": 0.2675248461953796,
      "parent": "upperarm_l",
      "has_children": true,
      "is_end_bone": false
    },
    "metacarpal_thumb_l": {
      "name": "metacarpal_thumb_l",
      "local": {
        "location": {
          "x": 0.0,
          "y": 0.0,
          "z": 0.0
        },
        "rotation_quaternion": {
          "w": 0.9991541504859924,
          "x": -0.03496057167649269,
          "y": 0.012973275035619736,
          "z": -0.01733485981822014
        },
        "scale": {
          "x": 1.0,
          "y": 1.0,
          "z": 1.0
        },
        "matrix_basis": [
          [
            0.9990624189376831,
            0.03373328968882561,
            0.027136676013469696,
            0.0
          ],
          [
            -0.03554750233888626,
            0.9969545006752014,
            0.0694122239947319,
            0.0
          ],
          [
            -0.02471253089606762,
            -0.0703117772936821,
            0.997218906879425,
            0.0
          ],
          [
            0.0,
            0.0,
            0.0,
            1.0
          ]
        ],
        "rotation_mode": "QUATERNION"
      },
      "armature_space": {
        "head": {
          "x": 0.046804338693618774,
          "y": -0.4349086284637451,
          "z": 0.2380632609128952
        },
        "tail": {
          "x": -0.0004980899393558502,
          "y": -0.44698625802993774,
          "z": 0.22968493402004242
        }
      },
      "world_space": {
        "head": {
          "x": 0.046804338693618774,
          "y": -0.3716646432876587,
          "z": 1.1879172325134277
        },
        "tail": {
          "x": -0.0004980899393558502,
          "y": -0.3837422728538513,
          "z": 1.1795389652252197
        },
        "rotation_quaternion": {
          "w": 0.2528252899646759,
          "x": -0.7644028663635254,
          "y": 0.5605044364929199,
          "z": 0.19391393661499023
        },
        "matrix": [
          [
            0.2964637279510498,
            -0.9549551010131836,
            -0.013034909963607788,
            0.046804338693618774
          ],
          [
            -0.7588506937026978,
            -0.24382659792900085,
            0.6038994789123535,
            -0.3716646432876587
          ],
          [
            -0.5798798203468323,
            -0.16914398968219757,
            -0.7969591021537781,
            1.1879172325134277
          ],
          [
            0.0,
            0.0,
            0.0,
            1.0
          ]
        ]
      },
      "bone_length_armature_space": 0.04953367756906313,
      "parent": "lowerarm_l",
      "has_children": true,
      "is_end_bone": false
    },
    "thumb_01_l": {
      "name": "thumb_01_l",
      "local": {
        "location": {
          "x": 0.0,
          "y": 0.0,
          "z": 0.0
        },
        "rotation_quaternion": {
          "w": 0.9998527765274048,
          "x": 0.004288148134946823,
          "y": -0.008003942668437958,
          "z": 0.014562256634235382
        },
        "scale": {
          "x": 1.0,
          "y": 1.0,
          "z": 1.0
        },
        "matrix_basis": [
          [
            0.999447762966156,
            -0.029188869521021843,
            -0.015880638733506203,
            0.0
          ],
          [
            0.029051581397652626,
            0.9995390772819519,
            -0.008808144368231297,
            0.0
          ],
          [
            0.016130419448018074,
            0.008341922424733639,
            0.9998350739479065,
            0.0
          ],
          [
            0.0,
            0.0,
            0.0,
            1.0
          ]
        ],
        "rotation_mode": "QUATERNION"
      },
      "armature_space": {
        "head": {
          "x": -0.0004980899393558502,
          "y": -0.44698625802993774,
          "z": 0.22968493402004242
        },
        "tail": {
          "x": -0.02273443341255188,
          "y": -0.4337330460548401,
          "z": 0.2075822502374649
        }
      },
      "world_space": {
        "head": {
          "x": -0.0004980899393558502,
          "y": -0.3837422728538513,
          "z": 1.1795389652252197
        },
        "tail": {
          "x": -0.02273443341255188,
          "y": -0.37048906087875366,
          "z": 1.1574362516403198
        },
        "rotation_quaternion": {
          "w": 0.04407542943954468,
          "x": 0.3707471191883087,
          "y": -0.8323083519935608,
          "z": 0.40971553325653076
        },
        "matrix": [
          [
            -0.7212069034576416,
            -0.6532688736915588,
            0.23043495416641235,
            -0.0004980899393558502
          ],
          [
            -0.5810367465019226,
            0.3893585801124573,
            -0.7147003412246704,
            -0.3837422728538513
          ],
          [
            0.3771718144416809,
            -0.6493421792984009,
            -0.6603865027427673,
            1.1795389652252197
          ],
          [
            0.0,
            0.0,
            0.0,
            1.0
          ]
        ]
      },
      "bone_length_armature_space": 0.03403867280981127,
      "parent": "metacarpal_thumb_l",
      "has_children": true,
      "is_end_bone": false
    },
    "thumb_02_l": {
      "name": "thumb_02_l",
      "local": {
        "location": {
          "x": 0.0,
          "y": 0.0,
          "z": 0.0
        },
        "rotation_quaternion": {
          "w": 0.9975666999816895,
          "x": 0.06926030665636063,
          "y": 0.006314657628536224,
          "z": -0.004895892459899187
        },
        "scale": {
          "x": 1.0,
          "y": 1.0,
          "z": 1.0
        },
        "matrix_basis": [
          [
            0.9998723268508911,
            0.010642669163644314,
            0.011920402757823467,
            0.0
          ],
          [
            -0.008893248625099659,
            0.9903580546379089,
            -0.1382453888654709,
            0.0
          ],
          [
            -0.013276766054332256,
            0.13812172412872314,
            0.9903262853622437,
            0.0
          ],
          [
            0.0,
            0.0,
            0.0,
            1.0
          ]
        ],
        "rotation_mode": "QUATERNION"
      },
      "armature_space": {
        "head": {
          "x": -0.02273440919816494,
          "y": -0.4337329864501953,
          "z": 0.2075822800397873
        },
        "tail": {
          "x": -0.04570342227816582,
          "y": -0.4622497260570526,
          "z": 0.19107761979103088
        }
      },
      "world_space": {
        "head": {
          "x": -0.02273440919816494,
          "y": -0.3704890012741089,
          "z": 1.1574362516403198
        },
        "tail": {
          "x": -0.04570342227816582,
          "y": -0.3990057110786438,
          "z": 1.1409316062927246
        },
        "rotation_quaternion": {
          "w": 0.18341276049613953,
          "x": 0.3981700837612152,
          "y": -0.3337063193321228,
          "z": 0.8345420360565186
        },
        "matrix": [
          [
            -0.6156412363052368,
            -0.5718748569488525,
            0.5421668887138367,
            -0.02273440919816494
          ],
          [
            0.04038908705115318,
            -0.7100004553794861,
            -0.703042209148407,
            -0.3704890012741089
          ],
          [
            0.7869964838027954,
            -0.41092759370803833,
            0.4602055549621582,
            1.1574362516403198
          ],
          [
            0.0,
            0.0,
            0.0,
            1.0
          ]
        ]
      },
      "bone_length_armature_space": 0.040164459664665204,
      "parent": "thumb_01_l",
      "has_children": true,
      "is_end_bone": false
    },
    "thumb_03_l": {
      "name": "thumb_03_l",
      "local": {
        "location": {
          "x": 0.0,
          "y": 0.0,
          "z": 0.0
        },
        "rotation_quaternion": {
          "w": 0.9985159635543823,
          "x": 0.054002486169338226,
          "y": -0.0058388435281813145,
          "z": 0.003940528258681297
        },
        "scale": {
          "x": 1.0,
          "y": 1.0,
          "z": 1.0
        },
        "matrix_basis": [
          [
            0.999900758266449,
            -0.008499984629452229,
            -0.011234760284423828,
            0.0
          ],
          [
            0.007238736376166344,
            0.994136393070221,
            -0.10789070278406143,
            0.0
          ],
          [
            0.01208595372736454,
            0.10779867321252823,
            0.9940992593765259,
            0.0
          ],
          [
            0.0,
            0.0,
            0.0,
            1.0
          ]
        ],
        "rotation_mode": "QUATERNION"
      },
      "armature_space": {
        "head": {
          "x": -0.0457034632563591,
          "y": -0.46224966645240784,
          "z": 0.19107764959335327
        },
        "tail": {
          "x": -0.05327373370528221,
          "y": -0.49020975828170776,
          "z": 0.1817065179347992
        }
      },
      "world_space": {
        "head": {
          "x": -0.0457034632563591,
          "y": -0.399005651473999,
          "z": 1.1409316062927246
        },
        "tail": {
          "x": -0.05327373370528221,
          "y": -0.42696577310562134,
          "z": 1.1315605640411377
        },
        "rotation_quaternion": {
          "w": 0.08701191842556,
          "x": 0.22728092968463898,
          "y": -0.18231117725372314,
          "z": 0.9526463150978088
        },
        "matrix": [
          [
            -0.8815447688102722,
            -0.24865487217903137,
            0.4013097882270813,
            -0.0457034632563591
          ],
          [
            0.08291186392307281,
            -0.9183834195137024,
            -0.38690799474716187,
            -0.399005651473999
          ],
          [
            0.46476611495018005,
            -0.3078063726425171,
            0.8302179574966431,
            1.1409316062927246
          ],
          [
            0.0,
            0.0,
            0.0,
            1.0
          ]
        ]
      },
      "bone_length_armature_space": 0.030444931048451782,
      "parent": "thumb_02_l",
      "has_children": false,
      "is_end_bone": true
    },
    "metacarpal_index_l": {
      "name": "metacarpal_index_l",
      "local": {
        "location": {
          "x": 0.0,
          "y": 0.0,
          "z": 0.0
        },
        "rotation_quaternion": {
          "w": 0.9997239708900452,
          "x": -0.014108842238783836,
          "y": -0.013743577525019646,
          "z": 0.012814033776521683
        },
        "scale": {
          "x": 1.0,
          "y": 1.0,
          "z": 1.0
        },
        "matrix_basis": [
          [
            0.9992938041687012,
            -0.025233181193470955,
            -0.027841150760650635,
            0.0
          ],
          [
            0.026008805260062218,
            0.9992734789848328,
            0.027857674285769463,
            0.0
          ],
          [
            0.027117986232042313,
            -0.028562117367982864,
            0.9992241263389587,
            0.0
          ],
          [
            0.0,
            0.0,
            0.0,
            1.0
          ]
        ],
        "rotation_mode": "QUATERNION"
      },
      "armature_space": {
        "head": {
          "x": 0.046804338693618774,
          "y": -0.4349086284637451,
          "z": 0.2380632609128952
        },
        "tail": {
          "x": -0.05003581941127777,
          "y": -0.4947553873062134,
          "z": 0.21032188832759857
        }
      },
      "world_space": {
        "head": {
          "x": 0.046804338693618774,
          "y": -0.3716646432876587,
          "z": 1.1879172325134277
        },
        "tail": {
          "x": -0.05003581941127777,
          "y": -0.43151140213012695,
          "z": 1.1601759195327759
        },
        "rotation_quaternion": {
          "w": 0.3587253987789154,
          "x": -0.7487989068031311,
          "y": 0.3404932916164398,
          "z": 0.44122639298439026
        },
        "matrix": [
          [
            0.3787670433521271,
            -0.8264805674552917,
            -0.4164921045303345,
            0.046804338693618774
          ],
          [
            -0.19336529076099396,
            -0.510761022567749,
            0.8376953601837158,
            -0.3716646432876587
          ],
          [
            -0.9050730466842651,
            -0.2367582470178604,
            -0.353273868560791,
            1.1879172325134277
          ],
          [
            0.0,
            0.0,
            0.0,
            1.0
          ]
        ]
      },
      "bone_length_armature_space": 0.1171718149814536,
      "parent": "lowerarm_l",
      "has_children": true,
      "is_end_bone": false
    },
    "index_01_l": {
      "name": "index_01_l",
      "local": {
        "location": {
          "x": 0.0,
          "y": 0.0,
          "z": 0.0
        },
        "rotation_quaternion": {
          "w": 0.9918693900108337,
          "x": -0.12638115882873535,
          "y": 0.013022632338106632,
          "z": 0.0073166536167263985
        },
        "scale": {
          "x": 1.0,
          "y": 1.0,
          "z": 1.0
        },
        "matrix_basis": [
          [
            0.9995537400245667,
            -0.017805960029363632,
            0.02398412674665451,
            0.0
          ],
          [
            0.011222698725759983,
            0.9679485559463501,
            0.25089776515960693,
            0.0
          ],
          [
            -0.027682874351739883,
            -0.2505166530609131,
            0.9677164554595947,
            0.0
          ],
          [
            0.0,
            0.0,
            0.0,
            1.0
          ]
        ],
        "rotation_mode": "QUATERNION"
      },
      "armature_space": {
        "head": {
          "x": -0.05003581941127777,
          "y": -0.4947553873062134,
          "z": 0.21032188832759857
        },
        "tail": {
          "x": -0.06292890757322311,
          "y": -0.5181769728660583,
          "z": 0.20040877163410187
        }
      },
      "world_space": {
        "head": {
          "x": -0.05003581941127777,
          "y": -0.43151140213012695,
          "z": 1.1601759195327759
        },
        "tail": {
          "x": -0.06292890757322311,
          "y": -0.4549329876899719,
          "z": 1.1502628326416016
        },
        "rotation_quaternion": {
          "w": 0.2632276117801666,
          "x": -0.870515763759613,
          "y": 0.14147046208381653,
          "z": 0.39102381467819214
        },
        "matrix": [
          [
            0.6541734337806702,
            -0.45216113328933716,
            -0.6063066720962524,
            -0.05003581941127777
          ],
          [
            -0.04044879600405693,
            -0.8213952779769897,
            0.5689237117767334,
            -0.43151140213012695
          ],
          [
            -0.7552676200866699,
            -0.347653329372406,
            -0.555627703666687,
            1.1601759195327759
          ],
          [
            0.0,
            0.0,
            0.0,
            1.0
          ]
        ]
      },
      "bone_length_armature_space": 0.02851442189977287,
      "parent": "metacarpal_index_l",
      "has_children": true,
      "is_end_bone": false
    },
    "index_02_l": {
      "name": "index_02_l",
      "local": {
        "location": {
          "x": 0.0,
          "y": 0.0,
          "z": 0.0
        },
        "rotation_quaternion": {
          "w": 0.9995973110198975,
          "x": 0.026635902002453804,
          "y": -0.009143882431089878,
          "z": -0.0034818563144654036
        },
        "scale": {
          "x": 1.0,
          "y": 1.0,
          "z": 1.0
        },
        "matrix_basis": [
          [
            0.9998085498809814,
            0.006473797373473644,
            -0.018465885892510414,
            0.0
          ],
          [
            -0.0074480194598436356,
            0.9985567927360535,
            -0.053186677396297455,
            0.0
          ],
          [
            0.01809491589665413,
            0.053314026445150375,
            0.9984138607978821,
            0.0
          ],
          [
            0.0,
            0.0,
            0.0,
            1.0
          ]
        ],
        "rotation_mode": "QUATERNION"
      },
      "armature_space": {
        "head": {
          "x": -0.0629294291138649,
          "y": -0.5181770920753479,
          "z": 0.20040863752365112
        },
        "tail": {
          "x": -0.07424534112215042,
          "y": -0.5389893651008606,
          "z": 0.19056524336338043
        }
      },
      "world_space": {
        "head": {
          "x": -0.0629294291138649,
          "y": -0.4549331068992615,
          "z": 1.1502625942230225
        },
        "tail": {
          "x": -0.07424534112215042,
          "y": -0.47574537992477417,
          "z": 1.1404192447662354
        },
        "rotation_quaternion": {
          "w": 0.2834104895591736,
          "x": -0.8531702756881714,
          "y": 0.11846365034580231,
          "z": 0.4215986132621765
        },
        "matrix": [
          [
            0.6164426803588867,
            -0.4411099851131439,
            -0.6522429585456848,
            -0.0629294291138649
          ],
          [
            0.03683067858219147,
            -0.8112905621528625,
            0.5834823250770569,
            -0.4549331068992615
          ],
          [
            -0.786543607711792,
            -0.38370904326438904,
            -0.48387062549591064,
            1.1502625942230225
          ],
          [
            0.0,
            0.0,
            0.0,
            1.0
          ]
        ]
      },
      "bone_length_armature_space": 0.0256533230584295,
      "parent": "index_01_l",
      "has_children": true,
      "is_end_bone": false
    },
    "index_03_l": {
      "name": "index_03_l",
      "local": {
        "location": {
          "x": 0.0,
          "y": 0.0,
          "z": 0.0
        },
        "rotation_quaternion": {
          "w": 0.999415934085846,
          "x": 0.03410857915878296,
          "y": -0.00016467765090055764,
          "z": -0.0021115585695952177
        },
        "scale": {
          "x": 1.0,
          "y": 1.0,
          "z": 1.0
        },
        "matrix_basis": [
          [
            0.9999909996986389,
            0.004209416918456554,
            -0.00047320747398771346,
            0.0
          ],
          [
            -0.0042318846099078655,
            0.9976642727851868,
            -0.06817661970853806,
            0.0
          ],
          [
            0.00018511840607970953,
            0.06817801296710968,
            0.9976731538772583,
            0.0
          ],
          [
            0.0,
            0.0,
            0.0,
            1.0
          ]
        ],
        "rotation_mode": "QUATERNION"
      },
      "armature_space": {
        "head": {
          "x": -0.07424525916576385,
          "y": -0.5389894247055054,
          "z": 0.1905653476715088
        },
        "tail": {
          "x": -0.08808374404907227,
          "y": -0.5595346093177795,
          "z": 0.17506928741931915
        }
      },
      "world_space": {
        "head": {
          "x": -0.07424525916576385,
          "y": -0.47574543952941895,
          "z": 1.140419363975525
        },
        "tail": {
          "x": -0.08808374404907227,
          "y": -0.4962906241416931,
          "z": 1.1249233484268188
        },
        "rotation_quaternion": {
          "w": 0.3658066689968109,
          "x": -0.8463917970657349,
          "y": 0.12087220698595047,
          "z": 0.3676905930042267
        },
        "matrix": [
          [
            0.7003878951072693,
            -0.47361764311790466,
            -0.533988356590271,
            -0.07424525916576385
          ],
          [
            0.06439557671546936,
            -0.7031517624855042,
            0.7081180214881897,
            -0.47574543952941895
          ],
          [
            -0.7108566761016846,
            -0.5303477644920349,
            -0.46198272705078125,
            1.140419363975525
          ],
          [
            0.0,
            0.0,
            0.0,
            1.0
          ]
        ]
      },
      "bone_length_armature_space": 0.029218763787953544,
      "parent": "index_02_l",
      "has_children": false,
      "is_end_bone": true
    },
    "metacarpal_pinky_l": {
      "name": "metacarpal_pinky_l",
      "local": {
        "location": {
          "x": 0.0,
          "y": 0.0,
          "z": 0.0
        },
        "rotation_quaternion": {
          "w": 0.9999431371688843,
          "x": 0.0014775344170629978,
          "y": -0.007197197061032057,
          "z": -0.007728973403573036
        },
        "scale": {
          "x": 1.0,
          "y": 1.0,
          "z": 1.0
        },
        "matrix_basis": [
          [
            0.9997768998146057,
            0.015435799956321716,
            -0.014416415244340897,
            0.0
          ],
          [
            -0.015478336252272129,
            0.9998761415481567,
            -0.0028436467982828617,
            0.0
          ],
          [
            0.014370735734701157,
            0.0030661546625196934,
            0.9998920559883118,
            0.0
          ],
          [
            0.0,
            0.0,
            0.0,
            1.0
          ]
        ],
        "rotation_mode": "QUATERNION"
      },
      "armature_space": {
        "head": {
          "x": 0.046804338693618774,
          "y": -0.4349086284637451,
          "z": 0.2380632609128952
        },
        "tail": {
          "x": 0.009063228964805603,
          "y": -0.518138587474823,
          "z": 0.1881469190120697
        }
      },
      "world_space": {
        "head": {
          "x": 0.046804338693618774,
          "y": -0.3716646432876587,
          "z": 1.1879172325134277
        },
        "tail": {
          "x": 0.009063228964805603,
          "y": -0.4548946022987366,
          "z": 1.1380009651184082
        },
        "rotation_quaternion": {
          "w": 0.1955813765525818,
          "x": -0.017086276784539223,
          "y": -0.24921154975891113,
          "z": 0.9483404159545898
        },
        "matrix": [
          [
            -0.9229118824005127,
            -0.3624395728111267,
            -0.1298902928829193,
            0.046804338693618774
          ],
          [
            0.37947216629981995,
            -0.7992832064628601,
            -0.46599090099334717,
            -0.3716646432876587
          ],
          [
            0.06507520377635956,
            -0.4793620705604553,
            0.8752093315124512,
            1.1879172325134277
          ],
          [
            0.0,
            0.0,
            0.0,
            1.0
          ]
        ]
      },
      "bone_length_armature_space": 0.10413096897817448,
      "parent": "lowerarm_l",
      "has_children": true,
      "is_end_bone": false
    },
    "pinky_01_l": {
      "name": "pinky_01_l",
      "local": {
        "location": {
          "x": 0.0,
          "y": 0.0,
          "z": 0.0
        },
        "rotation_quaternion": {
          "w": 0.9685000777244568,
          "x": 0.24866265058517456,
          "y": -0.010628064163029194,
          "z": 0.007855732925236225
        },
        "scale": {
          "x": 1.0,
          "y": 1.0,
          "z": 1.0
        },
        "matrix_basis": [
          [
            0.9996506571769714,
            -0.020502161234617233,
            -0.016679707914590836,
            0.0
          ],
          [
            0.009930950589478016,
            0.8762103319168091,
            -0.4818265736103058,
            0.0
          ],
          [
            0.024493416771292686,
            0.4814926087856293,
            0.8761078715324402,
            0.0
          ],
          [
            0.0,
            0.0,
            0.0,
            1.0
          ]
        ],
        "rotation_mode": "QUATERNION"
      },
      "armature_space": {
        "head": {
