{
  "metadata": {
    "armature_name": "KIM_caucasian_male",
    "export_time": "2026-01-13T21:12:41.682791",
    "blender_version": "4.4.1",
    "bone_count": 56,
    "end_bone_count": 13,
    "spaces_included": [
      "LOCAL_CHANNELS",
      "ARMATURE_SPACE",
      "WORLD_SPACE"
    ],
    "note": "LOCAL matches Transform panel; replay pose via local.matrix_basis for best fidelity."
  },
  "bones": {
    "Root": {
      "name": "Root",
      "local": {
        "location": {
          "x": 0.0,
          "y": 0.0,
          "z": 0.0
        },
        "rotation_quaternion": {
          "w": 0.9995506405830383,
          "x": -0.008963314816355705,
          "y": 0.01155077200382948,
          "z": 0.026169121265411377
        },
        "scale": {
          "x": 1.0,
          "y": 1.0,
          "z": 1.0
        },
        "matrix_basis": [
          [
            0.9983634948730469,
            -0.05252179130911827,
            0.022622039541602135,
            0.0
          ],
          [
            0.05210765823721886,
            0.9984696507453918,
            0.018523121252655983,
            0.0
          ],
          [
            -0.023560287430882454,
            -0.01731402613222599,
            0.9995724558830261,
            0.0
          ],
          [
            0.0,
            0.0,
            0.0,
            1.0
          ]
        ],
        "rotation_mode": "QUATERNION"
      },
      "armature_space": {
        "head": {
          "x": 0.0,
          "y": 0.07072800397872925,
          "z": -0.009595036506652832
        },
        "tail": {
          "x": -0.003748788498342037,
          "y": 0.00027436763048171997,
          "z": 0.0012099109590053558
        }
      },
      "world_space": {
        "head": {
          "x": 0.0,
          "y": 0.13397200405597687,
          "z": 0.9402589797973633
        },
        "tail": {
          "x": -0.003748788498342037,
          "y": 0.06351836770772934,
          "z": 0.9510639309883118
        },
        "rotation_quaternion": {
          "w": 0.07628033310174942,
          "x": 0.9966760277748108,
          "y": -0.025331519544124603,
          "z": 0.013287492096424103
        },
        "matrix": [
          [
            0.9983634948730469,
            -0.05252179130911827,
            0.022622039541602135,
            0.0
          ],
          [
            -0.0484674833714962,
            -0.9870792031288147,
            -0.15272721648216248,
            0.13397200405597687
          ],
          [
            0.030351417139172554,
            0.15138095617294312,
            -0.9880164861679077,
            0.9402589797973633
          ],
          [
            0.0,
            0.0,
            0.0,
            1.0
          ]
        ]
      },
      "bone_length_armature_space": 0.07137587405492321,
      "parent": null,
      "has_children": true,
      "is_end_bone": false
    },
    "spine_01": {
      "name": "spine_01",
      "local": {
        "location": {
          "x": 0.0,
          "y": 0.0,
          "z": 0.0
        },
        "rotation_quaternion": {
          "w": 0.9946911334991455,
          "x": 0.09647180140018463,
          "y": -0.03511163219809532,
          "z": 0.0070771039463579655
        },
        "scale": {
          "x": 1.0,
          "y": 1.0,
          "z": 1.0
        },
        "matrix_basis": [
          [
            0.9974341988563538,
            -0.02085362933576107,
            -0.06848497688770294,
            0.0
          ],
          [
            0.007304500322788954,
            0.9812862277030945,
            -0.1924162656068802,
            0.0
          ],
          [
            0.07121594250202179,
            0.19142231345176697,
            0.9789207577705383,
            0.0
          ],
          [
            0.0,
            0.0,
            0.0,
            1.0
          ]
        ],
        "rotation_mode": "QUATERNION"
      },
      "armature_space": {
        "head": {
          "x": -0.003748788498342037,
          "y": 0.00027436763048171997,
          "z": 0.0012099109590053558
        },
        "tail": {
          "x": -0.03161360323429108,
          "y": -0.06106581538915634,
          "z": 0.4845414459705353
        }
      },
      "world_space": {
        "head": {
          "x": -0.003748788498342037,
          "y": 0.06351836770772934,
          "z": 0.9510639309883118
        },
        "tail": {
          "x": -0.03161360323429108,
          "y": 0.002178184688091278,
          "z": 1.434395432472229
        },
        "rotation_quaternion": {
          "w": 0.6585670113563538,
          "x": 0.7498661875724792,
          "y": -0.058659035712480545,
          "z": -0.023439552634954453
        },
        "matrix": [
          [
            0.9920193552970886,
            -0.05709988996386528,
            -0.11241516470909119,
            -0.003748788498342037
          ],
          [
            -0.11884617805480957,
            -0.12569677829742432,
            -0.9849243760108948,
            0.06351836770772934
          ],
          [
            0.042109034955501556,
            0.9904309511184692,
            -0.13148155808448792,
            0.9510639309883118
          ],
          [
            0.0,
            0.0,
            0.0,
            1.0
          ]
        ]
      },
      "bone_length_armature_space": 0.4880045380917995,
      "parent": "Root",
      "has_children": true,
      "is_end_bone": false
    },
    "neck_01": {
      "name": "neck_01",
      "local": {
        "location": {
          "x": 0.0,
          "y": 0.0,
          "z": 0.0
        },
        "rotation_quaternion": {
          "w": 0.995145320892334,
          "x": -0.03024778515100479,
          "y": 0.07921164482831955,
          "z": -0.04996423423290253
        },
        "scale": {
          "x": 1.0,
          "y": 1.0,
          "z": 1.0
        },
        "matrix_basis": [
          [
            0.9824581742286682,
            0.09465139359235764,
            0.16067680716514587,
            0.0
          ],
          [
            -0.10423529893159866,
            0.9931772947311401,
            0.052286386489868164,
            0.0
          ],
          [
            -0.1546315848827362,
            -0.06811738014221191,
            0.9856211543083191,
            0.0
          ],
          [
            0.0,
            0.0,
            0.0,
            1.0
          ]
        ],
        "rotation_mode": "QUATERNION"
      },
      "armature_space": {
        "head": {
          "x": -0.03969297930598259,
          "y": -0.10442674905061722,
          "z": 0.5524994730949402
        },
        "tail": {
          "x": -0.03920785337686539,
          "y": -0.14950521290302277,
          "z": 0.6445778608322144
        }
      },
      "world_space": {
        "head": {
          "x": -0.03969297930598259,
          "y": -0.0411827489733696,
          "z": 1.5023534297943115
        },
        "tail": {
          "x": -0.03920785337686539,
          "y": -0.08626121282577515,
          "z": 1.5944318771362305
        },
        "rotation_quaternion": {
          "w": 0.5288775563240051,
          "x": 0.8479393124580383,
          "y": 0.020956581458449364,
          "z": 0.029125720262527466
        },
        "matrix": [
          [
            0.9974249601364136,
            0.00473195081576705,
            0.07156054675579071,
            -0.03969297930598259
          ],
          [
            0.06634771078824997,
            -0.43969833850860596,
            -0.8956916928291321,
            -0.0411827489733696
          ],
          [
            0.027226950973272324,
            0.8981389403343201,
            -0.4388839602470398,
            1.5023534297943115
          ],
          [
            0.0,
            0.0,
            0.0,
            1.0
          ]
        ]
      },
      "bone_length_armature_space": 0.10252186291314143,
      "parent": "spine_01",
      "has_children": true,
      "is_end_bone": false
    },
    "head": {
      "name": "head",
      "local": {
        "location": {
          "x": 0.0,
          "y": 0.0,
          "z": 0.0
        },
        "rotation_quaternion": {
          "w": 0.9859832525253296,
          "x": -0.03934243321418762,
          "y": -0.13175413012504578,
          "z": 0.09449935704469681
        },
        "scale": {
          "x": 1.0,
          "y": 1.0,
          "z": 1.0
        },
        "matrix_basis": [
          [
            0.9474214315414429,
            -0.1759825050830841,
            -0.2672503888607025,
            0.0
          ],
          [
            0.19671662151813507,
            0.9790440797805786,
            0.0526806004345417,
            0.0
          ],
          [
            0.25237905979156494,
            -0.10248332470655441,
            0.9621860384941101,
            0.0
          ],
          [
            0.0,
            0.0,
            0.0,
            1.0
          ]
        ],
        "rotation_mode": "QUATERNION"
      },
      "armature_space": {
        "head": {
          "x": -0.03920784220099449,
          "y": -0.14950531721115112,
          "z": 0.6445777416229248
        },
        "tail": {
          "x": -0.07082926481962204,
          "y": -0.14852020144462585,
          "z": 0.79640793800354
        }
      },
      "world_space": {
        "head": {
          "x": -0.03920784220099449,
          "y": -0.0862613171339035,
          "z": 1.594431757926941
        },
        "tail": {
          "x": -0.07082926481962204,
          "y": -0.08527620136737823,
          "z": 1.7462619543075562
        },
        "rotation_quaternion": {
          "w": 0.6941481828689575,
          "x": 0.7048562169075012,
          "y": -0.14606182277202606,
          "z": -0.0014512096531689167
        },
        "matrix": [
          [
            0.9573273658752441,
            -0.20389050245285034,
            -0.20482423901557922,
            -0.03920784220099449
          ],
          [
            -0.20792117714881897,
            0.0063519105315208435,
            -0.9781250953674316,
            -0.0862613171339035
          ],
          [
            0.20073267817497253,
            0.9789800643920898,
            -0.03631341829895973,
            1.594431757926941
          ],
          [
            0.0,
            0.0,
            0.0,
            1.0
          ]
        ]
      },
      "bone_length_armature_space": 0.1550912444666603,
      "parent": "neck_01",
      "has_children": false,
      "is_end_bone": true
    },
    "upperarm_l": {
      "name": "upperarm_l",
      "local": {
        "location": {
          "x": 0.0,
          "y": 0.0,
          "z": 0.0
        },
        "rotation_quaternion": {
          "w": 0.7061561346054077,
          "x": 0.2866511642932892,
          "y": 0.3463291525840759,
          "z": 0.5470199584960938
        },
        "scale": {
          "x": 1.0,
          "y": 1.0,
          "z": 1.0
        },
        "matrix_basis": [
          [
            0.16165056824684143,
            -0.5740116834640503,
            0.8027327060699463,
            0.0
          ],
          [
            0.9711143374443054,
            0.2372005432844162,
            -0.02594303898513317,
            0.0
          ],
          [
            -0.17551709711551666,
            0.7837388515472412,
            0.5957744717597961,
            0.0
          ],
          [
            0.0,
            0.0,
            0.0,
            1.0
          ]
        ],
        "rotation_mode": "QUATERNION"
      },
      "armature_space": {
        "head": {
          "x": 0.11258897930383682,
          "y": -0.11694693565368652,
          "z": 0.49183183908462524
        },
        "tail": {
          "x": 0.1549941450357437,
          "y": -0.35217684507369995,
          "z": 0.6129783391952515
        }
      },
      "world_space": {
        "head": {
          "x": 0.11258897930383682,
          "y": -0.053702935576438904,
          "z": 1.4416859149932861
        },
        "tail": {
          "x": 0.1549941450357437,
          "y": -0.2889328598976135,
          "z": 1.5628323554992676
        },
        "rotation_quaternion": {
          "w": 0.23630447685718536,
          "x": 0.9682292342185974,
          "y": 0.0724450871348381,
          "z": -0.038000430911779404
        },
        "matrix": [
          [
            0.9866155385971069,
            0.15824627876281738,
            -0.0393478199839592,
            0.11258897930383682
          ],
          [
            0.12232773005962372,
            -0.8778237104415894,
            -0.4631001651287079,
            -0.053702935576438904
          ],
          [
            -0.10782494395971298,
            0.4520907700061798,
            -0.8854387998580933,
            1.4416859149932861
          ],
          [
            0.0,
            0.0,
            0.0,
            1.0
          ]
        ]
      },
      "bone_length_armature_space": 0.2679697437448676,
      "parent": "spine_01",
      "has_children": true,
      "is_end_bone": false
    },
    "lowerarm_l": {
      "name": "lowerarm_l",
      "local": {
        "location": {
          "x": 0.0,
          "y": 0.0,
          "z": 0.0
        },
        "rotation_quaternion": {
          "w": 0.8444650173187256,
          "x": 0.5152781009674072,
          "y": -0.029144469648599625,
          "z": 0.1432407796382904
        },
        "scale": {
          "x": 1.0,
          "y": 1.0,
          "z": 1.0
        },
        "matrix_basis": [
          [
            0.9572653770446777,
            -0.27195867896080017,
            0.09839470684528351,
            0.0
          ],
          [
            0.2118886411190033,
            0.42794111371040344,
            -0.8786180019378662,
            0.0
          ],
          [
            0.19684064388275146,
            0.8619192838668823,
            0.4672781527042389,
            0.0
          ],
          [
            0.0,
            0.0,
            0.0,
            1.0
          ]
        ],
        "rotation_mode": "QUATERNION"
      },
      "armature_space": {
        "head": {
          "x": 0.15499404072761536,
          "y": -0.3521769642829895,
          "z": 0.6129783391952515
        },
        "tail": {
          "x": 0.048786506056785583,
          "y": -0.5429798364639282,
          "z": 0.45843392610549927
        }
      },
      "world_space": {
        "head": {
          "x": 0.15499404072761536,
          "y": -0.2889329791069031,
          "z": 1.5628323554992676
        },
        "tail": {
          "x": 0.048786506056785583,
          "y": -0.4797358512878418,
          "z": 1.4082880020141602
        },
        "rotation_quaternion": {
          "w": 0.33359989523887634,
          "x": -0.9200154542922974,
          "y": 0.17917288839817047,
          "z": 0.10089501738548279
        },
        "matrix": [
          [
            0.9154346585273743,
            -0.397001177072525,
            -0.0661047175526619,
            0.15499404072761536
          ],
          [
            -0.26236751675605774,
            -0.7132164835929871,
            0.6499888896942139,
            -0.2889329791069031
          ],
          [
            -0.305195689201355,
            -0.5776833295822144,
            -0.757067859172821,
            1.5628323554992676
          ],
          [
            0.0,
            0.0,
            0.0,
            1.0
          ]
        ]
      },
      "bone_length_armature_space": 0.2675252343551831,
      "parent": "upperarm_l",
      "has_children": true,
      "is_end_bone": false
    },
    "metacarpal_thumb_l": {
      "name": "metacarpal_thumb_l",
      "local": {
        "location": {
          "x": 0.0,
          "y": 0.0,
          "z": 0.0
        },
        "rotation_quaternion": {
          "w": 0.9997900128364563,
          "x": -0.0076527064666152,
          "y": -0.01435932982712984,
          "z": -0.012453798204660416
        },
        "scale": {
          "x": 1.0,
          "y": 1.0,
          "z": 1.0
        },
        "matrix_basis": [
          [
            0.9992774128913879,
            0.0251221414655447,
            -0.02852201834321022,
            0.0
          ],
          [
            -0.02468259073793888,
            0.9995726943016052,
            0.01565985567867756,
            0.0
          ],
          [
            0.028903240337967873,
            -0.014944542199373245,
            0.9994704723358154,
            0.0
          ],
          [
            0.0,
            0.0,
            0.0,
            1.0
          ]
        ],
        "rotation_mode": "QUATERNION"
      },
      "armature_space": {
        "head": {
          "x": 0.048786506056785583,
          "y": -0.5429798364639282,
          "z": 0.45843392610549927
        },
        "tail": {
          "x": 0.03877493366599083,
          "y": -0.5553346276283264,
          "z": 0.411521852016449
        }
      },
      "world_space": {
        "head": {
          "x": 0.048786506056785583,
          "y": -0.4797358512878418,
          "z": 1.4082880020141602
        },
        "tail": {
          "x": 0.03877493366599083,
          "y": -0.49209064245224,
          "z": 1.3613758087158203
        },
        "rotation_quaternion": {
          "w": 0.35158783197402954,
          "x": -0.5787184834480286,
          "y": 0.5016719698905945,
          "z": -0.5383272171020508
        },
        "matrix": [
          [
            -0.08294224739074707,
            -0.20211653411388397,
            0.9758431911468506,
            0.048786506056785583
          ],
          [
            -0.9591923356056213,
            -0.24942192435264587,
            -0.13318708539009094,
            -0.4797358512878418
          ],
          [
            0.2703168988227844,
            -0.9470746517181396,
            -0.17318236827850342,
            1.4082880020141602
          ],
          [
            0.0,
            0.0,
            0.0,
            1.0
          ]
        ]
      },
      "bone_length_armature_space": 0.049533979865920806,
      "parent": "lowerarm_l",
      "has_children": true,
      "is_end_bone": false
    },
    "thumb_01_l": {
      "name": "thumb_01_l",
      "local": {
        "location": {
          "x": 0.0,
          "y": 0.0,
          "z": 0.0
        },
        "rotation_quaternion": {
          "w": 0.9999790191650391,
          "x": 0.004013518337160349,
          "y": -0.0027224223595112562,
          "z": -0.004312141798436642
        },
        "scale": {
          "x": 1.0,
          "y": 1.0,
          "z": 1.0
        },
        "matrix_basis": [
          [
            0.9999479651451111,
            0.008602249436080456,
            -0.005479344166815281,
            0.0
          ],
          [
            -0.008645955473184586,
            0.9999306201934814,
            -0.008003389462828636,
            0.0
          ],
          [
            0.005410116631537676,
            0.008050346747040749,
            0.9999529719352722,
            0.0
          ],
          [
            0.0,
            0.0,
            0.0,
            1.0
          ]
        ],
        "rotation_mode": "QUATERNION"
      },
      "armature_space": {
        "head": {
          "x": 0.03877493366599083,
          "y": -0.5553346276283264,
          "z": 0.411521852016449
        },
        "tail": {
          "x": 0.05896001309156418,
          "y": -0.5606443881988525,
          "z": 0.3846331238746643
        }
      },
      "world_space": {
        "head": {
          "x": 0.03877493366599083,
          "y": -0.49209064245224,
          "z": 1.3613758087158203
        },
        "tail": {
          "x": 0.05896001309156418,
          "y": -0.4974004030227661,
          "z": 1.3344871997833252
        },
        "rotation_quaternion": {
          "w": 0.2358197122812271,
          "x": 0.20457682013511658,
          "y": 0.6053042411804199,
          "z": -0.7322186827659607
        },
        "matrix": [
          [
            -0.8050748705863953,
            0.5930059552192688,
            -0.014102880842983723,
            0.03877493366599083
          ],
          [
            -0.09768389165401459,
            -0.15599282085895538,
            -0.9829162359237671,
            -0.49209064245224
          ],
          [
            -0.585078775882721,
            -0.7899489998817444,
            0.18351328372955322,
            1.3613758087158203
          ],
          [
            0.0,
            0.0,
            0.0,
            1.0
          ]
        ]
      },
      "bone_length_armature_space": 0.034038723576733196,
      "parent": "metacarpal_thumb_l",
      "has_children": true,
      "is_end_bone": false
    },
    "thumb_02_l": {
      "name": "thumb_02_l",
      "local": {
        "location": {
          "x": 0.0,
          "y": 0.0,
          "z": 0.0
        },
        "rotation_quaternion": {
          "w": 0.9914289116859436,
          "x": 0.13023290038108826,
          "y": -0.008684167638421059,
          "z": 0.005727714858949184
        },
        "scale": {
          "x": 1.0,
          "y": 1.0,
          "z": 1.0
        },
        "matrix_basis": [
          [
            0.9997835755348206,
            -0.01361917331814766,
            -0.01572759635746479,
            0.0
          ],
          [
            0.00909531582146883,
            0.9660131931304932,
            -0.2583328187465668,
            0.0
          ],
          [
            0.01871134340763092,
            0.2581338584423065,
            0.9659279584884644,
            0.0
          ],
          [
            0.0,
            0.0,
            0.0,
            1.0
          ]
        ],
        "rotation_mode": "QUATERNION"
      },
      "armature_space": {
        "head": {
          "x": 0.05896003171801567,
          "y": -0.5606443285942078,
          "z": 0.3846331536769867
        },
        "tail": {
          "x": 0.04287693649530411,
          "y": -0.5924415588378906,
          "z": 0.36610063910484314
        }
      },
      "world_space": {
        "head": {
          "x": 0.05896003171801567,
          "y": -0.49740034341812134,
          "z": 1.3344871997833252
        },
        "tail": {
          "x": 0.04287693649530411,
          "y": -0.5291975736618042,
          "z": 1.3159546852111816
        },
        "rotation_quaternion": {
          "w": 0.27978619933128357,
          "x": -0.3104683756828308,
          "y": -0.16087570786476135,
          "z": 0.8941187262535095
        },
        "matrix": [
          [
            -0.6506577134132385,
            -0.40043163299560547,
            -0.6452127695083618,
            0.05896003171801567
          ],
          [
            0.6002179980278015,
            -0.7916775345802307,
            -0.11395290493965149,
            -0.49740034341812134
          ],
          [
            -0.4651724696159363,
            -0.46141624450683594,
            0.7554622888565063,
            1.3344871997833252
          ],
          [
            0.0,
            0.0,
            0.0,
            1.0
          ]
        ]
      },
      "bone_length_armature_space": 0.04016446002697345,
      "parent": "thumb_01_l",
      "has_children": true,
      "is_end_bone": false
    },
    "thumb_03_l": {
      "name": "thumb_03_l",
      "local": {
        "location": {
          "x": 0.0,
          "y": 0.0,
          "z": 0.0
        },
        "rotation_quaternion": {
          "w": 0.9965087175369263,
          "x": 0.08303027600049973,
          "y": -0.0062628937885165215,
          "z": 0.006094458978623152
        },
        "scale": {
          "x": 1.0,
          "y": 1.0,
          "z": 1.0
        },
        "matrix_basis": [
          [
            0.9998472929000854,
            -0.013186383061110973,
            -0.011470007710158825,
            0.0
          ],
          [
            0.011106343008577824,
            0.9861376881599426,
            -0.1655571311712265,
            0.0
          ],
          [
            0.013494106009602547,
            0.16540445387363434,
            0.9861335158348083,
            0.0
          ],
          [
            0.0,
            0.0,
            0.0,
            1.0
          ]
        ],
        "rotation_mode": "QUATERNION"
      },
      "armature_space": {
        "head": {
          "x": 0.0428769588470459,
          "y": -0.5924414992332458,
          "z": 0.36610057950019836
        },
        "tail": {
          "x": 0.025751428678631783,
          "y": -0.6175702810287476,
          "z": 0.3646334409713745
        }
      },
      "world_space": {
        "head": {
          "x": 0.0428769588470459,
          "y": -0.5291975140571594,
          "z": 1.315954566001892
        },
        "tail": {
          "x": 0.025751428678631783,
          "y": -0.5543262958526611,
          "z": 1.3144874572753906
        },
        "rotation_quaternion": {
          "w": 0.27506792545318604,
          "x": -0.42353755235671997,
          "y": 0.10790958255529404,
          "z": 0.8563347458839417
        },
        "matrix": [
          [
            -0.48990678787231445,
            -0.562509298324585,
            -0.6660143733024597,
            0.0428769588470459
          ],
          [
            0.37969300150871277,
            -0.8253856897354126,
            0.4178180396556854,
            -0.5291975140571594
          ],
          [
            -0.7847499847412109,
            -0.048189982771873474,
            0.6179473996162415,
            1.315954566001892
          ],
          [
            0.0,
            0.0,
            0.0,
            1.0
          ]
        ]
      },
      "bone_length_armature_space": 0.03044490036468328,
      "parent": "thumb_02_l",
      "has_children": false,
      "is_end_bone": true
    },
    "metacarpal_index_l": {
      "name": "metacarpal_index_l",
      "local": {
        "location": {
          "x": 0.0,
          "y": 0.0,
          "z": 0.0
        },
        "rotation_quaternion": {
          "w": 0.9998955130577087,
          "x": 0.012596111744642258,
          "y": 0.005505211651325226,
          "z": -0.004492553416639566
        },
        "scale": {
          "x": 1.0,
          "y": 1.0,
          "z": 1.0
        },
        "matrix_basis": [
          [
            0.9998990297317505,
            0.009122856892645359,
            0.01089609507471323,
            0.0
          ],
          [
            -0.008845479227602482,
            0.9996423125267029,
            -0.02523905597627163,
            0.0
          ],
          [
            -0.011122450232505798,
            0.025140127167105675,
            0.9996220469474792,
            0.0
          ],
          [
            0.0,
            0.0,
            0.0,
            1.0
          ]
        ],
        "rotation_mode": "QUATERNION"
      },
      "armature_space": {
        "head": {
          "x": 0.048786506056785583,
          "y": -0.5429798364639282,
          "z": 0.45843392610549927
        },
        "tail": {
          "x": 0.010484766215085983,
          "y": -0.6007440686225891,
          "z": 0.3639584183692932
        }
      },
      "world_space": {
        "head": {
          "x": 0.048786506056785583,
          "y": -0.4797358512878418,
          "z": 1.4082880020141602
        },
        "tail": {
          "x": 0.010484766215085983,
          "y": -0.5375000834465027,
          "z": 1.313812494277954
        },
        "rotation_quaternion": {
          "w": 0.35003846883773804,
          "x": -0.7899942994117737,
          "y": 0.361910343170166,
          "z": -0.3498615622520447
        },
        "matrix": [
          [
            0.4932347536087036,
            -0.32688549160957336,
            0.8061425089836121,
            0.048786506056785583
          ],
          [
            -0.8167446851730347,
            -0.49298787117004395,
            0.2998184263706207,
            -0.4797358512878418
          ],
          [
            0.29941338300704956,
            -0.8062995076179504,
            -0.5101439952850342,
            1.4082880020141602
          ],
          [
            0.0,
            0.0,
            0.0,
            1.0
          ]
        ]
      },
      "bone_length_armature_space": 0.11717231373934334,
      "parent": "lowerarm_l",
      "has_children": true,
      "is_end_bone": false
    },
    "index_01_l": {
      "name": "index_01_l",
      "local": {
        "location": {
          "x": 0.0,
          "y": 0.0,
          "z": 0.0
        },
        "rotation_quaternion": {
          "w": 0.9961452484130859,
          "x": -0.08727045357227325,
          "y": 0.007889109663665295,
          "z": 0.004048049915581942
        },
        "scale": {
          "x": 1.0,
          "y": 1.0,
          "z": 1.0
        },
        "matrix_basis": [
          [
            0.9998427629470825,
            -0.009441863745450974,
            0.015010847710072994,
            0.0
          ],
          [
            0.006687919143587351,
            0.9847349524497986,
            0.17393197119235992,
            0.0
          ],
          [
            -0.016423948109149933,
            -0.17380422353744507,
            0.984643280506134,
            0.0
          ],
          [
            0.0,
            0.0,
            0.0,
            1.0
          ]
        ],
        "rotation_mode": "QUATERNION"
      },
      "armature_space": {
        "head": {
          "x": 0.010484766215085983,
          "y": -0.6007440686225891,
          "z": 0.3639584183692932
        },
        "tail": {
          "x": -0.0003489498049020767,
          "y": -0.6234090328216553,
          "z": 0.3504675626754761
        }
      },
      "world_space": {
        "head": {
          "x": 0.010484766215085983,
          "y": -0.5375000834465027,
          "z": 1.313812494277954
        },
        "tail": {
          "x": -0.0003489498049020767,
          "y": -0.5601650476455688,
          "z": 1.3003215789794922
        },
        "rotation_quaternion": {
          "w": 0.1488710194826126,
          "x": -0.8685297966003418,
          "y": 0.2835616171360016,
          "z": -0.37826764583587646
        },
        "matrix": [
          [
            0.5530123710632324,
            -0.37993884086608887,
            0.7415013313293457,
            0.010484766215085983
          ],
          [
            -0.6051897406578064,
            -0.7948604822158813,
            0.044071510434150696,
            -0.5375000834465027
          ],
          [
            0.572648823261261,
            -0.4731251299381256,
            -0.6695073843002319,
            1.313812494277954
          ],
          [
            0.0,
            0.0,
            0.0,
            1.0
          ]
        ]
      },
      "bone_length_armature_space": 0.028514438230496868,
      "parent": "metacarpal_index_l",
      "has_children": true,
      "is_end_bone": false
    },
    "index_02_l": {
      "name": "index_02_l",
      "local": {
        "location": {
          "x": 0.0,
          "y": 0.0,
          "z": 0.0
        },
        "rotation_quaternion": {
          "w": 0.9846736192703247,
          "x": 0.1741817146539688,
          "y": -0.006492008455097675,
          "z": 0.0060533215291798115
        },
        "scale": {
          "x": 1.0,
          "y": 1.0,
          "z": 1.0
        },
        "matrix_basis": [
          [
            0.9998424053192139,
            -0.014182670041918755,
            -0.010676262900233269,
            0.0
          ],
          [
            0.00965951383113861,
            0.9392482042312622,
            -0.3431028723716736,
            0.0
          ],
          [
            0.014893774874508381,
            0.3429456949234009,
            0.9392371773719788,
            0.0
          ],
          [
            0.0,
            0.0,
            0.0,
            1.0
          ]
        ],
        "rotation_mode": "QUATERNION"
      },
      "armature_space": {
        "head": {
          "x": -0.00034899264574050903,
          "y": -0.6234091520309448,
          "z": 0.3504670262336731
        },
        "tail": {
          "x": -0.0038514607585966587,
          "y": -0.6423437595367432,
          "z": 0.33351683616638184
        }
      },
      "world_space": {
        "head": {
          "x": -0.00034899264574050903,
          "y": -0.5601651668548584,
          "z": 1.300321102142334
        },
        "tail": {
          "x": -0.0038514607585966587,
          "y": -0.5790997743606567,
          "z": 1.283370852470398
        },
        "rotation_quaternion": {
          "w": 0.29320216178894043,
          "x": -0.8502621054649353,
          "y": 0.21209511160850525,
          "z": -0.38223350048065186
        },
        "matrix": [
          [
            0.6178265810012817,
            -0.1365310698747635,
            0.7743707895278931,
            -0.00034899264574050903
          ],
          [
            -0.5848163366317749,
            -0.7380968928337097,
            0.33645638823509216,
            -0.5601651668548584
          ],
          [
            0.5256267189979553,
            -0.6607417464256287,
            -0.5358648300170898,
            1.300321102142334
          ],
          [
            0.0,
            0.0,
            0.0,
            1.0
          ]
        ]
      },
      "bone_length_armature_space": 0.025653373472958336,
      "parent": "index_01_l",
      "has_children": true,
      "is_end_bone": false
    },
    "index_03_l": {
      "name": "index_03_l",
      "local": {
        "location": {
          "x": 0.0,
          "y": 0.0,
          "z": 0.0
        },
        "rotation_quaternion": {
          "w": 0.9796507954597473,
          "x": 0.20055221021175385,
          "y": 0.004832188133150339,
          "z": 0.006318724248558283
        },
        "scale": {
          "x": 1.0,
          "y": 1.0,
          "z": 1.0
        },
        "matrix_basis": [
          [
            0.9998734593391418,
            -0.01044207438826561,
            0.012002182193100452,
            0.0
          ],
          [
            0.014318498782813549,
            0.9194777607917786,
            -0.3928811848163605,
            0.0
          ],
          [
            -0.006933245807886124,
            0.39300334453582764,
            0.9195109009742737,
            0.0
          ],
          [
            0.0,
            0.0,
            0.0,
            1.0
          ]
        ],
        "rotation_mode": "QUATERNION"
      },
      "armature_space": {
        "head": {
          "x": -0.0038515846244990826,
          "y": -0.6423437595367432,
          "z": 0.333516925573349
        },
        "tail": {
          "x": 0.005130911711603403,
          "y": -0.6582915186882019,
          "z": 0.3107414245605469
        }
      },
      "world_space": {
        "head": {
          "x": -0.0038515846244990826,
          "y": -0.5790997743606567,
          "z": 1.2833709716796875
        },
        "tail": {
          "x": 0.005130911711603403,
          "y": -0.5950475335121155,
          "z": 1.260595440864563
        },
        "rotation_quaternion": {
          "w": 0.46917596459388733,
          "x": -0.7486742734909058,
          "y": 0.0834953561425209,
          "z": -0.46085724234580994
        },
        "matrix": [
          [
            0.5612799525260925,
            0.30742302536964417,
            0.7684115767478943,
            -0.0038515846244990826
          ],
          [
            -0.5574663877487183,
            -0.5458066463470459,
            0.6255608797073364,
            -0.5790997743606567
          ],
          [
            0.6117193698883057,
            -0.7794844508171082,
            -0.13497257232666016,
            1.2833709716796875
          ],
          [
            0.0,
            0.0,
            0.0,
            1.0
          ]
        ]
      },
      "bone_length_armature_space": 0.029218824423436058,
      "parent": "index_02_l",
      "has_children": false,
      "is_end_bone": true
    },
    "metacarpal_pinky_l": {
      "name": "metacarpal_pinky_l",
      "local": {
        "location": {
          "x": 0.0,
          "y": 0.0,
          "z": 0.0
        },
        "rotation_quaternion": {
          "w": 0.9980382323265076,
          "x": -0.06104902923107147,
          "y": 0.011769300326704979,
          "z": -0.0073703681118786335
        },
        "scale": {
          "x": 1.0,
          "y": 1.0,
          "z": 1.0
        },
        "matrix_basis": [
          [
            0.9996142983436584,
            0.01327480934560299,
            0.024392331019043922,
            0.0
          ],
          [
            -0.016148827970027924,
            0.9924373626708984,
            0.12168504297733307,
            0.0
          ],
          [
            -0.022592516615986824,
            -0.12203201651573181,
            0.992268979549408,
            0.0
          ],
          [
            0.0,
            0.0,
            0.0,
            1.0
          ]
        ],
        "rotation_mode": "QUATERNION"
      },
      "armature_space": {
        "head": {
          "x": 0.048786506056785583,
          "y": -0.5429798364639282,
          "z": 0.45843392610549927
        },
        "tail": {
          "x": 0.024227367714047432,
          "y": -0.637834906578064,
          "z": 0.42318326234817505
        }
      },
      "world_space": {
        "head": {
          "x": 0.048786506056785583,
          "y": -0.4797358512878418,
          "z": 1.4082880020141602
        },
        "tail": {
          "x": 0.024227367714047432,
          "y": -0.5745909214019775,
          "z": 1.373037338256836
        },
        "rotation_quaternion": {
          "w": 0.208710178732872,
          "x": -0.7102974653244019,
          "y": -0.031292933970689774,
          "z": 0.6715194582939148
        },
        "matrix": [
          [
            0.09616552293300629,
            -0.2358490228652954,
            -0.9670200943946838,
            0.048786506056785583
          ],
          [
            0.32475993037223816,
            -0.9109224677085876,
            0.25446292757987976,
            -0.4797358512878418
          ],
          [
            -0.9409013390541077,
            -0.33852314949035645,
            -0.011004883795976639,
            1.4082880020141602
          ],
          [
            0.0,
            0.0,
            0.0,
            1.0
          ]
        ]
      },
      "bone_length_armature_space": 0.10413090189993994,
      "parent": "lowerarm_l",
      "has_children": true,
      "is_end_bone": false
    },
    "pinky_01_l": {
      "name": "pinky_01_l",
      "local": {
        "location": {
          "x": 0.0,
          "y": 0.0,
          "z": 0.0
        },
        "rotation_quaternion": {
          "w": 0.9999338388442993,
          "x": 0.011295544914901257,
          "y": -0.0021385715808719397,
          "z": 0.00040667428402230144
        },
        "scale": {
          "x": 1.0,
          "y": 1.0,
          "z": 1.0
        },
        "matrix_basis": [
          [
            0.9999905228614807,
            -0.0008616074337624013,
            -0.004267673008143902,
            0.0
          ],
          [
            0.0007649820763617754,
            0.9997444748878479,
            -0.022591333836317062,
            0.0
          ],
          [
            0.004286047536879778,
            0.022587856277823448,
            0.9997356534004211,
            0.0
          ],
          [
            0.0,
            0.0,
            0.0,
            1.0
          ]
        ],
        "rotation_mode": "QUATERNION"
      },
      "armature_space": {
        "head": {
          "x": 0.024227367714047432,
