{
  "metadata": {
    "armature_name": "KIM_caucasian_male",
    "export_time": "2026-01-13T21:08:17.143563",
    "blender_version": "4.4.1",
    "bone_count": 56,
    "end_bone_count": 13,
    "spaces_included": [
      "LOCAL_CHANNELS",
      "ARMATURE_SPACE",
      "WORLD_SPACE"
    ],
    "note": "LOCAL matches Transform panel; replay pose via local.matrix_basis for best fidelity."
  },
  "bones": {
    "Root": {
      "name": "Root",
      "local": {
        "location": {
          "x": 0.0,
          "y": 0.0,
          "z": 0.0
        },
        "rotation_quaternion": {
          "w": 0.9998321533203125,
          "x": 0.011212022975087166,
          "y": -0.01217210479080677,
          "z": 0.007873090915381908
        },
        "scale": {
          "x": 1.0,
          "y": 1.0,
          "z": 1.0
        },
        "matrix_basis": [
          [
            0.9995797276496887,
            -0.016016487032175064,
            -0.02416357770562172,
            0.0
          ],
          [
            0.015470591373741627,
            0.9996246099472046,
            -0.022611945867538452,
            0.0
          ],
          [
            0.024516670033335686,
            0.02222861722111702,
            0.9994522333145142,
            0.0
          ],
          [
            0.0,
            0.0,
            0.0,
            1.0
          ]
        ],
        "rotation_mode": "QUATERNION"
      },
      "armature_space": {
        "head": {
          "x": 0.0,
          "y": 0.07072800397872925,
          "z": -0.009595036506652832
        },
        "tail": {
          "x": -0.0011431906605139375,
          "y": -0.00018672645092010498,
          "z": -0.0015757996588945389
        }
      },
      "world_space": {
        "head": {
          "x": 0.0,
          "y": 0.13397200405597687,
          "z": 0.9402589797973633
        },
        "tail": {
          "x": -0.0011431906605139375,
          "y": 0.06305727362632751,
          "z": 0.9482781887054443
        },
        "rotation_quaternion": {
          "w": 0.0561697892844677,
          "x": 0.9983159899711609,
          "y": -0.00867521483451128,
          "z": -0.011614060960710049
        },
        "matrix": [
          [
            0.9995797276496887,
            -0.016016487032175064,
            -0.02416357770562172,
            0.0
          ],
          [
            -0.018625935539603233,
            -0.9935393333435059,
            -0.11194935441017151,
            0.13397200405597687
          ],
          [
            -0.022214602679014206,
            0.11235221475362778,
            -0.9934270977973938,
            0.9402589797973633
          ],
          [
            0.0,
            0.0,
            0.0,
            1.0
          ]
        ]
      },
      "bone_length_armature_space": 0.07137586336490676,
      "parent": null,
      "has_children": true,
      "is_end_bone": false
    },
    "spine_01": {
      "name": "spine_01",
      "local": {
        "location": {
          "x": 0.0,
          "y": 0.0,
          "z": 0.0
        },
        "rotation_quaternion": {
          "w": 0.9972949624061584,
          "x": 0.04860672354698181,
          "y": 0.03163633495569229,
          "z": -0.04515810310840607
        },
        "scale": {
          "x": 1.0,
          "y": 1.0,
          "z": 1.0
        },
        "matrix_basis": [
          [
            0.9939197897911072,
            0.09314737468957901,
            0.05871153995394707,
            0.0
          ],
          [
            -0.0869964212179184,
            0.9911962747573853,
            -0.0998077541589737,
            0.0
          ],
          [
            -0.06749148666858673,
            0.0940932109951973,
            0.9932730793952942,
            0.0
          ],
          [
            0.0,
            0.0,
            0.0,
            1.0
          ]
        ],
        "rotation_mode": "QUATERNION"
      },
      "armature_space": {
        "head": {
          "x": -0.0011431906605139375,
          "y": -0.00018672645092010498,
          "z": -0.0015757996588945389
        },
        "tail": {
          "x": 0.05442476272583008,
          "y": -0.035265229642391205,
          "z": 0.48198407888412476
        }
      },
      "world_space": {
        "head": {
          "x": -0.0011431906605139375,
          "y": 0.06305727362632751,
          "z": 0.9482781887054443
        },
        "tail": {
          "x": 0.05442476272583008,
          "y": 0.027978770434856415,
          "z": 1.431838035583496
        },
        "rotation_quaternion": {
          "w": 0.6790016293525696,
          "x": 0.7316640615463257,
          "y": 0.05491498112678528,
          "z": -0.024675775319337845
        },
        "matrix": [
          [
            0.992750883102417,
            0.11386847496032715,
            0.03846670687198639,
            -0.0011431906605139375
          ],
          [
            0.0468495637178421,
            -0.07188199460506439,
            -0.9963122606277466,
            0.06305727362632751
          ],
          [
            -0.11068422347307205,
            0.9908989071846008,
            -0.07669705897569656,
            0.9482781887054443
          ],
          [
            0.0,
            0.0,
            0.0,
            1.0
          ]
        ]
      },
      "bone_length_armature_space": 0.4880045621857296,
      "parent": "Root",
      "has_children": true,
      "is_end_bone": false
    },
    "neck_01": {
      "name": "neck_01",
      "local": {
        "location": {
          "x": 0.0,
          "y": 0.0,
          "z": 0.0
        },
        "rotation_quaternion": {
          "w": 0.9978713989257812,
          "x": -0.020406091585755348,
          "y": 0.03903714567422867,
          "z": 0.04808785393834114
        },
        "scale": {
          "x": 1.0,
          "y": 1.0,
          "z": 1.0
        },
        "matrix_basis": [
          [
            0.9923273324966431,
            -0.09756417572498322,
            0.07594553381204605,
            0.0
          ],
          [
            0.0943777933716774,
            0.9945423007011414,
            0.04447973519563675,
            0.0
          ],
          [
            -0.07987067103385925,
            -0.03697088360786438,
            0.9961193799972534,
            0.0
          ],
          [
            0.0,
            0.0,
            0.0,
            1.0
          ]
        ],
        "rotation_mode": "QUATERNION"
      },
      "armature_space": {
        "head": {
          "x": 0.06409608572721481,
          "y": -0.07508086413145065,
          "z": 0.5518763065338135
        },
        "tail": {
          "x": 0.06643179059028625,
          "y": -0.11751614511013031,
          "z": 0.6451743841171265
        }
      },
      "world_space": {
        "head": {
          "x": 0.06409608572721481,
          "y": -0.011836864054203033,
          "z": 1.5017303228378296
        },
        "tail": {
          "x": 0.06643179059028625,
          "y": -0.05427214503288269,
          "z": 1.5950284004211426
        },
        "rotation_quaternion": {
          "w": 0.5405610203742981,
          "x": 0.8404695391654968,
          "y": 0.028901508077979088,
          "z": 0.02386324480175972
        },
        "matrix": [
          [
            0.997190535068512,
            0.022782642394304276,
            0.07135877758264542,
            0.06409608572721481
          ],
          [
            0.07438082993030548,
            -0.41391652822494507,
            -0.9072710871696472,
            -0.011836864054203033
          ],
          [
            0.008866660296916962,
            0.9100356698036194,
            -0.4144519865512848,
            1.5017303228378296
          ],
          [
            0.0,
            0.0,
            0.0,
            1.0
          ]
        ]
      },
      "bone_length_armature_space": 0.10252189806779748,
      "parent": "spine_01",
      "has_children": true,
      "is_end_bone": false
    },
    "head": {
      "name": "head",
      "local": {
        "location": {
          "x": 0.0,
          "y": 0.0,
          "z": 0.0
        },
        "rotation_quaternion": {
          "w": 0.9708410501480103,
          "x": -0.11907129734754562,
          "y": -0.02235356904566288,
          "z": 0.20685739815235138
        },
        "scale": {
          "x": 1.0,
          "y": 1.0,
          "z": 1.0
        },
        "matrix_basis": [
          [
            0.9134206771850586,
            -0.3963279724121094,
            -0.09266508370637894,
            0.0
          ],
          [
            0.4069746434688568,
            0.8860641121864319,
            0.22195060551166534,
            0.0
          ],
          [
            -0.005858032498508692,
            -0.24044661223888397,
            0.9706447124481201,
            0.0
          ],
          [
            0.0,
            0.0,
            0.0,
            1.0
          ]
        ],
        "rotation_mode": "QUATERNION"
      },
      "armature_space": {
        "head": {
          "x": 0.06643179804086685,
          "y": -0.11751624941825867,
          "z": 0.6451742649078369
        },
        "tail": {
          "x": 0.0017361640930175781,
          "y": -0.09273777157068253,
          "z": 0.7839322090148926
        }
      },
      "world_space": {
        "head": {
          "x": 0.06643179804086685,
          "y": -0.05427224934101105,
          "z": 1.595028281211853
        },
        "tail": {
          "x": 0.0017361640930175781,
          "y": -0.029493771493434906,
          "z": 1.7337862253189087
        },
        "rotation_quaternion": {
          "w": 0.7471972703933716,
          "x": 0.6292521357536316,
          "y": -0.14690130949020386,
          "z": 0.15542912483215332
        },
        "matrix": [
          [
            0.908523678779602,
            -0.4171484112739563,
            -0.02391834557056427,
            0.06643179804086685
          ],
          [
            0.047399044036865234,
            0.15976816415786743,
            -0.9860161542892456,
            -0.05427224934101105
          ],
          [
            0.4151393175125122,
            0.8946915864944458,
            0.16492575407028198,
            1.595028281211853
          ],
          [
            0.0,
            0.0,
            0.0,
            1.0
          ]
        ]
      },
      "bone_length_armature_space": 0.15509114852594266,
      "parent": "neck_01",
      "has_children": false,
      "is_end_bone": true
    },
    "upperarm_l": {
      "name": "upperarm_l",
      "local": {
        "location": {
          "x": 0.0,
          "y": 0.0,
          "z": 0.0
        },
        "rotation_quaternion": {
          "w": 0.9231036901473999,
          "x": 0.19962893426418304,
          "y": 0.2585577964782715,
          "z": -0.20291802287101746
        },
        "scale": {
          "x": 1.0,
          "y": 1.0,
          "z": 1.0
        },
        "matrix_basis": [
          [
            0.783944308757782,
            0.4778599739074707,
            0.396334707736969,
            0.0
          ],
          [
            -0.27139753103256226,
            0.8379451036453247,
            -0.4734884798526764,
            0.0
          ],
          [
            -0.558367908000946,
            0.2636243402957916,
            0.7865923047065735,
            0.0
          ],
          [
            0.0,
            0.0,
            0.0,
            1.0
          ]
        ],
        "rotation_mode": "QUATERNION"
      },
      "armature_space": {
        "head": {
          "x": 0.20547854900360107,
          "y": -0.06639976799488068,
          "z": 0.4684329926967621
        },
        "tail": {
          "x": 0.414894700050354,
          "y": -0.10471892356872559,
          "z": 0.30569231510162354
        }
      },
      "world_space": {
        "head": {
          "x": 0.20547854900360107,
          "y": -0.0031557679176330566,
          "z": 1.4182870388031006
        },
        "tail": {
          "x": 0.414894700050354,
          "y": -0.041474923491477966,
          "z": 1.2555463314056396
        },
        "rotation_quaternion": {
          "w": 0.08276592940092087,
          "x": 0.5334814786911011,
          "y": 0.6493472456932068,
          "z": -0.535626232624054
        },
        "matrix": [
          [
            -0.4170915484428406,
            0.7814926505088806,
            -0.4640084505081177,
            0.20547854900360107
          ],
          [
            0.6041688919067383,
            -0.14299824833869934,
            -0.7839206457138062,
            -0.0031557679176330566
          ],
          [
            -0.6789848804473877,
            -0.6073105931282043,
            -0.41251376271247864,
            1.4182870388031006
          ],
          [
            0.0,
            0.0,
            0.0,
            1.0
          ]
        ]
      },
      "bone_length_armature_space": 0.26797016514607436,
      "parent": "spine_01",
      "has_children": true,
      "is_end_bone": false
    },
    "lowerarm_l": {
      "name": "lowerarm_l",
      "local": {
        "location": {
          "x": 0.0,
          "y": 0.0,
          "z": 0.0
        },
        "rotation_quaternion": {
          "w": 0.9811183214187622,
          "x": 0.16543392837047577,
          "y": -0.05357347056269646,
          "z": 0.08466724306344986
        },
        "scale": {
          "x": 1.0,
          "y": 1.0,
          "z": 1.0
        },
        "matrix_basis": [
          [
            0.9799227118492126,
            -0.18386290967464447,
            -0.077110156416893,
            0.0
          ],
          [
            0.14841142296791077,
            0.9309261441230774,
            -0.333692342042923,
            0.0
          ],
          [
            0.13313749432563782,
            0.31554868817329407,
            0.9395229816436768,
            0.0
          ],
          [
            0.0,
            0.0,
            0.0,
            1.0
          ]
        ],
        "rotation_mode": "QUATERNION"
      },
      "armature_space": {
        "head": {
          "x": 0.4148947596549988,
          "y": -0.10471904277801514,
          "z": 0.30569231510162354
        },
        "tail": {
          "x": 0.5813312530517578,
          "y": -0.2671703100204468,
          "z": 0.17348754405975342
        }
      },
      "world_space": {
        "head": {
          "x": 0.4148947596549988,
          "y": -0.04147504270076752,
          "z": 1.2555463314056396
        },
        "tail": {
          "x": 0.5813312530517578,
          "y": -0.20392630994319916,
          "z": 1.1233415603637695
        },
        "rotation_quaternion": {
          "w": 0.10793270915746689,
          "x": 0.5450102090835571,
          "y": 0.4298047423362732,
          "z": -0.7117459774017334
        },
        "matrix": [
          [
            -0.3826300799846649,
            0.6221354603767395,
            -0.6830383539199829,
            0.4148947596549988
          ],
          [
            0.3148527443408966,
            -0.6072389483451843,
            -0.7294715642929077,
            -0.04147504270076752
          ],
          [
            -0.8686036467552185,
            -0.49417823553085327,
            0.036466389894485474,
            1.2555463314056396
          ],
          [
            0.0,
            0.0,
            0.0,
            1.0
          ]
        ]
      },
      "bone_length_armature_space": 0.2675249924081071,
      "parent": "upperarm_l",
      "has_children": true,
      "is_end_bone": false
    },
    "metacarpal_thumb_l": {
      "name": "metacarpal_thumb_l",
      "local": {
        "location": {
          "x": 0.0,
          "y": 0.0,
          "z": 0.0
        },
        "rotation_quaternion": {
          "w": 0.9988499879837036,
          "x": -0.04247350990772247,
          "y": -0.011261869221925735,
          "z": -0.019180627539753914
        },
        "scale": {
          "x": 1.0,
          "y": 1.0,
          "z": 1.0
        },
        "matrix_basis": [
          [
            0.9990105628967285,
            0.03927380219101906,
            -0.02086849883198738,
            0.0
          ],
          [
            -0.037360478192567825,
            0.9956561923027039,
            0.08528134971857071,
            0.0
          ],
          [
            0.02412717230618,
            -0.08441731333732605,
            0.996138334274292,
            0.0
          ],
          [
            0.0,
            0.0,
            0.0,
            1.0
          ]
        ],
        "rotation_mode": "QUATERNION"
      },
      "armature_space": {
        "head": {
          "x": 0.5813312530517578,
          "y": -0.2671703100204468,
          "z": 0.17348754405975342
        },
        "tail": {
          "x": 0.5859001874923706,
          "y": -0.3105233609676361,
          "z": 0.14996668696403503
        }
      },
      "world_space": {
        "head": {
          "x": 0.5813312530517578,
          "y": -0.20392630994319916,
          "z": 1.1233415603637695
        },
        "tail": {
          "x": 0.5859001874923706,
          "y": -0.2472793608903885,
          "z": 1.0998207330703735
        },
        "rotation_quaternion": {
          "w": 0.22735466063022614,
          "x": -0.9416694045066833,
          "y": -0.10343131422996521,
          "z": 0.22554512321949005
        },
        "matrix": [
          [
            0.8768625855445862,
            0.09223907440900803,
            -0.4718089699745178,
            0.5813312530517578
          ],
          [
            0.2973537743091583,
            -0.8752238750457764,
            0.38152822852134705,
            -0.20392630994319916
          ],
          [
            -0.37774911522865295,
            -0.4748459458351135,
            -0.794884204864502,
            1.1233415603637695
          ],
          [
            0.0,
            0.0,
            0.0,
            1.0
          ]
        ]
      },
      "bone_length_armature_space": 0.04953375545695034,
      "parent": "lowerarm_l",
      "has_children": true,
      "is_end_bone": false
    },
    "thumb_01_l": {
      "name": "thumb_01_l",
      "local": {
        "location": {
          "x": 0.0,
          "y": 0.0,
          "z": 0.0
        },
        "rotation_quaternion": {
          "w": 0.9962431192398071,
          "x": -0.08442811667919159,
          "y": 0.00735403411090374,
          "z": -0.017816605046391487
        },
        "scale": {
          "x": 1.0,
          "y": 1.0,
          "z": 1.0
        },
        "matrix_basis": [
          [
            0.99925696849823,
            0.034257564693689346,
            0.017661256715655327,
            0.0
          ],
          [
            -0.036741115152835846,
            0.9851089119911194,
            0.1679598093032837,
            0.0
          ],
          [
            -0.011644367128610611,
            -0.1684839129447937,
            0.9856356382369995,
            0.0
          ],
          [
            0.0,
            0.0,
            0.0,
            1.0
          ]
        ],
        "rotation_mode": "QUATERNION"
      },
      "armature_space": {
        "head": {
          "x": 0.5859001874923706,
          "y": -0.3105233609676361,
          "z": 0.14996668696403503
        },
        "tail": {
          "x": 0.5682976841926575,
          "y": -0.32414406538009644,
          "z": 0.12421277165412903
        }
      },
      "world_space": {
        "head": {
          "x": 0.5859001874923706,
          "y": -0.2472793608903885,
          "z": 1.0998207330703735
        },
        "tail": {
          "x": 0.5682976841926575,
          "y": -0.26090008020401,
          "z": 1.0740667581558228
        },
        "rotation_quaternion": {
          "w": 0.30220896005630493,
          "x": -0.7749281525611877,
          "y": 0.45671895146369934,
          "z": -0.3155374825000763
        },
        "matrix": [
          [
            0.38368603587150574,
            -0.5171332359313965,
            0.7650870084762573,
            0.5859001874923706
          ],
          [
            -0.8985657691955566,
            -0.400154709815979,
            0.18015465140342712,
            -0.2472793608903885
          ],
          [
            0.21299012005329132,
            -0.7566095590591431,
            -0.6182162761688232,
            1.0998207330703735
          ],
          [
            0.0,
            0.0,
            0.0,
            1.0
          ]
        ]
      },
      "bone_length_armature_space": 0.03403874014276501,
      "parent": "metacarpal_thumb_l",
      "has_children": true,
      "is_end_bone": false
    },
    "thumb_02_l": {
      "name": "thumb_02_l",
      "local": {
        "location": {
          "x": 0.0,
          "y": 0.0,
          "z": 0.0
        },
        "rotation_quaternion": {
          "w": 0.9983826875686646,
          "x": 0.055836085230112076,
          "y": -0.0011155401589348912,
          "z": 0.010642793960869312
        },
        "scale": {
          "x": 1.0,
          "y": 1.0,
          "z": 1.0
        },
        "matrix_basis": [
          [
            0.999770998954773,
            -0.021375738084316254,
            -0.0010389680974185467,
            0.0
          ],
          [
            0.021126586943864822,
            0.9935381412506104,
            -0.11151530593633652,
            0.0
          ],
          [
            0.0034159759525209665,
            0.11146781593561172,
            0.993762195110321,
            0.0
          ],
          [
            0.0,
            0.0,
            0.0,
            1.0
          ]
        ],
        "rotation_mode": "QUATERNION"
      },
      "armature_space": {
        "head": {
          "x": 0.5682976245880127,
          "y": -0.32414400577545166,
          "z": 0.12421280890703201
        },
        "tail": {
          "x": 0.590311586856842,
          "y": -0.34882012009620667,
          "z": 0.10141673684120178
        }
      },
      "world_space": {
        "head": {
          "x": 0.5682976245880127,
          "y": -0.26090002059936523,
          "z": 1.0740668773651123
        },
        "tail": {
          "x": 0.590311586856842,
          "y": -0.28557610511779785,
          "z": 1.0512707233428955
        },
        "rotation_quaternion": {
          "w": 0.42649996280670166,
          "x": -0.47928616404533386,
          "y": 0.10444194078445435,
          "z": -0.7599174380302429
        },
        "matrix": [
          [
            -0.1767638772726059,
            0.5480968356132507,
            0.8175233006477356,
            0.5682976245880127
          ],
          [
            -0.7483248710632324,
            -0.6143779754638672,
            0.250099241733551,
            -0.26090002059936523
          ],
          [
            0.6393508911132812,
            -0.5675690174102783,
            0.518758237361908,
            1.0740668773651123
          ],
          [
            0.0,
            0.0,
            0.0,
            1.0
          ]
        ]
      },
      "bone_length_armature_space": 0.04016448756239102,
      "parent": "thumb_01_l",
      "has_children": true,
      "is_end_bone": false
    },
    "thumb_03_l": {
      "name": "thumb_03_l",
      "local": {
        "location": {
          "x": 0.0,
          "y": 0.0,
          "z": 0.0
        },
        "rotation_quaternion": {
          "w": 0.9966232180595398,
          "x": 0.08143042773008347,
          "y": 0.008749254047870636,
          "z": 0.00590217811986804
        },
        "scale": {
          "x": 1.0,
          "y": 1.0,
          "z": 1.0
        },
        "matrix_basis": [
          [
            0.9997772574424744,
            -0.010339584201574326,
            0.018400652334094048,
            0.0
          ],
          [
            0.013189406134188175,
            0.9866685271263123,
            -0.16220763325691223,
            0.0
          ],
          [
            -0.01647818647325039,
            0.16241419315338135,
            0.9865850806236267,
            0.0
          ],
          [
            0.0,
            0.0,
            0.0,
            1.0
          ]
        ],
        "rotation_mode": "QUATERNION"
      },
      "armature_space": {
        "head": {
          "x": 0.5903115272521973,
          "y": -0.34882017970085144,
          "z": 0.10141676664352417
        },
        "tail": {
          "x": 0.6163241863250732,
          "y": -0.3601223826408386,
          "z": 0.09034907072782516
        }
      },
      "world_space": {
        "head": {
          "x": 0.5903115272521973,
          "y": -0.2855761647224426,
          "z": 1.0512707233428955
        },
        "tail": {
          "x": 0.6163241863250732,
          "y": -0.2968783974647522,
          "z": 1.0402030944824219
        },
        "rotation_quaternion": {
          "w": 0.5546948313713074,
          "x": -0.20950986444950104,
          "y": 0.08182879537343979,
          "z": -0.801076352596283
        },
        "matrix": [
          [
            -0.2968374192714691,
            0.8544185161590576,
            0.42644643783569336,
            0.5903115272521973
          ],
          [
            -0.9229937195777893,
            -0.37123483419418335,
            0.10132815688848495,
            -0.2855761647224426
          ],
          [
            0.24488945305347443,
            -0.36353224515914917,
            0.8988257646560669,
            1.0512707233428955
          ],
          [
            0.0,
            0.0,
            0.0,
            1.0
          ]
        ]
      },
      "bone_length_armature_space": 0.030444902668674275,
      "parent": "thumb_02_l",
      "has_children": false,
      "is_end_bone": true
    },
    "metacarpal_index_l": {
      "name": "metacarpal_index_l",
      "local": {
        "location": {
          "x": 0.0,
          "y": 0.0,
          "z": 0.0
        },
        "rotation_quaternion": {
          "w": 0.9990940093994141,
          "x": -0.04063595458865166,
          "y": -0.00039421161636710167,
          "z": 0.012639563530683517
        },
        "scale": {
          "x": 1.0,
          "y": 1.0,
          "z": 1.0
        },
        "matrix_basis": [
          [
            0.9996801614761353,
            -0.02522418648004532,
            -0.001814950373955071,
            0.0
          ],
          [
            0.025288263335824013,
            0.9963779449462891,
            0.08118831366300583,
            0.0
          ],
          [
            -0.00023953252821229398,
            -0.0812082439661026,
            0.9966971278190613,
            0.0
          ],
          [
            0.0,
            0.0,
            0.0,
            1.0
          ]
        ],
        "rotation_mode": "QUATERNION"
      },
      "armature_space": {
        "head": {
          "x": 0.5813312530517578,
          "y": -0.2671703100204468,
          "z": 0.17348754405975342
        },
        "tail": {
          "x": 0.6302676796913147,
          "y": -0.36045998334884644,
          "z": 0.12218913435935974
        }
      },
      "world_space": {
        "head": {
          "x": 0.5813312530517578,
          "y": -0.20392630994319916,
          "z": 1.1233415603637695
        },
        "tail": {
          "x": 0.6302676796913147,
          "y": -0.29721599817276,
          "z": 1.0720431804656982
        },
        "rotation_quaternion": {
          "w": 0.10729440301656723,
          "x": -0.8465490341186523,
          "y": -0.3006630539894104,
          "z": 0.42596307396888733
        },
        "matrix": [
          [
            0.4563135504722595,
            0.41764694452285767,
            -0.7857153415679932,
            0.5813312530517578
          ],
          [
            0.6004591584205627,
            -0.7961788773536682,
            -0.07448499649763107,
            -0.20392630994319916
          ],
          [
            -0.6566826105117798,
            -0.43780532479286194,
            -0.6140918135643005,
            1.1233415603637695
          ],
          [
            0.0,
            0.0,
            0.0,
            1.0
          ]
        ]
      },
      "bone_length_armature_space": 0.11717194314852436,
      "parent": "lowerarm_l",
      "has_children": true,
      "is_end_bone": false
    },
    "index_01_l": {
      "name": "index_01_l",
      "local": {
        "location": {
          "x": 0.0,
          "y": 0.0,
          "z": 0.0
        },
        "rotation_quaternion": {
          "w": 0.9913419485092163,
          "x": -0.13074029982089996,
          "y": -0.01199764758348465,
          "z": 0.0020385426469147205
        },
        "scale": {
          "x": 1.0,
          "y": 1.0,
          "z": 1.0
        },
        "matrix_basis": [
          [
            0.9997038245201111,
            -0.0009046336053870618,
            -0.024320581927895546,
            0.0
          ],
          [
            0.007178937550634146,
            0.9658056497573853,
            0.25916776061058044,
            0.0
          ],
          [
            0.023254502564668655,
            -0.25926560163497925,
            0.9655260443687439,
            0.0
          ],
          [
            0.0,
            0.0,
            0.0,
            1.0
          ]
        ],
        "rotation_mode": "QUATERNION"
      },
      "armature_space": {
        "head": {
          "x": 0.6302676796913147,
          "y": -0.36045998334884644,
          "z": 0.12218913435935974
        },
        "tail": {
          "x": 0.653347373008728,
          "y": -0.37389081716537476,
          "z": 0.11218853294849396
        }
      },
      "world_space": {
        "head": {
          "x": 0.6302676796913147,
          "y": -0.29721599817276,
          "z": 1.0720431804656982
        },
        "tail": {
          "x": 0.653347373008728,
          "y": -0.31064683198928833,
          "z": 1.0620425939559937
        },
        "rotation_quaternion": {
          "w": 0.019640948623418808,
          "x": -0.7993688583374023,
          "y": -0.5139104723930359,
          "z": 0.31067603826522827
        },
        "matrix": [
          [
            0.2787512540817261,
            0.8094053268432617,
            -0.5168756246566772,
            0.6302676796913147
          ],
          [
            0.83381187915802,
            -0.47101935744285583,
            -0.2879211902618408,
            -0.29721599817276
          ],
          [
            -0.4765060842037201,
            -0.350721538066864,
            -0.8061951398849487,
            1.0720431804656982
          ],
          [
            0.0,
            0.0,
            0.0,
            1.0
          ]
        ]
      },
      "bone_length_armature_space": 0.02851440952413986,
      "parent": "metacarpal_index_l",
      "has_children": true,
      "is_end_bone": false
    },
    "index_02_l": {
      "name": "index_02_l",
      "local": {
        "location": {
          "x": 0.0,
          "y": 0.0,
          "z": 0.0
        },
        "rotation_quaternion": {
          "w": 0.9994569420814514,
          "x": 0.032344210892915726,
          "y": 0.0044158995151519775,
          "z": 0.004493460059165955
        },
        "scale": {
          "x": 1.0,
          "y": 1.0,
          "z": 1.0
        },
        "matrix_basis": [
          [
            0.9999206066131592,
            -0.00869638193398714,
            0.009117677807807922,
            0.0
          ],
          [
            0.009267697110772133,
            0.9978673458099365,
            -0.06461361050605774,
            0.0
          ],
          [
            -0.008536327630281448,
            0.06469297409057617,
            0.9978687167167664,
            0.0
          ],
          [
            0.0,
            0.0,
            0.0,
            1.0
          ]
        ],
        "rotation_mode": "QUATERNION"
      },
      "armature_space": {
        "head": {
          "x": 0.6533474326133728,
          "y": -0.37389126420021057,
          "z": 0.11218825727701187
        },
        "tail": {
          "x": 0.6738382577896118,
          "y": -0.38579627871513367,
          "z": 0.10236535966396332
        }
      },
      "world_space": {
        "head": {
          "x": 0.6533474326133728,
          "y": -0.31064724922180176,
          "z": 1.062042236328125
        },
        "tail": {
          "x": 0.6738382577896118,
          "y": -0.32255226373672485,
          "z": 1.0522193908691406
        },
        "rotation_quaternion": {
          "w": 0.01939295046031475,
          "x": -0.7848369479179382,
          "y": -0.5172873139381409,
          "z": 0.3406887650489807
        },
        "matrix": [
          [
            0.23268821835517883,
            0.7987596988677979,
            -0.5548321008682251,
            0.6533474326133728
          ],
          [
            0.8251859545707703,
            -0.4640740752220154,
            -0.32203006744384766,
            -0.31064724922180176
          ],
          [
            -0.5147108435630798,
            -0.38291028141975403,
            -0.7671158313751221,
            1.062042236328125
          ],
          [
            0.0,
            0.0,
            0.0,
            1.0
          ]
        ]
      },
      "bone_length_armature_space": 0.02565331568414412,
      "parent": "index_01_l",
      "has_children": true,
      "is_end_bone": false
    },
    "index_03_l": {
      "name": "index_03_l",
      "local": {
        "location": {
          "x": 0.0,
          "y": 0.0,
          "z": 0.0
        },
        "rotation_quaternion": {
          "w": 0.9991334676742554,
          "x": 0.04134838655591011,
          "y": -0.003645198419690132,
          "z": 0.003051555948331952
        },
        "scale": {
          "x": 1.0,
          "y": 1.0,
          "z": 1.0
        },
        "matrix_basis": [
          [
            0.9999548196792603,
            -0.0063992696814239025,
            -0.007031725719571114,
            0.0
          ],
          [
            0.005796377081423998,
            0.9965620040893555,
            -0.08264736086130142,
            0.0
          ],
          [
            0.007536433171480894,
            0.08260286599397659,
            0.9965540766716003,
            0.0
          ],
          [
            0.0,
            0.0,
            0.0,
            1.0
          ]
        ],
        "rotation_mode": "QUATERNION"
      },
      "armature_space": {
        "head": {
          "x": 0.6738382577896118,
          "y": -0.3857962489128113,
          "z": 0.10236548632383347
        },
        "tail": {
          "x": 0.6945895552635193,
          "y": -0.39854422211647034,
          "z": 0.08622212707996368
        }
      },
      "world_space": {
        "head": {
          "x": 0.6738382577896118,
          "y": -0.32255226373672485,
          "z": 1.0522195100784302
        },
        "tail": {
          "x": 0.6945895552635193,
          "y": -0.3353002071380615,
          "z": 1.0360761880874634
        },
        "rotation_quaternion": {
          "w": 0.11744378507137299,
          "x": -0.7674100399017334,
          "y": -0.5177439451217651,
          "z": 0.3594858646392822
        },
        "matrix": [
          [
            0.20542025566101074,
            0.7102063894271851,
            -0.6733564138412476,
            0.6738382577896118
          ],
          [
            0.879082441329956,
            -0.4362953007221222,
            -0.19199100136756897,
            -0.32255226373672485
          ],
          [
            -0.4301378130912781,
            -0.552501380443573,
            -0.713959276676178,
            1.0522195100784302
          ],
          [
            0.0,
            0.0,
            0.0,
            1.0
          ]
        ]
      },
      "bone_length_armature_space": 0.029218747601869172,
      "parent": "index_02_l",
      "has_children": false,
      "is_end_bone": true
    },
    "metacarpal_pinky_l": {
      "name": "metacarpal_pinky_l",
      "local": {
        "location": {
          "x": 0.0,
          "y": 0.0,
          "z": 0.0
        },
        "rotation_quaternion": {
          "w": 0.9995772242546082,
          "x": -0.028137322515249252,
          "y": -0.002656075172126293,
          "z": 0.006828637793660164
        },
        "scale": {
          "x": 1.0,
          "y": 1.0,
          "z": 1.0
        },
        "matrix_basis": [
          [
            0.9998926520347595,
            -0.013502031564712524,
            -0.005694183520972729,
            0.0
          ],
          [
            0.0138009712100029,
            0.9983233213424683,
            0.056214578449726105,
            0.0
          ],
          [
            0.0049256253987550735,
            -0.05628712847828865,
            0.99840247631073,
            0.0
          ],
          [
            0.0,
            0.0,
            0.0,
            1.0
          ]
        ],
        "rotation_mode": "QUATERNION"
      },
      "armature_space": {
        "head": {
          "x": 0.5813312530517578,
          "y": -0.2671703100204468,
          "z": 0.17348754405975342
        },
        "tail": {
          "x": 0.6636158227920532,
          "y": -0.29986679553985596,
          "z": 0.1186838299036026
        }
      },
      "world_space": {
        "head": {
          "x": 0.5813312530517578,
          "y": -0.20392630994319916,
          "z": 1.1233415603637695
        },
        "tail": {
          "x": 0.6636158227920532,
          "y": -0.23662279546260834,
          "z": 1.0685378313064575
        },
        "rotation_quaternion": {
          "w": 0.48118728399276733,
          "x": 0.015408913604915142,
          "y": 0.33385783433914185,
          "z": -0.8104075193405151
        },
        "matrix": [
          [
            -0.536441445350647,
            0.7902042865753174,
            0.2963234782218933,
            0.5813312530517578
          ],
          [
            -0.7696285843849182,
            -0.31399446725845337,
            -0.5559492111206055,
            -0.20392630994319916
          ],
          [
            -0.34627270698547363,
            -0.5262970924377441,
            0.7766085267066956,
            1.1233415603637695
          ],
          [
            0.0,
            0.0,
            0.0,
            1.0
          ]
        ]
      },
      "bone_length_armature_space": 0.10413096450629353,
      "parent": "lowerarm_l",
      "has_children": true,
      "is_end_bone": false
    },
    "pinky_01_l": {
      "name": "pinky_01_l",
      "local": {
        "location": {
          "x": 0.0,
          "y": 0.0,
          "z": 0.0
        },
        "rotation_quaternion": {
          "w": 0.9964844584465027,
          "x": -0.08371710032224655,
          "y": -0.0020429957658052444,
          "z": 0.0024529099464416504
        },
        "scale": {
          "x": 1.0,
          "y": 1.0,
          "z": 1.0
        },
        "matrix_basis": [
          [
            0.9999796152114868,
            -0.004546505864709616,
            -0.004482327960431576,
            0.0
          ],
          [
            0.005230640526860952,
            0.9859708547592163,
            0.16683556139469147,
            0.0
          ],
          [
            0.003660926129668951,
            -0.1668556034564972,
            0.9859745502471924,
            0.0
          ],
          [
            0.0,
            0.0,
            0.0,
            1.0
          ]
        ],
        "rotation_mode": "QUATERNION"
      },
      "armature_space": {
        "head": {
          "x": 0.6636158227920532,
          "y": -0.29986679553985596,
          "z": 0.1186838299036026
        },
