{
  "metadata": {
    "armature_name": "KIM_caucasian_male",
    "export_time": "2026-01-13T21:04:05.432820",
    "blender_version": "4.4.1",
    "bone_count": 56,
    "end_bone_count": 13,
    "spaces_included": [
      "LOCAL_CHANNELS",
      "ARMATURE_SPACE",
      "WORLD_SPACE"
    ],
    "note": "LOCAL matches Transform panel; replay pose via local.matrix_basis for best fidelity."
  },
  "bones": {
    "Root": {
      "name": "Root",
      "local": {
        "location": {
          "x": 0.0,
          "y": 0.0,
          "z": 0.0
        },
        "rotation_quaternion": {
          "w": 0.999822735786438,
          "x": 0.004046089015901089,
          "y": 0.017428714781999588,
          "z": -0.005862999241799116
        },
        "scale": {
          "x": 1.0,
          "y": 1.0,
          "z": 1.0
        },
        "matrix_basis": [
          [
            0.9993237257003784,
            0.011864956468343735,
            0.034803807735443115,
            0.0
          ],
          [
            -0.011582884006202221,
            0.9998984932899475,
            -0.008295112289488316,
            0.0
          ],
          [
            -0.03489869460463524,
            0.007886374369263649,
            0.9993597269058228,
            0.0
          ],
          [
            0.0,
            0.0,
            0.0,
            1.0
          ]
        ],
        "rotation_mode": "QUATERNION"
      },
      "armature_space": {
        "head": {
          "x": 0.0,
          "y": 0.07072800397872925,
          "z": -0.009595036506652832
        },
        "tail": {
          "x": 0.0008468715823255479,
          "y": -6.848573684692383e-05,
          "z": -0.0005587665364146233
        }
      },
      "world_space": {
        "head": {
          "x": 0.0,
          "y": 0.13397200405597687,
          "z": 0.9402589797973633
        },
        "tail": {
          "x": 0.0008468715823255479,
          "y": 0.0631755143404007,
          "z": 0.9492952227592468
        },
        "rotation_quaternion": {
          "w": 0.06331881880760193,
          "x": 0.9978240132331848,
          "y": 0.007023816462606192,
          "z": 0.01699414663016796
        },
        "matrix": [
          [
            0.9993237257003784,
            0.011864956468343735,
            0.034803807735443115,
            0.0
          ],
          [
            0.016169168055057526,
            -0.9918827414512634,
            -0.1261238008737564,
            0.13397200405597687
          ],
          [
            0.03302508965134621,
            0.1266011893749237,
            -0.9914107918739319,
            0.9402589797973633
          ],
          [
            0.0,
            0.0,
            0.0,
            1.0
          ]
        ]
      },
      "bone_length_armature_space": 0.07137586638006017,
      "parent": null,
      "has_children": true,
      "is_end_bone": false
    },
    "spine_01": {
      "name": "spine_01",
      "local": {
        "location": {
          "x": 0.0,
          "y": 0.0,
          "z": 0.0
        },
        "rotation_quaternion": {
          "w": 0.9986092448234558,
          "x": 0.03217927739024162,
          "y": 0.013972527347505093,
          "z": -0.039357975125312805
        },
        "scale": {
          "x": 1.0,
          "y": 1.0,
          "z": 1.0
        },
        "matrix_basis": [
          [
            0.9965114593505859,
            0.07950572669506073,
            0.025373168289661407,
            0.0
          ],
          [
            -0.07770722359418869,
            0.9948309063911438,
            -0.0653689056634903,
            0.0
          ],
          [
            -0.030439212918281555,
            0.06316918879747391,
            0.9975385069847107,
            0.0
          ],
          [
            0.0,
            0.0,
            0.0,
            1.0
          ]
        ],
        "rotation_mode": "QUATERNION"
      },
      "armature_space": {
        "head": {
          "x": 0.0008468715823255479,
          "y": -6.848573684692383e-05,
          "z": -0.0005587665364146233
        },
        "tail": {
          "x": 0.023753955960273743,
          "y": -0.011608368717133999,
          "z": 0.4867713153362274
        }
      },
      "world_space": {
        "head": {
          "x": 0.0008468715823255479,
          "y": 0.0631755143404007,
          "z": 0.9492952227592468
        },
        "tail": {
          "x": 0.023753955960273743,
          "y": 0.051635630428791046,
          "z": 1.436625361442566
        },
        "rotation_quaternion": {
          "w": 0.6979802250862122,
          "x": 0.7154176831245422,
          "y": 0.0316191129386425,
          "z": -0.0012169902911409736
        },
        "matrix": [
          [
            0.997997522354126,
            0.046940628439188004,
            0.042398031800985336,
            0.0008468715823255479
          ],
          [
            0.04354316368699074,
            -0.023647241294384003,
            -0.9987717270851135,
            0.0631755143404007
          ],
          [
            -0.04588065296411514,
            0.9986246824264526,
            -0.025644909590482712,
            0.9492952227592468
          ],
          [
            0.0,
            0.0,
            0.0,
            1.0
          ]
        ]
      },
      "bone_length_armature_space": 0.4880046236282278,
      "parent": "Root",
      "has_children": true,
      "is_end_bone": false
    },
    "neck_01": {
      "name": "neck_01",
      "local": {
        "location": {
          "x": 0.0,
          "y": 0.0,
          "z": 0.0
        },
        "rotation_quaternion": {
          "w": 0.9899493455886841,
          "x": 0.030817052349448204,
          "y": 0.0029849617276340723,
          "z": -0.13799221813678741
        },
        "scale": {
          "x": 1.0,
          "y": 1.0,
          "z": 1.0
        },
        "matrix_basis": [
          [
            0.9618984460830688,
            0.2733945846557617,
            -0.0025951049756258726,
            0.0
          ],
          [
            -0.27302664518356323,
            0.9600169062614441,
            -0.06183844432234764,
            0.0
          ],
          [
            -0.014414948411285877,
            0.0601908378303051,
            0.9980828166007996,
            0.0
          ],
          [
            0.0,
            0.0,
            0.0,
            1.0
          ]
        ],
        "rotation_mode": "QUATERNION"
      },
      "armature_space": {
        "head": {
          "x": 0.02866125851869583,
          "y": -0.04797762632369995,
          "z": 0.5589996576309204
        },
        "tail": {
          "x": 0.06261506676673889,
          "y": -0.09194577485322952,
          "z": 0.6451661586761475
        }
      },
      "world_space": {
        "head": {
          "x": 0.02866125851869583,
          "y": 0.015266373753547668,
          "z": 1.5088536739349365
        },
        "tail": {
          "x": 0.06261506676673889,
          "y": -0.028701774775981903,
          "z": 1.5950201749801636
        },
        "rotation_quaternion": {
          "w": 0.513799250125885,
          "x": 0.8412762880325317,
          "y": 0.1468879133462906,
          "z": -0.08178368955850601
        },
        "matrix": [
          [
            0.9434706568717957,
            0.33118772506713867,
            0.013337812386453152,
            0.02866125851869583
          ],
          [
            0.16310717165470123,
            -0.42886826395988464,
            -0.8885204195976257,
            0.015266373753547668
          ],
          [
            -0.28854867815971375,
            0.8404736518859863,
            -0.4586476683616638,
            1.5088536739349365
          ],
          [
            0.0,
            0.0,
            0.0,
            1.0
          ]
        ]
      },
      "bone_length_armature_space": 0.10252182792966034,
      "parent": "spine_01",
      "has_children": true,
      "is_end_bone": false
    },
    "head": {
      "name": "head",
      "local": {
        "location": {
          "x": 0.0,
          "y": 0.0,
          "z": 0.0
        },
        "rotation_quaternion": {
          "w": 0.9820715188980103,
          "x": 0.012974703684449196,
          "y": -0.09172717481851578,
          "z": -0.16417481005191803
        },
        "scale": {
          "x": 1.0,
          "y": 1.0,
          "z": 1.0
        },
        "matrix_basis": [
          [
            0.9292654991149902,
            0.32008254528045654,
            -0.18442553281784058,
            0.0
          ],
          [
            -0.32484307885169983,
            0.9457565546035767,
            0.004634409211575985,
            0.0
          ],
          [
            0.1759050488471985,
            0.05560275539755821,
            0.982835590839386,
            0.0
          ],
          [
            0.0,
            0.0,
            0.0,
            1.0
          ]
        ],
        "rotation_mode": "QUATERNION"
      },
      "armature_space": {
        "head": {
          "x": 0.0626150444149971,
          "y": -0.09194587916135788,
          "z": 0.6451660394668579
        },
        "tail": {
          "x": 0.15509286522865295,
          "y": -0.10403697192668915,
          "z": 0.7690807580947876
        }
      },
      "world_space": {
        "head": {
          "x": 0.0626150444149971,
          "y": -0.02870187908411026,
          "z": 1.595020055770874
        },
        "tail": {
          "x": 0.15509286522865295,
          "y": -0.04079297184944153,
          "z": 1.7189347743988037
        },
        "rotation_quaternion": {
          "w": 0.6442582607269287,
          "x": 0.6969001889228821,
          "y": 0.21436142921447754,
          "z": -0.2308908998966217
        },
        "matrix": [
          [
            0.8014771342277527,
            0.596284031867981,
            -0.04560558497905731,
            0.0626150444149971
          ],
          [
            0.001273319125175476,
            -0.07796166837215424,
            -0.9969558715820312,
            -0.02870187908411026
          ],
          [
            -0.5980282425880432,
            0.7989846467971802,
            -0.06324517726898193,
            1.595020055770874
          ],
          [
            0.0,
            0.0,
            0.0,
            1.0
          ]
        ]
      },
      "bone_length_armature_space": 0.15509093905446092,
      "parent": "neck_01",
      "has_children": false,
      "is_end_bone": true
    },
    "upperarm_l": {
      "name": "upperarm_l",
      "local": {
        "location": {
          "x": 0.0,
          "y": 0.0,
          "z": 0.0
        },
        "rotation_quaternion": {
          "w": 0.8353909254074097,
          "x": -0.22655116021633148,
          "y": 0.45427632331848145,
          "z": -0.21078342199325562
        },
        "scale": {
          "x": 1.0,
          "y": 1.0,
          "z": 1.0
        },
        "matrix_basis": [
          [
            0.4984067380428314,
            0.14633946120738983,
            0.8545030951499939,
            0.0
          ],
          [
            -0.558006763458252,
            0.8084898591041565,
            0.18700973689556122,
            0.0
          ],
          [
            -0.6634901762008667,
            -0.5700253844261169,
            0.48461517691612244,
            0.0
          ],
          [
            0.0,
            0.0,
            0.0,
            1.0
          ]
        ],
        "rotation_mode": "QUATERNION"
      },
      "armature_space": {
        "head": {
          "x": 0.17534132301807404,
          "y": -0.04304208606481552,
          "z": 0.484920471906662
        },
        "tail": {
          "x": 0.3758065700531006,
          "y": 0.12884509563446045,
          "z": 0.4393559694290161
        }
      },
      "world_space": {
        "head": {
          "x": 0.17534132301807404,
          "y": 0.0202019140124321,
          "z": 1.4347745180130005
        },
        "tail": {
          "x": 0.3758065700531006,
          "y": 0.19208909571170807,
          "z": 1.3892099857330322
        },
        "rotation_quaternion": {
          "w": 0.1652841567993164,
          "x": 0.38883039355278015,
          "y": 0.8907318711280823,
          "z": -0.16759786009788513
        },
        "matrix": [
          [
            -0.6429842114448547,
            0.7480900287628174,
            0.16411244869232178,
            0.17534132301807404
          ],
          [
            0.6372848153114319,
            0.6414432525634766,
            -0.427105188369751,
            0.0202019140124321
          ],
          [
            -0.42478424310684204,
            -0.170036181807518,
            -0.889190673828125,
            1.4347745180130005
          ],
          [
            0.0,
            0.0,
            0.0,
            1.0
          ]
        ]
      },
      "bone_length_armature_space": 0.2679694874283456,
      "parent": "spine_01",
      "has_children": true,
      "is_end_bone": false
    },
    "lowerarm_l": {
      "name": "lowerarm_l",
      "local": {
        "location": {
          "x": 0.0,
          "y": 0.0,
          "z": 0.0
        },
        "rotation_quaternion": {
          "w": 0.978571891784668,
          "x": 0.029733039438724518,
          "y": -0.05444841459393501,
          "z": 0.1963375061750412
        },
        "scale": {
          "x": 1.0,
          "y": 1.0,
          "z": 1.0
        },
        "matrix_basis": [
          [
            0.916973888874054,
            -0.38749855756759644,
            -0.09488795697689056,
            0.0
          ],
          [
            0.3810229003429413,
            0.9211350679397583,
            -0.07957236468791962,
            0.0
          ],
          [
            0.11823879927396774,
            0.03681129962205887,
            0.992302656173706,
            0.0
          ],
          [
            0.0,
            0.0,
            0.0,
            1.0
          ]
        ],
        "rotation_mode": "QUATERNION"
      },
      "armature_space": {
        "head": {
          "x": 0.3758067488670349,
          "y": 0.12884505093097687,
          "z": 0.4393559396266937
        },
        "tail": {
          "x": 0.6351364850997925,
          "y": 0.1938636302947998,
          "z": 0.4298692047595978
        }
      },
      "world_space": {
        "head": {
          "x": 0.3758067488670349,
          "y": 0.1920890510082245,
          "z": 1.3892099857330322
        },
        "tail": {
          "x": 0.6351364850997925,
          "y": 0.25710761547088623,
          "z": 1.3797231912612915
        },
        "rotation_quaternion": {
          "w": 0.28633683919906616,
          "x": 0.5646432042121887,
          "y": 0.7345280051231384,
          "z": -0.24424946308135986
        },
        "matrix": [
          [
            -0.19837751984596252,
            0.9693683981895447,
            0.14481483399868011,
            0.3758067488670349
          ],
          [
            0.6896174550056458,
            0.24303790926933289,
            -0.6821733713150024,
            0.1920890510082245
          ],
          [
            -0.6964768767356873,
            -0.03546113520860672,
            -0.716712236404419,
            1.3892099857330322
          ],
          [
            0.0,
            0.0,
            0.0,
            1.0
          ]
        ]
      },
      "bone_length_armature_space": 0.26752444196137565,
      "parent": "upperarm_l",
      "has_children": true,
      "is_end_bone": false
    },
    "metacarpal_thumb_l": {
      "name": "metacarpal_thumb_l",
      "local": {
        "location": {
          "x": 0.0,
          "y": 0.0,
          "z": 0.0
        },
        "rotation_quaternion": {
          "w": 0.9996129870414734,
          "x": -0.017074845731258392,
          "y": 0.018672339618206024,
          "z": 0.011566265486180782
        },
        "scale": {
          "x": 1.0,
          "y": 1.0,
          "z": 1.0
        },
        "matrix_basis": [
          [
            0.999035120010376,
            -0.023761233314871788,
            0.036935243755578995,
            0.0
          ],
          [
            0.022485923022031784,
            0.9991493225097656,
            0.034568414092063904,
            0.0
          ],
          [
            -0.037725210189819336,
            -0.03370453789830208,
            0.9987195730209351,
            0.0
          ],
          [
            0.0,
            0.0,
            0.0,
            1.0
          ]
        ],
        "rotation_mode": "QUATERNION"
      },
      "armature_space": {
        "head": {
          "x": 0.6351364850997925,
          "y": 0.1938636302947998,
          "z": 0.4298692047595978
        },
        "tail": {
          "x": 0.6754924654960632,
          "y": 0.18773353099822998,
          "z": 0.40180832147598267
        }
      },
      "world_space": {
        "head": {
          "x": 0.6351364850997925,
          "y": 0.25710761547088623,
          "z": 1.3797231912612915
        },
        "tail": {
          "x": 0.6754924654960632,
          "y": 0.2509775161743164,
          "z": 1.3516623973846436
        },
        "rotation_quaternion": {
          "w": 0.4203896224498749,
          "x": -0.7471536993980408,
          "y": -0.5112670063972473,
          "z": -0.06033461540937424
        },
        "matrix": [
          [
            0.46992987394332886,
            0.8147178888320923,
            -0.33970656991004944,
            0.6351364850997925
          ],
          [
            0.7132641673088074,
            -0.12375621497631073,
            0.6898831129074097,
            0.25710761547088623
          ],
          [
            0.5200237035751343,
            -0.566501259803772,
            -0.6392695903778076,
            1.3797231912612915
          ],
          [
            0.0,
            0.0,
            0.0,
            1.0
          ]
        ]
      },
      "bone_length_armature_space": 0.04953379104076753,
      "parent": "lowerarm_l",
      "has_children": true,
      "is_end_bone": false
    },
    "thumb_01_l": {
      "name": "thumb_01_l",
      "local": {
        "location": {
          "x": 0.0,
          "y": 0.0,
          "z": 0.0
        },
        "rotation_quaternion": {
          "w": 0.9997392892837524,
          "x": 0.0007751770317554474,
          "y": -0.02074759639799595,
          "z": 0.009511608630418777
        },
        "scale": {
          "x": 1.0,
          "y": 1.0,
          "z": 1.0
        },
        "matrix_basis": [
          [
            0.9989581108093262,
            -0.019050423055887222,
            -0.04146962985396385,
            0.0
          ],
          [
            0.018986091017723083,
            0.9998178482055664,
            -0.001944635878317058,
            0.0
          ],
          [
            0.041499119251966476,
            0.0011552638607099652,
            0.9991378784179688,
            0.0
          ],
          [
            0.0,
            0.0,
            0.0,
            1.0
          ]
        ],
        "rotation_mode": "QUATERNION"
      },
      "armature_space": {
        "head": {
          "x": 0.6754924654960632,
          "y": 0.18773353099822998,
          "z": 0.40180832147598267
        },
        "tail": {
          "x": 0.6827694177627563,
          "y": 0.19980917870998383,
          "z": 0.37082669138908386
        }
      },
      "world_space": {
        "head": {
          "x": 0.6754924654960632,
          "y": 0.2509775161743164,
          "z": 1.3516623973846436
        },
        "tail": {
          "x": 0.6827694177627563,
          "y": 0.26305317878723145,
          "z": 1.3206807374954224
        },
        "rotation_quaternion": {
          "w": 0.8101977109909058,
          "x": -0.5214765071868896,
          "y": 0.14478275179862976,
          "z": -0.225122332572937
        },
        "matrix": [
          [
            0.8567153215408325,
            0.21378590166568756,
            0.4693978428840637,
            0.6754924654960632
          ],
          [
            -0.5157893896102905,
            0.3547637462615967,
            0.7798103094100952,
            0.2509775161743164
          ],
          [
            0.00018663331866264343,
            -0.9101918935775757,
            0.4142037332057953,
            1.3516623973846436
          ],
          [
            0.0,
            0.0,
            0.0,
            1.0
          ]
        ]
      },
      "bone_length_armature_space": 0.03403875264744176,
      "parent": "metacarpal_thumb_l",
      "has_children": true,
      "is_end_bone": false
    },
    "thumb_02_l": {
      "name": "thumb_02_l",
      "local": {
        "location": {
          "x": 0.0,
          "y": 0.0,
          "z": 0.0
        },
        "rotation_quaternion": {
          "w": 0.9949371814727783,
          "x": 0.10032622516155243,
          "y": 0.004555382765829563,
          "z": -0.0037292432971298695
        },
        "scale": {
          "x": 1.0,
          "y": 1.0,
          "z": 1.0
        },
        "matrix_basis": [
          [
            0.9999306797981262,
            0.008334774523973465,
            0.008316357620060444,
            0.0
          ],
          [
            -0.006506676785647869,
            0.9798414707183838,
            -0.19967055320739746,
            0.0
          ],
          [
            -0.009812921285629272,
            0.19960260391235352,
            0.9798278212547302,
            0.0
          ],
          [
            0.0,
            0.0,
            0.0,
            1.0
          ]
        ],
        "rotation_mode": "QUATERNION"
      },
      "armature_space": {
        "head": {
          "x": 0.6827694177627563,
          "y": 0.19980916380882263,
          "z": 0.3708266615867615
        },
        "tail": {
          "x": 0.7213331460952759,
          "y": 0.21103474497795105,
          "z": 0.3707658350467682
        }
      },
      "world_space": {
        "head": {
          "x": 0.6827694177627563,
          "y": 0.26305317878723145,
          "z": 1.3206806182861328
        },
        "tail": {
          "x": 0.7213331460952759,
          "y": 0.27427875995635986,
          "z": 1.320619821548462
        },
        "rotation_quaternion": {
          "w": 0.7958171367645264,
          "x": 0.05918751284480095,
          "y": 0.08012943714857101,
          "z": -0.5972867012023926
        },
        "matrix": [
          [
            0.2736557126045227,
            0.9601471424102783,
            0.056831613183021545,
            0.6827694177627563
          ],
          [
            -0.9411767721176147,
            0.2794906497001648,
            -0.18992510437965393,
            0.26305317878723145
          ],
          [
            -0.19824233651161194,
            -0.001514151692390442,
            0.9801590442657471,
            1.3206806182861328
          ],
          [
            0.0,
            0.0,
            0.0,
            1.0
          ]
        ]
      },
      "bone_length_armature_space": 0.04016439377033935,
      "parent": "thumb_01_l",
      "has_children": true,
      "is_end_bone": false
    },
    "thumb_03_l": {
      "name": "thumb_03_l",
      "local": {
        "location": {
          "x": 0.0,
          "y": 0.0,
          "z": 0.0
        },
        "rotation_quaternion": {
          "w": 0.9983358383178711,
          "x": 0.05743471160531044,
          "y": -0.002991622779518366,
          "z": -0.004241873975843191
        },
        "scale": {
          "x": 1.0,
          "y": 1.0,
          "z": 1.0
        },
        "matrix_basis": [
          [
            0.999946117401123,
            0.00812598317861557,
            -0.006460550241172314,
            0.0
          ],
          [
            -0.008813275955617428,
            0.993366539478302,
            -0.11465287953615189,
            0.0
          ],
          [
            0.005486026871949434,
            0.11470364034175873,
            0.993384599685669,
            0.0
          ],
          [
            0.0,
            0.0,
            0.0,
            1.0
          ]
        ],
        "rotation_mode": "QUATERNION"
      },
      "armature_space": {
        "head": {
          "x": 0.7213331460952759,
          "y": 0.21103468537330627,
          "z": 0.3707657754421234
        },
        "tail": {
          "x": 0.748045802116394,
          "y": 0.21985462307929993,
          "z": 0.3824077844619751
        }
      },
      "world_space": {
        "head": {
          "x": 0.7213331460952759,
          "y": 0.2742787003517151,
          "z": 1.320619821548462
        },
        "tail": {
          "x": 0.748045802116394,
          "y": 0.28309863805770874,
          "z": 1.3322618007659912
        },
        "rotation_quaternion": {
          "w": 0.7942672967910767,
          "x": 0.3159680962562561,
          "y": 0.11828342825174332,
          "z": -0.5052847862243652
        },
        "matrix": [
          [
            0.4613915979862213,
            0.8774101138114929,
            -0.13141267001628876,
            0.7213331460952759
          ],
          [
            -0.7279165983200073,
            0.2897016406059265,
            -0.6214585304260254,
            0.2742787003517151
          ],
          [
            -0.5072077512741089,
            0.38239628076553345,
            0.7723520398139954,
            1.320619821548462
          ],
          [
            0.0,
            0.0,
            0.0,
            1.0
          ]
        ]
      },
      "bone_length_armature_space": 0.030444928120854906,
      "parent": "thumb_02_l",
      "has_children": false,
      "is_end_bone": true
    },
    "metacarpal_index_l": {
      "name": "metacarpal_index_l",
      "local": {
        "location": {
          "x": 0.0,
          "y": 0.0,
          "z": 0.0
        },
        "rotation_quaternion": {
          "w": 0.999866247177124,
          "x": -0.007478587795048952,
          "y": -0.004821319133043289,
          "z": 0.013724744319915771
        },
        "scale": {
          "x": 1.0,
          "y": 1.0,
          "z": 1.0
        },
        "matrix_basis": [
          [
            0.99957674741745,
            -0.027373703196644783,
            -0.009846632368862629,
            0.0
          ],
          [
            0.027517929673194885,
            0.9995114207267761,
            0.014822832308709621,
            0.0
          ],
          [
            0.009436065331101418,
            -0.015087517909705639,
            0.9998416304588318,
            0.0
          ],
          [
            0.0,
            0.0,
            0.0,
            1.0
          ]
        ],
        "rotation_mode": "QUATERNION"
      },
      "armature_space": {
        "head": {
          "x": 0.6351364850997925,
          "y": 0.1938636302947998,
          "z": 0.4298692047595978
        },
        "tail": {
          "x": 0.7476680278778076,
          "y": 0.1972203105688095,
          "z": 0.3973942697048187
        }
      },
      "world_space": {
        "head": {
          "x": 0.6351364850997925,
          "y": 0.25710761547088623,
          "z": 1.3797231912612915
        },
        "tail": {
          "x": 0.7476680278778076,
          "y": 0.26046431064605713,
          "z": 1.3472483158111572
        },
        "rotation_quaternion": {
          "w": 0.14494463801383972,
          "x": -0.6948158740997314,
          "y": -0.7023640871047974,
          "z": 0.05391525849699974
        },
        "matrix": [
          [
            0.007556642405688763,
            0.9603981971740723,
            -0.27852877974510193,
            0.6351364850997925
          ],
          [
            0.9916566610336304,
            0.028647540137171745,
            0.12568475306034088,
            0.25710761547088623
          ],
          [
            0.12868840992450714,
            -0.27715665102005005,
            -0.9521751403808594,
            1.3797231912612915
          ],
          [
            0.0,
            0.0,
            0.0,
            1.0
          ]
        ]
      },
      "bone_length_armature_space": 0.11717182809157282,
      "parent": "lowerarm_l",
      "has_children": true,
      "is_end_bone": false
    },
    "index_01_l": {
      "name": "index_01_l",
      "local": {
        "location": {
          "x": 0.0,
          "y": 0.0,
          "z": 0.0
        },
        "rotation_quaternion": {
          "w": 0.9941200017929077,
          "x": -0.1070614904165268,
          "y": 0.008035680279135704,
          "z": 0.01410103589296341
        },
        "scale": {
          "x": 1.0,
          "y": 1.0,
          "z": 1.0
        },
        "matrix_basis": [
          [
            0.9994731545448303,
            -0.02975686825811863,
            0.012957504950463772,
            0.0
          ],
          [
            0.02631562016904354,
            0.9766780138015747,
            0.21309055387973785,
            0.0
          ],
          [
            -0.018996216356754303,
            -0.21263732016086578,
            0.9769465327262878,
            0.0
          ],
          [
            0.0,
            0.0,
            0.0,
            1.0
          ]
        ],
        "rotation_mode": "QUATERNION"
      },
      "armature_space": {
        "head": {
          "x": 0.7476680278778076,
          "y": 0.1972203105688095,
          "z": 0.3973942697048187
        },
        "tail": {
          "x": 0.7748744487762451,
          "y": 0.20510314404964447,
          "z": 0.4006713628768921
        }
      },
      "world_space": {
        "head": {
          "x": 0.7476680278778076,
          "y": 0.26046431064605713,
          "z": 1.3472483158111572
        },
        "tail": {
          "x": 0.7748744487762451,
          "y": 0.2683471441268921,
          "z": 1.3505253791809082
        },
        "rotation_quaternion": {
          "w": 0.06418613344430923,
          "x": -0.5894507765769958,
          "y": -0.7963078022003174,
          "z": -0.11967431753873825
        },
        "matrix": [
          [
            -0.2968558371067047,
            0.9541313052177429,
            0.03886200487613678,
            0.7476680278778076
          ],
          [
            0.9234060645103455,
            0.2764512300491333,
            0.2662636637687683,
            0.26046431064605713
          ],
          [
            0.2433096021413803,
            0.11492826789617538,
            -0.9631229639053345,
            1.3472483158111572
          ],
          [
            0.0,
            0.0,
            0.0,
            1.0
          ]
        ]
      },
      "bone_length_armature_space": 0.028514342749852078,
      "parent": "metacarpal_index_l",
      "has_children": true,
      "is_end_bone": false
    },
    "index_02_l": {
      "name": "index_02_l",
      "local": {
        "location": {
          "x": 0.0,
          "y": 0.0,
          "z": 0.0
        },
        "rotation_quaternion": {
          "w": 0.9993501305580139,
          "x": 0.035214442759752274,
          "y": -0.007542978040874004,
          "z": -0.0015339759411290288
        },
        "scale": {
          "x": 1.0,
          "y": 1.0,
          "z": 1.0
        },
        "matrix_basis": [
          [
            0.9998815059661865,
            0.00253471452742815,
            -0.015184188261628151,
            0.0
          ],
          [
            -0.003597201546654105,
            0.9975152015686035,
            -0.0703599750995636,
            0.0
          ],
          [
            0.014968115836381912,
            0.07040625810623169,
            0.9974060654640198,
            0.0
          ],
          [
            0.0,
            0.0,
            0.0,
            1.0
          ]
        ],
        "rotation_mode": "QUATERNION"
      },
      "armature_space": {
        "head": {
          "x": 0.7748749256134033,
          "y": 0.20510311424732208,
          "z": 0.4006710648536682
        },
        "tail": {
          "x": 0.7991405129432678,
          "y": 0.21311920881271362,
          "z": 0.402910053730011
        }
      },
      "world_space": {
        "head": {
          "x": 0.7748749256134033,
          "y": 0.2683471143245697,
          "z": 1.350525140762329
        },
        "tail": {
          "x": 0.7991405129432678,
          "y": 0.27636319398880005,
          "z": 1.3527641296386719
        },
        "rotation_quaternion": {
          "w": 0.0400354340672493,
          "x": -0.5804553627967834,
          "y": -0.8090962767601013,
          "z": -0.08265670388936996
        },
        "matrix": [
          [
            -0.3229374289512634,
            0.9459068179130554,
            0.031173251569271088,
            0.7748749256134033
          ],
          [
            0.9326704144477844,
            0.31247857213020325,
            0.18023142218589783,
            0.2683471143245697
          ],
          [
            0.16074317693710327,
            0.08727860450744629,
            -0.9831368327140808,
            1.350525140762329
          ],
          [
            0.0,
            0.0,
            0.0,
            1.0
          ]
        ]
      },
      "bone_length_armature_space": 0.02565325686705168,
      "parent": "index_01_l",
      "has_children": true,
      "is_end_bone": false
    },
    "index_03_l": {
      "name": "index_03_l",
      "local": {
        "location": {
          "x": 0.0,
          "y": 0.0,
          "z": 0.0
        },
        "rotation_quaternion": {
          "w": 0.9970439672470093,
          "x": 0.0759991854429245,
          "y": -0.009475931525230408,
          "z": -0.006149778608232737
        },
        "scale": {
          "x": 1.0,
          "y": 1.0,
          "z": 1.0
        },
        "matrix_basis": [
          [
            0.9997447729110718,
            0.010822873562574387,
            -0.019830597564578056,
            0.0
          ],
          [
            -0.013703525066375732,
            0.9883726239204407,
            -0.15143251419067383,
            0.0
          ],
          [
            0.017961084842681885,
            0.1516656130552292,
            0.9882686734199524,
            0.0
          ],
          [
            0.0,
            0.0,
            0.0,
            1.0
          ]
        ],
        "rotation_mode": "QUATERNION"
      },
      "armature_space": {
        "head": {
          "x": 0.7991405129432678,
          "y": 0.21311914920806885,
          "z": 0.4029102027416229
        },
        "tail": {
          "x": 0.8249896168708801,
          "y": 0.22619347274303436,
          "z": 0.39908701181411743
        }
      },
      "world_space": {
        "head": {
          "x": 0.7991405129432678,
          "y": 0.2763631343841553,
          "z": 1.3527642488479614
        },
        "tail": {
          "x": 0.8249896168708801,
          "y": 0.289437472820282,
          "z": 1.3489410877227783
        },
        "rotation_quaternion": {
          "w": 0.12401396781206131,
          "x": -0.5256116390228271,
          "y": -0.841637134552002,
          "z": 0.000286001741187647
        },
        "matrix": [
          [
            -0.41670581698417664,
            0.8846777677536011,
            -0.209049254655838,
            0.7991405129432678
          ],
          [
            0.8848195672035217,
            0.4474644064903259,
            0.12988540530204773,
            0.2763631343841553
          ],
          [
            0.20845115184783936,
            -0.13084743916988373,
            -0.9692476391792297,
            1.3527642488479614
          ],
          [
            0.0,
            0.0,
            0.0,
            1.0
          ]
        ]
      },
      "bone_length_armature_space": 0.02921867365936393,
      "parent": "index_02_l",
      "has_children": false,
      "is_end_bone": true
    },
    "metacarpal_pinky_l": {
      "name": "metacarpal_pinky_l",
      "local": {
        "location": {
          "x": 0.0,
          "y": 0.0,
          "z": 0.0
        },
        "rotation_quaternion": {
          "w": 0.9999822974205017,
          "x": -0.0034037032164633274,
          "y": 0.0029540916439145803,
          "z": 0.0039102742448449135
        },
        "scale": {
          "x": 1.0,
          "y": 1.0,
          "z": 1.0
        },
        "matrix_basis": [
          [
            0.999951958656311,
            -0.007840519770979881,
            0.005881459917873144,
            0.0
          ],
          [
            0.0078003001399338245,
            0.9999462366104126,
            0.006830388680100441,
            0.0
          ],
          [
            -0.005934697575867176,
            -0.0067841834388673306,
            0.9999593496322632,
            0.0
          ],
          [
            0.0,
            0.0,
            0.0,
            1.0
          ]
        ],
        "rotation_mode": "QUATERNION"
      },
      "armature_space": {
        "head": {
          "x": 0.6351364850997925,
          "y": 0.1938636302947998,
          "z": 0.4298692047595978
        },
        "tail": {
          "x": 0.7260985374450684,
          "y": 0.24080801010131836,
          "z": 0.4489833414554596
        }
      },
      "world_space": {
        "head": {
          "x": 0.6351364850997925,
          "y": 0.25710761547088623,
          "z": 1.3797231912612915
        },
        "tail": {
          "x": 0.7260985374450684,
          "y": 0.3040519952774048,
          "z": 1.3988373279571533
        },
        "rotation_quaternion": {
          "w": 0.7582303285598755,
          "x": 0.32950931787490845,
          "y": 0.3879407048225403,
          "z": -0.40744641423225403
        },
        "matrix": [
          [
            0.3669787049293518,
            0.8735370635986328,
            0.319781094789505,
            0.6351364850997925
          ],
          [
            -0.3622177839279175,
            0.4508213698863983,
            -0.8158177137374878,
            0.25710761547088623
          ],
          [
            -0.856817364692688,
            0.18355892598628998,
            0.4818548262119293,
            1.3797231912612915
          ],
          [
            0.0,
            0.0,
            0.0,
            1.0
          ]
        ]
      },
      "bone_length_armature_space": 0.10413078423343249,
      "parent": "lowerarm_l",
      "has_children": true,
      "is_end_bone": false
    },
    "pinky_01_l": {
      "name": "pinky_01_l",
      "local": {
        "location": {
          "x": 0.0,
          "y": 0.0,
          "z": 0.0
        },
        "rotation_quaternion": {
          "w": 0.9567617774009705,
          "x": 0.29016169905662537,
          "y": 0.015374142676591873,
          "z": 0.01329752802848816
        },
        "scale": {
          "x": 1.0,
          "y": 1.0,
          "z": 1.0
        },
        "matrix_basis": [
          [
            0.999173641204834,
            -0.01652315817773342,
            0.03713564947247505,
            0.0
          ],
          [
            0.03436710685491562,
            0.8312587141990662,
            -0.5548223853111267,
            0.0
          ],
          [
            -0.021701917052268982,
            0.5556401014328003,
            0.8311396241188049,
            0.0
          ],
          [
            0.0,
            0.0,
            0.0,
            1.0
          ]
        ],
        "rotation_mode": "QUATERNION"
      },
      "armature_space": {
        "head": {
          "x": 0.7260985374450684,
          "y": 0.24080801010131836,
          "z": 0.4489833414554596
        },
        "tail": {
          "x": 0.741036593914032,
