{
  "metadata": {
    "armature_name": "KIM_caucasian_male",
    "export_time": "2026-01-13T21:16:13.278467",
    "blender_version": "4.4.1",
    "bone_count": 56,
    "end_bone_count": 13,
    "spaces_included": [
      "LOCAL_CHANNELS",
      "ARMATURE_SPACE",
      "WORLD_SPACE"
    ],
    "note": "LOCAL matches Transform panel; replay pose via local.matrix_basis for best fidelity."
  },
  "bones": {
    "Root": {
      "name": "Root",
      "local": {
        "location": {
          "x": 0.0,
          "y": 0.0,
          "z": 0.0
        },
        "rotation_quaternion": {
          "w": 0.9994984865188599,
          "x": 0.015058059245347977,
          "y": 0.00762352766469121,
          "z": 0.026796402409672737
        },
        "scale": {
          "x": 1.0,
          "y": 1.0,
          "z": 1.0
        },
        "matrix_basis": [
          [
            0.9984476566314697,
            -0.053336337208747864,
            0.01604641228914261,
            0.0
          ],
          [
            0.05379552021622658,
            0.9981104135513306,
            -0.029692448675632477,
            0.0
          ],
          [
            -0.01443240512162447,
            0.03050958178937435,
            0.9994302988052368,
            0.0
          ],
          [
            0.0,
            0.0,
            0.0,
            1.0
          ]
        ],
        "rotation_mode": "QUATERNION"
      },
      "armature_space": {
        "head": {
          "x": 0.0,
          "y": 0.07072800397872925,
          "z": -0.009595036506652832
        },
        "tail": {
          "x": -0.0038069274742156267,
          "y": -0.0001590922474861145,
          "z": -0.002176028210669756
        }
      },
      "world_space": {
        "head": {
          "x": 0.0,
          "y": 0.13397200405597687,
          "z": 0.9402589797973633
        },
        "tail": {
          "x": -0.0038069274742156267,
          "y": 0.0630849078297615,
          "z": 0.9476779699325562
        },
        "rotation_quaternion": {
          "w": 0.05231000483036041,
          "x": 0.9982422590255737,
          "y": -0.026221947744488716,
          "z": 0.009411423467099667
        },
        "matrix": [
          [
            0.9984476566314697,
            -0.053336337208747864,
            0.01604641228914261,
            0.0
          ],
          [
            -0.05136708542704582,
            -0.9931521415710449,
            -0.10493016242980957,
            0.13397200405597687
          ],
          [
            0.021533221006393433,
            0.10394281148910522,
            -0.9943572282791138,
            0.9402589797973633
          ],
          [
            0.0,
            0.0,
            0.0,
            1.0
          ]
        ]
      },
      "bone_length_armature_space": 0.07137586895799237,
      "parent": null,
      "has_children": true,
      "is_end_bone": false
    },
    "spine_01": {
      "name": "spine_01",
      "local": {
        "location": {
          "x": 0.0,
          "y": 0.0,
          "z": 0.0
        },
        "rotation_quaternion": {
          "w": 0.9978876709938049,
          "x": -0.015550678595900536,
          "y": -0.04815482348203659,
          "z": 0.04073960334062576
        },
        "scale": {
          "x": 1.0,
          "y": 1.0,
          "z": 1.0
        },
        "matrix_basis": [
          [
            0.9920427799224854,
            -0.07980941236019135,
            -0.09737326949834824,
            0.0
          ],
          [
            0.08280477672815323,
            0.9961969256401062,
            0.027112044394016266,
            0.0
          ],
          [
            0.09483915567398071,
            -0.034959279000759125,
            0.9948785901069641,
            0.0
          ],
          [
            0.0,
            0.0,
            0.0,
            1.0
          ]
        ],
        "rotation_mode": "QUATERNION"
      },
      "armature_space": {
        "head": {
          "x": -0.0038069274742156267,
          "y": -0.0001590922474861145,
          "z": -0.002176028210669756
        },
        "tail": {
          "x": -0.05186285078525543,
          "y": 0.02721737138926983,
          "z": 0.482684463262558
        }
      },
      "world_space": {
        "head": {
          "x": -0.0038069274742156267,
          "y": 0.0630849078297615,
          "z": 0.9476779699325562
        },
        "tail": {
          "x": -0.05186285078525543,
          "y": 0.0904613733291626,
          "z": 1.4325385093688965
        },
        "rotation_quaternion": {
          "w": 0.7212793231010437,
          "x": 0.6868035793304443,
          "y": -0.08834891766309738,
          "z": -0.015861863270401955
        },
        "matrix": [
          [
            0.9838858246803284,
            -0.09847500920295715,
            -0.149235799908638,
            -0.0038069274742156267
          ],
          [
            -0.14423765242099762,
            0.056099168956279755,
            -0.9879516959190369,
            0.0630849078297615
          ],
          [
            0.10566116124391556,
            0.9935640692710876,
            0.04099075496196747,
            0.9476779699325562
          ],
          [
            0.0,
            0.0,
            0.0,
            1.0
          ]
        ]
      },
      "bone_length_armature_space": 0.4880046436518308,
      "parent": "Root",
      "has_children": true,
      "is_end_bone": false
    },
    "neck_01": {
      "name": "neck_01",
      "local": {
        "location": {
          "x": 0.0,
          "y": 0.0,
          "z": 0.0
        },
        "rotation_quaternion": {
          "w": 0.9869990348815918,
          "x": -0.02953142300248146,
          "y": -0.10232704132795334,
          "z": -0.12037501484155655
        },
        "scale": {
          "x": 1.0,
          "y": 1.0,
          "z": 1.0
        },
        "matrix_basis": [
          [
            0.9500780701637268,
            0.24366377294063568,
            -0.19488368928432465,
            0.0
          ],
          [
            -0.2315763235092163,
            0.9692754745483398,
            0.08293020725250244,
            0.0
          ],
          [
            0.2091030776500702,
            -0.03365973383188248,
            0.9773141145706177,
            0.0
          ],
          [
            0.0,
            0.0,
            0.0,
            1.0
          ]
        ],
        "rotation_mode": "QUATERNION"
      },
      "armature_space": {
        "head": {
          "x": -0.06424860656261444,
          "y": -0.0029377341270446777,
          "z": 0.5568532347679138
        },
        "tail": {
          "x": -0.054007429629564285,
          "y": -0.03549503535032272,
          "z": 0.6535273790359497
        }
      },
      "world_space": {
        "head": {
          "x": -0.06424860656261444,
          "y": 0.06030626595020294,
          "z": 1.5067071914672852
        },
        "tail": {
          "x": -0.054007429629564285,
          "y": 0.027748964726924896,
          "z": 1.6033813953399658
        },
        "rotation_quaternion": {
          "w": 0.5819960236549377,
          "x": 0.7968636751174927,
          "y": -0.04997514933347702,
          "z": -0.154245063662529
        },
        "matrix": [
          [
            0.9474221467971802,
            0.09989313036203384,
            -0.30399444699287415,
            -0.06424860656261444
          ],
          [
            -0.25918614864349365,
            -0.3175660967826843,
            -0.9121264815330505,
            0.06030626595020294
          ],
          [
            -0.18765504658222198,
            0.9429660439491272,
            -0.2749810218811035,
            1.5067071914672852
          ],
          [
            0.0,
            0.0,
            0.0,
            1.0
          ]
        ]
      },
      "bone_length_armature_space": 0.1025219471589204,
      "parent": "spine_01",
      "has_children": true,
      "is_end_bone": false
    },
    "head": {
      "name": "head",
      "local": {
        "location": {
          "x": 0.0,
          "y": 0.0,
          "z": 0.0
        },
        "rotation_quaternion": {
          "w": 0.9954773187637329,
          "x": -0.005531628616154194,
          "y": 0.002649400383234024,
          "z": -0.09480144828557968
        },
        "scale": {
          "x": 1.0,
          "y": 1.0,
          "z": 1.0
        },
        "matrix_basis": [
          [
            0.9820113182067871,
            0.1887160688638687,
            0.006323648616671562,
            0.0
          ],
          [
            -0.1887746900320053,
            0.9819641709327698,
            0.010510887950658798,
            0.0
          ],
          [
            -0.004226023331284523,
            -0.011515555903315544,
            0.9999247789382935,
            0.0
          ],
          [
            0.0,
            0.0,
            0.0,
            1.0
          ]
        ],
        "rotation_mode": "QUATERNION"
      },
      "armature_space": {
        "head": {
          "x": -0.054007481783628464,
          "y": -0.035495154559612274,
          "z": 0.6535272598266602
        },
        "tail": {
          "x": 0.004979673773050308,
          "y": -0.03629429265856743,
          "z": 0.7969606518745422
        }
      },
      "world_space": {
        "head": {
          "x": -0.054007481783628464,
          "y": 0.027748845517635345,
          "z": 1.6033812761306763
        },
        "tail": {
          "x": 0.004979673773050308,
          "y": 0.02694970741868019,
          "z": 1.7468147277832031
        },
        "rotation_quaternion": {
          "w": 0.7038499712944031,
          "x": 0.6714919209480286,
          "y": 0.04492947459220886,
          "z": -0.22732213139533997
        },
        "matrix": [
          [
            0.8926113843917847,
            0.38034093379974365,
            -0.24204489588737488,
            -0.054007481783628464
          ],
          [
            -0.2596643567085266,
            -0.005152729339897633,
            -0.9656854271888733,
            0.027748845517635345
          ],
          [
            -0.3685396909713745,
            0.9248384833335876,
            0.09416129440069199,
            1.6033812761306763
          ],
          [
            0.0,
            0.0,
            0.0,
            1.0
          ]
        ]
      },
      "bone_length_armature_space": 0.15509113584741366,
      "parent": "neck_01",
      "has_children": false,
      "is_end_bone": true
    },
    "upperarm_l": {
      "name": "upperarm_l",
      "local": {
        "location": {
          "x": 0.0,
          "y": 0.0,
          "z": 0.0
        },
        "rotation_quaternion": {
          "w": 0.8057084083557129,
          "x": 0.31088513135910034,
          "y": 0.4764178991317749,
          "z": 0.16495543718338013
        },
        "scale": {
          "x": 1.0,
          "y": 1.0,
          "z": 1.0
        },
        "matrix_basis": [
          [
            0.4916313886642456,
            0.030410517007112503,
            0.8702722191810608,
            0.0
          ],
          [
            0.5620344281196594,
            0.7522802948951721,
            -0.34379008412361145,
            0.0
          ],
          [
            -0.6651434302330017,
            0.6581409573554993,
            0.35275283455848694,
            0.0
          ],
          [
            0.0,
            0.0,
            0.0,
            1.0
          ]
        ],
        "rotation_mode": "QUATERNION"
      },
      "armature_space": {
        "head": {
          "x": 0.08947662264108658,
          "y": -0.0314943864941597,
          "z": 0.5060579776763916
        },
        "tail": {
          "x": 0.27071449160575867,
          "y": -0.22851088643074036,
          "z": 0.5180975198745728
        }
      },
      "world_space": {
        "head": {
          "x": 0.08947662264108658,
          "y": 0.03174961358308792,
          "z": 1.4559119939804077
        },
        "tail": {
          "x": 0.27071449160575867,
          "y": -0.16526688635349274,
          "z": 1.4679515361785889
        },
        "rotation_quaternion": {
          "w": 0.10588310658931732,
          "x": 0.90715092420578,
          "y": 0.3481069803237915,
          "z": -0.21139447391033173
        },
        "matrix": [
          [
            0.6682674884796143,
            0.6763378977775574,
            -0.30981531739234924,
            0.08947662264108658
          ],
          [
            0.586804986000061,
            -0.7352200746536255,
            -0.339280903339386,
            0.03174961358308792
          ],
          [
            -0.45725366473197937,
            0.04492880776524544,
            -0.8882086873054504,
            1.4559119939804077
          ],
          [
            0.0,
            0.0,
            0.0,
            1.0
          ]
        ]
      },
      "bone_length_armature_space": 0.26796944311597287,
      "parent": "spine_01",
      "has_children": true,
      "is_end_bone": false
    },
    "lowerarm_l": {
      "name": "lowerarm_l",
      "local": {
        "location": {
          "x": 0.0,
          "y": 0.0,
          "z": 0.0
        },
        "rotation_quaternion": {
          "w": 0.9474160671234131,
          "x": 0.24591507017612457,
          "y": 0.1525033563375473,
          "z": -0.13664370775222778
        },
        "scale": {
          "x": 1.0,
          "y": 1.0,
          "z": 1.0
        },
        "matrix_basis": [
          [
            0.916142463684082,
            0.3339226245880127,
            0.2217627614736557,
            0.0
          ],
          [
            -0.18391114473342896,
            0.8417085409164429,
            -0.5076450109481812,
            0.0
          ],
          [
            -0.3561737537384033,
            0.4242905378341675,
            0.8325369954109192,
            0.0
          ],
          [
            0.0,
            0.0,
            0.0,
            1.0
          ]
        ],
        "rotation_mode": "QUATERNION"
      },
      "armature_space": {
        "head": {
          "x": 0.2707144618034363,
          "y": -0.2285110503435135,
          "z": 0.5180975198745728
        },
        "tail": {
          "x": 0.40667471289634705,
          "y": -0.40341609716415405,
          "z": 0.3681216835975647
        }
      },
      "world_space": {
        "head": {
          "x": 0.2707144618034363,
          "y": -0.16526705026626587,
          "z": 1.4679515361785889
        },
        "tail": {
          "x": 0.40667471289634705,
          "y": -0.3401721119880676,
          "z": 1.3179757595062256
        },
        "rotation_quaternion": {
          "w": 0.23034463822841644,
          "x": -0.881595253944397,
          "y": -0.3464765250682831,
          "z": 0.22290199995040894
        },
        "matrix": [
          [
            0.6605364680290222,
            0.5082160830497742,
            -0.5526370406150818,
            0.2707144618034363
          ],
          [
            0.7135931849479675,
            -0.6537907719612122,
            0.2516792416572571,
            -0.16526705026626587
          ],
          [
            -0.2334025502204895,
            -0.5606060028076172,
            -0.7945176959037781,
            1.4679515361785889
          ],
          [
            0.0,
            0.0,
            0.0,
            1.0
          ]
        ]
      },
      "bone_length_armature_space": 0.26752516995202597,
      "parent": "upperarm_l",
      "has_children": true,
      "is_end_bone": false
    },
    "metacarpal_thumb_l": {
      "name": "metacarpal_thumb_l",
      "local": {
        "location": {
          "x": 0.0,
          "y": 0.0,
          "z": 0.0
        },
        "rotation_quaternion": {
          "w": 0.999832272529602,
          "x": 0.0015677056508138776,
          "y": 0.013180414214730263,
          "z": -0.012619775719940662
        },
        "scale": {
          "x": 1.0,
          "y": 1.0,
          "z": 1.0
        },
        "matrix_basis": [
          [
            0.9993340373039246,
            0.02527664415538311,
            0.026316838338971138,
            0.0
          ],
          [
            -0.025193991139531136,
            0.9996765851974487,
            -0.003467553062364459,
            0.0
          ],
          [
            -0.026395974680781364,
            0.002802217612043023,
            0.9996476173400879,
            0.0
          ],
          [
            0.0,
            0.0,
            0.0,
            1.0
          ]
        ],
        "rotation_mode": "QUATERNION"
      },
      "armature_space": {
        "head": {
          "x": 0.40667471289634705,
          "y": -0.40341609716415405,
          "z": 0.3681216835975647
        },
        "tail": {
          "x": 0.41745293140411377,
          "y": -0.41571328043937683,
          "z": 0.3213645815849304
        }
      },
      "world_space": {
        "head": {
          "x": 0.40667471289634705,
          "y": -0.3401721119880676,
          "z": 1.3179757595062256
        },
        "tail": {
          "x": 0.41745293140411377,
          "y": -0.352469265460968,
          "z": 1.2712185382843018
        },
        "rotation_quaternion": {
          "w": 0.602072536945343,
          "x": -0.7225220799446106,
          "y": 0.11567120254039764,
          "z": -0.3195163905620575
        },
        "matrix": [
          [
            0.7690597772598267,
            0.21759352087974548,
            0.6009989976882935,
            0.40667471289634705
          ],
          [
            -0.5518926382064819,
            -0.2482588291168213,
            0.7961043119430542,
            -0.3401721119880676
          ],
          [
            0.32243239879608154,
            -0.9439456462860107,
            -0.07083732634782791,
            1.3179757595062256
          ],
          [
            0.0,
            0.0,
            0.0,
            1.0
          ]
        ]
      },
      "bone_length_armature_space": 0.04953400219292362,
      "parent": "lowerarm_l",
      "has_children": true,
      "is_end_bone": false
    },
    "thumb_01_l": {
      "name": "thumb_01_l",
      "local": {
        "location": {
          "x": 0.0,
          "y": 0.0,
          "z": 0.0
        },
        "rotation_quaternion": {
          "w": 0.9997134804725647,
          "x": -0.017453059554100037,
          "y": 0.0032549945171922445,
          "z": -0.0160541869699955
        },
        "scale": {
          "x": 1.0,
          "y": 1.0,
          "z": 1.0
        },
        "matrix_basis": [
          [
            0.9994633197784424,
            0.031985554844141006,
            0.007068512961268425,
            0.0
          ],
          [
            -0.032212793827056885,
            0.9988753199577332,
            0.034791603684425354,
            0.0
          ],
          [
            -0.0059477342292666435,
            -0.03500062972307205,
            0.9993695616722107,
            0.0
          ],
          [
            0.0,
            0.0,
            0.0,
            1.0
          ]
        ],
        "rotation_mode": "QUATERNION"
      },
      "armature_space": {
        "head": {
          "x": 0.41745293140411377,
          "y": -0.41571328043937683,
          "z": 0.3213645815849304
        },
        "tail": {
          "x": 0.4330638647079468,
          "y": -0.3991294503211975,
          "z": 0.2960681915283203
        }
      },
      "world_space": {
        "head": {
          "x": 0.41745293140411377,
          "y": -0.352469265460968,
          "z": 1.2712185382843018
        },
        "tail": {
          "x": 0.4330638647079468,
          "y": -0.3358854651451111,
          "z": 1.2459222078323364
        },
        "rotation_quaternion": {
          "w": 0.5981314182281494,
          "x": -0.10733581334352493,
          "y": 0.6211631298065186,
          "z": -0.4948475956916809
        },
        "matrix": [
          [
            -0.2614360749721527,
            0.45862501859664917,
            0.8493021130561829,
            0.41745293140411377
          ],
          [
            -0.7253144383430481,
            0.48720675706863403,
            -0.4863624572753906,
            -0.352469265460968
          ],
          [
            -0.6368488669395447,
            -0.7431686520576477,
            0.20527507364749908,
            1.2712185382843018
          ],
          [
            0.0,
            0.0,
            0.0,
            1.0
          ]
        ]
      },
      "bone_length_armature_space": 0.034038684566368355,
      "parent": "metacarpal_thumb_l",
      "has_children": true,
      "is_end_bone": false
    },
    "thumb_02_l": {
      "name": "thumb_02_l",
      "local": {
        "location": {
          "x": 0.0,
          "y": 0.0,
          "z": 0.0
        },
        "rotation_quaternion": {
          "w": 0.9943620562553406,
          "x": 0.10540874302387238,
          "y": -0.01054678950458765,
          "z": -0.004684553015977144
        },
        "scale": {
          "x": 1.0,
          "y": 1.0,
          "z": 1.0
        },
        "matrix_basis": [
          [
            0.9997336268424988,
            0.00709283584728837,
            -0.0219622403383255,
            0.0
          ],
          [
            -0.011539731174707413,
            0.9777340888977051,
            -0.20953010022640228,
            0.0
          ],
          [
            0.019987069070339203,
            0.2097277194261551,
            0.977555513381958,
            0.0
          ],
          [
            0.0,
            0.0,
            0.0,
            1.0
          ]
        ],
        "rotation_mode": "QUATERNION"
      },
      "armature_space": {
        "head": {
          "x": 0.4330638349056244,
          "y": -0.3991294205188751,
          "z": 0.2960682213306427
        },
        "tail": {
          "x": 0.45430660247802734,
          "y": -0.42623740434646606,
          "z": 0.27540209889411926
        }
      },
      "world_space": {
        "head": {
          "x": 0.4330638349056244,
          "y": -0.3358854055404663,
          "z": 1.2459222078323364
        },
        "tail": {
          "x": 0.45430660247802734,
          "y": -0.36299341917037964,
          "z": 1.225256085395813
        },
        "rotation_quaternion": {
          "w": 0.21980594098567963,
          "x": 0.2019597738981247,
          "y": 0.3379684388637543,
          "z": -0.8925665616989136
        },
        "matrix": [
          [
            -0.8217952847480774,
            0.5288950800895691,
            -0.21194878220558167,
            0.4330638349056244
          ],
          [
            -0.2558721601963043,
            -0.6749254465103149,
            -0.692101776599884,
            -0.3358854055404663
          ],
          [
            -0.5091028809547424,
            -0.5145384073257446,
            0.6899843811988831,
            1.2459222078323364
          ],
          [
            0.0,
            0.0,
            0.0,
            1.0
          ]
        ]
      },
      "bone_length_armature_space": 0.04016449408393452,
      "parent": "thumb_01_l",
      "has_children": true,
      "is_end_bone": false
    },
    "thumb_03_l": {
      "name": "thumb_03_l",
      "local": {
        "location": {
          "x": 0.0,
          "y": 0.0,
          "z": 0.0
        },
        "rotation_quaternion": {
          "w": 0.998839259147644,
          "x": 0.04812430962920189,
          "y": -0.0007417590240947902,
          "z": 0.0019719440024346113
        },
        "scale": {
          "x": 1.0,
          "y": 1.0,
          "z": 1.0
        },
        "matrix_basis": [
          [
            0.9999911189079285,
            -0.004010703414678574,
            -0.001291999127715826,
            0.0
          ],
          [
            0.0038679169956594706,
            0.9953603148460388,
            -0.0961398258805275,
            0.0
          ],
          [
            0.0016715929377824068,
            0.09613397717475891,
            0.9953669905662537,
            0.0
          ],
          [
            0.0,
            0.0,
            0.0,
            1.0
          ]
        ],
        "rotation_mode": "QUATERNION"
      },
      "armature_space": {
        "head": {
          "x": 0.4543065130710602,
          "y": -0.4262373447418213,
          "z": 0.2754020690917969
        },
        "tail": {
          "x": 0.4700724482536316,
          "y": -0.4517940580844879,
          "z": 0.2703840434551239
        }
      },
      "world_space": {
        "head": {
          "x": 0.4543065130710602,
          "y": -0.36299335956573486,
          "z": 1.225256085395813
        },
        "tail": {
          "x": 0.4700724482536316,
          "y": -0.3885500431060791,
          "z": 1.2202380895614624
        },
        "rotation_quaternion": {
          "w": 0.20193079113960266,
          "x": 0.4337508976459503,
          "y": 0.1987534463405609,
          "z": -0.8553252220153809
        },
        "matrix": [
          [
            -0.542168378829956,
            0.5178520679473877,
            -0.6617268323898315,
            0.4543065130710602
          ],
          [
            -0.173014834523201,
            -0.8394420146942139,
            -0.5151726007461548,
            -0.36299335956573486
          ],
          [
            -0.8222705721855164,
            -0.16482362151145935,
            0.5447184443473816,
            1.225256085395813
          ],
          [
            0.0,
            0.0,
            0.0,
            1.0
          ]
        ]
      },
      "bone_length_armature_space": 0.030444882683320344,
      "parent": "thumb_02_l",
      "has_children": false,
      "is_end_bone": true
    },
    "metacarpal_index_l": {
      "name": "metacarpal_index_l",
      "local": {
        "location": {
          "x": 0.0,
          "y": 0.0,
          "z": 0.0
        },
        "rotation_quaternion": {
          "w": 0.9996965527534485,
          "x": -0.022425642237067223,
          "y": 0.004556372761726379,
          "z": -0.009124062955379486
        },
        "scale": {
          "x": 1.0,
          "y": 1.0,
          "z": 1.0
        },
        "matrix_basis": [
          [
            0.9997919797897339,
            0.018038230016827583,
            0.00951920635998249,
            0.0
          ],
          [
            -0.018446948379278183,
            0.9988276958465576,
            0.044754527509212494,
            0.0
          ],
          [
            -0.00870075449347496,
            -0.044920820742845535,
            0.9989526867866516,
            0.0
          ],
          [
            0.0,
            0.0,
            0.0,
            1.0
          ]
        ],
        "rotation_mode": "QUATERNION"
      },
      "armature_space": {
        "head": {
          "x": 0.40667471289634705,
          "y": -0.40341609716415405,
          "z": 0.3681216835975647
        },
        "tail": {
          "x": 0.4487173557281494,
          "y": -0.46732646226882935,
          "z": 0.27936798334121704
        }
      },
      "world_space": {
        "head": {
          "x": 0.40667471289634705,
          "y": -0.3401721119880676,
          "z": 1.3179757595062256
        },
        "tail": {
          "x": 0.4487173557281494,
          "y": -0.4040824770927429,
          "z": 1.229222059249878
        },
        "rotation_quaternion": {
          "w": 0.4597262442111969,
          "x": -0.8657046556472778,
          "y": -0.12621839344501495,
          "z": -0.15256500244140625
        },
        "matrix": [
          [
            0.9215856790542603,
            0.3588120639324188,
            0.14809928834438324,
            0.40667471289634705
          ],
          [
            0.07826107740402222,
            -0.5454419255256653,
            0.8344869017601013,
            -0.3401721119880676
          ],
          [
            0.3802063465118408,
            -0.757466733455658,
            -0.5307555198669434,
            1.3179757595062256
          ],
          [
            0.0,
            0.0,
            0.0,
            1.0
          ]
        ]
      },
      "bone_length_armature_space": 0.1171722585978882,
      "parent": "lowerarm_l",
      "has_children": true,
      "is_end_bone": false
    },
    "index_01_l": {
      "name": "index_01_l",
      "local": {
        "location": {
          "x": 0.0,
          "y": 0.0,
          "z": 0.0
        },
        "rotation_quaternion": {
          "w": 0.993883490562439,
          "x": -0.10926474630832672,
          "y": 0.012650292366743088,
          "z": -0.009840434417128563
        },
        "scale": {
          "x": 1.0,
          "y": 1.0,
          "z": 1.0
        },
        "matrix_basis": [
          [
            0.9994862675666809,
            0.01679602824151516,
            0.02729625813663006,
            0.0
          ],
          [
            -0.022324953228235245,
            0.975928783416748,
            0.2169438898563385,
            0.0
          ],
          [
            -0.02299540862441063,
            -0.21744182705879211,
            0.9758023619651794,
            0.0
          ],
          [
            0.0,
            0.0,
            0.0,
            1.0
          ]
        ],
        "rotation_mode": "QUATERNION"
      },
      "armature_space": {
        "head": {
          "x": 0.4487173557281494,
          "y": -0.46732646226882935,
          "z": 0.27936798334121704
        },
        "tail": {
          "x": 0.4651243984699249,
          "y": -0.4884002208709717,
          "z": 0.2693791687488556
        }
      },
      "world_space": {
        "head": {
          "x": 0.4487173557281494,
          "y": -0.4040824770927429,
          "z": 1.229222059249878
        },
        "tail": {
          "x": 0.4651243984699249,
          "y": -0.42515623569488525,
          "z": 1.2192331552505493
        },
        "rotation_quaternion": {
          "w": 0.2757827639579773,
          "x": -0.8846051096916199,
          "y": -0.23327018320560455,
          "z": -0.2949623465538025
        },
        "matrix": [
          [
            0.7171646356582642,
            0.5753952860832214,
            0.39318570494651794,
            0.4487173557281494
          ],
          [
            0.25001412630081177,
            -0.7390577793121338,
            0.6255291104316711,
            -0.4040824770927429
          ],
          [
            0.6505182981491089,
            -0.35030853748321533,
            -0.6738872528076172,
            1.229222059249878
          ],
          [
            0.0,
            0.0,
            0.0,
            1.0
          ]
        ]
      },
      "bone_length_armature_space": 0.0285143956174943,
      "parent": "metacarpal_index_l",
      "has_children": true,
      "is_end_bone": false
    },
    "index_02_l": {
      "name": "index_02_l",
      "local": {
        "location": {
          "x": 0.0,
          "y": 0.0,
          "z": 0.0
        },
        "rotation_quaternion": {
          "w": 0.996951162815094,
          "x": 0.07773043215274811,
          "y": -0.0013896372402086854,
          "z": 0.006678584031760693
        },
        "scale": {
          "x": 1.0,
          "y": 1.0,
          "z": 1.0
        },
        "matrix_basis": [
          [
            0.9999069571495056,
            -0.013532478362321854,
            -0.001732542528770864,
            0.0
          ],
          [
            0.013100409880280495,
            0.9878267645835876,
            -0.15500545501708984,
            0.0
          ],
          [
            0.0038090592715889215,
            0.15496832132339478,
            0.987912118434906,
            0.0
          ],
          [
            0.0,
            0.0,
            0.0,
            1.0
          ]
        ],
        "rotation_mode": "QUATERNION"
      },
      "armature_space": {
        "head": {
          "x": 0.46512454748153687,
          "y": -0.4884003698825836,
          "z": 0.269378662109375
        },
        "tail": {
          "x": 0.48111647367477417,
          "y": -0.5052595734596252,
          "z": 0.25851044058799744
        }
      },
      "world_space": {
        "head": {
          "x": 0.46512454748153687,
          "y": -0.4251563549041748,
          "z": 1.2192326784133911
        },
        "tail": {
          "x": 0.48111647367477417,
          "y": -0.4420155882835388,
          "z": 1.208364486694336
        },
        "rotation_quaternion": {
          "w": 0.3180682063102722,
          "x": -0.8750182390213013,
          "y": -0.26501885056495667,
          "z": -0.25088009238243103
        },
        "matrix": [
          [
            0.7336485385894775,
            0.6233869194984436,
            0.27045997977256775,
            0.46512454748153687
          ],
          [
            0.3042002022266388,
            -0.6571952104568481,
            0.6896063089370728,
            -0.4251563549041748
          ],
          [
            0.6076411008834839,
            -0.42365822196006775,
            -0.6717888712882996,
            1.2192326784133911
          ],
          [
            0.0,
            0.0,
            0.0,
            1.0
          ]
        ]
      },
      "bone_length_armature_space": 0.02565331738590247,
      "parent": "index_01_l",
      "has_children": true,
      "is_end_bone": false
    },
    "index_03_l": {
      "name": "index_03_l",
      "local": {
        "location": {
          "x": 0.0,
          "y": 0.0,
          "z": 0.0
        },
        "rotation_quaternion": {
          "w": 0.999837338924408,
          "x": 0.01747671701014042,
          "y": -0.004010288510471582,
          "z": 0.0020018985960632563
        },
        "scale": {
          "x": 1.0,
          "y": 1.0,
          "z": 1.0
        },
        "matrix_basis": [
          [
            0.9999598264694214,
            -0.004143319092690945,
            -0.007949299179017544,
            0.0
          ],
          [
            0.003862972604110837,
            0.9993811249732971,
            -0.034963805228471756,
            0.0
          ],
          [
            0.008089245297014713,
            0.034931693226099014,
            0.9993569850921631,
            0.0
          ],
          [
            0.0,
            0.0,
            0.0,
            1.0
          ]
        ],
        "rotation_mode": "QUATERNION"
      },
      "armature_space": {
        "head": {
          "x": 0.4811164140701294,
          "y": -0.50525963306427,
          "z": 0.2585105299949646
        },
        "tail": {
          "x": 0.5019978284835815,
          "y": -0.5209707617759705,
          "z": 0.24543917179107666
        }
      },
      "world_space": {
        "head": {
          "x": 0.4811164140701294,
          "y": -0.4420156478881836,
          "z": 1.208364486694336
        },
        "tail": {
          "x": 0.5019978284835815,
          "y": -0.45772677659988403,
          "z": 1.1952931880950928
        },
        "rotation_quaternion": {
          "w": 0.3696019947528839,
          "x": -0.832990288734436,
          "y": -0.30747339129447937,
          "z": -0.27382802963256836
        },
        "matrix": [
          [
            0.6609566807746887,
            0.7146598100662231,
            0.2289053350687027,
            0.4811164140701294
          ],
          [
            0.3098318576812744,
            -0.5377088785171509,
            0.7841387391090393,
            -0.4420156478881836
          ],
          [
            0.6834819316864014,
            -0.4473631978034973,
            -0.5768300294876099,
            1.208364486694336
          ],
          [
            0.0,
            0.0,
            0.0,
            1.0
          ]
        ]
      },
      "bone_length_armature_space": 0.029218717470826692,
      "parent": "index_02_l",
      "has_children": false,
      "is_end_bone": true
    },
    "metacarpal_pinky_l": {
      "name": "metacarpal_pinky_l",
      "local": {
        "location": {
          "x": 0.0,
          "y": 0.0,
          "z": 0.0
        },
        "rotation_quaternion": {
          "w": 0.9996410608291626,
          "x": -0.023573201149702072,
          "y": -0.008932068943977356,
          "z": 0.009068906307220459
        },
        "scale": {
          "x": 1.0,
          "y": 1.0,
          "z": 1.0
        },
        "matrix_basis": [
          [
            0.9996759295463562,
            -0.017710186541080475,
            -0.018285291269421577,
            0.0
          ],
          [
            0.018552416935563087,
            0.998724102973938,
            0.04696747288107872,
            0.0
          ],
          [
            0.01743016019463539,
            -0.04729148745536804,
            0.9987290501594543,
            0.0
          ],
          [
            0.0,
            0.0,
            0.0,
            1.0
          ]
        ],
        "rotation_mode": "QUATERNION"
      },
      "armature_space": {
        "head": {
          "x": 0.40667471289634705,
          "y": -0.40341609716415405,
          "z": 0.3681216835975647
        },
        "tail": {
          "x": 0.4787960350513458,
          "y": -0.4728299379348755,
          "z": 0.3394256830215454
        }
      },
      "world_space": {
        "head": {
          "x": 0.40667471289634705,
          "y": -0.3401721119880676,
          "z": 1.3179757595062256
        },
        "tail": {
          "x": 0.4787960350513458,
          "y": -0.40958595275878906,
          "z": 1.2892796993255615
        },
        "rotation_quaternion": {
          "w": 0.1794470250606537,
          "x": 0.6135423183441162,
          "y": 0.36673763394355774,
          "z": -0.6759201884269714
        },
        "matrix": [
          [
            -0.18272995948791504,
            0.6926034688949585,
            -0.6977893114089966,
            0.40667471289634705
          ],
          [
            0.20743365585803986,
            -0.6666026711463928,
            -0.7159693837165833,
            -0.3401721119880676
          ],
          [
            -0.961037814617157,
            -0.2755766212940216,
            -0.021861877292394638,
            1.3179757595062256
          ],
          [
            0.0,
            0.0,
            0.0,
            1.0
          ]
        ]
      },
      "bone_length_armature_space": 0.10413081497766342,
      "parent": "lowerarm_l",
      "has_children": true,
      "is_end_bone": false
    },
    "pinky_01_l": {
      "name": "pinky_01_l",
      "local": {
        "location": {
          "x": 0.0,
          "y": 0.0,
          "z": 0.0
        },
        "rotation_quaternion": {
          "w": 0.9631889462471008,
          "x": 0.2683982253074646,
          "y": -0.007374248001724482,
          "z": -0.013239807449281216
        },
        "scale": {
          "x": 1.0,
          "y": 1.0,
          "z": 1.0
        },
        "matrix_basis": [
          [
            0.9995406270027161,
            0.02154640294611454,
            -0.021312670782208443,
            0.0
          ],
          [
            -0.02946334332227707,
            0.8555741906166077,
            -0.5168411135673523,
            0.0
          ],
          [
            0.007098506670445204,
            0.5172317028045654,
            0.8558160066604614,
            0.0
          ],
          [
            0.0,
            0.0,
            0.0,
            1.0
          ]
        ],
        "rotation_mode": "QUATERNION"
      },
      "armature_space": {
        "head": {
          "x": 0.4787960350513458,
          "y": -0.4728299379348755,
          "z": 0.3394256830215454
        },
        "tail": {
