{
  "metadata": {
    "armature_name": "KIM_caucasian_male",
    "export_time": "2026-01-13T21:12:47.803744",
    "blender_version": "4.4.1",
    "bone_count": 56,
    "end_bone_count": 13,
    "spaces_included": [
      "LOCAL_CHANNELS",
      "ARMATURE_SPACE",
      "WORLD_SPACE"
    ],
    "note": "LOCAL matches Transform panel; replay pose via local.matrix_basis for best fidelity."
  },
  "bones": {
    "Root": {
      "name": "Root",
      "local": {
        "location": {
          "x": 0.0,
          "y": 0.0,
          "z": 0.0
        },
        "rotation_quaternion": {
          "w": 0.9998035430908203,
          "x": -0.0019175127381458879,
          "y": 0.000433773675467819,
          "z": 0.019726477563381195
        },
        "scale": {
          "x": 1.0,
          "y": 1.0,
          "z": 1.0
        },
        "matrix_basis": [
          [
            0.9992213845252991,
            -0.0394468680024147,
            0.0007917253533378243,
            0.0
          ],
          [
            0.03944354131817818,
            0.9992143511772156,
            0.003851385787129402,
            0.0
          ],
          [
            -0.0009430284844711423,
            -0.003817158518359065,
            0.9999922513961792,
            0.0
          ],
          [
            0.0,
            0.0,
            0.0,
            1.0
          ]
        ],
        "rotation_mode": "QUATERNION"
      },
      "armature_space": {
        "head": {
          "x": 0.0,
          "y": 0.07072800397872925,
          "z": -0.009595036506652832
        },
        "tail": {
          "x": -0.0028155543841421604,
          "y": 9.219348430633545e-05,
          "z": 0.0002624429762363434
        }
      },
      "world_space": {
        "head": {
          "x": 0.0,
          "y": 0.13397200405597687,
          "z": 0.9402589797973633
        },
        "tail": {
          "x": -0.0028155543841421604,
          "y": 0.06333619356155396,
          "z": 0.9501164555549622
        },
        "rotation_quaternion": {
          "w": 0.06926757097244263,
          "x": 0.9974029660224915,
          "y": -0.019652443006634712,
          "z": 0.0017617199337109923
        },
        "matrix": [
          [
            0.9992213845252991,
            -0.0394468680024147,
            0.0007917253533378243,
            0.0
          ],
          [
            -0.03895874693989754,
            -0.9896315336227417,
            -0.13824507594108582,
            0.13397200405597687
          ],
          [
            0.006236858665943146,
            0.13810661435127258,
            -0.9904047846794128,
            0.9402589797973633
          ],
          [
            0.0,
            0.0,
            0.0,
            1.0
          ]
        ]
      },
      "bone_length_armature_space": 0.0713758711815285,
      "parent": null,
      "has_children": true,
      "is_end_bone": false
    },
    "spine_01": {
      "name": "spine_01",
      "local": {
        "location": {
          "x": 0.0,
          "y": 0.0,
          "z": 0.0
        },
        "rotation_quaternion": {
          "w": 0.9895049929618835,
          "x": 0.1139717847108841,
          "y": 0.03130801022052765,
          "z": 0.0831274464726448
        },
        "scale": {
          "x": 1.0,
          "y": 1.0,
          "z": 1.0
        },
        "matrix_basis": [
          [
            0.9842192530632019,
            -0.1573735922574997,
            0.08090723305940628,
            0.0
          ],
          [
            0.17164650559425354,
            0.9602005481719971,
            -0.22034619748592377,
            0.0
          ],
          [
            -0.04301049932837486,
            0.23075641691684723,
            0.97206050157547,
            0.0
          ],
          [
            0.0,
            0.0,
            0.0,
            1.0
          ]
        ],
        "rotation_mode": "QUATERNION"
      },
      "armature_space": {
        "head": {
          "x": -0.0028155543841421604,
          "y": 9.219348430633545e-05,
          "z": 0.0002624429762363434
        },
        "tail": {
          "x": -0.08596684783697128,
          "y": -0.08556047081947327,
          "z": 0.4734407961368561
        }
      },
      "world_space": {
        "head": {
          "x": -0.0028155543841421604,
          "y": 0.06333619356155396,
          "z": 0.9501164555549622
        },
        "tail": {
          "x": -0.08596684783697128,
          "y": -0.022316470742225647,
          "z": 1.4232947826385498
        },
        "rotation_quaternion": {
          "w": 0.6399945616722107,
          "x": 0.7632899880409241,
          "y": -0.0514606311917305,
          "z": 0.07174492627382278
        },
        "matrix": [
          [
            0.984408974647522,
            -0.17039157450199127,
            0.04365425184369087,
            -0.0028155543841421604
          ],
          [
            0.01327294111251831,
            -0.17551732063293457,
            -0.9843869209289551,
            0.06333619356155396
          ],
          [
            0.17539453506469727,
            0.9696253538131714,
            -0.1705213338136673,
            0.9501164555549622
          ],
          [
            0.0,
            0.0,
            0.0,
            1.0
          ]
        ]
      },
      "bone_length_armature_space": 0.4880043770679789,
      "parent": "Root",
      "has_children": true,
      "is_end_bone": false
    },
    "neck_01": {
      "name": "neck_01",
      "local": {
        "location": {
          "x": 0.0,
          "y": 0.0,
          "z": 0.0
        },
        "rotation_quaternion": {
          "w": 0.9927480220794678,
          "x": 0.04306825250387192,
          "y": -0.11196631193161011,
          "z": -0.007750092539936304
        },
        "scale": {
          "x": 1.0,
          "y": 1.0,
          "z": 1.0
        },
        "matrix_basis": [
          [
            0.9748069643974304,
            0.0057433913461863995,
            -0.22297623753547668,
            0.0
          ],
          [
            -0.02503216452896595,
            0.9961701035499573,
            -0.08377634733915329,
            0.0
          ],
          [
            0.22164110839366913,
            0.0872473418712616,
            0.9712173342704773,
            0.0
          ],
          [
            0.0,
            0.0,
            0.0,
            1.0
          ]
        ],
        "rotation_mode": "QUATERNION"
      },
      "armature_space": {
        "head": {
          "x": -0.09692871570587158,
          "y": -0.13255055248737335,
          "z": 0.5385215282440186
        },
        "tail": {
          "x": -0.10982757806777954,
          "y": -0.19486674666404724,
          "z": 0.6189019680023193
        }
      },
      "world_space": {
        "head": {
          "x": -0.09692871570587158,
          "y": -0.06930655241012573,
          "z": 1.4883755445480347
        },
        "tail": {
          "x": -0.10982757806777954,
          "y": -0.13162274658679962,
          "z": 1.5687559843063354
        },
        "rotation_quaternion": {
          "w": 0.4354683756828308,
          "x": 0.8963727951049805,
          "y": -0.08030565083026886,
          "z": -0.020841097459197044
        },
        "matrix": [
          [
            0.9862332344055176,
            -0.12581640481948853,
            -0.10730423033237457,
            -0.09692871570587158
          ],
          [
            -0.16211920976638794,
            -0.6078364253044128,
            -0.777336835861206,
            -0.06930655241012573
          ],
          [
            0.03257833421230316,
            0.7840362787246704,
            -0.6198707818984985,
            1.4883755445480347
          ],
          [
            0.0,
            0.0,
            0.0,
            1.0
          ]
        ]
      },
      "bone_length_armature_space": 0.10252172282327503,
      "parent": "spine_01",
      "has_children": true,
      "is_end_bone": false
    },
    "head": {
      "name": "head",
      "local": {
        "location": {
          "x": 0.0,
          "y": 0.0,
          "z": 0.0
        },
        "rotation_quaternion": {
          "w": 0.9773058891296387,
          "x": -0.016232388094067574,
          "y": 0.1694866567850113,
          "z": 0.12603212893009186
        },
        "scale": {
          "x": 1.0,
          "y": 1.0,
          "z": 1.0
        },
        "matrix_basis": [
          [
            0.9107803702354431,
            -0.25184622406959534,
            0.32718899846076965,
            0.0
          ],
          [
            0.24084153771400452,
            0.9677048325538635,
            0.07444954663515091,
            0.0
          ],
          [
            -0.3353722095489502,
            0.01099351141601801,
            0.9420215487480164,
            0.0
          ],
          [
            0.0,
            0.0,
            0.0,
            1.0
          ]
        ],
        "rotation_mode": "QUATERNION"
      },
      "armature_space": {
        "head": {
          "x": -0.10982758551836014,
          "y": -0.1948668360710144,
          "z": 0.618901789188385
        },
        "tail": {
          "x": -0.1604599505662918,
          "y": -0.2328922152519226,
          "z": 0.7604775428771973
        }
      },
      "world_space": {
        "head": {
          "x": -0.10982758551836014,
          "y": -0.13162283599376678,
          "z": 1.568755865097046
        },
        "tail": {
          "x": -0.1604599505662918,
          "y": -0.169648215174675,
          "z": 1.7103315591812134
        },
        "rotation_quaternion": {
          "w": 0.6098135709762573,
          "x": 0.7696723341941833,
          "y": -0.07440650463104248,
          "z": 0.1737687885761261
        },
        "matrix": [
          [
            0.9285364151000977,
            -0.32647043466567993,
            0.17674019932746887,
            -0.10982758551836014
          ],
          [
            0.09739404916763306,
            -0.24518227577209473,
            -0.9645726084709167,
            -0.13162283599376678
          ],
          [
            0.35824054479599,
            0.9128604531288147,
            -0.1958666443824768,
            1.568755865097046
          ],
          [
            0.0,
            0.0,
            0.0,
            1.0
          ]
        ]
      },
      "bone_length_armature_space": 0.15509113219984405,
      "parent": "neck_01",
      "has_children": false,
      "is_end_bone": true
    },
    "upperarm_l": {
      "name": "upperarm_l",
      "local": {
        "location": {
          "x": 0.0,
          "y": 0.0,
          "z": 0.0
        },
        "rotation_quaternion": {
          "w": 0.9963200092315674,
          "x": -0.05385420471429825,
          "y": -0.06114672124385834,
          "z": 0.026594333350658417
        },
        "scale": {
          "x": 1.0,
          "y": 1.0,
          "z": 1.0
        },
        "matrix_basis": [
          [
            0.9911076426506042,
            -0.04640691727399826,
            -0.12470784038305283,
            0.0
          ],
          [
            0.059578947722911835,
            0.9927849173545837,
            0.10405973345041275,
            0.0
          ],
          [
            0.11897896975278854,
            -0.11056435853242874,
            0.9867216348648071,
            0.0
          ],
          [
            0.0,
            0.0,
            0.0,
            1.0
          ]
        ],
        "rotation_mode": "QUATERNION"
      },
      "armature_space": {
        "head": {
          "x": 0.062323495745658875,
          "y": -0.12190282344818115,
          "z": 0.4991205334663391
        },
        "tail": {
          "x": 0.3201194405555725,
          "y": -0.08057921379804611,
          "z": 0.559463620185852
        }
      },
      "world_space": {
        "head": {
          "x": 0.062323495745658875,
          "y": -0.05865882337093353,
          "z": 1.448974609375
        },
        "tail": {
          "x": 0.3201194405555725,
          "y": -0.017335213720798492,
          "z": 1.5093176364898682
        },
        "rotation_quaternion": {
          "w": 0.5746756196022034,
          "x": 0.5262376666069031,
          "y": 0.49684327840805054,
          "z": -0.3820584714412689
        },
        "matrix": [
          [
            0.2143552452325821,
            0.9620348811149597,
            0.16894018650054932,
            0.062323495745658875
          ],
          [
            0.08379732072353363,
            0.154210165143013,
            -0.9844782948493958,
            -0.05865882337093353
          ],
          [
            -0.9731613993644714,
            0.22518646717071533,
            -0.047561466693878174,
            1.448974609375
          ],
          [
            0.0,
            0.0,
            0.0,
            1.0
          ]
        ]
      },
      "bone_length_armature_space": 0.2679695282652316,
      "parent": "spine_01",
      "has_children": true,
      "is_end_bone": false
    },
    "lowerarm_l": {
      "name": "lowerarm_l",
      "local": {
        "location": {
          "x": 0.0,
          "y": 0.0,
          "z": 0.0
        },
        "rotation_quaternion": {
          "w": 0.9459230899810791,
          "x": 0.14814509451389313,
          "y": 0.09591668844223022,
          "z": -0.2721811532974243
        },
        "scale": {
          "x": 1.0,
          "y": 1.0,
          "z": 1.0
        },
        "matrix_basis": [
          [
            0.8334348201751709,
            0.5433440208435059,
            0.10081501305103302,
            0.0
          ],
          [
            -0.4865056872367859,
            0.8079409003257751,
            -0.33248117566108704,
            0.0
          ],
          [
            -0.26210421323776245,
            0.22805429995059967,
            0.9377060532569885,
            0.0
          ],
          [
            0.0,
            0.0,
            0.0,
            1.0
          ]
        ],
        "rotation_mode": "QUATERNION"
      },
      "armature_space": {
        "head": {
          "x": 0.3201195001602173,
          "y": -0.08057926595211029,
          "z": 0.5594637393951416
        },
        "tail": {
          "x": 0.5699931383132935,
          "y": -0.14166945219039917,
          "z": 0.48597508668899536
        }
      },
      "world_space": {
        "head": {
          "x": 0.3201195001602173,
          "y": -0.01733526587486267,
          "z": 1.5093177556991577
        },
        "tail": {
          "x": 0.5699931383132935,
          "y": -0.07842545211315155,
          "z": 1.4358291625976562
        },
        "rotation_quaternion": {
          "w": 0.317836195230484,
          "x": 0.5328218936920166,
          "y": 0.5336698889732361,
          "z": -0.574697732925415
        },
        "matrix": [
          [
            -0.23016037046909332,
            0.9340215921401978,
            -0.2731843888759613,
            0.3201195001602173
          ],
          [
            0.20338428020477295,
            -0.2283536195755005,
            -0.9520975351333618,
            -0.01733526587486267
          ],
          [
            -0.9516686797142029,
            -0.27469873428344727,
            -0.13740918040275574,
            1.5093177556991577
          ],
          [
            0.0,
            0.0,
            0.0,
            1.0
          ]
        ]
      },
      "bone_length_armature_space": 0.2675246290519254,
      "parent": "upperarm_l",
      "has_children": true,
      "is_end_bone": false
    },
    "metacarpal_thumb_l": {
      "name": "metacarpal_thumb_l",
      "local": {
        "location": {
          "x": 0.0,
          "y": 0.0,
          "z": 0.0
        },
        "rotation_quaternion": {
          "w": 0.9997849464416504,
          "x": -0.000385585764888674,
          "y": 0.012083079665899277,
          "z": -0.016856828704476357
        },
        "scale": {
          "x": 1.0,
          "y": 1.0,
          "z": 1.0
        },
        "matrix_basis": [
          [
            0.999139666557312,
            0.033697087317705154,
            0.024173961952328682,
            0.0
          ],
          [
            -0.03371572494506836,
            0.9994313716888428,
            0.0003636408655438572,
            0.0
          ],
          [
            -0.024147963151335716,
            -0.0011783704394474626,
            0.9997076988220215,
            0.0
          ],
          [
            0.0,
            0.0,
            0.0,
            1.0
          ]
        ],
        "rotation_mode": "QUATERNION"
      },
      "armature_space": {
        "head": {
          "x": 0.5699931383132935,
          "y": -0.14166945219039917,
          "z": 0.48597508668899536
        },
        "tail": {
          "x": 0.5976783037185669,
          "y": -0.17538894712924957,
          "z": 0.46252042055130005
        }
      },
      "world_space": {
        "head": {
          "x": 0.5699931383132935,
          "y": -0.07842545211315155,
          "z": 1.4358291625976562
        },
        "tail": {
          "x": 0.5976783037185669,
          "y": -0.11214494705200195,
          "z": 1.412374496459961
        },
        "rotation_quaternion": {
          "w": 0.21493901312351227,
          "x": -0.9083964824676514,
          "y": -0.33679628372192383,
          "z": 0.12322940677404404
        },
        "matrix": [
          [
            0.7427648901939392,
            0.5589156150817871,
            -0.36866429448127747,
            0.5699931383132935
          ],
          [
            0.6648632287979126,
            -0.6807389855384827,
            0.3074920177459717,
            -0.07842545211315155
          ],
          [
            -0.07910207659006119,
            -0.4735094904899597,
            -0.8772373795509338,
            1.4358291625976562
          ],
          [
            0.0,
            0.0,
            0.0,
            1.0
          ]
        ]
      },
      "bone_length_armature_space": 0.04953376746511441,
      "parent": "lowerarm_l",
      "has_children": true,
      "is_end_bone": false
    },
    "thumb_01_l": {
      "name": "thumb_01_l",
      "local": {
        "location": {
          "x": 0.0,
          "y": 0.0,
          "z": 0.0
        },
        "rotation_quaternion": {
          "w": 0.9978994131088257,
          "x": 0.06441926956176758,
          "y": -0.005884621292352676,
          "z": -0.0035071722231805325
        },
        "scale": {
          "x": 1.0,
          "y": 1.0,
          "z": 1.0
        },
        "matrix_basis": [
          [
            0.9999061226844788,
            0.006241444032639265,
            -0.012196378782391548,
            0.0
          ],
          [
            -0.007757776416838169,
            0.9916757345199585,
            -0.12852662801742554,
            0.0
          ],
          [
            0.011292661540210247,
            0.12860918045043945,
            0.991631031036377,
            0.0
          ],
          [
            0.0,
            0.0,
            0.0,
            1.0
          ]
        ],
        "rotation_mode": "QUATERNION"
      },
      "armature_space": {
        "head": {
          "x": 0.5976783037185669,
          "y": -0.17538894712924957,
          "z": 0.46252042055130005
        },
        "tail": {
          "x": 0.6013028621673584,
          "y": -0.18297402560710907,
          "z": 0.42953604459762573
        }
      },
      "world_space": {
        "head": {
          "x": 0.5976783037185669,
          "y": -0.11214494705200195,
          "z": 1.412374496459961
        },
        "tail": {
          "x": 0.6013028621673584,
          "y": -0.11973002552986145,
          "z": 1.379390001296997
        },
        "rotation_quaternion": {
          "w": 0.5855289697647095,
          "x": -0.7007764577865601,
          "y": 0.21386311948299408,
          "z": -0.34688735008239746
        },
        "matrix": [
          [
            0.6678640842437744,
            0.10648420453071594,
            0.736626386642456,
            0.5976783037185669
          ],
          [
            -0.7059646844863892,
            -0.2228376865386963,
            0.6722775101661682,
            -0.11214494705200195
          ],
          [
            0.23573607206344604,
            -0.9690294861793518,
            -0.07365117967128754,
            1.412374496459961
          ],
          [
            0.0,
            0.0,
            0.0,
            1.0
          ]
        ]
      },
      "bone_length_armature_space": 0.03403879980713216,
      "parent": "metacarpal_thumb_l",
      "has_children": true,
      "is_end_bone": false
    },
    "thumb_02_l": {
      "name": "thumb_02_l",
      "local": {
        "location": {
          "x": 0.0,
          "y": 0.0,
          "z": 0.0
        },
        "rotation_quaternion": {
          "w": 0.9928591251373291,
          "x": 0.11925238370895386,
          "y": -0.0022598393261432648,
          "z": -0.002131952904164791
        },
        "scale": {
          "x": 1.0,
          "y": 1.0,
          "z": 1.0
        },
        "matrix_basis": [
          [
            0.9999806880950928,
            0.003694475395604968,
            -0.00499588530510664,
            0.0
          ],
          [
            -0.004772440064698458,
            0.9715486764907837,
            -0.23679199814796448,
            0.0
          ],
          [
            0.003978923428803682,
            0.23681126534938812,
            0.971547544002533,
            0.0
          ],
          [
            0.0,
            0.0,
            0.0,
            1.0
          ]
        ],
        "rotation_mode": "QUATERNION"
      },
      "armature_space": {
        "head": {
          "x": 0.6013028025627136,
          "y": -0.18297402560710907,
          "z": 0.42953604459762573
        },
        "tail": {
          "x": 0.6408670544624329,
          "y": -0.18626117706298828,
          "z": 0.42344969511032104
        }
      },
      "world_space": {
        "head": {
          "x": 0.6013028025627136,
          "y": -0.11973002552986145,
          "z": 1.379390001296997
        },
        "tail": {
          "x": 0.6408670544624329,
          "y": -0.12301717698574066,
          "z": 1.3733036518096924
        },
        "rotation_quaternion": {
          "w": 0.6751506924629211,
          "x": -0.1725919395685196,
          "y": -0.05700823292136192,
          "z": -0.7149361968040466
        },
        "matrix": [
          [
            -0.02876679226756096,
            0.9850577712059021,
            0.1698043793439865,
            0.6013028025627136
          ],
          [
            -0.9457003474235535,
            -0.08184238523244858,
            0.31456711888313293,
            -0.11973002552986145
          ],
          [
            0.32376545667648315,
            -0.151536226272583,
            0.9339308142662048,
            1.379390001296997
          ],
          [
            0.0,
            0.0,
            0.0,
            1.0
          ]
        ]
      },
      "bone_length_armature_space": 0.04016440083481947,
      "parent": "thumb_01_l",
      "has_children": true,
      "is_end_bone": false
    },
    "thumb_03_l": {
      "name": "thumb_03_l",
      "local": {
        "location": {
          "x": 0.0,
          "y": 0.0,
          "z": 0.0
        },
        "rotation_quaternion": {
          "w": 0.9955458045005798,
          "x": 0.09408213198184967,
          "y": -0.003416036255657673,
          "z": 0.005044387653470039
        },
        "scale": {
          "x": 1.0,
          "y": 1.0,
          "z": 1.0
        },
        "matrix_basis": [
          [
            0.9999257922172546,
            -0.010686613619327545,
            -0.005852467846125364,
            0.0
          ],
          [
            0.009401061572134495,
            0.9822462201118469,
            -0.18736061453819275,
            0.0
          ],
          [
            0.007750814780592918,
            0.18729168176651,
            0.9822737574577332,
            0.0
          ],
          [
            0.0,
            0.0,
            0.0,
            1.0
          ]
        ],
        "rotation_mode": "QUATERNION"
      },
      "armature_space": {
        "head": {
          "x": 0.6408669948577881,
          "y": -0.18626123666763306,
          "z": 0.42344963550567627
        },
        "tail": {
          "x": 0.6700180172920227,
          "y": -0.18153491616249084,
          "z": 0.4308505058288574
        }
      },
      "world_space": {
        "head": {
          "x": 0.6408669948577881,
          "y": -0.12301723659038544,
          "z": 1.3733036518096924
        },
        "tail": {
          "x": 0.6700180172920227,
          "y": -0.11829091608524323,
          "z": 1.3807045221328735
        },
        "rotation_quaternion": {
          "w": 0.7576091289520264,
          "x": 0.10934656858444214,
          "y": -0.06041153147816658,
          "z": -0.6406421065330505
        },
        "matrix": [
          [
            0.171855628490448,
            0.9575008153915405,
            -0.23164160549640656,
            0.6408669948577881
          ],
          [
            -0.9839242696762085,
            0.15524190664291382,
            -0.08827779442071915,
            -0.12301723659038544
          ],
          [
            -0.04856683686375618,
            0.24309062957763672,
            0.9687942862510681,
            1.3733036518096924
          ],
          [
            0.0,
            0.0,
            0.0,
            1.0
          ]
        ]
      },
      "bone_length_armature_space": 0.030444918591226385,
      "parent": "thumb_02_l",
      "has_children": false,
      "is_end_bone": true
    },
    "metacarpal_index_l": {
      "name": "metacarpal_index_l",
      "local": {
        "location": {
          "x": 0.0,
          "y": 0.0,
          "z": 0.0
        },
        "rotation_quaternion": {
          "w": 0.9997289180755615,
          "x": -0.019136127084493637,
          "y": 0.012805266305804253,
          "z": -0.0034719249233603477
        },
        "scale": {
          "x": 1.0,
          "y": 1.0,
          "z": 1.0
        },
        "matrix_basis": [
          [
            0.9996479153633118,
            0.0064518810249865055,
            0.02573646791279316,
            0.0
          ],
          [
            -0.007432053796947002,
            0.9992434978485107,
            0.03817296028137207,
            0.0
          ],
          [
            -0.025470711290836334,
            -0.038350798189640045,
            0.9989396929740906,
            0.0
          ],
          [
            0.0,
            0.0,
            0.0,
            1.0
          ]
        ],
        "rotation_mode": "QUATERNION"
      },
      "armature_space": {
        "head": {
          "x": 0.5699931383132935,
          "y": -0.14166945219039917,
          "z": 0.48597508668899536
        },
        "tail": {
          "x": 0.665502667427063,
          "y": -0.19792917370796204,
          "z": 0.4480011463165283
        }
      },
      "world_space": {
        "head": {
          "x": 0.5699931383132935,
          "y": -0.07842545211315155,
          "z": 1.4358291625976562
        },
        "tail": {
          "x": 0.665502667427063,
          "y": -0.13468517363071442,
          "z": 1.3978551626205444
        },
        "rotation_quaternion": {
          "w": 0.007052906323224306,
          "x": -0.8037283420562744,
          "y": -0.5097803473472595,
          "z": 0.3067491054534912
        },
        "matrix": [
          [
            0.292056679725647,
            0.8151240348815918,
            -0.5002754926681519,
            0.5699931383132935
          ],
          [
            0.8237766027450562,
            -0.48014751076698303,
            -0.3014145493507385,
            -0.07842545211315155
          ],
          [
            -0.4858989119529724,
            -0.32408782839775085,
            -0.8117163777351379,
            1.4358291625976562
          ],
          [
            0.0,
            0.0,
            0.0,
            1.0
          ]
        ]
      },
      "bone_length_armature_space": 0.11717186714248769,
      "parent": "lowerarm_l",
      "has_children": true,
      "is_end_bone": false
    },
    "index_01_l": {
      "name": "index_01_l",
      "local": {
        "location": {
          "x": 0.0,
          "y": 0.0,
          "z": 0.0
        },
        "rotation_quaternion": {
          "w": 0.9967290163040161,
          "x": -0.0799499899148941,
          "y": 0.011568140238523483,
          "z": -0.0023354082368314266
        },
        "scale": {
          "x": 1.0,
          "y": 1.0,
          "z": 1.0
        },
        "matrix_basis": [
          [
            0.9997214674949646,
            0.002805792959406972,
            0.02343403361737728,
            0.0
          ],
          [
            -0.006505283527076244,
            0.9872050881385803,
            0.15932291746139526,
            0.0
          ],
          [
            -0.022687170654535294,
            -0.15943098068237305,
            0.9869483709335327,
            0.0
          ],
          [
            0.0,
            0.0,
            0.0,
            1.0
          ]
        ],
        "rotation_mode": "QUATERNION"
      },
      "armature_space": {
        "head": {
          "x": 0.665502667427063,
          "y": -0.19792917370796204,
          "z": 0.4480011463165283
        },
        "tail": {
          "x": 0.6932628750801086,
          "y": -0.1998978555202484,
          "z": 0.4417910575866699
        }
      },
      "world_space": {
        "head": {
          "x": 0.665502667427063,
          "y": -0.13468517363071442,
          "z": 1.3978551626205444
        },
        "tail": {
          "x": 0.6932628750801086,
          "y": -0.1366538554430008,
          "z": 1.391645073890686
        },
        "rotation_quaternion": {
          "w": 0.030530689284205437,
          "x": 0.7056182026863098,
          "y": 0.6815764307975769,
          "z": -0.19137512147426605
        },
        "matrix": [
          [
            -0.002342591993510723,
            0.9735513925552368,
            -0.22845590114593506,
            0.665502667427063
          ],
          [
            0.9501794576644897,
            -0.06904198229312897,
            -0.30396154522895813,
            -0.13468517363071442
          ],
          [
            -0.31169652938842773,
            -0.21778768301010132,
            -0.9248934984207153,
            1.3978551626205444
          ],
          [
            0.0,
            0.0,
            0.0,
            1.0
          ]
        ]
      },
      "bone_length_armature_space": 0.028514383401329873,
      "parent": "metacarpal_index_l",
      "has_children": true,
      "is_end_bone": false
    },
    "index_02_l": {
      "name": "index_02_l",
      "local": {
        "location": {
          "x": 0.0,
          "y": 0.0,
          "z": 0.0
        },
        "rotation_quaternion": {
          "w": 0.9822714924812317,
          "x": 0.18696723878383636,
          "y": 0.011498653329908848,
          "z": 0.007333034183830023
        },
        "scale": {
          "x": 1.0,
          "y": 1.0,
          "z": 1.0
        },
        "matrix_basis": [
          [
            0.9996280074119568,
            -0.010106317698955536,
            0.02533167228102684,
            0.0
          ],
          [
            0.018705803900957108,
            0.9299789667129517,
            -0.36713653802871704,
            0.0
          ],
          [
            -0.019847525283694267,
            0.3674738109111786,
            0.9298220872879028,
            0.0
          ],
          [
            0.0,
            0.0,
            0.0,
            1.0
          ]
        ],
        "rotation_mode": "QUATERNION"
      },
      "armature_space": {
        "head": {
          "x": 0.6932631731033325,
          "y": -0.19989819824695587,
          "z": 0.44179075956344604
        },
        "tail": {
          "x": 0.714851438999176,
          "y": -0.20429125428199768,
          "z": 0.4286476671695709
        }
      },
      "world_space": {
        "head": {
          "x": 0.6932631731033325,
          "y": -0.13665419816970825,
          "z": 1.3916447162628174
        },
        "tail": {
          "x": 0.714851438999176,
          "y": -0.14104725420475006,
          "z": 1.3785016536712646
        },
        "rotation_quaternion": {
          "w": 0.07374835759401321,
          "x": -0.6949405670166016,
          "y": -0.6394815444946289,
          "z": 0.3204406797885895
        },
        "matrix": [
          [
            -0.023240189999341965,
            0.8415403366088867,
            -0.5396941304206848,
            0.6932631731033325
          ],
          [
            0.9360665678977966,
            -0.17124757170677185,
            -0.3073335886001587,
            -0.13665419816970825
          ],
          [
            -0.3510565161705017,
            -0.5123357772827148,
            -0.7837637662887573,
            1.3916447162628174
          ],
          [
            0.0,
            0.0,
            0.0,
            1.0
          ]
        ]
      },
      "bone_length_armature_space": 0.025653324370201194,
      "parent": "index_01_l",
      "has_children": true,
      "is_end_bone": false
    },
    "index_03_l": {
      "name": "index_03_l",
      "local": {
        "location": {
          "x": 0.0,
          "y": 0.0,
          "z": 0.0
        },
        "rotation_quaternion": {
          "w": 0.9756494760513306,
          "x": 0.21927812695503235,
          "y": 0.002738343086093664,
          "z": -0.004208555445075035
        },
        "scale": {
          "x": 1.0,
          "y": 1.0,
          "z": 1.0
        },
        "matrix_basis": [
          [
            0.99994957447052,
            0.009413067251443863,
            0.003497637575492263,
            0.0
          ],
          [
            -0.007011232431977987,
            0.9037987589836121,
            -0.4279002249240875,
            0.0
          ],
          [
            -0.007189014460891485,
            0.42785412073135376,
            0.90381920337677,
            0.0
          ],
          [
            0.0,
            0.0,
            0.0,
            1.0
          ]
        ],
        "rotation_mode": "QUATERNION"
      },
      "armature_space": {
        "head": {
          "x": 0.7148514986038208,
          "y": -0.2042912393808365,
          "z": 0.42864781618118286
        },
        "tail": {
          "x": 0.7278578281402588,
          "y": -0.20981214940547943,
          "z": 0.4030725359916687
        }
      },
      "world_space": {
        "head": {
          "x": 0.7148514986038208,
          "y": -0.14104723930358887,
          "z": 1.3785018920898438
        },
        "tail": {
          "x": 0.7278578281402588,
          "y": -0.1465681493282318,
          "z": 1.35292649269104
        },
        "rotation_quaternion": {
          "w": 0.2894326448440552,
          "x": -0.6236829161643982,
          "y": -0.567232072353363,
          "z": 0.4533167779445648
        },
        "matrix": [
          [
            -0.05449926480650902,
            0.44513747096061707,
            -0.8938022255897522,
            0.7148514986038208
          ],
          [
            0.9699552655220032,
            -0.1889515370130539,
            -0.15324564278125763,
            -0.14104723930358887
          ],
          [
            -0.2371014505624771,
            -0.875306248664856,
            -0.4214688837528229,
            1.3785018920898438
          ],
          [
            0.0,
            0.0,
            0.0,
            1.0
          ]
        ]
      },
      "bone_length_armature_space": 0.029218829870662672,
      "parent": "index_02_l",
      "has_children": false,
      "is_end_bone": true
    },
    "metacarpal_pinky_l": {
      "name": "metacarpal_pinky_l",
      "local": {
        "location": {
          "x": 0.0,
          "y": 0.0,
          "z": 0.0
        },
        "rotation_quaternion": {
          "w": 0.9994276762008667,
          "x": -0.029349932447075844,
          "y": 0.010962005704641342,
          "z": -0.012758739292621613
        },
        "scale": {
          "x": 1.0,
          "y": 1.0,
          "z": 1.0
        },
        "matrix_basis": [
          [
            0.9994341135025024,
            0.024859406054019928,
            0.022660400718450546,
            0.0
          ],
          [
            -0.02614634297788143,
            0.9979515671730042,
            0.05838654562830925,
            0.0
          ],
          [
            -0.021162526682019234,
            -0.05894599109888077,
            0.9980368614196777,
            0.0
          ],
          [
            0.0,
            0.0,
            0.0,
            1.0
          ]
        ],
        "rotation_mode": "QUATERNION"
      },
      "armature_space": {
        "head": {
          "x": 0.5699931383132935,
          "y": -0.14166945219039917,
          "z": 0.48597508668899536
        },
        "tail": {
          "x": 0.6694272756576538,
          "y": -0.13360387086868286,
          "z": 0.45612502098083496
        }
      },
      "world_space": {
        "head": {
          "x": 0.5699931383132935,
          "y": -0.07842545211315155,
          "z": 1.4358291625976562
        },
        "tail": {
          "x": 0.6694272756576538,
          "y": -0.07035987079143524,
          "z": 1.405979037284851
        },
        "rotation_quaternion": {
          "w": 0.6780990958213806,
          "x": 0.0685475617647171,
          "y": 0.28091099858283997,
          "z": -0.6757010221481323
        },
        "matrix": [
          [
            -0.07096704095602036,
            0.954896867275238,
            0.28833234310150146,
            0.5699931383132935
          ],
          [
            -0.8778725862503052,
            0.07745622843503952,
            -0.47258928418159485,
            -0.07842545211315155
          ],
          [
            -0.4736112058162689,
            -0.286659300327301,
            0.8327862024307251,
            1.4358291625976562
          ],
          [
            0.0,
            0.0,
            0.0,
            1.0
          ]
        ]
      },
      "bone_length_armature_space": 0.10413082011334657,
      "parent": "lowerarm_l",
      "has_children": true,
      "is_end_bone": false
    },
    "pinky_01_l": {
      "name": "pinky_01_l",
      "local": {
        "location": {
          "x": 0.0,
          "y": 0.0,
          "z": 0.0
        },
        "rotation_quaternion": {
          "w": 0.9988551139831543,
          "x": 0.04743700101971626,
          "y": 0.0024852133356034756,
          "z": 0.005668173544108868
        },
        "scale": {
          "x": 1.0,
          "y": 1.0,
          "z": 1.0
        },
        "matrix_basis": [
          [
            0.9999234080314636,
            -0.011087586171925068,
            0.005502498243004084,
            0.0
          ],
          [
            0.01155915018171072,
            0.9954351782798767,
            -0.094737209379673,
            0.0
          ],
          [
            -0.00442697387188673,
            0.09479355812072754,
            0.9954870939254761,
            0.0
          ],
          [
            0.0,
            0.0,
            0.0,
            1.0
          ]
        ],
        "rotation_mode": "QUATERNION"
      },
      "armature_space": {
        "head": {
          "x": 0.6694272756576538,
          "y": -0.13360387086868286,
          "z": 0.45612502098083496
