{
  "metadata": {
    "armature_name": "KIM_caucasian_male",
    "export_time": "2026-01-13T19:12:03.373823",
    "blender_version": "4.4.1",
    "bone_count": 56,
    "end_bone_count": 13,
    "spaces_included": [
      "LOCAL_CHANNELS",
      "ARMATURE_SPACE",
      "WORLD_SPACE"
    ],
    "note": "LOCAL matches Transform panel; replay pose via local.matrix_basis for best fidelity."
  },
  "bones": {
    "Root": {
      "name": "Root",
      "local": {
        "location": {
          "x": 0.0,
          "y": 0.0,
          "z": 0.0
        },
        "rotation_quaternion": {
          "w": 0.9996486902236938,
          "x": -0.008676133118569851,
          "y": -0.009919327683746815,
          "z": 0.02299850806593895
        },
        "scale": {
          "x": 1.0,
          "y": 1.0,
          "z": 1.0
        },
        "matrix_basis": [
          [
            0.998745322227478,
            -0.04580873250961304,
            -0.020230762660503387,
            0.0
          ],
          [
            0.046152979135513306,
            0.9987915754318237,
            0.016889911144971848,
            0.0
          ],
          [
            0.019432609900832176,
            -0.01780243031680584,
            0.9996526837348938,
            0.0
          ],
          [
            0.0,
            0.0,
            0.0,
            1.0
          ]
        ],
        "rotation_mode": "QUATERNION"
      },
      "armature_space": {
        "head": {
          "x": 0.0,
          "y": 0.07072800397872925,
          "z": -0.009595036506652832
        },
        "tail": {
          "x": -0.003269638167694211,
          "y": 0.00025628507137298584,
          "z": 0.001247543841600418
        }
      },
      "world_space": {
        "head": {
          "x": 0.0,
          "y": 0.13397200405597687,
          "z": 0.9402589797973633
        },
        "tail": {
          "x": -0.003269638167694211,
          "y": 0.0635002851486206,
          "z": 0.951101541519165
        },
        "rotation_quaternion": {
          "w": 0.0760004073381424,
          "x": 0.9967932105064392,
          "y": -0.02361450530588627,
          "z": -0.00834743119776249
        },
        "matrix": [
          [
            0.998745322227478,
            -0.04580873250961304,
            -0.020230762660503387,
            0.0
          ],
          [
            -0.048346374183893204,
            -0.9873325228691101,
            -0.15111961960792542,
            0.13397200405597687
          ],
          [
            -0.01305202953517437,
            0.15190820395946503,
            -0.9883155226707458,
            0.9402589797973633
          ],
          [
            0.0,
            0.0,
            0.0,
            1.0
          ]
        ]
      },
      "bone_length_armature_space": 0.07137587319481616,
      "parent": null,
      "has_children": true,
      "is_end_bone": false
    },
    "spine_01": {
      "name": "spine_01",
      "local": {
        "location": {
          "x": 0.0,
          "y": 0.0,
          "z": 0.0
        },
        "rotation_quaternion": {
          "w": 0.9973875284194946,
          "x": 0.04363780468702316,
          "y": -0.02292705327272415,
          "z": 0.05280441790819168
        },
        "scale": {
          "x": 1.0,
          "y": 1.0,
          "z": 1.0
        },
        "matrix_basis": [
          [
            0.9933720827102661,
            -0.10733390599489212,
            -0.04112577438354492,
            0.0
          ],
          [
            0.10333196073770523,
            0.9906148910522461,
            -0.08946890383958817,
            0.0
          ],
          [
            0.050342850387096405,
            0.08462630212306976,
            0.9951401948928833,
            0.0
          ],
          [
            0.0,
            0.0,
            0.0,
            1.0
          ]
        ],
        "rotation_mode": "QUATERNION"
      },
      "armature_space": {
        "head": {
          "x": -0.003269638167694211,
          "y": 0.00025628507137298584,
          "z": 0.001247543841600418
        },
        "tail": {
          "x": -0.049746956676244736,
          "y": -0.007593028247356415,
          "z": 0.4869705140590668
        }
      },
      "world_space": {
        "head": {
          "x": -0.003269638167694211,
          "y": 0.0635002851486206,
          "z": 0.951101541519165
        },
        "tail": {
          "x": -0.049746956676244736,
          "y": 0.055650971829891205,
          "z": 1.4368245601654053
        },
        "rotation_quaternion": {
          "w": 0.6983277201652527,
          "x": 0.7127698659896851,
          "y": -0.0655425488948822,
          "z": 0.0012935163686051965
        },
        "matrix": [
          [
            0.9914048910140991,
            -0.09524016827344894,
            -0.08969706296920776,
            -0.003269638167694211
          ],
          [
            -0.09162753075361252,
            -0.016084618866443634,
            -0.9956634640693665,
            0.0635002851486206
          ],
          [
            0.09338498115539551,
            0.9953314065933228,
            -0.024674110114574432,
            0.951101541519165
          ],
          [
            0.0,
            0.0,
            0.0,
            1.0
          ]
        ]
      },
      "bone_length_armature_space": 0.4880046564890026,
      "parent": "Root",
      "has_children": true,
      "is_end_bone": false
    },
    "neck_01": {
      "name": "neck_01",
      "local": {
        "location": {
          "x": 0.0,
          "y": 0.0,
          "z": 0.0
        },
        "rotation_quaternion": {
          "w": 0.9869449138641357,
          "x": -0.13197286427021027,
          "y": 0.037968941032886505,
          "z": -0.08415010571479797
        },
        "scale": {
          "x": 1.0,
          "y": 1.0,
          "z": 1.0
        },
        "matrix_basis": [
          [
            0.9829542636871338,
            0.15608130395412445,
            0.0971575677394867,
            0.0
          ],
          [
            -0.17612478137016296,
            0.9510038495063782,
            0.2541097104549408,
            0.0
          ],
          [
            -0.05273544415831566,
            -0.2668900787830353,
            0.9622830748558044,
            0.0
          ],
          [
            0.0,
            0.0,
            0.0,
            1.0
          ]
        ],
        "rotation_mode": "QUATERNION"
      },
      "armature_space": {
        "head": {
          "x": -0.059831030666828156,
          "y": -0.04330076649785042,
          "z": 0.5589914321899414
        },
        "tail": {
          "x": -0.054552577435970306,
          "y": -0.05809299647808075,
          "z": 0.6603032946586609
        }
      },
      "world_space": {
        "head": {
          "x": -0.059831030666828156,
          "y": 0.0199432335793972,
          "z": 1.5088454484939575
        },
        "tail": {
          "x": -0.054552577435970306,
          "y": 0.00515100359916687,
          "z": 1.6101572513580322
        },
        "rotation_quaternion": {
          "w": 0.6536085605621338,
          "x": 0.7563374042510986,
          "y": 0.025561481714248657,
          "z": -0.009807188995182514
        },
        "matrix": [
          [
            0.9985008239746094,
            0.05148636922240257,
            0.0185796357691288,
            -0.059831030666828156
          ],
          [
            0.025846395641565323,
            -0.14428439736366272,
            -0.9891988635063171,
            0.0199432335793972
          ],
          [
            -0.048249803483486176,
            0.988202691078186,
            -0.14540086686611176,
            1.5088454484939575
          ],
          [
            0.0,
            0.0,
            0.0,
            1.0
          ]
        ]
      },
      "bone_length_armature_space": 0.10252202293684978,
      "parent": "spine_01",
      "has_children": true,
      "is_end_bone": false
    },
    "head": {
      "name": "head",
      "local": {
        "location": {
          "x": 0.0,
          "y": 0.0,
          "z": 0.0
        },
        "rotation_quaternion": {
          "w": 0.9827290177345276,
          "x": 0.046876437962055206,
          "y": -0.05031871050596237,
          "z": -0.17179781198501587
        },
        "scale": {
          "x": 1.0,
          "y": 1.0,
          "z": 1.0
        },
        "matrix_basis": [
          [
            0.9359070658683777,
            0.332943856716156,
            -0.11500585079193115,
            0.0
          ],
          [
            -0.3423789143562317,
            0.936576247215271,
            -0.07484438270330429,
            0.0
          ],
          [
            0.08279277384281158,
            0.1094229593873024,
            0.9905412793159485,
            0.0
          ],
          [
            0.0,
            0.0,
            0.0,
            1.0
          ]
        ],
        "rotation_mode": "QUATERNION"
      },
      "armature_space": {
        "head": {
          "x": -0.054552577435970306,
          "y": -0.05809313803911209,
          "z": 0.6603032350540161
        },
        "tail": {
          "x": 0.0034776292741298676,
          "y": -0.04104185104370117,
          "z": 0.8031143546104431
        }
      },
      "world_space": {
        "head": {
          "x": -0.054552577435970306,
          "y": 0.0051508620381355286,
          "z": 1.6101572513580322
        },
        "tail": {
          "x": 0.0034776292741298676,
          "y": 0.022202149033546448,
          "z": 1.7529683113098145
        },
        "rotation_quaternion": {
          "w": 0.7391873598098755,
          "x": 0.644451379776001,
          "y": 0.09259539097547531,
          "z": -0.17236773669719696
        },
        "matrix": [
          [
            0.9234307408332825,
            0.3741706609725952,
            -0.0852765440940857,
            -0.054552577435970306
          ],
          [
            -0.13548004627227783,
            0.10994431376457214,
            -0.984661340713501,
            0.0051508620381355286
          ],
          [
            -0.3590582609176636,
            0.9208261966705322,
            0.15221859514713287,
            1.6101572513580322
          ],
          [
            0.0,
            0.0,
            0.0,
            1.0
          ]
        ]
      },
      "bone_length_armature_space": 0.1550911586593823,
      "parent": "neck_01",
      "has_children": false,
      "is_end_bone": true
    },
    "upperarm_l": {
      "name": "upperarm_l",
      "local": {
        "location": {
          "x": 0.0,
          "y": 0.0,
          "z": 0.0
        },
        "rotation_quaternion": {
          "w": 0.8621357679367065,
          "x": 0.013283273205161095,
          "y": 0.4921160340309143,
          "z": 0.11986389756202698
        },
        "scale": {
          "x": 1.0,
          "y": 1.0,
          "z": 1.0
        },
        "matrix_basis": [
          [
            0.4869089126586914,
            -0.19360408186912537,
            0.8517260551452637,
            0.0
          ],
          [
            0.2197517305612564,
            0.9709123969078064,
            0.09506992250680923,
            0.0
          ],
          [
            -0.8453572988510132,
            0.1408778578042984,
            0.5152907371520996,
            0.0
          ],
          [
            0.0,
            0.0,
            0.0,
            1.0
          ]
        ],
        "rotation_mode": "QUATERNION"
      },
      "armature_space": {
        "head": {
          "x": 0.09499453753232956,
          "y": -0.059139184653759,
          "z": 0.5060265064239502
        },
        "tail": {
          "x": 0.34840846061706543,
          "y": -0.11256595700979233,
          "z": 0.5748351812362671
        }
      },
      "world_space": {
        "head": {
          "x": 0.09499453753232956,
          "y": 0.004104815423488617,
          "z": 1.4558805227279663
        },
        "tail": {
          "x": 0.34840846061706543,
          "y": -0.04932195693254471,
          "z": 1.5246891975402832
        },
        "rotation_quaternion": {
          "w": 0.24081914126873016,
          "x": 0.7683212757110596,
          "y": 0.5850788950920105,
          "z": -0.09680569171905518
        },
        "matrix": [
          [
            0.296622097492218,
            0.945682168006897,
            0.13304267823696136,
            0.09499453753232956
          ],
          [
            0.8524324297904968,
            -0.19937637448310852,
            -0.48333045840263367,
            0.004104815423488617
          ],
          [
            -0.430553674697876,
            0.25677797198295593,
            -0.8652762174606323,
            1.4558805227279663
          ],
          [
            0.0,
            0.0,
            0.0,
            1.0
          ]
        ]
      },
      "bone_length_armature_space": 0.2679695217487077,
      "parent": "spine_01",
      "has_children": true,
      "is_end_bone": false
    },
    "lowerarm_l": {
      "name": "lowerarm_l",
      "local": {
        "location": {
          "x": 0.0,
          "y": 0.0,
          "z": 0.0
        },
        "rotation_quaternion": {
          "w": 0.8945971131324768,
          "x": 0.3013106882572174,
          "y": 0.2430269718170166,
          "z": -0.22326156497001648
        },
        "scale": {
          "x": 1.0,
          "y": 1.0,
          "z": 1.0
        },
        "matrix_basis": [
          [
            0.7821843028068542,
            0.5459115505218506,
            0.30028027296066284,
            0.0
          ],
          [
            -0.2530050575733185,
            0.7187322974205017,
            -0.6476204991340637,
            0.0
          ],
          [
            -0.5693646669387817,
            0.43058618903160095,
            0.7002995014190674,
            0.0
          ],
          [
            0.0,
            0.0,
            0.0,
            1.0
          ]
        ],
        "rotation_mode": "QUATERNION"
      },
      "armature_space": {
        "head": {
          "x": 0.3484085202217102,
          "y": -0.11256609857082367,
          "z": 0.5748351812362671
        },
        "tail": {
          "x": 0.5773905515670776,
          "y": -0.12689802050590515,
          "z": 0.43724364042282104
        }
      },
      "world_space": {
        "head": {
          "x": 0.3484085202217102,
          "y": -0.04932209849357605,
          "z": 1.5246891975402832
        },
        "tail": {
          "x": 0.5773905515670776,
          "y": -0.06365402042865753,
          "z": 1.3870975971221924
        },
        "rotation_quaternion": {
          "w": 0.1955651491880417,
          "x": -0.7027320265769958,
          "y": -0.6595209240913391,
          "z": 0.18153329193592072
        },
        "matrix": [
          [
            0.06415345519781113,
            0.8559291958808899,
            -0.5130974054336548,
            0.3484085202217102
          ],
          [
            0.9979361295700073,
            -0.053572386503219604,
            0.03540617227554321,
            -0.04932209849357605
          ],
          [
            0.0028183460235595703,
            -0.514313817024231,
            -0.8576057553291321,
            1.5246891975402832
          ],
          [
            0.0,
            0.0,
            0.0,
            1.0
          ]
        ]
      },
      "bone_length_armature_space": 0.2675249660267243,
      "parent": "upperarm_l",
      "has_children": true,
      "is_end_bone": false
    },
    "metacarpal_thumb_l": {
      "name": "metacarpal_thumb_l",
      "local": {
        "location": {
          "x": 0.0,
          "y": 0.0,
          "z": 0.0
        },
        "rotation_quaternion": {
          "w": 0.999907374382019,
          "x": 0.013458099216222763,
          "y": 0.0002315407618880272,
          "z": -0.0020171627402305603
        },
        "scale": {
          "x": 1.0,
          "y": 1.0,
          "z": 1.0
        },
        "matrix_basis": [
          [
            0.999991774559021,
            0.004040183965116739,
            0.00040874426485970616,
            0.0
          ],
          [
            -0.004027719609439373,
            0.9996296167373657,
            -0.02691463939845562,
            0.0
          ],
          [
            -0.0005173329846002162,
            0.02691277116537094,
            0.9996376633644104,
            0.0
          ],
          [
            0.0,
            0.0,
            0.0,
            1.0
          ]
        ],
        "rotation_mode": "QUATERNION"
      },
      "armature_space": {
        "head": {
          "x": 0.5773905515670776,
          "y": -0.12689802050590515,
          "z": 0.43724364042282104
        },
        "tail": {
          "x": 0.5965190529823303,
          "y": -0.11762483417987823,
          "z": 0.3925030529499054
        }
      },
      "world_space": {
        "head": {
          "x": 0.5773905515670776,
          "y": -0.06365402042865753,
          "z": 1.3870975971221924
        },
        "tail": {
          "x": 0.5965190529823303,
          "y": -0.054380834102630615,
          "z": 1.3423570394515991
        },
        "rotation_quaternion": {
          "w": 0.7541418075561523,
          "x": -0.6250534057617188,
          "y": -0.15771836042404175,
          "z": -0.1253124177455902
        },
        "matrix": [
          [
            0.9188432693481445,
            0.3861716389656067,
            -0.08122806996107101,
            0.5773905515670776
          ],
          [
            0.008156017400324345,
            0.1872098445892334,
            0.9822860956192017,
            -0.06365402042865753
          ],
          [
            0.39454057812690735,
            -0.9032358527183533,
            0.16886912286281586,
            1.3870975971221924
          ],
          [
            0.0,
            0.0,
            0.0,
            1.0
          ]
        ]
      },
      "bone_length_armature_space": 0.049533945787844466,
      "parent": "lowerarm_l",
      "has_children": true,
      "is_end_bone": false
    },
    "thumb_01_l": {
      "name": "thumb_01_l",
      "local": {
        "location": {
          "x": 0.0,
          "y": 0.0,
          "z": 0.0
        },
        "rotation_quaternion": {
          "w": 0.9525952339172363,
          "x": 0.30364251136779785,
          "y": -0.014595266431570053,
          "z": 0.012268755584955215
        },
        "scale": {
          "x": 1.0,
          "y": 1.0,
          "z": 1.0
        },
        "matrix_basis": [
          [
            0.999272882938385,
            -0.03223780170083046,
            -0.020356131717562675,
            0.0
          ],
          [
            0.01451082993298769,
            0.8153014183044434,
            -0.5788549780845642,
            0.0
          ],
          [
            0.03525739535689354,
            0.5781387090682983,
            0.8151764273643494,
            0.0
          ],
          [
            0.0,
            0.0,
            0.0,
            1.0
          ]
        ],
        "rotation_mode": "QUATERNION"
      },
      "armature_space": {
        "head": {
          "x": 0.5965190529823303,
          "y": -0.11762483417987823,
          "z": 0.3925030529499054
        },
        "tail": {
          "x": 0.616908073425293,
          "y": -0.09128817170858383,
          "z": 0.3854821026325226
        }
      },
      "world_space": {
        "head": {
          "x": 0.5965190529823303,
          "y": -0.054380834102630615,
          "z": 1.3423570394515991
        },
        "tail": {
          "x": 0.616908073425293,
          "y": -0.028044171631336212,
          "z": 1.3353360891342163
        },
        "rotation_quaternion": {
          "w": 0.8265038728713989,
          "x": 0.056325145065784454,
          "y": 0.45139437913894653,
          "z": -0.33160537481307983
        },
        "matrix": [
          [
            0.372561514377594,
            0.598997175693512,
            0.7088017463684082,
            0.5965190529823303
          ],
          [
            -0.4972970485687256,
            0.7737298011779785,
            -0.3924766480922699,
            -0.054380834102630615
          ],
          [
            -0.7835193872451782,
            -0.20626413822174072,
            0.5861453413963318,
            1.3423570394515991
          ],
          [
            0.0,
            0.0,
            0.0,
            1.0
          ]
        ]
      },
      "bone_length_armature_space": 0.03403859099474935,
      "parent": "metacarpal_thumb_l",
      "has_children": true,
      "is_end_bone": false
    },
    "thumb_02_l": {
      "name": "thumb_02_l",
      "local": {
        "location": {
          "x": 0.0,
          "y": 0.0,
          "z": 0.0
        },
        "rotation_quaternion": {
          "w": 0.9059731960296631,
          "x": 0.4231613576412201,
          "y": 0.00974306371062994,
          "z": 0.007218067068606615
        },
        "scale": {
          "x": 1.0,
          "y": 1.0,
          "z": 1.0
        },
        "matrix_basis": [
          [
            0.999705970287323,
            -0.004832974635064602,
            0.023762723430991173,
            0.0
          ],
          [
            0.021324526518583298,
            0.6417647004127502,
            -0.766605019569397,
            0.0
          ],
          [
            -0.011545094661414623,
            0.7668863534927368,
            0.641679048538208,
            0.0
          ],
          [
            0.0,
            0.0,
            0.0,
            1.0
          ]
        ],
        "rotation_mode": "QUATERNION"
      },
      "armature_space": {
        "head": {
          "x": 0.6169079542160034,
          "y": -0.09128814935684204,
          "z": 0.3854821026325226
        },
        "tail": {
          "x": 0.6378629207611084,
          "y": -0.1255500167608261,
          "z": 0.3859207034111023
        }
      },
      "world_space": {
        "head": {
          "x": 0.6169079542160034,
          "y": -0.02804414927959442,
          "z": 1.3353360891342163
        },
        "tail": {
          "x": 0.6378629207611084,
          "y": -0.06230601668357849,
          "z": 1.3357746601104736
        },
        "rotation_quaternion": {
          "w": 0.22149008512496948,
          "x": 0.5712595582008362,
          "y": 0.15627457201480865,
          "z": -0.7747148275375366
        },
        "matrix": [
          [
            -0.2492092251777649,
            0.5217301249504089,
            -0.8158994913101196,
            0.6169079542160034
          ],
          [
            -0.16463735699653625,
            -0.8530405759811401,
            -0.4951931834220886,
            -0.02804414927959442
          ],
          [
            -0.9543596506118774,
            0.010920196771621704,
            0.29848355054855347,
            1.3353360891342163
          ],
          [
            0.0,
            0.0,
            0.0,
            1.0
          ]
        ]
      },
      "bone_length_armature_space": 0.04016439365392242,
      "parent": "thumb_01_l",
      "has_children": true,
      "is_end_bone": false
    },
    "thumb_03_l": {
      "name": "thumb_03_l",
      "local": {
        "location": {
          "x": 0.0,
          "y": 0.0,
          "z": 0.0
        },
        "rotation_quaternion": {
          "w": 0.991549551486969,
          "x": 0.12955544888973236,
          "y": 0.006531194318085909,
          "z": -0.0015145455254241824
        },
        "scale": {
          "x": 1.0,
          "y": 1.0,
          "z": 1.0
        },
        "matrix_basis": [
          [
            0.9999101161956787,
            0.004695797339081764,
            0.012559570372104645,
            0.0
          ],
          [
            -0.0013111901935189962,
            0.9664261937141418,
            -0.2569410800933838,
            0.0
          ],
          [
            -0.01334444060921669,
            0.25690150260925293,
            0.9663454294204712,
            0.0
          ],
          [
            0.0,
            0.0,
            0.0,
            1.0
          ]
        ],
        "rotation_mode": "QUATERNION"
      },
      "armature_space": {
        "head": {
          "x": 0.6378629803657532,
          "y": -0.12554995715618134,
          "z": 0.38592061400413513
        },
        "tail": {
          "x": 0.6398478150367737,
          "y": -0.15527449548244476,
          "z": 0.3921978771686554
        }
      },
      "world_space": {
        "head": {
          "x": 0.6378629803657532,
          "y": -0.062305957078933716,
          "z": 1.3357746601104736
        },
        "tail": {
          "x": 0.6398478150367737,
          "y": -0.09203049540519714,
          "z": 1.3420518636703491
        },
        "rotation_quaternion": {
          "w": 0.1007222831249237,
          "x": 0.7645829319953918,
          "y": -0.04105439409613609,
          "z": -0.6352815628051758
        },
        "matrix": [
          [
            0.18946385383605957,
            0.06519414484500885,
            -0.9797207117080688,
            0.6378629803657532
          ],
          [
            -0.19075335562229156,
            -0.9763391613960266,
            -0.10185812413692474,
            -0.062305957078933716
          ],
          [
            -0.9631873369216919,
            0.20618407428264618,
            -0.17254631221294403,
            1.3357746601104736
          ],
          [
            0.0,
            0.0,
            0.0,
            1.0
          ]
        ]
      },
      "bone_length_armature_space": 0.030444897313855395,
      "parent": "thumb_02_l",
      "has_children": false,
      "is_end_bone": true
    },
    "metacarpal_index_l": {
      "name": "metacarpal_index_l",
      "local": {
        "location": {
          "x": 0.0,
          "y": 0.0,
          "z": 0.0
        },
        "rotation_quaternion": {
          "w": 0.9992998838424683,
          "x": -0.03105229139328003,
          "y": -0.01907082460820675,
          "z": -0.00847414880990982
        },
        "scale": {
          "x": 1.0,
          "y": 1.0,
          "z": 1.0
        },
        "matrix_basis": [
          [
            0.9991289973258972,
            0.018120817840099335,
            -0.03758866339921951,
            0.0
          ],
          [
            -0.015752045437693596,
            0.9979279041290283,
            0.06238431856036186,
            0.0
          ],
          [
            0.03864122927188873,
            -0.06173788383603096,
            0.9973441362380981,
            0.0
          ],
          [
            0.0,
            0.0,
            0.0,
            1.0
          ]
        ],
        "rotation_mode": "QUATERNION"
      },
      "armature_space": {
        "head": {
          "x": 0.5773905515670776,
          "y": -0.12689802050590515,
          "z": 0.43724364042282104
        },
        "tail": {
          "x": 0.6589593291282654,
          "y": -0.13061827421188354,
          "z": 0.35320791602134705
        }
      },
      "world_space": {
        "head": {
          "x": 0.5773905515670776,
          "y": -0.06365402042865753,
          "z": 1.3870975971221924
        },
        "tail": {
          "x": 0.6589593291282654,
          "y": -0.06737427413463593,
          "z": 1.3030619621276855
        },
        "rotation_quaternion": {
          "w": 0.5358295440673828,
          "x": -0.7160210609436035,
          "y": -0.4438594579696655,
          "z": -0.05647502467036247
        },
        "matrix": [
          [
            0.5995965600013733,
            0.6961474418640137,
            -0.3947938084602356,
            0.5773905515670776
          ],
          [
            0.575106680393219,
            -0.03175037354230881,
            0.817462146282196,
            -0.06365402042865753
          ],
          [
            0.5565439462661743,
            -0.7172014117240906,
            -0.4193987250328064,
            1.3870975971221924
          ],
          [
            0.0,
            0.0,
            0.0,
            1.0
          ]
        ]
      },
      "bone_length_armature_space": 0.11717213249974598,
      "parent": "lowerarm_l",
      "has_children": true,
      "is_end_bone": false
    },
    "index_01_l": {
      "name": "index_01_l",
      "local": {
        "location": {
          "x": 0.0,
          "y": 0.0,
          "z": 0.0
        },
        "rotation_quaternion": {
          "w": 0.9417335987091064,
          "x": 0.33594971895217896,
          "y": 0.01157673541456461,
          "z": 0.01190624013543129
        },
        "scale": {
          "x": 1.0,
          "y": 1.0,
          "z": 1.0
        },
        "matrix_basis": [
          [
            0.9994484186172485,
            -0.014646611176431179,
            0.029804198071360588,
            0.0
          ],
          [
            0.03020341508090496,
            0.7739920616149902,
            -0.6324746012687683,
            0.0
          ],
          [
            -0.013804605230689049,
            0.6330259442329407,
            0.7740075588226318,
            0.0
          ],
          [
            0.0,
            0.0,
            0.0,
            1.0
          ]
        ],
        "rotation_mode": "QUATERNION"
      },
      "armature_space": {
        "head": {
          "x": 0.6589593291282654,
          "y": -0.13061827421188354,
          "z": 0.35320791602134705
        },
        "tail": {
          "x": 0.6738852858543396,
          "y": -0.11439330875873566,
          "z": 0.3351236879825592
        }
      },
      "world_space": {
        "head": {
          "x": 0.6589593291282654,
          "y": -0.06737427413463593,
          "z": 1.3030619621276855
        },
        "tail": {
          "x": 0.6738852858543396,
          "y": -0.05114930868148804,
          "z": 1.284977674484253
        },
        "rotation_quaternion": {
          "w": 0.6795607209205627,
          "x": -0.4642035961151123,
          "y": -0.5680702924728394,
          "z": 0.0029055248014628887
        },
        "matrix": [
          [
            0.35457560420036316,
            0.5234546065330505,
            -0.7747715711593628,
            0.6589593291282654
          ],
          [
            0.5313500761985779,
            0.5690102577209473,
            0.6276103854179382,
            -0.06737427413463593
          ],
          [
            0.769384503364563,
            -0.6342144012451172,
            -0.07638028264045715,
            1.3030619621276855
          ],
          [
            0.0,
            0.0,
            0.0,
            1.0
          ]
        ]
      },
      "bone_length_armature_space": 0.02851443491331931,
      "parent": "metacarpal_index_l",
      "has_children": true,
      "is_end_bone": false
    },
    "index_02_l": {
      "name": "index_02_l",
      "local": {
        "location": {
          "x": 0.0,
          "y": 0.0,
          "z": 0.0
        },
        "rotation_quaternion": {
          "w": 0.9094703197479248,
          "x": 0.41572076082229614,
          "y": -0.006061684340238571,
          "z": 0.0018519196892157197
        },
        "scale": {
          "x": 1.0,
          "y": 1.0,
          "z": 1.0
        },
        "matrix_basis": [
          [
            0.9999196529388428,
            -0.008408468216657639,
            -0.009486081078648567,
            0.0
          ],
          [
            -0.0016714041121304035,
            0.6543456315994263,
            -0.7561938166618347,
            0.0
          ],
          [
            0.012565607205033302,
            0.7561489343643188,
            0.6542789936065674,
            0.0
          ],
          [
            0.0,
            0.0,
            0.0,
            1.0
          ]
        ],
        "rotation_mode": "QUATERNION"
      },
      "armature_space": {
        "head": {
          "x": 0.67388516664505,
          "y": -0.11439301818609238,
          "z": 0.3351232409477234
        },
        "tail": {
          "x": 0.6681725978851318,
          "y": -0.09318336844444275,
          "z": 0.32187145948410034
        }
      },
      "world_space": {
        "head": {
          "x": 0.67388516664505,
          "y": -0.05114901810884476,
          "z": 1.2849771976470947
        },
        "tail": {
          "x": 0.6681725978851318,
          "y": -0.02993936836719513,
          "z": 1.2717254161834717
        },
        "rotation_quaternion": {
          "w": 0.7838224172592163,
          "x": -0.15498945116996765,
          "y": -0.5468212366104126,
          "z": 0.250174343585968
        },
        "matrix": [
          [
            0.2767986059188843,
            -0.2226838767528534,
            -0.9347695112228394,
            0.67388516664505
          ],
          [
            0.5616883039474487,
            0.8267817497253418,
            -0.03063473105430603,
            -0.05114901810884476
          ],
          [
            0.779678225517273,
            -0.5165724158287048,
            0.3539336323738098,
            1.2849771976470947
          ],
          [
            0.0,
            0.0,
            0.0,
            1.0
          ]
        ]
      },
      "bone_length_armature_space": 0.025653311571560967,
      "parent": "index_01_l",
      "has_children": true,
      "is_end_bone": false
    },
    "index_03_l": {
      "name": "index_03_l",
      "local": {
        "location": {
          "x": 0.0,
          "y": 0.0,
          "z": 0.0
        },
        "rotation_quaternion": {
          "w": 0.9317141771316528,
          "x": 0.36308008432388306,
          "y": -0.005548805929720402,
          "z": -0.007124215830117464
        },
        "scale": {
          "x": 1.0,
          "y": 1.0,
          "z": 1.0
        },
        "matrix_basis": [
          [
            0.9998369216918945,
            0.009246143512427807,
            -0.015513123944401741,
            0.0
          ],
          [
            -0.017304787412285805,
            0.7362442016601562,
            -0.6764946579933167,
            0.0
          ],
          [
            0.00516648031771183,
            0.6766527891159058,
            0.7362841367721558,
            0.0
          ],
          [
            0.0,
            0.0,
            0.0,
            1.0
          ]
        ],
        "rotation_mode": "QUATERNION"
      },
      "armature_space": {
        "head": {
          "x": 0.6681727170944214,
          "y": -0.09318338334560394,
          "z": 0.32187139987945557
        },
        "tail": {
          "x": 0.6447139978408813,
          "y": -0.07576759159564972,
          "z": 0.32220202684402466
        }
      },
      "world_space": {
        "head": {
          "x": 0.6681727170944214,
          "y": -0.029939383268356323,
          "z": 1.2717254161834717
        },
        "tail": {
          "x": 0.6447139978408813,
          "y": -0.0125235915184021,
          "z": 1.2720561027526855
        },
        "rotation_quaternion": {
          "w": 0.7998207807540894,
          "x": 0.20581971108913422,
          "y": -0.397884726524353,
          "z": 0.39951571822166443
        },
        "matrix": [
          [
            0.3641492426395416,
            -0.8028677105903625,
            -0.4720152020454407,
            0.6681727170944214
          ],
          [
            0.47529783844947815,
            0.5960497856140137,
            -0.6471607685089111,
            -0.029939383268356323
          ],
          [
            0.8009350895881653,
            0.01131594181060791,
            0.598656177520752,
            1.2717254161834717
          ],
          [
            0.0,
            0.0,
            0.0,
            1.0
          ]
        ]
      },
      "bone_length_armature_space": 0.02921866916489166,
      "parent": "index_02_l",
      "has_children": false,
      "is_end_bone": true
    },
    "metacarpal_pinky_l": {
      "name": "metacarpal_pinky_l",
      "local": {
        "location": {
          "x": 0.0,
          "y": 0.0,
          "z": 0.0
        },
        "rotation_quaternion": {
          "w": 0.9998792409896851,
          "x": -0.012681711465120316,
          "y": 0.008191903121769428,
          "z": -0.003699150402098894
        },
        "scale": {
          "x": 1.0,
          "y": 1.0,
          "z": 1.0
        },
        "matrix_basis": [
          [
            0.9998384118080139,
            0.00718963285908103,
            0.016475651413202286,
            0.0
          ],
          [
            -0.007605182006955147,
            0.9996509552001953,
            0.02529975399374962,
            0.0
          ],
          [
            -0.01628800481557846,
            -0.025420965626835823,
            0.9995441436767578,
            0.0
          ],
          [
            0.0,
            0.0,
            0.0,
            1.0
          ]
        ],
        "rotation_mode": "QUATERNION"
      },
      "armature_space": {
        "head": {
          "x": 0.5773905515670776,
          "y": -0.12689802050590515,
          "z": 0.43724364042282104
        },
        "tail": {
          "x": 0.6786942481994629,
          "y": -0.1300303190946579,
          "z": 0.4133486747741699
        }
      },
      "world_space": {
        "head": {
          "x": 0.5773905515670776,
          "y": -0.06365402042865753,
          "z": 1.3870975971221924
        },
        "tail": {
          "x": 0.6786942481994629,
          "y": -0.06678631901741028,
          "z": 1.363202691078186
        },
        "rotation_quaternion": {
          "w": 0.34407228231430054,
          "x": 0.5258802771568298,
          "y": 0.6054543256759644,
          "z": -0.4883538484573364
        },
        "matrix": [
          [
            -0.21012675762176514,
            0.9728507399559021,
            -0.0969926193356514,
            0.5773905515670776
          ],
          [
            0.30073606967926025,
            -0.03008045256137848,
            -0.9532329440116882,
            -0.06365402042865753
          ],
          [
            -0.9302775859832764,
            -0.22947077453136444,
            -0.28625375032424927,
            1.3870975971221924
          ],
          [
            0.0,
            0.0,
            0.0,
            1.0
          ]
        ]
      },
      "bone_length_armature_space": 0.10413078164812174,
      "parent": "lowerarm_l",
      "has_children": true,
      "is_end_bone": false
    },
    "pinky_01_l": {
      "name": "pinky_01_l",
      "local": {
        "location": {
          "x": 0.0,
          "y": 0.0,
          "z": 0.0
        },
        "rotation_quaternion": {
          "w": 0.944866418838501,
          "x": 0.32716983556747437,
          "y": 0.01290288195014,
          "z": -0.004572377074509859
        },
        "scale": {
          "x": 1.0,
          "y": 1.0,
          "z": 1.0
        },
        "matrix_basis": [
          [
            0.9996252059936523,
            0.017083438113331795,
            0.021391112357378006,
            0.0
          ],
          [
            -0.0001977035717573017,
            0.7858780026435852,
            -0.6183815598487854,
            0.0
          ],
          [
            -0.027374887838959694,
            0.6181455850601196,
            0.7855868339538574,
            0.0
          ],
          [
            0.0,
            0.0,
            0.0,
            1.0
          ]
        ],
        "rotation_mode": "QUATERNION"
      },
      "armature_space": {
        "head": {
          "x": 0.6786942481994629,
          "y": -0.1300303190946579,
          "z": 0.4133486747741699
        },
