{
  "metadata": {
    "armature_name": "KIM_caucasian_male",
    "export_time": "2026-01-13T20:27:02.520237",
    "blender_version": "4.4.1",
    "bone_count": 56,
    "end_bone_count": 13,
    "spaces_included": [
      "LOCAL_CHANNELS",
      "ARMATURE_SPACE",
      "WORLD_SPACE"
    ],
    "note": "LOCAL matches Transform panel; replay pose via local.matrix_basis for best fidelity."
  },
  "bones": {
    "Root": {
      "name": "Root",
      "local": {
        "location": {
          "x": 0.0,
          "y": 0.0,
          "z": 0.0
        },
        "rotation_quaternion": {
          "w": 0.999718189239502,
          "x": -0.011287893168628216,
          "y": -0.0052371337078511715,
          "z": -0.02021777257323265
        },
        "scale": {
          "x": 1.0,
          "y": 1.0,
          "z": 1.0
        },
        "matrix_basis": [
          [
            0.9991276264190674,
            0.04054238274693489,
            -0.010014883242547512,
            0.0
          ],
          [
            -0.04030591621994972,
            0.998927652835846,
            0.022781191393733025,
            0.0
          ],
          [
            0.010927747935056686,
            -0.022357657551765442,
            0.9996902942657471,
            0.0
          ],
          [
            0.0,
            0.0,
            0.0,
            1.0
          ]
        ],
        "rotation_mode": "QUATERNION"
      },
      "armature_space": {
        "head": {
          "x": 0.0,
          "y": 0.07072800397872925,
          "z": -0.009595036506652832
        },
        "tail": {
          "x": 0.0028937477618455887,
          "y": 0.00029037147760391235,
          "z": 0.001571035012602806
        }
      },
      "world_space": {
        "head": {
          "x": 0.0,
          "y": 0.13397200405597687,
          "z": 0.9402589797973633
        },
        "tail": {
          "x": 0.0028937477618455887,
          "y": 0.06353437155485153,
          "z": 0.9514250755310059
        },
        "rotation_quaternion": {
          "w": 0.07861091941595078,
          "x": 0.996686577796936,
          "y": 0.019819026812911034,
          "z": -0.006587266456335783
        },
        "matrix": [
          [
            0.9991276264190674,
            0.04054238274693489,
            -0.010014883242547512,
            0.0
          ],
          [
            0.038471054285764694,
            -0.9868550300598145,
            -0.15696246922016144,
            0.13397200405597687
          ],
          [
            -0.016246948391199112,
            0.15644042193889618,
            -0.9875608086585999,
            0.9402589797973633
          ],
          [
            0.0,
            0.0,
            0.0,
            1.0
          ]
        ]
      },
      "bone_length_armature_space": 0.07137587009843067,
      "parent": null,
      "has_children": true,
      "is_end_bone": false
    },
    "spine_01": {
      "name": "spine_01",
      "local": {
        "location": {
          "x": 0.0,
          "y": 0.0,
          "z": 0.0
        },
        "rotation_quaternion": {
          "w": 0.9958653450012207,
          "x": 0.07615558058023453,
          "y": -0.0293967854231596,
          "z": 0.03985720872879028
        },
        "scale": {
          "x": 1.0,
          "y": 1.0,
          "z": 1.0
        },
        "matrix_basis": [
          [
            0.9950944781303406,
            -0.08386228233575821,
            -0.052479781210422516,
            0.0
          ],
          [
            0.07490736991167068,
            0.9852234721183777,
            -0.15402474999427795,
            0.0
          ],
          [
            0.06462118029594421,
            0.14933806657791138,
            0.9866723418235779,
            0.0
          ],
          [
            0.0,
            0.0,
            0.0,
            1.0
          ]
        ],
        "rotation_mode": "QUATERNION"
      },
      "armature_space": {
        "head": {
          "x": 0.0028937477618455887,
          "y": 0.00029037147760391235,
          "z": 0.001571035012602806
        },
        "tail": {
          "x": -0.028605377301573753,
          "y": -0.04049588367342949,
          "z": 0.4868469536304474
        }
      },
      "world_space": {
        "head": {
          "x": 0.0028937477618455887,
          "y": 0.06353437155485153,
          "z": 0.9514250755310059
        },
        "tail": {
          "x": -0.028605377301573753,
          "y": 0.02274811640381813,
          "z": 1.4367009401321411
        },
        "rotation_quaternion": {
          "w": 0.6762894988059998,
          "x": 0.7358867526054382,
          "y": -0.029037103056907654,
          "z": 0.01612560823559761
        },
        "matrix": [
          [
            0.9977936148643494,
            -0.06454722583293915,
            -0.0155421681702137,
            0.0028937477618455887
          ],
          [
            -0.020925290882587433,
            -0.0835781842470169,
            -0.996281623840332,
            0.06353437155485153
          ],
          [
            0.06300865113735199,
            0.9944154024124146,
            -0.08474591374397278,
            0.9514250755310059
          ],
          [
            0.0,
            0.0,
            0.0,
            1.0
          ]
        ]
      },
      "bone_length_armature_space": 0.48800454369781304,
      "parent": "Root",
      "has_children": true,
      "is_end_bone": false
    },
    "neck_01": {
      "name": "neck_01",
      "local": {
        "location": {
          "x": 0.0,
          "y": 0.0,
          "z": 0.0
        },
        "rotation_quaternion": {
          "w": 0.9983077049255371,
          "x": -0.05230587720870972,
          "y": -0.02320178598165512,
          "z": -0.010372787714004517
        },
        "scale": {
          "x": 1.0,
          "y": 1.0,
          "z": 1.0
        },
        "matrix_basis": [
          [
            0.998708188533783,
            0.023137647658586502,
            -0.04523992910981178,
            0.0
          ],
          [
            -0.018283288925886154,
            0.9943130016326904,
            0.1049160584807396,
            0.0
          ],
          [
            0.047410160303115845,
            -0.10395338386297226,
            0.9934515357017517,
            0.0
          ],
          [
            0.0,
            0.0,
            0.0,
            1.0
          ]
        ],
        "rotation_mode": "QUATERNION"
      },
      "armature_space": {
        "head": {
          "x": -0.03387043625116348,
          "y": -0.0811668336391449,
          "z": 0.5567175149917603
        },
        "tail": {
          "x": -0.03828152269124985,
          "y": -0.11820069700479507,
          "z": 0.6522150635719299
        }
      },
      "world_space": {
        "head": {
          "x": -0.03387043625116348,
          "y": -0.017922833561897278,
          "z": 1.5065715312957764
        },
        "tail": {
          "x": -0.03828152269124985,
          "y": -0.054956696927547455,
          "z": 1.6020691394805908
        },
        "rotation_quaternion": {
          "w": 0.5643389821052551,
          "x": 0.8249733448028564,
          "y": -0.030099550262093544,
          "z": -0.005880018696188927
        },
        "matrix": [
          [
            0.9981188178062439,
            -0.043026044964790344,
            -0.04367460310459137,
            -0.03387043625116348
          ],
          [
            -0.05629950016736984,
            -0.3612307906150818,
            -0.93077552318573,
            -0.017922833561897278
          ],
          [
            0.024271100759506226,
            0.9314894676208496,
            -0.36297696828842163,
            1.5065715312957764
          ],
          [
            0.0,
            0.0,
            0.0,
            1.0
          ]
        ]
      },
      "bone_length_armature_space": 0.10252193139476205,
      "parent": "spine_01",
      "has_children": true,
      "is_end_bone": false
    },
    "head": {
      "name": "head",
      "local": {
        "location": {
          "x": 0.0,
          "y": 0.0,
          "z": 0.0
        },
        "rotation_quaternion": {
          "w": 0.9860220551490784,
          "x": -0.10257980227470398,
          "y": -0.047380268573760986,
          "z": -0.12244579195976257
        },
        "scale": {
          "x": 1.0,
          "y": 1.0,
          "z": 1.0
        },
        "matrix_basis": [
          [
            0.9655242562294006,
            0.2511890232563019,
            -0.0683150514960289,
            0.0
          ],
          [
            -0.23174798488616943,
            0.9489688277244568,
            0.21389491856098175,
            0.0
          ],
          [
            0.118556909263134,
            -0.1906888633966446,
            0.974465012550354,
            0.0
          ],
          [
            0.0,
            0.0,
            0.0,
            1.0
          ]
        ],
        "rotation_mode": "QUATERNION"
      },
      "armature_space": {
        "head": {
          "x": -0.038281526416540146,
          "y": -0.11820080876350403,
          "z": 0.6522149443626404
        },
        "tail": {
          "x": -0.001325078308582306,
          "y": -0.091032013297081,
          "z": 0.8003681302070618
        }
      },
      "world_space": {
        "head": {
          "x": -0.038281526416540146,
          "y": -0.05495680868625641,
          "z": 1.6020689010620117
        },
        "tail": {
          "x": -0.001325078308582306,
          "y": -0.027788013219833374,
          "z": 1.7502222061157227
        },
        "rotation_quaternion": {
          "w": 0.7661369442939758,
          "x": 0.6278331875801086,
          "y": 0.024985523894429207,
          "z": -0.13503879308700562
        },
        "matrix": [
          [
            0.9622802138328552,
            0.23829001188278198,
            -0.13128036260604858,
            -0.038281526416540146
          ],
          [
            -0.17554447054862976,
            0.175180584192276,
            -0.9687601923942566,
            -0.05495680868625641
          ],
          [
            -0.20784971117973328,
            0.9552711248397827,
            0.21040385961532593,
            1.6020689010620117
          ],
          [
            0.0,
            0.0,
            0.0,
            1.0
          ]
        ]
      },
      "bone_length_armature_space": 0.1550912256526611,
      "parent": "neck_01",
      "has_children": false,
      "is_end_bone": true
    },
    "upperarm_l": {
      "name": "upperarm_l",
      "local": {
        "location": {
          "x": 0.0,
          "y": 0.0,
          "z": 0.0
        },
        "rotation_quaternion": {
          "w": 0.997340202331543,
          "x": -0.0589304193854332,
          "y": 0.012227694503962994,
          "z": -0.04111310839653015
        },
        "scale": {
          "x": 1.0,
          "y": 1.0,
          "z": 1.0
        },
        "matrix_basis": [
          [
            0.996320366859436,
            0.08056634664535522,
            0.029235968366265297,
            0.0
          ],
          [
            -0.08344867825508118,
            0.9896738529205322,
            0.11654191464185715,
            0.0
          ],
          [
            -0.01954471692442894,
            -0.1185527890920639,
            0.9927553534507751,
            0.0
          ],
          [
            0.0,
            0.0,
            0.0,
            1.0
          ]
        ],
        "rotation_mode": "QUATERNION"
      },
      "armature_space": {
        "head": {
          "x": 0.12008712440729141,
          "y": -0.08186580240726471,
          "z": 0.4990660846233368
        },
        "tail": {
          "x": 0.3851012885570526,
          "y": -0.0426747165620327,
          "z": 0.49280765652656555
        }
      },
      "world_space": {
        "head": {
          "x": 0.12008712440729141,
          "y": -0.01862180233001709,
          "z": 1.4489201307296753
        },
        "tail": {
          "x": 0.3851012885570526,
          "y": 0.02056928351521492,
          "z": 1.4426616430282593
        },
        "rotation_quaternion": {
          "w": 0.4935491383075714,
          "x": 0.48522788286209106,
          "y": 0.574052095413208,
          "z": -0.43752408027648926
        },
        "matrix": [
          [
            -0.041925400495529175,
            0.9889716506004333,
            0.14204707741737366,
            0.12008712440729141
          ],
          [
            0.12521271407604218,
            0.1462520807981491,
            -0.9812912344932556,
            -0.01862180233001709
          ],
          [
            -0.9912504553794861,
            -0.023354997858405113,
            -0.12996527552604675,
            1.4489201307296753
          ],
          [
            0.0,
            0.0,
            0.0,
            1.0
          ]
        ]
      },
      "bone_length_armature_space": 0.26796943809281737,
      "parent": "spine_01",
      "has_children": true,
      "is_end_bone": false
    },
    "lowerarm_l": {
      "name": "lowerarm_l",
      "local": {
        "location": {
          "x": 0.0,
          "y": 0.0,
          "z": 0.0
        },
        "rotation_quaternion": {
          "w": 0.8158949613571167,
          "x": 0.4965788424015045,
          "y": 0.1911357194185257,
          "z": -0.22625677287578583
        },
        "scale": {
          "x": 1.0,
          "y": 1.0,
          "z": 1.0
        },
        "matrix_basis": [
          [
            0.8245500326156616,
            0.5590314269065857,
            0.08718468993902206,
            0.0
          ],
          [
            -0.17937561869621277,
            0.4044346511363983,
            -0.8968038558959961,
            0.0
          ],
          [
            -0.5366020202636719,
            0.7238208651542664,
            0.43375319242477417,
            0.0
          ],
          [
            0.0,
            0.0,
            0.0,
            1.0
          ]
        ],
        "rotation_mode": "QUATERNION"
      },
      "armature_space": {
        "head": {
          "x": 0.3851013779640198,
          "y": -0.04267476871609688,
          "z": 0.4928077757358551
        },
        "tail": {
          "x": 0.5023952722549438,
          "y": -0.23524101078510284,
          "z": 0.3488282561302185
        }
      },
      "world_space": {
        "head": {
          "x": 0.3851013779640198,
          "y": 0.02056923136115074,
          "z": 1.4426617622375488
        },
        "tail": {
          "x": 0.5023952722549438,
          "y": -0.17199701070785522,
          "z": 1.2986822128295898
        },
        "rotation_quaternion": {
          "w": 0.03230440616607666,
          "x": -0.6455533504486084,
          "y": -0.3728964030742645,
          "z": 0.6657068133354187
        },
        "matrix": [
          [
            -0.16443510353565216,
            0.4384416341781616,
            -0.8835892677307129,
            0.3851013779640198
          ],
          [
            0.524459719657898,
            -0.7198079228401184,
            -0.45477381348609924,
            0.02056923136115074
          ],
          [
            -0.8354114294052124,
            -0.5381919741630554,
            -0.11158442497253418,
            1.4426617622375488
          ],
          [
            0.0,
            0.0,
            0.0,
            1.0
          ]
        ]
      },
      "bone_length_armature_space": 0.2675251751739041,
      "parent": "upperarm_l",
      "has_children": true,
      "is_end_bone": false
    },
    "metacarpal_thumb_l": {
      "name": "metacarpal_thumb_l",
      "local": {
        "location": {
          "x": 0.0,
          "y": 0.0,
          "z": 0.0
        },
        "rotation_quaternion": {
          "w": 0.9990426898002625,
          "x": -0.04224161058664322,
          "y": -0.004270857200026512,
          "z": 0.010542364791035652
        },
        "scale": {
          "x": 1.0,
          "y": 1.0,
          "z": 1.0
        },
        "matrix_basis": [
          [
            0.99974125623703,
            -0.02070372924208641,
            -0.009424190036952496,
            0.0
          ],
          [
            0.021425360813736916,
            0.9962090253829956,
            0.08431229740381241,
            0.0
          ],
          [
            0.007642884273082018,
            -0.08449239283800125,
            0.9963948130607605,
            0.0
          ],
          [
            0.0,
            0.0,
            0.0,
            1.0
          ]
        ],
        "rotation_mode": "QUATERNION"
      },
      "armature_space": {
        "head": {
          "x": 0.5023952722549438,
          "y": -0.23524101078510284,
          "z": 0.3488282561302185
        },
        "tail": {
          "x": 0.49217110872268677,
          "y": -0.27450475096702576,
          "z": 0.32041308283805847
        }
      },
      "world_space": {
        "head": {
          "x": 0.5023952722549438,
          "y": -0.17199701070785522,
          "z": 1.2986822128295898
        },
        "tail": {
          "x": 0.49217110872268677,
          "y": -0.21126075088977814,
          "z": 1.270267128944397
        },
        "rotation_quaternion": {
          "w": 0.31577104330062866,
          "x": -0.936286449432373,
          "y": 0.06288894265890121,
          "z": 0.1403614729642868
        },
        "matrix": [
          [
            0.9526874423027039,
            -0.20640826225280762,
            -0.22311946749687195,
            0.5023952722549438
          ],
          [
            -0.029120586812496185,
            -0.7926677465438843,
            0.6089584231376648,
            -0.17199701070785522
          ],
          [
            -0.3025556802749634,
            -0.5736539959907532,
            -0.7611799240112305,
            1.2986822128295898
          ],
          [
            0.0,
            0.0,
            0.0,
            1.0
          ]
        ]
      },
      "bone_length_armature_space": 0.04953379581465231,
      "parent": "lowerarm_l",
      "has_children": true,
      "is_end_bone": false
    },
    "thumb_01_l": {
      "name": "thumb_01_l",
      "local": {
        "location": {
          "x": 0.0,
          "y": 0.0,
          "z": 0.0
        },
        "rotation_quaternion": {
          "w": 0.9783051013946533,
          "x": 0.20661908388137817,
          "y": -0.003753849770873785,
          "z": 0.014621280133724213
        },
        "scale": {
          "x": 1.0,
          "y": 1.0,
          "z": 1.0
        },
        "matrix_basis": [
          [
            0.9995442628860474,
            -0.03015938028693199,
            -0.001302749733440578,
            0.0
          ],
          [
            0.02705691196024418,
            0.9141895174980164,
            -0.40438276529312134,
            0.0
          ],
          [
            0.013386892154812813,
            0.4041632413864136,
            0.9145889282226562,
            0.0
          ],
          [
            0.0,
            0.0,
            0.0,
            1.0
          ]
        ],
        "rotation_mode": "QUATERNION"
      },
      "armature_space": {
        "head": {
          "x": 0.49217110872268677,
          "y": -0.27450475096702576,
          "z": 0.32041308283805847
        },
        "tail": {
          "x": 0.4917083978652954,
          "y": -0.276181697845459,
          "z": 0.28641873598098755
        }
      },
      "world_space": {
        "head": {
          "x": 0.49217110872268677,
          "y": -0.21126075088977814,
          "z": 1.270267128944397
        },
        "tail": {
          "x": 0.4917083978652954,
          "y": -0.21293769776821136,
          "z": 1.2362728118896484
        },
        "rotation_quaternion": {
          "w": 0.4819096028804779,
          "x": -0.5132692456245422,
          "y": 0.4930824041366577,
          "z": -0.5110651850700378
        },
        "matrix": [
          [
            -0.008635703474283218,
            -0.013593465089797974,
            0.9998703598976135,
            0.49217110872268677
          ],
          [
            -0.9987426400184631,
            -0.04926601052284241,
            -0.009295929223299026,
            -0.21126075088977814
          ],
          [
            0.04938563331961632,
            -0.9987001419067383,
            -0.013151079416275024,
            1.270267128944397
          ],
          [
            0.0,
            0.0,
            0.0,
            1.0
          ]
        ]
      },
      "bone_length_armature_space": 0.034038829591265224,
      "parent": "metacarpal_thumb_l",
      "has_children": true,
      "is_end_bone": false
    },
    "thumb_02_l": {
      "name": "thumb_02_l",
      "local": {
        "location": {
          "x": 0.0,
          "y": 0.0,
          "z": 0.0
        },
        "rotation_quaternion": {
          "w": 0.9444811940193176,
          "x": 0.3284815549850464,
          "y": 0.005103400442749262,
          "z": -0.0054129608906805515
        },
        "scale": {
          "x": 1.0,
          "y": 1.0,
          "z": 1.0
        },
        "matrix_basis": [
          [
            0.9998893141746521,
            0.013577625155448914,
            0.006084016058593988,
            0.0
          ],
          [
            -0.006872133817523718,
            0.7841411232948303,
            -0.6205445528030396,
            0.0
          ],
          [
            -0.013196246698498726,
            0.620434045791626,
            0.7841476202011108,
            0.0
          ],
          [
            0.0,
            0.0,
            0.0,
            1.0
          ]
        ],
        "rotation_mode": "QUATERNION"
      },
      "armature_space": {
        "head": {
          "x": 0.49170833826065063,
          "y": -0.2761816680431366,
          "z": 0.28641876578330994
        },
        "tail": {
          "x": 0.5205898284912109,
          "y": -0.3031553626060486,
          "z": 0.29359230399131775
        }
      },
      "world_space": {
        "head": {
          "x": 0.49170833826065063,
          "y": -0.21293766796588898,
          "z": 1.2362728118896484
        },
        "tail": {
          "x": 0.5205898284912109,
          "y": -0.23991136252880096,
          "z": 1.2434463500976562
        },
        "rotation_quaternion": {
          "w": 0.3901076912879944,
          "x": -0.027948889881372452,
          "y": -0.10965857654809952,
          "z": -0.9137887358665466
        },
        "matrix": [
          [
            -0.6940695643424988,
            0.7190818190574646,
            -0.03447908163070679,
            0.49170833826065063
          ],
          [
            -0.7068225741386414,
            -0.671582043170929,
            0.22221601009368896,
            -0.21293766796588898
          ],
          [
            0.1366363912820816,
            0.1786046326160431,
            0.9743944406509399,
            1.2362728118896484
          ],
          [
            0.0,
            0.0,
            0.0,
            1.0
          ]
        ]
      },
      "bone_length_armature_space": 0.04016441623293985,
      "parent": "thumb_01_l",
      "has_children": true,
      "is_end_bone": false
    },
    "thumb_03_l": {
      "name": "thumb_03_l",
      "local": {
        "location": {
          "x": 0.0,
          "y": 0.0,
          "z": 0.0
        },
        "rotation_quaternion": {
          "w": 0.9791784286499023,
          "x": 0.20288679003715515,
          "y": -0.006814103573560715,
          "z": -0.0005183195462450385
        },
        "scale": {
          "x": 1.0,
          "y": 1.0,
          "z": 1.0
        },
        "matrix_basis": [
          [
            0.999906599521637,
            -0.0017499285750091076,
            -0.013554766774177551,
            0.0
          ],
          [
            -0.0037800378631800413,
            0.9176733493804932,
            -0.39731767773628235,
            0.0
          ],
          [
            0.013134125620126724,
            0.3973318040370941,
            0.9175810217857361,
            0.0
          ],
          [
            0.0,
            0.0,
            0.0,
            1.0
          ]
        ],
        "rotation_mode": "QUATERNION"
      },
      "armature_space": {
        "head": {
          "x": 0.5205897688865662,
          "y": -0.3031553626060486,
          "z": 0.293592244386673
        },
        "tail": {
          "x": 0.5372587442398071,
          "y": -0.31536948680877686,
          "z": 0.3159497380256653
        }
      },
      "world_space": {
        "head": {
          "x": 0.5205897688865662,
          "y": -0.23991136252880096,
          "z": 1.2434462308883667
        },
        "tail": {
          "x": 0.5372587442398071,
          "y": -0.25212550163269043,
          "z": 1.2658038139343262
        },
        "rotation_quaternion": {
          "w": 0.45091521739959717,
          "x": 0.2695671617984772,
          "y": -0.30996978282928467,
          "z": -0.7924190163612366
        },
        "matrix": [
          [
            -0.44801652431488037,
            0.5475131273269653,
            -0.7067606449127197,
            0.5205897688865662
          ],
          [
            -0.8817436695098877,
            -0.4011879563331604,
            0.24814671277999878,
            -0.23991136252880096
          ],
          [
            -0.14768186211585999,
            0.7343600988388062,
            0.6625096797943115,
            1.2434462308883667
          ],
          [
            0.0,
            0.0,
            0.0,
            1.0
          ]
        ]
      },
      "bone_length_armature_space": 0.030444984641348947,
      "parent": "thumb_02_l",
      "has_children": false,
      "is_end_bone": true
    },
    "metacarpal_index_l": {
      "name": "metacarpal_index_l",
      "local": {
        "location": {
          "x": 0.0,
          "y": 0.0,
          "z": 0.0
        },
        "rotation_quaternion": {
          "w": 0.9997469186782837,
          "x": -0.016459379345178604,
          "y": -0.00908476859331131,
          "z": 0.01235958095639944
        },
        "scale": {
          "x": 1.0,
          "y": 1.0,
          "z": 1.0
        },
        "matrix_basis": [
          [
            0.9995294213294983,
            -0.02441384643316269,
            -0.018571801483631134,
            0.0
          ],
          [
            0.02501196600496769,
            0.999152660369873,
            0.032685860991477966,
            0.0
          ],
          [
            0.017758077010512352,
            -0.03313499689102173,
            0.9992930889129639,
            0.0
          ],
          [
            0.0,
            0.0,
            0.0,
            1.0
          ]
        ],
        "rotation_mode": "QUATERNION"
      },
      "armature_space": {
        "head": {
          "x": 0.5023952722549438,
          "y": -0.23524101078510284,
          "z": 0.3488282561302185
        },
        "tail": {
          "x": 0.5194489359855652,
          "y": -0.33126169443130493,
          "z": 0.283878356218338
        }
      },
      "world_space": {
        "head": {
          "x": 0.5023952722549438,
          "y": -0.17199701070785522,
          "z": 1.2986822128295898
        },
        "tail": {
          "x": 0.5194489359855652,
          "y": -0.2680177092552185,
          "z": 1.2337323427200317
        },
        "rotation_quaternion": {
          "w": 0.24099145829677582,
          "x": -0.8846558928489685,
          "y": -0.17938797175884247,
          "z": 0.3565486669540405
        },
        "matrix": [
          [
            0.6813859939575195,
            0.14554409682750702,
            -0.717307448387146,
            0.5023952722549438
          ],
          [
            0.4892438054084778,
            -0.8194868564605713,
            0.2984668016433716,
            -0.17199701070785522
          ],
          [
            -0.5443872213363647,
            -0.5543136596679688,
            -0.6295973062515259,
            1.2986822128295898
          ],
          [
            0.0,
            0.0,
            0.0,
            1.0
          ]
        ]
      },
      "bone_length_armature_space": 0.11717204585594984,
      "parent": "lowerarm_l",
      "has_children": true,
      "is_end_bone": false
    },
    "index_01_l": {
      "name": "index_01_l",
      "local": {
        "location": {
          "x": 0.0,
          "y": 0.0,
          "z": 0.0
        },
        "rotation_quaternion": {
          "w": 0.9744943380355835,
          "x": 0.22438615560531616,
          "y": -0.0011405163677409291,
          "z": -0.0032387860119342804
        },
        "scale": {
          "x": 1.0,
          "y": 1.0,
          "z": 1.0
        },
        "matrix_basis": [
          [
            0.999976396560669,
            0.005800525192171335,
            -0.003676330903545022,
            0.0
          ],
          [
            -0.006824189331382513,
            0.8992807269096375,
            -0.43731868267059326,
            0.0
          ],
          [
            0.0007693759980611503,
            0.43733346462249756,
            0.8992990851402283,
            0.0
          ],
          [
            0.0,
            0.0,
            0.0,
            1.0
          ]
        ],
        "rotation_mode": "QUATERNION"
      },
      "armature_space": {
        "head": {
          "x": 0.5194489359855652,
          "y": -0.33126169443130493,
          "z": 0.283878356218338
        },
        "tail": {
          "x": 0.5233085751533508,
          "y": -0.3445799648761749,
          "z": 0.25896239280700684
        }
      },
      "world_space": {
        "head": {
          "x": 0.5194489359855652,
          "y": -0.2680177092552185,
          "z": 1.2337323427200317
        },
        "tail": {
          "x": 0.5233085751533508,
          "y": -0.2813359498977661,
          "z": 1.208816409111023
        },
        "rotation_quaternion": {
          "w": 0.43227532505989075,
          "x": -0.7804253101348877,
          "y": -0.2821385860443115,
          "z": 0.35280612111091614
        },
        "matrix": [
          [
            0.5918514132499695,
            0.1353585422039032,
            -0.7946004867553711,
            0.5194489359855652
          ],
          [
            0.7453951835632324,
            -0.46707239747047424,
            0.4756365716457367,
            -0.2680177092552185
          ],
          [
            -0.3067559599876404,
            -0.8738036751747131,
            -0.3773350715637207,
            1.2337323427200317
          ],
          [
            0.0,
            0.0,
            0.0,
            1.0
          ]
        ]
      },
      "bone_length_armature_space": 0.02851452940488465,
      "parent": "metacarpal_index_l",
      "has_children": true,
      "is_end_bone": false
    },
    "index_02_l": {
      "name": "index_02_l",
      "local": {
        "location": {
          "x": 0.0,
          "y": 0.0,
          "z": 0.0
        },
        "rotation_quaternion": {
          "w": 0.9095368981361389,
          "x": 0.41554149985313416,
          "y": 0.0035720220766961575,
          "z": 0.007423178758472204
        },
        "scale": {
          "x": 1.0,
          "y": 1.0,
          "z": 1.0
        },
        "matrix_basis": [
          [
            0.9998642802238464,
            -0.010534662753343582,
            0.012667049653828144,
            0.0
          ],
          [
            0.01647195592522621,
            0.6545403003692627,
            -0.7558476328849792,
            0.0
          ],
          [
            -0.00032849409035407007,
            0.7559536695480347,
            0.6546249985694885,
            0.0
          ],
          [
            0.0,
            0.0,
            0.0,
            1.0
          ]
        ],
        "rotation_mode": "QUATERNION"
      },
      "armature_space": {
        "head": {
          "x": 0.523308277130127,
          "y": -0.34458017349243164,
          "z": 0.2589620053768158
        },
        "tail": {
          "x": 0.5101891756057739,
          "y": -0.3445843458175659,
          "z": 0.2369169145822525
        }
      },
      "world_space": {
        "head": {
          "x": 0.523308277130127,
          "y": -0.2813361883163452,
          "z": 1.2088160514831543
        },
        "tail": {
          "x": 0.5101891756057739,
          "y": -0.2813403606414795,
          "z": 1.1867709159851074
        },
        "rotation_quaternion": {
          "w": 0.6957175731658936,
          "x": -0.5334668755531311,
          "y": -0.12608209252357483,
          "z": 0.4642128646373749
        },
        "matrix": [
          [
            0.5372169017791748,
            -0.5114006996154785,
            -0.6707214713096619,
            0.523308277130127
          ],
          [
            0.7804452180862427,
            -0.00016254186630249023,
            0.6252247095108032,
            -0.2813361883163452
          ],
          [
            -0.319850891828537,
            -0.8593482375144958,
            0.39903613924980164,
            1.2088160514831543
          ],
          [
            0.0,
            0.0,
            0.0,
            1.0
          ]
        ]
      },
      "bone_length_armature_space": 0.02565339898403048,
      "parent": "index_01_l",
      "has_children": true,
      "is_end_bone": false
    },
    "index_03_l": {
      "name": "index_03_l",
      "local": {
        "location": {
          "x": 0.0,
          "y": 0.0,
          "z": 0.0
        },
        "rotation_quaternion": {
          "w": 0.9698919653892517,
          "x": 0.24350111186504364,
          "y": -0.004021042957901955,
          "z": 0.0007950086728669703
        },
        "scale": {
          "x": 1.0,
          "y": 1.0,
          "z": 1.0
        },
        "matrix_basis": [
          [
            0.9999663829803467,
            -0.0035004019737243652,
            -0.007412783335894346,
            0.0
          ],
          [
            -0.00041611181222833693,
            0.8814131617546082,
            -0.4723459482192993,
            0.0
          ],
          [
            0.00818712543696165,
            0.472333163022995,
            0.8813821077346802,
            0.0
          ],
          [
            0.0,
            0.0,
            0.0,
            1.0
          ]
        ],
        "rotation_mode": "QUATERNION"
      },
      "armature_space": {
        "head": {
          "x": 0.5101892948150635,
          "y": -0.34458446502685547,
          "z": 0.23691686987876892
        },
        "tail": {
          "x": 0.4887632727622986,
          "y": -0.33212804794311523,
          "z": 0.2214411348104477
        }
      },
      "world_space": {
        "head": {
          "x": 0.5101892948150635,
          "y": -0.28134047985076904,
          "z": 1.1867709159851074
        },
        "tail": {
          "x": 0.4887632727622986,
          "y": -0.2688840627670288,
          "z": 1.171295166015625
        },
        "rotation_quaternion": {
          "w": 0.8444870114326477,
          "x": -0.3133230209350586,
          "y": -0.0005223340122029185,
          "z": 0.4343618154525757
        },
        "matrix": [
          [
            0.6226581931114197,
            -0.7332984805107117,
            -0.2730749547481537,
            0.5101892948150635
          ],
          [
            0.7339542508125305,
            0.42631638050079346,
            0.5287401676177979,
            -0.28134047985076904
          ],
          [
            -0.2713092565536499,
            -0.5296519994735718,
            0.8036627769470215,
            1.1867709159851074
          ],
          [
            0.0,
            0.0,
            0.0,
            1.0
          ]
        ]
      },
      "bone_length_armature_space": 0.029218746107768624,
      "parent": "index_02_l",
      "has_children": false,
      "is_end_bone": true
    },
    "metacarpal_pinky_l": {
      "name": "metacarpal_pinky_l",
      "local": {
        "location": {
          "x": 0.0,
          "y": 0.0,
          "z": 0.0
        },
        "rotation_quaternion": {
          "w": 0.9987367391586304,
          "x": -0.049434177577495575,
          "y": 0.0018544114427641034,
          "z": 0.008825674653053284
        },
        "scale": {
          "x": 1.0,
          "y": 1.0,
          "z": 1.0
        },
        "matrix_basis": [
          [
            0.999837338924408,
            -0.017812393605709076,
            0.0028315577656030655,
            0.0
          ],
          [
            0.017445707693696022,
            0.9949567317962646,
            0.0987761914730072,
            0.0
          ],
          [
            -0.0045767175033688545,
            -0.09871072322130203,
            0.9951056241989136,
            0.0
          ],
          [
            0.0,
            0.0,
            0.0,
            1.0
          ]
        ],
        "rotation_mode": "QUATERNION"
      },
      "armature_space": {
        "head": {
          "x": 0.5023952722549438,
          "y": -0.23524101078510284,
          "z": 0.3488282561302185
        },
        "tail": {
          "x": 0.5750252604484558,
          "y": -0.2837728261947632,
          "z": 0.29214656352996826
        }
      },
      "world_space": {
        "head": {
          "x": 0.5023952722549438,
          "y": -0.17199701070785522,
          "z": 1.2986822128295898
        },
        "tail": {
          "x": 0.5750252604484558,
          "y": -0.22052882611751556,
          "z": 1.2420005798339844
        },
        "rotation_quaternion": {
          "w": 0.351961225271225,
          "x": 0.13533185422420502,
          "y": 0.37827256321907043,
          "z": -0.8454102873802185
        },
        "matrix": [
          [
            -0.715616762638092,
            0.6974883079528809,
            0.03745444864034653,
            0.5023952722549438
          ],
          [
            -0.4927206337451935,
            -0.46606603264808655,
            -0.7348533868789673,
            -0.17199701070785522
          ],
          [
            -0.4950990378856659,
            -0.5443319082260132,
            0.6771954298019409,
            1.2986822128295898
          ],
          [
            0.0,
            0.0,
            0.0,
            1.0
          ]
        ]
      },
      "bone_length_armature_space": 0.10413100754813977,
      "parent": "lowerarm_l",
      "has_children": true,
      "is_end_bone": false
    },
    "pinky_01_l": {
      "name": "pinky_01_l",
      "local": {
        "location": {
          "x": 0.0,
          "y": 0.0,
          "z": 0.0
        },
        "rotation_quaternion": {
          "w": 0.9560550451278687,
          "x": 0.29302048683166504,
          "y": -0.006289574783295393,
          "z": -0.007632392458617687
        },
        "scale": {
          "x": 1.0,
          "y": 1.0,
          "z": 1.0
        },
        "matrix_basis": [
          [
            0.9998043775558472,
            0.010908026248216629,
            -0.01649925485253334,
            0.0
          ],
          [
            -0.018279923126101494,
            0.8281614780426025,
            -0.5601913928985596,
            0.0
          ],
          [
            0.007553464733064175,
            0.5603834390640259,
            0.8281988501548767,
            0.0
          ],
          [
            0.0,
            0.0,
            0.0,
            1.0
          ]
        ],
        "rotation_mode": "QUATERNION"
      },
      "armature_space": {
        "head": {
          "x": 0.5750252604484558,
          "y": -0.2837728261947632,
