{
  "metadata": {
    "armature_name": "KIM_caucasian_male",
    "export_time": "2026-01-13T21:04:32.572923",
    "blender_version": "4.4.1",
    "bone_count": 56,
    "end_bone_count": 13,
    "spaces_included": [
      "LOCAL_CHANNELS",
      "ARMATURE_SPACE",
      "WORLD_SPACE"
    ],
    "note": "LOCAL matches Transform panel; replay pose via local.matrix_basis for best fidelity."
  },
  "bones": {
    "Root": {
      "name": "Root",
      "local": {
        "location": {
          "x": 0.0,
          "y": 0.0,
          "z": 0.0
        },
        "rotation_quaternion": {
          "w": 0.9995572566986084,
          "x": 0.016863565891981125,
          "y": -0.00129526702221483,
          "z": 0.024481529369950294
        },
        "scale": {
          "x": 1.0,
          "y": 1.0,
          "z": 1.0
        },
        "matrix_basis": [
          [
            0.9987979531288147,
            -0.0489850677549839,
            -0.0017636953853070736,
            0.0
          ],
          [
            0.048897694796323776,
            0.9982325434684753,
            -0.03377562016248703,
            0.0
          ],
          [
            0.003415078856050968,
            0.0336487777531147,
            0.9994279146194458,
            0.0
          ],
          [
            0.0,
            0.0,
            0.0,
            1.0
          ]
        ],
        "rotation_mode": "QUATERNION"
      },
      "armature_space": {
        "head": {
          "x": 0.0,
          "y": 0.07072800397872925,
          "z": -0.009595036506652832
        },
        "tail": {
          "x": -0.003496351884678006,
          "y": -0.00019785016775131226,
          "z": -0.0023968867026269436
        }
      },
      "world_space": {
        "head": {
          "x": 0.0,
          "y": 0.13397200405597687,
          "z": 0.9402589797973633
        },
        "tail": {
          "x": -0.003496351884678006,
          "y": 0.06304614990949631,
          "z": 0.9474571347236633
        },
        "rotation_quaternion": {
          "w": 0.05051256716251373,
          "x": 0.9984225034713745,
          "y": -0.02451317571103573,
          "z": 0.0003569417167454958
        },
        "matrix": [
          [
            0.9987979531288147,
            -0.0489850677549839,
            -0.0017636953853070736,
            0.0
          ],
          [
            -0.04891294986009598,
            -0.9936951398849487,
            -0.10088374465703964,
            0.13397200405597687
          ],
          [
            0.0031891975086182356,
            0.10084850341081619,
            -0.9949037432670593,
            0.9402589797973633
          ],
          [
            0.0,
            0.0,
            0.0,
            1.0
          ]
        ]
      },
      "bone_length_armature_space": 0.07137586980535715,
      "parent": null,
      "has_children": true,
      "is_end_bone": false
    },
    "spine_01": {
      "name": "spine_01",
      "local": {
        "location": {
          "x": 0.0,
          "y": 0.0,
          "z": 0.0
        },
        "rotation_quaternion": {
          "w": 0.997056245803833,
          "x": -0.04476521909236908,
          "y": 0.05800672248005867,
          "z": 0.022587087005376816
        },
        "scale": {
          "x": 1.0,
          "y": 1.0,
          "z": 1.0
        },
        "matrix_basis": [
          [
            0.9922500848770142,
            -0.050234559923410416,
            0.11364969611167908,
            0.0
          ],
          [
            0.03984782472252846,
            0.9949718117713928,
            0.09188728779554367,
            0.0
          ],
          [
            -0.11769416183233261,
            -0.08664647489786148,
            0.989262580871582,
            0.0
          ],
          [
            0.0,
            0.0,
            0.0,
            1.0
          ]
        ],
        "rotation_mode": "QUATERNION"
      },
      "armature_space": {
        "head": {
          "x": -0.003496351884678006,
          "y": -0.00019785016775131226,
          "z": -0.0023968867026269436
        },
        "tail": {
          "x": -0.02715088240802288,
          "y": 0.04958074539899826,
          "z": 0.48248571157455444
        }
      },
      "world_space": {
        "head": {
          "x": -0.003496351884678006,
          "y": 0.06304614990949631,
          "z": 0.9474571347236633
        },
        "tail": {
          "x": -0.02715088240802288,
          "y": 0.11282474547624588,
          "z": 1.4323396682739258
        },
        "rotation_quaternion": {
          "w": 0.7422535419464111,
          "x": 0.6688932180404663,
          "y": 0.007870424538850784,
          "z": 0.03974464535713196
        },
        "matrix": [
          [
            0.9967167973518372,
            -0.04847227409482002,
            0.06485384702682495,
            -0.003496351884678006
          ],
          [
            0.06953048706054688,
            0.10200506448745728,
            -0.9923510551452637,
            0.06304614990949631
          ],
          [
            0.04148644581437111,
            0.9936093688011169,
            0.1050402820110321,
            0.9474571347236633
          ],
          [
            0.0,
            0.0,
            0.0,
            1.0
          ]
        ]
      },
      "bone_length_armature_space": 0.48800469011016506,
      "parent": "Root",
      "has_children": true,
      "is_end_bone": false
    },
    "neck_01": {
      "name": "neck_01",
      "local": {
        "location": {
          "x": 0.0,
          "y": 0.0,
          "z": 0.0
        },
        "rotation_quaternion": {
          "w": 0.9932823181152344,
          "x": 0.05651880428195,
          "y": 0.0056249890476465225,
          "z": -0.10081825405359268
        },
        "scale": {
          "x": 1.0,
          "y": 1.0,
          "z": 1.0
        },
        "matrix_basis": [
          [
            0.9796080589294434,
            0.2009178102016449,
            -0.00022185001580510288,
            0.0
          ],
          [
            -0.19964614510536194,
            0.9732826352119446,
            -0.11341246217489243,
            0.0
          ],
          [
            -0.0225706584751606,
            0.111144058406353,
            0.9935479760169983,
            0.0
          ],
          [
            0.0,
            0.0,
            0.0,
            1.0
          ]
        ],
        "rotation_mode": "QUATERNION"
      },
      "armature_space": {
        "head": {
          "x": -0.02845078706741333,
          "y": 0.02263423055410385,
          "z": 0.5588791370391846
        },
        "tail": {
          "x": -0.009059270843863487,
          "y": -0.015072785317897797,
          "z": 0.6522220373153687
        }
      },
      "world_space": {
        "head": {
          "x": -0.02845078706741333,
          "y": 0.08587823063135147,
          "z": 1.5087331533432007
        },
        "tail": {
          "x": -0.009059270843863487,
          "y": 0.04817121475934982,
          "z": 1.6020760536193848
        },
        "rotation_quaternion": {
          "w": 0.5531021356582642,
          "x": 0.8267353773117065,
          "y": 0.100893035531044,
          "z": -0.020179137587547302
        },
        "matrix": [
          [
            0.9788267016410828,
            0.18914614617824554,
            0.07824359834194183,
            -0.02845078706741333
          ],
          [
            0.14450228214263916,
            -0.36779677867889404,
            -0.9186103343963623,
            0.08587823063135147
          ],
          [
            -0.1449747234582901,
            0.9104726314544678,
            -0.3873448669910431,
            1.5087331533432007
          ],
          [
            0.0,
            0.0,
            0.0,
            1.0
          ]
        ]
      },
      "bone_length_armature_space": 0.102521934526303,
      "parent": "spine_01",
      "has_children": true,
      "is_end_bone": false
    },
    "head": {
      "name": "head",
      "local": {
        "location": {
          "x": 0.0,
          "y": 0.0,
          "z": 0.0
        },
        "rotation_quaternion": {
          "w": 0.9896472096443176,
          "x": 0.007972868159413338,
          "y": 0.06657151132822037,
          "z": -0.1268983781337738
        },
        "scale": {
          "x": 1.0,
          "y": 1.0,
          "z": 1.0
        },
        "matrix_basis": [
          [
            0.9589300751686096,
            0.25223079323768616,
            0.1297411322593689,
            0.0
          ],
          [
            -0.25010770559310913,
            0.9676664471626282,
            -0.03267628699541092,
            0.0
          ],
          [
            -0.1337881088256836,
            -0.0011149802012369037,
            0.9910093545913696,
            0.0
          ],
          [
            0.0,
            0.0,
            0.0,
            1.0
          ]
        ],
        "rotation_mode": "QUATERNION"
      },
      "armature_space": {
        "head": {
          "x": -0.009059272706508636,
          "y": -0.015072902664542198,
          "z": 0.6522218585014343
        },
        "tail": {
          "x": 0.05135621130466461,
          "y": -0.01100719440728426,
          "z": 0.7950038909912109
        }
      },
      "world_space": {
        "head": {
          "x": -0.009059272706508636,
          "y": 0.04817109555006027,
          "z": 1.6020758152008057
        },
        "tail": {
          "x": 0.05135621130466461,
          "y": 0.052236806601285934,
          "z": 1.744857907295227
        },
        "rotation_quaternion": {
          "w": 0.675942599773407,
          "x": 0.6963949203491211,
          "y": 0.23708458244800568,
          "z": -0.04389522969722748
        },
        "matrix": [
          [
            0.8837275505065918,
            0.3895505964756012,
            0.25937655568122864,
            -0.009059272706508636
          ],
          [
            0.27087002992630005,
            0.026215117424726486,
            -0.9622591137886047,
            0.04817109555006027
          ],
          [
            -0.38165056705474854,
            0.9206385612487793,
            -0.08235194534063339,
            1.6020758152008057
          ],
          [
            0.0,
            0.0,
            0.0,
            1.0
          ]
        ]
      },
      "bone_length_armature_space": 0.15509116578445667,
      "parent": "neck_01",
      "has_children": false,
      "is_end_bone": true
    },
    "upperarm_l": {
      "name": "upperarm_l",
      "local": {
        "location": {
          "x": 0.0,
          "y": 0.0,
          "z": 0.0
        },
        "rotation_quaternion": {
          "w": 0.9356409311294556,
          "x": 0.28257879614830017,
          "y": 0.16472956538200378,
          "z": -0.13262568414211273
        },
        "scale": {
          "x": 1.0,
          "y": 1.0,
          "z": 1.0
        },
        "matrix_basis": [
          [
            0.9105492234230042,
            0.34127819538116455,
            0.23330102860927582,
            0.0
          ],
          [
            -0.1550818681716919,
            0.8051192760467529,
            -0.5724793076515198,
            0.0
          ],
          [
            -0.38320985436439514,
            0.48508983850479126,
            0.7860267758369446,
            0.0
          ],
          [
            0.0,
            0.0,
            0.0,
            1.0
          ]
        ],
        "rotation_mode": "QUATERNION"
      },
      "armature_space": {
        "head": {
          "x": 0.12452127784490585,
          "y": 0.02304353564977646,
          "z": 0.49865880608558655
        },
        "tail": {
          "x": 0.35480785369873047,
          "y": -0.0902082771062851,
          "z": 0.4215236008167267
        }
      },
      "world_space": {
        "head": {
          "x": 0.12452127784490585,
          "y": 0.08628753572702408,
          "z": 1.4485127925872803
        },
        "tail": {
          "x": 0.35480785369873047,
          "y": -0.026964277029037476,
          "z": 1.3713775873184204
        },
        "rotation_quaternion": {
          "w": 0.23878401517868042,
          "x": 0.5973634123802185,
          "y": 0.4813168942928314,
          "z": -0.5953766703605652
        },
        "matrix": [
          [
            -0.17228007316589355,
            0.8593763113021851,
            -0.4814477562904358,
            0.12452127784490585
          ],
          [
            0.2907082438468933,
            -0.42262959480285645,
            -0.8584132194519043,
            0.08628753572702408
          ],
          [
            -0.9411803483963013,
            -0.2878507375717163,
            -0.1770191490650177,
            1.4485127925872803
          ],
          [
            0.0,
            0.0,
            0.0,
            1.0
          ]
        ]
      },
      "bone_length_armature_space": 0.2679696177588112,
      "parent": "spine_01",
      "has_children": true,
      "is_end_bone": false
    },
    "lowerarm_l": {
      "name": "lowerarm_l",
      "local": {
        "location": {
          "x": 0.0,
          "y": 0.0,
          "z": 0.0
        },
        "rotation_quaternion": {
          "w": 0.9369558095932007,
          "x": 0.27338269352912903,
          "y": 0.15993128716945648,
          "z": -0.14764080941677094
        },
        "scale": {
          "x": 1.0,
          "y": 1.0,
          "z": 1.0
        },
        "matrix_basis": [
          [
            0.9052483439445496,
            0.36411070823669434,
            0.21897220611572266,
            0.0
          ],
          [
            -0.18922093510627747,
            0.8069282174110413,
            -0.5595197677612305,
            0.0
          ],
          [
            -0.3804219961166382,
            0.4650702476501465,
            0.7993677854537964,
            0.0
          ],
          [
            0.0,
            0.0,
            0.0,
            1.0
          ]
        ],
        "rotation_mode": "QUATERNION"
      },
      "armature_space": {
        "head": {
          "x": 0.35480791330337524,
          "y": -0.09020839631557465,
          "z": 0.42152369022369385
        },
        "tail": {
          "x": 0.44119375944137573,
          "y": -0.29610246419906616,
          "z": 0.2741641402244568
        }
      },
      "world_space": {
        "head": {
          "x": 0.35480791330337524,
          "y": -0.026964396238327026,
          "z": 1.37137770652771
        },
        "tail": {
          "x": 0.44119375944137573,
          "y": -0.23285846412181854,
          "z": 1.2240180969238281
        },
        "rotation_quaternion": {
          "w": 0.08296698331832886,
          "x": -0.6596547365188599,
          "y": -0.3290933072566986,
          "z": 0.6705741882324219
        },
        "matrix": [
          [
            -0.1159442663192749,
            0.3229081630706787,
            -0.9393014907836914,
            0.35480791330337524
          ],
          [
            0.5454471111297607,
            -0.7696270942687988,
            -0.3319067358970642,
            -0.026964396238327026
          ],
          [
            -0.8300924301147461,
            -0.5508264303207397,
            -0.08689642697572708,
            1.37137770652771
          ],
          [
            0.0,
            0.0,
            0.0,
            1.0
          ]
        ]
      },
      "bone_length_armature_space": 0.26752516995202597,
      "parent": "upperarm_l",
      "has_children": true,
      "is_end_bone": false
    },
    "metacarpal_thumb_l": {
      "name": "metacarpal_thumb_l",
      "local": {
        "location": {
          "x": 0.0,
          "y": 0.0,
          "z": 0.0
        },
        "rotation_quaternion": {
          "w": 0.9997750520706177,
          "x": -0.017444400116801262,
          "y": 0.010622844099998474,
          "z": 0.005718659143894911
        },
        "scale": {
          "x": 1.0,
          "y": 1.0,
          "z": 1.0
        },
        "matrix_basis": [
          [
            0.999708890914917,
            -0.011805363930761814,
            0.021041391417384148,
            0.0
          ],
          [
            0.011064127087593079,
            0.9993259906768799,
            0.0350024476647377,
            0.0
          ],
          [
            -0.021440425887703896,
            -0.03475945442914963,
            0.9991657137870789,
            0.0
          ],
          [
            0.0,
            0.0,
            0.0,
            1.0
          ]
        ],
        "rotation_mode": "QUATERNION"
      },
      "armature_space": {
        "head": {
          "x": 0.44119375944137573,
          "y": -0.29610246419906616,
          "z": 0.2741641402244568
        },
        "tail": {
          "x": 0.42507070302963257,
          "y": -0.33197328448295593,
          "z": 0.24404887855052948
        }
      },
      "world_space": {
        "head": {
          "x": 0.44119375944137573,
          "y": -0.23285846412181854,
          "z": 1.2240180969238281
        },
        "tail": {
          "x": 0.42507070302963257,
          "y": -0.2687292695045471,
          "z": 1.193902850151062
        },
        "rotation_quaternion": {
          "w": 0.34639212489128113,
          "x": -0.9215042591094971,
          "y": 0.13389289379119873,
          "z": 0.11364471912384033
        },
        "matrix": [
          [
            0.938315212726593,
            -0.32549721002578735,
            -0.11668834090232849,
            0.44119375944137573
          ],
          [
            -0.1680353581905365,
            -0.7241706252098083,
            0.6688357591629028,
            -0.23285846412181854
          ],
          [
            -0.30220866203308105,
            -0.6079756617546082,
            -0.7341998815536499,
            1.2240180969238281
          ],
          [
            0.0,
            0.0,
            0.0,
            1.0
          ]
        ]
      },
      "bone_length_armature_space": 0.0495338030122008,
      "parent": "lowerarm_l",
      "has_children": true,
      "is_end_bone": false
    },
    "thumb_01_l": {
      "name": "thumb_01_l",
      "local": {
        "location": {
          "x": 0.0,
          "y": 0.0,
          "z": 0.0
        },
        "rotation_quaternion": {
          "w": 0.9995332956314087,
          "x": 0.01983974128961563,
          "y": 0.01820334792137146,
          "z": 0.014431688003242016
        },
        "scale": {
          "x": 1.0,
          "y": 1.0,
          "z": 1.0
        },
        "matrix_basis": [
          [
            0.998920738697052,
            -0.028127605095505714,
            0.036962345242500305,
            0.0
          ],
          [
            0.029572205618023872,
            0.9987962245941162,
            -0.03913555294275284,
            0.0
          ],
          [
            -0.035817064344882965,
            0.04018637537956238,
            0.9985500574111938,
            0.0
          ],
          [
            0.0,
            0.0,
            0.0,
            1.0
          ]
        ],
        "rotation_mode": "QUATERNION"
      },
      "armature_space": {
        "head": {
          "x": 0.42507070302963257,
          "y": -0.33197328448295593,
          "z": 0.24404887855052948
        },
        "tail": {
          "x": 0.4123477041721344,
          "y": -0.3299650549888611,
          "z": 0.21254123747348785
        }
      },
      "world_space": {
        "head": {
          "x": 0.42507070302963257,
          "y": -0.2687292695045471,
          "z": 1.193902850151062
        },
        "tail": {
          "x": 0.4123477041721344,
          "y": -0.26672106981277466,
          "z": 1.1623952388763428
        },
        "rotation_quaternion": {
          "w": 0.3420720100402832,
          "x": -0.5256811380386353,
          "y": 0.6422514915466309,
          "z": -0.4406350255012512
        },
        "matrix": [
          [
            -0.21328993141651154,
            -0.37378162145614624,
            0.9026598334312439,
            0.42507070302963257
          ],
          [
            -0.9766973257064819,
            0.05899868533015251,
            -0.2063535749912262,
            -0.2687292695045471
          ],
          [
            0.023874856531620026,
            -0.9256449341773987,
            -0.3776581287384033,
            1.193902850151062
          ],
          [
            0.0,
            0.0,
            0.0,
            1.0
          ]
        ]
      },
      "bone_length_armature_space": 0.03403878837792707,
      "parent": "metacarpal_thumb_l",
      "has_children": true,
      "is_end_bone": false
    },
    "thumb_02_l": {
      "name": "thumb_02_l",
      "local": {
        "location": {
          "x": 0.0,
          "y": 0.0,
          "z": 0.0
        },
        "rotation_quaternion": {
          "w": 0.988701581954956,
          "x": 0.14931420981884003,
          "y": -0.008431767113506794,
          "z": -0.010169429704546928
        },
        "scale": {
          "x": 1.0,
          "y": 1.0,
          "z": 1.0
        },
        "matrix_basis": [
          [
            0.9996509552001953,
            0.017591096460819244,
            -0.019709883257746696,
            0.0
          ],
          [
            -0.022627027705311775,
            0.9552037119865417,
            -0.2950828969478607,
            0.0
          ],
          [
            0.013636122457683086,
            0.2954258918762207,
            0.9552683234214783,
            0.0
          ],
          [
            0.0,
            0.0,
            0.0,
            1.0
          ]
        ],
        "rotation_mode": "QUATERNION"
      },
      "armature_space": {
        "head": {
          "x": 0.4123477041721344,
          "y": -0.3299650251865387,
          "z": 0.21254126727581024
        },
        "tail": {
          "x": 0.42814627289772034,
          "y": -0.3624526858329773,
          "z": 0.1949872523546219
        }
      },
      "world_space": {
        "head": {
          "x": 0.4123477041721344,
          "y": -0.2667210102081299,
          "z": 1.1623952388763428
        },
        "tail": {
          "x": 0.42814627289772034,
          "y": -0.29920870065689087,
          "z": 1.1448413133621216
        },
        "rotation_quaternion": {
          "w": 0.26185062527656555,
          "x": -0.2605895698070526,
          "y": 0.16432006657123566,
          "z": -0.914618194103241
        },
        "matrix": [
          [
            -0.7270542979240417,
            0.39334720373153687,
            0.5627344846725464,
            0.4123477041721344
          ],
          [
            -0.5646271109580994,
            -0.8088666200637817,
            -0.1641077697277069,
            -0.2667210102081299
          ],
          [
            0.3906280994415283,
            -0.4370540380477905,
            0.8101898431777954,
            1.1623952388763428
          ],
          [
            0.0,
            0.0,
            0.0,
            1.0
          ]
        ]
      },
      "bone_length_armature_space": 0.04016449046085493,
      "parent": "thumb_01_l",
      "has_children": true,
      "is_end_bone": false
    },
    "thumb_03_l": {
      "name": "thumb_03_l",
      "local": {
        "location": {
          "x": 0.0,
          "y": 0.0,
          "z": 0.0
        },
        "rotation_quaternion": {
          "w": 0.9960079789161682,
          "x": 0.08910461515188217,
          "y": -0.0024395338259637356,
          "z": -0.004766561556607485
        },
        "scale": {
          "x": 1.0,
          "y": 1.0,
          "z": 1.0
        },
        "matrix_basis": [
          [
            0.9999426603317261,
            0.009060319513082504,
            -0.005709035787731409,
            0.0
          ],
          [
            -0.009929814375936985,
            0.9840753078460693,
            -0.17747455835342407,
            0.0
          ],
          [
            0.004010145086795092,
            0.17752106487751007,
            0.9841088056564331,
            0.0
          ],
          [
            0.0,
            0.0,
            0.0,
            1.0
          ]
        ],
        "rotation_mode": "QUATERNION"
      },
      "armature_space": {
        "head": {
          "x": 0.4281461834907532,
          "y": -0.3624526560306549,
          "z": 0.1949872523546219
        },
        "tail": {
          "x": 0.4480161666870117,
          "y": -0.3853801190853119,
          "z": 0.19245630502700806
        }
      },
      "world_space": {
        "head": {
          "x": 0.4281461834907532,
          "y": -0.2992086410522461,
          "z": 1.1448413133621216
        },
        "tail": {
          "x": 0.4480161666870117,
          "y": -0.3221361041069031,
          "z": 1.142310380935669
        },
        "rotation_quaternion": {
          "w": 0.3488016128540039,
          "x": -0.005390543956309557,
          "y": 0.042388916015625,
          "z": -0.9362219572067261
        },
        "matrix": [
          [
            -0.7566167712211609,
            0.6526544690132141,
            0.03966446965932846,
            0.4281461834907532
          ],
          [
            -0.6535686254501343,
            -0.7530813813209534,
            -0.07560995221138,
            -0.2992086410522461
          ],
          [
            -0.01947721280157566,
            -0.08313234150409698,
            0.9963552355766296,
            1.1448413133621216
          ],
          [
            0.0,
            0.0,
            0.0,
            1.0
          ]
        ]
      },
      "bone_length_armature_space": 0.030444875894570452,
      "parent": "thumb_02_l",
      "has_children": false,
      "is_end_bone": true
    },
    "metacarpal_index_l": {
      "name": "metacarpal_index_l",
      "local": {
        "location": {
          "x": 0.0,
          "y": 0.0,
          "z": 0.0
        },
        "rotation_quaternion": {
          "w": 0.9994744062423706,
          "x": -0.027235694229602814,
          "y": -0.010017160326242447,
          "z": 0.014453614130616188
        },
        "scale": {
          "x": 1.0,
          "y": 1.0,
          "z": 1.0
        },
        "matrix_basis": [
          [
            0.9993814826011658,
            -0.028346385806798935,
            -0.02081109955906868,
            0.0
          ],
          [
            0.029437683522701263,
            0.998098611831665,
            0.054153189063072205,
            0.0
          ],
          [
            0.019236482679843903,
            -0.05473232641816139,
            0.9983157515525818,
            0.0
          ],
          [
            0.0,
            0.0,
            0.0,
            1.0
          ]
        ],
        "rotation_mode": "QUATERNION"
      },
      "armature_space": {
        "head": {
          "x": 0.44119375944137573,
          "y": -0.29610246419906616,
          "z": 0.2741641402244568
        },
        "tail": {
          "x": 0.4447835385799408,
          "y": -0.3944270610809326,
          "z": 0.210534930229187
        }
      },
      "world_space": {
        "head": {
          "x": 0.44119375944137573,
          "y": -0.23285846412181854,
          "z": 1.2240180969238281
        },
        "tail": {
          "x": 0.4447835385799408,
          "y": -0.3311830759048462,
          "z": 1.1603889465332031
        },
        "rotation_quaternion": {
          "w": 0.2575419545173645,
          "x": -0.8920831680297852,
          "y": -0.11873418092727661,
          "z": 0.3517981767654419
        },
        "matrix": [
          [
            0.7242807149887085,
            0.03063691034913063,
            -0.6888242959976196,
            0.44119375944137573
          ],
          [
            0.39304718375205994,
            -0.8391494750976562,
            0.3759556710720062,
            -0.23285846412181854
          ],
          [
            -0.566511869430542,
            -0.5430423021316528,
            -0.6198254227638245,
            1.2240180969238281
          ],
          [
            0.0,
            0.0,
            0.0,
            1.0
          ]
        ]
      },
      "bone_length_armature_space": 0.11717204861923786,
      "parent": "lowerarm_l",
      "has_children": true,
      "is_end_bone": false
    },
    "index_01_l": {
      "name": "index_01_l",
      "local": {
        "location": {
          "x": 0.0,
          "y": 0.0,
          "z": 0.0
        },
        "rotation_quaternion": {
          "w": 0.9968435168266296,
          "x": -0.07643904536962509,
          "y": -0.01182958111166954,
          "z": 0.017897237092256546
        },
        "scale": {
          "x": 1.0,
          "y": 1.0,
          "z": 1.0
        },
        "matrix_basis": [
          [
            0.9990795254707336,
            -0.03387300670146942,
            -0.026320578530430794,
            0.0
          ],
          [
            0.03748997300863266,
            0.9876735210418701,
            0.15197210013866425,
            0.0
          ],
          [
            0.020848387852311134,
            -0.152818962931633,
            0.9880342483520508,
            0.0
          ],
          [
            0.0,
            0.0,
            0.0,
            1.0
          ]
        ],
        "rotation_mode": "QUATERNION"
      },
      "armature_space": {
        "head": {
          "x": 0.4447835385799408,
          "y": -0.3944270610809326,
          "z": 0.210534930229187
        },
        "tail": {
          "x": 0.4573138356208801,
          "y": -0.4159061312675476,
          "z": 0.1965809464454651
        }
      },
      "world_space": {
        "head": {
          "x": 0.4447835385799408,
          "y": -0.3311830759048462,
          "z": 1.1603889465332031
        },
        "tail": {
          "x": 0.4573138356208801,
          "y": -0.3526621460914612,
          "z": 1.146435022354126
        },
        "rotation_quaternion": {
          "w": 0.18288017809391022,
          "x": -0.8968032002449036,
          "y": -0.2998650074005127,
          "z": 0.2690352499485016
        },
        "matrix": [
          [
            0.675401508808136,
            0.4394381642341614,
            -0.5922220945358276,
            0.4447835385799408
          ],
          [
            0.636242687702179,
            -0.7532719373703003,
            0.1666649580001831,
            -0.3311830759048462
          ],
          [
            -0.37286731600761414,
            -0.4893667697906494,
            -0.7883554697036743,
            1.1603889465332031
          ],
          [
            0.0,
            0.0,
            0.0,
            1.0
          ]
        ]
      },
      "bone_length_armature_space": 0.028514425472119544,
      "parent": "metacarpal_index_l",
      "has_children": true,
      "is_end_bone": false
    },
    "index_02_l": {
      "name": "index_02_l",
      "local": {
        "location": {
          "x": 0.0,
          "y": 0.0,
          "z": 0.0
        },
        "rotation_quaternion": {
          "w": 0.972578763961792,
          "x": 0.23226937651634216,
          "y": -0.01188872940838337,
          "z": -0.0005981088033877313
        },
        "scale": {
          "x": 1.0,
          "y": 1.0,
          "z": 1.0
        },
        "matrix_basis": [
          [
            0.999716579914093,
            -0.0043593598529696465,
            -0.023403296247124672,
            0.0
          ],
          [
            -0.006686191540211439,
            0.8921011686325073,
            -0.4517863094806671,
            0.0
          ],
          [
            0.022847605869174004,
            0.451814740896225,
            0.891819179058075,
            0.0
          ],
          [
            0.0,
            0.0,
            0.0,
            1.0
          ]
        ],
        "rotation_mode": "QUATERNION"
      },
      "armature_space": {
        "head": {
          "x": 0.4573136568069458,
          "y": -0.41590651869773865,
          "z": 0.19658058881759644
        },
        "tail": {
          "x": 0.4610721170902252,
          "y": -0.43175119161605835,
          "z": 0.17675846815109253
        }
      },
      "world_space": {
        "head": {
          "x": 0.4573136568069458,
          "y": -0.35266250371932983,
          "z": 1.1464345455169678
        },
        "tail": {
          "x": 0.4610721170902252,
          "y": -0.3685072064399719,
          "z": 1.1266124248504639
        },
        "rotation_quaternion": {
          "w": 0.3587076663970947,
          "x": -0.8207024335861206,
          "y": -0.25001031160354614,
          "z": 0.3677922487258911
        },
        "matrix": [
          [
            0.6044474244117737,
            0.14650970697402954,
            -0.7830570340156555,
            0.4573136568069458
          ],
          [
            0.6742283701896667,
            -0.6176478862762451,
            0.40487992763519287,
            -0.35266250371932983
          ],
          [
            -0.4243369400501251,
            -0.7726937532424927,
            -0.4721195697784424,
            1.1464345455169678
          ],
          [
            0.0,
            0.0,
            0.0,
            1.0
          ]
        ]
      },
      "bone_length_armature_space": 0.02565338472935332,
      "parent": "index_01_l",
      "has_children": true,
      "is_end_bone": false
    },
    "index_03_l": {
      "name": "index_03_l",
      "local": {
        "location": {
          "x": 0.0,
          "y": 0.0,
          "z": 0.0
        },
        "rotation_quaternion": {
          "w": 0.9734285473823547,
          "x": 0.2289721965789795,
          "y": -0.0025573745369911194,
          "z": 0.001437680795788765
        },
        "scale": {
          "x": 1.0,
          "y": 1.0,
          "z": 1.0
        },
        "matrix_basis": [
          [
            0.9999827742576599,
            -0.003970094490796328,
            -0.00432046502828598,
            0.0
          ],
          [
            0.001627823687158525,
            0.8951393365859985,
            -0.44578349590301514,
            0.0
          ],
          [
            0.005637220572680235,
            0.445768803358078,
            0.8951303958892822,
            0.0
          ],
          [
            0.0,
            0.0,
            0.0,
            1.0
          ]
        ],
        "rotation_mode": "QUATERNION"
      },
      "armature_space": {
        "head": {
          "x": 0.4610722064971924,
          "y": -0.4317512810230255,
          "z": 0.1767585575580597
        },
        "tail": {
          "x": 0.45464691519737244,
          "y": -0.4387379586696625,
          "z": 0.14912442862987518
        }
      },
      "world_space": {
        "head": {
          "x": 0.4610722064971924,
          "y": -0.3685072660446167,
          "z": 1.1266125440597534
        },
        "tail": {
          "x": 0.45464691519737244,
          "y": -0.37549394369125366,
          "z": 1.0989784002304077
        },
        "rotation_quaternion": {
          "w": 0.5921704769134521,
          "x": -0.6861827969551086,
          "y": -0.1725589781999588,
          "z": 0.38563045859336853
        },
        "matrix": [
          [
            0.6430264115333557,
            -0.21990321576595306,
            -0.7335936427116394,
            0.4610722064971924
          ],
          [
            0.6935306787490845,
            -0.23911669850349426,
            0.6795873641967773,
            -0.3685072660446167
          ],
          [
            -0.32485949993133545,
            -0.9457690119743347,
            -0.0012481510639190674,
            1.1266125440597534
          ],
          [
            0.0,
            0.0,
            0.0,
            1.0
          ]
        ]
      },
      "bone_length_armature_space": 0.02921888325342973,
      "parent": "index_02_l",
      "has_children": false,
      "is_end_bone": true
    },
    "metacarpal_pinky_l": {
      "name": "metacarpal_pinky_l",
      "local": {
        "location": {
          "x": 0.0,
          "y": 0.0,
          "z": 0.0
        },
        "rotation_quaternion": {
          "w": 0.9988092184066772,
          "x": -0.045207150280475616,
          "y": -0.012053793296217918,
          "z": -0.013825354166328907
        },
        "scale": {
          "x": 1.0,
          "y": 1.0,
          "z": 1.0
        },
        "matrix_basis": [
          [
            0.9993271231651306,
            0.02870761789381504,
            -0.02282886952161789,
            0.0
          ],
          [
            -0.026527946814894676,
            0.995530366897583,
            0.09063993394374847,
            0.0
          ],
          [
            0.02532888948917389,
            -0.0899733379483223,
            0.9956220388412476,
            0.0
          ],
          [
            0.0,
            0.0,
            0.0,
            1.0
          ]
        ],
        "rotation_mode": "QUATERNION"
      },
      "armature_space": {
        "head": {
          "x": 0.44119375944137573,
          "y": -0.29610246419906616,
          "z": 0.2741641402244568
        },
        "tail": {
          "x": 0.5011322498321533,
          "y": -0.35617363452911377,
          "z": 0.21381425857543945
        }
      },
      "world_space": {
        "head": {
          "x": 0.44119375944137573,
          "y": -0.23285846412181854,
          "z": 1.2240180969238281
        },
        "tail": {
          "x": 0.5011322498321533,
          "y": -0.29292964935302734,
          "z": 1.1636682748794556
        },
        "rotation_quaternion": {
          "w": 0.27274516224861145,
          "x": 0.13025514781475067,
          "y": 0.37036335468292236,
          "z": -0.8783364295959473
        },
        "matrix": [
          [
            -0.8172873258590698,
            0.5756076574325562,
            -0.02678457647562027,
            0.44119375944137573
          ],
          [
            -0.38264232873916626,
            -0.5768822431564331,
            -0.7216594219207764,
            -0.23285846412181854
          ],
          [
            -0.43084749579429626,
            -0.5795586705207825,
            0.6917343735694885,
            1.2240180969238281
          ],
          [
            0.0,
            0.0,
            0.0,
            1.0
          ]
        ]
      },
      "bone_length_armature_space": 0.10413105450286084,
      "parent": "lowerarm_l",
      "has_children": true,
      "is_end_bone": false
    },
    "pinky_01_l": {
      "name": "pinky_01_l",
      "local": {
        "location": {
          "x": 0.0,
          "y": 0.0,
          "z": 0.0
        },
        "rotation_quaternion": {
          "w": 0.9990107417106628,
          "x": 0.04187944531440735,
          "y": -0.01299184001982212,
          "z": 0.00741012766957283
        },
        "scale": {
          "x": 1.0,
          "y": 1.0,
          "z": 1.0
        },
        "matrix_basis": [
          [
            0.9995526075363159,
            -0.01589377596974373,
            -0.025337310507893562,
            0.0
          ],
          [
            0.013717412017285824,
            0.9963824152946472,
            -0.08386857062578201,
            0.0
          ],
          [
            0.026578638702630997,
            0.08348348736763,
            0.9961546659469604,
            0.0
          ],
          [
            0.0,
            0.0,
            0.0,
            1.0
          ]
        ],
        "rotation_mode": "QUATERNION"
      },
      "armature_space": {
        "head": {
          "x": 0.5011322498321533,
          "y": -0.35617363452911377,
          "z": 0.21381425857543945
        },
