{
  "metadata": {
    "armature_name": "KIM_caucasian_male",
    "export_time": "2026-01-13T20:25:46.859418",
    "blender_version": "4.4.1",
    "bone_count": 56,
    "end_bone_count": 13,
    "spaces_included": [
      "LOCAL_CHANNELS",
      "ARMATURE_SPACE",
      "WORLD_SPACE"
    ],
    "note": "LOCAL matches Transform panel; replay pose via local.matrix_basis for best fidelity."
  },
  "bones": {
    "Root": {
      "name": "Root",
      "local": {
        "location": {
          "x": 0.0,
          "y": 0.0,
          "z": 0.0
        },
        "rotation_quaternion": {
          "w": 0.9996296167373657,
          "x": 0.0077348388731479645,
          "y": 0.01876647025346756,
          "z": -0.018128899857401848
        },
        "scale": {
          "x": 1.0,
          "y": 1.0,
          "z": 1.0
        },
        "matrix_basis": [
          [
            0.9986383318901062,
            0.03653468191623688,
            0.03723859041929245,
            0.0
          ],
          [
            -0.035954058170318604,
            0.9992230534553528,
            -0.01614437811076641,
            0.0
          ],
          [
            -0.03779948875308037,
            0.014783517457544804,
            0.9991759657859802,
            0.0
          ],
          [
            0.0,
            0.0,
            0.0,
            1.0
          ]
        ],
        "rotation_mode": "QUATERNION"
      },
      "armature_space": {
        "head": {
          "x": 0.0,
          "y": 0.07072800397872925,
          "z": -0.009595036506652832
        },
        "tail": {
          "x": 0.0026076945941895247,
          "y": -8.689612150192261e-05,
          "z": -0.0010530715808272362
        }
      },
      "world_space": {
        "head": {
          "x": 0.0,
          "y": 0.13397200405597687,
          "z": 0.9402589797973633
        },
        "tail": {
          "x": 0.0026076945941895247,
          "y": 0.0631571039557457,
          "z": 0.9488009214401245
        },
        "rotation_quaternion": {
          "w": 0.05962543934583664,
          "x": 0.9978797435760498,
          "y": 0.01935197226703167,
          "z": 0.01750253327190876
        },
        "matrix": [
          [
            0.9986383318901062,
            0.03653468191623688,
            0.03723859041929245,
            0.0
          ],
          [
            0.040709082037210464,
            -0.9921405911445618,
            -0.11832107603549957,
            0.13397200405597687
          ],
          [
            0.03262336179614067,
            0.11967581510543823,
            -0.9922838807106018,
            0.9402589797973633
          ],
          [
            0.0,
            0.0,
            0.0,
            1.0
          ]
        ]
      },
      "bone_length_armature_space": 0.07137587415686182,
      "parent": null,
      "has_children": true,
      "is_end_bone": false
    },
    "spine_01": {
      "name": "spine_01",
      "local": {
        "location": {
          "x": 0.0,
          "y": 0.0,
          "z": 0.0
        },
        "rotation_quaternion": {
          "w": 0.9980859756469727,
          "x": -0.026260552927851677,
          "y": 0.013679525814950466,
          "z": 0.05429325997829437
        },
        "scale": {
          "x": 1.0,
          "y": 1.0,
          "z": 1.0
        },
        "matrix_basis": [
          [
            0.9937302470207214,
            -0.10909714549779892,
            0.02445514313876629,
            0.0
          ],
          [
            0.1076602190732956,
            0.9927252531051636,
            0.05390598997473717,
            0.0
          ],
          [
            -0.030158227309584618,
            -0.05093516781926155,
            0.9982464909553528,
            0.0
          ],
          [
            0.0,
            0.0,
            0.0,
            1.0
          ]
        ],
        "rotation_mode": "QUATERNION"
      },
      "armature_space": {
        "head": {
          "x": 0.0026076945941895247,
          "y": -8.689612150192261e-05,
          "z": -0.0010530715808272362
        },
        "tail": {
          "x": -0.06795872747898102,
          "y": 0.03738681599497795,
          "z": 0.48036623001098633
        }
      },
      "world_space": {
        "head": {
          "x": 0.0026076945941895247,
          "y": 0.0631571039557457,
          "z": 0.9488009214401245
        },
        "tail": {
          "x": -0.06795872747898102,
          "y": 0.10063081979751587,
          "z": 1.4302202463150024
        },
        "rotation_quaternion": {
          "w": 0.7332864999771118,
          "x": 0.6753203272819519,
          "y": -0.02618691697716713,
          "z": 0.07448238134384155
        },
        "matrix": [
          [
            0.9875332117080688,
            -0.144602969288826,
            0.0621948167681694,
            0.0026076945941895247
          ],
          [
            0.07386572659015656,
            0.07679019868373871,
            -0.9943073987960815,
            0.0631571039557457
          ],
          [
            0.1390048861503601,
            0.9865124821662903,
            0.08651377260684967,
            0.9488009214401245
          ],
          [
            0.0,
            0.0,
            0.0,
            1.0
          ]
        ]
      },
      "bone_length_armature_space": 0.4880045485881652,
      "parent": "Root",
      "has_children": true,
      "is_end_bone": false
    },
    "neck_01": {
      "name": "neck_01",
      "local": {
        "location": {
          "x": 0.0,
          "y": 0.0,
          "z": 0.0
        },
        "rotation_quaternion": {
          "w": 0.9911134243011475,
          "x": 0.004761360585689545,
          "y": 0.09584525972604752,
          "z": 0.0921158492565155
        },
        "scale": {
          "x": 1.0,
          "y": 1.0,
          "z": 1.0
        },
        "matrix_basis": [
          [
            0.9646567106246948,
            -0.1816817969083786,
            0.19086423516273499,
            0.0
          ],
          [
            0.18350721895694733,
            0.9829840064048767,
            0.008219637908041477,
            0.0
          ],
          [
            -0.18910984694957733,
            0.02709583193063736,
            0.9815820455551147,
            0.0
          ],
          [
            0.0,
            0.0,
            0.0,
            1.0
          ]
        ],
        "rotation_mode": "QUATERNION"
      },
      "armature_space": {
        "head": {
          "x": -0.07638939470052719,
          "y": 0.008526254445314407,
          "z": 0.5555975437164307
        },
        "tail": {
          "x": -0.10557836294174194,
          "y": -0.026363957673311234,
          "z": 0.6474747061729431
        }
      },
      "world_space": {
        "head": {
          "x": -0.07638939470052719,
          "y": 0.07177025079727173,
          "z": 1.5054515600204468
        },
        "tail": {
          "x": -0.10557836294174194,
          "y": 0.036880042403936386,
          "z": 1.5973286628723145
        },
        "rotation_quaternion": {
          "w": 0.5735834836959839,
          "x": 0.7917286157608032,
          "y": -0.029005058109760284,
          "z": 0.20815016329288483
        },
        "matrix": [
          [
            0.9116650223731995,
            -0.28471118211746216,
            0.2963218688964844,
            -0.07638939470052719
          ],
          [
            0.19285331666469574,
            -0.34032148122787476,
            -0.9203201532363892,
            0.07177025079727173
          ],
          [
            0.36287280917167664,
            0.8961759209632874,
            -0.25535428524017334,
            1.5054515600204468
          ],
          [
            0.0,
            0.0,
            0.0,
            1.0
          ]
        ]
      },
      "bone_length_armature_space": 0.1025218784601732,
      "parent": "spine_01",
      "has_children": true,
      "is_end_bone": false
    },
    "head": {
      "name": "head",
      "local": {
        "location": {
          "x": 0.0,
          "y": 0.0,
          "z": 0.0
        },
        "rotation_quaternion": {
          "w": 0.978873610496521,
          "x": 0.04426981881260872,
          "y": 0.06469268351793289,
          "z": -0.1888427436351776
        },
        "scale": {
          "x": 1.0,
          "y": 1.0,
          "z": 1.0
        },
        "matrix_basis": [
          [
            0.9203065633773804,
            0.3754342198371887,
            0.10993185639381409,
            0.0
          ],
          [
            -0.36397847533226013,
            0.924757182598114,
            -0.11110260337591171,
            0.0
          ],
          [
            -0.14337198436260223,
            0.06223562732338905,
            0.9877100586891174,
            0.0
          ],
          [
            0.0,
            0.0,
            0.0,
            1.0
          ]
        ],
        "rotation_mode": "QUATERNION"
      },
      "armature_space": {
        "head": {
          "x": -0.10557830333709717,
          "y": -0.026364078745245934,
          "z": 0.6474745869636536
        },
        "tail": {
          "x": -0.1043500006198883,
          "y": -0.022592101246118546,
          "z": 0.8025151491165161
        }
      },
      "world_space": {
        "head": {
          "x": -0.10557830333709717,
          "y": 0.03687991946935654,
          "z": 1.5973286628723145
        },
        "tail": {
          "x": -0.1043500006198883,
          "y": 0.040651898831129074,
          "z": 1.7523691654205322
        },
        "rotation_quaternion": {
          "w": 0.7063313722610474,
          "x": 0.6902254223823547,
          "y": 0.11513619124889374,
          "z": 0.10690446943044662
        },
        "matrix": [
          [
            0.9506303071975708,
            0.007919932715594769,
            0.3102250397205353,
            -0.10557830333709717
          ],
          [
            0.3099598288536072,
            0.02432117983698845,
            -0.9504386186599731,
            0.03687991946935654
          ],
          [
            -0.015072156675159931,
            0.9996798038482666,
            0.020664818584918976,
            1.5973286628723145
          ],
          [
            0.0,
            0.0,
            0.0,
            1.0
          ]
        ]
      },
      "bone_length_armature_space": 0.1550913017897484,
      "parent": "neck_01",
      "has_children": false,
      "is_end_bone": true
    },
    "upperarm_l": {
      "name": "upperarm_l",
      "local": {
        "location": {
          "x": 0.0,
          "y": 0.0,
          "z": 0.0
        },
        "rotation_quaternion": {
          "w": 0.9681718945503235,
          "x": 0.15088126063346863,
          "y": -0.19296696782112122,
          "z": -0.051397815346717834
        },
        "scale": {
          "x": 1.0,
          "y": 1.0,
          "z": 1.0
        },
        "matrix_basis": [
          [
            0.920244038105011,
            0.04129364341497421,
            -0.3891603350639343,
            0.0
          ],
          [
            -0.15775403380393982,
            0.9491862058639526,
            -0.27232182025909424,
            0.0
          ],
          [
            0.3581404685974121,
            0.31199416518211365,
            0.879997193813324,
            0.0
          ],
          [
            0.0,
            0.0,
            0.0,
            1.0
          ]
        ],
        "rotation_mode": "QUATERNION"
      },
      "armature_space": {
        "head": {
          "x": 0.08165737986564636,
          "y": 0.011274244636297226,
          "z": 0.5104228854179382
        },
        "tail": {
          "x": 0.3427874743938446,
          "y": -0.04405106604099274,
          "z": 0.5340407490730286
        }
      },
      "world_space": {
        "head": {
          "x": 0.08165737986564636,
          "y": 0.07451824843883514,
          "z": 1.4602768421173096
        },
        "tail": {
          "x": 0.3427874743938446,
          "y": 0.019192934036254883,
          "z": 1.4838948249816895
        },
        "rotation_quaternion": {
          "w": 0.5476776957511902,
          "x": 0.4429325461387634,
          "y": 0.31115472316741943,
          "z": -0.6379989385604858
        },
        "matrix": [
          [
            -0.007718533277511597,
            0.974477231502533,
            -0.22435379028320312,
            0.08165737986564636
          ],
          [
            -0.4231948256492615,
            -0.20646128058433533,
            -0.8822018504142761,
            0.07451824843883514
          ],
          [
            -0.9060125350952148,
            0.0881364494562149,
            0.4139893352985382,
            1.4602768421173096
          ],
          [
            0.0,
            0.0,
            0.0,
            1.0
          ]
        ]
      },
      "bone_length_armature_space": 0.26796944126962385,
      "parent": "spine_01",
      "has_children": true,
      "is_end_bone": false
    },
    "lowerarm_l": {
      "name": "lowerarm_l",
      "local": {
        "location": {
          "x": 0.0,
          "y": 0.0,
          "z": 0.0
        },
        "rotation_quaternion": {
          "w": 0.9385967254638672,
          "x": 0.153962641954422,
          "y": -0.0015099929878488183,
          "z": 0.30875492095947266
        },
        "scale": {
          "x": 1.0,
          "y": 1.0,
          "z": 1.0
        },
        "matrix_basis": [
          [
            0.809336245059967,
            -0.580057680606842,
            0.0922388955950737,
            0.0
          ],
          [
            0.5791277289390564,
            0.761931836605072,
            -0.28995010256767273,
            0.0
          ],
          [
            0.09790799766778946,
            0.2880852222442627,
            0.9525864720344543,
            0.0
          ],
          [
            0.0,
            0.0,
            0.0,
            1.0
          ]
        ],
        "rotation_mode": "QUATERNION"
      },
      "armature_space": {
        "head": {
          "x": 0.34278756380081177,
          "y": -0.04405107721686363,
          "z": 0.5340408682823181
        },
        "tail": {
          "x": 0.5061808824539185,
          "y": -0.0744631215929985,
          "z": 0.7436778545379639
        }
      },
      "world_space": {
        "head": {
          "x": 0.34278756380081177,
          "y": 0.019192922860383987,
          "z": 1.4838948249816895
        },
        "tail": {
          "x": 0.5061808824539185,
          "y": -0.011219121515750885,
          "z": 1.69353187084198
        },
        "rotation_quaternion": {
          "w": 0.6648459434509277,
          "x": 0.5645284652709961,
          "y": -0.03377433493733406,
          "z": -0.4880029857158661
        },
        "matrix": [
          [
            0.5214219093322754,
            0.6107603311538696,
            -0.5958950519561768,
            0.34278756380081177
          ],
          [
            -0.6870296001434326,
            -0.11367948353290558,
            -0.7176821231842041,
            0.019192922860383987
          ],
          [
            -0.5060768127441406,
            0.7836179733276367,
            0.36033734679222107,
            1.4838948249816895
          ],
          [
            0.0,
            0.0,
            0.0,
            1.0
          ]
        ]
      },
      "bone_length_armature_space": 0.26752558019552014,
      "parent": "upperarm_l",
      "has_children": true,
      "is_end_bone": false
    },
    "metacarpal_thumb_l": {
      "name": "metacarpal_thumb_l",
      "local": {
        "location": {
          "x": 0.0,
          "y": 0.0,
          "z": 0.0
        },
        "rotation_quaternion": {
          "w": 0.9998753666877747,
          "x": -0.0011301204795017838,
          "y": 0.0008274993160739541,
          "z": 0.01572876237332821
        },
        "scale": {
          "x": 1.0,
          "y": 1.0,
          "z": 1.0
        },
        "matrix_basis": [
          [
            0.9995038509368896,
            -0.031455475836992264,
            0.0016192415496334434,
            0.0
          ],
          [
            0.03145173192024231,
            0.9995026588439941,
            0.00228599039837718,
            0.0
          ],
          [
            -0.0016903431387618184,
            -0.002233928069472313,
            0.9999960660934448,
            0.0
          ],
          [
            0.0,
            0.0,
            0.0,
            1.0
          ]
        ],
        "rotation_mode": "QUATERNION"
      },
      "armature_space": {
        "head": {
          "x": 0.5061808824539185,
          "y": -0.0744631215929985,
          "z": 0.7436778545379639
        },
        "tail": {
          "x": 0.5159617066383362,
          "y": -0.10665231943130493,
          "z": 0.7800343036651611
        }
      },
      "world_space": {
        "head": {
          "x": 0.5061808824539185,
          "y": -0.011219121515750885,
          "z": 1.69353187084198
        },
        "tail": {
          "x": 0.5159617066383362,
          "y": -0.04340831935405731,
          "z": 1.7298883199691772
        },
        "rotation_quaternion": {
          "w": 0.37772098183631897,
          "x": 0.8932633996009827,
          "y": 0.18001200258731842,
          "z": 0.1643262505531311
        },
        "matrix": [
          [
            0.8811849355697632,
            0.19745753705501556,
            0.4295620322227478,
            0.5061808824539185
          ],
          [
            0.44573572278022766,
            -0.6498448848724365,
            -0.6156472563743591,
            -0.011219121515750885
          ],
          [
            0.1575859785079956,
            0.7339745163917542,
            -0.6606523990631104,
            1.69353187084198
          ],
          [
            0.0,
            0.0,
            0.0,
            1.0
          ]
        ]
      },
      "bone_length_armature_space": 0.04953383092105239,
      "parent": "lowerarm_l",
      "has_children": true,
      "is_end_bone": false
    },
    "thumb_01_l": {
      "name": "thumb_01_l",
      "local": {
        "location": {
          "x": 0.0,
          "y": 0.0,
          "z": 0.0
        },
        "rotation_quaternion": {
          "w": 0.9842318296432495,
          "x": 0.1762641966342926,
          "y": -0.012070389464497566,
          "z": 0.008546085096895695
        },
        "scale": {
          "x": 1.0,
          "y": 1.0,
          "z": 1.0
        },
        "matrix_basis": [
          [
            0.9995625615119934,
            -0.02107781358063221,
            -0.020747385919094086,
            0.0
          ],
          [
            0.01256750337779522,
            0.9377157688140869,
            -0.3471759855747223,
            0.0
          ],
          [
            0.026772860437631607,
            0.34676334261894226,
            0.9375704526901245,
            0.0
          ],
          [
            0.0,
            0.0,
            0.0,
            1.0
          ]
        ],
        "rotation_mode": "QUATERNION"
      },
      "armature_space": {
        "head": {
          "x": 0.5159617066383362,
          "y": -0.10665231943130493,
          "z": 0.7800343036651611
        },
        "tail": {
          "x": 0.5379472374916077,
          "y": -0.1326349675655365,
          "z": 0.7804370522499084
        }
      },
      "world_space": {
        "head": {
          "x": 0.5159617066383362,
          "y": -0.04340831935405731,
          "z": 1.7298883199691772
        },
        "tail": {
          "x": 0.5379472374916077,
          "y": -0.06939096748828888,
          "z": 1.7302911281585693
        },
        "rotation_quaternion": {
          "w": 0.255788117647171,
          "x": -0.6149525046348572,
          "y": -0.23001638054847717,
          "z": -0.7095761299133301
        },
        "matrix": [
          [
            -0.11281123012304306,
            0.645901083946228,
            0.7550400495529175,
            0.5159617066383362
          ],
          [
            -0.08010382205247879,
            -0.7633294463157654,
            0.6410240530967712,
            -0.04340831935405731
          ],
          [
            0.9903888702392578,
            0.011832557618618011,
            0.13785286247730255,
            1.7298883199691772
          ],
          [
            0.0,
            0.0,
            0.0,
            1.0
          ]
        ]
      },
      "bone_length_armature_space": 0.034038562883718676,
      "parent": "metacarpal_thumb_l",
      "has_children": true,
      "is_end_bone": false
    },
    "thumb_02_l": {
      "name": "thumb_02_l",
      "local": {
        "location": {
          "x": 0.0,
          "y": 0.0,
          "z": 0.0
        },
        "rotation_quaternion": {
          "w": 0.93752121925354,
          "x": 0.34785011410713196,
          "y": 0.006533927284181118,
          "z": 0.00340829836204648
        },
        "scale": {
          "x": 1.0,
          "y": 1.0,
          "z": 1.0
        },
        "matrix_basis": [
          [
            0.9998914003372192,
            -0.0018450493225827813,
            0.01462254486978054,
            0.0
          ],
          [
            0.010936358943581581,
            0.7579773664474487,
            -0.6521891951560974,
            0.0
          ],
          [
            -0.00988023728132248,
            0.6522782444953918,
            0.757915198802948,
            0.0
          ],
          [
            0.0,
            0.0,
            0.0,
            1.0
          ]
        ],
        "rotation_mode": "QUATERNION"
      },
      "armature_space": {
        "head": {
          "x": 0.5379471778869629,
          "y": -0.1326349824666977,
          "z": 0.7804370522499084
        },
        "tail": {
          "x": 0.5521187782287598,
          "y": -0.10997606068849564,
          "z": 0.8104192614555359
        }
      },
      "world_space": {
        "head": {
          "x": 0.5379471778869629,
          "y": -0.06939098238945007,
          "z": 1.7302911281585693
        },
        "tail": {
          "x": 0.5521187782287598,
          "y": -0.046732060611248016,
          "z": 1.7602732181549072
        },
        "rotation_quaternion": {
          "w": 0.41798606514930725,
          "x": 0.023679273203015327,
          "y": -0.7793356776237488,
          "z": -0.46622198820114136
        },
        "matrix": [
          [
            -0.649455189704895,
            0.35283929109573364,
            -0.6735817790031433,
            0.5379471778869629
          ],
          [
            -0.4266553223133087,
            0.5641543865203857,
            0.7068913578987122,
            -0.06939098238945007
          ],
          [
            0.6294270157814026,
            0.7464869618415833,
            -0.21585309505462646,
            1.7302911281585693
          ],
          [
            0.0,
            0.0,
            0.0,
            1.0
          ]
        ]
      },
      "bone_length_armature_space": 0.04016458447966455,
      "parent": "thumb_01_l",
      "has_children": true,
      "is_end_bone": false
    },
    "thumb_03_l": {
      "name": "thumb_03_l",
      "local": {
        "location": {
          "x": 0.0,
          "y": 0.0,
          "z": 0.0
        },
        "rotation_quaternion": {
          "w": 0.9835541844367981,
          "x": 0.1804104894399643,
          "y": 0.006602847017347813,
          "z": 0.005456588696688414
        },
        "scale": {
          "x": 1.0,
          "y": 1.0,
          "z": 1.0
        },
        "matrix_basis": [
          [
            0.999853253364563,
            -0.00835125520825386,
            0.014957367442548275,
            0.0
          ],
          [
            0.013116147369146347,
            0.9348445534706116,
            -0.35481491684913635,
            0.0
          ],
          [
            -0.011019663885235786,
            0.35495904088020325,
            0.9348168969154358,
            0.0
          ],
          [
            0.0,
            0.0,
            0.0,
            1.0
          ]
        ],
        "rotation_mode": "QUATERNION"
      },
      "armature_space": {
        "head": {
          "x": 0.5521187782287598,
          "y": -0.1099761500954628,
          "z": 0.8104192614555359
        },
        "tail": {
          "x": 0.5495003461837769,
          "y": -0.08326756954193115,
          "z": 0.8247959613800049
        }
      },
      "world_space": {
        "head": {
          "x": 0.5521187782287598,
          "y": -0.04673215001821518,
          "z": 1.7602732181549072
        },
        "tail": {
          "x": 0.5495003461837769,
          "y": -0.020023569464683533,
          "z": 1.774649977684021
        },
        "rotation_quaternion": {
          "w": 0.5795700550079346,
          "x": 0.1813545674085617,
          "y": -0.7763611674308777,
          "z": -0.16873759031295776
        },
        "matrix": [
          [
            -0.2624185383319855,
            -0.08600522577762604,
            -0.9611138105392456,
            0.5521187782287598
          ],
          [
            -0.477183997631073,
            0.8772765398025513,
            0.05178514122962952,
            -0.04673215001821518
          ],
          [
            0.8387139439582825,
            0.4722212851047516,
            -0.2712556719779968,
            1.7602732181549072
          ],
          [
            0.0,
            0.0,
            0.0,
            1.0
          ]
        ]
      },
      "bone_length_armature_space": 0.030444933147060593,
      "parent": "thumb_02_l",
      "has_children": false,
      "is_end_bone": true
    },
    "metacarpal_index_l": {
      "name": "metacarpal_index_l",
      "local": {
        "location": {
          "x": 0.0,
          "y": 0.0,
          "z": 0.0
        },
        "rotation_quaternion": {
          "w": 0.9989410042762756,
          "x": 0.040025487542152405,
          "y": 0.018365029245615005,
          "z": 0.013327895663678646
        },
        "scale": {
          "x": 1.0,
          "y": 1.0,
          "z": 1.0
        },
        "matrix_basis": [
          [
            0.9989702105522156,
            -0.025157423689961433,
            0.03775807097554207,
            0.0
          ],
          [
            0.02809770219027996,
            0.9964406490325928,
            -0.07947666943073273,
            0.0
          ],
          [
            -0.03562425076961517,
            0.0804557353258133,
            0.996121346950531,
            0.0
          ],
          [
            0.0,
            0.0,
            0.0,
            1.0
          ]
        ],
        "rotation_mode": "QUATERNION"
      },
      "armature_space": {
        "head": {
          "x": 0.5061808824539185,
          "y": -0.0744631215929985,
          "z": 0.7436778545379639
        },
        "tail": {
          "x": 0.552844226360321,
          "y": -0.1257978081703186,
          "z": 0.8381056785583496
        }
      },
      "world_space": {
        "head": {
          "x": 0.5061808824539185,
          "y": -0.011219121515750885,
          "z": 1.69353187084198
        },
        "tail": {
          "x": 0.552844226360321,
          "y": -0.06255380809307098,
          "z": 1.7879596948623657
        },
        "rotation_quaternion": {
          "w": 0.5035645365715027,
          "x": 0.8394888043403625,
          "y": 0.16542401909828186,
          "z": -0.11965085566043854
        },
        "matrix": [
          [
            0.9166370630264282,
            0.3982473313808441,
            -0.03428616747260094,
            0.5061808824539185
          ],
          [
            0.15724089741706848,
            -0.4381149411201477,
            -0.8850598335266113,
            -0.011219121515750885
          ],
          [
            -0.36749640107154846,
            0.8058925271034241,
            -0.46421703696250916,
            1.69353187084198
          ],
          [
            0.0,
            0.0,
            0.0,
            1.0
          ]
        ]
      },
      "bone_length_armature_space": 0.11717222928845553,
      "parent": "lowerarm_l",
      "has_children": true,
      "is_end_bone": false
    },
    "index_01_l": {
      "name": "index_01_l",
      "local": {
        "location": {
          "x": 0.0,
          "y": 0.0,
          "z": 0.0
        },
        "rotation_quaternion": {
          "w": 0.9673196077346802,
          "x": 0.25321996212005615,
          "y": 0.008860230445861816,
          "z": -0.009693386033177376
        },
        "scale": {
          "x": 1.0,
          "y": 1.0,
          "z": 1.0
        },
        "matrix_basis": [
          [
            0.9996550679206848,
            0.023240379989147186,
            0.01223223190754652,
            0.0
          ],
          [
            -0.014266029931604862,
            0.8715713620185852,
            -0.49006104469299316,
            0.0
          ],
          [
            -0.022050466388463974,
            0.4897174835205078,
            0.8716022968292236,
            0.0
          ],
          [
            0.0,
            0.0,
            0.0,
            1.0
          ]
        ],
        "rotation_mode": "QUATERNION"
      },
      "armature_space": {
        "head": {
          "x": 0.552844226360321,
          "y": -0.1257978081703186,
          "z": 0.8381056785583496
        },
        "tail": {
          "x": 0.5713905692100525,
          "y": -0.14430634677410126,
          "z": 0.84935462474823
        }
      },
      "world_space": {
        "head": {
          "x": 0.552844226360321,
          "y": -0.06255380809307098,
          "z": 1.7879596948623657
        },
        "tail": {
          "x": 0.5713905692100525,
          "y": -0.08106234669685364,
          "z": 1.799208641052246
        },
        "rotation_quaternion": {
          "w": 0.309512197971344,
          "x": 0.8710938096046448,
          "y": 0.28223109245300293,
          "z": -0.2564047574996948
        },
        "matrix": [
          [
            0.7092044353485107,
            0.6504207253456116,
            -0.2719961404800415,
            0.552844226360321
          ],
          [
            0.33297961950302124,
            -0.6490950584411621,
            -0.6839593648910522,
            -0.06255380809307098
          ],
          [
            -0.6214166879653931,
            0.3945000171661377,
            -0.6769230961799622,
            1.7879596948623657
          ],
          [
            0.0,
            0.0,
            0.0,
            1.0
          ]
        ]
      },
      "bone_length_armature_space": 0.02851441041722696,
      "parent": "metacarpal_index_l",
      "has_children": true,
      "is_end_bone": false
    },
    "index_02_l": {
      "name": "index_02_l",
      "local": {
        "location": {
          "x": 0.0,
          "y": 0.0,
          "z": 0.0
        },
        "rotation_quaternion": {
          "w": 0.9087992906570435,
          "x": 0.4172186255455017,
          "y": -0.0013001378392800689,
          "z": -0.0033106282353401184
        },
        "scale": {
          "x": 1.0,
          "y": 1.0,
          "z": 1.0
        },
        "matrix_basis": [
          [
            0.9999747276306152,
            0.004932509735226631,
            -0.0051256404258310795,
            0.0
          ],
          [
            -0.007102276664227247,
            0.6518353223800659,
            -0.7583273649215698,
            0.0
          ],
          [
            -0.00039938284317031503,
            0.7583445906639099,
            0.6518538594245911,
            0.0
          ],
          [
            0.0,
            0.0,
            0.0,
            1.0
          ]
        ],
        "rotation_mode": "QUATERNION"
      },
      "armature_space": {
        "head": {
          "x": 0.5713905692100525,
          "y": -0.14430689811706543,
          "z": 0.8493546843528748
        },
        "tail": {
          "x": 0.5771562457084656,
          "y": -0.1686922311782837,
          "z": 0.8438589572906494
        }
      },
      "world_space": {
        "head": {
          "x": 0.5713905692100525,
          "y": -0.08106289803981781,
          "z": 1.799208641052246
        },
        "tail": {
          "x": 0.5771562457084656,
          "y": -0.10544823110103607,
          "z": 1.7937129735946655
        },
        "rotation_quaternion": {
          "w": 0.0561070516705513,
          "x": -0.9109578132629395,
          "y": -0.14685022830963135,
          "z": 0.3813697099685669
        },
        "matrix": [
          [
            0.6659840941429138,
            0.22475460171699524,
            -0.7113019824028015,
            0.5713905692100525
          ],
          [
            0.3103439509868622,
            -0.9505741596221924,
            -0.009787499904632568,
            -0.08106289803981781
          ],
          [
            -0.6783493757247925,
            -0.21423223614692688,
            -0.702823281288147,
            1.799208641052246
          ],
          [
            0.0,
            0.0,
            0.0,
            1.0
          ]
        ]
      },
      "bone_length_armature_space": 0.02565327462918965,
      "parent": "index_01_l",
      "has_children": true,
      "is_end_bone": false
    },
    "index_03_l": {
      "name": "index_03_l",
      "local": {
        "location": {
          "x": 0.0,
          "y": 0.0,
          "z": 0.0
        },
        "rotation_quaternion": {
          "w": 0.9654813408851624,
          "x": 0.2603593170642853,
          "y": -0.007647364865988493,
          "z": 0.0005683745839633048
        },
        "scale": {
          "x": 1.0,
          "y": 1.0,
          "z": 1.0
        },
        "matrix_basis": [
          [
            0.9998824000358582,
            -0.005079635418951511,
            -0.014470812864601612,
            0.0
          ],
          [
            -0.0028846152126789093,
            0.8644254207611084,
            -0.5027528405189514,
            0.0
          ],
          [
            0.01506273914128542,
            0.502735435962677,
            0.8643090724945068,
            0.0
          ],
          [
            0.0,
            0.0,
            0.0,
            1.0
          ]
        ],
        "rotation_mode": "QUATERNION"
      },
      "armature_space": {
        "head": {
          "x": 0.5771563649177551,
          "y": -0.1686922311782837,
          "z": 0.843859076499939
        },
        "tail": {
          "x": 0.5725951194763184,
          "y": -0.1903969943523407,
          "z": 0.8248370885848999
        }
      },
      "world_space": {
        "head": {
          "x": 0.5771563649177551,
          "y": -0.10544823110103607,
          "z": 1.793713092803955
        },
        "tail": {
          "x": 0.5725951194763184,
          "y": -0.12715299427509308,
          "z": 1.774691104888916
        },
        "rotation_quaternion": {
          "w": 0.3516981303691864,
          "x": -0.8478891253471375,
          "y": -0.06992602348327637,
          "z": 0.3905162215232849
        },
        "matrix": [
          [
            0.6852156519889832,
            -0.15610747039318085,
            -0.7114139795303345,
            0.5771563649177551
          ],
          [
            0.3932660222053528,
            -0.7428386807441711,
            0.5417867302894592,
            -0.10544823110103607
          ],
          [
            -0.6130465865135193,
            -0.6510207653045654,
            -0.44761544466018677,
            1.793713092803955
          ],
          [
            0.0,
            0.0,
            0.0,
            1.0
          ]
        ]
      },
      "bone_length_armature_space": 0.029218790681735444,
      "parent": "index_02_l",
      "has_children": false,
      "is_end_bone": true
    },
    "metacarpal_pinky_l": {
      "name": "metacarpal_pinky_l",
      "local": {
        "location": {
          "x": 0.0,
          "y": 0.0,
          "z": 0.0
        },
        "rotation_quaternion": {
          "w": 0.999184250831604,
          "x": -0.038331881165504456,
          "y": 0.012395912781357765,
          "z": -0.002822194481268525
        },
        "scale": {
          "x": 1.0,
          "y": 1.0,
          "z": 1.0
        },
        "matrix_basis": [
          [
            0.9996767640113831,
            0.004689467139542103,
            0.02498796209692955,
            0.0
          ],
          [
            -0.0065901018679142,
            0.9970453977584839,
            0.07653125375509262,
            0.0
          ],
          [
            -0.02455524168908596,
            -0.07667119055986404,
            0.996753990650177,
            0.0
          ],
          [
            0.0,
            0.0,
            0.0,
            1.0
          ]
        ],
        "rotation_mode": "QUATERNION"
      },
      "armature_space": {
        "head": {
          "x": 0.5061808824539185,
          "y": -0.0744631215929985,
          "z": 0.7436778545379639
        },
        "tail": {
          "x": 0.5903592109680176,
          "y": -0.06763706356287003,
          "z": 0.8045932054519653
        }
      },
      "world_space": {
        "head": {
          "x": 0.5061808824539185,
          "y": -0.011219121515750885,
          "z": 1.69353187084198
        },
        "tail": {
          "x": 0.5903592109680176,
          "y": -0.004393063485622406,
          "z": 1.7544472217559814
        },
        "rotation_quaternion": {
          "w": 0.622450590133667,
          "x": 0.05250537022948265,
          "y": -0.3812224268913269,
          "z": -0.6815188527107239
        },
        "matrix": [
          [
            -0.21959394216537476,
            0.8083903789520264,
            -0.5461532473564148,
            0.5061808824539185
          ],
          [
            -0.8884575366973877,
            0.06555277109146118,
            0.45425352454185486,
            -0.011219121515750885
          ],
          [
            0.40301817655563354,
            0.5849892497062683,
            0.7038307785987854,
            1.69353187084198
          ],
          [
            0.0,
            0.0,
            0.0,
            1.0
          ]
        ]
      },
      "bone_length_armature_space": 0.10413100452612761,
      "parent": "lowerarm_l",
      "has_children": true,
      "is_end_bone": false
    },
    "pinky_01_l": {
      "name": "pinky_01_l",
      "local": {
        "location": {
          "x": 0.0,
          "y": 0.0,
          "z": 0.0
        },
        "rotation_quaternion": {
          "w": 0.944762110710144,
          "x": 0.3272618353366852,
          "y": -0.017292236909270287,
          "z": 0.005032486282289028
        },
        "scale": {
          "x": 1.0,
          "y": 1.0,
          "z": 1.0
        },
        "matrix_basis": [
          [
            0.9993513226509094,
            -0.02082718349993229,
            -0.02938021905720234,
            0.0
          ],
          [
            -0.0018091736128553748,
            0.7857487201690674,
            -0.6185432076454163,
            0.0
          ],
          [
            0.035967983305454254,
            0.618195116519928,
            0.7852013111114502,
            0.0
          ],
          [
            0.0,
            0.0,
            0.0,
            1.0
          ]
        ],
        "rotation_mode": "QUATERNION"
      },
      "armature_space": {
        "head": {
          "x": 0.5903592109680176,
          "y": -0.06763706356287003,
          "z": 0.8045932054519653
        },
        "tail": {
          "x": 0.6083362102508545,
