{
  "metadata": {
    "armature_name": "KIM_caucasian_male",
    "export_time": "2026-01-13T19:11:51.753102",
    "blender_version": "4.4.1",
    "bone_count": 56,
    "end_bone_count": 13,
    "spaces_included": [
      "LOCAL_CHANNELS",
      "ARMATURE_SPACE",
      "WORLD_SPACE"
    ],
    "note": "LOCAL matches Transform panel; replay pose via local.matrix_basis for best fidelity."
  },
  "bones": {
    "Root": {
      "name": "Root",
      "local": {
        "location": {
          "x": 0.0,
          "y": 0.0,
          "z": 0.0
        },
        "rotation_quaternion": {
          "w": 0.9999502301216125,
          "x": 0.003117477986961603,
          "y": -0.009289209730923176,
          "z": 0.001900121453218162
        },
        "scale": {
          "x": 1.0,
          "y": 1.0,
          "z": 1.0
        },
        "matrix_basis": [
          [
            0.9998201727867126,
            -0.0038579716347157955,
            -0.018565647304058075,
            0.0
          ],
          [
            0.003742136061191559,
            0.9999733567237854,
            -0.0062699466943740845,
            0.0
          ],
          [
            0.018589342013001442,
            0.006199344526976347,
            0.9998080134391785,
            0.0
          ],
          [
            0.0,
            0.0,
            0.0,
            1.0
          ]
        ],
        "rotation_mode": "QUATERNION"
      },
      "armature_space": {
        "head": {
          "x": 0.0,
          "y": 0.07072800397872925,
          "z": -0.009595036506652832
        },
        "tail": {
          "x": -0.0002753660664893687,
          "y": -5.7600438594818115e-05,
          "z": -0.000438726507127285
        }
      },
      "world_space": {
        "head": {
          "x": 0.0,
          "y": 0.13397200405597687,
          "z": 0.9402589797973633
        },
        "tail": {
          "x": -0.0002753660664893687,
          "y": 0.0631863996386528,
          "z": 0.9494152665138245
        },
        "rotation_quaternion": {
          "w": 0.06425390392541885,
          "x": 0.9978885650634766,
          "y": -0.0025215994101017714,
          "z": -0.00914009939879179
        },
        "matrix": [
          [
            0.9998201727867126,
            -0.0038579716347157955,
            -0.018565647304058075,
            0.0
          ],
          [
            -0.0062071289867162704,
            -0.9917301535606384,
            -0.12819084525108337,
            0.13397200405597687
          ],
          [
            -0.017917687073349953,
            0.12828299403190613,
            -0.9915828108787537,
            0.9402589797973633
          ],
          [
            0.0,
            0.0,
            0.0,
            1.0
          ]
        ]
      },
      "bone_length_armature_space": 0.07137587435491541,
      "parent": null,
      "has_children": true,
      "is_end_bone": false
    },
    "spine_01": {
      "name": "spine_01",
      "local": {
        "location": {
          "x": 0.0,
          "y": 0.0,
          "z": 0.0
        },
        "rotation_quaternion": {
          "w": 0.9973922967910767,
          "x": 0.028490228578448296,
          "y": -0.04698765650391579,
          "z": -0.04678991064429283
        },
        "scale": {
          "x": 1.0,
          "y": 1.0,
          "z": 1.0
        },
        "matrix_basis": [
          [
            0.9912057518959045,
            0.09065841138362885,
            -0.09639636427164078,
            0.0
          ],
          [
            -0.09601317346096039,
            0.9939980506896973,
            -0.0524347722530365,
            0.0
          ],
          [
            0.09106414020061493,
            0.06122896447777748,
            0.9939609169960022,
            0.0
          ],
          [
            0.0,
            0.0,
            0.0,
            1.0
          ]
        ],
        "rotation_mode": "QUATERNION"
      },
      "armature_space": {
        "head": {
          "x": -0.0002753660664893687,
          "y": -5.7600438594818115e-05,
          "z": -0.000438726507127285
        },
        "tail": {
          "x": 0.05260060727596283,
          "y": -0.010564628057181835,
          "z": 0.4845789968967438
        }
      },
      "world_space": {
        "head": {
          "x": -0.0002753660664893687,
          "y": 0.0631863996386528,
          "z": 0.9494152665138245
        },
        "tail": {
          "x": 0.05260060727596283,
          "y": 0.05267937108874321,
          "z": 1.4344329833984375
        },
        "rotation_quaternion": {
          "w": 0.6994482278823853,
          "x": 0.7107496857643127,
          "y": 0.0025772207882255316,
          "z": -0.07483658194541931
        },
        "matrix": [
          [
            0.9887857437133789,
            0.10835213214159012,
            -0.10277408361434937,
            -0.0002753660664893687
          ],
          [
            -0.10102435946464539,
            -0.021530739963054657,
            -0.9946510195732117,
            0.0631863996386528
          ],
          [
            -0.10998622328042984,
            0.9938862919807434,
            -0.010344062000513077,
            0.9494152665138245
          ],
          [
            0.0,
            0.0,
            0.0,
            1.0
          ]
        ]
      },
      "bone_length_armature_space": 0.4880045636692357,
      "parent": "Root",
      "has_children": true,
      "is_end_bone": false
    },
    "neck_01": {
      "name": "neck_01",
      "local": {
        "location": {
          "x": 0.0,
          "y": 0.0,
          "z": 0.0
        },
        "rotation_quaternion": {
          "w": 0.9919319152832031,
          "x": 0.02152206562459469,
          "y": 0.09344545006752014,
          "z": 0.08292115479707718
        },
        "scale": {
          "x": 1.0,
          "y": 1.0,
          "z": 1.0
        },
        "matrix_basis": [
          [
            0.9687840342521667,
            -0.1604820042848587,
            0.18895231187343597,
            0.0
          ],
          [
            0.1685265600681305,
            0.9853217601776123,
            -0.02719963900744915,
            0.0
          ],
          [
            -0.1818137764930725,
            0.058194056153297424,
            0.9816095232963562,
            0.0
          ],
          [
            0.0,
            0.0,
            0.0,
            1.0
          ]
        ],
        "rotation_mode": "QUATERNION"
      },
      "armature_space": {
        "head": {
          "x": 0.05696973577141762,
          "y": -0.04663601145148277,
          "z": 0.5569911003112793
        },
        "tail": {
          "x": 0.04606294631958008,
          "y": -0.09057006984949112,
          "z": 0.6489779353141785
        }
      },
      "world_space": {
        "head": {
          "x": 0.05696973577141762,
          "y": 0.016607988625764847,
          "z": 1.5068451166152954
        },
        "tail": {
          "x": 0.04606294631958008,
          "y": -0.0273260697722435,
          "z": 1.5988318920135498
        },
        "rotation_quaternion": {
          "w": 0.5335966348648071,
          "x": 0.8436916470527649,
          "y": -0.03172650188207626,
          "z": 0.049523066729307175
        },
        "matrix": [
          [
            0.9930817484855652,
            -0.10638555139303207,
            0.049705520272254944,
            0.05696973577141762
          ],
          [
            -0.0006845444440841675,
            -0.4285357594490051,
            -0.9035247564315796,
            0.016607988625764847
          ],
          [
            0.11742334812879562,
            0.8972455859184265,
            -0.4256476163864136,
            1.5068451166152954
          ],
          [
            0.0,
            0.0,
            0.0,
            1.0
          ]
        ]
      },
      "bone_length_armature_space": 0.10252188750882281,
      "parent": "spine_01",
      "has_children": true,
      "is_end_bone": false
    },
    "head": {
      "name": "head",
      "local": {
        "location": {
          "x": 0.0,
          "y": 0.0,
          "z": 0.0
        },
        "rotation_quaternion": {
          "w": 0.9831403493881226,
          "x": -0.10054723173379898,
          "y": -0.13210250437259674,
          "z": -0.07664459943771362
        },
        "scale": {
          "x": 1.0,
          "y": 1.0,
          "z": 1.0
        },
        "matrix_basis": [
          [
            0.9533490538597107,
            0.17726987600326538,
            -0.244337797164917,
            0.0
          ],
          [
            -0.1241397112607956,
            0.9680317044258118,
            0.21795396506786346,
            0.0
          ],
          [
            0.2751634120941162,
            -0.17745418846607208,
            0.944878339767456,
            0.0
          ],
          [
            0.0,
            0.0,
            0.0,
            1.0
          ]
        ],
        "rotation_mode": "QUATERNION"
      },
      "armature_space": {
        "head": {
          "x": 0.04606296122074127,
          "y": -0.09057018160820007,
          "z": 0.6489778161048889
        },
        "tail": {
          "x": 0.05554603412747383,
          "y": -0.07417401671409607,
          "z": 0.8029081225395203
        }
      },
      "world_space": {
        "head": {
          "x": 0.04606296122074127,
          "y": -0.027326181530952454,
          "z": 1.5988318920135498
        },
        "tail": {
          "x": 0.05554603412747383,
          "y": -0.01093001663684845,
          "z": 1.7527620792388916
        },
        "rotation_quaternion": {
          "w": 0.7393590807914734,
          "x": 0.6593050360679626,
          "y": -0.07879173010587692,
          "z": -0.11161091923713684
        },
        "matrix": [
          [
            0.9626696705818176,
            0.06114553287625313,
            -0.26368239521980286,
            0.04606296122074127
          ],
          [
            -0.26893702149391174,
            0.10572018474340439,
            -0.9573382139205933,
            -0.027326181530952454
          ],
          [
            -0.030660877004265785,
            0.9925212264060974,
            0.11821789294481277,
            1.5988318920135498
          ],
          [
            0.0,
            0.0,
            0.0,
            1.0
          ]
        ]
      },
      "bone_length_armature_space": 0.15509127104199844,
      "parent": "neck_01",
      "has_children": false,
      "is_end_bone": true
    },
    "upperarm_l": {
      "name": "upperarm_l",
      "local": {
        "location": {
          "x": 0.0,
          "y": 0.0,
          "z": 0.0
        },
        "rotation_quaternion": {
          "w": 0.8439434766769409,
          "x": 0.4158628582954407,
          "y": 0.29353711009025574,
          "z": -0.16927388310432434
        },
        "scale": {
          "x": 1.0,
          "y": 1.0,
          "z": 1.0
        },
        "matrix_basis": [
          [
            0.7703646421432495,
            0.5298575162887573,
            0.3546680212020874,
            0.0
          ],
          [
            -0.04157281666994095,
            0.5968088507652283,
            -0.8013058304786682,
            0.0
          ],
          [
            -0.636246919631958,
            0.6025531888008118,
            0.48178809881210327,
            0.0
          ],
          [
            0.0,
            0.0,
            0.0,
            1.0
          ]
        ],
        "rotation_mode": "QUATERNION"
      },
      "armature_space": {
        "head": {
          "x": 0.19767774641513824,
          "y": -0.06351470202207565,
          "z": 0.4736633002758026
        },
        "tail": {
          "x": 0.3268289864063263,
          "y": -0.22756633162498474,
          "z": 0.30568981170654297
        }
      },
      "world_space": {
        "head": {
          "x": 0.19767774641513824,
          "y": -0.00027070194482803345,
          "z": 1.4235173463821411
        },
        "tail": {
          "x": 0.3268289864063263,
          "y": -0.16432233154773712,
          "z": 1.255543828010559
        },
        "rotation_quaternion": {
          "w": 0.07971091568470001,
          "x": -0.667064368724823,
          "y": -0.4330633580684662,
          "z": 0.6009388566017151
        },
        "matrix": [
          [
            -0.09734378755092621,
            0.48196256160736084,
            -0.8707677721977234,
            0.19767774641513824
          ],
          [
            0.6735652089118958,
            -0.6122028231620789,
            -0.41414740681648254,
            -0.00027070194482803345
          ],
          [
            -0.7326942086219788,
            -0.626838207244873,
            -0.2650412619113922,
            1.4235173463821411
          ],
          [
            0.0,
            0.0,
            0.0,
            1.0
          ]
        ]
      },
      "bone_length_armature_space": 0.26797028157433217,
      "parent": "spine_01",
      "has_children": true,
      "is_end_bone": false
    },
    "lowerarm_l": {
      "name": "lowerarm_l",
      "local": {
        "location": {
          "x": 0.0,
          "y": 0.0,
          "z": 0.0
        },
        "rotation_quaternion": {
          "w": 0.9220528602600098,
          "x": 0.3481055796146393,
          "y": -0.16071900725364685,
          "z": 0.053014207631349564
        },
        "scale": {
          "x": 1.0,
          "y": 1.0,
          "z": 1.0
        },
        "matrix_basis": [
          [
            0.9427177906036377,
            -0.2096581757068634,
            -0.2594737708568573,
            0.0
          ],
          [
            -0.014130562543869019,
            0.7520239949226379,
            -0.6589842438697815,
            0.0
          ],
          [
            0.3332919180393219,
            0.6249027252197266,
            0.7059838175773621,
            0.0
          ],
          [
            0.0,
            0.0,
            0.0,
            1.0
          ]
        ],
        "rotation_mode": "QUATERNION"
      },
      "armature_space": {
        "head": {
          "x": 0.3268289864063263,
          "y": -0.22756649553775787,
          "z": 0.30568987131118774
        },
        "tail": {
          "x": 0.2641408443450928,
          "y": -0.4716476798057556,
          "z": 0.21588948369026184
        }
      },
      "world_space": {
        "head": {
          "x": 0.3268289864063263,
          "y": -0.16432249546051025,
          "z": 1.2555439472198486
        },
        "tail": {
          "x": 0.2641408443450928,
          "y": -0.4084036946296692,
          "z": 1.1657434701919556
        },
        "rotation_quaternion": {
          "w": 0.1874200850725174,
          "x": -0.46865519881248474,
          "y": -0.09321511536836624,
          "z": 0.8582231402397156
        },
        "matrix": [
          [
            -0.4904719889163971,
            -0.23432672023773193,
            -0.8393619060516357,
            0.3268289864063263
          ],
          [
            0.40906816720962524,
            -0.9123694896697998,
            0.015673786401748657,
            -0.16432249546051025
          ],
          [
            -0.7694857120513916,
            -0.33567169308662415,
            0.5433506965637207,
            1.2555439472198486
          ],
          [
            0.0,
            0.0,
            0.0,
            1.0
          ]
        ]
      },
      "bone_length_armature_space": 0.26752483575161023,
      "parent": "upperarm_l",
      "has_children": true,
      "is_end_bone": false
    },
    "metacarpal_thumb_l": {
      "name": "metacarpal_thumb_l",
      "local": {
        "location": {
          "x": 0.0,
          "y": 0.0,
          "z": 0.0
        },
        "rotation_quaternion": {
          "w": 0.9998538494110107,
          "x": 0.012701449915766716,
          "y": 0.0052086845971643925,
          "z": 0.010196070186793804
        },
        "scale": {
          "x": 1.0,
          "y": 1.0,
          "z": 1.0
        },
        "matrix_basis": [
          [
            0.9997377991676331,
            -0.02025684528052807,
            0.0106748566031456,
            0.0
          ],
          [
            0.02052147500216961,
            0.9994693994522095,
            -0.02529297024011612,
            0.0
          ],
          [
            -0.010156837292015553,
            0.02550540305674076,
            0.9996230602264404,
            0.0
          ],
          [
            0.0,
            0.0,
            0.0,
            1.0
          ]
        ],
        "rotation_mode": "QUATERNION"
      },
      "armature_space": {
        "head": {
          "x": 0.2641408443450928,
          "y": -0.4716476798057556,
          "z": 0.21588948369026184
        },
        "tail": {
          "x": 0.22513112425804138,
          "y": -0.5018477439880371,
          "z": 0.21144165098667145
        }
      },
      "world_space": {
        "head": {
          "x": 0.2641408443450928,
          "y": -0.4084036946296692,
          "z": 1.1657434701919556
        },
        "tail": {
          "x": 0.22513112425804138,
          "y": -0.4386037588119507,
          "z": 1.1612956523895264
        },
        "rotation_quaternion": {
          "w": 0.19980378448963165,
          "x": -0.8409422039985657,
          "y": 0.39399781823158264,
          "z": 0.31250688433647156
        },
        "matrix": [
          [
            0.4942101538181305,
            -0.7875394225120544,
            -0.3681547939777374,
            0.2641408443450928
          ],
          [
            -0.5377795100212097,
            -0.6096875071525574,
            0.582301139831543,
            -0.4084036946296692
          ],
          [
            -0.6830494403839111,
            -0.08979424089193344,
            -0.7248407006263733,
            1.1657434701919556
          ],
          [
            0.0,
            0.0,
            0.0,
            1.0
          ]
        ]
      },
      "bone_length_armature_space": 0.04953367878089823,
      "parent": "lowerarm_l",
      "has_children": true,
      "is_end_bone": false
    },
    "thumb_01_l": {
      "name": "thumb_01_l",
      "local": {
        "location": {
          "x": 0.0,
          "y": 0.0,
          "z": 0.0
        },
        "rotation_quaternion": {
          "w": 0.9986269474029541,
          "x": 0.05077246576547623,
          "y": -0.010845540091395378,
          "z": 0.006993583403527737
        },
        "scale": {
          "x": 1.0,
          "y": 1.0,
          "z": 1.0
        },
        "matrix_basis": [
          [
            0.9996669292449951,
            -0.015069271437823772,
            -0.020951135084033012,
            0.0
          ],
          [
            0.012866651639342308,
            0.9947465062141418,
            -0.10155720263719559,
            0.0
          ],
          [
            0.022371459752321243,
            0.10125380754470825,
            0.9946090579032898,
            0.0
          ],
          [
            0.0,
            0.0,
            0.0,
            1.0
          ]
        ],
        "rotation_mode": "QUATERNION"
      },
      "armature_space": {
        "head": {
          "x": 0.22513112425804138,
          "y": -0.5018477439880371,
          "z": 0.21144165098667145
        },
        "tail": {
          "x": 0.19779078662395477,
          "y": -0.5000631213188171,
          "z": 0.19124382734298706
        }
      },
      "world_space": {
        "head": {
          "x": 0.22513112425804138,
          "y": -0.4386037588119507,
          "z": 1.1612956523895264
        },
        "tail": {
          "x": 0.19779078662395477,
          "y": -0.4368191361427307,
          "z": 1.1410977840423584
        },
        "rotation_quaternion": {
          "w": 0.030909191817045212,
          "x": -0.5705557465553284,
          "y": 0.7247483134269714,
          "z": -0.38503363728523254
        },
        "matrix": [
          [
            -0.3470194339752197,
            -0.8032160997390747,
            0.4841710031032562,
            0.22513112425804138
          ],
          [
            -0.8508221507072449,
            0.052429042756557465,
            -0.522831916809082,
            -0.4386037588119507
          ],
          [
            0.39456409215927124,
            -0.593380331993103,
            -0.7015929818153381,
            1.1612956523895264
          ],
          [
            0.0,
            0.0,
            0.0,
            1.0
          ]
        ]
      },
      "bone_length_armature_space": 0.034038669423120504,
      "parent": "metacarpal_thumb_l",
      "has_children": true,
      "is_end_bone": false
    },
    "thumb_02_l": {
      "name": "thumb_02_l",
      "local": {
        "location": {
          "x": 0.0,
          "y": 0.0,
          "z": 0.0
        },
        "rotation_quaternion": {
          "w": 0.9905234575271606,
          "x": 0.13724912703037262,
          "y": 0.003089646575972438,
          "z": -0.004066753201186657
        },
        "scale": {
          "x": 1.0,
          "y": 1.0,
          "z": 1.0
        },
        "matrix_basis": [
          [
            0.9999478459358215,
            0.008904531598091125,
            0.005004418082535267,
            0.0
          ],
          [
            -0.007208326365798712,
            0.9622922539710999,
            -0.2719220817089081,
            0.0
          ],
          [
            -0.007237051613628864,
            0.2718718349933624,
            0.9623062610626221,
            0.0
          ],
          [
            0.0,
            0.0,
            0.0,
            1.0
          ]
        ],
        "rotation_mode": "QUATERNION"
      },
      "armature_space": {
        "head": {
          "x": 0.19779078662395477,
          "y": -0.5000631213188171,
          "z": 0.19124385714530945
        },
        "tail": {
          "x": 0.1940089613199234,
          "y": -0.5374941229820251,
          "z": 0.17717964947223663
        }
      },
      "world_space": {
        "head": {
          "x": 0.19779078662395477,
          "y": -0.4368191361427307,
          "z": 1.141097903251648
        },
        "tail": {
          "x": 0.1940089613199234,
          "y": -0.4742501378059387,
          "z": 1.1270337104797363
        },
        "rotation_quaternion": {
          "w": 0.04845118895173073,
          "x": -0.49555256962776184,
          "y": 0.1779903918504715,
          "z": -0.8487635850906372
        },
        "matrix": [
          [
            -0.5041607022285461,
            -0.09415861964225769,
            0.8584615588188171,
            0.19779078662395477
          ],
          [
            -0.25865408778190613,
            -0.9319444894790649,
            -0.25412189960479736,
            -0.4368191361427307
          ],
          [
            0.8239714503288269,
            -0.3501660227775574,
            0.44549810886383057,
            1.141097903251648
          ],
          [
            0.0,
            0.0,
            0.0,
            1.0
          ]
        ]
      },
      "bone_length_armature_space": 0.04016446290279509,
      "parent": "thumb_01_l",
      "has_children": true,
      "is_end_bone": false
    },
    "thumb_03_l": {
      "name": "thumb_03_l",
      "local": {
        "location": {
          "x": 0.0,
          "y": 0.0,
          "z": 0.0
        },
        "rotation_quaternion": {
          "w": 0.9954128265380859,
          "x": 0.094967320561409,
          "y": -0.008950660936534405,
          "z": -0.007384692784398794
        },
        "scale": {
          "x": 1.0,
          "y": 1.0,
          "z": 1.0
        },
        "matrix_basis": [
          [
            0.9997307062149048,
            0.013001595623791218,
            -0.01922181434929371,
            0.0
          ],
          [
            -0.01640167646110058,
            0.9818533658981323,
            -0.1889311820268631,
            0.0
          ],
          [
            0.01641659624874592,
            0.18919557332992554,
            0.9818021655082703,
            0.0
          ],
          [
            0.0,
            0.0,
            0.0,
            1.0
          ]
        ],
        "rotation_mode": "QUATERNION"
      },
      "armature_space": {
        "head": {
          "x": 0.19400887191295624,
          "y": -0.5374940633773804,
          "z": 0.17717967927455902
        },
        "tail": {
          "x": 0.2038516402244568,
          "y": -0.5657621622085571,
          "z": 0.17161865532398224
        }
      },
      "world_space": {
        "head": {
          "x": 0.19400887191295624,
          "y": -0.47425007820129395,
          "z": 1.1270337104797363
        },
        "tail": {
          "x": 0.2038516402244568,
          "y": -0.5025181770324707,
          "z": 1.121472716331482
        },
        "rotation_quaternion": {
          "w": 0.18476366996765137,
          "x": -0.29049158096313477,
          "y": 0.04014503210783005,
          "z": -0.9380114674568176
        },
        "matrix": [
          [
            -0.7629537582397461,
            0.32329797744750977,
            0.5598035454750061,
            0.19400887191295624
          ],
          [
            -0.3699445426464081,
            -0.9285016655921936,
            0.03203277289867401,
            -0.47425007820129395
          ],
          [
            0.5301377177238464,
            -0.18265870213508606,
            0.8280118107795715,
            1.1270337104797363
          ],
          [
            0.0,
            0.0,
            0.0,
            1.0
          ]
        ]
      },
      "bone_length_armature_space": 0.030444876380014665,
      "parent": "thumb_02_l",
      "has_children": false,
      "is_end_bone": true
    },
    "metacarpal_index_l": {
      "name": "metacarpal_index_l",
      "local": {
        "location": {
          "x": 0.0,
          "y": 0.0,
          "z": 0.0
        },
        "rotation_quaternion": {
          "w": 0.9999221563339233,
          "x": 0.00042197859147563577,
          "y": 0.011900581419467926,
          "z": 0.0037328803446143866
        },
        "scale": {
          "x": 1.0,
          "y": 1.0,
          "z": 1.0
        },
        "matrix_basis": [
          [
            0.9996888637542725,
            -0.00745513616129756,
            0.023802461102604866,
            0.0
          ],
          [
            0.007475222926586866,
            0.9999717473983765,
            -0.0007550445734523237,
            0.0
          ],
          [
            -0.023796159774065018,
            0.0009327383595518768,
            0.9997164011001587,
            0.0
          ],
          [
            0.0,
            0.0,
            0.0,
            1.0
          ]
        ],
        "rotation_mode": "QUATERNION"
      },
      "armature_space": {
        "head": {
          "x": 0.2641408443450928,
          "y": -0.4716476798057556,
          "z": 0.21588948369026184
        },
        "tail": {
          "x": 0.20475386083126068,
          "y": -0.5702900290489197,
          "z": 0.19416147470474243
        }
      },
      "world_space": {
        "head": {
          "x": 0.2641408443450928,
          "y": -0.4084036946296692,
          "z": 1.1657434701919556
        },
        "tail": {
          "x": 0.20475386083126068,
          "y": -0.5070460438728333,
          "z": 1.1440155506134033
        },
        "rotation_quaternion": {
          "w": 0.23151734471321106,
          "x": -0.7829712629318237,
          "y": 0.15959158539772034,
          "z": 0.5548750162124634
        },
        "matrix": [
          [
            0.33328893780708313,
            -0.5068371295928955,
            -0.7950062155723572,
            0.2641408443450928
          ],
          [
            0.007014253176748753,
            -0.8418612480163574,
            0.5396489500999451,
            -0.4084036946296692
          ],
          [
            -0.9428050518035889,
            -0.18543735146522522,
            -0.2770293951034546,
            1.1657434701919556
          ],
          [
            0.0,
            0.0,
            0.0,
            1.0
          ]
        ]
      },
      "bone_length_armature_space": 0.11717181051050674,
      "parent": "lowerarm_l",
      "has_children": true,
      "is_end_bone": false
    },
    "index_01_l": {
      "name": "index_01_l",
      "local": {
        "location": {
          "x": 0.0,
          "y": 0.0,
          "z": 0.0
        },
        "rotation_quaternion": {
          "w": 0.9984140396118164,
          "x": -0.05614282563328743,
          "y": 0.002382724080234766,
          "z": 0.003448468167334795
        },
        "scale": {
          "x": 1.0,
          "y": 1.0,
          "z": 1.0
        },
        "matrix_basis": [
          [
            0.9999648332595825,
            -0.007153543643653393,
            0.0043706768192350864,
            0.0
          ],
          [
            0.00661845225840807,
            0.9936721920967102,
            0.112124003469944,
            0.0
          ],
          [
            -0.005145103670656681,
            -0.11209113895893097,
            0.9936845898628235,
            0.0
          ],
          [
            0.0,
            0.0,
            0.0,
            1.0
          ]
        ],
        "rotation_mode": "QUATERNION"
      },
      "armature_space": {
        "head": {
          "x": 0.20475386083126068,
          "y": -0.5702900290489197,
          "z": 0.19416147470474243
        },
        "tail": {
          "x": 0.20020641386508942,
          "y": -0.5958729982376099,
          "z": 0.18241818249225616
        }
      },
      "world_space": {
        "head": {
          "x": 0.20475386083126068,
          "y": -0.5070460438728333,
          "z": 1.1440155506134033
        },
        "tail": {
          "x": 0.20020641386508942,
          "y": -0.5326290130615234,
          "z": 1.1322722434997559
        },
        "rotation_quaternion": {
          "w": 0.2235328108072281,
          "x": -0.8366813063621521,
          "y": -0.03789287060499191,
          "z": 0.4985595643520355
        },
        "matrix": [
          [
            0.5000055432319641,
            -0.15947899222373962,
            -0.8512115478515625,
            0.20475386083126068
          ],
          [
            0.2862970232963562,
            -0.8971953392028809,
            0.3362663984298706,
            -0.5070460438728333
          ],
          [
            -0.8173354268074036,
            -0.4118378758430481,
            -0.40294668078422546,
            1.1440155506134033
          ],
          [
            0.0,
            0.0,
            0.0,
            1.0
          ]
        ]
      },
      "bone_length_armature_space": 0.02851442646089399,
      "parent": "metacarpal_index_l",
      "has_children": true,
      "is_end_bone": false
    },
    "index_02_l": {
      "name": "index_02_l",
      "local": {
        "location": {
          "x": 0.0,
          "y": 0.0,
          "z": 0.0
        },
        "rotation_quaternion": {
          "w": 0.9846148490905762,
          "x": 0.174662783741951,
          "y": -0.0015620961785316467,
          "z": -0.004926676396280527
        },
        "scale": {
          "x": 1.0,
          "y": 1.0,
          "z": 1.0
        },
        "matrix_basis": [
          [
            0.9999465942382812,
            0.009156077168881893,
            -0.004797140136361122,
            0.0
          ],
          [
            -0.010247437283396721,
            0.9389373064041138,
            -0.3439357578754425,
            0.0
          ],
          [
            0.001355112181045115,
            0.343966543674469,
            0.9389809370040894,
            0.0
          ],
          [
            0.0,
            0.0,
            0.0,
            1.0
          ]
        ],
        "rotation_mode": "QUATERNION"
      },
      "armature_space": {
        "head": {
          "x": 0.2002059668302536,
          "y": -0.5958732962608337,
          "z": 0.1824180781841278
        },
        "tail": {
          "x": 0.1897292286157608,
          "y": -0.6149417161941528,
          "z": 0.168826624751091
        }
      },
      "world_space": {
        "head": {
          "x": 0.2002059668302536,
          "y": -0.5326293110847473,
          "z": 1.1322721242904663
        },
        "tail": {
          "x": 0.1897292286157608,
          "y": -0.5516977310180664,
          "z": 1.1186805963516235
        },
        "rotation_quaternion": {
          "w": 0.3576273024082184,
          "x": -0.7717925310134888,
          "y": 0.02114599011838436,
          "z": 0.5253492593765259
        },
        "matrix": [
          [
            0.44712314009666443,
            -0.4083975553512573,
            -0.7957968711853027,
            0.2002059668302536
          ],
          [
            0.3431167006492615,
            -0.7433127164840698,
            0.5742452144622803,
            -0.5326293110847473
          ],
          [
            -0.8260511159896851,
            -0.5298136472702026,
            -0.1922251582145691,
            1.1322721242904663
          ],
          [
            0.0,
            0.0,
            0.0,
            1.0
          ]
        ]
      },
      "bone_length_armature_space": 0.025653348159346535,
      "parent": "index_01_l",
      "has_children": true,
      "is_end_bone": false
    },
    "index_03_l": {
      "name": "index_03_l",
      "local": {
        "location": {
          "x": 0.0,
          "y": 0.0,
          "z": 0.0
        },
        "rotation_quaternion": {
          "w": 0.9711418747901917,
          "x": 0.23847275972366333,
          "y": 0.0019028147216886282,
          "z": 0.003263987135142088
        },
        "scale": {
          "x": 1.0,
          "y": 1.0,
          "z": 1.0
        },
        "matrix_basis": [
          [
            0.9999714493751526,
            -0.005432050209492445,
            0.005252550356090069,
            0.0
          ],
          [
            0.0072471280582249165,
            0.8862401843070984,
            -0.4631693363189697,
            0.0
          ],
          [
            -0.0021390621550381184,
            0.46319419145584106,
            0.8862542510032654,
            0.0
          ],
          [
            0.0,
            0.0,
            0.0,
            1.0
          ]
        ],
        "rotation_mode": "QUATERNION"
      },
      "armature_space": {
        "head": {
          "x": 0.18972934782505035,
          "y": -0.6149417757987976,
          "z": 0.16882668435573578
        },
        "tail": {
          "x": 0.16861872375011444,
          "y": -0.6229970455169678,
          "z": 0.1503012627363205
        }
      },
      "world_space": {
        "head": {
          "x": 0.18972934782505035,
          "y": -0.5516977906227112,
          "z": 1.118680715560913
        },
        "tail": {
          "x": 0.16861872375011444,
          "y": -0.5597530603408813,
          "z": 1.100155234336853
        },
        "rotation_quaternion": {
          "w": 0.5850321650505066,
          "x": -0.6527960300445557,
          "y": 0.1410430371761322,
          "z": 0.46011048555374146
        },
        "matrix": [
          [
            0.5368080139160156,
            -0.7225041389465332,
            -0.43568935990333557,
            0.18972934782505035
          ],
          [
            0.35421741008758545,
            -0.2756890654563904,
            0.8936028480529785,
            -0.5516977906227112
          ],
          [
            -0.7657508850097656,
            -0.6340264081954956,
            0.10793288052082062,
            1.118680715560913
          ],
          [
            0.0,
            0.0,
            0.0,
            1.0
          ]
        ]
      },
      "bone_length_armature_space": 0.029218779226979515,
      "parent": "index_02_l",
      "has_children": false,
      "is_end_bone": true
    },
    "metacarpal_pinky_l": {
      "name": "metacarpal_pinky_l",
      "local": {
        "location": {
          "x": 0.0,
          "y": 0.0,
          "z": 0.0
        },
        "rotation_quaternion": {
          "w": 0.9986386299133301,
          "x": -0.04845568537712097,
          "y": -0.015721237286925316,
          "z": -0.011212587356567383
        },
        "scale": {
          "x": 1.0,
          "y": 1.0,
          "z": 1.0
        },
        "matrix_basis": [
          [
            0.9992542266845703,
            0.023918213322758675,
            -0.030313042923808098,
            0.0
          ],
          [
            -0.020871078595519066,
            0.9950526356697083,
            0.09713198989629745,
            0.0
          ],
          [
            0.03248629719018936,
            -0.09642688930034637,
            0.9948098063468933,
            0.0
          ],
          [
            0.0,
            0.0,
            0.0,
            1.0
          ]
        ],
        "rotation_mode": "QUATERNION"
      },
      "armature_space": {
        "head": {
          "x": 0.2641408443450928,
          "y": -0.4716476798057556,
          "z": 0.21588948369026184
        },
        "tail": {
          "x": 0.2623330056667328,
          "y": -0.5576285719871521,
          "z": 0.15717585384845734
        }
      },
      "world_space": {
        "head": {
          "x": 0.2641408443450928,
          "y": -0.4084036946296692,
          "z": 1.1657434701919556
        },
        "tail": {
          "x": 0.2623330056667328,
          "y": -0.4943845868110657,
          "z": 1.107029914855957
        },
        "rotation_quaternion": {
          "w": 0.03198329731822014,
          "x": -0.13269485533237457,
          "y": 0.2934734523296356,
          "z": -0.9461725354194641
        },
        "matrix": [
          [
            -0.9627383947372437,
            -0.017361372709274292,
            0.2698768675327301,
            0.2641408443450928
          ],
          [
            -0.13840824365615845,
            -0.8257012963294983,
            -0.5468647480010986,
            -0.4084036946296692
          ],
          [
            0.23233330249786377,
            -0.5638452172279358,
            0.7925362586975098,
            1.1657434701919556
          ],
          [
            0.0,
            0.0,
            0.0,
            1.0
          ]
        ]
      },
      "bone_length_armature_space": 0.10413103455627781,
      "parent": "lowerarm_l",
      "has_children": true,
      "is_end_bone": false
    },
    "pinky_01_l": {
      "name": "pinky_01_l",
      "local": {
        "location": {
          "x": 0.0,
          "y": 0.0,
          "z": 0.0
        },
        "rotation_quaternion": {
          "w": 0.9996329545974731,
          "x": 0.011731050908565521,
          "y": 0.024419495835900307,
          "z": -0.00031153581221587956
        },
        "scale": {
          "x": 1.0,
          "y": 1.0,
          "z": 1.0
        },
        "matrix_basis": [
          [
            0.9988071918487549,
            0.0011957755777984858,
            0.04881375655531883,
            0.0
          ],
          [
            -4.991023160982877e-05,
            0.9997245669364929,
            -0.023468704894185066,
            0.0
          ],
          [
            -0.04882837459445,
            0.02343827486038208,
            0.9985321164131165,
            0.0
          ],
          [
            0.0,
            0.0,
            0.0,
            1.0
          ]
        ],
        "rotation_mode": "QUATERNION"
      },
      "armature_space": {
        "head": {
          "x": 0.2623330056667328,
          "y": -0.5576285719871521,
