{
  "metadata": {
    "armature_name": "KIM_caucasian_male",
    "export_time": "2026-01-13T20:24:34.915484",
    "blender_version": "4.4.1",
    "bone_count": 56,
    "end_bone_count": 13,
    "spaces_included": [
      "LOCAL_CHANNELS",
      "ARMATURE_SPACE",
      "WORLD_SPACE"
    ],
    "note": "LOCAL matches Transform panel; replay pose via local.matrix_basis for best fidelity."
  },
  "bones": {
    "Root": {
      "name": "Root",
      "local": {
        "location": {
          "x": 0.0,
          "y": 0.0,
          "z": 0.0
        },
        "rotation_quaternion": {
          "w": 0.9998928904533386,
          "x": -0.009363239631056786,
          "y": 0.01046447642147541,
          "z": 0.004146084655076265
        },
        "scale": {
          "x": 1.0,
          "y": 1.0,
          "z": 1.0
        },
        "matrix_basis": [
          [
            0.9997466206550598,
            -0.008487244136631489,
            0.020849069580435753,
            0.0
          ],
          [
            0.00809531845152378,
            0.9997902512550354,
            0.018811246380209923,
            0.0
          ],
          [
            -0.02100435271859169,
            -0.018637700006365776,
            0.999605655670166,
            0.0
          ],
          [
            0.0,
            0.0,
            0.0,
            1.0
          ]
        ],
        "rotation_mode": "QUATERNION"
      },
      "armature_space": {
        "head": {
          "x": 0.0,
          "y": 0.07072800397872925,
          "z": -0.009595036506652832
        },
        "tail": {
          "x": -0.0006057844148017466,
          "y": 0.000193670392036438,
          "z": 0.0013162046670913696
        }
      },
      "world_space": {
        "head": {
          "x": 0.0,
          "y": 0.13397200405597687,
          "z": 0.9402589797973633
        },
        "tail": {
          "x": -0.0006057844148017466,
          "y": 0.06343767046928406,
          "z": 0.9511702060699463
        },
        "rotation_quaternion": {
          "w": 0.07670240849256516,
          "x": 0.9969905018806458,
          "y": -0.003431696444749832,
          "z": 0.010720017366111279
        },
        "matrix": [
          [
            0.9997466206550598,
            -0.008487244136631489,
            0.020849069580435753,
            0.0
          ],
          [
            -0.005198230035603046,
            -0.9882098436355591,
            -0.15301717817783356,
            0.13397200405597687
          ],
          [
            0.021902097389101982,
            0.15287016332149506,
            -0.9880106449127197,
            0.9402589797973633
          ],
          [
            0.0,
            0.0,
            0.0,
            1.0
          ]
        ]
      },
      "bone_length_armature_space": 0.07137586630758819,
      "parent": null,
      "has_children": true,
      "is_end_bone": false
    },
    "spine_01": {
      "name": "spine_01",
      "local": {
        "location": {
          "x": 0.0,
          "y": 0.0,
          "z": 0.0
        },
        "rotation_quaternion": {
          "w": 0.9984935522079468,
          "x": 0.035506438463926315,
          "y": 0.0045778946951031685,
          "z": -0.04158037155866623
        },
        "scale": {
          "x": 1.0,
          "y": 1.0,
          "z": 1.0
        },
        "matrix_basis": [
          [
            0.9965002536773682,
            0.08336055278778076,
            0.00618925504386425,
            0.0
          ],
          [
            -0.0827103778719902,
            0.9940207600593567,
            -0.07128660380840302,
            0.0
          ],
          [
            -0.012094738893210888,
            0.07052519917488098,
            0.9974366426467896,
            0.0
          ],
          [
            0.0,
            0.0,
            0.0,
            1.0
          ]
        ],
        "rotation_mode": "QUATERNION"
      },
      "armature_space": {
        "head": {
          "x": -0.0006057844148017466,
          "y": 0.000193670392036438,
          "z": 0.0013162046670913696
        },
        "tail": {
          "x": 0.02939961664378643,
          "y": -0.002590641612187028,
          "z": 0.4883895516395569
        }
      },
      "world_space": {
        "head": {
          "x": -0.0006057844148017466,
          "y": 0.06343767046928406,
          "z": 0.9511702060699463
        },
        "tail": {
          "x": 0.02939961664378643,
          "y": 0.060653358697891235,
          "z": 1.4382436275482178
        },
        "rotation_quaternion": {
          "w": 0.7047367691993713,
          "x": 0.7088016271591187,
          "y": 0.022205639630556107,
          "z": -0.021289877593517303
        },
        "matrix": [
          [
            0.9981073141098022,
            0.061486322432756424,
            0.001118105836212635,
            -0.0006057844148017466
          ],
          [
            0.0014716852456331253,
            -0.005705542862415314,
            -0.9999826550483704,
            0.06343767046928406
          ],
          [
            -0.06147930771112442,
            0.9980986714363098,
            -0.005786187946796417,
            0.9511702060699463
          ],
          [
            0.0,
            0.0,
            0.0,
            1.0
          ]
        ]
      },
      "bone_length_armature_space": 0.4880046515902648,
      "parent": "Root",
      "has_children": true,
      "is_end_bone": false
    },
    "neck_01": {
      "name": "neck_01",
      "local": {
        "location": {
          "x": 0.0,
          "y": 0.0,
          "z": 0.0
        },
        "rotation_quaternion": {
          "w": 0.9927084445953369,
          "x": 0.0642152652144432,
          "y": -0.09157613664865494,
          "z": -0.04494790360331535
        },
        "scale": {
          "x": 1.0,
          "y": 1.0,
          "z": 1.0
        },
        "matrix_basis": [
          [
            0.97918701171875,
            0.07747915387153625,
            -0.18758949637413025,
            0.0
          ],
          [
            -0.10100150108337402,
            0.9877121448516846,
            -0.11926176398992538,
            0.0
          ],
          [
            0.17604412138462067,
            0.13572637736797333,
            0.9749804139137268,
            0.0
          ],
          [
            0.0,
            0.0,
            0.0,
            1.0
          ]
        ],
        "rotation_mode": "QUATERNION"
      },
      "armature_space": {
        "head": {
          "x": 0.03394032642245293,
          "y": -0.0376882329583168,
          "z": 0.5612682104110718
        },
        "tail": {
          "x": 0.047335803508758545,
          "y": -0.0895337164402008,
          "z": 0.6486943960189819
        }
      },
      "world_space": {
        "head": {
          "x": 0.03394032642245293,
          "y": 0.025555767118930817,
          "z": 1.511122226715088
        },
        "tail": {
          "x": 0.047335803508758545,
          "y": -0.026289716362953186,
          "z": 1.598548412322998
        },
        "rotation_quaternion": {
          "w": 0.4971355199813843,
          "x": 0.8581907749176025,
          "y": 0.002029567025601864,
          "z": -0.12790966033935547
        },
        "matrix": [
          [
            0.9672702550888062,
            0.13066036999225616,
            -0.21752311289310455,
            0.03394032642245293
          ],
          [
            -0.12369278073310852,
            -0.5057042837142944,
            -0.8537936806678772,
            0.025555767118930817
          ],
          [
            -0.2215610146522522,
            0.8527606129646301,
            -0.4729950428009033,
            1.511122226715088
          ],
          [
            0.0,
            0.0,
            0.0,
            1.0
          ]
        ]
      },
      "bone_length_armature_space": 0.10252185496916541,
      "parent": "spine_01",
      "has_children": true,
      "is_end_bone": false
    },
    "head": {
      "name": "head",
      "local": {
        "location": {
          "x": 0.0,
          "y": 0.0,
          "z": 0.0
        },
        "rotation_quaternion": {
          "w": 0.9925867915153503,
          "x": -0.08776131272315979,
          "y": -0.005012037232518196,
          "z": -0.08393093943595886
        },
        "scale": {
          "x": 1.0,
          "y": 1.0,
          "z": 1.0
        },
        "matrix_basis": [
          [
            0.9858609437942505,
            0.1674972027540207,
            0.0047820149920880795,
            0.0
          ],
          [
            -0.16573776304721832,
            0.9705070853233337,
            0.17506277561187744,
            0.0
          ],
          [
            0.024681542068719864,
            -0.17338010668754578,
            0.9845456480979919,
            0.0
          ],
          [
            0.0,
            0.0,
            0.0,
            1.0
          ]
        ],
        "rotation_mode": "QUATERNION"
      },
      "armature_space": {
        "head": {
          "x": 0.04733575880527496,
          "y": -0.08953380584716797,
          "z": 0.6486942768096924
        },
        "tail": {
          "x": 0.106796033680439,
          "y": -0.09101609140634537,
          "z": 0.7919268012046814
        }
      },
      "world_space": {
        "head": {
          "x": 0.04733575880527496,
          "y": -0.02628980576992035,
          "z": 1.5985482931137085
        },
        "tail": {
          "x": 0.106796033680439,
          "y": -0.027772091329097748,
          "z": 1.7417807579040527
        },
        "rotation_quaternion": {
          "w": 0.6972665190696716,
          "x": 0.6869704127311707,
          "y": 0.0950804203748703,
          "z": -0.1812482476234436
        },
        "matrix": [
          [
            0.9162174463272095,
            0.38339152932167053,
            -0.11643368005752563,
            0.04733575880527496
          ],
          [
            -0.12212444841861725,
            -0.009557574987411499,
            -0.9924689531326294,
            -0.02628980576992035
          ],
          [
            -0.38161978125572205,
            0.9235431551933289,
            0.038064002990722656,
            1.5985482931137085
          ],
          [
            0.0,
            0.0,
            0.0,
            1.0
          ]
        ]
      },
      "bone_length_armature_space": 0.1550911890787561,
      "parent": "neck_01",
      "has_children": false,
      "is_end_bone": true
    },
    "upperarm_l": {
      "name": "upperarm_l",
      "local": {
        "location": {
          "x": 0.0,
          "y": 0.0,
          "z": 0.0
        },
        "rotation_quaternion": {
          "w": 0.9251821041107178,
          "x": -0.07694855332374573,
          "y": 0.3459518253803253,
          "z": -0.13577315211296082
        },
        "scale": {
          "x": 1.0,
          "y": 1.0,
          "z": 1.0
        },
        "matrix_basis": [
          [
            0.7237659692764282,
            0.19798879325389862,
            0.66103196144104,
            0.0
          ],
          [
            -0.3044707775115967,
            0.9512891173362732,
            0.04844091087579727,
            0.0
          ],
          [
            -0.6192417740821838,
            -0.23632478713989258,
            0.7487925291061401,
            0.0
          ],
          [
            0.0,
            0.0,
            0.0,
            1.0
          ]
        ],
        "rotation_mode": "QUATERNION"
      },
      "armature_space": {
        "head": {
          "x": 0.1795276403427124,
          "y": -0.04027309641242027,
          "z": 0.4849478602409363
        },
        "tail": {
          "x": 0.42646318674087524,
          "y": 0.0349305160343647,
          "z": 0.4130108654499054
        }
      },
      "world_space": {
        "head": {
          "x": 0.1795276403427124,
          "y": 0.022970903664827347,
          "z": 1.4348018169403076
        },
        "tail": {
          "x": 0.42646318674087524,
          "y": 0.09817451238632202,
          "z": 1.3628648519515991
        },
        "rotation_quaternion": {
          "w": 0.2268279641866684,
          "x": 0.504630982875824,
          "y": 0.7673795223236084,
          "z": -0.3240760862827301
        },
        "matrix": [
          [
            -0.3877924680709839,
            0.9215064644813538,
            0.021046441048383713,
            0.1795276403427124
          ],
          [
            0.6274688839912415,
            0.2806425094604492,
            -0.7263075709342957,
            0.022970903664827347
          ],
          [
            -0.6752076745033264,
            -0.2684522569179535,
            -0.6870531439781189,
            1.4348018169403076
          ],
          [
            0.0,
            0.0,
            0.0,
            1.0
          ]
        ]
      },
      "bone_length_armature_space": 0.26796954911810716,
      "parent": "spine_01",
      "has_children": true,
      "is_end_bone": false
    },
    "lowerarm_l": {
      "name": "lowerarm_l",
      "local": {
        "location": {
          "x": 0.0,
          "y": 0.0,
          "z": 0.0
        },
        "rotation_quaternion": {
          "w": 0.9927129745483398,
          "x": 0.08660874515771866,
          "y": -0.02946222387254238,
          "z": -0.07843396067619324
        },
        "scale": {
          "x": 1.0,
          "y": 1.0,
          "z": 1.0
        },
        "matrix_basis": [
          [
            0.9859601855278015,
            0.1506214439868927,
            -0.07208120077848434,
            0.0
          ],
          [
            -0.16082818806171417,
            0.9726940989494324,
            -0.16733357310295105,
            0.0
          ],
          [
            0.044908929616212845,
            0.17657692730426788,
            0.9832618236541748,
            0.0
          ],
          [
            0.0,
            0.0,
            0.0,
            1.0
          ]
        ],
        "rotation_mode": "QUATERNION"
      },
      "armature_space": {
        "head": {
          "x": 0.4264633357524872,
          "y": 0.03493042662739754,
          "z": 0.4130108952522278
        },
        "tail": {
          "x": 0.6565930843353271,
          "y": 0.05582566186785698,
          "z": 0.2782025933265686
        }
      },
      "world_space": {
        "head": {
          "x": 0.4264633357524872,
          "y": 0.09817442297935486,
          "z": 1.3628649711608887
        },
        "tail": {
          "x": 0.6565930843353271,
          "y": 0.1190696656703949,
          "z": 1.2280566692352295
        },
        "rotation_quaternion": {
          "w": 0.20269568264484406,
          "x": 0.46831125020980835,
          "y": 0.7056686878204346,
          "z": -0.4915597140789032
        },
        "matrix": [
          [
            -0.47919660806655884,
            0.8602194786071777,
            -0.17433592677116394,
            0.4264633357524872
          ],
          [
            0.4616733491420746,
            0.0781058818101883,
            -0.8836047053337097,
            0.09817442297935486
          ],
          [
            -0.7464820146560669,
            -0.5039101839065552,
            -0.43457233905792236,
            1.3628649711608887
          ],
          [
            0.0,
            0.0,
            0.0,
            1.0
          ]
        ]
      },
      "bone_length_armature_space": 0.26752493556574297,
      "parent": "upperarm_l",
      "has_children": true,
      "is_end_bone": false
    },
    "metacarpal_thumb_l": {
      "name": "metacarpal_thumb_l",
      "local": {
        "location": {
          "x": 0.0,
          "y": 0.0,
          "z": 0.0
        },
        "rotation_quaternion": {
          "w": 0.9997680187225342,
          "x": 0.013640064746141434,
          "y": -0.015341820195317268,
          "z": 0.006529723759740591
        },
        "scale": {
          "x": 1.0,
          "y": 1.0,
          "z": 1.0
        },
        "matrix_basis": [
          [
            0.9994440078735352,
            -0.013474944978952408,
            -0.030498391017317772,
            0.0
          ],
          [
            0.012637890875339508,
            0.9995425939559937,
            -0.027474157512187958,
            0.0
          ],
          [
            0.03085465356707573,
            0.027073444798588753,
            0.9991571307182312,
            0.0
          ],
          [
            0.0,
            0.0,
            0.0,
            1.0
          ]
        ],
        "rotation_mode": "QUATERNION"
      },
      "armature_space": {
        "head": {
          "x": 0.6565930843353271,
          "y": 0.05582566186785698,
          "z": 0.2782025933265686
        },
        "tail": {
          "x": 0.6795085668563843,
          "y": 0.03744177520275116,
          "z": 0.2383212447166443
        }
      },
      "world_space": {
        "head": {
          "x": 0.6565930843353271,
          "y": 0.1190696656703949,
          "z": 1.2280566692352295
        },
        "tail": {
          "x": 0.6795085668563843,
          "y": 0.10068577527999878,
          "z": 1.1881752014160156
        },
        "rotation_quaternion": {
          "w": 0.39831647276878357,
          "x": -0.8003144860267639,
          "y": -0.39468246698379517,
          "z": 0.21228915452957153
        },
        "matrix": [
          [
            0.5983167290687561,
            0.4626239836215973,
            -0.6542141437530518,
            0.6565930843353271
          ],
          [
            0.800857663154602,
            -0.37113919854164124,
            0.4699816107749939,
            0.1190696656703949
          ],
          [
            -0.025379162281751633,
            -0.8051361441612244,
            -0.5925583839416504,
            1.2280566692352295
          ],
          [
            0.0,
            0.0,
            0.0,
            1.0
          ]
        ]
      },
      "bone_length_armature_space": 0.049533914353736025,
      "parent": "lowerarm_l",
      "has_children": true,
      "is_end_bone": false
    },
    "thumb_01_l": {
      "name": "thumb_01_l",
      "local": {
        "location": {
          "x": 0.0,
          "y": 0.0,
          "z": 0.0
        },
        "rotation_quaternion": {
          "w": 0.9564250707626343,
          "x": 0.29166463017463684,
          "y": -0.008255857974290848,
          "z": -0.010710803791880608
        },
        "scale": {
          "x": 1.0,
          "y": 1.0,
          "z": 1.0
        },
        "matrix_basis": [
          [
            0.9996342658996582,
            0.01567227952182293,
            -0.022040143609046936,
            0.0
          ],
          [
            -0.025304045528173447,
            0.8296340703964233,
            -0.5577338933944702,
            0.0
          ],
          [
            0.009544293396174908,
            0.5580875873565674,
            0.8297271728515625,
            0.0
          ],
          [
            0.0,
            0.0,
            0.0,
            1.0
          ]
        ],
        "rotation_mode": "QUATERNION"
      },
      "armature_space": {
        "head": {
          "x": 0.6795085668563843,
          "y": 0.03744177520275116,
          "z": 0.2383212447166443
        },
        "tail": {
          "x": 0.6837340593338013,
          "y": 0.05260263383388519,
          "z": 0.20813962817192078
        }
      },
      "world_space": {
        "head": {
          "x": 0.6795085668563843,
          "y": 0.10068577527999878,
          "z": 1.1881752014160156
        },
        "tail": {
          "x": 0.6837340593338013,
          "y": 0.11584663391113281,
          "z": 1.1579936742782593
        },
        "rotation_quaternion": {
          "w": 0.8154157400131226,
          "x": -0.4795694053173065,
          "y": 0.2404128909111023,
          "z": -0.21751293540000916
        },
        "matrix": [
          [
            0.7897794246673584,
            0.12413829565048218,
            0.6006981134414673,
            0.6795085668563843
          ],
          [
            -0.5853165984153748,
            0.4454022943973541,
            0.6775110960006714,
            0.10068577527999878
          ],
          [
            -0.183448925614357,
            -0.8866886496543884,
            0.42443332076072693,
            1.1881752014160156
          ],
          [
            0.0,
            0.0,
            0.0,
            1.0
          ]
        ]
      },
      "bone_length_armature_space": 0.034038748612813655,
      "parent": "metacarpal_thumb_l",
      "has_children": true,
      "is_end_bone": false
    },
    "thumb_02_l": {
      "name": "thumb_02_l",
      "local": {
        "location": {
          "x": 0.0,
          "y": 0.0,
          "z": 0.0
        },
        "rotation_quaternion": {
          "w": 0.9009305238723755,
          "x": 0.4338633120059967,
          "y": 0.005744710564613342,
          "z": 0.00734083354473114
        },
        "scale": {
          "x": 1.0,
          "y": 1.0,
          "z": 1.0
        },
        "matrix_basis": [
          [
            0.999826192855835,
            -0.008242323994636536,
            0.016721006482839584,
            0.0
          ],
          [
            0.018211999908089638,
            0.6234174966812134,
            -0.7816770672798157,
            0.0
          ],
          [
            -0.003981333691626787,
            0.78184574842453,
            0.6234592199325562,
            0.0
          ],
          [
            0.0,
            0.0,
            0.0,
            1.0
          ]
        ],
        "rotation_mode": "QUATERNION"
      },
      "armature_space": {
        "head": {
          "x": 0.6837339997291565,
          "y": 0.052602618932724,
          "z": 0.20813962817192078
        },
        "tail": {
          "x": 0.7180114984512329,
          "y": 0.051133234053850174,
          "z": 0.2290221005678177
        }
      },
      "world_space": {
        "head": {
          "x": 0.6837339997291565,
          "y": 0.11584661900997162,
          "z": 1.1579936742782593
        },
        "tail": {
          "x": 0.7180114984512329,
          "y": 0.1143772304058075,
          "z": 1.1788761615753174
        },
        "rotation_quaternion": {
          "w": 0.691890299320221,
          "x": 0.3248966634273529,
          "y": -0.054739803075790405,
          "z": -0.6424434185028076
        },
        "matrix": [
          [
            0.16853739321231842,
            0.8534303903579712,
            -0.49320560693740845,
            0.6837339997291565
          ],
          [
            -0.9245715737342834,
            -0.036584287881851196,
            -0.3792479336261749,
            0.11584661900997162
          ],
          [
            -0.3417084515094757,
            0.5199249982833862,
            0.7828966379165649,
            1.1579936742782593
          ],
          [
            0.0,
            0.0,
            0.0,
            1.0
          ]
        ]
      },
      "bone_length_armature_space": 0.04016445743137442,
      "parent": "thumb_01_l",
      "has_children": true,
      "is_end_bone": false
    },
    "thumb_03_l": {
      "name": "thumb_03_l",
      "local": {
        "location": {
          "x": 0.0,
          "y": 0.0,
          "z": 0.0
        },
        "rotation_quaternion": {
          "w": 0.9904453754425049,
          "x": 0.137539803981781,
          "y": -0.009949448518455029,
          "z": 0.0013058240292593837
        },
        "scale": {
          "x": 1.0,
          "y": 1.0,
          "z": 1.0
        },
        "matrix_basis": [
          [
            0.999798595905304,
            -0.005323585122823715,
            -0.019349565729498863,
            0.0
          ],
          [
            -0.0001501956576248631,
            0.9621621966362,
            -0.27247729897499084,
            0.0
          ],
          [
            0.020067976787686348,
            0.2724253535270691,
            0.9619676470756531,
            0.0
          ],
          [
            0.0,
            0.0,
            0.0,
            1.0
          ]
        ],
        "rotation_mode": "QUATERNION"
      },
      "armature_space": {
        "head": {
          "x": 0.7180115580558777,
          "y": 0.051133204251527786,
          "z": 0.22902202606201172
        },
        "tail": {
          "x": 0.7324368357658386,
          "y": 0.04584967717528343,
          "z": 0.2553069293498993
        }
      },
      "world_space": {
        "head": {
          "x": 0.7180115580558777,
          "y": 0.11437720060348511,
          "z": 1.1788760423660278
        },
        "tail": {
          "x": 0.7324368357658386,
          "y": 0.10909368097782135,
          "z": 1.2051609754562378
        },
        "rotation_quaternion": {
          "w": 0.633476734161377,
          "x": 0.5991242527961731,
          "y": -0.10925047099590302,
          "z": -0.4773067831993103
        },
        "matrix": [
          [
            0.5204821825027466,
            0.47381603717803955,
            -0.7103497982025146,
            0.7180115580558777
          ],
          [
            -0.7356370687484741,
            -0.1735440492630005,
            -0.6547676920890808,
            0.11437720060348511
          ],
          [
            -0.4335199296474457,
            0.8633602857589722,
            0.2582312226295471,
            1.1788760423660278
          ],
          [
            0.0,
            0.0,
            0.0,
            1.0
          ]
        ]
      },
      "bone_length_armature_space": 0.030445039219971676,
      "parent": "thumb_02_l",
      "has_children": false,
      "is_end_bone": true
    },
    "metacarpal_index_l": {
      "name": "metacarpal_index_l",
      "local": {
        "location": {
          "x": 0.0,
          "y": 0.0,
          "z": 0.0
        },
        "rotation_quaternion": {
          "w": 0.9994910359382629,
          "x": -0.031726352870464325,
          "y": -0.002565605565905571,
          "z": -0.0021802298724651337
        },
        "scale": {
          "x": 1.0,
          "y": 1.0,
          "z": 1.0
        },
        "matrix_basis": [
          [
            0.9999773502349854,
            0.004521035123616457,
            -0.004990258254110813,
            0.0
          ],
          [
            -0.00419544568285346,
            0.9979773759841919,
            0.06343159824609756,
            0.0
          ],
          [
            0.005266941152513027,
            -0.063409224152565,
            0.9979737401008606,
            0.0
          ],
          [
            0.0,
            0.0,
            0.0,
            1.0
          ]
        ],
        "rotation_mode": "QUATERNION"
      },
      "armature_space": {
        "head": {
          "x": 0.6565930843353271,
          "y": 0.05582566186785698,
          "z": 0.2782025933265686
        },
        "tail": {
          "x": 0.7482047080993652,
          "y": 0.03714628517627716,
          "z": 0.2075790911912918
        }
      },
      "world_space": {
        "head": {
          "x": 0.6565930843353271,
          "y": 0.1190696656703949,
          "z": 1.2280566692352295
        },
        "tail": {
          "x": 0.7482047080993652,
          "y": 0.10039028525352478,
          "z": 1.1574331521987915
        },
        "rotation_quaternion": {
          "w": 0.16513200104236603,
          "x": -0.701524555683136,
          "y": -0.6269143223762512,
          "z": 0.29592788219451904
        },
        "matrix": [
          [
            0.038807593286037445,
            0.7818578481674194,
            -0.6222478151321411,
            0.6565930843353271
          ],
          [
            0.9773254990577698,
            -0.15941879153251648,
            -0.13935786485671997,
            0.1190696656703949
          ],
          [
            -0.20815658569335938,
            -0.6027349829673767,
            -0.7703217267990112,
            1.2280566692352295
          ],
          [
            0.0,
            0.0,
            0.0,
            1.0
          ]
        ]
      },
      "bone_length_armature_space": 0.11717204362048084,
      "parent": "lowerarm_l",
      "has_children": true,
      "is_end_bone": false
    },
    "index_01_l": {
      "name": "index_01_l",
      "local": {
        "location": {
          "x": 0.0,
          "y": 0.0,
          "z": 0.0
        },
        "rotation_quaternion": {
          "w": 0.9553476572036743,
          "x": 0.2952907383441925,
          "y": -0.008144205436110497,
          "z": 0.0069283125922083855
        },
        "scale": {
          "x": 1.0,
          "y": 1.0,
          "z": 1.0
        },
        "matrix_basis": [
          [
            0.9997713565826416,
            -0.01804771088063717,
            -0.011469362303614616,
            0.0
          ],
          [
            0.008428077213466167,
            0.8255107402801514,
            -0.5643234848976135,
            0.0
          ],
          [
            0.019652828574180603,
            0.5640977621078491,
            0.8254740834236145,
            0.0
          ],
          [
            0.0,
            0.0,
            0.0,
            1.0
          ]
        ],
        "rotation_mode": "QUATERNION"
      },
      "armature_space": {
        "head": {
          "x": 0.7482047080993652,
          "y": 0.03714628517627716,
          "z": 0.2075790911912918
        },
        "tail": {
          "x": 0.7593324184417725,
          "y": 0.03986052796244621,
          "z": 0.18146614730358124
        }
      },
      "world_space": {
        "head": {
          "x": 0.7482047080993652,
          "y": 0.10039028525352478,
          "z": 1.1574331521987915
        },
        "tail": {
          "x": 0.7593324184417725,
          "y": 0.10310453176498413,
          "z": 1.1313201189041138
        },
        "rotation_quaternion": {
          "w": 0.33942264318466187,
          "x": -0.5181267261505127,
          "y": -0.6575616598129272,
          "z": 0.42889341711997986
        },
        "matrix": [
          [
            -0.232671856880188,
            0.39024895429611206,
            -0.8908252716064453,
            0.7482047080993652
          ],
          [
            0.9725534915924072,
            0.09518863260746002,
            -0.2123182862997055,
            0.10039028525352478
          ],
          [
            0.0019404087215662003,
            -0.9157820343971252,
            -0.40168851613998413,
            1.1574331521987915
          ],
          [
            0.0,
            0.0,
            0.0,
            1.0
          ]
        ]
      },
      "bone_length_armature_space": 0.028514538822128135,
      "parent": "metacarpal_index_l",
      "has_children": true,
      "is_end_bone": false
    },
    "index_02_l": {
      "name": "index_02_l",
      "local": {
        "location": {
          "x": 0.0,
          "y": 0.0,
          "z": 0.0
        },
        "rotation_quaternion": {
          "w": 0.8848068714141846,
          "x": 0.46591055393218994,
          "y": -0.0007675850065425038,
          "z": -0.006595360115170479
        },
        "scale": {
          "x": 1.0,
          "y": 1.0,
          "z": 1.0
        },
        "matrix_basis": [
          [
            0.9999118447303772,
            0.010955988429486752,
            -0.007504024542868137,
            0.0
          ],
          [
            -0.012386491522192955,
            0.5657677054405212,
            -0.8244715929031372,
            0.0
          ],
          [
            -0.004787366837263107,
            0.8244918584823608,
            0.5658535361289978,
            0.0
          ],
          [
            0.0,
            0.0,
            0.0,
            1.0
          ]
        ],
        "rotation_mode": "QUATERNION"
      },
      "armature_space": {
        "head": {
          "x": 0.7593322992324829,
          "y": 0.03986026719212532,
          "z": 0.18146565556526184
        },
        "tail": {
          "x": 0.7470782995223999,
          "y": 0.03631468117237091,
          "z": 0.15920884907245636
        }
      },
      "world_space": {
        "head": {
          "x": 0.7593322992324829,
          "y": 0.10310426354408264,
          "z": 1.1313196420669556
        },
        "tail": {
          "x": 0.7470782995223999,
          "y": 0.09955868124961853,
          "z": 1.109062910079956
        },
        "rotation_quaternion": {
          "w": 0.5137651562690735,
          "x": -0.29075562953948975,
          "y": -0.40858161449432373,
          "z": 0.6961089372634888
        },
        "matrix": [
          [
            -0.303010493516922,
            -0.47767823934555054,
            -0.8246261477470398,
            0.7593322992324829
          ],
          [
            0.9528687000274658,
            -0.13821186125278473,
            -0.27007192373275757,
            0.10310426354408264
          ],
          [
            0.015035398304462433,
            -0.8676010966300964,
            0.4970475435256958,
            1.1313196420669556
          ],
          [
            0.0,
            0.0,
            0.0,
            1.0
          ]
        ]
      },
      "bone_length_armature_space": 0.025653403448638607,
      "parent": "index_01_l",
      "has_children": true,
      "is_end_bone": false
    },
    "index_03_l": {
      "name": "index_03_l",
      "local": {
        "location": {
          "x": 0.0,
          "y": 0.0,
          "z": 0.0
        },
        "rotation_quaternion": {
          "w": 0.9198010563850403,
          "x": 0.39237403869628906,
          "y": 0.0027535785920917988,
          "z": -0.001037148293107748
        },
        "scale": {
          "x": 1.0,
          "y": 1.0,
          "z": 1.0
        },
        "matrix_basis": [
          [
            0.9999826550483704,
            0.0040688058361411095,
            0.0042515890672802925,
            0.0
          ],
          [
            0.0002529253251850605,
            0.6920830607414246,
            -0.7218178510665894,
            0.0
          ],
          [
            -0.005879389122128487,
            0.7218064069747925,
            0.6920700669288635,
            0.0
          ],
          [
            0.0,
            0.0,
            0.0,
            1.0
          ]
        ],
        "rotation_mode": "QUATERNION"
      },
      "armature_space": {
        "head": {
          "x": 0.7470784187316895,
          "y": 0.036314696073532104,
          "z": 0.15920878946781158
        },
        "tail": {
          "x": 0.7186951637268066,
          "y": 0.03089148737490177,
          "z": 0.15488314628601074
        }
      },
      "world_space": {
        "head": {
          "x": 0.7470784187316895,
          "y": 0.09955869615077972,
          "z": 1.1090627908706665
        },
        "tail": {
          "x": 0.7186951637268066,
          "y": 0.09413548558950424,
          "z": 1.1047371625900269
        },
        "rotation_quaternion": {
          "w": 0.6340084075927734,
          "x": -0.028994012624025345,
          "y": -0.07231499254703522,
          "z": 0.7693915367126465
        },
        "matrix": [
          [
            -0.1943850815296173,
            -0.9714078903198242,
            -0.13631296157836914,
            0.7470784187316895
          ],
          [
            0.9797948002815247,
            -0.18560755252838135,
            -0.07451096177101135,
            0.09955869615077972
          ],
          [
            0.04708107188344002,
            -0.148043692111969,
            0.9878666400909424,
            1.1090627908706665
          ],
          [
            0.0,
            0.0,
            0.0,
            1.0
          ]
        ]
      },
      "bone_length_armature_space": 0.02921868481845322,
      "parent": "index_02_l",
      "has_children": false,
      "is_end_bone": true
    },
    "metacarpal_pinky_l": {
      "name": "metacarpal_pinky_l",
      "local": {
        "location": {
          "x": 0.0,
          "y": 0.0,
          "z": 0.0
        },
        "rotation_quaternion": {
          "w": 0.9986978769302368,
          "x": -0.047400206327438354,
          "y": -0.0169313196092844,
          "z": -0.008311519399285316
        },
        "scale": {
          "x": 1.0,
          "y": 1.0,
          "z": 1.0
        },
        "matrix_basis": [
          [
            0.9992884993553162,
            0.018206490203738213,
            -0.03303061053156853,
            0.0
          ],
          [
            -0.014996297657489777,
            0.9953683018684387,
            0.09495841711759567,
            0.0
          ],
          [
            0.034606482833623886,
            -0.09439551830291748,
            0.9949331283569336,
            0.0
          ],
          [
            0.0,
            0.0,
            0.0,
            1.0
          ]
        ],
        "rotation_mode": "QUATERNION"
      },
      "armature_space": {
        "head": {
          "x": 0.6565930843353271,
          "y": 0.05582566186785698,
          "z": 0.2782025933265686
        },
        "tail": {
          "x": 0.7418591976165771,
          "y": 0.09685927629470825,
          "z": 0.23473793268203735
        }
      },
      "world_space": {
        "head": {
          "x": 0.6565930843353271,
          "y": 0.1190696656703949,
          "z": 1.2280566692352295
        },
        "tail": {
          "x": 0.7418591976165771,
          "y": 0.16010327637195587,
          "z": 1.1845920085906982
        },
        "rotation_quaternion": {
          "w": 0.6916030049324036,
          "x": 0.06762126088142395,
          "y": 0.46767109632492065,
          "z": -0.5462568402290344
        },
        "matrix": [
          [
            -0.034227170050144196,
            0.8188366889953613,
            0.573005199432373,
            0.6565930843353271
          ],
          [
            -0.6923367381095886,
            0.394058495759964,
            -0.6044732332229614,
            0.1190696656703949
          ],
          [
            -0.7207680940628052,
            -0.41740456223487854,
            0.5534263849258423,
            1.2280566692352295
          ],
          [
            0.0,
            0.0,
            0.0,
            1.0
          ]
        ]
      },
      "bone_length_armature_space": 0.10413089966399805,
      "parent": "lowerarm_l",
      "has_children": true,
      "is_end_bone": false
    },
    "pinky_01_l": {
      "name": "pinky_01_l",
      "local": {
        "location": {
          "x": 0.0,
          "y": 0.0,
          "z": 0.0
        },
        "rotation_quaternion": {
          "w": 0.9468804001808167,
          "x": 0.3210347294807434,
          "y": 0.005801968742161989,
          "z": 0.017904451116919518
        },
        "scale": {
          "x": 1.0,
          "y": 1.0,
          "z": 1.0
        },
        "matrix_basis": [
          [
            0.9992915391921997,
            -0.030181480571627617,
            0.02248344197869301,
            0.0
          ],
          [
            0.037632014602422714,
            0.793232262134552,
            -0.6077552437782288,
            0.0
          ],
          [
            0.0005083602736704051,
            0.608170747756958,
            0.7938060760498047,
            0.0
          ],
          [
            0.0,
            0.0,
            0.0,
            1.0
          ]
        ],
        "rotation_mode": "QUATERNION"
      },
      "armature_space": {
        "head": {
          "x": 0.7418591976165771,
          "y": 0.09685927629470825,
          "z": 0.23473793268203735
        },
        "tail": {
