{
  "metadata": {
    "armature_name": "KIM_caucasian_male",
    "export_time": "2026-01-13T20:55:50.387061",
    "blender_version": "4.4.1",
    "bone_count": 56,
    "end_bone_count": 13,
    "spaces_included": [
      "LOCAL_CHANNELS",
      "ARMATURE_SPACE",
      "WORLD_SPACE"
    ],
    "note": "LOCAL matches Transform panel; replay pose via local.matrix_basis for best fidelity."
  },
  "bones": {
    "Root": {
      "name": "Root",
      "local": {
        "location": {
          "x": 0.0,
          "y": 0.0,
          "z": 0.0
        },
        "rotation_quaternion": {
          "w": 0.9994329810142517,
          "x": -0.013767984695732594,
          "y": -0.011086225509643555,
          "z": 0.02866125851869583
        },
        "scale": {
          "x": 1.0,
          "y": 1.0,
          "z": 1.0
        },
        "matrix_basis": [
          [
            0.9981112480163574,
            -0.05698474496603012,
            -0.022949093952775,
            0.0
          ],
          [
            0.057595282793045044,
            0.9979779720306396,
            0.026884865015745163,
            0.0
          ],
          [
            0.0213706623762846,
            -0.028155846521258354,
            0.9993751049041748,
            0.0
          ],
          [
            0.0,
            0.0,
            0.0,
            1.0
          ]
        ],
        "rotation_mode": "QUATERNION"
      },
      "armature_space": {
        "head": {
          "x": 0.0,
          "y": 0.07072800397872925,
          "z": -0.009595036506652832
        },
        "tail": {
          "x": -0.004067335743457079,
          "y": 0.0004131719470024109,
          "z": 0.0019720178097486496
        }
      },
      "world_space": {
        "head": {
          "x": 0.0,
          "y": 0.13397200405597687,
          "z": 0.9402589797973633
        },
        "tail": {
          "x": -0.004067335743457079,
          "y": 0.06365717202425003,
          "z": 0.9518260359764099
        },
        "rotation_quaternion": {
          "w": 0.08106615394353867,
          "x": 0.9962348937988281,
          "y": -0.029343001544475555,
          "z": -0.009130190126597881
        },
        "matrix": [
          [
            0.9981112480163574,
            -0.05698474496603012,
            -0.022949093952775,
            0.0
          ],
          [
            -0.059945352375507355,
            -0.9851345419883728,
            -0.16098652780056,
            0.13397200405597687
          ],
          [
            -0.013434318825602531,
            0.16205833852291107,
            -0.9866968393325806,
            0.9402589797973633
          ],
          [
            0.0,
            0.0,
            0.0,
            1.0
          ]
        ]
      },
      "bone_length_armature_space": 0.07137587436711021,
      "parent": null,
      "has_children": true,
      "is_end_bone": false
    },
    "spine_01": {
      "name": "spine_01",
      "local": {
        "location": {
          "x": 0.0,
          "y": 0.0,
          "z": 0.0
        },
        "rotation_quaternion": {
          "w": 0.9981921911239624,
          "x": 0.02829516865313053,
          "y": 0.05258044973015785,
          "z": -0.00686084246262908
        },
        "scale": {
          "x": 1.0,
          "y": 1.0,
          "z": 1.0
        },
        "matrix_basis": [
          [
            0.9943764209747314,
            0.016672424972057343,
            0.1045825332403183,
            0.0
          ],
          [
            -0.01072133332490921,
            0.9983046054840088,
            -0.057209525257349014,
            0.0
          ],
          [
            -0.1053590476512909,
            0.05576654151082039,
            0.9928693771362305,
            0.0
          ],
          [
            0.0,
            0.0,
            0.0,
            1.0
          ]
        ],
        "rotation_mode": "QUATERNION"
      },
      "armature_space": {
        "head": {
          "x": -0.004067335743457079,
          "y": 0.0004131719470024109,
          "z": 0.0019720178097486496
        },
        "tail": {
          "x": 0.011148449033498764,
          "y": 0.008739687502384186,
          "z": 0.4896683692932129
        }
      },
      "world_space": {
        "head": {
          "x": -0.004067335743457079,
          "y": 0.06365717202425003,
          "z": 0.9518260359764099
        },
        "tail": {
          "x": 0.011148449033498764,
          "y": 0.0719836875796318,
          "z": 1.439522385597229
        },
        "rotation_quaternion": {
          "w": 0.712602972984314,
          "x": 0.7010329365730286,
          "y": 0.02698308415710926,
          "z": 0.004667582921683788
        },
        "matrix": [
          [
            0.9985002279281616,
            0.03117980994284153,
            0.04500049352645874,
            -0.004067335743457079
          ],
          [
            0.04448411986231804,
            0.017062488943338394,
            -0.9988645315170288,
            0.06365717202425003
          ],
          [
            -0.03191240876913071,
            0.9993752241134644,
            0.015649087727069855,
            0.9518260359764099
          ],
          [
            0.0,
            0.0,
            0.0,
            1.0
          ]
        ]
      },
      "bone_length_armature_space": 0.48800469411339426,
      "parent": "Root",
      "has_children": true,
      "is_end_bone": false
    },
    "neck_01": {
      "name": "neck_01",
      "local": {
        "location": {
          "x": 0.0,
          "y": 0.0,
          "z": 0.0
        },
        "rotation_quaternion": {
          "w": 0.9925320744514465,
          "x": -0.09389453381299973,
          "y": -0.05687109753489494,
          "z": 0.05319332703948021
        },
        "scale": {
          "x": 1.0,
          "y": 1.0,
          "z": 1.0
        },
        "matrix_basis": [
          [
            0.987872302532196,
            -0.09491239488124847,
            -0.12288190424442291,
            0.0
          ],
          [
            0.11627193540334702,
            0.9767085909843445,
            0.1803363412618637,
            0.0
          ],
          [
            0.10290364921092987,
            -0.19243699312210083,
            0.9758989810943604,
            0.0
          ],
          [
            0.0,
            0.0,
            0.0,
            1.0
          ]
        ],
        "rotation_mode": "QUATERNION"
      },
      "armature_space": {
        "head": {
          "x": 0.01499202474951744,
          "y": -0.024652084335684776,
          "z": 0.5633837580680847
        },
        "tail": {
          "x": 0.009322291240096092,
          "y": -0.04312789440155029,
          "z": 0.6640677452087402
        }
      },
      "world_space": {
        "head": {
          "x": 0.01499202474951744,
          "y": 0.038591913878917694,
          "z": 1.513237714767456
        },
        "tail": {
          "x": 0.009322291240096092,
          "y": 0.020116105675697327,
          "z": 1.6139217615127563
        },
        "rotation_quaternion": {
          "w": 0.6383389830589294,
          "x": 0.7680215239524841,
          "y": -0.049153074622154236,
          "z": -0.015821034088730812
        },
        "matrix": [
          [
            0.9946673512458801,
            -0.05530295521020889,
            -0.08705471456050873,
            0.01499202474951744
          ],
          [
            -0.09569987654685974,
            -0.1802143007516861,
            -0.9789611101150513,
            0.038591913878917694
          ],
          [
            0.03845108672976494,
            0.9820781946182251,
            -0.18454797565937042,
            1.513237714767456
          ],
          [
            0.0,
            0.0,
            0.0,
            1.0
          ]
        ]
      },
      "bone_length_armature_space": 0.10252203175483511,
      "parent": "spine_01",
      "has_children": true,
      "is_end_bone": false
    },
    "head": {
      "name": "head",
      "local": {
        "location": {
          "x": 0.0,
          "y": 0.0,
          "z": 0.0
        },
        "rotation_quaternion": {
          "w": 0.9906191825866699,
          "x": 0.020749427378177643,
          "y": -0.09625307470560074,
          "z": 0.09475553780794144
        },
        "scale": {
          "x": 1.0,
          "y": 1.0,
          "z": 1.0
        },
        "matrix_basis": [
          [
            0.9635134935379028,
            -0.19172769784927368,
            -0.186768040060997,
            0.0
          ],
          [
            0.18373891711235046,
            0.9811816811561584,
            -0.05935058370232582,
            0.0
          ],
          [
            0.19463253021240234,
            0.02286853827536106,
            0.9806095957756042,
            0.0
          ],
          [
            0.0,
            0.0,
            0.0,
            1.0
          ]
        ],
        "rotation_mode": "QUATERNION"
      },
      "armature_space": {
        "head": {
          "x": 0.009322281926870346,
          "y": -0.043128035962581635,
          "z": 0.6640676259994507
        },
        "tail": {
          "x": -0.023766983300447464,
          "y": -0.015372458845376968,
          "z": 0.81302410364151
        }
      },
      "world_space": {
        "head": {
          "x": 0.009322281926870346,
          "y": 0.020115964114665985,
          "z": 1.6139216423034668
        },
        "tail": {
          "x": -0.023766983300447464,
          "y": 0.04787154123187065,
          "z": 1.762878179550171
        },
        "rotation_quaternion": {
          "w": 0.7460790276527405,
          "x": 0.640592634677887,
          "y": -0.18123964965343475,
          "z": -0.012630390003323555
        },
        "matrix": [
          [
            0.9339858293533325,
            -0.2133549451828003,
            -0.28661882877349854,
            0.009322281926870346
          ],
          [
            -0.25104671716690063,
            0.17896407842636108,
            -0.9512875080108643,
            0.020115964114665985
          ],
          [
            0.25425782799720764,
            0.9604504108428955,
            0.11358767002820969,
            1.6139216423034668
          ],
          [
            0.0,
            0.0,
            0.0,
            1.0
          ]
        ]
      },
      "bone_length_armature_space": 0.1550912750062345,
      "parent": "neck_01",
      "has_children": false,
      "is_end_bone": true
    },
    "upperarm_l": {
      "name": "upperarm_l",
      "local": {
        "location": {
          "x": 0.0,
          "y": 0.0,
          "z": 0.0
        },
        "rotation_quaternion": {
          "w": 0.8757808208465576,
          "x": 0.4515930116176605,
          "y": 0.059615153819322586,
          "z": 0.1597430258989334
        },
        "scale": {
          "x": 1.0,
          "y": 1.0,
          "z": 1.0
        },
        "matrix_basis": [
          [
            0.9418563842773438,
            -0.22595618665218353,
            0.24869728088378906,
            0.0
          ],
          [
            0.3336433172225952,
            0.5410918593406677,
            -0.7719467878341675,
            0.0
          ],
          [
            0.039858050644397736,
            0.810039222240448,
            0.585019588470459,
            0.0
          ],
          [
            0.0,
            0.0,
            0.0,
            1.0
          ]
        ],
        "rotation_mode": "QUATERNION"
      },
      "armature_space": {
        "head": {
          "x": 0.16281504929065704,
          "y": -0.022311704233288765,
          "z": 0.49148109555244446
        },
        "tail": {
          "x": 0.32838499546051025,
          "y": -0.22691528499126434,
          "z": 0.5417962670326233
        }
      },
      "world_space": {
        "head": {
          "x": 0.16281504929065704,
          "y": 0.040932297706604004,
          "z": 1.4413350820541382
        },
        "tail": {
          "x": 0.32838499546051025,
          "y": -0.16367128491401672,
          "z": 1.4916503429412842
        },
        "rotation_quaternion": {
          "w": 0.27725905179977417,
          "x": 0.7515538334846497,
          "y": 0.2033737748861313,
          "z": -0.5629682540893555
        },
        "matrix": [
          [
            0.2834116816520691,
            0.6178687810897827,
            -0.7334275841712952,
            0.16281504929065704
          ],
          [
            -0.006483107805252075,
            -0.7635332942008972,
            -0.6457362771034241,
            0.040932297706604004
          ],
          [
            -0.958983302116394,
            0.18776467442512512,
            -0.21239057183265686,
            1.4413350820541382
          ],
          [
            0.0,
            0.0,
            0.0,
            1.0
          ]
        ]
      },
      "bone_length_armature_space": 0.26796949351043536,
      "parent": "spine_01",
      "has_children": true,
      "is_end_bone": false
    },
    "lowerarm_l": {
      "name": "lowerarm_l",
      "local": {
        "location": {
          "x": 0.0,
          "y": 0.0,
          "z": 0.0
        },
        "rotation_quaternion": {
          "w": 0.9951318502426147,
          "x": 0.014920588582754135,
          "y": -0.018195517361164093,
          "z": 0.09570220112800598
        },
        "scale": {
          "x": 1.0,
          "y": 1.0,
          "z": 1.0
        },
        "matrix_basis": [
          [
            0.9810200333595276,
            -0.1910155862569809,
            -0.03335801139473915,
            0.0
          ],
          [
            0.18992963433265686,
            0.9812369346618652,
            -0.03317860886454582,
            0.0
          ],
          [
            0.03906974568963051,
            0.026213204488158226,
            0.998892605304718,
            0.0
          ],
          [
            0.0,
            0.0,
            0.0,
            1.0
          ]
        ],
        "rotation_mode": "QUATERNION"
      },
      "armature_space": {
        "head": {
          "x": 0.32838499546051025,
          "y": -0.2269153743982315,
          "z": 0.5417964458465576
        },
        "tail": {
          "x": 0.4450676143169403,
          "y": -0.441547691822052,
          "z": 0.6508267521858215
        }
      },
      "world_space": {
        "head": {
          "x": 0.32838499546051025,
          "y": -0.1636713743209839,
          "z": 1.4916504621505737
        },
        "tail": {
          "x": 0.4450676143169403,
          "y": -0.3783037066459656,
          "z": 1.6006808280944824
        },
        "rotation_quaternion": {
          "w": 0.31176090240478516,
          "x": 0.732539713382721,
          "y": 0.04074778035283089,
          "z": -0.6037635803222656
        },
        "matrix": [
          [
            0.26761916279792786,
            0.4361567795276642,
            -0.859154999256134,
            0.32838499546051025
          ],
          [
            -0.3167608380317688,
            -0.8022904396057129,
            -0.5059574842453003,
            -0.1636713743209839
          ],
          [
            -0.9099752306938171,
            0.4075525999069214,
            -0.0765518918633461,
            1.4916504621505737
          ],
          [
            0.0,
            0.0,
            0.0,
            1.0
          ]
        ]
      },
      "bone_length_armature_space": 0.2675247173888629,
      "parent": "upperarm_l",
      "has_children": true,
      "is_end_bone": false
    },
    "metacarpal_thumb_l": {
      "name": "metacarpal_thumb_l",
      "local": {
        "location": {
          "x": 0.0,
          "y": 0.0,
          "z": 0.0
        },
        "rotation_quaternion": {
          "w": 0.9999436736106873,
          "x": -0.00952646229416132,
          "y": 0.004337524063885212,
          "z": -0.0017862857785075903
        },
        "scale": {
          "x": 1.0,
          "y": 1.0,
          "z": 1.0
        },
        "matrix_basis": [
          [
            0.9999560117721558,
            0.0034897278528660536,
            0.008708593435585499,
            0.0
          ],
          [
            -0.0036550129298120737,
            0.999812126159668,
            0.01903635449707508,
            0.0
          ],
          [
            -0.008640525862574577,
            -0.019067347049713135,
            0.9997808933258057,
            0.0
          ],
          [
            0.0,
            0.0,
            0.0,
            1.0
          ]
        ],
        "rotation_mode": "QUATERNION"
      },
      "armature_space": {
        "head": {
          "x": 0.4450676143169403,
          "y": -0.441547691822052,
          "z": 0.6508267521858215
        },
        "tail": {
          "x": 0.43944400548934937,
          "y": -0.49034228920936584,
          "z": 0.6572336554527283
        }
      },
      "world_space": {
        "head": {
          "x": 0.4450676143169403,
          "y": -0.3783037066459656,
          "z": 1.6006808280944824
        },
        "tail": {
          "x": 0.43944400548934937,
          "y": -0.42709827423095703,
          "z": 1.6070876121520996
        },
        "rotation_quaternion": {
          "w": 0.07133308053016663,
          "x": 0.9889394640922546,
          "y": -0.04870300740003586,
          "z": 0.12057580798864365
        },
        "matrix": [
          [
            0.9661790728569031,
            -0.11353088915348053,
            0.23153600096702576,
            0.4450676143169403
          ],
          [
            -0.07912641018629074,
            -0.9850791692733765,
            -0.15283352136611938,
            -0.3783037066459656
          ],
          [
            0.2454342395067215,
            0.12934383749961853,
            -0.9607530236244202,
            1.6006808280944824
          ],
          [
            0.0,
            0.0,
            0.0,
            1.0
          ]
        ]
      },
      "bone_length_armature_space": 0.04953368594174146,
      "parent": "lowerarm_l",
      "has_children": true,
      "is_end_bone": false
    },
    "thumb_01_l": {
      "name": "thumb_01_l",
      "local": {
        "location": {
          "x": 0.0,
          "y": 0.0,
          "z": 0.0
        },
        "rotation_quaternion": {
          "w": 0.9687908887863159,
          "x": 0.24767404794692993,
          "y": -0.009256492368876934,
          "z": 0.0040346840396523476
        },
        "scale": {
          "x": 1.0,
          "y": 1.0,
          "z": 1.0
        },
        "matrix_basis": [
          [
            0.9997960925102234,
            -0.012402716092765331,
            -0.015936637297272682,
            0.0
          ],
          [
            0.0032323445193469524,
            0.8772825598716736,
            -0.47996342182159424,
            0.0
          ],
          [
            0.019933784380555153,
            0.4798140227794647,
            0.8771437406539917,
            0.0
          ],
          [
            0.0,
            0.0,
            0.0,
            1.0
          ]
        ],
        "rotation_mode": "QUATERNION"
      },
      "armature_space": {
        "head": {
          "x": 0.43944400548934937,
          "y": -0.49034228920936584,
          "z": 0.6572336554527283
        },
        "tail": {
          "x": 0.45478153228759766,
          "y": -0.5154370069503784,
          "z": 0.6400976181030273
        }
      },
      "world_space": {
        "head": {
          "x": 0.43944400548934937,
          "y": -0.42709827423095703,
          "z": 1.6070876121520996
        },
        "tail": {
          "x": 0.45478153228759766,
          "y": -0.452193021774292,
          "z": 1.5899516344070435
        },
        "rotation_quaternion": {
          "w": 0.3507193922996521,
          "x": -0.5150415897369385,
          "y": 0.09150636941194534,
          "z": -0.7767590880393982
        },
        "matrix": [
          [
            -0.22345508635044098,
            0.4505924880504608,
            0.8643115758895874,
            0.43944400548934937
          ],
          [
            -0.6391083598136902,
            -0.7372440099716187,
            0.21911616623401642,
            -0.42709827423095703
          ],
          [
            0.735944926738739,
            -0.5034304857254028,
            0.4527217745780945,
            1.6070876121520996
          ],
          [
            0.0,
            0.0,
            0.0,
            1.0
          ]
        ]
      },
      "bone_length_armature_space": 0.03403863005866041,
      "parent": "metacarpal_thumb_l",
      "has_children": true,
      "is_end_bone": false
    },
    "thumb_02_l": {
      "name": "thumb_02_l",
      "local": {
        "location": {
          "x": 0.0,
          "y": 0.0,
          "z": 0.0
        },
        "rotation_quaternion": {
          "w": 0.8879299163818359,
          "x": 0.4598475992679596,
          "y": 0.008796731941401958,
          "z": 0.006591414101421833
        },
        "scale": {
          "x": 1.0,
          "y": 1.0,
          "z": 1.0
        },
        "matrix_basis": [
          [
            0.9997583627700806,
            -0.0036151153035461903,
            0.02168385498225689,
            0.0
          ],
          [
            0.019795740023255348,
            0.576993465423584,
            -0.8165088891983032,
            0.0
          ],
          [
            -0.009559671394526958,
            0.816740870475769,
            0.5769256353378296,
            0.0
          ],
          [
            0.0,
            0.0,
            0.0,
            1.0
          ]
        ],
        "rotation_mode": "QUATERNION"
      },
      "armature_space": {
        "head": {
          "x": 0.45478150248527527,
          "y": -0.5154370069503784,
          "z": 0.6400975584983826
        },
        "tail": {
          "x": 0.4658803343772888,
          "y": -0.5117502808570862,
          "z": 0.6785218119621277
        }
      },
      "world_space": {
        "head": {
          "x": 0.45478150248527527,
          "y": -0.452193021774292,
          "z": 1.589951515197754
        },
        "tail": {
          "x": 0.4658803343772888,
          "y": -0.44850629568099976,
          "z": 1.628375768661499
        },
        "rotation_quaternion": {
          "w": 0.3130144774913788,
          "x": 0.10488207638263702,
          "y": -0.6692661643028259,
          "z": -0.665661096572876
        },
        "matrix": [
          [
            -0.7820422649383545,
            0.2763351798057556,
            -0.5586134195327759,
            0.45478150248527527
          ],
          [
            -0.5571126341819763,
            0.09179145097732544,
            0.825348436832428,
            -0.452193021774292
          ],
          [
            0.2793499529361725,
            0.9566748142242432,
            0.0821666419506073,
            1.589951515197754
          ],
          [
            0.0,
            0.0,
            0.0,
            1.0
          ]
        ]
      },
      "bone_length_armature_space": 0.04016465180080125,
      "parent": "thumb_01_l",
      "has_children": true,
      "is_end_bone": false
    },
    "thumb_03_l": {
      "name": "thumb_03_l",
      "local": {
        "location": {
          "x": 0.0,
          "y": 0.0,
          "z": 0.0
        },
        "rotation_quaternion": {
          "w": 0.9906363487243652,
          "x": 0.1363159865140915,
          "y": -0.005559705197811127,
          "z": -0.005158405285328627
        },
        "scale": {
          "x": 1.0,
          "y": 1.0,
          "z": 1.0
        },
        "matrix_basis": [
          [
            0.9998849630355835,
            0.008704453706741333,
            -0.012421638704836369,
            0.0
          ],
          [
            -0.011735960841178894,
            0.9627826809883118,
            -0.27002179622650146,
            0.0
          ],
          [
            0.009608945809304714,
            0.2701365053653717,
            0.9627740979194641,
            0.0
          ],
          [
            0.0,
            0.0,
            0.0,
            1.0
          ]
        ],
        "rotation_mode": "QUATERNION"
      },
      "armature_space": {
        "head": {
          "x": 0.46588030457496643,
          "y": -0.511750340461731,
          "z": 0.6785218119621277
        },
        "tail": {
          "x": 0.4656446576118469,
          "y": -0.49600711464881897,
          "z": 0.7045793533325195
        }
      },
      "world_space": {
        "head": {
          "x": 0.46588030457496643,
          "y": -0.44850635528564453,
          "z": 1.628375768661499
        },
        "tail": {
          "x": 0.4656446576118469,
          "y": -0.43276309967041016,
          "z": 1.6544333696365356
        },
        "rotation_quaternion": {
          "w": 0.44877639412879944,
          "x": 0.25698789954185486,
          "y": -0.7464264035224915,
          "z": -0.41881340742111206
        },
        "matrix": [
          [
            -0.4651148319244385,
            -0.007739737629890442,
            -0.8852165937423706,
            0.46588030457496643
          ],
          [
            -0.7595518827438354,
            0.5171059966087341,
            0.39456620812416077,
            -0.44850635528564453
          ],
          [
            0.45469918847084045,
            0.8558932542800903,
            -0.24639369547367096,
            1.628375768661499
          ],
          [
            0.0,
            0.0,
            0.0,
            1.0
          ]
        ]
      },
      "bone_length_armature_space": 0.030445034579452915,
      "parent": "thumb_02_l",
      "has_children": false,
      "is_end_bone": true
    },
    "metacarpal_index_l": {
      "name": "metacarpal_index_l",
      "local": {
        "location": {
          "x": 0.0,
          "y": 0.0,
          "z": 0.0
        },
        "rotation_quaternion": {
          "w": 0.9995895624160767,
          "x": -0.02790004387497902,
          "y": -0.0037871801760047674,
          "z": 0.005281758029013872
        },
        "scale": {
          "x": 1.0,
          "y": 1.0,
          "z": 1.0
        },
        "matrix_basis": [
          [
            0.9999155402183533,
            -0.010347855277359486,
            -0.007865973748266697,
            0.0
          ],
          [
            0.010770505294203758,
            0.9983873963356018,
            0.05573717877268791,
            0.0
          ],
          [
            0.0072765289805829525,
            -0.05581719055771828,
            0.9984145164489746,
            0.0
          ],
          [
            0.0,
            0.0,
            0.0,
            1.0
          ]
        ],
        "rotation_mode": "QUATERNION"
      },
      "armature_space": {
        "head": {
          "x": 0.4450676143169403,
          "y": -0.441547691822052,
          "z": 0.6508267521858215
        },
        "tail": {
          "x": 0.46564167737960815,
          "y": -0.5484361052513123,
          "z": 0.694195032119751
        }
      },
      "world_space": {
        "head": {
          "x": 0.4450676143169403,
          "y": -0.3783037066459656,
          "z": 1.6006808280944824
        },
        "tail": {
          "x": 0.46564167737960815,
          "y": -0.48519212007522583,
          "z": 1.644049048423767
        },
        "rotation_quaternion": {
          "w": 0.20308567583560944,
          "x": 0.9592296481132507,
          "y": 0.051357097923755646,
          "z": -0.18972907960414886
        },
        "matrix": [
          [
            0.9227308034896851,
            0.17558901011943817,
            -0.3431275188922882,
            0.4450676143169403
          ],
          [
            0.021464135497808456,
            -0.9122373461723328,
            -0.4090999662876129,
            -0.3783037066459656
          ],
          [
            -0.38484987616539,
            0.37012577056884766,
            -0.8455246090888977,
            1.6006808280944824
          ],
          [
            0.0,
            0.0,
            0.0,
            1.0
          ]
        ]
      },
      "bone_length_armature_space": 0.11717180815084027,
      "parent": "lowerarm_l",
      "has_children": true,
      "is_end_bone": false
    },
    "index_01_l": {
      "name": "index_01_l",
      "local": {
        "location": {
          "x": 0.0,
          "y": 0.0,
          "z": 0.0
        },
        "rotation_quaternion": {
          "w": 0.9442190527915955,
          "x": 0.3288543224334717,
          "y": 0.0037886216305196285,
          "z": -0.01705457828938961
        },
        "scale": {
          "x": 1.0,
          "y": 1.0,
          "z": 1.0
        },
        "matrix_basis": [
          [
            0.9993895888328552,
            0.034698326140642166,
            -0.004062366206198931,
            0.0
          ],
          [
            -0.029714705422520638,
            0.7831279635429382,
            -0.6211502552032471,
            0.0
          ],
          [
            -0.018371520563960075,
            0.620891809463501,
            0.7836809754371643,
            0.0
          ],
          [
            0.0,
            0.0,
            0.0,
            1.0
          ]
        ],
        "rotation_mode": "QUATERNION"
      },
      "armature_space": {
        "head": {
          "x": 0.46564167737960815,
          "y": -0.5484361052513123,
          "z": 0.694195032119751
        },
        "tail": {
          "x": 0.47346824407577515,
          "y": -0.574763298034668,
          "z": 0.6865338683128357
        }
      },
      "world_space": {
        "head": {
          "x": 0.46564167737960815,
          "y": -0.48519212007522583,
          "z": 1.644049048423767
        },
        "tail": {
          "x": 0.47346824407577515,
          "y": -0.5115193128585815,
          "z": 1.636387825012207
        },
        "rotation_quaternion": {
          "w": 0.0933593362569809,
          "x": -0.9430412650108337,
          "y": -0.1721511036157608,
          "z": 0.2689259350299835
        },
        "matrix": [
          [
            0.79608553647995,
            0.27447831630706787,
            -0.5393604040145874,
            0.46564167737960815
          ],
          [
            0.374904990196228,
            -0.9232963919639587,
            0.08349034190177917,
            -0.48519212007522583
          ],
          [
            -0.4750761389732361,
            -0.2686771750450134,
            -0.8379318118095398,
            1.644049048423767
          ],
          [
            0.0,
            0.0,
            0.0,
            1.0
          ]
        ]
      },
      "bone_length_armature_space": 0.02851437577818545,
      "parent": "metacarpal_index_l",
      "has_children": true,
      "is_end_bone": false
    },
    "index_02_l": {
      "name": "index_02_l",
      "local": {
        "location": {
          "x": 0.0,
          "y": 0.0,
          "z": 0.0
        },
        "rotation_quaternion": {
          "w": 0.8864926695823669,
          "x": 0.4626792371273041,
          "y": -0.0024298150092363358,
          "z": 0.00726101640611887
        },
        "scale": {
          "x": 1.0,
          "y": 1.0,
          "z": 1.0
        },
        "matrix_basis": [
          [
            0.9998827576637268,
            -0.01512212585657835,
            0.0024110167287290096,
            0.0
          ],
          [
            0.010625225491821766,
            0.5717504024505615,
            -0.8203588128089905,
            0.0
          ],
          [
            0.011027069762349129,
            0.8202882409095764,
            0.5718440413475037,
            0.0
          ],
          [
            0.0,
            0.0,
            0.0,
            1.0
          ]
        ],
        "rotation_mode": "QUATERNION"
      },
      "armature_space": {
        "head": {
          "x": 0.47346800565719604,
          "y": -0.5747637748718262,
          "z": 0.6865336298942566
        },
        "tail": {
          "x": 0.4656408727169037,
          "y": -0.5877894759178162,
          "z": 0.6658656597137451
        }
      },
      "world_space": {
        "head": {
          "x": 0.47346800565719604,
          "y": -0.5115197896957397,
          "z": 1.636387586593628
        },
        "tail": {
          "x": 0.4656408727169037,
          "y": -0.5245454907417297,
          "z": 1.6157196760177612
        },
        "rotation_quaternion": {
          "w": 0.4952673316001892,
          "x": -0.7927426695823669,
          "y": -0.028828216716647148,
          "z": 0.3541726768016815
        },
        "matrix": [
          [
            0.7474625110626221,
            -0.30511289834976196,
            -0.5900899171829224,
            0.47346800565719604
          ],
          [
            0.3965255916118622,
            -0.5077600479125977,
            0.7648187875747681,
            -0.5115197896957397
          ],
          [
            -0.5329834222793579,
            -0.805665135383606,
            -0.25854748487472534,
            1.636387586593628
          ],
          [
            0.0,
            0.0,
            0.0,
            1.0
          ]
        ]
      },
      "bone_length_armature_space": 0.025653418356696,
      "parent": "index_01_l",
      "has_children": true,
      "is_end_bone": false
    },
    "index_03_l": {
      "name": "index_03_l",
      "local": {
        "location": {
          "x": 0.0,
          "y": 0.0,
          "z": 0.0
        },
        "rotation_quaternion": {
          "w": 0.9247742891311646,
          "x": 0.38047659397125244,
          "y": 0.00027189054526388645,
          "z": -0.005484265275299549
        },
        "scale": {
          "x": 1.0,
          "y": 1.0,
          "z": 1.0
        },
        "matrix_basis": [
          [
            0.9999396800994873,
            0.010350311174988747,
            -0.0036703944206237793,
            0.0
          ],
          [
            -0.009936518967151642,
            0.7104149460792542,
            -0.7037129402160645,
            0.0
          ],
          [
            -0.004676144104450941,
            0.7037069797515869,
            0.710474967956543,
            0.0
          ],
          [
            0.0,
            0.0,
            0.0,
            1.0
          ]
        ],
        "rotation_mode": "QUATERNION"
      },
      "armature_space": {
        "head": {
          "x": 0.46564093232154846,
          "y": -0.5877895951271057,
          "z": 0.6658657789230347
        },
        "tail": {
          "x": 0.449504554271698,
          "y": -0.5788336992263794,
          "z": 0.6432130336761475
        }
      },
      "world_space": {
        "head": {
          "x": 0.46564093232154846,
          "y": -0.5245456099510193,
          "z": 1.6157197952270508
        },
        "tail": {
          "x": 0.449504554271698,
          "y": -0.515589714050293,
          "z": 1.5930670499801636
        },
        "rotation_quaternion": {
          "w": 0.8038328886032104,
          "x": -0.512630820274353,
          "y": 0.08431721478700638,
          "z": 0.2897462844848633
        },
        "matrix": [
          [
            0.8178747892379761,
            -0.5522628426551819,
            -0.16151390969753265,
            0.46564093232154846
          ],
          [
            0.3793703019618988,
            0.3065125644207001,
            0.872999906539917,
            -0.5245456099510193
          ],
          [
            -0.43262192606925964,
            -0.77528315782547,
            0.460205078125,
            1.6157197952270508
          ],
          [
            0.0,
            0.0,
            0.0,
            1.0
          ]
        ]
      },
      "bone_length_armature_space": 0.029218788814112502,
      "parent": "index_02_l",
      "has_children": false,
      "is_end_bone": true
    },
    "metacarpal_pinky_l": {
      "name": "metacarpal_pinky_l",
      "local": {
        "location": {
          "x": 0.0,
          "y": 0.0,
          "z": 0.0
        },
        "rotation_quaternion": {
          "w": 0.9977731704711914,
          "x": -0.0640900507569313,
          "y": -0.015896335244178772,
          "z": -0.0094163678586483
        },
        "scale": {
          "x": 1.0,
          "y": 1.0,
          "z": 1.0
        },
        "matrix_basis": [
          [
            0.9993172883987427,
            0.02082839235663414,
            -0.030514882877469063,
            0.0
          ],
          [
            -0.01675320416688919,
            0.9916076064109802,
            0.12819403409957886,
            0.0
          ],
          [
            0.032928865402936935,
            -0.12759529054164886,
            0.9912795424461365,
            0.0
          ],
          [
            0.0,
            0.0,
            0.0,
            1.0
          ]
        ],
        "rotation_mode": "QUATERNION"
      },
      "armature_space": {
        "head": {
          "x": 0.4450676143169403,
          "y": -0.441547691822052,
          "z": 0.6508267521858215
        },
        "tail": {
          "x": 0.5196107625961304,
          "y": -0.5079078078269958,
          "z": 0.6805400252342224
        }
      },
      "world_space": {
        "head": {
          "x": 0.4450676143169403,
          "y": -0.3783037066459656,
          "z": 1.6006808280944824
        },
        "tail": {
          "x": 0.5196107625961304,
          "y": -0.4446638226509094,
          "z": 1.6303939819335938
        },
        "rotation_quaternion": {
          "w": 0.4153019189834595,
          "x": 0.14066916704177856,
          "y": -0.09426441788673401,
          "z": -0.8937845230102539
        },
        "matrix": [
          [
            -0.6154729127883911,
            0.715860903263092,
            -0.3297521770000458,
            0.4450676143169403
          ],
          [
            -0.7689014077186584,
            -0.6372770071029663,
            0.05166316777467728,
            -0.3783037066459656
          ],
          [
            -0.17316170036792755,
            0.28534555435180664,
            0.9426596760749817,
            1.6006808280944824
          ],
          [
            0.0,
            0.0,
            0.0,
            1.0
          ]
        ]
      },
      "bone_length_armature_space": 0.10413080491591611,
      "parent": "lowerarm_l",
      "has_children": true,
      "is_end_bone": false
    },
    "pinky_01_l": {
      "name": "pinky_01_l",
      "local": {
        "location": {
          "x": 0.0,
          "y": 0.0,
          "z": 0.0
        },
        "rotation_quaternion": {
          "w": 0.9454985857009888,
          "x": 0.3254140019416809,
          "y": -0.011654658243060112,
          "z": -0.0015411637723445892
        },
        "scale": {
          "x": 1.0,
          "y": 1.0,
          "z": 1.0
        },
        "matrix_basis": [
          [
            0.9997236132621765,
            -0.004670841619372368,
            -0.02304195798933506,
            0.0
          ],
          [
            -0.010499514639377594,
            0.7882066965103149,
            -0.6153210401535034,
            0.0
          ],
          [
            0.021035892888903618,
            0.6153928637504578,
            0.7879397869110107,
            0.0
          ],
          [
            0.0,
            0.0,
            0.0,
            1.0
          ]
        ],
        "rotation_mode": "QUATERNION"
      },
      "armature_space": {
        "head": {
          "x": 0.5196107625961304,
          "y": -0.5079078078269958,
          "z": 0.6805400252342224
        },
        "tail": {
