{
  "metadata": {
    "armature_name": "KIM_caucasian_male",
    "export_time": "2026-01-13T21:08:00.733318",
    "blender_version": "4.4.1",
    "bone_count": 56,
    "end_bone_count": 13,
    "spaces_included": [
      "LOCAL_CHANNELS",
      "ARMATURE_SPACE",
      "WORLD_SPACE"
    ],
    "note": "LOCAL matches Transform panel; replay pose via local.matrix_basis for best fidelity."
  },
  "bones": {
    "Root": {
      "name": "Root",
      "local": {
        "location": {
          "x": 0.0,
          "y": 0.0,
          "z": 0.0
        },
        "rotation_quaternion": {
          "w": 0.9996507167816162,
          "x": 0.0023165210150182247,
          "y": 0.006759606767445803,
          "z": -0.025446344166994095
        },
        "scale": {
          "x": 1.0,
          "y": 1.0,
          "z": 1.0
        },
        "matrix_basis": [
          [
            0.9986135959625244,
            0.0509062297642231,
            0.01339659746736288,
            0.0
          ],
          [
            -0.05084359645843506,
            0.9986942410469055,
            -0.004975438117980957,
            0.0
          ],
          [
            -0.013632385060191154,
            0.004287409130483866,
            0.9998978972434998,
            0.0
          ],
          [
            0.0,
            0.0,
            0.0,
            1.0
          ]
        ],
        "rotation_mode": "QUATERNION"
      },
      "armature_space": {
        "head": {
          "x": 0.0,
          "y": 0.07072800397872925,
          "z": -0.009595036506652832
        },
        "tail": {
          "x": 0.0036334763281047344,
          "y": 5.1215291023254395e-05,
          "z": -0.0003157714381814003
        }
      },
      "world_space": {
        "head": {
          "x": 0.0,
          "y": 0.13397200405597687,
          "z": 0.9402589797973633
        },
        "tail": {
          "x": 0.0036334763281047344,
          "y": 0.06329521536827087,
          "z": 0.9495382308959961
        },
        "rotation_quaternion": {
          "w": 0.06503287702798843,
          "x": 0.9975358247756958,
          "y": 0.025843922048807144,
          "z": 0.005029984749853611
        },
        "matrix": [
          [
            0.9986135959625244,
            0.0509062297642231,
            0.01339659746736288,
            0.0
          ],
          [
            0.052214693278074265,
            -0.9902056455612183,
            -0.12948569655418396,
            0.13397200405597687
          ],
          [
            0.006673852447420359,
            0.1300056278705597,
            -0.9914978742599487,
            0.9402589797973633
          ],
          [
            0.0,
            0.0,
            0.0,
            1.0
          ]
        ]
      },
      "bone_length_armature_space": 0.07137587227736862,
      "parent": null,
      "has_children": true,
      "is_end_bone": false
    },
    "spine_01": {
      "name": "spine_01",
      "local": {
        "location": {
          "x": 0.0,
          "y": 0.0,
          "z": 0.0
        },
        "rotation_quaternion": {
          "w": 0.9954124689102173,
          "x": 0.08143113553524017,
          "y": -0.0448094867169857,
          "z": -0.022696424275636673
        },
        "scale": {
          "x": 1.0,
          "y": 1.0,
          "z": 1.0
        },
        "matrix_basis": [
          [
            0.994953989982605,
            0.037886831909418106,
            -0.092904232442379,
            0.0
          ],
          [
            -0.05248238146305084,
            0.985707700252533,
            -0.16008110344409943,
            0.0
          ],
          [
            0.0855114534497261,
            0.16414916515350342,
            0.9827221632003784,
            0.0
          ],
          [
            0.0,
            0.0,
            0.0,
            1.0
          ]
        ],
        "rotation_mode": "QUATERNION"
      },
      "armature_space": {
        "head": {
          "x": 0.0036334763281047344,
          "y": 5.1215291023254395e-05,
          "z": -0.0003157714381814003
        },
        "tail": {
          "x": 0.02198808081448078,
          "y": -0.05876510590314865,
          "z": 0.4837835729122162
        }
      },
      "world_space": {
        "head": {
          "x": 0.0036334763281047344,
          "y": 0.06329521536827087,
          "z": 0.9495382308959961
        },
        "tail": {
          "x": 0.02198808081448078,
          "y": 0.0044788941740989685,
          "z": 1.4336376190185547
        },
        "rotation_quaternion": {
          "w": 0.6631265878677368,
          "x": 0.7479984164237976,
          "y": 0.0006835872191004455,
          "z": -0.027588358148932457
        },
        "matrix": [
          [
            0.9984768629074097,
            0.03761179745197296,
            -0.04036520794034004,
            0.0036334763281047344
          ],
          [
            -0.03556625172495842,
            -0.12052494287490845,
            -0.9920730590820312,
            0.06329521536827087
          ],
          [
            -0.04217899590730667,
            0.99200439453125,
            -0.11900539696216583,
            0.9495382308959961
          ],
          [
            0.0,
            0.0,
            0.0,
            1.0
          ]
        ]
      },
      "bone_length_armature_space": 0.4880045466499159,
      "parent": "Root",
      "has_children": true,
      "is_end_bone": false
    },
    "neck_01": {
      "name": "neck_01",
      "local": {
        "location": {
          "x": 0.0,
          "y": 0.0,
          "z": 0.0
        },
        "rotation_quaternion": {
          "w": 0.9987623691558838,
          "x": -0.0198365431278944,
          "y": 0.043979864567518234,
          "z": -0.012082182802259922
        },
        "scale": {
          "x": 1.0,
          "y": 1.0,
          "z": 1.0
        },
        "matrix_basis": [
          [
            0.9958395957946777,
            0.022389642894268036,
            0.08833020180463791,
            0.0
          ],
          [
            -0.025879276916384697,
            0.9989210367202759,
            0.03856123983860016,
            0.0
          ],
          [
            -0.08737152814865112,
            -0.04068673029541969,
            0.9953445792198181,
            0.0
          ],
          [
            0.0,
            0.0,
            0.0,
            1.0
          ]
        ],
        "rotation_mode": "QUATERNION"
      },
      "armature_space": {
        "head": {
          "x": 0.02334207482635975,
          "y": -0.10199528187513351,
          "z": 0.5522894859313965
        },
        "tail": {
          "x": 0.027849018573760986,
          "y": -0.14845889806747437,
          "z": 0.6435668468475342
        }
      },
      "world_space": {
        "head": {
          "x": 0.02334207482635975,
          "y": -0.038751281797885895,
          "z": 1.5021435022354126
        },
        "tail": {
          "x": 0.027849018573760986,
          "y": -0.08521489799022675,
          "z": 1.5934208631515503
        },
        "rotation_quaternion": {
          "w": 0.52211594581604,
          "x": 0.8524028658866882,
          "y": 0.02810937911272049,
          "z": 0.0037922945339232683
        },
        "matrix": [
          [
            0.9983910322189331,
            0.04396103322505951,
            0.03581800311803818,
            0.02334207482635975
          ],
          [
            0.051881227642297745,
            -0.4532092809677124,
            -0.8898932933807373,
            -0.038751281797885895
          ],
          [
            -0.022887684404850006,
            0.8903252482414246,
            -0.45476484298706055,
            1.5021435022354126
          ],
          [
            0.0,
            0.0,
            0.0,
            1.0
          ]
        ]
      },
      "bone_length_armature_space": 0.102521885503926,
      "parent": "spine_01",
      "has_children": true,
      "is_end_bone": false
    },
    "head": {
      "name": "head",
      "local": {
        "location": {
          "x": 0.0,
          "y": 0.0,
          "z": 0.0
        },
        "rotation_quaternion": {
          "w": 0.9681971073150635,
          "x": -0.016063334420323372,
          "y": -0.17542359232902527,
          "z": -0.17766010761260986
        },
        "scale": {
          "x": 1.0,
          "y": 1.0,
          "z": 1.0
        },
        "matrix_basis": [
          [
            0.8753268718719482,
            0.34965577721595764,
            -0.33398160338401794,
            0.0
          ],
          [
            -0.3383842408657074,
            0.9363577365875244,
            0.09343649446964264,
            0.0
          ],
          [
            0.34539684653282166,
            0.03122660145163536,
            0.9379370808601379,
            0.0
          ],
          [
            0.0,
            0.0,
            0.0,
            1.0
          ]
        ],
        "rotation_mode": "QUATERNION"
      },
      "armature_space": {
        "head": {
          "x": 0.027849022299051285,
          "y": -0.14845901727676392,
          "z": 0.6435667276382446
        },
        "tail": {
          "x": 0.08620339632034302,
          "y": -0.16527582705020905,
          "z": 0.7862734794616699
        }
      },
      "world_space": {
        "head": {
          "x": 0.027849022299051285,
          "y": -0.0852150171995163,
          "z": 1.5934207439422607
        },
        "tail": {
          "x": 0.08620339632034302,
          "y": -0.10203182697296143,
          "z": 1.736127495765686
        },
        "rotation_quaternion": {
          "w": 0.6665292978286743,
          "x": 0.7043604254722595,
          "y": 0.039014559239149094,
          "z": -0.2410249412059784
        },
        "matrix": [
          [
            0.8807690739631653,
            0.3762608468532562,
            -0.28753045201301575,
            0.027849022299051285
          ],
          [
            -0.2663425803184509,
            -0.10843243449926376,
            -0.9577601552009583,
            -0.0852150171995163
          ],
          [
            -0.3915482759475708,
            0.9201533198356628,
            0.004709385335445404,
            1.5934207439422607
          ],
          [
            0.0,
            0.0,
            0.0,
            1.0
          ]
        ]
      },
      "bone_length_armature_space": 0.1550911206589802,
      "parent": "neck_01",
      "has_children": false,
      "is_end_bone": true
    },
    "upperarm_l": {
      "name": "upperarm_l",
      "local": {
        "location": {
          "x": 0.0,
          "y": 0.0,
          "z": 0.0
        },
        "rotation_quaternion": {
          "w": 0.9770375490188599,
          "x": 0.12156341969966888,
          "y": -0.07367806881666183,
          "z": -0.1587187647819519
        },
        "scale": {
          "x": 1.0,
          "y": 1.0,
          "z": 1.0
        },
        "matrix_basis": [
          [
            0.9387598037719727,
            0.29223525524139404,
            -0.18256127834320068,
            0.0
          ],
          [
            -0.3280614912509918,
            0.9200613498687744,
            -0.2141558676958084,
            0.0
          ],
          [
            0.10538368672132492,
            0.26093223690986633,
            0.9595877528190613,
            0.0
          ],
          [
            0.0,
            0.0,
            0.0,
            1.0
          ]
        ],
        "rotation_mode": "QUATERNION"
      },
      "armature_space": {
        "head": {
          "x": 0.17045708000659943,
          "y": -0.10239386558532715,
          "z": 0.47891271114349365
        },
        "tail": {
          "x": 0.4117218852043152,
          "y": -0.15875284373760223,
          "z": 0.3768208920955658
        }
      },
      "world_space": {
        "head": {
          "x": 0.17045708000659943,
          "y": -0.03914986550807953,
          "z": 1.4287667274475098
        },
        "tail": {
          "x": 0.4117218852043152,
          "y": -0.09550884366035461,
          "z": 1.3266749382019043
        },
        "rotation_quaternion": {
          "w": 0.33905813097953796,
          "x": 0.4395968019962311,
          "y": 0.5290380716323853,
          "z": -0.6418045163154602
        },
        "matrix": [
          [
            -0.3835890591144562,
            0.9003444910049438,
            -0.20552198588848114,
            0.17045708000659943
          ],
          [
            0.029906325042247772,
            -0.2103186994791031,
            -0.9771754741668701,
            -0.03914986550807953
          ],
          [
            -0.9230260252952576,
            -0.3809830844402313,
            0.0537494421005249,
            1.4287667274475098
          ],
          [
            0.0,
            0.0,
            0.0,
            1.0
          ]
        ]
      },
      "bone_length_armature_space": 0.2679697394005218,
      "parent": "spine_01",
      "has_children": true,
      "is_end_bone": false
    },
    "lowerarm_l": {
      "name": "lowerarm_l",
      "local": {
        "location": {
          "x": 0.0,
          "y": 0.0,
          "z": 0.0
        },
        "rotation_quaternion": {
          "w": 0.9224345684051514,
          "x": 0.17780455946922302,
          "y": 0.17042723298072815,
          "z": -0.29741334915161133
        },
        "scale": {
          "x": 1.0,
          "y": 1.0,
          "z": 1.0
        },
        "matrix_basis": [
          [
            0.7649996876716614,
            0.6092941761016846,
            0.2086530476808548,
            0.0
          ],
          [
            -0.48808324337005615,
            0.7598616480827332,
            -0.42940080165863037,
            0.0
          ],
          [
            -0.4201788306236267,
            0.22665147483348846,
            0.8786801695823669,
            0.0
          ],
          [
            0.0,
            0.0,
            0.0,
            1.0
          ]
        ],
        "rotation_mode": "QUATERNION"
      },
      "armature_space": {
        "head": {
          "x": 0.41172200441360474,
          "y": -0.1587529182434082,
          "z": 0.37682098150253296
        },
        "tail": {
          "x": 0.5192320346832275,
          "y": -0.3013452887535095,
          "z": 0.17762520909309387
        }
      },
      "world_space": {
        "head": {
          "x": 0.41172200441360474,
          "y": -0.09550891816616058,
          "z": 1.3266749382019043
        },
        "tail": {
          "x": 0.5192320346832275,
          "y": -0.2381012886762619,
          "z": 1.1274791955947876
        },
        "rotation_quaternion": {
          "w": 0.01875493675470352,
          "x": -0.44541987776756287,
          "y": -0.4828515946865082,
          "z": 0.7537264823913574
        },
        "matrix": [
          [
            -0.6025001406669617,
            0.40186989307403564,
            -0.6895608305931091,
            0.41172200441360474
          ],
          [
            0.4584139287471771,
            -0.5330068469047546,
            -0.7111684679985046,
            -0.09550891816616058
          ],
          [
            -0.6533419489860535,
            -0.7445889711380005,
            0.1369141936302185,
            1.3266749382019043
          ],
          [
            0.0,
            0.0,
            0.0,
            1.0
          ]
        ]
      },
      "bone_length_armature_space": 0.26752560336756825,
      "parent": "upperarm_l",
      "has_children": true,
      "is_end_bone": false
    },
    "metacarpal_thumb_l": {
      "name": "metacarpal_thumb_l",
      "local": {
        "location": {
          "x": 0.0,
          "y": 0.0,
          "z": 0.0
        },
        "rotation_quaternion": {
          "w": 0.9997770190238953,
          "x": 0.013724802993237972,
          "y": -0.011887507513165474,
          "z": -0.010788912884891033
        },
        "scale": {
          "x": 1.0,
          "y": 1.0,
          "z": 1.0
        },
        "matrix_basis": [
          [
            0.9994845986366272,
            0.021246707066893578,
            -0.024065865203738213,
            0.0
          ],
          [
            -0.021899322047829628,
            0.9993904829025269,
            -0.027186978608369827,
            0.0
          ],
          [
            0.02347356267273426,
            0.027699992060661316,
            0.9993406534194946,
            0.0
          ],
          [
            0.0,
            0.0,
            0.0,
            1.0
          ]
        ],
        "rotation_mode": "QUATERNION"
      },
      "armature_space": {
        "head": {
          "x": 0.5192320346832275,
          "y": -0.3013452887535095,
          "z": 0.17762520909309387
        },
        "tail": {
          "x": 0.5093210935592651,
          "y": -0.3375835716724396,
          "z": 0.14534269273281097
        }
      },
      "world_space": {
        "head": {
          "x": 0.5192320346832275,
          "y": -0.2381012886762619,
          "z": 1.1274791955947876
        },
        "tail": {
          "x": 0.5093210935592651,
          "y": -0.27433955669403076,
          "z": 1.0951967239379883
        },
        "rotation_quaternion": {
          "w": 0.3645714223384857,
          "x": -0.858394205570221,
          "y": -0.03596840053796768,
          "z": 0.3591008484363556
        },
        "matrix": [
          [
            0.7395064830780029,
            -0.20008479058742523,
            -0.6427257061004639,
            0.5192320346832275
          ],
          [
            0.3235852122306824,
            -0.7315888404846191,
            0.6000586152076721,
            -0.2381012886762619
          ],
          [
            -0.590277373790741,
            -0.6517287492752075,
            -0.4762730598449707,
            1.1274791955947876
          ],
          [
            0.0,
            0.0,
            0.0,
            1.0
          ]
        ]
      },
      "bone_length_armature_space": 0.04953383488704582,
      "parent": "lowerarm_l",
      "has_children": true,
      "is_end_bone": false
    },
    "thumb_01_l": {
      "name": "thumb_01_l",
      "local": {
        "location": {
          "x": 0.0,
          "y": 0.0,
          "z": 0.0
        },
        "rotation_quaternion": {
          "w": 0.9995642900466919,
          "x": -0.02560681477189064,
          "y": -0.014431473799049854,
          "z": 0.0027336974162608385
        },
        "scale": {
          "x": 1.0,
          "y": 1.0,
          "z": 1.0
        },
        "matrix_basis": [
          [
            0.999568521976471,
            -0.004725924693048,
            -0.028990374878048897,
            0.0
          ],
          [
            0.006204100791364908,
            0.9986736178398132,
            0.05111241340637207,
            0.0
          ],
          [
            0.028710369020700455,
            -0.05127021670341492,
            0.9982720613479614,
            0.0
          ],
          [
            0.0,
            0.0,
            0.0,
            1.0
          ]
        ],
        "rotation_mode": "QUATERNION"
      },
      "armature_space": {
        "head": {
          "x": 0.5093210935592651,
          "y": -0.3375835716724396,
          "z": 0.14534269273281097
        },
        "tail": {
          "x": 0.48439326882362366,
          "y": -0.3406038284301758,
          "z": 0.12236197292804718
        }
      },
      "world_space": {
        "head": {
          "x": 0.5093210935592651,
          "y": -0.27433955669403076,
          "z": 1.0951967239379883
        },
        "tail": {
          "x": 0.48439326882362366,
          "y": -0.27735984325408936,
          "z": 1.0722160339355469
        },
        "rotation_quaternion": {
          "w": 0.34948480129241943,
          "x": -0.7230228185653687,
          "y": 0.5774900317192078,
          "z": -0.14698204398155212
        },
        "matrix": [
          [
            0.2898003160953522,
            -0.7323406338691711,
            0.6161924600601196,
            0.5093210935592651
          ],
          [
            -0.9378140568733215,
            -0.08873014152050018,
            0.33560648560523987,
            -0.27433955669403076
          ],
          [
            -0.19110536575317383,
            -0.6751375198364258,
            -0.7125180959701538,
            1.0951967239379883
          ],
          [
            0.0,
            0.0,
            0.0,
            1.0
          ]
        ]
      },
      "bone_length_armature_space": 0.03403868278952533,
      "parent": "metacarpal_thumb_l",
      "has_children": true,
      "is_end_bone": false
    },
    "thumb_02_l": {
      "name": "thumb_02_l",
      "local": {
        "location": {
          "x": 0.0,
          "y": 0.0,
          "z": 0.0
        },
        "rotation_quaternion": {
          "w": 0.9975335597991943,
          "x": 0.06977153569459915,
          "y": -0.005875138565897942,
          "z": -0.004923985339701176
        },
        "scale": {
          "x": 1.0,
          "y": 1.0,
          "z": 1.0
        },
        "matrix_basis": [
          [
            0.9998824596405029,
            0.009003845974802971,
            -0.012408403679728508,
            0.0
          ],
          [
            -0.01064351573586464,
            0.9902153611183167,
            -0.1391410380601883,
            0.0
          ],
          [
            0.011034187860786915,
            0.13925676047801971,
            0.9901948571205139,
            0.0
          ],
          [
            0.0,
            0.0,
            0.0,
            1.0
          ]
        ],
        "rotation_mode": "QUATERNION"
      },
      "armature_space": {
        "head": {
          "x": 0.48439326882362366,
          "y": -0.3406038284301758,
          "z": 0.12236201763153076
        },
        "tail": {
          "x": 0.4975510537624359,
          "y": -0.35835567116737366,
          "z": 0.0888218805193901
        }
      },
      "world_space": {
        "head": {
          "x": 0.48439326882362366,
          "y": -0.27735984325408936,
          "z": 1.0722160339355469
        },
        "tail": {
          "x": 0.4975510537624359,
          "y": -0.29511165618896484,
          "z": 1.0386759042739868
        },
        "rotation_quaternion": {
          "w": 0.4419591426849365,
          "x": -0.49155670404434204,
          "y": 0.28927847743034363,
          "z": -0.6923598051071167
        },
        "matrix": [
          [
            -0.12608766555786133,
            0.3275981545448303,
            0.9363661408424377,
            0.48439326882362366
          ],
          [
            -0.8963833451271057,
            -0.44197940826416016,
            0.03392776846885681,
            -0.27735984325408936
          ],
          [
            0.4249715507030487,
            -0.8350712060928345,
            0.34938403964042664,
            1.0722160339355469
          ],
          [
            0.0,
            0.0,
            0.0,
            1.0
          ]
        ]
      },
      "bone_length_armature_space": 0.04016461183384336,
      "parent": "thumb_01_l",
      "has_children": true,
      "is_end_bone": false
    },
    "thumb_03_l": {
      "name": "thumb_03_l",
      "local": {
        "location": {
          "x": 0.0,
          "y": 0.0,
          "z": 0.0
        },
        "rotation_quaternion": {
          "w": 0.9973747134208679,
          "x": 0.07209452241659164,
          "y": -0.003968428820371628,
          "z": -0.005519672762602568
        },
        "scale": {
          "x": 1.0,
          "y": 1.0,
          "z": 1.0
        },
        "matrix_basis": [
          [
            0.9999075531959534,
            0.010438160039484501,
            -0.008711897768080235,
            0.0
          ],
          [
            -0.011582568287849426,
            0.9895438551902771,
            -0.14376670122146606,
            0.0
          ],
          [
            0.0071201445534825325,
            0.1438543200492859,
            0.9895732402801514,
            0.0
          ],
          [
            0.0,
            0.0,
            0.0,
            1.0
          ]
        ],
        "rotation_mode": "QUATERNION"
      },
      "armature_space": {
        "head": {
          "x": 0.49755096435546875,
          "y": -0.35835570096969604,
          "z": 0.08882191777229309
        },
        "tail": {
          "x": 0.5182672142982483,
          "y": -0.3676738440990448,
          "z": 0.06855107843875885
        }
      },
      "world_space": {
        "head": {
          "x": 0.49755096435546875,
          "y": -0.2951117157936096,
          "z": 1.0386759042739868
        },
        "tail": {
          "x": 0.5182672142982483,
          "y": -0.304429829120636,
          "z": 1.0184050798416138
        },
        "rotation_quaternion": {
          "w": 0.5215929746627808,
          "x": -0.2320837825536728,
          "y": 0.27369269728660583,
          "z": -0.7740609049797058
        },
        "matrix": [
          [
            -0.3481537401676178,
            0.6804506778717041,
            0.6448070406913757,
            0.49755096435546875
          ],
          [
            -0.9345293641090393,
            -0.30606549978256226,
            -0.1816006302833557,
            -0.2951117157936096
          ],
          [
            0.0737827867269516,
            -0.6658208966255188,
            0.742464005947113,
            1.0386759042739868
          ],
          [
            0.0,
            0.0,
            0.0,
            1.0
          ]
        ]
      },
      "bone_length_armature_space": 0.0304449955152586,
      "parent": "thumb_02_l",
      "has_children": false,
      "is_end_bone": true
    },
    "metacarpal_index_l": {
      "name": "metacarpal_index_l",
      "local": {
        "location": {
          "x": 0.0,
          "y": 0.0,
          "z": 0.0
        },
        "rotation_quaternion": {
          "w": 0.9988110065460205,
          "x": -0.048483557999134064,
          "y": 0.004063559230417013,
          "z": -0.0030631013214588165
        },
        "scale": {
          "x": 1.0,
          "y": 1.0,
          "z": 1.0
        },
        "matrix_basis": [
          [
            0.9999482035636902,
            0.0057248868979513645,
            0.008414475247263908,
            0.0
          ],
          [
            -0.006512950174510479,
            0.9952799081802368,
            0.09682692587375641,
            0.0
          ],
          [
            -0.007820434868335724,
            -0.09687671810388565,
            0.9952656626701355,
            0.0
          ],
          [
            0.0,
            0.0,
            0.0,
            1.0
          ]
        ],
        "rotation_mode": "QUATERNION"
      },
      "armature_space": {
        "head": {
          "x": 0.5192320346832275,
          "y": -0.3013452887535095,
          "z": 0.17762520909309387
        },
        "tail": {
          "x": 0.5466915965080261,
          "y": -0.38372936844825745,
          "z": 0.09896042197942734
        }
      },
      "world_space": {
        "head": {
          "x": 0.5192320346832275,
          "y": -0.2381012886762619,
          "z": 1.1274791955947876
        },
        "tail": {
          "x": 0.5466915965080261,
          "y": -0.32048535346984863,
          "z": 1.0488144159317017
        },
        "rotation_quaternion": {
          "w": 0.23139390349388123,
          "x": -0.766412079334259,
          "y": -0.30806511640548706,
          "z": 0.513970136642456
        },
        "matrix": [
          [
            0.28186121582984924,
            0.23435309529304504,
            -0.9303938746452332,
            0.5192320346832275
          ],
          [
            0.7100690603256226,
            -0.7031054496765137,
            0.038011785596609116,
            -0.2381012886762619
          ],
          [
            -0.6452606320381165,
            -0.6713631749153137,
            -0.3645876348018646,
            1.1274791955947876
          ],
          [
            0.0,
            0.0,
            0.0,
            1.0
          ]
        ]
      },
      "bone_length_armature_space": 0.11717215030198186,
      "parent": "lowerarm_l",
      "has_children": true,
      "is_end_bone": false
    },
    "index_01_l": {
      "name": "index_01_l",
      "local": {
        "location": {
          "x": 0.0,
          "y": 0.0,
          "z": 0.0
        },
        "rotation_quaternion": {
          "w": 0.9922473430633545,
          "x": -0.12334320694208145,
          "y": -0.009024905040860176,
          "z": 0.01226439792662859
        },
        "scale": {
          "x": 1.0,
          "y": 1.0,
          "z": 1.0
        },
        "matrix_basis": [
          [
            0.9995362758636475,
            -0.02211231179535389,
            -0.020935336127877235,
            0.0
          ],
          [
            0.026564953848719597,
            0.9692720770835876,
            0.24455256760120392,
            0.0
          ],
          [
            0.01488441601395607,
            -0.24499531090259552,
            0.9694100022315979,
            0.0
          ],
          [
            0.0,
            0.0,
            0.0,
            1.0
          ]
        ],
        "rotation_mode": "QUATERNION"
      },
      "armature_space": {
        "head": {
          "x": 0.5466915965080261,
          "y": -0.38372936844825745,
          "z": 0.09896042197942734
        },
        "tail": {
          "x": 0.5648261308670044,
          "y": -0.3957010507583618,
          "z": 0.08049717545509338
        }
      },
      "world_space": {
        "head": {
          "x": 0.5466915965080261,
          "y": -0.32048535346984863,
          "z": 1.0488144159317017
        },
        "tail": {
          "x": 0.5648261308670044,
          "y": -0.3324570655822754,
          "z": 1.030351161956787
        },
        "rotation_quaternion": {
          "w": 0.17279431223869324,
          "x": -0.7520568370819092,
          "y": -0.5101154446601868,
          "z": 0.37991446256637573
        },
        "matrix": [
          [
            0.1908925473690033,
            0.6359789967536926,
            -0.7477236390113831,
            0.5466915965080261
          ],
          [
            0.8985658288002014,
            -0.4198477864265442,
            -0.1277008205652237,
            -0.32048535346984863
          ],
          [
            -0.39514705538749695,
            -0.6475066542625427,
            -0.6516194939613342,
            1.0488144159317017
          ],
          [
            0.0,
            0.0,
            0.0,
            1.0
          ]
        ]
      },
      "bone_length_armature_space": 0.028514452009537963,
      "parent": "metacarpal_index_l",
      "has_children": true,
      "is_end_bone": false
    },
    "index_02_l": {
      "name": "index_02_l",
      "local": {
        "location": {
          "x": 0.0,
          "y": 0.0,
          "z": 0.0
        },
        "rotation_quaternion": {
          "w": 0.9983348846435547,
          "x": 0.056913185864686966,
          "y": 0.006373193114995956,
          "z": 0.006921018939465284
        },
        "scale": {
          "x": 1.0,
          "y": 1.0,
          "z": 1.0
        },
        "matrix_basis": [
          [
            0.9998229742050171,
            -0.013093551620841026,
            0.013512956909835339,
            0.0
          ],
          [
            0.014544426463544369,
            0.9934259653091431,
            -0.11354862153530121,
            0.0
          ],
          [
            -0.011937367729842663,
            0.11372505873441696,
            0.993440568447113,
            0.0
          ],
          [
            0.0,
            0.0,
            0.0,
            1.0
          ]
        ],
        "rotation_mode": "QUATERNION"
      },
      "armature_space": {
        "head": {
          "x": 0.5648260712623596,
          "y": -0.39570146799087524,
          "z": 0.08049681782722473
        },
        "tail": {
          "x": 0.5796411037445068,
          "y": -0.40645352005958557,
          "z": 0.06252454221248627
        }
      },
      "world_space": {
        "head": {
          "x": 0.5648260712623596,
          "y": -0.3324574828147888,
          "z": 1.0303508043289185
        },
        "tail": {
          "x": 0.5796411037445068,
          "y": -0.34320950508117676,
          "z": 1.0123785734176636
        },
        "rotation_quaternion": {
          "w": 0.1905120313167572,
          "x": -0.7309813499450684,
          "y": -0.5041226148605347,
          "z": 0.4186069965362549
        },
        "matrix": [
          [
            0.14125506579875946,
            0.5775107741355896,
            -0.8040697574615479,
            0.5648260712623596
          ],
          [
            0.8965080380439758,
            -0.4191299378871918,
            -0.1435396671295166,
            -0.3324574828147888
          ],
          [
            -0.41990748047828674,
            -0.7005844116210938,
            -0.5769515633583069,
            1.0303508043289185
          ],
          [
            0.0,
            0.0,
            0.0,
            1.0
          ]
        ]
      },
      "bone_length_armature_space": 0.02565335255554982,
      "parent": "index_01_l",
      "has_children": true,
      "is_end_bone": false
    },
    "index_03_l": {
      "name": "index_03_l",
      "local": {
        "location": {
          "x": 0.0,
          "y": 0.0,
          "z": 0.0
        },
        "rotation_quaternion": {
          "w": 0.9992525577545166,
          "x": 0.03858492150902748,
          "y": 0.0019958759658038616,
          "z": 0.0012732414761558175
        },
        "scale": {
          "x": 1.0,
          "y": 1.0,
          "z": 1.0
        },
        "matrix_basis": [
          [
            0.9999887943267822,
            -0.0023905581329017878,
            0.0040870243683457375,
            0.0
          ],
          [
            0.0026986009906977415,
            0.9970191717147827,
            -0.07710707932710648,
            0.0
          ],
          [
            -0.0038905125111341476,
            0.07711724191904068,
            0.9970144629478455,
            0.0
          ],
          [
            0.0,
            0.0,
            0.0,
            1.0
          ]
        ],
        "rotation_mode": "QUATERNION"
      },
      "armature_space": {
        "head": {
          "x": 0.5796412229537964,
          "y": -0.40645352005958557,
          "z": 0.06252463907003403
        },
        "tail": {
          "x": 0.5927292108535767,
          "y": -0.4167260527610779,
          "z": 0.03850548341870308
        }
      },
      "world_space": {
        "head": {
          "x": 0.5796412229537964,
          "y": -0.34320950508117676,
          "z": 1.0123786926269531
        },
        "tail": {
          "x": 0.5927292108535767,
          "y": -0.35348206758499146,
          "z": 0.9883595108985901
        },
        "rotation_quaternion": {
          "w": 0.2875688076019287,
          "x": -0.7040539979934692,
          "y": -0.4914434254169464,
          "z": 0.42437678575515747
        },
        "matrix": [
          [
            0.15677373111248016,
            0.4479316174983978,
            -0.8802153468132019,
            0.5796412229537964
          ],
          [
            0.9360807538032532,
            -0.3515743017196655,
            -0.012188579887151718,
            -0.34320950508117676
          ],
          [
            -0.314922034740448,
            -0.8220478296279907,
            -0.47442132234573364,
            1.0123786926269531
          ],
          [
            0.0,
            0.0,
            0.0,
            1.0
          ]
        ]
      },
      "bone_length_armature_space": 0.029218832516458088,
      "parent": "index_02_l",
      "has_children": false,
      "is_end_bone": true
    },
    "metacarpal_pinky_l": {
      "name": "metacarpal_pinky_l",
      "local": {
        "location": {
          "x": 0.0,
          "y": 0.0,
          "z": 0.0
        },
        "rotation_quaternion": {
          "w": 0.9969803690910339,
          "x": -0.07756508886814117,
          "y": -0.002627873793244362,
          "z": 0.002648112364113331
        },
        "scale": {
          "x": 1.0,
          "y": 1.0,
          "z": 1.0
        },
        "matrix_basis": [
          [
            0.9999721646308899,
            -0.004872569348663092,
            -0.005650679115206003,
            0.0
          ],
          [
            0.005687894765287638,
            0.9879533052444458,
            0.1546478271484375,
            0.0
          ],
          [
            0.004829075187444687,
            -0.1546756625175476,
            0.9879534840583801,
            0.0
          ],
          [
            0.0,
            0.0,
            0.0,
            1.0
          ]
        ],
        "rotation_mode": "QUATERNION"
      },
      "armature_space": {
        "head": {
          "x": 0.5192320346832275,
          "y": -0.3013452887535095,
          "z": 0.17762520909309387
        },
        "tail": {
          "x": 0.5730944275856018,
          "y": -0.3200054466724396,
          "z": 0.09048182517290115
        }
      },
      "world_space": {
        "head": {
          "x": 0.5192320346832275,
          "y": -0.2381012886762619,
          "z": 1.1274791955947876
        },
        "tail": {
          "x": 0.5730944275856018,
          "y": -0.25676143169403076,
          "z": 1.0403358936309814
        },
        "rotation_quaternion": {
          "w": 0.3955468535423279,
          "x": -0.0857175886631012,
          "y": 0.5039273500442505,
          "z": -0.7630547881126404
        },
        "matrix": [
          [
            -0.6723886728286743,
            0.517257034778595,
            0.5294701457023621,
            0.5192320346832275
          ],
          [
            -0.6900407671928406,
            -0.17919927835464478,
            -0.701235830783844,
            -0.2381012886762619
          ],
          [
            -0.2678409516811371,
            -0.8368649482727051,
            0.4774225354194641,
            1.1274791955947876
          ],
          [
            0.0,
            0.0,
            0.0,
            1.0
          ]
        ]
      },
      "bone_length_armature_space": 0.10413130269174907,
      "parent": "lowerarm_l",
      "has_children": true,
      "is_end_bone": false
    },
    "pinky_01_l": {
      "name": "pinky_01_l",
      "local": {
        "location": {
          "x": 0.0,
          "y": 0.0,
          "z": 0.0
        },
        "rotation_quaternion": {
          "w": 0.961752712726593,
          "x": 0.2734444737434387,
          "y": 0.006990598514676094,
          "z": 0.014523664489388466
        },
        "scale": {
          "x": 1.0,
          "y": 1.0,
          "z": 1.0
        },
        "matrix_basis": [
          [
            0.9994803667068481,
            -0.024113265797495842,
            0.02138928510248661,
            0.0
          ],
          [
            0.03175942972302437,
            0.8500343561172485,
            -0.5257688760757446,
            0.0
          ],
          [
            -0.005503622815012932,
            0.5261749625205994,
            0.8503584861755371,
            0.0
          ],
          [
            0.0,
            0.0,
            0.0,
            1.0
          ]
        ],
        "rotation_mode": "QUATERNION"
      },
      "armature_space": {
        "head": {
          "x": 0.5730944275856018,
          "y": -0.3200054466724396,
          "z": 0.09048182517290115
