{
  "metadata": {
    "armature_name": "KIM_caucasian_male",
    "export_time": "2026-01-13T21:08:05.061249",
    "blender_version": "4.4.1",
    "bone_count": 56,
    "end_bone_count": 13,
    "spaces_included": [
      "LOCAL_CHANNELS",
      "ARMATURE_SPACE",
      "WORLD_SPACE"
    ],
    "note": "LOCAL matches Transform panel; replay pose via local.matrix_basis for best fidelity."
  },
  "bones": {
    "Root": {
      "name": "Root",
      "local": {
        "location": {
          "x": 0.0,
          "y": 0.0,
          "z": 0.0
        },
        "rotation_quaternion": {
          "w": 0.9999001026153564,
          "x": -0.013695141300559044,
          "y": -0.003299838863313198,
          "z": -0.001205808948725462
        },
        "scale": {
          "x": 1.0,
          "y": 1.0,
          "z": 1.0
        },
        "matrix_basis": [
          [
            0.999975323677063,
            0.002501760609447956,
            -0.00656599085777998,
            0.0
          ],
          [
            -0.002320993458852172,
            0.9996219873428345,
            0.027395503595471382,
            0.0
          ],
          [
            0.006632045842707157,
            -0.027379589155316353,
            0.9996030926704407,
            0.0
          ],
          [
            0.0,
            0.0,
            0.0,
            1.0
          ]
        ],
        "rotation_mode": "QUATERNION"
      },
      "armature_space": {
        "head": {
          "x": 0.0,
          "y": 0.07072800397872925,
          "z": -0.009595036506652832
        },
        "tail": {
          "x": 0.00017856534395832568,
          "y": 0.0002894476056098938,
          "z": 0.0019328901544213295
        }
      },
      "world_space": {
        "head": {
          "x": 0.0,
          "y": 0.13397200405597687,
          "z": 0.9402589797973633
        },
        "tail": {
          "x": 0.00017856534395832568,
          "y": 0.06353344768285751,
          "z": 0.9517869353294373
        },
        "rotation_quaternion": {
          "w": 0.08102495223283768,
          "x": 0.9967058897018433,
          "y": 0.0009807664901018143,
          "z": -0.003373575396835804
        },
        "matrix": [
          [
            0.999975323677063,
            0.002501760609447956,
            -0.00656599085777998,
            0.0
          ],
          [
            0.0014083823189139366,
            -0.9868679642677307,
            -0.16152316331863403,
            0.13397200405597687
          ],
          [
            -0.006883904803544283,
            0.1615101397037506,
            -0.986854076385498,
            0.9402589797973633
          ],
          [
            0.0,
            0.0,
            0.0,
            1.0
          ]
        ]
      },
      "bone_length_armature_space": 0.07137587312197086,
      "parent": null,
      "has_children": true,
      "is_end_bone": false
    },
    "spine_01": {
      "name": "spine_01",
      "local": {
        "location": {
          "x": 0.0,
          "y": 0.0,
          "z": 0.0
        },
        "rotation_quaternion": {
          "w": 0.995871901512146,
          "x": 0.0732726976275444,
          "y": 0.051776785403490067,
          "z": 0.01376279629766941
        },
        "scale": {
          "x": 1.0,
          "y": 1.0,
          "z": 1.0
        },
        "matrix_basis": [
          [
            0.9942594766616821,
            -0.0198243148624897,
            0.10514296591281891,
            0.0
          ],
          [
            0.03499961271882057,
            0.988883376121521,
            -0.144515261054039,
            0.0
          ],
          [
            -0.10110921412706375,
            0.14736562967300415,
            0.9839005470275879,
            0.0
          ],
          [
            0.0,
            0.0,
            0.0,
            1.0
          ]
        ],
        "rotation_mode": "QUATERNION"
      },
      "armature_space": {
        "head": {
          "x": 0.00017856534395832568,
          "y": 0.0002894476056098938,
          "z": 0.0019328901544213295
        },
        "tail": {
          "x": -0.006095296237617731,
          "y": -0.035690270364284515,
          "z": 0.48856884241104126
        }
      },
      "world_space": {
        "head": {
          "x": 0.00017856534395832568,
          "y": 0.06353344768285751,
          "z": 0.9517869353294373
        },
        "tail": {
          "x": -0.006095296237617731,
          "y": 0.027553729712963104,
          "z": 1.4384229183197021
        },
        "rotation_quaternion": {
          "w": 0.6798141598701477,
          "x": 0.7314313054084778,
          "y": 0.03143436834216118,
          "z": 0.043276846408843994
        },
        "matrix": [
          [
            0.9942779541015625,
            -0.012856241315603256,
            0.10604700446128845,
            0.00017856534395832568
          ],
          [
            0.10482446104288101,
            -0.07372874766588211,
            -0.9917539954185486,
            0.06353344768285751
          ],
          [
            0.020569179207086563,
            0.9972023367881775,
            -0.07196059823036194,
            0.9517869353294373
          ],
          [
            0.0,
            0.0,
            0.0,
            1.0
          ]
        ]
      },
      "bone_length_armature_space": 0.48800455435072954,
      "parent": "Root",
      "has_children": true,
      "is_end_bone": false
    },
    "neck_01": {
      "name": "neck_01",
      "local": {
        "location": {
          "x": 0.0,
          "y": 0.0,
          "z": 0.0
        },
        "rotation_quaternion": {
          "w": 0.9958910942077637,
          "x": 0.03297489508986473,
          "y": 0.06273053586483002,
          "z": -0.056378819048404694
        },
        "scale": {
          "x": 1.0,
          "y": 1.0,
          "z": 1.0
        },
        "matrix_basis": [
          [
            0.9857726097106934,
            0.11643139272928238,
            0.12122739106416702,
            0.0
          ],
          [
            -0.10815726220607758,
            0.9914681911468506,
            -0.07275215536355972,
            0.0
          ],
          [
            -0.12866373360157013,
            0.058605462312698364,
            0.9899550676345825,
            0.0
          ],
          [
            0.0,
            0.0,
            0.0,
            1.0
          ]
        ],
        "rotation_mode": "QUATERNION"
      },
      "armature_space": {
        "head": {
          "x": -0.00335885351523757,
          "y": -0.075483039021492,
          "z": 0.5590868592262268
        },
        "tail": {
          "x": 0.012006251141428947,
          "y": -0.12482475489377975,
          "z": 0.6476308107376099
        }
      },
      "world_space": {
        "head": {
          "x": -0.00335885351523757,
          "y": -0.012239038944244385,
          "z": 1.5089409351348877
        },
        "tail": {
          "x": 0.012006251141428947,
          "y": -0.061580754816532135,
          "z": 1.597484827041626
        },
        "rotation_quaternion": {
          "w": 0.49478408694267273,
          "x": 0.8586580157279968,
          "y": 0.12061211466789246,
          "z": 0.05786065757274628
        },
        "matrix": [
          [
            0.9642094969749451,
            0.14987225830554962,
            0.21871939301490784,
            -0.00335885351523757
          ],
          [
            0.26438668370246887,
            -0.48128241300582886,
            -0.8357434868812561,
            -0.012239038944244385
          ],
          [
            -0.019988838583230972,
            0.8636637926101685,
            -0.5036855936050415,
            1.5089409351348877
          ],
          [
            0.0,
            0.0,
            0.0,
            1.0
          ]
        ]
      },
      "bone_length_armature_space": 0.10252181841970148,
      "parent": "spine_01",
      "has_children": true,
      "is_end_bone": false
    },
    "head": {
      "name": "head",
      "local": {
        "location": {
          "x": 0.0,
          "y": 0.0,
          "z": 0.0
        },
        "rotation_quaternion": {
          "w": 0.9996181726455688,
          "x": -0.0019931772258132696,
          "y": -0.027332328259944916,
          "z": 0.0035527502186596394
        },
        "scale": {
          "x": 1.0,
          "y": 1.0,
          "z": 1.0
        },
        "matrix_basis": [
          [
            0.9984806180000305,
            -0.006993831135332584,
            -0.0546579472720623,
            0.0
          ],
          [
            0.007211743853986263,
            0.9999668002128601,
            0.00379062257707119,
            0.0
          ],
          [
            0.0546296201646328,
            -0.004179042298346758,
            0.9984979629516602,
            0.0
          ],
          [
            0.0,
            0.0,
            0.0,
            1.0
          ]
        ],
        "rotation_mode": "QUATERNION"
      },
      "armature_space": {
        "head": {
          "x": 0.012006273493170738,
          "y": -0.12482485175132751,
          "z": 0.6476306915283203
        },
        "tail": {
          "x": 0.020108819007873535,
          "y": -0.14725330471992493,
          "z": 0.800877571105957
        }
      },
      "world_space": {
        "head": {
          "x": 0.012006273493170738,
          "y": -0.061580851674079895,
          "z": 1.5974847078323364
        },
        "tail": {
          "x": 0.020108819007873535,
          "y": -0.08400930464267731,
          "z": 1.7507315874099731
        },
        "rotation_quaternion": {
          "w": 0.6482727527618408,
          "x": 0.754126787185669,
          "y": 0.08622288703918457,
          "z": 0.060007162392139435
        },
        "matrix": [
          [
            0.977929413318634,
            0.05224408209323883,
            0.2022981345653534,
            0.012006273493170738
          ],
          [
            0.2078482061624527,
            -0.1446155309677124,
            -0.9674118757247925,
            -0.061580851674079895
          ],
          [
            -0.021286029368638992,
            0.9881144762039185,
            -0.15228459239006042,
            1.5974847078323364
          ],
          [
            0.0,
            0.0,
            0.0,
            1.0
          ]
        ]
      },
      "bone_length_armature_space": 0.1550912409935549,
      "parent": "neck_01",
      "has_children": false,
      "is_end_bone": true
    },
    "upperarm_l": {
      "name": "upperarm_l",
      "local": {
        "location": {
          "x": 0.0,
          "y": 0.0,
          "z": 0.0
        },
        "rotation_quaternion": {
          "w": 0.7946988344192505,
          "x": 0.12454979866743088,
          "y": 0.5940859317779541,
          "z": 0.0017611074727028608
        },
        "scale": {
          "x": 1.0,
          "y": 1.0,
          "z": 1.0
        },
        "matrix_basis": [
          [
            0.29411759972572327,
            0.14518746733665466,
            0.944677472114563,
            0.0
          ],
          [
            0.1507856696844101,
            0.9689685106277466,
            -0.195866659283638,
            0.0
          ],
          [
            -0.9438000917434692,
            0.2000516653060913,
            0.26309850811958313,
            0.0
          ],
          [
            0.0,
            0.0,
            0.0,
            1.0
          ]
        ],
        "rotation_mode": "QUATERNION"
      },
      "armature_space": {
        "head": {
          "x": 0.14698506891727448,
          "y": -0.057967059314250946,
          "z": 0.4949229955673218
        },
        "tail": {
          "x": 0.41115838289260864,
          "y": -0.06937339901924133,
          "z": 0.451448917388916
        }
      },
      "world_space": {
        "head": {
          "x": 0.14698506891727448,
          "y": 0.005276940762996674,
          "z": 1.444777011871338
        },
        "tail": {
          "x": 0.41115838289260864,
          "y": -0.006129398941993713,
          "z": 1.4013029336929321
        },
        "rotation_quaternion": {
          "w": 0.012512264773249626,
          "x": 0.7101802825927734,
          "y": 0.6917806267738342,
          "z": -0.13010399043560028
        },
        "matrix": [
          [
            0.0090247243642807,
            0.9858338236808777,
            -0.1674821376800537,
            0.14698506891727448
          ],
          [
            0.9793219566345215,
            -0.04256583750247955,
            -0.19778034090995789,
            0.005276940762996674
          ],
          [
            -0.20210808515548706,
            -0.16223521530628204,
            -0.9658396244049072,
            1.444777011871338
          ],
          [
            0.0,
            0.0,
            0.0,
            1.0
          ]
        ]
      },
      "bone_length_armature_space": 0.26796948892171585,
      "parent": "spine_01",
      "has_children": true,
      "is_end_bone": false
    },
    "lowerarm_l": {
      "name": "lowerarm_l",
      "local": {
        "location": {
          "x": 0.0,
          "y": 0.0,
          "z": 0.0
        },
        "rotation_quaternion": {
          "w": 0.9452115297317505,
          "x": 0.011209063231945038,
          "y": -0.014750709757208824,
          "z": -0.32593244314193726
        },
        "scale": {
          "x": 1.0,
          "y": 1.0,
          "z": 1.0
        },
        "matrix_basis": [
          [
            0.7871009111404419,
            0.61581951379776,
            -0.03519187495112419,
            0.0
          ],
          [
            -0.6164808869361877,
            0.787284791469574,
            -0.011574401520192623,
            0.0
          ],
          [
            0.020578287541866302,
            0.03080534189939499,
            0.9993135333061218,
            0.0
          ],
          [
            0.0,
            0.0,
            0.0,
            1.0
          ]
        ],
        "rotation_mode": "QUATERNION"
      },
      "armature_space": {
        "head": {
          "x": 0.4111584722995758,
          "y": -0.06937353312969208,
          "z": 0.45144885778427124
        },
        "tail": {
          "x": 0.6165660619735718,
          "y": 0.05397544801235199,
          "z": 0.3324435353279114
        }
      },
      "world_space": {
        "head": {
          "x": 0.4111584722995758,
          "y": -0.006129533052444458,
          "z": 1.4013028144836426
        },
        "tail": {
          "x": 0.6165660619735718,
          "y": 0.11721944808959961,
          "z": 1.2822976112365723
        },
        "rotation_quaternion": {
          "w": 0.04910900816321373,
          "x": -0.4633701741695404,
          "y": -0.8533031940460205,
          "z": 0.23398756980895996
        },
        "matrix": [
          [
            -0.5657520890235901,
            0.7678084969520569,
            -0.30065643787384033,
            0.4111584722995758
          ],
          [
            0.813772976398468,
            0.46107548475265503,
            -0.35381266474723816,
            -0.006129533052444458
          ],
          [
            -0.13303525745868683,
            -0.4448390007019043,
            -0.8856827616691589,
            1.4013028144836426
          ],
          [
            0.0,
            0.0,
            0.0,
            1.0
          ]
        ]
      },
      "bone_length_armature_space": 0.2675247922359004,
      "parent": "upperarm_l",
      "has_children": true,
      "is_end_bone": false
    },
    "metacarpal_thumb_l": {
      "name": "metacarpal_thumb_l",
      "local": {
        "location": {
          "x": 0.0,
          "y": 0.0,
          "z": 0.0
        },
        "rotation_quaternion": {
          "w": 0.9994572401046753,
          "x": -0.0305582694709301,
          "y": 0.007055246736854315,
          "z": 0.0100832125172019
        },
        "scale": {
          "x": 1.0,
          "y": 1.0,
          "z": 1.0
        },
        "matrix_basis": [
          [
            0.9996970891952515,
            -0.02058667130768299,
            0.013486583717167377,
            0.0
          ],
          [
            0.0197242870926857,
            0.997929036617279,
            0.06122564524412155,
            0.0
          ],
          [
            -0.014719085767865181,
            -0.06094108894467354,
            0.998032808303833,
            0.0
          ],
          [
            0.0,
            0.0,
            0.0,
            1.0
          ]
        ],
        "rotation_mode": "QUATERNION"
      },
      "armature_space": {
        "head": {
          "x": 0.6165660619735718,
          "y": 0.05397544801235199,
          "z": 0.3324435353279114
        },
        "tail": {
          "x": 0.6340312361717224,
          "y": 0.0661637932062149,
          "z": 0.2877219319343567
        }
      },
      "world_space": {
        "head": {
          "x": 0.6165660619735718,
          "y": 0.11721944808959961,
          "z": 1.2822976112365723
        },
        "tail": {
          "x": 0.6340312361717224,
          "y": 0.12940779328346252,
          "z": 1.2375760078430176
        },
        "rotation_quaternion": {
          "w": 0.683090329170227,
          "x": -0.6068520545959473,
          "y": -0.3954980671405792,
          "z": 0.09327119588851929
        },
        "matrix": [
          [
            0.6697613000869751,
            0.352591872215271,
            -0.6535276770591736,
            0.6165660619735718
          ],
          [
            0.6074457764625549,
            0.24606187641620636,
            0.7552902698516846,
            0.11721944808959961
          ],
          [
            0.42712122201919556,
            -0.9028527140617371,
            -0.04937741532921791,
            1.2822976112365723
          ],
          [
            0.0,
            0.0,
            0.0,
            1.0
          ]
        ]
      },
      "bone_length_armature_space": 0.049533925811030194,
      "parent": "lowerarm_l",
      "has_children": true,
      "is_end_bone": false
    },
    "thumb_01_l": {
      "name": "thumb_01_l",
      "local": {
        "location": {
          "x": 0.0,
          "y": 0.0,
          "z": 0.0
        },
        "rotation_quaternion": {
          "w": 0.9994687438011169,
          "x": 0.03018988110125065,
          "y": 0.009128229692578316,
          "z": 0.00822645053267479
        },
        "scale": {
          "x": 1.0,
          "y": 1.0,
          "z": 1.0
        },
        "matrix_basis": [
          [
            0.9996979832649231,
            -0.0158929992467165,
            0.018743472173810005,
            0.0
          ],
          [
            0.016995320096611977,
            0.9980418086051941,
            -0.06019749864935875,
            0.0
          ],
          [
            -0.017750049009919167,
            0.06049787253141403,
            0.998010516166687,
            0.0
          ],
          [
            0.0,
            0.0,
            0.0,
            1.0
          ]
        ],
        "rotation_mode": "QUATERNION"
      },
      "armature_space": {
        "head": {
          "x": 0.6340312361717224,
          "y": 0.0661637932062149,
          "z": 0.2877219319343567
        },
        "tail": {
          "x": 0.6236609816551208,
          "y": 0.08979959785938263,
          "z": 0.2655310034751892
        }
      },
      "world_space": {
        "head": {
          "x": 0.6340312361717224,
          "y": 0.12940779328346252,
          "z": 1.2375760078430176
        },
        "tail": {
          "x": 0.6236609816551208,
          "y": 0.15304359793663025,
          "z": 1.2153849601745605
        },
        "rotation_quaternion": {
          "w": 0.8284251093864441,
          "x": -0.3908708691596985,
          "y": 0.4011272192001343,
          "z": -0.005380981136113405
        },
        "matrix": [
          [
            0.6781366467475891,
            -0.30466151237487793,
            0.6688135862350464,
            0.6340312361717224
          ],
          [
            -0.3224926292896271,
            0.6943828463554382,
            0.6432972550392151,
            0.12940779328346252
          ],
          [
            -0.6604052186012268,
            -0.6519347429275513,
            0.3726387917995453,
            1.2375760078430176
          ],
          [
            0.0,
            0.0,
            0.0,
            1.0
          ]
        ]
      },
      "bone_length_armature_space": 0.03403866532836375,
      "parent": "metacarpal_thumb_l",
      "has_children": true,
      "is_end_bone": false
    },
    "thumb_02_l": {
      "name": "thumb_02_l",
      "local": {
        "location": {
          "x": 0.0,
          "y": 0.0,
          "z": 0.0
        },
        "rotation_quaternion": {
          "w": 0.9900647401809692,
          "x": 0.14041019976139069,
          "y": -0.002563431393355131,
          "z": 0.007090527564287186
        },
        "scale": {
          "x": 1.0,
          "y": 1.0,
          "z": 1.0
        },
        "matrix_basis": [
          [
            0.9998863339424133,
            -0.014760026708245277,
            -0.0030847613234072924,
            0.0
          ],
          [
            0.013320298865437508,
            0.9604694247245789,
            -0.2780667245388031,
            0.0
          ],
          [
            0.007067090831696987,
            0.2779940366744995,
            0.9605568051338196,
            0.0
          ],
          [
            0.0,
            0.0,
            0.0,
            1.0
          ]
        ],
        "rotation_mode": "QUATERNION"
      },
      "armature_space": {
        "head": {
          "x": 0.6236609220504761,
          "y": 0.08979956805706024,
          "z": 0.2655310034751892
        },
        "tail": {
          "x": 0.658041775226593,
          "y": 0.10575873404741287,
          "z": 0.2522478401660919
        }
      },
      "world_space": {
        "head": {
          "x": 0.6236609220504761,
          "y": 0.15304356813430786,
          "z": 1.2153849601745605
        },
        "tail": {
          "x": 0.658041775226593,
          "y": 0.1690027415752411,
          "z": 1.2021018266677856
        },
        "rotation_quaternion": {
          "w": 0.7321726679801941,
          "x": 0.07372895628213882,
          "y": 0.4032338559627533,
          "z": -0.543957531452179
        },
        "matrix": [
          [
            0.0830237865447998,
            0.8560029864311218,
            0.5102601051330566,
            0.6236609220504761
          ],
          [
            -0.7370819449424744,
            0.39734604954719543,
            -0.5466505289077759,
            0.15304356813430786
          ],
          [
            -0.6706898212432861,
            -0.33072012662887573,
            0.6639375686645508,
            1.2153849601745605
          ],
          [
            0.0,
            0.0,
            0.0,
            1.0
          ]
        ]
      },
      "bone_length_armature_space": 0.04016441854265739,
      "parent": "thumb_01_l",
      "has_children": true,
      "is_end_bone": false
    },
    "thumb_03_l": {
      "name": "thumb_03_l",
      "local": {
        "location": {
          "x": 0.0,
          "y": 0.0,
          "z": 0.0
        },
        "rotation_quaternion": {
          "w": 0.9968006610870361,
          "x": 0.07980060577392578,
          "y": 0.001835563569329679,
          "z": -0.004115337040275335
        },
        "scale": {
          "x": 1.0,
          "y": 1.0,
          "z": 1.0
        },
        "matrix_basis": [
          [
            0.999959409236908,
            0.008497299626469612,
            0.003002569079399109,
            0.0
          ],
          [
            -0.007911383174359798,
            0.9872298836708069,
            -0.15910570323467255,
            0.0
          ],
          [
            -0.004316194914281368,
            0.15907548367977142,
            0.9872570037841797,
            0.0
          ],
          [
            0.0,
            0.0,
            0.0,
            1.0
          ]
        ],
        "rotation_mode": "QUATERNION"
      },
      "armature_space": {
        "head": {
          "x": 0.6580416560173035,
          "y": 0.10575871169567108,
          "z": 0.25224778056144714
        },
        "tail": {
          "x": 0.6878296732902527,
          "y": 0.11197911947965622,
          "z": 0.2531805634498596
        }
      },
      "world_space": {
        "head": {
          "x": 0.6580416560173035,
          "y": 0.1690027117729187,
          "z": 1.2021018266677856
        },
        "tail": {
          "x": 0.6878296732902527,
          "y": 0.17522311210632324,
          "z": 1.2030346393585205
        },
        "rotation_quaternion": {
          "w": 0.6545541286468506,
          "x": 0.3552692234516144,
          "y": 0.41679513454437256,
          "z": -0.5211760997772217
        },
        "matrix": [
          [
            0.10931342095136642,
            0.9784249663352966,
            0.17531292140483856,
            0.6580416560173035
          ],
          [
            -0.38612815737724304,
            0.20431704819202423,
            -0.8995333313941956,
            0.1690027117729187
          ],
          [
            -0.9159519672393799,
            0.03063848242163658,
            0.40013372898101807,
            1.2021018266677856
          ],
          [
            0.0,
            0.0,
            0.0,
            1.0
          ]
        ]
      },
      "bone_length_armature_space": 0.03044486035848449,
      "parent": "thumb_02_l",
      "has_children": false,
      "is_end_bone": true
    },
    "metacarpal_index_l": {
      "name": "metacarpal_index_l",
      "local": {
        "location": {
          "x": 0.0,
          "y": 0.0,
          "z": 0.0
        },
        "rotation_quaternion": {
          "w": 0.9995835423469543,
          "x": 0.02397247590124607,
          "y": -0.01595371589064598,
          "z": 0.0019291674252599478
        },
        "scale": {
          "x": 1.0,
          "y": 1.0,
          "z": 1.0
        },
        "matrix_basis": [
          [
            0.9994835257530212,
            -0.0046216282062232494,
            -0.03180164843797684,
            0.0
          ],
          [
            0.003091827966272831,
            0.9988431930541992,
            -0.04798654094338417,
            0.0
          ],
          [
            0.03198663890361786,
            0.0478634312748909,
            0.9983416199684143,
            0.0
          ],
          [
            0.0,
            0.0,
            0.0,
            1.0
          ]
        ],
        "rotation_mode": "QUATERNION"
      },
      "armature_space": {
        "head": {
          "x": 0.6165660619735718,
          "y": 0.05397544801235199,
          "z": 0.3324435353279114
        },
        "tail": {
          "x": 0.6834749579429626,
          "y": 0.09905897080898285,
          "z": 0.24747303128242493
        }
      },
      "world_space": {
        "head": {
          "x": 0.6165660619735718,
          "y": 0.11721944808959961,
          "z": 1.2822976112365723
        },
        "tail": {
          "x": 0.6834749579429626,
          "y": 0.16230297088623047,
          "z": 1.1973270177841187
        },
        "rotation_quaternion": {
          "w": 0.48981931805610657,
          "x": -0.5338871479034424,
          "y": -0.6726518869400024,
          "z": 0.1502700001001358
        },
        "matrix": [
          [
            0.049918677657842636,
            0.5710325241088867,
            -0.819408118724823,
            0.6165660619735718
          ],
          [
            0.8654512166976929,
            0.38476449251174927,
            0.3208599388599396,
            0.11721944808959961
          ],
          [
            0.4985049068927765,
            -0.7251792550086975,
            -0.4749968647956848,
            1.2822976112365723
          ],
          [
            0.0,
            0.0,
            0.0,
            1.0
          ]
        ]
      },
      "bone_length_armature_space": 0.11717214285042499,
      "parent": "lowerarm_l",
      "has_children": true,
      "is_end_bone": false
    },
    "index_01_l": {
      "name": "index_01_l",
      "local": {
        "location": {
          "x": 0.0,
          "y": 0.0,
          "z": 0.0
        },
        "rotation_quaternion": {
          "w": 0.9997187852859497,
          "x": -0.021776599809527397,
          "y": -0.003818852361291647,
          "z": -0.008584120310842991
        },
        "scale": {
          "x": 1.0,
          "y": 1.0,
          "z": 1.0
        },
        "matrix_basis": [
          [
            0.9998234510421753,
            0.017329735681414604,
            -0.007261691149324179,
            0.0
          ],
          [
            -0.016997089609503746,
            0.9989041686058044,
            0.04360651597380638,
            0.0
          ],
          [
            0.008009422570466995,
            -0.04347538948059082,
            0.999022364616394,
            0.0
          ],
          [
            0.0,
            0.0,
            0.0,
            1.0
          ]
        ],
        "rotation_mode": "QUATERNION"
      },
      "armature_space": {
        "head": {
          "x": 0.6834749579429626,
          "y": 0.09905897080898285,
          "z": 0.24747303128242493
        },
        "tail": {
          "x": 0.7030354738235474,
          "y": 0.116329625248909,
          "z": 0.23597602546215057
        }
      },
      "world_space": {
        "head": {
          "x": 0.6834749579429626,
          "y": 0.16230297088623047,
          "z": 1.1973270177841187
        },
        "tail": {
          "x": 0.7030354738235474,
          "y": 0.17957362532615662,
          "z": 1.185829997062683
        },
        "rotation_quaternion": {
          "w": 0.4718811511993408,
          "x": -0.4439043700695038,
          "y": -0.7616892457008362,
          "z": -0.010333308018743992
        },
        "matrix": [
          [
            -0.16055309772491455,
            0.6859884262084961,
            -0.7096775770187378,
            0.6834749579429626
          ],
          [
            0.6664828062057495,
            0.6056824922561646,
            0.43468376994132996,
            0.16230297088623047
          ],
          [
            0.7280330657958984,
            -0.40320026874542236,
            -0.5544471144676208,
            1.1973270177841187
          ],
          [
            0.0,
            0.0,
            0.0,
            1.0
          ]
        ]
      },
      "bone_length_armature_space": 0.028514389493464746,
      "parent": "metacarpal_index_l",
      "has_children": true,
      "is_end_bone": false
    },
    "index_02_l": {
      "name": "index_02_l",
      "local": {
        "location": {
          "x": 0.0,
          "y": 0.0,
          "z": 0.0
        },
        "rotation_quaternion": {
          "w": 0.9823474884033203,
          "x": 0.18670886754989624,
          "y": 0.010473281145095825,
          "z": -0.004851131699979305
        },
        "scale": {
          "x": 1.0,
          "y": 1.0,
          "z": 1.0
        },
        "matrix_basis": [
          [
            0.999733567237854,
            0.013441902585327625,
            0.01876530423760414,
            0.0
          ],
          [
            -0.005620085168629885,
            0.9302325248718262,
            -0.3669275939464569,
            0.0
          ],
          [
            -0.02238830178976059,
            0.3667243719100952,
            0.9300602078437805,
            0.0
          ],
          [
            0.0,
            0.0,
            0.0,
            1.0
          ]
        ],
        "rotation_mode": "QUATERNION"
      },
      "armature_space": {
        "head": {
          "x": 0.7030355334281921,
          "y": 0.11632983386516571,
          "z": 0.23597551882266998
        },
        "tail": {
          "x": 0.7134516835212708,
          "y": 0.135016530752182,
          "z": 0.22181911766529083
        }
      },
      "world_space": {
        "head": {
          "x": 0.7030355334281921,
          "y": 0.17957383394241333,
          "z": 1.185829520225525
        },
        "tail": {
          "x": 0.7134516835212708,
          "y": 0.19826053082942963,
          "z": 1.1716731786727905
        },
        "rotation_quaternion": {
          "w": 0.521218478679657,
          "x": -0.34723860025405884,
          "y": -0.7697716355323792,
          "z": 0.12332169711589813
        },
        "matrix": [
          [
            -0.2155127078294754,
            0.40603625774383545,
            -0.8880813121795654,
            0.7030355334281921
          ],
          [
            0.6631450653076172,
            0.7284331321716309,
            0.17211733758449554,
            0.17957383394241333
          ],
          [
            0.7167994379997253,
            -0.551836371421814,
            -0.4262503981590271,
            1.185829520225525
          ],
          [
            0.0,
            0.0,
            0.0,
            1.0
          ]
        ]
      },
      "bone_length_armature_space": 0.025653314124198863,
      "parent": "index_01_l",
      "has_children": true,
      "is_end_bone": false
    },
    "index_03_l": {
      "name": "index_03_l",
      "local": {
        "location": {
          "x": 0.0,
          "y": 0.0,
          "z": 0.0
        },
        "rotation_quaternion": {
          "w": 0.9726876020431519,
          "x": 0.23199878633022308,
          "y": 0.007417763117700815,
          "z": 0.0007611098699271679
        },
        "scale": {
          "x": 1.0,
          "y": 1.0,
          "z": 1.0
        },
        "matrix_basis": [
          [
            0.9998887777328491,
            0.0019611797761172056,
            0.014783485792577267,
            0.0
          ],
          [
            0.004922468215227127,
            0.8923519849777222,
            -0.45131340622901917,
            0.0
          ],
          [
            -0.01407717913389206,
            0.45133596658706665,
            0.8922430872917175,
            0.0
          ],
          [
            0.0,
            0.0,
            0.0,
            1.0
          ]
        ],
        "rotation_mode": "QUATERNION"
      },
      "armature_space": {
        "head": {
          "x": 0.7134518027305603,
          "y": 0.13501647114753723,
          "z": 0.22181916236877441
        },
        "tail": {
          "x": 0.7090659141540527,
          "y": 0.15778952836990356,
          "z": 0.20404595136642456
        }
      },
      "world_space": {
        "head": {
          "x": 0.7134518027305603,
          "y": 0.19826047122478485,
          "z": 1.1716731786727905
        },
        "tail": {
          "x": 0.7090659141540527,
          "y": 0.22103352844715118,
          "z": 1.153899908065796
        },
        "rotation_quaternion": {
          "w": 0.6265691518783569,
          "x": -0.1547110676765442,
          "y": -0.7050610780715942,
          "z": 0.293878436088562
        },
        "matrix": [
          [
            -0.16695256531238556,
            -0.15010592341423035,
            -0.9744714498519897,
            0.7134518027305603
          ],
          [
            0.5864320397377014,
            0.7794004678726196,
            -0.22052869200706482,
            0.19826047122478485
          ],
          [
            0.7926123738288879,
            -0.6082825660705566,
            -0.042096540331840515,
            1.1716731786727905
          ],
          [
            0.0,
            0.0,
            0.0,
            1.0
          ]
        ]
      },
      "bone_length_armature_space": 0.029218747632996266,
      "parent": "index_02_l",
      "has_children": false,
      "is_end_bone": true
    },
    "metacarpal_pinky_l": {
      "name": "metacarpal_pinky_l",
      "local": {
        "location": {
          "x": 0.0,
          "y": 0.0,
          "z": 0.0
        },
        "rotation_quaternion": {
          "w": 0.99973464012146,
          "x": 0.013835925608873367,
          "y": -0.01710614189505577,
          "z": -0.006833544000983238
        },
        "scale": {
          "x": 1.0,
          "y": 1.0,
          "z": 1.0
        },
        "matrix_basis": [
          [
            0.9993213415145874,
            0.013190102763473988,
            -0.03439230099320412,
            0.0
          ],
          [
            -0.01413682010024786,
            0.9995237588882446,
            -0.027430716902017593,
            0.0
          ],
          [
            0.03401410952210426,
            0.02789829857647419,
            0.9990319013595581,
            0.0
          ],
          [
            0.0,
            0.0,
            0.0,
            1.0
          ]
        ],
        "rotation_mode": "QUATERNION"
      },
      "armature_space": {
        "head": {
          "x": 0.6165660619735718,
          "y": 0.05397544801235199,
          "z": 0.3324435353279114
        },
        "tail": {
          "x": 0.7031676173210144,
          "y": 0.10894781351089478,
          "z": 0.31451502442359924
        }
      },
      "world_space": {
        "head": {
          "x": 0.6165660619735718,
          "y": 0.11721944808959961,
          "z": 1.2822976112365723
        },
        "tail": {
          "x": 0.7031676173210144,
          "y": 0.1721918135881424,
          "z": 1.264369010925293
        },
        "rotation_quaternion": {
          "w": 0.5551921725273132,
          "x": 0.30488646030426025,
          "y": 0.6750703454017639,
          "z": -0.37826719880104065
        },
        "matrix": [
          [
            -0.19761157035827637,
            0.8316614031791687,
            0.5189304351806641,
            0.6165660619735718
          ],
          [
            -0.008382055908441544,
            0.5279167294502258,
            -0.8492551445960999,
            0.11721944808959961
          ],
          [
            -0.9802514314651489,
            -0.17217303812503815,
            -0.09735291451215744,
            1.2822976112365723
          ],
          [
            0.0,
            0.0,
            0.0,
            1.0
          ]
        ]
      },
      "bone_length_armature_space": 0.10413079261822364,
      "parent": "lowerarm_l",
      "has_children": true,
      "is_end_bone": false
    },
    "pinky_01_l": {
      "name": "pinky_01_l",
      "local": {
        "location": {
          "x": 0.0,
          "y": 0.0,
          "z": 0.0
        },
        "rotation_quaternion": {
          "w": 0.999500036239624,
          "x": 0.02644043043255806,
          "y": -0.011857946403324604,
          "z": 0.012655451893806458
        },
        "scale": {
          "x": 1.0,
          "y": 1.0,
          "z": 1.0
        },
        "matrix_basis": [
          [
            0.9993984699249268,
            -0.02592530846595764,
            -0.023034805431962013,
            0.0
          ],
          [
            0.024671191349625587,
            0.9982814788818359,
            -0.053154557943344116,
            0.0
          ],
          [
            0.024373266845941544,
            0.052554287016391754,
            0.9983205795288086,
            0.0
          ],
          [
            0.0,
            0.0,
            0.0,
            1.0
          ]
        ],
        "rotation_mode": "QUATERNION"
      },
      "armature_space": {
        "head": {
          "x": 0.7031676173210144,
          "y": 0.10894781351089478,
          "z": 0.31451502442359924
        },
        "tail": {
