{
  "metadata": {
    "armature_name": "KIM_caucasian_male",
    "export_time": "2026-01-13T21:00:31.984935",
    "blender_version": "4.4.1",
    "bone_count": 56,
    "end_bone_count": 13,
    "spaces_included": [
      "LOCAL_CHANNELS",
      "ARMATURE_SPACE",
      "WORLD_SPACE"
    ],
    "note": "LOCAL matches Transform panel; replay pose via local.matrix_basis for best fidelity."
  },
  "bones": {
    "Root": {
      "name": "Root",
      "local": {
        "location": {
          "x": 0.0,
          "y": 0.0,
          "z": 0.0
        },
        "rotation_quaternion": {
          "w": 0.9995291233062744,
          "x": -0.016865769401192665,
          "y": -0.00400410545989871,
          "z": -0.025322100147604942
        },
        "scale": {
          "x": 1.0,
          "y": 1.0,
          "z": 1.0
        },
        "matrix_basis": [
          [
            0.9986855387687683,
            0.050755418837070465,
            -0.0071502868086099625,
            0.0
          ],
          [
            -0.050485286861658096,
            0.9981486797332764,
            0.03391844034194946,
            0.0
          ],
          [
            0.008858593180775642,
            -0.03351287171244621,
            0.9993990063667297,
            0.0
          ],
          [
            0.0,
            0.0,
            0.0,
            1.0
          ]
        ],
        "rotation_mode": "QUATERNION"
      },
      "armature_space": {
        "head": {
          "x": 0.0,
          "y": 0.07072800397872925,
          "z": -0.009595036506652832
        },
        "tail": {
          "x": 0.0036227121017873287,
          "y": 0.00045249611139297485,
          "z": 0.002352551557123661
        }
      },
      "world_space": {
        "head": {
          "x": 0.0,
          "y": 0.13397200405597687,
          "z": 0.9402589797973633
        },
        "tail": {
          "x": 0.0036227121017873287,
          "y": 0.0636964961886406,
          "z": 0.952206552028656
        },
        "rotation_quaternion": {
          "w": 0.08416339010000229,
          "x": 0.9961222410202026,
          "y": 0.024994829669594765,
          "z": -0.005700909998267889
        },
        "matrix": [
          [
            0.9986855387687683,
            0.050755418837070465,
            -0.0071502868086099625,
            0.0
          ],
          [
            0.048836179077625275,
            -0.9845835566520691,
            -0.16795946657657623,
            0.13397200405597687
          ],
          [
            -0.015564968809485435,
            0.16738973557949066,
            -0.9857749938964844,
            0.9402589797973633
          ],
          [
            0.0,
            0.0,
            0.0,
            1.0
          ]
        ]
      },
      "bone_length_armature_space": 0.07137587864853182,
      "parent": null,
      "has_children": true,
      "is_end_bone": false
    },
    "spine_01": {
      "name": "spine_01",
      "local": {
        "location": {
          "x": 0.0,
          "y": 0.0,
          "z": 0.0
        },
        "rotation_quaternion": {
          "w": 0.9982459545135498,
          "x": 0.003756043966859579,
          "y": -0.021705497056245804,
          "z": 0.05495321750640869
        },
        "scale": {
          "x": 1.0,
          "y": 1.0,
          "z": 1.0
        },
        "matrix_basis": [
          [
            0.9930180311203003,
            -0.10987670719623566,
            -0.04292203485965729,
            0.0
          ],
          [
            0.1095506027340889,
            0.9939320683479309,
            -0.0098844850435853,
            0.0
          ],
          [
            0.043747663497924805,
            0.005113337654620409,
            0.9990295171737671,
            0.0
          ],
          [
            0.0,
            0.0,
            0.0,
            1.0
          ]
        ],
        "rotation_mode": "QUATERNION"
      },
      "armature_space": {
        "head": {
          "x": 0.0036227121017873287,
          "y": 0.00045249611139297485,
          "z": 0.002352551557123661
        },
        "tail": {
          "x": -0.04418180137872696,
          "y": 0.034490302205085754,
          "z": 0.48681584000587463
        }
      },
      "world_space": {
        "head": {
          "x": 0.0036227121017873287,
          "y": 0.0636964961886406,
          "z": 0.952206552028656
        },
        "tail": {
          "x": -0.04418180137872696,
          "y": 0.09773430228233337,
          "z": 1.4366698265075684
        },
        "rotation_quaternion": {
          "w": 0.7306978106498718,
          "x": 0.6809287667274475,
          "y": -0.030905459076166153,
          "z": 0.0382312536239624
        },
        "matrix": [
          [
            0.9951664805412292,
            -0.09795981645584106,
            0.00690104067325592,
            0.0036227121017873287
          ],
          [
            0.01378282904624939,
            0.06974942982196808,
            -0.9974694848060608,
            0.0636964961886406
          ],
          [
            0.09723126143217087,
            0.9927501082420349,
            0.070762038230896,
            0.952206552028656
          ],
          [
            0.0,
            0.0,
            0.0,
            1.0
          ]
        ]
      },
      "bone_length_armature_space": 0.48800461275912344,
      "parent": "Root",
      "has_children": true,
      "is_end_bone": false
    },
    "neck_01": {
      "name": "neck_01",
      "local": {
        "location": {
          "x": 0.0,
          "y": 0.0,
          "z": 0.0
        },
        "rotation_quaternion": {
          "w": 0.9921473860740662,
          "x": 0.013862168416380882,
          "y": -0.06261460483074188,
          "z": -0.10738162696361542
        },
        "scale": {
          "x": 1.0,
          "y": 1.0,
          "z": 1.0
        },
        "matrix_basis": [
          [
            0.9690971970558167,
            0.21134085953235626,
            -0.1272229105234146,
            0.0
          ],
          [
            -0.2148127555847168,
            0.9765540361404419,
            -0.014059311710298061,
            0.0
          ],
          [
            0.12126874923706055,
            0.040953945368528366,
            0.9917744994163513,
            0.0
          ],
          [
            0.0,
            0.0,
            0.0,
            1.0
          ]
        ],
        "rotation_mode": "QUATERNION"
      },
      "armature_space": {
        "head": {
          "x": -0.05111493542790413,
          "y": 0.005004569888114929,
          "z": 0.5619575381278992
        },
        "tail": {
          "x": -0.038185060024261475,
          "y": -0.03019697591662407,
          "z": 0.6573746204376221
        }
      },
      "world_space": {
        "head": {
          "x": -0.05111493542790413,
          "y": 0.06824856996536255,
          "z": 1.5118114948272705
        },
        "tail": {
          "x": -0.038185060024261475,
          "y": 0.03304702416062355,
          "z": 1.6072286367416382
        },
        "rotation_quaternion": {
          "w": 0.5723254084587097,
          "x": 0.8165021538734436,
          "y": 0.0276495274156332,
          "z": -0.0707351341843605
        },
        "matrix": [
          [
            0.9884642362594604,
            0.12611888349056244,
            -0.08386100828647614,
            -0.05111493542790413
          ],
          [
            -0.03581458330154419,
            -0.34335824847221375,
            -0.938521683216095,
            0.06824856996536255
          ],
          [
            -0.14716067910194397,
            0.9307044148445129,
            -0.33488354086875916,
            1.5118114948272705
          ],
          [
            0.0,
            0.0,
            0.0,
            1.0
          ]
        ]
      },
      "bone_length_armature_space": 0.10252194864928528,
      "parent": "spine_01",
      "has_children": true,
      "is_end_bone": false
    },
    "head": {
      "name": "head",
      "local": {
        "location": {
          "x": 0.0,
          "y": 0.0,
          "z": 0.0
        },
        "rotation_quaternion": {
          "w": 0.9598461389541626,
          "x": -0.17291229963302612,
          "y": 0.0955478847026825,
          "z": -0.19916683435440063
        },
        "scale": {
          "x": 1.0,
          "y": 1.0,
          "z": 1.0
        },
        "matrix_basis": [
          [
            0.9024063348770142,
            0.3492962121963501,
            0.25229933857917786,
            0.0
          ],
          [
            -0.41538184881210327,
            0.8608677983283997,
            0.2938784658908844,
            0.0
          ],
          [
            -0.11454574763774872,
            -0.36999833583831787,
            0.9219439029693604,
            0.0
          ],
          [
            0.0,
            0.0,
            0.0,
            1.0
          ]
        ],
        "rotation_mode": "QUATERNION"
      },
      "armature_space": {
        "head": {
          "x": -0.038185082376003265,
          "y": -0.03019709512591362,
          "z": 0.6573745012283325
        },
        "tail": {
          "x": 0.03706738352775574,
          "y": 0.027587909251451492,
          "z": 0.7800576686859131
        }
      },
      "world_space": {
        "head": {
          "x": -0.038185082376003265,
          "y": 0.033046904951334,
          "z": 1.6072285175323486
        },
        "tail": {
          "x": 0.03706738352775574,
          "y": 0.09083190560340881,
          "z": 1.7299116849899292
        },
        "rotation_quaternion": {
          "w": 0.7880147099494934,
          "x": 0.5444950461387634,
          "y": 0.2555917799472809,
          "z": -0.1312669962644577
        },
        "matrix": [
          [
            0.8348842263221741,
            0.4852173924446106,
            0.25987017154693604,
            -0.038185082376003265
          ],
          [
            0.07145380228757858,
            0.3725896179676056,
            -0.9252415299415588,
            0.033046904951334
          ],
          [
            -0.5457718372344971,
            0.7910439372062683,
            0.2763996422290802,
            1.6072285175323486
          ],
          [
            0.0,
            0.0,
            0.0,
            1.0
          ]
        ]
      },
      "bone_length_armature_space": 0.15509094154091016,
      "parent": "neck_01",
      "has_children": false,
      "is_end_bone": true
    },
    "upperarm_l": {
      "name": "upperarm_l",
      "local": {
        "location": {
          "x": 0.0,
          "y": 0.0,
          "z": 0.0
        },
        "rotation_quaternion": {
          "w": 0.8690239191055298,
          "x": -0.09440410137176514,
          "y": 0.46212664246559143,
          "z": -0.1494130641222
        },
        "scale": {
          "x": 1.0,
          "y": 1.0,
          "z": 1.0
        },
        "matrix_basis": [
          [
            0.5282294154167175,
            0.1724337488412857,
            0.8314086198806763,
            0.0
          ],
          [
            -0.34694036841392517,
            0.9375271797180176,
            0.025983329862356186,
            0.0
          ],
          [
            -0.7749878168106079,
            -0.3021743595600128,
            0.5550536513328552,
            0.0
          ],
          [
            0.0,
            0.0,
            0.0,
            1.0
          ]
        ],
        "rotation_mode": "QUATERNION"
      },
      "armature_space": {
        "head": {
          "x": 0.10476570576429367,
          "y": -0.0007967688143253326,
          "z": 0.5100473761558533
        },
        "tail": {
          "x": 0.35459885001182556,
          "y": 0.09073597192764282,
          "z": 0.47822296619415283
        }
      },
      "world_space": {
        "head": {
          "x": 0.10476570576429367,
          "y": 0.06244723126292229,
          "z": 1.4599013328552246
        },
        "tail": {
          "x": 0.35459885001182556,
          "y": 0.15397997200489044,
          "z": 1.428076982498169
        },
        "rotation_quaternion": {
          "w": 0.22359764575958252,
          "x": 0.527754008769989,
          "y": 0.7879050970077515,
          "z": -0.22513408958911896
        },
        "matrix": [
          [
            -0.3429590165615082,
            0.9323195815086365,
            0.1147145926952362,
            0.10476570576429367
          ],
          [
            0.7309617400169373,
            0.34157902002334595,
            -0.5907784700393677,
            0.06244723126292229
          ],
          [
            -0.5899817943572998,
            -0.11876137554645538,
            -0.7986434698104858,
            1.4599013328552246
          ],
          [
            0.0,
            0.0,
            0.0,
            1.0
          ]
        ]
      },
      "bone_length_armature_space": 0.26796945658345944,
      "parent": "spine_01",
      "has_children": true,
      "is_end_bone": false
    },
    "lowerarm_l": {
      "name": "lowerarm_l",
      "local": {
        "location": {
          "x": 0.0,
          "y": 0.0,
          "z": 0.0
        },
        "rotation_quaternion": {
          "w": 0.9496368765830994,
          "x": 0.14630365371704102,
          "y": -0.02651073783636093,
          "z": 0.27583032846450806
        },
        "scale": {
          "x": 1.0,
          "y": 1.0,
          "z": 1.0
        },
        "matrix_basis": [
          [
            0.8464296460151672,
            -0.531634509563446,
            0.030358821153640747,
            0.0
          ],
          [
            0.5161200761795044,
            0.8050257563591003,
            -0.29249560832977295,
            0.0
          ],
          [
            0.1310611218214035,
            0.26324576139450073,
            0.9557848572731018,
            0.0
          ],
          [
            0.0,
            0.0,
            0.0,
            1.0
          ]
        ],
        "rotation_mode": "QUATERNION"
      },
      "armature_space": {
        "head": {
          "x": 0.3545989990234375,
          "y": 0.09073587507009506,
          "z": 0.47822296619415283
        },
        "tail": {
          "x": 0.6033811569213867,
          "y": -0.006419181823730469,
          "z": 0.4936401844024658
        }
      },
      "world_space": {
        "head": {
          "x": 0.3545989990234375,
          "y": 0.15397986769676208,
          "z": 1.428076982498169
        },
        "tail": {
          "x": 0.6033811569213867,
          "y": 0.05682481825351715,
          "z": 1.443494200706482
        },
        "rotation_quaternion": {
          "w": 0.2631765604019165,
          "x": 0.7527084946632385,
          "y": 0.4991547763347626,
          "z": -0.33913522958755493
        },
        "matrix": [
          [
            0.27166271209716797,
            0.9299415946006775,
            -0.2478061020374298,
            0.3545989990234375
          ],
          [
            0.5729314684867859,
            -0.3631632328033447,
            -0.734753429889679,
            0.15397986769676208
          ],
          [
            -0.773276686668396,
            0.05762919783592224,
            -0.6314556002616882,
            1.428076982498169
          ],
          [
            0.0,
            0.0,
            0.0,
            1.0
          ]
        ]
      },
      "bone_length_armature_space": 0.26752449869505524,
      "parent": "upperarm_l",
      "has_children": true,
      "is_end_bone": false
    },
    "metacarpal_thumb_l": {
      "name": "metacarpal_thumb_l",
      "local": {
        "location": {
          "x": 0.0,
          "y": 0.0,
          "z": 0.0
        },
        "rotation_quaternion": {
          "w": 0.9989579916000366,
          "x": -0.044146034866571426,
          "y": 0.009990761987864971,
          "z": -0.00585987139493227
        },
        "scale": {
          "x": 1.0,
          "y": 1.0,
          "z": 1.0
        },
        "matrix_basis": [
          [
            0.999731719493866,
            0.010825425386428833,
            0.020478082820773125,
            0.0
          ],
          [
            -0.012589635327458382,
            0.9960335493087769,
            0.08808297663927078,
            0.0
          ],
          [
            -0.019443321973085403,
            -0.0883171558380127,
            0.9959025979042053,
            0.0
          ],
          [
            0.0,
            0.0,
            0.0,
            1.0
          ]
        ],
        "rotation_mode": "QUATERNION"
      },
      "armature_space": {
        "head": {
          "x": 0.6033811569213867,
          "y": -0.006419181823730469,
          "z": 0.4936401844024658
        },
        "tail": {
          "x": 0.6347460150718689,
          "y": -0.039395857602357864,
          "z": 0.4740857481956482
        }
      },
      "world_space": {
        "head": {
          "x": 0.6033811569213867,
          "y": 0.05682481825351715,
          "z": 1.443494200706482
        },
        "tail": {
          "x": 0.6347460150718689,
          "y": 0.023848142474889755,
          "z": 1.4239397048950195
        },
        "rotation_quaternion": {
          "w": 0.2844666540622711,
          "x": -0.8921669721603394,
          "y": -0.2936108112335205,
          "z": -0.19211862981319427
        },
        "matrix": [
          [
            0.7537661194801331,
            0.6332026124000549,
            0.1757575273513794,
            0.6033811569213867
          ],
          [
            0.41459840536117554,
            -0.6657426357269287,
            0.6203993558883667,
            0.05682481825351715
          ],
          [
            0.5098516941070557,
            -0.39477047324180603,
            -0.7643438577651978,
            1.443494200706482
          ],
          [
            0.0,
            0.0,
            0.0,
            1.0
          ]
        ]
      },
      "bone_length_armature_space": 0.04953373985000491,
      "parent": "lowerarm_l",
      "has_children": true,
      "is_end_bone": false
    },
    "thumb_01_l": {
      "name": "thumb_01_l",
      "local": {
        "location": {
          "x": 0.0,
          "y": 0.0,
          "z": 0.0
        },
        "rotation_quaternion": {
          "w": 0.9996322989463806,
          "x": -0.027050156146287918,
          "y": -0.0018992754630744457,
          "z": -0.00018120859749615192
        },
        "scale": {
          "x": 1.0,
          "y": 1.0,
          "z": 1.0
        },
        "matrix_basis": [
          [
            0.9999927282333374,
            0.00046503532212227583,
            -0.0037873508408665657,
            0.0
          ],
          [
            -0.0002595325349830091,
            0.9985365271568298,
            0.054081108421087265,
            0.0
          ],
          [
            0.0038069577421993017,
            -0.054079730063676834,
            0.9985293745994568,
            0.0
          ],
          [
            0.0,
            0.0,
            0.0,
            1.0
          ]
        ],
        "rotation_mode": "QUATERNION"
      },
      "armature_space": {
        "head": {
          "x": 0.6347460150718689,
          "y": -0.039395857602357864,
          "z": 0.4740857481956482
        },
        "tail": {
          "x": 0.6487828493118286,
          "y": -0.04117663949728012,
          "z": 0.4431271553039551
        }
      },
      "world_space": {
        "head": {
          "x": 0.6347460150718689,
          "y": 0.023848142474889755,
          "z": 1.4239397048950195
        },
        "tail": {
          "x": 0.6487828493118286,
          "y": 0.0220673605799675,
          "z": 1.3929811716079712
        },
        "rotation_quaternion": {
          "w": 0.6441917419433594,
          "x": -0.5126702785491943,
          "y": 0.24261018633842468,
          "z": -0.513153612613678
        },
        "matrix": [
          [
            0.35562434792518616,
            0.41238030791282654,
            0.8387333750724792,
            0.6347460150718689
          ],
          [
            -0.9098976850509644,
            -0.052316538989543915,
            0.4115208387374878,
            0.023848142474889755
          ],
          [
            0.21358349919319153,
            -0.9095147848129272,
            0.35662174224853516,
            1.4239397048950195
          ],
          [
            0.0,
            0.0,
            0.0,
            1.0
          ]
        ]
      },
      "bone_length_armature_space": 0.034038777573283434,
      "parent": "metacarpal_thumb_l",
      "has_children": true,
      "is_end_bone": false
    },
    "thumb_02_l": {
      "name": "thumb_02_l",
      "local": {
        "location": {
          "x": 0.0,
          "y": 0.0,
          "z": 0.0
        },
        "rotation_quaternion": {
          "w": 0.9983773231506348,
          "x": 0.05626493692398071,
          "y": 0.004817459266632795,
          "z": 0.007333135232329369
        },
        "scale": {
          "x": 1.0,
          "y": 1.0,
          "z": 1.0
        },
        "matrix_basis": [
          [
            0.9998460412025452,
            -0.014100363478064537,
            0.010444480925798416,
            0.0
          ],
          [
            0.015184580348432064,
            0.9935609698295593,
            -0.11227662116289139,
            0.0
          ],
          [
            -0.00879408698529005,
            0.11241792887449265,
            0.9936221241950989,
            0.0
          ],
          [
            0.0,
            0.0,
            0.0,
            1.0
          ]
        ],
        "rotation_mode": "QUATERNION"
      },
      "armature_space": {
        "head": {
          "x": 0.6487827897071838,
          "y": -0.04117662459611893,
          "z": 0.4431271255016327
        },
        "tail": {
          "x": 0.6865541338920593,
          "y": -0.05481661111116409,
          "z": 0.4438023269176483
        }
      },
      "world_space": {
        "head": {
          "x": 0.6487827897071838,
          "y": 0.022067375481128693,
          "z": 1.3929811716079712
        },
        "tail": {
          "x": 0.6865541338920593,
          "y": 0.008427388966083527,
          "z": 1.3936563730239868
        },
        "rotation_quaternion": {
          "w": 0.5746060013771057,
          "x": 0.007350570056587458,
          "y": -0.005109997000545263,
          "z": -0.8183812499046326
        },
        "matrix": [
          [
            -0.3395480513572693,
            0.9404183030128479,
            -0.01790326088666916,
            0.6487827897071838
          ],
          [
            -0.940568745136261,
            -0.33960381150245667,
            -8.323043584823608e-05,
            0.022067375481128693
          ],
          [
            -0.006159140728414059,
            0.016810931265354156,
            0.9998468160629272,
            1.3929811716079712
          ],
          [
            0.0,
            0.0,
            0.0,
            1.0
          ]
        ]
      },
      "bone_length_armature_space": 0.04016440658647101,
      "parent": "thumb_01_l",
      "has_children": true,
      "is_end_bone": false
    },
    "thumb_03_l": {
      "name": "thumb_03_l",
      "local": {
        "location": {
          "x": 0.0,
          "y": 0.0,
          "z": 0.0
        },
        "rotation_quaternion": {
          "w": 0.9986681342124939,
          "x": 0.0500837080180645,
          "y": 0.01067159790545702,
          "z": 0.006306071765720844
        },
        "scale": {
          "x": 1.0,
          "y": 1.0,
          "z": 1.0
        },
        "matrix_basis": [
          [
            0.9996926784515381,
            -0.011526399292051792,
            0.021946432068943977,
            0.0
          ],
          [
            0.01366429217159748,
            0.9949036836624146,
            -0.09989941120147705,
            0.0
          ],
          [
            -0.020683106034994125,
            0.10016860067844391,
            0.9947555065155029,
            0.0
          ],
          [
            0.0,
            0.0,
            0.0,
            1.0
          ]
        ],
        "rotation_mode": "QUATERNION"
      },
      "armature_space": {
        "head": {
          "x": 0.6865540742874146,
          "y": -0.05481664836406708,
          "z": 0.44380226731300354
        },
        "tail": {
          "x": 0.7141237854957581,
          "y": -0.060570333153009415,
          "z": 0.45536506175994873
        }
      },
      "world_space": {
        "head": {
          "x": 0.6865540742874146,
          "y": 0.008427351713180542,
          "z": 1.3936562538146973
        },
        "tail": {
          "x": 0.7141237854957581,
          "y": 0.002673666924238205,
          "z": 1.4052190780639648
        },
        "rotation_quaternion": {
          "w": 0.6361921429634094,
          "x": 0.26703643798828125,
          "y": -0.027664994820952415,
          "z": -0.7233158349990845
        },
        "matrix": [
          [
            -0.04790095239877701,
            0.905561625957489,
            -0.42150169610977173,
            0.6865540742874146
          ],
          [
            -0.9351106286048889,
            -0.18898694217205048,
            -0.29975390434265137,
            0.008427351713180542
          ],
          [
            -0.3511071503162384,
            0.37979477643966675,
            0.8558586835861206,
            1.3936562538146973
          ],
          [
            0.0,
            0.0,
            0.0,
            1.0
          ]
        ]
      },
      "bone_length_armature_space": 0.03044490213095192,
      "parent": "thumb_02_l",
      "has_children": false,
      "is_end_bone": true
    },
    "metacarpal_index_l": {
      "name": "metacarpal_index_l",
      "local": {
        "location": {
          "x": 0.0,
          "y": 0.0,
          "z": 0.0
        },
        "rotation_quaternion": {
          "w": 0.999354898929596,
          "x": -0.03132496029138565,
          "y": 0.014100992120802402,
          "z": -0.010471134446561337
        },
        "scale": {
          "x": 1.0,
          "y": 1.0,
          "z": 1.0
        },
        "matrix_basis": [
          [
            0.9993830323219299,
            0.020045332610607147,
            0.028839806094765663,
            0.0
          ],
          [
            -0.021812185645103455,
            0.9978182315826416,
            0.062314197421073914,
            0.0
          ],
          [
            -0.02752777561545372,
            -0.06290481239557266,
            0.9976398348808289,
            0.0
          ],
          [
            0.0,
            0.0,
            0.0,
            1.0
          ]
        ],
        "rotation_mode": "QUATERNION"
      },
      "armature_space": {
        "head": {
          "x": 0.6033811569213867,
          "y": -0.006419181823730469,
          "z": 0.4936401844024658
        },
        "tail": {
          "x": 0.7017092108726501,
          "y": -0.06873717904090881,
          "z": 0.4803255796432495
        }
      },
      "world_space": {
        "head": {
          "x": 0.6033811569213867,
          "y": 0.05682481825351715,
          "z": 1.443494200706482
        },
        "tail": {
          "x": 0.7017092108726501,
          "y": -0.005493178963661194,
          "z": 1.4301795959472656
        },
        "rotation_quaternion": {
          "w": 0.07053015381097794,
          "x": -0.8751119375228882,
          "y": -0.4786436855792999,
          "z": -0.010249564424157143
        },
        "matrix": [
          [
            0.5415903925895691,
            0.8391790390014648,
            -0.049579210579395294,
            0.6033811569213867
          ],
          [
            0.8362878561019897,
            -0.5318518280982971,
            0.13325470685958862,
            0.05682481825351715
          ],
          [
            0.08545693755149841,
            -0.11363328248262405,
            -0.9898478388786316,
            1.443494200706482
          ],
          [
            0.0,
            0.0,
            0.0,
            1.0
          ]
        ]
      },
      "bone_length_armature_space": 0.11717174363257293,
      "parent": "lowerarm_l",
      "has_children": true,
      "is_end_bone": false
    },
    "index_01_l": {
      "name": "index_01_l",
      "local": {
        "location": {
          "x": 0.0,
          "y": 0.0,
          "z": 0.0
        },
        "rotation_quaternion": {
          "w": 0.9916587471961975,
          "x": -0.12828271090984344,
          "y": -0.012450135312974453,
          "z": 0.0012191790156066418
        },
        "scale": {
          "x": 1.0,
          "y": 1.0,
          "z": 1.0
        },
        "matrix_basis": [
          [
            0.9996870160102844,
            0.0007762551540508866,
            -0.025005370378494263,
            0.0
          ],
          [
            0.005612293258309364,
            0.9670841097831726,
            0.2543949782848358,
            0.0
          ],
          [
            0.024379771202802658,
            -0.25445571541786194,
            0.9667770862579346,
            0.0
          ],
          [
            0.0,
            0.0,
            0.0,
            1.0
          ]
        ],
        "rotation_mode": "QUATERNION"
      },
      "armature_space": {
        "head": {
          "x": 0.7017092108726501,
          "y": -0.06873717904090881,
          "z": 0.4803255796432495
        },
        "tail": {
          "x": 0.7279408574104309,
          "y": -0.0757354348897934,
          "z": 0.4890430271625519
        }
      },
      "world_space": {
        "head": {
          "x": 0.7017092108726501,
          "y": -0.005493178963661194,
          "z": 1.4301795959472656
        },
        "tail": {
          "x": 0.7279408574104309,
          "y": -0.012491434812545776,
          "z": 1.4388970136642456
        },
        "rotation_quaternion": {
          "w": 0.08885058015584946,
          "x": 0.7769765853881836,
          "y": 0.6077753305435181,
          "z": 0.13792097568511963
        },
        "matrix": [
          [
            0.22317317128181458,
            0.9199458360671997,
            0.32232463359832764,
            0.7017092108726501
          ],
          [
            0.9689633846282959,
            -0.24542923271656036,
            0.029581576585769653,
            -0.005493178963661194
          ],
          [
            0.10632281005382538,
            0.3057207763195038,
            -0.9461736083030701,
            1.4301795959472656
          ],
          [
            0.0,
            0.0,
            0.0,
            1.0
          ]
        ]
      },
      "bone_length_armature_space": 0.028514360914642767,
      "parent": "metacarpal_index_l",
      "has_children": true,
      "is_end_bone": false
    },
    "index_02_l": {
      "name": "index_02_l",
      "local": {
        "location": {
          "x": 0.0,
          "y": 0.0,
          "z": 0.0
        },
        "rotation_quaternion": {
          "w": 0.9997593760490417,
          "x": 0.019494494423270226,
          "y": 0.009446978569030762,
          "z": -0.0034798274282366037
        },
        "scale": {
          "x": 1.0,
          "y": 1.0,
          "z": 1.0
        },
        "matrix_basis": [
          [
            0.9997972846031189,
            0.00732630817219615,
            0.018753735348582268,
            0.0
          ],
          [
            -0.0065896520391106606,
            0.9992157220840454,
            -0.03904535621404648,
            0.0
          ],
          [
            -0.019025085493922234,
            0.03891386091709137,
            0.9990614652633667,
            0.0
          ],
          [
            0.0,
            0.0,
            0.0,
            1.0
          ]
        ],
        "rotation_mode": "QUATERNION"
      },
      "armature_space": {
        "head": {
          "x": 0.7279413342475891,
          "y": -0.07573575526475906,
          "z": 0.48904281854629517
        },
        "tail": {
          "x": 0.7517701387405396,
          "y": -0.08113279193639755,
          "z": 0.4968627989292145
        }
      },
      "world_space": {
        "head": {
          "x": 0.7279413342475891,
          "y": -0.012491755187511444,
          "z": 1.438896894454956
        },
        "tail": {
          "x": 0.7517701387405396,
          "y": -0.017888791859149933,
          "z": 1.4467167854309082
        },
        "rotation_quaternion": {
          "w": 0.10413652658462524,
          "x": 0.7691360116004944,
          "y": 0.6196479201316833,
          "z": 0.11671335995197296
        },
        "matrix": [
          [
            0.20482830703258514,
            0.9288787245750427,
            0.30859261751174927,
            0.7279413342475891
          ],
          [
            0.9774954915046692,
            -0.21038402616977692,
            -0.015546664595603943,
            -0.012491755187511444
          ],
          [
            0.050483085215091705,
            0.3048340976238251,
            -0.9510741233825684,
            1.438896894454956
          ],
          [
            0.0,
            0.0,
            0.0,
            1.0
          ]
        ]
      },
      "bone_length_armature_space": 0.02565330483543197,
      "parent": "index_01_l",
      "has_children": true,
      "is_end_bone": false
    },
    "index_03_l": {
      "name": "index_03_l",
      "local": {
        "location": {
          "x": 0.0,
          "y": 0.0,
          "z": 0.0
        },
        "rotation_quaternion": {
          "w": 0.9990842342376709,
          "x": 0.04183294251561165,
          "y": -0.005898624192923307,
          "z": -0.00678040087223053
        },
        "scale": {
          "x": 1.0,
          "y": 1.0,
          "z": 1.0
        },
        "matrix_basis": [
          [
            0.9998384714126587,
            0.013054870069026947,
            -0.01235373318195343,
            0.0
          ],
          [
            -0.014041896909475327,
            0.9964080452919006,
            -0.08350927382707596,
            0.0
          ],
          [
            0.01121915690600872,
            0.0836692601442337,
            0.9964303970336914,
            0.0
          ],
          [
            0.0,
            0.0,
            0.0,
            1.0
          ]
        ],
        "rotation_mode": "QUATERNION"
      },
      "armature_space": {
        "head": {
          "x": 0.75177001953125,
          "y": -0.08113281428813934,
          "z": 0.4968629479408264
        },
        "tail": {
          "x": 0.7805360555648804,
          "y": -0.08411762118339539,
          "z": 0.5010268688201904
        }
      },
      "world_space": {
        "head": {
          "x": 0.75177001953125,
          "y": -0.017888814210891724,
          "z": 1.4467170238494873
        },
        "tail": {
          "x": 0.7805360555648804,
          "y": -0.020873621106147766,
          "z": 1.4508808851242065
        },
        "rotation_quaternion": {
          "w": 0.025360139086842537,
          "x": 0.7381874918937683,
          "y": 0.6695369482040405,
          "z": 0.07846295088529587
        },
        "matrix": [
          [
            0.09112744778394699,
            0.9845078587532043,
            0.14979910850524902,
            0.75177001953125
          ],
          [
            0.9924675226211548,
            -0.10215418040752411,
            0.06762713938951492,
            -0.017888814210891724
          ],
          [
            0.08188340812921524,
            0.14250878989696503,
            -0.9864079356193542,
            1.4467170238494873
          ],
          [
            0.0,
            0.0,
            0.0,
            1.0
          ]
        ]
      },
      "bone_length_armature_space": 0.02921869490365159,
      "parent": "index_02_l",
      "has_children": false,
      "is_end_bone": true
    },
    "metacarpal_pinky_l": {
      "name": "metacarpal_pinky_l",
      "local": {
        "location": {
          "x": 0.0,
          "y": 0.0,
          "z": 0.0
        },
        "rotation_quaternion": {
          "w": 0.9995862245559692,
          "x": 0.02190985716879368,
          "y": -0.004710683133453131,
          "z": -0.018037131056189537
        },
        "scale": {
          "x": 1.0,
          "y": 1.0,
          "z": 1.0
        },
        "matrix_basis": [
          [
            0.9993049502372742,
            0.03585291653871536,
            -0.01020784955471754,
            0.0
          ],
          [
            -0.03626575693488121,
            0.9983892440795898,
            -0.043631646782159805,
            0.0
          ],
          [
            0.008627085946500301,
            0.04397151619195938,
            0.9989955425262451,
            0.0
          ],
          [
            0.0,
            0.0,
            0.0,
            1.0
          ]
        ],
        "rotation_mode": "QUATERNION"
      },
      "armature_space": {
        "head": {
          "x": 0.6033811569213867,
          "y": -0.006419181823730469,
          "z": 0.4936401844024658
        },
        "tail": {
          "x": 0.7027825713157654,
          "y": -0.02474110946059227,
          "z": 0.5186778903007507
        }
      },
      "world_space": {
        "head": {
          "x": 0.6033811569213867,
          "y": 0.05682481825351715,
          "z": 1.443494200706482
        },
        "tail": {
          "x": 0.7027825713157654,
          "y": 0.03850289061665535,
          "z": 1.468531847000122
        },
        "rotation_quaternion": {
          "w": 0.6101541519165039,
          "x": 0.40894612669944763,
          "y": 0.19933541119098663,
          "z": -0.6486451029777527
        },
        "matrix": [
          [
            0.07905171066522598,
            0.9545826315879822,
            -0.28726765513420105,
            0.6033811569213867
          ],
          [
            -0.6285119652748108,
            -0.17595115303993225,
            -0.7576375603675842,
            0.05682481825351715
          ],
          [
            -0.77377849817276,
            0.2404450625181198,
            0.5860607028007507,
            1.443494200706482
          ],
          [
            0.0,
            0.0,
            0.0,
            1.0
          ]
        ]
      },
      "bone_length_armature_space": 0.10413078912456074,
      "parent": "lowerarm_l",
      "has_children": true,
      "is_end_bone": false
    },
    "pinky_01_l": {
      "name": "pinky_01_l",
      "local": {
        "location": {
          "x": 0.0,
          "y": 0.0,
          "z": 0.0
        },
        "rotation_quaternion": {
          "w": 0.9657087326049805,
          "x": 0.25848281383514404,
          "y": 0.022829730063676834,
          "z": 0.008504440076649189
        },
        "scale": {
          "x": 1.0,
          "y": 1.0,
          "z": 1.0
        },
        "matrix_basis": [
          [
            0.9988129734992981,
            -0.004623438231647015,
            0.048490241169929504,
            0.0
          ],
          [
            0.028227809816598892,
            0.8662286400794983,
            -0.49884989857673645,
            0.0
          ],
          [
            -0.03969723731279373,
            0.4996265172958374,
            0.8653308749198914,
            0.0
          ],
          [
            0.0,
            0.0,
            0.0,
            1.0
          ]
        ],
        "rotation_mode": "QUATERNION"
      },
      "armature_space": {
        "head": {
          "x": 0.7027825713157654,
          "y": -0.02474110946059227,
          "z": 0.5186778903007507
        },
