{
  "metadata": {
    "armature_name": "KIM_caucasian_male",
    "export_time": "2026-01-13T20:55:13.848584",
    "blender_version": "4.4.1",
    "bone_count": 56,
    "end_bone_count": 13,
    "spaces_included": [
      "LOCAL_CHANNELS",
      "ARMATURE_SPACE",
      "WORLD_SPACE"
    ],
    "note": "LOCAL matches Transform panel; replay pose via local.matrix_basis for best fidelity."
  },
  "bones": {
    "Root": {
      "name": "Root",
      "local": {
        "location": {
          "x": 0.0,
          "y": 0.0,
          "z": 0.0
        },
        "rotation_quaternion": {
          "w": 0.9996533989906311,
          "x": -0.014719800092279911,
          "y": 0.01851581037044525,
          "z": 0.011562027968466282
        },
        "scale": {
          "x": 1.0,
          "y": 1.0,
          "z": 1.0
        },
        "matrix_basis": [
          [
            0.9990469813346863,
            -0.023661138489842415,
            0.03667840361595154,
            0.0
          ],
          [
            0.02257094345986843,
            0.9992992877960205,
            0.029857557266950607,
            0.0
          ],
          [
            -0.03735916689038277,
            -0.029001235961914062,
            0.9988809823989868,
            0.0
          ],
          [
            0.0,
            0.0,
            0.0,
            1.0
          ]
        ],
        "rotation_mode": "QUATERNION"
      },
      "armature_space": {
        "head": {
          "x": 0.0,
          "y": 0.07072800397872925,
          "z": -0.009595036506652832
        },
        "tail": {
          "x": -0.0016888342797756195,
          "y": 0.00032782554626464844,
          "z": 0.0020444905385375023
        }
      },
      "world_space": {
        "head": {
          "x": 0.0,
          "y": 0.13397200405597687,
          "z": 0.9402589797973633
        },
        "tail": {
          "x": -0.0016888342797756195,
          "y": 0.06357182562351227,
          "z": 0.9518985152244568
        },
        "rotation_quaternion": {
          "w": 0.08203066885471344,
          "x": 0.996390700340271,
          "y": -0.010288390330970287,
          "z": 0.019252659752964973
        },
        "matrix": [
          [
            0.9990469813346863,
            -0.023661138489842415,
            0.03667840361595154,
            0.0
          ],
          [
            -0.01734388992190361,
            -0.9863302111625671,
            -0.1638658046722412,
            0.13397200405597687
          ],
          [
            0.040054529905319214,
            0.16307370364665985,
            -0.9858075976371765,
            0.9402589797973633
          ],
          [
            0.0,
            0.0,
            0.0,
            1.0
          ]
        ]
      },
      "bone_length_armature_space": 0.07137587902124484,
      "parent": null,
      "has_children": true,
      "is_end_bone": false
    },
    "spine_01": {
      "name": "spine_01",
      "local": {
        "location": {
          "x": 0.0,
          "y": 0.0,
          "z": 0.0
        },
        "rotation_quaternion": {
          "w": 0.9969608187675476,
          "x": 0.07545795291662216,
          "y": 0.01905370131134987,
          "z": -0.0034875632263720036
        },
        "scale": {
          "x": 1.0,
          "y": 1.0,
          "z": 1.0
        },
        "matrix_basis": [
          [
            0.9992495775222778,
            0.00982943456619978,
            0.037465259432792664,
            0.0
          ],
          [
            -0.004078421276062727,
            0.9885878562927246,
            -0.15059015154838562,
            0.0
          ],
          [
            -0.03851791471242905,
            0.15032434463500977,
            0.9878861308097839,
            0.0
          ],
          [
            0.0,
            0.0,
            0.0,
            1.0
          ]
        ],
        "rotation_mode": "QUATERNION"
      },
      "armature_space": {
        "head": {
          "x": -0.0016888342797756195,
          "y": 0.00032782554626464844,
          "z": 0.0020444905385375023
        },
        "tail": {
          "x": -0.017019346356391907,
          "y": -0.035999249666929245,
          "z": 0.48845356702804565
        }
      },
      "world_space": {
        "head": {
          "x": -0.0016888342797756195,
          "y": 0.06357182562351227,
          "z": 0.9518985152244568
        },
        "tail": {
          "x": -0.017019346356391907,
          "y": 0.027244750410318375,
          "z": 1.438307523727417
        },
        "rotation_quaternion": {
          "w": 0.6802693605422974,
          "x": 0.7327024340629578,
          "y": -0.003636566223576665,
          "z": 0.019173186272382736
        },
        "matrix": [
          [
            0.9992383122444153,
            -0.031414907425642014,
            0.023148568347096443,
            -0.0016888342797756195
          ],
          [
            0.020756611600518227,
            -0.07444053888320923,
            -0.9970095157623291,
            0.06357182562351227
          ],
          [
            0.033044394105672836,
            0.9967373609542847,
            -0.07373319566249847,
            0.9518985152244568
          ],
          [
            0.0,
            0.0,
            0.0,
            1.0
          ]
        ]
      },
      "bone_length_armature_space": 0.4880045736363098,
      "parent": "Root",
      "has_children": true,
      "is_end_bone": false
    },
    "neck_01": {
      "name": "neck_01",
      "local": {
        "location": {
          "x": 0.0,
          "y": 0.0,
          "z": 0.0
        },
        "rotation_quaternion": {
          "w": 0.9854156970977783,
          "x": -0.07119805365800858,
          "y": 0.1033075749874115,
          "z": 0.11495383083820343
        },
        "scale": {
          "x": 1.0,
          "y": 1.0,
          "z": 1.0
        },
        "matrix_basis": [
          [
            0.9522263407707214,
            -0.2412652224302292,
            0.1872328370809555,
            0.0
          ],
          [
            0.21184402704238892,
            0.9634329080581665,
            0.16407056152820587,
            0.0
          ],
          [
            -0.21997079253196716,
            -0.11656815558671951,
            0.9685167670249939,
            0.0
          ],
          [
            0.0,
            0.0,
            0.0,
            1.0
          ]
        ],
        "rotation_mode": "QUATERNION"
      },
      "armature_space": {
        "head": {
          "x": -0.018516696989536285,
          "y": -0.07602639496326447,
          "z": 0.5588760375976562
        },
        "tail": {
          "x": -0.04561346769332886,
          "y": -0.11003006994724274,
          "z": 0.6517213582992554
        }
      },
      "world_space": {
        "head": {
          "x": -0.018516696989536285,
          "y": -0.012782394886016846,
          "z": 1.5087300539016724
        },
        "tail": {
          "x": -0.04561346769332886,
          "y": -0.04678606986999512,
          "z": 1.6015753746032715
        },
        "rotation_quaternion": {
          "w": 0.576304018497467,
          "x": 0.7987667918205261,
          "y": -0.04512915015220642,
          "z": 0.16675952076911926
        },
        "matrix": [
          [
            0.9403095245361328,
            -0.2643037438392639,
            0.21438632905483246,
            -0.018516696989536285
          ],
          [
            0.12011169642210007,
            -0.33167409896850586,
            -0.9357168078422546,
            -0.012782394886016846
          ],
          [
            0.3184221088886261,
            0.9056195020675659,
            -0.2801331877708435,
            1.5087300539016724
          ],
          [
            0.0,
            0.0,
            0.0,
            1.0
          ]
        ]
      },
      "bone_length_armature_space": 0.10252189350577054,
      "parent": "spine_01",
      "has_children": true,
      "is_end_bone": false
    },
    "head": {
      "name": "head",
      "local": {
        "location": {
          "x": 0.0,
          "y": 0.0,
          "z": 0.0
        },
        "rotation_quaternion": {
          "w": 0.9874049425125122,
          "x": -0.04556908831000328,
          "y": 0.129893958568573,
          "z": -0.07799088209867477
        },
        "scale": {
          "x": 1.0,
          "y": 1.0,
          "z": 1.0
        },
        "matrix_basis": [
          [
            0.9540899395942688,
            0.14217886328697205,
            0.26362383365631104,
            0.0
          ],
          [
            -0.16585546731948853,
            0.9836817383766174,
            0.06972919404506683,
            0.0
          ],
          [
            -0.24940793216228485,
            -0.11025137454271317,
            0.9621020555496216,
            0.0
          ],
          [
            0.0,
            0.0,
            0.0,
            1.0
          ]
        ],
        "rotation_mode": "QUATERNION"
      },
      "armature_space": {
        "head": {
          "x": -0.04561341553926468,
          "y": -0.11003018915653229,
          "z": 0.6517212390899658
        },
        "tail": {
          "x": -0.07612141966819763,
          "y": -0.08605770021677017,
          "z": 0.8018807172775269
        }
      },
      "world_space": {
        "head": {
          "x": -0.04561341553926468,
          "y": -0.04678618907928467,
          "z": 1.601575255393982
        },
        "tail": {
          "x": -0.07612141966819763,
          "y": -0.022813700139522552,
          "z": 1.751734733581543
        },
        "rotation_quaternion": {
          "w": 0.7571585178375244,
          "x": 0.6241674423217773,
          "y": 0.06321785598993301,
          "z": 0.18201491236686707
        },
        "matrix": [
          [
            0.9257477521896362,
            -0.19671136140823364,
            0.3229485750198364,
            -0.04561341553926468
          ],
          [
            0.35454657673835754,
            0.1545712649822235,
            -0.9221739768981934,
            -0.04678618907928467
          ],
          [
            0.1314847469329834,
            0.9682075381278992,
            0.21283790469169617,
            1.601575255393982
          ],
          [
            0.0,
            0.0,
            0.0,
            1.0
          ]
        ]
      },
      "bone_length_armature_space": 0.15509122340078663,
      "parent": "neck_01",
      "has_children": false,
      "is_end_bone": true
    },
    "upperarm_l": {
      "name": "upperarm_l",
      "local": {
        "location": {
          "x": 0.0,
          "y": 0.0,
          "z": 0.0
        },
        "rotation_quaternion": {
          "w": 0.877404510974884,
          "x": 0.411525160074234,
          "y": -0.06038003787398338,
          "z": 0.23908711969852448
        },
        "scale": {
          "x": 1.0,
          "y": 1.0,
          "z": 1.0
        },
        "matrix_basis": [
          [
            0.878383219242096,
            -0.46924805641174316,
            0.09082529693841934,
            0.0
          ],
          [
            0.36985641717910767,
            0.5469687581062317,
            -0.7510202527046204,
            0.0
          ],
          [
            0.30273616313934326,
            0.6932758688926697,
            0.6540026068687439,
            0.0
          ],
          [
            0.0,
            0.0,
            0.0,
            1.0
          ]
        ],
        "rotation_mode": "QUATERNION"
      },
      "armature_space": {
        "head": {
          "x": 0.13355422019958496,
          "y": -0.07108952105045319,
          "z": 0.496609091758728
        },
        "tail": {
          "x": 0.2904364764690399,
          "y": -0.25891944766044617,
          "z": 0.6057678461074829
        }
      },
      "world_space": {
        "head": {
          "x": 0.13355422019958496,
          "y": -0.007845520973205566,
          "z": 1.4464631080627441
        },
        "tail": {
          "x": 0.2904364764690399,
          "y": -0.19567544758319855,
          "z": 1.555621862411499
        },
        "rotation_quaternion": {
          "w": 0.3638966381549835,
          "x": 0.7517343759536743,
          "y": 0.13080812990665436,
          "z": -0.5341946482658386
        },
        "matrix": [
          [
            0.3950513005256653,
            0.5854483246803284,
            -0.7079440355300903,
            0.13355422019958496
          ],
          [
            -0.19211670756340027,
            -0.7009378671646118,
            -0.6868606805801392,
            -0.007845520973205566
          ],
          [
            -0.8983525037765503,
            0.4073551893234253,
            -0.16443373262882233,
            1.4464631080627441
          ],
          [
            0.0,
            0.0,
            0.0,
            1.0
          ]
        ]
      },
      "bone_length_armature_space": 0.26796969769479867,
      "parent": "spine_01",
      "has_children": true,
      "is_end_bone": false
    },
    "lowerarm_l": {
      "name": "lowerarm_l",
      "local": {
        "location": {
          "x": 0.0,
          "y": 0.0,
          "z": 0.0
        },
        "rotation_quaternion": {
          "w": 0.9595234394073486,
          "x": 0.04672865942120552,
          "y": 0.12045042961835861,
          "z": -0.25024574995040894
        },
        "scale": {
          "x": 1.0,
          "y": 1.0,
          "z": 1.0
        },
        "matrix_basis": [
          [
            0.8457375168800354,
            0.49149030447006226,
            0.2077627182006836,
            0.0
          ],
          [
            -0.46897634863853455,
            0.8703870177268982,
            -0.14995890855789185,
            0.0
          ],
          [
            -0.25453731417655945,
            0.02939007245004177,
            0.9666162729263306,
            0.0
          ],
          [
            0.0,
            0.0,
            0.0,
            1.0
          ]
        ],
        "rotation_mode": "QUATERNION"
      },
      "armature_space": {
        "head": {
          "x": 0.29043644666671753,
          "y": -0.25891950726509094,
          "z": 0.6057679653167725
        },
        "tail": {
          "x": 0.43554630875587463,
          "y": -0.48327985405921936,
          "z": 0.5925418138504028
        }
      },
      "world_space": {
        "head": {
          "x": 0.29043644666671753,
          "y": -0.19567550718784332,
          "z": 1.5556219816207886
        },
        "tail": {
          "x": 0.43554630875587463,
          "y": -0.42003583908081055,
          "z": 1.542395830154419
        },
        "rotation_quaternion": {
          "w": 0.14328525960445404,
          "x": 0.7805464267730713,
          "y": 0.24523921310901642,
          "z": -0.5568432807922363
        },
        "matrix": [
          [
            0.25956612825393677,
            0.5424171090126038,
            -0.7990050315856934,
            0.29043644666671753
          ],
          [
            0.22326631844043732,
            -0.8386535048484802,
            -0.49680250883102417,
            -0.19567550718784332
          ],
          [
            -0.9395686984062195,
            -0.04943903908133507,
            -0.33879223465919495,
            1.5556219816207886
          ],
          [
            0.0,
            0.0,
            0.0,
            1.0
          ]
        ]
      },
      "bone_length_armature_space": 0.2675245168900823,
      "parent": "upperarm_l",
      "has_children": true,
      "is_end_bone": false
    },
    "metacarpal_thumb_l": {
      "name": "metacarpal_thumb_l",
      "local": {
        "location": {
          "x": 0.0,
          "y": 0.0,
          "z": 0.0
        },
        "rotation_quaternion": {
          "w": 0.9996073246002197,
          "x": 0.008403676562011242,
          "y": -0.023232435807585716,
          "z": 0.013222850859165192
        },
        "scale": {
          "x": 1.0,
          "y": 1.0,
          "z": 1.0
        },
        "matrix_basis": [
          [
            0.9985707998275757,
            -0.026825793087482452,
            -0.046224385499954224,
            0.0
          ],
          [
            0.02604484185576439,
            0.9995090961456299,
            -0.017415151000022888,
            0.0
          ],
          [
            0.04666886851191521,
            0.01618635468184948,
            0.9987792372703552,
            0.0
          ],
          [
            0.0,
            0.0,
            0.0,
            1.0
          ]
        ],
        "rotation_mode": "QUATERNION"
      },
      "armature_space": {
        "head": {
          "x": 0.43554630875587463,
          "y": -0.48327985405921936,
          "z": 0.5925418138504028
        },
        "tail": {
          "x": 0.43464621901512146,
          "y": -0.5280227065086365,
          "z": 0.5713083148002625
        }
      },
      "world_space": {
        "head": {
          "x": 0.43554630875587463,
          "y": -0.42003583908081055,
          "z": 1.542395830154419
        },
        "tail": {
          "x": 0.43464621901512146,
          "y": -0.46477872133255005,
          "z": 1.5211622714996338
        },
        "rotation_quaternion": {
          "w": 0.21845759451389313,
          "x": -0.9729547500610352,
          "y": 0.025214215740561485,
          "z": -0.07070782780647278
        },
        "matrix": [
          [
            0.9887292385101318,
            -0.018171336501836777,
            0.14860749244689941,
            0.43554630875587463
          ],
          [
            -0.07995786517858505,
            -0.9032812714576721,
            0.42153260111808777,
            -0.42003583908081055
          ],
          [
            0.1265753209590912,
            -0.42866772413253784,
            -0.8945592641830444,
            1.542395830154419
          ],
          [
            0.0,
            0.0,
            0.0,
            1.0
          ]
        ]
      },
      "bone_length_armature_space": 0.04953377097265912,
      "parent": "lowerarm_l",
      "has_children": true,
      "is_end_bone": false
    },
    "thumb_01_l": {
      "name": "thumb_01_l",
      "local": {
        "location": {
          "x": 0.0,
          "y": 0.0,
          "z": 0.0
        },
        "rotation_quaternion": {
          "w": 0.9592211246490479,
          "x": 0.2821095287799835,
          "y": -0.008107990026473999,
          "z": -0.015599703416228294
        },
        "scale": {
          "x": 1.0,
          "y": 1.0,
          "z": 1.0
        },
        "matrix_basis": [
          [
            0.9993818402290344,
            0.025352448225021362,
            -0.024356361478567123,
            0.0
          ],
          [
            -0.034501813352108,
            0.8403417468070984,
            -0.5409578680992126,
            0.0
          ],
          [
            0.0067530605010688305,
            0.5414637923240662,
            0.8406969308853149,
            0.0
          ],
          [
            0.0,
            0.0,
            0.0,
            1.0
          ]
        ],
        "rotation_mode": "QUATERNION"
      },
      "armature_space": {
        "head": {
          "x": 0.43464621901512146,
          "y": -0.5280227065086365,
          "z": 0.5713083148002625
        },
        "tail": {
          "x": 0.45223096013069153,
          "y": -0.5388604402542114,
          "z": 0.5442536473274231
        }
      },
      "world_space": {
        "head": {
          "x": 0.43464621901512146,
          "y": -0.46477872133255005,
          "z": 1.5211622714996338
        },
        "tail": {
          "x": 0.45223096013069153,
          "y": -0.475616455078125,
          "z": 1.494107723236084
        },
        "rotation_quaternion": {
          "w": 0.523358166217804,
          "x": -0.4142521321773529,
          "y": 0.2586459219455719,
          "z": -0.6982790231704712
        },
        "matrix": [
          [
            -0.10898053646087646,
            0.5166124105453491,
            0.8492555022239685,
            0.43464621901512146
          ],
          [
            -0.9451895356178284,
            -0.3183959126472473,
            0.0723927840590477,
            -0.46477872133255005
          ],
          [
            0.30779969692230225,
            -0.794823944568634,
            0.5229992866516113,
            1.5211622714996338
          ],
          [
            0.0,
            0.0,
            0.0,
            1.0
          ]
        ]
      },
      "bone_length_armature_space": 0.03403872293546729,
      "parent": "metacarpal_thumb_l",
      "has_children": true,
      "is_end_bone": false
    },
    "thumb_02_l": {
      "name": "thumb_02_l",
      "local": {
        "location": {
          "x": 0.0,
          "y": 0.0,
          "z": 0.0
        },
        "rotation_quaternion": {
          "w": 0.9066122770309448,
          "x": 0.42195191979408264,
          "y": -0.0032667305786162615,
          "z": 0.0005542721482925117
        },
        "scale": {
          "x": 1.0,
          "y": 1.0,
          "z": 1.0
        },
        "matrix_basis": [
          [
            0.9999780654907227,
            -0.003761826315894723,
            -0.005455563776195049,
            0.0
          ],
          [
            -0.0017517865635454655,
            0.6439125537872314,
            -0.7650972008705139,
            0.0
          ],
          [
            0.006391068454831839,
            0.7650899887084961,
            0.6438918113708496,
            0.0
          ],
          [
            0.0,
            0.0,
            0.0,
            1.0
          ]
        ],
        "rotation_mode": "QUATERNION"
      },
      "armature_space": {
        "head": {
          "x": 0.45223093032836914,
          "y": -0.5388604402542114,
          "z": 0.5442536473274231
        },
        "tail": {
          "x": 0.4665938913822174,
          "y": -0.5555739998817444,
          "z": 0.5778327584266663
        }
      },
      "world_space": {
        "head": {
          "x": 0.45223093032836914,
          "y": -0.475616455078125,
          "z": 1.494107723236084
        },
        "tail": {
          "x": 0.4665938913822174,
          "y": -0.49233001470565796,
          "z": 1.5276868343353271
        },
        "rotation_quaternion": {
          "w": 0.3242194950580597,
          "x": 0.19952072203159332,
          "y": -0.4322238266468048,
          "z": -0.8174692392349243
        },
        "matrix": [
          [
            -0.7101455926895142,
            0.3576042652130127,
            -0.6064754128456116,
            0.45223093032836914
          ],
          [
            -0.7025548815727234,
            -0.4161279797554016,
            0.5772817134857178,
            -0.475616455078125
          ],
          [
            -0.04593402519822121,
            0.8360417485237122,
            0.5467525124549866,
            1.494107723236084
          ],
          [
            0.0,
            0.0,
            0.0,
            1.0
          ]
        ]
      },
      "bone_length_armature_space": 0.040164591182345846,
      "parent": "thumb_01_l",
      "has_children": true,
      "is_end_bone": false
    },
    "thumb_03_l": {
      "name": "thumb_03_l",
      "local": {
        "location": {
          "x": 0.0,
          "y": 0.0,
          "z": 0.0
        },
        "rotation_quaternion": {
          "w": 0.9919757843017578,
          "x": 0.12632934749126434,
          "y": 0.0011353440349921584,
          "z": 0.0048803226090967655
        },
        "scale": {
          "x": 1.0,
          "y": 1.0,
          "z": 1.0
        },
        "matrix_basis": [
          [
            0.9999498128890991,
            -0.009395468980073929,
            0.0034855236299335957,
            0.0
          ],
          [
            0.009969178587198257,
            0.9680341482162476,
            -0.2506202161312103,
            0.0
          ],
          [
            -0.0010194116039201617,
            0.2506423890590668,
            0.9680792093276978,
            0.0
          ],
          [
            0.0,
            0.0,
            0.0,
            1.0
          ]
        ],
        "rotation_mode": "QUATERNION"
      },
      "armature_space": {
        "head": {
          "x": 0.466593861579895,
          "y": -0.5555740594863892,
          "z": 0.5778326392173767
        },
        "tail": {
          "x": 0.4684402644634247,
          "y": -0.5564903616905212,
          "z": 0.6082078814506531
        }
      },
      "world_space": {
        "head": {
          "x": 0.466593861579895,
          "y": -0.49233007431030273,
          "z": 1.527686595916748
        },
        "tail": {
          "x": 0.4684402644634247,
          "y": -0.4932463765144348,
          "z": 1.5580618381500244
        },
        "rotation_quaternion": {
          "w": 0.41490089893341064,
          "x": 0.39182227849960327,
          "y": -0.5592926144599915,
          "z": -0.6012688279151917
        },
        "matrix": [
          [
            -0.34866490960121155,
            0.060647740960121155,
            -0.9352831840515137,
            0.466593861579895
          ],
          [
            -0.9372206926345825,
            -0.03009723871946335,
            0.34743571281433105,
            -0.49233007431030273
          ],
          [
            -0.0070792632177472115,
            0.9977123141288757,
            0.06733503937721252,
            1.527686595916748
          ],
          [
            0.0,
            0.0,
            0.0,
            1.0
          ]
        ]
      },
      "bone_length_armature_space": 0.03044510060493512,
      "parent": "thumb_02_l",
      "has_children": false,
      "is_end_bone": true
    },
    "metacarpal_index_l": {
      "name": "metacarpal_index_l",
      "local": {
        "location": {
          "x": 0.0,
          "y": 0.0,
          "z": 0.0
        },
        "rotation_quaternion": {
          "w": 0.9990413784980774,
          "x": -0.0384230874478817,
          "y": -0.017474833875894547,
          "z": 0.011611768044531345
        },
        "scale": {
          "x": 1.0,
          "y": 1.0,
          "z": 1.0
        },
        "matrix_basis": [
          [
            0.9991195797920227,
            -0.021858399733901024,
            -0.03580848500132561,
            0.0
          ],
          [
            0.02454414777457714,
            0.9967776536941528,
            0.07636667788028717,
            0.0
          ],
          [
            0.034023843705654144,
            -0.07717833667993546,
            0.996436595916748,
            0.0
          ],
          [
            0.0,
            0.0,
            0.0,
            1.0
          ]
        ],
        "rotation_mode": "QUATERNION"
      },
      "armature_space": {
        "head": {
          "x": 0.43554630875587463,
          "y": -0.48327985405921936,
          "z": 0.5925418138504028
        },
        "tail": {
          "x": 0.46965163946151733,
          "y": -0.5945134162902832,
          "z": 0.5786440968513489
        }
      },
      "world_space": {
        "head": {
          "x": 0.43554630875587463,
          "y": -0.42003583908081055,
          "z": 1.542395830154419
        },
        "tail": {
          "x": 0.46965163946151733,
          "y": -0.5312694311141968,
          "z": 1.5284981727600098
        },
        "rotation_quaternion": {
          "w": 0.03287374973297119,
          "x": -0.9714859127998352,
          "y": -0.15575315058231354,
          "z": 0.17571449279785156
        },
        "matrix": [
          [
            0.8897306323051453,
            0.2910713851451874,
            -0.35164859890937805,
            0.43554630875587463
          ],
          [
            0.3141767382621765,
            -0.9493206739425659,
            0.009135693311691284,
            -0.42003583908081055
          ],
          [
            -0.3311701714992523,
            -0.11860991269350052,
            -0.9360939264297485,
            1.542395830154419
          ],
          [
            0.0,
            0.0,
            0.0,
            1.0
          ]
        ]
      },
      "bone_length_armature_space": 0.1171717777856544,
      "parent": "lowerarm_l",
      "has_children": true,
      "is_end_bone": false
    },
    "index_01_l": {
      "name": "index_01_l",
      "local": {
        "location": {
          "x": 0.0,
          "y": 0.0,
          "z": 0.0
        },
        "rotation_quaternion": {
          "w": 0.9501863718032837,
          "x": 0.3113732933998108,
          "y": -0.011249040253460407,
          "z": -0.008123653940856457
        },
        "scale": {
          "x": 1.0,
          "y": 1.0,
          "z": 1.0
        },
        "matrix_basis": [
          [
            0.999614953994751,
            0.008432669565081596,
            -0.026436347514390945,
            0.0
          ],
          [
            -0.022443272173404694,
            0.8059613704681396,
            -0.5915425419807434,
            0.0
          ],
          [
            0.016318392008543015,
            0.5919080972671509,
            0.805840253829956,
            0.0
          ],
          [
            0.0,
            0.0,
            0.0,
            1.0
          ]
        ],
        "rotation_mode": "QUATERNION"
      },
      "armature_space": {
        "head": {
          "x": 0.46965163946151733,
          "y": -0.5945134162902832,
          "z": 0.5786440968513489
        },
        "tail": {
          "x": 0.47971394658088684,
          "y": -0.6136751174926758,
          "z": 0.5600792169570923
        }
      },
      "world_space": {
        "head": {
          "x": 0.46965163946151733,
          "y": -0.5312694311141968,
          "z": 1.5284981727600098
        },
        "tail": {
          "x": 0.47971394658088684,
          "y": -0.5504311323165894,
          "z": 1.5099332332611084
        },
        "rotation_quaternion": {
          "w": 0.29036274552345276,
          "x": -0.880070149898529,
          "y": -0.2822917103767395,
          "z": 0.24794629216194153
        },
        "matrix": [
          [
            0.7176674604415894,
            0.35288506746292114,
            -0.6003544926643372,
            0.46965163946151733
          ],
          [
            0.6408624649047852,
            -0.6720019578933716,
            0.3710915744304657,
            -0.5312694311141968
          ],
          [
            -0.2724880278110504,
            -0.6510701179504395,
            -0.7084290981292725,
            1.5284981727600098
          ],
          [
            0.0,
            0.0,
            0.0,
            1.0
          ]
        ]
      },
      "bone_length_armature_space": 0.028514480205517972,
      "parent": "metacarpal_index_l",
      "has_children": true,
      "is_end_bone": false
    },
    "index_02_l": {
      "name": "index_02_l",
      "local": {
        "location": {
          "x": 0.0,
          "y": 0.0,
          "z": 0.0
        },
        "rotation_quaternion": {
          "w": 0.9021055698394775,
          "x": 0.43145325779914856,
          "y": -0.00654103746637702,
          "z": -0.0032941712997853756
        },
        "scale": {
          "x": 1.0,
          "y": 1.0,
          "z": 1.0
        },
        "matrix_basis": [
          [
            0.9998927116394043,
            0.0002990766952279955,
            -0.014643974602222443,
            0.0
          ],
          [
            -0.011587684042751789,
            0.6276744604110718,
            -0.7783896923065186,
            0.0
          ],
          [
            0.008958850987255573,
            0.7784758806228638,
            0.6276106238365173,
            0.0
          ],
          [
            0.0,
            0.0,
            0.0,
            1.0
          ]
        ],
        "rotation_mode": "QUATERNION"
      },
      "armature_space": {
        "head": {
          "x": 0.47971370816230774,
          "y": -0.6136754155158997,
          "z": 0.5600787997245789
        },
        "tail": {
          "x": 0.4734598994255066,
          "y": -0.6182945966720581,
          "z": 0.5356318950653076
        }
      },
      "world_space": {
        "head": {
          "x": 0.47971370816230774,
          "y": -0.5504314303398132,
          "z": 1.5099327564239502
        },
        "tail": {
          "x": 0.4734598994255066,
          "y": -0.5550506114959717,
          "z": 1.4854859113693237
        },
        "rotation_quaternion": {
          "w": 0.6177874207496643,
          "x": -0.6679943203926086,
          "y": -0.16825143992900848,
          "z": 0.37922796607017517
        },
        "matrix": [
          [
            0.6557536721229553,
            -0.2437824308872223,
            -0.7145329713821411,
            0.47971370816230774
          ],
          [
            0.6933479309082031,
            -0.1800614446401596,
            0.6977440714836121,
            -0.5504314303398132
          ],
          [
            -0.29875895380973816,
            -0.9529747366905212,
            0.05095106363296509,
            1.5099327564239502
          ],
          [
            0.0,
            0.0,
            0.0,
            1.0
          ]
        ]
      },
      "bone_length_armature_space": 0.025653423426497134,
      "parent": "index_01_l",
      "has_children": true,
      "is_end_bone": false
    },
    "index_03_l": {
      "name": "index_03_l",
      "local": {
        "location": {
          "x": 0.0,
          "y": 0.0,
          "z": 0.0
        },
        "rotation_quaternion": {
          "w": 0.9367601871490479,
          "x": 0.34993547201156616,
          "y": 0.0024040357675403357,
          "z": 0.004455108195543289
        },
        "scale": {
          "x": 1.0,
          "y": 1.0,
          "z": 1.0
        },
        "matrix_basis": [
          [
            0.9999487400054932,
            -0.006664221175014973,
            0.007622010540217161,
            0.0
          ],
          [
            0.010029250755906105,
            0.7550506591796875,
            -0.6555898189544678,
            0.0
          ],
          [
            -0.001386009156703949,
            0.6556326746940613,
            0.7550787925720215,
            0.0
          ],
          [
            0.0,
            0.0,
            0.0,
            1.0
          ]
        ],
        "rotation_mode": "QUATERNION"
      },
      "armature_space": {
        "head": {
          "x": 0.47345995903015137,
          "y": -0.6182947158813477,
          "z": 0.5356318950653076
        },
        "tail": {
          "x": 0.4555951654911041,
          "y": -0.6051257848739624,
          "z": 0.5166275501251221
        }
      },
      "world_space": {
        "head": {
          "x": 0.47345995903015137,
          "y": -0.5550507307052612,
          "z": 1.4854859113693237
        },
        "tail": {
          "x": 0.4555951654911041,
          "y": -0.541881799697876,
          "z": 1.4664815664291382
        },
        "rotation_quaternion": {
          "w": 0.8512771129608154,
          "x": -0.37068140506744385,
          "y": -0.02605859376490116,
          "z": 0.37046393752098083
        },
        "matrix": [
          [
            0.7241540551185608,
            -0.6114163398742676,
            -0.31901589035987854,
            0.47345995903015137
          ],
          [
            0.6500551700592041,
            0.45070263743400574,
            0.6117970943450928,
            -0.5550507307052612
          ],
          [
            -0.23028238117694855,
            -0.6504172682762146,
            0.7238379120826721,
            1.4854859113693237
          ],
          [
            0.0,
            0.0,
            0.0,
            1.0
          ]
        ]
      },
      "bone_length_armature_space": 0.029218773499599865,
      "parent": "index_02_l",
      "has_children": false,
      "is_end_bone": true
    },
    "metacarpal_pinky_l": {
      "name": "metacarpal_pinky_l",
      "local": {
        "location": {
          "x": 0.0,
          "y": 0.0,
          "z": 0.0
        },
        "rotation_quaternion": {
          "w": 0.9978573322296143,
          "x": -0.06415851414203644,
          "y": -0.00620580930262804,
          "z": -0.011223586276173592
        },
        "scale": {
          "x": 1.0,
          "y": 1.0,
          "z": 1.0
        },
        "matrix_basis": [
          [
            0.9996710419654846,
            0.023195385932922363,
            -0.010944847017526627,
            0.0
          ],
          [
            -0.02160276472568512,
            0.9915154576301575,
            0.12818138301372528,
            0.0
          ],
          [
            0.01382520142942667,
            -0.1279027909040451,
            0.9916903376579285,
            0.0
          ],
          [
            0.0,
            0.0,
            0.0,
            1.0
          ]
        ],
        "rotation_mode": "QUATERNION"
      },
      "armature_space": {
        "head": {
          "x": 0.43554630875587463,
          "y": -0.48327985405921936,
          "z": 0.5925418138504028
        },
        "tail": {
          "x": 0.5182875990867615,
          "y": -0.5461133718490601,
          "z": 0.5855382084846497
        }
      },
      "world_space": {
        "head": {
          "x": 0.43554630875587463,
          "y": -0.42003583908081055,
          "z": 1.542395830154419
        },
        "tail": {
          "x": 0.5182875990867615,
          "y": -0.48286938667297363,
          "z": 1.5353922843933105
        },
        "rotation_quaternion": {
          "w": 0.4151458144187927,
          "x": 0.25234273076057434,
          "y": 0.161086305975914,
          "z": -0.8590857982635498
        },
        "matrix": [
          [
            -0.5279540419578552,
            0.794590175151825,
            -0.299818217754364,
            0.43554630875587463
          ],
          [
            -0.6319946050643921,
            -0.6034096479415894,
            -0.48629218339920044,
            -0.42003583908081055
          ],
          [
            -0.5673205256462097,
            -0.06725757569074631,
            0.8207542896270752,
            1.542395830154419
          ],
          [
            0.0,
            0.0,
            0.0,
            1.0
          ]
        ]
      },
      "bone_length_armature_space": 0.10413079541315387,
      "parent": "lowerarm_l",
      "has_children": true,
      "is_end_bone": false
    },
    "pinky_01_l": {
      "name": "pinky_01_l",
      "local": {
        "location": {
          "x": 0.0,
          "y": 0.0,
          "z": 0.0
        },
        "rotation_quaternion": {
          "w": 0.9510228633880615,
          "x": 0.3088584840297699,
          "y": 0.005941079463809729,
          "z": -0.011259771883487701
        },
        "scale": {
          "x": 1.0,
          "y": 1.0,
          "z": 1.0
        },
        "matrix_basis": [
          [
            0.9996758699417114,
            0.025086507201194763,
            0.004344852641224861,
            0.0
          ],
          [
            -0.01774669624865055,
            0.8089593052864075,
            -0.5875967741012573,
            0.0
          ],
          [
            -0.018255557864904404,
            0.5873291492462158,
            0.8091422915458679,
            0.0
          ],
          [
            0.0,
            0.0,
            0.0,
            1.0
          ]
        ],
        "rotation_mode": "QUATERNION"
      },
      "armature_space": {
        "head": {
          "x": 0.5182875990867615,
          "y": -0.5461133718490601,
          "z": 0.5855382084846497
