{
  "metadata": {
    "armature_name": "KIM_caucasian_male",
    "export_time": "2026-01-13T21:02:49.180128",
    "blender_version": "4.4.1",
    "bone_count": 56,
    "end_bone_count": 13,
    "spaces_included": [
      "LOCAL_CHANNELS",
      "ARMATURE_SPACE",
      "WORLD_SPACE"
    ],
    "note": "LOCAL matches Transform panel; replay pose via local.matrix_basis for best fidelity."
  },
  "bones": {
    "Root": {
      "name": "Root",
      "local": {
        "location": {
          "x": 0.0,
          "y": 0.0,
          "z": 0.0
        },
        "rotation_quaternion": {
          "w": 0.9997857809066772,
          "x": -0.011484984308481216,
          "y": 0.015662388876080513,
          "z": -0.00716056115925312
        },
        "scale": {
          "x": 1.0,
          "y": 1.0,
          "z": 1.0
        },
        "matrix_basis": [
          [
            0.9994068145751953,
            0.013958290219306946,
            0.03148254379630089,
            0.0
          ],
          [
            -0.014677818864583969,
            0.9996336698532104,
            0.022740745916962624,
            0.0
          ],
          [
            -0.031153589487075806,
            -0.023189350962638855,
            0.9992455840110779,
            0.0
          ],
          [
            0.0,
            0.0,
            0.0,
            1.0
          ]
        ],
        "rotation_mode": "QUATERNION"
      },
      "armature_space": {
        "head": {
          "x": 0.0,
          "y": 0.07072800397872925,
          "z": -0.009595036506652832
        },
        "tail": {
          "x": 0.000996285118162632,
          "y": 0.00024840980768203735,
          "z": 0.001636633649468422
        }
      },
      "world_space": {
        "head": {
          "x": 0.0,
          "y": 0.13397200405597687,
          "z": 0.9402589797973633
        },
        "tail": {
          "x": 0.000996285118162632,
          "y": 0.06349240988492966,
          "z": 0.9514906406402588
        },
        "rotation_quaternion": {
          "w": 0.07881210744380951,
          "x": 0.9967407584190369,
          "y": 0.008199436590075493,
          "z": 0.015144415199756622
        },
        "matrix": [
          [
            0.9994068145751953,
            0.013958290219306946,
            0.03148254379630089,
            0.0
          ],
          [
            0.01873255893588066,
            -0.9874428510665894,
            -0.15686260163784027,
            0.13397200405597687
          ],
          [
            0.02889789640903473,
            0.15735948085784912,
            -0.9871256351470947,
            0.9402589797973633
          ],
          [
            0.0,
            0.0,
            0.0,
            1.0
          ]
        ]
      },
      "bone_length_armature_space": 0.07137588053280322,
      "parent": null,
      "has_children": true,
      "is_end_bone": false
    },
    "spine_01": {
      "name": "spine_01",
      "local": {
        "location": {
          "x": 0.0,
          "y": 0.0,
          "z": 0.0
        },
        "rotation_quaternion": {
          "w": 0.9959068298339844,
          "x": 0.071627177298069,
          "y": 0.05106395483016968,
          "z": 0.02077954262495041
        },
        "scale": {
          "x": 1.0,
          "y": 1.0,
          "z": 1.0
        },
        "matrix_basis": [
          [
            0.9939213395118713,
            -0.0340738445520401,
            0.10468664020299911,
            0.0
          ],
          [
            0.0487041100859642,
            0.9888755083084106,
            -0.1405458152294159,
            0.0
          ],
          [
            -0.09873311966657639,
            0.1447901576757431,
            0.9845240116119385,
            0.0
          ],
          [
            0.0,
            0.0,
            0.0,
            1.0
          ]
        ],
        "rotation_mode": "QUATERNION"
      },
      "armature_space": {
        "head": {
          "x": 0.000996285118162632,
          "y": 0.00024840980768203735,
          "z": 0.001636633649468422
        },
        "tail": {
          "x": -0.02898496761918068,
          "y": -0.03705231472849846,
          "z": 0.48728904128074646
        }
      },
      "world_space": {
        "head": {
          "x": 0.000996285118162632,
          "y": 0.06349240988492966,
          "z": 0.9514906406402588
        },
        "tail": {
          "x": -0.02898496761918068,
          "y": 0.02619168534874916,
          "z": 1.437143087387085
        },
        "rotation_quaternion": {
          "w": 0.6792450547218323,
          "x": 0.7305718064308167,
          "y": 0.020203230902552605,
          "z": 0.06695424765348434
        },
        "matrix": [
          [
            0.990217924118042,
            -0.061436839401721954,
            0.12527517974376678,
            0.000996285118162632
          ],
          [
            0.12047605961561203,
            -0.07643572241067886,
            -0.9897692799568176,
            0.06349240988492966
          ],
          [
            0.07038439065217972,
            0.9951868653297424,
            -0.06828772276639938,
            0.9514906406402588
          ],
          [
            0.0,
            0.0,
            0.0,
            1.0
          ]
        ]
      },
      "bone_length_armature_space": 0.48800460649708793,
      "parent": "Root",
      "has_children": true,
      "is_end_bone": false
    },
    "neck_01": {
      "name": "neck_01",
      "local": {
        "location": {
          "x": 0.0,
          "y": 0.0,
          "z": 0.0
        },
        "rotation_quaternion": {
          "w": 0.9929075241088867,
          "x": -0.001253253547474742,
          "y": -0.06301140785217285,
          "z": 0.10081002861261368
        },
        "scale": {
          "x": 1.0,
          "y": 1.0,
          "z": 1.0
        },
        "matrix_basis": [
          [
            0.971733808517456,
            -0.20003212988376617,
            -0.1253816783428192,
            0.0
          ],
          [
            0.20034800469875336,
            0.9796715378761292,
            -0.010215633548796177,
            0.0
          ],
          [
            0.12487632036209106,
            -0.015193093568086624,
            0.9920560121536255,
            0.0
          ],
          [
            0.0,
            0.0,
            0.0,
            1.0
          ]
        ],
        "rotation_mode": "QUATERNION"
      },
      "armature_space": {
        "head": {
          "x": -0.029138682410120964,
          "y": -0.07697445899248123,
          "z": 0.5577868819236755
        },
        "tail": {
          "x": -0.05059264600276947,
          "y": -0.12289950251579285,
          "z": 0.6469011306762695
        }
      },
      "world_space": {
        "head": {
          "x": -0.029138682410120964,
          "y": -0.013730458915233612,
          "z": 1.5076408386230469
        },
        "tail": {
          "x": -0.05059264600276947,
          "y": -0.05965550243854523,
          "z": 1.5967551469802856
        },
        "rotation_quaternion": {
          "w": 0.5181952714920044,
          "x": 0.8487429618835449,
          "y": -0.08657661825418472,
          "z": 0.06011310592293739
        },
        "matrix": [
          [
            0.9777817726135254,
            -0.209263414144516,
            0.012313015758991241,
            -0.029138682410120964
          ],
          [
            -0.08466283231973648,
            -0.4479559361934662,
            -0.890038251876831,
            -0.013730458915233612
          ],
          [
            0.19176936149597168,
            0.8692261576652527,
            -0.45572397112846375,
            1.5076408386230469
          ],
          [
            0.0,
            0.0,
            0.0,
            1.0
          ]
        ]
      },
      "bone_length_armature_space": 0.10252185929832434,
      "parent": "spine_01",
      "has_children": true,
      "is_end_bone": false
    },
    "head": {
      "name": "head",
      "local": {
        "location": {
          "x": 0.0,
          "y": 0.0,
          "z": 0.0
        },
        "rotation_quaternion": {
          "w": 0.9714312553405762,
          "x": 0.030708443373441696,
          "y": 0.12595224380493164,
          "z": 0.19878268241882324
        },
        "scale": {
          "x": 1.0,
          "y": 1.0,
          "z": 1.0
        },
        "matrix_basis": [
          [
            0.889242947101593,
            -0.37847182154655457,
            0.25691649317741394,
            0.0
          ],
          [
            0.39394301176071167,
            0.9190848469734192,
            -0.009588033892214298,
            0.0
          ],
          [
            -0.23249928653240204,
            0.10973653197288513,
            0.9663860201835632,
            0.0
          ],
          [
            0.0,
            0.0,
            0.0,
            1.0
          ]
        ],
        "rotation_mode": "QUATERNION"
      },
      "armature_space": {
        "head": {
          "x": -0.050592631101608276,
          "y": -0.1228996068239212,
          "z": 0.64690101146698
        },
        "tail": {
          "x": -0.13764266669750214,
          "y": -0.1482897698879242,
          "z": 0.7727216482162476
        }
      },
      "world_space": {
        "head": {
          "x": -0.050592631101608276,
          "y": -0.059655606746673584,
          "z": 1.596755027770996
        },
        "tail": {
          "x": -0.13764266669750214,
          "y": -0.08504576981067657,
          "z": 1.7225756645202637
        },
        "rotation_quaternion": {
          "w": 0.6274369359016418,
          "x": 0.7136484384536743,
          "y": -0.15641982853412628,
          "z": 0.2693728506565094
        },
        "matrix": [
          [
            0.805942714214325,
            -0.561286449432373,
            0.18818598985671997,
            -0.050592631101608276
          ],
          [
            0.11476869881153107,
            -0.16371223330497742,
            -0.979809582233429,
            -0.059655606746673584
          ],
          [
            0.5807662606239319,
            0.8112736344337463,
            -0.06752601265907288,
            1.596755027770996
          ],
          [
            0.0,
            0.0,
            0.0,
            1.0
          ]
        ]
      },
      "bone_length_armature_space": 0.15509094998545453,
      "parent": "neck_01",
      "has_children": false,
      "is_end_bone": true
    },
    "upperarm_l": {
      "name": "upperarm_l",
      "local": {
        "location": {
          "x": 0.0,
          "y": 0.0,
          "z": 0.0
        },
        "rotation_quaternion": {
          "w": 0.7157068848609924,
          "x": 0.5431233644485474,
          "y": -0.020293597131967545,
          "z": 0.4385988414287567
        },
        "scale": {
          "x": 1.0,
          "y": 1.0,
          "z": 1.0
        },
        "matrix_basis": [
          [
            0.6144384741783142,
            -0.6498602628707886,
            0.447378009557724,
            0.0
          ],
          [
            0.6057725548744202,
            0.025296134874224663,
            -0.7952357530593872,
            0.0
          ],
          [
            0.5054751038551331,
            0.7596327662467957,
            0.40921035408973694,
            0.0
          ],
          [
            0.0,
            0.0,
            0.0,
            1.0
          ]
        ],
        "rotation_mode": "QUATERNION"
      },
      "armature_space": {
        "head": {
          "x": 0.12392255663871765,
          "y": -0.05692247673869133,
          "z": 0.501242458820343
        },
        "tail": {
          "x": 0.1579425036907196,
          "y": -0.2727108895778656,
          "z": 0.6564388871192932
        }
      },
      "world_space": {
        "head": {
          "x": 0.12392255663871765,
          "y": 0.00632152333855629,
          "z": 1.451096534729004
        },
        "tail": {
          "x": 0.1579425036907196,
          "y": -0.20946688950061798,
          "z": 1.606292963027954
        },
        "rotation_quaternion": {
          "w": 0.30601441860198975,
          "x": 0.8703780174255371,
          "y": -0.060985539108514786,
          "z": -0.38089126348495483
        },
        "matrix": [
          [
            0.7024058103561401,
            0.1269546002149582,
            -0.700363278388977,
            0.12392255663871765
          ],
          [
            -0.3392772972583771,
            -0.8052724599838257,
            -0.4862382113933563,
            0.00632152333855629
          ],
          [
            -0.6257179975509644,
            0.579157292842865,
            -0.5225591659545898,
            1.451096534729004
          ],
          [
            0.0,
            0.0,
            0.0,
            1.0
          ]
        ]
      },
      "bone_length_armature_space": 0.2679700111392153,
      "parent": "spine_01",
      "has_children": true,
      "is_end_bone": false
    },
    "lowerarm_l": {
      "name": "lowerarm_l",
      "local": {
        "location": {
          "x": 0.0,
          "y": 0.0,
          "z": 0.0
        },
        "rotation_quaternion": {
          "w": 0.9938861727714539,
          "x": 0.019735494628548622,
          "y": -0.03610795736312866,
          "z": 0.10245499759912491
        },
        "scale": {
          "x": 1.0,
          "y": 1.0,
          "z": 1.0
        },
        "matrix_basis": [
          [
            0.9763983488082886,
            -0.20508243143558502,
            -0.06773039698600769,
            0.0
          ],
          [
            0.2022319883108139,
            0.9782269597053528,
            -0.04662855342030525,
            0.0
          ],
          [
            0.07581839710474014,
            0.031830787658691406,
            0.9966134428977966,
            0.0
          ],
          [
            0.0,
            0.0,
            0.0,
            1.0
          ]
        ],
        "rotation_mode": "QUATERNION"
      },
      "armature_space": {
        "head": {
          "x": 0.15794239938259125,
          "y": -0.272710919380188,
          "z": 0.6564390659332275
        },
        "tail": {
          "x": 0.11689335852861404,
          "y": -0.4680978059768677,
          "z": 0.8345084190368652
        }
      },
      "world_space": {
        "head": {
          "x": 0.15794239938259125,
          "y": -0.20946691930294037,
          "z": 1.6062930822372437
        },
        "tail": {
          "x": 0.11689335852861404,
          "y": -0.40485382080078125,
          "z": 1.7843624353408813
        },
        "rotation_quaternion": {
          "w": 0.28026053309440613,
          "x": 0.8268016576766968,
          "y": -0.23723064363002777,
          "z": -0.42611584067344666
        },
        "matrix": [
          [
            0.5242940187454224,
            -0.15344031155109406,
            -0.8375989198684692,
            0.15794239938259125
          ],
          [
            -0.6311327815055847,
            -0.7303513884544373,
            -0.26126328110694885,
            -0.20946691930294037
          ],
          [
            -0.571657657623291,
            0.6656188368797302,
            -0.4797636568546295,
            1.6062930822372437
          ],
          [
            0.0,
            0.0,
            0.0,
            1.0
          ]
        ]
      },
      "bone_length_armature_space": 0.26752523696612157,
      "parent": "upperarm_l",
      "has_children": true,
      "is_end_bone": false
    },
    "metacarpal_thumb_l": {
      "name": "metacarpal_thumb_l",
      "local": {
        "location": {
          "x": 0.0,
          "y": 0.0,
          "z": 0.0
        },
        "rotation_quaternion": {
          "w": 0.9996587038040161,
          "x": 0.020857075229287148,
          "y": 0.006428040098398924,
          "z": -0.01436406560242176
        },
        "scale": {
          "x": 1.0,
          "y": 1.0,
          "z": 1.0
        },
        "matrix_basis": [
          [
            0.9995046854019165,
            0.02898646704852581,
            0.012252507731318474,
            0.0
          ],
          [
            -0.02845018543303013,
            0.9987173080444336,
            -0.04188457876443863,
            0.0
          ],
          [
            -0.01345087680965662,
            0.041515249758958817,
            0.9990473389625549,
            0.0
          ],
          [
            0.0,
            0.0,
            0.0,
            1.0
          ]
        ],
        "rotation_mode": "QUATERNION"
      },
      "armature_space": {
        "head": {
          "x": 0.11689335852861404,
          "y": -0.4680978059768677,
          "z": 0.8345084190368652
        },
        "tail": {
          "x": 0.09338073432445526,
          "y": -0.5112028121948242,
          "z": 0.841042697429657
        }
      },
      "world_space": {
        "head": {
          "x": 0.11689335852861404,
          "y": -0.40485382080078125,
          "z": 1.7843624353408813
        },
        "tail": {
          "x": 0.09338073432445526,
          "y": -0.4479588270187378,
          "z": 1.7908966541290283
        },
        "rotation_quaternion": {
          "w": 0.15965336561203003,
          "x": 0.8882881999015808,
          "y": -0.19849976897239685,
          "z": 0.38216841220855713
        },
        "matrix": [
          [
            0.6290901899337769,
            -0.474679559469223,
            0.6155686974525452,
            0.11689335852861404
          ],
          [
            -0.23062123358249664,
            -0.8702168464660645,
            -0.4353578984737396,
            -0.40485382080078125
          ],
          [
            0.7423388361930847,
            0.13191625475883484,
            -0.6569210290908813,
            1.7843624353408813
          ],
          [
            0.0,
            0.0,
            0.0,
            1.0
          ]
        ]
      },
      "bone_length_armature_space": 0.049533643086833494,
      "parent": "lowerarm_l",
      "has_children": true,
      "is_end_bone": false
    },
    "thumb_01_l": {
      "name": "thumb_01_l",
      "local": {
        "location": {
          "x": 0.0,
          "y": 0.0,
          "z": 0.0
        },
        "rotation_quaternion": {
          "w": 0.9629920721054077,
          "x": 0.26939335465431213,
          "y": -0.0021180647891014814,
          "z": -0.0083193089812994
        },
        "scale": {
          "x": 1.0,
          "y": 1.0,
          "z": 1.0
        },
        "matrix_basis": [
          [
            0.9998525977134705,
            0.014881672337651253,
            -0.008561692200601101,
            0.0
          ],
          [
            -0.017164042219519615,
            0.8547160029411316,
            -0.5188120603561401,
            0.0
          ],
          [
            -0.0004029739066027105,
            0.5188825726509094,
            0.8548454642295837,
            0.0
          ],
          [
            0.0,
            0.0,
            0.0,
            1.0
          ]
        ],
        "rotation_mode": "QUATERNION"
      },
      "armature_space": {
        "head": {
          "x": 0.09338073432445526,
          "y": -0.5112028121948242,
          "z": 0.841042697429657
        },
        "tail": {
          "x": 0.10621827840805054,
          "y": -0.5426770448684692,
          "z": 0.8392555713653564
        }
      },
      "world_space": {
        "head": {
          "x": 0.09338073432445526,
          "y": -0.4479588270187378,
          "z": 1.7908966541290283
        },
        "tail": {
          "x": 0.10621827840805054,
          "y": -0.4794330596923828,
          "z": 1.7891095876693726
        },
        "rotation_quaternion": {
          "w": 0.19181962311267853,
          "x": -0.28160688281059265,
          "y": -0.029547860845923424,
          "z": -0.939696729183197
        },
        "matrix": [
          [
            -0.767805278301239,
            0.3771468997001648,
            0.5179141163825989,
            0.09338073432445526
          ],
          [
            -0.3438626825809479,
            -0.924664318561554,
            0.16356858611106873,
            -0.4479588270187378
          ],
          [
            0.540589451789856,
            -0.05250367522239685,
            0.8396549820899963,
            1.7908966541290283
          ],
          [
            0.0,
            0.0,
            0.0,
            1.0
          ]
        ]
      },
      "bone_length_armature_space": 0.03403856178696509,
      "parent": "metacarpal_thumb_l",
      "has_children": true,
      "is_end_bone": false
    },
    "thumb_02_l": {
      "name": "thumb_02_l",
      "local": {
        "location": {
          "x": 0.0,
          "y": 0.0,
          "z": 0.0
        },
        "rotation_quaternion": {
          "w": 0.8849838972091675,
          "x": 0.4655517637729645,
          "y": -0.002492029219865799,
          "z": -0.007670761551707983
        },
        "scale": {
          "x": 1.0,
          "y": 1.0,
          "z": 1.0
        },
        "matrix_basis": [
          [
            0.9998698830604553,
            0.01125666406005621,
            -0.01155308447778225,
            0.0
          ],
          [
            -0.015897337347269058,
            0.5664054155349731,
            -0.8239734172821045,
            0.0
          ],
          [
            -0.002731461776420474,
            0.8240498304367065,
            0.5665106773376465,
            0.0
          ],
          [
            0.0,
            0.0,
            0.0,
            1.0
          ]
        ],
        "rotation_mode": "QUATERNION"
      },
      "armature_space": {
        "head": {
          "x": 0.10621827840805054,
          "y": -0.5426770448684692,
          "z": 0.8392554521560669
        },
        "tail": {
          "x": 0.09551648050546646,
          "y": -0.530105471611023,
          "z": 0.8758700489997864
        }
      },
      "world_space": {
        "head": {
          "x": 0.10621827840805054,
          "y": -0.4794330596923828,
          "z": 1.789109468460083
        },
        "tail": {
          "x": 0.09551648050546646,
          "y": -0.4668614864349365,
          "z": 1.8257241249084473
        },
        "rotation_quaternion": {
          "w": 0.0022756827529519796,
          "x": -0.1628442406654358,
          "y": 0.8102443218231201,
          "z": 0.563010573387146
        },
        "matrix": [
          [
            -0.9469527006149292,
            -0.26644980907440186,
            -0.17967966198921204,
            0.10621827840805054
          ],
          [
            -0.2613261342048645,
            0.31300219893455505,
            0.913092851638794,
            -0.4794330596923828
          ],
          [
            -0.18705497682094574,
            0.9116173982620239,
            -0.36603036522865295,
            1.789109468460083
          ],
          [
            0.0,
            0.0,
            0.0,
            1.0
          ]
        ]
      },
      "bone_length_armature_space": 0.04016468157785734,
      "parent": "thumb_01_l",
      "has_children": true,
      "is_end_bone": false
    },
    "thumb_03_l": {
      "name": "thumb_03_l",
      "local": {
        "location": {
          "x": 0.0,
          "y": 0.0,
          "z": 0.0
        },
        "rotation_quaternion": {
          "w": 0.9874843955039978,
          "x": 0.15762250125408173,
          "y": -0.002493928885087371,
          "z": -0.004860532004386187
        },
        "scale": {
          "x": 1.0,
          "y": 1.0,
          "z": 1.0
        },
        "matrix_basis": [
          [
            0.9999403357505798,
            0.008813200518488884,
            -0.0064576901495456696,
            0.0
          ],
          [
            -0.010385598056018353,
            0.9502630233764648,
            -0.31127527356147766,
            0.0
          ],
          [
            0.0033931732177734375,
            0.31132376194000244,
            0.9502978324890137,
            0.0
          ],
          [
            0.0,
            0.0,
            0.0,
            1.0
          ]
        ],
        "rotation_mode": "QUATERNION"
      },
      "armature_space": {
        "head": {
          "x": 0.09551645815372467,
          "y": -0.5301055908203125,
          "z": 0.8758699893951416
        },
        "tail": {
          "x": 0.0864582508802414,
          "y": -0.5069833993911743,
          "z": 0.8934827446937561
        }
      },
      "world_space": {
        "head": {
          "x": 0.09551645815372467,
          "y": -0.4668616056442261,
          "z": 1.8257240056991577
        },
        "tail": {
          "x": 0.0864582508802414,
          "y": -0.4437394142150879,
          "z": 1.843336820602417
        },
        "rotation_quaternion": {
          "w": 0.15427343547344208,
          "x": 0.20717057585716248,
          "y": -0.9251694083213806,
          "z": -0.27810361981391907
        },
        "matrix": [
          [
            -0.8665596842765808,
            -0.29752808809280396,
            -0.4006883502006531,
            0.09551645815372467
          ],
          [
            -0.46914419531822205,
            0.7594777941703796,
            0.45066338777542114,
            -0.4668616056442261
          ],
          [
            0.17022956907749176,
            0.5785119533538818,
            -0.7977216243743896,
            1.8257240056991577
          ],
          [
            0.0,
            0.0,
            0.0,
            1.0
          ]
        ]
      },
      "bone_length_armature_space": 0.030444966717313574,
      "parent": "thumb_02_l",
      "has_children": false,
      "is_end_bone": true
    },
    "metacarpal_index_l": {
      "name": "metacarpal_index_l",
      "local": {
        "location": {
          "x": 0.0,
          "y": 0.0,
          "z": 0.0
        },
        "rotation_quaternion": {
          "w": 0.9999914765357971,
          "x": 0.00399125786498189,
          "y": 0.0003500231832731515,
          "z": -0.001085589756257832
        },
        "scale": {
          "x": 1.0,
          "y": 1.0,
          "z": 1.0
        },
        "matrix_basis": [
          [
            0.9999973773956299,
            0.002173955086618662,
            0.0006913746474310756,
            0.0
          ],
          [
            -0.0021683669183403254,
            0.9999657869338989,
            -0.007983207702636719,
            0.0
          ],
          [
            -0.0007087061530910432,
            0.007981687784194946,
            0.9999678730964661,
            0.0
          ],
          [
            0.0,
            0.0,
            0.0,
            1.0
          ]
        ],
        "rotation_mode": "QUATERNION"
      },
      "armature_space": {
        "head": {
          "x": 0.11689335852861404,
          "y": -0.4680978059768677,
          "z": 0.8345084190368652
        },
        "tail": {
          "x": 0.07319047302007675,
          "y": -0.5630959868431091,
          "z": 0.8873728513717651
        }
      },
      "world_space": {
        "head": {
          "x": 0.11689335852861404,
          "y": -0.40485382080078125,
          "z": 1.7843624353408813
        },
        "tail": {
          "x": 0.07319047302007675,
          "y": -0.4998520016670227,
          "z": 1.8372268676757812
        },
        "rotation_quaternion": {
          "w": 0.24719999730587006,
          "x": 0.9501588940620422,
          "y": -0.1830626130104065,
          "z": 0.05077704042196274
        },
        "matrix": [
          [
            0.9278194904327393,
            -0.372981458902359,
            0.005985692143440247,
            0.11689335852861404
          ],
          [
            -0.32277339696884155,
            -0.8107602596282959,
            -0.48834967613220215,
            -0.40485382080078125
          ],
          [
            0.18699941039085388,
            0.45117074251174927,
            -0.8726341128349304,
            1.7843624353408813
          ],
          [
            0.0,
            0.0,
            0.0,
            1.0
          ]
        ]
      },
      "bone_length_armature_space": 0.11717186118122781,
      "parent": "lowerarm_l",
      "has_children": true,
      "is_end_bone": false
    },
    "index_01_l": {
      "name": "index_01_l",
      "local": {
        "location": {
          "x": 0.0,
          "y": 0.0,
          "z": 0.0
        },
        "rotation_quaternion": {
          "w": 0.9385221004486084,
          "x": 0.3446589410305023,
          "y": -0.0005847814027220011,
          "z": 0.019649900496006012
        },
        "scale": {
          "x": 1.0,
          "y": 1.0,
          "z": 1.0
        },
        "matrix_basis": [
          [
            0.9992271065711975,
            -0.03728683292865753,
            0.012447367422282696,
            0.0
          ],
          [
            0.036480631679296494,
            0.7616481781005859,
            -0.6469630599021912,
            0.0
          ],
          [
            0.014642688445746899,
            0.6469171047210693,
            0.7624197602272034,
            0.0
          ],
          [
            0.0,
            0.0,
            0.0,
            1.0
          ]
        ],
        "rotation_mode": "QUATERNION"
      },
      "armature_space": {
        "head": {
          "x": 0.07319047302007675,
          "y": -0.5630959868431091,
          "z": 0.8873728513717651
        },
        "tail": {
          "x": 0.07175199687480927,
          "y": -0.5915200710296631,
          "z": 0.885620653629303
        }
      },
      "world_space": {
        "head": {
          "x": 0.07319047302007675,
          "y": -0.4998520016670227,
          "z": 1.8372268676757812
        },
        "tail": {
          "x": 0.07175199687480927,
          "y": -0.5282760858535767,
          "z": 1.8354747295379639
        },
        "rotation_quaternion": {
          "w": 0.03024912066757679,
          "x": -0.9990173578262329,
          "y": 0.025840243324637413,
          "z": -0.01954033598303795
        },
        "matrix": [
          [
            0.9979009628295898,
            -0.05044752359390259,
            0.04060553386807442,
            0.07319047302007675
          ],
          [
            -0.05281186103820801,
            -0.9968346953392029,
            0.05942848324775696,
            -0.4998520016670227
          ],
          [
            0.03747927397489548,
            -0.06144949793815613,
            -0.9974133968353271,
            1.8372268676757812
          ],
          [
            0.0,
            0.0,
            0.0,
            1.0
          ]
        ]
      },
      "bone_length_armature_space": 0.028514346780714225,
      "parent": "metacarpal_index_l",
      "has_children": true,
      "is_end_bone": false
    },
    "index_02_l": {
      "name": "index_02_l",
      "local": {
        "location": {
          "x": 0.0,
          "y": 0.0,
          "z": 0.0
        },
        "rotation_quaternion": {
          "w": 0.9008203744888306,
          "x": 0.43412378430366516,
          "y": 0.0006484376499429345,
          "z": 0.0076705096289515495
        },
        "scale": {
          "x": 1.0,
          "y": 1.0,
          "z": 1.0
        },
        "matrix_basis": [
          [
            0.9998815059661865,
            -0.013256498612463474,
            0.007828152738511562,
            0.0
          ],
          [
            0.014382506720721722,
            0.6229553818702698,
            -0.7821251749992371,
            0.0
          ],
          [
            0.005491649731993675,
            0.7821450233459473,
            0.6230722665786743,
            0.0
          ],
          [
            0.0,
            0.0,
            0.0,
            1.0
          ]
        ],
        "rotation_mode": "QUATERNION"
      },
      "armature_space": {
        "head": {
          "x": 0.07175175100564957,
          "y": -0.5915204882621765,
          "z": 0.8856203556060791
        },
        "tail": {
          "x": 0.07055679708719254,
          "y": -0.6069583892822266,
          "z": 0.8651670217514038
        }
      },
      "world_space": {
        "head": {
          "x": 0.07175175100564957,
          "y": -0.5282765030860901,
          "z": 1.8354743719100952
        },
        "tail": {
          "x": 0.07055679708719254,
          "y": -0.5437144041061401,
          "z": 1.81502103805542
        },
        "rotation_quaternion": {
          "w": 0.4456388056278229,
          "x": -0.8949011564254761,
          "y": 0.022596564143896103,
          "z": 0.006886323913931847
        },
        "matrix": [
          [
            0.9988839626312256,
            -0.04658104479312897,
            0.007814785465598106,
            0.07175175100564957
          ],
          [
            -0.03430594131350517,
            -0.6017913818359375,
            0.7979163527488708,
            -0.5282765030860901
          ],
          [
            -0.03246508538722992,
            -0.7972999811172485,
            -0.6027212738990784,
            1.8354743719100952
          ],
          [
            0.0,
            0.0,
            0.0,
            1.0
          ]
        ]
      },
      "bone_length_armature_space": 0.025653373561591388,
      "parent": "index_01_l",
      "has_children": true,
      "is_end_bone": false
    },
    "index_03_l": {
      "name": "index_03_l",
      "local": {
        "location": {
          "x": 0.0,
          "y": 0.0,
          "z": 0.0
        },
        "rotation_quaternion": {
          "w": 0.9265289902687073,
          "x": 0.3760248124599457,
          "y": -0.01220089290291071,
          "z": 0.0008110284106805921
        },
        "scale": {
          "x": 1.0,
          "y": 1.0,
          "z": 1.0
        },
        "matrix_basis": [
          [
            0.9997009634971619,
            -0.01067855954170227,
            -0.021999027580022812,
            0.0
          ],
          [
            -0.007672794163227081,
            0.7172093391418457,
            -0.696815550327301,
            0.0
          ],
          [
            0.023218896239995956,
            0.6967759728431702,
            0.7169129848480225,
            0.0
          ],
          [
            0.0,
            0.0,
            0.0,
            1.0
          ]
        ],
        "rotation_mode": "QUATERNION"
      },
      "armature_space": {
        "head": {
          "x": 0.07055676728487015,
          "y": -0.6069585084915161,
          "z": 0.8651670813560486
        },
        "tail": {
          "x": 0.07280319184064865,
          "y": -0.6008036136627197,
          "z": 0.8366922736167908
        }
      },
      "world_space": {
        "head": {
          "x": 0.07055676728487015,
          "y": -0.5437145233154297,
          "z": 1.81502103805542
        },
        "tail": {
          "x": 0.07280319184064865,
          "y": -0.5375596284866333,
          "z": 1.786546230316162
        },
        "rotation_quaternion": {
          "w": 0.7776911854743958,
          "x": -0.6274659633636475,
          "y": -0.0228289645165205,
          "z": -0.0310111865401268
        },
        "matrix": [
          [
            0.9970342516899109,
            0.07688305526971817,
            0.003409653902053833,
            0.07055676728487015
          ],
          [
            -0.01958595961332321,
            0.2106490135192871,
            0.9773657321929932,
            -0.5437145233154297
          ],
          [
            0.07442519068717957,
            -0.9745404720306396,
            0.21153247356414795,
            1.81502103805542
          ],
          [
            0.0,
            0.0,
            0.0,
            1.0
          ]
        ]
      },
      "bone_length_armature_space": 0.029218895034977717,
      "parent": "index_02_l",
      "has_children": false,
      "is_end_bone": true
    },
    "metacarpal_pinky_l": {
      "name": "metacarpal_pinky_l",
      "local": {
        "location": {
          "x": 0.0,
          "y": 0.0,
          "z": 0.0
        },
        "rotation_quaternion": {
          "w": 0.9998822212219238,
          "x": -0.014223411679267883,
          "y": -0.0007608493324369192,
          "z": 0.0057248822413384914
        },
        "scale": {
          "x": 1.0,
          "y": 1.0,
          "z": 1.0
        },
        "matrix_basis": [
          [
            0.9999333024024963,
            -0.011426771990954876,
            -0.001684374175965786,
            0.0
          ],
          [
            0.011470059864223003,
            0.9995298385620117,
            0.028434760868549347,
            0.0
          ],
          [
            0.0013586647110059857,
            -0.028452184051275253,
            0.9995942115783691,
            0.0
          ],
          [
            0.0,
            0.0,
            0.0,
            1.0
          ]
        ],
        "rotation_mode": "QUATERNION"
      },
      "armature_space": {
        "head": {
          "x": 0.11689335852861404,
          "y": -0.4680978059768677,
          "z": 0.8345084190368652
        },
        "tail": {
          "x": 0.13141068816184998,
          "y": -0.5332924723625183,
          "z": 0.914397120475769
        }
      },
      "world_space": {
        "head": {
          "x": 0.11689335852861404,
          "y": -0.40485382080078125,
          "z": 1.7843624353408813
        },
        "tail": {
          "x": 0.13141068816184998,
          "y": -0.4700484871864319,
          "z": 1.8642511367797852
        },
        "rotation_quaternion": {
          "w": 0.22911235690116882,
          "x": 0.33336618542671204,
          "y": -0.36669525504112244,
          "z": -0.8378002047538757
        },
        "matrix": [
          [
            -0.6727492809295654,
            0.13941439986228943,
            -0.7266169190406799,
            0.11689335852861404
          ],
          [
            -0.6283886432647705,
            -0.6260843873023987,
            0.461677610874176,
            -0.40485382080078125
          ],
          [
            -0.3905623257160187,
            0.7671958208084106,
            0.5088080763816833,
            1.7843624353408813
          ],
          [
            0.0,
            0.0,
            0.0,
            1.0
          ]
        ]
      },
      "bone_length_armature_space": 0.10413117594220495,
      "parent": "lowerarm_l",
      "has_children": true,
      "is_end_bone": false
    },
    "pinky_01_l": {
      "name": "pinky_01_l",
      "local": {
        "location": {
          "x": 0.0,
          "y": 0.0,
          "z": 0.0
        },
        "rotation_quaternion": {
          "w": 0.9441485404968262,
          "x": 0.3287261426448822,
          "y": 0.020089667290449142,
          "z": 0.010917877778410912
        },
        "scale": {
          "x": 1.0,
          "y": 1.0,
          "z": 1.0
        },
        "matrix_basis": [
          [
            0.9989544153213501,
            -0.0074081989005208015,
            0.04511324316263199,
            0.0
          ],
          [
            0.033824194222688675,
            0.7836398482322693,
            -0.620293915271759,
            0.0
          ],
          [
            -0.030757276341319084,
            0.6211712956428528,
            0.7830710411071777,
            0.0
          ],
          [
            0.0,
            0.0,
            0.0,
            1.0
          ]
        ],
        "rotation_mode": "QUATERNION"
      },
      "armature_space": {
        "head": {
          "x": 0.13141068816184998,
          "y": -0.5332924723625183,
          "z": 0.914397120475769
