{
  "metadata": {
    "armature_name": "KIM_caucasian_male",
    "export_time": "2026-01-13T21:05:22.827889",
    "blender_version": "4.4.1",
    "bone_count": 56,
    "end_bone_count": 13,
    "spaces_included": [
      "LOCAL_CHANNELS",
      "ARMATURE_SPACE",
      "WORLD_SPACE"
    ],
    "note": "LOCAL matches Transform panel; replay pose via local.matrix_basis for best fidelity."
  },
  "bones": {
    "Root": {
      "name": "Root",
      "local": {
        "location": {
          "x": 0.0,
          "y": 0.0,
          "z": 0.0
        },
        "rotation_quaternion": {
          "w": 0.9997915029525757,
          "x": -0.0002581804001238197,
          "y": -0.007275362499058247,
          "z": -0.019078265875577927
        },
        "scale": {
          "x": 1.0,
          "y": 1.0,
          "z": 1.0
        },
        "matrix_basis": [
          [
            0.9991661906242371,
            0.03815233334898949,
            -0.014537840150296688,
            0.0
          ],
          [
            -0.03814481943845749,
            0.9992719292640686,
            0.0007938557537272573,
            0.0
          ],
          [
            0.014557542279362679,
            -0.00023865053663030267,
            0.9998940229415894,
            0.0
          ],
          [
            0.0,
            0.0,
            0.0,
            1.0
          ]
        ],
        "rotation_mode": "QUATERNION"
      },
      "armature_space": {
        "head": {
          "x": 0.0,
          "y": 0.07072800397872925,
          "z": -0.009595036506652832
        },
        "tail": {
          "x": 0.0027231560088694096,
          "y": 5.3785741329193115e-05,
          "z": 9.893439710140228e-06
        }
      },
      "world_space": {
        "head": {
          "x": 0.0,
          "y": 0.13397200405597687,
          "z": 0.9402589797973633
        },
        "tail": {
          "x": 0.0027231560088694096,
          "y": 0.06329778581857681,
          "z": 0.9498639106750488
        },
        "rotation_quaternion": {
          "w": 0.0676111951470375,
          "x": 0.9975028038024902,
          "y": 0.018544796854257584,
          "z": -0.00854409672319889
        },
        "matrix": [
          [
            0.9991661906242371,
            0.03815233334898949,
            -0.014537840150296688,
            0.0
          ],
          [
            0.03584161773324013,
            -0.9901696443557739,
            -0.135202094912529,
            0.13397200405597687
          ],
          [
            -0.019553305581212044,
            0.13456830382347107,
            -0.9907184839248657,
            0.9402589797973633
          ],
          [
            0.0,
            0.0,
            0.0,
            1.0
          ]
        ]
      },
      "bone_length_armature_space": 0.07137587322667197,
      "parent": null,
      "has_children": true,
      "is_end_bone": false
    },
    "spine_01": {
      "name": "spine_01",
      "local": {
        "location": {
          "x": 0.0,
          "y": 0.0,
          "z": 0.0
        },
        "rotation_quaternion": {
          "w": 0.9975423812866211,
          "x": -0.049706365913152695,
          "y": 0.045415088534355164,
          "z": 0.019389595836400986
        },
        "scale": {
          "x": 1.0,
          "y": 1.0,
          "z": 1.0
        },
        "matrix_basis": [
          [
            0.995123028755188,
            -0.04319872707128525,
            0.08867938071489334,
            0.0
          ],
          [
            0.03416904807090759,
            0.9943066239356995,
            0.10092957317829132,
            0.0
          ],
          [
            -0.09253452718257904,
            -0.0974072515964508,
            0.9909334778785706,
            0.0
          ],
          [
            0.0,
            0.0,
            0.0,
            1.0
          ]
        ],
        "rotation_mode": "QUATERNION"
      },
      "armature_space": {
        "head": {
          "x": 0.0027231560088694096,
          "y": 5.3785741329193115e-05,
          "z": 9.893439710140228e-06
        },
        "tail": {
          "x": -0.011430783197283745,
          "y": 0.06983256340026855,
          "z": 0.48279258608818054
        }
      },
      "world_space": {
        "head": {
          "x": 0.0027231560088694096,
          "y": 0.06329778581857681,
          "z": 0.9498639106750488
        },
        "tail": {
          "x": -0.011430783197283745,
          "y": 0.13307656347751617,
          "z": 1.432646632194519
        },
        "rotation_quaternion": {
          "w": 0.7549879550933838,
          "x": 0.6524916887283325,
          "y": 0.03856699913740158,
          "z": 0.05253934487700462
        },
        "matrix": [
          [
            0.991504430770874,
            -0.029003899544477463,
            0.1267983615398407,
            0.0027231560088694096
          ],
          [
            0.12966260313987732,
            0.14298893511295319,
            -0.9811941385269165,
            0.06329778581857681
          ],
          [
            0.010327881202101707,
            0.9893063306808472,
            0.14553502202033997,
            0.9498639106750488
          ],
          [
            0.0,
            0.0,
            0.0,
            1.0
          ]
        ]
      },
      "bone_length_armature_space": 0.4880046437412885,
      "parent": "Root",
      "has_children": true,
      "is_end_bone": false
    },
    "neck_01": {
      "name": "neck_01",
      "local": {
        "location": {
          "x": 0.0,
          "y": 0.0,
          "z": 0.0
        },
        "rotation_quaternion": {
          "w": 0.98924720287323,
          "x": -0.08000448346138,
          "y": -0.05684753134846687,
          "z": 0.10843295603990555
        },
        "scale": {
          "x": 1.0,
          "y": 1.0,
          "z": 1.0
        },
        "matrix_basis": [
          [
            0.9700213074684143,
            -0.20543788373470306,
            -0.1298227608203888,
            0.0
          ],
          [
            0.2236301153898239,
            0.9636831283569336,
            0.14596013724803925,
            0.0
          ],
          [
            0.09512227773666382,
            -0.17061671614646912,
            0.9807353019714355,
            0.0
          ],
          [
            0.0,
            0.0,
            0.0,
            1.0
          ]
        ],
        "rotation_mode": "QUATERNION"
      },
      "armature_space": {
        "head": {
          "x": -0.009156979620456696,
          "y": 0.046273745596408844,
          "z": 0.5602753162384033
        },
        "tail": {
          "x": -0.0301501527428627,
          "y": 0.03664866462349892,
          "z": 0.6601622700691223
        }
      },
      "world_space": {
        "head": {
          "x": -0.009156979620456696,
          "y": 0.10951774567365646,
          "z": 1.5101293325424194
        },
        "tail": {
          "x": -0.0301501527428627,
          "y": 0.09989266097545624,
          "z": 1.6100163459777832
        },
        "rotation_quaternion": {
          "w": 0.6687113046646118,
          "x": 0.736362636089325,
          "y": -0.07670263200998306,
          "z": 0.06864460557699203
        },
        "matrix": [
          [
            0.9788092970848083,
            -0.2047688215970993,
            -0.0014904588460922241,
            -0.009156979620456696
          ],
          [
            -0.02115633338689804,
            -0.09388367831707001,
            -0.9953585863113403,
            0.10951774567365646
          ],
          [
            0.20367982983589172,
            0.9743042588233948,
            -0.09622788429260254,
            1.5101293325424194
          ],
          [
            0.0,
            0.0,
            0.0,
            1.0
          ]
        ]
      },
      "bone_length_armature_space": 0.10252199076982643,
      "parent": "spine_01",
      "has_children": true,
      "is_end_bone": false
    },
    "head": {
      "name": "head",
      "local": {
        "location": {
          "x": 0.0,
          "y": 0.0,
          "z": 0.0
        },
        "rotation_quaternion": {
          "w": 0.9885189533233643,
          "x": -0.03495306521654129,
          "y": 0.07263950258493423,
          "z": -0.12779727578163147
        },
        "scale": {
          "x": 1.0,
          "y": 1.0,
          "z": 1.0
        },
        "matrix_basis": [
          [
            0.9567826986312866,
            0.2475821077823639,
            0.15254485607147217,
            0.0
          ],
          [
            -0.25773799419403076,
            0.9648922681808472,
            0.05053727328777313,
            0.0
          ],
          [
            -0.1346772313117981,
            -0.08766979724168777,
            0.9870035648345947,
            0.0
          ],
          [
            0.0,
            0.0,
            0.0,
            1.0
          ]
        ],
        "rotation_mode": "QUATERNION"
      },
      "armature_space": {
        "head": {
          "x": -0.030150137841701508,
          "y": 0.03664851561188698,
          "z": 0.6601622104644775
        },
        "tail": {
          "x": -0.02009635418653488,
          "y": 0.08955902606248856,
          "z": 0.8056018352508545
        }
      },
      "world_space": {
        "head": {
          "x": -0.030150137841701508,
          "y": 0.0998925119638443,
          "z": 1.6100162267684937
        },
        "tail": {
          "x": -0.02009635418653488,
          "y": 0.15280303359031677,
          "z": 1.7554558515548706
        },
        "rotation_quaternion": {
          "w": 0.8176984190940857,
          "x": 0.5738863348960876,
          "y": 0.04414643719792366,
          "z": -0.00865559559315443
        },
        "matrix": [
          [
            0.9959524869918823,
            0.0648253932595253,
            0.06226189434528351,
            -0.030150137841701508
          ],
          [
            0.03651430457830429,
            0.3411595821380615,
            -0.9392961263656616,
            0.0998925119638443
          ],
          [
            -0.08213204145431519,
            0.9377744197845459,
            0.33741316199302673,
            1.6100162267684937
          ],
          [
            0.0,
            0.0,
            0.0,
            1.0
          ]
        ]
      },
      "bone_length_armature_space": 0.15509121561305392,
      "parent": "neck_01",
      "has_children": false,
      "is_end_bone": true
    },
    "upperarm_l": {
      "name": "upperarm_l",
      "local": {
        "location": {
          "x": 0.0,
          "y": 0.0,
          "z": 0.0
        },
        "rotation_quaternion": {
          "w": 0.9651962518692017,
          "x": 0.08308148384094238,
          "y": -0.22475388646125793,
          "z": 0.1047826036810875
        },
        "scale": {
          "x": 1.0,
          "y": 1.0,
          "z": 1.0
        },
        "matrix_basis": [
          [
            0.8770126104354858,
            -0.23961733281612396,
            -0.41645222902297974,
            0.0
          ],
          [
            0.16492578387260437,
            0.9642361402511597,
            -0.20748047530651093,
            0.0
          ],
          [
            0.45127421617507935,
            0.11327927559614182,
            0.8851662874221802,
            0.0
          ],
          [
            0.0,
            0.0,
            0.0,
            1.0
          ]
        ],
        "rotation_mode": "QUATERNION"
      },
      "armature_space": {
        "head": {
          "x": 0.14192235469818115,
          "y": 0.05298401787877083,
          "z": 0.49579957127571106
        },
        "tail": {
          "x": 0.4015550911426544,
          "y": 0.07371897995471954,
          "z": 0.5587962865829468
        }
      },
      "world_space": {
        "head": {
          "x": 0.14192235469818115,
          "y": 0.11622801423072815,
          "z": 1.4456535577774048
        },
        "tail": {
          "x": 0.4015550911426544,
          "y": 0.13696298003196716,
          "z": 1.508650302886963
        },
        "rotation_quaternion": {
          "w": 0.6785725355148315,
          "x": 0.3995967209339142,
          "y": 0.2796951234340668,
          "z": -0.5492107272148132
        },
        "matrix": [
          [
            0.24027517437934875,
            0.9688894152641296,
            -0.05934076011180878,
            0.14192235469818115
          ],
          [
            -0.5218299031257629,
            0.07737808674573898,
            -0.8495330810546875,
            0.11622801423072815
          ],
          [
            -0.8185180425643921,
            0.23508912324905396,
            0.5241903066635132,
            1.4456535577774048
          ],
          [
            0.0,
            0.0,
            0.0,
            1.0
          ]
        ]
      },
      "bone_length_armature_space": 0.267969555417413,
      "parent": "spine_01",
      "has_children": true,
      "is_end_bone": false
    },
    "lowerarm_l": {
      "name": "lowerarm_l",
      "local": {
        "location": {
          "x": 0.0,
          "y": 0.0,
          "z": 0.0
        },
        "rotation_quaternion": {
          "w": 0.8645734190940857,
          "x": 0.36435550451278687,
          "y": 0.27592557668685913,
          "z": -0.20886145532131195
        },
        "scale": {
          "x": 1.0,
          "y": 1.0,
          "z": 1.0
        },
        "matrix_basis": [
          [
            0.7604839205741882,
            0.5622221231460571,
            0.32491618394851685,
            0.0
          ],
          [
            -0.1600821167230606,
            0.6472439169883728,
            -0.7452846169471741,
            0.0
          ],
          [
            -0.6293154954910278,
            0.5147637128829956,
            0.5822202563285828,
            0.0
          ],
          [
            0.0,
            0.0,
            0.0,
            1.0
          ]
        ],
        "rotation_mode": "QUATERNION"
      },
      "armature_space": {
        "head": {
          "x": 0.4015551507472992,
          "y": 0.07371900975704193,
          "z": 0.5587964057922363
        },
        "tail": {
          "x": 0.576796293258667,
          "y": -0.12540404498577118,
          "z": 0.5935802459716797
        }
      },
      "world_space": {
        "head": {
          "x": 0.4015551507472992,
          "y": 0.13696300983428955,
          "z": 1.5086504220962524
        },
        "tail": {
          "x": 0.576796293258667,
          "y": -0.06216004490852356,
          "z": 1.5434342622756958
        },
        "rotation_quaternion": {
          "w": 0.27595284581184387,
          "x": 0.7228079438209534,
          "y": 0.2273576855659485,
          "z": -0.5913605093955994
        },
        "matrix": [
          [
            0.19720233976840973,
            0.6550471186637878,
            -0.729400098323822,
            0.4015551507472992
          ],
          [
            0.0022967159748077393,
            -0.7443171143531799,
            -0.6678225994110107,
            0.13696300983428955
          ],
          [
            -0.9803670644760132,
            0.13002119958400726,
            -0.1482871174812317,
            1.5086504220962524
          ],
          [
            0.0,
            0.0,
            0.0,
            1.0
          ]
        ]
      },
      "bone_length_armature_space": 0.26752451003635025,
      "parent": "upperarm_l",
      "has_children": true,
      "is_end_bone": false
    },
    "metacarpal_thumb_l": {
      "name": "metacarpal_thumb_l",
      "local": {
        "location": {
          "x": 0.0,
          "y": 0.0,
          "z": 0.0
        },
        "rotation_quaternion": {
          "w": 0.9981817603111267,
          "x": -0.05446099489927292,
          "y": -0.020821763202548027,
          "z": 0.015291206538677216
        },
        "scale": {
          "x": 1.0,
          "y": 1.0,
          "z": 1.0
        },
        "matrix_basis": [
          [
            0.9986652731895447,
            -0.028258858248591423,
            -0.04323335736989975,
            0.0
          ],
          [
            0.032794754952192307,
            0.9936003684997559,
            0.10808716714382172,
            0.0
          ],
          [
            0.03990225866436958,
            -0.1093607246875763,
            0.9932008981704712,
            0.0
          ],
          [
            0.0,
            0.0,
            0.0,
            1.0
          ]
        ],
        "rotation_mode": "QUATERNION"
      },
      "armature_space": {
        "head": {
          "x": 0.576796293258667,
          "y": -0.12540404498577118,
          "z": 0.5935802459716797
        },
        "tail": {
          "x": 0.5808975696563721,
          "y": -0.17468053102493286,
          "z": 0.590648889541626
        }
      },
      "world_space": {
        "head": {
          "x": 0.576796293258667,
          "y": -0.06216004490852356,
          "z": 1.5434342622756958
        },
        "tail": {
          "x": 0.5808975696563721,
          "y": -0.11143653094768524,
          "z": 1.540502905845642
        },
        "rotation_quaternion": {
          "w": 0.03128255903720856,
          "x": -0.9978812336921692,
          "y": -0.040218330919742584,
          "z": -0.04046112298965454
        },
        "matrix": [
          [
            0.9934908151626587,
            0.08279767632484436,
            0.0782344788312912,
            0.576796293258667
          ],
          [
            0.07773477584123611,
            -0.994807779788971,
            0.06568671017885208,
            -0.06216004490852356
          ],
          [
            0.08326763659715652,
            -0.05917883664369583,
            -0.9947755932807922,
            1.5434342622756958
          ],
          [
            0.0,
            0.0,
            0.0,
            1.0
          ]
        ]
      },
      "bone_length_armature_space": 0.0495336802038864,
      "parent": "lowerarm_l",
      "has_children": true,
      "is_end_bone": false
    },
    "thumb_01_l": {
      "name": "thumb_01_l",
      "local": {
        "location": {
          "x": 0.0,
          "y": 0.0,
          "z": 0.0
        },
        "rotation_quaternion": {
          "w": 0.9972777366638184,
          "x": -0.07193067669868469,
          "y": -0.008044222369790077,
          "z": 0.01408544834703207
        },
        "scale": {
          "x": 1.0,
          "y": 1.0,
          "z": 1.0
        },
        "matrix_basis": [
          [
            0.9994738101959229,
            -0.026936955749988556,
            -0.018070999532938004,
            0.0
          ],
          [
            0.02925145998597145,
            0.9892551302909851,
            0.14324311912059784,
            0.0
          ],
          [
            0.014018296264111996,
            -0.14369633793830872,
            0.9895225167274475,
            0.0
          ],
          [
            0.0,
            0.0,
            0.0,
            1.0
          ]
        ],
        "rotation_mode": "QUATERNION"
      },
      "armature_space": {
        "head": {
          "x": 0.5808975696563721,
          "y": -0.17468053102493286,
          "z": 0.590648889541626
        },
        "tail": {
          "x": 0.5757449865341187,
          "y": -0.1947484314441681,
          "z": 0.5636420845985413
        }
      },
      "world_space": {
        "head": {
          "x": 0.5808975696563721,
          "y": -0.11143653094768524,
          "z": 1.540502905845642
        },
        "tail": {
          "x": 0.5757449865341187,
          "y": -0.13150443136692047,
          "z": 1.5134961605072021
        },
        "rotation_quaternion": {
          "w": 0.2723424434661865,
          "x": -0.6599725484848022,
          "y": 0.3620052933692932,
          "z": -0.5993479490280151
        },
        "matrix": [
          [
            0.01946917362511158,
            -0.1513744741678238,
            0.9882848262786865,
            0.5808975696563721
          ],
          [
            -0.8042829632759094,
            -0.5895631909370422,
            -0.07445847988128662,
            -0.11143653094768524
          ],
          [
            0.5939309000968933,
            -0.7934171557426453,
            -0.13322722911834717,
            1.540502905845642
          ],
          [
            0.0,
            0.0,
            0.0,
            1.0
          ]
        ]
      },
      "bone_length_armature_space": 0.034038760476222084,
      "parent": "metacarpal_thumb_l",
      "has_children": true,
      "is_end_bone": false
    },
    "thumb_02_l": {
      "name": "thumb_02_l",
      "local": {
        "location": {
          "x": 0.0,
          "y": 0.0,
          "z": 0.0
        },
        "rotation_quaternion": {
          "w": 0.9949887990951538,
          "x": 0.09954540431499481,
          "y": -0.005196292884647846,
          "z": 0.007811727933585644
        },
        "scale": {
          "x": 1.0,
          "y": 1.0,
          "z": 1.0
        },
        "matrix_basis": [
          [
            0.9998239278793335,
            -0.016579696908593178,
            -0.008785263635218143,
            0.0
          ],
          [
            0.014510629698634148,
            0.9800593852996826,
            -0.19817431271076202,
            0.0
          ],
          [
            0.011895749717950821,
            0.19801193475723267,
            0.9801273941993713,
            0.0
          ],
          [
            0.0,
            0.0,
            0.0,
            1.0
          ]
        ],
        "rotation_mode": "QUATERNION"
      },
      "armature_space": {
        "head": {
          "x": 0.5757449269294739,
          "y": -0.1947483867406845,
          "z": 0.5636420845985413
        },
        "tail": {
          "x": 0.6015444993972778,
          "y": -0.22545139491558075,
          "z": 0.5658525228500366
        }
      },
      "world_space": {
        "head": {
          "x": 0.5757449269294739,
          "y": -0.1315043866634369,
          "z": 1.5134961605072021
        },
        "tail": {
          "x": 0.6015444993972778,
          "y": -0.16220739483833313,
          "z": 1.5157065391540527
        },
        "rotation_quaternion": {
          "w": 0.31558823585510254,
          "x": -0.2940087914466858,
          "y": -0.13485939800739288,
          "z": -0.8920627236366272
        },
        "matrix": [
          [
            -0.6279255747795105,
            0.6423496007919312,
            0.4394276738166809,
            0.5757449269294739
          ],
          [
            -0.4837493598461151,
            -0.7644332051277161,
            0.4261786639690399,
            -0.1315043866634369
          ],
          [
            0.6096727252006531,
            0.05503535270690918,
            0.7907492518424988,
            1.5134961605072021
          ],
          [
            0.0,
            0.0,
            0.0,
            1.0
          ]
        ]
      },
      "bone_length_armature_space": 0.04016439552473101,
      "parent": "thumb_01_l",
      "has_children": true,
      "is_end_bone": false
    },
    "thumb_03_l": {
      "name": "thumb_03_l",
      "local": {
        "location": {
          "x": 0.0,
          "y": 0.0,
          "z": 0.0
        },
        "rotation_quaternion": {
          "w": 0.996240496635437,
          "x": 0.0860961303114891,
          "y": 0.0033706664107739925,
          "z": 0.009004407562315464
        },
        "scale": {
          "x": 1.0,
          "y": 1.0,
          "z": 1.0
        },
        "matrix_basis": [
          [
            0.9998151063919067,
            -0.017360707744956017,
            0.008266477845609188,
            0.0
          ],
          [
            0.018521513789892197,
            0.9850127696990967,
            -0.17148420214653015,
            0.0
          ],
          [
            -0.00516549963504076,
            0.17160560190677643,
            0.9851521849632263,
            0.0
          ],
          [
            0.0,
            0.0,
            0.0,
            1.0
          ]
        ],
        "rotation_mode": "QUATERNION"
      },
      "armature_space": {
        "head": {
          "x": 0.6015444397926331,
          "y": -0.22545140981674194,
          "z": 0.5658525228500366
        },
        "tail": {
          "x": 0.6268835663795471,
          "y": -0.23920413851737976,
          "z": 0.5756343603134155
        }
      },
      "world_space": {
        "head": {
          "x": 0.6015444397926331,
          "y": -0.16220740973949432,
          "z": 1.5157065391540527
        },
        "tail": {
          "x": 0.6268835663795471,
          "y": -0.17596013844013214,
          "z": 1.5254883766174316
        },
        "rotation_quaternion": {
          "w": 0.4754595160484314,
          "x": -0.05421846732497215,
          "y": -0.2192602902650833,
          "z": -0.850249171257019
        },
        "matrix": [
          [
            -0.5419968962669373,
            0.8322941064834595,
            -0.1163017749786377,
            0.6015444397926331
          ],
          [
            -0.784742534160614,
            -0.45172569155693054,
            0.4244089424610138,
            -0.16220740973949432
          ],
          [
            0.3006979823112488,
            0.3212971091270447,
            0.8979771733283997,
            1.5157065391540527
          ],
          [
            0.0,
            0.0,
            0.0,
            1.0
          ]
        ]
      },
      "bone_length_armature_space": 0.030444921548697625,
      "parent": "thumb_02_l",
      "has_children": false,
      "is_end_bone": true
    },
    "metacarpal_index_l": {
      "name": "metacarpal_index_l",
      "local": {
        "location": {
          "x": 0.0,
          "y": 0.0,
          "z": 0.0
        },
        "rotation_quaternion": {
          "w": 0.9996622204780579,
          "x": -0.023949725553393364,
          "y": -0.008426468819379807,
          "z": -0.005575283896178007
        },
        "scale": {
          "x": 1.0,
          "y": 1.0,
          "z": 1.0
        },
        "matrix_basis": [
          [
            0.9997957944869995,
            0.011550424620509148,
            -0.016580192372202873,
            0.0
          ],
          [
            -0.010743178427219391,
            0.9987906813621521,
            0.047977231442928314,
            0.0
          ],
          [
            0.017114298418164253,
            -0.0477893128991127,
            0.9987108111381531,
            0.0
          ],
          [
            0.0,
            0.0,
            0.0,
            1.0
          ]
        ],
        "rotation_mode": "QUATERNION"
      },
      "armature_space": {
        "head": {
          "x": 0.576796293258667,
          "y": -0.12540404498577118,
          "z": 0.5935802459716797
        },
        "tail": {
          "x": 0.6280639171600342,
          "y": -0.23047101497650146,
          "z": 0.6014400124549866
        }
      },
      "world_space": {
        "head": {
          "x": 0.576796293258667,
          "y": -0.06216004490852356,
          "z": 1.5434342622756958
        },
        "tail": {
          "x": 0.6280639171600342,
          "y": -0.16722701489925385,
          "z": 1.5512940883636475
        },
        "rotation_quaternion": {
          "w": 0.08320100605487823,
          "x": 0.9497878551483154,
          "y": 0.21149812638759613,
          "z": -0.21505619585514069
        },
        "matrix": [
          [
            0.8180385828018188,
            0.43754279613494873,
            -0.373321533203125,
            0.576796293258667
          ],
          [
            0.36597102880477905,
            -0.896692156791687,
            -0.24901551008224487,
            -0.06216004490852356
          ],
          [
            -0.4437122046947479,
            0.06707917153835297,
            -0.893663227558136,
            1.5434342622756958
          ],
          [
            0.0,
            0.0,
            0.0,
            1.0
          ]
        ]
      },
      "bone_length_armature_space": 0.11717172515885654,
      "parent": "lowerarm_l",
      "has_children": true,
      "is_end_bone": false
    },
    "index_01_l": {
      "name": "index_01_l",
      "local": {
        "location": {
          "x": 0.0,
          "y": 0.0,
          "z": 0.0
        },
        "rotation_quaternion": {
          "w": 0.9929047226905823,
          "x": -0.11835654079914093,
          "y": 0.004725416656583548,
          "z": -0.01047521736472845
        },
        "scale": {
          "x": 1.0,
          "y": 1.0,
          "z": 1.0
        },
        "matrix_basis": [
          [
            0.9997358918190002,
            0.019683217629790306,
            0.011863398365676403,
            0.0
          ],
          [
            -0.021920353174209595,
            0.9717639684677124,
            0.23493453860282898,
            0.0
          ],
          [
            -0.006904155947268009,
            -0.23513253033161163,
            0.9719387888908386,
            0.0
          ],
          [
            0.0,
            0.0,
            0.0,
            1.0
          ]
        ],
        "rotation_mode": "QUATERNION"
      },
      "armature_space": {
        "head": {
          "x": 0.6280639171600342,
          "y": -0.23047101497650146,
          "z": 0.6014400124549866
        },
        "tail": {
          "x": 0.650671660900116,
          "y": -0.24654409289360046,
          "z": 0.6080442070960999
        }
      },
      "world_space": {
        "head": {
          "x": 0.6280639171600342,
          "y": -0.16722701489925385,
          "z": 1.5512940883636475
        },
        "tail": {
          "x": 0.650671660900116,
          "y": -0.18330009281635284,
          "z": 1.5578982830047607
        },
        "rotation_quaternion": {
          "w": 0.2028363198041916,
          "x": 0.8722065687179565,
          "y": 0.420731782913208,
          "z": -0.14525172114372253
        },
        "matrix": [
          [
            0.6037731766700745,
            0.7928547859191895,
            -0.08269834518432617,
            0.6280639171600342
          ],
          [
            0.6750058531761169,
            -0.5636835694313049,
            -0.476054847240448,
            -0.16722701489925385
          ],
          [
            -0.42406052350997925,
            0.23160845041275024,
            -0.8755252361297607,
            1.5512940883636475
          ],
          [
            0.0,
            0.0,
            0.0,
            1.0
          ]
        ]
      },
      "bone_length_armature_space": 0.028514369973111763,
      "parent": "metacarpal_index_l",
      "has_children": true,
      "is_end_bone": false
    },
    "index_02_l": {
      "name": "index_02_l",
      "local": {
        "location": {
          "x": 0.0,
          "y": 0.0,
          "z": 0.0
        },
        "rotation_quaternion": {
          "w": 0.9981505870819092,
          "x": 0.06007993593811989,
          "y": -0.0068639181554317474,
          "z": -0.0062292166985571384
        },
        "scale": {
          "x": 1.0,
          "y": 1.0,
          "z": 1.0
        },
        "matrix_basis": [
          [
            0.9998281598091125,
            0.011610625311732292,
            -0.014450949616730213,
            0.0
          ],
          [
            -0.013260160572826862,
            0.9927031993865967,
            -0.11985213309526443,
            0.0
          ],
          [
            0.012953946366906166,
            0.12002316117286682,
            0.9926865696907043,
            0.0
          ],
          [
            0.0,
            0.0,
            0.0,
            1.0
          ]
        ],
        "rotation_mode": "QUATERNION"
      },
      "armature_space": {
        "head": {
          "x": 0.6506718397140503,
          "y": -0.24654462933540344,
          "z": 0.6080440878868103
        },
        "tail": {
          "x": 0.6712774634361267,
          "y": -0.2613942325115204,
          "z": 0.6116479635238647
        }
      },
      "world_space": {
        "head": {
          "x": 0.6506718397140503,
          "y": -0.18330062925815582,
          "z": 1.5578980445861816
        },
        "tail": {
          "x": 0.6712774634361267,
          "y": -0.19815023243427277,
          "z": 1.5615019798278809
        },
        "rotation_quaternion": {
          "w": 0.17976707220077515,
          "x": 0.8652243614196777,
          "y": 0.4222014248371124,
          "z": -0.2020314484834671
        },
        "matrix": [
          [
            0.5618582963943481,
            0.8032352924346924,
            -0.1978079080581665,
            0.6506718397140503
          ],
          [
            0.6579610109329224,
            -0.578858494758606,
            -0.4816744923591614,
            -0.18330062925815582
          ],
          [
            -0.5014038681983948,
            0.14048340916633606,
            -0.8537405133247375,
            1.5578980445861816
          ],
          [
            0.0,
            0.0,
            0.0,
            1.0
          ]
        ]
      },
      "bone_length_armature_space": 0.025653272165181224,
      "parent": "index_01_l",
      "has_children": true,
      "is_end_bone": false
    },
    "index_03_l": {
      "name": "index_03_l",
      "local": {
        "location": {
          "x": 0.0,
          "y": 0.0,
          "z": 0.0
        },
        "rotation_quaternion": {
          "w": 0.9999327659606934,
          "x": 0.011179570108652115,
          "y": 0.00277394475415349,
          "z": 0.0013358470750972629
        },
        "scale": {
          "x": 1.0,
          "y": 1.0,
          "z": 1.0
        },
        "matrix_basis": [
          [
            0.9999810457229614,
            -0.002609491581097245,
            0.00557738495990634,
            0.0
          ],
          [
            0.0027335374616086483,
            0.9997464418411255,
            -0.02235022559762001,
            0.0
          ],
          [
            -0.005517648067325354,
            0.02236504852771759,
            0.99973464012146,
            0.0
          ],
          [
            0.0,
            0.0,
            0.0,
            1.0
          ]
        ],
        "rotation_mode": "QUATERNION"
      },
      "armature_space": {
        "head": {
          "x": 0.6712774038314819,
          "y": -0.2613941729068756,
          "z": 0.6116480827331543
        },
        "tail": {
          "x": 0.6953412294387817,
          "y": -0.2779671549797058,
          "z": 0.6116430759429932
        }
      },
      "world_space": {
        "head": {
          "x": 0.6712774038314819,
          "y": -0.198150172829628,
          "z": 1.5615020990371704
        },
        "tail": {
          "x": 0.6953412294387817,
          "y": -0.2147231549024582,
          "z": 1.5614970922470093
        },
        "rotation_quaternion": {
          "w": 0.10521143674850464,
          "x": 0.8622336983680725,
          "y": 0.4531310796737671,
          "z": -0.20038938522338867
        },
        "matrix": [
          [
            0.5090324282646179,
            0.8235765099525452,
            -0.25021472573280334,
            0.6712774038314819
          ],
          [
            0.7392432689666748,
            -0.5672048330307007,
            -0.3630402386188507,
            -0.198150172829628
          ],
          [
            -0.4409169852733612,
            -0.00017081014811992645,
            -0.8975557684898376,
            1.5615020990371704
          ],
          [
            0.0,
            0.0,
            0.0,
            1.0
          ]
        ]
      },
      "bone_length_armature_space": 0.029218683037395932,
      "parent": "index_02_l",
      "has_children": false,
      "is_end_bone": true
    },
    "metacarpal_pinky_l": {
      "name": "metacarpal_pinky_l",
      "local": {
        "location": {
          "x": 0.0,
          "y": 0.0,
          "z": 0.0
        },
        "rotation_quaternion": {
          "w": 0.9997042417526245,
          "x": -0.02003479190170765,
          "y": 0.00590773019939661,
          "z": 0.012463117949664593
        },
        "scale": {
          "x": 1.0,
          "y": 1.0,
          "z": 1.0
        },
        "matrix_basis": [
          [
            0.9996195435523987,
            -0.025155583396553993,
            0.0113125741481781,
            0.0
          ],
          [
            0.024682143703103065,
            0.9988865852355957,
            0.04020499065518379,
            0.0
          ],
          [
            -0.012311358004808426,
            -0.03991047665476799,
            0.9991273880004883,
            0.0
          ],
          [
            0.0,
            0.0,
            0.0,
            1.0
          ]
        ],
        "rotation_mode": "QUATERNION"
      },
      "armature_space": {
        "head": {
          "x": 0.576796293258667,
          "y": -0.12540404498577118,
          "z": 0.5935802459716797
        },
        "tail": {
          "x": 0.6673024892807007,
          "y": -0.17491577565670013,
          "z": 0.6077378988265991
        }
      },
      "world_space": {
        "head": {
          "x": 0.576796293258667,
          "y": -0.06216004490852356,
          "z": 1.5434342622756958
        },
        "tail": {
          "x": 0.6673024892807007,
          "y": -0.11167177557945251,
          "z": 1.5575919151306152
        },
        "rotation_quaternion": {
          "w": 0.5106408596038818,
          "x": 0.19669586420059204,
          "y": 0.03882407024502754,
          "z": -0.8360917568206787
        },
        "matrix": [
          [
            -0.40111294388771057,
            0.8691588044166565,
            -0.28925997018814087,
            0.576796293258667
          ],
          [
            -0.8386123776435852,
            -0.47547656297683716,
            -0.26580366492271423,
            -0.06216004490852356
          ],
          [
            -0.3685651421546936,
            0.13596020638942719,
            0.9196133613586426,
            1.5434342622756958
          ],
          [
            0.0,
            0.0,
            0.0,
            1.0
          ]
        ]
      },
      "bone_length_armature_space": 0.10413079233873061,
      "parent": "lowerarm_l",
      "has_children": true,
      "is_end_bone": false
    },
    "pinky_01_l": {
      "name": "pinky_01_l",
      "local": {
        "location": {
          "x": 0.0,
          "y": 0.0,
          "z": 0.0
        },
        "rotation_quaternion": {
          "w": 0.9970264434814453,
          "x": -0.07703857868909836,
          "y": 0.0005398468929342926,
          "z": -0.0017558683175593615
        },
        "scale": {
          "x": 1.0,
          "y": 1.0,
          "z": 1.0
        },
        "matrix_basis": [
          [
            0.9999932646751404,
            0.003418116131797433,
            0.0013470224803313613,
            0.0
          ],
          [
            -0.0035844724625349045,
            0.9881239533424377,
            0.15361709892749786,
            0.0
          ],
          [
            -0.0008059440297074616,
            -0.1536208987236023,
            0.9881295561790466,
            0.0
          ],
          [
            0.0,
            0.0,
            0.0,
            1.0
          ]
        ],
        "rotation_mode": "QUATERNION"
      },
      "armature_space": {
        "head": {
          "x": 0.6673024892807007,
          "y": -0.17491577565670013,
          "z": 0.6077378988265991
        },
        "tail": {
