{
  "metadata": {
    "armature_name": "KIM_caucasian_male",
    "export_time": "2026-01-13T21:03:01.731855",
    "blender_version": "4.4.1",
    "bone_count": 56,
    "end_bone_count": 13,
    "spaces_included": [
      "LOCAL_CHANNELS",
      "ARMATURE_SPACE",
      "WORLD_SPACE"
    ],
    "note": "LOCAL matches Transform panel; replay pose via local.matrix_basis for best fidelity."
  },
  "bones": {
    "Root": {
      "name": "Root",
      "local": {
        "location": {
          "x": 0.0,
          "y": 0.0,
          "z": 0.0
        },
        "rotation_quaternion": {
          "w": 0.9999567866325378,
          "x": -0.0018816221272572875,
          "y": -0.007893074303865433,
          "z": -0.0045511722564697266
        },
        "scale": {
          "x": 1.0,
          "y": 1.0,
          "z": 1.0
        },
        "matrix_basis": [
          [
            0.9998340010643005,
            0.009131655097007751,
            -0.01576833985745907,
            0.0
          ],
          [
            -0.00907224789261818,
            0.9999514818191528,
            0.0038349272217601538,
            0.0
          ],
          [
            0.015802593901753426,
            -0.0036912362556904554,
            0.9998683333396912,
            0.0
          ],
          [
            0.0,
            0.0,
            0.0,
            1.0
          ]
        ],
        "rotation_mode": "QUATERNION"
      },
      "armature_space": {
        "head": {
          "x": 0.0,
          "y": 0.07072800397872925,
          "z": -0.009595036506652832
        },
        "tail": {
          "x": 0.000651779817417264,
          "y": 3.8854777812957764e-05,
          "z": 0.0002606092020869255
        }
      },
      "world_space": {
        "head": {
          "x": 0.0,
          "y": 0.13397200405597687,
          "z": 0.9402589797973633
        },
        "tail": {
          "x": 0.000651779817417264,
          "y": 0.06328285485506058,
          "z": 0.9501146078109741
        },
        "rotation_quaternion": {
          "w": 0.06924208998680115,
          "x": 0.9975582957267761,
          "y": 0.004009093623608351,
          "z": -0.008181746117770672
        },
        "matrix": [
          [
            0.9998340010643005,
            0.009131655097007751,
            -0.01576833985745907,
            0.0
          ],
          [
            0.006865562405437231,
            -0.9903788566589355,
            -0.13821211457252502,
            0.13397200405597687
          ],
          [
            -0.016878847032785416,
            0.1380809247493744,
            -0.9902842044830322,
            0.9402589797973633
          ],
          [
            0.0,
            0.0,
            0.0,
            1.0
          ]
        ]
      },
      "bone_length_armature_space": 0.07137586726425828,
      "parent": null,
      "has_children": true,
      "is_end_bone": false
    },
    "spine_01": {
      "name": "spine_01",
      "local": {
        "location": {
          "x": 0.0,
          "y": 0.0,
          "z": 0.0
        },
        "rotation_quaternion": {
          "w": 0.9968712329864502,
          "x": 0.048745837062597275,
          "y": -0.05229868367314339,
          "z": -0.033714476972818375
        },
        "scale": {
          "x": 1.0,
          "y": 1.0,
          "z": 1.0
        },
        "matrix_basis": [
          [
            0.9922563433647156,
            0.06211929768323898,
            -0.10755698382854462,
            0.0
          ],
          [
            -0.07231666892766953,
            0.9929743409156799,
            -0.09366019815206528,
            0.0
          ],
          [
            0.10098322480916977,
            0.1007130891084671,
            0.9897773861885071,
            0.0
          ],
          [
            0.0,
            0.0,
            0.0,
            1.0
          ]
        ],
        "rotation_mode": "QUATERNION"
      },
      "armature_space": {
        "head": {
          "x": 0.000651779817417264,
          "y": 3.8854777812957764e-05,
          "z": 0.0002606092020869255
        },
        "tail": {
          "x": 0.03934047371149063,
          "y": -0.02434016764163971,
          "z": 0.486117959022522
        }
      },
      "world_space": {
        "head": {
          "x": 0.000651779817417264,
          "y": 0.06328285485506058,
          "z": 0.9501146078109741
        },
        "tail": {
          "x": 0.03934047371149063,
          "y": 0.03890383243560791,
          "z": 1.435971975326538
        },
        "rotation_quaternion": {
          "w": 0.6891884207725525,
          "x": 0.7217044830322266,
          "y": -0.006379291415214539,
          "z": -0.0641971305012703
        },
        "matrix": [
          [
            0.9916761517524719,
            0.07927990704774857,
            -0.10145518183708191,
            0.000651779817417264
          ],
          [
            -0.09769520908594131,
            -0.04995688796043396,
            -0.9939618110656738,
            0.06328285485506058
          ],
          [
            -0.08387026190757751,
            0.9956067800521851,
            -0.041797008365392685,
            0.9501146078109741
          ],
          [
            0.0,
            0.0,
            0.0,
            1.0
          ]
        ]
      },
      "bone_length_armature_space": 0.4880046185440514,
      "parent": "Root",
      "has_children": true,
      "is_end_bone": false
    },
    "neck_01": {
      "name": "neck_01",
      "local": {
        "location": {
          "x": 0.0,
          "y": 0.0,
          "z": 0.0
        },
        "rotation_quaternion": {
          "w": 0.9930424094200134,
          "x": -0.0802488848567009,
          "y": -0.03408721089363098,
          "z": 0.07915228605270386
        },
        "scale": {
          "x": 1.0,
          "y": 1.0,
          "z": 1.0
        },
        "matrix_basis": [
          [
            0.9851459264755249,
            -0.15173223614692688,
            -0.08040385693311691,
            0.0
          ],
          [
            0.16267406940460205,
            0.9745900630950928,
            0.153984934091568,
            0.0
          ],
          [
            0.05499632656574249,
            -0.1647772490978241,
            0.9847963452339172,
            0.0
          ],
          [
            0.0,
            0.0,
            0.0,
            1.0
          ]
        ],
        "rotation_mode": "QUATERNION"
      },
      "armature_space": {
        "head": {
          "x": 0.041626714169979095,
          "y": -0.06246896833181381,
          "z": 0.5575652122497559
        },
        "tail": {
          "x": 0.03180360049009323,
          "y": -0.08806240558624268,
          "z": 0.6563540697097778
        }
      },
      "world_space": {
        "head": {
          "x": 0.041626714169979095,
          "y": 0.0007750317454338074,
          "z": 1.507419228553772
        },
        "tail": {
          "x": 0.03180360049009323,
          "y": -0.024818405508995056,
          "z": 1.606208086013794
        },
        "rotation_quaternion": {
          "w": 0.6044831275939941,
          "x": 0.7888849377632141,
          "y": -0.0988934263586998,
          "z": -0.04980779066681862
        },
        "matrix": [
          [
            0.97547847032547,
            -0.09581533074378967,
            -0.19814443588256836,
            0.041626714169979095
          ],
          [
            -0.21624740958213806,
            -0.24964012205600739,
            -0.9438840746879578,
            0.0007750317454338074
          ],
          [
            0.040973812341690063,
            0.9635931849479675,
            -0.26424112915992737,
            1.507419228553772
          ],
          [
            0.0,
            0.0,
            0.0,
            1.0
          ]
        ]
      },
      "bone_length_armature_space": 0.10252197604360719,
      "parent": "spine_01",
      "has_children": true,
      "is_end_bone": false
    },
    "head": {
      "name": "head",
      "local": {
        "location": {
          "x": 0.0,
          "y": 0.0,
          "z": 0.0
        },
        "rotation_quaternion": {
          "w": 0.9860851764678955,
          "x": 0.0008203057805076241,
          "y": -0.058499231934547424,
          "z": 0.1556067168712616
        },
        "scale": {
          "x": 1.0,
          "y": 1.0,
          "z": 1.0
        },
        "matrix_basis": [
          [
            0.9447287917137146,
            -0.3069789409637451,
            -0.11511515825986862,
            0.0
          ],
          [
            0.30678698420524597,
            0.9515717625617981,
            -0.019823528826236725,
            0.0
          ],
          [
            0.11562573909759521,
            -0.016587963327765465,
            0.9931543469429016,
            0.0
          ],
          [
            0.0,
            0.0,
            0.0,
            1.0
          ]
        ],
        "rotation_mode": "QUATERNION"
      },
      "armature_space": {
        "head": {
          "x": 0.03180357441306114,
          "y": -0.08806253224611282,
          "z": 0.6563539505004883
        },
        "tail": {
          "x": -0.01673802360892296,
          "y": -0.05911049246788025,
          "z": 0.8007796406745911
        }
      },
      "world_space": {
        "head": {
          "x": 0.03180357441306114,
          "y": -0.024818532168865204,
          "z": 1.6062079668045044
        },
        "tail": {
          "x": -0.01673802360892296,
          "y": 0.004133507609367371,
          "z": 1.750633716583252
        },
        "rotation_quaternion": {
          "w": 0.7336366176605225,
          "x": 0.6376326084136963,
          "y": -0.234768345952034,
          "z": 0.009267340414226055
        },
        "matrix": [
          [
            0.8895965814590454,
            -0.3129894435405731,
            -0.33264943957328796,
            0.03180357441306114
          ],
          [
            -0.28579220175743103,
            0.1866786926984787,
            -0.9399330615997314,
            -0.024818532168865204
          ],
          [
            0.3562898337841034,
            0.9312365651130676,
            0.07661841064691544,
            1.6062079668045044
          ],
          [
            0.0,
            0.0,
            0.0,
            1.0
          ]
        ]
      },
      "bone_length_armature_space": 0.15509122077359974,
      "parent": "neck_01",
      "has_children": false,
      "is_end_bone": true
    },
    "upperarm_l": {
      "name": "upperarm_l",
      "local": {
        "location": {
          "x": 0.0,
          "y": 0.0,
          "z": 0.0
        },
        "rotation_quaternion": {
          "w": 0.9642455577850342,
          "x": -0.2108195573091507,
          "y": -0.14712795615196228,
          "z": 0.06433489918708801
        },
        "scale": {
          "x": 1.0,
          "y": 1.0,
          "z": 1.0
        },
        "matrix_basis": [
          [
            0.948428750038147,
            -0.062034379690885544,
            -0.31086108088493347,
            0.0
          ],
          [
            0.1861041784286499,
            0.9028322696685791,
            0.38763272762298584,
            0.0
          ],
          [
            0.25660884380340576,
            -0.42549458146095276,
            0.8678169846534729,
            0.0
          ],
          [
            0.0,
            0.0,
            0.0,
            1.0
          ]
        ],
        "rotation_mode": "QUATERNION"
      },
      "armature_space": {
        "head": {
          "x": 0.18472635746002197,
          "y": -0.07693563401699066,
          "z": 0.47793886065483093
        },
        "tail": {
          "x": 0.43401163816452026,
          "y": 0.021369799971580505,
          "z": 0.4772200286388397
        }
      },
      "world_space": {
        "head": {
          "x": 0.18472635746002197,
          "y": -0.013691633939743042,
          "z": 1.4277929067611694
        },
        "tail": {
          "x": 0.43401163816452026,
          "y": 0.08461380004882812,
          "z": 1.4270740747451782
        },
        "rotation_quaternion": {
          "w": 0.6419175863265991,
          "x": 0.3532834053039551,
          "y": 0.5209305286407471,
          "z": -0.4379086196422577
        },
        "matrix": [
          [
            0.07373441010713577,
            0.930275022983551,
            0.3593767285346985,
            0.18472635746002197
          ],
          [
            -0.19413112103939056,
            0.36685317754745483,
            -0.9097979068756104,
            -0.013691633939743042
          ],
          [
            -0.9782075881958008,
            -0.0026825200766324997,
            0.20764558017253876,
            1.4277929067611694
          ],
          [
            0.0,
            0.0,
            0.0,
            1.0
          ]
        ]
      },
      "bone_length_armature_space": 0.26796944889101054,
      "parent": "spine_01",
      "has_children": true,
      "is_end_bone": false
    },
    "lowerarm_l": {
      "name": "lowerarm_l",
      "local": {
        "location": {
          "x": 0.0,
          "y": 0.0,
          "z": 0.0
        },
        "rotation_quaternion": {
          "w": 0.9566733837127686,
          "x": 0.28415772318840027,
          "y": 0.049166981130838394,
          "z": 0.040164291858673096
        },
        "scale": {
          "x": 1.0,
          "y": 1.0,
          "z": 1.0
        },
        "matrix_basis": [
          [
            0.9919388890266418,
            -0.0489058643579483,
            0.11689947545528412,
            0.0
          ],
          [
            0.1047905758023262,
            0.8352824449539185,
            -0.5397427678108215,
            0.0
          ],
          [
            -0.07124749571084976,
            0.5476417541503906,
            0.8336740136146545,
            0.0
          ],
          [
            0.0,
            0.0,
            0.0,
            1.0
          ]
        ],
        "rotation_mode": "QUATERNION"
      },
      "armature_space": {
        "head": {
          "x": 0.43401169776916504,
          "y": 0.0213698148727417,
          "z": 0.4772201478481293
        },
        "tail": {
          "x": 0.6791115999221802,
          "y": -0.0476597398519516,
          "z": 0.5592591166496277
        }
      },
      "world_space": {
        "head": {
          "x": 0.43401169776916504,
          "y": 0.08461381494998932,
          "z": 1.4270741939544678
        },
        "tail": {
          "x": 0.6791115999221802,
          "y": 0.01558426022529602,
          "z": 1.509113073348999
        },
        "rotation_quaternion": {
          "w": 0.5297841429710388,
          "x": 0.590041995048523,
          "y": 0.300519734621048,
          "z": -0.5299689173698425
        },
        "matrix": [
          [
            0.2576424479484558,
            0.9161773920059204,
            -0.3069840669631958,
            0.43401169776916504
          ],
          [
            -0.20689906179904938,
            -0.25803080201148987,
            -0.9437230825424194,
            0.08461381494998932
          ],
          [
            -0.9438357949256897,
            0.30665966868400574,
            0.12307658791542053,
            1.4270741939544678
          ],
          [
            0.0,
            0.0,
            0.0,
            1.0
          ]
        ]
      },
      "bone_length_armature_space": 0.26752463906054547,
      "parent": "upperarm_l",
      "has_children": true,
      "is_end_bone": false
    },
    "metacarpal_thumb_l": {
      "name": "metacarpal_thumb_l",
      "local": {
        "location": {
          "x": 0.0,
          "y": 0.0,
          "z": 0.0
        },
        "rotation_quaternion": {
          "w": 0.9983329176902771,
          "x": -0.05123022198677063,
          "y": -0.016698000952601433,
          "z": 0.02069293148815632
        },
        "scale": {
          "x": 1.0,
          "y": 1.0,
          "z": 1.0
        },
        "matrix_basis": [
          [
            0.9985859394073486,
            -0.03960598632693291,
            -0.03546053543686867,
            0.0
          ],
          [
            0.04302775487303734,
            0.9938945174217224,
            0.1015985757112503,
            0.0
          ],
          [
            0.031220121309161186,
            -0.10298069566488266,
            0.9941932559013367,
            0.0
          ],
          [
            0.0,
            0.0,
            0.0,
            1.0
          ]
        ],
        "rotation_mode": "QUATERNION"
      },
      "armature_space": {
        "head": {
          "x": 0.6791115999221802,
          "y": -0.0476597398519516,
          "z": 0.5592591166496277
        },
        "tail": {
          "x": 0.7060168385505676,
          "y": -0.08747991919517517,
          "z": 0.5712611079216003
        }
      },
      "world_space": {
        "head": {
          "x": 0.6791115999221802,
          "y": 0.01558426022529602,
          "z": 1.509113073348999
        },
        "tail": {
          "x": 0.7060168385505676,
          "y": -0.02423591911792755,
          "z": 1.5211150646209717
        },
        "rotation_quaternion": {
          "w": 0.1182018518447876,
          "x": 0.9492090344429016,
          "y": 0.28996148705482483,
          "z": 0.030869651585817337
        },
        "matrix": [
          [
            0.8299386501312256,
            0.5431702733039856,
            0.12715177237987518,
            0.6791115999221802
          ],
          [
            0.5577659606933594,
            -0.803901195526123,
            -0.20649468898773193,
            0.01558426022529602
          ],
          [
            -0.009943902492523193,
            0.24229979515075684,
            -0.9701576828956604,
            1.509113073348999
          ],
          [
            0.0,
            0.0,
            0.0,
            1.0
          ]
        ]
      },
      "bone_length_armature_space": 0.049533688879522995,
      "parent": "lowerarm_l",
      "has_children": true,
      "is_end_bone": false
    },
    "thumb_01_l": {
      "name": "thumb_01_l",
      "local": {
        "location": {
          "x": 0.0,
          "y": 0.0,
          "z": 0.0
        },
        "rotation_quaternion": {
          "w": 0.9975162744522095,
          "x": -0.06902766972780228,
          "y": -0.013511743396520615,
          "z": -0.0037418161518871784
        },
        "scale": {
          "x": 1.0,
          "y": 1.0,
          "z": 1.0
        },
        "matrix_basis": [
          [
            0.9996068477630615,
            0.009330413304269314,
            -0.026439789682626724,
            0.0
          ],
          [
            -0.005599676631391048,
            0.9904423356056213,
            0.13781356811523438,
            0.0
          ],
          [
            0.02747294493019581,
            -0.13761132955551147,
            0.9901052117347717,
            0.0
          ],
          [
            0.0,
            0.0,
            0.0,
            1.0
          ]
        ],
        "rotation_mode": "QUATERNION"
      },
      "armature_space": {
        "head": {
          "x": 0.7060168385505676,
          "y": -0.08747991919517517,
          "z": 0.5712611079216003
        },
        "tail": {
          "x": 0.7138729691505432,
          "y": -0.11514965444803238,
          "z": 0.5530595183372498
        }
      },
      "world_space": {
        "head": {
          "x": 0.7060168385505676,
          "y": -0.02423591911792755,
          "z": 1.5211150646209717
        },
        "tail": {
          "x": 0.7138729691505432,
          "y": -0.05190565437078476,
          "z": 1.502913475036621
        },
        "rotation_quaternion": {
          "w": 0.29747989773750305,
          "x": -0.7624165415763855,
          "y": 0.07113100588321686,
          "z": -0.5702342391014099
        },
        "matrix": [
          [
            0.3395475447177887,
            0.23080110549926758,
            0.9118322134017944,
            0.7060168385505676
          ],
          [
            -0.4477284848690033,
            -0.8128934502601624,
            0.37248295545578003,
            -0.02423591911792755
          ],
          [
            0.827197253704071,
            -0.5347336530685425,
            -0.17268067598342896,
            1.5211150646209717
          ],
          [
            0.0,
            0.0,
            0.0,
            1.0
          ]
        ]
      },
      "bone_length_armature_space": 0.03403866810718731,
      "parent": "metacarpal_thumb_l",
      "has_children": true,
      "is_end_bone": false
    },
    "thumb_02_l": {
      "name": "thumb_02_l",
      "local": {
        "location": {
          "x": 0.0,
          "y": 0.0,
          "z": 0.0
        },
        "rotation_quaternion": {
          "w": 0.9985793828964233,
          "x": 0.05174998566508293,
          "y": 0.012599898502230644,
          "z": -0.0016018938040360808
        },
        "scale": {
          "x": 1.0,
          "y": 1.0,
          "z": 1.0
        },
        "matrix_basis": [
          [
            0.9996773600578308,
            0.004503325559198856,
            0.024998201057314873,
            0.0
          ],
          [
            -0.001895147142931819,
            0.9946387410163879,
            -0.1033933013677597,
            0.0
          ],
          [
            -0.025329792872071266,
            0.10331256687641144,
            0.9943263530731201,
            0.0
          ],
          [
            0.0,
            0.0,
            0.0,
            1.0
          ]
        ],
        "rotation_mode": "QUATERNION"
      },
      "armature_space": {
        "head": {
          "x": 0.7138729095458984,
          "y": -0.11514963954687119,
          "z": 0.5530595183372498
        },
        "tail": {
          "x": 0.7499447464942932,
          "y": -0.13038958609104156,
          "z": 0.5619896054267883
        }
      },
      "world_space": {
        "head": {
          "x": 0.7138729095458984,
          "y": -0.051905639469623566,
          "z": 1.502913475036621
        },
        "tail": {
          "x": 0.7499447464942932,
          "y": -0.06714558601379395,
          "z": 1.5118436813354492
        },
        "rotation_quaternion": {
          "w": 0.4559911787509918,
          "x": -0.2996351718902588,
          "y": -0.3199242353439331,
          "z": -0.7745575308799744
        },
        "matrix": [
          [
            -0.4045809209346771,
            0.8981043696403503,
            0.17240236699581146,
            0.7138729095458984
          ],
          [
            -0.5146624445915222,
            -0.37943923473358154,
            0.7688618898391724,
            -0.051905639469623566
          ],
          [
            0.7559393048286438,
            0.22233887016773224,
            0.6157394647598267,
            1.502913475036621
          ],
          [
            0.0,
            0.0,
            0.0,
            1.0
          ]
        ]
      },
      "bone_length_armature_space": 0.040164410300135345,
      "parent": "thumb_01_l",
      "has_children": true,
      "is_end_bone": false
    },
    "thumb_03_l": {
      "name": "thumb_03_l",
      "local": {
        "location": {
          "x": 0.0,
          "y": 0.0,
          "z": 0.0
        },
        "rotation_quaternion": {
          "w": 0.9989346861839294,
          "x": 0.046045269817113876,
          "y": 0.0013485635863617063,
          "z": 0.002769614802673459
        },
        "scale": {
          "x": 1.0,
          "y": 1.0,
          "z": 1.0
        },
        "matrix_basis": [
          [
            0.9999810457229614,
            -0.00540913874283433,
            0.00294930930249393,
            0.0
          ],
          [
            0.005657518748193979,
            0.9957443475723267,
            -0.09198496490716934,
            0.0
          ],
          [
            -0.002439198549836874,
            0.09199990332126617,
            0.9957560300827026,
            0.0
          ],
          [
            0.0,
            0.0,
            0.0,
            1.0
          ]
        ],
        "rotation_mode": "QUATERNION"
      },
      "armature_space": {
        "head": {
          "x": 0.7499446868896484,
          "y": -0.13038966059684753,
          "z": 0.5619896054267883
        },
        "tail": {
          "x": 0.7787243723869324,
          "y": -0.13075946271419525,
          "z": 0.5719135403633118
        }
      },
      "world_space": {
        "head": {
          "x": 0.7499446868896484,
          "y": -0.06714566051959991,
          "z": 1.5118436813354492
        },
        "tail": {
          "x": 0.7787243723869324,
          "y": -0.06751546263694763,
          "z": 1.5217676162719727
        },
        "rotation_quaternion": {
          "w": 0.6268872618675232,
          "x": -0.0971704050898552,
          "y": -0.3177073299884796,
          "z": -0.7047214508056641
        },
        "matrix": [
          [
            -0.19513928890228271,
            0.9453048706054688,
            -0.26137974858283997,
            0.7499446868896484
          ],
          [
            -0.8218193650245667,
            -0.012146633118391037,
            0.569618821144104,
            -0.06714566051959991
          ],
          [
            0.5352914929389954,
            0.3259640336036682,
            0.7792460322380066,
            1.5118436813354492
          ],
          [
            0.0,
            0.0,
            0.0,
            1.0
          ]
        ]
      },
      "bone_length_armature_space": 0.030444893022344533,
      "parent": "thumb_02_l",
      "has_children": false,
      "is_end_bone": true
    },
    "metacarpal_index_l": {
      "name": "metacarpal_index_l",
      "local": {
        "location": {
          "x": 0.0,
          "y": 0.0,
          "z": 0.0
        },
        "rotation_quaternion": {
          "w": 0.999469518661499,
          "x": -0.030597137287259102,
          "y": -0.009729108773171902,
          "z": -0.005473043769598007
        },
        "scale": {
          "x": 1.0,
          "y": 1.0,
          "z": 1.0
        },
        "matrix_basis": [
          [
            0.9997507929801941,
            0.01153564639389515,
            -0.019112976267933846,
            0.0
          ],
          [
            -0.010344915091991425,
            0.9980677366256714,
            0.06126830726861954,
            0.0
          ],
          [
            0.019782815128564835,
            -0.061055317521095276,
            0.997938334941864,
            0.0
          ],
          [
            0.0,
            0.0,
            0.0,
            1.0
          ]
        ],
        "rotation_mode": "QUATERNION"
      },
      "armature_space": {
        "head": {
          "x": 0.6791115999221802,
          "y": -0.0476597398519516,
          "z": 0.5592591166496277
        },
        "tail": {
          "x": 0.7734955549240112,
          "y": -0.10602578520774841,
          "z": 0.5968663096427917
        }
      },
      "world_space": {
        "head": {
          "x": 0.6791115999221802,
          "y": 0.01558426022529602,
          "z": 1.509113073348999
        },
        "tail": {
          "x": 0.7734955549240112,
          "y": -0.04278178513050079,
          "z": 1.546720266342163
        },
        "rotation_quaternion": {
          "w": 0.29476654529571533,
          "x": 0.8385887742042542,
          "y": 0.4050310254096985,
          "z": -0.2140829712152481
        },
        "matrix": [
          [
            0.5802363157272339,
            0.805518388748169,
            -0.12027433514595032,
            0.6791115999221802
          ],
          [
            0.5531008243560791,
            -0.4981239438056946,
            -0.6677967309951782,
            0.01558426022529602
          ],
          [
            -0.5978376865386963,
            0.3209577798843384,
            -0.7345681190490723,
            1.509113073348999
          ],
          [
            0.0,
            0.0,
            0.0,
            1.0
          ]
        ]
      },
      "bone_length_armature_space": 0.11717178666545393,
      "parent": "lowerarm_l",
      "has_children": true,
      "is_end_bone": false
    },
    "index_01_l": {
      "name": "index_01_l",
      "local": {
        "location": {
          "x": 0.0,
          "y": 0.0,
          "z": 0.0
        },
        "rotation_quaternion": {
          "w": 0.9976710081100464,
          "x": -0.067898228764534,
          "y": 0.003679146058857441,
          "z": -0.005373141262680292
        },
        "scale": {
          "x": 1.0,
          "y": 1.0,
          "z": 1.0
        },
        "matrix_basis": [
          [
            0.9999151825904846,
            0.010221639648079872,
            0.00807080790400505,
            0.0
          ],
          [
            -0.011220869608223438,
            0.9907219409942627,
            0.1354406476020813,
            0.0
          ],
          [
            -0.006611501332372427,
            -0.13551972806453705,
            0.9907525777816772,
            0.0
          ],
          [
            0.0,
            0.0,
            0.0,
            1.0
          ]
        ],
        "rotation_mode": "QUATERNION"
      },
      "armature_space": {
        "head": {
          "x": 0.7734955549240112,
          "y": -0.10602578520774841,
          "z": 0.5968663096427917
        },
        "tail": {
          "x": 0.8007723689079285,
          "y": -0.10834451019763947,
          "z": 0.6048455834388733
        }
      },
      "world_space": {
        "head": {
          "x": 0.7734955549240112,
          "y": -0.04278178513050079,
          "z": 1.546720266342163
        },
        "tail": {
          "x": 0.8007723689079285,
          "y": -0.045100510120391846,
          "z": 1.5546996593475342
        },
        "rotation_quaternion": {
          "w": 0.3451845347881317,
          "x": 0.7124738693237305,
          "y": 0.5832558870315552,
          "z": -0.18177220225334167
        },
        "matrix": [
          [
            0.2535415291786194,
            0.9565990567207336,
            0.14364860951900482,
            0.7734955549240112
          ],
          [
            0.7056204676628113,
            -0.08131781220436096,
            -0.7039088010787964,
            -0.04278178513050079
          ],
          [
            -0.6616812348365784,
            0.2798333168029785,
            -0.6956188082695007,
            1.546720266342163
          ],
          [
            0.0,
            0.0,
            0.0,
            1.0
          ]
        ]
      },
      "bone_length_armature_space": 0.028514380251599945,
      "parent": "metacarpal_index_l",
      "has_children": true,
      "is_end_bone": false
    },
    "index_02_l": {
      "name": "index_02_l",
      "local": {
        "location": {
          "x": 0.0,
          "y": 0.0,
          "z": 0.0
        },
        "rotation_quaternion": {
          "w": 0.9989518523216248,
          "x": 0.044944971799850464,
          "y": 0.007358346600085497,
          "z": -0.004586788825690746
        },
        "scale": {
          "x": 1.0,
          "y": 1.0,
          "z": 1.0
        },
        "matrix_basis": [
          [
            0.9998496174812317,
            0.009825403802096844,
            0.01428896188735962,
            0.0
          ],
          [
            -0.008502520620822906,
            0.995917797088623,
            -0.08986322581768036,
            0.0
          ],
          [
            -0.01511357445269823,
            0.0897282212972641,
            0.9958516359329224,
            0.0
          ],
          [
            0.0,
            0.0,
            0.0,
            1.0
          ]
        ],
        "rotation_mode": "QUATERNION"
      },
      "armature_space": {
        "head": {
          "x": 0.8007727265357971,
          "y": -0.10834493488073349,
          "z": 0.6048455834388733
        },
        "tail": {
          "x": 0.8256921172142029,
          "y": -0.11079975962638855,
          "z": 0.6104212999343872
        }
      },
      "world_space": {
        "head": {
          "x": 0.8007727265357971,
          "y": -0.04510093480348587,
          "z": 1.5546996593475342
        },
        "tail": {
          "x": 0.8256921172142029,
          "y": -0.04755575954914093,
          "z": 1.5602753162384033
        },
        "rotation_quaternion": {
          "w": 0.33726605772972107,
          "x": 0.7059425115585327,
          "y": 0.5817250609397888,
          "z": -0.2224699854850769
        },
        "matrix": [
          [
            0.2242049276828766,
            0.9713918566703796,
            0.07829292863607407,
            0.8007727265357971
          ],
          [
            0.6712665557861328,
            -0.095692478120327,
            -0.7350133657455444,
            -0.04510093480348587
          ],
          [
            -0.7064983248710632,
            0.2173503339290619,
            -0.6735230684280396,
            1.5546996593475342
          ],
          [
            0.0,
            0.0,
            0.0,
            1.0
          ]
        ]
      },
      "bone_length_armature_space": 0.02565328069171297,
      "parent": "index_01_l",
      "has_children": true,
      "is_end_bone": false
    },
    "index_03_l": {
      "name": "index_03_l",
      "local": {
        "location": {
          "x": 0.0,
          "y": 0.0,
          "z": 0.0
        },
        "rotation_quaternion": {
          "w": 0.999963104724884,
          "x": 0.007970213890075684,
          "y": 0.0030048873741179705,
          "z": 0.0012024295283481479
        },
        "scale": {
          "x": 1.0,
          "y": 1.0,
          "z": 1.0
        },
        "matrix_basis": [
          [
            0.9999790787696838,
            -0.0023568710312247276,
            0.006028720177710056,
            0.0
          ],
          [
            0.002452669432386756,
            0.9998700618743896,
            -0.015932613983750343,
            0.0
          ],
          [
            -0.005990385543555021,
            0.015947066247463226,
            0.9998549222946167,
            0.0
          ],
          [
            0.0,
            0.0,
            0.0,
            1.0
          ]
        ],
        "rotation_mode": "QUATERNION"
      },
      "armature_space": {
        "head": {
          "x": 0.8256920576095581,
          "y": -0.11079967021942139,
          "z": 0.6104214787483215
        },
        "tail": {
          "x": 0.8546304106712341,
          "y": -0.11404958367347717,
          "z": 0.6128177046775818
        }
      },
      "world_space": {
        "head": {
          "x": 0.8256920576095581,
          "y": -0.04755567014217377,
          "z": 1.5602755546569824
        },
        "tail": {
          "x": 0.8546304106712341,
          "y": -0.05080558359622955,
          "z": 1.5626716613769531
        },
        "rotation_quaternion": {
          "w": 0.26645413041114807,
          "x": 0.7055172324180603,
          "y": 0.6110543012619019,
          "z": -0.24054189026355743
        },
        "matrix": [
          [
            0.13750359416007996,
            0.9904054403305054,
            -0.013774142600595951,
            0.8256920576095581
          ],
          [
            0.7340320944786072,
            -0.1112271323800087,
            -0.669944703578949,
            -0.04755567014217377
          ],
          [
            -0.6650528907775879,
            0.08200947195291519,
            -0.7422893643379211,
            1.5602755546569824
          ],
          [
            0.0,
            0.0,
            0.0,
            1.0
          ]
        ]
      },
      "bone_length_armature_space": 0.029218694335581094,
      "parent": "index_02_l",
      "has_children": false,
      "is_end_bone": true
    },
    "metacarpal_pinky_l": {
      "name": "metacarpal_pinky_l",
      "local": {
        "location": {
          "x": 0.0,
          "y": 0.0,
          "z": 0.0
        },
        "rotation_quaternion": {
          "w": 0.9983143210411072,
          "x": -0.056923605501651764,
          "y": 0.01132520567625761,
          "z": -0.00018671413999982178
        },
        "scale": {
          "x": 1.0,
          "y": 1.0,
          "z": 1.0
        },
        "matrix_basis": [
          [
            0.9997434020042419,
            -0.0009165442897938192,
            0.022633487358689308,
            0.0
          ],
          [
            -0.001662141876295209,
            0.9935193657875061,
            0.11365107446908951,
            0.0
          ],
          [
            -0.02259097248315811,
            -0.11365953087806702,
            0.9932628870010376,
            0.0
          ],
          [
            0.0,
            0.0,
            0.0,
            1.0
          ]
        ],
        "rotation_mode": "QUATERNION"
      },
      "armature_space": {
        "head": {
          "x": 0.6791115999221802,
          "y": -0.0476597398519516,
          "z": 0.5592591166496277
        },
        "tail": {
          "x": 0.7821234464645386,
          "y": -0.04271829500794411,
          "z": 0.5736590027809143
        }
      },
      "world_space": {
        "head": {
          "x": 0.6791115999221802,
          "y": 0.01558426022529602,
          "z": 1.509113073348999
        },
        "tail": {
          "x": 0.7821234464645386,
          "y": 0.020525705069303513,
          "z": 1.5235130786895752
        },
        "rotation_quaternion": {
          "w": 0.7233835458755493,
          "x": 0.07561337202787399,
          "y": -0.021057680249214172,
          "z": -0.6859704256057739
        },
        "matrix": [
          [
            0.05800198018550873,
            0.9892547726631165,
            -0.13420356810092926,
            0.6791115999221802
          ],
          [
            -0.9956242442131042,
            0.04745422303676605,
            -0.08050377666950226,
            0.01558426022529602
          ],
          [
            -0.07327155768871307,
            0.13828665018081665,
            0.9876852631568909,
            1.509113073348999
          ],
          [
            0.0,
            0.0,
            0.0,
            1.0
          ]
        ]
      },
      "bone_length_armature_space": 0.10413076192639106,
      "parent": "lowerarm_l",
      "has_children": true,
      "is_end_bone": false
    },
    "pinky_01_l": {
      "name": "pinky_01_l",
      "local": {
        "location": {
          "x": 0.0,
          "y": 0.0,
          "z": 0.0
        },
        "rotation_quaternion": {
          "w": 0.9898369908332825,
          "x": -0.1403011977672577,
          "y": -0.023192038759589195,
          "z": 0.0007782054017297924
        },
        "scale": {
          "x": 1.0,
          "y": 1.0,
          "z": 1.0
        },
        "matrix_basis": [
          [
            0.9989230632781982,
            0.004967148415744305,
            -0.04613104090094566,
            0.0
          ],
          [
            0.008048334158957005,
            0.960629940032959,
            0.2777145206928253,
            0.0
          ],
          [
            0.04569431021809578,
            -0.2777867317199707,
            0.9595553874969482,
            0.0
          ],
          [
            0.0,
            0.0,
            0.0,
            1.0
          ]
        ],
        "rotation_mode": "QUATERNION"
      },
      "armature_space": {
        "head": {
          "x": 0.7821234464645386,
          "y": -0.04271829500794411,
          "z": 0.5736590027809143
        },
