{
  "metadata": {
    "armature_name": "KIM_caucasian_male",
    "export_time": "2026-01-13T21:00:39.770821",
    "blender_version": "4.4.1",
    "bone_count": 56,
    "end_bone_count": 13,
    "spaces_included": [
      "LOCAL_CHANNELS",
      "ARMATURE_SPACE",
      "WORLD_SPACE"
    ],
    "note": "LOCAL matches Transform panel; replay pose via local.matrix_basis for best fidelity."
  },
  "bones": {
    "Root": {
      "name": "Root",
      "local": {
        "location": {
          "x": 0.0,
          "y": 0.0,
          "z": 0.0
        },
        "rotation_quaternion": {
          "w": 0.9995939135551453,
          "x": -0.013780117966234684,
          "y": 0.008758164942264557,
          "z": -0.023357165977358818
        },
        "scale": {
          "x": 1.0,
          "y": 1.0,
          "z": 1.0
        },
        "matrix_basis": [
          [
            0.9987554550170898,
            0.04645398631691933,
            0.01815294660627842,
            0.0
          ],
          [
            -0.04693673923611641,
            0.9985290765762329,
            0.02713991142809391,
            0.0
          ],
          [
            -0.01686548814177513,
            -0.027958175167441368,
            0.9994667768478394,
            0.0
          ],
          [
            0.0,
            0.0,
            0.0,
            1.0
          ]
        ],
        "rotation_mode": "QUATERNION"
      },
      "armature_space": {
        "head": {
          "x": 0.0,
          "y": 0.07072800397872925,
          "z": -0.009595036506652832
        },
        "tail": {
          "x": 0.003315693698823452,
          "y": 0.00037229806184768677,
          "z": 0.0019633257761597633
        }
      },
      "world_space": {
        "head": {
          "x": 0.0,
          "y": 0.13397200405597687,
          "z": 0.9402589797973633
        },
        "tail": {
          "x": 0.003315693698823452,
          "y": 0.0636162981390953,
          "z": 0.9518173336982727
        },
        "rotation_quaternion": {
          "w": 0.08108910918235779,
          "x": 0.9963946342468262,
          "y": 0.02389412373304367,
          "z": 0.007164744194597006
        },
        "matrix": [
          [
            0.9987554550170898,
            0.04645398631691933,
            0.01815294660627842,
            0.0
          ],
          [
            0.048777926713228226,
            -0.98570716381073,
            -0.16125158965587616,
            0.13397200405597687
          ],
          [
            0.010402830317616463,
            0.16193655133247375,
            -0.9867534041404724,
            0.9402589797973633
          ],
          [
            0.0,
            0.0,
            0.0,
            1.0
          ]
        ]
      },
      "bone_length_armature_space": 0.07137587146185968,
      "parent": null,
      "has_children": true,
      "is_end_bone": false
    },
    "spine_01": {
      "name": "spine_01",
      "local": {
        "location": {
          "x": 0.0,
          "y": 0.0,
          "z": 0.0
        },
        "rotation_quaternion": {
          "w": 0.9965692758560181,
          "x": -0.03681841492652893,
          "y": 0.004170564468950033,
          "z": -0.07400526851415634
        },
        "scale": {
          "x": 1.0,
          "y": 1.0,
          "z": 1.0
        },
        "matrix_basis": [
          [
            0.9890116453170776,
            0.14719565212726593,
            0.013762026093900204,
            0.0
          ],
          [
            -0.14780986309051514,
            0.986335277557373,
            0.07276691496372223,
            0.0
          ],
          [
            -0.0028629994485527277,
            -0.0740014910697937,
            0.9972540140151978,
            0.0
          ],
          [
            0.0,
            0.0,
            0.0,
            1.0
          ]
        ],
        "rotation_mode": "QUATERNION"
      },
      "armature_space": {
        "head": {
          "x": 0.003315693698823452,
          "y": 0.00037229806184768677,
          "z": 0.0019633257761597633
        },
        "tail": {
          "x": 0.06659244000911713,
          "y": 0.0754246786236763,
          "z": 0.4799922704696655
        }
      },
      "world_space": {
        "head": {
          "x": 0.003315693698823452,
          "y": 0.0636162981390953,
          "z": 0.9518173336982727
        },
        "tail": {
          "x": 0.06659244000911713,
          "y": 0.13866868615150452,
          "z": 1.4298462867736816
        },
        "rotation_quaternion": {
          "w": 0.7567217946052551,
          "x": 0.6497910618782043,
          "y": 0.06534191966056824,
          "z": -0.029566973447799683
        },
        "matrix": [
          [
            0.9897124767303467,
            0.12966513633728027,
            0.06046578288078308,
            0.003315693698823452
          ],
          [
            0.04016834497451782,
            0.15379548072814941,
            -0.9872859716415405,
            0.0636162981390953
          ],
          [
            -0.13731685280799866,
            0.9795650839805603,
            0.14700496196746826,
            0.9518173336982727
          ],
          [
            0.0,
            0.0,
            0.0,
            1.0
          ]
        ]
      },
      "bone_length_armature_space": 0.48800459272060953,
      "parent": "Root",
      "has_children": true,
      "is_end_bone": false
    },
    "neck_01": {
      "name": "neck_01",
      "local": {
        "location": {
          "x": 0.0,
          "y": 0.0,
          "z": 0.0
        },
        "rotation_quaternion": {
          "w": 0.9838719367980957,
          "x": -0.11455827206373215,
          "y": -0.08896620571613312,
          "z": -0.10467858612537384
        },
        "scale": {
          "x": 1.0,
          "y": 1.0,
          "z": 1.0
        },
        "matrix_basis": [
          [
            0.9622548222541809,
            0.22636426985263824,
            -0.15107910335063934,
            0.0
          ],
          [
            -0.1855970174074173,
            0.9518375992774963,
            0.24404704570770264,
            0.0
          ],
          [
            0.1990462988615036,
            -0.2067956179380417,
            0.9579228162765503,
            0.0
          ],
          [
            0.0,
            0.0,
            0.0,
            1.0
          ]
        ],
        "rotation_mode": "QUATERNION"
      },
      "armature_space": {
        "head": {
          "x": 0.07818330079317093,
          "y": 0.05244584009051323,
          "z": 0.5568127632141113
        },
        "tail": {
          "x": 0.11499322950839996,
          "y": 0.05122295767068863,
          "z": 0.6524907946586609
        }
      },
      "world_space": {
        "head": {
          "x": 0.07818330079317093,
          "y": 0.11568984389305115,
          "z": 1.5066667795181274
        },
        "tail": {
          "x": 0.11499322950839996,
          "y": 0.11446695774793625,
          "z": 1.6023447513580322
        },
        "rotation_quaternion": {
          "w": 0.6972235441207886,
          "x": 0.6908634901046753,
          "y": 0.08896603435277939,
          "z": -0.16932862997055054
        },
        "matrix": [
          [
            0.9268255233764648,
            0.35904645919799805,
            -0.10990950465202332,
            0.07818330079317093
          ],
          [
            -0.1131955236196518,
            -0.011928081512451172,
            -0.9935013055801392,
            0.11568984389305115
          ],
          [
            -0.3580267131328583,
            0.9332500100135803,
            0.02958644926548004,
            1.5066667795181274
          ],
          [
            0.0,
            0.0,
            0.0,
            1.0
          ]
        ]
      },
      "bone_length_armature_space": 0.10252195666554062,
      "parent": "spine_01",
      "has_children": true,
      "is_end_bone": false
    },
    "head": {
      "name": "head",
      "local": {
        "location": {
          "x": 0.0,
          "y": 0.0,
          "z": 0.0
        },
        "rotation_quaternion": {
          "w": 0.9850559234619141,
          "x": 0.07479139417409897,
          "y": -0.05723318085074425,
          "z": -0.14420634508132935
        },
        "scale": {
          "x": 1.0,
          "y": 1.0,
          "z": 1.0
        },
        "matrix_basis": [
          [
            0.9518578052520752,
            0.2755415439605713,
            -0.13432654738426208,
            0.0
          ],
          [
            -0.29266372323036194,
            0.947221577167511,
            -0.13084062933921814,
            0.0
          ],
          [
            0.09118498116731644,
            0.16385418176651,
            0.9822612404823303,
            0.0
          ],
          [
            0.0,
            0.0,
            0.0,
            1.0
          ]
        ],
        "rotation_mode": "QUATERNION"
      },
      "armature_space": {
        "head": {
          "x": 0.11499318480491638,
          "y": 0.051222801208496094,
          "z": 0.6524907350540161
        },
        "tail": {
          "x": 0.21016623079776764,
          "y": 0.0737723857164383,
          "z": 0.772851824760437
        }
      },
      "world_space": {
        "head": {
          "x": 0.11499318480491638,
          "y": 0.11446680128574371,
          "z": 1.6023447513580322
        },
        "tail": {
          "x": 0.21016623079776764,
          "y": 0.1370163857936859,
          "z": 1.7227058410644531
        },
        "rotation_quaternion": {
          "w": 0.7442505359649658,
          "x": 0.5777082443237305,
          "y": 0.13707394897937775,
          "z": -0.30586785078048706
        },
        "matrix": [
          [
            0.7753105163574219,
            0.6136624813079834,
            -0.14937224984169006,
            0.11499318480491638
          ],
          [
            -0.2969103455543518,
            0.14539659023284912,
            -0.9437714219093323,
            0.11446680128574371
          ],
          [
            -0.5574430227279663,
            0.7760716080665588,
            0.2949313521385193,
            1.6023447513580322
          ],
          [
            0.0,
            0.0,
            0.0,
            1.0
          ]
        ]
      },
      "bone_length_armature_space": 0.15509088843409846,
      "parent": "neck_01",
      "has_children": false,
      "is_end_bone": true
    },
    "upperarm_l": {
      "name": "upperarm_l",
      "local": {
        "location": {
          "x": 0.0,
          "y": 0.0,
          "z": 0.0
        },
        "rotation_quaternion": {
          "w": 0.8067122101783752,
          "x": 0.524995744228363,
          "y": 0.2283971607685089,
          "z": -0.146389439702034
        },
        "scale": {
          "x": 1.0,
          "y": 1.0,
          "z": 1.0
        },
        "matrix_basis": [
          [
            0.852809727191925,
            0.47600337862968445,
            0.21479389071464539,
            0.0
          ],
          [
            0.0036267777904868126,
            0.40589919686317444,
            -0.9139108061790466,
            0.0
          ],
          [
            -0.5222092270851135,
            0.7801710963249207,
            0.3444284200668335,
            0.0
          ],
          [
            0.0,
            0.0,
            0.0,
            1.0
          ]
        ],
        "rotation_mode": "QUATERNION"
      },
      "armature_space": {
        "head": {
          "x": 0.21811850368976593,
          "y": 0.044986262917518616,
          "z": 0.4708496630191803
        },
        "tail": {
          "x": 0.3254333734512329,
          "y": -0.17018252611160278,
          "z": 0.35255423188209534
        }
      },
      "world_space": {
        "head": {
          "x": 0.21811850368976593,
          "y": 0.10823026299476624,
          "z": 1.420703649520874
        },
        "tail": {
          "x": 0.3254333734512329,
          "y": -0.10693852603435516,
          "z": 1.302408218383789
        },
        "rotation_quaternion": {
          "w": 0.0015298549551516771,
          "x": -0.6413609981536865,
          "y": -0.313874214887619,
          "z": 0.7000976204872131
        },
        "matrix": [
          [
            -0.1773076355457306,
            0.4004743695259094,
            -0.8989898562431335,
            0.21811850368976593
          ],
          [
            0.40475523471832275,
            -0.802960216999054,
            -0.4375257194042206,
            0.10823026299476624
          ],
          [
            -0.8970763683319092,
            -0.44145119190216064,
            -0.019723717123270035,
            1.420703649520874
          ],
          [
            0.0,
            0.0,
            0.0,
            1.0
          ]
        ]
      },
      "bone_length_armature_space": 0.26796995487998804,
      "parent": "spine_01",
      "has_children": true,
      "is_end_bone": false
    },
    "lowerarm_l": {
      "name": "lowerarm_l",
      "local": {
        "location": {
          "x": 0.0,
          "y": 0.0,
          "z": 0.0
        },
        "rotation_quaternion": {
          "w": 0.9340935349464417,
          "x": 0.22928957641124725,
          "y": 0.04921608790755272,
          "z": -0.2692091166973114
        },
        "scale": {
          "x": 1.0,
          "y": 1.0,
          "z": 1.0
        },
        "matrix_basis": [
          [
            0.8502084612846375,
            0.5255024433135986,
            -0.031508829444646835,
            0.0
          ],
          [
            -0.48036351799964905,
            0.7499054670333862,
            -0.45485466718673706,
            0.0
          ],
          [
            -0.21539855003356934,
            0.4018569886684418,
            0.8900081515312195,
            0.0
          ],
          [
            0.0,
            0.0,
            0.0,
            1.0
          ]
        ],
        "rotation_mode": "QUATERNION"
      },
      "armature_space": {
        "head": {
          "x": 0.3254334032535553,
          "y": -0.17018267512321472,
          "z": 0.3525543212890625
        },
        "tail": {
          "x": 0.24920755624771118,
          "y": -0.34584617614746094,
          "z": 0.16573387384414673
        }
      },
      "world_space": {
        "head": {
          "x": 0.3254334032535553,
          "y": -0.1069386750459671,
          "z": 1.3024083375930786
        },
        "tail": {
          "x": 0.24920755624771118,
          "y": -0.2826021909713745,
          "z": 1.1155879497528076
        },
        "rotation_quaternion": {
          "w": 0.35075855255126953,
          "x": -0.5303094387054443,
          "y": -0.22057972848415375,
          "z": 0.7396519780158997
        },
        "matrix": [
          [
            -0.1914808452129364,
            -0.28493034839630127,
            -0.9392286539077759,
            0.3254334032535553
          ],
          [
            0.7528298497200012,
            -0.6566259264945984,
            0.04571846127510071,
            -0.1069386750459671
          ],
          [
            -0.6297518610954285,
            -0.698330283164978,
            0.34023749828338623,
            1.3024083375930786
          ],
          [
            0.0,
            0.0,
            0.0,
            1.0
          ]
        ]
      },
      "bone_length_armature_space": 0.2675255598519833,
      "parent": "upperarm_l",
      "has_children": true,
      "is_end_bone": false
    },
    "metacarpal_thumb_l": {
      "name": "metacarpal_thumb_l",
      "local": {
        "location": {
          "x": 0.0,
          "y": 0.0,
          "z": 0.0
        },
        "rotation_quaternion": {
          "w": 0.9987103343009949,
          "x": -0.04841724410653114,
          "y": -0.014839045703411102,
          "z": -0.003642268478870392
        },
        "scale": {
          "x": 1.0,
          "y": 1.0,
          "z": 1.0
        },
        "matrix_basis": [
          [
            0.9995330572128296,
            0.008712073788046837,
            -0.029287118464708328,
            0.0
          ],
          [
            -0.0058382111601531506,
            0.9952850341796875,
            0.09681770205497742,
            0.0
          ],
          [
            0.029992513358592987,
            -0.09660150855779648,
            0.9948711395263672,
            0.0
          ],
          [
            0.0,
            0.0,
            0.0,
            1.0
          ]
        ],
        "rotation_mode": "QUATERNION"
      },
      "armature_space": {
        "head": {
          "x": 0.24920755624771118,
          "y": -0.34584617614746094,
          "z": 0.16573387384414673
        },
        "tail": {
          "x": 0.20984669029712677,
          "y": -0.36753156781196594,
          "z": 0.14489980041980743
        }
      },
      "world_space": {
        "head": {
          "x": 0.24920755624771118,
          "y": -0.2826021909713745,
          "z": 1.1155879497528076
        },
        "tail": {
          "x": 0.20984669029712677,
          "y": -0.30428755283355713,
          "z": 1.0947538614273071
        },
        "rotation_quaternion": {
          "w": 0.39266854524612427,
          "x": -0.7972928881645203,
          "y": 0.3562527298927307,
          "z": 0.2884781062602997
        },
        "matrix": [
          [
            0.5797287225723267,
            -0.7946285009384155,
            -0.18022340536117554,
            0.24920755624771118
          ],
          [
            -0.3415251076221466,
            -0.43779072165489197,
            0.8316852450370789,
            -0.2826021909713745
          ],
          [
            -0.7397861480712891,
            -0.4206041693687439,
            -0.5251882076263428,
            1.1155879497528076
          ],
          [
            0.0,
            0.0,
            0.0,
            1.0
          ]
        ]
      },
      "bone_length_armature_space": 0.04953375218867276,
      "parent": "lowerarm_l",
      "has_children": true,
      "is_end_bone": false
    },
    "thumb_01_l": {
      "name": "thumb_01_l",
      "local": {
        "location": {
          "x": 0.0,
          "y": 0.0,
          "z": 0.0
        },
        "rotation_quaternion": {
          "w": 0.9774268269538879,
          "x": 0.20954565703868866,
          "y": -0.01745660975575447,
          "z": -0.02055995725095272
        },
        "scale": {
          "x": 1.0,
          "y": 1.0,
          "z": 1.0
        },
        "matrix_basis": [
          [
            0.9985451102256775,
            0.03287579491734505,
            -0.04274161532521248,
            0.0
          ],
          [
            -0.047507621347904205,
            0.911335825920105,
            -0.4089132845401764,
            0.0
          ],
          [
            0.025508617982268333,
            0.41034892201423645,
            0.911571741104126,
            0.0
          ],
          [
            0.0,
            0.0,
            0.0,
            1.0
          ]
        ],
        "rotation_mode": "QUATERNION"
      },
      "armature_space": {
        "head": {
          "x": 0.20984669029712677,
          "y": -0.36753156781196594,
          "z": 0.14489980041980743
        },
        "tail": {
          "x": 0.19361014664173126,
          "y": -0.36129963397979736,
          "z": 0.1156393438577652
        }
      },
      "world_space": {
        "head": {
          "x": 0.20984669029712677,
          "y": -0.30428755283355713,
          "z": 1.0947538614273071
        },
        "tail": {
          "x": 0.19361014664173126,
          "y": -0.29805564880371094,
          "z": 1.0654933452606201
        },
        "rotation_quaternion": {
          "w": 0.24818626046180725,
          "x": -0.4738389849662781,
          "y": 0.7279742956161499,
          "z": -0.4288749098777771
        },
        "matrix": [
          [
            -0.42775851488113403,
            -0.4770040810108185,
            0.7677826285362244,
            0.20984669029712677
          ],
          [
            -0.9027678370475769,
            0.18308481574058533,
            -0.3892177641391754,
            -0.30428755283355713
          ],
          [
            0.045088592916727066,
            -0.859626293182373,
            -0.5089437961578369,
            1.0947538614273071
          ],
          [
            0.0,
            0.0,
            0.0,
            1.0
          ]
        ]
      },
      "bone_length_armature_space": 0.03403875259400298,
      "parent": "metacarpal_thumb_l",
      "has_children": true,
      "is_end_bone": false
    },
    "thumb_02_l": {
      "name": "thumb_02_l",
      "local": {
        "location": {
          "x": 0.0,
          "y": 0.0,
          "z": 0.0
        },
        "rotation_quaternion": {
          "w": 0.9446640014648438,
          "x": 0.32800808548927307,
          "y": 0.0006354012875817716,
          "z": -0.0045037041418254375
        },
        "scale": {
          "x": 1.0,
          "y": 1.0,
          "z": 1.0
        },
        "matrix_basis": [
          [
            0.9999586343765259,
            0.008925807662308216,
            -0.0017540212720632553,
            0.0
          ],
          [
            -0.008092140778899193,
            0.7847808003425598,
            -0.6197205781936646,
            0.0
          ],
          [
            -0.004154984373599291,
            0.6197091341018677,
            0.784820556640625,
            0.0
          ],
          [
            0.0,
            0.0,
            0.0,
            1.0
          ]
        ],
        "rotation_mode": "QUATERNION"
      },
      "armature_space": {
        "head": {
          "x": 0.19361014664173126,
          "y": -0.3612995743751526,
          "z": 0.11563938856124878
        },
        "tail": {
          "x": 0.20743179321289062,
          "y": -0.3980806767940521,
          "z": 0.10731504112482071
        }
      },
      "world_space": {
        "head": {
          "x": 0.19361014664173126,
          "y": -0.29805558919906616,
          "z": 1.0654933452606201
        },
        "tail": {
          "x": 0.20743179321289062,
          "y": -0.3348366618156433,
          "z": 1.0571690797805786
        },
        "rotation_quaternion": {
          "w": 0.19759885966777802,
          "x": -0.25970736145973206,
          "y": 0.05543489754199982,
          "z": -0.9436280727386475
        },
        "matrix": [
          [
            -0.7870135307312012,
            0.3441266417503357,
            0.5120419859886169,
            0.19361014664173126
          ],
          [
            -0.4017133414745331,
            -0.9157634973526001,
            -0.0019829273223876953,
            -0.29805558919906616
          ],
          [
            0.4682298004627228,
            -0.20725688338279724,
            0.858964204788208,
            1.0654933452606201
          ],
          [
            0.0,
            0.0,
            0.0,
            1.0
          ]
        ]
      },
      "bone_length_armature_space": 0.040164439465975,
      "parent": "thumb_01_l",
      "has_children": true,
      "is_end_bone": false
    },
    "thumb_03_l": {
      "name": "thumb_03_l",
      "local": {
        "location": {
          "x": 0.0,
          "y": 0.0,
          "z": 0.0
        },
        "rotation_quaternion": {
          "w": 0.9807369709014893,
          "x": 0.19523723423480988,
          "y": 0.0048574237152934074,
          "z": 0.003719200612977147
        },
        "scale": {
          "x": 1.0,
          "y": 1.0,
          "z": 1.0
        },
        "matrix_basis": [
          [
            0.9999251365661621,
            -0.00539841502904892,
            0.010979962535202503,
            0.0
          ],
          [
            0.009191814810037613,
            0.9237371683120728,
            -0.3829166293144226,
            0.0
          ],
          [
            -0.008075457066297531,
            0.3829888701438904,
            0.9237176775932312,
            0.0
          ],
          [
            0.0,
            0.0,
            0.0,
            1.0
          ]
        ],
        "rotation_mode": "QUATERNION"
      },
      "armature_space": {
        "head": {
          "x": 0.20743170380592346,
          "y": -0.39808064699172974,
          "z": 0.10731501877307892
        },
        "tail": {
          "x": 0.22528861463069916,
          "y": -0.4204012155532837,
          "z": 0.11779432743787766
        }
      },
      "world_space": {
        "head": {
          "x": 0.20743170380592346,
          "y": -0.3348366618156433,
          "z": 1.0571690797805786
        },
        "tail": {
          "x": 0.22528861463069916,
          "y": -0.35715723037719727,
          "z": 1.0676482915878296
        },
        "rotation_quaternion": {
          "w": 0.31885331869125366,
          "x": 0.01957525499165058,
          "y": -0.17821145057678223,
          "z": -0.9306933283805847
        },
        "matrix": [
          [
            -0.7958986759185791,
            0.5865324139595032,
            -0.15008440613746643,
            0.20743170380592346
          ],
          [
            -0.600486695766449,
            -0.7331464290618896,
            0.3192373216152191,
            -0.3348366618156433
          ],
          [
            0.07720920443534851,
            0.3442058861255646,
            0.935721755027771,
            1.0571690797805786
          ],
          [
            0.0,
            0.0,
            0.0,
            1.0
          ]
        ]
      },
      "bone_length_armature_space": 0.030444917007933586,
      "parent": "thumb_02_l",
      "has_children": false,
      "is_end_bone": true
    },
    "metacarpal_index_l": {
      "name": "metacarpal_index_l",
      "local": {
        "location": {
          "x": 0.0,
          "y": 0.0,
          "z": 0.0
        },
        "rotation_quaternion": {
          "w": 0.9998840689659119,
          "x": -0.008092447184026241,
          "y": 0.010877524502575397,
          "z": 0.006939089857041836
        },
        "scale": {
          "x": 1.0,
          "y": 1.0,
          "z": 1.0
        },
        "matrix_basis": [
          [
            0.9996670484542847,
            -0.014052622020244598,
            0.021640218794345856,
            0.0
          ],
          [
            0.013700518757104874,
            0.9997727274894714,
            0.01633397862315178,
            0.0
          ],
          [
            -0.021864835172891617,
            -0.016032056882977486,
            0.9996323585510254,
            0.0
          ],
          [
            0.0,
            0.0,
            0.0,
            1.0
          ]
        ],
        "rotation_mode": "QUATERNION"
      },
      "armature_space": {
        "head": {
          "x": 0.24920755624771118,
          "y": -0.34584617614746094,
          "z": 0.16573387384414673
        },
        "tail": {
          "x": 0.18297328054904938,
          "y": -0.4147956967353821,
          "z": 0.09799700975418091
        }
      },
      "world_space": {
        "head": {
          "x": 0.24920755624771118,
          "y": -0.2826021909713745,
          "z": 1.1155879497528076
        },
        "tail": {
          "x": 0.18297328054904938,
          "y": -0.35155171155929565,
          "z": 1.0478510856628418
        },
        "rotation_quaternion": {
          "w": 0.4406394362449646,
          "x": -0.7669705748558044,
          "y": 0.10776679962873459,
          "z": 0.4538496434688568
        },
        "matrix": [
          [
            0.5648150444030762,
            -0.5652751922607422,
            -0.6012060642242432,
            0.24920755624771118
          ],
          [
            0.2346583604812622,
            -0.5884482860565186,
            0.7737342715263367,
            -0.2826021909713745
          ],
          [
            -0.7911561727523804,
            -0.5780990123748779,
            -0.19971854984760284,
            1.1155879497528076
          ],
          [
            0.0,
            0.0,
            0.0,
            1.0
          ]
        ]
      },
      "bone_length_armature_space": 0.11717208721211872,
      "parent": "lowerarm_l",
      "has_children": true,
      "is_end_bone": false
    },
    "index_01_l": {
      "name": "index_01_l",
      "local": {
        "location": {
          "x": 0.0,
          "y": 0.0,
          "z": 0.0
        },
        "rotation_quaternion": {
          "w": 0.9701460599899292,
          "x": 0.24167275428771973,
          "y": 0.01456350740045309,
          "z": -0.014098107814788818
        },
        "scale": {
          "x": 1.0,
          "y": 1.0,
          "z": 1.0
        },
        "matrix_basis": [
          [
            0.9991782903671265,
            0.03439365327358246,
            0.02144320122897625,
            0.0
          ],
          [
            -0.02031524106860161,
            0.8827910423278809,
            -0.469326376914978,
            0.0
          ],
          [
            -0.0350717157125473,
            0.4685051143169403,
            0.8827643394470215,
            0.0
          ],
          [
            0.0,
            0.0,
            0.0,
            1.0
          ]
        ],
        "rotation_mode": "QUATERNION"
      },
      "armature_space": {
        "head": {
          "x": 0.18297328054904938,
          "y": -0.4147956967353821,
          "z": 0.09799700975418091
        },
        "tail": {
          "x": 0.16892190277576447,
          "y": -0.41924774646759033,
          "z": 0.07358767092227936
        }
      },
      "world_space": {
        "head": {
          "x": 0.18297328054904938,
          "y": -0.35155171155929565,
          "z": 1.0478510856628418
        },
        "tail": {
          "x": 0.16892190277576447,
          "y": -0.3560037612915039,
          "z": 1.0234416723251343
        },
        "rotation_quaternion": {
          "w": 0.6487208008766174,
          "x": -0.6773938536643982,
          "y": 0.0330885611474514,
          "z": 0.3452593982219696
        },
        "matrix": [
          [
            0.7594009637832642,
            -0.4927824139595032,
            -0.42482542991638184,
            0.18297328054904938
          ],
          [
            0.4031287729740143,
            -0.1561337113380432,
            0.9017261266708374,
            -0.35155171155929565
          ],
          [
            -0.5106872320175171,
            -0.8560366034507751,
            0.08008795976638794,
            1.0478510856628418
          ],
          [
            0.0,
            0.0,
            0.0,
            1.0
          ]
        ]
      },
      "bone_length_armature_space": 0.02851451895899704,
      "parent": "metacarpal_index_l",
      "has_children": true,
      "is_end_bone": false
    },
    "index_02_l": {
      "name": "index_02_l",
      "local": {
        "location": {
          "x": 0.0,
          "y": 0.0,
          "z": 0.0
        },
        "rotation_quaternion": {
          "w": 0.9196118116378784,
          "x": 0.3927920162677765,
          "y": -0.0031883008778095245,
          "z": 0.0042787413112819195
        },
        "scale": {
          "x": 1.0,
          "y": 1.0,
          "z": 1.0
        },
        "matrix_basis": [
          [
            0.9999430775642395,
            -0.010374240577220917,
            -0.002502687508240342,
            0.0
          ],
          [
            0.005364883691072464,
            0.6913922429084778,
            -0.722459614276886,
            0.0
          ],
          [
            0.009225308895111084,
            0.7224050760269165,
            0.6914085149765015,
            0.0
          ],
          [
            0.0,
            0.0,
            0.0,
            1.0
          ]
        ],
        "rotation_mode": "QUATERNION"
      },
      "armature_space": {
        "head": {
          "x": 0.16892139613628387,
          "y": -0.4192475974559784,
          "z": 0.07358747720718384
        },
        "tail": {
          "x": 0.15157456696033478,
          "y": -0.4063940942287445,
          "z": 0.05973223224282265
        }
      },
      "world_space": {
        "head": {
          "x": 0.16892139613628387,
          "y": -0.3560035824775696,
          "z": 1.0234415531158447
        },
        "tail": {
          "x": 0.15157456696033478,
          "y": -0.3431500792503357,
          "z": 1.009586215019226
        },
        "rotation_quaternion": {
          "w": 0.8553657531738281,
          "x": -0.36965835094451904,
          "y": 0.13738207519054413,
          "z": 0.3358995020389557
        },
        "matrix": [
          [
            0.7365955114364624,
            -0.6762032508850098,
            -0.013313829898834229,
            0.16892139613628387
          ],
          [
            0.4730663299560547,
            0.5010477900505066,
            0.724679172039032,
            -0.3560035824775696
          ],
          [
            -0.4833621680736542,
            -0.5400967001914978,
            0.6889633536338806,
            1.0234415531158447
          ],
          [
            0.0,
            0.0,
            0.0,
            1.0
          ]
        ]
      },
      "bone_length_armature_space": 0.025653320363979316,
      "parent": "index_01_l",
      "has_children": true,
      "is_end_bone": false
    },
    "index_03_l": {
      "name": "index_03_l",
      "local": {
        "location": {
          "x": 0.0,
          "y": 0.0,
          "z": 0.0
        },
        "rotation_quaternion": {
          "w": 0.9691601991653442,
          "x": 0.24637463688850403,
          "y": -0.0039847069419920444,
          "z": 0.003505109343677759
        },
        "scale": {
          "x": 1.0,
          "y": 1.0,
          "z": 1.0
        },
        "matrix_basis": [
          [
            0.9999436736106873,
            -0.008757486008107662,
            -0.005996498744934797,
            0.0
          ],
          [
            0.004830563440918922,
            0.8785744905471802,
            -0.4775809049606323,
            0.0
          ],
          [
            0.009450778365135193,
            0.4775250554084778,
            0.8785673379898071,
            0.0
          ],
          [
            0.0,
            0.0,
            0.0,
            1.0
          ]
        ],
        "rotation_mode": "QUATERNION"
      },
      "armature_space": {
        "head": {
          "x": 0.15157456696033478,
          "y": -0.40639418363571167,
          "z": 0.05973215401172638
        },
        "tail": {
          "x": 0.1372334361076355,
          "y": -0.38116392493247986,
          "z": 0.056341223418712616
        }
      },
      "world_space": {
        "head": {
          "x": 0.15157456696033478,
          "y": -0.34315019845962524,
          "z": 1.009586215019226
        },
        "tail": {
          "x": 0.1372334361076355,
          "y": -0.31791990995407104,
          "z": 1.0061951875686646
        },
        "rotation_quaternion": {
          "w": 0.9380248188972473,
          "x": -0.11839652806520462,
          "y": 0.22772377729415894,
          "z": 0.23288100957870483
        },
        "matrix": [
          [
            0.7878170609474182,
            -0.49082040786743164,
            0.3720763325691223,
            0.15157456696033478
          ],
          [
            0.38297316431999207,
            0.863497257232666,
            0.3281837999820709,
            -0.34315019845962524
          ],
          [
            -0.4823688864707947,
            -0.11605355143547058,
            0.8682544231414795,
            1.009586215019226
          ],
          [
            0.0,
            0.0,
            0.0,
            1.0
          ]
        ]
      },
      "bone_length_armature_space": 0.029218699728359457,
      "parent": "index_02_l",
      "has_children": false,
      "is_end_bone": true
    },
    "metacarpal_pinky_l": {
      "name": "metacarpal_pinky_l",
      "local": {
        "location": {
          "x": 0.0,
          "y": 0.0,
          "z": 0.0
        },
        "rotation_quaternion": {
          "w": 0.9998176097869873,
          "x": 0.018658386543393135,
          "y": 0.002292478922754526,
          "z": 0.003384464420378208
        },
        "scale": {
          "x": 1.0,
          "y": 1.0,
          "z": 1.0
        },
        "matrix_basis": [
          [
            0.999966561794281,
            -0.006682146340608597,
            0.004710419103503227,
            0.0
          ],
          [
            0.006853241939097643,
            0.9992808103561401,
            -0.03729444742202759,
            0.0
          ],
          [
            -0.004457824397832155,
            0.037325482815504074,
            0.9992932081222534,
            0.0
          ],
          [
            0.0,
            0.0,
            0.0,
            1.0
          ]
        ],
        "rotation_mode": "QUATERNION"
      },
      "armature_space": {
        "head": {
          "x": 0.24920755624771118,
          "y": -0.34584617614746094,
          "z": 0.16573387384414673
        },
        "tail": {
          "x": 0.25092023611068726,
          "y": -0.41500189900398254,
          "z": 0.08790158480405807
        }
      },
      "world_space": {
        "head": {
          "x": 0.24920755624771118,
          "y": -0.2826021909713745,
          "z": 1.1155879497528076
        },
        "tail": {
          "x": 0.25092023611068726,
          "y": -0.35175788402557373,
          "z": 1.0377556085586548
        },
        "rotation_quaternion": {
          "w": 0.009733478538691998,
          "x": -0.04172241687774658,
          "y": -0.4096871614456177,
          "z": 0.9112194776535034
        },
        "matrix": [
          [
            -0.9963293671607971,
            0.01644750125706196,
            -0.08401183038949966,
            0.24920755624771118
          ],
          [
            0.05192478746175766,
            -0.6641239523887634,
            -0.7458175420761108,
            -0.2826021909713745
          ],
          [
            -0.06806153804063797,
            -0.7474476099014282,
            0.6608357429504395,
            1.1155879497528076
          ],
          [
            0.0,
            0.0,
            0.0,
            1.0
          ]
        ]
      },
      "bone_length_armature_space": 0.10413122701498806,
      "parent": "lowerarm_l",
      "has_children": true,
      "is_end_bone": false
    },
    "pinky_01_l": {
      "name": "pinky_01_l",
      "local": {
        "location": {
          "x": 0.0,
          "y": 0.0,
          "z": 0.0
        },
        "rotation_quaternion": {
          "w": 0.9555525779724121,
          "x": 0.2941475510597229,
          "y": -0.0090384092181921,
          "z": -0.017741333693265915
        },
        "scale": {
          "x": 1.0,
          "y": 1.0,
          "z": 1.0
        },
        "matrix_basis": [
          [
            0.999207079410553,
            0.028588302433490753,
            -0.02771048992872238,
            0.0
          ],
          [
            -0.03922280669212341,
            0.8263249397277832,
            -0.5618261694908142,
            0.0
          ],
          [
            0.00683621084317565,
            0.562467634677887,
            0.8267910480499268,
            0.0
          ],
          [
            0.0,
            0.0,
            0.0,
            1.0
          ]
        ],
        "rotation_mode": "QUATERNION"
      },
      "armature_space": {
        "head": {
          "x": 0.25092023611068726,
          "y": -0.41500189900398254,
          "z": 0.08790158480405807
        },
