{
  "metadata": {
    "armature_name": "KIM_caucasian_male",
    "export_time": "2026-01-13T21:13:18.610111",
    "blender_version": "4.4.1",
    "bone_count": 56,
    "end_bone_count": 13,
    "spaces_included": [
      "LOCAL_CHANNELS",
      "ARMATURE_SPACE",
      "WORLD_SPACE"
    ],
    "note": "LOCAL matches Transform panel; replay pose via local.matrix_basis for best fidelity."
  },
  "bones": {
    "Root": {
      "name": "Root",
      "local": {
        "location": {
          "x": 0.0,
          "y": 0.0,
          "z": 0.0
        },
        "rotation_quaternion": {
          "w": 0.9998188018798828,
          "x": -0.01240891870111227,
          "y": -0.001289298408664763,
          "z": 0.014383049681782722
        },
        "scale": {
          "x": 1.0,
          "y": 1.0,
          "z": 1.0
        },
        "matrix_basis": [
          [
            0.9995829463005066,
            -0.028728889301419258,
            -0.002935085678473115,
            0.0
          ],
          [
            0.028792884200811386,
            0.9992783069610596,
            0.02477625198662281,
            0.0
          ],
          [
            0.0022211733739823103,
            -0.024850428104400635,
            0.9996886849403381,
            0.0
          ],
          [
            0.0,
            0.0,
            0.0,
            1.0
          ]
        ],
        "rotation_mode": "QUATERNION"
      },
      "armature_space": {
        "head": {
          "x": 0.0,
          "y": 0.07072800397872925,
          "z": -0.009595036506652832
        },
        "tail": {
          "x": -0.002050549490377307,
          "y": 0.0002894848585128784,
          "z": 0.001750708557665348
        }
      },
      "world_space": {
        "head": {
          "x": 0.0,
          "y": 0.13397200405597687,
          "z": 0.9402589797973633
        },
        "tail": {
          "x": -0.002050549490377307,
          "y": 0.0635334849357605,
          "z": 0.9516047239303589
        },
        "rotation_quaternion": {
          "w": 0.07973618060350418,
          "x": 0.9967114329338074,
          "y": -0.014437233097851276,
          "z": -0.0003174124867655337
        },
        "matrix": [
          [
            0.9995829463005066,
            -0.028728889301419258,
            -0.002935085678473115,
            0.0
          ],
          [
            -0.02883012779057026,
            -0.986867368221283,
            -0.1589391976594925,
            0.13397200405597687
          ],
          [
            0.0016695908270776272,
            0.15895771980285645,
            -0.9872910380363464,
            0.9402589797973633
          ],
          [
            0.0,
            0.0,
            0.0,
            1.0
          ]
        ]
      },
      "bone_length_armature_space": 0.07137587722776247,
      "parent": null,
      "has_children": true,
      "is_end_bone": false
    },
    "spine_01": {
      "name": "spine_01",
      "local": {
        "location": {
          "x": 0.0,
          "y": 0.0,
          "z": 0.0
        },
        "rotation_quaternion": {
          "w": 0.9947179555892944,
          "x": 0.09800659865140915,
          "y": 0.0252327099442482,
          "z": -0.017155339941382408
        },
        "scale": {
          "x": 1.0,
          "y": 1.0,
          "z": 1.0
        },
        "matrix_basis": [
          [
            0.9981380105018616,
            0.03907539322972298,
            0.046836186200380325,
            0.0
          ],
          [
            -0.029183505102992058,
            0.9802008271217346,
            -0.19584359228610992,
            0.0
          ],
          [
            -0.053561531007289886,
            0.19411209225654602,
            0.9795160293579102,
            0.0
          ],
          [
            0.0,
            0.0,
            0.0,
            1.0
          ]
        ],
        "rotation_mode": "QUATERNION"
      },
      "armature_space": {
        "head": {
          "x": -0.002050549490377307,
          "y": 0.0002894848585128784,
          "z": 0.001750708557665348
        },
        "tail": {
          "x": 0.014464669860899448,
          "y": -0.06049949303269386,
          "z": 0.48567262291908264
        }
      },
      "world_space": {
        "head": {
          "x": -0.002050549490377307,
          "y": 0.0635334849357605,
          "z": 0.9516047239303589
        },
        "tail": {
          "x": 0.014464669860899448,
          "y": 0.0027445070445537567,
          "z": 1.4355266094207764
        },
        "rotation_quaternion": {
          "w": 0.6613341569900513,
          "x": 0.7498437166213989,
          "y": 0.01879761554300785,
          "z": -0.004273181315511465
        },
        "matrix": [
          [
            0.9992567896842957,
            0.033842578530311584,
            0.018454790115356445,
            -0.002050549490377307
          ],
          [
            0.022538747638463974,
            -0.12456726282835007,
            -0.9919551610946655,
            0.0635334849357605
          ],
          [
            -0.03127165883779526,
            0.9916407465934753,
            -0.12523919343948364,
            0.9516047239303589
          ],
          [
            0.0,
            0.0,
            0.0,
            1.0
          ]
        ]
      },
      "bone_length_armature_space": 0.488004582939906,
      "parent": "Root",
      "has_children": true,
      "is_end_bone": false
    },
    "neck_01": {
      "name": "neck_01",
      "local": {
        "location": {
          "x": 0.0,
          "y": 0.0,
          "z": 0.0
        },
        "rotation_quaternion": {
          "w": 0.9899876713752747,
          "x": -0.0899626612663269,
          "y": 0.024254856631159782,
          "z": -0.10603224486112595
        },
        "scale": {
          "x": 1.0,
          "y": 1.0,
          "z": 1.0
        },
        "matrix_basis": [
          [
            0.976337730884552,
            0.20557716488838196,
            0.06710190325975418,
            0.0
          ],
          [
            -0.21430529654026031,
            0.9613277912139893,
            0.17298026382923126,
            0.0
          ],
          [
            -0.028946131467819214,
            -0.18326744437217712,
            0.9826368689537048,
            0.0
          ],
          [
            0.0,
            0.0,
            0.0,
            1.0
          ]
        ],
        "rotation_mode": "QUATERNION"
      },
      "armature_space": {
        "head": {
          "x": 0.017582591623067856,
          "y": -0.10402156412601471,
          "z": 0.553935706615448
        },
        "tail": {
          "x": 0.04237297177314758,
          "y": -0.13572362065315247,
          "z": 0.648228645324707
        }
      },
      "world_space": {
        "head": {
          "x": 0.017582591623067856,
          "y": -0.04077756404876709,
          "z": 1.5037896633148193
        },
        "tail": {
          "x": 0.04237297177314758,
          "y": -0.07247962057590485,
          "z": 1.5980826616287231
        },
        "rotation_quaternion": {
          "w": 0.5749855041503906,
          "x": 0.8081207871437073,
          "y": 0.12157072871923447,
          "z": -0.039408907294273376
        },
        "matrix": [
          [
            0.9673348665237427,
            0.2418070137500763,
            0.07610972225666046,
            0.017582591623067856
          ],
          [
            0.15116973221302032,
            -0.309224009513855,
            -0.938897430896759,
            -0.04077756404876709
          ],
          [
            -0.20349830389022827,
            0.919739842414856,
            -0.3356803059577942,
            1.5037896633148193
          ],
          [
            0.0,
            0.0,
            0.0,
            1.0
          ]
        ]
      },
      "bone_length_armature_space": 0.10252190997076131,
      "parent": "spine_01",
      "has_children": true,
      "is_end_bone": false
    },
    "head": {
      "name": "head",
      "local": {
        "location": {
          "x": 0.0,
          "y": 0.0,
          "z": 0.0
        },
        "rotation_quaternion": {
          "w": 0.9851773977279663,
          "x": -0.09347234666347504,
          "y": -0.08059582114219666,
          "z": -0.11913379281759262
        },
        "scale": {
          "x": 1.0,
          "y": 1.0,
          "z": 1.0
        },
        "matrix_basis": [
          [
            0.958622932434082,
            0.24980279803276062,
            -0.13653093576431274,
            0.0
          ],
          [
            -0.21966888010501862,
            0.9541401267051697,
            0.20337705314159393,
            0.0
          ],
          [
            0.18107379972934723,
            -0.1649703085422516,
            0.9695344567298889,
            0.0
          ],
          [
            0.0,
            0.0,
            0.0,
            1.0
          ]
        ],
        "rotation_mode": "QUATERNION"
      },
      "armature_space": {
        "head": {
          "x": 0.042372964322566986,
          "y": -0.13572373986244202,
          "z": 0.6482285261154175
        },
        "tail": {
          "x": 0.10509563982486725,
          "y": -0.0971645638346672,
          "z": 0.7847287654876709
        }
      },
      "world_space": {
        "head": {
          "x": 0.042372964322566986,
          "y": -0.0724797397851944,
          "z": 1.5980825424194336
        },
        "tail": {
          "x": 0.10509563982486725,
          "y": -0.033920563757419586,
          "z": 1.734582781791687
        },
        "rotation_quaternion": {
          "w": 0.7758240699768066,
          "x": 0.5953480005264282,
          "y": 0.1496952623128891,
          "z": -0.1457710564136505
        },
        "matrix": [
          [
            0.912684440612793,
            0.40442705154418945,
            0.05870351940393448,
            0.042372964322566986
          ],
          [
            -0.0479462593793869,
            0.24862417578697205,
            -0.9674126505851746,
            -0.0724797397851944
          ],
          [
            -0.40584588050842285,
            0.8801343441009521,
            0.24630701541900635,
            1.5980825424194336
          ],
          [
            0.0,
            0.0,
            0.0,
            1.0
          ]
        ]
      },
      "bone_length_armature_space": 0.15509113107390615,
      "parent": "neck_01",
      "has_children": false,
      "is_end_bone": true
    },
    "upperarm_l": {
      "name": "upperarm_l",
      "local": {
        "location": {
          "x": 0.0,
          "y": 0.0,
          "z": 0.0
        },
        "rotation_quaternion": {
          "w": 0.7899074554443359,
          "x": 0.3333956301212311,
          "y": 0.3587901294231415,
          "z": 0.36900314688682556
        },
        "scale": {
          "x": 1.0,
          "y": 1.0,
          "z": 1.0
        },
        "matrix_basis": [
          [
            0.4702126383781433,
            -0.343718558549881,
            0.8128700852394104,
            0.0
          ],
          [
            0.8221948146820068,
            0.5053680539131165,
            -0.2619140148162842,
            0.0
          ],
          [
            -0.3207739293575287,
            0.791492760181427,
            0.5202339887619019,
            0.0
          ],
          [
            0.0,
            0.0,
            0.0,
            1.0
          ]
        ],
        "rotation_mode": "QUATERNION"
      },
      "armature_space": {
        "head": {
          "x": 0.16525550186634064,
          "y": -0.0954323336482048,
          "z": 0.48219960927963257
        },
        "tail": {
          "x": 0.31741827726364136,
          "y": -0.30968812108039856,
          "z": 0.5346267819404602
        }
      },
      "world_space": {
        "head": {
          "x": 0.16525550186634064,
          "y": -0.032188333570957184,
          "z": 1.432053565979004
        },
        "tail": {
          "x": 0.31741827726364136,
          "y": -0.24644412100315094,
          "z": 1.484480857849121
        },
        "rotation_quaternion": {
          "w": 0.16324758529663086,
          "x": 0.9277323484420776,
          "y": 0.2712443172931671,
          "z": -0.19771048426628113
        },
        "matrix": [
          [
            0.7746742367744446,
            0.5678362846374512,
            -0.2782842516899109,
            0.16525550186634064
          ],
          [
            0.43873298168182373,
            -0.7995530962944031,
            -0.4101566672325134,
            -0.032188333570957184
          ],
          [
            -0.45540761947631836,
            0.1956460177898407,
            -0.8685279488563538,
            1.432053565979004
          ],
          [
            0.0,
            0.0,
            0.0,
            1.0
          ]
        ]
      },
      "bone_length_armature_space": 0.26796950610904957,
      "parent": "spine_01",
      "has_children": true,
      "is_end_bone": false
    },
    "lowerarm_l": {
      "name": "lowerarm_l",
      "local": {
        "location": {
          "x": 0.0,
          "y": 0.0,
          "z": 0.0
        },
        "rotation_quaternion": {
          "w": 0.957686185836792,
          "x": 0.027542222291231155,
          "y": 0.026203231886029243,
          "z": 0.28529292345046997
        },
        "scale": {
          "x": 1.0,
          "y": 1.0,
          "z": 1.0
        },
        "matrix_basis": [
          [
            0.8358426690101624,
            -0.5449987649917603,
            0.0659041479229927,
            0.0
          ],
          [
            0.5478855967521667,
            0.8356987237930298,
            -0.03780241683125496,
            0.0
          ],
          [
            -0.03447374328970909,
            0.06770480424165726,
            0.9971096515655518,
            0.0
          ],
          [
            0.0,
            0.0,
            0.0,
            1.0
          ]
        ],
        "rotation_mode": "QUATERNION"
      },
      "armature_space": {
        "head": {
          "x": 0.3174182176589966,
          "y": -0.3096882700920105,
          "z": 0.5346267819404602
        },
        "tail": {
          "x": 0.3053199350833893,
          "y": -0.5592347979545593,
          "z": 0.6302803754806519
        }
      },
      "world_space": {
        "head": {
          "x": 0.3174182176589966,
          "y": -0.24644427001476288,
          "z": 1.484480857849121
        },
        "tail": {
          "x": 0.3053199350833893,
          "y": -0.4959908127784729,
          "z": 1.580134391784668
        },
        "rotation_quaternion": {
          "w": 0.17301170527935028,
          "x": 0.9612757563591003,
          "y": -0.060560211539268494,
          "z": -0.20578718185424805
        },
        "matrix": [
          [
            0.9079684019088745,
            -0.04522307217121124,
            -0.41659173369407654,
            0.3174182176589966
          ],
          [
            -0.18763741850852966,
            -0.9327988028526306,
            -0.3076989948749542,
            -0.24644427001476288
          ],
          [
            -0.3746838867664337,
            0.357550710439682,
            -0.85544353723526,
            1.484480857849121
          ],
          [
            0.0,
            0.0,
            0.0,
            1.0
          ]
        ]
      },
      "bone_length_armature_space": 0.2675246667746298,
      "parent": "upperarm_l",
      "has_children": true,
      "is_end_bone": false
    },
    "metacarpal_thumb_l": {
      "name": "metacarpal_thumb_l",
      "local": {
        "location": {
          "x": 0.0,
          "y": 0.0,
          "z": 0.0
        },
        "rotation_quaternion": {
          "w": 0.9990637302398682,
          "x": -0.04066537693142891,
          "y": -0.01451757550239563,
          "z": 0.002717422554269433
        },
        "scale": {
          "x": 1.0,
          "y": 1.0,
          "z": 1.0
        },
        "matrix_basis": [
          [
            0.9995636940002441,
            -0.004249031189829111,
            -0.029228975996375084,
            0.0
          ],
          [
            0.00661048199981451,
            0.9966778755187988,
            0.08117570728063583,
            0.0
          ],
          [
            0.028786955401301384,
            -0.08133351057767868,
            0.9962711334228516,
            0.0
          ],
          [
            0.0,
            0.0,
            0.0,
            1.0
          ]
        ],
        "rotation_mode": "QUATERNION"
      },
      "armature_space": {
        "head": {
          "x": 0.3053199350833893,
          "y": -0.5592347979545593,
          "z": 0.6302803754806519
        },
        "tail": {
          "x": 0.2958579659461975,
          "y": -0.606111466884613,
          "z": 0.6173714995384216
        }
      },
      "world_space": {
        "head": {
          "x": 0.3053199350833893,
          "y": -0.4959908127784729,
          "z": 1.580134391784668
        },
        "tail": {
          "x": 0.2958579659461975,
          "y": -0.5428674817085266,
          "z": 1.567225456237793
        },
        "rotation_quaternion": {
          "w": 0.05996435508131981,
          "x": -0.8340265154838562,
          "y": 0.15239611268043518,
          "z": -0.5268581509590149
        },
        "matrix": [
          [
            0.39839187264442444,
            -0.1910211145877838,
            0.8971037864685059,
            0.3053199350833893
          ],
          [
            -0.31739017367362976,
            -0.9463591575622559,
            -0.06056033447384834,
            -0.4959908127784729
          ],
          [
            0.8605564832687378,
            -0.26060783863067627,
            -0.43765318393707275,
            1.580134391784668
          ],
          [
            0.0,
            0.0,
            0.0,
            1.0
          ]
        ]
      },
      "bone_length_armature_space": 0.04953372611588886,
      "parent": "lowerarm_l",
      "has_children": true,
      "is_end_bone": false
    },
    "thumb_01_l": {
      "name": "thumb_01_l",
      "local": {
        "location": {
          "x": 0.0,
          "y": 0.0,
          "z": 0.0
        },
        "rotation_quaternion": {
          "w": 0.9686640501022339,
          "x": 0.24793167412281036,
          "y": -0.014403638429939747,
          "z": -0.003535573836416006
        },
        "scale": {
          "x": 1.0,
          "y": 1.0,
          "z": 1.0
        },
        "matrix_basis": [
          [
            0.9995600581169128,
            -0.00029266983619891107,
            -0.02965773455798626,
            0.0
          ],
          [
            -0.01399180293083191,
            0.8770347833633423,
            -0.480223149061203,
            0.0
          ],
          [
            0.02615141123533249,
            0.4804268479347229,
            0.8766448497772217,
            0.0
          ],
          [
            0.0,
            0.0,
            0.0,
            1.0
          ]
        ],
        "rotation_mode": "QUATERNION"
      },
      "armature_space": {
        "head": {
          "x": 0.2958579659461975,
          "y": -0.606111466884613,
          "z": 0.6173714995384216
        },
        "tail": {
          "x": 0.3180067241191864,
          "y": -0.6314804553985596,
          "z": 0.6124246120452881
        }
      },
      "world_space": {
        "head": {
          "x": 0.2958579659461975,
          "y": -0.5428674817085266,
          "z": 1.567225456237793
        },
        "tail": {
          "x": 0.3180067241191864,
          "y": -0.5682364702224731,
          "z": 1.5622786283493042
        },
        "rotation_quaternion": {
          "w": 0.35383090376853943,
          "x": -0.08335234969854355,
          "y": 0.04640033468604088,
          "z": -0.9304316639900208
        },
        "matrix": [
          [
            -0.7357121706008911,
            0.6506960391998291,
            0.18794330954551697,
            0.2958579659461975
          ],
          [
            -0.6661659479141235,
            -0.745301365852356,
            -0.02735850214958191,
            -0.5428674817085266
          ],
          [
            0.12227266281843185,
            -0.14533108472824097,
            0.9818058013916016,
            1.567225456237793
          ],
          [
            0.0,
            0.0,
            0.0,
            1.0
          ]
        ]
      },
      "bone_length_armature_space": 0.03403857728763451,
      "parent": "metacarpal_thumb_l",
      "has_children": true,
      "is_end_bone": false
    },
    "thumb_02_l": {
      "name": "thumb_02_l",
      "local": {
        "location": {
          "x": 0.0,
          "y": 0.0,
          "z": 0.0
        },
        "rotation_quaternion": {
          "w": 0.8898650407791138,
          "x": 0.456058531999588,
          "y": -0.006124719511717558,
          "z": -0.010641987435519695
        },
        "scale": {
          "x": 1.0,
          "y": 1.0,
          "z": 1.0
        },
        "matrix_basis": [
          [
            0.9996984601020813,
            0.01335340365767479,
            -0.020607085898518562,
            0.0
          ],
          [
            -0.0245263259857893,
            0.5837947130203247,
            -0.8115307092666626,
            0.0
          ],
          [
            0.0011936092050746083,
            0.8117914199829102,
            0.5839462280273438,
            0.0
          ],
          [
            0.0,
            0.0,
            0.0,
            1.0
          ]
        ],
        "rotation_mode": "QUATERNION"
      },
      "armature_space": {
        "head": {
          "x": 0.3180067539215088,
          "y": -0.6314804553985596,
          "z": 0.6124245524406433
        },
        "tail": {
          "x": 0.29451483488082886,
          "y": -0.6357167363166809,
          "z": 0.6447259187698364
        }
      },
      "world_space": {
        "head": {
          "x": 0.3180067539215088,
          "y": -0.5682364702224731,
          "z": 1.5622785091400146
        },
        "tail": {
          "x": 0.29451483488082886,
          "y": -0.5724727511405945,
          "z": 1.5945799350738525
        },
        "rotation_quaternion": {
          "w": 0.08240941911935806,
          "x": -0.3598628640174866,
          "y": 0.6636802554130554,
          "z": 0.6505659222602844
        },
        "matrix": [
          [
            -0.7274134755134583,
            -0.5848936438560486,
            -0.358844518661499,
            0.3180067539215088
          ],
          [
            -0.37044557929039,
            -0.10547402501106262,
            0.9228460788726807,
            -0.5682364702224731
          ],
          [
            -0.5776200294494629,
            0.8042287230491638,
            -0.13994821906089783,
            1.5622785091400146
          ],
          [
            0.0,
            0.0,
            0.0,
            1.0
          ]
        ]
      },
      "bone_length_armature_space": 0.04016459389964876,
      "parent": "thumb_01_l",
      "has_children": true,
      "is_end_bone": false
    },
    "thumb_03_l": {
      "name": "thumb_03_l",
      "local": {
        "location": {
          "x": 0.0,
          "y": 0.0,
          "z": 0.0
        },
        "rotation_quaternion": {
          "w": 0.9893202185630798,
          "x": 0.14562642574310303,
          "y": 0.004159077070653439,
          "z": -0.004621576983481646
        },
        "scale": {
          "x": 1.0,
          "y": 1.0,
          "z": 1.0
        },
        "matrix_basis": [
          [
            0.9999226927757263,
            0.010355781763792038,
            0.00688327057287097,
            0.0
          ],
          [
            -0.007933096028864384,
            0.9575431942939758,
            -0.28818076848983765,
            0.0
          ],
          [
            -0.009575365111231804,
            0.2881038784980774,
            0.9575513005256653,
            0.0
          ],
          [
            0.0,
            0.0,
            0.0,
            1.0
          ]
        ],
        "rotation_mode": "QUATERNION"
      },
      "armature_space": {
        "head": {
          "x": 0.29451486468315125,
          "y": -0.6357168555259705,
          "z": 0.6447258591651917
        },
        "tail": {
          "x": 0.27438172698020935,
          "y": -0.6235976815223694,
          "z": 0.6640825271606445
        }
      },
      "world_space": {
        "head": {
          "x": 0.29451486468315125,
          "y": -0.572472870349884,
          "z": 1.5945799350738525
        },
        "tail": {
          "x": 0.27438172698020935,
          "y": -0.560353696346283,
          "z": 1.6139365434646606
        },
        "rotation_quaternion": {
          "w": 0.012936525978147984,
          "x": 0.4013092517852783,
          "y": -0.8359830379486084,
          "z": -0.374053418636322
        },
        "matrix": [
          [
            -0.6775659918785095,
            -0.6612979769706726,
            -0.3218536972999573,
            0.29451486468315125
          ],
          [
            -0.6806549429893494,
            0.39806902408599854,
            0.6150199770927429,
            -0.572472870349884
          ],
          [
            -0.2785939872264862,
            0.6357927918434143,
            -0.7198383808135986,
            1.5945799350738525
          ],
          [
            0.0,
            0.0,
            0.0,
            1.0
          ]
        ]
      },
      "bone_length_armature_space": 0.03044500256537377,
      "parent": "thumb_02_l",
      "has_children": false,
      "is_end_bone": true
    },
    "metacarpal_index_l": {
      "name": "metacarpal_index_l",
      "local": {
        "location": {
          "x": 0.0,
          "y": 0.0,
          "z": 0.0
        },
        "rotation_quaternion": {
          "w": 0.99991375207901,
          "x": -0.005094124469906092,
          "y": -0.0006674277246929705,
          "z": 0.012093719094991684
        },
        "scale": {
          "x": 1.0,
          "y": 1.0,
          "z": 1.0
        },
        "matrix_basis": [
          [
            0.9997065663337708,
            -0.024178551509976387,
            -0.0014579541748389602,
            0.0
          ],
          [
            0.02419215254485607,
            0.9996556043624878,
            0.010171227157115936,
            0.0
          ],
          [
            0.0012115264544263482,
            -0.010203513316810131,
            0.999947190284729,
            0.0
          ],
          [
            0.0,
            0.0,
            0.0,
            1.0
          ]
        ],
        "rotation_mode": "QUATERNION"
      },
      "armature_space": {
        "head": {
          "x": 0.3053199350833893,
          "y": -0.5592347979545593,
          "z": 0.6302803754806519
        },
        "tail": {
          "x": 0.28774699568748474,
          "y": -0.6748958826065063,
          "z": 0.6368317008018494
        }
      },
      "world_space": {
        "head": {
          "x": 0.3053199350833893,
          "y": -0.4959908127784729,
          "z": 1.580134391784668
        },
        "tail": {
          "x": 0.28774699568748474,
          "y": -0.6116518974304199,
          "z": 1.5866856575012207
        },
        "rotation_quaternion": {
          "w": 0.047539591789245605,
          "x": 0.9588229060173035,
          "y": -0.0647013708949089,
          "z": 0.27241960167884827
        },
        "matrix": [
          [
            0.8432027697563171,
            -0.14997604489326477,
            0.5162526369094849,
            0.3053199350833893
          ],
          [
            -0.09817276149988174,
            -0.9871073365211487,
            -0.12641656398773193,
            -0.4959908127784729
          ],
          [
            0.5285597443580627,
            0.05591225624084473,
            -0.8470610976219177,
            1.580134391784668
          ],
          [
            0.0,
            0.0,
            0.0,
            1.0
          ]
        ]
      },
      "bone_length_armature_space": 0.11717173205157123,
      "parent": "lowerarm_l",
      "has_children": true,
      "is_end_bone": false
    },
    "index_01_l": {
      "name": "index_01_l",
      "local": {
        "location": {
          "x": 0.0,
          "y": 0.0,
          "z": 0.0
        },
        "rotation_quaternion": {
          "w": 0.9536904096603394,
          "x": 0.30068668723106384,
          "y": 0.0018691541627049446,
          "z": -0.007654251996427774
        },
        "scale": {
          "x": 1.0,
          "y": 1.0,
          "z": 1.0
        },
        "matrix_basis": [
          [
            0.9998758435249329,
            0.015723632648587227,
            -0.0010378746083006263,
            0.0
          ],
          [
            -0.013475514017045498,
            0.8190578818321228,
            -0.5735526084899902,
            0.0
          ],
          [
            -0.008168252184987068,
            0.5734953880310059,
            0.8191680312156677,
            0.0
          ],
          [
            0.0,
            0.0,
            0.0,
            1.0
          ]
        ],
        "rotation_mode": "QUATERNION"
      },
      "armature_space": {
        "head": {
          "x": 0.28774699568748474,
          "y": -0.6748958826065063,
          "z": 0.6368317008018494
        },
        "tail": {
          "x": 0.29888126254081726,
          "y": -0.7007003426551819,
          "z": 0.6320122480392456
        }
      },
      "world_space": {
        "head": {
          "x": 0.28774699568748474,
          "y": -0.6116518974304199,
          "z": 1.5866856575012207
        },
        "tail": {
          "x": 0.29888126254081726,
          "y": -0.6374563574790955,
          "z": 1.5818662643432617
        },
        "rotation_quaternion": {
          "w": 0.13177770376205444,
          "x": -0.9478233456611633,
          "y": -0.17364512383937836,
          "z": -0.23262198269367218
        },
        "matrix": [
          [
            0.8314691781997681,
            0.3904789090156555,
            0.3952035903930664,
            0.28774699568748474
          ],
          [
            0.26786142587661743,
            -0.9049638509750366,
            0.3305911123752594,
            -0.6116518974304199
          ],
          [
            0.4867374897003174,
            -0.16901850700378418,
            -0.8570492267608643,
            1.5866856575012207
          ],
          [
            0.0,
            0.0,
            0.0,
            1.0
          ]
        ]
      },
      "bone_length_armature_space": 0.028514367772286813,
      "parent": "metacarpal_index_l",
      "has_children": true,
      "is_end_bone": false
    },
    "index_02_l": {
      "name": "index_02_l",
      "local": {
        "location": {
          "x": 0.0,
          "y": 0.0,
          "z": 0.0
        },
        "rotation_quaternion": {
          "w": 0.9014163017272949,
          "x": 0.43294233083724976,
          "y": 0.00010448810644447803,
          "z": -0.003113245591521263
        },
        "scale": {
          "x": 1.0,
          "y": 1.0,
          "z": 1.0
        },
        "matrix_basis": [
          [
            0.9999805688858032,
            0.005703135393559933,
            -0.00250733713619411,
            0.0
          ],
          [
            -0.0055221859365701675,
            0.6251025199890137,
            -0.7805231809616089,
            0.0
          ],
          [
            -0.0028840862214565277,
            0.7805218696594238,
            0.6251218318939209,
            0.0
          ],
          [
            0.0,
            0.0,
            0.0,
            1.0
          ]
        ],
        "rotation_mode": "QUATERNION"
      },
      "armature_space": {
        "head": {
          "x": 0.29888132214546204,
          "y": -0.7007006406784058,
          "z": 0.6320117712020874
        },
        "tail": {
          "x": 0.31255218386650085,
          "y": -0.7096090912818909,
          "z": 0.6122167110443115
        }
      },
      "world_space": {
        "head": {
          "x": 0.29888132214546204,
          "y": -0.6374566555023193,
          "z": 1.5818657875061035
        },
        "tail": {
          "x": 0.31255218386650085,
          "y": -0.6463651061058044,
          "z": 1.5620707273483276
        },
        "rotation_quaternion": {
          "w": 0.5078158974647522,
          "x": -0.813978910446167,
          "y": -0.26170915365219116,
          "z": -0.10521230101585388
        },
        "matrix": [
          [
            0.8408771753311157,
            0.5329090356826782,
            -0.09452091157436371,
            0.29888132214546204
          ],
          [
            0.319196879863739,
            -0.34726274013519287,
            0.8817718029022217,
            -0.6374566555023193
          ],
          [
            0.4370839297771454,
            -0.7716382145881653,
            -0.4621105492115021,
            1.5818657875061035
          ],
          [
            0.0,
            0.0,
            0.0,
            1.0
          ]
        ]
      },
      "bone_length_armature_space": 0.02565340814618438,
      "parent": "index_01_l",
      "has_children": true,
      "is_end_bone": false
    },
    "index_03_l": {
      "name": "index_03_l",
      "local": {
        "location": {
          "x": 0.0,
          "y": 0.0,
          "z": 0.0
        },
        "rotation_quaternion": {
          "w": 0.9344241619110107,
          "x": 0.35612210631370544,
          "y": -0.0019512646831572056,
          "z": -0.004974604118615389
        },
        "scale": {
          "x": 1.0,
          "y": 1.0,
          "z": 1.0
        },
        "matrix_basis": [
          [
            0.9999428987503052,
            0.007907003164291382,
            -0.007189750671386719,
            0.0
          ],
          [
            -0.010686557739973068,
            0.7463045716285706,
            -0.6655187606811523,
            0.0
          ],
          [
            0.00010348473733756691,
            0.6655576229095459,
            0.7463464736938477,
            0.0
          ],
          [
            0.0,
            0.0,
            0.0,
            1.0
          ]
        ],
        "rotation_mode": "QUATERNION"
      },
      "armature_space": {
        "head": {
          "x": 0.31255215406417847,
          "y": -0.7096092104911804,
          "z": 0.6122167706489563
        },
        "tail": {
          "x": 0.3240399658679962,
          "y": -0.6966458559036255,
          "z": 0.5886855125427246
        }
      },
      "world_space": {
        "head": {
          "x": 0.31255215406417847,
          "y": -0.646365225315094,
          "z": 1.5620708465576172
        },
        "tail": {
          "x": 0.3240399658679962,
          "y": -0.6334018707275391,
          "z": 1.5385395288467407
        },
        "rotation_quaternion": {
          "w": 0.7865813970565796,
          "x": -0.5262472629547119,
          "y": -0.32112810015678406,
          "z": -0.035076674073934555
        },
        "matrix": [
          [
            0.7912939786911011,
            0.39316636323928833,
            -0.46826767921447754,
            0.31255215406417847
          ],
          [
            0.2828027009963989,
            0.443667471408844,
            0.8504006862640381,
            -0.646365225315094
          ],
          [
            0.5421081185340881,
            -0.8053494691848755,
            0.23988544940948486,
            1.5620708465576172
          ],
          [
            0.0,
            0.0,
            0.0,
            1.0
          ]
        ]
      },
      "bone_length_armature_space": 0.02921880363058457,
      "parent": "index_02_l",
      "has_children": false,
      "is_end_bone": true
    },
    "metacarpal_pinky_l": {
      "name": "metacarpal_pinky_l",
      "local": {
        "location": {
          "x": 0.0,
          "y": 0.0,
          "z": 0.0
        },
        "rotation_quaternion": {
          "w": 0.9994583129882812,
          "x": -0.029202379286289215,
          "y": -0.015124711208045483,
          "z": -0.0012546603102236986
        },
        "scale": {
          "x": 1.0,
          "y": 1.0,
          "z": 1.0
        },
        "matrix_basis": [
          [
            0.999539315700531,
            0.003391316393390298,
            -0.030159758403897285,
            0.0
          ],
          [
            -0.0016246062004938722,
            0.9982913136482239,
            0.05841107293963432,
            0.0
          ],
          [
            0.030306315049529076,
            -0.05833517014980316,
            0.9978369474411011,
            0.0
          ],
          [
            0.0,
            0.0,
            0.0,
            1.0
          ]
        ],
        "rotation_mode": "QUATERNION"
      },
      "armature_space": {
        "head": {
          "x": 0.3053199350833893,
          "y": -0.5592347979545593,
          "z": 0.6302803754806519
        },
        "tail": {
          "x": 0.32042181491851807,
          "y": -0.6423578262329102,
          "z": 0.6911552548408508
        }
      },
      "world_space": {
        "head": {
          "x": 0.3053199350833893,
          "y": -0.4959908127784729,
          "z": 1.580134391784668
        },
        "tail": {
          "x": 0.32042181491851807,
          "y": -0.5791138410568237,
          "z": 1.6410093307495117
        },
        "rotation_quaternion": {
          "w": 0.2511931359767914,
          "x": 0.5881760716438293,
          "y": -0.1943543255329132,
          "z": -0.7437589764595032
        },
        "matrix": [
          [
            -0.1819024384021759,
            0.14502795040607452,
            -0.9725631475448608,
            0.3053199350833893
          ],
          [
            -0.6022841334342957,
            -0.7982563972473145,
            -0.0063879042863845825,
            -0.4959908127784729
          ],
          [
            -0.777286946773529,
            0.5846004486083984,
            0.23255431652069092,
            1.580134391784668
          ],
          [
            0.0,
            0.0,
            0.0,
            1.0
          ]
        ]
      },
      "bone_length_armature_space": 0.10413095423494122,
      "parent": "lowerarm_l",
      "has_children": true,
      "is_end_bone": false
    },
    "pinky_01_l": {
      "name": "pinky_01_l",
      "local": {
        "location": {
          "x": 0.0,
          "y": 0.0,
          "z": 0.0
        },
        "rotation_quaternion": {
          "w": 0.9448754787445068,
          "x": 0.3273458480834961,
          "y": -0.005167430266737938,
          "z": -0.005342876072973013
        },
        "scale": {
          "x": 1.0,
          "y": 1.0,
          "z": 1.0
        },
        "matrix_basis": [
          [
            0.9998894929885864,
            0.006713631562888622,
            -0.013263093307614326,
            0.0
          ],
          [
            -0.013479778543114662,
            0.785632312297821,
            -0.6185469031333923,
            0.0
          ],
          [
            0.00626721978187561,
            0.6186573505401611,
            0.7856360077857971,
            0.0
          ],
          [
            0.0,
            0.0,
            0.0,
            1.0
          ]
        ],
        "rotation_mode": "QUATERNION"
      },
      "armature_space": {
        "head": {
          "x": 0.32042181491851807,
          "y": -0.6423578262329102,
          "z": 0.6911552548408508
        },
        "tail": {
