{
  "metadata": {
    "armature_name": "KIM_caucasian_male",
    "export_time": "2026-01-13T21:13:07.304120",
    "blender_version": "4.4.1",
    "bone_count": 56,
    "end_bone_count": 13,
    "spaces_included": [
      "LOCAL_CHANNELS",
      "ARMATURE_SPACE",
      "WORLD_SPACE"
    ],
    "note": "LOCAL matches Transform panel; replay pose via local.matrix_basis for best fidelity."
  },
  "bones": {
    "Root": {
      "name": "Root",
      "local": {
        "location": {
          "x": 0.0,
          "y": 0.0,
          "z": 0.0
        },
        "rotation_quaternion": {
          "w": 0.9998295307159424,
          "x": 0.011778666637837887,
          "y": 0.011868392117321491,
          "z": 0.00783439353108406
        },
        "scale": {
          "x": 1.0,
          "y": 1.0,
          "z": 1.0
        },
        "matrix_basis": [
          [
            0.9995955228805542,
            -0.015386528335511684,
            0.023917295038700104,
            0.0
          ],
          [
            0.01594570279121399,
            0.9995997548103333,
            -0.02336735464632511,
            0.0
          ],
          [
            -0.023548180237412453,
            0.023739280179142952,
            0.9994407892227173,
            0.0
          ],
          [
            0.0,
            0.0,
            0.0,
            1.0
          ]
        ],
        "rotation_mode": "QUATERNION"
      },
      "armature_space": {
        "head": {
          "x": 0.0,
          "y": 0.07072800397872925,
          "z": -0.009595036506652832
        },
        "tail": {
          "x": -0.0010982268722727895,
          "y": -0.00019947439432144165,
          "z": -0.0016828849911689758
        }
      },
      "world_space": {
        "head": {
          "x": 0.0,
          "y": 0.13397200405597687,
          "z": 0.9402589797973633
        },
        "tail": {
          "x": -0.0010982268722727895,
          "y": 0.06304452568292618,
          "z": 0.9481711387634277
        },
        "rotation_quaternion": {
          "w": 0.05560426786541939,
          "x": 0.9983516931533813,
          "y": -0.007017048075795174,
          "z": 0.012369219213724136
        },
        "matrix": [
          [
            0.9995955228805542,
            -0.015386528335511684,
            0.023917295038700104,
            0.0
          ],
          [
            -0.01263539120554924,
            -0.9937178492546082,
            -0.1111992597579956,
            0.13397200405597687
          ],
          [
            0.02547818049788475,
            0.11085191369056702,
            -0.9935173392295837,
            0.9402589797973633
          ],
          [
            0.0,
            0.0,
            0.0,
            1.0
          ]
        ]
      },
      "bone_length_armature_space": 0.07137587292404171,
      "parent": null,
      "has_children": true,
      "is_end_bone": false
    },
    "spine_01": {
      "name": "spine_01",
      "local": {
        "location": {
          "x": 0.0,
          "y": 0.0,
          "z": 0.0
        },
        "rotation_quaternion": {
          "w": 0.998633861541748,
          "x": -0.04619775712490082,
          "y": -0.005934001877903938,
          "z": 0.023688815534114838
        },
        "scale": {
          "x": 1.0,
          "y": 1.0,
          "z": 1.0
        },
        "matrix_basis": [
          [
            0.9988072514533997,
            -0.04676463082432747,
            -0.014040530659258366,
            0.0
          ],
          [
            0.04786118119955063,
            0.9946092367172241,
            0.09198815375566483,
            0.0
          ],
          [
            0.009663050062954426,
            -0.09255042672157288,
            0.9956611394882202,
            0.0
          ],
          [
            0.0,
            0.0,
            0.0,
            1.0
          ]
        ],
        "rotation_mode": "QUATERNION"
      },
      "armature_space": {
        "head": {
          "x": -0.0010982268722727895,
          "y": -0.00019947439432144165,
          "z": -0.0016828849911689758
        },
        "tail": {
          "x": -0.03553369641304016,
          "y": 0.05657200142741203,
          "z": 0.4817834794521332
        }
      },
      "world_space": {
        "head": {
          "x": -0.0010982268722727895,
          "y": 0.06304452568292618,
          "z": 0.9481711387634277
        },
        "tail": {
          "x": -0.03553369641304016,
          "y": 0.11981600522994995,
          "z": 1.4316375255584717
        },
        "rotation_quaternion": {
          "w": 0.7463083863258362,
          "x": 0.6644991040229797,
          "y": -0.034509867429733276,
          "z": 0.01654861867427826
        },
        "matrix": [
          [
            0.9970704317092896,
            -0.07056430727243423,
            -0.029516469687223434,
            -0.0010982268722727895
          ],
          [
            -0.02116231620311737,
            0.1163346990942955,
            -0.9929847717285156,
            0.06304452568292618
          ],
          [
            0.07350355386734009,
            0.990707278251648,
            0.1145004853606224,
            0.9481711387634277
          ],
          [
            0.0,
            0.0,
            0.0,
            1.0
          ]
        ]
      },
      "bone_length_armature_space": 0.4880046320819754,
      "parent": "Root",
      "has_children": true,
      "is_end_bone": false
    },
    "neck_01": {
      "name": "neck_01",
      "local": {
        "location": {
          "x": 0.0,
          "y": 0.0,
          "z": 0.0
        },
        "rotation_quaternion": {
          "w": 0.999484658241272,
          "x": 0.02922464907169342,
          "y": -0.012657050974667072,
          "z": -0.004029920790344477
        },
        "scale": {
          "x": 1.0,
          "y": 1.0,
          "z": 1.0
        },
        "matrix_basis": [
          [
            0.9996471405029297,
            0.00731589226052165,
            -0.02553660236299038,
            0.0
          ],
          [
            -0.008795483969151974,
            0.9982593655586243,
            -0.0583171620965004,
            0.0
          ],
          [
            0.025065509602427483,
            0.05852118879556656,
            0.9979714155197144,
            0.0
          ],
          [
            0.0,
            0.0,
            0.0,
            1.0
          ]
        ],
        "rotation_mode": "QUATERNION"
      },
      "armature_space": {
        "head": {
          "x": -0.04172394797205925,
          "y": 0.03065270185470581,
          "z": 0.5582924485206604
        },
        "tail": {
          "x": -0.04881744086742401,
          "y": -0.0027342885732650757,
          "z": 0.6549658179283142
        }
      },
      "world_space": {
        "head": {
          "x": -0.04172394797205925,
          "y": 0.09389670193195343,
          "z": 1.5081465244293213
        },
        "tail": {
          "x": -0.04881744086742401,
          "y": 0.060509711503982544,
          "z": 1.6048197746276855
        },
        "rotation_quaternion": {
          "w": 0.5796114206314087,
          "x": 0.8140743970870972,
          "y": -0.03494201973080635,
          "z": 0.010610155761241913
        },
        "matrix": [
          [
            0.9973329305648804,
            -0.06919041275978088,
            -0.023231040686368942,
            -0.04172394797205925
          ],
          [
            -0.044591616839170456,
            -0.3256589472293854,
            -0.9444354772567749,
            0.09389670193195343
          ],
          [
            0.05778083577752113,
            0.9429585337638855,
            -0.32787880301475525,
            1.5081465244293213
          ],
          [
            0.0,
            0.0,
            0.0,
            1.0
          ]
        ]
      },
      "bone_length_armature_space": 0.10252194332655348,
      "parent": "spine_01",
      "has_children": true,
      "is_end_bone": false
    },
    "head": {
      "name": "head",
      "local": {
        "location": {
          "x": 0.0,
          "y": 0.0,
          "z": 0.0
        },
        "rotation_quaternion": {
          "w": 0.992260217666626,
          "x": 0.05478665605187416,
          "y": 0.11109685897827148,
          "z": 0.00869970116764307
        },
        "scale": {
          "x": 1.0,
          "y": 1.0,
          "z": 1.0
        },
        "matrix_basis": [
          [
            0.9751635789871216,
            -0.005091484170407057,
            0.22142724692821503,
            0.0
          ],
          [
            0.02943798527121544,
            0.9938454627990723,
            -0.10679221898317337,
            0.0
          ],
          [
            -0.21952073276042938,
            0.11065825819969177,
            0.9693118333816528,
            0.0
          ],
          [
            0.0,
            0.0,
            0.0,
            1.0
          ]
        ],
        "rotation_mode": "QUATERNION"
      },
      "armature_space": {
        "head": {
          "x": -0.04881744086742401,
          "y": -0.002734413370490074,
          "z": 0.6549656987190247
        },
        "tail": {
          "x": -0.05920331925153732,
          "y": -0.01399974338710308,
          "z": 0.8092982769012451
        }
      },
      "world_space": {
        "head": {
          "x": -0.04881744086742401,
          "y": 0.060509584844112396,
          "z": 1.6048197746276855
        },
        "tail": {
          "x": -0.05920331925153732,
          "y": 0.04924425482749939,
          "z": 1.7591522932052612
        },
        "rotation_quaternion": {
          "w": 0.6799489259719849,
          "x": 0.726966381072998,
          "y": 0.03675119951367378,
          "z": 0.08853638917207718
        },
        "matrix": [
          [
            0.9816213846206665,
            -0.06696669012308121,
            0.17870330810546875,
            -0.04881744086742401
          ],
          [
            0.17383378744125366,
            -0.07263727486133575,
            -0.9820927977561951,
            0.060509584844112396
          ],
          [
            0.07874869555234909,
            0.9951146841049194,
            -0.059662509709596634,
            1.6048197746276855
          ],
          [
            0.0,
            0.0,
            0.0,
            1.0
          ]
        ]
      },
      "bone_length_armature_space": 0.15509132527461564,
      "parent": "neck_01",
      "has_children": false,
      "is_end_bone": true
    },
    "upperarm_l": {
      "name": "upperarm_l",
      "local": {
        "location": {
          "x": 0.0,
          "y": 0.0,
          "z": 0.0
        },
        "rotation_quaternion": {
          "w": 0.8158207535743713,
          "x": -0.30723947286605835,
          "y": 0.4454846978187561,
          "z": -0.20392157137393951
        },
        "scale": {
          "x": 1.0,
          "y": 1.0,
          "z": 1.0
        },
        "matrix_basis": [
          [
            0.5199187397956848,
            0.058985933661460876,
            0.8521768450737,
            0.0
          ],
          [
            -0.6064678430557251,
            0.7280398011207581,
            0.31961679458618164,
            0.0
          ],
          [
            -0.6015658378601074,
            -0.6829925775527954,
            0.414294570684433,
            0.0
          ],
          [
            0.0,
            0.0,
            0.0,
            1.0
          ]
        ],
        "rotation_mode": "QUATERNION"
      },
      "armature_space": {
        "head": {
          "x": 0.11248495429754257,
          "y": 0.01649300754070282,
          "z": 0.5030999183654785
        },
        "tail": {
          "x": 0.30613449215888977,
          "y": 0.20022352039813995,
          "z": 0.47963470220565796
        }
      },
      "world_space": {
        "head": {
          "x": 0.11248495429754257,
          "y": 0.07973700761795044,
          "z": 1.4529539346694946
        },
        "tail": {
          "x": 0.30613449215888977,
          "y": 0.2634675204753876,
          "z": 1.4294886589050293
        },
        "rotation_quaternion": {
          "w": 0.2759297490119934,
          "x": 0.36104816198349,
          "y": 0.8756044507026672,
          "z": -0.16378027200698853
        },
        "matrix": [
          [
            -0.5870137810707092,
            0.7226552963256836,
            0.36494460701942444,
            0.11248495429754257
          ],
          [
            0.5418874025344849,
            0.6856397986412048,
            -0.48606258630752563,
            0.07973700761795044
          ],
          [
            -0.6014796495437622,
            -0.08756671845912933,
            -0.7940834760665894,
            1.4529539346694946
          ],
          [
            0.0,
            0.0,
            0.0,
            1.0
          ]
        ]
      },
      "bone_length_armature_space": 0.2679695062176583,
      "parent": "spine_01",
      "has_children": true,
      "is_end_bone": false
    },
    "lowerarm_l": {
      "name": "lowerarm_l",
      "local": {
        "location": {
          "x": 0.0,
          "y": 0.0,
          "z": 0.0
        },
        "rotation_quaternion": {
          "w": 0.899262547492981,
          "x": 0.4364292025566101,
          "y": -0.015407954342663288,
          "z": 0.024884546175599098
        },
        "scale": {
          "x": 1.0,
          "y": 1.0,
          "z": 1.0
        },
        "matrix_basis": [
          [
            0.9982867240905762,
            -0.058204442262649536,
            -0.005990907084196806,
            0.0
          ],
          [
            0.031306520104408264,
            0.6178206205368042,
            -0.7856957316398621,
            0.0
          ],
          [
            0.04943227767944336,
            0.7841620445251465,
            0.6185842752456665,
            0.0
          ],
          [
            0.0,
            0.0,
            0.0,
            1.0
          ]
        ],
        "rotation_mode": "QUATERNION"
      },
      "armature_space": {
        "head": {
          "x": 0.3061346411705017,
          "y": 0.20022349059581757,
          "z": 0.47963473200798035
        },
        "tail": {
          "x": 0.519119381904602,
          "y": 0.1554289162158966,
          "z": 0.3240690231323242
        }
      },
      "world_space": {
        "head": {
          "x": 0.3061346411705017,
          "y": 0.2634674906730652,
          "z": 1.4294887781143188
        },
        "tail": {
          "x": 0.519119381904602,
          "y": 0.21867291629314423,
          "z": 1.2739230394363403
        },
        "rotation_quaternion": {
          "w": 0.13498225808143616,
          "x": 0.5090360641479492,
          "y": 0.6309201121330261,
          "z": -0.569738507270813
        },
        "matrix": [
          [
            -0.4453215003013611,
            0.7961317896842957,
            -0.40971118211746216,
            0.3061346411705017
          ],
          [
            0.4885160028934479,
            -0.16744104027748108,
            -0.8563389778137207,
            0.2634674906730652
          ],
          [
            -0.7503654360771179,
            -0.5815008878707886,
            -0.3143607974052429,
            1.4294887781143188
          ],
          [
            0.0,
            0.0,
            0.0,
            1.0
          ]
        ]
      },
      "bone_length_armature_space": 0.2675252165137695,
      "parent": "upperarm_l",
      "has_children": true,
      "is_end_bone": false
    },
    "metacarpal_thumb_l": {
      "name": "metacarpal_thumb_l",
      "local": {
        "location": {
          "x": 0.0,
          "y": 0.0,
          "z": 0.0
        },
        "rotation_quaternion": {
          "w": 0.9999457597732544,
          "x": -0.0006060292944312096,
          "y": 0.0034351437352597713,
          "z": 0.00981862097978592
        },
        "scale": {
          "x": 1.0,
          "y": 1.0,
          "z": 1.0
        },
        "matrix_basis": [
          [
            0.9997835755348206,
            -0.01964033953845501,
            0.006858014035969973,
            0.0
          ],
          [
            0.019632013514637947,
            0.9998064637184143,
            0.0012794495560228825,
            0.0
          ],
          [
            -0.006881815381348133,
            -0.0011445360723882914,
            0.9999756813049316,
            0.0
          ],
          [
            0.0,
            0.0,
            0.0,
            1.0
          ]
        ],
        "rotation_mode": "QUATERNION"
      },
      "armature_space": {
        "head": {
          "x": 0.519119381904602,
          "y": 0.1554289162158966,
          "z": 0.3240690231323242
        },
        "tail": {
          "x": 0.5335219502449036,
          "y": 0.12773093581199646,
          "z": 0.2856113016605377
        }
      },
      "world_space": {
        "head": {
          "x": 0.519119381904602,
          "y": 0.21867291629314423,
          "z": 1.2739230394363403
        },
        "tail": {
          "x": 0.5335219502449036,
          "y": 0.19097493588924408,
          "z": 1.2354652881622314
        },
        "rotation_quaternion": {
          "w": 0.38889414072036743,
          "x": -0.858404815196991,
          "y": -0.26300978660583496,
          "z": 0.20670829713344574
        },
        "matrix": [
          [
            0.77619469165802,
            0.29076316952705383,
            -0.5594450831413269,
            0.519119381904602
          ],
          [
            0.6123137474060059,
            -0.5591748952865601,
            0.5589240193367004,
            0.21867291629314423
          ],
          [
            -0.15031380951404572,
            -0.7763953804969788,
            -0.6120702028274536,
            1.2739230394363403
          ],
          [
            0.0,
            0.0,
            0.0,
            1.0
          ]
        ]
      },
      "bone_length_armature_space": 0.049533912297298324,
      "parent": "lowerarm_l",
      "has_children": true,
      "is_end_bone": false
    },
    "thumb_01_l": {
      "name": "thumb_01_l",
      "local": {
        "location": {
          "x": 0.0,
          "y": 0.0,
          "z": 0.0
        },
        "rotation_quaternion": {
          "w": 0.9845013618469238,
          "x": 0.1742488294839859,
          "y": 0.003056740388274193,
          "z": 0.019625477492809296
        },
        "scale": {
          "x": 1.0,
          "y": 1.0,
          "z": 1.0
        },
        "matrix_basis": [
          [
            0.9992110133171082,
            -0.03757735341787338,
            0.012858163565397263,
            0.0
          ],
          [
            0.039707884192466736,
            0.9385043978691101,
            -0.342976450920105,
            0.0
          ],
          [
            0.0008207028149627149,
            0.3432163894176483,
            0.9392560124397278,
            0.0
          ],
          [
            0.0,
            0.0,
            0.0,
            1.0
          ]
        ],
        "rotation_mode": "QUATERNION"
      },
      "armature_space": {
        "head": {
          "x": 0.5335219502449036,
          "y": 0.12773093581199646,
          "z": 0.2856113016605377
        },
        "tail": {
          "x": 0.5313656330108643,
          "y": 0.13494735956192017,
          "z": 0.2524162232875824
        }
      },
      "world_space": {
        "head": {
          "x": 0.5335219502449036,
          "y": 0.19097493588924408,
          "z": 1.2354652881622314
        },
        "tail": {
          "x": 0.5313656330108643,
          "y": 0.19819135963916779,
          "z": 1.202270269393921
        },
        "rotation_quaternion": {
          "w": 0.6813879609107971,
          "x": -0.567939043045044,
          "y": 0.3764492869377136,
          "z": -0.2672859728336334
        },
        "matrix": [
          [
            0.5736895203590393,
            -0.06334853172302246,
            0.8166196346282959,
            0.5335219502449036
          ],
          [
            -0.7918509244918823,
            0.2120073437690735,
            0.5727353096008301,
            0.19097493588924408
          ],
          [
            -0.20941348373889923,
            -0.9752194285392761,
            0.07146450877189636,
            1.2354652881622314
          ],
          [
            0.0,
            0.0,
            0.0,
            1.0
          ]
        ]
      },
      "bone_length_armature_space": 0.034038797796500805,
      "parent": "metacarpal_thumb_l",
      "has_children": true,
      "is_end_bone": false
    },
    "thumb_02_l": {
      "name": "thumb_02_l",
      "local": {
        "location": {
          "x": 0.0,
          "y": 0.0,
          "z": 0.0
        },
        "rotation_quaternion": {
          "w": 0.9354268312454224,
          "x": 0.35342031717300415,
          "y": 0.0006467110360972583,
          "z": 0.008396477438509464
        },
        "scale": {
          "x": 1.0,
          "y": 1.0,
          "z": 1.0
        },
        "matrix_basis": [
          [
            0.9998581409454346,
            -0.015251458622515202,
            0.007144873030483723,
            0.0
          ],
          [
            0.016165701672434807,
            0.7500471472740173,
            -0.6611868143081665,
            0.0
          ],
          [
            0.004725069738924503,
            0.6612085700035095,
            0.750187337398529,
            0.0
          ],
          [
            0.0,
            0.0,
            0.0,
            1.0
          ]
        ],
        "rotation_mode": "QUATERNION"
      },
      "armature_space": {
        "head": {
          "x": 0.5313655734062195,
          "y": 0.13494735956192017,
          "z": 0.2524162530899048
        },
        "tail": {
          "x": 0.5709171295166016,
          "y": 0.12979085743427277,
          "z": 0.2571350932121277
        }
      },
      "world_space": {
        "head": {
          "x": 0.5313655734062195,
          "y": 0.19819135963916779,
          "z": 1.202270269393921
        },
        "tail": {
          "x": 0.5709171295166016,
          "y": 0.19303485751152039,
          "z": 1.206989049911499
        },
        "rotation_quaternion": {
          "w": 0.6601060628890991,
          "x": 0.0797053724527359,
          "y": -0.008207693696022034,
          "z": -0.7468866109848022
        },
        "matrix": [
          [
            -0.1158137172460556,
            0.9847408533096313,
            -0.12989681959152222,
            0.5313655734062195
          ],
          [
            -0.9873576164245605,
            -0.12838494777679443,
            -0.09296789765357971,
            0.19819135963916779
          ],
          [
            -0.10822764039039612,
            0.11748817563056946,
            0.9871664047241211,
            1.202270269393921
          ],
          [
            0.0,
            0.0,
            0.0,
            1.0
          ]
        ]
      },
      "bone_length_armature_space": 0.04016444465151415,
      "parent": "thumb_01_l",
      "has_children": true,
      "is_end_bone": false
    },
    "thumb_03_l": {
      "name": "thumb_03_l",
      "local": {
        "location": {
          "x": 0.0,
          "y": 0.0,
          "z": 0.0
        },
        "rotation_quaternion": {
          "w": 0.9860864877700806,
          "x": 0.1659954935312271,
          "y": 0.008880902081727982,
          "z": 0.0004940046346746385
        },
        "scale": {
          "x": 1.0,
          "y": 1.0,
          "z": 1.0
        },
        "matrix_basis": [
          [
            0.9998417496681213,
            0.0019741167780011892,
            0.017678679898381233,
            0.0
          ],
          [
            0.003922642208635807,
            0.9448904991149902,
            -0.3273630440235138,
            0.0
          ],
          [
            -0.01735066995024681,
            0.32738059759140015,
            0.9447332620620728,
            0.0
          ],
          [
            0.0,
            0.0,
            0.0,
            1.0
          ]
        ],
        "rotation_mode": "QUATERNION"
      },
      "armature_space": {
        "head": {
          "x": 0.5709170699119568,
          "y": 0.12979081273078918,
          "z": 0.2571350336074829
        },
        "tail": {
          "x": 0.5938428640365601,
          "y": 0.1256951242685318,
          "z": 0.27674445509910583
        }
      },
      "world_space": {
        "head": {
          "x": 0.5709170699119568,
          "y": 0.1930348128080368,
          "z": 1.206989049911499
        },
        "tail": {
          "x": 0.5938428640365601,
          "y": 0.18893912434577942,
          "z": 1.2265985012054443
        },
        "rotation_quaternion": {
          "w": 0.6525969505310059,
          "x": 0.41363251209259033,
          "y": -0.08279004693031311,
          "z": -0.6294212937355042
        },
        "matrix": [
          [
            0.19394585490226746,
            0.7530267238616943,
            -0.6287578344345093,
            0.5709170699119568
          ],
          [
            -0.8900080919265747,
            -0.13452816009521484,
            -0.4356471598148346,
            0.1930348128080368
          ],
          [
            -0.4126430153846741,
            0.6440954208374023,
            0.6441125869750977,
            1.206989049911499
          ],
          [
            0.0,
            0.0,
            0.0,
            1.0
          ]
        ]
      },
      "bone_length_armature_space": 0.03044496818111019,
      "parent": "thumb_02_l",
      "has_children": false,
      "is_end_bone": true
    },
    "metacarpal_index_l": {
      "name": "metacarpal_index_l",
      "local": {
        "location": {
          "x": 0.0,
          "y": 0.0,
          "z": 0.0
        },
        "rotation_quaternion": {
          "w": 0.9998546242713928,
          "x": -0.012683607637882233,
          "y": 0.005831173155456781,
          "z": -0.009793401695787907
        },
        "scale": {
          "x": 1.0,
          "y": 1.0,
          "z": 1.0
        },
        "matrix_basis": [
          [
            0.9997401833534241,
            0.019436035305261612,
            0.011909082531929016,
            0.0
          ],
          [
            -0.019731877371668816,
            0.9994864463806152,
            0.025249313563108444,
            0.0
          ],
          [
            -0.011412219144403934,
            -0.025477740913629532,
            0.9996102452278137,
            0.0
          ],
          [
            0.0,
            0.0,
            0.0,
            1.0
          ]
        ],
        "rotation_mode": "QUATERNION"
      },
      "armature_space": {
        "head": {
          "x": 0.519119381904602,
          "y": 0.1554289162158966,
          "z": 0.3240690231323242
        },
        "tail": {
          "x": 0.5933042764663696,
          "y": 0.11125898361206055,
          "z": 0.24485453963279724
        }
      },
      "world_space": {
        "head": {
          "x": 0.519119381904602,
          "y": 0.21867291629314423,
          "z": 1.2739230394363403
        },
        "tail": {
          "x": 0.5933042764663696,
          "y": 0.17450298368930817,
          "z": 1.1947085857391357
        },
        "rotation_quaternion": {
          "w": 0.2128959447145462,
          "x": -0.7553110122680664,
          "y": -0.5159372687339783,
          "z": 0.3434959053993225
        },
        "matrix": [
          [
            0.2316364198923111,
            0.6331298351287842,
            -0.7385740280151367,
            0.519119381904602
          ],
          [
            0.9256445169448853,
            -0.3769674301147461,
            -0.032841891050338745,
            0.21867291629314423
          ],
          [
            -0.29921266436576843,
            -0.6760545372962952,
            -0.6733766794204712,
            1.2739230394363403
          ],
          [
            0.0,
            0.0,
            0.0,
            1.0
          ]
        ]
      },
      "bone_length_armature_space": 0.11717216272124224,
      "parent": "lowerarm_l",
      "has_children": true,
      "is_end_bone": false
    },
    "index_01_l": {
      "name": "index_01_l",
      "local": {
        "location": {
          "x": 0.0,
          "y": 0.0,
          "z": 0.0
        },
        "rotation_quaternion": {
          "w": 0.969693660736084,
          "x": 0.24298477172851562,
          "y": -0.0253283828496933,
          "z": 0.003357269335538149
        },
        "scale": {
          "x": 1.0,
          "y": 1.0,
          "z": 1.0
        },
        "matrix_basis": [
          [
            0.9986944198608398,
            -0.018819868564605713,
            -0.047490015625953674,
            0.0
          ],
          [
            -0.005797776859253645,
            0.8818942308425903,
            -0.47141164541244507,
            0.0
          ],
          [
            0.05075307562947273,
            0.4710715115070343,
            0.8806337714195251,
            0.0
          ],
          [
            0.0,
            0.0,
            0.0,
            1.0
          ]
        ],
        "rotation_mode": "QUATERNION"
      },
      "armature_space": {
        "head": {
          "x": 0.5933042764663696,
          "y": 0.11125898361206055,
          "z": 0.24485453963279724
        },
        "tail": {
          "x": 0.6039498448371887,
          "y": 0.10967809706926346,
          "z": 0.21844899654388428
        }
      },
      "world_space": {
        "head": {
          "x": 0.5933042764663696,
          "y": 0.17450298368930817,
          "z": 1.1947085857391357
        },
        "tail": {
          "x": 0.6039498448371887,
          "y": 0.17292210459709167,
          "z": 1.1683030128479004
        },
        "rotation_quaternion": {
          "w": 0.36794155836105347,
          "x": -0.5901435613632202,
          "y": -0.5804288387298584,
          "z": 0.42361781001091003
        },
        "matrix": [
          [
            -0.03270198032259941,
            0.3733397126197815,
            -0.9271184206008911,
            0.5933042764663696
          ],
          [
            0.9968062043190002,
            -0.055441781878471375,
            -0.05748564749956131,
            0.17450298368930817
          ],
          [
            -0.07286228984594345,
            -0.9260432720184326,
            -0.3703363835811615,
            1.1947085857391357
          ],
          [
            0.0,
            0.0,
            0.0,
            1.0
          ]
        ]
      },
      "bone_length_armature_space": 0.02851455799948566,
      "parent": "metacarpal_index_l",
      "has_children": true,
      "is_end_bone": false
    },
    "index_02_l": {
      "name": "index_02_l",
      "local": {
        "location": {
          "x": 0.0,
          "y": 0.0,
          "z": 0.0
        },
        "rotation_quaternion": {
          "w": 0.9133970737457275,
          "x": 0.4069775938987732,
          "y": 0.008617104962468147,
          "z": -0.0009799556573852897
        },
        "scale": {
          "x": 1.0,
          "y": 1.0,
          "z": 1.0
        },
        "matrix_basis": [
          [
            0.9998495578765869,
            0.008804114535450935,
            0.014944036491215229,
            0.0
          ],
          [
            0.005223759915679693,
            0.6687365770339966,
            -0.7434811592102051,
            0.0
          ],
          [
            -0.016539316624403,
            0.7434474229812622,
            0.6685899496078491,
            0.0
          ],
          [
            0.0,
            0.0,
            0.0,
            1.0
          ]
        ],
        "rotation_mode": "QUATERNION"
      },
      "armature_space": {
        "head": {
          "x": 0.6039496660232544,
          "y": 0.10967782139778137,
          "z": 0.21844854950904846
        },
        "tail": {
          "x": 0.5935238003730774,
          "y": 0.10715258121490479,
          "z": 0.19514569640159607
        }
      },
      "world_space": {
        "head": {
          "x": 0.6039496660232544,
          "y": 0.172921821475029,
          "z": 1.1683025360107422
        },
        "tail": {
          "x": 0.5935238003730774,
          "y": 0.1703965812921524,
          "z": 1.1449997425079346
        },
        "rotation_quaternion": {
          "w": 0.5537886619567871,
          "x": -0.3868504464626312,
          "y": -0.3796035349369049,
          "z": 0.6321123838424683
        },
        "matrix": [
          [
            -0.08732704073190689,
            -0.406413733959198,
            -0.9095067381858826,
            0.6039496660232544
          ],
          [
            0.9938135743141174,
            -0.09843739122152328,
            -0.05143487825989723,
            0.172921821475029
          ],
          [
            -0.06862509250640869,
            -0.9083775877952576,
            0.41249847412109375,
            1.1683025360107422
          ],
          [
            0.0,
            0.0,
            0.0,
            1.0
          ]
        ]
      },
      "bone_length_armature_space": 0.02565342955102829,
      "parent": "index_01_l",
      "has_children": true,
      "is_end_bone": false
    },
    "index_03_l": {
      "name": "index_03_l",
      "local": {
        "location": {
          "x": 0.0,
          "y": 0.0,
          "z": 0.0
        },
        "rotation_quaternion": {
          "w": 0.9582285284996033,
          "x": 0.28599151968955994,
          "y": -0.002573407255113125,
          "z": 0.0006149258697405457
        },
        "scale": {
          "x": 1.0,
          "y": 1.0,
          "z": 1.0
        },
        "matrix_basis": [
          [
            0.9999859929084778,
            -0.0026504243724048138,
            -0.004580097272992134,
            0.0
          ],
          [
            -0.00029346629162319005,
            0.8364169597625732,
            -0.5480936169624329,
            0.0
          ],
          [
            0.0052835517562925816,
            0.5480872988700867,
            0.8364044427871704,
            0.0
          ],
          [
            0.0,
            0.0,
            0.0,
            1.0
          ]
        ],
        "rotation_mode": "QUATERNION"
      },
      "armature_space": {
        "head": {
          "x": 0.5935239791870117,
          "y": 0.10715256631374359,
          "z": 0.1951456516981125
        },
        "tail": {
          "x": 0.5675718784332275,
          "y": 0.10718000680208206,
          "z": 0.18172094225883484
        }
      },
      "world_space": {
        "head": {
          "x": 0.5935239791870117,
          "y": 0.1703965663909912,
          "z": 1.144999623298645
        },
        "tail": {
          "x": 0.5675718784332275,
          "y": 0.17042401432991028,
          "z": 1.1315749883651733
        },
        "rotation_quaternion": {
          "w": 0.6892441511154175,
          "x": -0.17492054402828217,
          "y": -0.15941296517848969,
          "z": 0.6847867965698242
        },
        "matrix": [
          [
            0.011307455599308014,
            -0.8882016539573669,
            -0.45931529998779297,
            0.5935239791870117
          ],
          [
            0.9997401237487793,
            0.0009391307830810547,
            0.02279588207602501,
            0.1703965663909912
          ],
          [
            -0.019815171137452126,
            -0.45945656299591064,
            0.8879871964454651,
            1.144999623298645
          ],
          [
            0.0,
            0.0,
            0.0,
            1.0
          ]
        ]
      },
      "bone_length_armature_space": 0.02921874579510793,
      "parent": "index_02_l",
      "has_children": false,
      "is_end_bone": true
    },
    "metacarpal_pinky_l": {
      "name": "metacarpal_pinky_l",
      "local": {
        "location": {
          "x": 0.0,
          "y": 0.0,
          "z": 0.0
        },
        "rotation_quaternion": {
          "w": 0.9993231892585754,
          "x": -0.035337526351213455,
          "y": 0.00888700783252716,
          "z": -0.005044459830969572
        },
        "scale": {
          "x": 1.0,
          "y": 1.0,
          "z": 1.0
        },
        "matrix_basis": [
          [
            0.999791145324707,
            0.009454001672565937,
            0.01811850257217884,
            0.0
          ],
          [
            -0.01071018073707819,
            0.9974516034126282,
            0.07053755968809128,
            0.0
          ],
          [
            -0.017405468970537186,
            -0.07071688026189804,
            0.9973445534706116,
            0.0
          ],
          [
            0.0,
            0.0,
            0.0,
            1.0
          ]
        ],
        "rotation_mode": "QUATERNION"
      },
      "armature_space": {
        "head": {
          "x": 0.519119381904602,
          "y": 0.1554289162158966,
          "z": 0.3240690231323242
        },
        "tail": {
          "x": 0.6074216961860657,
          "y": 0.17062239348888397,
          "z": 0.2710113525390625
        }
      },
      "world_space": {
        "head": {
          "x": 0.519119381904602,
          "y": 0.21867291629314423,
          "z": 1.2739230394363403
        },
        "tail": {
          "x": 0.6074216961860657,
          "y": 0.2338663935661316,
          "z": 1.2208653688430786
        },
        "rotation_quaternion": {
          "w": 0.5941951274871826,
          "x": 0.08280202746391296,
          "y": 0.4689190685749054,
          "z": -0.6482213139533997
        },
        "matrix": [
          [
            -0.28014907240867615,
            0.8479946255683899,
            0.4499132037162781,
            0.519119381904602
          ],
          [
            -0.6926879286766052,
            0.14590772986412048,
            -0.7063252925872803,
            0.21867291629314423
          ],
          [
            -0.6646108031272888,
            -0.5095292329788208,
            0.5465223789215088,
            1.2739230394363403
          ],
          [
            0.0,
            0.0,
            0.0,
            1.0
          ]
        ]
      },
      "bone_length_armature_space": 0.10413095919593464,
      "parent": "lowerarm_l",
      "has_children": true,
      "is_end_bone": false
    },
    "pinky_01_l": {
      "name": "pinky_01_l",
      "local": {
        "location": {
          "x": 0.0,
          "y": 0.0,
          "z": 0.0
        },
        "rotation_quaternion": {
          "w": 0.9471244215965271,
          "x": 0.3205254077911377,
          "y": 0.006571199744939804,
          "z": -0.013258425518870354
        },
        "scale": {
          "x": 1.0,
          "y": 1.0,
          "z": 1.0
        },
        "matrix_basis": [
          [
            0.9995620846748352,
            0.029327230527997017,
            0.003948163241147995,
            0.0
          ],
          [
            -0.020902283489704132,
            0.7941753268241882,
            -0.6073291301727295,
            0.0
          ],
          [
            -0.020946811884641647,
            0.6069806218147278,
            0.7944405674934387,
            0.0
          ],
          [
            0.0,
            0.0,
            0.0,
            1.0
          ]
        ],
        "rotation_mode": "QUATERNION"
      },
      "armature_space": {
        "head": {
          "x": 0.6074216961860657,
          "y": 0.17062239348888397,
          "z": 0.2710113525390625
        },
        "tail": {
          "x": 0.6126968860626221,
