{
  "metadata": {
    "armature_name": "KIM_caucasian_male",
    "export_time": "2026-01-13T21:12:37.088509",
    "blender_version": "4.4.1",
    "bone_count": 56,
    "end_bone_count": 13,
    "spaces_included": [
      "LOCAL_CHANNELS",
      "ARMATURE_SPACE",
      "WORLD_SPACE"
    ],
    "note": "LOCAL matches Transform panel; replay pose via local.matrix_basis for best fidelity."
  },
  "bones": {
    "Root": {
      "name": "Root",
      "local": {
        "location": {
          "x": 0.0,
          "y": 0.0,
          "z": 0.0
        },
        "rotation_quaternion": {
          "w": 0.9998365640640259,
          "x": -0.007238679099828005,
          "y": -0.015157565474510193,
          "z": 0.006689572241157293
        },
        "scale": {
          "x": 1.0,
          "y": 1.0,
          "z": 1.0
        },
        "matrix_basis": [
          [
            0.9994509816169739,
            -0.013157516717910767,
            -0.030407024547457695,
            0.0
          ],
          [
            0.013596399687230587,
            0.9998056888580322,
            0.014272197149693966,
            0.0
          ],
          [
            0.030213329941034317,
            -0.014677787199616432,
            0.9994357228279114,
            0.0
          ],
          [
            0.0,
            0.0,
            0.0,
            1.0
          ]
        ],
        "rotation_mode": "QUATERNION"
      },
      "armature_space": {
        "head": {
          "x": 0.0,
          "y": 0.07072800397872925,
          "z": -0.009595036506652832
        },
        "tail": {
          "x": -0.00093912921147421,
          "y": 0.00015457719564437866,
          "z": 0.0010362733155488968
        }
      },
      "world_space": {
        "head": {
          "x": 0.0,
          "y": 0.13397200405597687,
          "z": 0.9402589797973633
        },
        "tail": {
          "x": -0.00093912921147421,
          "y": 0.063398577272892,
          "z": 0.950890302658081
        },
        "rotation_quaternion": {
          "w": 0.07457887381315231,
          "x": 0.9970775246620178,
          "y": -0.007695508189499378,
          "z": -0.014672468416392803
        },
        "matrix": [
          [
            0.9994509816169739,
            -0.013157516717910767,
            -0.030407024547457695,
            0.0
          ],
          [
            -0.01753455586731434,
            -0.9887574911117554,
            -0.14849647879600525,
            0.13397200405597687
          ],
          [
            -0.028111541643738747,
            0.14894823729991913,
            -0.9884524345397949,
            0.9402589797973633
          ],
          [
            0.0,
            0.0,
            0.0,
            1.0
          ]
        ]
      },
      "bone_length_armature_space": 0.07137587173781071,
      "parent": null,
      "has_children": true,
      "is_end_bone": false
    },
    "spine_01": {
      "name": "spine_01",
      "local": {
        "location": {
          "x": 0.0,
          "y": 0.0,
          "z": 0.0
        },
        "rotation_quaternion": {
          "w": 0.9970938563346863,
          "x": 0.023622708395123482,
          "y": 0.050526417791843414,
          "z": -0.051892898976802826
        },
        "scale": {
          "x": 1.0,
          "y": 1.0,
          "z": 1.0
        },
        "matrix_basis": [
          [
            0.9895083904266357,
            0.10587131977081299,
            0.09830746054649353,
            0.0
          ],
          [
            -0.10109703987836838,
            0.9934982061386108,
            -0.05235204100608826,
            0.0
          ],
          [
            -0.10321086645126343,
            0.04186419025063515,
            0.9937781095504761,
            0.0
          ],
          [
            0.0,
            0.0,
            0.0,
            1.0
          ]
        ],
        "rotation_mode": "QUATERNION"
      },
      "armature_space": {
        "head": {
          "x": -0.00093912921147421,
          "y": 0.00015457719564437866,
          "z": 0.0010362733155488968
        },
        "tail": {
          "x": 0.06449929624795914,
          "y": 0.008405853062868118,
          "z": 0.4845631718635559
        }
      },
      "world_space": {
        "head": {
          "x": -0.00093912921147421,
          "y": 0.063398577272892,
          "z": 0.950890302658081
        },
        "tail": {
          "x": 0.06449929624795914,
          "y": 0.07164984941482544,
          "z": 1.4344172477722168
        },
        "rotation_quaternion": {
          "w": 0.7089774012565613,
          "x": 0.700839102268219,
          "y": 0.07618987560272217,
          "z": -0.01925387978553772
        },
        "matrix": [
          [
            0.9876488447189331,
            0.13409480452537537,
            0.08104519546031952,
            -0.00093912921147421
          ],
          [
            0.07949161529541016,
            0.01690831035375595,
            -0.9966921806335449,
            0.063398577272892
          ],
          [
            -0.13502246141433716,
            0.9908313155174255,
            0.00603918731212616,
            0.950890302658081
          ],
          [
            0.0,
            0.0,
            0.0,
            1.0
          ]
        ]
      },
      "bone_length_armature_space": 0.48800463294673263,
      "parent": "Root",
      "has_children": true,
      "is_end_bone": false
    },
    "neck_01": {
      "name": "neck_01",
      "local": {
        "location": {
          "x": 0.0,
          "y": 0.0,
          "z": 0.0
        },
        "rotation_quaternion": {
          "w": 0.9963613748550415,
          "x": 0.0032814552541822195,
          "y": -0.07109130173921585,
          "z": -0.04689750075340271
        },
        "scale": {
          "x": 1.0,
          "y": 1.0,
          "z": 1.0
        },
        "matrix_basis": [
          [
            0.9854933023452759,
            0.09298714995384216,
            -0.14197303354740143,
            0.0
          ],
          [
            -0.0939202830195427,
            0.995579719543457,
            0.00012897822307422757,
            0.0
          ],
          [
            0.14135746657848358,
            0.01320703886449337,
            0.9898704886436462,
            0.0
          ],
          [
            0.0,
            0.0,
            0.0,
            1.0
          ]
        ],
        "rotation_mode": "QUATERNION"
      },
      "armature_space": {
        "head": {
          "x": 0.07712820172309875,
          "y": -0.024921871721744537,
          "z": 0.5573197603225708
        },
        "tail": {
          "x": 0.10237747430801392,
          "y": -0.06248784437775612,
          "z": 0.6493089199066162
        }
      },
      "world_space": {
        "head": {
          "x": 0.07712820172309875,
          "y": 0.03832212835550308,
          "z": 1.507173776626587
        },
        "tail": {
          "x": 0.10237747430801392,
          "y": 0.0007561556994915009,
          "z": 1.5991629362106323
        },
        "rotation_quaternion": {
          "w": 0.5585903525352478,
          "x": 0.8179014921188354,
          "y": 0.06903765350580215,
          "z": -0.11936378479003906
        },
        "matrix": [
          [
            0.9619722962379456,
            0.24628306925296783,
            -0.11812682449817657,
            0.07712820172309875
          ],
          [
            -0.020417705178260803,
            -0.36642101407051086,
            -0.9302252531051636,
            0.03832212835550308
          ],
          [
            -0.27238479256629944,
            0.8972687125205994,
            -0.34746161103248596,
            1.507173776626587
          ],
          [
            0.0,
            0.0,
            0.0,
            1.0
          ]
        ]
      },
      "bone_length_armature_space": 0.10252186738888319,
      "parent": "spine_01",
      "has_children": true,
      "is_end_bone": false
    },
    "head": {
      "name": "head",
      "local": {
        "location": {
          "x": 0.0,
          "y": 0.0,
          "z": 0.0
        },
        "rotation_quaternion": {
          "w": 0.9856421947479248,
          "x": 0.01725514605641365,
          "y": 0.04829882085323334,
          "z": -0.16086964309215546
        },
        "scale": {
          "x": 1.0,
          "y": 1.0,
          "z": 1.0
        },
        "matrix_basis": [
          [
            0.9435763359069824,
            0.31878662109375,
            0.08965905010700226,
            0.0
          ],
          [
            -0.31545302271842957,
            0.94764643907547,
            -0.049554429948329926,
            0.0
          ],
          [
            -0.10076236724853516,
            0.01847517117857933,
            0.9947389960289001,
            0.0
          ],
          [
            0.0,
            0.0,
            0.0,
            1.0
          ]
        ],
        "rotation_mode": "QUATERNION"
      },
      "armature_space": {
        "head": {
          "x": 0.10237743705511093,
          "y": -0.06248796358704567,
          "z": 0.6493088006973267
        },
        "tail": {
          "x": 0.18980979919433594,
          "y": -0.06729742139577866,
          "z": 0.7773152589797974
        }
      },
      "world_space": {
        "head": {
          "x": 0.10237743705511093,
          "y": 0.0007560364902019501,
          "z": 1.5991628170013428
        },
        "tail": {
          "x": 0.18980979919433594,
          "y": -0.004053421318531036,
          "z": 1.7271692752838135
        },
        "rotation_quaternion": {
          "w": 0.656247615814209,
          "x": 0.693964421749115,
          "y": 0.23202121257781982,
          "z": -0.1841701716184616
        },
        "matrix": [
          [
            0.8244946002960205,
            0.5637516975402832,
            0.04891408234834671,
            0.10237743705511093
          ],
          [
            0.08030959218740463,
            -0.03101073019206524,
            -0.9962875247001648,
            0.0007560364902019501
          ],
          [
            -0.5601457953453064,
            0.8253679275512695,
            -0.07084425538778305,
            1.5991628170013428
          ],
          [
            0.0,
            0.0,
            0.0,
            1.0
          ]
        ]
      },
      "bone_length_armature_space": 0.15509095084163746,
      "parent": "neck_01",
      "has_children": false,
      "is_end_bone": true
    },
    "upperarm_l": {
      "name": "upperarm_l",
      "local": {
        "location": {
          "x": 0.0,
          "y": 0.0,
          "z": 0.0
        },
        "rotation_quaternion": {
          "w": 0.976192057132721,
          "x": 0.05412701889872551,
          "y": -0.20980803668498993,
          "z": -0.00999374222010374
        },
        "scale": {
          "x": 1.0,
          "y": 1.0,
          "z": 1.0
        },
        "matrix_basis": [
          [
            0.9117614030838013,
            -0.0032009435817599297,
            -0.4107077419757843,
            0.0
          ],
          [
            -0.04222419112920761,
            0.9939407706260681,
            -0.10148319602012634,
            0.0
          ],
          [
            0.40854400396347046,
            0.10987026989459991,
            0.9061017036437988,
            0.0
          ],
          [
            0.0,
            0.0,
            0.0,
            1.0
          ]
        ],
        "rotation_mode": "QUATERNION"
      },
      "armature_space": {
        "head": {
          "x": 0.21652178466320038,
          "y": -0.017313074320554733,
          "z": 0.4704941213130951
        },
        "tail": {
          "x": 0.48122894763946533,
          "y": -0.015108296647667885,
          "z": 0.42886582016944885
        }
      },
      "world_space": {
        "head": {
          "x": 0.21652178466320038,
          "y": 0.045930925756692886,
          "z": 1.4203481674194336
        },
        "tail": {
          "x": 0.48122894763946533,
          "y": 0.048135705292224884,
          "z": 1.3787198066711426
        },
        "rotation_quaternion": {
          "w": 0.5633516907691956,
          "x": 0.3365987539291382,
          "y": 0.4321434497833252,
          "z": -0.6185373067855835
        },
        "matrix": [
          [
            -0.13867104053497314,
            0.987825870513916,
            0.07050123065710068,
            0.21652178466320038
          ],
          [
            -0.4059915244579315,
            0.008227720856666565,
            -0.9138399362564087,
            0.045930925756692886
          ],
          [
            -0.903301477432251,
            -0.15534718334674835,
            0.3999099135398865,
            1.4203481674194336
          ],
          [
            0.0,
            0.0,
            0.0,
            1.0
          ]
        ]
      },
      "bone_length_armature_space": 0.26796949135013953,
      "parent": "spine_01",
      "has_children": true,
      "is_end_bone": false
    },
    "lowerarm_l": {
      "name": "lowerarm_l",
      "local": {
        "location": {
          "x": 0.0,
          "y": 0.0,
          "z": 0.0
        },
        "rotation_quaternion": {
          "w": 0.9911881685256958,
          "x": 0.06327079236507416,
          "y": 0.09888795763254166,
          "z": -0.06135151907801628
        },
        "scale": {
          "x": 1.0,
          "y": 1.0,
          "z": 1.0
        },
        "matrix_basis": [
          [
            0.9729143381118774,
            0.13413523137569427,
            0.18826963007450104,
            0.0
          ],
          [
            -0.10910835862159729,
            0.9844655990600586,
            -0.13756036758422852,
            0.0
          ],
          [
            -0.20379666984081268,
            0.11329267174005508,
            0.9724359512329102,
            0.0
          ],
          [
            0.0,
            0.0,
            0.0,
            1.0
          ]
        ],
        "rotation_mode": "QUATERNION"
      },
      "armature_space": {
        "head": {
          "x": 0.4812290668487549,
          "y": -0.015108293853700161,
          "z": 0.4288659393787384
        },
        "tail": {
          "x": 0.7400404214859009,
          "y": -0.07784214615821838,
          "z": 0.40336140990257263
        }
      },
      "world_space": {
        "head": {
          "x": 0.4812290668487549,
          "y": 0.048135705292224884,
          "z": 1.3787199258804321
        },
        "tail": {
          "x": 0.7400404214859009,
          "y": -0.014598146080970764,
          "z": 1.3532154560089111
        },
        "rotation_quaternion": {
          "w": 0.48997411131858826,
          "x": 0.41634243726730347,
          "y": 0.3777247369289398,
          "z": -0.666264533996582
        },
        "matrix": [
          [
            -0.17316776514053345,
            0.9674306511878967,
            -0.18463657796382904,
            0.4812290668487549
          ],
          [
            -0.33838024735450745,
            -0.23449760675430298,
            -0.9113231897354126,
            0.048135705292224884
          ],
          [
            -0.9249457120895386,
            -0.09533533453941345,
            0.3679686188697815,
            1.3787199258804321
          ],
          [
            0.0,
            0.0,
            0.0,
            1.0
          ]
        ]
      },
      "bone_length_armature_space": 0.2675244601020118,
      "parent": "upperarm_l",
      "has_children": true,
      "is_end_bone": false
    },
    "metacarpal_thumb_l": {
      "name": "metacarpal_thumb_l",
      "local": {
        "location": {
          "x": 0.0,
          "y": 0.0,
          "z": 0.0
        },
        "rotation_quaternion": {
          "w": 0.999500572681427,
          "x": -0.030089106410741806,
          "y": -0.006618386134505272,
          "z": -0.007037235423922539
        },
        "scale": {
          "x": 1.0,
          "y": 1.0,
          "z": 1.0
        },
        "matrix_basis": [
          [
            0.9998133778572083,
            0.014465724118053913,
            -0.012806673534214497,
            0.0
          ],
          [
            -0.013669159263372421,
            0.9980902671813965,
            0.06024130806326866,
            0.0
          ],
          [
            0.01365364994853735,
            -0.06005500629544258,
            0.9981017112731934,
            0.0
          ],
          [
            0.0,
            0.0,
            0.0,
            1.0
          ]
        ],
        "rotation_mode": "QUATERNION"
      },
      "armature_space": {
        "head": {
          "x": 0.7400404214859009,
          "y": -0.07784214615821838,
          "z": 0.40336140990257263
        },
        "tail": {
          "x": 0.7723243236541748,
          "y": -0.11539539694786072,
          "z": 0.40440425276756287
        }
      },
      "world_space": {
        "head": {
          "x": 0.7400404214859009,
          "y": -0.014598146080970764,
          "z": 1.3532154560089111
        },
        "tail": {
          "x": 0.7723243236541748,
          "y": -0.0521513968706131,
          "z": 1.3542582988739014
        },
        "rotation_quaternion": {
          "w": 0.08609497547149658,
          "x": 0.9154185652732849,
          "y": 0.33692657947540283,
          "z": -0.20267511904239655
        },
        "matrix": [
          [
            0.6908063292503357,
            0.6517564058303833,
            -0.3130491077899933,
            0.7400404214859009
          ],
          [
            0.5819590091705322,
            -0.7581358551979065,
            -0.2942003011703491,
            -0.014598146080970764
          ],
          [
            -0.4290832281112671,
            0.021053150296211243,
            -0.9030274748802185,
            1.3532154560089111
          ],
          [
            0.0,
            0.0,
            0.0,
            1.0
          ]
        ]
      },
      "bone_length_armature_space": 0.04953366962098477,
      "parent": "lowerarm_l",
      "has_children": true,
      "is_end_bone": false
    },
    "thumb_01_l": {
      "name": "thumb_01_l",
      "local": {
        "location": {
          "x": 0.0,
          "y": 0.0,
          "z": 0.0
        },
        "rotation_quaternion": {
          "w": 0.9795652031898499,
          "x": 0.2002803385257721,
          "y": -0.003203397383913398,
          "z": -0.018153639510273933
        },
        "scale": {
          "x": 1.0,
          "y": 1.0,
          "z": 1.0
        },
        "matrix_basis": [
          [
            0.999320387840271,
            0.03428219258785248,
            -0.013547507114708424,
            0.0
          ],
          [
            -0.03684850037097931,
            0.9191164374351501,
            -0.39225900173187256,
            0.0
          ],
          [
            -0.0009957608999684453,
            0.3924916088581085,
            0.9197550415992737,
            0.0
          ],
          [
            0.0,
            0.0,
            0.0,
            1.0
          ]
        ],
        "rotation_mode": "QUATERNION"
      },
      "armature_space": {
        "head": {
          "x": 0.7723243236541748,
          "y": -0.11539539694786072,
          "z": 0.40440425276756287
        },
        "tail": {
          "x": 0.7862378358840942,
          "y": -0.13398851454257965,
          "z": 0.3795176148414612
        }
      },
      "world_space": {
        "head": {
          "x": 0.7723243236541748,
          "y": -0.0521513968706131,
          "z": 1.3542582988739014
        },
        "tail": {
          "x": 0.7862378358840942,
          "y": -0.07074451446533203,
          "z": 1.329371690750122
        },
        "rotation_quaternion": {
          "w": 0.47587189078330994,
          "x": -0.7853926420211792,
          "y": -0.02070101723074913,
          "z": -0.39531761407852173
        },
        "matrix": [
          [
            0.686592161655426,
            0.40875664353370667,
            0.6012560725212097,
            0.7723243236541748
          ],
          [
            -0.3437221050262451,
            -0.5462364554405212,
            0.7638591527938843,
            -0.0521513968706131
          ],
          [
            0.6406649351119995,
            -0.7311305999755859,
            -0.23454400897026062,
            1.3542582988739014
          ],
          [
            0.0,
            0.0,
            0.0,
            1.0
          ]
        ]
      },
      "bone_length_armature_space": 0.034038722187323706,
      "parent": "metacarpal_thumb_l",
      "has_children": true,
      "is_end_bone": false
    },
    "thumb_02_l": {
      "name": "thumb_02_l",
      "local": {
        "location": {
          "x": 0.0,
          "y": 0.0,
          "z": 0.0
        },
        "rotation_quaternion": {
          "w": 0.9453391432762146,
          "x": 0.32593101263046265,
          "y": 0.009991459548473358,
          "z": -0.001759396051056683
        },
        "scale": {
          "x": 1.0,
          "y": 1.0,
          "z": 1.0
        },
        "matrix_basis": [
          [
            0.9997941255569458,
            0.009839504957199097,
            0.017743751406669617,
            0.0
          ],
          [
            0.0031866012141108513,
            0.7875317335128784,
            -0.6162658333778381,
            0.0
          ],
          [
            -0.020037518814206123,
            0.616195559501648,
            0.7873383164405823,
            0.0
          ],
          [
            0.0,
            0.0,
            0.0,
            1.0
          ]
        ],
        "rotation_mode": "QUATERNION"
      },
      "armature_space": {
        "head": {
          "x": 0.7862377762794495,
          "y": -0.13398852944374084,
          "z": 0.3795175850391388
        },
        "tail": {
          "x": 0.819831371307373,
          "y": -0.11771964281797409,
          "z": 0.3943491578102112
        }
      },
      "world_space": {
        "head": {
          "x": 0.7862377762794495,
          "y": -0.07074452936649323,
          "z": 1.3293715715408325
        },
        "tail": {
          "x": 0.819831371307373,
          "y": -0.05447564274072647,
          "z": 1.344203233718872
        },
        "rotation_quaternion": {
          "w": 0.7220436334609985,
          "x": -0.06362022459506989,
          "y": -0.4256562292575836,
          "z": -0.5416848659515381
        },
        "matrix": [
          [
            0.05078648775815964,
            0.8364024758338928,
            -0.5457574129104614,
            0.7862377762794495
          ],
          [
            -0.7280786633491516,
            0.4050574004650116,
            0.5530189275741577,
            -0.07074452936649323
          ],
          [
            0.6836138963699341,
            0.3692716062068939,
            0.6295434236526489,
            1.3293715715408325
          ],
          [
            0.0,
            0.0,
            0.0,
            1.0
          ]
        ]
      },
      "bone_length_armature_space": 0.040164435571159125,
      "parent": "thumb_01_l",
      "has_children": true,
      "is_end_bone": false
    },
    "thumb_03_l": {
      "name": "thumb_03_l",
      "local": {
        "location": {
          "x": 0.0,
          "y": 0.0,
          "z": 0.0
        },
        "rotation_quaternion": {
          "w": 0.9864069819450378,
          "x": 0.16425064206123352,
          "y": -0.0047981105744838715,
          "z": -5.221553874434903e-05
        },
        "scale": {
          "x": 1.0,
          "y": 1.0,
          "z": 1.0
        },
        "matrix_basis": [
          [
            0.9999539256095886,
            -0.0014731739647686481,
            -0.009482932277023792,
            0.0
          ],
          [
            -0.0016791970701888204,
            0.9460434317588806,
            -0.3240354657173157,
            0.0
          ],
          [
            0.009448627009987831,
            0.32403644919395447,
            0.945997416973114,
            0.0
          ],
          [
            0.0,
            0.0,
            0.0,
            1.0
          ]
        ],
        "rotation_mode": "QUATERNION"
      },
      "armature_space": {
        "head": {
          "x": 0.8198314309120178,
          "y": -0.11771972477436066,
          "z": 0.3943491578102112
        },
        "tail": {
          "x": 0.8319373726844788,
          "y": -0.09753940999507904,
          "z": 0.41366490721702576
        }
      },
      "world_space": {
        "head": {
          "x": 0.8198314309120178,
          "y": -0.05447572469711304,
          "z": 1.344203233718872
        },
        "tail": {
          "x": 0.8319373726844788,
          "y": -0.03429540991783142,
          "z": 1.3635189533233643
        },
        "rotation_quaternion": {
          "w": 0.8178919553756714,
          "x": 0.21567098796367645,
          "y": -0.40308383107185364,
          "z": -0.34937405586242676
        },
        "matrix": [
          [
            0.43092140555381775,
            0.39763545989990234,
            -0.8100570440292358,
            0.8198314309120178
          ],
          [
            -0.7453677654266357,
            0.6628475189208984,
            -0.07113517820835114,
            -0.05447572469711304
          ],
          [
            0.5086615085601807,
            0.6344493627548218,
            0.5820240378379822,
            1.344203233718872
          ],
          [
            0.0,
            0.0,
            0.0,
            1.0
          ]
        ]
      },
      "bone_length_armature_space": 0.030444984880336014,
      "parent": "thumb_02_l",
      "has_children": false,
      "is_end_bone": true
    },
    "metacarpal_index_l": {
      "name": "metacarpal_index_l",
      "local": {
        "location": {
          "x": 0.0,
          "y": 0.0,
          "z": 0.0
        },
        "rotation_quaternion": {
          "w": 0.9983634352684021,
          "x": -0.05478854849934578,
          "y": 0.015626687556505203,
          "z": -0.004954695235937834
        },
        "scale": {
          "x": 1.0,
          "y": 1.0,
          "z": 1.0
        },
        "matrix_basis": [
          [
            0.9994625449180603,
            0.008180846460163593,
            0.031745146960020065,
            0.0
          ],
          [
            -0.011605500243604183,
            0.9939473271369934,
            0.10924291610717773,
            0.0
          ],
          [
            -0.030659304931759834,
            -0.10955261439085007,
            0.9935080409049988,
            0.0
          ],
          [
            0.0,
            0.0,
            0.0,
            1.0
          ]
        ],
        "rotation_mode": "QUATERNION"
      },
      "armature_space": {
        "head": {
          "x": 0.7400404214859009,
          "y": -0.07784214615821838,
          "z": 0.40336140990257263
        },
        "tail": {
          "x": 0.8456441760063171,
          "y": -0.12851539254188538,
          "z": 0.4064091444015503
        }
      },
      "world_space": {
        "head": {
          "x": 0.7400404214859009,
          "y": -0.014598146080970764,
          "z": 1.3532154560089111
        },
        "tail": {
          "x": 0.8456441760063171,
          "y": -0.06527139246463776,
          "z": 1.3562631607055664
        },
        "rotation_quaternion": {
          "w": 0.2609706521034241,
          "x": 0.7494432926177979,
          "y": 0.4643903076648712,
          "z": -0.39315491914749146
        },
        "matrix": [
          [
            0.25954070687294006,
            0.9012730717658997,
            -0.34690821170806885,
            0.7400404214859009
          ],
          [
            0.49086475372314453,
            -0.43246990442276,
            -0.7563213109970093,
            -0.014598146080970764
          ],
          [
            -0.8316848278045654,
            0.026010915637016296,
            -0.5546513795852661,
            1.3532154560089111
          ],
          [
            0.0,
            0.0,
            0.0,
            1.0
          ]
        ]
      },
      "bone_length_armature_space": 0.11717175199231675,
      "parent": "lowerarm_l",
      "has_children": true,
      "is_end_bone": false
    },
    "index_01_l": {
      "name": "index_01_l",
      "local": {
        "location": {
          "x": 0.0,
          "y": 0.0,
          "z": 0.0
        },
        "rotation_quaternion": {
          "w": 0.9780020713806152,
          "x": 0.20823629200458527,
          "y": 0.0014315835433080792,
          "z": 0.01215207390487194
        },
        "scale": {
          "x": 1.0,
          "y": 1.0,
          "z": 1.0
        },
        "matrix_basis": [
          [
            0.9997005462646484,
            -0.023173291236162186,
            0.007861188612878323,
            0.0
          ],
          [
            0.02436572127044201,
            0.9129799604415894,
            -0.4072762429714203,
            0.0
          ],
          [
            0.0022608223371207714,
            0.40734583139419556,
            0.9132711887359619,
            0.0
          ],
          [
            0.0,
            0.0,
            0.0,
            1.0
          ]
        ],
        "rotation_mode": "QUATERNION"
      },
      "armature_space": {
        "head": {
          "x": 0.8456441760063171,
          "y": -0.12851539254188538,
          "z": 0.4064091444015503
        },
        "tail": {
          "x": 0.8684676289558411,
          "y": -0.14136549830436707,
          "z": 0.395138144493103
        }
      },
      "world_space": {
        "head": {
          "x": 0.8456441760063171,
          "y": -0.06527139246463776,
          "z": 1.3562631607055664
        },
        "tail": {
          "x": 0.8684676289558411,
          "y": -0.07812149822711945,
          "z": 1.3449921607971191
        },
        "rotation_quaternion": {
          "w": 0.09233928471803665,
          "x": 0.6852375268936157,
          "y": 0.5158924460411072,
          "z": -0.505744993686676
        },
        "matrix": [
          [
            -0.04384823143482208,
            0.8004200458526611,
            -0.597833514213562,
            0.8456441760063171
          ],
          [
            0.6136168837547302,
            -0.4506538212299347,
            -0.648371696472168,
            -0.06527139246463776
          ],
          [
            -0.7883906364440918,
            -0.39527395367622375,
            -0.471394807100296,
            1.3562631607055664
          ],
          [
            0.0,
            0.0,
            0.0,
            1.0
          ]
        ]
      },
      "bone_length_armature_space": 0.028514394341654918,
      "parent": "metacarpal_index_l",
      "has_children": true,
      "is_end_bone": false
    },
    "index_02_l": {
      "name": "index_02_l",
      "local": {
        "location": {
          "x": 0.0,
          "y": 0.0,
          "z": 0.0
        },
        "rotation_quaternion": {
          "w": 0.8990944623947144,
          "x": 0.4377249479293823,
          "y": 0.005067909136414528,
          "z": 0.0005751752760261297
        },
        "scale": {
          "x": 1.0,
          "y": 1.0,
          "z": 1.0
        },
        "matrix_basis": [
          [
            0.9999479651451111,
            0.0034024266060441732,
            0.009616594761610031,
            0.0
          ],
          [
            0.005470974370837212,
            0.6167930960655212,
            -0.7871063351631165,
            0.0
          ],
          [
            -0.008609521202743053,
            0.7871179580688477,
            0.6167423725128174,
            0.0
          ],
          [
            0.0,
            0.0,
            0.0,
            1.0
          ]
        ],
        "rotation_mode": "QUATERNION"
      },
      "armature_space": {
        "head": {
          "x": 0.8684678077697754,
          "y": -0.14136603474617004,
          "z": 0.39513805508613586
        },
        "tail": {
          "x": 0.8700246810913086,
          "y": -0.16197331249713898,
          "z": 0.3799390196800232
        }
      },
      "world_space": {
        "head": {
          "x": 0.8684678077697754,
          "y": -0.07812203466892242,
          "z": 1.3449920415878296
        },
        "tail": {
          "x": 0.8700246810913086,
          "y": -0.09872931241989136,
          "z": 1.3297929763793945
        },
        "rotation_quaternion": {
          "w": 0.1884707361459732,
          "x": -0.6450281143188477,
          "y": -0.2506570518016815,
          "z": 0.696841835975647
        },
        "matrix": [
          [
            -0.0968361496925354,
            0.060689836740493774,
            -0.9934482574462891,
            0.8684678077697754
          ],
          [
            0.5860298871994019,
            -0.8033004999160767,
            -0.10619691014289856,
            -0.07812203466892242
          ],
          [
            -0.8044874668121338,
            -0.5924789905548096,
            0.042222678661346436,
            1.3449920415878296
          ],
          [
            0.0,
            0.0,
            0.0,
            1.0
          ]
        ]
      },
      "bone_length_armature_space": 0.025653351283664468,
      "parent": "index_01_l",
      "has_children": true,
      "is_end_bone": false
    },
    "index_03_l": {
      "name": "index_03_l",
      "local": {
        "location": {
          "x": 0.0,
          "y": 0.0,
          "z": 0.0
        },
        "rotation_quaternion": {
          "w": 0.9659243822097778,
          "x": 0.25873643159866333,
          "y": 0.005580313969403505,
          "z": 0.003805528162047267
        },
        "scale": {
          "x": 1.0,
          "y": 1.0,
          "z": 1.0
        },
        "matrix_basis": [
          [
            0.9999087452888489,
            -0.004464043769985437,
            0.012749580666422844,
            0.0
          ],
          [
            0.010239365510642529,
            0.866081953048706,
            -0.49979719519615173,
            0.0
          ],
          [
            -0.00881106499582529,
            0.49988213181495667,
            0.8660486340522766,
            0.0
          ],
          [
            0.0,
            0.0,
            0.0,
            1.0
          ]
        ],
        "rotation_mode": "QUATERNION"
      },
      "armature_space": {
        "head": {
          "x": 0.8700248003005981,
          "y": -0.16197331249713898,
          "z": 0.3799390494823456
        },
        "tail": {
          "x": 0.854524552822113,
          "y": -0.18097512423992157,
          "z": 0.3640516698360443
        }
      },
      "world_space": {
        "head": {
          "x": 0.8700248003005981,
          "y": -0.09872931241989136,
          "z": 1.329793095588684
        },
        "tail": {
          "x": 0.854524552822113,
          "y": -0.11773112416267395,
          "z": 1.3139057159423828
        },
        "rotation_quaternion": {
          "w": 0.4147661626338959,
          "x": -0.5646477937698364,
          "y": -0.05294074863195419,
          "z": 0.7115752100944519
        },
        "matrix": [
          [
            -0.018282528966665268,
            -0.5304917097091675,
            -0.8474928736686707,
            0.8700248003005981
          ],
          [
            0.6500605344772339,
            -0.6503310799598694,
            0.39305391907691956,
            -0.09872931241989136
          ],
          [
            -0.7596672773361206,
            -0.5437401533126831,
            0.35674428939819336,
            1.329793095588684
          ],
          [
            0.0,
            0.0,
            0.0,
            1.0
          ]
        ]
      },
      "bone_length_armature_space": 0.02921874959400312,
      "parent": "index_02_l",
      "has_children": false,
      "is_end_bone": true
    },
    "metacarpal_pinky_l": {
      "name": "metacarpal_pinky_l",
      "local": {
        "location": {
          "x": 0.0,
          "y": 0.0,
          "z": 0.0
        },
        "rotation_quaternion": {
          "w": 0.9992491006851196,
          "x": -0.037914711982011795,
          "y": 0.0038560391403734684,
          "z": 0.007004088256508112
        },
        "scale": {
          "x": 1.0,
          "y": 1.0,
          "z": 1.0
        },
        "matrix_basis": [
          [
            0.9998721480369568,
            -0.014290058985352516,
            0.007175171282142401,
            0.0
          ],
          [
            0.013705256395041943,
            0.9970268607139587,
            0.0758265033364296,
            0.0
          ],
          [
            -0.008237402886152267,
            -0.0757184699177742,
            0.9970952272415161,
            0.0
          ],
          [
            0.0,
            0.0,
            0.0,
            1.0
          ]
        ],
        "rotation_mode": "QUATERNION"
      },
      "armature_space": {
        "head": {
          "x": 0.7400404214859009,
          "y": -0.07784214615821838,
          "z": 0.40336140990257263
        },
        "tail": {
          "x": 0.8397586941719055,
          "y": -0.07159387320280075,
          "z": 0.3740278482437134
        }
      },
      "world_space": {
        "head": {
          "x": 0.7400404214859009,
          "y": -0.014598146080970764,
          "z": 1.3532154560089111
        },
        "tail": {
          "x": 0.8397586941719055,
          "y": -0.008349873125553131,
          "z": 1.3238818645477295
        },
        "rotation_quaternion": {
          "w": 0.723798394203186,
          "x": -0.12168636918067932,
          "y": 0.07821842283010483,
          "z": -0.674677848815918
        },
        "matrix": [
          [
            0.0773826315999031,
            0.9576252698898315,
            0.2774270176887512,
            0.7400404214859009
          ],
          [
            -0.9956980347633362,
            0.0600040927529335,
            0.07060691714286804,
            -0.014598146080970764
          ],
          [
            0.05096772313117981,
            -0.2816992402076721,
            0.958155632019043,
            1.3532154560089111
          ],
          [
            0.0,
            0.0,
            0.0,
            1.0
          ]
        ]
      },
      "bone_length_armature_space": 0.10413084399252304,
      "parent": "lowerarm_l",
      "has_children": true,
      "is_end_bone": false
    },
    "pinky_01_l": {
      "name": "pinky_01_l",
      "local": {
        "location": {
          "x": 0.0,
          "y": 0.0,
          "z": 0.0
        },
        "rotation_quaternion": {
          "w": 0.9575120210647583,
          "x": 0.28796863555908203,
          "y": -0.014352474361658096,
          "z": 0.006231991108506918
        },
        "scale": {
          "x": 1.0,
          "y": 1.0,
          "z": 1.0
        },
        "matrix_basis": [
          [
            0.9995103478431702,
            -0.020200537517666817,
            -0.023896098136901855,
            0.0
          ],
          [
            0.0036682880017906427,
            0.8340704441070557,
            -0.5516457557678223,
            0.0
          ],
          [
            0.03107456862926483,
            0.5512879490852356,
            0.8337361216545105,
            0.0
          ],
          [
            0.0,
            0.0,
            0.0,
            1.0
          ]
        ],
        "rotation_mode": "QUATERNION"
      },
      "armature_space": {
        "head": {
          "x": 0.8397586941719055,
          "y": -0.07159387320280075,
          "z": 0.3740278482437134
