{
  "metadata": {
    "armature_name": "KIM_caucasian_male",
    "export_time": "2026-01-13T21:05:25.687240",
    "blender_version": "4.4.1",
    "bone_count": 56,
    "end_bone_count": 13,
    "spaces_included": [
      "LOCAL_CHANNELS",
      "ARMATURE_SPACE",
      "WORLD_SPACE"
    ],
    "note": "LOCAL matches Transform panel; replay pose via local.matrix_basis for best fidelity."
  },
  "bones": {
    "Root": {
      "name": "Root",
      "local": {
        "location": {
          "x": 0.0,
          "y": 0.0,
          "z": 0.0
        },
        "rotation_quaternion": {
          "w": 0.9998573660850525,
          "x": -0.007555769290775061,
          "y": 0.015061963349580765,
          "z": -0.0012227059341967106
        },
        "scale": {
          "x": 1.0,
          "y": 1.0,
          "z": 1.0
        },
        "matrix_basis": [
          [
            0.999543309211731,
            0.002217453671619296,
            0.030138107016682625,
            0.0
          ],
          [
            -0.0026726725045591593,
            0.9998828172683716,
            0.015072550624608994,
            0.0
          ],
          [
            -0.030101152136921883,
            -0.015146215446293354,
            0.9994320869445801,
            0.0
          ],
          [
            0.0,
            0.0,
            0.0,
            1.0
          ]
        ],
        "rotation_mode": "QUATERNION"
      },
      "armature_space": {
        "head": {
          "x": 0.0,
          "y": 0.07072800397872925,
          "z": -0.009595036506652832
        },
        "tail": {
          "x": 0.00015827268362045288,
          "y": 0.0001536160707473755,
          "z": 0.0010701445862650871
        }
      },
      "world_space": {
        "head": {
          "x": 0.0,
          "y": 0.13397200405597687,
          "z": 0.9402589797973633
        },
        "tail": {
          "x": 0.00015827268362045288,
          "y": 0.063397616147995,
          "z": 0.9509241580963135
        },
        "rotation_quaternion": {
          "w": 0.07489664852619171,
          "x": 0.9970768094062805,
          "y": 0.002234620973467827,
          "z": 0.014945375733077526
        },
        "matrix": [
          [
            0.999543309211731,
            0.002217453671619296,
            0.030138107016682625,
            0.0
          ],
          [
            0.00669490173459053,
            -0.9887709617614746,
            -0.1492891013622284,
            0.13397200405597687
          ],
          [
            0.029468853026628494,
            0.1494227796792984,
            -0.988341212272644,
            0.9402589797973633
          ],
          [
            0.0,
            0.0,
            0.0,
            1.0
          ]
        ]
      },
      "bone_length_armature_space": 0.07137587452660084,
      "parent": null,
      "has_children": true,
      "is_end_bone": false
    },
    "spine_01": {
      "name": "spine_01",
      "local": {
        "location": {
          "x": 0.0,
          "y": 0.0,
          "z": 0.0
        },
        "rotation_quaternion": {
          "w": 0.9977604746818542,
          "x": -0.016764141619205475,
          "y": 0.04730885103344917,
          "z": -0.044215381145477295
        },
        "scale": {
          "x": 1.0,
          "y": 1.0,
          "z": 1.0
        },
        "matrix_basis": [
          [
            0.9916137456893921,
            0.08664653450250626,
            0.09588827192783356,
            0.0
          ],
          [
            -0.08981890231370926,
            0.9955279231071472,
            0.029269637539982796,
            0.0
          ],
          [
            -0.09292333573102951,
            -0.03763675317168236,
            0.994961678981781,
            0.0
          ],
          [
            0.0,
            0.0,
            0.0,
            1.0
          ]
        ],
        "rotation_mode": "QUATERNION"
      },
      "armature_space": {
        "head": {
          "x": 0.00015827268362045288,
          "y": 0.0001536160707473755,
          "z": 0.0010701445862650871
        },
        "tail": {
          "x": 0.027843182906508446,
          "y": 0.048757266253232956,
          "z": 0.4858585298061371
        }
      },
      "world_space": {
        "head": {
          "x": 0.00015827268362045288,
          "y": 0.063397616147995,
          "z": 0.9509241580963135
        },
        "tail": {
          "x": 0.027843182906508446,
          "y": 0.11200127005577087,
          "z": 1.4357125759124756
        },
        "rotation_quaternion": {
          "w": 0.7393578290939331,
          "x": 0.670853316783905,
          "y": 0.056111373007297516,
          "z": 0.012547211721539497
        },
        "matrix": [
          [
            0.9933881759643555,
            0.05673123151063919,
            0.09980706125497818,
            0.00015827268362045288
          ],
          [
            0.09383834898471832,
            0.09959739446640015,
            -0.9905931949615479,
            0.063397616147995
          ],
          [
            -0.06613846123218536,
            0.9934163093566895,
            0.09361505508422852,
            0.9509241580963135
          ],
          [
            0.0,
            0.0,
            0.0,
            1.0
          ]
        ]
      },
      "bone_length_armature_space": 0.4880046692963548,
      "parent": "Root",
      "has_children": true,
      "is_end_bone": false
    },
    "neck_01": {
      "name": "neck_01",
      "local": {
        "location": {
          "x": 0.0,
          "y": 0.0,
          "z": 0.0
        },
        "rotation_quaternion": {
          "w": 0.9939853549003601,
          "x": 0.037731148302555084,
          "y": -0.08312901109457016,
          "z": 0.060489971190690994
        },
        "scale": {
          "x": 1.0,
          "y": 1.0,
          "z": 1.0
        },
        "matrix_basis": [
          [
            0.9788610339164734,
            -0.1265254020690918,
            -0.16069333255290985,
            0.0
          ],
          [
            0.11397918313741684,
            0.9898346662521362,
            -0.08506535738706589,
            0.0
          ],
          [
            0.16982275247573853,
            0.06495147198438644,
            0.9833318591117859,
            0.0
          ],
          [
            0.0,
            0.0,
            0.0,
            1.0
          ]
        ],
        "rotation_mode": "QUATERNION"
      },
      "armature_space": {
        "head": {
          "x": 0.035458311438560486,
          "y": 0.021695423871278763,
          "z": 0.5618415474891663
        },
        "tail": {
          "x": 0.032203856855630875,
          "y": -0.014695074409246445,
          "z": 0.6576324105262756
        }
      },
      "world_space": {
        "head": {
          "x": 0.035458311438560486,
          "y": 0.08493942022323608,
          "z": 1.5116956233978271
        },
        "tail": {
          "x": 0.032203856855630875,
          "y": 0.048548925668001175,
          "z": 1.6074864864349365
        },
        "rotation_quaternion": {
          "w": 0.5664043426513672,
          "x": 0.8224684596061707,
          "y": -0.04133179783821106,
          "z": -0.031994882971048355
        },
        "matrix": [
          [
            0.9945360422134399,
            -0.03174417465925217,
            -0.09945063292980194,
            0.035458311438560486
          ],
          [
            -0.10423238575458527,
            -0.3549553453922272,
            -0.9290547370910645,
            0.08493942022323608
          ],
          [
            -0.005808603018522263,
            0.9343503713607788,
            -0.3563278913497925,
            1.5116956233978271
          ],
          [
            0.0,
            0.0,
            0.0,
            1.0
          ]
        ]
      },
      "bone_length_armature_space": 0.10252194436448621,
      "parent": "spine_01",
      "has_children": true,
      "is_end_bone": false
    },
    "head": {
      "name": "head",
      "local": {
        "location": {
          "x": 0.0,
          "y": 0.0,
          "z": 0.0
        },
        "rotation_quaternion": {
          "w": 0.9816798567771912,
          "x": 0.07011602818965912,
          "y": 0.10678905993700027,
          "z": 0.14136646687984467
        },
        "scale": {
          "x": 1.0,
          "y": 1.0,
          "z": 1.0
        },
        "matrix_basis": [
          [
            0.9372232556343079,
            -0.26257798075675964,
            0.22948944568634033,
            0.0
          ],
          [
            0.2925284802913666,
            0.9501985311508179,
            -0.10747019946575165,
            0.0
          ],
          [
            -0.18984122574329376,
            0.16785576939582825,
            0.9673596620559692,
            0.0
          ],
          [
            0.0,
            0.0,
            0.0,
            1.0
          ]
        ],
        "rotation_mode": "QUATERNION"
      },
      "armature_space": {
        "head": {
          "x": 0.03220384567975998,
          "y": -0.014695189893245697,
          "z": 0.6576322913169861
        },
        "tail": {
          "x": -0.010230723768472672,
          "y": -0.035478681325912476,
          "z": 0.8053503632545471
        }
      },
      "world_space": {
        "head": {
          "x": 0.03220384567975998,
          "y": 0.04854881018400192,
          "z": 1.6074862480163574
        },
        "tail": {
          "x": -0.010230723768472672,
          "y": 0.027765318751335144,
          "z": 1.755204439163208
        },
        "rotation_quaternion": {
          "w": 0.6550850868225098,
          "x": 0.7401216626167297,
          "y": -0.06212048977613449,
          "z": 0.1386527270078659
        },
        "matrix": [
          [
            0.9538331627845764,
            -0.2736121714115143,
            0.12384969741106033,
            0.03220384567975998
          ],
          [
            0.08970356732606888,
            -0.13400903344154358,
            -0.9869120121002197,
            0.04854881018400192
          ],
          [
            0.28663015365600586,
            0.9524655342102051,
            -0.10327982157468796,
            1.6074862480163574
          ],
          [
            0.0,
            0.0,
            0.0,
            1.0
          ]
        ]
      },
      "bone_length_armature_space": 0.15509118343000977,
      "parent": "neck_01",
      "has_children": false,
      "is_end_bone": true
    },
    "upperarm_l": {
      "name": "upperarm_l",
      "local": {
        "location": {
          "x": 0.0,
          "y": 0.0,
          "z": 0.0
        },
        "rotation_quaternion": {
          "w": 0.9689112305641174,
          "x": -0.20092567801475525,
          "y": -0.13172949850559235,
          "z": 0.0590532161295414
        },
        "scale": {
          "x": 1.0,
          "y": 1.0,
          "z": 1.0
        },
        "matrix_basis": [
          [
            0.958320140838623,
            -0.0614989697933197,
            -0.278999000787735,
            0.0
          ],
          [
            0.16737031936645508,
            0.912283182144165,
            0.3738001883029938,
            0.0
          ],
          [
            0.23153775930404663,
            -0.4049164056777954,
            0.8845524191856384,
            0.0
          ],
          [
            0.0,
            0.0,
            0.0,
            1.0
          ]
        ],
        "rotation_mode": "QUATERNION"
      },
      "armature_space": {
        "head": {
          "x": 0.18097206950187683,
          "y": 0.02591833472251892,
          "z": 0.4854540526866913
        },
        "tail": {
          "x": 0.40883761644363403,
          "y": 0.16631338000297546,
          "z": 0.47225791215896606
        }
      },
      "world_space": {
        "head": {
          "x": 0.18097206950187683,
          "y": 0.08916233479976654,
          "z": 1.4353080987930298
        },
        "tail": {
          "x": 0.40883761644363403,
          "y": 0.22955738008022308,
          "z": 1.422111988067627
        },
        "rotation_quaternion": {
          "w": 0.697149395942688,
          "x": 0.2705889642238617,
          "y": 0.5253039002418518,
          "z": -0.40598055720329285
        },
        "matrix": [
          [
            0.11847062408924103,
            0.8503416180610657,
            0.5127220153808594,
            0.18097206950187683
          ],
          [
            -0.2817760407924652,
            0.5239218473434448,
            -0.8038086295127869,
            0.08916233479976654
          ],
          [
            -0.9521450996398926,
            -0.049244947731494904,
            0.3016766309738159,
            1.4353080987930298
          ],
          [
            0.0,
            0.0,
            0.0,
            1.0
          ]
        ]
      },
      "bone_length_armature_space": 0.26796942902398513,
      "parent": "spine_01",
      "has_children": true,
      "is_end_bone": false
    },
    "lowerarm_l": {
      "name": "lowerarm_l",
      "local": {
        "location": {
          "x": 0.0,
          "y": 0.0,
          "z": 0.0
        },
        "rotation_quaternion": {
          "w": 0.8816724419593811,
          "x": 0.4596313536167145,
          "y": -0.09216071665287018,
          "z": 0.05384581536054611
        },
        "scale": {
          "x": 1.0,
          "y": 1.0,
          "z": 1.0
        },
        "matrix_basis": [
          [
            0.9772140383720398,
            -0.17966865003108978,
            -0.11301267892122269,
            0.0
          ],
          [
            0.010228833183646202,
            0.5716792941093445,
            -0.8204135298728943,
            0.0
          ],
          [
            0.21200957894325256,
            0.800563633441925,
            0.5604908466339111,
            0.0
          ],
          [
            0.0,
            0.0,
            0.0,
            1.0
          ]
        ],
        "rotation_mode": "QUATERNION"
      },
      "armature_space": {
        "head": {
          "x": 0.4088377356529236,
          "y": 0.16631340980529785,
          "z": 0.472258061170578
        },
        "tail": {
          "x": 0.6158889532089233,
          "y": 0.0772218406200409,
          "z": 0.6163487434387207
        }
      },
      "world_space": {
        "head": {
          "x": 0.4088377356529236,
          "y": 0.22955740988254547,
          "z": 1.4221121072769165
        },
        "tail": {
          "x": 0.6158889532089233,
          "y": 0.1404658406972885,
          "z": 1.5662027597427368
        },
        "rotation_quaternion": {
          "w": 0.5675775408744812,
          "x": 0.5819219946861267,
          "y": 0.10650177299976349,
          "z": -0.5726080536842346
        },
        "matrix": [
          [
            0.32155656814575195,
            0.7739523649215698,
            -0.5455265045166016,
            0.4088377356529236
          ],
          [
            -0.5260470509529114,
            -0.3330221176147461,
            -0.7825413942337036,
            0.22955740988254547
          ],
          [
            -0.7873278856277466,
            0.5386074185371399,
            0.30005133152008057,
            1.4221121072769165
          ],
          [
            0.0,
            0.0,
            0.0,
            1.0
          ]
        ]
      },
      "bone_length_armature_space": 0.26752502199876843,
      "parent": "upperarm_l",
      "has_children": true,
      "is_end_bone": false
    },
    "metacarpal_thumb_l": {
      "name": "metacarpal_thumb_l",
      "local": {
        "location": {
          "x": 0.0,
          "y": 0.0,
          "z": 0.0
        },
        "rotation_quaternion": {
          "w": 0.9997951984405518,
          "x": -0.015100977383553982,
          "y": 0.01259295642375946,
          "z": 0.004789958707988262
        },
        "scale": {
          "x": 1.0,
          "y": 1.0,
          "z": 1.0
        },
        "matrix_basis": [
          [
            0.9996369481086731,
            -0.009958287701010704,
            0.02503608912229538,
            0.0
          ],
          [
            0.00919762346893549,
            0.9994980096817017,
            0.030316408723592758,
            0.0
          ],
          [
            -0.02532542124390602,
            -0.030075129121541977,
            0.9992267489433289,
            0.0
          ],
          [
            0.0,
            0.0,
            0.0,
            1.0
          ]
        ],
        "rotation_mode": "QUATERNION"
      },
      "armature_space": {
        "head": {
          "x": 0.6158889532089233,
          "y": 0.0772218406200409,
          "z": 0.6163487434387207
        },
        "tail": {
          "x": 0.632361114025116,
          "y": 0.03711480274796486,
          "z": 0.640300452709198
        }
      },
      "world_space": {
        "head": {
          "x": 0.6158889532089233,
          "y": 0.1404658406972885,
          "z": 1.5662027597427368
        },
        "tail": {
          "x": 0.632361114025116,
          "y": 0.10035879909992218,
          "z": 1.5901544094085693
        },
        "rotation_quaternion": {
          "w": 0.23998786509037018,
          "x": 0.9484238624572754,
          "y": 0.1938028484582901,
          "z": 0.07306604087352753
        },
        "matrix": [
          [
            0.9142034649848938,
            0.33254456520080566,
            0.23161613941192627,
            0.6158889532089233
          ],
          [
            0.40268459916114807,
            -0.8096924424171448,
            -0.42689961194992065,
            0.1404658406972885
          ],
          [
            0.045575402677059174,
            0.4835440218448639,
            -0.8741406202316284,
            1.5662027597427368
          ],
          [
            0.0,
            0.0,
            0.0,
            1.0
          ]
        ]
      },
      "bone_length_armature_space": 0.04953373603089281,
      "parent": "lowerarm_l",
      "has_children": true,
      "is_end_bone": false
    },
    "thumb_01_l": {
      "name": "thumb_01_l",
      "local": {
        "location": {
          "x": 0.0,
          "y": 0.0,
          "z": 0.0
        },
        "rotation_quaternion": {
          "w": 0.969444215297699,
          "x": 0.24513112008571625,
          "y": -0.009402532130479813,
          "z": 0.0006116698496043682
        },
        "scale": {
          "x": 1.0,
          "y": 1.0,
          "z": 1.0
        },
        "matrix_basis": [
          [
            0.9998224377632141,
            -0.005795666016638279,
            -0.01793058216571808,
            0.0
          ],
          [
            -0.003423746908083558,
            0.879820704460144,
            -0.4752933979034424,
            0.0
          ],
          [
            0.018530339002609253,
            0.4752703905105591,
            0.8796446323394775,
            0.0
          ],
          [
            0.0,
            0.0,
            0.0,
            1.0
          ]
        ],
        "rotation_mode": "QUATERNION"
      },
      "armature_space": {
        "head": {
          "x": 0.632361114025116,
          "y": 0.03711480274796486,
          "z": 0.640300452709198
        },
        "tail": {
          "x": 0.6562041640281677,
          "y": 0.014999635517597198,
          "z": 0.6302478909492493
        }
      },
      "world_space": {
        "head": {
          "x": 0.632361114025116,
          "y": 0.10035879909992218,
          "z": 1.5901544094085693
        },
        "tail": {
          "x": 0.6562041640281677,
          "y": 0.07824363559484482,
          "z": 1.5801019668579102
        },
        "rotation_quaternion": {
          "w": 0.38966280221939087,
          "x": -0.6338099837303162,
          "y": -0.15266774594783783,
          "z": -0.6504923701286316
        },
        "matrix": [
          [
            0.10710567235946655,
            0.7004719972610474,
            0.7055971622467041,
            0.632361114025116
          ],
          [
            -0.3134201467037201,
            -0.6497089266777039,
            0.6925649642944336,
            0.10035879909992218
          ],
          [
            0.943561315536499,
            -0.2953285872936249,
            0.14995625615119934,
            1.5901544094085693
          ],
          [
            0.0,
            0.0,
            0.0,
            1.0
          ]
        ]
      },
      "bone_length_armature_space": 0.03403859094131032,
      "parent": "metacarpal_thumb_l",
      "has_children": true,
      "is_end_bone": false
    },
    "thumb_02_l": {
      "name": "thumb_02_l",
      "local": {
        "location": {
          "x": 0.0,
          "y": 0.0,
          "z": 0.0
        },
        "rotation_quaternion": {
          "w": 0.9394981861114502,
          "x": 0.34252482652664185,
          "y": -0.0043636588379740715,
          "z": -0.0010292120277881622
        },
        "scale": {
          "x": 1.0,
          "y": 1.0,
          "z": 1.0
        },
        "matrix_basis": [
          [
            0.9999598264694214,
            -0.0010554372565820813,
            -0.008904360234737396,
            0.0
          ],
          [
            -0.004923208616673946,
            0.7653513550758362,
            -0.6435939073562622,
            0.0
          ],
          [
            0.007494237739592791,
            0.6436119079589844,
            0.7653154134750366,
            0.0
          ],
          [
            0.0,
            0.0,
            0.0,
            1.0
          ]
        ],
        "rotation_mode": "QUATERNION"
      },
      "armature_space": {
        "head": {
          "x": 0.656204104423523,
          "y": 0.014999622479081154,
          "z": 0.6302478313446045
        },
        "tail": {
          "x": 0.6746091246604919,
          "y": 0.03183881938457489,
          "z": 0.6617262363433838
        }
      },
      "world_space": {
        "head": {
          "x": 0.656204104423523,
          "y": 0.07824362069368362,
          "z": 1.5801018476486206
        },
        "tail": {
          "x": 0.6746091246604919,
          "y": 0.09508281946182251,
          "z": 1.6115802526474
        },
        "rotation_quaternion": {
          "w": 0.5069403648376465,
          "x": 0.06271453201770782,
          "y": -0.6727846264839172,
          "z": -0.5352001786231995
        },
        "matrix": [
          [
            -0.4781528115272522,
            0.45824211835861206,
            -0.7492557168006897,
            0.656204104423523
          ],
          [
            -0.6270184516906738,
            0.4192567467689514,
            0.6565605998039246,
            0.07824362069368362
          ],
          [
            0.6149978637695312,
            0.7837392091751099,
            0.08685854077339172,
            1.5801018476486206
          ],
          [
            0.0,
            0.0,
            0.0,
            1.0
          ]
        ]
      },
      "bone_length_armature_space": 0.04016457777698213,
      "parent": "thumb_01_l",
      "has_children": true,
      "is_end_bone": false
    },
    "thumb_03_l": {
      "name": "thumb_03_l",
      "local": {
        "location": {
          "x": 0.0,
          "y": 0.0,
          "z": 0.0
        },
        "rotation_quaternion": {
          "w": 0.9797172546386719,
          "x": 0.20022591948509216,
          "y": 0.004671235103160143,
          "z": -0.00648182537406683
        },
        "scale": {
          "x": 1.0,
          "y": 1.0,
          "z": 1.0
        },
        "matrix_basis": [
          [
            0.9998723268508911,
            0.014571317471563816,
            0.00655732024461031,
            0.0
          ],
          [
            -0.010830108076334,
            0.9197351336479187,
            -0.3923901319503784,
            0.0
          ],
          [
            -0.01174863800406456,
            0.3922690153121948,
            0.9197755455970764,
            0.0
          ],
          [
            0.0,
            0.0,
            0.0,
            1.0
          ]
        ],
        "rotation_mode": "QUATERNION"
      },
      "armature_space": {
        "head": {
          "x": 0.6746091246604919,
          "y": 0.03183872252702713,
          "z": 0.6617262363433838
        },
        "tail": {
          "x": 0.6719070672988892,
          "y": 0.053707022219896317,
          "z": 0.6827351450920105
        }
      },
      "world_space": {
        "head": {
          "x": 0.6746091246604919,
          "y": 0.09508272260427475,
          "z": 1.6115802526474
        },
        "tail": {
          "x": 0.6719070672988892,
          "y": 0.11695101857185364,
          "z": 1.6325891017913818
        },
        "rotation_quaternion": {
          "w": 0.6228748559951782,
          "x": 0.28559717535972595,
          "y": -0.686420202255249,
          "z": -0.24349254369735718
        },
        "matrix": [
          [
            -0.06092333048582077,
            -0.08875203132629395,
            -0.9941889643669128,
            0.6746091246604919
          ],
          [
            -0.6954100131988525,
            0.7182914018630981,
            -0.021507948637008667,
            0.09508272260427475
          ],
          [
            0.7160305380821228,
            0.6900639533996582,
            -0.10548059642314911,
            1.6115802526474
          ],
          [
            0.0,
            0.0,
            0.0,
            1.0
          ]
        ]
      },
      "bone_length_armature_space": 0.030444997957406728,
      "parent": "thumb_02_l",
      "has_children": false,
      "is_end_bone": true
    },
    "metacarpal_index_l": {
      "name": "metacarpal_index_l",
      "local": {
        "location": {
          "x": 0.0,
          "y": 0.0,
          "z": 0.0
        },
        "rotation_quaternion": {
          "w": 0.9986096620559692,
          "x": -0.050635263323783875,
          "y": 0.014264961704611778,
          "z": -0.0033837559167295694
        },
        "scale": {
          "x": 1.0,
          "y": 1.0,
          "z": 1.0
        },
        "matrix_basis": [
          [
            0.9995701313018799,
            0.005313482601195574,
            0.02883293107151985,
            0.0
          ],
          [
            -0.008202723227441311,
            0.9948492646217346,
            0.10103318840265274,
            0.0
          ],
          [
            -0.028147581964731216,
            -0.10122626274824142,
            0.994465172290802,
            0.0
          ],
          [
            0.0,
            0.0,
            0.0,
            1.0
          ]
        ],
        "rotation_mode": "QUATERNION"
      },
      "armature_space": {
        "head": {
          "x": 0.6158889532089233,
          "y": 0.0772218406200409,
          "z": 0.6163487434387207
        },
        "tail": {
          "x": 0.6870893239974976,
          "y": 0.01876455545425415,
          "z": 0.6887540817260742
        }
      },
      "world_space": {
        "head": {
          "x": 0.6158889532089233,
          "y": 0.1404658406972885,
          "z": 1.5662027597427368
        },
        "tail": {
          "x": 0.6870893239974976,
          "y": 0.08200855553150177,
          "z": 1.6386080980300903
        },
        "rotation_quaternion": {
          "w": 0.42944854497909546,
          "x": 0.8414091467857361,
          "y": 0.2571428120136261,
          "z": -0.20367196202278137
        },
        "matrix": [
          [
            0.7847904562950134,
            0.6076583862304688,
            -0.12188204377889633,
            0.6158889532089233
          ],
          [
            0.2577930688858032,
            -0.4989026188850403,
            -0.8274293541908264,
            0.1404658406972885
          ],
          [
            -0.5636053085327148,
            0.6179421544075012,
            -0.5481884479522705,
            1.5662027597427368
          ],
          [
            0.0,
            0.0,
            0.0,
            1.0
          ]
        ]
      },
      "bone_length_armature_space": 0.11717201070940446,
      "parent": "lowerarm_l",
      "has_children": true,
      "is_end_bone": false
    },
    "index_01_l": {
      "name": "index_01_l",
      "local": {
        "location": {
          "x": 0.0,
          "y": 0.0,
          "z": 0.0
        },
        "rotation_quaternion": {
          "w": 0.9679412841796875,
          "x": 0.25096893310546875,
          "y": -0.001759254140779376,
          "z": 0.010061888955533504
        },
        "scale": {
          "x": 1.0,
          "y": 1.0,
          "z": 1.0
        },
        "matrix_basis": [
          [
            0.9997913241386414,
            -0.02036167122423649,
            0.0016447335947304964,
            0.0
          ],
          [
            0.01859559863805771,
            0.8738266825675964,
            -0.4858817756175995,
            0.0
          ],
          [
            0.008456152863800526,
            0.4858109652996063,
            0.8740230202674866,
            0.0
          ],
          [
            0.0,
            0.0,
            0.0,
            1.0
          ]
        ],
        "rotation_mode": "QUATERNION"
      },
      "armature_space": {
        "head": {
          "x": 0.6870893239974976,
          "y": 0.01876455545425415,
          "z": 0.6887540817260742
        },
        "tail": {
          "x": 0.7079465389251709,
          "y": -7.737427949905396e-05,
          "z": 0.6935528516769409
        }
      },
      "world_space": {
        "head": {
          "x": 0.6870893239974976,
          "y": 0.08200855553150177,
          "z": 1.6386080980300903
        },
        "tail": {
          "x": 0.7079465389251709,
          "y": 0.06316662579774857,
          "z": 1.643406867980957
        },
        "rotation_quaternion": {
          "w": 0.23525798320770264,
          "x": 0.8456166386604309,
          "y": 0.3380231559276581,
          "z": -0.33959779143333435
        },
        "matrix": [
          [
            0.5408269762992859,
            0.7314630150794983,
            -0.41529276967048645,
            0.6870893239974976
          ],
          [
            0.4118903875350952,
            -0.6607872247695923,
            -0.6274608373641968,
            0.08200855553150177
          ],
          [
            -0.7333891987800598,
            0.16829334199428558,
            -0.6586589813232422,
            1.6386080980300903
          ],
          [
            0.0,
            0.0,
            0.0,
            1.0
          ]
        ]
      },
      "bone_length_armature_space": 0.02851438091344196,
      "parent": "metacarpal_index_l",
      "has_children": true,
      "is_end_bone": false
    },
    "index_02_l": {
      "name": "index_02_l",
      "local": {
        "location": {
          "x": 0.0,
          "y": 0.0,
          "z": 0.0
        },
        "rotation_quaternion": {
          "w": 0.9134045243263245,
          "x": 0.4069836139678955,
          "y": 0.007473045494407415,
          "z": -0.000868004746735096
        },
        "scale": {
          "x": 1.0,
          "y": 1.0,
          "z": 1.0
        },
        "matrix_basis": [
          [
            0.9998868107795715,
            0.00766849284991622,
            0.012945299968123436,
            0.0
          ],
          [
            0.004497135058045387,
            0.6687271595001221,
            -0.7434943318367004,
            0.0
          ],
          [
            -0.014358354732394218,
            0.7434684038162231,
            0.6686170101165771,
            0.0
          ],
          [
            0.0,
            0.0,
            0.0,
            1.0
          ]
        ],
        "rotation_mode": "QUATERNION"
      },
      "armature_space": {
        "head": {
          "x": 0.7079465389251709,
          "y": -7.792375981807709e-05,
          "z": 0.6935528516769409
        },
        "tail": {
          "x": 0.713054358959198,
          "y": -0.023637132719159126,
          "z": 0.6847798228263855
        }
      },
      "world_space": {
        "head": {
          "x": 0.7079465389251709,
          "y": 0.0631660744547844,
          "z": 1.643406867980957
        },
        "tail": {
          "x": 0.713054358959198,
          "y": 0.03960686922073364,
          "z": 1.6346337795257568
        },
        "rotation_quaternion": {
          "w": 0.10460400581359863,
          "x": -0.8598123788833618,
          "y": -0.17283736169338226,
          "z": 0.4689435064792633
        },
        "matrix": [
          [
            0.5004382133483887,
            0.19911018013954163,
            -0.8425655364990234,
            0.7079465389251709
          ],
          [
            0.39532238245010376,
            -0.9183707237243652,
            0.017775923013687134,
            0.0631660744547844
          ],
          [
            -0.7702530026435852,
            -0.3419837951660156,
            -0.5383042693138123,
            1.643406867980957
          ],
          [
            0.0,
            0.0,
            0.0,
            1.0
          ]
        ]
      },
      "bone_length_armature_space": 0.025653306927177478,
      "parent": "index_01_l",
      "has_children": true,
      "is_end_bone": false
    },
    "index_03_l": {
      "name": "index_03_l",
      "local": {
        "location": {
          "x": 0.0,
          "y": 0.0,
          "z": 0.0
        },
        "rotation_quaternion": {
          "w": 0.9643207788467407,
          "x": 0.2645331025123596,
          "y": 0.009989039972424507,
          "z": -0.0028181811794638634
        },
        "scale": {
          "x": 1.0,
          "y": 1.0,
          "z": 1.0
        },
        "matrix_basis": [
          [
            0.999784529209137,
            0.01072012446820736,
            0.017774272710084915,
            0.0
          ],
          [
            -0.00015039787103887647,
            0.8600285649299622,
            -0.5102458596229553,
            0.0
          ],
          [
            -0.020756281912326813,
            0.5101332068443298,
            0.8598449230194092,
            0.0
          ],
          [
            0.0,
            0.0,
            0.0,
            1.0
          ]
        ],
        "rotation_mode": "QUATERNION"
      },
      "armature_space": {
        "head": {
          "x": 0.7130544781684875,
          "y": -0.023637134581804276,
          "z": 0.684779942035675
        },
        "tail": {
          "x": 0.7052108645439148,
          "y": -0.04349261522293091,
          "z": 0.6648306250572205
        }
      },
      "world_space": {
        "head": {
          "x": 0.7130544781684875,
          "y": 0.039606865495443344,
          "z": 1.634634017944336
        },
        "tail": {
          "x": 0.7052108645439148,
          "y": 0.01975138485431671,
          "z": 1.6146845817565918
        },
        "rotation_quaternion": {
          "w": 0.3953648805618286,
          "x": -0.7899512052536011,
          "y": -0.06255952268838882,
          "z": 0.46448904275894165
        },
        "matrix": [
          [
            0.5606736540794373,
            -0.26844581961631775,
            -0.78331458568573,
            0.7130544781684875
          ],
          [
            0.46612226963043213,
            -0.6795473694801331,
            0.5665208697319031,
            0.039606865495443344
          ],
          [
            -0.6843838095664978,
            -0.6827589273452759,
            -0.25587713718414307,
            1.634634017944336
          ],
          [
            0.0,
            0.0,
            0.0,
            1.0
          ]
        ]
      },
      "bone_length_armature_space": 0.029218788814112502,
      "parent": "index_02_l",
      "has_children": false,
      "is_end_bone": true
    },
    "metacarpal_pinky_l": {
      "name": "metacarpal_pinky_l",
      "local": {
        "location": {
          "x": 0.0,
          "y": 0.0,
          "z": 0.0
        },
        "rotation_quaternion": {
          "w": 0.9983137249946594,
          "x": -0.05635756999254227,
          "y": 0.011600750498473644,
          "z": -0.0076862662099301815
        },
        "scale": {
          "x": 1.0,
          "y": 1.0,
          "z": 1.0
        },
        "matrix_basis": [
          [
            0.9996126890182495,
            0.01403903029859066,
            0.024028735235333443,
            0.0
          ],
          [
            -0.01665418967604637,
            0.9935294985771179,
            0.11234673857688904,
            0.0
          ],
          [
            -0.02229601889848709,
            -0.11270340532064438,
            0.9933785200119019,
            0.0
          ],
          [
            0.0,
            0.0,
            0.0,
            1.0
          ]
        ],
        "rotation_mode": "QUATERNION"
      },
      "armature_space": {
        "head": {
          "x": 0.6158889532089233,
          "y": 0.0772218406200409,
          "z": 0.6163487434387207
        },
        "tail": {
          "x": 0.7136949300765991,
          "y": 0.06401854753494263,
          "z": 0.6495586037635803
        }
      },
      "world_space": {
        "head": {
          "x": 0.6158889532089233,
          "y": 0.1404658406972885,
          "z": 1.5662027597427368
        },
        "tail": {
          "x": 0.7136949300765991,
          "y": 0.12726254761219025,
          "z": 1.5994126796722412
        },
        "rotation_quaternion": {
          "w": 0.6334632635116577,
          "x": 0.029189536347985268,
          "y": -0.1879529356956482,
          "z": -0.7500306367874146
        },
        "matrix": [
          [
            -0.1957436203956604,
            0.9392611980438232,
            -0.2819097638130188,
            0.6158889532089233
          ],
          [
            -0.9612067937850952,
            -0.12679530680179596,
            0.24495860934257507,
            0.1404658406972885
          ],
          [
            0.1943359225988388,
            0.31892478466033936,
            0.927649974822998,
            1.5662027597427368
          ],
          [
            0.0,
            0.0,
            0.0,
            1.0
          ]
        ]
      },
      "bone_length_armature_space": 0.10413083489153543,
      "parent": "lowerarm_l",
      "has_children": true,
      "is_end_bone": false
    },
    "pinky_01_l": {
      "name": "pinky_01_l",
      "local": {
        "location": {
          "x": 0.0,
          "y": 0.0,
          "z": 0.0
        },
        "rotation_quaternion": {
          "w": 0.9551275372505188,
          "x": 0.29565340280532837,
          "y": 0.0177661944180727,
          "z": 0.00221774959936738
        },
        "scale": {
          "x": 1.0,
          "y": 1.0,
          "z": 1.0
        },
        "matrix_basis": [
          [
            0.9993588924407959,
            0.006268804427236319,
            0.03524933382868767,
            0.0
          ],
          [
            0.014741739258170128,
            0.8251683115959167,
            -0.5646945834159851,
            0.0
          ],
          [
            -0.03262659162282944,
            0.564852237701416,
            0.8245468735694885,
            0.0
          ],
          [
            0.0,
            0.0,
            0.0,
            1.0
          ]
        ],
        "rotation_mode": "QUATERNION"
      },
      "armature_space": {
        "head": {
          "x": 0.7136949300765991,
          "y": 0.06401854753494263,
          "z": 0.6495586037635803
        },
        "tail": {
          "x": 0.7315176725387573,
          "y": 0.049496013671159744,
