{
  "metadata": {
    "armature_name": "KIM_caucasian_male",
    "export_time": "2026-01-13T21:04:59.876909",
    "blender_version": "4.4.1",
    "bone_count": 56,
    "end_bone_count": 13,
    "spaces_included": [
      "LOCAL_CHANNELS",
      "ARMATURE_SPACE",
      "WORLD_SPACE"
    ],
    "note": "LOCAL matches Transform panel; replay pose via local.matrix_basis for best fidelity."
  },
  "bones": {
    "Root": {
      "name": "Root",
      "local": {
        "location": {
          "x": 0.0,
          "y": 0.0,
          "z": 0.0
        },
        "rotation_quaternion": {
          "w": 0.9996242523193359,
          "x": 0.01842859573662281,
          "y": -0.01862136647105217,
          "z": 0.008068219758570194
        },
        "scale": {
          "x": 1.0,
          "y": 1.0,
          "z": 1.0
        },
        "matrix_basis": [
          [
            0.9991763234138489,
            -0.01681670732796192,
            -0.036931365728378296,
            0.0
          ],
          [
            0.015444044955074787,
            0.9991905689239502,
            -0.037143826484680176,
            0.0
          ],
          [
            0.03752611204981804,
            0.036542858928442,
            0.998627245426178,
            0.0
          ],
          [
            0.0,
            0.0,
            0.0,
            1.0
          ]
        ],
        "rotation_mode": "QUATERNION"
      },
      "armature_space": {
        "head": {
          "x": 0.0,
          "y": 0.07072800397872925,
          "z": -0.009595036506652832
        },
        "tail": {
          "x": -0.001200307160615921,
          "y": -0.00029337406158447266,
          "z": -0.002592388540506363
        }
      },
      "world_space": {
        "head": {
          "x": 0.0,
          "y": 0.13397200405597687,
          "z": 0.9402589797973633
        },
        "tail": {
          "x": -0.001200307160615921,
          "y": 0.06295062601566315,
          "z": 0.9472616314888
        },
        "rotation_quaternion": {
          "w": 0.04895561560988426,
          "x": 0.9985948801040649,
          "y": -0.009304375387728214,
          "z": -0.01803552731871605
        },
        "matrix": [
          [
            0.9991763234138489,
            -0.01681670732796192,
            -0.036931365728378296,
            0.0
          ],
          [
            -0.020348485559225082,
            -0.9950335025787354,
            -0.09743848443031311,
            0.13397200405597687
          ],
          [
            -0.03510962054133415,
            0.09810946136713028,
            -0.9945631623268127,
            0.9402589797973633
          ],
          [
            0.0,
            0.0,
            0.0,
            1.0
          ]
        ]
      },
      "bone_length_armature_space": 0.07137586354489214,
      "parent": null,
      "has_children": true,
      "is_end_bone": false
    },
    "spine_01": {
      "name": "spine_01",
      "local": {
        "location": {
          "x": 0.0,
          "y": 0.0,
          "z": 0.0
        },
        "rotation_quaternion": {
          "w": 0.9994792938232422,
          "x": -0.011362878605723381,
          "y": 0.029050694778561592,
          "z": -0.008259284310042858
        },
        "scale": {
          "x": 1.0,
          "y": 1.0,
          "z": 1.0
        },
        "matrix_basis": [
          [
            0.9981756806373596,
            0.015849769115447998,
            0.05825883522629738,
            0.0
          ],
          [
            -0.017170166596770287,
            0.9996053576469421,
            0.022234048694372177,
            0.0
          ],
          [
            -0.05788343772292137,
            -0.02319379895925522,
            0.9980539083480835,
            0.0
          ],
          [
            0.0,
            0.0,
            0.0,
            1.0
          ]
        ],
        "rotation_mode": "QUATERNION"
      },
      "armature_space": {
        "head": {
          "x": -0.001200307160615921,
          "y": -0.00029337406158447266,
          "z": -0.002592388540506363
        },
        "tail": {
          "x": 0.02397836558520794,
          "y": 0.01551317423582077,
          "z": 0.48450592160224915
        }
      },
      "world_space": {
        "head": {
          "x": -0.001200307160615921,
          "y": 0.06295062601566315,
          "z": 0.9472616314888
        },
        "tail": {
          "x": 0.02397836558520794,
          "y": 0.07875717431306839,
          "z": 1.4343599081039429
        },
        "rotation_quaternion": {
          "w": 0.7177547812461853,
          "x": 0.6955434083938599,
          "y": 0.03198568895459175,
          "z": -0.004946431145071983
        },
        "matrix": [
          [
            0.9979049563407898,
            0.05159551277756691,
            0.03903450816869736,
            -0.001200307160615921
          ],
          [
            0.037393853068351746,
            0.03239038586616516,
            -0.9987756013870239,
            0.06295062601566315
          ],
          [
            -0.05279701203107834,
            0.9981497526168823,
            0.030392467975616455,
            0.9472616314888
          ],
          [
            0.0,
            0.0,
            0.0,
            1.0
          ]
        ]
      },
      "bone_length_armature_space": 0.4880046923764252,
      "parent": "Root",
      "has_children": true,
      "is_end_bone": false
    },
    "neck_01": {
      "name": "neck_01",
      "local": {
        "location": {
          "x": 0.0,
          "y": 0.0,
          "z": 0.0
        },
        "rotation_quaternion": {
          "w": 0.9924189448356628,
          "x": 0.06949492543935776,
          "y": 0.07843546569347382,
          "z": 0.06421073526144028
        },
        "scale": {
          "x": 1.0,
          "y": 1.0,
          "z": 1.0
        },
        "matrix_basis": [
          [
            0.9794496893882751,
            -0.11654616892337799,
            0.16460631787776947,
            0.0
          ],
          [
            0.13834963738918304,
            0.9820948839187622,
            -0.12786336243152618,
            0.0
          ],
          [
            -0.14675703644752502,
            0.14800895750522614,
            0.978036642074585,
            0.0
          ],
          [
            0.0,
            0.0,
            0.0,
            1.0
          ]
        ],
        "rotation_mode": "QUATERNION"
      },
      "armature_space": {
        "head": {
          "x": 0.02910984307527542,
          "y": -0.01675323210656643,
          "z": 0.5586429834365845
        },
        "tail": {
          "x": 0.023708701133728027,
          "y": -0.06657447665929794,
          "z": 0.6480823755264282
        }
      },
      "world_space": {
        "head": {
          "x": 0.02910984307527542,
          "y": 0.04649076610803604,
          "z": 1.5084969997406006
        },
        "tail": {
          "x": 0.023708701133728027,
          "y": -0.0033304765820503235,
          "z": 1.5979363918304443
        },
        "rotation_quaternion": {
          "w": 0.5065439343452454,
          "x": 0.8575367331504822,
          "y": 0.020814722403883934,
          "z": 0.08724011480808258
        },
        "matrix": [
          [
            0.98391193151474,
            -0.05268310755491257,
            0.1707099825143814,
            0.02910984307527542
          ],
          [
            0.12408041954040527,
            -0.4859597682952881,
            -0.8651285767555237,
            0.04649076610803604
          ],
          [
            0.12853682041168213,
            0.8723976016044617,
            -0.47160863876342773,
            1.5084969997406006
          ],
          [
            0.0,
            0.0,
            0.0,
            1.0
          ]
        ]
      },
      "bone_length_armature_space": 0.10252187019219071,
      "parent": "spine_01",
      "has_children": true,
      "is_end_bone": false
    },
    "head": {
      "name": "head",
      "local": {
        "location": {
          "x": 0.0,
          "y": 0.0,
          "z": 0.0
        },
        "rotation_quaternion": {
          "w": 0.9996604919433594,
          "x": 0.013811231590807438,
          "y": -0.0020665701013058424,
          "z": -0.02199755795300007
        },
        "scale": {
          "x": 1.0,
          "y": 1.0,
          "z": 1.0
        },
        "matrix_basis": [
          [
            0.9990236759185791,
            0.04392309486865997,
            -0.004739363677799702,
            0.0
          ],
          [
            -0.044037263840436935,
            0.9986507296562195,
            -0.027522165328264236,
            0.0
          ],
          [
            0.003524110186845064,
            0.02770400419831276,
            0.9996099472045898,
            0.0
          ],
          [
            0.0,
            0.0,
            0.0,
            1.0
          ]
        ],
        "rotation_mode": "QUATERNION"
      },
      "armature_space": {
        "head": {
          "x": 0.023708730936050415,
          "y": -0.0665745735168457,
          "z": 0.6480822563171387
        },
        "tail": {
          "x": 0.013741043396294117,
          "y": -0.09172198176383972,
          "z": 0.8007962107658386
        }
      },
      "world_space": {
        "head": {
          "x": 0.023708730936050415,
          "y": -0.0033305734395980835,
          "z": 1.5979362726211548
        },
        "tail": {
          "x": 0.013741043396294117,
          "y": -0.028477981686592102,
          "z": 1.75065016746521
        },
        "rotation_quaternion": {
          "w": 0.6469497084617615,
          "x": 0.7588156461715698,
          "y": 0.019558226689696312,
          "z": 0.07261187583208084
        },
        "matrix": [
          [
            0.9886900782585144,
            -0.0642702579498291,
            0.13550394773483276,
            0.023708730936050415
          ],
          [
            0.12363418191671371,
            -0.16214700043201447,
            -0.978990912437439,
            -0.0033305734395980835
          ],
          [
            0.08489220589399338,
            0.9846782684326172,
            -0.15236897766590118,
            1.5979362726211548
          ],
          [
            0.0,
            0.0,
            0.0,
            1.0
          ]
        ]
      },
      "bone_length_armature_space": 0.1550912606270819,
      "parent": "neck_01",
      "has_children": false,
      "is_end_bone": true
    },
    "upperarm_l": {
      "name": "upperarm_l",
      "local": {
        "location": {
          "x": 0.0,
          "y": 0.0,
          "z": 0.0
        },
        "rotation_quaternion": {
          "w": 0.8534890413284302,
          "x": 0.40714988112449646,
          "y": -0.19175975024700165,
          "z": 0.26270487904548645
        },
        "scale": {
          "x": 1.0,
          "y": 1.0,
          "z": 1.0
        },
        "matrix_basis": [
          [
            0.7884286642074585,
            -0.6045814156532288,
            -0.11340916901826859,
            0.0
          ],
          [
            0.29228153824806213,
            0.530430257320404,
            -0.7957483530044556,
            0.0
          ],
          [
            0.5412502288818359,
            0.5942434668540955,
            0.5949143171310425,
            0.0
          ],
          [
            0.0,
            0.0,
            0.0,
            1.0
          ]
        ],
        "rotation_mode": "QUATERNION"
      },
      "armature_space": {
        "head": {
          "x": 0.17545245587825775,
          "y": -0.01650625839829445,
          "z": 0.48373690247535706
        },
        "tail": {
          "x": 0.34111639857292175,
          "y": -0.16300226747989655,
          "z": 0.6350719332695007
        }
      },
      "world_space": {
        "head": {
          "x": 0.17545245587825775,
          "y": 0.04673774167895317,
          "z": 1.4335908889770508
        },
        "tail": {
          "x": 0.34111639857292175,
          "y": -0.09975826740264893,
          "z": 1.584925889968872
        },
        "rotation_quaternion": {
          "w": 0.47468847036361694,
          "x": 0.6410191059112549,
          "y": 0.0363975428044796,
          "z": -0.6020305156707764
        },
        "matrix": [
          [
            0.2724701762199402,
            0.6182195544242859,
            -0.7372685074806213,
            0.17545245587825775
          ],
          [
            -0.5248910784721375,
            -0.5466892719268799,
            -0.6523960828781128,
            0.04673774167895317
          ],
          [
            -0.8063867092132568,
            0.5647474527359009,
            0.17554211616516113,
            1.4335908889770508
          ],
          [
            0.0,
            0.0,
            0.0,
            1.0
          ]
        ]
      },
      "bone_length_armature_space": 0.26796998963472446,
      "parent": "spine_01",
      "has_children": true,
      "is_end_bone": false
    },
    "lowerarm_l": {
      "name": "lowerarm_l",
      "local": {
        "location": {
          "x": 0.0,
          "y": 0.0,
          "z": 0.0
        },
        "rotation_quaternion": {
          "w": 0.8521512746810913,
          "x": 0.481118768453598,
          "y": -0.1963070183992386,
          "z": 0.0618598572909832
        },
        "scale": {
          "x": 1.0,
          "y": 1.0,
          "z": 1.0
        },
        "matrix_basis": [
          [
            0.9152738451957703,
            -0.2943218946456909,
            -0.27504268288612366,
            0.0
          ],
          [
            -0.0834660679101944,
            0.5293961763381958,
            -0.8442589640617371,
            0.0
          ],
          [
            0.3940904140472412,
            0.7956848740577698,
            0.45997658371925354,
            0.0
          ],
          [
            0.0,
            0.0,
            0.0,
            1.0
          ]
        ],
        "rotation_mode": "QUATERNION"
      },
      "armature_space": {
        "head": {
          "x": 0.34111636877059937,
          "y": -0.16300228238105774,
          "z": 0.6350721120834351
        },
        "tail": {
          "x": 0.21906809508800507,
          "y": -0.30132752656936646,
          "z": 0.8288249969482422
        }
      },
      "world_space": {
        "head": {
          "x": 0.34111636877059937,
          "y": -0.09975828230381012,
          "z": 1.5849261283874512
        },
        "tail": {
          "x": 0.21906809508800507,
          "y": -0.23808352649211884,
          "z": 1.7786790132522583
        },
        "rotation_quaternion": {
          "w": 0.11565236002206802,
          "x": 0.6245952248573303,
          "y": -0.4775930345058441,
          "z": -0.606968104839325
        },
        "matrix": [
          [
            -0.1930110603570938,
            -0.45621347427368164,
            -0.8686865568161011,
            0.34111636877059937
          ],
          [
            -0.7369999885559082,
            -0.5170564651489258,
            0.4352976977825165,
            -0.09975828230381012
          ],
          [
            -0.6477535963058472,
            0.724243700504303,
            -0.23643270134925842,
            1.5849261283874512
          ],
          [
            0.0,
            0.0,
            0.0,
            1.0
          ]
        ]
      },
      "bone_length_armature_space": 0.2675253875301972,
      "parent": "upperarm_l",
      "has_children": true,
      "is_end_bone": false
    },
    "metacarpal_thumb_l": {
      "name": "metacarpal_thumb_l",
      "local": {
        "location": {
          "x": 0.0,
          "y": 0.0,
          "z": 0.0
        },
        "rotation_quaternion": {
          "w": 0.998837411403656,
          "x": -0.04645823314785957,
          "y": -0.010973665863275528,
          "z": 0.006714963354170322
        },
        "scale": {
          "x": 1.0,
          "y": 1.0,
          "z": 1.0
        },
        "matrix_basis": [
          [
            0.9996689558029175,
            -0.0123946787789464,
            -0.022545747458934784,
            0.0
          ],
          [
            0.014433947391808033,
            0.9955930709838867,
            0.0926610678434372,
            0.0
          ],
          [
            0.021297885105013847,
            -0.0929558202624321,
            0.9954424500465393,
            0.0
          ],
          [
            0.0,
            0.0,
            0.0,
            1.0
          ]
        ],
        "rotation_mode": "QUATERNION"
      },
      "armature_space": {
        "head": {
          "x": 0.21906809508800507,
          "y": -0.30132752656936646,
          "z": 0.8288249969482422
        },
        "tail": {
          "x": 0.17442283034324646,
          "y": -0.3120121359825134,
          "z": 0.8474322557449341
        }
      },
      "world_space": {
        "head": {
          "x": 0.21906809508800507,
          "y": -0.23808352649211884,
          "z": 1.7786790132522583
        },
        "tail": {
          "x": 0.17442283034324646,
          "y": -0.2487681359052658,
          "z": 1.7972862720489502
        },
        "rotation_quaternion": {
          "w": 0.33566948771476746,
          "x": 0.7682992219924927,
          "y": -0.5286521911621094,
          "z": 0.1325487196445465
        },
        "matrix": [
          [
            0.4059143364429474,
            -0.9013113379478455,
            -0.15123286843299866,
            0.21906809508800507
          ],
          [
            -0.7233424186706543,
            -0.21570385992527008,
            -0.6559329032897949,
            -0.23808352649211884
          ],
          [
            0.5585814118385315,
            0.37564817070961,
            -0.7395195960998535,
            1.7786790132522583
          ],
          [
            0.0,
            0.0,
            0.0,
            1.0
          ]
        ]
      },
      "bone_length_armature_space": 0.049533731330446744,
      "parent": "lowerarm_l",
      "has_children": true,
      "is_end_bone": false
    },
    "thumb_01_l": {
      "name": "thumb_01_l",
      "local": {
        "location": {
          "x": 0.0,
          "y": 0.0,
          "z": 0.0
        },
        "rotation_quaternion": {
          "w": 0.9960386753082275,
          "x": -0.08777403086423874,
          "y": -0.009006572887301445,
          "z": -0.011031383648514748
        },
        "scale": {
          "x": 1.0,
          "y": 1.0,
          "z": 1.0
        },
        "matrix_basis": [
          [
            0.9995943903923035,
            0.023556455969810486,
            -0.016005251556634903,
            0.0
          ],
          [
            -0.020394282415509224,
            0.9843480587005615,
            0.17505137622356415,
            0.0
          ],
          [
            0.0198783278465271,
            -0.17465394735336304,
            0.9844291806221008,
            0.0
          ],
          [
            0.0,
            0.0,
            0.0,
            1.0
          ]
        ],
        "rotation_mode": "QUATERNION"
      },
      "armature_space": {
        "head": {
          "x": 0.17442283034324646,
          "y": -0.3120121359825134,
          "z": 0.8474322557449341
        },
        "tail": {
          "x": 0.14675568044185638,
          "y": -0.32520097494125366,
          "z": 0.832626461982727
        }
      },
      "world_space": {
        "head": {
          "x": 0.17442283034324646,
          "y": -0.2487681359052658,
          "z": 1.7972862720489502
        },
        "tail": {
          "x": 0.14675568044185638,
          "y": -0.26195698976516724,
          "z": 1.7824804782867432
        },
        "rotation_quaternion": {
          "w": 0.3524166941642761,
          "x": 0.31595900654792786,
          "y": -0.42669546604156494,
          "z": 0.7706512808799744
        },
        "matrix": [
          [
            -0.5519446730613708,
            -0.8128175139427185,
            0.18623825907707214,
            0.17442283034324646
          ],
          [
            0.27354666590690613,
            -0.38746726512908936,
            -0.8803646564483643,
            -0.2487681359052658
          ],
          [
            0.7877426147460938,
            -0.4349709749221802,
            0.43620622158050537,
            1.7972862720489502
          ],
          [
            0.0,
            0.0,
            0.0,
            1.0
          ]
        ]
      },
      "bone_length_armature_space": 0.034038628134857356,
      "parent": "metacarpal_thumb_l",
      "has_children": true,
      "is_end_bone": false
    },
    "thumb_02_l": {
      "name": "thumb_02_l",
      "local": {
        "location": {
          "x": 0.0,
          "y": 0.0,
          "z": 0.0
        },
        "rotation_quaternion": {
          "w": 0.996990442276001,
          "x": 0.07699835300445557,
          "y": 0.004708056803792715,
          "z": -0.007693339139223099
        },
        "scale": {
          "x": 1.0,
          "y": 1.0,
          "z": 1.0
        },
        "matrix_basis": [
          [
            0.9998372793197632,
            0.01606539636850357,
            0.008203026838600636,
            0.0
          ],
          [
            -0.014615345746278763,
            0.988024115562439,
            -0.15360568463802338,
            0.0
          ],
          [
            -0.010572523809969425,
            0.1534608006477356,
            0.9880982041358948,
            0.0
          ],
          [
            0.0,
            0.0,
            0.0,
            1.0
          ]
        ],
        "rotation_mode": "QUATERNION"
      },
      "armature_space": {
        "head": {
          "x": 0.14675569534301758,
          "y": -0.3252009451389313,
          "z": 0.832626461982727
        },
        "tail": {
          "x": 0.12521205842494965,
          "y": -0.34612366557121277,
          "z": 0.8592966794967651
        }
      },
      "world_space": {
        "head": {
          "x": 0.14675569534301758,
          "y": -0.26195693016052246,
          "z": 1.7824804782867432
        },
        "tail": {
          "x": 0.12521205842494965,
          "y": -0.28287965059280396,
          "z": 1.8091506958007812
        },
        "rotation_quaternion": {
          "w": 0.4239625334739685,
          "x": 0.31385934352874756,
          "y": 0.24452432990074158,
          "z": 0.8136067986488342
        },
        "matrix": [
          [
            -0.44349509477615356,
            -0.5363863110542297,
            0.7180541753768921,
            0.14675569534301758
          ],
          [
            0.8433708548545837,
            -0.520926833152771,
            0.13176265358924866,
            -0.26195693016052246
          ],
          [
            0.30338072776794434,
            0.664026141166687,
            0.6834057569503784,
            1.7824804782867432
          ],
          [
            0.0,
            0.0,
            0.0,
            1.0
          ]
        ]
      },
      "bone_length_armature_space": 0.04016452488009786,
      "parent": "thumb_01_l",
      "has_children": true,
      "is_end_bone": false
    },
    "thumb_03_l": {
      "name": "thumb_03_l",
      "local": {
        "location": {
          "x": 0.0,
          "y": 0.0,
          "z": 0.0
        },
        "rotation_quaternion": {
          "w": 0.9976173639297485,
          "x": 0.0688692256808281,
          "y": 0.0003281054669059813,
          "z": 0.004072831477969885
        },
        "scale": {
          "x": 1.0,
          "y": 1.0,
          "z": 1.0
        },
        "matrix_basis": [
          [
            0.9999666213989258,
            -0.008081061765551567,
            0.0012156328884884715,
            0.0
          ],
          [
            0.008171447552740574,
            0.990480899810791,
            -0.1374076008796692,
            0.0
          ],
          [
            -9.366191807202995e-05,
            0.13741295039653778,
            0.9905138611793518,
            0.0
          ],
          [
            0.0,
            0.0,
            0.0,
            1.0
          ]
        ],
        "rotation_mode": "QUATERNION"
      },
      "armature_space": {
        "head": {
          "x": 0.12521201372146606,
          "y": -0.3461235761642456,
          "z": 0.8592966198921204
        },
        "tail": {
          "x": 0.12049180269241333,
          "y": -0.3619222044944763,
          "z": 0.8848900198936462
        }
      },
      "world_space": {
        "head": {
          "x": 0.12521201372146606,
          "y": -0.2828795909881592,
          "z": 1.8091506958007812
        },
        "tail": {
          "x": 0.12049180269241333,
          "y": -0.2986782193183899,
          "z": 1.8347439765930176
        },
        "rotation_quaternion": {
          "w": 0.22194088995456696,
          "x": 0.24687480926513672,
          "y": 0.4373548924922943,
          "z": 0.8357726335525513
        },
        "matrix": [
          [
            -0.7795901298522949,
            -0.15504106879234314,
            0.606796145439148,
            0.12521201372146606
          ],
          [
            0.5869284868240356,
            -0.5189260244369507,
            0.621475100517273,
            -0.2828795909881592
          ],
          [
            0.2185300886631012,
            0.8406471014022827,
            0.4955514371395111,
            1.8091506958007812
          ],
          [
            0.0,
            0.0,
            0.0,
            1.0
          ]
        ]
      },
      "bone_length_armature_space": 0.030445018547620335,
      "parent": "thumb_02_l",
      "has_children": false,
      "is_end_bone": true
    },
    "metacarpal_index_l": {
      "name": "metacarpal_index_l",
      "local": {
        "location": {
          "x": 0.0,
          "y": 0.0,
          "z": 0.0
        },
        "rotation_quaternion": {
          "w": 0.9981100559234619,
          "x": -0.05563512071967125,
          "y": -0.02345198765397072,
          "z": -0.011451604776084423
        },
        "scale": {
          "x": 1.0,
          "y": 1.0,
          "z": 1.0
        },
        "matrix_basis": [
          [
            0.9986377358436584,
            0.025469431653618813,
            -0.04554110765457153,
            0.0
          ],
          [
            -0.020250415429472923,
            0.9935472011566162,
            0.11159707605838776,
            0.0
          ],
          [
            0.04808955267071724,
            -0.11052282154560089,
            0.9927094578742981,
            0.0
          ],
          [
            0.0,
            0.0,
            0.0,
            1.0
          ]
        ],
        "rotation_mode": "QUATERNION"
      },
      "armature_space": {
        "head": {
          "x": 0.21906809508800507,
          "y": -0.30132752656936646,
          "z": 0.8288249969482422
        },
        "tail": {
          "x": 0.14482033252716064,
          "y": -0.3468698561191559,
          "z": 0.9071989059448242
        }
      },
      "world_space": {
        "head": {
          "x": 0.21906809508800507,
          "y": -0.23808352649211884,
          "z": 1.7786790132522583
        },
        "tail": {
          "x": 0.14482033252716064,
          "y": -0.28362584114074707,
          "z": 1.8570529222488403
        },
        "rotation_quaternion": {
          "w": 0.2859073579311371,
          "x": 0.8033217787742615,
          "y": -0.473198264837265,
          "z": -0.22139255702495575
        },
        "matrix": [
          [
            0.4541362226009369,
            -0.6336662173271179,
            -0.6262809634208679,
            0.21906809508800507
          ],
          [
            -0.8868572115898132,
            -0.38868027925491333,
            -0.24982468783855438,
            -0.23808352649211884
          ],
          [
            -0.08511906862258911,
            0.6688804626464844,
            -0.7384901642799377,
            1.7786790132522583
          ],
          [
            0.0,
            0.0,
            0.0,
            1.0
          ]
        ]
      },
      "bone_length_armature_space": 0.11717211105711035,
      "parent": "lowerarm_l",
      "has_children": true,
      "is_end_bone": false
    },
    "index_01_l": {
      "name": "index_01_l",
      "local": {
        "location": {
          "x": 0.0,
          "y": 0.0,
          "z": 0.0
        },
        "rotation_quaternion": {
          "w": 0.9929811954498291,
          "x": -0.11822950094938278,
          "y": -0.0009738935041241348,
          "z": 0.0030595341231673956
        },
        "scale": {
          "x": 1.0,
          "y": 1.0,
          "z": 1.0
        },
        "matrix_basis": [
          [
            0.9999793767929077,
            -0.005845834035426378,
            -0.0026575701776891947,
            0.0
          ],
          [
            0.006306405644863844,
            0.9720248579978943,
            0.23479337990283966,
            0.0
          ],
          [
            0.001210661488585174,
            -0.23480530083179474,
            0.972041666507721,
            0.0
          ],
          [
            0.0,
            0.0,
            0.0,
            1.0
          ]
        ],
        "rotation_mode": "QUATERNION"
      },
      "armature_space": {
        "head": {
          "x": 0.14482033252716064,
          "y": -0.3468698561191559,
          "z": 0.9071989059448242
        },
        "tail": {
          "x": 0.13952644169330597,
          "y": -0.36199507117271423,
          "z": 0.9307844638824463
        }
      },
      "world_space": {
        "head": {
          "x": 0.14482033252716064,
          "y": -0.28362584114074707,
          "z": 1.8570529222488403
        },
        "tail": {
          "x": 0.13952644169330597,
          "y": -0.2987510561943054,
          "z": 1.8806384801864624
        },
        "rotation_quaternion": {
          "w": 0.40164926648139954,
          "x": 0.8146784901618958,
          "y": -0.2710295021533966,
          "z": -0.31862175464630127
        },
        "matrix": [
          [
            0.6500465273857117,
            -0.18565677106380463,
            -0.7368659973144531,
            0.14482033252716064
          ],
          [
            -0.6975526809692383,
            -0.5304417610168457,
            -0.4817180037498474,
            -0.28362584114074707
          ],
          [
            -0.3014330565929413,
            0.8271470069885254,
            -0.47432053089141846,
            1.8570529222488403
          ],
          [
            0.0,
            0.0,
            0.0,
            1.0
          ]
        ]
      },
      "bone_length_armature_space": 0.028514487126925094,
      "parent": "metacarpal_index_l",
      "has_children": true,
      "is_end_bone": false
    },
    "index_02_l": {
      "name": "index_02_l",
      "local": {
        "location": {
          "x": 0.0,
          "y": 0.0,
          "z": 0.0
        },
        "rotation_quaternion": {
          "w": 0.9983046054840088,
          "x": 0.057735294103622437,
          "y": 0.003754930105060339,
          "z": 0.006362618412822485
        },
        "scale": {
          "x": 1.0,
          "y": 1.0,
          "z": 1.0
        },
        "matrix_basis": [
          [
            0.9998908638954163,
            -0.012270078994333744,
            0.008231823332607746,
            0.0
          ],
          [
            0.01313724648207426,
            0.9932522773742676,
            -0.11522703617811203,
            0.0
          ],
          [
            -0.006762432865798473,
            0.11532260477542877,
            0.9933050870895386,
            0.0
          ],
          [
            0.0,
            0.0,
            0.0,
            1.0
          ]
        ],
        "rotation_mode": "QUATERNION"
      },
      "armature_space": {
        "head": {
          "x": 0.13952597975730896,
          "y": -0.36199524998664856,
          "z": 0.9307847023010254
        },
        "tail": {
          "x": 0.13345535099506378,
          "y": -0.3767453134059906,
          "z": 0.9508764743804932
        }
      },
      "world_space": {
        "head": {
          "x": 0.13952597975730896,
          "y": -0.29875123500823975,
          "z": 1.8806387186050415
        },
        "tail": {
          "x": 0.13345535099506378,
          "y": -0.3135012984275818,
          "z": 1.9007304906845093
        },
        "rotation_quaternion": {
          "w": 0.3585362136363983,
          "x": 0.8220167756080627,
          "y": -0.28976306319236755,
          "z": -0.3343314528465271
        },
        "matrix": [
          [
            0.6085196733474731,
            -0.2366417944431305,
            -0.7574331164360046,
            0.13952597975730896
          ],
          [
            -0.7161207795143127,
            -0.574978232383728,
            -0.3956913352012634,
            -0.29875123500823975
          ],
          [
            -0.34187349677085876,
            0.7832040786743164,
            -0.5193532705307007,
            1.8806387186050415
          ],
          [
            0.0,
            0.0,
            0.0,
            1.0
          ]
        ]
      },
      "bone_length_armature_space": 0.02565338581067604,
      "parent": "index_01_l",
      "has_children": true,
      "is_end_bone": false
    },
    "index_03_l": {
      "name": "index_03_l",
      "local": {
        "location": {
          "x": 0.0,
          "y": 0.0,
          "z": 0.0
        },
        "rotation_quaternion": {
          "w": 0.9994961619377136,
          "x": 0.030130969360470772,
          "y": -0.009677836671471596,
          "z": -0.002461283002048731
        },
        "scale": {
          "x": 1.0,
          "y": 1.0,
          "z": 1.0
        },
        "matrix_basis": [
          [
            0.9998005628585815,
            0.004336880519986153,
            -0.01949424296617508,
            0.0
          ],
          [
            -0.005503290798515081,
            0.9981721043586731,
            -0.06018393486738205,
            0.0
          ],
          [
            0.019197599962353706,
            0.06027921661734581,
            0.9979969263076782,
            0.0
          ],
          [
            0.0,
            0.0,
            0.0,
            1.0
          ]
        ],
        "rotation_mode": "QUATERNION"
      },
      "armature_space": {
        "head": {
          "x": 0.13345544040203094,
          "y": -0.37674522399902344,
          "z": 0.9508765339851379
        },
        "tail": {
          "x": 0.12514671683311462,
          "y": -0.39705294370651245,
          "z": 0.9701715707778931
        }
      },
      "world_space": {
        "head": {
          "x": 0.13345544040203094,
          "y": -0.313501238822937,
          "z": 1.9007306098937988
        },
        "tail": {
          "x": 0.12514671683311462,
          "y": -0.333808958530426,
          "z": 1.9200255870819092
        },
        "rotation_quaternion": {
          "w": 0.2863534688949585,
          "x": 0.8675943613052368,
          "y": -0.26549816131591797,
          "z": -0.30788397789001465
        },
        "matrix": [
          [
            0.6694363951683044,
            -0.284363329410553,
            -0.6862893104553223,
            0.13345544040203094
          ],
          [
            -0.6370173692703247,
            -0.695024847984314,
            -0.33339136838912964,
            -0.313501238822937
          ],
          [
            -0.3821871280670166,
            0.6603661179542542,
            -0.6464236378669739,
            1.9007306098937988
          ],
          [
            0.0,
            0.0,
            0.0,
            1.0
          ]
        ]
      },
      "bone_length_armature_space": 0.02921877511820727,
      "parent": "index_02_l",
      "has_children": false,
      "is_end_bone": true
    },
    "metacarpal_pinky_l": {
      "name": "metacarpal_pinky_l",
      "local": {
        "location": {
          "x": 0.0,
          "y": 0.0,
          "z": 0.0
        },
        "rotation_quaternion": {
          "w": 0.9998803734779358,
          "x": 0.0050131287425756454,
          "y": -0.01390296034514904,
          "z": -0.004561241250485182
        },
        "scale": {
          "x": 1.0,
          "y": 1.0,
          "z": 1.0
        },
        "matrix_basis": [
          [
            0.9995718002319336,
            0.008981996215879917,
            -0.027848325669765472,
            0.0
          ],
          [
            -0.009260785765945911,
            0.9999081492424011,
            -0.009898228570818901,
            0.0
          ],
          [
            0.027756862342357635,
            0.010151887312531471,
            0.9995631575584412,
            0.0
          ],
          [
            0.0,
            0.0,
            0.0,
            1.0
          ]
        ],
        "rotation_mode": "QUATERNION"
      },
      "armature_space": {
        "head": {
          "x": 0.21906809508800507,
          "y": -0.30132752656936646,
          "z": 0.8288249969482422
        },
        "tail": {
          "x": 0.20017431676387787,
          "y": -0.36592572927474976,
          "z": 0.9082818627357483
        }
      },
      "world_space": {
        "head": {
          "x": 0.21906809508800507,
          "y": -0.23808352649211884,
          "z": 1.7786790132522583
        },
        "tail": {
          "x": 0.20017431676387787,
          "y": -0.30268174409866333,
          "z": 1.8581359386444092
        },
        "rotation_quaternion": {
          "w": 0.0724058672785759,
          "x": -0.05980280414223671,
          "y": 0.4296266734600067,
          "z": 0.8981103301048279
        },
        "matrix": [
          [
            -0.9823622703552246,
            -0.18144285678863525,
            -0.045203544199466705,
            0.21906809508800507
          ],
          [
            0.07867162674665451,
            -0.620356559753418,
            0.7803646326065063,
            -0.23808352649211884
          ],
          [
            -0.16963468492031097,
            0.7630491256713867,
            0.6236940622329712,
            1.7786790132522583
          ],
          [
            0.0,
            0.0,
            0.0,
            1.0
          ]
        ]
      },
      "bone_length_armature_space": 0.10413114771350929,
      "parent": "lowerarm_l",
      "has_children": true,
      "is_end_bone": false
    },
    "pinky_01_l": {
      "name": "pinky_01_l",
      "local": {
        "location": {
          "x": 0.0,
          "y": 0.0,
          "z": 0.0
        },
        "rotation_quaternion": {
          "w": 0.9893890619277954,
          "x": -0.14522989094257355,
          "y": 0.0007691036444157362,
          "z": 0.004133100621402264
        },
        "scale": {
          "x": 1.0,
          "y": 1.0,
          "z": 1.0
        },
        "matrix_basis": [
          [
            0.9999646544456482,
            -0.008401882834732533,
            0.0003213859745301306,
            0.0
          ],
          [
            0.00795509573072195,
            0.9577823877334595,
            0.2873840928077698,
            0.0
          ],
          [
            -0.002722384873777628,
            -0.28737136721611023,
            0.9578153491020203,
            0.0
          ],
          [
            0.0,
            0.0,
            0.0,
            1.0
          ]
        ],
        "rotation_mode": "QUATERNION"
      },
      "armature_space": {
        "head": {
          "x": 0.20017431676387787,
          "y": -0.36592572927474976,
