{
  "metadata": {
    "armature_name": "KIM_caucasian_male",
    "export_time": "2026-01-13T21:04:24.007173",
    "blender_version": "4.4.1",
    "bone_count": 56,
    "end_bone_count": 13,
    "spaces_included": [
      "LOCAL_CHANNELS",
      "ARMATURE_SPACE",
      "WORLD_SPACE"
    ],
    "note": "LOCAL matches Transform panel; replay pose via local.matrix_basis for best fidelity."
  },
  "bones": {
    "Root": {
      "name": "Root",
      "local": {
        "location": {
          "x": 0.0,
          "y": 0.0,
          "z": 0.0
        },
        "rotation_quaternion": {
          "w": 0.9996427297592163,
          "x": 0.00033971824450418353,
          "y": -0.00958970282226801,
          "z": -0.024948550388216972
        },
        "scale": {
          "x": 1.0,
          "y": 1.0,
          "z": 1.0
        },
        "matrix_basis": [
          [
            0.9985712170600891,
            0.049872759729623795,
            -0.01918950490653515,
            0.0
          ],
          [
            -0.049885790795087814,
            0.9987549185752869,
            -0.00020069537276867777,
            0.0
          ],
          [
            0.019155602902173996,
            0.0011576921679079533,
            0.999815821647644,
            0.0
          ],
          [
            0.0,
            0.0,
            0.0,
            1.0
          ]
        ],
        "rotation_mode": "QUATERNION"
      },
      "armature_space": {
        "head": {
          "x": 0.0,
          "y": 0.07072800397872925,
          "z": -0.009595036506652832
        },
        "tail": {
          "x": 0.0035597116220742464,
          "y": 7.695704698562622e-05,
          "z": -9.382888674736023e-05
        }
      },
      "world_space": {
        "head": {
          "x": 0.0,
          "y": 0.13397200405597687,
          "z": 0.9402589797973633
        },
        "tail": {
          "x": 0.0035597116220742464,
          "y": 0.06332095712423325,
          "z": 0.9497601985931396
        },
        "rotation_quaternion": {
          "w": 0.06700464338064194,
          "x": 0.9973946213722229,
          "y": 0.024245837703347206,
          "z": -0.011248650029301643
        },
        "matrix": [
          [
            0.9985712170600891,
            0.049872759729623795,
            -0.01918950490653515,
            0.0
          ],
          [
            0.04685790464282036,
            -0.9898450374603271,
            -0.13420605659484863,
            0.13397200405597687
          ],
          [
            -0.025687996298074722,
            0.13311512768268585,
            -0.9907746911048889,
            0.9402589797973633
          ],
          [
            0.0,
            0.0,
            0.0,
            1.0
          ]
        ]
      },
      "bone_length_armature_space": 0.07137587112418801,
      "parent": null,
      "has_children": true,
      "is_end_bone": false
    },
    "spine_01": {
      "name": "spine_01",
      "local": {
        "location": {
          "x": 0.0,
          "y": 0.0,
          "z": 0.0
        },
        "rotation_quaternion": {
          "w": 0.9987980127334595,
          "x": -0.04729894548654556,
          "y": 0.006616960745304823,
          "z": -0.011030514724552631
        },
        "scale": {
          "x": 1.0,
          "y": 1.0,
          "z": 1.0
        },
        "matrix_basis": [
          [
            0.999669075012207,
            0.021408561617136,
            0.014261477626860142,
            0.0
          ],
          [
            -0.02266046218574047,
            0.9952822923660278,
            0.09433820843696594,
            0.0
          ],
          [
            -0.012174551375210285,
            -0.0946301594376564,
            0.9954380393028259,
            0.0
          ],
          [
            0.0,
            0.0,
            0.0,
            1.0
          ]
        ],
        "rotation_mode": "QUATERNION"
      },
      "armature_space": {
        "head": {
          "x": 0.0035597116220742464,
          "y": 7.695704698562622e-05,
          "z": -9.382888674736023e-05
        },
        "tail": {
          "x": 0.023191040381789207,
          "y": 0.06928368657827377,
          "z": 0.4825795292854309
        }
      },
      "world_space": {
        "head": {
          "x": 0.0035597116220742464,
          "y": 0.06332095712423325,
          "z": 0.9497601985931396
        },
        "tail": {
          "x": 0.023191040381789207,
          "y": 0.1325276792049408,
          "z": 1.4324336051940918
        },
        "rotation_quaternion": {
          "w": 0.7546552419662476,
          "x": 0.6550247669219971,
          "y": 0.0374651663005352,
          "z": 0.005865715444087982
        },
        "matrix": [
          [
            0.9971239566802979,
            0.04022803157567978,
            0.06423068046569824,
            0.0035597116220742464
          ],
          [
            0.057934124022722244,
            0.14181670546531677,
            -0.9881961941719055,
            0.06332095712423325
          ],
          [
            -0.04886245355010033,
            0.9890822172164917,
            0.1390783190727234,
            0.9497601985931396
          ],
          [
            0.0,
            0.0,
            0.0,
            1.0
          ]
        ]
      },
      "bone_length_armature_space": 0.48800463217143303,
      "parent": "Root",
      "has_children": true,
      "is_end_bone": false
    },
    "neck_01": {
      "name": "neck_01",
      "local": {
        "location": {
          "x": 0.0,
          "y": 0.0,
          "z": 0.0
        },
        "rotation_quaternion": {
          "w": 0.9943897724151611,
          "x": 0.04290050268173218,
          "y": -0.02371695451438427,
          "z": -0.0937337800860405
        },
        "scale": {
          "x": 1.0,
          "y": 1.0,
          "z": 1.0
        },
        "matrix_basis": [
          [
            0.9813029766082764,
            0.1843808889389038,
            -0.05521024763584137,
            0.0
          ],
          [
            -0.18845076858997345,
            0.9787470698356628,
            -0.08087348192930222,
            0.0
          ],
          [
            0.039125341922044754,
            0.08976580202579498,
            0.9951940774917603,
            0.0
          ],
          [
            0.0,
            0.0,
            0.0,
            1.0
          ]
        ],
        "rotation_mode": "QUATERNION"
      },
      "armature_space": {
        "head": {
          "x": 0.028364025056362152,
          "y": 0.04539620503783226,
          "z": 0.5598218441009521
        },
        "tail": {
          "x": 0.05378664284944534,
          "y": 0.0130433589220047,
          "z": 0.6537246108055115
        }
      },
      "world_space": {
        "head": {
          "x": 0.028364025056362152,
          "y": 0.10864020884037018,
          "z": 1.5096758604049683
        },
        "tail": {
          "x": 0.05378664284944534,
          "y": 0.07628735899925232,
          "z": 1.6035785675048828
        },
        "rotation_quaternion": {
          "w": 0.576987624168396,
          "x": 0.8070850968360901,
          "y": 0.09643233567476273,
          "z": -0.07999777048826218
        },
        "matrix": [
          [
            0.9686022996902466,
            0.24797390401363373,
            -0.017848219722509384,
            0.028364025056362152
          ],
          [
            0.06334398686885834,
            -0.3155718147754669,
            -0.9467850923538208,
            0.10864020884037018
          ],
          [
            -0.24041199684143066,
            0.9159337282180786,
            -0.3213742971420288,
            1.5096758604049683
          ],
          [
            0.0,
            0.0,
            0.0,
            1.0
          ]
        ]
      },
      "bone_length_armature_space": 0.10252192813902393,
      "parent": "spine_01",
      "has_children": true,
      "is_end_bone": false
    },
    "head": {
      "name": "head",
      "local": {
        "location": {
          "x": 0.0,
          "y": 0.0,
          "z": 0.0
        },
        "rotation_quaternion": {
          "w": 0.9804754257202148,
          "x": -0.002407982014119625,
          "y": 0.14429448544979095,
          "z": 0.13357101380825043
        },
        "scale": {
          "x": 1.0,
          "y": 1.0,
          "z": 1.0
        },
        "matrix_basis": [
          [
            0.9226757884025574,
            -0.26262110471725464,
            0.2823111116886139,
            0.0
          ],
          [
            0.26123127341270447,
            0.9643059968948364,
            0.04326905682682991,
            0.0
          ],
          [
            -0.2835976779460907,
            0.033825188875198364,
            0.9583466053009033,
            0.0
          ],
          [
            0.0,
            0.0,
            0.0,
            1.0
          ]
        ],
        "rotation_mode": "QUATERNION"
      },
      "armature_space": {
        "head": {
          "x": 0.05378662049770355,
          "y": 0.01304323598742485,
          "z": 0.6537244915962219
        },
        "tail": {
          "x": 0.050139471888542175,
          "y": 0.012531640939414501,
          "z": 0.808772087097168
        }
      },
      "world_space": {
        "head": {
          "x": 0.05378662049770355,
          "y": 0.07628723978996277,
          "z": 1.6035785675048828
        },
        "tail": {
          "x": 0.050139471888542175,
          "y": 0.0757756382226944,
          "z": 1.758626103401184
        },
        "rotation_quaternion": {
          "w": 0.6960528492927551,
          "x": 0.6953820586204529,
          "y": 0.11773227900266647,
          "z": 0.13451151549816132
        },
        "matrix": [
          [
            0.9360914826393127,
            -0.02351631224155426,
            0.3509698510169983,
            0.05378662049770355
          ],
          [
            0.350992351770401,
            -0.0032986924052238464,
            -0.9363725185394287,
            0.07628723978996277
          ],
          [
            0.023178303614258766,
            0.9997251033782959,
            0.005165474489331245,
            1.6035785675048828
          ],
          [
            0.0,
            0.0,
            0.0,
            1.0
          ]
        ]
      },
      "bone_length_armature_space": 0.15509132770424874,
      "parent": "neck_01",
      "has_children": false,
      "is_end_bone": true
    },
    "upperarm_l": {
      "name": "upperarm_l",
      "local": {
        "location": {
          "x": 0.0,
          "y": 0.0,
          "z": 0.0
        },
        "rotation_quaternion": {
          "w": 0.8502469062805176,
          "x": 0.45096343755722046,
          "y": -0.22424185276031494,
          "z": 0.15306170284748077
        },
        "scale": {
          "x": 1.0,
          "y": 1.0,
          "z": 1.0
        },
        "matrix_basis": [
          [
            0.852575421333313,
            -0.4625302255153656,
            -0.24327142536640167,
            0.0
          ],
          [
            0.05803072452545166,
            0.5464081764221191,
            -0.8355062007904053,
            0.0
          ],
          [
            0.5193723440170288,
            0.6982148289680481,
            0.492695152759552,
            0.0
          ],
          [
            0.0,
            0.0,
            0.0,
            1.0
          ]
        ],
        "rotation_mode": "QUATERNION"
      },
      "armature_space": {
        "head": {
          "x": 0.17543382942676544,
          "y": 0.04140365496277809,
          "z": 0.4864620566368103
        },
        "tail": {
          "x": 0.3478098511695862,
          "y": -0.11504775285720825,
          "z": 0.6191922426223755
        }
      },
      "world_space": {
        "head": {
          "x": 0.17543382942676544,
          "y": 0.10464765131473541,
          "z": 1.4363160133361816
        },
        "tail": {
          "x": 0.3478098511695862,
          "y": -0.05180375277996063,
          "z": 1.5690462589263916
        },
        "rotation_quaternion": {
          "w": 0.4559156596660614,
          "x": 0.5655315518379211,
          "y": 0.014811546541750431,
          "z": -0.687092125415802
        },
        "matrix": [
          [
            0.055371396243572235,
            0.6432675123214722,
            -0.7636368274688721,
            0.17543382942676544
          ],
          [
            -0.6097599267959595,
            -0.5838404893875122,
            -0.5360256433486938,
            0.10464765131473541
          ],
          [
            -0.790655791759491,
            0.49531832337379456,
            0.3599127233028412,
            1.4363160133361816
          ],
          [
            0.0,
            0.0,
            0.0,
            1.0
          ]
        ]
      },
      "bone_length_armature_space": 0.2679698436648013,
      "parent": "spine_01",
      "has_children": true,
      "is_end_bone": false
    },
    "lowerarm_l": {
      "name": "lowerarm_l",
      "local": {
        "location": {
          "x": 0.0,
          "y": 0.0,
          "z": 0.0
        },
        "rotation_quaternion": {
          "w": 0.9377930760383606,
          "x": 0.2305121123790741,
          "y": 0.034218642860651016,
          "z": -0.25736624002456665
        },
        "scale": {
          "x": 1.0,
          "y": 1.0,
          "z": 1.0
        },
        "matrix_basis": [
          [
            0.865183413028717,
            0.498488187789917,
            -0.05447205901145935,
            0.0
          ],
          [
            -0.46693694591522217,
            0.7612535953521729,
            -0.44995877146720886,
            0.0
          ],
          [
            -0.18283207714557648,
            0.41473188996315,
            0.8913865089416504,
            0.0
          ],
          [
            0.0,
            0.0,
            0.0,
            1.0
          ]
        ],
        "rotation_mode": "QUATERNION"
      },
      "armature_space": {
        "head": {
          "x": 0.3478098511695862,
          "y": -0.11504774540662766,
          "z": 0.619192361831665
        },
        "tail": {
          "x": 0.36313048005104065,
          "y": -0.3726573884487152,
          "z": 0.689704418182373
        }
      },
      "world_space": {
        "head": {
          "x": 0.3478098511695862,
          "y": -0.051803745329380035,
          "z": 1.5690463781356812
        },
        "tail": {
          "x": 0.36313048005104065,
          "y": -0.3094133734703064,
          "z": 1.6395584344863892
        },
        "rotation_quaternion": {
          "w": 0.10958895087242126,
          "x": 0.6545905470848083,
          "y": -0.0807524248957634,
          "z": -0.7436267137527466
        },
        "matrix": [
          [
            -0.11900316178798676,
            0.057268112897872925,
            -0.9912410378456116,
            0.3478098511695862
          ],
          [
            -0.26870670914649963,
            -0.9629385471343994,
            -0.023373663425445557,
            -0.051803745329380035
          ],
          [
            -0.9558493494987488,
            0.2635723948478699,
            0.129982128739357,
            1.5690463781356812
          ],
          [
            0.0,
            0.0,
            0.0,
            1.0
          ]
        ]
      },
      "bone_length_armature_space": 0.2675245702512754,
      "parent": "upperarm_l",
      "has_children": true,
      "is_end_bone": false
    },
    "metacarpal_thumb_l": {
      "name": "metacarpal_thumb_l",
      "local": {
        "location": {
          "x": 0.0,
          "y": 0.0,
          "z": 0.0
        },
        "rotation_quaternion": {
          "w": 0.9991008043289185,
          "x": 0.04227520525455475,
          "y": 0.0009947152575477958,
          "z": -0.003054410219192505
        },
        "scale": {
          "x": 1.0,
          "y": 1.0,
          "z": 1.0
        },
        "matrix_basis": [
          [
            0.9999793767929077,
            0.006187431048601866,
            0.0017293900018557906,
            0.0
          ],
          [
            -0.00601922394707799,
            0.9964069724082947,
            -0.08448045700788498,
            0.0
          ],
          [
            -0.0022458932362496853,
            0.0844683051109314,
            0.9964236617088318,
            0.0
          ],
          [
            0.0,
            0.0,
            0.0,
            1.0
          ]
        ],
        "rotation_mode": "QUATERNION"
      },
      "armature_space": {
        "head": {
          "x": 0.36313048005104065,
          "y": -0.3726573884487152,
          "z": 0.689704418182373
        },
        "tail": {
          "x": 0.3354565501213074,
          "y": -0.41372036933898926,
          "z": 0.6909573674201965
        }
      },
      "world_space": {
        "head": {
          "x": 0.36313048005104065,
          "y": -0.3094133734703064,
          "z": 1.6395584344863892
        },
        "tail": {
          "x": 0.3354565501213074,
          "y": -0.35047638416290283,
          "z": 1.6408114433288574
        },
        "rotation_quaternion": {
          "w": 0.009872744791209698,
          "x": 0.9562296867370605,
          "y": -0.292244553565979,
          "z": -0.010974448174238205
        },
        "matrix": [
          [
            0.8289453983306885,
            -0.5586891770362854,
            -0.026758480817079544,
            0.36313048005104065
          ],
          [
            -0.559122622013092,
            -0.8289912939071655,
            -0.01246718317270279,
            -0.3094133734703064
          ],
          [
            -0.015218078158795834,
            0.025295346975326538,
            -0.9995709657669067,
            1.6395584344863892
          ],
          [
            0.0,
            0.0,
            0.0,
            1.0
          ]
        ]
      },
      "bone_length_armature_space": 0.0495336719069468,
      "parent": "lowerarm_l",
      "has_children": true,
      "is_end_bone": false
    },
    "thumb_01_l": {
      "name": "thumb_01_l",
      "local": {
        "location": {
          "x": 0.0,
          "y": 0.0,
          "z": 0.0
        },
        "rotation_quaternion": {
          "w": 0.94806969165802,
          "x": 0.3170778155326843,
          "y": -0.024372916668653488,
          "z": -0.0056166741997003555
        },
        "scale": {
          "x": 1.0,
          "y": 1.0,
          "z": 1.0
        },
        "matrix_basis": [
          [
            0.9987488389015198,
            -0.004806225188076496,
            -0.04977629333734512,
            0.0
          ],
          [
            -0.026106219738721848,
            0.7988602519035339,
            -0.6009499430656433,
            0.0
          ],
          [
            0.04265260323882103,
            0.6014975309371948,
            0.7977352142333984,
            0.0
          ],
          [
            0.0,
            0.0,
            0.0,
            1.0
          ]
        ],
        "rotation_mode": "QUATERNION"
      },
      "armature_space": {
        "head": {
          "x": 0.3354565501213074,
          "y": -0.41372036933898926,
          "z": 0.6909573674201965
        },
        "tail": {
          "x": 0.338068425655365,
          "y": -0.43971678614616394,
          "z": 0.6691399812698364
        }
      },
      "world_space": {
        "head": {
          "x": 0.3354565501213074,
          "y": -0.35047638416290283,
          "z": 1.6408114433288574
        },
        "tail": {
          "x": 0.338068425655365,
          "y": -0.3764727711677551,
          "z": 1.6189939975738525
        },
        "rotation_quaternion": {
          "w": 0.2234657257795334,
          "x": -0.5214188098907471,
          "y": 0.2611446976661682,
          "z": -0.7810179591178894
        },
        "matrix": [
          [
            -0.3563717305660248,
            0.0767325758934021,
            0.9311882257461548,
            0.3354565501213074
          ],
          [
            -0.6213928461074829,
            -0.7637336254119873,
            -0.17487728595733643,
            -0.35047638416290283
          ],
          [
            0.6977649331092834,
            -0.6409602165222168,
            0.3198559284210205,
            1.6408114433288574
          ],
          [
            0.0,
            0.0,
            0.0,
            1.0
          ]
        ]
      },
      "bone_length_armature_space": 0.0340387121341428,
      "parent": "metacarpal_thumb_l",
      "has_children": true,
      "is_end_bone": false
    },
    "thumb_02_l": {
      "name": "thumb_02_l",
      "local": {
        "location": {
          "x": 0.0,
          "y": 0.0,
          "z": 0.0
        },
        "rotation_quaternion": {
          "w": 0.8859734535217285,
          "x": 0.46363890171051025,
          "y": 0.004955371376127005,
          "z": 0.008089384995400906
        },
        "scale": {
          "x": 1.0,
          "y": 1.0,
          "z": 1.0
        },
        "matrix_basis": [
          [
            0.9998199939727783,
            -0.009738954715430737,
            0.01628176122903824,
            0.0
          ],
          [
            0.01892896741628647,
            0.5699470639228821,
            -0.8214633464813232,
            0.0
          ],
          [
            -0.0012795478105545044,
            0.821623682975769,
            0.5700288414955139,
            0.0
          ],
          [
            0.0,
            0.0,
            0.0,
            1.0
          ]
        ],
        "rotation_mode": "QUATERNION"
      },
      "armature_space": {
        "head": {
          "x": 0.3380683958530426,
          "y": -0.43971675634384155,
          "z": 0.6691399812698364
        },
        "tail": {
          "x": 0.3544486165046692,
          "y": -0.4457224905490875,
          "z": 0.7053175568580627
        }
      },
      "world_space": {
        "head": {
          "x": 0.3380683958530426,
          "y": -0.3764727711677551,
          "z": 1.6189939975738525
        },
        "tail": {
          "x": 0.3544486165046692,
          "y": -0.3824784755706787,
          "z": 1.6551716327667236
        },
        "rotation_quaternion": {
          "w": 0.22513402998447418,
          "x": -0.055037859827280045,
          "y": -0.612004816532135,
          "z": -0.7561320066452026
        },
        "matrix": [
          [
            -0.892570436000824,
            0.4078293740749359,
            -0.19233648478984833,
            0.3380683958530426
          ],
          [
            -0.2730971872806549,
            -0.1495288908481598,
            0.9502942562103271,
            -0.3764727711677551
          ],
          [
            0.3588002026081085,
            0.900736927986145,
            0.2448449730873108,
            1.6189939975738525
          ],
          [
            0.0,
            0.0,
            0.0,
            1.0
          ]
        ]
      },
      "bone_length_armature_space": 0.04016462886226314,
      "parent": "thumb_01_l",
      "has_children": true,
      "is_end_bone": false
    },
    "thumb_03_l": {
      "name": "thumb_03_l",
      "local": {
        "location": {
          "x": 0.0,
          "y": 0.0,
          "z": 0.0
        },
        "rotation_quaternion": {
          "w": 0.98918616771698,
          "x": 0.14645130932331085,
          "y": 0.0006380036356858909,
          "z": 0.007891235873103142
        },
        "scale": {
          "x": 1.0,
          "y": 1.0,
          "z": 1.0
        },
        "matrix_basis": [
          [
            0.9998746514320374,
            -0.015424929559230804,
            0.0035735724959522486,
            0.0
          ],
          [
            0.015798674896359444,
            0.956979513168335,
            -0.2897251546382904,
            0.0
          ],
          [
            0.0010491549037396908,
            0.2897453010082245,
            0.9571031928062439,
            0.0
          ],
          [
            0.0,
            0.0,
            0.0,
            1.0
          ]
        ],
        "rotation_mode": "QUATERNION"
      },
      "armature_space": {
        "head": {
          "x": 0.3544485569000244,
          "y": -0.4457225501537323,
          "z": 0.705317497253418
        },
        "tail": {
          "x": 0.36344146728515625,
          "y": -0.4339101314544678,
          "z": 0.7318974733352661
        }
      },
      "world_space": {
        "head": {
          "x": 0.3544485569000244,
          "y": -0.3824785351753235,
          "z": 1.655171513557434
        },
        "tail": {
          "x": 0.36344146728515625,
          "y": -0.37066614627838135,
          "z": 1.6817514896392822
        },
        "rotation_quaternion": {
          "w": 0.41249191761016846,
          "x": 0.10542840510606766,
          "y": -0.7237724661827087,
          "z": -0.5430365800857544
        },
        "matrix": [
          [
            -0.6374720335006714,
            0.29538288712501526,
            -0.7116027474403381,
            0.3544485569000244
          ],
          [
            -0.6006070375442505,
            0.3879939913749695,
            0.699093759059906,
            -0.3824785351753235
          ],
          [
            0.48260045051574707,
            0.8730525970458984,
            -0.06992579996585846,
            1.655171513557434
          ],
          [
            0.0,
            0.0,
            0.0,
            1.0
          ]
        ]
      },
      "bone_length_armature_space": 0.030445045702483582,
      "parent": "thumb_02_l",
      "has_children": false,
      "is_end_bone": true
    },
    "metacarpal_index_l": {
      "name": "metacarpal_index_l",
      "local": {
        "location": {
          "x": 0.0,
          "y": 0.0,
          "z": 0.0
        },
        "rotation_quaternion": {
          "w": 0.9998169541358948,
          "x": 0.0075185876339674,
          "y": -0.016996540129184723,
          "z": 0.004554166458547115
        },
        "scale": {
          "x": 1.0,
          "y": 1.0,
          "z": 1.0
        },
        "matrix_basis": [
          [
            0.9993807673454285,
            -0.009362245909869671,
            -0.03391837701201439,
            0.0
          ],
          [
            0.008851085789501667,
            0.9998454451560974,
            -0.015189233236014843,
            0.0
          ],
          [
            0.03405534103512764,
            0.014879612252116203,
            0.9993091821670532,
            0.0
          ],
          [
            0.0,
            0.0,
            0.0,
            1.0
          ]
        ],
        "rotation_mode": "QUATERNION"
      },
      "armature_space": {
        "head": {
          "x": 0.36313048005104065,
          "y": -0.3726573884487152,
          "z": 0.689704418182373
        },
        "tail": {
          "x": 0.3314533531665802,
          "y": -0.4820149540901184,
          "z": 0.7173938751220703
        }
      },
      "world_space": {
        "head": {
          "x": 0.36313048005104065,
          "y": -0.3094133734703064,
          "z": 1.6395584344863892
        },
        "tail": {
          "x": 0.3314533531665802,
          "y": -0.418770968914032,
          "z": 1.6672478914260864
        },
        "rotation_quaternion": {
          "w": 0.06292764097452164,
          "x": 0.9178879261016846,
          "y": -0.17142048478126526,
          "z": -0.35233059525489807
        },
        "matrix": [
          [
            0.6929565072059631,
            -0.2703477740287781,
            -0.6683738827705383,
            0.36313048005104065
          ],
          [
            -0.3590325713157654,
            -0.9333102703094482,
            0.005272766575217247,
            -0.3094133734703064
          ],
          [
            -0.6252304911613464,
            0.23631492257118225,
            -0.7438117861747742,
            1.6395584344863892
          ],
          [
            0.0,
            0.0,
            0.0,
            1.0
          ]
        ]
      },
      "bone_length_armature_space": 0.11717176803650306,
      "parent": "lowerarm_l",
      "has_children": true,
      "is_end_bone": false
    },
    "index_01_l": {
      "name": "index_01_l",
      "local": {
        "location": {
          "x": 0.0,
          "y": 0.0,
          "z": 0.0
        },
        "rotation_quaternion": {
          "w": 0.9535102844238281,
          "x": 0.3010023534297943,
          "y": 0.01438921969383955,
          "z": -0.002969595603644848
        },
        "scale": {
          "x": 1.0,
          "y": 1.0,
          "z": 1.0
        },
        "matrix_basis": [
          [
            0.9995682835578918,
            0.014325457625091076,
            0.025652827695012093,
            0.0
          ],
          [
            0.0029992980416864157,
            0.8187775015830994,
            -0.5741031169891357,
            0.0
          ],
          [
            -0.029228247702121735,
            0.5739322304725647,
            0.8183810710906982,
            0.0
          ],
          [
            0.0,
            0.0,
            0.0,
            1.0
          ]
        ],
        "rotation_mode": "QUATERNION"
      },
      "armature_space": {
        "head": {
          "x": 0.3314533531665802,
          "y": -0.4820149540901184,
          "z": 0.7173938751220703
        },
        "tail": {
          "x": 0.32279807329177856,
          "y": -0.507267951965332,
          "z": 0.7073716521263123
        }
      },
      "world_space": {
        "head": {
          "x": 0.3314533531665802,
          "y": -0.418770968914032,
          "z": 1.6672478914260864
        },
        "tail": {
          "x": 0.32279807329177856,
          "y": -0.4440239667892456,
          "z": 1.6572256088256836
        },
        "rotation_quaternion": {
          "w": 0.22316564619541168,
          "x": -0.9138522148132324,
          "y": 0.08594153821468353,
          "z": 0.32815423607826233
        },
        "matrix": [
          [
            0.7698583006858826,
            -0.3035411834716797,
            -0.5614101886749268,
            0.3314533531665802
          ],
          [
            -0.010610776953399181,
            -0.8856227993965149,
            0.46428439021110535,
            -0.418770968914032
          ],
          [
            -0.6381316184997559,
            -0.35147929191589355,
            -0.6850286722183228,
            1.6672478914260864
          ],
          [
            0.0,
            0.0,
            0.0,
            1.0
          ]
        ]
      },
      "bone_length_armature_space": 0.02851442968238469,
      "parent": "metacarpal_index_l",
      "has_children": true,
      "is_end_bone": false
    },
    "index_02_l": {
      "name": "index_02_l",
      "local": {
        "location": {
          "x": 0.0,
          "y": 0.0,
          "z": 0.0
        },
        "rotation_quaternion": {
          "w": 0.8940957188606262,
          "x": 0.4477769732475281,
          "y": -0.00872044824063778,
          "z": -0.003542198333889246
        },
        "scale": {
          "x": 1.0,
          "y": 1.0,
          "z": 1.0
        },
        "matrix_basis": [
          [
            0.9998227953910828,
            -0.0014755030861124396,
            -0.01876606047153473,
            0.0
          ],
          [
            -0.014143760316073895,
            0.5989664793014526,
            -0.8006491661071777,
            0.0
          ],
          [
            0.012421601451933384,
            0.8007727265357971,
            0.5988394618034363,
            0.0
          ],
          [
            0.0,
            0.0,
            0.0,
            1.0
          ]
        ],
        "rotation_mode": "QUATERNION"
      },
      "armature_space": {
        "head": {
          "x": 0.32279759645462036,
          "y": -0.5072681307792664,
          "z": 0.7073714137077332
        },
        "tail": {
          "x": 0.3060223162174225,
          "y": -0.512253999710083,
          "z": 0.6886143684387207
        }
      },
      "world_space": {
        "head": {
          "x": 0.32279759645462036,
          "y": -0.44402414560317993,
          "z": 1.6572253704071045
        },
        "tail": {
          "x": 0.3060223162174225,
          "y": -0.4490100145339966,
          "z": 1.6384683847427368
        },
        "rotation_quaternion": {
          "w": 0.5999420881271362,
          "x": -0.7125844955444336,
          "y": 0.20710547268390656,
          "z": 0.29899880290031433
        },
        "matrix": [
          [
            0.7354148030281067,
            -0.6539240479469299,
            -0.1776198297739029,
            0.32279759645462036
          ],
          [
            0.0636005625128746,
            -0.19435539841651917,
            0.9788672924041748,
            -0.44402414560317993
          ],
          [
            -0.6746309399604797,
            -0.7311750054359436,
            -0.10134151577949524,
            1.6572253704071045
          ],
          [
            0.0,
            0.0,
            0.0,
            1.0
          ]
        ]
      },
      "bone_length_armature_space": 0.025653375351978945,
      "parent": "index_01_l",
      "has_children": true,
      "is_end_bone": false
    },
    "index_03_l": {
      "name": "index_03_l",
      "local": {
        "location": {
          "x": 0.0,
          "y": 0.0,
          "z": 0.0
        },
        "rotation_quaternion": {
          "w": 0.9391462802886963,
          "x": 0.34347906708717346,
          "y": -0.00025428159278817475,
          "z": 0.005147877614945173
        },
        "scale": {
          "x": 1.0,
          "y": 1.0,
          "z": 1.0
        },
        "matrix_basis": [
          [
            0.9999468922615051,
            -0.009843900799751282,
            0.0030587611254304647,
            0.0
          ],
          [
            0.009494539350271225,
            0.7639912366867065,
            -0.6451568007469177,
            0.0
          ],
          [
            0.0040139914490282536,
            0.6451515555381775,
            0.7640441060066223,
            0.0
          ],
          [
            0.0,
            0.0,
            0.0,
            1.0
          ]
        ],
        "rotation_mode": "QUATERNION"
      },
      "armature_space": {
        "head": {
          "x": 0.3060223162174225,
          "y": -0.5122541189193726,
          "z": 0.6886144280433655
        },
        "tail": {
          "x": 0.2912193834781647,
          "y": -0.49575260281562805,
          "z": 0.6695799827575684
        }
      },
      "world_space": {
        "head": {
          "x": 0.3060223162174225,
          "y": -0.44901013374328613,
          "z": 1.6384685039520264
        },
        "tail": {
          "x": 0.2912193834781647,
          "y": -0.43250858783721924,
          "z": 1.6194339990615845
        },
        "rotation_quaternion": {
          "w": 0.8382196426391602,
          "x": -0.4404124617576599,
          "y": 0.28243082761764526,
          "z": 0.15381008386611938
        },
        "matrix": [
          [
            0.7931512594223022,
            -0.5066254138946533,
            0.3379972279071808,
            0.3060223162174225
          ],
          [
            0.009082609787583351,
            0.5647586584091187,
            0.8252062201499939,
            -0.44901013374328613
          ],
          [
            -0.6089617013931274,
            -0.651447057723999,
            0.452544242143631,
            1.6384685039520264
          ],
          [
            0.0,
            0.0,
            0.0,
            1.0
          ]
        ]
      },
      "bone_length_armature_space": 0.02921877723484759,
      "parent": "index_02_l",
      "has_children": false,
      "is_end_bone": true
    },
    "metacarpal_pinky_l": {
      "name": "metacarpal_pinky_l",
      "local": {
        "location": {
          "x": 0.0,
          "y": 0.0,
          "z": 0.0
        },
        "rotation_quaternion": {
          "w": 0.9990723133087158,
          "x": -0.042852286249399185,
          "y": 0.0005731670535169542,
          "z": 0.0042495750822126865
        },
        "scale": {
          "x": 1.0,
          "y": 1.0,
          "z": 1.0
        },
        "matrix_basis": [
          [
            0.9999632239341736,
            -0.008540388196706772,
            0.0007810626411810517,
            0.0
          ],
          [
            0.008442142978310585,
            0.9962912201881409,
            0.08562994003295898,
            0.0
          ],
          [
            -0.001509478664956987,
            -0.08562019467353821,
            0.9963266849517822,
            0.0
          ],
          [
            0.0,
            0.0,
            0.0,
            1.0
          ]
        ],
        "rotation_mode": "QUATERNION"
      },
      "armature_space": {
        "head": {
          "x": 0.36313048005104065,
          "y": -0.3726573884487152,
          "z": 0.689704418182373
        },
        "tail": {
          "x": 0.40195825695991516,
          "y": -0.4684300720691681,
          "z": 0.702479898929596
        }
      },
      "world_space": {
        "head": {
          "x": 0.36313048005104065,
          "y": -0.3094133734703064,
          "z": 1.6395584344863892
        },
        "tail": {
          "x": 0.40195825695991516,
          "y": -0.4051860570907593,
          "z": 1.6523339748382568
        },
        "rotation_quaternion": {
          "w": 0.19277526438236237,
          "x": 0.041474662721157074,
          "y": -0.05450062081217766,
          "z": -0.9788499474525452
        },
        "matrix": [
          [
            -0.9222352504730225,
            0.3728752136230469,
            -0.10220784693956375,
            0.36313048005104065
          ],
          [
            -0.3819170892238617,
            -0.91973477602005,
            0.09070562571287155,
            -0.3094133734703064
          ],
          [
            -0.06018274649977684,
            0.1226867064833641,
            0.9906259775161743,
            1.6395584344863892
          ],
          [
            0.0,
            0.0,
            0.0,
            1.0
          ]
        ]
      },
      "bone_length_armature_space": 0.10413076452917061,
      "parent": "lowerarm_l",
      "has_children": true,
      "is_end_bone": false
    },
    "pinky_01_l": {
      "name": "pinky_01_l",
      "local": {
        "location": {
          "x": 0.0,
          "y": 0.0,
          "z": 0.0
        },
        "rotation_quaternion": {
          "w": 0.9533435106277466,
          "x": 0.30169644951820374,
          "y": -0.008589053526520729,
          "z": 0.006458071060478687
        },
        "scale": {
          "x": 1.0,
          "y": 1.0,
          "z": 1.0
        },
        "matrix_basis": [
          [
            0.9997690320014954,
            -0.01749609410762787,
            -0.012479882687330246,
            0.0
          ],
          [
            0.00713094649836421,
            0.8178750872612,
            -0.5753516554832458,
            0.0
          ],
          [
            0.020273391157388687,
            0.5751297473907471,
            0.8178109526634216,
            0.0
          ],
          [
            0.0,
            0.0,
            0.0,
            1.0
          ]
        ],
        "rotation_mode": "QUATERNION"
      },
      "armature_space": {
        "head": {
          "x": 0.40195825695991516,
          "y": -0.4684300720691681,
          "z": 0.702479898929596
        },
        "tail": {
