{
  "metadata": {
    "armature_name": "KIM_caucasian_male",
    "export_time": "2026-01-13T21:13:12.658841",
    "blender_version": "4.4.1",
    "bone_count": 56,
    "end_bone_count": 13,
    "spaces_included": [
      "LOCAL_CHANNELS",
      "ARMATURE_SPACE",
      "WORLD_SPACE"
    ],
    "note": "LOCAL matches Transform panel; replay pose via local.matrix_basis for best fidelity."
  },
  "bones": {
    "Root": {
      "name": "Root",
      "local": {
        "location": {
          "x": 0.0,
          "y": 0.0,
          "z": 0.0
        },
        "rotation_quaternion": {
          "w": 0.9997435808181763,
          "x": -0.00012198226613691077,
          "y": 0.017590349540114403,
          "z": -0.01426583994179964
        },
        "scale": {
          "x": 1.0,
          "y": 1.0,
          "z": 1.0
        },
        "matrix_basis": [
          [
            0.9989741444587708,
            0.028520071879029274,
            0.03517515957355499,
            0.0
          ],
          [
            -0.02852865494787693,
            0.9995929598808289,
            -0.00025798025308176875,
            0.0
          ],
          [
            -0.03516819700598717,
            -0.0007457842002622783,
            0.9993811249732971,
            0.0
          ],
          [
            0.0,
            0.0,
            0.0,
            1.0
          ]
        ],
        "rotation_mode": "QUATERNION"
      },
      "armature_space": {
        "head": {
          "x": 0.0,
          "y": 0.07072800397872925,
          "z": -0.009595036506652832
        },
        "tail": {
          "x": 0.0020356448367238045,
          "y": 3.594905138015747e-05,
          "z": 4.8842281103134155e-05
        }
      },
      "world_space": {
        "head": {
          "x": 0.0,
          "y": 0.13397200405597687,
          "z": 0.9402589797973633
        },
        "tail": {
          "x": 0.0020356448367238045,
          "y": 0.06327994912862778,
          "z": 0.9499028325080872
        },
        "rotation_quaternion": {
          "w": 0.06747208535671234,
          "x": 0.997464120388031,
          "y": 0.015418455936014652,
          "z": 0.01658933237195015
        },
        "matrix": [
          [
            0.9989741444587708,
            0.028520071879029274,
            0.03517515957355499,
            0.0
          ],
          [
            0.03299735486507416,
            -0.9904195666313171,
            -0.134090855717659,
            0.13397200405597687
          ],
          [
            0.031014131382107735,
            0.13511399924755096,
            -0.9903516173362732,
            0.9402589797973633
          ],
          [
            0.0,
            0.0,
            0.0,
            1.0
          ]
        ]
      },
      "bone_length_armature_space": 0.07137587001560555,
      "parent": null,
      "has_children": true,
      "is_end_bone": false
    },
    "spine_01": {
      "name": "spine_01",
      "local": {
        "location": {
          "x": 0.0,
          "y": 0.0,
          "z": 0.0
        },
        "rotation_quaternion": {
          "w": 0.9982224702835083,
          "x": 0.056453585624694824,
          "y": -0.019071094691753387,
          "z": 0.0011738329194486141
        },
        "scale": {
          "x": 1.0,
          "y": 1.0,
          "z": 1.0
        },
        "matrix_basis": [
          [
            0.9992698431015015,
            -0.004496756009757519,
            -0.03794185817241669,
            0.0
          ],
          [
            0.00019022943160962313,
            0.9936232566833496,
            -0.11275124549865723,
            0.0
          ],
          [
            0.03820692375302315,
            0.1126617044210434,
            0.9928985834121704,
            0.0
          ],
          [
            0.0,
            0.0,
            0.0,
            1.0
          ]
        ],
        "rotation_mode": "QUATERNION"
      },
      "armature_space": {
        "head": {
          "x": 0.0020356448367238045,
          "y": 3.594905138015747e-05,
          "z": 4.8842281103134155e-05
        },
        "tail": {
          "x": -0.014197886921465397,
          "y": -0.032405585050582886,
          "z": 0.4867032766342163
        }
      },
      "world_space": {
        "head": {
          "x": 0.0020356448367238045,
          "y": 0.06327994912862778,
          "z": 0.9499028325080872
        },
        "tail": {
          "x": -0.014197886921465397,
          "y": 0.030838415026664734,
          "z": 1.4365572929382324
        },
        "rotation_quaternion": {
          "w": 0.6830721497535706,
          "x": 0.7301599979400635,
          "y": -0.013157350942492485,
          "z": 0.010285433381795883
        },
        "matrix": [
          [
            0.9994422197341919,
            -0.03326534852385521,
            -0.0029550455510616302,
            0.0020356448367238045
          ],
          [
            -0.005162768065929413,
            -0.06647838652133942,
            -0.997774600982666,
            0.06327994912862778
          ],
          [
            0.03299509361386299,
            0.9972401857376099,
            -0.06661440432071686,
            0.9499028325080872
          ],
          [
            0.0,
            0.0,
            0.0,
            1.0
          ]
        ]
      },
      "bone_length_armature_space": 0.48800462092958874,
      "parent": "Root",
      "has_children": true,
      "is_end_bone": false
    },
    "neck_01": {
      "name": "neck_01",
      "local": {
        "location": {
          "x": 0.0,
          "y": 0.0,
          "z": 0.0
        },
        "rotation_quaternion": {
          "w": 0.9983929991722107,
          "x": 0.0015654138987883925,
          "y": 0.018659742549061775,
          "z": 0.053486961871385574
        },
        "scale": {
          "x": 1.0,
          "y": 1.0,
          "z": 1.0
        },
        "matrix_basis": [
          [
            0.9935818910598755,
            -0.10674359649419785,
            0.03742697089910507,
            0.0
          ],
          [
            0.1068604364991188,
            0.9942733645439148,
            -0.0011296906741335988,
            0.0
          ],
          [
            -0.03709205240011215,
            0.00512190256267786,
            0.9992987513542175,
            0.0
          ],
          [
            0.0,
            0.0,
            0.0,
            1.0
          ]
        ],
        "rotation_mode": "QUATERNION"
      },
      "armature_space": {
        "head": {
          "x": -0.01673600636422634,
          "y": -0.07187629491090775,
          "z": 0.557409405708313
        },
        "tail": {
          "x": -0.030920373275876045,
          "y": -0.11718116700649261,
          "z": 0.6482774615287781
        }
      },
      "world_space": {
        "head": {
          "x": -0.01673600636422634,
          "y": -0.008632294833660126,
          "z": 1.507263422012329
        },
        "tail": {
          "x": -0.030920373275876045,
          "y": -0.053937166929244995,
          "z": 1.5981314182281494
        },
        "rotation_quaternion": {
          "w": 0.5261656641960144,
          "x": 0.8472402095794678,
          "y": -0.04686359688639641,
          "z": 0.05601440742611885
        },
        "matrix": [
          [
            0.9893324375152588,
            -0.13835527002811432,
            0.04559861496090889,
            -0.01673600636422634
          ],
          [
            -0.020464330911636353,
            -0.44190680980682373,
            -0.8968278169631958,
            -0.008632294833660126
          ],
          [
            0.1442321240901947,
            0.8863332271575928,
            -0.44002795219421387,
            1.507263422012329
          ],
          [
            0.0,
            0.0,
            0.0,
            1.0
          ]
        ]
      },
      "bone_length_armature_space": 0.1025218567434109,
      "parent": "spine_01",
      "has_children": true,
      "is_end_bone": false
    },
    "head": {
      "name": "head",
      "local": {
        "location": {
          "x": 0.0,
          "y": 0.0,
          "z": 0.0
        },
        "rotation_quaternion": {
          "w": 0.9978330135345459,
          "x": -0.026328938081860542,
          "y": 0.03318876400589943,
          "z": -0.0503460168838501
        },
        "scale": {
          "x": 1.0,
          "y": 1.0,
          "z": 1.0
        },
        "matrix_basis": [
          [
            0.9927275776863098,
            0.09872618317604065,
            0.06888480484485626,
            0.0
          ],
          [
            -0.10222148895263672,
            0.9935441017150879,
            0.04920192435383797,
            0.0
          ],
          [
            -0.06358257681131363,
            -0.05588561296463013,
            0.996410608291626,
            0.0
          ],
          [
            0.0,
            0.0,
            0.0,
            1.0
          ]
        ],
        "rotation_mode": "QUATERNION"
      },
      "armature_space": {
        "head": {
          "x": -0.030920356512069702,
          "y": -0.11718128621578217,
          "z": 0.6482773423194885
        },
        "tail": {
          "x": -0.03819652274250984,
          "y": -0.12243971973657608,
          "z": 0.8031085729598999
        }
      },
      "world_space": {
        "head": {
          "x": -0.030920356512069702,
          "y": -0.053937286138534546,
          "z": 1.5981314182281494
        },
        "tail": {
          "x": -0.03819652274250984,
          "y": -0.05919571965932846,
          "z": 1.752962589263916
        },
        "rotation_quaternion": {
          "w": 0.6950154304504395,
          "x": 0.7181671857833862,
          "y": 0.0007065951358526945,
          "z": 0.03448164835572243
        },
        "matrix": [
          [
            0.9976211190223694,
            -0.046915698796510696,
            0.05050903186202049,
            -0.030920356512069702
          ],
          [
            0.04894518852233887,
            -0.03390564024448395,
            -0.9982261657714844,
            -0.053937286138534546
          ],
          [
            0.04854534566402435,
            0.9983303546905518,
            -0.03152987360954285,
            1.5981314182281494
          ],
          [
            0.0,
            0.0,
            0.0,
            1.0
          ]
        ]
      },
      "bone_length_armature_space": 0.1550912773636648,
      "parent": "neck_01",
      "has_children": false,
      "is_end_bone": true
    },
    "upperarm_l": {
      "name": "upperarm_l",
      "local": {
        "location": {
          "x": 0.0,
          "y": 0.0,
          "z": 0.0
        },
        "rotation_quaternion": {
          "w": 0.6531819701194763,
          "x": 0.27578869462013245,
          "y": 0.22660484910011292,
          "z": 0.6677905321121216
        },
        "scale": {
          "x": 1.0,
          "y": 1.0,
          "z": 1.0
        },
        "matrix_basis": [
          [
            0.0054120952263474464,
            -0.7473873496055603,
            0.6643665432929993,
            0.0
          ],
          [
            0.9973675608634949,
            -0.04400719702243805,
            -0.05763126164674759,
            0.0
          ],
          [
            0.07230975478887558,
            0.6629295349121094,
            0.745181679725647,
            0.0
          ],
          [
            0.0,
            0.0,
            0.0,
            1.0
          ]
        ],
        "rotation_mode": "QUATERNION"
      },
      "armature_space": {
        "head": {
          "x": 0.13540659844875336,
          "y": -0.0713648796081543,
          "z": 0.4951240122318268
        },
        "tail": {
          "x": 0.128004252910614,
          "y": -0.26669853925704956,
          "z": 0.6784216165542603
        }
      },
      "world_space": {
        "head": {
          "x": 0.13540659844875336,
          "y": -0.008120879530906677,
          "z": 1.4449779987335205
        },
        "tail": {
          "x": 0.128004252910614,
          "y": -0.20345453917980194,
          "z": 1.6282756328582764
        },
        "rotation_quaternion": {
          "w": 0.36774352192878723,
          "x": 0.9297506213188171,
          "y": -0.01716425083577633,
          "z": -0.005837178323417902
        },
        "matrix": [
          [
            0.9993426203727722,
            -0.027623817324638367,
            -0.023478370159864426,
            0.13540659844875336
          ],
          [
            -0.03621014207601547,
            -0.7289400696754456,
            -0.6836193799972534,
            -0.008120879530906677
          ],
          [
            0.0017697932198643684,
            0.6840243339538574,
            -0.7294668555259705,
            1.4449779987335205
          ],
          [
            0.0,
            0.0,
            0.0,
            1.0
          ]
        ]
      },
      "bone_length_armature_space": 0.2679702353207148,
      "parent": "spine_01",
      "has_children": true,
      "is_end_bone": false
    },
    "lowerarm_l": {
      "name": "lowerarm_l",
      "local": {
        "location": {
          "x": 0.0,
          "y": 0.0,
          "z": 0.0
        },
        "rotation_quaternion": {
          "w": 0.9892311096191406,
          "x": 0.08551840484142303,
          "y": -0.07549527287483215,
          "z": 0.0917011946439743
        },
        "scale": {
          "x": 1.0,
          "y": 1.0,
          "z": 1.0
        },
        "matrix_basis": [
          [
            0.9717826843261719,
            -0.1943398267030716,
            -0.13368026912212372,
            0.0
          ],
          [
            0.16851487755775452,
            0.9685549736022949,
            -0.18304094672203064,
            0.0
          ],
          [
            0.16504882276058197,
            0.15534892678260803,
            0.9739741086959839,
            0.0
          ],
          [
            0.0,
            0.0,
            0.0,
            1.0
          ]
        ],
        "rotation_mode": "QUATERNION"
      },
      "armature_space": {
        "head": {
          "x": 0.12800413370132446,
          "y": -0.2666986286640167,
          "z": 0.678421676158905
        },
        "tail": {
          "x": 0.04425208270549774,
          "y": -0.4885522425174713,
          "z": 0.8022606372833252
        }
      },
      "world_space": {
        "head": {
          "x": 0.12800413370132446,
          "y": -0.2034546285867691,
          "z": 1.6282756328582764
        },
        "tail": {
          "x": 0.04425208270549774,
          "y": -0.4253082275390625,
          "z": 1.7521146535873413
        },
        "rotation_quaternion": {
          "w": 0.22456182539463043,
          "x": 0.9516419172286987,
          "y": -0.18689626455307007,
          "z": -0.09497080743312836
        },
        "matrix": [
          [
            0.9121004939079285,
            -0.3130631148815155,
            -0.26469624042510986,
            0.12800413370132446
          ],
          [
            -0.39837050437927246,
            -0.8292834162712097,
            -0.39190563559532166,
            -0.2034546285867691
          ],
          [
            -0.09681807458400726,
            0.46290695667266846,
            -0.8811116218566895,
            1.6282756328582764
          ],
          [
            0.0,
            0.0,
            0.0,
            1.0
          ]
        ]
      },
      "bone_length_armature_space": 0.2675248044202999,
      "parent": "upperarm_l",
      "has_children": true,
      "is_end_bone": false
    },
    "metacarpal_thumb_l": {
      "name": "metacarpal_thumb_l",
      "local": {
        "location": {
          "x": 0.0,
          "y": 0.0,
          "z": 0.0
        },
        "rotation_quaternion": {
          "w": 0.9998822212219238,
          "x": 0.012088986113667488,
          "y": 0.003290326800197363,
          "z": -0.008873911574482918
        },
        "scale": {
          "x": 1.0,
          "y": 1.0,
          "z": 1.0
        },
        "matrix_basis": [
          [
            0.9998208284378052,
            0.017825286835432053,
            0.006365325301885605,
            0.0
          ],
          [
            -0.017666179686784744,
            0.9995502233505249,
            -0.024233520030975342,
            0.0
          ],
          [
            -0.006794431712478399,
            0.024116728454828262,
            0.999686062335968,
            0.0
          ],
          [
            0.0,
            0.0,
            0.0,
            1.0
          ]
        ],
        "rotation_mode": "QUATERNION"
      },
      "armature_space": {
        "head": {
          "x": 0.04425208270549774,
          "y": -0.4885522425174713,
          "z": 0.8022606372833252
        },
        "tail": {
          "x": 0.033808816224336624,
          "y": -0.5363458395004272,
          "z": 0.7944956421852112
        }
      },
      "world_space": {
        "head": {
          "x": 0.04425208270549774,
          "y": -0.4253082275390625,
          "z": 1.7521146535873413
        },
        "tail": {
          "x": 0.033808816224336624,
          "y": -0.4731018543243408,
          "z": 1.744349718093872
        },
        "rotation_quaternion": {
          "w": 0.012016970664262772,
          "x": 0.7385022640228271,
          "y": -0.13198427855968475,
          "z": 0.6610977649688721
        },
        "matrix": [
          [
            0.09105969965457916,
            -0.2108316719532013,
            0.9732717275619507,
            0.04425208270549774
          ],
          [
            -0.1790522038936615,
            -0.9648710489273071,
            -0.19225969910621643,
            -0.4253082275390625
          ],
          [
            0.9796233177185059,
            -0.15676148235797882,
            -0.12561185657978058,
            1.7521146535873413
          ],
          [
            0.0,
            0.0,
            0.0,
            1.0
          ]
        ]
      },
      "bone_length_armature_space": 0.04953367374994622,
      "parent": "lowerarm_l",
      "has_children": true,
      "is_end_bone": false
    },
    "thumb_01_l": {
      "name": "thumb_01_l",
      "local": {
        "location": {
          "x": 0.0,
          "y": 0.0,
          "z": 0.0
        },
        "rotation_quaternion": {
          "w": 0.998455286026001,
          "x": 0.051520250737667084,
          "y": -0.018158935010433197,
          "z": -0.010150871239602566
        },
        "scale": {
          "x": 1.0,
          "y": 1.0,
          "z": 1.0
        },
        "matrix_basis": [
          [
            0.9991344213485718,
            0.018399275839328766,
            -0.03730772063136101,
            0.0
          ],
          [
            -0.022141488268971443,
            0.9944852590560913,
            -0.1025126725435257,
            0.0
          ],
          [
            0.035215817391872406,
            0.10324998944997787,
            0.9940318465232849,
            0.0
          ],
          [
            0.0,
            0.0,
            0.0,
            1.0
          ]
        ],
        "rotation_mode": "QUATERNION"
      },
      "armature_space": {
        "head": {
          "x": 0.033808816224336624,
          "y": -0.5363458395004272,
          "z": 0.7944956421852112
        },
        "tail": {
          "x": 0.05319950729608536,
          "y": -0.5633357167243958,
          "z": 0.7871354222297668
        }
      },
      "world_space": {
        "head": {
          "x": 0.033808816224336624,
          "y": -0.4731018543243408,
          "z": 1.744349718093872
        },
        "tail": {
          "x": 0.05319950729608536,
          "y": -0.5000917315483093,
          "z": 1.7369894981384277
        },
        "rotation_quaternion": {
          "w": 0.3048233091831207,
          "x": -0.03476333245635033,
          "y": 0.10306580364704132,
          "z": -0.9461774230003357
        },
        "matrix": [
          [
            -0.8117483258247375,
            0.5696681141853333,
            0.12861879169940948,
            0.033808816224336624
          ],
          [
            -0.583999752998352,
            -0.7929204106330872,
            -0.17384296655654907,
            -0.4731018543243408
          ],
          [
            0.0029511824250221252,
            -0.21623241901397705,
            0.976344883441925,
            1.744349718093872
          ],
          [
            0.0,
            0.0,
            0.0,
            1.0
          ]
        ]
      },
      "bone_length_armature_space": 0.03403858388735716,
      "parent": "metacarpal_thumb_l",
      "has_children": true,
      "is_end_bone": false
    },
    "thumb_02_l": {
      "name": "thumb_02_l",
      "local": {
        "location": {
          "x": 0.0,
          "y": 0.0,
          "z": 0.0
        },
        "rotation_quaternion": {
          "w": 0.9898529648780823,
          "x": 0.14186349511146545,
          "y": 0.007908984087407589,
          "z": -0.0018470264039933681
        },
        "scale": {
          "x": 1.0,
          "y": 1.0,
          "z": 1.0
        },
        "matrix_basis": [
          [
            0.9998680949211121,
            0.005900561343878508,
            0.01513341162353754,
            0.0
          ],
          [
            -0.001412576879374683,
            0.9597426652908325,
            -0.2808772325515747,
            0.0
          ],
          [
            -0.01618151366710663,
            0.28081879019737244,
            0.9596244096755981,
            0.0
          ],
          [
            0.0,
            0.0,
            0.0,
            1.0
          ]
        ],
        "rotation_mode": "QUATERNION"
      },
      "armature_space": {
        "head": {
          "x": 0.05319952219724655,
          "y": -0.5633357167243958,
          "z": 0.7871353626251221
        },
        "tail": {
          "x": 0.03957127407193184,
          "y": -0.5914498567581177,
          "z": 0.8123752474784851
        }
      },
      "world_space": {
        "head": {
          "x": 0.05319952219724655,
          "y": -0.5000917315483093,
          "z": 1.7369893789291382
        },
        "tail": {
          "x": 0.03957127407193184,
          "y": -0.5282058715820312,
          "z": 1.7622292041778564
        },
        "rotation_quaternion": {
          "w": 0.03152988478541374,
          "x": -0.3705388009548187,
          "y": 0.3860279619693756,
          "z": 0.8442093133926392
        },
        "matrix": [
          [
            -0.7234145402908325,
            -0.3393115997314453,
            -0.6012811660766602,
            0.05319952219724655
          ],
          [
            -0.2328401803970337,
            -0.6999770402908325,
            0.6751424670219421,
            -0.5000917315483093
          ],
          [
            -0.649971604347229,
            0.6284142732620239,
            0.427372008562088,
            1.7369893789291382
          ],
          [
            0.0,
            0.0,
            0.0,
            1.0
          ]
        ]
      },
      "bone_length_armature_space": 0.04016448393931084,
      "parent": "thumb_01_l",
      "has_children": true,
      "is_end_bone": false
    },
    "thumb_03_l": {
      "name": "thumb_03_l",
      "local": {
        "location": {
          "x": 0.0,
          "y": 0.0,
          "z": 0.0
        },
        "rotation_quaternion": {
          "w": 0.9972087740898132,
          "x": 0.07430548965930939,
          "y": 0.006661910098046064,
          "z": -0.0029995213262736797
        },
        "scale": {
          "x": 1.0,
          "y": 1.0,
          "z": 1.0
        },
        "matrix_basis": [
          [
            0.9998932480812073,
            0.006972331088036299,
            0.012840868905186653,
            0.0
          ],
          [
            -0.004992264788597822,
            0.9889394044876099,
            -0.14823614060878754,
            0.0
          ],
          [
            -0.013732392340898514,
            0.14815621078014374,
            0.9888686537742615,
            0.0
          ],
          [
            0.0,
            0.0,
            0.0,
            1.0
          ]
        ],
        "rotation_mode": "QUATERNION"
      },
      "armature_space": {
        "head": {
          "x": 0.039571285247802734,
          "y": -0.5914499163627625,
          "z": 0.8123751878738403
        },
        "tail": {
          "x": 0.024955980479717255,
          "y": -0.6020028591156006,
          "z": 0.8369094133377075
        }
      },
      "world_space": {
        "head": {
          "x": 0.039571285247802734,
          "y": -0.528205931186676,
          "z": 1.7622292041778564
        },
        "tail": {
          "x": 0.024955980479717255,
          "y": -0.5387588739395142,
          "z": 1.7867634296417236
        },
        "rotation_quaternion": {
          "w": 0.052501048892736435,
          "x": 0.48292747139930725,
          "y": -0.5691494941711426,
          "z": -0.6633955240249634
        },
        "matrix": [
          [
            -0.528046190738678,
            -0.4800577759742737,
            -0.7005082964897156,
            0.039571285247802734
          ],
          [
            -0.6193768382072449,
            -0.3466252088546753,
            0.7044311165809631,
            -0.528205931186676
          ],
          [
            -0.5809861421585083,
            0.8058562874794006,
            -0.11430264264345169,
            1.7622292041778564
          ],
          [
            0.0,
            0.0,
            0.0,
            1.0
          ]
        ]
      },
      "bone_length_armature_space": 0.03044503148277824,
      "parent": "thumb_02_l",
      "has_children": false,
      "is_end_bone": true
    },
    "metacarpal_index_l": {
      "name": "metacarpal_index_l",
      "local": {
        "location": {
          "x": 0.0,
          "y": 0.0,
          "z": 0.0
        },
        "rotation_quaternion": {
          "w": 0.9998884201049805,
          "x": -0.008740365505218506,
          "y": 0.005751473363488913,
          "z": 0.010661403648555279
        },
        "scale": {
          "x": 1.0,
          "y": 1.0,
          "z": 1.0
        },
        "matrix_basis": [
          [
            0.999706506729126,
            -0.02142096869647503,
            0.011315294541418552,
            0.0
          ],
          [
            0.02121988870203495,
            0.9996199011802673,
            0.017601417377591133,
            0.0
          ],
          [
            -0.011688032187521458,
            -0.01735614240169525,
            0.99978107213974,
            0.0
          ],
          [
            0.0,
            0.0,
            0.0,
            1.0
          ]
        ],
        "rotation_mode": "QUATERNION"
      },
      "armature_space": {
        "head": {
          "x": 0.04425208270549774,
          "y": -0.4885522425174713,
          "z": 0.8022606372833252
        },
        "tail": {
          "x": 0.0022844821214675903,
          "y": -0.5962887406349182,
          "z": 0.8212548494338989
        }
      },
      "world_space": {
        "head": {
          "x": 0.04425208270549774,
          "y": -0.4253082275390625,
          "z": 1.7521146535873413
        },
        "tail": {
          "x": 0.0022844821214675903,
          "y": -0.5330447554588318,
          "z": 1.771108865737915
        },
        "rotation_quaternion": {
          "w": 0.14905588328838348,
          "x": 0.8975645899772644,
          "y": -0.13433004915714264,
          "z": 0.39257562160491943
        },
        "matrix": [
          [
            0.6556795835494995,
            -0.3581717014312744,
            0.6646783947944641,
            0.04425208270549774
          ],
          [
            -0.12410837411880493,
            -0.9194753170013428,
            -0.37304461002349854,
            -0.4253082275390625
          ],
          [
            0.744774580001831,
            0.1621057093143463,
            -0.647338330745697,
            1.7521146535873413
          ],
          [
            0.0,
            0.0,
            0.0,
            1.0
          ]
        ]
      },
      "bone_length_armature_space": 0.11717172432055338,
      "parent": "lowerarm_l",
      "has_children": true,
      "is_end_bone": false
    },
    "index_01_l": {
      "name": "index_01_l",
      "local": {
        "location": {
          "x": 0.0,
          "y": 0.0,
          "z": 0.0
        },
        "rotation_quaternion": {
          "w": 0.9993793368339539,
          "x": -0.027514152228832245,
          "y": -0.014788578264415264,
          "z": 0.01628771610558033
        },
        "scale": {
          "x": 1.0,
          "y": 1.0,
          "z": 1.0
        },
        "matrix_basis": [
          [
            0.9990320205688477,
            -0.0317414216697216,
            -0.030455084517598152,
            0.0
          ],
          [
            0.03336900472640991,
            0.9979553818702698,
            0.05451240763068199,
            0.0
          ],
          [
            0.028662513941526413,
            -0.05547589436173439,
            0.9980485439300537,
            0.0
          ],
          [
            0.0,
            0.0,
            0.0,
            1.0
          ]
        ],
        "rotation_mode": "QUATERNION"
      },
      "armature_space": {
        "head": {
          "x": 0.0022844821214675903,
          "y": -0.5962887406349182,
          "z": 0.8212548494338989
        },
        "tail": {
          "x": -0.004982677288353443,
          "y": -0.6198261976242065,
          "z": 0.8356161713600159
        }
      },
      "world_space": {
        "head": {
          "x": 0.0022844821214675903,
          "y": -0.5330447554588318,
          "z": 1.771108865737915
        },
        "tail": {
          "x": -0.004982677288353443,
          "y": -0.5565822124481201,
          "z": 1.7854702472686768
        },
        "rotation_quaternion": {
          "w": 0.2943381071090698,
          "x": 0.886137843132019,
          "y": -0.02520430088043213,
          "z": 0.3570568859577179
        },
        "matrix": [
          [
            0.7437506914138794,
            -0.2548595666885376,
            0.6179656386375427,
            0.0022844821214675903
          ],
          [
            0.1655217558145523,
            -0.825459897518158,
            -0.5396468043327332,
            -0.5330447554588318
          ],
          [
            0.6476447582244873,
            0.5036521553993225,
            -0.5717561841011047,
            1.771108865737915
          ],
          [
            0.0,
            0.0,
            0.0,
            1.0
          ]
        ]
      },
      "bone_length_armature_space": 0.0285144012311869,
      "parent": "metacarpal_index_l",
      "has_children": true,
      "is_end_bone": false
    },
    "index_02_l": {
      "name": "index_02_l",
      "local": {
        "location": {
          "x": 0.0,
          "y": 0.0,
          "z": 0.0
        },
        "rotation_quaternion": {
          "w": 0.9801832437515259,
          "x": 0.1978491097688675,
          "y": -0.00891775730997324,
          "z": 0.004140649922192097
        },
        "scale": {
          "x": 1.0,
          "y": 1.0,
          "z": 1.0
        },
        "matrix_basis": [
          [
            0.9998066425323486,
            -0.011645931750535965,
            -0.015843624249100685,
            0.0
          ],
          [
            0.004588450770825148,
            0.9216771721839905,
            -0.38793060183525085,
            0.0
          ],
          [
            0.01912051998078823,
            0.38778290152549744,
            0.9215524196624756,
            0.0
          ],
          [
            0.0,
            0.0,
            0.0,
            1.0
          ]
        ],
        "rotation_mode": "QUATERNION"
      },
      "armature_space": {
        "head": {
          "x": -0.004982755519449711,
          "y": -0.6198267340660095,
          "z": 0.8356160521507263
        },
        "tail": {
          "x": -0.005638357251882553,
          "y": -0.6445661187171936,
          "z": 0.8423706293106079
        }
      },
      "world_space": {
        "head": {
          "x": -0.004982755519449711,
          "y": -0.5565827488899231,
          "z": 1.7854700088500977
        },
        "tail": {
          "x": -0.005638357251882553,
          "y": -0.5813221335411072,
          "z": 1.792224645614624
        },
        "rotation_quaternion": {
          "w": 0.13003721833229065,
          "x": 0.9395343661308289,
          "y": 0.030049500986933708,
          "z": 0.3153769075870514
        },
        "matrix": [
          [
            0.7992689609527588,
            -0.02555626630783081,
            0.600429892539978,
            -0.004982755519449711
          ],
          [
            0.13848677277565002,
            -0.9643747210502625,
            -0.2253950834274292,
            -0.5565827488899231
          ],
          [
            0.5848039984703064,
            0.2633036971092224,
            -0.767261266708374,
            1.7854700088500977
          ],
          [
            0.0,
            0.0,
            0.0,
            1.0
          ]
        ]
      },
      "bone_length_armature_space": 0.025653289609890453,
      "parent": "index_01_l",
      "has_children": true,
      "is_end_bone": false
    },
    "index_03_l": {
      "name": "index_03_l",
      "local": {
        "location": {
          "x": 0.0,
          "y": 0.0,
          "z": 0.0
        },
        "rotation_quaternion": {
          "w": 0.9748291969299316,
          "x": 0.2229500114917755,
          "y": 0.0003308872983325273,
          "z": 0.001154620200395584
        },
        "scale": {
          "x": 1.0,
          "y": 1.0,
          "z": 1.0
        },
        "matrix_basis": [
          [
            0.9999971389770508,
            -0.0021035722456872463,
            0.0011599623830989003,
            0.0
          ],
          [
            0.002398657612502575,
            0.9005839228630066,
            -0.4346756041049957,
            0.0
          ],
          [
            -0.00013027201930526644,
            0.4346771240234375,
            0.9005863666534424,
            0.0
          ],
          [
            0.0,
            0.0,
            0.0,
            1.0
          ]
        ],
        "rotation_mode": "QUATERNION"
      },
      "armature_space": {
        "head": {
          "x": -0.005638462491333485,
          "y": -0.6445660591125488,
          "z": 0.8423707485198975
        },
        "tail": {
          "x": 0.005234090611338615,
          "y": -0.6715152859687805,
          "z": 0.839327871799469
        }
      },
      "world_space": {
        "head": {
          "x": -0.005638462491333485,
          "y": -0.5813220739364624,
          "z": 1.7922247648239136
        },
        "tail": {
          "x": 0.005234090611338615,
          "y": -0.6082713007926941,
          "z": 1.7891819477081299
        },
        "rotation_quaternion": {
          "w": 0.1108633428812027,
          "x": -0.9291914701461792,
          "y": -0.1629267930984497,
          "z": -0.312677800655365
        },
        "matrix": [
          [
            0.7513750195503235,
            0.37210962176322937,
            0.5449495911598206,
            -0.005638462491333485
          ],
          [
            0.23345190286636353,
            -0.9223284125328064,
            0.307913601398468,
            -0.5813220739364624
          ],
          [
            0.6172046661376953,
            -0.10414077341556549,
            -0.7798893451690674,
            1.7922247648239136
          ],
          [
            0.0,
            0.0,
            0.0,
            1.0
          ]
        ]
      },
      "bone_length_armature_space": 0.029218698405455764,
      "parent": "index_02_l",
      "has_children": false,
      "is_end_bone": true
    },
    "metacarpal_pinky_l": {
      "name": "metacarpal_pinky_l",
      "local": {
        "location": {
          "x": 0.0,
          "y": 0.0,
          "z": 0.0
        },
        "rotation_quaternion": {
          "w": 0.9986706972122192,
          "x": -0.05007016658782959,
          "y": 0.00741664320230484,
          "z": 0.009738950990140438
        },
        "scale": {
          "x": 1.0,
          "y": 1.0,
          "z": 1.0
        },
        "matrix_basis": [
          [
            0.9997003078460693,
            -0.02019471488893032,
            0.013838307000696659,
            0.0
          ],
          [
            0.018709305673837662,
            0.9947962760925293,
            0.1001516804099083,
            0.0
          ],
          [
            -0.015788830816745758,
            -0.09986275434494019,
            0.994875967502594,
            0.0
          ],
          [
            0.0,
            0.0,
            0.0,
            1.0
          ]
        ],
        "rotation_mode": "QUATERNION"
      },
      "armature_space": {
        "head": {
          "x": 0.04425208270549774,
          "y": -0.4885522425174713,
          "z": 0.8022606372833252
        },
        "tail": {
          "x": 0.03249043971300125,
          "y": -0.5590097308158875,
          "z": 0.8780279755592346
        }
      },
      "world_space": {
        "head": {
          "x": 0.04425208270549774,
          "y": -0.4253082275390625,
          "z": 1.7521146535873413
        },
        "tail": {
          "x": 0.03249043971300125,
          "y": -0.495765745639801,
          "z": 1.8278820514678955
        },
        "rotation_quaternion": {
          "w": 0.2325821965932846,
          "x": 0.6378924250602722,
          "y": -0.3280129134654999,
          "z": -0.656815230846405
        },
        "matrix": [
          [
            -0.0779961347579956,
            -0.11295069754123688,
            -0.9905346035957336,
            0.04425208270549774
          ],
          [
            -0.7240015864372253,
            -0.6766252517700195,
            0.13416442275047302,
            -0.4253082275390625
          ],
          [
            -0.6853803396224976,
            0.7276173830032349,
            -0.02900245413184166,
            1.7521146535873413
          ],
          [
            0.0,
            0.0,
            0.0,
            1.0
          ]
        ]
      },
      "bone_length_armature_space": 0.104131087622696,
      "parent": "lowerarm_l",
      "has_children": true,
      "is_end_bone": false
    },
    "pinky_01_l": {
      "name": "pinky_01_l",
      "local": {
        "location": {
          "x": 0.0,
          "y": 0.0,
          "z": 0.0
        },
        "rotation_quaternion": {
          "w": 0.999467670917511,
          "x": 0.026076041162014008,
          "y": 0.013927759602665901,
          "z": 0.01379996445029974
        },
        "scale": {
          "x": 1.0,
          "y": 1.0,
          "z": 1.0
        },
        "matrix_basis": [
          [
            0.9992311596870422,
            -0.026858875527977943,
            0.02856038697063923,
            0.0
          ],
          [
            0.028311599045991898,
            0.9982591867446899,
            -0.05173991620540619,
            0.0
          ],
          [
            -0.02712099440395832,
            0.052508726716041565,
            0.9982520937919617,
            0.0
          ],
          [
            0.0,
            0.0,
            0.0,
            1.0
          ]
        ],
        "rotation_mode": "QUATERNION"
      },
      "armature_space": {
        "head": {
          "x": 0.03249043971300125,
