{
  "metadata": {
    "armature_name": "KIM_caucasian_male",
    "export_time": "2026-01-13T21:05:15.190693",
    "blender_version": "4.4.1",
    "bone_count": 56,
    "end_bone_count": 13,
    "spaces_included": [
      "LOCAL_CHANNELS",
      "ARMATURE_SPACE",
      "WORLD_SPACE"
    ],
    "note": "LOCAL matches Transform panel; replay pose via local.matrix_basis for best fidelity."
  },
  "bones": {
    "Root": {
      "name": "Root",
      "local": {
        "location": {
          "x": 0.0,
          "y": 0.0,
          "z": 0.0
        },
        "rotation_quaternion": {
          "w": 0.999738335609436,
          "x": -0.011104599572718143,
          "y": -0.010177168063819408,
          "z": -0.017220083624124527
        },
        "scale": {
          "x": 1.0,
          "y": 1.0,
          "z": 1.0
        },
        "matrix_basis": [
          [
            0.9991998076438904,
            0.03465718403458595,
            -0.01996656507253647,
            0.0
          ],
          [
            -0.034205127507448196,
            0.9991602897644043,
            0.02255389094352722,
            0.0
          ],
          [
            0.020731454715132713,
            -0.02185288444161415,
            0.999546229839325,
            0.0
          ],
          [
            0.0,
            0.0,
            0.0,
            1.0
          ]
        ],
        "rotation_mode": "QUATERNION"
      },
      "armature_space": {
        "head": {
          "x": 0.0,
          "y": 0.07072800397872925,
          "z": -0.009595036506652832
        },
        "tail": {
          "x": 0.0024736865889281034,
          "y": 0.00026907026767730713,
          "z": 0.001537565141916275
        }
      },
      "world_space": {
        "head": {
          "x": 0.0,
          "y": 0.13397200405597687,
          "z": 0.9402589797973633
        },
        "tail": {
          "x": 0.0024736865889281034,
          "y": 0.06351307034492493,
          "z": 0.9513915777206421
        },
        "rotation_quaternion": {
          "w": 0.07842940092086792,
          "x": 0.9967190027236938,
          "y": 0.0164953526109457,
          "z": -0.011314131319522858
        },
        "matrix": [
          [
            0.9991998076438904,
            0.03465718403458595,
            -0.01996656507253647,
            0.0
          ],
          [
            0.03110773116350174,
            -0.9871534109115601,
            -0.15671786665916443,
            0.13397200405597687
          ],
          [
            -0.025141609832644463,
            0.155971497297287,
            -0.9874486327171326,
            0.9402589797973633
          ],
          [
            0.0,
            0.0,
            0.0,
            1.0
          ]
        ]
      },
      "bone_length_armature_space": 0.07137587474619443,
      "parent": null,
      "has_children": true,
      "is_end_bone": false
    },
    "spine_01": {
      "name": "spine_01",
      "local": {
        "location": {
          "x": 0.0,
          "y": 0.0,
          "z": 0.0
        },
        "rotation_quaternion": {
          "w": 0.9976582527160645,
          "x": 0.05800658464431763,
          "y": 0.03242263197898865,
          "z": 0.01618739403784275
        },
        "scale": {
          "x": 1.0,
          "y": 1.0,
          "z": 1.0
        },
        "matrix_basis": [
          [
            0.9973734617233276,
            -0.02853752300143242,
            0.06657136231660843,
            0.0
          ],
          [
            0.03606042638421059,
            0.9927464127540588,
            -0.11469181627035141,
            0.0
          ],
          [
            -0.06281546503305435,
            0.11679117381572723,
            0.9911680221557617,
            0.0
          ],
          [
            0.0,
            0.0,
            0.0,
            1.0
          ]
        ],
        "rotation_mode": "QUATERNION"
      },
      "armature_space": {
        "head": {
          "x": 0.0024736865889281034,
          "y": 0.00026907026767730713,
          "z": 0.001537565141916275
        },
        "tail": {
          "x": 0.0015385150909423828,
          "y": -0.023434454575181007,
          "z": 0.4889652729034424
        }
      },
      "world_space": {
        "head": {
          "x": 0.0024736865889281034,
          "y": 0.06351307034492493,
          "z": 0.9513915777206421
        },
        "tail": {
          "x": 0.0015385150909423828,
          "y": 0.03980954736471176,
          "z": 1.4388192892074585
        },
        "rotation_quaternion": {
          "w": 0.6889501214027405,
          "x": 0.7232012152671814,
          "y": 0.0325779914855957,
          "z": 0.03558839112520218
        },
        "matrix": [
          [
            0.9953442811965942,
            -0.001916330074891448,
            0.09636429697275162,
            0.0024736865889281034
          ],
          [
            0.09615808725357056,
            -0.04857267439365387,
            -0.9941803216934204,
            0.06351307034492493
          ],
          [
            0.006585983093827963,
            0.9988247752189636,
            -0.048163510859012604,
            0.9513915777206421
          ],
          [
            0.0,
            0.0,
            0.0,
            1.0
          ]
        ]
      },
      "bone_length_armature_space": 0.4880046103486009,
      "parent": "Root",
      "has_children": true,
      "is_end_bone": false
    },
    "neck_01": {
      "name": "neck_01",
      "local": {
        "location": {
          "x": 0.0,
          "y": 0.0,
          "z": 0.0
        },
        "rotation_quaternion": {
          "w": 0.9905290603637695,
          "x": 0.06997810304164886,
          "y": -0.04294354468584061,
          "z": -0.11005116999149323
        },
        "scale": {
          "x": 1.0,
          "y": 1.0,
          "z": 1.0
        },
        "matrix_basis": [
          [
            0.9720891714096069,
            0.2120075523853302,
            -0.10047600418329239,
            0.0
          ],
          [
            -0.22402797639369965,
            0.9659836292266846,
            -0.1291787177324295,
            0.0
          ],
          [
            0.06967131048440933,
            0.1480826586484909,
            0.9865178465843201,
            0.0
          ],
          [
            0.0,
            0.0,
            0.0,
            1.0
          ]
        ],
        "rotation_mode": "QUATERNION"
      },
      "armature_space": {
        "head": {
          "x": 0.0047401608899235725,
          "y": -0.061469484120607376,
          "z": 0.5604273676872253
        },
        "tail": {
          "x": 0.031165599822998047,
          "y": -0.11495152115821838,
          "z": 0.643806517124176
        }
      },
      "world_space": {
        "head": {
          "x": 0.0047401608899235725,
          "y": 0.0017745159566402435,
          "z": 1.5102813243865967
        },
        "tail": {
          "x": 0.031165599822998047,
          "y": -0.051707521080970764,
          "z": 1.593660593032837
        },
        "rotation_quaternion": {
          "w": 0.47657865285873413,
          "x": 0.869424045085907,
          "y": 0.10972249507904053,
          "z": -0.07025554031133652
        },
        "matrix": [
          [
            0.9660502076148987,
            0.25775548815727234,
            -0.01757989078760147,
            0.0047401608899235725
          ],
          [
            0.12382703274488449,
            -0.5216673612594604,
            -0.844115138053894,
            0.0017745159566402435
          ],
          [
            -0.2267475724220276,
            0.8132858276367188,
            -0.5358784198760986,
            1.5102813243865967
          ],
          [
            0.0,
            0.0,
            0.0,
            1.0
          ]
        ]
      },
      "bone_length_armature_space": 0.10252177711524309,
      "parent": "spine_01",
      "has_children": true,
      "is_end_bone": false
    },
    "head": {
      "name": "head",
      "local": {
        "location": {
          "x": 0.0,
          "y": 0.0,
          "z": 0.0
        },
        "rotation_quaternion": {
          "w": 0.991236686706543,
          "x": -0.005340794567018747,
          "y": -0.09109095484018326,
          "z": 0.09551915526390076
        },
        "scale": {
          "x": 1.0,
          "y": 1.0,
          "z": 1.0
        },
        "matrix_basis": [
          [
            0.9651570320129395,
            -0.18839117884635925,
            -0.18160568177700043,
            0.0
          ],
          [
            0.1903371810913086,
            0.9816951155662537,
            -0.006813879124820232,
            0.0
          ],
          [
            0.17956510186195374,
            -0.027989845722913742,
            0.9833478331565857,
            0.0
          ],
          [
            0.0,
            0.0,
            0.0,
            1.0
          ]
        ],
        "rotation_mode": "QUATERNION"
      },
      "armature_space": {
        "head": {
          "x": 0.031165575608611107,
          "y": -0.11495161056518555,
          "z": 0.6438063979148865
        },
        "tail": {
          "x": 0.04007253050804138,
          "y": -0.14184947311878204,
          "z": 0.7962874174118042
        }
      },
      "world_space": {
        "head": {
          "x": 0.031165575608611107,
          "y": -0.05170761048793793,
          "z": 1.5936603546142578
        },
        "tail": {
          "x": 0.04007253050804138,
          "y": -0.07860547304153442,
          "z": 1.7461414337158203
        },
        "rotation_quaternion": {
          "w": 0.6427643299102783,
          "x": 0.7637307047843933,
          "y": -0.011708629317581654,
          "z": -0.0585869736969471
        },
        "matrix": [
          [
            0.9928610324859619,
            0.057430803775787354,
            -0.10454069077968597,
            0.031165575608611107
          ],
          [
            -0.09319937974214554,
            -0.17343366146087646,
            -0.9804258942604065,
            -0.05170761048793793
          ],
          [
            -0.07443805038928986,
            0.9831764698028564,
            -0.16684500873088837,
            1.5936603546142578
          ],
          [
            0.0,
            0.0,
            0.0,
            1.0
          ]
        ]
      },
      "bone_length_armature_space": 0.1550912296168983,
      "parent": "neck_01",
      "has_children": false,
      "is_end_bone": true
    },
    "upperarm_l": {
      "name": "upperarm_l",
      "local": {
        "location": {
          "x": 0.0,
          "y": 0.0,
          "z": 0.0
        },
        "rotation_quaternion": {
          "w": 0.9327774047851562,
          "x": 0.22568964958190918,
          "y": 0.2722494602203369,
          "z": 0.06979150325059891
        },
        "scale": {
          "x": 1.0,
          "y": 1.0,
          "z": 1.0
        },
        "matrix_basis": [
          [
            0.8420187830924988,
            -0.007312104105949402,
            0.539398729801178,
            0.0
          ],
          [
            0.2530876398086548,
            0.8883866667747498,
            -0.38303500413894653,
            0.0
          ],
          [
            -0.47639384865760803,
            0.45903781056404114,
            0.7498888373374939,
            0.0
          ],
          [
            0.0,
            0.0,
            0.0,
            1.0
          ]
        ],
        "rotation_mode": "QUATERNION"
      },
      "armature_space": {
        "head": {
          "x": 0.15447792410850525,
          "y": -0.04695187881588936,
          "z": 0.4941328763961792
        },
        "tail": {
          "x": 0.40692195296287537,
          "y": -0.13626058399677277,
          "z": 0.48395487666130066
        }
      },
      "world_space": {
        "head": {
          "x": 0.15447792410850525,
          "y": 0.01629212126135826,
          "z": 1.4439868927001953
        },
        "tail": {
          "x": 0.40692195296287537,
          "y": -0.07301658391952515,
          "z": 1.4338089227676392
        },
        "rotation_quaternion": {
          "w": 0.2482469528913498,
          "x": 0.7224175333976746,
          "y": 0.5212796330451965,
          "z": -0.380465567111969
        },
        "matrix": [
          [
            0.16702574491500854,
            0.9420627951622009,
            -0.29089534282684326,
            0.15447792410850525
          ],
          [
            0.564264178276062,
            -0.33327943086624146,
            -0.7553352117538452,
            0.01629212126135826
          ],
          [
            -0.8085275888442993,
            -0.037981994450092316,
            -0.5872431993484497,
            1.4439868927001953
          ],
          [
            0.0,
            0.0,
            0.0,
            1.0
          ]
        ]
      },
      "bone_length_armature_space": 0.2679694521848046,
      "parent": "spine_01",
      "has_children": true,
      "is_end_bone": false
    },
    "lowerarm_l": {
      "name": "lowerarm_l",
      "local": {
        "location": {
          "x": 0.0,
          "y": 0.0,
          "z": 0.0
        },
        "rotation_quaternion": {
          "w": 0.9440206289291382,
          "x": 0.27291539311408997,
          "y": 0.004592807497829199,
          "z": -0.1852601021528244
        },
        "scale": {
          "x": 1.0,
          "y": 1.0,
          "z": 1.0
        },
        "matrix_basis": [
          [
            0.9313151836395264,
            0.35228562355041504,
            -0.09244925528764725,
            0.0
          ],
          [
            -0.3472718298435211,
            0.7823917865753174,
            -0.5169772505760193,
            0.0
          ],
          [
            -0.1097920760512352,
            0.5135737657546997,
            0.8509922027587891,
            0.0
          ],
          [
            0.0,
            0.0,
            0.0,
            1.0
          ]
        ],
        "rotation_mode": "QUATERNION"
      },
      "armature_space": {
        "head": {
          "x": 0.40692198276519775,
          "y": -0.1362607181072235,
          "z": 0.48395493626594543
        },
        "tail": {
          "x": 0.5506675839424133,
          "y": -0.29829514026641846,
          "z": 0.3269460201263428
        }
      },
      "world_space": {
        "head": {
          "x": 0.40692198276519775,
          "y": -0.07301671802997589,
          "z": 1.4338089227676392
        },
        "tail": {
          "x": 0.5506675839424133,
          "y": -0.23505114018917084,
          "z": 1.2768000364303589
        },
        "rotation_quaternion": {
          "w": 0.04542843997478485,
          "x": -0.6694888472557068,
          "y": -0.4416953921318054,
          "z": 0.5955049991607666
        },
        "matrix": [
          [
            -0.09944328665733337,
            0.5373175144195557,
            -0.8374967575073242,
            0.40692198276519775
          ],
          [
            0.645526111125946,
            -0.6056807041168213,
            -0.4652389883995056,
            -0.07301671802997589
          ],
          [
            -0.7572412490844727,
            -0.5868955850601196,
            -0.2866240441799164,
            1.4338089227676392
          ],
          [
            0.0,
            0.0,
            0.0,
            1.0
          ]
        ]
      },
      "bone_length_armature_space": 0.2675252326145574,
      "parent": "upperarm_l",
      "has_children": true,
      "is_end_bone": false
    },
    "metacarpal_thumb_l": {
      "name": "metacarpal_thumb_l",
      "local": {
        "location": {
          "x": 0.0,
          "y": 0.0,
          "z": 0.0
        },
        "rotation_quaternion": {
          "w": 0.999932050704956,
          "x": -0.003302493132650852,
          "y": -0.009676753543317318,
          "z": -0.005599127151072025
        },
        "scale": {
          "x": 1.0,
          "y": 1.0,
          "z": 1.0
        },
        "matrix_basis": [
          [
            0.999750018119812,
            0.0112614082172513,
            -0.019315209239721298,
            0.0
          ],
          [
            -0.011133578605949879,
            0.9999154806137085,
            0.006712900009006262,
            0.0
          ],
          [
            0.01938917487859726,
            -0.006496174726635218,
            0.9997909069061279,
            0.0
          ],
          [
            0.0,
            0.0,
            0.0,
            1.0
          ]
        ],
        "rotation_mode": "QUATERNION"
      },
      "armature_space": {
        "head": {
          "x": 0.5506675839424133,
          "y": -0.29829514026641846,
          "z": 0.3269460201263428
        },
        "tail": {
          "x": 0.5469498634338379,
          "y": -0.32986271381378174,
          "z": 0.28895556926727295
        }
      },
      "world_space": {
        "head": {
          "x": 0.5506675839424133,
          "y": -0.23505114018917084,
          "z": 1.2768000364303589
        },
        "tail": {
          "x": 0.5469498634338379,
          "y": -0.2666187286376953,
          "z": 1.238809585571289
        },
        "rotation_quaternion": {
          "w": 0.42584165930747986,
          "x": -0.899756908416748,
          "y": -0.0034031730610877275,
          "z": 0.0953148826956749
        },
        "matrix": [
          [
            0.9818070530891418,
            -0.07505401968955994,
            -0.17441843450069427,
            0.5506675839424133
          ],
          [
            0.08730179816484451,
            -0.6372950673103333,
            0.7656589150428772,
            -0.23505114018917084
          ],
          [
            -0.16862288117408752,
            -0.7669621706008911,
            -0.6191520094871521,
            1.2768000364303589
          ],
          [
            0.0,
            0.0,
            0.0,
            1.0
          ]
        ]
      },
      "bone_length_armature_space": 0.0495339017947759,
      "parent": "lowerarm_l",
      "has_children": true,
      "is_end_bone": false
    },
    "thumb_01_l": {
      "name": "thumb_01_l",
      "local": {
        "location": {
          "x": 0.0,
          "y": 0.0,
          "z": 0.0
        },
        "rotation_quaternion": {
          "w": 0.9673064947128296,
          "x": 0.2527375817298889,
          "y": 0.01715342327952385,
          "z": 0.012154331430792809
        },
        "scale": {
          "x": 1.0,
          "y": 1.0,
          "z": 1.0
        },
        "matrix_basis": [
          [
            0.999116063117981,
            -0.014843298122286797,
            0.03932894766330719,
            0.0
          ],
          [
            0.03218455612659454,
            0.8719519972801208,
            -0.4885324239730835,
            0.0
          ],
          [
            -0.027041522786021233,
            0.4893663823604584,
            0.8716589212417603,
            0.0
          ],
          [
            0.0,
            0.0,
            0.0,
            1.0
          ]
        ],
        "rotation_mode": "QUATERNION"
      },
      "armature_space": {
        "head": {
          "x": 0.5469498634338379,
          "y": -0.32986271381378174,
          "z": 0.28895556926727295
        },
        "tail": {
          "x": 0.5539605021476746,
          "y": -0.32364413142204285,
          "z": 0.2562321722507477
        }
      },
      "world_space": {
        "head": {
          "x": 0.5469498634338379,
          "y": -0.2666187286376953,
          "z": 1.238809585571289
        },
        "tail": {
          "x": 0.5539605021476746,
          "y": -0.26040011644363403,
          "z": 1.2060861587524414
        },
        "rotation_quaternion": {
          "w": 0.5936163067817688,
          "x": -0.3973931670188904,
          "y": 0.4888422191143036,
          "z": -0.5007312297821045
        },
        "matrix": [
          [
            0.020602816715836525,
            0.2059609293937683,
            0.9783433079719543,
            0.5469498634338379
          ],
          [
            -0.9830096960067749,
            0.18269257247447968,
            -0.01775934547185898,
            -0.2666187286376953
          ],
          [
            -0.18239586055278778,
            -0.9613617658615112,
            0.20622694492340088,
            1.238809585571289
          ],
          [
            0.0,
            0.0,
            0.0,
            1.0
          ]
        ]
      },
      "bone_length_armature_space": 0.03403880939937848,
      "parent": "metacarpal_thumb_l",
      "has_children": true,
      "is_end_bone": false
    },
    "thumb_02_l": {
      "name": "thumb_02_l",
      "local": {
        "location": {
          "x": 0.0,
          "y": 0.0,
          "z": 0.0
        },
        "rotation_quaternion": {
          "w": 0.8917928338050842,
          "x": 0.4522627294063568,
          "y": 0.012565812095999718,
          "z": 0.0024919165298342705
        },
        "scale": {
          "x": 1.0,
          "y": 1.0,
          "z": 1.0
        },
        "matrix_basis": [
          [
            0.9996717572212219,
            0.0069215502589941025,
            0.024666205048561096,
            0.0
          ],
          [
            0.015810644254088402,
            0.5909044146537781,
            -0.8065866827964783,
            0.0
          ],
          [
            -0.020158199593424797,
            0.8067119717597961,
            0.5906010270118713,
            0.0
          ],
          [
            0.0,
            0.0,
            0.0,
            1.0
          ]
        ],
        "rotation_mode": "QUATERNION"
      },
      "armature_space": {
        "head": {
          "x": 0.5539604425430298,
          "y": -0.32364407181739807,
          "z": 0.25623220205307007
        },
        "tail": {
          "x": 0.5781370401382446,
          "y": -0.3507305979728699,
          "z": 0.27340763807296753
        }
      },
      "world_space": {
        "head": {
          "x": 0.5539604425430298,
          "y": -0.26040005683898926,
          "z": 1.2060861587524414
        },
        "tail": {
          "x": 0.5781370401382446,
          "y": -0.28748661279678345,
          "z": 1.2232615947723389
        },
        "rotation_quaternion": {
          "w": 0.36840835213661194,
          "x": 0.17962171137332916,
          "y": -0.164559006690979,
          "z": -0.8971798419952393
        },
        "matrix": [
          [
            -0.6640221476554871,
            0.6019408106803894,
            -0.44355595111846924,
            0.5539604425430298
          ],
          [
            -0.7201741933822632,
            -0.6743911504745483,
            0.162928968667984,
            -0.26040005683898926
          ],
          [
            -0.20105856657028198,
            0.4276284873485565,
            0.8813192844390869,
            1.2060861587524414
          ],
          [
            0.0,
            0.0,
            0.0,
            1.0
          ]
        ]
      },
      "bone_length_armature_space": 0.04016445459234933,
      "parent": "thumb_01_l",
      "has_children": true,
      "is_end_bone": false
    },
    "thumb_03_l": {
      "name": "thumb_03_l",
      "local": {
        "location": {
          "x": 0.0,
          "y": 0.0,
          "z": 0.0
        },
        "rotation_quaternion": {
          "w": 0.9919334650039673,
          "x": 0.12658053636550903,
          "y": 0.0008511046762578189,
          "z": 0.006691609974950552
        },
        "scale": {
          "x": 1.0,
          "y": 1.0,
          "z": 1.0
        },
        "matrix_basis": [
          [
            0.999908983707428,
            -0.013059796765446663,
            0.0033825335558503866,
            0.0
          ],
          [
            0.013490729965269566,
            0.9678651690483093,
            -0.2511075437068939,
            0.0
          ],
          [
            5.576738203671994e-06,
            0.2511303424835205,
            0.9679532647132874,
            0.0
          ],
          [
            0.0,
            0.0,
            0.0,
            1.0
          ]
        ],
        "rotation_mode": "QUATERNION"
      },
      "armature_space": {
        "head": {
          "x": 0.5781369805335999,
          "y": -0.3507305979728699,
          "z": 0.27340754866600037
        },
        "tail": {
          "x": 0.5888042449951172,
          "y": -0.364535927772522,
          "z": 0.29835793375968933
        }
      },
      "world_space": {
        "head": {
          "x": 0.5781369805335999,
          "y": -0.28748661279678345,
          "z": 1.2232615947723389
        },
        "tail": {
          "x": 0.5888042449951172,
          "y": -0.30129194259643555,
          "z": 1.2482119798660278
        },
        "rotation_quaternion": {
          "w": 0.41654807329177856,
          "x": 0.42211198806762695,
          "y": -0.31584909558296204,
          "z": -0.7406406402587891
        },
        "matrix": [
          [
            -0.29661741852760315,
            0.35037961602211,
            -0.8883987069129944,
            0.5781369805335999
          ],
          [
            -0.8836728930473328,
            -0.4534532427787781,
            0.11620025336742401,
            -0.28748661279678345
          ],
          [
            -0.36213627457618713,
            0.8195263147354126,
            0.4441264867782593,
            1.2232615947723389
          ],
          [
            0.0,
            0.0,
            0.0,
            1.0
          ]
        ]
      },
      "bone_length_armature_space": 0.03044502264026904,
      "parent": "thumb_02_l",
      "has_children": false,
      "is_end_bone": true
    },
    "metacarpal_index_l": {
      "name": "metacarpal_index_l",
      "local": {
        "location": {
          "x": 0.0,
          "y": 0.0,
          "z": 0.0
        },
        "rotation_quaternion": {
          "w": 0.9996758699417114,
          "x": 0.009340882301330566,
          "y": 0.019439024850726128,
          "z": -0.013528767973184586
        },
        "scale": {
          "x": 1.0,
          "y": 1.0,
          "z": 1.0
        },
        "matrix_basis": [
          [
            0.9988781809806824,
            0.027411920949816704,
            0.03861270844936371,
            0.0
          ],
          [
            -0.02668561041355133,
            0.999459445476532,
            -0.01920168101787567,
            0.0
          ],
          [
            -0.03911818936467171,
            0.018149737268686295,
            0.9990697503089905,
            0.0
          ],
          [
            0.0,
            0.0,
            0.0,
            1.0
          ]
        ],
        "rotation_mode": "QUATERNION"
      },
      "armature_space": {
        "head": {
          "x": 0.5506675839424133,
          "y": -0.29829514026641846,
          "z": 0.3269460201263428
        },
        "tail": {
          "x": 0.5808961391448975,
          "y": -0.37575000524520874,
          "z": 0.24438513815402985
        }
      },
      "world_space": {
        "head": {
          "x": 0.5506675839424133,
          "y": -0.23505114018917084,
          "z": 1.2768000364303589
        },
        "tail": {
          "x": 0.5808961391448975,
          "y": -0.3125060200691223,
          "z": 1.1942391395568848
        },
        "rotation_quaternion": {
          "w": 0.327902227640152,
          "x": -0.8710702061653137,
          "y": -0.2489212304353714,
          "z": 0.2678713798522949
        },
        "matrix": [
          [
            0.7325658798217773,
            0.25798529386520386,
            -0.629913330078125,
            0.5506675839424133
          ],
          [
            0.6093275547027588,
            -0.6610372066497803,
            0.43789297342300415,
            -0.23505114018917084
          ],
          [
            -0.3034276068210602,
            -0.7046143412590027,
            -0.6414548754692078,
            1.2768000364303589
          ],
          [
            0.0,
            0.0,
            0.0,
            1.0
          ]
        ]
      },
      "bone_length_armature_space": 0.1171721838339819,
      "parent": "lowerarm_l",
      "has_children": true,
      "is_end_bone": false
    },
    "index_01_l": {
      "name": "index_01_l",
      "local": {
        "location": {
          "x": 0.0,
          "y": 0.0,
          "z": 0.0
        },
        "rotation_quaternion": {
          "w": 0.9487288594245911,
          "x": 0.31605252623558044,
          "y": -0.0010002307826653123,
          "z": -0.004847663454711437
        },
        "scale": {
          "x": 1.0,
          "y": 1.0,
          "z": 1.0
        },
        "matrix_basis": [
          [
            0.9999510049819946,
            0.008565985597670078,
            -0.00496212812140584,
            0.0
          ],
          [
            -0.009830486960709095,
            0.8001745939254761,
            -0.5996866226196289,
            0.0
          ],
          [
            -0.0011663369368761778,
            0.5997059941291809,
            0.8002195954322815,
            0.0
          ],
          [
            0.0,
            0.0,
            0.0,
            1.0
          ]
        ],
        "rotation_mode": "QUATERNION"
      },
      "armature_space": {
        "head": {
          "x": 0.5808961391448975,
          "y": -0.37575000524520874,
          "z": 0.24438513815402985
        },
        "tail": {
          "x": 0.5847418904304504,
          "y": -0.37948378920555115,
          "z": 0.21637889742851257
        }
      },
      "world_space": {
        "head": {
          "x": 0.5808961391448975,
          "y": -0.3125060200691223,
          "z": 1.1942391395568848
        },
        "tail": {
          "x": 0.5847418904304504,
          "y": -0.31623977422714233,
          "z": 1.166232943534851
        },
        "rotation_quaternion": {
          "w": 0.5659194588661194,
          "x": -0.6920390129089355,
          "y": -0.3380283713340759,
          "z": 0.2942008674144745
        },
        "matrix": [
          [
            0.5983648300170898,
            0.13486966490745544,
            -0.7897909879684448,
            0.5808961391448975
          ],
          [
            0.8008461594581604,
            -0.13094404339790344,
            0.5843795537948608,
            -0.3125060200691223
          ],
          [
            -0.024602727964520454,
            -0.9821800589561462,
            -0.18636295199394226,
            1.1942391395568848
          ],
          [
            0.0,
            0.0,
            0.0,
            1.0
          ]
        ]
      },
      "bone_length_armature_space": 0.028514565686372954,
      "parent": "metacarpal_index_l",
      "has_children": true,
      "is_end_bone": false
    },
    "index_02_l": {
      "name": "index_02_l",
      "local": {
        "location": {
          "x": 0.0,
          "y": 0.0,
          "z": 0.0
        },
        "rotation_quaternion": {
          "w": 0.8949027061462402,
          "x": 0.4460596442222595,
          "y": 0.01278054527938366,
          "z": 0.004090310074388981
        },
        "scale": {
          "x": 1.0,
          "y": 1.0,
          "z": 1.0
        },
        "matrix_basis": [
          [
            0.9996398687362671,
            0.004080911632627249,
            0.026523733511567116,
            0.0
          ],
          [
            0.01872262917459011,
            0.6020281314849854,
            -0.7982553839683533,
            0.0
          ],
          [
            -0.019225643947720528,
            0.7984645366668701,
            0.6017348766326904,
            0.0
          ],
          [
            0.0,
            0.0,
            0.0,
            1.0
          ]
        ],
        "rotation_mode": "QUATERNION"
      },
      "armature_space": {
        "head": {
          "x": 0.5847415328025818,
          "y": -0.3794838488101959,
          "z": 0.21637846529483795
        },
        "tail": {
          "x": 0.5707610845565796,
          "y": -0.3705684244632721,
          "z": 0.19680406153202057
        }
      },
      "world_space": {
        "head": {
          "x": 0.5847415328025818,
          "y": -0.3162398338317871,
          "z": 1.1662324666976929
        },
        "tail": {
          "x": 0.5707610845565796,
          "y": -0.3073244094848633,
          "z": 1.1466580629348755
        },
        "rotation_quaternion": {
          "w": 0.7989597916603088,
          "x": -0.3762790560722351,
          "y": -0.1882324069738388,
          "z": 0.4297045171260834
        },
        "matrix": [
          [
            0.5598437190055847,
            -0.5449780225753784,
            -0.6241587996482849,
            0.5847415328025818
          ],
          [
            0.8282902240753174,
            0.3475353717803955,
            0.4394938349723816,
            -0.3162398338317871
          ],
          [
            -0.02259654924273491,
            -0.7630375027656555,
            0.6459701061248779,
            1.1662324666976929
          ],
          [
            0.0,
            0.0,
            0.0,
            1.0
          ]
        ]
      },
      "bone_length_armature_space": 0.02565336248245768,
      "parent": "index_01_l",
      "has_children": true,
      "is_end_bone": false
    },
    "index_03_l": {
      "name": "index_03_l",
      "local": {
        "location": {
          "x": 0.0,
          "y": 0.0,
          "z": 0.0
        },
        "rotation_quaternion": {
          "w": 0.9383324384689331,
          "x": 0.3456553816795349,
          "y": 0.006362255197018385,
          "z": 0.003742967965081334
        },
        "scale": {
          "x": 1.0,
          "y": 1.0,
          "z": 1.0
        },
        "matrix_basis": [
          [
            0.9998910427093506,
            -0.00262600090354681,
            0.014527374878525734,
            0.0
          ],
          [
            0.011422592215240002,
            0.7610166668891907,
            -0.6486316919326782,
            0.0
          ],
          [
            -0.009352266788482666,
            0.6487269401550293,
            0.7609637379646301,
            0.0
          ],
          [
            0.0,
            0.0,
            0.0,
            1.0
          ]
        ],
        "rotation_mode": "QUATERNION"
      },
      "armature_space": {
        "head": {
          "x": 0.5707611441612244,
          "y": -0.37056851387023926,
          "z": 0.1968039870262146
        },
        "tail": {
          "x": 0.5485326647758484,
          "y": -0.3517228662967682,
          "z": 0.19469036161899567
        }
      },
      "world_space": {
        "head": {
          "x": 0.5707611441612244,
          "y": -0.30732452869415283,
          "z": 1.146657943725586
        },
        "tail": {
          "x": 0.5485326647758484,
          "y": -0.2884788513183594,
          "z": 1.1445443630218506
        },
        "rotation_quaternion": {
          "w": 0.9068973660469055,
          "x": -0.037341516464948654,
          "y": -0.005490219686180353,
          "z": 0.419657826423645
        },
        "matrix": [
          [
            0.647714376449585,
            -0.7607631683349609,
            -0.04129937291145325,
            0.5707611441612244
          ],
          [
            0.7615832686424255,
            0.6449859142303467,
            0.06312203407287598,
            -0.30732452869415283
          ],
          [
            -0.02138282172381878,
            -0.07233810424804688,
            0.9971580505371094,
            1.146657943725586
          ],
          [
            0.0,
            0.0,
            0.0,
            1.0
          ]
        ]
      },
      "bone_length_armature_space": 0.02921867769033252,
      "parent": "index_02_l",
      "has_children": false,
      "is_end_bone": true
    },
    "metacarpal_pinky_l": {
      "name": "metacarpal_pinky_l",
      "local": {
        "location": {
          "x": 0.0,
          "y": 0.0,
          "z": 0.0
        },
        "rotation_quaternion": {
          "w": 0.9988132119178772,
          "x": -0.04675951227545738,
          "y": -0.008338280953466892,
          "z": -0.010784993879497051
        },
        "scale": {
          "x": 1.0,
          "y": 1.0,
          "z": 1.0
        },
        "matrix_basis": [
          [
            0.9996283054351807,
            0.022324176505208015,
            -0.015648167580366135,
            0.0
          ],
          [
            -0.020764600485563278,
            0.9953944683074951,
            0.09358789026737213,
            0.0
          ],
          [
            0.017665373161435127,
            -0.09322818368673325,
            0.9954880475997925,
            0.0
          ],
          [
            0.0,
            0.0,
            0.0,
            1.0
          ]
        ],
        "rotation_mode": "QUATERNION"
      },
      "armature_space": {
        "head": {
          "x": 0.5506675839424133,
          "y": -0.29829514026641846,
          "z": 0.3269460201263428
        },
        "tail": {
          "x": 0.629237174987793,
          "y": -0.3364151120185852,
          "z": 0.27022784948349
        }
      },
      "world_space": {
        "head": {
          "x": 0.5506675839424133,
          "y": -0.23505114018917084,
          "z": 1.2768000364303589
        },
        "tail": {
          "x": 0.629237174987793,
          "y": -0.2731711268424988,
          "z": 1.2200818061828613
        },
        "rotation_quaternion": {
          "w": 0.36956125497817993,
          "x": 0.18798795342445374,
          "y": 0.4247180223464966,
          "z": -0.804797887802124
        },
        "matrix": [
          [
            -0.6561694741249084,
            0.7545284628868103,
            0.011335812509059906,
            0.5506675839424133
          ],
          [
            -0.43516305088996887,
            -0.36607781052589417,
            -0.8225695490837097,
            -0.23505114018917084
          ],
          [
            -0.6165068745613098,
            -0.5446820855140686,
            0.5685550570487976,
            1.2768000364303589
          ],
          [
            0.0,
            0.0,
            0.0,
            1.0
          ]
        ]
      },
      "bone_length_armature_space": 0.10413099245554636,
      "parent": "lowerarm_l",
      "has_children": true,
      "is_end_bone": false
    },
    "pinky_01_l": {
      "name": "pinky_01_l",
      "local": {
        "location": {
          "x": 0.0,
          "y": 0.0,
          "z": 0.0
        },
        "rotation_quaternion": {
          "w": 0.9323670864105225,
          "x": 0.3612901568412781,
          "y": 0.004257631488144398,
          "z": 0.011953608132898808
        },
        "scale": {
          "x": 1.0,
          "y": 1.0,
          "z": 1.0
        },
        "matrix_basis": [
          [
            0.9996779561042786,
            -0.01921382173895836,
            0.016576793044805527,
            0.0
          ],
          [
            0.025366783142089844,
            0.7386530637741089,
            -0.6736083030700684,
            0.0
          ],
          [
            0.0006980909965932369,
            0.6738119125366211,
            0.7389025688171387,
            0.0
          ],
          [
            0.0,
            0.0,
            0.0,
            1.0
          ]
        ],
        "rotation_mode": "QUATERNION"
      },
      "armature_space": {
        "head": {
          "x": 0.629237174987793,
          "y": -0.3364151120185852,
          "z": 0.27022784948349
        },
        "tail": {
