{
  "metadata": {
    "armature_name": "KIM_caucasian_male",
    "export_time": "2026-01-13T21:04:01.187784",
    "blender_version": "4.4.1",
    "bone_count": 56,
    "end_bone_count": 13,
    "spaces_included": [
      "LOCAL_CHANNELS",
      "ARMATURE_SPACE",
      "WORLD_SPACE"
    ],
    "note": "LOCAL matches Transform panel; replay pose via local.matrix_basis for best fidelity."
  },
  "bones": {
    "Root": {
      "name": "Root",
      "local": {
        "location": {
          "x": 0.0,
          "y": 0.0,
          "z": 0.0
        },
        "rotation_quaternion": {
          "w": 0.9999759793281555,
          "x": 0.001037558657117188,
          "y": -0.001596522401086986,
          "z": -0.006676713470369577
        },
        "scale": {
          "x": 1.0,
          "y": 1.0,
          "z": 1.0
        },
        "matrix_basis": [
          [
            0.9999057650566101,
            0.013349792920053005,
            -0.003206823021173477,
            0.0
          ],
          [
            -0.013356419280171394,
            0.9999086856842041,
            -0.0020537483505904675,
            0.0
          ],
          [
            0.003179113147780299,
            0.0020963866263628006,
            0.9999927282333374,
            0.0
          ],
          [
            0.0,
            0.0,
            0.0,
            1.0
          ]
        ],
        "rotation_mode": "QUATERNION"
      },
      "armature_space": {
        "head": {
          "x": 0.0,
          "y": 0.07072800397872925,
          "z": -0.009595036506652832
        },
        "tail": {
          "x": 0.0009528530645184219,
          "y": -1.3656914234161377e-05,
          "z": -0.00014915131032466888
        }
      },
      "world_space": {
        "head": {
          "x": 0.0,
          "y": 0.13397200405597687,
          "z": 0.9402589797973633
        },
        "tail": {
          "x": 0.0009528530645184219,
          "y": 0.06323034316301346,
          "z": 0.9497048854827881
        },
        "rotation_quaternion": {
          "w": 0.06633082777261734,
          "x": 0.997774064540863,
          "y": 0.006553991232067347,
          "z": -0.0020426916889846325
        },
        "matrix": [
          [
            0.9999057650566101,
            0.013349792920053005,
            -0.003206823021173477,
            0.0
          ],
          [
            0.012807818129658699,
            -0.9911144971847534,
            -0.13239359855651855,
            0.13397200405597687
          ],
          [
            -0.004945778287947178,
            0.13234004378318787,
            -0.9911990761756897,
            0.9402589797973633
          ],
          [
            0.0,
            0.0,
            0.0,
            1.0
          ]
        ]
      },
      "bone_length_armature_space": 0.07137587386020453,
      "parent": null,
      "has_children": true,
      "is_end_bone": false
    },
    "spine_01": {
      "name": "spine_01",
      "local": {
        "location": {
          "x": 0.0,
          "y": 0.0,
          "z": 0.0
        },
        "rotation_quaternion": {
          "w": 0.9970943331718445,
          "x": 0.03120237961411476,
          "y": 0.0010810066014528275,
          "z": 0.0694848820567131
        },
        "scale": {
          "x": 1.0,
          "y": 1.0,
          "z": 1.0
        },
        "matrix_basis": [
          [
            0.9903413653373718,
            -0.13849849998950958,
            0.006491918582469225,
            0.0
          ],
          [
            0.13863343000411987,
            0.9883965253829956,
            -0.062073204666376114,
            0.0
          ],
          [
            0.0021804561838507652,
            0.06237366050481796,
            0.9980505108833313,
            0.0
          ],
          [
            0.0,
            0.0,
            0.0,
            1.0
          ]
        ],
        "rotation_mode": "QUATERNION"
      },
      "armature_space": {
        "head": {
          "x": 0.0009528530645184219,
          "y": -1.3656914234161377e-05,
          "z": -0.00014915131032466888
        },
        "tail": {
          "x": -0.06412481516599655,
          "y": -0.009727614931762218,
          "z": 0.4833991825580597
        }
      },
      "world_space": {
        "head": {
          "x": 0.0009528530645184219,
          "y": 0.06323034316301346,
          "z": 0.9497048854827881
        },
        "tail": {
          "x": -0.06412481516599655,
          "y": 0.05351638421416283,
          "z": 1.4332531690597534
        },
        "rotation_quaternion": {
          "w": 0.6988345980644226,
          "x": 0.7120894193649292,
          "y": -0.040954358875751495,
          "z": 0.05368164926767349
        },
        "matrix": [
          [
            0.9908820390701294,
            -0.1333555430173874,
            0.019210688769817352,
            0.0009528530645184219
          ],
          [
            0.016701968386769295,
            -0.01990560069680214,
            -0.9996623992919922,
            0.06323034316301346
          ],
          [
            0.1336938589811325,
            0.990875244140625,
            -0.017497826367616653,
            0.9497048854827881
          ],
          [
            0.0,
            0.0,
            0.0,
            1.0
          ]
        ]
      },
      "bone_length_armature_space": 0.48800456679279897,
      "parent": "Root",
      "has_children": true,
      "is_end_bone": false
    },
    "neck_01": {
      "name": "neck_01",
      "local": {
        "location": {
          "x": 0.0,
          "y": 0.0,
          "z": 0.0
        },
        "rotation_quaternion": {
          "w": 0.988858163356781,
          "x": -0.042886972427368164,
          "y": 0.08940039575099945,
          "z": -0.111031174659729
        },
        "scale": {
          "x": 1.0,
          "y": 1.0,
          "z": 1.0
        },
        "matrix_basis": [
          [
            0.9593592882156372,
            0.21191994845867157,
            0.18633221089839935,
            0.0
          ],
          [
            -0.2272563874721527,
            0.9716655611991882,
            0.06496580690145493,
            0.0
          ],
          [
            -0.1672850400209427,
            -0.10467072576284409,
            0.9803365468978882,
            0.0
          ],
          [
            0.0,
            0.0,
            0.0,
            1.0
          ]
        ],
        "rotation_mode": "QUATERNION"
      },
      "armature_space": {
        "head": {
          "x": -0.07322267442941666,
          "y": -0.04585380479693413,
          "z": 0.5553427338600159
        },
        "tail": {
          "x": -0.06396912038326263,
          "y": -0.07534929364919662,
          "z": 0.6530930995941162
        }
      },
      "world_space": {
        "head": {
          "x": -0.07322267442941666,
          "y": 0.017390195280313492,
          "z": 1.5051968097686768
        },
        "tail": {
          "x": -0.06396912038326263,
          "y": -0.012105293571949005,
          "z": 1.6029471158981323
        },
        "rotation_quaternion": {
          "w": 0.5867310762405396,
          "x": 0.7991979718208313,
          "y": 0.10906849801540375,
          "z": 0.07164705544710159
        },
        "matrix": [
          [
            0.9659414887428284,
            0.09025975316762924,
            0.2425083965063095,
            -0.07322267442941666
          ],
          [
            0.25841009616851807,
            -0.28770095109939575,
            -0.9221999645233154,
            0.017390195280313492
          ],
          [
            -0.013467438519001007,
            0.9534639120101929,
            -0.3012292683124542,
            1.5051968097686768
          ],
          [
            0.0,
            0.0,
            0.0,
            1.0
          ]
        ]
      },
      "bone_length_armature_space": 0.10252192994875303,
      "parent": "spine_01",
      "has_children": true,
      "is_end_bone": false
    },
    "head": {
      "name": "head",
      "local": {
        "location": {
          "x": 0.0,
          "y": 0.0,
          "z": 0.0
        },
        "rotation_quaternion": {
          "w": 0.9952504634857178,
          "x": -0.06193041801452637,
          "y": 0.07211354374885559,
          "z": -0.020998146384954453
        },
        "scale": {
          "x": 1.0,
          "y": 1.0,
          "z": 1.0
        },
        "matrix_basis": [
          [
            0.9887174367904663,
            0.03286478668451309,
            0.14614292979240417,
            0.0
          ],
          [
            -0.050728872418403625,
            0.991447389125824,
            0.12024405598640442,
            0.0
          ],
          [
            -0.14094123244285583,
            -0.12630105018615723,
            0.9819285273551941,
            0.0
          ],
          [
            0.0,
            0.0,
            0.0,
            1.0
          ]
        ],
        "rotation_mode": "QUATERNION"
      },
      "armature_space": {
        "head": {
          "x": -0.06396909058094025,
          "y": -0.07534941285848618,
          "z": 0.6530929803848267
        },
        "tail": {
          "x": -0.0646863728761673,
          "y": -0.045162178575992584,
          "z": 0.805216372013092
        }
      },
      "world_space": {
        "head": {
          "x": -0.06396909058094025,
          "y": -0.012105412781238556,
          "z": 1.6029469966888428
        },
        "tail": {
          "x": -0.0646863728761673,
          "y": 0.018081821501255035,
          "z": 1.755070447921753
        },
        "rotation_quaternion": {
          "w": 0.7575368285179138,
          "x": 0.6213839650154114,
          "y": 0.15316423773765564,
          "z": 0.12868842482566833
        },
        "matrix": [
          [
            0.9199601411819458,
            -0.004624944180250168,
            0.39198487997055054,
            -0.06396909058094025
          ],
          [
            0.3853200376033783,
            0.1946430802345276,
            -0.9020216464996338,
            -0.012105412781238556
          ],
          [
            -0.07212541997432709,
            0.980870246887207,
            0.18084633350372314,
            1.6029469966888428
          ],
          [
            0.0,
            0.0,
            0.0,
            1.0
          ]
        ]
      },
      "bone_length_armature_space": 0.1550912933848069,
      "parent": "neck_01",
      "has_children": false,
      "is_end_bone": true
    },
    "upperarm_l": {
      "name": "upperarm_l",
      "local": {
        "location": {
          "x": 0.0,
          "y": 0.0,
          "z": 0.0
        },
        "rotation_quaternion": {
          "w": 0.9422228336334229,
          "x": 0.26395168900489807,
          "y": 0.0696554183959961,
          "z": 0.19414879381656647
        },
        "scale": {
          "x": 1.0,
          "y": 1.0,
          "z": 1.0
        },
        "matrix_basis": [
          [
            0.914908766746521,
            -0.32909151911735535,
            0.23375365138053894,
            0.0
          ],
          [
            0.4026341736316681,
            0.7852715253829956,
            -0.4703556001186371,
            0.0
          ],
          [
            -0.028770048171281815,
            0.5244496464729309,
            0.8509552478790283,
            0.0
          ],
          [
            0.0,
            0.0,
            0.0,
            1.0
          ]
        ],
        "rotation_mode": "QUATERNION"
      },
      "armature_space": {
        "head": {
          "x": 0.08443343639373779,
          "y": -0.045198749750852585,
          "z": 0.5087464451789856
        },
        "tail": {
          "x": 0.2920134961605072,
          "y": -0.1773715764284134,
          "z": 0.6148059368133545
        }
      },
      "world_space": {
        "head": {
          "x": 0.08443343639373779,
          "y": 0.018045250326395035,
          "z": 1.4586005210876465
        },
        "tail": {
          "x": 0.2920134961605072,
          "y": -0.11412757635116577,
          "z": 1.5646599531173706
        },
        "rotation_quaternion": {
          "w": 0.4149739742279053,
          "x": 0.7596264481544495,
          "y": 0.28491660952568054,
          "z": -0.4118092954158783
        },
        "matrix": [
          [
            0.49847137928009033,
            0.7746407985687256,
            -0.38917598128318787,
            0.08443343639373779
          ],
          [
            0.09108138084411621,
            -0.4932384490966797,
            -0.865112841129303,
            0.018045250326395035
          ],
          [
            -0.8621141314506531,
            0.39578959345817566,
            -0.31642356514930725,
            1.4586005210876465
          ],
          [
            0.0,
            0.0,
            0.0,
            1.0
          ]
        ]
      },
      "bone_length_armature_space": 0.2679696890061055,
      "parent": "spine_01",
      "has_children": true,
      "is_end_bone": false
    },
    "lowerarm_l": {
      "name": "lowerarm_l",
      "local": {
        "location": {
          "x": 0.0,
          "y": 0.0,
          "z": 0.0
        },
        "rotation_quaternion": {
          "w": 0.9873383045196533,
          "x": 0.017267178744077682,
          "y": -0.05913516506552696,
          "z": 0.14617788791656494
        },
        "scale": {
          "x": 1.0,
          "y": 1.0,
          "z": 1.0
        },
        "matrix_basis": [
          [
            0.9502701163291931,
            -0.29069626331329346,
            -0.11172466725111008,
            0.0
          ],
          [
            0.2866118550300598,
            0.9566677212715149,
            -0.05138560011982918,
            0.0
          ],
          [
            0.12182098627090454,
            0.016808586195111275,
            0.9924097657203674,
            0.0
          ],
          [
            0.0,
            0.0,
            0.0,
            1.0
          ]
        ],
        "rotation_mode": "QUATERNION"
      },
      "armature_space": {
        "head": {
          "x": 0.2920134663581848,
          "y": -0.17737168073654175,
          "z": 0.6148061156272888
        },
        "tail": {
          "x": 0.4282058775424957,
          "y": -0.32851889729499817,
          "z": 0.7885180711746216
        }
      },
      "world_space": {
        "head": {
          "x": 0.2920134663581848,
          "y": -0.11412768065929413,
          "z": 1.5646600723266602
        },
        "tail": {
          "x": 0.4282058775424957,
          "y": -0.26527488231658936,
          "z": 1.7383720874786377
        },
        "rotation_quaternion": {
          "w": 0.4624929428100586,
          "x": 0.7606395483016968,
          "y": 0.06007147207856178,
          "z": -0.4515741169452667
        },
        "matrix": [
          [
            0.5849457383155823,
            0.5090839266777039,
            -0.63140469789505,
            0.2920134663581848
          ],
          [
            -0.3263128101825714,
            -0.5649846196174622,
            -0.7578340768814087,
            -0.11412768065929413
          ],
          [
            -0.7425406575202942,
            0.6493311524391174,
            -0.16436657309532166,
            1.5646600723266602
          ],
          [
            0.0,
            0.0,
            0.0,
            1.0
          ]
        ]
      },
      "bone_length_armature_space": 0.26752513513950216,
      "parent": "upperarm_l",
      "has_children": true,
      "is_end_bone": false
    },
    "metacarpal_thumb_l": {
      "name": "metacarpal_thumb_l",
      "local": {
        "location": {
          "x": 0.0,
          "y": 0.0,
          "z": 0.0
        },
        "rotation_quaternion": {
          "w": 0.9998272657394409,
          "x": -0.01841655559837818,
          "y": -0.001705606235191226,
          "z": -0.001873324392363429
        },
        "scale": {
          "x": 1.0,
          "y": 1.0,
          "z": 1.0
        },
        "matrix_basis": [
          [
            0.9999871850013733,
            0.003808824345469475,
            -0.003341622883453965,
            0.0
          ],
          [
            -0.0036831789184361696,
            0.9993146657943726,
            0.03683314099907875,
            0.0
          ],
          [
            0.0034796237014234066,
            -0.03682035952806473,
            0.9993158578872681,
            0.0
          ],
          [
            0.0,
            0.0,
            0.0,
            1.0
          ]
        ],
        "rotation_mode": "QUATERNION"
      },
      "armature_space": {
        "head": {
          "x": 0.4282058775424957,
          "y": -0.32851889729499817,
          "z": 0.7885180711746216
        },
        "tail": {
          "x": 0.43419793248176575,
          "y": -0.37519463896751404,
          "z": 0.8039795160293579
        }
      },
      "world_space": {
        "head": {
          "x": 0.4282058775424957,
          "y": -0.26527488231658936,
          "z": 1.7383720874786377
        },
        "tail": {
          "x": 0.43419793248176575,
          "y": -0.3119506239891052,
          "z": 1.753833532333374
        },
        "rotation_quaternion": {
          "w": 0.13710691034793854,
          "x": 0.9519378542900085,
          "y": 0.10024934262037277,
          "z": 0.25488466024398804
        },
        "matrix": [
          [
            0.8499676585197449,
            0.12096951901912689,
            0.5127584338188171,
            0.4282058775424957
          ],
          [
            0.2607555389404297,
            -0.9423034191131592,
            -0.20993037521839142,
            -0.26527488231658936
          ],
          [
            0.4577822685241699,
            0.3121397793292999,
            -0.8324770927429199,
            1.7383720874786377
          ],
          [
            0.0,
            0.0,
            0.0,
            1.0
          ]
        ]
      },
      "bone_length_armature_space": 0.04953368517057378,
      "parent": "lowerarm_l",
      "has_children": true,
      "is_end_bone": false
    },
    "thumb_01_l": {
      "name": "thumb_01_l",
      "local": {
        "location": {
          "x": 0.0,
          "y": 0.0,
          "z": 0.0
        },
        "rotation_quaternion": {
          "w": 0.998714804649353,
          "x": -0.050576258450746536,
          "y": 0.0030836663208901882,
          "z": 0.0011764013906940818
        },
        "scale": {
          "x": 1.0,
          "y": 1.0,
          "z": 1.0
        },
        "matrix_basis": [
          [
            0.9999781847000122,
            -0.0026616996619850397,
            0.006040410604327917,
            0.0
          ],
          [
            0.002037858357653022,
            0.9948813319206238,
            0.10102976858615875,
            0.0
          ],
          [
            -0.006278402172029018,
            -0.10101526230573654,
            0.9948650598526001,
            0.0
          ],
          [
            0.0,
            0.0,
            0.0,
            1.0
          ]
        ],
        "rotation_mode": "QUATERNION"
      },
      "armature_space": {
        "head": {
          "x": 0.43419793248176575,
          "y": -0.37519463896751404,
          "z": 0.8039795160293579
        },
        "tail": {
          "x": 0.44322308897972107,
          "y": -0.40310370922088623,
          "z": 0.7867093086242676
        }
      },
      "world_space": {
        "head": {
          "x": 0.43419793248176575,
          "y": -0.3119506239891052,
          "z": 1.753833532333374
        },
        "tail": {
          "x": 0.44322308897972107,
          "y": -0.3398597240447998,
          "z": 1.7365633249282837
        },
        "rotation_quaternion": {
          "w": 0.2663830518722534,
          "x": -0.5471754670143127,
          "y": 0.13812130689620972,
          "z": -0.7813844680786133
        },
        "matrix": [
          [
            -0.2592780292034149,
            0.2651446759700775,
            0.9286943674087524,
            0.43419793248176575
          ],
          [
            -0.5674483776092529,
            -0.8199248313903809,
            0.07566741108894348,
            -0.3119506239891052
          ],
          [
            0.7815271019935608,
            -0.5073718428611755,
            0.36304694414138794,
            1.753833532333374
          ],
          [
            0.0,
            0.0,
            0.0,
            1.0
          ]
        ]
      },
      "bone_length_armature_space": 0.03403865004483012,
      "parent": "metacarpal_thumb_l",
      "has_children": true,
      "is_end_bone": false
    },
    "thumb_02_l": {
      "name": "thumb_02_l",
      "local": {
        "location": {
          "x": 0.0,
          "y": 0.0,
          "z": 0.0
        },
        "rotation_quaternion": {
          "w": 0.9979182481765747,
          "x": 0.06385202705860138,
          "y": 0.003715667873620987,
          "z": -0.008270909078419209
        },
        "scale": {
          "x": 1.0,
          "y": 1.0,
          "z": 1.0
        },
        "matrix_basis": [
          [
            0.9998355507850647,
            0.016981888562440872,
            0.0063596367835998535,
            0.0
          ],
          [
            -0.016032876446843147,
            0.9917089939117432,
            -0.12749966979026794,
            0.0
          ],
          [
            -0.008472094312310219,
            0.1273767352104187,
            0.9918182492256165,
            0.0
          ],
          [
            0.0,
            0.0,
            0.0,
            1.0
          ]
        ],
        "rotation_mode": "QUATERNION"
      },
      "armature_space": {
        "head": {
          "x": 0.4432230591773987,
          "y": -0.40310367941856384,
          "z": 0.7867093086242676
        },
        "tail": {
          "x": 0.4640311002731323,
          "y": -0.42878279089927673,
          "z": 0.8095301985740662
        }
      },
      "world_space": {
        "head": {
          "x": 0.4432230591773987,
          "y": -0.33985966444015503,
          "z": 1.7365633249282837
        },
        "tail": {
          "x": 0.4640311002731323,
          "y": -0.3655387759208679,
          "z": 1.7593841552734375
        },
        "rotation_quaternion": {
          "w": 0.24825219810009003,
          "x": -0.10379701107740402,
          "y": -0.34452182054519653,
          "z": -0.8993897438049316
        },
        "matrix": [
          [
            -0.8551939725875854,
            0.5180717706680298,
            0.01565007120370865,
            0.4432230591773987
          ],
          [
            -0.37503114342689514,
            -0.6393502950668335,
            0.671254575252533,
            -0.33985966444015503
          ],
          [
            0.3577660620212555,
            0.5681867003440857,
            0.74106764793396,
            1.7365633249282837
          ],
          [
            0.0,
            0.0,
            0.0,
            1.0
          ]
        ]
      },
      "bone_length_armature_space": 0.040164466548521426,
      "parent": "thumb_01_l",
      "has_children": true,
      "is_end_bone": false
    },
    "thumb_03_l": {
      "name": "thumb_03_l",
      "local": {
        "location": {
          "x": 0.0,
          "y": 0.0,
          "z": 0.0
        },
        "rotation_quaternion": {
          "w": 0.9984014630317688,
          "x": 0.05623917654156685,
          "y": 0.004642688203603029,
          "z": -0.003187325084581971
        },
        "scale": {
          "x": 1.0,
          "y": 1.0,
          "z": 1.0
        },
        "matrix_basis": [
          [
            0.999936580657959,
            0.006886661984026432,
            0.00891202874481678,
            0.0
          ],
          [
            -0.005842258222401142,
            0.9936540126800537,
            -0.11232814937829971,
            0.0
          ],
          [
            -0.009629038162529469,
            0.11226895451545715,
            0.9936311841011047,
            0.0
          ],
          [
            0.0,
            0.0,
            0.0,
            1.0
          ]
        ],
        "rotation_mode": "QUATERNION"
      },
      "armature_space": {
        "head": {
          "x": 0.46403104066848755,
          "y": -0.4287828207015991,
          "z": 0.8095301389694214
        },
        "tail": {
          "x": 0.4816448390483856,
          "y": -0.43797340989112854,
          "z": 0.8325992822647095
        }
      },
      "world_space": {
        "head": {
          "x": 0.46403104066848755,
          "y": -0.3655388355255127,
          "z": 1.7593841552734375
        },
        "tail": {
          "x": 0.4816448390483856,
          "y": -0.3747293949127197,
          "z": 1.7824532985687256
        },
        "rotation_quaternion": {
          "w": 0.40753647685050964,
          "x": 0.08784286677837372,
          "y": -0.4277562201023102,
          "z": -0.8020113706588745
        },
        "matrix": [
          [
            -0.6523938775062561,
            0.5785473585128784,
            -0.4895561635494232,
            0.46403104066848755
          ],
          [
            -0.7288499474525452,
            -0.30187588930130005,
            0.6145312786102295,
            -0.3655388355255127
          ],
          [
            0.2077508270740509,
            0.7577342391014099,
            0.6186214089393616,
            1.7593841552734375
          ],
          [
            0.0,
            0.0,
            0.0,
            1.0
          ]
        ]
      },
      "bone_length_armature_space": 0.030445002804360695,
      "parent": "thumb_02_l",
      "has_children": false,
      "is_end_bone": true
    },
    "metacarpal_index_l": {
      "name": "metacarpal_index_l",
      "local": {
        "location": {
          "x": 0.0,
          "y": 0.0,
          "z": 0.0
        },
        "rotation_quaternion": {
          "w": 0.9995162487030029,
          "x": 0.0277872234582901,
          "y": 0.010266107507050037,
          "z": -0.009476727806031704
        },
        "scale": {
          "x": 1.0,
          "y": 1.0,
          "z": 1.0
        },
        "matrix_basis": [
          [
            0.9996095895767212,
            0.019514819607138634,
            0.019995618611574173,
            0.0
          ],
          [
            -0.018373753875494003,
            0.9982761144638062,
            -0.05574214085936546,
            0.0
          ],
          [
            -0.02104894630610943,
            0.055352985858917236,
            0.9982449412345886,
            0.0
          ],
          [
            0.0,
            0.0,
            0.0,
            1.0
          ]
        ],
        "rotation_mode": "QUATERNION"
      },
      "armature_space": {
        "head": {
          "x": 0.4282058775424957,
          "y": -0.32851889729499817,
          "z": 0.7885180711746216
        },
        "tail": {
          "x": 0.46804383397102356,
          "y": -0.4232986271381378,
          "z": 0.8447229266166687
        }
      },
      "world_space": {
        "head": {
          "x": 0.4282058775424957,
          "y": -0.26527488231658936,
          "z": 1.7383720874786377
        },
        "tail": {
          "x": 0.46804383397102356,
          "y": -0.360054612159729,
          "z": 1.79457688331604
        },
        "rotation_quaternion": {
          "w": 0.25864630937576294,
          "x": 0.9503702521324158,
          "y": 0.16927498579025269,
          "z": -0.035276807844638824
        },
        "matrix": [
          [
            0.9402029514312744,
            0.3399962782859802,
            0.02051328867673874,
            0.4282058775424957
          ],
          [
            0.3034997880458832,
            -0.8088958263397217,
            -0.5035628080368042,
            -0.26527488231658936
          ],
          [
            -0.1546172946691513,
            0.47967949509620667,
            -0.8637216091156006,
            1.7383720874786377
          ],
          [
            0.0,
            0.0,
            0.0,
            1.0
          ]
        ]
      },
      "bone_length_armature_space": 0.1171718661489444,
      "parent": "lowerarm_l",
      "has_children": true,
      "is_end_bone": false
    },
    "index_01_l": {
      "name": "index_01_l",
      "local": {
        "location": {
          "x": 0.0,
          "y": 0.0,
          "z": 0.0
        },
        "rotation_quaternion": {
          "w": 0.993323802947998,
          "x": -0.11289994418621063,
          "y": -0.023599766194820404,
          "z": 0.0021351459436118603
        },
        "scale": {
          "x": 1.0,
          "y": 1.0,
          "z": 1.0
        },
        "matrix_basis": [
          [
            0.9988769888877869,
            0.001087042037397623,
            -0.04736653342843056,
            0.0
          ],
          [
            0.009570606984198093,
            0.9744980931282043,
            0.22419162094593048,
            0.0
          ],
          [
            0.046402301639318466,
            -0.22439318895339966,
            0.9733933210372925,
            0.0
          ],
          [
            0.0,
            0.0,
            0.0,
            1.0
          ]
        ],
        "rotation_mode": "QUATERNION"
      },
      "armature_space": {
        "head": {
          "x": 0.46804383397102356,
          "y": -0.4232986271381378,
          "z": 0.8447229266166687
        },
        "tail": {
          "x": 0.48502859473228455,
          "y": -0.43569788336753845,
          "z": 0.8639803528785706
        }
      },
      "world_space": {
        "head": {
          "x": 0.46804383397102356,
          "y": -0.360054612159729,
          "z": 1.79457688331604
        },
        "tail": {
          "x": 0.48502859473228455,
          "y": -0.37245386838912964,
          "z": 1.8138344287872314
        },
        "rotation_quaternion": {
          "w": 0.4127037525177002,
          "x": 0.846300482749939,
          "y": 0.3350428640842438,
          "z": -0.03460432589054108
        },
        "matrix": [
          [
            0.7730969190597534,
            0.59565669298172,
            0.21797733008861542,
            0.46804383397102356
          ],
          [
            0.5385327339172363,
            -0.43484288454055786,
            -0.72173011302948,
            -0.360054612159729
          ],
          [
            -0.3351193964481354,
            0.6753594279289246,
            -0.6569616794586182,
            1.79457688331604
          ],
          [
            0.0,
            0.0,
            0.0,
            1.0
          ]
        ]
      },
      "bone_length_armature_space": 0.02851441909292874,
      "parent": "metacarpal_index_l",
      "has_children": true,
      "is_end_bone": false
    },
    "index_02_l": {
      "name": "index_02_l",
      "local": {
        "location": {
          "x": 0.0,
          "y": 0.0,
          "z": 0.0
        },
        "rotation_quaternion": {
          "w": 0.9989568591117859,
          "x": 0.04498812556266785,
          "y": -0.007670248858630657,
          "z": 0.0016137983184307814
        },
        "scale": {
          "x": 1.0,
          "y": 1.0,
          "z": 1.0
        },
        "matrix_basis": [
          [
            0.9998771548271179,
            -0.003914370201528072,
            -0.015179292298853397,
            0.0
          ],
          [
            0.002534089609980583,
            0.9959469437599182,
            -0.08990714699029922,
            0.0
          ],
          [
            0.015469699166715145,
            0.08985763788223267,
            0.995834469795227,
            0.0
          ],
          [
            0.0,
            0.0,
            0.0,
            1.0
          ]
        ],
        "rotation_mode": "QUATERNION"
      },
      "armature_space": {
        "head": {
          "x": 0.4850287139415741,
          "y": -0.43569841980934143,
          "z": 0.8639805316925049
        },
        "tail": {
          "x": 0.5010111331939697,
          "y": -0.4475577771663666,
          "z": 0.8801673054695129
        }
      },
      "world_space": {
        "head": {
          "x": 0.4850287139415741,
          "y": -0.3724544048309326,
          "z": 1.813834547996521
        },
        "tail": {
          "x": 0.5010111331939697,
          "y": -0.38431376218795776,
          "z": 1.8300213813781738
        },
        "rotation_quaternion": {
          "w": 0.40264302492141724,
          "x": 0.8510186076164246,
          "y": 0.32669714093208313,
          "z": -0.0831569954752922
        },
        "matrix": [
          [
            0.7727072238922119,
            0.6230159997940063,
            0.12155012041330338,
            0.4850287139415741
          ],
          [
            0.4890870451927185,
            -0.46229425072669983,
            -0.7396472692489624,
            -0.3724544048309326
          ],
          [
            -0.4046226739883423,
            0.6309831738471985,
            -0.6619325876235962,
            1.813834547996521
          ],
          [
            0.0,
            0.0,
            0.0,
            1.0
          ]
        ]
      },
      "bone_length_armature_space": 0.02565333766518082,
      "parent": "index_01_l",
      "has_children": true,
      "is_end_bone": false
    },
    "index_03_l": {
      "name": "index_03_l",
      "local": {
        "location": {
          "x": 0.0,
          "y": 0.0,
          "z": 0.0
        },
        "rotation_quaternion": {
          "w": 0.9983364343643188,
          "x": 0.05680738389492035,
          "y": 0.009142120368778706,
          "z": 0.0037209787406027317
        },
        "scale": {
          "x": 1.0,
          "y": 1.0,
          "z": 1.0
        },
        "matrix_basis": [
          [
            0.9998051524162292,
            -0.006390897557139397,
            0.018676582723855972,
            0.0
          ],
          [
            0.008468257263302803,
            0.9935181736946106,
            -0.11335773020982742,
            0.0
          ],
          [
            -0.017831064760684967,
            0.11349380016326904,
            0.9933786988258362,
            0.0
          ],
          [
            0.0,
            0.0,
            0.0,
            1.0
          ]
        ],
        "rotation_mode": "QUATERNION"
      },
      "armature_space": {
        "head": {
          "x": 0.501011073589325,
          "y": -0.447557657957077,
          "z": 0.8801674246788025
        },
        "tail": {
          "x": 0.5215432047843933,
          "y": -0.4637637436389923,
          "z": 0.8931877017021179
        }
      },
      "world_space": {
        "head": {
          "x": 0.501011073589325,
          "y": -0.3843136429786682,
          "z": 1.8300213813781738
        },
        "tail": {
          "x": 0.5215432047843933,
          "y": -0.4005197286605835,
          "z": 1.8430416584014893
        },
        "rotation_quaternion": {
          "w": 0.29509222507476807,
          "x": 0.8762893676757812,
          "y": 0.36823365092277527,
          "z": -0.09716817736625671
        },
        "matrix": [
          [
            0.7099243402481079,
            0.7027056217193604,
            0.04703241586685181,
            0.501011073589325
          ],
          [
            0.5880122780799866,
            -0.5546482801437378,
            -0.5887334942817688,
            -0.3843136429786682
          ],
          [
            -0.3876221776008606,
            0.4456142485141754,
            -0.8069640398025513,
            1.8300213813781738
          ],
          [
            0.0,
            0.0,
            0.0,
            1.0
          ]
        ]
      },
      "bone_length_armature_space": 0.029218713735571326,
      "parent": "index_02_l",
      "has_children": false,
      "is_end_bone": true
    },
    "metacarpal_pinky_l": {
      "name": "metacarpal_pinky_l",
      "local": {
        "location": {
          "x": 0.0,
          "y": 0.0,
          "z": 0.0
        },
        "rotation_quaternion": {
          "w": 0.9986865520477295,
          "x": -0.04645143076777458,
          "y": 0.00650415476411581,
          "z": 0.020618578419089317
        },
        "scale": {
          "x": 1.0,
          "y": 1.0,
          "z": 1.0
        },
        "matrix_basis": [
          [
            0.9990651607513428,
            -0.041787248104810715,
            0.011075698770582676,
            0.0
          ],
          [
            0.04057873785495758,
            0.994834303855896,
            0.0930490493774414,
            0.0
          ],
          [
            -0.014906749129295349,
            -0.09251262247562408,
            0.9955999255180359,
            0.0
          ],
          [
            0.0,
            0.0,
            0.0,
            1.0
          ]
        ],
        "rotation_mode": "QUATERNION"
      },
      "armature_space": {
        "head": {
          "x": 0.4282058775424957,
          "y": -0.32851889729499817,
          "z": 0.7885180711746216
        },
        "tail": {
          "x": 0.5063838362693787,
          "y": -0.35719841718673706,
          "z": 0.8510397672653198
        }
      },
      "world_space": {
        "head": {
          "x": 0.4282058775424957,
          "y": -0.26527488231658936,
          "z": 1.7383720874786377
        },
        "tail": {
          "x": 0.5063838362693787,
          "y": -0.29395443201065063,
          "z": 1.800893783569336
        },
        "rotation_quaternion": {
          "w": 0.5644623041152954,
          "x": 0.2512001693248749,
          "y": -0.20897991955280304,
          "z": -0.7580291032791138
        },
        "matrix": [
          [
            -0.23655956983566284,
            0.7507669925689697,
            -0.6167563199996948,
            0.4282058775424957
          ],
          [
            -0.9607498645782471,
            -0.2754182517528534,
            0.03323754668235779,
            -0.26527488231658936
          ],
          [
            -0.14491425454616547,
            0.6004151105880737,
            0.7864576578140259,
            1.7383720874786377
          ],
          [
            0.0,
            0.0,
            0.0,
            1.0
          ]
        ]
      },
      "bone_length_armature_space": 0.10413102599463986,
      "parent": "lowerarm_l",
      "has_children": true,
      "is_end_bone": false
    },
    "pinky_01_l": {
      "name": "pinky_01_l",
      "local": {
        "location": {
          "x": 0.0,
          "y": 0.0,
          "z": 0.0
        },
        "rotation_quaternion": {
          "w": 0.993710994720459,
          "x": -0.1094377264380455,
          "y": -0.020459340885281563,
          "z": 0.011972466483712196
        },
        "scale": {
          "x": 1.0,
          "y": 1.0,
          "z": 1.0
        },
        "matrix_basis": [
          [
            0.99887615442276,
            -0.0193162951618433,
            -0.04328182339668274,
            0.0
          ],
          [
            0.028272390365600586,
            0.9757601022720337,
            0.2170090526342392,
            0.0
          ],
          [
            0.03804086521267891,
            -0.21798884868621826,
            0.9752095937728882,
            0.0
          ],
          [
            0.0,
            0.0,
            0.0,
            1.0
          ]
        ],
        "rotation_mode": "QUATERNION"
      },
      "armature_space": {
        "head": {
          "x": 0.5063838362693787,
          "y": -0.35719841718673706,
          "z": 0.8510397672653198
        },
        "tail": {
