{
  "metadata": {
    "armature_name": "KIM_caucasian_male",
    "export_time": "2026-01-13T21:02:18.667332",
    "blender_version": "4.4.1",
    "bone_count": 56,
    "end_bone_count": 13,
    "spaces_included": [
      "LOCAL_CHANNELS",
      "ARMATURE_SPACE",
      "WORLD_SPACE"
    ],
    "note": "LOCAL matches Transform panel; replay pose via local.matrix_basis for best fidelity."
  },
  "bones": {
    "Root": {
      "name": "Root",
      "local": {
        "location": {
          "x": 0.0,
          "y": 0.0,
          "z": 0.0
        },
        "rotation_quaternion": {
          "w": 0.9994784593582153,
          "x": 0.010699034668505192,
          "y": -0.015671944245696068,
          "z": 0.02613062411546707
        },
        "scale": {
          "x": 1.0,
          "y": 1.0,
          "z": 1.0
        },
        "matrix_basis": [
          [
            0.9981431365013123,
            -0.05256934091448784,
            -0.030768396332859993,
            0.0
          ],
          [
            0.051898643374443054,
            0.9984054565429688,
            -0.02220594510436058,
            0.0
          ],
          [
            0.03188668563961983,
            0.020567873492836952,
            0.9992798566818237,
            0.0
          ],
          [
            0.0,
            0.0,
            0.0,
            1.0
          ]
        ],
        "rotation_mode": "QUATERNION"
      },
      "armature_space": {
        "head": {
          "x": 0.0,
          "y": 0.07072800397872925,
          "z": -0.009595036506652832
        },
        "tail": {
          "x": -0.0037521824706345797,
          "y": -8.457154035568237e-05,
          "z": -0.0014700349420309067
        }
      },
      "world_space": {
        "head": {
          "x": 0.0,
          "y": 0.13397200405597687,
          "z": 0.9402589797973633
        },
        "tail": {
          "x": -0.0037521824706345797,
          "y": 0.06315942853689194,
          "z": 0.9483839869499207
        },
        "rotation_quaternion": {
          "w": 0.056657787412405014,
          "x": 0.9979286193847656,
          "y": -0.02712704800069332,
          "z": -0.013875978998839855
        },
        "matrix": [
          [
            0.9981431365013123,
            -0.05256934091448784,
            -0.030768396332859993,
            0.0
          ],
          [
            -0.05571408569812775,
            -0.9921080470085144,
            -0.11232849955558777,
            0.13397200405597687
          ],
          [
            -0.02462076209485531,
            0.11383400857448578,
            -0.993201732635498,
            0.9402589797973633
          ],
          [
            0.0,
            0.0,
            0.0,
            1.0
          ]
        ]
      },
      "bone_length_armature_space": 0.07137587461558557,
      "parent": null,
      "has_children": true,
      "is_end_bone": false
    },
    "spine_01": {
      "name": "spine_01",
      "local": {
        "location": {
          "x": 0.0,
          "y": 0.0,
          "z": 0.0
        },
        "rotation_quaternion": {
          "w": 0.9988754987716675,
          "x": 0.014059598557651043,
          "y": 0.04073940962553024,
          "z": 0.019757453352212906
        },
        "scale": {
          "x": 1.0,
          "y": 1.0,
          "z": 1.0
        },
        "matrix_basis": [
          [
            0.9958999156951904,
            -0.03832491114735603,
            0.08194275945425034,
            0.0
          ],
          [
            0.04061603173613548,
            0.9988239407539368,
            -0.026477763429284096,
            0.0
          ],
          [
            -0.0808316320180893,
            0.029697390273213387,
            0.9962852597236633,
            0.0
          ],
          [
            0.0,
            0.0,
            0.0,
            1.0
          ]
        ],
        "rotation_mode": "QUATERNION"
      },
      "armature_space": {
        "head": {
          "x": -0.0037521824706345797,
          "y": -8.457154035568237e-05,
          "z": -0.0014700349420309067
        },
        "tail": {
          "x": -0.010533060878515244,
          "y": -0.0015083688776940107,
          "z": 0.48648548126220703
        }
      },
      "world_space": {
        "head": {
          "x": -0.0037521824706345797,
          "y": 0.06315942853689194,
          "z": 0.9483839869499207
        },
        "tail": {
          "x": -0.010533060878515244,
          "y": 0.06173563003540039,
          "z": 1.4363394975662231
        },
        "rotation_quaternion": {
          "w": 0.7060610055923462,
          "x": 0.7079954147338867,
          "y": 0.004343492444604635,
          "z": 0.014195341616868973
        },
        "matrix": [
          [
            0.9995592832565308,
            -0.013895208016037941,
            0.02623390406370163,
            -0.0037521824706345797
          ],
          [
            0.02619580179452896,
            -0.0029176101088523865,
            -0.9996526837348938,
            0.06315942853689194
          ],
          [
            0.01396704651415348,
            0.9999063014984131,
            -0.002553258091211319,
            0.9483839869499207
          ],
          [
            0.0,
            0.0,
            0.0,
            1.0
          ]
        ]
      },
      "bone_length_armature_space": 0.4880046935587103,
      "parent": "Root",
      "has_children": true,
      "is_end_bone": false
    },
    "neck_01": {
      "name": "neck_01",
      "local": {
        "location": {
          "x": 0.0,
          "y": 0.0,
          "z": 0.0
        },
        "rotation_quaternion": {
          "w": 0.9939165115356445,
          "x": 0.055463191121816635,
          "y": -0.04869935289025307,
          "z": -0.08174478262662888
        },
        "scale": {
          "x": 1.0,
          "y": 1.0,
          "z": 1.0
        },
        "matrix_basis": [
          [
            0.9818923473358154,
            0.15709292888641357,
            -0.10587383806705475,
            0.0
          ],
          [
            -0.16789701581001282,
            0.9804832339286804,
            -0.10228972882032394,
            0.0
          ],
          [
            0.0877385288476944,
            0.11821340024471283,
            0.9891043901443481,
            0.0
          ],
          [
            0.0,
            0.0,
            0.0,
            1.0
          ]
        ],
        "rotation_mode": "QUATERNION"
      },
      "armature_space": {
        "head": {
          "x": -0.010640643537044525,
          "y": -0.03639039024710655,
          "z": 0.559608519077301
        },
        "tail": {
          "x": 0.005505179986357689,
          "y": -0.0856342539191246,
          "z": 0.6480680108070374
        }
      },
      "world_space": {
        "head": {
          "x": -0.010640643537044525,
          "y": 0.026853609830141068,
          "z": 1.509462594985962
        },
        "tail": {
          "x": 0.005505179986357689,
          "y": -0.022390253841876984,
          "z": 1.5979220867156982
        },
        "rotation_quaternion": {
          "w": 0.5074695348739624,
          "x": 0.8571411967277527,
          "y": 0.04806772246956825,
          "z": -0.07398047298192978
        },
        "matrix": [
          [
            0.9844329357147217,
            0.15748745203018188,
            -0.0780368521809578,
            -0.010640643537044525
          ],
          [
            0.0073166340589523315,
            -0.4803279638290405,
            -0.8770586252212524,
            0.026853609830141068
          ],
          [
            -0.17561021447181702,
            0.8628398180007935,
            -0.4740070104598999,
            1.509462594985962
          ],
          [
            0.0,
            0.0,
            0.0,
            1.0
          ]
        ]
      },
      "bone_length_armature_space": 0.10252183672991999,
      "parent": "spine_01",
      "has_children": true,
      "is_end_bone": false
    },
    "head": {
      "name": "head",
      "local": {
        "location": {
          "x": 0.0,
          "y": 0.0,
          "z": 0.0
        },
        "rotation_quaternion": {
          "w": 0.986785888671875,
          "x": 0.0805434063076973,
          "y": 0.02803628519177437,
          "z": 0.1377694010734558
        },
        "scale": {
          "x": 1.0,
          "y": 1.0,
          "z": 1.0
        },
        "matrix_basis": [
          [
            0.9604671001434326,
            -0.2673815190792084,
            0.07752445340156555,
            0.0
          ],
          [
            0.27641406655311584,
            0.9490647315979004,
            -0.15123310685157776,
            0.0
          ],
          [
            -0.03313878923654556,
            0.16668327152729034,
            0.9854534268379211,
            0.0
          ],
          [
            0.0,
            0.0,
            0.0,
            1.0
          ]
        ],
        "rotation_mode": "QUATERNION"
      },
      "armature_space": {
        "head": {
          "x": 0.0055051567032933235,
          "y": -0.08563435822725296,
          "z": 0.6480678915977478
        },
        "tail": {
          "x": -0.01013182196766138,
          "y": -0.13069041073322296,
          "z": 0.7956440448760986
        }
      },
      "world_space": {
        "head": {
          "x": 0.0055051567032933235,
          "y": -0.02239035815000534,
          "z": 1.5979218482971191
        },
        "tail": {
          "x": -0.01013182196766138,
          "y": -0.06744641065597534,
          "z": 1.7454980611801147
        },
        "rotation_quaternion": {
          "w": 0.594785749912262,
          "x": 0.8021433353424072,
          "y": -0.03118034452199936,
          "z": 0.04270678758621216
        },
        "matrix": [
          [
            0.9944079518318176,
            -0.10082505643367767,
            0.03142207860946655,
            0.0055051567032933235
          ],
          [
            0.0007800087332725525,
            -0.29051509499549866,
            -0.9568702578544617,
            -0.02239035815000534
          ],
          [
            0.10560581833124161,
            0.9515502452850342,
            -0.2888147234916687,
            1.5979218482971191
          ],
          [
            0.0,
            0.0,
            0.0,
            1.0
          ]
        ]
      },
      "bone_length_armature_space": 0.15509121279821067,
      "parent": "neck_01",
      "has_children": false,
      "is_end_bone": true
    },
    "upperarm_l": {
      "name": "upperarm_l",
      "local": {
        "location": {
          "x": 0.0,
          "y": 0.0,
          "z": 0.0
        },
        "rotation_quaternion": {
          "w": 0.8677175045013428,
          "x": 0.3649725019931793,
          "y": 0.11081844568252563,
          "z": 0.3187176287174225
        },
        "scale": {
          "x": 1.0,
          "y": 1.0,
          "z": 1.0
        },
        "matrix_basis": [
          [
            0.7722766995429993,
            -0.47222235798835754,
            0.4249645471572876,
            0.0
          ],
          [
            0.6340051293373108,
            0.5304282903671265,
            -0.5627464652061462,
            0.0
          ],
          [
            0.04032813012599945,
            0.7040256261825562,
            0.7090286612510681,
            0.0
          ],
          [
            0.0,
            0.0,
            0.0,
            1.0
          ]
        ],
        "rotation_mode": "QUATERNION"
      },
      "armature_space": {
        "head": {
          "x": 0.14031079411506653,
          "y": -0.035452950745821,
          "z": 0.4944939613342285
        },
        "tail": {
          "x": 0.29564476013183594,
          "y": -0.21766985952854156,
          "z": 0.6148108839988708
        }
      },
      "world_space": {
        "head": {
          "x": 0.14031079411506653,
          "y": 0.02779104933142662,
          "z": 1.4443479776382446
        },
        "tail": {
          "x": 0.29564476013183594,
          "y": -0.15442585945129395,
          "z": 1.5646648406982422
        },
        "rotation_quaternion": {
          "w": 0.35653725266456604,
          "x": 0.828734278678894,
          "y": 0.18134404718875885,
          "z": -0.391401469707489
        },
        "matrix": [
          [
            0.6278389692306519,
            0.5796705484390259,
            -0.5194234251976013,
            0.14031079411506653
          ],
          [
            0.02147459238767624,
            -0.6799914240837097,
            -0.7329058647155762,
            0.02779104933142662
          ],
          [
            -0.7780526280403137,
            0.44899487495422363,
            -0.4393768310546875,
            1.4443479776382446
          ],
          [
            0.0,
            0.0,
            0.0,
            1.0
          ]
        ]
      },
      "bone_length_armature_space": 0.2679697811062385,
      "parent": "spine_01",
      "has_children": true,
      "is_end_bone": false
    },
    "lowerarm_l": {
      "name": "lowerarm_l",
      "local": {
        "location": {
          "x": 0.0,
          "y": 0.0,
          "z": 0.0
        },
        "rotation_quaternion": {
          "w": 0.934261679649353,
          "x": 0.20275236666202545,
          "y": -0.13206778466701508,
          "z": 0.2619253098964691
        },
        "scale": {
          "x": 1.0,
          "y": 1.0,
          "z": 1.0
        },
        "matrix_basis": [
          [
            0.8279064893722534,
            -0.542967677116394,
            -0.14055979251861572,
            0.0
          ],
          [
            0.43585944175720215,
            0.7805732488632202,
            -0.44803133606910706,
            0.0
          ],
          [
            0.352983683347702,
            0.3096637427806854,
            0.8828991651535034,
            0.0
          ],
          [
            0.0,
            0.0,
            0.0,
            1.0
          ]
        ],
        "rotation_mode": "QUATERNION"
      },
      "armature_space": {
        "head": {
          "x": 0.29564473032951355,
          "y": -0.21766996383666992,
          "z": 0.6148109436035156
        },
        "tail": {
          "x": 0.25457024574279785,
          "y": -0.411683589220047,
          "z": 0.7943697571754456
        }
      },
      "world_space": {
        "head": {
          "x": 0.29564473032951355,
          "y": -0.1544259637594223,
          "z": 1.5646649599075317
        },
        "tail": {
          "x": 0.25457024574279785,
          "y": -0.3484395742416382,
          "z": 1.7442238330841064
        },
        "rotation_quaternion": {
          "w": 0.2723200023174286,
          "x": 0.8056721687316895,
          "y": -0.2514612674713135,
          "z": -0.46206212043762207
        },
        "matrix": [
          [
            0.44653207063674927,
            -0.15353548526763916,
            -0.8814966678619385,
            0.29564473032951355
          ],
          [
            -0.6568487882614136,
            -0.7252182364463806,
            -0.2064187228679657,
            -0.1544259637594223
          ],
          [
            -0.6075894832611084,
            0.6711865067481995,
            -0.4246857166290283,
            1.5646649599075317
          ],
          [
            0.0,
            0.0,
            0.0,
            1.0
          ]
        ]
      },
      "bone_length_armature_space": 0.26752526416339584,
      "parent": "upperarm_l",
      "has_children": true,
      "is_end_bone": false
    },
    "metacarpal_thumb_l": {
      "name": "metacarpal_thumb_l",
      "local": {
        "location": {
          "x": 0.0,
          "y": 0.0,
          "z": 0.0
        },
        "rotation_quaternion": {
          "w": 0.9999188184738159,
          "x": -0.0047725108452141285,
          "y": -0.010406511835753918,
          "z": -0.0055977716110646725
        },
        "scale": {
          "x": 1.0,
          "y": 1.0,
          "z": 1.0
        },
        "matrix_basis": [
          [
            0.9997207522392273,
            0.011293964460492134,
            -0.020757902413606644,
            0.0
          ],
          [
            -0.011095304042100906,
            0.9998917579650879,
            0.009660753421485424,
            0.0
          ],
          [
            0.020864764228463173,
            -0.00942774023860693,
            0.9997378587722778,
            0.0
          ],
          [
            0.0,
            0.0,
            0.0,
            1.0
          ]
        ],
        "rotation_mode": "QUATERNION"
      },
      "armature_space": {
        "head": {
          "x": 0.25457024574279785,
          "y": -0.411683589220047,
          "z": 0.7943697571754456
        },
        "tail": {
          "x": 0.22706769406795502,
          "y": -0.45187345147132874,
          "z": 0.8034234642982483
        }
      },
      "world_space": {
        "head": {
          "x": 0.25457024574279785,
          "y": -0.3484395742416382,
          "z": 1.7442238330841064
        },
        "tail": {
          "x": 0.22706769406795502,
          "y": -0.3886294364929199,
          "z": 1.7532775402069092
        },
        "rotation_quaternion": {
          "w": 0.19060580432415009,
          "x": 0.8934726119041443,
          "y": -0.2408045083284378,
          "z": 0.3277033269405365
        },
        "matrix": [
          [
            0.6692474484443665,
            -0.5552294254302979,
            0.4937898516654968,
            0.25457024574279785
          ],
          [
            -0.3053804337978363,
            -0.8113647699356079,
            -0.49842777848243713,
            -0.3484395742416382
          ],
          [
            0.6773898601531982,
            0.18277831375598907,
            -0.7125653028488159,
            1.7442238330841064
          ],
          [
            0.0,
            0.0,
            0.0,
            1.0
          ]
        ]
      },
      "bone_length_armature_space": 0.049533674778170035,
      "parent": "lowerarm_l",
      "has_children": true,
      "is_end_bone": false
    },
    "thumb_01_l": {
      "name": "thumb_01_l",
      "local": {
        "location": {
          "x": 0.0,
          "y": 0.0,
          "z": 0.0
        },
        "rotation_quaternion": {
          "w": 0.9843198657035828,
          "x": 0.1763300895690918,
          "y": -0.004533638246357441,
          "z": 0.0012833725195378065
        },
        "scale": {
          "x": 1.0,
          "y": 1.0,
          "z": 1.0
        },
        "matrix_basis": [
          [
            0.9999555945396423,
            -0.004125331994146109,
            -0.008472505956888199,
            0.0
          ],
          [
            0.0009276644559577107,
            0.937812089920044,
            -0.3471420705318451,
            0.0
          ],
          [
            0.009377694688737392,
            0.3471187949180603,
            0.9377743005752563,
            0.0
          ],
          [
            0.0,
            0.0,
            0.0,
            1.0
          ]
        ],
        "rotation_mode": "QUATERNION"
      },
      "armature_space": {
        "head": {
          "x": 0.22706769406795502,
          "y": -0.45187345147132874,
          "z": 0.8034234642982483
        },
        "tail": {
          "x": 0.23238368332386017,
          "y": -0.4844469428062439,
          "z": 0.795096755027771
        }
      },
      "world_space": {
        "head": {
          "x": 0.22706769406795502,
          "y": -0.3886294364929199,
          "z": 1.7532775402069092
        },
        "tail": {
          "x": 0.23238368332386017,
          "y": -0.42120295763015747,
          "z": 1.744950771331787
        },
        "rotation_quaternion": {
          "w": 0.11676687002182007,
          "x": -0.34140297770500183,
          "y": 0.08880644291639328,
          "z": -0.928398072719574
        },
        "matrix": [
          [
            -0.7396188378334045,
            0.15617549419403076,
            0.6546550989151001,
            0.22706769406795502
          ],
          [
            -0.2774498462677002,
            -0.9569581151008606,
            -0.08516526222229004,
            -0.3886294364929199
          ],
          [
            0.6131805777549744,
            -0.2446262091398239,
            0.7511203289031982,
            1.7532775402069092
          ],
          [
            0.0,
            0.0,
            0.0,
            1.0
          ]
        ]
      },
      "bone_length_armature_space": 0.034038597487591304,
      "parent": "metacarpal_thumb_l",
      "has_children": true,
      "is_end_bone": false
    },
    "thumb_02_l": {
      "name": "thumb_02_l",
      "local": {
        "location": {
          "x": 0.0,
          "y": 0.0,
          "z": 0.0
        },
        "rotation_quaternion": {
          "w": 0.9433971643447876,
          "x": 0.3315257728099823,
          "y": 0.009316393174231052,
          "z": -0.002422632882371545
        },
        "scale": {
          "x": 1.0,
          "y": 1.0,
          "z": 1.0
        },
        "matrix_basis": [
          [
            0.9998146891593933,
            0.010748258791863918,
            0.01597178727388382,
            0.0
          ],
          [
            0.0016062388895079494,
            0.7801696062088013,
            -0.6255660653114319,
            0.0
          ],
          [
            -0.019184447824954987,
            0.6254758238792419,
            0.7800077199935913,
            0.0
          ],
          [
            0.0,
            0.0,
            0.0,
            1.0
          ]
        ],
        "rotation_mode": "QUATERNION"
      },
      "armature_space": {
        "head": {
          "x": 0.23238368332386017,
          "y": -0.4844469130039215,
          "z": 0.7950966358184814
        },
        "tail": {
          "x": 0.23051580786705017,
          "y": -0.488201767206192,
          "z": 0.8350417613983154
        }
      },
      "world_space": {
        "head": {
          "x": 0.23238368332386017,
          "y": -0.4212028980255127,
          "z": 1.7449506521224976
        },
        "tail": {
          "x": 0.23051580786705017,
          "y": -0.4249577522277832,
          "z": 1.7848957777023315
        },
        "rotation_quaternion": {
          "w": 0.0054674758575856686,
          "x": 0.04053594544529915,
          "y": -0.6732210516929626,
          "z": -0.7383091449737549
        },
        "matrix": [
          [
            -0.9966539740562439,
            -0.04650577902793884,
            -0.0672173723578453,
            0.23238368332386017
          ],
          [
            -0.06265221536159515,
            -0.09348681569099426,
            0.9936474561691284,
            -0.4212028980255127
          ],
          [
            -0.05249487981200218,
            0.994540810585022,
            0.09026166796684265,
            1.7449506521224976
          ],
          [
            0.0,
            0.0,
            0.0,
            1.0
          ]
        ]
      },
      "bone_length_armature_space": 0.04016467316272766,
      "parent": "thumb_01_l",
      "has_children": true,
      "is_end_bone": false
    },
    "thumb_03_l": {
      "name": "thumb_03_l",
      "local": {
        "location": {
          "x": 0.0,
          "y": 0.0,
          "z": 0.0
        },
        "rotation_quaternion": {
          "w": 0.9800905585289001,
          "x": 0.19846570491790771,
          "y": -0.005826812703162432,
          "z": 5.6853750720620155e-05
        },
        "scale": {
          "x": 1.0,
          "y": 1.0,
          "z": 1.0
        },
        "matrix_basis": [
          [
            0.9999321103096008,
            -0.0024242885410785675,
            -0.011399040929973125,
            0.0
          ],
          [
            -0.0022014013957232237,
            0.9212227463722229,
            -0.3890293836593628,
            0.0
          ],
          [
            0.011444175615906715,
            0.38902807235717773,
            0.921154797077179,
            0.0
          ],
          [
            0.0,
            0.0,
            0.0,
            1.0
          ]
        ],
        "rotation_mode": "QUATERNION"
      },
      "armature_space": {
        "head": {
          "x": 0.2305157482624054,
          "y": -0.4882018268108368,
          "z": 0.8350417017936707
        },
        "tail": {
          "x": 0.22816893458366394,
          "y": -0.47228768467903137,
          "z": 0.8608899712562561
        }
      },
      "world_space": {
        "head": {
          "x": 0.2305157482624054,
          "y": -0.424957811832428,
          "z": 1.784895658493042
        },
        "tail": {
          "x": 0.22816893458366394,
          "y": -0.40904366970062256,
          "z": 1.810744047164917
        },
        "rotation_quaternion": {
          "w": 0.17446762323379517,
          "x": 0.14055578410625458,
          "y": -0.8549389243125916,
          "z": -0.46785110235214233
        },
        "matrix": [
          [
            -0.8996102213859558,
            -0.07708383351564407,
            -0.4298367500305176,
            0.2305157482624054
          ],
          [
            -0.4035831093788147,
            0.5227193236351013,
            0.7509231567382812,
            -0.424957811832428
          ],
          [
            0.16680064797401428,
            0.8490191698074341,
            -0.5013563632965088,
            1.784895658493042
          ],
          [
            0.0,
            0.0,
            0.0,
            1.0
          ]
        ]
      },
      "bone_length_armature_space": 0.030445040534398164,
      "parent": "thumb_02_l",
      "has_children": false,
      "is_end_bone": true
    },
    "metacarpal_index_l": {
      "name": "metacarpal_index_l",
      "local": {
        "location": {
          "x": 0.0,
          "y": 0.0,
          "z": 0.0
        },
        "rotation_quaternion": {
          "w": 0.9996517896652222,
          "x": 0.017650490626692772,
          "y": 0.008886369876563549,
          "z": 0.017490720376372337
        },
        "scale": {
          "x": 1.0,
          "y": 1.0,
          "z": 1.0
        },
        "matrix_basis": [
          [
            0.9992302060127258,
            -0.03465556353330612,
            0.018383990973234177,
            0.0
          ],
          [
            0.035282958298921585,
            0.9987650513648987,
            -0.034977830946445465,
            0.0
          ],
          [
            -0.01714911125600338,
            0.03559954836964607,
            0.9992190003395081,
            0.0
          ],
          [
            0.0,
            0.0,
            0.0,
            1.0
          ]
        ],
        "rotation_mode": "QUATERNION"
      },
      "armature_space": {
        "head": {
          "x": 0.25457024574279785,
          "y": -0.411683589220047,
          "z": 0.7943697571754456
        },
        "tail": {
          "x": 0.204572394490242,
          "y": -0.504125714302063,
          "z": 0.8461763262748718
        }
      },
      "world_space": {
        "head": {
          "x": 0.25457024574279785,
          "y": -0.3484395742416382,
          "z": 1.7442238330841064
        },
        "tail": {
          "x": 0.204572394490242,
          "y": -0.44088172912597656,
          "z": 1.7960302829742432
        },
        "rotation_quaternion": {
          "w": 0.24010761082172394,
          "x": 0.945378303527832,
          "y": -0.21880464255809784,
          "z": 0.027069509029388428
        },
        "matrix": [
          [
            0.9027835726737976,
            -0.4267057180404663,
            -0.0538921095430851,
            0.25457024574279785
          ],
          [
            -0.40070754289627075,
            -0.7889456152915955,
            -0.46583130955696106,
            -0.3484395742416382
          ],
          [
            0.1562555432319641,
            0.442142128944397,
            -0.8832377195358276,
            1.7442238330841064
          ],
          [
            0.0,
            0.0,
            0.0,
            1.0
          ]
        ]
      },
      "bone_length_armature_space": 0.11717189247783871,
      "parent": "lowerarm_l",
      "has_children": true,
      "is_end_bone": false
    },
    "index_01_l": {
      "name": "index_01_l",
      "local": {
        "location": {
          "x": 0.0,
          "y": 0.0,
          "z": 0.0
        },
        "rotation_quaternion": {
          "w": 0.9698770046234131,
          "x": 0.2435886263847351,
          "y": 0.0010571085149422288,
          "z": -0.0014485848369076848
        },
        "scale": {
          "x": 1.0,
          "y": 1.0,
          "z": 1.0
        },
        "matrix_basis": [
          [
            0.9999935626983643,
            0.0033248974941670895,
            0.001344812917523086,
            0.0
          ],
          [
            -0.0022948989644646645,
            0.8813249468803406,
            -0.4725050628185272,
            0.0
          ],
          [
            -0.0027562479954212904,
            0.47249895334243774,
            0.8813269138336182,
            0.0
          ],
          [
            0.0,
            0.0,
            0.0,
            1.0
          ]
        ],
        "rotation_mode": "QUATERNION"
      },
      "armature_space": {
        "head": {
          "x": 0.204572394490242,
          "y": -0.504125714302063,
          "z": 0.8461763262748718
        },
        "tail": {
          "x": 0.20195293426513672,
          "y": -0.5322800278663635,
          "z": 0.8498565554618835
        }
      },
      "world_space": {
        "head": {
          "x": 0.204572394490242,
          "y": -0.44088172912597656,
          "z": 1.7960302829742432
        },
        "tail": {
          "x": 0.20195293426513672,
          "y": -0.4690360426902771,
          "z": 1.7997105121612549
        },
        "rotation_quaternion": {
          "w": 0.06466063857078552,
          "x": 0.9968366026878357,
          "y": -0.046185340732336044,
          "z": -0.0016548038693144917
        },
        "matrix": [
          [
            0.9957284927368164,
            -0.09186451137065887,
            -0.009271856397390366,
            0.204572394490242
          ],
          [
            -0.09229245781898499,
            -0.9873720407485962,
            -0.12875980138778687,
            -0.44088172912597656
          ],
          [
            0.00267351558431983,
            0.12906551361083984,
            -0.9916396141052246,
            1.7960302829742432
          ],
          [
            0.0,
            0.0,
            0.0,
            1.0
          ]
        ]
      },
      "bone_length_armature_space": 0.02851440000319174,
      "parent": "metacarpal_index_l",
      "has_children": true,
      "is_end_bone": false
    },
    "index_02_l": {
      "name": "index_02_l",
      "local": {
        "location": {
          "x": 0.0,
          "y": 0.0,
          "z": 0.0
        },
        "rotation_quaternion": {
          "w": 0.9141583442687988,
          "x": 0.40532612800598145,
          "y": -0.0030155114363878965,
          "z": 0.004025561735033989
        },
        "scale": {
          "x": 1.0,
          "y": 1.0,
          "z": 1.0
        },
        "matrix_basis": [
          [
            0.9999493956565857,
            -0.00980453286319971,
            -0.002249979181215167,
            0.0
          ],
          [
            0.004915470723062754,
            0.6713890433311462,
            -0.7410888075828552,
            0.0
          ],
          [
            0.008776640519499779,
            0.7410402297973633,
            0.6714032888412476,
            0.0
          ],
          [
            0.0,
            0.0,
            0.0,
            1.0
          ]
        ],
        "rotation_mode": "QUATERNION"
      },
      "armature_space": {
        "head": {
          "x": 0.20195266604423523,
          "y": -0.532280445098877,
          "z": 0.8498563170433044
        },
        "tail": {
          "x": 0.1991933286190033,
          "y": -0.5522351861000061,
          "z": 0.833972692489624
        }
      },
      "world_space": {
        "head": {
          "x": 0.20195266604423523,
          "y": -0.4690364599227905,
          "z": 1.7997102737426758
        },
        "tail": {
          "x": 0.1991933286190033,
          "y": -0.4889912009239197,
          "z": 1.7838267087936401
        },
        "rotation_quaternion": {
          "w": 0.32960081100463867,
          "x": -0.9425715208053589,
          "y": 0.0493135079741478,
          "z": 0.022147594019770622
        },
        "matrix": [
          [
            0.9941554069519043,
            -0.1075628399848938,
            -0.009243473410606384,
            0.20195266604423523
          ],
          [
            -0.0783635675907135,
            -0.7778634428977966,
            0.6235287189483643,
            -0.4690364599227905
          ],
          [
            -0.07425934076309204,
            -0.6191650032997131,
            -0.7817509174346924,
            1.7997102737426758
          ],
          [
            0.0,
            0.0,
            0.0,
            1.0
          ]
        ]
      },
      "bone_length_armature_space": 0.025653365230083287,
      "parent": "index_01_l",
      "has_children": true,
      "is_end_bone": false
    },
    "index_03_l": {
      "name": "index_03_l",
      "local": {
        "location": {
          "x": 0.0,
          "y": 0.0,
          "z": 0.0
        },
        "rotation_quaternion": {
          "w": 0.9701894521713257,
          "x": 0.24227051436901093,
          "y": -0.0042466213926672935,
          "z": -0.004419979639351368
        },
        "scale": {
          "x": 1.0,
          "y": 1.0,
          "z": 1.0
        },
        "matrix_basis": [
          [
            0.9999248385429382,
            0.006518772803246975,
            -0.010381716303527355,
            0.0
          ],
          [
            -0.010634097270667553,
            0.8825709223747253,
            -0.4700590670108795,
            0.0
          ],
          [
            0.0060983928851783276,
            0.4701341390609741,
            0.8825739026069641,
            0.0
          ],
          [
            0.0,
            0.0,
            0.0,
            1.0
          ]
        ],
        "rotation_mode": "QUATERNION"
      },
      "armature_space": {
        "head": {
          "x": 0.1991932988166809,
          "y": -0.5522352457046509,
          "z": 0.8339728116989136
        },
        "tail": {
          "x": 0.19986632466316223,
          "y": -0.5614690780639648,
          "z": 0.8062595129013062
        }
      },
      "world_space": {
        "head": {
          "x": 0.1991932988166809,
          "y": -0.48899126052856445,
          "z": 1.7838268280029297
        },
        "tail": {
          "x": 0.19986632466316223,
          "y": -0.4982250928878784,
          "z": 1.7561135292053223
        },
        "rotation_quaternion": {
          "w": 0.5847495198249817,
          "x": -0.8106220960617065,
          "y": 0.007479870226234198,
          "z": -0.03006478026509285
        },
        "matrix": [
          [
            0.9980803728103638,
            0.023034028708934784,
            0.05748995393514633,
            0.1991932988166809
          ],
          [
            -0.047287266701459885,
            -0.31602469086647034,
            0.9475719928741455,
            -0.48899126052856445
          ],
          [
            0.03999478369951248,
            -0.9484784007072449,
            -0.3143301010131836,
            1.7838268280029297
          ],
          [
            0.0,
            0.0,
            0.0,
            1.0
          ]
        ]
      },
      "bone_length_armature_space": 0.02921889014756186,
      "parent": "index_02_l",
      "has_children": false,
      "is_end_bone": true
    },
    "metacarpal_pinky_l": {
      "name": "metacarpal_pinky_l",
      "local": {
        "location": {
          "x": 0.0,
          "y": 0.0,
          "z": 0.0
        },
        "rotation_quaternion": {
          "w": 0.9988037943840027,
          "x": -0.048328861594200134,
          "y": -2.61911227426026e-05,
          "z": 0.007438582833856344
        },
        "scale": {
          "x": 1.0,
          "y": 1.0,
          "z": 1.0
        },
        "matrix_basis": [
          [
            0.9998893141746521,
            -0.014856837689876556,
            -0.0007713160593993962,
            0.0
          ],
          [
            0.01486190129071474,
            0.9952179789543152,
            0.09654171019792557,
            0.0
          ],
          [
            -0.0006666769040748477,
            -0.09654249250888824,
            0.9953286647796631,
            0.0
          ],
          [
            0.0,
            0.0,
            0.0,
            1.0
          ]
        ],
        "rotation_mode": "QUATERNION"
      },
      "armature_space": {
        "head": {
          "x": 0.25457024574279785,
          "y": -0.411683589220047,
          "z": 0.7943697571754456
        },
        "tail": {
          "x": 0.27524566650390625,
          "y": -0.48146674036979675,
          "z": 0.8688420653343201
        }
      },
      "world_space": {
        "head": {
          "x": 0.25457024574279785,
          "y": -0.3484395742416382,
          "z": 1.7442238330841064
        },
        "tail": {
          "x": 0.27524566650390625,
          "y": -0.41822272539138794,
          "z": 1.8186960220336914
        },
        "rotation_quaternion": {
          "w": 0.2263379842042923,
          "x": 0.2877728044986725,
          "y": -0.337189257144928,
          "z": -0.8673299551010132
        },
        "matrix": [
          [
            -0.7319158315658569,
            0.19855259358882904,
            -0.6518255472183228,
            0.25457024574279785
          ],
          [
            -0.5866878032684326,
            -0.6701492071151733,
            0.4546404480934143,
            -0.3484395742416382
          ],
          [
            -0.3465529680252075,
            0.7151808738708496,
            0.6069858074188232,
            1.7442238330841064
          ],
          [
            0.0,
            0.0,
            0.0,
            1.0
          ]
        ]
      },
      "bone_length_armature_space": 0.10413109992035365,
      "parent": "lowerarm_l",
      "has_children": true,
      "is_end_bone": false
    },
    "pinky_01_l": {
      "name": "pinky_01_l",
      "local": {
        "location": {
          "x": 0.0,
          "y": 0.0,
          "z": 0.0
        },
        "rotation_quaternion": {
          "w": 0.9336170554161072,
          "x": 0.3582301139831543,
          "y": 0.004317459184676409,
          "z": -0.0034229315351694822
        },
        "scale": {
          "x": 1.0,
          "y": 1.0,
          "z": 1.0
        },
        "matrix_basis": [
          [
            0.9999392628669739,
            0.009484702721238136,
            0.0056093125604093075,
            0.0
          ],
          [
            -0.0032981266267597675,
            0.7433189153671265,
            -0.6689290404319763,
            0.0
          ],
          [
            -0.010514101013541222,
            0.6688699126243591,
            0.7433050870895386,
            0.0
          ],
          [
            0.0,
            0.0,
            0.0,
            1.0
          ]
        ],
        "rotation_mode": "QUATERNION"
      },
      "armature_space": {
        "head": {
          "x": 0.27524566650390625,
          "y": -0.48146674036979675,
