{
  "metadata": {
    "armature_name": "KIM_caucasian_male",
    "export_time": "2026-01-13T19:11:59.228901",
    "blender_version": "4.4.1",
    "bone_count": 56,
    "end_bone_count": 13,
    "spaces_included": [
      "LOCAL_CHANNELS",
      "ARMATURE_SPACE",
      "WORLD_SPACE"
    ],
    "note": "LOCAL matches Transform panel; replay pose via local.matrix_basis for best fidelity."
  },
  "bones": {
    "Root": {
      "name": "Root",
      "local": {
        "location": {
          "x": 0.0,
          "y": 0.0,
          "z": 0.0
        },
        "rotation_quaternion": {
          "w": 0.9994515180587769,
          "x": 0.00020707417570520192,
          "y": 0.018347345292568207,
          "z": -0.027568234130740166
        },
        "scale": {
          "x": 1.0,
          "y": 1.0,
          "z": 1.0
        },
        "matrix_basis": [
          [
            0.9978067278862,
            0.05511382594704628,
            0.03666314855217934,
            0.0
          ],
          [
            -0.055098626762628555,
            0.9984799027442932,
            -0.001425529015250504,
            0.0
          ],
          [
            -0.03668598085641861,
            -0.0005976866232231259,
            0.9993266463279724,
            0.0
          ],
          [
            0.0,
            0.0,
            0.0,
            1.0
          ]
        ],
        "rotation_mode": "QUATERNION"
      },
      "armature_space": {
        "head": {
          "x": 0.0,
          "y": 0.07072800397872925,
          "z": -0.009595036506652832
        },
        "tail": {
          "x": 0.003933797124773264,
          "y": 0.00011324882507324219,
          "z": 2.7688220143318176e-05
        }
      },
      "world_space": {
        "head": {
          "x": 0.0,
          "y": 0.13397200405597687,
          "z": 0.9402589797973633
        },
        "tail": {
          "x": 0.003933797124773264,
          "y": 0.06335724890232086,
          "z": 0.9498817324638367
        },
        "rotation_quaternion": {
          "w": 0.06712411344051361,
          "x": 0.9971949458122253,
          "y": 0.02874162793159485,
          "z": 0.016448451206088066
        },
        "matrix": [
          [
            0.9978067278862,
            0.05511382594704628,
            0.03666314855217934,
            0.0
          ],
          [
            0.059530191123485565,
            -0.9893364906311035,
            -0.1329265832901001,
            0.13397200405597687
          ],
          [
            0.02894635498523712,
            0.13481761515140533,
            -0.9904545545578003,
            0.9402589797973633
          ],
          [
            0.0,
            0.0,
            0.0,
            1.0
          ]
        ]
      },
      "bone_length_armature_space": 0.07137587232833793,
      "parent": null,
      "has_children": true,
      "is_end_bone": false
    },
    "spine_01": {
      "name": "spine_01",
      "local": {
        "location": {
          "x": 0.0,
          "y": 0.0,
          "z": 0.0
        },
        "rotation_quaternion": {
          "w": 0.9976760149002075,
          "x": -0.04841313883662224,
          "y": -0.03973451256752014,
          "z": -0.02683483622968197
        },
        "scale": {
          "x": 1.0,
          "y": 1.0,
          "z": 1.0
        },
        "matrix_basis": [
          [
            0.9954020977020264,
            0.057392291724681854,
            -0.07668602466583252,
            0.0
          ],
          [
            -0.049697600305080414,
            0.9938721060752869,
            0.09873379021883011,
            0.0
          ],
          [
            0.08188265562057495,
            -0.09446872025728226,
            0.9921546578407288,
            0.0
          ],
          [
            0.0,
            0.0,
            0.0,
            1.0
          ]
        ],
        "rotation_mode": "QUATERNION"
      },
      "armature_space": {
        "head": {
          "x": 0.003933797124773264,
          "y": 0.00011324882507324219,
          "z": 2.7688220143318176e-05
        },
        "tail": {
          "x": 0.013838643208146095,
          "y": 0.06976204365491867,
          "z": 0.48293501138687134
        }
      },
      "world_space": {
        "head": {
          "x": 0.003933797124773264,
          "y": 0.06335724890232086,
          "z": 0.9498817324638367
        },
        "tail": {
          "x": 0.013838643208146095,
          "y": 0.1330060362815857,
          "z": 1.4327890872955322
        },
        "rotation_quaternion": {
          "w": 0.7558825016021729,
          "x": 0.6545364260673523,
          "y": -0.0016633400227874517,
          "z": -0.014866196550428867
        },
        "matrix": [
          [
            0.9995523691177368,
            0.020296763628721237,
            -0.021975629031658173,
            0.003933797124773264
          ],
          [
            -0.02465176209807396,
            0.14272257685661316,
            -0.9894557595252991,
            0.06335724890232086
          ],
          [
            -0.016946468502283096,
            0.9895616769790649,
            0.1431591510772705,
            0.9498817324638367
          ],
          [
            0.0,
            0.0,
            0.0,
            1.0
          ]
        ]
      },
      "bone_length_armature_space": 0.4880046494963969,
      "parent": "Root",
      "has_children": true,
      "is_end_bone": false
    },
    "neck_01": {
      "name": "neck_01",
      "local": {
        "location": {
          "x": 0.0,
          "y": 0.0,
          "z": 0.0
        },
        "rotation_quaternion": {
          "w": 0.9797453284263611,
          "x": -0.14255225658416748,
          "y": -0.0782492384314537,
          "z": 0.11685504019260406
        },
        "scale": {
          "x": 1.0,
          "y": 1.0,
          "z": 1.0
        },
        "matrix_basis": [
          [
            0.960443913936615,
            -0.20666715502738953,
            -0.1866445541381836,
            0.0
          ],
          [
            0.251285582780838,
            0.9320474863052368,
            0.26104217767715454,
            0.0
          ],
          [
            0.12001275271177292,
            -0.29761746525764465,
            0.9471118450164795,
            0.0
          ],
          [
            0.0,
            0.0,
            0.0,
            1.0
          ]
        ],
        "rotation_mode": "QUATERNION"
      },
      "armature_space": {
        "head": {
          "x": 0.014562616124749184,
          "y": 0.04589720442891121,
          "z": 0.5603539943695068
        },
        "tail": {
          "x": -0.004709629341959953,
          "y": 0.05273209512233734,
          "z": 0.6608160734176636
        }
      },
      "world_space": {
        "head": {
          "x": 0.014562616124749184,
          "y": 0.10914120078086853,
          "z": 1.510208010673523
        },
        "tail": {
          "x": -0.004709629341959953,
          "y": 0.11597609519958496,
          "z": 1.6106700897216797
        },
        "rotation_quaternion": {
          "w": 0.7161470055580139,
          "x": 0.6831099390983582,
          "y": -0.14306336641311646,
          "z": -0.005217669531702995
        },
        "matrix": [
          [
            0.9590114951133728,
            -0.18798276782035828,
            -0.2120361328125,
            0.014562616124749184
          ],
          [
            -0.20292800664901733,
            0.06666797399520874,
            -0.9769217371940613,
            0.10914120078086853
          ],
          [
            0.19778165221214294,
            0.9799140095710754,
            0.02578762173652649,
            1.510208010673523
          ],
          [
            0.0,
            0.0,
            0.0,
            1.0
          ]
        ]
      },
      "bone_length_armature_space": 0.10252201858995533,
      "parent": "spine_01",
      "has_children": true,
      "is_end_bone": false
    },
    "head": {
      "name": "head",
      "local": {
        "location": {
          "x": 0.0,
          "y": 0.0,
          "z": 0.0
        },
        "rotation_quaternion": {
          "w": 0.98047935962677,
          "x": -0.07592180371284485,
          "y": 0.014169377274811268,
          "z": -0.1808188408613205
        },
        "scale": {
          "x": 1.0,
          "y": 1.0,
          "z": 1.0
        },
        "matrix_basis": [
          [
            0.934207558631897,
            0.35242676734924316,
            0.055241748690605164,
            0.0
          ],
          [
            -0.35672980546951294,
            0.9230808615684509,
            0.14375534653663635,
            0.0
          ],
          [
            -0.0003293788176961243,
            -0.15400370955467224,
            0.9880701899528503,
            0.0
          ],
          [
            0.0,
            0.0,
            0.0,
            1.0
          ]
        ],
        "rotation_mode": "QUATERNION"
      },
      "armature_space": {
        "head": {
          "x": -0.004709647037088871,
          "y": 0.052731938660144806,
          "z": 0.6608160138130188
        },
        "tail": {
          "x": 0.03986966237425804,
          "y": 0.1221490278840065,
          "z": 0.7921445965766907
        }
      },
      "world_space": {
        "head": {
          "x": -0.004709647037088871,
          "y": 0.11597593873739243,
          "z": 1.6106700897216797
        },
        "tail": {
          "x": 0.03986966237425804,
          "y": 0.18539303541183472,
          "z": 1.7419986724853516
        },
        "rotation_quaternion": {
          "w": 0.8503470420837402,
          "x": 0.49214351177215576,
          "y": -0.026565158739686012,
          "z": -0.18438860774040222
        },
        "matrix": [
          [
            0.9305898547172546,
            0.2874411344528198,
            -0.22667162120342255,
            -0.004709647037088871
          ],
          [
            -0.33973759412765503,
            0.4475916624069214,
            -0.8271883130073547,
            0.11597593873739243
          ],
          [
            -0.13631288707256317,
            0.8467882871627808,
            0.5141815543174744,
            1.6106700897216797
          ],
          [
            0.0,
            0.0,
            0.0,
            1.0
          ]
        ]
      },
      "bone_length_armature_space": 0.1550910811573178,
      "parent": "neck_01",
      "has_children": false,
      "is_end_bone": true
    },
    "upperarm_l": {
      "name": "upperarm_l",
      "local": {
        "location": {
          "x": 0.0,
          "y": 0.0,
          "z": 0.0
        },
        "rotation_quaternion": {
          "w": 0.8481824994087219,
          "x": 0.32874903082847595,
          "y": 0.3519749939441681,
          "z": 0.22050896286964417
        },
        "scale": {
          "x": 1.0,
          "y": 1.0,
          "z": 1.0
        },
        "matrix_basis": [
          [
            0.6549788117408752,
            -0.14264081418514252,
            0.7420622706413269,
            0.0
          ],
          [
            0.6054865717887878,
            0.6865997314453125,
            -0.4024510681629181,
            0.0
          ],
          [
            -0.45209383964538574,
            0.7129056453704834,
            0.5360753536224365,
            0.0
          ],
          [
            0.0,
            0.0,
            0.0,
            1.0
          ]
        ],
        "rotation_mode": "QUATERNION"
      },
      "armature_space": {
        "head": {
          "x": 0.16306129097938538,
          "y": 0.029451873153448105,
          "z": 0.4917623698711395
        },
        "tail": {
          "x": 0.35156846046447754,
          "y": -0.15368343889713287,
          "z": 0.5440515279769897
        }
      },
      "world_space": {
        "head": {
          "x": 0.16306129097938538,
          "y": 0.09269587695598602,
          "z": 1.441616415977478
        },
        "tail": {
          "x": 0.35156846046447754,
          "y": -0.09043943881988525,
          "z": 1.4939055442810059
        },
        "rotation_quaternion": {
          "w": 0.2403256744146347,
          "x": 0.8526825308799744,
          "y": 0.3170706629753113,
          "z": -0.33858877420425415
        },
        "matrix": [
          [
            0.5696473717689514,
            0.7034651637077332,
            -0.42501604557037354,
            0.16306129097938538
          ],
          [
            0.3779785633087158,
            -0.6834186911582947,
            -0.6245569586753845,
            0.09269587695598602
          ],
          [
            -0.7298227548599243,
            0.19513103365898132,
            -0.6552074551582336,
            1.441616415977478
          ],
          [
            0.0,
            0.0,
            0.0,
            1.0
          ]
        ]
      },
      "bone_length_armature_space": 0.2679694956826103,
      "parent": "spine_01",
      "has_children": true,
      "is_end_bone": false
    },
    "lowerarm_l": {
      "name": "lowerarm_l",
      "local": {
        "location": {
          "x": 0.0,
          "y": 0.0,
          "z": 0.0
        },
        "rotation_quaternion": {
          "w": 0.8861660361289978,
          "x": 0.4515499770641327,
          "y": -0.03379969298839569,
          "z": -0.09833668917417526
        },
        "scale": {
          "x": 1.0,
          "y": 1.0,
          "z": 1.0
        },
        "matrix_basis": [
          [
            0.9783749580383301,
            0.1437607705593109,
            -0.1487121433019638,
            0.0
          ],
          [
            -0.20480976998806,
            0.5728650093078613,
            -0.7936490178108215,
            0.0
          ],
          [
            -0.028903579339385033,
            0.8069440126419067,
            0.5899204015731812,
            0.0
          ],
          [
            0.0,
            0.0,
            0.0,
            1.0
          ]
        ],
        "rotation_mode": "QUATERNION"
      },
      "armature_space": {
        "head": {
          "x": 0.35156840085983276,
          "y": -0.15368357300758362,
          "z": 0.5440515875816345
        },
        "tail": {
          "x": 0.3395856022834778,
          "y": -0.3884284496307373,
          "z": 0.4162983298301697
        }
      },
      "world_space": {
        "head": {
          "x": 0.35156840085983276,
          "y": -0.090439572930336,
          "z": 1.4939055442810059
        },
        "tail": {
          "x": 0.3395856022834778,
          "y": -0.3251844644546509,
          "z": 1.366152286529541
        },
        "rotation_quaternion": {
          "w": 0.21950827538967133,
          "x": -0.8136764764785767,
          "y": -0.11437276005744934,
          "z": 0.5259900689125061
        },
        "matrix": [
          [
            0.4205070734024048,
            -0.044791460037231445,
            -0.9061828851699829,
            0.35156840085983276
          ],
          [
            0.4170430600643158,
            -0.8774706125259399,
            0.2368977665901184,
            -0.090439572930336
          ],
          [
            -0.8057651519775391,
            -0.4775386452674866,
            -0.3503049314022064,
            1.4939055442810059
          ],
          [
            0.0,
            0.0,
            0.0,
            1.0
          ]
        ]
      },
      "bone_length_armature_space": 0.2675250269758738,
      "parent": "upperarm_l",
      "has_children": true,
      "is_end_bone": false
    },
    "metacarpal_thumb_l": {
      "name": "metacarpal_thumb_l",
      "local": {
        "location": {
          "x": 0.0,
          "y": 0.0,
          "z": 0.0
        },
        "rotation_quaternion": {
          "w": 0.9987243413925171,
          "x": -0.04741378873586655,
          "y": 0.017179684713482857,
          "z": 0.002554120495915413
        },
        "scale": {
          "x": 1.0,
          "y": 1.0,
          "z": 1.0
        },
        "matrix_basis": [
          [
            0.9993966817855835,
            -0.006730832625180483,
            0.03407333791255951,
            0.0
          ],
          [
            0.0034726166632026434,
            0.9954907894134521,
            0.0947943702340126,
            0.0
          ],
          [
            -0.03455774113535881,
            -0.09461884945631027,
            0.9949135780334473,
            0.0
          ],
          [
            0.0,
            0.0,
            0.0,
            1.0
          ]
        ],
        "rotation_mode": "QUATERNION"
      },
      "armature_space": {
        "head": {
          "x": 0.3395856022834778,
          "y": -0.3884284496307373,
          "z": 0.4162983298301697
        },
        "tail": {
          "x": 0.31291574239730835,
          "y": -0.4143119156360626,
          "z": 0.38355132937431335
        }
      },
      "world_space": {
        "head": {
          "x": 0.3395856022834778,
          "y": -0.3251844644546509,
          "z": 1.366152286529541
        },
        "tail": {
          "x": 0.31291574239730835,
          "y": -0.3510679006576538,
          "z": 1.3334053754806519
        },
        "rotation_quaternion": {
          "w": 0.3331371247768402,
          "x": -0.8643253445625305,
          "y": 0.35741865634918213,
          "z": -0.11922022700309753
        },
        "matrix": [
          [
            0.7160758376121521,
            -0.5384187698364258,
            0.4442301392555237,
            0.3395856022834778
          ],
          [
            -0.6972864270210266,
            -0.5225428938865662,
            0.49065327644348145,
            -0.3251844644546509
          ],
          [
            -0.03204846382141113,
            -0.6611056327819824,
            -0.749617338180542,
            1.366152286529541
          ],
          [
            0.0,
            0.0,
            0.0,
            1.0
          ]
        ]
      },
      "bone_length_armature_space": 0.04953383973437068,
      "parent": "lowerarm_l",
      "has_children": true,
      "is_end_bone": false
    },
    "thumb_01_l": {
      "name": "thumb_01_l",
      "local": {
        "location": {
          "x": 0.0,
          "y": 0.0,
          "z": 0.0
        },
        "rotation_quaternion": {
          "w": 0.9540190100669861,
          "x": 0.29839038848876953,
          "y": -0.020912595093250275,
          "z": -0.019329523667693138
        },
        "scale": {
          "x": 1.0,
          "y": 1.0,
          "z": 1.0
        },
        "matrix_basis": [
          [
            0.9983780384063721,
            0.024401230737566948,
            -0.05143751576542854,
            0.0
          ],
          [
            -0.049361702054739,
            0.8211790919303894,
            -0.5685317516326904,
            0.0
          ],
          [
            0.028366537764668465,
            0.5701486468315125,
            0.8210516571998596,
            0.0
          ],
          [
            0.0,
            0.0,
            0.0,
            1.0
          ]
        ],
        "rotation_mode": "QUATERNION"
      },
      "armature_space": {
        "head": {
          "x": 0.31291574239730835,
          "y": -0.4143119156360626,
          "z": 0.38355132937431335
        },
        "tail": {
          "x": 0.3228580951690674,
          "y": -0.4254657030105591,
          "z": 0.3529673218727112
        }
      },
      "world_space": {
        "head": {
          "x": 0.31291574239730835,
          "y": -0.3510679006576538,
          "z": 1.3334053754806519
        },
        "tail": {
          "x": 0.3228580951690674,
          "y": -0.36222171783447266,
          "z": 1.302821397781372
        },
        "rotation_quaternion": {
          "w": 0.3296571671962738,
          "x": -0.23334793746471405,
          "y": 0.47695454955101013,
          "z": -0.7806339263916016
        },
        "matrix": [
          [
            -0.6737486720085144,
            0.2920909523963928,
            0.6787822246551514,
            0.31291574239730835
          ],
          [
            -0.737276554107666,
            -0.32768094539642334,
            -0.5908032059669495,
            -0.3510679006576538
          ],
          [
            0.04985551908612251,
            -0.8985099196434021,
            0.43612906336784363,
            1.3334053754806519
          ],
          [
            0.0,
            0.0,
            0.0,
            1.0
          ]
        ]
      },
      "bone_length_armature_space": 0.03403878471069447,
      "parent": "metacarpal_thumb_l",
      "has_children": true,
      "is_end_bone": false
    },
    "thumb_02_l": {
      "name": "thumb_02_l",
      "local": {
        "location": {
          "x": 0.0,
          "y": 0.0,
          "z": 0.0
        },
        "rotation_quaternion": {
          "w": 0.8779186010360718,
          "x": 0.4787977337837219,
          "y": 0.001696911989711225,
          "z": 0.0029993783682584763
        },
        "scale": {
          "x": 1.0,
          "y": 1.0,
          "z": 1.0
        },
        "matrix_basis": [
          [
            0.9999762773513794,
            -0.0036414649803191423,
            0.005851692520081997,
            0.0
          ],
          [
            0.006891375407576561,
            0.541487455368042,
            -0.840680718421936,
            0.0
          ],
          [
            -0.00010731007205322385,
            0.8407010436058044,
            0.541499674320221,
            0.0
          ],
          [
            0.0,
            0.0,
            0.0,
            1.0
          ]
        ],
        "rotation_mode": "QUATERNION"
      },
      "armature_space": {
        "head": {
          "x": 0.3228580951690674,
          "y": -0.4254656434059143,
          "z": 0.3529673218727112
        },
        "tail": {
          "x": 0.3206224739551544,
          "y": -0.4523387551307678,
          "z": 0.382733553647995
        }
      },
      "world_space": {
        "head": {
          "x": 0.3228580951690674,
          "y": -0.3622216582298279,
          "z": 1.302821397781372
        },
        "tail": {
          "x": 0.3206224739551544,
          "y": -0.3890947699546814,
          "z": 1.3325875997543335
        },
        "rotation_quaternion": {
          "w": 0.014446569606661797,
          "x": 0.10072975605726242,
          "y": -0.4065124988555908,
          "z": -0.9079605937004089
        },
        "matrix": [
          [
            -0.9792895913124084,
            -0.05566186457872391,
            -0.19466239213943481,
            0.3228580951690674
          ],
          [
            -0.10812932997941971,
            -0.6690776348114014,
            0.7352845072746277,
            -0.3622216582298279
          ],
          [
            -0.1711728721857071,
            0.7411099672317505,
            0.6492072939872742,
            1.302821397781372
          ],
          [
            0.0,
            0.0,
            0.0,
            1.0
          ]
        ]
      },
      "bone_length_armature_space": 0.04016454518630514,
      "parent": "thumb_01_l",
      "has_children": true,
      "is_end_bone": false
    },
    "thumb_03_l": {
      "name": "thumb_03_l",
      "local": {
        "location": {
          "x": 0.0,
          "y": 0.0,
          "z": 0.0
        },
        "rotation_quaternion": {
          "w": 0.9930133819580078,
          "x": 0.11771227419376373,
          "y": 0.006657781545072794,
          "z": -0.004893133416771889
        },
        "scale": {
          "x": 1.0,
          "y": 1.0,
          "z": 1.0
        },
        "matrix_basis": [
          [
            0.9998634457588196,
            0.011285299435257912,
            0.012070568278431892,
            0.0
          ],
          [
            -0.008150489069521427,
            0.9722397327423096,
            -0.23384487628936768,
            0.0
          ],
          [
            -0.014374496415257454,
            0.23371456563472748,
            0.9721989631652832,
            0.0
          ],
          [
            0.0,
            0.0,
            0.0,
            1.0
          ]
        ],
        "rotation_mode": "QUATERNION"
      },
      "armature_space": {
        "head": {
          "x": 0.32062241435050964,
          "y": -0.4523387849330902,
          "z": 0.3827334940433502
        },
        "tail": {
          "x": 0.3180176317691803,
          "y": -0.45956718921661377,
          "z": 0.41219308972358704
        }
      },
      "world_space": {
        "head": {
          "x": 0.32062241435050964,
          "y": -0.3890947699546814,
          "z": 1.332587480545044
        },
        "tail": {
          "x": 0.3180176317691803,
          "y": -0.39632320404052734,
          "z": 1.3620470762252808
        },
        "rotation_quaternion": {
          "w": 0.14546740055084229,
          "x": 0.2519133985042572,
          "y": -0.6001051068305969,
          "z": -0.7451529502868652
        },
        "matrix": [
          [
            -0.8307582139968872,
            -0.08555760979652405,
            -0.5500186681747437,
            0.32062241435050964
          ],
          [
            -0.5191390514373779,
            -0.23742632567882538,
            0.8210502862930298,
            -0.3890947699546814
          ],
          [
            -0.20083780586719513,
            0.9676370620727539,
            0.15282930433750153,
            1.332587480545044
          ],
          [
            0.0,
            0.0,
            0.0,
            1.0
          ]
        ]
      },
      "bone_length_armature_space": 0.03044507354440843,
      "parent": "thumb_02_l",
      "has_children": false,
      "is_end_bone": true
    },
    "metacarpal_index_l": {
      "name": "metacarpal_index_l",
      "local": {
        "location": {
          "x": 0.0,
          "y": 0.0,
          "z": 0.0
        },
        "rotation_quaternion": {
          "w": 0.9992872476577759,
          "x": -0.035836897790431976,
          "y": -0.007880638353526592,
          "z": 0.008866922929883003
        },
        "scale": {
          "x": 1.0,
          "y": 1.0,
          "z": 1.0
        },
        "matrix_basis": [
          [
            0.9997185468673706,
            -0.017156369984149933,
            -0.01638556830585003,
            0.0
          ],
          [
            0.018286041915416718,
            0.9972741603851318,
            0.07148295640945435,
            0.0
          ],
          [
            0.015114516951143742,
            -0.07176246494054794,
            0.9973072409629822,
            0.0
          ],
          [
            0.0,
            0.0,
            0.0,
            1.0
          ]
        ],
        "rotation_mode": "QUATERNION"
      },
      "armature_space": {
        "head": {
          "x": 0.3395856022834778,
          "y": -0.3884284496307373,
          "z": 0.4162983298301697
        },
        "tail": {
          "x": 0.30408066511154175,
          "y": -0.4802882969379425,
          "z": 0.3528125286102295
        }
      },
      "world_space": {
        "head": {
          "x": 0.3395856022834778,
          "y": -0.3251844644546509,
          "z": 1.366152286529541
        },
        "tail": {
          "x": 0.30408066511154175,
          "y": -0.4170442819595337,
          "z": 1.3026665449142456
        },
        "rotation_quaternion": {
          "w": 0.30676111578941345,
          "x": -0.9348267912864685,
          "y": 0.11793896555900574,
          "z": 0.13448762893676758
        },
        "matrix": [
          [
            0.936007022857666,
            -0.3030162751674652,
            -0.17908628284931183,
            0.3395856022834778
          ],
          [
            -0.13799458742141724,
            -0.7839762568473816,
            0.6052592396736145,
            -0.3251844644546509
          ],
          [
            -0.32380518317222595,
            -0.5418184995651245,
            -0.7756268978118896,
            1.366152286529541
          ],
          [
            0.0,
            0.0,
            0.0,
            1.0
          ]
        ]
      },
      "bone_length_armature_space": 0.11717200574169401,
      "parent": "lowerarm_l",
      "has_children": true,
      "is_end_bone": false
    },
    "index_01_l": {
      "name": "index_01_l",
      "local": {
        "location": {
          "x": 0.0,
          "y": 0.0,
          "z": 0.0
        },
        "rotation_quaternion": {
          "w": 0.947701096534729,
          "x": 0.3184210956096649,
          "y": 0.02017599530518055,
          "z": -0.007979064248502254
        },
        "scale": {
          "x": 1.0,
          "y": 1.0,
          "z": 1.0
        },
        "matrix_basis": [
          [
            0.9990585446357727,
            0.02797246165573597,
            0.033160220831632614,
            0.0
          ],
          [
            -0.0022746108006685972,
            0.7970886826515198,
            -0.6038579940795898,
            0.0
          ],
          [
            -0.043323028832674026,
            0.6032140851020813,
            0.796401858329773,
            0.0
          ],
          [
            0.0,
            0.0,
            0.0,
            1.0
          ]
        ],
        "rotation_mode": "QUATERNION"
      },
      "armature_space": {
        "head": {
          "x": 0.30408066511154175,
          "y": -0.4802882969379425,
          "z": 0.3528125286102295
        },
        "tail": {
          "x": 0.30354660749435425,
          "y": -0.4911004900932312,
          "z": 0.3264327943325043
        }
      },
      "world_space": {
        "head": {
          "x": 0.30408066511154175,
          "y": -0.4170442819595337,
          "z": 1.3026665449142456
        },
        "tail": {
          "x": 0.30354660749435425,
          "y": -0.4278565049171448,
          "z": 1.2762868404388428
        },
        "rotation_quaternion": {
          "w": 0.5563414096832275,
          "x": -0.8281513452529907,
          "y": -0.02987102046608925,
          "z": 0.06129743158817291
        },
        "matrix": [
          [
            0.9907006621360779,
            -0.018729113042354584,
            -0.13476385176181793,
            0.30408066511154175
          ],
          [
            0.11767987906932831,
            -0.37918445467948914,
            0.9178075790405273,
            -0.4170442819595337
          ],
          [
            -0.06829042732715607,
            -0.9251384735107422,
            -0.37345606088638306,
            1.3026665449142456
          ],
          [
            0.0,
            0.0,
            0.0,
            1.0
          ]
        ]
      },
      "bone_length_armature_space": 0.028514542593809034,
      "parent": "metacarpal_index_l",
      "has_children": true,
      "is_end_bone": false
    },
    "index_02_l": {
      "name": "index_02_l",
      "local": {
        "location": {
          "x": 0.0,
          "y": 0.0,
          "z": 0.0
        },
        "rotation_quaternion": {
          "w": 0.880690336227417,
          "x": 0.4736323952674866,
          "y": -0.006845438852906227,
          "z": 0.0031909015960991383
        },
        "scale": {
          "x": 1.0,
          "y": 1.0,
          "z": 1.0
        },
        "matrix_basis": [
          [
            0.9998859167098999,
            -0.012104835361242294,
            -0.009034794755280018,
            0.0
          ],
          [
            -0.000864050816744566,
            0.5513243675231934,
            -0.834290623664856,
            0.0
          ],
          [
            0.015080052427947521,
            0.8342032432556152,
            0.5512509942054749,
            0.0
          ],
          [
            0.0,
            0.0,
            0.0,
            1.0
          ]
        ],
        "rotation_mode": "QUATERNION"
      },
      "armature_space": {
        "head": {
          "x": 0.30354633927345276,
          "y": -0.49110037088394165,
          "z": 0.32643234729766846
        },
        "tail": {
          "x": 0.2992132902145386,
          "y": -0.4777860641479492,
          "z": 0.3049370050430298
        }
      },
      "world_space": {
        "head": {
          "x": 0.30354633927345276,
          "y": -0.4278563857078552,
          "z": 1.2762863636016846
        },
        "tail": {
          "x": 0.2992132902145386,
          "y": -0.4145420789718628,
          "z": 1.254791021347046
        },
        "rotation_quaternion": {
          "w": 0.8713182806968689,
          "x": -0.47867774963378906,
          "y": -0.017598310485482216,
          "z": 0.10659455507993698
        },
        "matrix": [
          [
            0.9766556024551392,
            -0.16890789568424225,
            -0.13271690905094147,
            0.30354633927345276
          ],
          [
            0.2026039958000183,
            0.519010066986084,
            0.8304098844528198,
            -0.4278563857078552
          ],
          [
            -0.07138164341449738,
            -0.8379188776016235,
            0.5411200523376465,
            1.2762863636016846
          ],
          [
            0.0,
            0.0,
            0.0,
            1.0
          ]
        ]
      },
      "bone_length_armature_space": 0.025653378152782992,
      "parent": "index_01_l",
      "has_children": true,
      "is_end_bone": false
    },
    "index_03_l": {
      "name": "index_03_l",
      "local": {
        "location": {
          "x": 0.0,
          "y": 0.0,
          "z": 0.0
        },
        "rotation_quaternion": {
          "w": 0.9342001676559448,
          "x": 0.3567170798778534,
          "y": 0.004004886839538813,
          "z": -0.0026564139407128096
        },
        "scale": {
          "x": 1.0,
          "y": 1.0,
          "z": 1.0
        },
        "matrix_basis": [
          [
            0.9999538064002991,
            0.007820467464625835,
            0.005587555468082428,
            0.0
          ],
          [
            -0.002106021624058485,
            0.7454917430877686,
            -0.666511595249176,
            0.0
          ],
          [
            -0.00937790796160698,
            0.6664690375328064,
            0.7454737424850464,
            0.0
          ],
          [
            0.0,
            0.0,
            0.0,
            1.0
          ]
        ],
        "rotation_mode": "QUATERNION"
      },
      "armature_space": {
        "head": {
          "x": 0.29921332001686096,
          "y": -0.47778618335723877,
          "z": 0.3049369156360626
        },
        "tail": {
          "x": 0.29648563265800476,
          "y": -0.44918301701545715,
          "z": 0.2996312379837036
        }
      },
      "world_space": {
        "head": {
          "x": 0.29921332001686096,
          "y": -0.41454219818115234,
          "z": 1.2547909021377563
        },
        "tail": {
          "x": 0.29648563265800476,
          "y": -0.38593900203704834,
          "z": 1.2494852542877197
        },
        "rotation_quaternion": {
          "w": 0.9945481419563293,
          "x": -0.09212975203990936,
          "y": 0.0184682197868824,
          "z": 0.04522213339805603
        },
        "matrix": [
          [
            0.9952276945114136,
            -0.09335413575172424,
            0.028402436524629593,
            0.29921332001686096
          ],
          [
            0.08654823899269104,
            0.9789342284202576,
            0.18492570519447327,
            -0.41454219818115234
          ],
          [
            -0.04506789892911911,
            -0.18158555030822754,
            0.9823492169380188,
            1.2547909021377563
          ],
          [
            0.0,
            0.0,
            0.0,
            1.0
          ]
        ]
      },
      "bone_length_armature_space": 0.02921868563554118,
      "parent": "index_02_l",
      "has_children": false,
      "is_end_bone": true
    },
    "metacarpal_pinky_l": {
      "name": "metacarpal_pinky_l",
      "local": {
        "location": {
          "x": 0.0,
          "y": 0.0,
          "z": 0.0
        },
        "rotation_quaternion": {
          "w": 0.9998018741607666,
          "x": -0.019847402349114418,
          "y": -0.00048123818123713136,
          "z": 0.0014839814975857735
        },
        "scale": {
          "x": 1.0,
          "y": 1.0,
          "z": 1.0
        },
        "matrix_basis": [
          [
            0.9999951124191284,
            -0.0029482722748070955,
            -0.0010211920598521829,
            0.0
          ],
          [
            0.0029864776879549026,
            0.9992077350616455,
            0.039685510098934174,
            0.0
          ],
          [
            0.0009033792885020375,
            -0.039688367396593094,
            0.9992116689682007,
            0.0
          ],
          [
            0.0,
            0.0,
            0.0,
            1.0
          ]
        ],
        "rotation_mode": "QUATERNION"
      },
      "armature_space": {
        "head": {
          "x": 0.3395856022834778,
          "y": -0.3884284496307373,
          "z": 0.4162983298301697
        },
        "tail": {
          "x": 0.3668789267539978,
          "y": -0.48096659779548645,
          "z": 0.37711915373802185
        }
      },
      "world_space": {
        "head": {
          "x": 0.3395856022834778,
          "y": -0.3251844644546509,
          "z": 1.366152286529541
        },
        "tail": {
          "x": 0.3668789267539978,
          "y": -0.41772258281707764,
          "z": 1.3269731998443604
        },
        "rotation_quaternion": {
          "w": 0.05301312357187271,
          "x": 0.3621021807193756,
          "y": 0.22989900410175323,
          "z": -0.9017860293388367
        },
        "matrix": [
          [
            -0.7321436405181885,
            0.26210638880729675,
            -0.6287017464637756,
            0.3395856022834778
          ],
          [
            0.0708802342414856,
            -0.8886725902557373,
            -0.4530309736728668,
            -0.3251844644546509
          ],
          [
            -0.6774570941925049,
            -0.3762497305870056,
            0.6320618391036987,
            1.366152286529541
          ],
          [
            0.0,
            0.0,
            0.0,
            1.0
          ]
        ]
      },
      "bone_length_armature_space": 0.10413089072022999,
      "parent": "lowerarm_l",
      "has_children": true,
      "is_end_bone": false
    },
    "pinky_01_l": {
      "name": "pinky_01_l",
      "local": {
        "location": {
          "x": 0.0,
          "y": 0.0,
          "z": 0.0
        },
        "rotation_quaternion": {
          "w": 0.9564919471740723,
          "x": 0.29102250933647156,
          "y": 0.009014776907861233,
          "z": 0.01865403726696968
        },
        "scale": {
          "x": 1.0,
          "y": 1.0,
          "z": 1.0
        },
        "matrix_basis": [
          [
            0.9991415143013,
            -0.03043786622583866,
            0.028102612122893333,
            0.0
          ],
          [
            0.040931880474090576,
            0.8299158811569214,
            -0.5563850402832031,
            0.0
          ],
          [
            -0.006387633737176657,
            0.5570576786994934,
            0.8304492831230164,
            0.0
          ],
          [
            0.0,
            0.0,
            0.0,
            1.0
          ]
        ],
        "rotation_mode": "QUATERNION"
      },
      "armature_space": {
        "head": {
          "x": 0.3668789267539978,
          "y": -0.48096659779548645,
          "z": 0.37711915373802185
        },
        "tail": {
