{
  "metadata": {
    "armature_name": "KIM_caucasian_male",
    "export_time": "2026-01-13T21:08:29.313134",
    "blender_version": "4.4.1",
    "bone_count": 56,
    "end_bone_count": 13,
    "spaces_included": [
      "LOCAL_CHANNELS",
      "ARMATURE_SPACE",
      "WORLD_SPACE"
    ],
    "note": "LOCAL matches Transform panel; replay pose via local.matrix_basis for best fidelity."
  },
  "bones": {
    "Root": {
      "name": "Root",
      "local": {
        "location": {
          "x": 0.0,
          "y": 0.0,
          "z": 0.0
        },
        "rotation_quaternion": {
          "w": 0.9999808669090271,
          "x": 0.0043976097367703915,
          "y": -0.00023959390819072723,
          "z": 0.00437078345566988
        },
        "scale": {
          "x": 1.0,
          "y": 1.0,
          "z": 1.0
        },
        "matrix_basis": [
          [
            0.9999616742134094,
            -0.008743506856262684,
            -0.0004407366504892707,
            0.0
          ],
          [
            0.008739292621612549,
            0.9999231100082397,
            -0.008797145448625088,
            0.0
          ],
          [
            0.0005176206468604505,
            0.008792956359684467,
            0.9999611973762512,
            0.0
          ],
          [
            0.0,
            0.0,
            0.0,
            1.0
          ]
        ],
        "rotation_mode": "QUATERNION"
      },
      "armature_space": {
        "head": {
          "x": 0.0,
          "y": 0.07072800397872925,
          "z": -0.009595036506652832
        },
        "tail": {
          "x": -0.0006240754155442119,
          "y": -7.893145084381104e-05,
          "z": -0.000622650608420372
        }
      },
      "world_space": {
        "head": {
          "x": 0.0,
          "y": 0.13397200405597687,
          "z": 0.9402589797973633
        },
        "tail": {
          "x": -0.0006240754155442119,
          "y": 0.06316506862640381,
          "z": 0.9492313861846924
        },
        "rotation_quaternion": {
          "w": 0.06297873705625534,
          "x": 0.9980052709579468,
          "y": -0.004376994911581278,
          "z": 5.540076381294057e-05
        },
        "matrix": [
          [
            0.9999616742134094,
            -0.008743506856262684,
            -0.0004407366504892707,
            0.0
          ],
          [
            -0.008729550987482071,
            -0.9920290112495422,
            -0.12570717930793762,
            0.13397200405597687
          ],
          [
            0.0006618945626541972,
            0.12570615112781525,
            -0.9920743703842163,
            0.9402589797973633
          ],
          [
            0.0,
            0.0,
            0.0,
            1.0
          ]
        ]
      },
      "bone_length_armature_space": 0.07137587164622523,
      "parent": null,
      "has_children": true,
      "is_end_bone": false
    },
    "spine_01": {
      "name": "spine_01",
      "local": {
        "location": {
          "x": 0.0,
          "y": 0.0,
          "z": 0.0
        },
        "rotation_quaternion": {
          "w": 0.9961795210838318,
          "x": 0.05118118226528168,
          "y": 0.01527123712003231,
          "z": 0.06909201294183731
        },
        "scale": {
          "x": 1.0,
          "y": 1.0,
          "z": 1.0
        },
        "matrix_basis": [
          [
            0.9899861812591553,
            -0.1360929012298584,
            0.03749820962548256,
            0.0
          ],
          [
            0.13921929895877838,
            0.985213577747345,
            -0.09986104816198349,
            0.0
          ],
          [
            -0.023353366181254387,
            0.10408153384923935,
            0.9942945241928101,
            0.0
          ],
          [
            0.0,
            0.0,
            0.0,
            1.0
          ]
        ],
        "rotation_mode": "QUATERNION"
      },
      "armature_space": {
        "head": {
          "x": -0.0006240754155442119,
          "y": -7.893145084381104e-05,
          "z": -0.000622650608420372
        },
        "tail": {
          "x": -0.0676381066441536,
          "y": -0.032005731016397476,
          "z": 0.4817031919956207
        }
      },
      "world_space": {
        "head": {
          "x": -0.0006240754155442119,
          "y": 0.06316506862640381,
          "z": 0.9492313861846924
        },
        "tail": {
          "x": -0.0676381066441536,
          "y": 0.031238269060850143,
          "z": 1.4315571784973145
        },
        "rotation_quaternion": {
          "w": 0.6823945641517639,
          "x": 0.7275925874710083,
          "y": -0.04031973332166672,
          "z": 0.057628508657217026
        },
        "matrix": [
          [
            0.9901065826416016,
            -0.13732348382472992,
            0.028831273317337036,
            -0.0006240754155442119
          ],
          [
            0.019977185875177383,
            -0.06542360782623291,
            -0.9976576566696167,
            0.06316506862640381
          ],
          [
            0.13888904452323914,
            0.9883701801300049,
            -0.06203433871269226,
            0.9492313861846924
          ],
          [
            0.0,
            0.0,
            0.0,
            1.0
          ]
        ]
      },
      "bone_length_armature_space": 0.4880045346327698,
      "parent": "Root",
      "has_children": true,
      "is_end_bone": false
    },
    "neck_01": {
      "name": "neck_01",
      "local": {
        "location": {
          "x": 0.0,
          "y": 0.0,
          "z": 0.0
        },
        "rotation_quaternion": {
          "w": 0.9948976039886475,
          "x": -0.04723261296749115,
          "y": -0.0731663629412651,
          "z": -0.050935953855514526
        },
        "scale": {
          "x": 1.0,
          "y": 1.0,
          "z": 1.0
        },
        "matrix_basis": [
          [
            0.9841043949127197,
            0.10826379060745239,
            -0.14077439904212952,
            0.0
          ],
          [
            -0.09444043785333633,
            0.9903492331504822,
            0.10143682360649109,
            0.0
          ],
          [
            0.15039774775505066,
            -0.08652962744235992,
            0.9848315119743347,
            0.0
          ],
          [
            0.0,
            0.0,
            0.0,
            1.0
          ]
        ],
        "rotation_mode": "QUATERNION"
      },
      "armature_space": {
        "head": {
          "x": -0.07669283449649811,
          "y": -0.0713951587677002,
          "z": 0.5519188046455383
        },
        "tail": {
          "x": -0.07817117869853973,
          "y": -0.10785047709941864,
          "z": 0.6477288603782654
        }
      },
      "world_space": {
        "head": {
          "x": -0.07669283449649811,
          "y": -0.008151158690452576,
          "z": 1.5017728805541992
        },
        "tail": {
          "x": -0.07817117869853973,
          "y": -0.04460647702217102,
          "z": 1.5975828170776367
        },
        "rotation_quaternion": {
          "w": 0.5669750571250916,
          "x": 0.8228427767753601,
          "y": -0.027300041168928146,
          "z": -0.026903729885816574
        },
        "matrix": [
          [
            0.9970617890357971,
            -0.014419833198189735,
            -0.07523196190595627,
            -0.07669283449649811
          ],
          [
            -0.07543481886386871,
            -0.35558760166168213,
            -0.9315939545631409,
            -0.008151158690452576
          ],
          [
            -0.013318292796611786,
            0.934537947177887,
            -0.3556338846683502,
            1.5017728805541992
          ],
          [
            0.0,
            0.0,
            0.0,
            1.0
          ]
        ]
      },
      "bone_length_armature_space": 0.10252191327307393,
      "parent": "spine_01",
      "has_children": true,
      "is_end_bone": false
    },
    "head": {
      "name": "head",
      "local": {
        "location": {
          "x": 0.0,
          "y": 0.0,
          "z": 0.0
        },
        "rotation_quaternion": {
          "w": 0.990107536315918,
          "x": -0.027580099180340767,
          "y": 0.055752839893102646,
          "z": -0.12577031552791595
        },
        "scale": {
          "x": 1.0,
          "y": 1.0,
          "z": 1.0
        },
        "matrix_basis": [
          [
            0.9621468782424927,
            0.24597693979740143,
            0.11734013259410858,
            0.0
          ],
          [
            -0.25212761759757996,
            0.9668423533439636,
            0.040590424090623856,
            0.0
          ],
          [
            -0.10346509516239166,
            -0.0686386302113533,
            0.9922619462013245,
            0.0
          ],
          [
            0.0,
            0.0,
            0.0,
            1.0
          ]
        ],
        "rotation_mode": "QUATERNION"
      },
      "armature_space": {
        "head": {
          "x": -0.07817118614912033,
          "y": -0.1078505888581276,
          "z": 0.6477287411689758
        },
        "tail": {
          "x": -0.037341177463531494,
          "y": -0.09943892061710358,
          "z": 0.7971122860908508
        }
      },
      "world_space": {
        "head": {
          "x": -0.07817118614912033,
          "y": -0.044606588780879974,
          "z": 1.5975828170776367
        },
        "tail": {
          "x": -0.037341177463531494,
          "y": -0.03619492053985596,
          "z": 1.7469663619995117
        },
        "rotation_quaternion": {
          "w": 0.7182413935661316,
          "x": 0.6827015280723572,
          "y": 0.10605472326278687,
          "z": -0.08246445655822754
        },
        "matrix": [
          [
            0.963904082775116,
            0.2632661759853363,
            0.03974700719118118,
            -0.07817118614912033
          ],
          [
            0.026346832513809204,
            0.054237253963947296,
            -0.9981805682182312,
            -0.044606588780879974
          ],
          [
            -0.26494476199150085,
            0.9632043242454529,
            0.04534275084733963,
            1.5975828170776367
          ],
          [
            0.0,
            0.0,
            0.0,
            1.0
          ]
        ]
      },
      "bone_length_armature_space": 0.1550912259576024,
      "parent": "neck_01",
      "has_children": false,
      "is_end_bone": true
    },
    "upperarm_l": {
      "name": "upperarm_l",
      "local": {
        "location": {
          "x": 0.0,
          "y": 0.0,
          "z": 0.0
        },
        "rotation_quaternion": {
          "w": 0.9931137561798096,
          "x": -0.018586013466119766,
          "y": 0.08189179748296738,
          "z": 0.08169049024581909
        },
        "scale": {
          "x": 1.0,
          "y": 1.0,
          "z": 1.0
        },
        "matrix_basis": [
          [
            0.9732407927513123,
            -0.16529998183250427,
            0.15961913764476776,
            0.0
          ],
          [
            0.15921181440353394,
            0.985962450504303,
            0.05029561370611191,
            0.0
          ],
          [
            -0.16569234430789948,
            -0.02353648841381073,
            0.9858965873718262,
            0.0
          ],
          [
            0.0,
            0.0,
            0.0,
            1.0
          ]
        ],
        "rotation_mode": "QUATERNION"
      },
      "armature_space": {
        "head": {
          "x": 0.0811443105340004,
          "y": -0.06718326359987259,
          "z": 0.5061281323432922
        },
        "tail": {
          "x": 0.33748215436935425,
          "y": -0.04887509346008301,
          "z": 0.5820452570915222
        }
      },
      "world_space": {
        "head": {
          "x": 0.0811443105340004,
          "y": -0.0039392635226249695,
          "z": 1.4559822082519531
        },
        "tail": {
          "x": 0.33748215436935425,
          "y": 0.014368906617164612,
          "z": 1.5318992137908936
        },
        "rotation_quaternion": {
          "w": 0.5228265523910522,
          "x": 0.5959349870681763,
          "y": 0.5106984376907349,
          "z": -0.3327178657054901
        },
        "matrix": [
          [
            0.25697052478790283,
            0.9565936923027039,
            0.13745811581611633,
            0.0811443105340004
          ],
          [
            0.2607801854610443,
            0.06832186877727509,
            -0.9629777073860168,
            -0.0039392635226249695
          ],
          [
            -0.930575966835022,
            0.28330516815185547,
            -0.231906458735466,
            1.4559822082519531
          ],
          [
            0.0,
            0.0,
            0.0,
            1.0
          ]
        ]
      },
      "bone_length_armature_space": 0.2679695700795899,
      "parent": "spine_01",
      "has_children": true,
      "is_end_bone": false
    },
    "lowerarm_l": {
      "name": "lowerarm_l",
      "local": {
        "location": {
          "x": 0.0,
          "y": 0.0,
          "z": 0.0
        },
        "rotation_quaternion": {
          "w": 0.909620463848114,
          "x": 0.40258216857910156,
          "y": 0.026928799226880074,
          "z": 0.09896019846200943
        },
        "scale": {
          "x": 1.0,
          "y": 1.0,
          "z": 1.0
        },
        "matrix_basis": [
          [
            0.9789634346961975,
            -0.15835033357143402,
            0.12866920232772827,
            0.0
          ],
          [
            0.20171454548835754,
            0.6562689542770386,
            -0.7270641922950745,
            0.0
          ],
          [
            0.03068924881517887,
            0.737723708152771,
            0.6744048595428467,
            0.0
          ],
          [
            0.0,
            0.0,
            0.0,
            1.0
          ]
        ],
        "rotation_mode": "QUATERNION"
      },
      "armature_space": {
        "head": {
          "x": 0.337482213973999,
          "y": -0.04887516796588898,
          "z": 0.5820453763008118
        },
        "tail": {
          "x": 0.48594409227371216,
          "y": -0.26045674085617065,
          "z": 0.6510505676269531
        }
      },
      "world_space": {
        "head": {
          "x": 0.337482213973999,
          "y": 0.014368832111358643,
          "z": 1.5318994522094727
        },
        "tail": {
          "x": 0.48594409227371216,
          "y": -0.19721274077892303,
          "z": 1.6009045839309692
        },
        "rotation_quaternion": {
          "w": 0.2610566318035126,
          "x": 0.8283671736717224,
          "y": 0.19080376625061035,
          "z": -0.45743992924690247
        },
        "matrix": [
          [
            0.508685290813446,
            0.5549468398094177,
            -0.6582348942756653,
            0.337482213973999
          ],
          [
            0.0772760808467865,
            -0.7908867001533508,
            -0.6070642471313477,
            0.014368832111358643
          ],
          [
            -0.8574835658073425,
            0.25793981552124023,
            -0.4452000856399536,
            1.5318994522094727
          ],
          [
            0.0,
            0.0,
            0.0,
            1.0
          ]
        ]
      },
      "bone_length_armature_space": 0.26752459206354395,
      "parent": "upperarm_l",
      "has_children": true,
      "is_end_bone": false
    },
    "metacarpal_thumb_l": {
      "name": "metacarpal_thumb_l",
      "local": {
        "location": {
          "x": 0.0,
          "y": 0.0,
          "z": 0.0
        },
        "rotation_quaternion": {
          "w": 0.999666154384613,
          "x": -0.01430540718138218,
          "y": 0.01859886944293976,
          "z": 0.010825339704751968
        },
        "scale": {
          "x": 1.0,
          "y": 1.0,
          "z": 1.0
        },
        "matrix_basis": [
          [
            0.9990738034248352,
            -0.022175580263137817,
            0.03687559813261032,
            0.0
          ],
          [
            0.021111322566866875,
            0.9993563294410706,
            0.029003940522670746,
            0.0
          ],
          [
            -0.03749504312872887,
            -0.02819858491420746,
            0.9988988637924194,
            0.0
          ],
          [
            0.0,
            0.0,
            0.0,
            1.0
          ]
        ],
        "rotation_mode": "QUATERNION"
      },
      "armature_space": {
        "head": {
          "x": 0.48594409227371216,
          "y": -0.26045674085617065,
          "z": 0.6510505676269531
        },
        "tail": {
          "x": 0.4914487302303314,
          "y": -0.30867257714271545,
          "z": 0.6411248445510864
        }
      },
      "world_space": {
        "head": {
          "x": 0.48594409227371216,
          "y": -0.19721274077892303,
          "z": 1.6009045839309692
        },
        "tail": {
          "x": 0.4914487302303314,
          "y": -0.24542857706546783,
          "z": 1.5909788608551025
        },
        "rotation_quaternion": {
          "w": 0.1115497574210167,
          "x": -0.9625946879386902,
          "y": -0.029312370344996452,
          "z": -0.24517138302326202
        },
        "matrix": [
          [
            0.8780636191368103,
            0.11112930625677109,
            0.4654615819454193,
            0.48594409227371216
          ],
          [
            0.0017344504594802856,
            -0.9733949899673462,
            0.22912698984146118,
            -0.19721274077892303
          ],
          [
            0.4785440266132355,
            -0.2003830075263977,
            -0.8549013137817383,
            1.6009045839309692
          ],
          [
            0.0,
            0.0,
            0.0,
            1.0
          ]
        ]
      },
      "bone_length_armature_space": 0.04953370533109638,
      "parent": "lowerarm_l",
      "has_children": true,
      "is_end_bone": false
    },
    "thumb_01_l": {
      "name": "thumb_01_l",
      "local": {
        "location": {
          "x": 0.0,
          "y": 0.0,
          "z": 0.0
        },
        "rotation_quaternion": {
          "w": 0.9996839761734009,
          "x": 0.014696260914206505,
          "y": -0.0058568986132740974,
          "z": 0.019537216052412987
        },
        "scale": {
          "x": 1.0,
          "y": 1.0,
          "z": 1.0
        },
        "matrix_basis": [
          [
            0.9991679787635803,
            -0.039234232157468796,
            -0.011135847307741642,
            0.0
          ],
          [
            0.03888993337750435,
            0.9988046288490295,
            -0.029612088575959206,
            0.0
          ],
          [
            0.012284343130886555,
            0.029154378920793533,
            0.9994994401931763,
            0.0
          ],
          [
            0.0,
            0.0,
            0.0,
            1.0
          ]
        ],
        "rotation_mode": "QUATERNION"
      },
      "armature_space": {
        "head": {
          "x": 0.4914487302303314,
          "y": -0.30867257714271545,
          "z": 0.6411248445510864
        },
        "tail": {
          "x": 0.5032826066017151,
          "y": -0.3236360251903534,
          "z": 0.6129345893859863
        }
      },
      "world_space": {
        "head": {
          "x": 0.4914487302303314,
          "y": -0.24542857706546783,
          "z": 1.5909788608551025
        },
        "tail": {
          "x": 0.5032826066017151,
          "y": -0.2603920102119446,
          "z": 1.5627886056900024
        },
        "rotation_quaternion": {
          "w": 0.4349072277545929,
          "x": -0.4555244743824005,
          "y": 0.301751971244812,
          "z": -0.7157506942749023
        },
        "matrix": [
          [
            -0.20670565962791443,
            0.34766143560409546,
            0.9145514965057373,
            0.4914487302303314
          ],
          [
            -0.8974812030792236,
            -0.4396025240421295,
            -0.035735197365283966,
            -0.24542857706546783
          ],
          [
            0.38961726427078247,
            -0.8281857371330261,
            0.402890682220459,
            1.5909788608551025
          ],
          [
            0.0,
            0.0,
            0.0,
            1.0
          ]
        ]
      },
      "bone_length_armature_space": 0.03403874142529617,
      "parent": "metacarpal_thumb_l",
      "has_children": true,
      "is_end_bone": false
    },
    "thumb_02_l": {
      "name": "thumb_02_l",
      "local": {
        "location": {
          "x": 0.0,
          "y": 0.0,
          "z": 0.0
        },
        "rotation_quaternion": {
          "w": 0.9902302622795105,
          "x": 0.13928362727165222,
          "y": -0.0021641890052706003,
          "z": 0.006285593844950199
        },
        "scale": {
          "x": 1.0,
          "y": 1.0,
          "z": 1.0
        },
        "matrix_basis": [
          [
            0.9999116063117981,
            -0.01305124256759882,
            -0.002535130362957716,
            0.0
          ],
          [
            0.011845498345792294,
            0.961121141910553,
            -0.27587294578552246,
            0.0
          ],
          [
            0.006037051323801279,
            0.27581852674484253,
            0.9611907601356506,
            0.0
          ],
          [
            0.0,
            0.0,
            0.0,
            1.0
          ]
        ],
        "rotation_mode": "QUATERNION"
      },
      "armature_space": {
        "head": {
          "x": 0.5032826066017151,
          "y": -0.323635995388031,
          "z": 0.6129345893859863
        },
        "tail": {
          "x": 0.5267854332923889,
          "y": -0.3529716432094574,
          "z": 0.6270843744277954
        }
      },
      "world_space": {
        "head": {
          "x": 0.5032826066017151,
          "y": -0.2603920102119446,
          "z": 1.5627886056900024
        },
        "tail": {
          "x": 0.5267854332923889,
          "y": -0.2897276282310486,
          "z": 1.5769383907318115
        },
        "rotation_quaternion": {
          "w": 0.3165511190891266,
          "x": 0.009908061474561691,
          "y": -0.1860123723745346,
          "z": -0.9301058053970337
        },
        "matrix": [
          [
            -0.799394428730011,
            0.5851659774780273,
            -0.136196568608284,
            0.5032826066017151
          ],
          [
            -0.5925382375717163,
            -0.7303893566131592,
            0.3397495746612549,
            -0.2603920102119446
          ],
          [
            0.09933353215456009,
            0.3522973656654358,
            0.9306092262268066,
            1.5627886056900024
          ],
          [
            0.0,
            0.0,
            0.0,
            1.0
          ]
        ]
      },
      "bone_length_armature_space": 0.04016440586185354,
      "parent": "thumb_01_l",
      "has_children": true,
      "is_end_bone": false
    },
    "thumb_03_l": {
      "name": "thumb_03_l",
      "local": {
        "location": {
          "x": 0.0,
          "y": 0.0,
          "z": 0.0
        },
        "rotation_quaternion": {
          "w": 0.9959126710891724,
          "x": 0.08998215943574905,
          "y": -0.0047327568754553795,
          "z": -0.006234640255570412
        },
        "scale": {
          "x": 1.0,
          "y": 1.0,
          "z": 1.0
        },
        "matrix_basis": [
          [
            0.9998774528503418,
            0.011566586792469025,
            -0.01054883748292923,
            0.0
          ],
          [
            -0.013270041905343533,
            0.9837287068367004,
            -0.17916972935199738,
            0.0
          ],
          [
            0.008304812014102936,
            0.17928776144981384,
            0.9837616086006165,
            0.0
          ],
          [
            0.0,
            0.0,
            0.0,
            1.0
          ]
        ],
        "rotation_mode": "QUATERNION"
      },
      "armature_space": {
        "head": {
          "x": 0.5267853736877441,
          "y": -0.3529716730117798,
          "z": 0.6270843148231506
        },
        "tail": {
          "x": 0.5430155992507935,
          "y": -0.36722418665885925,
          "z": 0.6485399007797241
        }
      },
      "world_space": {
        "head": {
          "x": 0.5267853736877441,
          "y": -0.28972768783569336,
          "z": 1.5769383907318115
        },
        "tail": {
          "x": 0.5430155992507935,
          "y": -0.30398017168045044,
          "z": 1.5983939170837402
        },
        "rotation_quaternion": {
          "w": 0.41262418031692505,
          "x": 0.23671217262744904,
          "y": -0.30930614471435547,
          "z": -0.8234308958053589
        },
        "matrix": [
          [
            -0.5474161505699158,
            0.5331026911735535,
            -0.6450870633125305,
            0.5267853736877441
          ],
          [
            -0.8259686827659607,
            -0.4681413769721985,
            0.314037024974823,
            -0.28972768783569336
          ],
          [
            -0.1345796436071396,
            0.7047351002693176,
            0.696599543094635,
            1.5769383907318115
          ],
          [
            0.0,
            0.0,
            0.0,
            1.0
          ]
        ]
      },
      "bone_length_armature_space": 0.03044497532085187,
      "parent": "thumb_02_l",
      "has_children": false,
      "is_end_bone": true
    },
    "metacarpal_index_l": {
      "name": "metacarpal_index_l",
      "local": {
        "location": {
          "x": 0.0,
          "y": 0.0,
          "z": 0.0
        },
        "rotation_quaternion": {
          "w": 0.9996294975280762,
          "x": -0.004949580412358046,
          "y": 0.02269536256790161,
          "z": -0.014190130867064
        },
        "scale": {
          "x": 1.0,
          "y": 1.0,
          "z": 1.0
        },
        "matrix_basis": [
          [
            0.9985671043395996,
            0.02814508229494095,
            0.04551437869668007,
            0.0
          ],
          [
            -0.02859441190958023,
            0.9995482563972473,
            0.00925139244645834,
            0.0
          ],
          [
            -0.045233435928821564,
            -0.010539593175053596,
            0.9989208579063416,
            0.0
          ],
          [
            0.0,
            0.0,
            0.0,
            1.0
          ]
        ],
        "rotation_mode": "QUATERNION"
      },
      "armature_space": {
        "head": {
          "x": 0.48594409227371216,
          "y": -0.26045674085617065,
          "z": 0.6510505676269531
        },
        "tail": {
          "x": 0.5303971171379089,
          "y": -0.368522584438324,
          "z": 0.6597062945365906
        }
      },
      "world_space": {
        "head": {
          "x": 0.48594409227371216,
          "y": -0.19721274077892303,
          "z": 1.6009045839309692
        },
        "tail": {
          "x": 0.5303971171379089,
          "y": -0.30527859926223755,
          "z": 1.609560251235962
        },
        "rotation_quaternion": {
          "w": 0.041393592953681946,
          "x": 0.9801973104476929,
          "y": 0.19272704422473907,
          "z": -0.018875332549214363
        },
        "matrix": [
          [
            0.925000011920929,
            0.37938353419303894,
            -0.02104766294360161,
            0.48594409227371216
          ],
          [
            0.37625837326049805,
            -0.922285795211792,
            -0.08842387795448303,
            -0.19721274077892303
          ],
          [
            -0.05295867472887039,
            0.07387227565050125,
            -0.9958677291870117,
            1.6009045839309692
          ],
          [
            0.0,
            0.0,
            0.0,
            1.0
          ]
        ]
      },
      "bone_length_armature_space": 0.11717175123939648,
      "parent": "lowerarm_l",
      "has_children": true,
      "is_end_bone": false
    },
    "index_01_l": {
      "name": "index_01_l",
      "local": {
        "location": {
          "x": 0.0,
          "y": 0.0,
          "z": 0.0
        },
        "rotation_quaternion": {
          "w": 0.9997187256813049,
          "x": -0.022683123126626015,
          "y": -0.0059306928887963295,
          "z": 0.003594830399379134
        },
        "scale": {
          "x": 1.0,
          "y": 1.0,
          "z": 1.0
        },
        "matrix_basis": [
          [
            0.9999037981033325,
            -0.006918585393577814,
            -0.012021133676171303,
            0.0
          ],
          [
            0.007456691935658455,
            0.9989451169967651,
            0.0453108474612236,
            0.0
          ],
          [
            0.01169496588408947,
            -0.04539612680673599,
            0.9989005923271179,
            0.0
          ],
          [
            0.0,
            0.0,
            0.0,
            1.0
          ]
        ],
        "rotation_mode": "QUATERNION"
      },
      "armature_space": {
        "head": {
          "x": 0.5303971171379089,
          "y": -0.368522584438324,
          "z": 0.6597062945365906
        },
        "tail": {
          "x": 0.5493406057357788,
          "y": -0.3888207972049713,
          "z": 0.6662020683288574
        }
      },
      "world_space": {
        "head": {
          "x": 0.5303971171379089,
          "y": -0.30527859926223755,
          "z": 1.609560251235962
        },
        "tail": {
          "x": 0.5493406057357788,
          "y": -0.3255767822265625,
          "z": 1.6160560846328735
        },
        "rotation_quaternion": {
          "w": 0.12061704695224762,
          "x": 0.9251424074172974,
          "y": 0.35989126563072205,
          "z": 0.006432211026549339
        },
        "matrix": [
          [
            0.7408737540245056,
            0.6643496751785278,
            0.09871996194124222,
            0.5303971171379089
          ],
          [
            0.6674532890319824,
            -0.7118595242500305,
            -0.21854634582996368,
            -0.30527859926223755
          ],
          [
            -0.07491643726825714,
            0.22780701518058777,
            -0.9708273410797119,
            1.609560251235962
          ],
          [
            0.0,
            0.0,
            0.0,
            1.0
          ]
        ]
      },
      "bone_length_armature_space": 0.02851435185617089,
      "parent": "metacarpal_index_l",
      "has_children": true,
      "is_end_bone": false
    },
    "index_02_l": {
      "name": "index_02_l",
      "local": {
        "location": {
          "x": 0.0,
          "y": 0.0,
          "z": 0.0
        },
        "rotation_quaternion": {
          "w": 0.9850658774375916,
          "x": 0.17197702825069427,
          "y": -0.005081873387098312,
          "z": 0.006573851220309734
        },
        "scale": {
          "x": 1.0,
          "y": 1.0,
          "z": 1.0
        },
        "matrix_basis": [
          [
            0.9998618960380554,
            -0.014699283987283707,
            -0.007750857155770063,
            0.0
          ],
          [
            0.011203422211110592,
            0.940761387348175,
            -0.3388842046260834,
            0.0
          ],
          [
            0.012273062951862812,
            0.33875060081481934,
            0.9407961368560791,
            0.0
          ],
          [
            0.0,
            0.0,
            0.0,
            1.0
          ]
        ],
        "rotation_mode": "QUATERNION"
      },
      "armature_space": {
        "head": {
          "x": 0.5493407845497131,
          "y": -0.3888213038444519,
          "z": 0.6662018895149231
        },
        "tail": {
          "x": 0.5662051439285278,
          "y": -0.4080486297607422,
          "z": 0.6642034649848938
        }
      },
      "world_space": {
        "head": {
          "x": 0.5493407845497131,
          "y": -0.3255773186683655,
          "z": 1.616055965423584
        },
        "tail": {
          "x": 0.5662051439285278,
          "y": -0.34480464458465576,
          "z": 1.6140575408935547
        },
        "rotation_quaternion": {
          "w": 0.009087054058909416,
          "x": -0.9313043355941772,
          "y": -0.3537842929363251,
          "z": 0.08617646247148514
        },
        "matrix": [
          [
            0.734820544719696,
            0.6573955416679382,
            -0.16694271564483643,
            0.5493407845497131
          ],
          [
            0.6605279445648193,
            -0.7495083212852478,
            -0.04405111074447632,
            -0.3255773186683655
          ],
          [
            -0.15408450365066528,
            -0.07790206372737885,
            -0.9849891066551208,
            1.616055965423584
          ],
          [
            0.0,
            0.0,
            0.0,
            1.0
          ]
        ]
      },
      "bone_length_armature_space": 0.025653272431081425,
      "parent": "index_01_l",
      "has_children": true,
      "is_end_bone": false
    },
    "index_03_l": {
      "name": "index_03_l",
      "local": {
        "location": {
          "x": 0.0,
          "y": 0.0,
          "z": 0.0
        },
        "rotation_quaternion": {
          "w": 0.9791965484619141,
          "x": 0.2029133290052414,
          "y": -0.0006130299880169332,
          "z": -0.0003507922519929707
        },
        "scale": {
          "x": 1.0,
          "y": 1.0,
          "z": 1.0
        },
        "matrix_basis": [
          [
            0.9999989867210388,
            0.000438205199316144,
            -0.0013429145328700542,
            0.0
          ],
          [
            -0.0009357730159536004,
            0.9176521301269531,
            -0.3973836302757263,
            0.0
          ],
          [
            0.0010581928072497249,
            0.39738449454307556,
            0.9176515936851501,
            0.0
          ],
          [
            0.0,
            0.0,
            0.0,
            1.0
          ]
        ],
        "rotation_mode": "QUATERNION"
      },
      "armature_space": {
        "head": {
          "x": 0.5662050843238831,
          "y": -0.4080486595630646,
          "z": 0.6642035841941833
        },
        "tail": {
          "x": 0.5830196142196655,
          "y": -0.42564424872398376,
          "z": 0.6480356454849243
        }
      },
      "world_space": {
        "head": {
          "x": 0.5662050843238831,
          "y": -0.34480464458465576,
          "z": 1.6140575408935547
        },
        "tail": {
          "x": 0.5830196142196655,
          "y": -0.36240023374557495,
          "z": 1.5978896617889404
        },
        "rotation_quaternion": {
          "w": 0.2522580623626709,
          "x": -0.88294517993927,
          "y": -0.3677830100059509,
          "z": 0.14666089415550232
        },
        "matrix": [
          [
            0.6864515542984009,
            0.5754721164703369,
            -0.4445403218269348,
            0.5662050843238831
          ],
          [
            0.7234581708908081,
            -0.6022031903266907,
            0.3375798463821411,
            -0.34480464458465576
          ],
          [
            -0.0734357014298439,
            -0.5533430576324463,
            -0.8297185301780701,
            1.6140575408935547
          ],
          [
            0.0,
            0.0,
            0.0,
            1.0
          ]
        ]
      },
      "bone_length_armature_space": 0.029218750839086767,
      "parent": "index_02_l",
      "has_children": false,
      "is_end_bone": true
    },
    "metacarpal_pinky_l": {
      "name": "metacarpal_pinky_l",
      "local": {
        "location": {
          "x": 0.0,
          "y": 0.0,
          "z": 0.0
        },
        "rotation_quaternion": {
          "w": 0.9990477561950684,
          "x": -0.042382918298244476,
          "y": -0.009967328980565071,
          "z": 0.0028337708208709955
        },
        "scale": {
          "x": 1.0,
          "y": 1.0,
          "z": 1.0
        },
        "matrix_basis": [
          [
            0.9997852444648743,
            -0.004817255772650242,
            -0.020155882462859154,
            0.0
          ],
          [
            0.006507033947855234,
            0.9963912963867188,
            0.084628626704216,
            0.0
          ],
          [
            0.019675469025969505,
            -0.08474160730838776,
            0.996208667755127,
            0.0
          ],
          [
            0.0,
            0.0,
            0.0,
            1.0
          ]
        ],
        "rotation_mode": "QUATERNION"
      },
      "armature_space": {
        "head": {
          "x": 0.48594409227371216,
          "y": -0.26045674085617065,
          "z": 0.6510505676269531
        },
        "tail": {
          "x": 0.5673549175262451,
          "y": -0.31646156311035156,
          "z": 0.6838980913162231
        }
      },
      "world_space": {
        "head": {
          "x": 0.48594409227371216,
          "y": -0.19721274077892303,
          "z": 1.6009045839309692
        },
        "tail": {
          "x": 0.5673549175262451,
          "y": -0.25321757793426514,
          "z": 1.6337521076202393
        },
        "rotation_quaternion": {
          "w": 0.48069432377815247,
          "x": 0.3349679708480835,
          "y": 0.004065770655870438,
          "z": -0.8103783130645752
        },
        "matrix": [
          [
            -0.3134579360485077,
            0.7818135619163513,
            -0.5389912724494934,
            0.48594409227371216
          ],
          [
            -0.7763651013374329,
            -0.5378316044807434,
            -0.3286256790161133,
            -0.19721274077892303
          ],
          [
            -0.5468149781227112,
            0.3154452443122864,
            0.7755653858184814,
            1.6009045839309692
          ],
          [
            0.0,
            0.0,
            0.0,
            1.0
          ]
        ]
      },
      "bone_length_armature_space": 0.10413079513366086,
      "parent": "lowerarm_l",
      "has_children": true,
      "is_end_bone": false
    },
    "pinky_01_l": {
      "name": "pinky_01_l",
      "local": {
        "location": {
          "x": 0.0,
          "y": 0.0,
          "z": 0.0
        },
        "rotation_quaternion": {
          "w": 0.9996832609176636,
          "x": 0.02485698089003563,
          "y": -0.0012311282334849238,
          "z": -0.0037616868503391743
        },
        "scale": {
          "x": 1.0,
          "y": 1.0,
          "z": 1.0
        },
        "matrix_basis": [
          [
            0.9999686479568481,
            0.007459786720573902,
            -0.002648484893143177,
            0.0
          ],
          [
            -0.0075821951031684875,
            0.9987359642982483,
            -0.049688953906297684,
            0.0
          ],
          [
            0.002274468308314681,
            0.049707476049661636,
            0.9987612366676331,
            0.0
          ],
          [
            0.0,
            0.0,
            0.0,
            1.0
          ]
        ],
        "rotation_mode": "QUATERNION"
      },
      "armature_space": {
        "head": {
          "x": 0.5673549175262451,
          "y": -0.31646156311035156,
