{
  "metadata": {
    "armature_name": "KIM_caucasian_male",
    "export_time": "2026-01-13T19:12:21.927243",
    "blender_version": "4.4.1",
    "bone_count": 56,
    "end_bone_count": 13,
    "spaces_included": [
      "LOCAL_CHANNELS",
      "ARMATURE_SPACE",
      "WORLD_SPACE"
    ],
    "note": "LOCAL matches Transform panel; replay pose via local.matrix_basis for best fidelity."
  },
  "bones": {
    "Root": {
      "name": "Root",
      "local": {
        "location": {
          "x": 0.0,
          "y": 0.0,
          "z": 0.0
        },
        "rotation_quaternion": {
          "w": 0.9999208450317383,
          "x": -0.011188160628080368,
          "y": 0.0051207225769758224,
          "z": -0.002653694013133645
        },
        "scale": {
          "x": 1.0,
          "y": 1.0,
          "z": 1.0
        },
        "matrix_basis": [
          [
            0.9999334812164307,
            0.00519238505512476,
            0.010300014168024063,
            0.0
          ],
          [
            -0.005421550944447517,
            0.9997355937957764,
            0.02234737202525139,
            0.0
          ],
          [
            -0.010181254707276821,
            -0.022401727735996246,
            0.999697208404541,
            0.0
          ],
          [
            0.0,
            0.0,
            0.0,
            1.0
          ]
        ],
        "rotation_mode": "QUATERNION"
      },
      "armature_space": {
        "head": {
          "x": 0.0,
          "y": 0.07072800397872925,
          "z": -0.009595036506652832
        },
        "tail": {
          "x": 0.0003706110001076013,
          "y": 0.00023365020751953125,
          "z": 0.0015819035470485687
        }
      },
      "world_space": {
        "head": {
          "x": 0.0,
          "y": 0.13397200405597687,
          "z": 0.9402589797973633
        },
        "tail": {
          "x": 0.0003706110001076013,
          "y": 0.06347765028476715,
          "z": 0.951435923576355
        },
        "rotation_quaternion": {
          "w": 0.07852506637573242,
          "x": 0.9968954920768738,
          "y": 0.0029926379211246967,
          "z": 0.004930316004902124
        },
        "matrix": [
          [
            0.9999334812164307,
            0.00519238505512476,
            0.010300014168024063,
            0.0
          ],
          [
            0.006741003133356571,
            -0.98764967918396,
            -0.15653350949287415,
            0.13397200405597687
          ],
          [
            0.009360095486044884,
            0.1565926969051361,
            -0.9876260161399841,
            0.9402589797973633
          ],
          [
            0.0,
            0.0,
            0.0,
            1.0
          ]
        ]
      },
      "bone_length_armature_space": 0.07137587298257678,
      "parent": null,
      "has_children": true,
      "is_end_bone": false
    },
    "spine_01": {
      "name": "spine_01",
      "local": {
        "location": {
          "x": 0.0,
          "y": 0.0,
          "z": 0.0
        },
        "rotation_quaternion": {
          "w": 0.9979721903800964,
          "x": 0.033244453370571136,
          "y": -0.03687987104058266,
          "z": -0.03982681408524513
        },
        "scale": {
          "x": 1.0,
          "y": 1.0,
          "z": 1.0
        },
        "matrix_basis": [
          [
            0.9941074252128601,
            0.07704000174999237,
            -0.07625821232795715,
            0.0
          ],
          [
            -0.08194420486688614,
            0.9946172833442688,
            -0.06341646611690521,
            0.0
          ],
          [
            0.07096213102340698,
            0.06929169595241547,
            0.9950693845748901,
            0.0
          ],
          [
            0.0,
            0.0,
            0.0,
            1.0
          ]
        ],
        "rotation_mode": "QUATERNION"
      },
      "armature_space": {
        "head": {
          "x": 0.0003706110001076013,
          "y": 0.00023365020751953125,
          "z": 0.0015819035470485687
        },
        "tail": {
          "x": 0.03341098502278328,
          "y": 0.00026640595751814544,
          "z": 0.4884667694568634
        }
      },
      "world_space": {
        "head": {
          "x": 0.0003706110001076013,
          "y": 0.06347765028476715,
          "z": 0.951435923576355
        },
        "tail": {
          "x": 0.03341098502278328,
          "y": 0.06351040303707123,
          "z": 1.4383207559585571
        },
        "rotation_quaternion": {
          "w": 0.7071300745010376,
          "x": 0.7054113149642944,
          "y": -0.0007235585944727063,
          "z": -0.04859527572989464
        },
        "matrix": [
          [
            0.9952760338783264,
            0.06770551204681396,
            -0.06958308070898056,
            0.0003706110001076013
          ],
          [
            -0.0697476714849472,
            6.712228059768677e-05,
            -0.9975647330284119,
            0.06347765028476715
          ],
          [
            -0.06753648817539215,
            0.9977123737335205,
            0.004788227379322052,
            0.951435923576355
          ],
          [
            0.0,
            0.0,
            0.0,
            1.0
          ]
        ]
      },
      "bone_length_armature_space": 0.4880046452282507,
      "parent": "Root",
      "has_children": true,
      "is_end_bone": false
    },
    "neck_01": {
      "name": "neck_01",
      "local": {
        "location": {
          "x": 0.0,
          "y": 0.0,
          "z": 0.0
        },
        "rotation_quaternion": {
          "w": 0.9959620833396912,
          "x": 0.04253639653325081,
          "y": 0.07739856094121933,
          "z": 0.016109813004732132
        },
        "scale": {
          "x": 1.0,
          "y": 1.0,
          "z": 1.0
        },
        "matrix_basis": [
          [
            0.9874998927116394,
            -0.02550501376390457,
            0.15554256737232208,
            0.0
          ],
          [
            0.03867403790354729,
            0.9958622455596924,
            -0.08223552256822586,
            0.0
          ],
          [
            -0.15280155837535858,
            0.08722303062677383,
            0.98440021276474,
            0.0
          ],
          [
            0.0,
            0.0,
            0.0,
            1.0
          ]
        ],
        "rotation_mode": "QUATERNION"
      },
      "armature_space": {
        "head": {
          "x": 0.03595510497689247,
          "y": -0.03432466462254524,
          "z": 0.5616837739944458
        },
        "tail": {
          "x": 0.03622734546661377,
          "y": -0.08107487112283707,
          "z": 0.6529256105422974
        }
      },
      "world_space": {
        "head": {
          "x": 0.03595510497689247,
          "y": 0.028919335454702377,
          "z": 1.511537790298462
        },
        "tail": {
          "x": 0.03622734546661377,
          "y": -0.017830871045589447,
          "z": 1.6027796268463135
        },
        "rotation_quaternion": {
          "w": 0.5212516188621521,
          "x": 0.8528488874435425,
          "y": 0.017155274748802185,
          "z": 0.02552153170108795
        },
        "matrix": [
          [
            0.9981088638305664,
            0.002655462361872196,
            0.06141640990972519,
            0.03595510497689247
          ],
          [
            0.055867984890937805,
            -0.45600464940071106,
            -0.888222336769104,
            0.028919335454702377
          ],
          [
            0.02564774826169014,
            0.8899792432785034,
            -0.45529448986053467,
            1.511537790298462
          ],
          [
            0.0,
            0.0,
            0.0,
            1.0
          ]
        ]
      },
      "bone_length_armature_space": 0.10252184532693766,
      "parent": "spine_01",
      "has_children": true,
      "is_end_bone": false
    },
    "head": {
      "name": "head",
      "local": {
        "location": {
          "x": 0.0,
          "y": 0.0,
          "z": 0.0
        },
        "rotation_quaternion": {
          "w": 0.9993785619735718,
          "x": -0.030852390453219414,
          "y": 0.004801975097507238,
          "z": 0.016361987218260765
        },
        "scale": {
          "x": 1.0,
          "y": 1.0,
          "z": 1.0
        },
        "matrix_basis": [
          [
            0.9994184374809265,
            -0.03299994394183159,
            0.008588369004428387,
            0.0
          ],
          [
            0.032407332211732864,
            0.9975608587265015,
            0.06182357668876648,
            0.0
          ],
          [
            -0.01060759462416172,
            -0.06150929629802704,
            0.9980501532554626,
            0.0
          ],
          [
            0.0,
            0.0,
            0.0,
            1.0
          ]
        ],
        "rotation_mode": "QUATERNION"
      },
      "armature_space": {
        "head": {
          "x": 0.036227356642484665,
          "y": -0.08107497543096542,
          "z": 0.6529254913330078
        },
        "tail": {
          "x": 0.027442336082458496,
          "y": -0.08797773718833923,
          "z": 0.8076138496398926
        }
      },
      "world_space": {
        "head": {
          "x": 0.036227356642484665,
          "y": -0.017830975353717804,
          "z": 1.602779507637024
        },
        "tail": {
          "x": 0.027442336082458496,
          "y": -0.024733737111091614,
          "z": 1.7574678659439087
        },
        "rotation_quaternion": {
          "w": 0.6911906003952026,
          "x": 0.721440315246582,
          "y": 0.0011421863455325365,
          "z": 0.04216824844479561
        },
        "matrix": [
          [
            0.9964413046836853,
            -0.05664457753300667,
            0.062422290444374084,
            0.036227356642484665
          ],
          [
            0.05994027107954025,
            -0.044508058577775955,
            -0.9972094297409058,
            -0.017830975353717804
          ],
          [
            0.059265244752168655,
            0.997408926486969,
            -0.0409555658698082,
            1.602779507637024
          ],
          [
            0.0,
            0.0,
            0.0,
            1.0
          ]
        ]
      },
      "bone_length_armature_space": 0.155091303354038,
      "parent": "neck_01",
      "has_children": false,
      "is_end_bone": true
    },
    "upperarm_l": {
      "name": "upperarm_l",
      "local": {
        "location": {
          "x": 0.0,
          "y": 0.0,
          "z": 0.0
        },
        "rotation_quaternion": {
          "w": 0.8705693483352661,
          "x": -0.1510169506072998,
          "y": 0.4671373665332794,
          "z": -0.03294975310564041
        },
        "scale": {
          "x": 1.0,
          "y": 1.0,
          "z": 1.0
        },
        "matrix_basis": [
          [
            0.5613939762115479,
            -0.08372122794389725,
            0.8233028650283813,
            0.0
          ],
          [
            -0.1984614133834839,
            0.952216386795044,
            0.23215733468532562,
            0.0
          ],
          [
            -0.8033990263938904,
            -0.2937255799770355,
            0.517953097820282,
            0.0
          ],
          [
            0.0,
            0.0,
            0.0,
            1.0
          ]
        ],
        "rotation_mode": "QUATERNION"
      },
      "armature_space": {
        "head": {
          "x": 0.18047428131103516,
          "y": -0.04797268658876419,
          "z": 0.48451459407806396
        },
        "tail": {
          "x": 0.43906497955322266,
          "y": 0.02229020744562149,
          "z": 0.4857839047908783
        }
      },
      "world_space": {
        "head": {
          "x": 0.18047428131103516,
          "y": 0.015271313488483429,
          "z": 1.43436861038208
        },
        "tail": {
          "x": 0.43906497955322266,
          "y": 0.08553420752286911,
          "z": 1.4356379508972168
        },
        "rotation_quaternion": {
          "w": 0.21729490160942078,
          "x": 0.585015058517456,
          "y": 0.7641244530677795,
          "z": -0.16326098144054413
        },
        "matrix": [
          [
            -0.2210799753665924,
            0.9650007486343384,
            0.14105843007564545,
            0.18047428131103516
          ],
          [
            0.8230971693992615,
            0.2622048854827881,
            -0.5037461519241333,
            0.015271313488483429
          ],
          [
            -0.5231043696403503,
            0.00473679369315505,
            -0.8522638082504272,
            1.43436861038208
          ],
          [
            0.0,
            0.0,
            0.0,
            1.0
          ]
        ]
      },
      "bone_length_armature_space": 0.2679694621596283,
      "parent": "spine_01",
      "has_children": true,
      "is_end_bone": false
    },
    "lowerarm_l": {
      "name": "lowerarm_l",
      "local": {
        "location": {
          "x": 0.0,
          "y": 0.0,
          "z": 0.0
        },
        "rotation_quaternion": {
          "w": 0.9434396028518677,
          "x": 0.2501941919326782,
          "y": 0.16260665655136108,
          "z": -0.1445116102695465
        },
        "scale": {
          "x": 1.0,
          "y": 1.0,
          "z": 1.0
        },
        "matrix_basis": [
          [
            0.905350923538208,
            0.3540424406528473,
            0.23450718820095062,
            0.0
          ],
          [
            -0.19130946695804596,
            0.8330385088920593,
            -0.5190833210945129,
            0.0
          ],
          [
            -0.3791310489177704,
            0.42508912086486816,
            0.8219239115715027,
            0.0
          ],
          [
            0.0,
            0.0,
            0.0,
            1.0
          ]
        ],
        "rotation_mode": "QUATERNION"
      },
      "armature_space": {
        "head": {
          "x": 0.4390650987625122,
          "y": 0.022290106862783432,
          "z": 0.4857839345932007
        },
        "tail": {
          "x": 0.6509872078895569,
          "y": 0.052921097725629807,
          "z": 0.3254079222679138
        }
      },
      "world_space": {
        "head": {
          "x": 0.4390650987625122,
          "y": 0.08553411066532135,
          "z": 1.4356379508972168
        },
        "tail": {
          "x": 0.6509872078895569,
          "y": 0.11616510152816772,
          "z": 1.2752618789672852
        },
        "rotation_quaternion": {
          "w": 0.07739177346229553,
          "x": -0.569357693195343,
          "y": -0.7424689531326294,
          "z": 0.3443576991558075
        },
        "matrix": [
          [
            -0.33968257904052734,
            0.7921596169471741,
            -0.507049024105072,
            0.4390650987625122
          ],
          [
            0.8987631797790527,
            0.11449790000915527,
            -0.4232204556465149,
            0.08553411066532135
          ],
          [
            -0.27720314264297485,
            -0.5994817018508911,
            -0.7508624196052551,
            1.4356379508972168
          ],
          [
            0.0,
            0.0,
            0.0,
            1.0
          ]
        ]
      },
      "bone_length_armature_space": 0.26752514286353124,
      "parent": "upperarm_l",
      "has_children": true,
      "is_end_bone": false
    },
    "metacarpal_thumb_l": {
      "name": "metacarpal_thumb_l",
      "local": {
        "location": {
          "x": 0.0,
          "y": 0.0,
          "z": 0.0
        },
        "rotation_quaternion": {
          "w": 0.99991375207901,
          "x": -0.00847626756876707,
          "y": 0.010034878738224506,
          "z": -0.00034895309363491833
        },
        "scale": {
          "x": 1.0,
          "y": 1.0,
          "z": 1.0
        },
        "matrix_basis": [
          [
            0.9997983574867249,
            0.0005277293385006487,
            0.020073942840099335,
            0.0
          ],
          [
            -0.0008679626043885946,
            0.9998560547828674,
            0.016944069415330887,
            0.0
          ],
          [
            -0.02006211131811142,
            -0.016958076506853104,
            0.9996548891067505,
            0.0
          ],
          [
            0.0,
            0.0,
            0.0,
            1.0
          ]
        ],
        "rotation_mode": "QUATERNION"
      },
      "armature_space": {
        "head": {
          "x": 0.6509872078895569,
          "y": 0.052921097725629807,
          "z": 0.3254079222679138
        },
        "tail": {
          "x": 0.6644741296768188,
          "y": 0.05245788395404816,
          "z": 0.27774763107299805
        }
      },
      "world_space": {
        "head": {
          "x": 0.6509872078895569,
          "y": 0.11616510152816772,
          "z": 1.2752618789672852
        },
        "tail": {
          "x": 0.6644741296768188,
          "y": 0.11570188403129578,
          "z": 1.2276016473770142
        },
        "rotation_quaternion": {
          "w": 0.6553585529327393,
          "x": -0.7070391774177551,
          "y": -0.25657281279563904,
          "z": 0.06907378882169724
        },
        "matrix": [
          [
            0.858797550201416,
            0.2722777724266052,
            -0.4339717626571655,
            0.6509872078895569
          ],
          [
            0.453352153301239,
            -0.00935145653784275,
            0.8912827372550964,
            0.11616510152816772
          ],
          [
            0.2386203408241272,
            -0.9621800184249878,
            -0.1314687877893448,
            1.2752618789672852
          ],
          [
            0.0,
            0.0,
            0.0,
            1.0
          ]
        ]
      },
      "bone_length_armature_space": 0.04953397897455035,
      "parent": "lowerarm_l",
      "has_children": true,
      "is_end_bone": false
    },
    "thumb_01_l": {
      "name": "thumb_01_l",
      "local": {
        "location": {
          "x": 0.0,
          "y": 0.0,
          "z": 0.0
        },
        "rotation_quaternion": {
          "w": 0.9564581513404846,
          "x": 0.2909245491027832,
          "y": -0.023225391283631325,
          "z": -0.0033793658949434757
        },
        "scale": {
          "x": 1.0,
          "y": 1.0,
          "z": 1.0
        },
        "matrix_basis": [
          [
            0.9988983273506165,
            -0.007049228996038437,
            -0.04639451205730438,
            0.0
          ],
          [
            -0.019978117197752,
            0.8307029604911804,
            -0.5563573241233826,
            0.0
          ],
          [
            0.042461950331926346,
            0.5566712617874146,
            0.8296470046043396,
            0.0
          ],
          [
            0.0,
            0.0,
            0.0,
            1.0
          ]
        ],
        "rotation_mode": "QUATERNION"
      },
      "armature_space": {
        "head": {
          "x": 0.6644741296768188,
          "y": 0.05245788395404816,
          "z": 0.27774763107299805
        },
        "tail": {
          "x": 0.6732661128044128,
          "y": 0.07955144345760345,
          "z": 0.2591124475002289
        }
      },
      "world_space": {
        "head": {
          "x": 0.6644741296768188,
          "y": 0.11570188403129578,
          "z": 1.2276016473770142
        },
        "tail": {
          "x": 0.6732661128044128,
          "y": 0.14279544353485107,
          "z": 1.2089664936065674
        },
        "rotation_quaternion": {
          "w": 0.851114809513092,
          "x": -0.1995275914669037,
          "y": 0.41663745045661926,
          "z": -0.2494106888771057
        },
        "matrix": [
          [
            0.5284149646759033,
            0.25829455256462097,
            0.8087407350540161,
            0.6644741296768188
          ],
          [
            -0.5908161401748657,
            0.7959662079811096,
            0.1318129003047943,
            0.11570188403129578
          ],
          [
            -0.6096882224082947,
            -0.5474720597267151,
            0.5732091665267944,
            1.2276016473770142
          ],
          [
            0.0,
            0.0,
            0.0,
            1.0
          ]
        ]
      },
      "bone_length_armature_space": 0.034038654319945114,
      "parent": "metacarpal_thumb_l",
      "has_children": true,
      "is_end_bone": false
    },
    "thumb_02_l": {
      "name": "thumb_02_l",
      "local": {
        "location": {
          "x": 0.0,
          "y": 0.0,
          "z": 0.0
        },
        "rotation_quaternion": {
          "w": 0.9044710397720337,
          "x": 0.42639416456222534,
          "y": -0.010963336564600468,
          "z": 0.0002054763026535511
        },
        "scale": {
          "x": 1.0,
          "y": 1.0,
          "z": 1.0
        },
        "matrix_basis": [
          [
            0.9997595548629761,
            -0.009721100330352783,
            -0.019656812772154808,
            0.0
          ],
          [
            -0.008977711200714111,
            0.6363759636878967,
            -0.7713268399238586,
            0.0
          ],
          [
            0.020007269456982613,
            0.7713178396224976,
            0.6361356377601624,
            0.0
          ],
          [
            0.0,
            0.0,
            0.0,
            1.0
          ]
        ],
        "rotation_mode": "QUATERNION"
      },
      "armature_space": {
        "head": {
          "x": 0.6732660531997681,
          "y": 0.07955144345760345,
          "z": 0.25911247730255127
        },
        "tail": {
          "x": 0.7055585980415344,
          "y": 0.057613156735897064,
          "z": 0.2685508728027344
        }
      },
      "world_space": {
        "head": {
          "x": 0.6732660531997681,
          "y": 0.14279544353485107,
          "z": 1.2089664936065674
        },
        "tail": {
          "x": 0.7055585980415344,
          "y": 0.12085715681314468,
          "z": 1.2184048891067505
        },
        "rotation_quaternion": {
          "w": 0.46371814608573914,
          "x": 0.43307730555534363,
          "y": 0.10889638215303421,
          "z": -0.7652131915092468
        },
        "matrix": [
          [
            -0.19481812417507172,
            0.8040091395378113,
            -0.5617964267730713,
            0.6732660531997681
          ],
          [
            -0.6153659224510193,
            -0.5462121963500977,
            -0.5683111548423767,
            0.14279544353485107
          ],
          [
            -0.7637932896614075,
            0.23499436676502228,
            0.6011753678321838,
            1.2089664936065674
          ],
          [
            0.0,
            0.0,
            0.0,
            1.0
          ]
        ]
      },
      "bone_length_armature_space": 0.040164413742067834,
      "parent": "thumb_01_l",
      "has_children": true,
      "is_end_bone": false
    },
    "thumb_03_l": {
      "name": "thumb_03_l",
      "local": {
        "location": {
          "x": 0.0,
          "y": 0.0,
          "z": 0.0
        },
        "rotation_quaternion": {
          "w": 0.9914405345916748,
          "x": 0.130217507481575,
          "y": -0.007972352206707,
          "z": 0.005064547993242741
        },
        "scale": {
          "x": 1.0,
          "y": 1.0,
          "z": 1.0
        },
        "matrix_basis": [
          [
            0.9998216032981873,
            -0.012118675746023655,
            -0.014489240944385529,
            0.0
          ],
          [
            0.00796611700206995,
            0.9660354852676392,
            -0.25828659534454346,
            0.0
          ],
          [
            0.01712721213698387,
            0.25812506675720215,
            0.9659596681594849,
            0.0
          ],
          [
            0.0,
            0.0,
            0.0,
            1.0
          ]
        ],
        "rotation_mode": "QUATERNION"
      },
      "armature_space": {
        "head": {
          "x": 0.7055585980415344,
          "y": 0.05761318653821945,
          "z": 0.2685508131980896
        },
        "tail": {
          "x": 0.7185872197151184,
          "y": 0.035871200263500214,
          "z": 0.28541603684425354
        }
      },
      "world_space": {
        "head": {
          "x": 0.7055585980415344,
          "y": 0.12085718661546707,
          "z": 1.218404769897461
        },
        "tail": {
          "x": 0.7185872197151184,
          "y": 0.09911520034074783,
          "z": 1.2352700233459473
        },
        "rotation_quaternion": {
          "w": 0.3765192925930023,
          "x": 0.6786402463912964,
          "y": -0.03407476097345352,
          "z": -0.6296979784965515
        },
        "matrix": [
          [
            0.2046387940645218,
            0.42794084548950195,
            -0.8803349733352661,
            0.7055585980415344
          ],
          [
            -0.5204365849494934,
            -0.7141425013542175,
            -0.46813124418258667,
            0.12085718661546707
          ],
          [
            -0.8290231823921204,
            0.5539595484733582,
            0.07657474279403687,
            1.218404769897461
          ],
          [
            0.0,
            0.0,
            0.0,
            1.0
          ]
        ]
      },
      "bone_length_armature_space": 0.030444945686431944,
      "parent": "thumb_02_l",
      "has_children": false,
      "is_end_bone": true
    },
    "metacarpal_index_l": {
      "name": "metacarpal_index_l",
      "local": {
        "location": {
          "x": 0.0,
          "y": 0.0,
          "z": 0.0
        },
        "rotation_quaternion": {
          "w": 0.9998296499252319,
          "x": -0.014406350441277027,
          "y": 0.006802205462008715,
          "z": 0.009323270060122013
        },
        "scale": {
          "x": 1.0,
          "y": 1.0,
          "z": 1.0
        },
        "matrix_basis": [
          [
            0.9997336268424988,
            -0.018839353695511818,
            0.013333464972674847,
            0.0
          ],
          [
            0.018447373062372208,
            0.9994110465049744,
            0.028934629634022713,
            0.0
          ],
          [
            -0.01387072168290615,
            -0.0286809541285038,
            0.999492347240448,
            0.0
          ],
          [
            0.0,
            0.0,
            0.0,
            1.0
          ]
        ],
        "rotation_mode": "QUATERNION"
      },
      "armature_space": {
        "head": {
          "x": 0.6509872078895569,
          "y": 0.052921097725629807,
          "z": 0.3254079222679138
        },
        "tail": {
          "x": 0.7206860780715942,
          "y": 0.052330005913972855,
          "z": 0.23122161626815796
        }
      },
      "world_space": {
        "head": {
          "x": 0.6509872078895569,
          "y": 0.11616510152816772,
          "z": 1.2752618789672852
        },
        "tail": {
          "x": 0.7206860780715942,
          "y": 0.11557400226593018,
          "z": 1.1810755729675293
        },
        "rotation_quaternion": {
          "w": 0.46515515446662903,
          "x": -0.6927831768989563,
          "y": -0.5301958918571472,
          "z": 0.15024831891059875
        },
        "matrix": [
          [
            0.3926321864128113,
            0.5948435068130493,
            -0.701427698135376,
            0.6509872078895569
          ],
          [
            0.8744012117385864,
            -0.005044665187597275,
            0.48517799377441406,
            0.11616510152816772
          ],
          [
            0.2850693166255951,
            -0.8038313388824463,
            -0.5221157670021057,
            1.2752618789672852
          ],
          [
            0.0,
            0.0,
            0.0,
            1.0
          ]
        ]
      },
      "bone_length_armature_space": 0.11717227461035061,
      "parent": "lowerarm_l",
      "has_children": true,
      "is_end_bone": false
    },
    "index_01_l": {
      "name": "index_01_l",
      "local": {
        "location": {
          "x": 0.0,
          "y": 0.0,
          "z": 0.0
        },
        "rotation_quaternion": {
          "w": 0.9451531171798706,
          "x": 0.32599037885665894,
          "y": -0.02003408595919609,
          "z": 0.00380391301587224
        },
        "scale": {
          "x": 1.0,
          "y": 1.0,
          "z": 1.0
        },
        "matrix_basis": [
          [
            0.999168336391449,
            -0.020252399146556854,
            -0.03539048135280609,
            0.0
          ],
          [
            -0.00587127823382616,
            0.7874315977096558,
            -0.6163740754127502,
            0.0
          ],
          [
            0.04035063460469246,
            0.6160692572593689,
            0.7866578102111816,
            0.0
          ],
          [
            0.0,
            0.0,
            0.0,
            1.0
          ]
        ],
        "rotation_mode": "QUATERNION"
      },
      "armature_space": {
        "head": {
          "x": 0.7206860780715942,
          "y": 0.052330005913972855,
          "z": 0.23122161626815796
        },
        "tail": {
          "x": 0.7275747060775757,
          "y": 0.0663570985198021,
          "z": 0.20737074315547943
        }
      },
      "world_space": {
        "head": {
          "x": 0.7206860780715942,
          "y": 0.11557400226593018,
          "z": 1.1810755729675293
        },
        "tail": {
          "x": 0.7275747060775757,
          "y": 0.12960109114646912,
          "z": 1.1572247743606567
        },
        "rotation_quaternion": {
          "w": 0.6119199991226196,
          "x": -0.44176754355430603,
          "y": -0.6095245480537415,
          "z": 0.242642343044281
        },
        "matrix": [
          [
            0.13920846581459045,
            0.24158421158790588,
            -0.9603424668312073,
            0.7206860780715942
          ],
          [
            0.8354926109313965,
            0.4919307231903076,
            0.2448609173297882,
            0.11557400226593018
          ],
          [
            0.5315810441970825,
            -0.8364511132240295,
            -0.1333616077899933,
            1.1810755729675293
          ],
          [
            0.0,
            0.0,
            0.0,
            1.0
          ]
        ]
      },
      "bone_length_armature_space": 0.02851449966200376,
      "parent": "metacarpal_index_l",
      "has_children": true,
      "is_end_bone": false
    },
    "index_02_l": {
      "name": "index_02_l",
      "local": {
        "location": {
          "x": 0.0,
          "y": 0.0,
          "z": 0.0
        },
        "rotation_quaternion": {
          "w": 0.8922178149223328,
          "x": 0.4514649212360382,
          "y": 0.008005417883396149,
          "z": 0.007923317141830921
        },
        "scale": {
          "x": 1.0,
          "y": 1.0,
          "z": 1.0
        },
        "matrix_basis": [
          [
            0.9997462630271912,
            -0.00691031850874424,
            0.02143935300409794,
            0.0
          ],
          [
            0.02136697992682457,
            0.5922333002090454,
            -0.8054832220077515,
            0.0
          ],
          [
            -0.00713095348328352,
            0.8057369589805603,
            0.5922306776046753,
            0.0
          ],
          [
            0.0,
            0.0,
            0.0,
            1.0
          ]
        ],
        "rotation_mode": "QUATERNION"
      },
      "armature_space": {
        "head": {
          "x": 0.7275744676589966,
          "y": 0.06635716557502747,
          "z": 0.20737025141716003
        },
        "tail": {
          "x": 0.7119994163513184,
          "y": 0.07823929190635681,
          "z": 0.19080744683742523
        }
      },
      "world_space": {
        "head": {
          "x": 0.7275744676589966,
          "y": 0.12960116565227509,
          "z": 1.1572242975234985
        },
        "tail": {
          "x": 0.7119994163513184,
          "y": 0.14148329198360443,
          "z": 1.1406614780426025
        },
        "rotation_quaternion": {
          "w": 0.7236961126327515,
          "x": -0.13015827536582947,
          "y": -0.45591214299201965,
          "z": 0.5014647245407104
        },
        "matrix": [
          [
            0.08135272562503815,
            -0.607137143611908,
            -0.7904213666915894,
            0.7275744676589966
          ],
          [
            0.844498336315155,
            0.46318185329437256,
            -0.26885995268821716,
            0.12960116565227509
          ],
          [
            0.5293481945991516,
            -0.6456410884857178,
            0.5504109859466553,
            1.1572242975234985
          ],
          [
            0.0,
            0.0,
            0.0,
            1.0
          ]
        ]
      },
      "bone_length_armature_space": 0.025653335963423812,
      "parent": "index_01_l",
      "has_children": true,
      "is_end_bone": false
    },
    "index_03_l": {
      "name": "index_03_l",
      "local": {
        "location": {
          "x": 0.0,
          "y": 0.0,
          "z": 0.0
        },
        "rotation_quaternion": {
          "w": 0.9294706583023071,
          "x": 0.3688398003578186,
          "y": 0.006394371856004,
          "z": 0.0007869441760703921
        },
        "scale": {
          "x": 1.0,
          "y": 1.0,
          "z": 1.0
        },
        "matrix_basis": [
          [
            0.9999169707298279,
            0.0032541146501898766,
            0.012467274442315102,
            0.0
          ],
          [
            0.006179880816489458,
            0.7279131412506104,
            -0.6856414675712585,
            0.0
          ],
          [
            -0.011306249536573887,
            0.6856616139411926,
            0.7278326153755188,
            0.0
          ],
          [
            0.0,
            0.0,
            0.0,
            1.0
          ]
        ],
        "rotation_mode": "QUATERNION"
      },
      "armature_space": {
        "head": {
          "x": 0.7119995355606079,
          "y": 0.078239306807518,
          "z": 0.19080737233161926
        },
        "tail": {
          "x": 0.683412492275238,
          "y": 0.08412539958953857,
          "z": 0.19217346608638763
        }
      },
      "world_space": {
        "head": {
          "x": 0.7119995355606079,
          "y": 0.14148330688476562,
          "z": 1.140661358833313
        },
        "tail": {
          "x": 0.683412492275238,
          "y": 0.1473693996667862,
          "z": 1.142027497291565
        },
        "rotation_quaternion": {
          "w": 0.7490963339805603,
          "x": 0.1911596804857254,
          "y": -0.19894833862781525,
          "z": 0.6022726893424988
        },
        "matrix": [
          [
            0.1953737884759903,
            -0.9783822298049927,
            -0.0677998960018158,
            0.7119995355606079
          ],
          [
            0.8262593150138855,
            0.20144949853420258,
            -0.5260362029075623,
            0.14148330688476562
          ],
          [
            0.528327226638794,
            0.04675394296646118,
            0.8477609157562256,
            1.140661358833313
          ],
          [
            0.0,
            0.0,
            0.0,
            1.0
          ]
        ]
      },
      "bone_length_armature_space": 0.02921868114544801,
      "parent": "index_02_l",
      "has_children": false,
      "is_end_bone": true
    },
    "metacarpal_pinky_l": {
      "name": "metacarpal_pinky_l",
      "local": {
        "location": {
          "x": 0.0,
          "y": 0.0,
          "z": 0.0
        },
        "rotation_quaternion": {
          "w": 0.9976711869239807,
          "x": -0.06684143841266632,
          "y": 0.013577863574028015,
          "z": 0.0004339441657066345
        },
        "scale": {
          "x": 1.0,
          "y": 1.0,
          "z": 1.0
        },
        "matrix_basis": [
          [
            0.9996309280395508,
            -0.002680995035916567,
            0.027034476399421692,
            0.0
          ],
          [
            -0.0009492606623098254,
            0.9910640716552734,
            0.13338333368301392,
            0.0
          ],
          [
            -0.02715049684047699,
            -0.13335977494716644,
            0.9906957149505615,
            0.0
          ],
          [
            0.0,
            0.0,
            0.0,
            1.0
          ]
        ],
        "rotation_mode": "QUATERNION"
      },
      "armature_space": {
        "head": {
          "x": 0.6509872078895569,
          "y": 0.052921097725629807,
          "z": 0.3254079222679138
        },
        "tail": {
          "x": 0.7409666776657104,
          "y": 0.09134861826896667,
          "z": 0.28976738452911377
        }
      },
      "world_space": {
        "head": {
          "x": 0.6509872078895569,
          "y": 0.11616510152816772,
          "z": 1.2752618789672852
        },
        "tail": {
          "x": 0.7409666776657104,
          "y": 0.1545926183462143,
          "z": 1.2396214008331299
        },
        "rotation_quaternion": {
          "w": 0.4969305992126465,
          "x": 0.2932851314544678,
          "y": 0.6614946722984314,
          "z": -0.4790288805961609
        },
        "matrix": [
          [
            -0.3340877592563629,
            0.8641008734703064,
            0.37645024061203003,
            0.6509872078895569
          ],
          [
            -0.08807390928268433,
            0.3690314292907715,
            -0.925234854221344,
            0.11616510152816772
          ],
          [
            -0.9384247660636902,
            -0.34226706624031067,
            -0.04718543589115143,
            1.2752618789672852
          ],
          [
            0.0,
            0.0,
            0.0,
            1.0
          ]
        ]
      },
      "bone_length_armature_space": 0.10413081693411418,
      "parent": "lowerarm_l",
      "has_children": true,
      "is_end_bone": false
    },
    "pinky_01_l": {
      "name": "pinky_01_l",
      "local": {
        "location": {
          "x": 0.0,
          "y": 0.0,
          "z": 0.0
        },
        "rotation_quaternion": {
          "w": 0.9403272271156311,
          "x": 0.3402143716812134,
          "y": 0.006234096363186836,
          "z": 1.9017752492800355e-06
        },
        "scale": {
          "x": 1.0,
          "y": 1.0,
          "z": 1.0
        },
        "matrix_basis": [
          [
            0.9999222755432129,
            0.004238281864672899,
            0.011725475080311298,
            0.0
          ],
          [
            0.004245434887707233,
            0.7685083746910095,
            -0.6398256421089172,
            0.0
          ],
          [
            -0.011722886934876442,
            0.639825701713562,
            0.7684306502342224,
            0.0
          ],
          [
            0.0,
            0.0,
            0.0,
            1.0
          ]
        ],
        "rotation_mode": "QUATERNION"
      },
      "armature_space": {
        "head": {
          "x": 0.7409666776657104,
          "y": 0.09134861826896667,
          "z": 0.28976738452911377
        },
        "tail": {
          "x": 0.7459186911582947,
