{
  "metadata": {
    "armature_name": "KIM_caucasian_male",
    "export_time": "2026-01-13T20:56:03.248981",
    "blender_version": "4.4.1",
    "bone_count": 56,
    "end_bone_count": 13,
    "spaces_included": [
      "LOCAL_CHANNELS",
      "ARMATURE_SPACE",
      "WORLD_SPACE"
    ],
    "note": "LOCAL matches Transform panel; replay pose via local.matrix_basis for best fidelity."
  },
  "bones": {
    "Root": {
      "name": "Root",
      "local": {
        "location": {
          "x": 0.0,
          "y": 0.0,
          "z": 0.0
        },
        "rotation_quaternion": {
          "w": 0.9996979832649231,
          "x": -0.0007146953139454126,
          "y": 0.01760675013065338,
          "z": 0.017133191227912903
        },
        "scale": {
          "x": 1.0,
          "y": 1.0,
          "z": 1.0
        },
        "matrix_basis": [
          [
            0.9987928867340088,
            -0.03428120166063309,
            0.035178374499082565,
            0.0
          ],
          [
            0.03423086553812027,
            0.9994118809700012,
            0.002032278571277857,
            0.0
          ],
          [
            -0.03522735461592674,
            -0.0008256392902694643,
            0.9993789792060852,
            0.0
          ],
          [
            0.0,
            0.0,
            0.0,
            1.0
          ]
        ],
        "rotation_mode": "QUATERNION"
      },
      "armature_space": {
        "head": {
          "x": 0.0,
          "y": 0.07072800397872925,
          "z": -0.009595036506652832
        },
        "tail": {
          "x": -0.0024468505289405584,
          "y": 4.951655864715576e-05,
          "z": 5.2751973271369934e-05
        }
      },
      "world_space": {
        "head": {
          "x": 0.0,
          "y": 0.13397200405597687,
          "z": 0.9402589797973633
        },
        "tail": {
          "x": -0.0024468505289405584,
          "y": 0.06329351663589478,
          "z": 0.9499067664146423
        },
        "rotation_quaternion": {
          "w": 0.06806038320064545,
          "x": 0.9973787069320679,
          "y": -0.015908140689134598,
          "z": 0.01872098073363304
        },
        "matrix": [
          [
            0.9987928867340088,
            -0.03428120166063309,
            0.035178374499082565,
            0.0
          ],
          [
            -0.029184555634856224,
            -0.9902294278144836,
            -0.1363600492477417,
            0.13397200405597687
          ],
          [
            0.039509497582912445,
            0.13516877591609955,
            -0.9900415539741516,
            0.9402589797973633
          ],
          [
            0.0,
            0.0,
            0.0,
            1.0
          ]
        ]
      },
      "bone_length_armature_space": 0.0713758741600474,
      "parent": null,
      "has_children": true,
      "is_end_bone": false
    },
    "spine_01": {
      "name": "spine_01",
      "local": {
        "location": {
          "x": 0.0,
          "y": 0.0,
          "z": 0.0
        },
        "rotation_quaternion": {
          "w": 0.9974877238273621,
          "x": 0.04306403920054436,
          "y": 0.01982163079082966,
          "z": -0.052638858556747437
        },
        "scale": {
          "x": 1.0,
          "y": 1.0,
          "z": 1.0
        },
        "matrix_basis": [
          [
            0.9936724901199341,
            0.10672043263912201,
            0.03500998392701149,
            0.0
          ],
          [
            -0.10330603271722794,
            0.9907492995262146,
            -0.08799847960472107,
            0.0
          ],
          [
            -0.044077351689338684,
            0.08382492512464523,
            0.995505154132843,
            0.0
          ],
          [
            0.0,
            0.0,
            0.0,
            1.0
          ]
        ],
        "rotation_mode": "QUATERNION"
      },
      "armature_space": {
        "head": {
          "x": -0.0024468505289405584,
          "y": 4.951655864715576e-05,
          "z": 5.2751973271369934e-05
        },
        "tail": {
          "x": 0.029899297282099724,
          "y": -0.01875459775328636,
          "z": 0.4866209924221039
        }
      },
      "world_space": {
        "head": {
          "x": -0.0024468505289405584,
          "y": 0.06329351663589478,
          "z": 0.9499067664146423
        },
        "tail": {
          "x": 0.029899297282099724,
          "y": 0.04448940232396126,
          "z": 1.4364750385284424
        },
        "rotation_quaternion": {
          "w": 0.6928439736366272,
          "x": 0.720315158367157,
          "y": 0.026466019451618195,
          "z": -0.02031853049993515
        },
        "matrix": [
          [
            0.9977733492851257,
            0.06628292053937912,
            0.007402623072266579,
            -0.0024468505289405584
          ],
          [
            0.009973045438528061,
            -0.03853292390704155,
            -0.999207615852356,
            0.06329351663589478
          ],
          [
            -0.0659455955028534,
            0.9970635771751404,
            -0.03910936042666435,
            0.9499067664146423
          ],
          [
            0.0,
            0.0,
            0.0,
            1.0
          ]
        ]
      },
      "bone_length_armature_space": 0.4880046297560766,
      "parent": "Root",
      "has_children": true,
      "is_end_bone": false
    },
    "neck_01": {
      "name": "neck_01",
      "local": {
        "location": {
          "x": 0.0,
          "y": 0.0,
          "z": 0.0
        },
        "rotation_quaternion": {
          "w": 0.9865254163742065,
          "x": -0.1490635722875595,
          "y": 0.02960166148841381,
          "z": 0.0605928860604763
        },
        "scale": {
          "x": 1.0,
          "y": 1.0,
          "z": 1.0
        },
        "matrix_basis": [
          [
            0.9909045100212097,
            -0.12837789952754974,
            0.040341198444366455,
            0.0
          ],
          [
            0.11072778701782227,
            0.9482170939445496,
            0.2976973056793213,
            0.0
          ],
          [
            -0.07646996527910233,
            -0.2905226945877075,
            0.9538075923919678,
            0.0
          ],
          [
            0.0,
            0.0,
            0.0,
            1.0
          ]
        ],
        "rotation_mode": "QUATERNION"
      },
      "armature_space": {
        "head": {
          "x": 0.03500915691256523,
          "y": -0.0562288761138916,
          "z": 0.5582681894302368
        },
        "tail": {
          "x": 0.02870911732316017,
          "y": -0.0696117952466011,
          "z": 0.6597175598144531
        }
      },
      "world_space": {
        "head": {
          "x": 0.03500915691256523,
          "y": 0.007015123963356018,
          "z": 1.508122205734253
        },
        "tail": {
          "x": 0.02870911732316017,
          "y": -0.006367795169353485,
          "z": 1.6095715761184692
        },
        "rotation_quaternion": {
          "w": 0.6592678427696228,
          "x": 0.7510101199150085,
          "y": -0.009838813915848732,
          "z": 0.03539751470088959
        },
        "matrix": [
          [
            0.997300386428833,
            -0.06145100295543671,
            0.04019451141357422,
            0.03500915691256523
          ],
          [
            0.031894393265247345,
            -0.13053786754608154,
            -0.990930438041687,
            0.007015123963356018
          ],
          [
            0.06614106893539429,
            0.9895439147949219,
            -0.1282273828983307,
            1.508122205734253
          ],
          [
            0.0,
            0.0,
            0.0,
            1.0
          ]
        ]
      },
      "bone_length_armature_space": 0.10252203674045626,
      "parent": "spine_01",
      "has_children": true,
      "is_end_bone": false
    },
    "head": {
      "name": "head",
      "local": {
        "location": {
          "x": 0.0,
          "y": 0.0,
          "z": 0.0
        },
        "rotation_quaternion": {
          "w": 0.9895551204681396,
          "x": -0.0001221166894538328,
          "y": 0.03959813341498375,
          "z": 0.13861002027988434
        },
        "scale": {
          "x": 1.0,
          "y": 1.0,
          "z": 1.0
        },
        "matrix_basis": [
          [
            0.958438515663147,
            -0.274334192276001,
            0.0783352181315422,
            0.0
          ],
          [
            0.27431485056877136,
            0.9615744948387146,
            0.011219078674912453,
            0.0
          ],
          [
            -0.07840292155742645,
            0.010735713876783848,
            0.9968639612197876,
            0.0
          ],
          [
            0.0,
            0.0,
            0.0,
            1.0
          ]
        ],
        "rotation_mode": "QUATERNION"
      },
      "armature_space": {
        "head": {
          "x": 0.028709130361676216,
          "y": -0.06961193680763245,
          "z": 0.6597175002098083
        },
        "tail": {
          "x": -0.024507110938429832,
          "y": -0.03719954937696457,
          "z": 0.8017412424087524
        }
      },
      "world_space": {
        "head": {
          "x": 0.028709130361676216,
          "y": -0.006367936730384827,
          "z": 1.6095714569091797
        },
        "tail": {
          "x": -0.024507110938429832,
          "y": 0.02604445070028305,
          "z": 1.7515952587127686
        },
        "rotation_quaternion": {
          "w": 0.7741724848747253,
          "x": 0.6067641973495483,
          "y": -0.07177750766277313,
          "z": 0.16535508632659912
        },
        "matrix": [
          [
            0.935011088848114,
            -0.343130886554718,
            0.08952852338552475,
            0.028709130361676216
          ],
          [
            0.16892477869987488,
            0.20899054408073425,
            -0.9632174372673035,
            -0.006367936730384827
          ],
          [
            0.31180140376091003,
            0.915749192237854,
            0.25337252020835876,
            1.6095714569091797
          ],
          [
            0.0,
            0.0,
            0.0,
            1.0
          ]
        ]
      },
      "bone_length_armature_space": 0.15509117873860334,
      "parent": "neck_01",
      "has_children": false,
      "is_end_bone": true
    },
    "upperarm_l": {
      "name": "upperarm_l",
      "local": {
        "location": {
          "x": 0.0,
          "y": 0.0,
          "z": 0.0
        },
        "rotation_quaternion": {
          "w": 0.8953523635864258,
          "x": -0.11471625417470932,
          "y": 0.41384270787239075,
          "z": -0.11797767132520676
        },
        "scale": {
          "x": 1.0,
          "y": 1.0,
          "z": 1.0
        },
        "matrix_basis": [
          [
            0.629630982875824,
            0.11631420254707336,
            0.7681379914283752,
            0.0
          ],
          [
            -0.3062121570110321,
            0.9458429217338562,
            0.10777454078197479,
            0.0
          ],
          [
            -0.7140021920204163,
            -0.30307134985923767,
            0.6311488151550293,
            0.0
          ],
          [
            0.0,
            0.0,
            0.0,
            1.0
          ]
        ],
        "rotation_mode": "QUATERNION"
      },
      "armature_space": {
        "head": {
          "x": 0.1802440583705902,
          "y": -0.0553298145532608,
          "z": 0.4812411665916443
        },
        "tail": {
          "x": 0.4260632395744324,
          "y": 0.04021768271923065,
          "z": 0.43379396200180054
        }
      },
      "world_space": {
        "head": {
          "x": 0.1802440583705902,
          "y": 0.007914185523986816,
          "z": 1.4310951232910156
        },
        "tail": {
          "x": 0.4260632395744324,
          "y": 0.10346168279647827,
          "z": 1.3836479187011719
        },
        "rotation_quaternion": {
          "w": 0.1932191103696823,
          "x": 0.5161603689193726,
          "y": 0.8005921244621277,
          "z": -0.23515339195728302
        },
        "matrix": [
          [
            -0.39248913526535034,
            0.9173404574394226,
            0.06662379205226898,
            0.1802440583705902
          ],
          [
            0.7355961799621582,
            0.35656118392944336,
            -0.5759885311126709,
            0.007914185523986816
          ],
          [
            -0.5521361231803894,
            -0.17706197500228882,
            -0.8147447109222412,
            1.4310951232910156
          ],
          [
            0.0,
            0.0,
            0.0,
            1.0
          ]
        ]
      },
      "bone_length_armature_space": 0.26796945875563466,
      "parent": "spine_01",
      "has_children": true,
      "is_end_bone": false
    },
    "lowerarm_l": {
      "name": "lowerarm_l",
      "local": {
        "location": {
          "x": 0.0,
          "y": 0.0,
          "z": 0.0
        },
        "rotation_quaternion": {
          "w": 0.8784468173980713,
          "x": 0.32389035820961,
          "y": 0.28781524300575256,
          "z": -0.2014661431312561
        },
        "scale": {
          "x": 1.0,
          "y": 1.0,
          "z": 1.0
        },
        "matrix_basis": [
          [
            0.753147542476654,
            0.5403957366943359,
            0.37515488266944885,
            0.0
          ],
          [
            -0.1675134152173996,
            0.7090128660202026,
            -0.6850109696388245,
            0.0
          ],
          [
            -0.6361666321754456,
            0.45307084918022156,
            0.6245148181915283,
            0.0
          ],
          [
            0.0,
            0.0,
            0.0,
            1.0
          ]
        ],
        "rotation_mode": "QUATERNION"
      },
      "armature_space": {
        "head": {
          "x": 0.4260633885860443,
          "y": 0.04021759331226349,
          "z": 0.4337939918041229
        },
        "tail": {
          "x": 0.5582872629165649,
          "y": 0.09442900866270065,
          "z": 0.20763473212718964
        }
      },
      "world_space": {
        "head": {
          "x": 0.4260633885860443,
          "y": 0.10346159338951111,
          "z": 1.3836480379104614
        },
        "tail": {
          "x": 0.5582872629165649,
          "y": 0.15767300128936768,
          "z": 1.1574887037277222
        },
        "rotation_quaternion": {
          "w": 0.2549528181552887,
          "x": -0.48018258810043335,
          "y": -0.7323388457298279,
          "z": 0.41000446677207947
        },
        "matrix": [
          [
            -0.40884554386138916,
            0.4942496120929718,
            -0.7671781778335571,
            0.4260633885860443
          ],
          [
            0.9123773574829102,
            0.20264095067977905,
            -0.35567498207092285,
            0.10346159338951111
          ],
          [
            -0.020329713821411133,
            -0.8453778028488159,
            -0.5337949991226196,
            1.3836480379104614
          ],
          [
            0.0,
            0.0,
            0.0,
            1.0
          ]
        ]
      },
      "bone_length_armature_space": 0.26752577873530403,
      "parent": "upperarm_l",
      "has_children": true,
      "is_end_bone": false
    },
    "metacarpal_thumb_l": {
      "name": "metacarpal_thumb_l",
      "local": {
        "location": {
          "x": 0.0,
          "y": 0.0,
          "z": 0.0
        },
        "rotation_quaternion": {
          "w": 0.9996858835220337,
          "x": 0.0025953389704227448,
          "y": -0.018159953877329826,
          "z": -0.0170791894197464
        },
        "scale": {
          "x": 1.0,
          "y": 1.0,
          "z": 1.0
        },
        "matrix_basis": [
          [
            0.9987570643424988,
            0.03405338525772095,
            -0.03639715164899826,
            0.0
          ],
          [
            -0.03424191102385521,
            0.9994031190872192,
            -0.004568732809275389,
            0.0
          ],
          [
            0.036219846457242966,
            0.005809362046420574,
            0.9993269443511963,
            0.0
          ],
          [
            0.0,
            0.0,
            0.0,
            1.0
          ]
        ],
        "rotation_mode": "QUATERNION"
      },
      "armature_space": {
        "head": {
          "x": 0.5582872629165649,
          "y": 0.09442900866270065,
          "z": 0.20763473212718964
        },
        "tail": {
          "x": 0.5529000163078308,
          "y": 0.10126521438360214,
          "z": 0.15887142717838287
        }
      },
      "world_space": {
        "head": {
          "x": 0.5582872629165649,
          "y": 0.15767300128936768,
          "z": 1.1574887037277222
        },
        "tail": {
          "x": 0.5529000163078308,
          "y": 0.16450920701026917,
          "z": 1.1087254285812378
        },
        "rotation_quaternion": {
          "w": 0.7381521463394165,
          "x": -0.6236932277679443,
          "y": -0.15536174178123474,
          "z": 0.20494131743907928
        },
        "matrix": [
          [
            0.8677232265472412,
            -0.108759805560112,
            -0.4850025773048401,
            0.5582872629165649
          ],
          [
            0.49635234475135803,
            0.13801124691963196,
            0.8570809364318848,
            0.15767300128936768
          ],
          [
            -0.026279915124177933,
            -0.9844476580619812,
            0.17374081909656525,
            1.1574887037277222
          ],
          [
            0.0,
            0.0,
            0.0,
            1.0
          ]
        ]
      },
      "bone_length_armature_space": 0.04953398983595702,
      "parent": "lowerarm_l",
      "has_children": true,
      "is_end_bone": false
    },
    "thumb_01_l": {
      "name": "thumb_01_l",
      "local": {
        "location": {
          "x": 0.0,
          "y": 0.0,
          "z": 0.0
        },
        "rotation_quaternion": {
          "w": 0.999396562576294,
          "x": 0.032246626913547516,
          "y": 0.011987595818936825,
          "z": 0.004804652649909258
        },
        "scale": {
          "x": 1.0,
          "y": 1.0,
          "z": 1.0
        },
        "matrix_basis": [
          [
            0.9996664524078369,
            -0.008830388076603413,
            0.024270592257380486,
            0.0
          ],
          [
            0.010376625694334507,
            0.9978741407394409,
            -0.06433914601802826,
            0.0
          ],
          [
            -0.02365085668861866,
            0.06456952542066574,
            0.9976329207420349,
            0.0
          ],
          [
            0.0,
            0.0,
            0.0,
            1.0
          ]
        ],
        "rotation_mode": "QUATERNION"
      },
      "armature_space": {
        "head": {
          "x": 0.5529000163078308,
          "y": 0.10126521438360214,
          "z": 0.15887142717838287
        },
        "tail": {
          "x": 0.5363891124725342,
          "y": 0.12531466782093048,
          "z": 0.14133167266845703
        }
      },
      "world_space": {
        "head": {
          "x": 0.5529000163078308,
          "y": 0.16450920701026917,
          "z": 1.1087254285812378
        },
        "tail": {
          "x": 0.5363891124725342,
          "y": 0.1885586678981781,
          "z": 1.0911856889724731
        },
        "rotation_quaternion": {
          "w": 0.678135335445404,
          "x": -0.3830406069755554,
          "y": 0.6272168755531311,
          "z": 0.003363623982295394
        },
        "matrix": [
          [
            0.21317574381828308,
            -0.4850635826587677,
            0.8480974435806274,
            0.5529000163078308
          ],
          [
            -0.4759376049041748,
            0.7065353989601135,
            0.523728609085083,
            0.16450920701026917
          ],
          [
            -0.8532586097717285,
            -0.5152904987335205,
            -0.08024393767118454,
            1.1087254285812378
          ],
          [
            0.0,
            0.0,
            0.0,
            1.0
          ]
        ]
      },
      "bone_length_armature_space": 0.034038642242743875,
      "parent": "metacarpal_thumb_l",
      "has_children": true,
      "is_end_bone": false
    },
    "thumb_02_l": {
      "name": "thumb_02_l",
      "local": {
        "location": {
          "x": 0.0,
          "y": 0.0,
          "z": 0.0
        },
        "rotation_quaternion": {
          "w": 0.9925159215927124,
          "x": 0.12208334356546402,
          "y": -0.002330246614292264,
          "z": -0.0015665753744542599
        },
        "scale": {
          "x": 1.0,
          "y": 1.0,
          "z": 1.0
        },
        "matrix_basis": [
          [
            0.9999842047691345,
            0.0025407334323972464,
            -0.005008119158446789,
            0.0
          ],
          [
            -0.0036786706186830997,
            0.9701864123344421,
            -0.24233202636241913,
            0.0
          ],
          [
            0.004243108443915844,
            0.2423466295003891,
            0.9701804518699646,
            0.0
          ],
          [
            0.0,
            0.0,
            0.0,
            1.0
          ]
        ],
        "rotation_mode": "QUATERNION"
      },
      "armature_space": {
        "head": {
          "x": 0.5363891124725342,
          "y": 0.1253146529197693,
          "z": 0.14133170247077942
        },
        "tail": {
          "x": 0.5603544116020203,
          "y": 0.13421913981437683,
          "z": 0.11035484075546265
        }
      },
      "world_space": {
        "head": {
          "x": 0.5363891124725342,
          "y": 0.1885586529970169,
          "z": 1.0911856889724731
        },
        "tail": {
          "x": 0.5603544116020203,
          "y": 0.19746313989162445,
          "z": 1.060208797454834
        },
        "rotation_quaternion": {
          "w": 0.5549399852752686,
          "x": -0.08153292536735535,
          "y": 0.5503557920455933,
          "z": -0.6184679269790649
        },
        "matrix": [
          [
            -0.37078434228897095,
            0.5966802835464478,
            0.7116820812225342,
            0.5363891124725342
          ],
          [
            -0.7761719226837158,
            0.22170105576515198,
            -0.5902594327926636,
            0.1885586529970169
          ],
          [
            -0.5099809169769287,
            -0.7712516188621521,
            0.3809252381324768,
            1.0911856889724731
          ],
          [
            0.0,
            0.0,
            0.0,
            1.0
          ]
        ]
      },
      "bone_length_armature_space": 0.04016455449873856,
      "parent": "thumb_01_l",
      "has_children": true,
      "is_end_bone": false
    },
    "thumb_03_l": {
      "name": "thumb_03_l",
      "local": {
        "location": {
          "x": 0.0,
          "y": 0.0,
          "z": 0.0
        },
        "rotation_quaternion": {
          "w": 0.9982824325561523,
          "x": 0.05796176940202713,
          "y": 0.008145609870553017,
          "z": 0.002542010275647044
        },
        "scale": {
          "x": 1.0,
          "y": 1.0,
          "z": 1.0
        },
        "matrix_basis": [
          [
            0.9998543858528137,
            -0.00413102051243186,
            0.01655791699886322,
            0.0
          ],
          [
            0.006019556429237127,
            0.9932679533958435,
            -0.11568301916122437,
            0.0
          ],
          [
            -0.015968559309840202,
            0.11576584726572037,
            0.993148148059845,
            0.0
          ],
          [
            0.0,
            0.0,
            0.0,
            1.0
          ]
        ],
        "rotation_mode": "QUATERNION"
      },
      "armature_space": {
        "head": {
          "x": 0.5603542923927307,
          "y": 0.13421913981437683,
          "z": 0.11035481840372086
        },
        "tail": {
          "x": 0.5865197777748108,
          "y": 0.1365056037902832,
          "z": 0.09495896100997925
        }
      },
      "world_space": {
        "head": {
          "x": 0.5603542923927307,
          "y": 0.19746313989162445,
          "z": 1.060208797454834
        },
        "tail": {
          "x": 0.5865197777748108,
          "y": 0.19974960386753082,
          "z": 1.0448129177093506
        },
        "rotation_quaternion": {
          "w": 0.49769389629364014,
          "x": 0.19628161191940308,
          "y": 0.5383784770965576,
          "z": -0.6510937213897705
        },
        "matrix": [
          [
            -0.42754697799682617,
            0.859438419342041,
            0.28030145168304443,
            0.5603542923927307
          ],
          [
            -0.4367462396621704,
            0.07510151714086533,
            -0.8964446187019348,
            0.19746313989162445
          ],
          [
            -0.7914957404136658,
            -0.5056961178779602,
            0.3432486057281494,
            1.060208797454834
          ],
          [
            0.0,
            0.0,
            0.0,
            1.0
          ]
        ]
      },
      "bone_length_armature_space": 0.030444916948186684,
      "parent": "thumb_02_l",
      "has_children": false,
      "is_end_bone": true
    },
    "metacarpal_index_l": {
      "name": "metacarpal_index_l",
      "local": {
        "location": {
          "x": 0.0,
          "y": 0.0,
          "z": 0.0
        },
        "rotation_quaternion": {
          "w": 0.9995964765548706,
          "x": -0.007212929427623749,
          "y": 0.01730475015938282,
          "z": 0.02134242095053196
        },
        "scale": {
          "x": 1.0,
          "y": 1.0,
          "z": 1.0
        },
        "matrix_basis": [
          [
            0.9984900951385498,
            -0.04291725531220436,
            0.034287650138139725,
            0.0
          ],
          [
            0.0424179807305336,
            0.9989849328994751,
            0.01515868864953518,
            0.0
          ],
          [
            -0.03490341827273369,
            -0.013681387528777122,
            0.999297022819519,
            0.0
          ],
          [
            0.0,
            0.0,
            0.0,
            1.0
          ]
        ],
        "rotation_mode": "QUATERNION"
      },
      "armature_space": {
        "head": {
          "x": 0.5582872629165649,
          "y": 0.09442900866270065,
          "z": 0.20763473212718964
        },
        "tail": {
          "x": 0.5824974179267883,
          "y": 0.10456986725330353,
          "z": 0.09344004094600677
        }
      },
      "world_space": {
        "head": {
          "x": 0.5582872629165649,
          "y": 0.15767300128936768,
          "z": 1.1574887037277222
        },
        "tail": {
          "x": 0.5824974179267883,
          "y": 0.16781386733055115,
          "z": 1.043294072151184
        },
        "rotation_quaternion": {
          "w": 0.6050267219543457,
          "x": -0.6227360367774963,
          "y": -0.42097052931785583,
          "z": 0.26253849267959595
        },
        "matrix": [
          [
            0.5077128410339355,
            0.2066209465265274,
            -0.8363822102546692,
            0.5582872629165649
          ],
          [
            0.8419938683509827,
            0.08654696494340897,
            0.5325002074241638,
            0.15767300128936768
          ],
          [
            0.18241411447525024,
            -0.9745925068855286,
            -0.13003289699554443,
            1.1574887037277222
          ],
          [
            0.0,
            0.0,
            0.0,
            1.0
          ]
        ]
      },
      "bone_length_armature_space": 0.117172504095147,
      "parent": "lowerarm_l",
      "has_children": true,
      "is_end_bone": false
    },
    "index_01_l": {
      "name": "index_01_l",
      "local": {
        "location": {
          "x": 0.0,
          "y": 0.0,
          "z": 0.0
        },
        "rotation_quaternion": {
          "w": 0.996265172958374,
          "x": -0.0859837606549263,
          "y": -0.001519812154583633,
          "z": -0.007772104814648628
        },
        "scale": {
          "x": 1.0,
          "y": 1.0,
          "z": 1.0
        },
        "matrix_basis": [
          [
            0.9998745918273926,
            0.015747513622045517,
            -0.0016917221946641803,
            0.0
          ],
          [
            -0.01522479671984911,
            0.9850927591323853,
            0.17134886980056763,
            0.0
          ],
          [
            0.004364821594208479,
            -0.17130163311958313,
            0.9852089881896973,
            0.0
          ],
          [
            0.0,
            0.0,
            0.0,
            1.0
          ]
        ],
        "rotation_mode": "QUATERNION"
      },
      "armature_space": {
        "head": {
          "x": 0.5824974179267883,
          "y": 0.10456986725330353,
          "z": 0.09344004094600677
        },
        "tail": {
          "x": 0.5998980402946472,
          "y": 0.11045264452695847,
          "z": 0.07162977755069733
        }
      },
      "world_space": {
        "head": {
          "x": 0.5824974179267883,
          "y": 0.16781386733055115,
          "z": 1.043294072151184
        },
        "tail": {
          "x": 0.5998980402946472,
          "y": 0.1736966371536255,
          "z": 1.0214837789535522
        },
        "rotation_quaternion": {
          "w": 0.5551629066467285,
          "x": -0.6267471313476562,
          "y": -0.5430912375450134,
          "z": 0.06351416558027267
        },
        "matrix": [
          [
            0.40203195810317993,
            0.6102399230003357,
            -0.6826253533363342,
            0.5824974179267883
          ],
          [
            0.7512861490249634,
            0.20630913972854614,
            0.626902163028717,
            0.16781386733055115
          ],
          [
            0.523396909236908,
            -0.7648866772651672,
            -0.37552380561828613,
            1.043294072151184
          ],
          [
            0.0,
            0.0,
            0.0,
            1.0
          ]
        ]
      },
      "bone_length_armature_space": 0.028514493282829553,
      "parent": "metacarpal_index_l",
      "has_children": true,
      "is_end_bone": false
    },
    "index_02_l": {
      "name": "index_02_l",
      "local": {
        "location": {
          "x": 0.0,
          "y": 0.0,
          "z": 0.0
        },
        "rotation_quaternion": {
          "w": 0.988068699836731,
          "x": 0.15399044752120972,
          "y": -0.0009929791558533907,
          "z": 0.0025251503102481365
        },
        "scale": {
          "x": 1.0,
          "y": 1.0,
          "z": 1.0
        },
        "matrix_basis": [
          [
            0.9999852776527405,
            -0.005295862443745136,
            -0.0011845652479678392,
            0.0
          ],
          [
            0.00468422519043088,
            0.9525611400604248,
            -0.3043113052845001,
            0.0
          ],
          [
            0.0027399612590670586,
            0.30430126190185547,
            0.9525719285011292,
            0.0
          ],
          [
            0.0,
            0.0,
            0.0,
            1.0
          ]
        ],
        "rotation_mode": "QUATERNION"
      },
      "armature_space": {
        "head": {
          "x": 0.5998979210853577,
          "y": 0.11045274138450623,
          "z": 0.07162924110889435
        },
        "tail": {
          "x": 0.6102862358093262,
          "y": 0.11998220533132553,
          "z": 0.050196364521980286
        }
      },
      "world_space": {
        "head": {
          "x": 0.5998979210853577,
          "y": 0.17369674146175385,
          "z": 1.021483302116394
        },
        "tail": {
          "x": 0.6102862358093262,
          "y": 0.18322619795799255,
          "z": 1.00005042552948
        },
        "rotation_quaternion": {
          "w": 0.6161116361618042,
          "x": -0.5386950373649597,
          "y": -0.5533027648925781,
          "z": 0.15514600276947021
        },
        "matrix": [
          [
            0.33957192301750183,
            0.40495139360427856,
            -0.8489435911178589,
            0.5998979210853577
          ],
          [
            0.7872981429100037,
            0.37147170305252075,
            0.49210870265960693,
            0.17369674146175385
          ],
          [
            0.5146429538726807,
            -0.8354833126068115,
            -0.19267694652080536,
            1.021483302116394
          ],
          [
            0.0,
            0.0,
            0.0,
            1.0
          ]
        ]
      },
      "bone_length_armature_space": 0.025653381059946363,
      "parent": "index_01_l",
      "has_children": true,
      "is_end_bone": false
    },
    "index_03_l": {
      "name": "index_03_l",
      "local": {
        "location": {
          "x": 0.0,
          "y": 0.0,
          "z": 0.0
        },
        "rotation_quaternion": {
          "w": 0.9754576683044434,
          "x": 0.22010014951229095,
          "y": 0.002142535988241434,
          "z": -0.005811802111566067
        },
        "scale": {
          "x": 1.0,
          "y": 1.0,
          "z": 1.0
        },
        "matrix_basis": [
          [
            0.9999232888221741,
            0.012281479313969612,
            0.0016215492505580187,
            0.0
          ],
          [
            -0.010395188815891743,
            0.9030442833900452,
            -0.42942166328430176,
            0.0
          ],
          [
            -0.0067382631823420525,
            0.4293718636035919,
            0.903102695941925,
            0.0
          ],
          [
            0.0,
            0.0,
            0.0,
            1.0
          ]
        ],
        "rotation_mode": "QUATERNION"
      },
      "armature_space": {
        "head": {
          "x": 0.6102863550186157,
          "y": 0.11998211592435837,
          "z": 0.050196390599012375
        },
        "tail": {
          "x": 0.6090855002403259,
          "y": 0.1393449604511261,
          "z": 0.028347456827759743
        }
      },
      "world_space": {
        "head": {
          "x": 0.6102863550186157,
          "y": 0.1832261085510254,
          "z": 1.00005042552948
        },
        "tail": {
          "x": 0.6090855002403259,
          "y": 0.20258896052837372,
          "z": 0.9782014489173889
        },
        "rotation_quaternion": {
          "w": 0.7591723203659058,
          "x": -0.32894474267959595,
          "y": -0.5049759149551392,
          "z": 0.24586987495422363
        },
        "matrix": [
          [
            0.36909544467926025,
            -0.04109951853752136,
            -0.9284822940826416,
            0.6102863550186157
          ],
          [
            0.7055339217185974,
            0.6626869440078735,
            0.2511340379714966,
            0.1832261085510254
          ],
          [
            0.6049764752388,
            -0.7477726936340332,
            0.273593932390213,
            1.00005042552948
          ],
          [
            0.0,
            0.0,
            0.0,
            1.0
          ]
        ]
      },
      "bone_length_armature_space": 0.029218789952195248,
      "parent": "index_02_l",
      "has_children": false,
      "is_end_bone": true
    },
    "metacarpal_pinky_l": {
      "name": "metacarpal_pinky_l",
      "local": {
        "location": {
          "x": 0.0,
          "y": 0.0,
          "z": 0.0
        },
        "rotation_quaternion": {
          "w": 0.9992140531539917,
          "x": -0.03531086817383766,
          "y": 0.01798626035451889,
          "z": 0.0009532472467981279
        },
        "scale": {
          "x": 1.0,
          "y": 1.0,
          "z": 1.0
        },
        "matrix_basis": [
          [
            0.9993511438369751,
            -0.0031752169597893953,
            0.03587692975997925,
            0.0
          ],
          [
            0.0006347751477733254,
            0.997504472732544,
            0.07060052454471588,
            0.0
          ],
          [
            -0.03601156920194626,
            -0.0705319419503212,
            0.9968592524528503,
            0.0
          ],
          [
            0.0,
            0.0,
            0.0,
            1.0
          ]
        ],
        "rotation_mode": "QUATERNION"
      },
      "armature_space": {
        "head": {
          "x": 0.5582872629165649,
          "y": 0.09442900866270065,
          "z": 0.20763473212718964
        },
        "tail": {
          "x": 0.6296212077140808,
          "y": 0.13320571184158325,
          "z": 0.1424342691898346
        }
      },
      "world_space": {
        "head": {
          "x": 0.5582872629165649,
          "y": 0.15767300128936768,
          "z": 1.1574887037277222
        },
        "tail": {
          "x": 0.6296212077140808,
          "y": 0.19644971191883087,
          "z": 1.0922882556915283
        },
        "rotation_quaternion": {
          "w": 0.3292827606201172,
          "x": 0.22918538749217987,
          "y": 0.7601085305213928,
          "z": -0.5111574530601501
        },
        "matrix": [
          [
            -0.6780940294265747,
            0.6850422024726868,
            0.26628050208091736,
            0.5582872629165649
          ],
          [
            0.011783044785261154,
            0.3723847270011902,
            -0.9280039072036743,
            0.15767300128936768
          ],
          [
            -0.7348856925964355,
            -0.626140296459198,
            -0.26058652997016907,
            1.1574887037277222
          ],
          [
            0.0,
            0.0,
            0.0,
            1.0
          ]
        ]
      },
      "bone_length_armature_space": 0.1041310002813358,
      "parent": "lowerarm_l",
      "has_children": true,
      "is_end_bone": false
    },
    "pinky_01_l": {
      "name": "pinky_01_l",
      "local": {
        "location": {
          "x": 0.0,
          "y": 0.0,
          "z": 0.0
        },
        "rotation_quaternion": {
          "w": 0.9985058903694153,
          "x": 0.052426643669605255,
          "y": 0.008332130499184132,
          "z": -0.012969911098480225
        },
        "scale": {
          "x": 1.0,
          "y": 1.0,
          "z": 1.0
        },
        "matrix_basis": [
          [
            0.999524712562561,
            0.02677471563220024,
            0.01527942530810833,
            0.0
          ],
          [
            -0.02502741478383541,
            0.9941664338111877,
            -0.10491275787353516,
            0.0
          ],
          [
            -0.017999300733208656,
            0.10448049008846283,
            0.9943640232086182,
            0.0
          ],
          [
            0.0,
            0.0,
            0.0,
            1.0
          ]
        ],
        "rotation_mode": "QUATERNION"
      },
      "armature_space": {
        "head": {
          "x": 0.6296212077140808,
          "y": 0.13320571184158325,
          "z": 0.1424342691898346
        },
        "tail": {
          "x": 0.6401636004447937,
