{
  "metadata": {
    "armature_name": "KIM_caucasian_male",
    "export_time": "2026-01-13T21:07:52.617099",
    "blender_version": "4.4.1",
    "bone_count": 56,
    "end_bone_count": 13,
    "spaces_included": [
      "LOCAL_CHANNELS",
      "ARMATURE_SPACE",
      "WORLD_SPACE"
    ],
    "note": "LOCAL matches Transform panel; replay pose via local.matrix_basis for best fidelity."
  },
  "bones": {
    "Root": {
      "name": "Root",
      "local": {
        "location": {
          "x": 0.0,
          "y": 0.0,
          "z": 0.0
        },
        "rotation_quaternion": {
          "w": 0.9995310306549072,
          "x": 0.008981510996818542,
          "y": 0.01891663670539856,
          "z": -0.02234204113483429
        },
        "scale": {
          "x": 1.0,
          "y": 1.0,
          "z": 1.0
        },
        "matrix_basis": [
          [
            0.9982860088348389,
            0.045002926141023636,
            0.037414200603961945,
            0.0
          ],
          [
            -0.04432332515716553,
            0.99884033203125,
            -0.01879987120628357,
            0.0
          ],
          [
            -0.038216862827539444,
            0.017109325155615807,
            0.9991229772567749,
            0.0
          ],
          [
            0.0,
            0.0,
            0.0,
            1.0
          ]
        ],
        "rotation_mode": "QUATERNION"
      },
      "armature_space": {
        "head": {
          "x": 0.0,
          "y": 0.07072800397872925,
          "z": -0.009595036506652832
        },
        "tail": {
          "x": 0.00321212294511497,
          "y": -8.21426510810852e-05,
          "z": -0.0012212442234158516
        }
      },
      "world_space": {
        "head": {
          "x": 0.0,
          "y": 0.13397200405597687,
          "z": 0.9402589797973633
        },
        "tail": {
          "x": 0.00321212294511497,
          "y": 0.06316185742616653,
          "z": 0.9486327767372131
        },
        "rotation_quaternion": {
          "w": 0.058374956250190735,
          "x": 0.9978654384613037,
          "y": 0.023565655574202538,
          "z": 0.017368528991937637
        },
        "matrix": [
          [
            0.9982860088348389,
            0.045002926141023636,
            0.037414200603961945,
            0.0
          ],
          [
            0.04905848950147629,
            -0.9920740723609924,
            -0.11568256467580795,
            0.13397200405597687
          ],
          [
            0.03191187232732773,
            0.11731965094804764,
            -0.9925883412361145,
            0.9402589797973633
          ],
          [
            0.0,
            0.0,
            0.0,
            1.0
          ]
        ]
      },
      "bone_length_armature_space": 0.07137587099039358,
      "parent": null,
      "has_children": true,
      "is_end_bone": false
    },
    "spine_01": {
      "name": "spine_01",
      "local": {
        "location": {
          "x": 0.0,
          "y": 0.0,
          "z": 0.0
        },
        "rotation_quaternion": {
          "w": 0.9959350228309631,
          "x": 0.05217008292675018,
          "y": -0.025609830394387245,
          "z": 0.06881754100322723
        },
        "scale": {
          "x": 1.0,
          "y": 1.0,
          "z": 1.0
        },
        "matrix_basis": [
          [
            0.9892165660858154,
            -0.1397477388381958,
            -0.04383102059364319,
            0.0
          ],
          [
            0.13440346717834473,
            0.9850848317146301,
            -0.10744083672761917,
            0.0
          ],
          [
            0.05819188803434372,
            0.1003912165760994,
            0.9932448267936707,
            0.0
          ],
          [
            0.0,
            0.0,
            0.0,
            1.0
          ]
        ],
        "rotation_mode": "QUATERNION"
      },
      "armature_space": {
        "head": {
          "x": 0.00321212294511497,
          "y": -8.21426510810852e-05,
          "z": -0.0012212442234158516
        },
        "tail": {
          "x": -0.07852364331483841,
          "y": -0.03889850154519081,
          "z": 0.4783211648464203
        }
      },
      "world_space": {
        "head": {
          "x": 0.00321212294511497,
          "y": 0.06316185742616653,
          "z": 0.9486327767372131
        },
        "tail": {
          "x": -0.07852364331483841,
          "y": 0.02434549853205681,
          "z": 1.4281752109527588
        },
        "rotation_quaternion": {
          "w": 0.6758168339729309,
          "x": 0.7322524785995483,
          "y": -0.05916712433099747,
          "z": 0.059809304773807526
        },
        "matrix": [
          [
            0.9858441948890686,
            -0.1674908995628357,
            0.007617678493261337,
            0.00321212294511497
          ],
          [
            -0.005811329931020737,
            -0.07954151928424835,
            -0.9968147873878479,
            0.06316185742616653
          ],
          [
            0.16756443679332733,
            0.9826663732528687,
            -0.07939031720161438,
            0.9486327767372131
          ],
          [
            0.0,
            0.0,
            0.0,
            1.0
          ]
        ]
      },
      "bone_length_armature_space": 0.48800447129673963,
      "parent": "Root",
      "has_children": true,
      "is_end_bone": false
    },
    "neck_01": {
      "name": "neck_01",
      "local": {
        "location": {
          "x": 0.0,
          "y": 0.0,
          "z": 0.0
        },
        "rotation_quaternion": {
          "w": 0.9768340587615967,
          "x": -0.14698000252246857,
          "y": 0.01846255362033844,
          "z": -0.15443891286849976
        },
        "scale": {
          "x": 1.0,
          "y": 1.0,
          "z": 1.0
        },
        "matrix_basis": [
          [
            0.9516155123710632,
            0.2962951362133026,
            0.08146856725215912,
            0.0
          ],
          [
            -0.30714961886405945,
            0.9090909957885742,
            0.28144747018814087,
            0.0
          ],
          [
            0.00932916160672903,
            -0.29285281896591187,
            0.9561120271682739,
            0.0
          ],
          [
            0.0,
            0.0,
            0.0,
            1.0
          ]
        ],
        "rotation_mode": "QUATERNION"
      },
      "armature_space": {
        "head": {
          "x": -0.0905228853225708,
          "y": -0.07929238677024841,
          "z": 0.5475171804428101
        },
        "tail": {
          "x": -0.07681326568126678,
          "y": -0.0948915183544159,
          "z": 0.6479137539863586
        }
      },
      "world_space": {
        "head": {
          "x": -0.0905228853225708,
          "y": -0.016048386693000793,
          "z": 1.4973711967468262
        },
        "tail": {
          "x": -0.07681326568126678,
          "y": -0.031647518277168274,
          "z": 1.5977678298950195
        },
        "rotation_quaternion": {
          "w": 0.6455533504486084,
          "x": 0.7589876651763916,
          "y": 0.08475366234779358,
          "z": -0.003927228972315788
        },
        "matrix": [
          [
            0.9856026768684387,
            0.13372457027435303,
            0.10346534848213196,
            -0.0905228853225708
          ],
          [
            0.12358425557613373,
            -0.15215498208999634,
            -0.9806000590324402,
            -0.016048386693000793
          ],
          [
            -0.1153881773352623,
            0.9792750477790833,
            -0.16649267077445984,
            1.4973711967468262
          ],
          [
            0.0,
            0.0,
            0.0,
            1.0
          ]
        ]
      },
      "bone_length_armature_space": 0.10252199229567553,
      "parent": "spine_01",
      "has_children": true,
      "is_end_bone": false
    },
    "head": {
      "name": "head",
      "local": {
        "location": {
          "x": 0.0,
          "y": 0.0,
          "z": 0.0
        },
        "rotation_quaternion": {
          "w": 0.9956949949264526,
          "x": 0.05154554173350334,
          "y": 0.0013055375311523676,
          "z": -0.07702567428350449
        },
        "scale": {
          "x": 1.0,
          "y": 1.0,
          "z": 1.0
        },
        "matrix_basis": [
          [
            0.9881306886672974,
            0.15352274477481842,
            -0.005340825766324997,
            0.0
          ],
          [
            -0.15325357019901276,
            0.9828202128410339,
            -0.10284839570522308,
            0.0
          ],
          [
            -0.010540494695305824,
            0.10244615375995636,
            0.9946827292442322,
            0.0
          ],
          [
            0.0,
            0.0,
            0.0,
            1.0
          ]
        ],
        "rotation_mode": "QUATERNION"
      },
      "armature_space": {
        "head": {
          "x": -0.07681325823068619,
          "y": -0.09489166736602783,
          "z": 0.6479136943817139
        },
        "tail": {
          "x": -0.037872232496738434,
          "y": -0.07502450048923492,
          "z": 0.7967162132263184
        }
      },
      "world_space": {
        "head": {
          "x": -0.07681325823068619,
          "y": -0.03164766728878021,
          "z": 1.59776771068573
        },
        "tail": {
          "x": -0.037872232496738434,
          "y": -0.011780500411987305,
          "z": 1.7465702295303345
        },
        "rotation_quaternion": {
          "w": 0.7393032312393188,
          "x": 0.6582064032554626,
          "y": 0.1322147697210312,
          "z": -0.052101168781518936
        },
        "matrix": [
          [
            0.9596096277236938,
            0.2510862946510315,
            0.12690556049346924,
            -0.07681325823068619
          ],
          [
            0.09701041877269745,
            0.1281007081270218,
            -0.9870055913925171,
            -0.03164766728878021
          ],
          [
            -0.2640818953514099,
            0.9594577550888062,
            0.0985683724284172,
            1.59776771068573
          ],
          [
            0.0,
            0.0,
            0.0,
            1.0
          ]
        ]
      },
      "bone_length_armature_space": 0.15509125802335263,
      "parent": "neck_01",
      "has_children": false,
      "is_end_bone": true
    },
    "upperarm_l": {
      "name": "upperarm_l",
      "local": {
        "location": {
          "x": 0.0,
          "y": 0.0,
          "z": 0.0
        },
        "rotation_quaternion": {
          "w": 0.9318349361419678,
          "x": 0.20706817507743835,
          "y": 0.25931525230407715,
          "z": 0.14684054255485535
        },
        "scale": {
          "x": 1.0,
          "y": 1.0,
          "z": 1.0
        },
        "matrix_basis": [
          [
            0.8223869204521179,
            -0.1662704199552536,
            0.5440900325775146,
            0.0
          ],
          [
            0.381054162979126,
            0.8711212277412415,
            -0.3097507357597351,
            0.0
          ],
          [
            -0.4224660098552704,
            0.4620627164840698,
            0.7797567248344421,
            0.0
          ],
          [
            0.0,
            0.0,
            0.0,
            1.0
          ]
        ],
        "rotation_mode": "QUATERNION"
      },
      "armature_space": {
        "head": {
          "x": 0.06863473355770111,
          "y": -0.07799725234508514,
          "z": 0.506355881690979
        },
        "tail": {
          "x": 0.2990429103374481,
          "y": -0.19752424955368042,
          "z": 0.57293701171875
        }
      },
      "world_space": {
        "head": {
          "x": 0.06863473355770111,
          "y": -0.014753252267837524,
          "z": 1.4562098979949951
        },
        "tail": {
          "x": 0.2990429103374481,
          "y": -0.1342802494764328,
          "z": 1.5227910280227661
        },
        "rotation_quaternion": {
          "w": 0.3045884966850281,
          "x": 0.8027903437614441,
          "y": 0.429187148809433,
          "z": -0.28027135133743286
        },
        "matrix": [
          [
            0.47449225187301636,
            0.8598300814628601,
            -0.18854568898677826,
            0.06863473355770111
          ],
          [
            0.5183605551719666,
            -0.4460470974445343,
            -0.7296196818351746,
            -0.014753252267837524
          ],
          [
            -0.7114534378051758,
            0.24846546351909637,
            -0.6573529243469238,
            1.4562098979949951
          ],
          [
            0.0,
            0.0,
            0.0,
            1.0
          ]
        ]
      },
      "bone_length_armature_space": 0.26796954651149785,
      "parent": "spine_01",
      "has_children": true,
      "is_end_bone": false
    },
    "lowerarm_l": {
      "name": "lowerarm_l",
      "local": {
        "location": {
          "x": 0.0,
          "y": 0.0,
          "z": 0.0
        },
        "rotation_quaternion": {
          "w": 0.9705156087875366,
          "x": 0.1329813003540039,
          "y": -0.0031104700174182653,
          "z": 0.20101217925548553
        },
        "scale": {
          "x": 1.0,
          "y": 1.0,
          "z": 1.0
        },
        "matrix_basis": [
          [
            0.9191688299179077,
            -0.3909981846809387,
            0.04742420092225075,
            0.0
          ],
          [
            0.38934364914894104,
            0.8838201761245728,
            -0.2593713402748108,
            0.0
          ],
          [
            0.059499241411685944,
            0.2568703591823578,
            0.964612603187561,
            0.0
          ],
          [
            0.0,
            0.0,
            0.0,
            1.0
          ]
        ],
        "rotation_mode": "QUATERNION"
      },
      "armature_space": {
        "head": {
          "x": 0.2990429103374481,
          "y": -0.19752436876296997,
          "z": 0.5729370713233948
        },
        "tail": {
          "x": 0.4117525815963745,
          "y": -0.42104166746139526,
          "z": 0.6673086881637573
        }
      },
      "world_space": {
        "head": {
          "x": 0.2990429103374481,
          "y": -0.13428036868572235,
          "z": 1.5227911472320557
        },
        "tail": {
          "x": 0.4117525815963745,
          "y": -0.35779768228530884,
          "z": 1.6171627044677734
        },
        "rotation_quaternion": {
          "w": 0.2490950971841812,
          "x": 0.898186206817627,
          "y": 0.14212864637374878,
          "z": -0.3331857919692993
        },
        "matrix": [
          [
            0.7375735640525818,
            0.4213060140609741,
            -0.5277181267738342,
            0.2990429103374481
          ],
          [
            0.08932645618915558,
            -0.8355022072792053,
            -0.5421783328056335,
            -0.13428036868572235
          ],
          [
            -0.6693370938301086,
            0.3527587652206421,
            -0.6538829803466797,
            1.5227911472320557
          ],
          [
            0.0,
            0.0,
            0.0,
            1.0
          ]
        ]
      },
      "bone_length_armature_space": 0.2675246825762802,
      "parent": "upperarm_l",
      "has_children": true,
      "is_end_bone": false
    },
    "metacarpal_thumb_l": {
      "name": "metacarpal_thumb_l",
      "local": {
        "location": {
          "x": 0.0,
          "y": 0.0,
          "z": 0.0
        },
        "rotation_quaternion": {
          "w": 0.9997708797454834,
          "x": 0.020699892193078995,
          "y": 0.0018846679013222456,
          "z": -0.005122358910739422
        },
        "scale": {
          "x": 1.0,
          "y": 1.0,
          "z": 1.0
        },
        "matrix_basis": [
          [
            0.9999403953552246,
            0.010320395231246948,
            0.0035564075224101543,
            0.0
          ],
          [
            -0.010164345614612103,
            0.9990905523300171,
            -0.041409607976675034,
            0.0
          ],
          [
            -0.003980536945164204,
            0.04137099161744118,
            0.9991359114646912,
            0.0
          ],
          [
            0.0,
            0.0,
            0.0,
            1.0
          ]
        ],
        "rotation_mode": "QUATERNION"
      },
      "armature_space": {
        "head": {
          "x": 0.4117525815963745,
          "y": -0.42104166746139526,
          "z": 0.6673086881637573
        },
        "tail": {
          "x": 0.4212334454059601,
          "y": -0.46805888414382935,
          "z": 0.6549360752105713
        }
      },
      "world_space": {
        "head": {
          "x": 0.4117525815963745,
          "y": -0.35779768228530884,
          "z": 1.6171627044677734
        },
        "tail": {
          "x": 0.4212334454059601,
          "y": -0.4048148989677429,
          "z": 1.6047900915145874
        },
        "rotation_quaternion": {
          "w": 0.15370582044124603,
          "x": -0.9144935011863708,
          "y": -0.042143821716308594,
          "z": -0.37188732624053955
        },
        "matrix": [
          [
            0.7198476195335388,
            0.1914025843143463,
            0.6672212481498718,
            0.4117525815963745
          ],
          [
            -0.037241555750370026,
            -0.9491972327232361,
            0.3124707341194153,
            -0.35779768228530884
          ],
          [
            0.693136990070343,
            -0.2497822642326355,
            -0.6761535406112671,
            1.6171627044677734
          ],
          [
            0.0,
            0.0,
            0.0,
            1.0
          ]
        ]
      },
      "bone_length_armature_space": 0.04953369585675345,
      "parent": "lowerarm_l",
      "has_children": true,
      "is_end_bone": false
    },
    "thumb_01_l": {
      "name": "thumb_01_l",
      "local": {
        "location": {
          "x": 0.0,
          "y": 0.0,
          "z": 0.0
        },
        "rotation_quaternion": {
          "w": 0.9961354732513428,
          "x": -0.08778651803731918,
          "y": -0.0022982817608863115,
          "z": 0.0015189128462225199
        },
        "scale": {
          "x": 1.0,
          "y": 1.0,
          "z": 1.0
        },
        "matrix_basis": [
          [
            0.9999848008155823,
            -0.002622569678351283,
            -0.004845479968935251,
            0.0
          ],
          [
            0.0034296021331101656,
            0.9845824241638184,
            0.174887552857399,
            0.0
          ],
          [
            0.004312119912356138,
            -0.17490151524543762,
            0.9845764636993408,
            0.0
          ],
          [
            0.0,
            0.0,
            0.0,
            1.0
          ]
        ],
        "rotation_mode": "QUATERNION"
      },
      "armature_space": {
        "head": {
          "x": 0.4212334454059601,
          "y": -0.46805888414382935,
          "z": 0.6549360752105713
        },
        "tail": {
          "x": 0.43445414304733276,
          "y": -0.48053300380706787,
          "z": 0.6261568069458008
        }
      },
      "world_space": {
        "head": {
          "x": 0.4212334454059601,
          "y": -0.4048148989677429,
          "z": 1.6047900915145874
        },
        "tail": {
          "x": 0.43445414304733276,
          "y": -0.41728901863098145,
          "z": 1.576010823249817
        },
        "rotation_quaternion": {
          "w": 0.4474360942840576,
          "x": -0.3878158926963806,
          "y": 0.341417521238327,
          "z": -0.7299547791481018
        },
        "matrix": [
          [
            -0.29879826307296753,
            0.38840314745903015,
            0.8717008829116821,
            0.4212334454059601
          ],
          [
            -0.9180309176445007,
            -0.36646968126296997,
            -0.15139147639274597,
            -0.4048148989677429
          ],
          [
            0.26065191626548767,
            -0.845490038394928,
            0.46606969833374023,
            1.6047900915145874
          ],
          [
            0.0,
            0.0,
            0.0,
            1.0
          ]
        ]
      },
      "bone_length_armature_space": 0.03403875446436022,
      "parent": "metacarpal_thumb_l",
      "has_children": true,
      "is_end_bone": false
    },
    "thumb_02_l": {
      "name": "thumb_02_l",
      "local": {
        "location": {
          "x": 0.0,
          "y": 0.0,
          "z": 0.0
        },
        "rotation_quaternion": {
          "w": 0.9941446185112,
          "x": 0.10767465829849243,
          "y": -0.002954519120976329,
          "z": -0.00861038826406002
        },
        "scale": {
          "x": 1.0,
          "y": 1.0,
          "z": 1.0
        },
        "matrix_basis": [
          [
            0.9998342394828796,
            0.016483688727021217,
            -0.007728679571300745,
            0.0
          ],
          [
            -0.01775619573891163,
            0.9766640663146973,
            -0.2140374779701233,
            0.0
          ],
          [
            0.004020197317004204,
            0.21413923799991608,
            0.9767948985099792,
            0.0
          ],
          [
            0.0,
            0.0,
            0.0,
            1.0
          ]
        ],
        "rotation_mode": "QUATERNION"
      },
      "armature_space": {
        "head": {
          "x": 0.4344541132450104,
          "y": -0.4805329442024231,
          "z": 0.6261568069458008
        },
        "tail": {
          "x": 0.4540952444076538,
          "y": -0.5141723155975342,
          "z": 0.6359445452690125
        }
      },
      "world_space": {
        "head": {
          "x": 0.4344541132450104,
          "y": -0.41728895902633667,
          "z": 1.576010823249817
        },
        "tail": {
          "x": 0.4540952444076538,
          "y": -0.45092833042144775,
          "z": 1.5857985019683838
        },
        "rotation_quaternion": {
          "w": 0.2615346610546112,
          "x": 0.05136607587337494,
          "y": -0.11326524615287781,
          "z": -0.9571479558944702
        },
        "matrix": [
          [
            -0.8579221367835999,
            0.4890187084674835,
            -0.1575756072998047,
            0.4344541132450104
          ],
          [
            -0.5122907757759094,
            -0.8375412225723267,
            0.18995533883571625,
            -0.41728895902633667
          ],
          [
            -0.039085179567337036,
            0.24369236826896667,
            0.9690718650817871,
            1.576010823249817
          ],
          [
            0.0,
            0.0,
            0.0,
            1.0
          ]
        ]
      },
      "bone_length_armature_space": 0.040164426966332024,
      "parent": "thumb_01_l",
      "has_children": true,
      "is_end_bone": false
    },
    "thumb_03_l": {
      "name": "thumb_03_l",
      "local": {
        "location": {
          "x": 0.0,
          "y": 0.0,
          "z": 0.0
        },
        "rotation_quaternion": {
          "w": 0.9986551403999329,
          "x": 0.05125563591718674,
          "y": -0.0074834274128079414,
          "z": -0.0022024260833859444
        },
        "scale": {
          "x": 1.0,
          "y": 1.0,
          "z": 1.0
        },
        "matrix_basis": [
          [
            0.9998782873153687,
            0.0036317924968898296,
            -0.015172500163316727,
            0.0
          ],
          [
            -0.005166064016520977,
            0.9947360157966614,
            -0.1023404449224472,
            0.0
          ],
          [
            0.014720953069627285,
            0.10240637511014938,
            0.9946337342262268,
            0.0
          ],
          [
            0.0,
            0.0,
            0.0,
            1.0
          ]
        ],
        "rotation_mode": "QUATERNION"
      },
      "armature_space": {
        "head": {
          "x": 0.45409518480300903,
          "y": -0.5141722559928894,
          "z": 0.6359444856643677
        },
        "tail": {
          "x": 0.4692096412181854,
          "y": -0.5338525772094727,
          "z": 0.6535834670066833
        }
      },
      "world_space": {
        "head": {
          "x": 0.45409518480300903,
          "y": -0.450928270816803,
          "z": 1.5857985019683838
        },
        "tail": {
          "x": 0.4692096412181854,
          "y": -0.47060859203338623,
          "z": 1.6034374237060547
        },
        "rotation_quaternion": {
          "w": 0.35344985127449036,
          "x": 0.25941202044487,
          "y": -0.2277296930551529,
          "z": -0.8694353103637695
        },
        "matrix": [
          [
            -0.615556538105011,
            0.49645283818244934,
            -0.612065851688385,
            0.45409518480300903
          ],
          [
            -0.7327557802200317,
            -0.6464245915412903,
            0.21261325478553772,
            -0.450928270816803
          ],
          [
            -0.2901047468185425,
            0.5793736577033997,
            0.7616950869560242,
            1.5857985019683838
          ],
          [
            0.0,
            0.0,
            0.0,
            1.0
          ]
        ]
      },
      "bone_length_armature_space": 0.030444958591747392,
      "parent": "thumb_02_l",
      "has_children": false,
      "is_end_bone": true
    },
    "metacarpal_index_l": {
      "name": "metacarpal_index_l",
      "local": {
        "location": {
          "x": 0.0,
          "y": 0.0,
          "z": 0.0
        },
        "rotation_quaternion": {
          "w": 0.9998626708984375,
          "x": -0.004761770833283663,
          "y": -0.002721829805523157,
          "z": 0.015641581267118454
        },
        "scale": {
          "x": 1.0,
          "y": 1.0,
          "z": 1.0
        },
        "matrix_basis": [
          [
            0.9994958639144897,
            -0.03125294670462608,
            -0.005591875407844782,
            0.0
          ],
          [
            0.03130478784441948,
            0.9994653463363647,
            0.009437086060643196,
            0.0
          ],
          [
            0.0052939485758543015,
            -0.00960738118737936,
            0.9999398589134216,
            0.0
          ],
          [
            0.0,
            0.0,
            0.0,
            1.0
          ]
        ],
        "rotation_mode": "QUATERNION"
      },
      "armature_space": {
        "head": {
          "x": 0.4117525815963745,
          "y": -0.42104166746139526,
          "z": 0.6673086881637573
        },
        "tail": {
          "x": 0.4405032992362976,
          "y": -0.533959686756134,
          "z": 0.6796430349349976
        }
      },
      "world_space": {
        "head": {
          "x": 0.4117525815963745,
          "y": -0.35779768228530884,
          "z": 1.6171627044677734
        },
        "tail": {
          "x": 0.4405032992362976,
          "y": -0.4707157015800476,
          "z": 1.6294970512390137
        },
        "rotation_quaternion": {
          "w": 0.03977131098508835,
          "x": 0.9853628277778625,
          "y": 0.12872424721717834,
          "z": 0.10444386303424835
        },
        "matrix": [
          [
            0.9450430870056152,
            0.24537239968776703,
            0.2160693109035492,
            0.4117525815963745
          ],
          [
            0.2619880735874176,
            -0.9636968374252319,
            -0.05148972570896149,
            -0.35779768228530884
          ],
          [
            0.19559259712696075,
            0.10526732355356216,
            -0.9750263094902039,
            1.6171627044677734
          ],
          [
            0.0,
            0.0,
            0.0,
            1.0
          ]
        ]
      },
      "bone_length_armature_space": 0.11717175127044474,
      "parent": "lowerarm_l",
      "has_children": true,
      "is_end_bone": false
    },
    "index_01_l": {
      "name": "index_01_l",
      "local": {
        "location": {
          "x": 0.0,
          "y": 0.0,
          "z": 0.0
        },
        "rotation_quaternion": {
          "w": 0.9950542449951172,
          "x": -0.09857961535453796,
          "y": 0.01220084447413683,
          "z": 0.0006675643962807953
        },
        "scale": {
          "x": 1.0,
          "y": 1.0,
          "z": 1.0
        },
        "matrix_basis": [
          [
            0.9997013807296753,
            -0.0037340347189456224,
            0.024149388074874878,
            0.0
          ],
          [
            -0.0010769835207611322,
            0.980563223361969,
            0.1962004154920578,
            0.0
          ],
          [
            -0.024412620812654495,
            -0.19616784155368805,
            0.9802663922309875,
            0.0
          ],
          [
            0.0,
            0.0,
            0.0,
            1.0
          ]
        ],
        "rotation_mode": "QUATERNION"
      },
      "armature_space": {
        "head": {
          "x": 0.4405032992362976,
          "y": -0.533959686756134,
          "z": 0.6796430349349976
        },
        "tail": {
          "x": 0.4534197151660919,
          "y": -0.5554988980293274,
          "z": 0.6931448578834534
        }
      },
      "world_space": {
        "head": {
          "x": 0.4405032992362976,
          "y": -0.4707157015800476,
          "z": 1.6294970512390137
        },
        "tail": {
          "x": 0.4534197151660919,
          "y": -0.49225491285324097,
          "z": 1.6429989337921143
        },
        "rotation_quaternion": {
          "w": 0.2075267732143402,
          "x": 0.9229830503463745,
          "y": 0.2814992666244507,
          "z": 0.16060295701026917
        },
        "matrix": [
          [
            0.7899293899536133,
            0.4529794752597809,
            0.4133051037788391,
            0.4405032992362976
          ],
          [
            0.586297333240509,
            -0.75538170337677,
            -0.29266780614852905,
            -0.4707157015800476
          ],
          [
            0.179632306098938,
            0.4735090136528015,
            -0.8622850179672241,
            1.6294970512390137
          ],
          [
            0.0,
            0.0,
            0.0,
            1.0
          ]
        ]
      },
      "bone_length_armature_space": 0.02851439332098337,
      "parent": "metacarpal_index_l",
      "has_children": true,
      "is_end_bone": false
    },
    "index_02_l": {
      "name": "index_02_l",
      "local": {
        "location": {
          "x": 0.0,
          "y": 0.0,
          "z": 0.0
        },
        "rotation_quaternion": {
          "w": 0.9996190071105957,
          "x": 0.026822838932275772,
          "y": -0.000570711272303015,
          "z": 0.006488247774541378
        },
        "scale": {
          "x": 1.0,
          "y": 1.0,
          "z": 1.0
        },
        "matrix_basis": [
          [
            0.9999151825904846,
            -0.013002167455852032,
            -0.0007929212297312915,
            0.0
          ],
          [
            0.012940935790538788,
            0.9984768629074097,
            -0.053632646799087524,
            0.0
          ],
          [
            0.0014890541788190603,
            0.05361783504486084,
            0.9985604286193848,
            0.0
          ],
          [
            0.0,
            0.0,
            0.0,
            1.0
          ]
        ],
        "rotation_mode": "QUATERNION"
      },
      "armature_space": {
        "head": {
          "x": 0.45341983437538147,
          "y": -0.5554994940757751,
          "z": 0.693144679069519
        },
        "tail": {
          "x": 0.46552497148513794,
          "y": -0.574788510799408,
          "z": 0.7049552798271179
        }
      },
      "world_space": {
        "head": {
          "x": 0.45341983437538147,
          "y": -0.4922555088996887,
          "z": 1.6429986953735352
        },
        "tail": {
          "x": 0.46552497148513794,
          "y": -0.5115445256233215,
          "z": 1.6548092365264893
        },
        "rotation_quaternion": {
          "w": 0.20994234085083008,
          "x": 0.9274783134460449,
          "y": 0.282785564661026,
          "z": 0.12546202540397644
        },
        "matrix": [
          [
            0.8085829615592957,
            0.4718754291534424,
            0.35146424174308777,
            0.45341983437538147
          ],
          [
            0.5772349238395691,
            -0.7519131302833557,
            -0.31847602128982544,
            -0.4922555088996887
          ],
          [
            0.11399085819721222,
            0.4603939950466156,
            -0.880373477935791,
            1.6429986953735352
          ],
          [
            0.0,
            0.0,
            0.0,
            1.0
          ]
        ]
      },
      "bone_length_armature_space": 0.025653280372632828,
      "parent": "index_01_l",
      "has_children": true,
      "is_end_bone": false
    },
    "index_03_l": {
      "name": "index_03_l",
      "local": {
        "location": {
          "x": 0.0,
          "y": 0.0,
          "z": 0.0
        },
        "rotation_quaternion": {
          "w": 0.9990941882133484,
          "x": 0.042303021997213364,
          "y": 0.003982431720942259,
          "z": 0.0023180274292826653
        },
        "scale": {
          "x": 1.0,
          "y": 1.0,
          "z": 1.0
        },
        "matrix_basis": [
          [
            0.9999575614929199,
            -0.004294917453080416,
            0.008153768256306648,
            0.0
          ],
          [
            0.004968793131411076,
            0.9964101910591125,
            -0.08451094478368759,
            0.0
          ],
          [
            -0.0077615296468138695,
            0.08454786986112595,
            0.9963892102241516,
            0.0
          ],
          [
            0.0,
            0.0,
            0.0,
            1.0
          ]
        ],
        "rotation_mode": "QUATERNION"
      },
      "armature_space": {
        "head": {
          "x": 0.4655248820781708,
          "y": -0.5747884511947632,
          "z": 0.7049553990364075
        },
        "tail": {
          "x": 0.48298367857933044,
          "y": -0.5963889360427856,
          "z": 0.7140295505523682
        }
      },
      "world_space": {
        "head": {
          "x": 0.4655248820781708,
          "y": -0.5115444660186768,
          "z": 1.6548094749450684
        },
        "tail": {
          "x": 0.48298367857933044,
          "y": -0.5331449508666992,
          "z": 1.6638835668563843
        },
        "rotation_quaternion": {
          "w": 0.12179012596607208,
          "x": 0.9240248799324036,
          "y": 0.33990004658699036,
          "z": 0.12575040757656097
        },
        "matrix": [
          [
            0.7373093366622925,
            0.5975220799446106,
            0.3151860535144806,
            0.4655248820781708
          ],
          [
            0.6587828993797302,
            -0.7392703294754028,
            -0.13958880305290222,
            -0.5115444660186768
          ],
          [
            0.14960195124149323,
            0.3105606436729431,
            -0.9387146830558777,
            1.6548094749450684
          ],
          [
            0.0,
            0.0,
            0.0,
            1.0
          ]
        ]
      },
      "bone_length_armature_space": 0.02921867090460901,
      "parent": "index_02_l",
      "has_children": false,
      "is_end_bone": true
    },
    "metacarpal_pinky_l": {
      "name": "metacarpal_pinky_l",
      "local": {
        "location": {
          "x": 0.0,
          "y": 0.0,
          "z": 0.0
        },
        "rotation_quaternion": {
          "w": 0.9990192651748657,
          "x": -0.041262317448854446,
          "y": 0.012874945998191833,
          "z": -0.009603660553693771
        },
        "scale": {
          "x": 1.0,
          "y": 1.0,
          "z": 1.0
        },
        "matrix_basis": [
          [
            0.9994840025901794,
            0.018125982955098152,
            0.026517177000641823,
            0.0
          ],
          [
            -0.02025098353624344,
            0.9964103698730469,
            0.08219640702009201,
            0.0
          ],
          [
            -0.024932099506258965,
            -0.08269099146127701,
            0.996263325214386,
            0.0
          ],
          [
            0.0,
            0.0,
            0.0,
            1.0
          ]
        ],
        "rotation_mode": "QUATERNION"
      },
      "armature_space": {
        "head": {
          "x": 0.4117525815963745,
          "y": -0.42104166746139526,
          "z": 0.6673086881637573
        },
        "tail": {
          "x": 0.47708702087402344,
          "y": -0.48530662059783936,
          "z": 0.7167523503303528
        }
      },
      "world_space": {
        "head": {
          "x": 0.4117525815963745,
          "y": -0.35779768228530884,
          "z": 1.6171627044677734
        },
        "tail": {
          "x": 0.47708702087402344,
          "y": -0.42206263542175293,
          "z": 1.6666064262390137
        },
        "rotation_quaternion": {
          "w": 0.4360417127609253,
          "x": 0.48197001218795776,
          "y": -0.035897787660360336,
          "z": -0.7591336369514465
        },
        "matrix": [
          [
            -0.15514391660690308,
            0.62742680311203,
            -0.7630635499954224,
            0.4117525815963745
          ],
          [
            -0.6966320276260376,
            -0.6171562075614929,
            -0.3658178448677063,
            -0.35779768228530884
          ],
          [
            -0.7004585266113281,
            0.47482264041900635,
            0.5328367352485657,
            1.6171627044677734
          ],
          [
            0.0,
            0.0,
            0.0,
            1.0
          ]
        ]
      },
      "bone_length_armature_space": 0.1041309225824002,
      "parent": "lowerarm_l",
      "has_children": true,
      "is_end_bone": false
    },
    "pinky_01_l": {
      "name": "pinky_01_l",
      "local": {
        "location": {
          "x": 0.0,
          "y": 0.0,
          "z": 0.0
        },
        "rotation_quaternion": {
          "w": 0.9952591061592102,
          "x": -0.09709447622299194,
          "y": 0.004144157283008099,
          "z": 0.0038574589416384697
        },
        "scale": {
          "x": 1.0,
          "y": 1.0,
          "z": 1.0
        },
        "matrix_basis": [
          [
            0.9999358654022217,
            -0.008483092300593853,
            0.007499944418668747,
            0.0
          ],
          [
            0.006873592734336853,
            0.9811155796051025,
            0.1933002918958664,
            0.0
          ],
          [
            -0.00899809692054987,
            -0.1932363510131836,
            0.9811109900474548,
            0.0
          ],
          [
            0.0,
            0.0,
            0.0,
            1.0
          ]
        ],
        "rotation_mode": "QUATERNION"
      },
      "armature_space": {
        "head": {
          "x": 0.47708702087402344,
          "y": -0.48530662059783936,
          "z": 0.7167523503303528
        },
        "tail": {
