{
  "metadata": {
    "armature_name": "KIM_caucasian_male",
    "export_time": "2026-01-13T20:56:05.630211",
    "blender_version": "4.4.1",
    "bone_count": 56,
    "end_bone_count": 13,
    "spaces_included": [
      "LOCAL_CHANNELS",
      "ARMATURE_SPACE",
      "WORLD_SPACE"
    ],
    "note": "LOCAL matches Transform panel; replay pose via local.matrix_basis for best fidelity."
  },
  "bones": {
    "Root": {
      "name": "Root",
      "local": {
        "location": {
          "x": 0.0,
          "y": 0.0,
          "z": 0.0
        },
        "rotation_quaternion": {
          "w": 0.9997721910476685,
          "x": 0.010620098561048508,
          "y": -0.018482154235243797,
          "z": -0.0011303724022582173
        },
        "scale": {
          "x": 1.0,
          "y": 1.0,
          "z": 1.0
        },
        "matrix_basis": [
          [
            0.9993142485618591,
            0.0018676652107387781,
            -0.03697989881038666,
            0.0
          ],
          [
            -0.0026527943555265665,
            0.9997718930244446,
            -0.021193575114011765,
            0.0
          ],
          [
            0.036931879818439484,
            0.02127714268863201,
            0.9990912675857544,
            0.0
          ],
          [
            0.0,
            0.0,
            0.0,
            1.0
          ]
        ],
        "rotation_mode": "QUATERNION"
      },
      "armature_space": {
        "head": {
          "x": 0.0,
          "y": 0.07072800397872925,
          "z": -0.009595036506652832
        },
        "tail": {
          "x": 0.00013330622459761798,
          "y": -0.00018802285194396973,
          "z": -0.0015070894733071327
        }
      },
      "world_space": {
        "head": {
          "x": 0.0,
          "y": 0.13397200405597687,
          "z": 0.9402589797973633
        },
        "tail": {
          "x": 0.00013330622459761798,
          "y": 0.06305597722530365,
          "z": 0.9483469128608704
        },
        "rotation_quaternion": {
          "w": 0.05675634369254112,
          "x": 0.998216450214386,
          "y": -0.00011729941616067663,
          "z": -0.01851632073521614
        },
        "matrix": [
          [
            0.9993142485618591,
            0.0018676652107387781,
            -0.03697989881038666,
            0.0
          ],
          [
            -0.0023360259365290403,
            -0.9935574531555176,
            -0.11330632865428925,
            0.13397200405597687
          ],
          [
            -0.036953531205654144,
            0.11331486701965332,
            -0.9928787350654602,
            0.9402589797973633
          ],
          [
            0.0,
            0.0,
            0.0,
            1.0
          ]
        ]
      },
      "bone_length_armature_space": 0.07137587424558525,
      "parent": null,
      "has_children": true,
      "is_end_bone": false
    },
    "spine_01": {
      "name": "spine_01",
      "local": {
        "location": {
          "x": 0.0,
          "y": 0.0,
          "z": 0.0
        },
        "rotation_quaternion": {
          "w": 0.9989727735519409,
          "x": 0.004349497612565756,
          "y": 0.014662064611911774,
          "z": 0.04265635088086128
        },
        "scale": {
          "x": 1.0,
          "y": 1.0,
          "z": 1.0
        },
        "matrix_basis": [
          [
            0.9959309101104736,
            -0.08509752154350281,
            0.02966507337987423,
            0.0
          ],
          [
            0.08535261452198029,
            0.9963230490684509,
            -0.007439198903739452,
            0.0
          ],
          [
            -0.02892293967306614,
            0.0099409194663167,
            0.9995322227478027,
            0.0
          ],
          [
            0.0,
            0.0,
            0.0,
            1.0
          ]
        ],
        "rotation_mode": "QUATERNION"
      },
      "armature_space": {
        "head": {
          "x": 0.00013330622459761798,
          "y": -0.00018802285194396973,
          "z": -0.0015070894733071327
        },
        "tail": {
          "x": -0.023382607847452164,
          "y": 0.007440601475536823,
          "z": 0.48587092757225037
        }
      },
      "world_space": {
        "head": {
          "x": 0.00013330622459761798,
          "y": 0.06305597722530365,
          "z": 0.9483469128608704
        },
        "tail": {
          "x": -0.023382607847452164,
          "y": 0.07068460434675217,
          "z": 1.4357249736785889
        },
        "rotation_quaternion": {
          "w": 0.7125784754753113,
          "x": 0.7010387182235718,
          "y": -0.006928340997546911,
          "z": 0.026996450498700142
        },
        "matrix": [
          [
            0.9984463453292847,
            -0.0481882281601429,
            0.02797747030854225,
            0.00013330622459761798
          ],
          [
            0.028760459274053574,
            0.01563238725066185,
            -0.9994642734527588,
            0.06305597722530365
          ],
          [
            0.047725409269332886,
            0.9987229704856873,
            0.016993224620819092,
            0.9483469128608704
          ],
          [
            0.0,
            0.0,
            0.0,
            1.0
          ]
        ]
      },
      "bone_length_armature_space": 0.48800464491169265,
      "parent": "Root",
      "has_children": true,
      "is_end_bone": false
    },
    "neck_01": {
      "name": "neck_01",
      "local": {
        "location": {
          "x": 0.0,
          "y": 0.0,
          "z": 0.0
        },
        "rotation_quaternion": {
          "w": 0.9918440580368042,
          "x": -0.011670536361634731,
          "y": -0.10356073826551437,
          "z": 0.07337875664234161
        },
        "scale": {
          "x": 1.0,
          "y": 1.0,
          "z": 1.0
        },
        "matrix_basis": [
          [
            0.9677814841270447,
            -0.14314335584640503,
            -0.20714494585990906,
            0.0
          ],
          [
            0.1479777842760086,
            0.9889587163925171,
            0.007952387444674969,
            0.0
          ],
          [
            0.20371946692466736,
            -0.03834902122616768,
            0.9782779216766357,
            0.0
          ],
          [
            0.0,
            0.0,
            0.0,
            1.0
          ]
        ],
        "rotation_mode": "QUATERNION"
      },
      "armature_space": {
        "head": {
          "x": -0.025940604507923126,
          "y": -0.026076681911945343,
          "z": 0.5595852732658386
        },
        "tail": {
          "x": -0.04420287907123566,
          "y": -0.05984767898917198,
          "z": 0.6546471118927002
        }
      },
      "world_space": {
        "head": {
          "x": -0.025940604507923126,
          "y": 0.03716731816530228,
          "z": 1.50943922996521
        },
        "tail": {
          "x": -0.04420287907123566,
          "y": 0.003396321088075638,
          "z": 1.6045011281967163
        },
        "rotation_quaternion": {
          "w": 0.5662021040916443,
          "x": 0.8151089549064636,
          "y": -0.12129616737365723,
          "z": -0.01731530949473381
        },
        "matrix": [
          [
            0.9699746966362,
            -0.17813147604465485,
            -0.16558478772640228,
            -0.025940604507923126
          ],
          [
            -0.21734794974327087,
            -0.3294045627117157,
            -0.9188324809074402,
            0.03716731816530228
          ],
          [
            0.10912910848855972,
            0.9272395968437195,
            -0.35823380947113037,
            1.50943922996521
          ],
          [
            0.0,
            0.0,
            0.0,
            1.0
          ]
        ]
      },
      "bone_length_armature_space": 0.10252192090010719,
      "parent": "spine_01",
      "has_children": true,
      "is_end_bone": false
    },
    "head": {
      "name": "head",
      "local": {
        "location": {
          "x": 0.0,
          "y": 0.0,
          "z": 0.0
        },
        "rotation_quaternion": {
          "w": 0.9744584560394287,
          "x": -0.07083447277545929,
          "y": 0.12455322593450546,
          "z": -0.17291563749313354
        },
        "scale": {
          "x": 1.0,
          "y": 1.0,
          "z": 1.0
        },
        "matrix_basis": [
          [
            0.9091733694076538,
            0.3193528950214386,
            0.2672406733036041,
            0.0
          ],
          [
            -0.3546435236930847,
            0.9301652908325195,
            0.09497609734535217,
            0.0
          ],
          [
            -0.21824711561203003,
            -0.18112489581108093,
            0.95893794298172,
            0.0
          ],
          [
            0.0,
            0.0,
            0.0,
            1.0
          ]
        ],
        "rotation_mode": "QUATERNION"
      },
      "armature_space": {
        "head": {
          "x": -0.04420289397239685,
          "y": -0.059847794473171234,
          "z": 0.6546469926834106
        },
        "tail": {
          "x": -0.005382154136896133,
          "y": -0.03973514959216118,
          "z": 0.803447961807251
        }
      },
      "world_space": {
        "head": {
          "x": -0.04420289397239685,
          "y": 0.0033962056040763855,
          "z": 1.6045010089874268
        },
        "tail": {
          "x": -0.005382154136896133,
          "y": 0.02350885048508644,
          "z": 1.753301978111267
        },
        "rotation_quaternion": {
          "w": 0.7452730536460876,
          "x": 0.6544548273086548,
          "y": 0.09700343012809753,
          "z": -0.08274950832128525
        },
        "matrix": [
          [
            0.9674858450889587,
            0.2503106892108917,
            0.036274999380111694,
            -0.04420289397239685
          ],
          [
            0.00362512469291687,
            0.12968352437019348,
            -0.9915491938591003,
            0.0033962056040763855
          ],
          [
            -0.2529012858867645,
            0.9594477415084839,
            0.12455952912569046,
            1.6045010089874268
          ],
          [
            0.0,
            0.0,
            0.0,
            1.0
          ]
        ]
      },
      "bone_length_armature_space": 0.15509125351960465,
      "parent": "neck_01",
      "has_children": false,
      "is_end_bone": true
    },
    "upperarm_l": {
      "name": "upperarm_l",
      "local": {
        "location": {
          "x": 0.0,
          "y": 0.0,
          "z": 0.0
        },
        "rotation_quaternion": {
          "w": 0.8835088014602661,
          "x": 0.3197113871574402,
          "y": -0.22967657446861267,
          "z": 0.25386154651641846
        },
        "scale": {
          "x": 1.0,
          "y": 1.0,
          "z": 1.0
        },
        "matrix_basis": [
          [
            0.7656059861183167,
            -0.5954382419586182,
            -0.2435176968574524,
            0.0
          ],
          [
            0.3017174005508423,
            0.6666778922080994,
            -0.6815477609634399,
            0.0
          ],
          [
            0.5681673884391785,
            0.4483235478401184,
            0.6900665760040283,
            0.0
          ],
          [
            0.0,
            0.0,
            0.0,
            1.0
          ]
        ],
        "rotation_mode": "QUATERNION"
      },
      "armature_space": {
        "head": {
          "x": 0.12715420126914978,
          "y": -0.026000648736953735,
          "z": 0.49967634677886963
        },
        "tail": {
          "x": 0.30953723192214966,
          "y": -0.13501563668251038,
          "z": 0.6629557013511658
        }
      },
      "world_space": {
        "head": {
          "x": 0.12715420126914978,
          "y": 0.037243351340293884,
          "z": 1.4495303630828857
        },
        "tail": {
          "x": 0.30953723192214966,
          "y": -0.07177163660526276,
          "z": 1.612809658050537
        },
        "rotation_quaternion": {
          "w": 0.5416772365570068,
          "x": 0.6210616230964661,
          "y": 0.056341562420129776,
          "z": -0.5636433362960815
        },
        "matrix": [
          [
            0.3582650423049927,
            0.680611252784729,
            -0.6390731334686279,
            0.12715420126914978
          ],
          [
            -0.540642499923706,
            -0.4068187177181244,
            -0.7363454699516296,
            0.037243351340293884
          ],
          [
            -0.7611576914787292,
            0.6093208193778992,
            0.22221943736076355,
            1.4495303630828857
          ],
          [
            0.0,
            0.0,
            0.0,
            1.0
          ]
        ]
      },
      "bone_length_armature_space": 0.2679701234404175,
      "parent": "spine_01",
      "has_children": true,
      "is_end_bone": false
    },
    "lowerarm_l": {
      "name": "lowerarm_l",
      "local": {
        "location": {
          "x": 0.0,
          "y": 0.0,
          "z": 0.0
        },
        "rotation_quaternion": {
          "w": 0.9166584014892578,
          "x": 0.3095735013484955,
          "y": 0.20729835331439972,
          "z": -0.14466845989227295
        },
        "scale": {
          "x": 1.0,
          "y": 1.0,
          "z": 1.0
        },
        "matrix_basis": [
          [
            0.8721968531608582,
            0.39357128739356995,
            0.29047250747680664,
            0.0
          ],
          [
            -0.1368749588727951,
            0.7664705514907837,
            -0.6275253891944885,
            0.0
          ],
          [
            -0.46961459517478943,
            0.5075672268867493,
            0.7223832607269287,
            0.0
          ],
          [
            0.0,
            0.0,
            0.0,
            1.0
          ]
        ],
        "rotation_mode": "QUATERNION"
      },
      "armature_space": {
        "head": {
          "x": 0.30953720211982727,
          "y": -0.13501563668251038,
          "z": 0.6629558801651001
        },
        "tail": {
          "x": 0.3555007576942444,
          "y": -0.3783402442932129,
          "z": 0.7641979455947876
        }
      },
      "world_space": {
        "head": {
          "x": 0.30953720211982727,
          "y": -0.07177163660526276,
          "z": 1.6128098964691162
        },
        "tail": {
          "x": 0.3555007576942444,
          "y": -0.31509625911712646,
          "z": 1.7140519618988037
        },
        "rotation_quaternion": {
          "w": 0.2118735909461975,
          "x": 0.8514087796211243,
          "y": -0.018413351848721504,
          "z": -0.47945138812065125
        },
        "matrix": [
          [
            0.5395750999450684,
            0.17181068658828735,
            -0.824220597743988,
            0.30953720211982727
          ],
          [
            -0.23452085256576538,
            -0.9095414876937866,
            -0.34312474727630615,
            -0.07177163660526276
          ],
          [
            -0.8086212873458862,
            0.37844032049179077,
            -0.4504760205745697,
            1.6128098964691162
          ],
          [
            0.0,
            0.0,
            0.0,
            1.0
          ]
        ]
      },
      "bone_length_armature_space": 0.26752470868571765,
      "parent": "upperarm_l",
      "has_children": true,
      "is_end_bone": false
    },
    "metacarpal_thumb_l": {
      "name": "metacarpal_thumb_l",
      "local": {
        "location": {
          "x": 0.0,
          "y": 0.0,
          "z": 0.0
        },
        "rotation_quaternion": {
          "w": 0.9997915029525757,
          "x": 0.017659492790699005,
          "y": -0.0017236608546227217,
          "z": -0.010109907016158104
        },
        "scale": {
          "x": 1.0,
          "y": 1.0,
          "z": 1.0
        },
        "matrix_basis": [
          [
            0.9997896552085876,
            0.020154720172286034,
            -0.0038036745972931385,
            0.0
          ],
          [
            -0.020276475697755814,
            0.9991718530654907,
            -0.03527677059173584,
            0.0
          ],
          [
            0.003089531324803829,
            0.03534647449851036,
            0.9993703365325928,
            0.0
          ],
          [
            0.0,
            0.0,
            0.0,
            1.0
          ]
        ],
        "rotation_mode": "QUATERNION"
      },
      "armature_space": {
        "head": {
          "x": 0.3555007576942444,
          "y": -0.3783402442932129,
          "z": 0.7641979455947876
        },
        "tail": {
          "x": 0.34483602643013,
          "y": -0.4262606203556061,
          "z": 0.7576035261154175
        }
      },
      "world_space": {
        "head": {
          "x": 0.3555007576942444,
          "y": -0.31509625911712646,
          "z": 1.7140519618988037
        },
        "tail": {
          "x": 0.34483602643013,
          "y": -0.36301660537719727,
          "z": 1.7074575424194336
        },
        "rotation_quaternion": {
          "w": 0.03342030569911003,
          "x": -0.9507457613945007,
          "y": 0.12315798550844193,
          "z": -0.28248482942581177
        },
        "matrix": [
          [
            0.810068666934967,
            -0.21530278027057648,
            0.5453744530677795,
            0.3555007576942444
          ],
          [
            -0.25306543707847595,
            -0.9674302935600281,
            -0.006033074110746384,
            -0.31509625911712646
          ],
          [
            0.528914213180542,
            -0.13312992453575134,
            -0.8381767272949219,
            1.7140519618988037
          ],
          [
            0.0,
            0.0,
            0.0,
            1.0
          ]
        ]
      },
      "bone_length_armature_space": 0.049533679478621466,
      "parent": "lowerarm_l",
      "has_children": true,
      "is_end_bone": false
    },
    "thumb_01_l": {
      "name": "thumb_01_l",
      "local": {
        "location": {
          "x": 0.0,
          "y": 0.0,
          "z": 0.0
        },
        "rotation_quaternion": {
          "w": 0.953361451625824,
          "x": 0.30066540837287903,
          "y": 0.017704585567116737,
          "z": 0.019722821190953255
        },
        "scale": {
          "x": 1.0,
          "y": 1.0,
          "z": 1.0
        },
        "matrix_basis": [
          [
            0.998595118522644,
            -0.02695964276790619,
            0.04561767727136612,
            0.0
          ],
          [
            0.04825226962566376,
            0.8184226155281067,
            -0.572587251663208,
            0.0
          ],
          [
            -0.021897798404097557,
            0.5739839673042297,
            0.8185737133026123,
            0.0
          ],
          [
            0.0,
            0.0,
            0.0,
            1.0
          ]
        ],
        "rotation_mode": "QUATERNION"
      },
      "armature_space": {
        "head": {
          "x": 0.34483602643013,
          "y": -0.4262606203556061,
          "z": 0.7576035261154175
        },
        "tail": {
          "x": 0.3661840260028839,
          "y": -0.44916287064552307,
          "z": 0.7442476749420166
        }
      },
      "world_space": {
        "head": {
          "x": 0.34483602643013,
          "y": -0.36301660537719727,
          "z": 1.7074575424194336
        },
        "tail": {
          "x": 0.3661840260028839,
          "y": -0.38591885566711426,
          "z": 1.6941016912460327
        },
        "rotation_quaternion": {
          "w": 0.39202097058296204,
          "x": -0.2793809175491333,
          "y": 0.0995158925652504,
          "z": -0.8708401322364807
        },
        "matrix": [
          [
            -0.5365307331085205,
            0.6271705627441406,
            0.5646165013313293,
            0.34483602643013
          ],
          [
            -0.7383807897567749,
            -0.6728321313858032,
            0.04572334885597229,
            -0.36301660537719727
          ],
          [
            0.408570796251297,
            -0.39237329363822937,
            0.8240917921066284,
            1.7074575424194336
          ],
          [
            0.0,
            0.0,
            0.0,
            1.0
          ]
        ]
      },
      "bone_length_armature_space": 0.034038638608894875,
      "parent": "metacarpal_thumb_l",
      "has_children": true,
      "is_end_bone": false
    },
    "thumb_02_l": {
      "name": "thumb_02_l",
      "local": {
        "location": {
          "x": 0.0,
          "y": 0.0,
          "z": 0.0
        },
        "rotation_quaternion": {
          "w": 0.9017990827560425,
          "x": 0.4319789707660675,
          "y": -0.003425342496484518,
          "z": -0.011869335547089577
        },
        "scale": {
          "x": 1.0,
          "y": 1.0,
          "z": 1.0
        },
        "matrix_basis": [
          [
            0.9996947646141052,
            0.018448159098625183,
            -0.016432547941803932,
            0.0
          ],
          [
            -0.024366863071918488,
            0.6265065670013428,
            -0.7790351510047913,
            0.0
          ],
          [
            -0.0040766652673482895,
            0.7791978120803833,
            0.6267648935317993,
            0.0
          ],
          [
            0.0,
            0.0,
            0.0,
            1.0
          ]
        ],
        "rotation_mode": "QUATERNION"
      },
      "armature_space": {
        "head": {
          "x": 0.3661839962005615,
          "y": -0.4491628408432007,
          "z": 0.7442476153373718
        },
        "tail": {
          "x": 0.35915622115135193,
          "y": -0.4562958776950836,
          "z": 0.7831439971923828
        }
      },
      "world_space": {
        "head": {
          "x": 0.3661839962005615,
          "y": -0.38591885566711426,
          "z": 1.6941015720367432
        },
        "tail": {
          "x": 0.35915622115135193,
          "y": -0.3930518627166748,
          "z": 1.732998013496399
        },
        "rotation_quaternion": {
          "w": 0.10665609687566757,
          "x": 0.26012593507766724,
          "y": -0.6323184967041016,
          "z": -0.7218949794769287
        },
        "matrix": [
          [
            -0.8419186472892761,
            -0.17497535049915314,
            -0.5104473233222961,
            0.3661839962005615
          ],
          [
            -0.4829525649547577,
            -0.17759564518928528,
            0.8574476838111877,
            -0.38591885566711426
          ],
          [
            -0.24068760871887207,
            0.9684298634529114,
            0.06501743197441101,
            1.6941015720367432
          ],
          [
            0.0,
            0.0,
            0.0,
            1.0
          ]
        ]
      },
      "bone_length_armature_space": 0.04016464059194172,
      "parent": "thumb_01_l",
      "has_children": true,
      "is_end_bone": false
    },
    "thumb_03_l": {
      "name": "thumb_03_l",
      "local": {
        "location": {
          "x": 0.0,
          "y": 0.0,
          "z": 0.0
        },
        "rotation_quaternion": {
          "w": 0.9892246127128601,
          "x": 0.14623980224132538,
          "y": -0.004233297426253557,
          "z": 0.0055376277305185795
        },
        "scale": {
          "x": 1.0,
          "y": 1.0,
          "z": 1.0
        },
        "matrix_basis": [
          [
            0.9999028444290161,
            -0.012194068171083927,
            -0.00675572082400322,
            0.0
          ],
          [
            0.009717762470245361,
            0.9571664929389954,
            -0.2893749177455902,
            0.0
          ],
          [
            0.009995006956160069,
            0.28928112983703613,
            0.9571920037269592,
            0.0
          ],
          [
            0.0,
            0.0,
            0.0,
            1.0
          ]
        ],
        "rotation_mode": "QUATERNION"
      },
      "armature_space": {
        "head": {
          "x": 0.35915622115135193,
          "y": -0.4562959372997284,
          "z": 0.783143937587738
        },
        "tail": {
          "x": 0.34785714745521545,
          "y": -0.4464183449745178,
          "z": 0.8096328973770142
        }
      },
      "world_space": {
        "head": {
          "x": 0.35915622115135193,
          "y": -0.3930519223213196,
          "z": 1.7329978942871094
        },
        "tail": {
          "x": 0.34785714745521545,
          "y": -0.3831743597984314,
          "z": 1.7594869136810303
        },
        "rotation_quaternion": {
          "w": 0.2151062935590744,
          "x": 0.3612298369407654,
          "y": -0.7848249077796936,
          "z": -0.4552934765815735
        },
        "matrix": [
          [
            -0.6464831829071045,
            -0.3711318373680115,
            -0.6665738224983215,
            0.35915622115135193
          ],
          [
            -0.7628783583641052,
            0.32444143295288086,
            0.5592445135116577,
            -0.3930519223213196
          ],
          [
            0.008710157126188278,
            0.8700634241104126,
            -0.4928774833679199,
            1.7329978942871094
          ],
          [
            0.0,
            0.0,
            0.0,
            1.0
          ]
        ]
      },
      "bone_length_armature_space": 0.030445047136403083,
      "parent": "thumb_02_l",
      "has_children": false,
      "is_end_bone": true
    },
    "metacarpal_index_l": {
      "name": "metacarpal_index_l",
      "local": {
        "location": {
          "x": 0.0,
          "y": 0.0,
          "z": 0.0
        },
        "rotation_quaternion": {
          "w": 0.9990831017494202,
          "x": -0.04146590083837509,
          "y": 0.0035538680385798216,
          "z": 0.010048570111393929
        },
        "scale": {
          "x": 1.0,
          "y": 1.0,
          "z": 1.0
        },
        "matrix_basis": [
          [
            0.9997727870941162,
            -0.02037344127893448,
            0.006267873104661703,
            0.0
          ],
          [
            0.01978398486971855,
            0.9963592290878296,
            0.08292718231678009,
            0.0
          ],
          [
            -0.007934564724564552,
            -0.08278433978557587,
            0.9965358972549438,
            0.0
          ],
          [
            0.0,
            0.0,
            0.0,
            1.0
          ]
        ],
        "rotation_mode": "QUATERNION"
      },
      "armature_space": {
        "head": {
          "x": 0.3555007576942444,
          "y": -0.3783402442932129,
          "z": 0.7641979455947876
        },
        "tail": {
          "x": 0.34648752212524414,
          "y": -0.4910261332988739,
          "z": 0.7950180172920227
        }
      },
      "world_space": {
        "head": {
          "x": 0.3555007576942444,
          "y": -0.31509625911712646,
          "z": 1.7140519618988037
        },
        "tail": {
          "x": 0.34648752212524414,
          "y": -0.4277821183204651,
          "z": 1.7448720932006836
        },
        "rotation_quaternion": {
          "w": 0.13204725086688995,
          "x": 0.9902111291885376,
          "y": -0.0412997268140316,
          "z": -0.01843157410621643
        },
        "matrix": [
          [
            0.9959090948104858,
            -0.0769231915473938,
            -0.047409262508153915,
            0.3555007576942444
          ],
          [
            -0.08665862679481506,
            -0.9617156982421875,
            -0.2599872648715973,
            -0.31509625911712646
          ],
          [
            -0.02559565007686615,
            0.2630331516265869,
            -0.9644545316696167,
            1.7140519618988037
          ],
          [
            0.0,
            0.0,
            0.0,
            1.0
          ]
        ]
      },
      "bone_length_armature_space": 0.11717177334575436,
      "parent": "lowerarm_l",
      "has_children": true,
      "is_end_bone": false
    },
    "index_01_l": {
      "name": "index_01_l",
      "local": {
        "location": {
          "x": 0.0,
          "y": 0.0,
          "z": 0.0
        },
        "rotation_quaternion": {
          "w": 0.9423442482948303,
          "x": 0.3343360722064972,
          "y": 0.009123353287577629,
          "z": 0.01111479103565216
        },
        "scale": {
          "x": 1.0,
          "y": 1.0,
          "z": 1.0
        },
        "matrix_basis": [
          [
            0.9995864629745483,
            -0.014847386628389359,
            0.024626830592751503,
            0.0
          ],
          [
            0.027048451825976372,
            0.7761917114257812,
            -0.6299165487289429,
            0.0
          ],
          [
            -0.009762527421116829,
            0.6303221583366394,
            0.7762722969055176,
            0.0
          ],
          [
            0.0,
            0.0,
            0.0,
            1.0
          ]
        ],
        "rotation_mode": "QUATERNION"
      },
      "armature_space": {
        "head": {
          "x": 0.34648752212524414,
          "y": -0.4910261332988739,
          "z": 0.7950180172920227
        },
        "tail": {
          "x": 0.35221561789512634,
          "y": -0.5176250338554382,
          "z": 0.7864881753921509
        }
      },
      "world_space": {
        "head": {
          "x": 0.34648752212524414,
          "y": -0.4277821183204651,
          "z": 1.7448720932006836
        },
        "tail": {
          "x": 0.35221561789512634,
          "y": -0.4543810486793518,
          "z": 1.736342191696167
        },
        "rotation_quaternion": {
          "w": 0.1455603539943695,
          "x": -0.9811936020851135,
          "y": -0.1113559678196907,
          "z": 0.060589976608753204
        },
        "matrix": [
          [
            0.967857301235199,
            0.200884610414505,
            -0.15131913125514984,
            0.34648752212524414
          ],
          [
            0.23616260290145874,
            -0.9328242540359497,
            0.2721511423587799,
            -0.4277821183204651
          ],
          [
            -0.08648379147052765,
            -0.29914236068725586,
            -0.9502886533737183,
            1.7448720932006836
          ],
          [
            0.0,
            0.0,
            0.0,
            1.0
          ]
        ]
      },
      "bone_length_armature_space": 0.0285143958088702,
      "parent": "metacarpal_index_l",
      "has_children": true,
      "is_end_bone": false
    },
    "index_02_l": {
      "name": "index_02_l",
      "local": {
        "location": {
          "x": 0.0,
          "y": 0.0,
          "z": 0.0
        },
        "rotation_quaternion": {
          "w": 0.8913847208023071,
          "x": 0.45314717292785645,
          "y": -0.0068942951038479805,
          "z": 0.006599747110158205
        },
        "scale": {
          "x": 1.0,
          "y": 1.0,
          "z": 1.0
        },
        "matrix_basis": [
          [
            0.9998178482055664,
            -0.0180140882730484,
            -0.00630962522700429,
            0.0
          ],
          [
            0.005517566576600075,
            0.5892281532287598,
            -0.8079479336738586,
            0.0
          ],
          [
            0.01827225275337696,
            0.8077659606933594,
            0.5892202258110046,
            0.0
          ],
          [
            0.0,
            0.0,
            0.0,
            1.0
          ]
        ],
        "rotation_mode": "QUATERNION"
      },
      "armature_space": {
        "head": {
          "x": 0.35221540927886963,
          "y": -0.5176253318786621,
          "z": 0.7864877581596375
        },
        "tail": {
          "x": 0.35106799006462097,
          "y": -0.5272705554962158,
          "z": 0.7627443075180054
        }
      },
      "world_space": {
        "head": {
          "x": 0.35221540927886963,
          "y": -0.4543813467025757,
          "z": 1.7363417148590088
        },
        "tail": {
          "x": 0.35106799006462097,
          "y": -0.4640265703201294,
          "z": 1.7125983238220215
        },
        "rotation_quaternion": {
          "w": 0.5539438724517822,
          "x": -0.8164694905281067,
          "y": -0.07178980112075806,
          "z": 0.14618457853794098
        },
        "matrix": [
          [
            0.9469527006149292,
            -0.044727474451065063,
            -0.3182450234889984,
            0.35221540927886963
          ],
          [
            0.2791839838027954,
            -0.37598538398742676,
            0.8835674524307251,
            -0.4543813467025757
          ],
          [
            -0.15917626023292542,
            -0.925552487373352,
            -0.34355485439300537,
            1.7363417148590088
          ],
          [
            0.0,
            0.0,
            0.0,
            1.0
          ]
        ]
      },
      "bone_length_armature_space": 0.025653427592242074,
      "parent": "index_01_l",
      "has_children": true,
      "is_end_bone": false
    },
    "index_03_l": {
      "name": "index_03_l",
      "local": {
        "location": {
          "x": 0.0,
          "y": 0.0,
          "z": 0.0
        },
        "rotation_quaternion": {
          "w": 0.9316481351852417,
          "x": 0.3633052706718445,
          "y": 0.0011099748080596328,
          "z": 0.006308898329734802
        },
        "scale": {
          "x": 1.0,
          "y": 1.0,
          "z": 1.0
        },
        "matrix_basis": [
          [
            0.9999179244041443,
            -0.010948827490210533,
            0.006652323994785547,
            0.0
          ],
          [
            0.012561866082251072,
            0.7359389662742615,
            -0.6769313216209412,
            0.0
          ],
          [
            0.002515900181606412,
            0.6769593358039856,
            0.7360160946846008,
            0.0
          ],
          [
            0.0,
            0.0,
            0.0,
            1.0
          ]
        ],
        "rotation_mode": "QUATERNION"
      },
      "armature_space": {
        "head": {
          "x": 0.35106804966926575,
          "y": -0.5272707343101501,
          "z": 0.7627443671226501
        },
        "tail": {
          "x": 0.34613656997680664,
          "y": -0.5147194266319275,
          "z": 0.7368236184120178
        }
      },
      "world_space": {
        "head": {
          "x": 0.35106804966926575,
          "y": -0.4640267491340637,
          "z": 1.7125983238220215
        },
        "tail": {
          "x": 0.34613656997680664,
          "y": -0.45147544145584106,
          "z": 1.6866776943206787
        },
        "rotation_quaternion": {
          "w": 0.8447222113609314,
          "x": -0.5200613737106323,
          "y": -0.03502627834677696,
          "z": 0.12146586924791336
        },
        "matrix": [
          [
            0.9680381417274475,
            -0.16877833008766174,
            -0.18551501631736755,
            0.35106804966926575
          ],
          [
            0.2416420727968216,
            0.42956405878067017,
            0.8701055645942688,
            -0.4640267491340637
          ],
          [
            -0.0671648159623146,
            -0.8871297836303711,
            0.45662248134613037,
            1.7125983238220215
          ],
          [
            0.0,
            0.0,
            0.0,
            1.0
          ]
        ]
      },
      "bone_length_armature_space": 0.02921882996404369,
      "parent": "index_02_l",
      "has_children": false,
      "is_end_bone": true
    },
    "metacarpal_pinky_l": {
      "name": "metacarpal_pinky_l",
      "local": {
        "location": {
          "x": 0.0,
          "y": 0.0,
          "z": 0.0
        },
        "rotation_quaternion": {
          "w": 0.999819278717041,
          "x": -0.012670647352933884,
          "y": 0.014143934473395348,
          "z": -0.0009720355737954378
        },
        "scale": {
          "x": 1.0,
          "y": 1.0,
          "z": 1.0
        },
        "matrix_basis": [
          [
            0.9995980262756348,
            0.0015852941432967782,
            0.028307389467954636,
            0.0
          ],
          [
            -0.002302145352587104,
            0.9996770024299622,
            0.02530921809375286,
            0.0
          ],
          [
            -0.028258124366402626,
            -0.025364212691783905,
            0.9992787837982178,
            0.0
          ],
          [
            0.0,
            0.0,
            0.0,
            1.0
          ]
        ],
        "rotation_mode": "QUATERNION"
      },
      "armature_space": {
        "head": {
          "x": 0.3555007576942444,
          "y": -0.3783402442932129,
          "z": 0.7641979455947876
        },
        "tail": {
          "x": 0.4006904065608978,
          "y": -0.4580957889556885,
          "z": 0.813596248626709
        }
      },
      "world_space": {
        "head": {
          "x": 0.3555007576942444,
          "y": -0.31509625911712646,
          "z": 1.7140519618988037
        },
        "tail": {
          "x": 0.4006904065608978,
          "y": -0.39485180377960205,
          "z": 1.763450264930725
        },
        "rotation_quaternion": {
          "w": 0.31061655282974243,
          "x": 0.3636678159236908,
          "y": -0.14338287711143494,
          "z": -0.8664321303367615
        },
        "matrix": [
          [
            -0.5425255298614502,
            0.4339701533317566,
            -0.719260573387146,
            0.3555007576942444
          ],
          [
            -0.6425443887710571,
            -0.7659171223640442,
            0.022539209574460983,
            -0.31509625911712646
          ],
          [
            -0.5411169528961182,
            0.474387526512146,
            0.6943797469139099,
            1.7140519618988037
          ],
          [
            0.0,
            0.0,
            0.0,
            1.0
          ]
        ]
      },
      "bone_length_armature_space": 0.1041308946331286,
      "parent": "lowerarm_l",
      "has_children": true,
      "is_end_bone": false
    },
    "pinky_01_l": {
      "name": "pinky_01_l",
      "local": {
        "location": {
          "x": 0.0,
          "y": 0.0,
          "z": 0.0
        },
        "rotation_quaternion": {
          "w": 0.9437710046768188,
          "x": 0.3304433822631836,
          "y": 0.00813736766576767,
          "z": 0.006110743619501591
        },
        "scale": {
          "x": 1.0,
          "y": 1.0,
          "z": 1.0
        },
        "matrix_basis": [
          [
            0.9997928738594055,
            -0.006156406830996275,
            0.01939813233911991,
            0.0
          ],
          [
            0.01691216416656971,
            0.7815396785736084,
            -0.6236262917518616,
            0.0
          ],
          [
            -0.01132111344486475,
            0.623825192451477,
            0.781481921672821,
            0.0
          ],
          [
            0.0,
            0.0,
            0.0,
            1.0
          ]
        ],
        "rotation_mode": "QUATERNION"
      },
      "armature_space": {
        "head": {
          "x": 0.4006904065608978,
          "y": -0.4580957889556885,
          "z": 0.813596248626709
        },
