{
  "metadata": {
    "armature_name": "KIM_caucasian_male",
    "export_time": "2026-01-13T21:05:46.332301",
    "blender_version": "4.4.1",
    "bone_count": 56,
    "end_bone_count": 13,
    "spaces_included": [
      "LOCAL_CHANNELS",
      "ARMATURE_SPACE",
      "WORLD_SPACE"
    ],
    "note": "LOCAL matches Transform panel; replay pose via local.matrix_basis for best fidelity."
  },
  "bones": {
    "Root": {
      "name": "Root",
      "local": {
        "location": {
          "x": 0.0,
          "y": 0.0,
          "z": 0.0
        },
        "rotation_quaternion": {
          "w": 0.999765157699585,
          "x": 0.013164669275283813,
          "y": -0.003722083754837513,
          "z": 0.016806185245513916
        },
        "scale": {
          "x": 1.0,
          "y": 1.0,
          "z": 1.0
        },
        "matrix_basis": [
          [
            0.9994074106216431,
            -0.03370247781276703,
            -0.0069999233819544315,
            0.0
          ],
          [
            0.033506475389003754,
            0.99908846616745,
            -0.026448262855410576,
            0.0
          ],
          [
            0.007884914986789227,
            0.026198048144578934,
            0.9996256828308105,
            0.0
          ],
          [
            0.0,
            0.0,
            0.0,
            1.0
          ]
        ],
        "rotation_mode": "QUATERNION"
      },
      "armature_space": {
        "head": {
          "x": 0.0,
          "y": 0.07072800397872925,
          "z": -0.009595036506652832
        },
        "tail": {
          "x": -0.002405543578788638,
          "y": -0.00018689781427383423,
          "z": -0.0018616952002048492
        }
      },
      "world_space": {
        "head": {
          "x": 0.0,
          "y": 0.13397200405597687,
          "z": 0.9402589797973633
        },
        "tail": {
          "x": -0.002405543578788638,
          "y": 0.06305710226297379,
          "z": 0.9479923248291016
        },
        "rotation_quaternion": {
          "w": 0.05421708524227142,
          "x": 0.9983808994293213,
          "y": -0.01701875776052475,
          "z": -0.0025814324617385864
        },
        "matrix": [
          [
            0.9994074106216431,
            -0.03370247781276703,
            -0.0069999233819544315,
            0.0
          ],
          [
            -0.03426231071352959,
            -0.9935417175292969,
            -0.10817117989063263,
            0.13397200405597687
          ],
          [
            -0.00330913532525301,
            0.10834672302007675,
            -0.9941146969795227,
            0.9402589797973633
          ],
          [
            0.0,
            0.0,
            0.0,
            1.0
          ]
        ]
      },
      "bone_length_armature_space": 0.07137586927017939,
      "parent": null,
      "has_children": true,
      "is_end_bone": false
    },
    "spine_01": {
      "name": "spine_01",
      "local": {
        "location": {
          "x": 0.0,
          "y": 0.0,
          "z": 0.0
        },
        "rotation_quaternion": {
          "w": 0.9955765008926392,
          "x": -0.03903549909591675,
          "y": -0.049825266003608704,
          "z": 0.06943555921316147
        },
        "scale": {
          "x": 1.0,
          "y": 1.0,
          "z": 1.0
        },
        "matrix_basis": [
          [
            0.9853922724723816,
            -0.13436691462993622,
            -0.10463063418865204,
            0.0
          ],
          [
            0.1421467363834381,
            0.9873098731040955,
            0.0708063617348671,
            0.0
          ],
          [
            0.09378882497549057,
            -0.08464494347572327,
            0.9919873476028442,
            0.0
          ],
          [
            0.0,
            0.0,
            0.0,
            1.0
          ]
        ],
        "rotation_mode": "QUATERNION"
      },
      "armature_space": {
        "head": {
          "x": -0.002405543578788638,
          "y": -0.00018689781427383423,
          "z": -0.0018616952002048492
        },
        "tail": {
          "x": -0.06459462642669678,
          "y": 0.05313905328512192,
          "z": 0.4792177081108093
        }
      },
      "world_space": {
        "head": {
          "x": -0.002405543578788638,
          "y": 0.06305710226297379,
          "z": 0.9479923248291016
        },
        "tail": {
          "x": -0.06459462642669678,
          "y": 0.11638305336236954,
          "z": 1.4290716648101807
        },
        "rotation_quaternion": {
          "w": 0.7387310266494751,
          "x": 0.6673547625541687,
          "y": -0.09441029280424118,
          "z": 0.0009652140433900058
        },
        "matrix": [
          [
            0.9821715950965881,
            -0.1274363249540329,
            -0.13819849491119385,
            -0.002405543578788638
          ],
          [
            -0.12458331137895584,
            0.10927421599626541,
            -0.9861735701560974,
            0.06305710226297379
          ],
          [
            0.14077673852443695,
            0.9858159422874451,
            0.09144933521747589,
            0.9479923248291016
          ],
          [
            0.0,
            0.0,
            0.0,
            1.0
          ]
        ]
      },
      "bone_length_armature_space": 0.4880046354217275,
      "parent": "Root",
      "has_children": true,
      "is_end_bone": false
    },
    "neck_01": {
      "name": "neck_01",
      "local": {
        "location": {
          "x": 0.0,
          "y": 0.0,
          "z": 0.0
        },
        "rotation_quaternion": {
          "w": 0.9968879222869873,
          "x": 0.010845255106687546,
          "y": -0.05953536927700043,
          "z": 0.05052166432142258
        },
        "scale": {
          "x": 1.0,
          "y": 1.0,
          "z": 1.0
        },
        "matrix_basis": [
          [
            0.9878062009811401,
            -0.10202022641897202,
            -0.1176043376326561,
            0.0
          ],
          [
            0.09943751990795135,
            0.9946599006652832,
            -0.02763865888118744,
            0.0
          ],
          [
            0.119796022772789,
            0.01560735609382391,
            0.9926758408546448,
            0.0
          ],
          [
            0.0,
            0.0,
            0.0,
            1.0
          ]
        ],
        "rotation_mode": "QUATERNION"
      },
      "armature_space": {
        "head": {
          "x": -0.07871810346841812,
          "y": 0.026939012110233307,
          "z": 0.5545691251754761
        },
        "tail": {
          "x": -0.10649393498897552,
          "y": -0.0011629369109869003,
          "z": 0.6491710543632507
        }
      },
      "world_space": {
        "head": {
          "x": -0.07871810346841812,
          "y": 0.09018301218748093,
          "z": 1.5044231414794922
        },
        "tail": {
          "x": -0.10649393498897552,
          "y": 0.06208106130361557,
          "z": 1.599025011062622
        },
        "rotation_quaternion": {
          "w": 0.5784872174263,
          "x": 0.7981542944908142,
          "y": -0.16822077333927155,
          "z": 0.0020699515007436275
        },
        "matrix": [
          [
            0.9433946013450623,
            -0.2709273397922516,
            -0.1913241147994995,
            -0.07871810346841812
          ],
          [
            -0.26613861322402954,
            -0.27410829067230225,
            -0.9241403341293335,
            0.09018301218748093
          ],
          [
            0.19793245196342468,
            0.9227538108825684,
            -0.3306996524333954,
            1.5044231414794922
          ],
          [
            0.0,
            0.0,
            0.0,
            1.0
          ]
        ]
      },
      "bone_length_armature_space": 0.10252190514481602,
      "parent": "spine_01",
      "has_children": true,
      "is_end_bone": false
    },
    "head": {
      "name": "head",
      "local": {
        "location": {
          "x": 0.0,
          "y": 0.0,
          "z": 0.0
        },
        "rotation_quaternion": {
          "w": 0.9929932951927185,
          "x": -0.05771876499056816,
          "y": -0.07434295862913132,
          "z": 0.07145608961582184
        },
        "scale": {
          "x": 1.0,
          "y": 1.0,
          "z": 1.0
        },
        "matrix_basis": [
          [
            0.9787343144416809,
            -0.1333288699388504,
            -0.15589283406734467,
            0.0
          ],
          [
            0.1504928022623062,
            0.9831251502037048,
            0.10400418192148209,
            0.0
          ],
          [
            0.13939540088176727,
            -0.12525320053100586,
            0.982283353805542,
            0.0
          ],
          [
            0.0,
            0.0,
            0.0,
            1.0
          ]
        ],
        "rotation_mode": "QUATERNION"
      },
      "armature_space": {
        "head": {
          "x": -0.10649394989013672,
          "y": -0.0011630598455667496,
          "z": 0.6491709351539612
        },
        "tail": {
          "x": -0.14861929416656494,
          "y": 0.035041771829128265,
          "z": 0.7939741015434265
        }
      },
      "world_space": {
        "head": {
          "x": -0.10649394989013672,
          "y": 0.06208094209432602,
          "z": 1.599025011062622
        },
        "tail": {
          "x": -0.14861929416656494,
          "y": 0.09828577190637589,
          "z": 1.7438280582427979
        },
        "rotation_quaternion": {
          "w": 0.7389811277389526,
          "x": 0.6179008483886719,
          "y": -0.26575979590415955,
          "z": -0.03843652084469795
        },
        "matrix": [
          [
            0.8557895421981812,
            -0.2716183066368103,
            -0.4402814507484436,
            -0.10649394989013672
          ],
          [
            -0.3852323293685913,
            0.2334437072277069,
            -0.8928048610687256,
            0.06208094209432602
          ],
          [
            0.3452851176261902,
            0.9336704611778259,
            0.09514236450195312,
            1.599025011062622
          ],
          [
            0.0,
            0.0,
            0.0,
            1.0
          ]
        ]
      },
      "bone_length_armature_space": 0.15509123428484617,
      "parent": "neck_01",
      "has_children": false,
      "is_end_bone": true
    },
    "upperarm_l": {
      "name": "upperarm_l",
      "local": {
        "location": {
          "x": 0.0,
          "y": 0.0,
          "z": 0.0
        },
        "rotation_quaternion": {
          "w": 0.9044738411903381,
          "x": 0.3648952543735504,
          "y": -0.022701453417539597,
          "z": -0.2196892946958542
        },
        "scale": {
          "x": 1.0,
          "y": 1.0,
          "z": 1.0
        },
        "matrix_basis": [
          [
            0.9024425148963928,
            0.38083913922309875,
            -0.20139290392398834,
            0.0
          ],
          [
            -0.41397374868392944,
            0.6371761560440063,
            -0.650101900100708,
            0.0
          ],
          [
            -0.11926142126321793,
            0.6700509786605835,
            0.7326722145080566,
            0.0
          ],
          [
            0.0,
            0.0,
            0.0,
            1.0
          ]
        ],
        "rotation_mode": "QUATERNION"
      },
      "armature_space": {
        "head": {
          "x": 0.0767316147685051,
          "y": -0.0022375956177711487,
          "z": 0.5097228288650513
        },
        "tail": {
          "x": 0.2392931580543518,
          "y": -0.20398640632629395,
          "z": 0.4413203299045563
        }
      },
      "world_space": {
        "head": {
          "x": 0.0767316147685051,
          "y": 0.06100640445947647,
          "z": 1.4595768451690674
        },
        "tail": {
          "x": 0.2392931580543518,
          "y": -0.14074240624904633,
          "z": 1.39117431640625
        },
        "rotation_quaternion": {
          "w": 0.17623062431812286,
          "x": 0.5645889043807983,
          "y": 0.3041437566280365,
          "z": -0.7467789649963379
        },
        "matrix": [
          [
            -0.3003647029399872,
            0.6066421270370483,
            -0.7360478639602661,
            0.0767316147685051
          ],
          [
            0.08022059500217438,
            -0.7528799176216125,
            -0.6532511115074158,
            0.06100640445947647
          ],
          [
            -0.9504516124725342,
            -0.2552622854709625,
            0.17747396230697632,
            1.4595768451690674
          ],
          [
            0.0,
            0.0,
            0.0,
            1.0
          ]
        ]
      },
      "bone_length_armature_space": 0.2679696638088938,
      "parent": "spine_01",
      "has_children": true,
      "is_end_bone": false
    },
    "lowerarm_l": {
      "name": "lowerarm_l",
      "local": {
        "location": {
          "x": 0.0,
          "y": 0.0,
          "z": 0.0
        },
        "rotation_quaternion": {
          "w": 0.98238605260849,
          "x": 0.09317581355571747,
          "y": -0.051089514046907425,
          "z": -0.15370699763298035
        },
        "scale": {
          "x": 1.0,
          "y": 1.0,
          "z": 1.0
        },
        "matrix_basis": [
          [
            0.947528064250946,
            0.29247862100601196,
            -0.12902280688285828,
            0.0
          ],
          [
            -0.3115198314189911,
            0.9353848695755005,
            -0.16736361384391785,
            0.0
          ],
          [
            0.07173570245504379,
            0.19877487421035767,
            0.9774162769317627,
            0.0
          ],
          [
            0.0,
            0.0,
            0.0,
            1.0
          ]
        ],
        "rotation_mode": "QUATERNION"
      },
      "armature_space": {
        "head": {
          "x": 0.2392932027578354,
          "y": -0.2039865106344223,
          "z": 0.44132041931152344
        },
        "tail": {
          "x": 0.304510235786438,
          "y": -0.4450375735759735,
          "z": 0.34534820914268494
        }
      },
      "world_space": {
        "head": {
          "x": 0.2392932027578354,
          "y": -0.14074251055717468,
          "z": 1.3911744356155396
        },
        "tail": {
          "x": 0.304510235786438,
          "y": -0.3817935585975647,
          "z": 1.2952022552490234
        },
        "rotation_quaternion": {
          "w": 0.02294304035604,
          "x": 0.46187812089920044,
          "y": 0.22125214338302612,
          "z": -0.8585975766181946
        },
        "matrix": [
          [
            -0.5722849369049072,
            0.243779718875885,
            -0.7829824090003967,
            0.2392932027578354
          ],
          [
            0.16498476266860962,
            -0.9010429978370667,
            -0.40112578868865967,
            -0.14074251055717468
          ],
          [
            -0.8032925128936768,
            -0.35874176025390625,
            0.47543635964393616,
            1.3911744356155396
          ],
          [
            0.0,
            0.0,
            0.0,
            1.0
          ]
        ]
      },
      "bone_length_armature_space": 0.26752484010318084,
      "parent": "upperarm_l",
      "has_children": true,
      "is_end_bone": false
    },
    "metacarpal_thumb_l": {
      "name": "metacarpal_thumb_l",
      "local": {
        "location": {
          "x": 0.0,
          "y": 0.0,
          "z": 0.0
        },
        "rotation_quaternion": {
          "w": 0.9998355507850647,
          "x": 0.011167092248797417,
          "y": -0.004707108251750469,
          "z": -0.013496785424649715
        },
        "scale": {
          "x": 1.0,
          "y": 1.0,
          "z": 1.0
        },
        "matrix_basis": [
          [
            0.9995913505554199,
            0.02688400261104107,
            -0.00971410796046257,
            0.0
          ],
          [
            -0.027094261720776558,
            0.9993862509727478,
            -0.02220344915986061,
            0.0
          ],
          [
            0.00911122839897871,
            0.02245757356286049,
            0.9997062683105469,
            0.0
          ],
          [
            0.0,
            0.0,
            0.0,
            1.0
          ]
        ],
        "rotation_mode": "QUATERNION"
      },
      "armature_space": {
        "head": {
          "x": 0.304510235786438,
          "y": -0.4450375735759735,
          "z": 0.34534820914268494
        },
        "tail": {
          "x": 0.2864104211330414,
          "y": -0.4902379512786865,
          "z": 0.3362427353858948
        }
      },
      "world_space": {
        "head": {
          "x": 0.304510235786438,
          "y": -0.3817935585975647,
          "z": 1.2952022552490234
        },
        "tail": {
          "x": 0.2864104211330414,
          "y": -0.4269939661026001,
          "z": 1.2860968112945557
        },
        "rotation_quaternion": {
          "w": 0.15163077414035797,
          "x": -0.9202802181243896,
          "y": 0.1440453678369522,
          "z": 0.3306712508201599
        },
        "matrix": [
          [
            0.7398152351379395,
            -0.3654041886329651,
            -0.5649365782737732,
            0.304510235786438
          ],
          [
            -0.16484490036964417,
            -0.9125181436538696,
            0.37434858083724976,
            -0.3817935585975647
          ],
          [
            -0.6523082852363586,
            -0.18382401764392853,
            -0.735334575176239,
            1.2952022552490234
          ],
          [
            0.0,
            0.0,
            0.0,
            1.0
          ]
        ]
      },
      "bone_length_armature_space": 0.049533697252199416,
      "parent": "lowerarm_l",
      "has_children": true,
      "is_end_bone": false
    },
    "thumb_01_l": {
      "name": "thumb_01_l",
      "local": {
        "location": {
          "x": 0.0,
          "y": 0.0,
          "z": 0.0
        },
        "rotation_quaternion": {
          "w": 0.9997981786727905,
          "x": 0.011108923703432083,
          "y": -0.01288142055273056,
          "z": 0.010689062997698784
        },
        "scale": {
          "x": 1.0,
          "y": 1.0,
          "z": 1.0
        },
        "matrix_basis": [
          [
            0.9994395971298218,
            -0.021660009399056435,
            -0.02552015334367752,
            0.0
          ],
          [
            0.021087614819407463,
            0.9995246529579163,
            -0.02248874492943287,
            0.0
          ],
          [
            0.025995129719376564,
            0.021937983110547066,
            0.9994212985038757,
            0.0
          ],
          [
            0.0,
            0.0,
            0.0,
            1.0
          ]
        ],
        "rotation_mode": "QUATERNION"
      },
      "armature_space": {
        "head": {
          "x": 0.2864104211330414,
          "y": -0.4902379512786865,
          "z": 0.3362427353858948
        },
        "tail": {
          "x": 0.2613227367401123,
          "y": -0.5000810623168945,
          "z": 0.31544965505599976
        }
      },
      "world_space": {
        "head": {
          "x": 0.2864104211330414,
          "y": -0.4269939661026001,
          "z": 1.2860968112945557
        },
        "tail": {
          "x": 0.2613227367401123,
          "y": -0.4368370771408081,
          "z": 1.265303611755371
        },
        "rotation_quaternion": {
          "w": 0.14944010972976685,
          "x": -0.7268378734588623,
          "y": 0.5771301984786987,
          "z": -0.341020792722702
        },
        "matrix": [
          [
            0.10124869644641876,
            -0.737036943435669,
            0.6682255864143372,
            0.2864104211330414
          ],
          [
            -0.9408841133117676,
            -0.28917571902275085,
            -0.17639240622520447,
            -0.4269939661026001
          ],
          [
            0.32324352860450745,
            -0.610867977142334,
            -0.7227504849433899,
            1.2860968112945557
          ],
          [
            0.0,
            0.0,
            0.0,
            1.0
          ]
        ]
      },
      "bone_length_armature_space": 0.03403866842782078,
      "parent": "metacarpal_thumb_l",
      "has_children": true,
      "is_end_bone": false
    },
    "thumb_02_l": {
      "name": "thumb_02_l",
      "local": {
        "location": {
          "x": 0.0,
          "y": 0.0,
          "z": 0.0
        },
        "rotation_quaternion": {
          "w": 0.9961262941360474,
          "x": 0.08735371381044388,
          "y": -0.007581403478980064,
          "z": -0.0066670882515609264
        },
        "scale": {
          "x": 1.0,
          "y": 1.0,
          "z": 1.0
        },
        "matrix_basis": [
          [
            0.9997961521148682,
            0.011957996524870396,
            -0.016268860548734665,
            0.0
          ],
          [
            -0.014607051387429237,
            0.9846497774124146,
            -0.17392957210540771,
            0.0
          ],
          [
            0.01393928099423647,
            0.17413175106048584,
            0.9846237301826477,
            0.0
          ],
          [
            0.0,
            0.0,
            0.0,
            1.0
          ]
        ],
        "rotation_mode": "QUATERNION"
      },
      "armature_space": {
        "head": {
          "x": 0.2613227069377899,
          "y": -0.5000810623168945,
          "z": 0.31544968485832214
        },
        "tail": {
          "x": 0.271965891122818,
          "y": -0.5341616868972778,
          "z": 0.2970535159111023
        }
      },
      "world_space": {
        "head": {
          "x": 0.2613227069377899,
          "y": -0.4368370771408081,
          "z": 1.2653037309646606
        },
        "tail": {
          "x": 0.271965891122818,
          "y": -0.4709177017211914,
          "z": 1.2469074726104736
        },
        "rotation_quaternion": {
          "w": 0.24775613844394684,
          "x": -0.539578378200531,
          "y": 0.11980229616165161,
          "z": -0.7956881523132324
        },
        "matrix": [
          [
            -0.29494422674179077,
            0.2649903893470764,
            0.9180349111557007,
            0.2613227069377899
          ],
          [
            -0.5235586762428284,
            -0.8485283255577087,
            0.07671958953142166,
            -0.4368370771408081
          ],
          [
            0.7993137240409851,
            -0.4580214023590088,
            0.3890092670917511,
            1.2653037309646606
          ],
          [
            0.0,
            0.0,
            0.0,
            1.0
          ]
        ]
      },
      "bone_length_armature_space": 0.040164478414112935,
      "parent": "thumb_01_l",
      "has_children": true,
      "is_end_bone": false
    },
    "thumb_03_l": {
      "name": "thumb_03_l",
      "local": {
        "location": {
          "x": 0.0,
          "y": 0.0,
          "z": 0.0
        },
        "rotation_quaternion": {
          "w": 0.9987353086471558,
          "x": 0.05009326711297035,
          "y": -0.0014259337913244963,
          "z": -0.0040564690716564655
        },
        "scale": {
          "x": 1.0,
          "y": 1.0,
          "z": 1.0
        },
        "matrix_basis": [
          [
            0.9999630451202393,
            0.007959818467497826,
            -0.0032546643633395433,
            0.0
          ],
          [
            -0.008245537057518959,
            0.9949484467506409,
            -0.1000482589006424,
            0.0
          ],
          [
            0.0024418572429567575,
            0.10007140040397644,
            0.9949772357940674,
            0.0
          ],
          [
            0.0,
            0.0,
            0.0,
            1.0
          ]
        ],
        "rotation_mode": "QUATERNION"
      },
      "armature_space": {
        "head": {
          "x": 0.27196580171585083,
          "y": -0.5341616868972778,
          "z": 0.29705357551574707
        },
        "tail": {
          "x": 0.29044851660728455,
          "y": -0.5554544925689697,
          "z": 0.2855687737464905
        }
      },
      "world_space": {
        "head": {
          "x": 0.27196580171585083,
          "y": -0.4709177017211914,
          "z": 1.2469075918197632
        },
        "tail": {
          "x": 0.29044851660728455,
          "y": -0.4922105073928833,
          "z": 1.2354228496551514
        },
        "rotation_quaternion": {
          "w": 0.3794807493686676,
          "x": -0.31590574979782104,
          "y": 0.07937359809875488,
          "z": -0.8659663796424866
        },
        "matrix": [
          [
            -0.5123950242996216,
            0.6070873737335205,
            0.607368528842926,
            0.27196580171585083
          ],
          [
            -0.7073842883110046,
            -0.6993880271911621,
            0.1022927537560463,
            -0.4709177017211914
          ],
          [
            0.4868895709514618,
            -0.37723222374916077,
            0.7878125905990601,
            1.2469075918197632
          ],
          [
            0.0,
            0.0,
            0.0,
            1.0
          ]
        ]
      },
      "bone_length_armature_space": 0.03044495022719171,
      "parent": "thumb_02_l",
      "has_children": false,
      "is_end_bone": true
    },
    "metacarpal_index_l": {
      "name": "metacarpal_index_l",
      "local": {
        "location": {
          "x": 0.0,
          "y": 0.0,
          "z": 0.0
        },
        "rotation_quaternion": {
          "w": 0.9997208118438721,
          "x": -0.02128492295742035,
          "y": 0.010056697763502598,
          "z": -0.0020269453525543213
        },
        "scale": {
          "x": 1.0,
          "y": 1.0,
          "z": 1.0
        },
        "matrix_basis": [
          [
            0.9997895359992981,
            0.0036246469244360924,
            0.02019406668841839,
            0.0
          ],
          [
            -0.00448087090626359,
            0.9990856647491455,
            0.04251719266176224,
            0.0
          ],
          [
            -0.02002149261534214,
            -0.04259872809052467,
            0.9988916516304016,
            0.0
          ],
          [
            0.0,
            0.0,
            0.0,
            1.0
          ]
        ],
        "rotation_mode": "QUATERNION"
      },
      "armature_space": {
        "head": {
          "x": 0.304510235786438,
          "y": -0.4450375735759735,
          "z": 0.34534820914268494
        },
        "tail": {
          "x": 0.30514320731163025,
          "y": -0.5591657757759094,
          "z": 0.3188228905200958
        }
      },
      "world_space": {
        "head": {
          "x": 0.304510235786438,
          "y": -0.3817935585975647,
          "z": 1.2952022552490234
        },
        "tail": {
          "x": 0.30514320731163025,
          "y": -0.495921790599823,
          "z": 1.2686768770217896
        },
        "rotation_quaternion": {
          "w": 0.09208410978317261,
          "x": -0.8164803385734558,
          "y": -0.06714348495006561,
          "z": 0.5660143494606018
        },
        "matrix": [
          [
            0.3502393066883087,
            0.005402188748121262,
            -0.9366447925567627,
            0.304510235786438
          ],
          [
            0.2138844132423401,
            -0.9740248322486877,
            0.07435979694128036,
            -0.3817935585975647
          ],
          [
            -0.9119197130203247,
            -0.2263799011707306,
            -0.3422994911670685,
            1.2952022552490234
          ],
          [
            0.0,
            0.0,
            0.0,
            1.0
          ]
        ]
      },
      "bone_length_armature_space": 0.1171718386192294,
      "parent": "lowerarm_l",
      "has_children": true,
      "is_end_bone": false
    },
    "index_01_l": {
      "name": "index_01_l",
      "local": {
        "location": {
          "x": 0.0,
          "y": 0.0,
          "z": 0.0
        },
        "rotation_quaternion": {
          "w": 0.9917620420455933,
          "x": -0.12793008983135223,
          "y": 0.005153338890522718,
          "z": 0.003918102942407131
        },
        "scale": {
          "x": 1.0,
          "y": 1.0,
          "z": 1.0
        },
        "matrix_basis": [
          [
            0.9999161958694458,
            -0.009090186096727848,
            0.009219285100698471,
            0.0
          ],
          [
            0.0064531173557043076,
            0.9672370553016663,
            0.25379279255867004,
            0.0
          ],
          [
            -0.011224258691072464,
            -0.2537120282649994,
            0.9672146439552307,
            0.0
          ],
          [
            0.0,
            0.0,
            0.0,
            1.0
          ]
        ],
        "rotation_mode": "QUATERNION"
      },
      "armature_space": {
        "head": {
          "x": 0.30514320731163025,
          "y": -0.5591657757759094,
          "z": 0.3188228905200958
        },
        "tail": {
          "x": 0.3185247778892517,
          "y": -0.5822851061820984,
          "z": 0.3088477849960327
        }
      },
      "world_space": {
        "head": {
          "x": 0.30514320731163025,
          "y": -0.495921790599823,
          "z": 1.2686768770217896
        },
        "tail": {
          "x": 0.3185247778892517,
          "y": -0.519041121006012,
          "z": 1.2587018013000488
        },
        "rotation_quaternion": {
          "w": 0.03352057933807373,
          "x": -0.8203208446502686,
          "y": -0.30574241280555725,
          "z": 0.4821532368659973
        },
        "matrix": [
          [
            0.3480989634990692,
            0.4692917764186859,
            -0.8115371465682983,
            0.30514320731163025
          ],
          [
            0.5339381694793701,
            -0.8107951283454895,
            -0.23983657360076904,
            -0.495921790599823
          ],
          [
            -0.7705485820770264,
            -0.34982696175575256,
            -0.5328136086463928,
            1.2686768770217896
          ],
          [
            0.0,
            0.0,
            0.0,
            1.0
          ]
        ]
      },
      "bone_length_armature_space": 0.02851442764104409,
      "parent": "metacarpal_index_l",
      "has_children": true,
      "is_end_bone": false
    },
    "index_02_l": {
      "name": "index_02_l",
      "local": {
        "location": {
          "x": 0.0,
          "y": 0.0,
          "z": 0.0
        },
        "rotation_quaternion": {
          "w": 0.9987778067588806,
          "x": 0.048562366515398026,
          "y": -0.00799853540956974,
          "z": 0.004557695705443621
        },
        "scale": {
          "x": 1.0,
          "y": 1.0,
          "z": 1.0
        },
        "matrix_basis": [
          [
            0.9998304843902588,
            -0.009881106205284595,
            -0.015534854494035244,
            0.0
          ],
          [
            0.008327394723892212,
            0.9952418208122253,
            -0.09707893431186676,
            0.0
          ],
          [
            0.016420183703303337,
            0.09693311899900436,
            0.9951554536819458,
            0.0
          ],
          [
            0.0,
            0.0,
            0.0,
            1.0
          ]
        ],
        "rotation_mode": "QUATERNION"
      },
      "armature_space": {
        "head": {
          "x": 0.3185245990753174,
          "y": -0.5822855830192566,
          "z": 0.30884766578674316
        },
        "tail": {
          "x": 0.32938873767852783,
          "y": -0.6032196283340454,
          "z": 0.2987566292285919
        }
      },
      "world_space": {
        "head": {
          "x": 0.3185245990753174,
          "y": -0.5190415978431702,
          "z": 1.2587016820907593
        },
        "tail": {
          "x": 0.32938873767852783,
          "y": -0.539975643157959,
          "z": 1.2486106157302856
        },
        "rotation_quaternion": {
          "w": 0.05003582313656807,
          "x": -0.7956085801124573,
          "y": -0.2991277575492859,
          "z": 0.5244293212890625
        },
        "matrix": [
          [
            0.2709925174713135,
            0.42349904775619507,
            -0.8644142150878906,
            0.3185245990753174
          ],
          [
            0.5284579396247864,
            -0.8160371780395508,
            -0.23412738740444183,
            -0.5190415978431702
          ],
          [
            -0.8045519590377808,
            -0.39336317777633667,
            -0.4449447691440582,
            1.2587016820907593
          ],
          [
            0.0,
            0.0,
            0.0,
            1.0
          ]
        ]
      },
      "bone_length_armature_space": 0.02565331894584753,
      "parent": "index_01_l",
      "has_children": true,
      "is_end_bone": false
    },
    "index_03_l": {
      "name": "index_03_l",
      "local": {
        "location": {
          "x": 0.0,
          "y": 0.0,
          "z": 0.0
        },
        "rotation_quaternion": {
          "w": 0.9986935257911682,
          "x": 0.05033639445900917,
          "y": 0.008783218450844288,
          "z": -0.0006620500353164971
        },
        "scale": {
          "x": 1.0,
          "y": 1.0,
          "z": 1.0
        },
        "matrix_basis": [
          [
            0.9998448491096497,
            0.0022066012024879456,
            0.01747683621942997,
            0.0
          ],
          [
            -0.0004381390754133463,
            0.9949316382408142,
            -0.10055289417505264,
            0.0
          ],
          [
            -0.017610136419534683,
            0.10052963346242905,
            0.9947782158851624,
            0.0
          ],
          [
            0.0,
            0.0,
            0.0,
            1.0
          ]
        ],
        "rotation_mode": "QUATERNION"
      },
      "armature_space": {
        "head": {
          "x": 0.329388827085495,
          "y": -0.6032195687294006,
          "z": 0.2987566888332367
        },
        "tail": {
          "x": 0.3375367820262909,
          "y": -0.6262707710266113,
          "z": 0.2827569842338562
        }
      },
      "world_space": {
        "head": {
          "x": 0.329388827085495,
          "y": -0.5399755835533142,
          "z": 1.2486107349395752
        },
        "tail": {
          "x": 0.3375367820262909,
          "y": -0.5630267858505249,
          "z": 1.2326109409332275
        },
        "rotation_quaternion": {
          "w": 0.1629183441400528,
          "x": -0.7939541339874268,
          "y": -0.28106579184532166,
          "z": 0.5139032602310181
        },
        "matrix": [
          [
            0.3138107657432556,
            0.2788606584072113,
            -0.907612144947052,
            0.329388827085495
          ],
          [
            0.6137555837631226,
            -0.7889189720153809,
            -0.030184224247932434,
            -0.5399755835533142
          ],
          [
            -0.7244541049003601,
            -0.5475843548774719,
            -0.4187265634536743,
            1.2486107349395752
          ],
          [
            0.0,
            0.0,
            0.0,
            1.0
          ]
        ]
      },
      "bone_length_armature_space": 0.029218789436653497,
      "parent": "index_02_l",
      "has_children": false,
      "is_end_bone": true
    },
    "metacarpal_pinky_l": {
      "name": "metacarpal_pinky_l",
      "local": {
        "location": {
          "x": 0.0,
          "y": 0.0,
          "z": 0.0
        },
        "rotation_quaternion": {
          "w": 0.9991752505302429,
          "x": -0.039393454790115356,
          "y": -0.008907170034945011,
          "z": -0.004201553761959076
        },
        "scale": {
          "x": 1.0,
          "y": 1.0,
          "z": 1.0
        },
        "matrix_basis": [
          [
            0.9998060464859009,
            0.009097945876419544,
            -0.017468620091676712,
            0.0
          ],
          [
            -0.007694408763200045,
            0.9968609809875488,
            0.07879678159952164,
            0.0
          ],
          [
            0.018130674958229065,
            -0.07864708453416824,
            0.9967376589775085,
            0.0
          ],
          [
            0.0,
            0.0,
            0.0,
            1.0
          ]
        ],
        "rotation_mode": "QUATERNION"
      },
      "armature_space": {
        "head": {
          "x": 0.304510235786438,
          "y": -0.4450375735759735,
          "z": 0.34534820914268494
        },
        "tail": {
          "x": 0.34916913509368896,
          "y": -0.5191957354545593,
          "z": 0.28747400641441345
        }
      },
      "world_space": {
        "head": {
          "x": 0.304510235786438,
          "y": -0.3817935585975647,
          "z": 1.2952022552490234
        },
        "tail": {
          "x": 0.34916913509368896,
          "y": -0.4559517502784729,
          "z": 1.237328052520752
        },
        "rotation_quaternion": {
          "w": 0.27826404571533203,
          "x": -0.15310069918632507,
          "y": 0.25785157084465027,
          "z": -0.9124922156333923
        },
        "matrix": [
          [
            -0.7982582449913025,
            0.42887333035469055,
            0.4229085147380829,
            0.304510235786438
          ],
          [
            -0.586782693862915,
            -0.7121636867523193,
            -0.3853691816329956,
            -0.3817935585975647
          ],
          [
            0.13590601086616516,
            -0.5557839870452881,
            0.8201512694358826,
            1.2952022552490234
          ],
          [
            0.0,
            0.0,
            0.0,
            1.0
          ]
        ]
      },
      "bone_length_armature_space": 0.10413103996925896,
      "parent": "lowerarm_l",
      "has_children": true,
      "is_end_bone": false
    },
    "pinky_01_l": {
      "name": "pinky_01_l",
      "local": {
        "location": {
          "x": 0.0,
          "y": 0.0,
          "z": 0.0
        },
        "rotation_quaternion": {
          "w": 0.9566685557365417,
          "x": 0.2908826172351837,
          "y": -0.011189024895429611,
          "z": 0.006899725645780563
        },
        "scale": {
          "x": 1.0,
          "y": 1.0,
          "z": 1.0
        },
        "matrix_basis": [
          [
            0.9996544122695923,
            -0.019710887223482132,
            -0.017394356429576874,
            0.0
          ],
          [
            0.006692115217447281,
            0.8306794166564941,
            -0.5567108988761902,
            0.0
          ],
          [
            0.02542239800095558,
            0.5564020872116089,
            0.830524206161499,
            0.0
          ],
          [
            0.0,
            0.0,
            0.0,
            1.0
          ]
        ],
        "rotation_mode": "QUATERNION"
      },
      "armature_space": {
        "head": {
          "x": 0.34916913509368896,
          "y": -0.5191957354545593,
          "z": 0.28747400641441345
        },
        "tail": {
