{
  "metadata": {
    "armature_name": "KIM_caucasian_male",
    "export_time": "2026-01-13T21:00:18.083421",
    "blender_version": "4.4.1",
    "bone_count": 56,
    "end_bone_count": 13,
    "spaces_included": [
      "LOCAL_CHANNELS",
      "ARMATURE_SPACE",
      "WORLD_SPACE"
    ],
    "note": "LOCAL matches Transform panel; replay pose via local.matrix_basis for best fidelity."
  },
  "bones": {
    "Root": {
      "name": "Root",
      "local": {
        "location": {
          "x": 0.0,
          "y": 0.0,
          "z": 0.0
        },
        "rotation_quaternion": {
          "w": 0.9997880458831787,
          "x": 0.005546195432543755,
          "y": 0.01703115738928318,
          "z": 0.01015250664204359
        },
        "scale": {
          "x": 1.0,
          "y": 1.0,
          "z": 1.0
        },
        "matrix_basis": [
          [
            0.9992137551307678,
            -0.020111793652176857,
            0.034167710691690445,
            0.0
          ],
          [
            0.02048962563276291,
            0.9997323155403137,
            -0.01074422150850296,
            0.0
          ],
          [
            -0.03394247964024544,
            0.011435857973992825,
            0.9993583559989929,
            0.0
          ],
          [
            0.0,
            0.0,
            0.0,
            1.0
          ]
        ],
        "rotation_mode": "QUATERNION"
      },
      "armature_space": {
        "head": {
          "x": 0.0,
          "y": 0.07072800397872925,
          "z": -0.009595036506652832
        },
        "tail": {
          "x": -0.0014354967279359698,
          "y": -9.079277515411377e-05,
          "z": -0.0008114101365208626
        }
      },
      "world_space": {
        "head": {
          "x": 0.0,
          "y": 0.13397200405597687,
          "z": 0.9402589797973633
        },
        "tail": {
          "x": -0.0014354967279359698,
          "y": 0.0631532073020935,
          "z": 0.9490426182746887
        },
        "rotation_quaternion": {
          "w": 0.06181976944208145,
          "x": 0.9978903532028198,
          "y": -0.008982088416814804,
          "z": 0.017676416784524918
        },
        "matrix": [
          [
            0.9992137551307678,
            -0.020111793652176857,
            0.034167710691690445,
            0.0
          ],
          [
            -0.015740767121315002,
            -0.9921952486038208,
            -0.12369672954082489,
            0.13397200405597687
          ],
          [
            0.03638904169201851,
            0.12306156754493713,
            -0.9917387366294861,
            0.9402589797973633
          ],
          [
            0.0,
            0.0,
            0.0,
            1.0
          ]
        ]
      },
      "bone_length_armature_space": 0.07137586936893243,
      "parent": null,
      "has_children": true,
      "is_end_bone": false
    },
    "spine_01": {
      "name": "spine_01",
      "local": {
        "location": {
          "x": 0.0,
          "y": 0.0,
          "z": 0.0
        },
        "rotation_quaternion": {
          "w": 0.9928250312805176,
          "x": 0.09856570512056351,
          "y": -0.05942128598690033,
          "z": 0.03244343027472496
        },
        "scale": {
          "x": 1.0,
          "y": 1.0,
          "z": 1.0
        },
        "matrix_basis": [
          [
            0.990833044052124,
            -0.07613509893417358,
            -0.11159425973892212,
            0.0
          ],
          [
            0.0527074970304966,
            0.9784644246101379,
            -0.19957265257835388,
            0.0
          ],
          [
            0.12438549846410751,
            0.1918613314628601,
            0.973507821559906,
            0.0
          ],
          [
            0.0,
            0.0,
            0.0,
            1.0
          ]
        ],
        "rotation_mode": "QUATERNION"
      },
      "armature_space": {
        "head": {
          "x": -0.0014354967279359698,
          "y": -9.079277515411377e-05,
          "z": -0.0008114101365208626
        },
        "tail": {
          "x": -0.057250965386629105,
          "y": -0.07590385526418686,
          "z": 0.4780260920524597
        }
      },
      "world_space": {
        "head": {
          "x": -0.0014354967279359698,
          "y": 0.0631532073020935,
          "z": 0.9490426182746887
        },
        "tail": {
          "x": -0.057250965386629105,
          "y": -0.01265985518693924,
          "z": 1.427880048751831
        },
        "rotation_quaternion": {
          "w": 0.6445394158363342,
          "x": 0.759995698928833,
          "y": -0.08301597088575363,
          "z": -0.009160039015114307
        },
        "matrix": [
          [
            0.9860488176345825,
            -0.11437567323446274,
            -0.12093795090913773,
            -0.0014354967279359698
          ],
          [
            -0.13799218833446503,
            -0.15535424649715424,
            -0.9781734943389893,
            0.0631532073020935
          ],
          [
            0.09309154748916626,
            0.9812219142913818,
            -0.16897186636924744,
            0.9490426182746887
          ],
          [
            0.0,
            0.0,
            0.0,
            1.0
          ]
        ]
      },
      "bone_length_armature_space": 0.48800443813776007,
      "parent": "Root",
      "has_children": true,
      "is_end_bone": false
    },
    "neck_01": {
      "name": "neck_01",
      "local": {
        "location": {
          "x": 0.0,
          "y": 0.0,
          "z": 0.0
        },
        "rotation_quaternion": {
          "w": 0.9955484867095947,
          "x": -0.09264032542705536,
          "y": 0.007878078147768974,
          "z": -0.015460573136806488
        },
        "scale": {
          "x": 1.0,
          "y": 1.0,
          "z": 1.0
        },
        "matrix_basis": [
          [
            0.9993978142738342,
            0.029323844239115715,
            0.018550561740994453,
            0.0
          ],
          [
            -0.03224315494298935,
            0.9823575019836426,
            0.18421226739883423,
            0.0
          ],
          [
            -0.012821472249925137,
            -0.18469947576522827,
            0.9827114343643188,
            0.0
          ],
          [
            0.0,
            0.0,
            0.0,
            1.0
          ]
        ],
        "rotation_mode": "QUATERNION"
      },
      "armature_space": {
        "head": {
          "x": -0.06981956213712692,
          "y": -0.12120214104652405,
          "z": 0.5440096259117126
        },
        "tail": {
          "x": -0.0808100700378418,
          "y": -0.1575087159872055,
          "z": 0.6392555236816406
        }
      },
      "world_space": {
        "head": {
          "x": -0.06981956213712692,
          "y": -0.05795814096927643,
          "z": 1.493863582611084
        },
        "tail": {
          "x": -0.0808100700378418,
          "y": -0.09426471590995789,
          "z": 1.5891095399856567
        },
        "rotation_quaternion": {
          "w": 0.5643571615219116,
          "x": 0.8228391408920288,
          "y": -0.06657655537128448,
          "z": -0.0020922657568007708
        },
        "matrix": [
          [
            0.9911263585090637,
            -0.10720215737819672,
            -0.07858961820602417,
            -0.06981956213712692
          ],
          [
            -0.1119256243109703,
            -0.35413676500320435,
            -0.9284719824790955,
            -0.05795814096927643
          ],
          [
            0.07170311361551285,
            0.9290351867675781,
            -0.36299633979797363,
            1.493863582611084
          ],
          [
            0.0,
            0.0,
            0.0,
            1.0
          ]
        ]
      },
      "bone_length_armature_space": 0.10252190007047624,
      "parent": "spine_01",
      "has_children": true,
      "is_end_bone": false
    },
    "head": {
      "name": "head",
      "local": {
        "location": {
          "x": 0.0,
          "y": 0.0,
          "z": 0.0
        },
        "rotation_quaternion": {
          "w": 0.9736789464950562,
          "x": 0.015312235802412033,
          "y": 0.1276557594537735,
          "z": 0.18819907307624817
        },
        "scale": {
          "x": 1.0,
          "y": 1.0,
          "z": 1.0
        },
        "matrix_basis": [
          [
            0.8965702056884766,
            -0.3625815510749817,
            0.25435495376586914,
            0.0
          ],
          [
            0.3704003393650055,
            0.9286932945251465,
            0.018230987712740898,
            0.0
          ],
          [
            -0.24282795190811157,
            0.077867791056633,
            0.9669390916824341,
            0.0
          ],
          [
            0.0,
            0.0,
            0.0,
            1.0
          ]
        ],
        "rotation_mode": "QUATERNION"
      },
      "armature_space": {
        "head": {
          "x": -0.0808100774884224,
          "y": -0.15750883519649506,
          "z": 0.6392554044723511
        },
        "tail": {
          "x": -0.14830538630485535,
          "y": -0.16224710643291473,
          "z": 0.7788089513778687
        }
      },
      "world_space": {
        "head": {
          "x": -0.0808100774884224,
          "y": -0.09426483511924744,
          "z": 1.5891094207763672
        },
        "tail": {
          "x": -0.14830538630485535,
          "y": -0.09900310635566711,
          "z": 1.7286629676818848
        },
        "rotation_quaternion": {
          "w": 0.6878889799118042,
          "x": 0.6866888403892517,
          "y": -0.1073889434337616,
          "z": 0.20912882685661316
        },
        "matrix": [
          [
            0.8894652128219604,
            -0.43520036339759827,
            0.13947170972824097,
            -0.0808100774884224
          ],
          [
            0.14023229479789734,
            -0.03055167943239212,
            -0.989647388458252,
            -0.09426483511924744
          ],
          [
            0.4349591135978699,
            0.8998215794563293,
            0.03385375812649727,
            1.5891094207763672
          ],
          [
            0.0,
            0.0,
            0.0,
            1.0
          ]
        ]
      },
      "bone_length_armature_space": 0.1550911331263971,
      "parent": "neck_01",
      "has_children": false,
      "is_end_bone": true
    },
    "upperarm_l": {
      "name": "upperarm_l",
      "local": {
        "location": {
          "x": 0.0,
          "y": 0.0,
          "z": 0.0
        },
        "rotation_quaternion": {
          "w": 0.9160068035125732,
          "x": -0.02258341573178768,
          "y": 0.39944618940353394,
          "z": -0.029395893216133118
        },
        "scale": {
          "x": 1.0,
          "y": 1.0,
          "z": 1.0
        },
        "matrix_basis": [
          [
            0.6791572570800781,
            0.035811956971883774,
            0.7331185936927795,
            0.0
          ],
          [
            -0.07189539819955826,
            0.9972517490386963,
            0.01788897067308426,
            0.0
          ],
          [
            -0.7304631471633911,
            -0.06485728174448013,
            0.6798654794692993,
            0.0
          ],
          [
            0.0,
            0.0,
            0.0,
            1.0
          ]
        ],
        "rotation_mode": "QUATERNION"
      },
      "armature_space": {
        "head": {
          "x": 0.08538901060819626,
          "y": -0.13457947969436646,
          "z": 0.4914887547492981
        },
        "tail": {
          "x": 0.3528609871864319,
          "y": -0.14152155816555023,
          "z": 0.5062602162361145
        }
      },
      "world_space": {
        "head": {
          "x": 0.08538901060819626,
          "y": -0.07133547961711884,
          "z": 1.441342830657959
        },
        "tail": {
          "x": 0.3528609871864319,
          "y": -0.07827755808830261,
          "z": 1.4561142921447754
        },
        "rotation_quaternion": {
          "w": 0.21236653625965118,
          "x": 0.6932223439216614,
          "y": 0.6647903919219971,
          "z": -0.1799914389848709
        },
        "matrix": [
          [
            0.0513128861784935,
            0.9981435537338257,
            0.03281304985284805,
            0.08538901060819626
          ],
          [
            0.8452469110488892,
            -0.025906234979629517,
            -0.5337478518486023,
            -0.07133547961711884
          ],
          [
            -0.5319097638130188,
            0.055123597383499146,
            -0.8450132608413696,
            1.441342830657959
          ],
          [
            0.0,
            0.0,
            0.0,
            1.0
          ]
        ]
      },
      "bone_length_armature_space": 0.2679694865662636,
      "parent": "spine_01",
      "has_children": true,
      "is_end_bone": false
    },
    "lowerarm_l": {
      "name": "lowerarm_l",
      "local": {
        "location": {
          "x": 0.0,
          "y": 0.0,
          "z": 0.0
        },
        "rotation_quaternion": {
          "w": 0.930412232875824,
          "x": 0.3248746395111084,
          "y": -0.10533972829580307,
          "z": 0.13301514089107513
        },
        "scale": {
          "x": 1.0,
          "y": 1.0,
          "z": 1.0
        },
        "matrix_basis": [
          [
            0.942421019077301,
            -0.3159622550010681,
            -0.1095922514796257,
            0.0
          ],
          [
            0.17907342314720154,
            0.7535268664360046,
            -0.6325582265853882,
            0.0
          ],
          [
            0.2824452221393585,
            0.5765111446380615,
            0.7667199969291687,
            0.0
          ],
          [
            0.0,
            0.0,
            0.0,
            1.0
          ]
        ],
        "rotation_mode": "QUATERNION"
      },
      "armature_space": {
        "head": {
          "x": 0.35286107659339905,
          "y": -0.14152169227600098,
          "z": 0.5062602162361145
        },
        "tail": {
          "x": 0.5277475714683533,
          "y": -0.33339816331863403,
          "z": 0.4417034983634949
        }
      },
      "world_space": {
        "head": {
          "x": 0.35286107659339905,
          "y": -0.07827769219875336,
          "z": 1.4561142921447754
        },
        "tail": {
          "x": 0.5277475714683533,
          "y": -0.2701541781425476,
          "z": 1.3915574550628662
        },
        "rotation_quaternion": {
          "w": 0.07506822049617767,
          "x": 0.7877202033996582,
          "y": 0.368441641330719,
          "z": -0.4879677891731262
        },
        "matrix": [
          [
            0.2522753179073334,
            0.6537214517593384,
            -0.7134460806846619,
            0.35286107659339905
          ],
          [
            0.5071961283683777,
            -0.7172295451164246,
            -0.47784310579299927,
            -0.07827769219875336
          ],
          [
            -0.8240861892700195,
            -0.2413114756345749,
            -0.5125082731246948,
            1.4561142921447754
          ],
          [
            0.0,
            0.0,
            0.0,
            1.0
          ]
        ]
      },
      "bone_length_armature_space": 0.267524640801175,
      "parent": "upperarm_l",
      "has_children": true,
      "is_end_bone": false
    },
    "metacarpal_thumb_l": {
      "name": "metacarpal_thumb_l",
      "local": {
        "location": {
          "x": 0.0,
          "y": 0.0,
          "z": 0.0
        },
        "rotation_quaternion": {
          "w": 0.9980438947677612,
          "x": -0.05992117151618004,
          "y": -0.0019479726906865835,
          "z": -0.017726238816976547
        },
        "scale": {
          "x": 1.0,
          "y": 1.0,
          "z": 1.0
        },
        "matrix_basis": [
          [
            0.9993639588356018,
            0.03561657667160034,
            -0.0017639704747125506,
            0.0
          ],
          [
            -0.03514967858791351,
            0.9921904802322388,
            0.11967697739601135,
            0.0
          ],
          [
            0.006012678612023592,
            -0.11953885853290558,
            0.9928113222122192,
            0.0
          ],
          [
            0.0,
            0.0,
            0.0,
            1.0
          ]
        ],
        "rotation_mode": "QUATERNION"
      },
      "armature_space": {
        "head": {
          "x": 0.5277475714683533,
          "y": -0.33339816331863403,
          "z": 0.4417034983634949
        },
        "tail": {
          "x": 0.5354765057563782,
          "y": -0.3743276596069336,
          "z": 0.4148961007595062
        }
      },
      "world_space": {
        "head": {
          "x": 0.5277475714683533,
          "y": -0.2701541781425476,
          "z": 1.3915574550628662
        },
        "tail": {
          "x": 0.5354765057563782,
          "y": -0.31108367443084717,
          "z": 1.3647501468658447
        },
        "rotation_quaternion": {
          "w": 0.29056599736213684,
          "x": -0.9495066404342651,
          "y": -0.049227774143218994,
          "z": -0.10763470828533173
        },
        "matrix": [
          [
            0.9719828963279724,
            0.15603414177894592,
            0.1757914423942566,
            0.5277475714683533
          ],
          [
            0.030934633687138557,
            -0.8262962698936462,
            0.5623854994773865,
            -0.2701541781425476
          ],
          [
            0.23300883173942566,
            -0.5411954522132874,
            -0.8079777956008911,
            1.3915574550628662
          ],
          [
            0.0,
            0.0,
            0.0,
            1.0
          ]
        ]
      },
      "bone_length_armature_space": 0.0495337933175434,
      "parent": "lowerarm_l",
      "has_children": true,
      "is_end_bone": false
    },
    "thumb_01_l": {
      "name": "thumb_01_l",
      "local": {
        "location": {
          "x": 0.0,
          "y": 0.0,
          "z": 0.0
        },
        "rotation_quaternion": {
          "w": 0.9991427659988403,
          "x": 0.03891972824931145,
          "y": -0.010641776956617832,
          "z": -0.009265546686947346
        },
        "scale": {
          "x": 1.0,
          "y": 1.0,
          "z": 1.0
        },
        "matrix_basis": [
          [
            0.9996017813682556,
            0.017686856910586357,
            -0.02198653481900692,
            0.0
          ],
          [
            -0.019343558698892593,
            0.9967988133430481,
            -0.07757552713155746,
            0.0
          ],
          [
            0.020544083788990974,
            0.07796993106603622,
            0.9967440366744995,
            0.0
          ],
          [
            0.0,
            0.0,
            0.0,
            1.0
          ]
        ],
        "rotation_mode": "QUATERNION"
      },
      "armature_space": {
        "head": {
          "x": 0.5354765057563782,
          "y": -0.3743276596069336,
          "z": 0.4148961007595062
        },
        "tail": {
          "x": 0.5420342087745667,
          "y": -0.3793841600418091,
          "z": 0.38187992572784424
        }
      },
      "world_space": {
        "head": {
          "x": 0.5354765057563782,
          "y": -0.31108367443084717,
          "z": 1.3647501468658447
        },
        "tail": {
          "x": 0.5420342087745667,
          "y": -0.31614017486572266,
          "z": 1.3317339420318604
        },
        "rotation_quaternion": {
          "w": 0.513186514377594,
          "x": -0.4934423267841339,
          "y": 0.40294361114501953,
          "z": -0.5751442313194275
        },
        "matrix": [
          [
            0.013692110776901245,
            0.1926543265581131,
            0.9811712503433228,
            0.5354765057563782
          ],
          [
            -0.9879711866378784,
            -0.14855168759822845,
            0.04295533895492554,
            -0.31108367443084717
          ],
          [
            0.15403039753437042,
            -0.9699639081954956,
            0.18830427527427673,
            1.3647501468658447
          ],
          [
            0.0,
            0.0,
            0.0,
            1.0
          ]
        ]
      },
      "bone_length_armature_space": 0.03403879339448688,
      "parent": "metacarpal_thumb_l",
      "has_children": true,
      "is_end_bone": false
    },
    "thumb_02_l": {
      "name": "thumb_02_l",
      "local": {
        "location": {
          "x": 0.0,
          "y": 0.0,
          "z": 0.0
        },
        "rotation_quaternion": {
          "w": 0.9903604388237,
          "x": 0.13829517364501953,
          "y": 0.0049951085820794106,
          "z": 0.005984432529658079
        },
        "scale": {
          "x": 1.0,
          "y": 1.0,
          "z": 1.0
        },
        "matrix_basis": [
          [
            0.999878466129303,
            -0.010471891611814499,
            0.011549152433872223,
            0.0
          ],
          [
            0.013235089369118214,
            0.9616772532463074,
            -0.27386435866355896,
            0.0
          ],
          [
            -0.008238679729402065,
            0.2739839255809784,
            0.9616990089416504,
            0.0
          ],
          [
            0.0,
            0.0,
            0.0,
            1.0
          ]
        ],
        "rotation_mode": "QUATERNION"
      },
      "armature_space": {
        "head": {
          "x": 0.5420341491699219,
          "y": -0.3793841004371643,
          "z": 0.38187992572784424
        },
        "tail": {
          "x": 0.571843683719635,
          "y": -0.4062998592853546,
          "z": 0.38221848011016846
        }
      },
      "world_space": {
        "head": {
          "x": 0.5420341491699219,
          "y": -0.3161401152610779,
          "z": 1.3317339420318604
        },
        "tail": {
          "x": 0.571843683719635,
          "y": -0.3430558443069458,
          "z": 1.3320724964141846
        },
        "rotation_quaternion": {
          "w": 0.4057155251502991,
          "x": -0.030202418565750122,
          "y": -0.018031205981969833,
          "z": -0.9133223295211792
        },
        "matrix": [
          [
            -0.6689655184745789,
            0.7421872615814209,
            0.04053804278373718,
            0.5420341491699219
          ],
          [
            -0.7400088906288147,
            -0.6701394319534302,
            0.057444311678409576,
            -0.3161401152610779
          ],
          [
            0.06980040669441223,
            0.008429288864135742,
            0.9975322484970093,
            1.3317339420318604
          ],
          [
            0.0,
            0.0,
            0.0,
            1.0
          ]
        ]
      },
      "bone_length_armature_space": 0.040164424984957106,
      "parent": "thumb_01_l",
      "has_children": true,
      "is_end_bone": false
    },
    "thumb_03_l": {
      "name": "thumb_03_l",
      "local": {
        "location": {
          "x": 0.0,
          "y": 0.0,
          "z": 0.0
        },
        "rotation_quaternion": {
          "w": 0.9987417459487915,
          "x": 0.04982495680451393,
          "y": 0.004182867705821991,
          "z": -0.0038716085255146027
        },
        "scale": {
          "x": 1.0,
          "y": 1.0,
          "z": 1.0
        },
        "matrix_basis": [
          [
            0.9999350309371948,
            0.008150296285748482,
            0.007969403639435768,
            0.0
          ],
          [
            -0.007316651754081249,
            0.9950049519538879,
            -0.09955691546201706,
            0.0
          ],
          [
            -0.008741014637053013,
            0.0994921401143074,
            0.9949999451637268,
            0.0
          ],
          [
            0.0,
            0.0,
            0.0,
            1.0
          ]
        ],
        "rotation_mode": "QUATERNION"
      },
      "armature_space": {
        "head": {
          "x": 0.5718435645103455,
          "y": -0.4062998592853546,
          "z": 0.3822184205055237
        },
        "tail": {
          "x": 0.595568060874939,
          "y": -0.42201706767082214,
          "z": 0.39303556084632874
        }
      },
      "world_space": {
        "head": {
          "x": 0.5718435645103455,
          "y": -0.3430558443069458,
          "z": 1.3320724964141846
        },
        "tail": {
          "x": 0.595568060874939,
          "y": -0.35877305269241333,
          "z": 1.3428895473480225
        },
        "rotation_quaternion": {
          "w": 0.48403874039649963,
          "x": 0.21525870263576508,
          "y": -0.08706775307655334,
          "z": -0.8436762094497681
        },
        "matrix": [
          [
            -0.4387398362159729,
            0.7792603969573975,
            -0.4475049674510956,
            0.5718435645103455
          ],
          [
            -0.8542283177375793,
            -0.5162508487701416,
            -0.061474379152059555,
            -0.3430558443069458
          ],
          [
            -0.27893203496932983,
            0.3553021550178528,
            0.8921722173690796,
            1.3320724964141846
          ],
          [
            0.0,
            0.0,
            0.0,
            1.0
          ]
        ]
      },
      "bone_length_armature_space": 0.03044491557400796,
      "parent": "thumb_02_l",
      "has_children": false,
      "is_end_bone": true
    },
    "metacarpal_index_l": {
      "name": "metacarpal_index_l",
      "local": {
        "location": {
          "x": 0.0,
          "y": 0.0,
          "z": 0.0
        },
        "rotation_quaternion": {
          "w": 0.999746561050415,
          "x": 0.004301336128264666,
          "y": 0.021863512694835663,
          "z": -0.0032130922190845013
        },
        "scale": {
          "x": 1.0,
          "y": 1.0,
          "z": 1.0
        },
        "matrix_basis": [
          [
            0.9990233182907104,
            0.006612640339881182,
            0.043688300997018814,
            0.0
          ],
          [
            -0.006236471235752106,
            0.9999423623085022,
            -0.008740991353988647,
            0.0
          ],
          [
            -0.04374358430504799,
            0.008459992706775665,
            0.999006986618042,
            0.0
          ],
          [
            0.0,
            0.0,
            0.0,
            1.0
          ]
        ],
        "rotation_mode": "QUATERNION"
      },
      "armature_space": {
        "head": {
          "x": 0.5277475714683533,
          "y": -0.33339816331863403,
          "z": 0.4417034983634949
        },
        "tail": {
          "x": 0.5769047141075134,
          "y": -0.4266938269138336,
          "z": 0.39062753319740295
        }
      },
      "world_space": {
        "head": {
          "x": 0.5277475714683533,
          "y": -0.2701541781425476,
          "z": 1.3915574550628662
        },
        "tail": {
          "x": 0.5769047141075134,
          "y": -0.3634498119354248,
          "z": 1.3404815196990967
        },
        "rotation_quaternion": {
          "w": 0.20483529567718506,
          "x": -0.9421892762184143,
          "y": -0.24480096995830536,
          "z": 0.10195287317037582
        },
        "matrix": [
          [
            0.8593558073043823,
            0.41953080892562866,
            -0.2924061119556427,
            0.5277475714683533
          ],
          [
            0.5030652284622192,
            -0.7962301969528198,
            0.33607009053230286,
            -0.2701541781425476
          ],
          [
            -0.09183108806610107,
            -0.43590691685676575,
            -0.895302414894104,
            1.3915574550628662
          ],
          [
            0.0,
            0.0,
            0.0,
            1.0
          ]
        ]
      },
      "bone_length_armature_space": 0.11717192526475546,
      "parent": "lowerarm_l",
      "has_children": true,
      "is_end_bone": false
    },
    "index_01_l": {
      "name": "index_01_l",
      "local": {
        "location": {
          "x": 0.0,
          "y": 0.0,
          "z": 0.0
        },
        "rotation_quaternion": {
          "w": 0.9971421957015991,
          "x": -0.0736764520406723,
          "y": 0.009091495536267757,
          "z": -0.014026252552866936
        },
        "scale": {
          "x": 1.0,
          "y": 1.0,
          "z": 1.0
        },
        "matrix_basis": [
          [
            0.9994412064552307,
            0.026632677763700485,
            0.020197836682200432,
            0.0
          ],
          [
            -0.029311994090676308,
            0.9887501001358032,
            0.14667676389217377,
            0.0
          ],
          [
            -0.016064219176769257,
            -0.14718683063983917,
            0.9889782667160034,
            0.0
          ],
          [
            0.0,
            0.0,
            0.0,
            1.0
          ]
        ],
        "rotation_mode": "QUATERNION"
      },
      "armature_space": {
        "head": {
          "x": 0.5769047141075134,
          "y": -0.4266938269138336,
          "z": 0.39062753319740295
        },
        "tail": {
          "x": 0.5986342430114746,
          "y": -0.44448715448379517,
          "z": 0.38569843769073486
        }
      },
      "world_space": {
        "head": {
          "x": 0.5769047141075134,
          "y": -0.3634498119354248,
          "z": 1.3404815196990967
        },
        "tail": {
          "x": 0.5986342430114746,
          "y": -0.38124316930770874,
          "z": 1.335552453994751
        },
        "rotation_quaternion": {
          "w": 0.09992948919534683,
          "x": -0.9010733366012573,
          "y": -0.42190971970558167,
          "z": -0.008562754839658737
        },
        "matrix": [
          [
            0.6438376903533936,
            0.762054443359375,
            -0.06889185309410095,
            0.5769047141075134
          ],
          [
            0.7586320042610168,
            -0.6240125894546509,
            0.1873123198747635,
            -0.3634498119354248
          ],
          [
            0.09975408017635345,
            -0.17286409437656403,
            -0.9798884391784668,
            1.3404815196990967
          ],
          [
            0.0,
            0.0,
            0.0,
            1.0
          ]
        ]
      },
      "bone_length_armature_space": 0.028514398232964856,
      "parent": "metacarpal_index_l",
      "has_children": true,
      "is_end_bone": false
    },
    "index_02_l": {
      "name": "index_02_l",
      "local": {
        "location": {
          "x": 0.0,
          "y": 0.0,
          "z": 0.0
        },
        "rotation_quaternion": {
          "w": 0.9829091429710388,
          "x": 0.18401412665843964,
          "y": 0.004494901746511459,
          "z": -0.0028696968220174313
        },
        "scale": {
          "x": 1.0,
          "y": 1.0,
          "z": 1.0
        },
        "matrix_basis": [
          [
            0.9999431371688843,
            0.007295553106814623,
            0.007780030369758606,
            0.0
          ],
          [
            -0.003987051546573639,
            0.9322611093521118,
            -0.361764132976532,
            0.0
          ],
          [
            -0.009892289526760578,
            0.3617125451564789,
            0.9322372078895569,
            0.0
          ],
          [
            0.0,
            0.0,
            0.0,
            1.0
          ]
        ],
        "rotation_mode": "QUATERNION"
      },
      "armature_space": {
        "head": {
          "x": 0.5986343622207642,
          "y": -0.4444875121116638,
          "z": 0.38569802045822144
        },
        "tail": {
          "x": 0.616723895072937,
          "y": -0.4577731192111969,
          "z": 0.373274028301239
        }
      },
      "world_space": {
        "head": {
          "x": 0.5986343622207642,
          "y": -0.3812435269355774,
          "z": 1.3355519771575928
        },
        "tail": {
          "x": 0.616723895072937,
          "y": -0.3945291042327881,
          "z": 1.3231279850006104
        },
        "rotation_quaternion": {
          "w": 0.23558977246284485,
          "x": -0.8667056560516357,
          "y": -0.43075719475746155,
          "z": 0.08813107013702393
        },
        "matrix": [
          [
            0.6133613586425781,
            0.7051540017127991,
            -0.3557325303554535,
            0.5986343622207642
          ],
          [
            0.7882057428359985,
            -0.5178912281990051,
            0.33244627714157104,
            -0.3812435269355774
          ],
          [
            0.05019598826766014,
            -0.4843040704727173,
            -0.8734667897224426,
            1.3355519771575928
          ],
          [
            0.0,
            0.0,
            0.0,
            1.0
          ]
        ]
      },
      "bone_length_armature_space": 0.025653345323085955,
      "parent": "index_01_l",
      "has_children": true,
      "is_end_bone": false
    },
    "index_03_l": {
      "name": "index_03_l",
      "local": {
        "location": {
          "x": 0.0,
          "y": 0.0,
          "z": 0.0
        },
        "rotation_quaternion": {
          "w": 0.9705591797828674,
          "x": 0.24078331887722015,
          "y": 0.00026812919531948864,
          "z": -0.00619585532695055
        },
        "scale": {
          "x": 1.0,
          "y": 1.0,
          "z": 1.0
        },
        "matrix_basis": [
          [
            0.999923050403595,
            0.01215601060539484,
            -0.0024632466956973076,
            0.0
          ],
          [
            -0.011897766031324863,
            0.8839700222015381,
            -0.467392235994339,
            0.0
          ],
          [
            -0.003504187799990177,
            0.46738559007644653,
            0.8840466141700745,
            0.0
          ],
          [
            0.0,
            0.0,
            0.0,
            1.0
          ]
        ],
        "rotation_mode": "QUATERNION"
      },
      "armature_space": {
        "head": {
          "x": 0.616723895072937,
          "y": -0.4577731788158417,
          "z": 0.37327414751052856
        },
        "tail": {
          "x": 0.6304523944854736,
          "y": -0.46225544810295105,
          "z": 0.3478737771511078
        }
      },
      "world_space": {
        "head": {
          "x": 0.616723895072937,
          "y": -0.39452916383743286,
          "z": 1.3231282234191895
        },
        "tail": {
          "x": 0.6304523944854736,
          "y": -0.39901143312454224,
          "z": 1.2977278232574463
        },
        "rotation_quaternion": {
          "w": 0.4874371290206909,
          "x": -0.7396811842918396,
          "y": -0.43093207478523254,
          "z": 0.17197257280349731
        },
        "matrix": [
          [
            0.5694438815116882,
            0.46985316276550293,
            -0.6745158433914185,
            0.616723895072937
          ],
          [
            0.8051577210426331,
            -0.1534045934677124,
            0.572877049446106,
            -0.39452916383743286
          ],
          [
            0.16569602489471436,
            -0.8693193197250366,
            -0.4656639099121094,
            1.3231282234191895
          ],
          [
            0.0,
            0.0,
            0.0,
            1.0
          ]
        ]
      },
      "bone_length_armature_space": 0.029218851192654213,
      "parent": "index_02_l",
      "has_children": false,
      "is_end_bone": true
    },
    "metacarpal_pinky_l": {
      "name": "metacarpal_pinky_l",
      "local": {
        "location": {
          "x": 0.0,
          "y": 0.0,
          "z": 0.0
        },
        "rotation_quaternion": {
          "w": 0.9985460638999939,
          "x": -0.0526750423014164,
          "y": -0.011230257339775562,
          "z": 0.002254614606499672
        },
        "scale": {
          "x": 1.0,
          "y": 1.0,
          "z": 1.0
        },
        "matrix_basis": [
          [
            0.9997376203536987,
            -0.0033195645082741976,
            -0.02266538329422474,
            0.0
          ],
          [
            0.005685781594365835,
            0.994440495967865,
            0.10514627397060394,
            0.0
          ],
          [
            0.022190334275364876,
            -0.10524754971265793,
            0.9941984415054321,
            0.0
          ],
          [
            0.0,
            0.0,
            0.0,
            1.0
          ]
        ],
        "rotation_mode": "QUATERNION"
      },
      "armature_space": {
        "head": {
          "x": 0.5277475714683533,
          "y": -0.33339816331863403,
          "z": 0.4417034983634949
        },
        "tail": {
          "x": 0.6189876794815063,
          "y": -0.3813113272190094,
          "z": 0.4267773926258087
        }
      },
      "world_space": {
        "head": {
          "x": 0.5277475714683533,
          "y": -0.2701541781425476,
          "z": 1.3915574550628662
        },
        "tail": {
          "x": 0.6189876794815063,
          "y": -0.3180673122406006,
          "z": 1.3766313791275024
        },
        "rotation_quaternion": {
          "w": 0.44371405243873596,
          "x": 0.32086288928985596,
          "y": 0.2702864408493042,
          "z": -0.7919028401374817
        },
        "matrix": [
          [
            -0.40032926201820374,
            0.8762072324752808,
            -0.26832315325737,
            0.5277475714683533
          ],
          [
            -0.5293083786964417,
            -0.4601248800754547,
            -0.7128239274024963,
            -0.2701541781425476
          ],
          [
            -0.7480493187904358,
            -0.14334005117416382,
            0.64798903465271,
            1.3915574550628662
          ],
          [
            0.0,
            0.0,
            0.0,
            1.0
          ]
        ]
      },
      "bone_length_armature_space": 0.10413076928055326,
      "parent": "lowerarm_l",
      "has_children": true,
      "is_end_bone": false
    },
    "pinky_01_l": {
      "name": "pinky_01_l",
      "local": {
        "location": {
          "x": 0.0,
          "y": 0.0,
          "z": 0.0
        },
        "rotation_quaternion": {
          "w": 0.9977411031723022,
          "x": 0.06579067558050156,
          "y": -0.0073999459855258465,
          "z": -0.011376445181667805
        },
        "scale": {
          "x": 1.0,
          "y": 1.0,
          "z": 1.0
        },
        "matrix_basis": [
          [
            0.9996316432952881,
            0.021727798506617546,
            -0.016263388097286224,
            0.0
          ],
          [
            -0.023675188422203064,
            0.9910843372344971,
            -0.13111574947834015,
            0.0
          ],
          [
            0.013269532471895218,
            0.13145248591899872,
            0.9912336468696594,
            0.0
          ],
          [
            0.0,
            0.0,
            0.0,
            1.0
          ]
        ],
        "rotation_mode": "QUATERNION"
      },
      "armature_space": {
        "head": {
          "x": 0.6189876794815063,
          "y": -0.3813113272190094,
          "z": 0.4267773926258087
        },
