{
  "metadata": {
    "armature_name": "KIM_caucasian_male",
    "export_time": "2026-01-13T21:08:03.738207",
    "blender_version": "4.4.1",
    "bone_count": 56,
    "end_bone_count": 13,
    "spaces_included": [
      "LOCAL_CHANNELS",
      "ARMATURE_SPACE",
      "WORLD_SPACE"
    ],
    "note": "LOCAL matches Transform panel; replay pose via local.matrix_basis for best fidelity."
  },
  "bones": {
    "Root": {
      "name": "Root",
      "local": {
        "location": {
          "x": 0.0,
          "y": 0.0,
          "z": 0.0
        },
        "rotation_quaternion": {
          "w": 0.9997166991233826,
          "x": 0.0167449451982975,
          "y": 0.01574629545211792,
          "z": 0.006182681769132614
        },
        "scale": {
          "x": 1.0,
          "y": 1.0,
          "z": 1.0
        },
        "matrix_basis": [
          [
            0.9994276762008667,
            -0.011834518983960152,
            0.031690727919340134,
            0.0
          ],
          [
            0.012889201752841473,
            0.9993627667427063,
            -0.03328569233417511,
            0.0
          ],
          [
            -0.03127661347389221,
            0.03367511183023453,
            0.9989433288574219,
            0.0
          ],
          [
            0.0,
            0.0,
            0.0,
            1.0
          ]
        ],
        "rotation_mode": "QUATERNION"
      },
      "armature_space": {
        "head": {
          "x": 0.0,
          "y": 0.07072800397872925,
          "z": -0.009595036506652832
        },
        "tail": {
          "x": -0.0008446990977972746,
          "y": -0.0002780407667160034,
          "z": -0.0023879054933786392
        }
      },
      "world_space": {
        "head": {
          "x": 0.0,
          "y": 0.13397200405597687,
          "z": 0.9402589797973633
        },
        "tail": {
          "x": -0.0008446990977972746,
          "y": 0.06296595931053162,
          "z": 0.9474661350250244
        },
        "rotation_quaternion": {
          "w": 0.05064167454838753,
          "x": 0.9985737204551697,
          "y": -0.005107842851430178,
          "z": 0.01612704060971737
        },
        "matrix": [
          [
            0.9994276762008667,
            -0.011834518983960152,
            0.031690727919340134,
            0.0
          ],
          [
            -0.008567703887820244,
            -0.9948186278343201,
            -0.1013040766119957,
            0.13397200405597687
          ],
          [
            0.032725632190704346,
            0.10097433626651764,
            -0.994357705116272,
            0.9402589797973633
          ],
          [
            0.0,
            0.0,
            0.0,
            1.0
          ]
        ]
      },
      "bone_length_armature_space": 0.07137586731901047,
      "parent": null,
      "has_children": true,
      "is_end_bone": false
    },
    "spine_01": {
      "name": "spine_01",
      "local": {
        "location": {
          "x": 0.0,
          "y": 0.0,
          "z": 0.0
        },
        "rotation_quaternion": {
          "w": 0.9990547299385071,
          "x": 0.025092188268899918,
          "y": -0.018259882926940918,
          "z": 0.030443759635090828
        },
        "scale": {
          "x": 1.0,
          "y": 1.0,
          "z": 1.0
        },
        "matrix_basis": [
          [
            0.9974794983863831,
            -0.061746325343847275,
            -0.03495744243264198,
            0.0
          ],
          [
            0.059913601726293564,
            0.9968871474266052,
            -0.051248736679553986,
            0.0
          ],
          [
            0.038013044744729996,
            0.04902514070272446,
            0.998073935508728,
            0.0
          ],
          [
            0.0,
            0.0,
            0.0,
            1.0
          ]
        ],
        "rotation_mode": "QUATERNION"
      },
      "armature_space": {
        "head": {
          "x": -0.0008446990977972746,
          "y": -0.0002780407667160034,
          "z": -0.0023879054933786392
        },
        "tail": {
          "x": -0.047038741409778595,
          "y": -0.017423180863261223,
          "z": 0.4831227958202362
        }
      },
      "world_space": {
        "head": {
          "x": -0.0008446990977972746,
          "y": 0.06296595931053162,
          "z": 0.9474661350250244
        },
        "tail": {
          "x": -0.047038741409778595,
          "y": 0.04582081735134125,
          "z": 1.4329768419265747
        },
        "rotation_quaternion": {
          "w": 0.6928570866584778,
          "x": 0.7192047834396362,
          "y": -0.04880760610103607,
          "z": 0.017647448927164078
        },
        "matrix": [
          [
            0.9946127533912659,
            -0.09465968608856201,
            -0.04224977269768715,
            -0.0008446990977972746
          ],
          [
            -0.04575161263346672,
            -0.035133395344018936,
            -0.9983348846435547,
            0.06296595931053162
          ],
          [
            0.09301828593015671,
            0.9948964715003967,
            -0.03927615284919739,
            0.9474661350250244
          ],
          [
            0.0,
            0.0,
            0.0,
            1.0
          ]
        ]
      },
      "bone_length_armature_space": 0.4880046052745,
      "parent": "Root",
      "has_children": true,
      "is_end_bone": false
    },
    "neck_01": {
      "name": "neck_01",
      "local": {
        "location": {
          "x": 0.0,
          "y": 0.0,
          "z": 0.0
        },
        "rotation_quaternion": {
          "w": 0.9935728311538696,
          "x": -0.019680853933095932,
          "y": 0.11146008223295212,
          "z": 0.0015441961586475372
        },
        "scale": {
          "x": 1.0,
          "y": 1.0,
          "z": 1.0
        },
        "matrix_basis": [
          [
            0.9751485586166382,
            -0.00745580205693841,
            0.22142663598060608,
            0.0
          ],
          [
            -0.0013187164440751076,
            0.9992205500602722,
            0.03945295512676239,
            0.0
          ],
          [
            -0.2215481996536255,
            -0.03876449167728424,
            0.9743786454200745,
            0.0
          ],
          [
            0.0,
            0.0,
            0.0,
            1.0
          ]
        ],
        "rotation_mode": "QUATERNION"
      },
      "armature_space": {
        "head": {
          "x": -0.05543481931090355,
          "y": -0.054618291556835175,
          "z": 0.5546054840087891
        },
        "tail": {
          "x": -0.06679009646177292,
          "y": -0.09314744174480438,
          "z": 0.6489310264587402
        }
      },
      "world_space": {
        "head": {
          "x": -0.05543481931090355,
          "y": 0.008625708520412445,
          "z": 1.5044595003128052
        },
        "tail": {
          "x": -0.06679009646177292,
          "y": -0.029903441667556763,
          "z": 1.5987850427627563
        },
        "rotation_quaternion": {
          "w": 0.5584818720817566,
          "x": 0.8207607865333557,
          "y": 0.01378095056861639,
          "z": 0.11941468715667725
        },
        "matrix": [
          [
            0.9711006283760071,
            -0.11076013743877411,
            0.21141387522220612,
            -0.05543481931090355
          ],
          [
            0.15600301325321198,
            -0.37581586837768555,
            -0.9134690761566162,
            0.008625708520412445
          ],
          [
            0.18063004314899445,
            0.9200574159622192,
            -0.34767940640449524,
            1.5044595003128052
          ],
          [
            0.0,
            0.0,
            0.0,
            1.0
          ]
        ]
      },
      "bone_length_armature_space": 0.10252192962938908,
      "parent": "spine_01",
      "has_children": true,
      "is_end_bone": false
    },
    "head": {
      "name": "head",
      "local": {
        "location": {
          "x": 0.0,
          "y": 0.0,
          "z": 0.0
        },
        "rotation_quaternion": {
          "w": 0.9899182915687561,
          "x": -0.110524483025074,
          "y": 0.07369910180568695,
          "z": 0.04913821443915367
        },
        "scale": {
          "x": 1.0,
          "y": 1.0,
          "z": 1.0
        },
        "matrix_basis": [
          [
            0.9843077659606934,
            -0.1135767474770546,
            0.1350502222776413,
            0.0
          ],
          [
            0.08099452406167984,
            0.9707395434379578,
            0.2260632961988449,
            0.0
          ],
          [
            -0.1567741334438324,
            -0.21157753467559814,
            0.9647055864334106,
            0.0
          ],
          [
            0.0,
            0.0,
            0.0,
            1.0
          ]
        ],
        "rotation_mode": "QUATERNION"
      },
      "armature_space": {
        "head": {
          "x": -0.06679005175828934,
          "y": -0.09314754605293274,
          "z": 0.6489308476448059
        },
        "tail": {
          "x": -0.11610586196184158,
          "y": -0.06647546589374542,
          "z": 0.7935331463813782
        }
      },
      "world_space": {
        "head": {
          "x": -0.06679005175828934,
          "y": -0.02990354597568512,
          "z": 1.5987849235534668
        },
        "tail": {
          "x": -0.11610586196184158,
          "y": -0.0032314658164978027,
          "z": 1.743387222290039
        },
        "rotation_quaternion": {
          "w": 0.765477180480957,
          "x": 0.6105452179908752,
          "y": -0.0057807862758636475,
          "z": 0.20309054851531982
        },
        "matrix": [
          [
            0.917441189289093,
            -0.31798145174980164,
            0.2391434758901596,
            -0.06679005175828934
          ],
          [
            0.3038654029369354,
            0.17197786271572113,
            -0.9370644092559814,
            -0.02990354597568512
          ],
          [
            0.25684377551078796,
            0.932375431060791,
            0.2544039487838745,
            1.5987849235534668
          ],
          [
            0.0,
            0.0,
            0.0,
            1.0
          ]
        ]
      },
      "bone_length_armature_space": 0.1550911811781347,
      "parent": "neck_01",
      "has_children": false,
      "is_end_bone": true
    },
    "upperarm_l": {
      "name": "upperarm_l",
      "local": {
        "location": {
          "x": 0.0,
          "y": 0.0,
          "z": 0.0
        },
        "rotation_quaternion": {
          "w": 0.9253461360931396,
          "x": -0.09257522225379944,
          "y": 0.361346960067749,
          "z": -0.06777101755142212
        },
        "scale": {
          "x": 1.0,
          "y": 1.0,
          "z": 1.0
        },
        "matrix_basis": [
          [
            0.7296709418296814,
            0.058519747108221054,
            0.6812898516654968,
            0.0
          ],
          [
            -0.1923268437385559,
            0.9736738204956055,
            0.1223505437374115,
            0.0
          ],
          [
            -0.6561942100524902,
            -0.22030594944953918,
            0.7217164039611816,
            0.0
          ],
          [
            0.0,
            0.0,
            0.0,
            1.0
          ]
        ],
        "rotation_mode": "QUATERNION"
      },
      "armature_space": {
        "head": {
          "x": 0.09998422116041183,
          "y": -0.062303610146045685,
          "z": 0.5015681982040405
        },
        "tail": {
          "x": 0.3614342510700226,
          "y": -0.003961086273193359,
          "z": 0.5084719061851501
        }
      },
      "world_space": {
        "head": {
          "x": 0.09998422116041183,
          "y": 0.0009403899312019348,
          "z": 1.4514222145080566
        },
        "tail": {
          "x": 0.3614342510700226,
          "y": 0.05928291380405426,
          "z": 1.4583258628845215
        },
        "rotation_quaternion": {
          "w": 0.3029647171497345,
          "x": 0.5825536847114563,
          "y": 0.7190787196159363,
          "z": -0.2275288850069046
        },
        "matrix": [
          [
            -0.1376858949661255,
            0.9756710529327393,
            0.170612633228302,
            0.09998422116041183
          ],
          [
            0.6999373435974121,
            0.21772082149982452,
            -0.6802099943161011,
            0.0009403899312019348
          ],
          [
            -0.7008112668991089,
            0.02576312981545925,
            -0.7128912210464478,
            1.4514222145080566
          ],
          [
            0.0,
            0.0,
            0.0,
            1.0
          ]
        ]
      },
      "bone_length_armature_space": 0.26796944407987566,
      "parent": "spine_01",
      "has_children": true,
      "is_end_bone": false
    },
    "lowerarm_l": {
      "name": "lowerarm_l",
      "local": {
        "location": {
          "x": 0.0,
          "y": 0.0,
          "z": 0.0
        },
        "rotation_quaternion": {
          "w": 0.8715101480484009,
          "x": 0.40083441138267517,
          "y": 0.16345210373401642,
          "z": -0.23040275275707245
        },
        "scale": {
          "x": 1.0,
          "y": 1.0,
          "z": 1.0
        },
        "matrix_basis": [
          [
            0.840395987033844,
            0.5326311588287354,
            0.10019362717866898,
            0.0
          ],
          [
            -0.27056223154067993,
            0.5724927186965942,
            -0.7739821672439575,
            0.0
          ],
          [
            -0.46960702538490295,
            0.6233428716659546,
            0.6252303719520569,
            0.0
          ],
          [
            0.0,
            0.0,
            0.0,
            1.0
          ]
        ],
        "rotation_mode": "QUATERNION"
      },
      "armature_space": {
        "head": {
          "x": 0.36143437027931213,
          "y": -0.003961186856031418,
          "z": 0.5084719657897949
        },
        "tail": {
          "x": 0.5164876580238342,
          "y": -0.03620920702815056,
          "z": 0.29285988211631775
        }
      },
      "world_space": {
        "head": {
          "x": 0.36143437027931213,
          "y": 0.0592828132212162,
          "z": 1.458325982093811
        },
        "tail": {
          "x": 0.5164876580238342,
          "y": 0.02703479304909706,
          "z": 1.2427139282226562
        },
        "rotation_quaternion": {
          "w": 0.13747408986091614,
          "x": -0.5535018444061279,
          "y": -0.6487148404121399,
          "z": 0.5038906335830688
        },
        "matrix": [
          [
            -0.3494696617126465,
            0.5795854926109314,
            -0.7361737489700317,
            0.36143437027931213
          ],
          [
            0.8566751480102539,
            -0.12054231762886047,
            -0.5015751719474792,
            0.0592828132212162
          ],
          [
            -0.37944748997688293,
            -0.8059527277946472,
            -0.45439413189888,
            1.458325982093811
          ],
          [
            0.0,
            0.0,
            0.0,
            1.0
          ]
        ]
      },
      "bone_length_armature_space": 0.2675257539314377,
      "parent": "upperarm_l",
      "has_children": true,
      "is_end_bone": false
    },
    "metacarpal_thumb_l": {
      "name": "metacarpal_thumb_l",
      "local": {
        "location": {
          "x": 0.0,
          "y": 0.0,
          "z": 0.0
        },
        "rotation_quaternion": {
          "w": 0.9996960163116455,
          "x": -0.020148972049355507,
          "y": 0.00797699298709631,
          "z": 0.01176079548895359
        },
        "scale": {
          "x": 1.0,
          "y": 1.0,
          "z": 1.0
        },
        "matrix_basis": [
          [
            0.999596118927002,
            -0.02383589744567871,
            0.015475200489163399,
            0.0
          ],
          [
            0.023192984983325005,
            0.9989113807678223,
            0.0404733270406723,
            0.0
          ],
          [
            -0.016423072665929794,
            -0.04009806364774704,
            0.9990607500076294,
            0.0
          ],
          [
            0.0,
            0.0,
            0.0,
            1.0
          ]
        ],
        "rotation_mode": "QUATERNION"
      },
      "armature_space": {
        "head": {
          "x": 0.5164876580238342,
          "y": -0.03620920702815056,
          "z": 0.29285988211631775
        },
        "tail": {
          "x": 0.5142611861228943,
          "y": -0.04999887943267822,
          "z": 0.2453361600637436
        }
      },
      "world_space": {
        "head": {
          "x": 0.5164876580238342,
          "y": 0.02703479304909706,
          "z": 1.2427139282226562
        },
        "tail": {
          "x": 0.5142611861228943,
          "y": 0.013245120644569397,
          "z": 1.195190191268921
        },
        "rotation_quaternion": {
          "w": 0.591359555721283,
          "x": -0.7796783447265625,
          "y": -0.10535293817520142,
          "z": 0.17690740525722504
        },
        "matrix": [
          [
            0.9152094125747681,
            -0.04494859650731087,
            -0.4004642367362976,
            0.5164876580238342
          ],
          [
            0.3735141158103943,
            -0.27838993072509766,
            0.8848652243614197,
            0.02703479304909706
          ],
          [
            -0.15125945210456848,
            -0.9594227075576782,
            -0.237996906042099,
            1.2427139282226562
          ],
          [
            0.0,
            0.0,
            0.0,
            1.0
          ]
        ]
      },
      "bone_length_armature_space": 0.04953399126811676,
      "parent": "lowerarm_l",
      "has_children": true,
      "is_end_bone": false
    },
    "thumb_01_l": {
      "name": "thumb_01_l",
      "local": {
        "location": {
          "x": 0.0,
          "y": 0.0,
          "z": 0.0
        },
        "rotation_quaternion": {
          "w": 0.9970659613609314,
          "x": -0.07587670534849167,
          "y": -0.007949982769787312,
          "z": 0.006264308467507362
        },
        "scale": {
          "x": 1.0,
          "y": 1.0,
          "z": 1.0
        },
        "matrix_basis": [
          [
            0.999795138835907,
            -0.011285420507192612,
            -0.01680394448339939,
            0.0
          ],
          [
            0.013698294758796692,
            0.9884069561958313,
            0.1512085646390915,
            0.0
          ],
          [
            0.014902683906257153,
            -0.15140776336193085,
            0.9883590340614319,
            0.0
          ],
          [
            0.0,
            0.0,
            0.0,
            1.0
          ]
        ],
        "rotation_mode": "QUATERNION"
      },
      "armature_space": {
        "head": {
          "x": 0.5142611861228943,
          "y": -0.04999887943267822,
          "z": 0.2453361600637436
        },
        "tail": {
          "x": 0.49497759342193604,
          "y": -0.037517428398132324,
          "z": 0.22021666169166565
        }
      },
      "world_space": {
        "head": {
          "x": 0.5142611861228943,
          "y": 0.013245120644569397,
          "z": 1.195190191268921
        },
        "tail": {
          "x": 0.49497759342193604,
          "y": 0.025726571679115295,
          "z": 1.1700706481933594
        },
        "rotation_quaternion": {
          "w": 0.5577136874198914,
          "x": -0.554071843624115,
          "y": 0.6101638078689575,
          "z": -0.09828557074069977
        },
        "matrix": [
          [
            0.23608170449733734,
            -0.5665217041969299,
            0.7895054817199707,
            0.5142611861228943
          ],
          [
            -0.7857797741889954,
            0.36668550968170166,
            0.49808838963508606,
            0.013245120644569397
          ],
          [
            -0.5716826319694519,
            -0.7379716038703918,
            -0.35859566926956177,
            1.195190191268921
          ],
          [
            0.0,
            0.0,
            0.0,
            1.0
          ]
        ]
      },
      "bone_length_armature_space": 0.034038695040388506,
      "parent": "metacarpal_thumb_l",
      "has_children": true,
      "is_end_bone": false
    },
    "thumb_02_l": {
      "name": "thumb_02_l",
      "local": {
        "location": {
          "x": 0.0,
          "y": 0.0,
          "z": 0.0
        },
        "rotation_quaternion": {
          "w": 0.9948784708976746,
          "x": 0.10041771829128265,
          "y": -0.0083391722291708,
          "z": 0.00797015056014061
        },
        "scale": {
          "x": 1.0,
          "y": 1.0,
          "z": 1.0
        },
        "matrix_basis": [
          [
            0.9997338652610779,
            -0.01753346435725689,
            -0.014992237091064453,
            0.0
          ],
          [
            0.014183861203491688,
            0.9797055125236511,
            -0.1999397873878479,
            0.0
          ],
          [
            0.01819361373782158,
            0.19967392086982727,
            0.9796934723854065,
            0.0
          ],
          [
            0.0,
            0.0,
            0.0,
            1.0
          ]
        ],
        "rotation_mode": "QUATERNION"
      },
      "armature_space": {
        "head": {
          "x": 0.49497753381729126,
          "y": -0.037517428398132324,
          "z": 0.22021670639514923
        },
        "tail": {
          "x": 0.5159557461738586,
          "y": -0.04007850959897041,
          "z": 0.18606188893318176
        }
      },
      "world_space": {
        "head": {
          "x": 0.49497753381729126,
          "y": 0.025726571679115295,
          "z": 1.170070767402649
        },
        "tail": {
          "x": 0.5159557461738586,
          "y": 0.023165490478277206,
          "z": 1.1359158754348755
        },
        "rotation_quaternion": {
          "w": 0.5396242141723633,
          "x": -0.25547581911087036,
          "y": 0.42062175273895264,
          "z": -0.6830924153327942
        },
        "matrix": [
          [
            -0.2870728075504303,
            0.522308886051178,
            0.8029837608337402,
            0.49497753381729126
          ],
          [
            -0.9521448016166687,
            -0.06376495212316513,
            -0.29892227053642273,
            0.025726571679115295
          ],
          [
            -0.10492902994155884,
            -0.8503751158714294,
            0.5156219005584717,
            1.170070767402649
          ],
          [
            0.0,
            0.0,
            0.0,
            1.0
          ]
        ]
      },
      "bone_length_armature_space": 0.04016461300567965,
      "parent": "thumb_01_l",
      "has_children": true,
      "is_end_bone": false
    },
    "thumb_03_l": {
      "name": "thumb_03_l",
      "local": {
        "location": {
          "x": 0.0,
          "y": 0.0,
          "z": 0.0
        },
        "rotation_quaternion": {
          "w": 0.99895179271698,
          "x": 0.045684460550546646,
          "y": -0.001407500240020454,
          "z": -0.0025234271306544542
        },
        "scale": {
          "x": 1.0,
          "y": 1.0,
          "z": 1.0
        },
        "matrix_basis": [
          [
            0.9999833106994629,
            0.004912962205708027,
            -0.0030426126904785633,
            0.0
          ],
          [
            -0.005170166026800871,
            0.9958131313323975,
            -0.09126604348421097,
            0.0
          ],
          [
            0.0025814869441092014,
            0.0912802517414093,
            0.9958218932151794,
            0.0
          ],
          [
            0.0,
            0.0,
            0.0,
            1.0
          ]
        ],
        "rotation_mode": "QUATERNION"
      },
      "armature_space": {
        "head": {
          "x": 0.5159556865692139,
          "y": -0.0400785394012928,
          "z": 0.18606188893318176
        },
        "tail": {
          "x": 0.5403432846069336,
          "y": -0.04157017171382904,
          "z": 0.1678982675075531
        }
      },
      "world_space": {
        "head": {
          "x": 0.5159556865692139,
          "y": 0.02316546067595482,
          "z": 1.1359158754348755
        },
        "tail": {
          "x": 0.5403432846069336,
          "y": 0.02167382836341858,
          "z": 1.1177523136138916
        },
        "rotation_quaternion": {
          "w": 0.5466373562812805,
          "x": 0.011133582331240177,
          "y": 0.42034462094306946,
          "z": -0.7241368293762207
        },
        "matrix": [
          [
            -0.4021250903606415,
            0.8010401725769043,
            0.4434301257133484,
            0.5159556865692139
          ],
          [
            -0.782322883605957,
            -0.04899446666240692,
            -0.6209434270858765,
            0.02316546067595482
          ],
          [
            -0.47567877173423767,
            -0.5966065526008606,
            0.6463778018951416,
            1.1359158754348755
          ],
          [
            0.0,
            0.0,
            0.0,
            1.0
          ]
        ]
      },
      "bone_length_armature_space": 0.030444984058817962,
      "parent": "thumb_02_l",
      "has_children": false,
      "is_end_bone": true
    },
    "metacarpal_index_l": {
      "name": "metacarpal_index_l",
      "local": {
        "location": {
          "x": 0.0,
          "y": 0.0,
          "z": 0.0
        },
        "rotation_quaternion": {
          "w": 0.9999676942825317,
          "x": -0.001868917141109705,
          "y": -0.004202758893370628,
          "z": -0.006590093486011028
        },
        "scale": {
          "x": 1.0,
          "y": 1.0,
          "z": 1.0
        },
        "matrix_basis": [
          [
            0.9998778104782104,
            0.013195469975471497,
            -0.008380613289773464,
            0.0
          ],
          [
            -0.013164051808416843,
            0.9999061822891235,
            0.003793106647208333,
            0.0
          ],
          [
            0.008429879322648048,
            -0.003682320471853018,
            0.9999576807022095,
            0.0
          ],
          [
            0.0,
            0.0,
            0.0,
            1.0
          ]
        ],
        "rotation_mode": "QUATERNION"
      },
      "armature_space": {
        "head": {
          "x": 0.5164876580238342,
          "y": -0.03620920702815056,
          "z": 0.29285988211631775
        },
        "tail": {
          "x": 0.5537965893745422,
          "y": -0.061357252299785614,
          "z": 0.18467019498348236
        }
      },
      "world_space": {
        "head": {
          "x": 0.5164876580238342,
          "y": 0.02703479304909706,
          "z": 1.2427139282226562
        },
        "tail": {
          "x": 0.5537965893745422,
          "y": 0.0018867477774620056,
          "z": 1.1345242261886597
        },
        "rotation_quaternion": {
          "w": 0.47185489535331726,
          "x": -0.7219243049621582,
          "y": -0.4123591482639313,
          "z": 0.2934930622577667
        },
        "matrix": [
          [
            0.4876421093940735,
            0.3184123635292053,
            -0.8129076957702637,
            0.5164876580238342
          ],
          [
            0.8723573684692383,
            -0.2146255224943161,
            0.43923673033714294,
            0.02703479304909706
          ],
          [
            -0.03461176156997681,
            -0.9233428835868835,
            -0.3824319541454315,
            1.2427139282226562
          ],
          [
            0.0,
            0.0,
            0.0,
            1.0
          ]
        ]
      },
      "bone_length_armature_space": 0.11717247494101607,
      "parent": "lowerarm_l",
      "has_children": true,
      "is_end_bone": false
    },
    "index_01_l": {
      "name": "index_01_l",
      "local": {
        "location": {
          "x": 0.0,
          "y": 0.0,
          "z": 0.0
        },
        "rotation_quaternion": {
          "w": 0.9971237182617188,
          "x": -0.07457141578197479,
          "y": -0.01131824217736721,
          "z": -0.0074435570277273655
        },
        "scale": {
          "x": 1.0,
          "y": 1.0,
          "z": 1.0
        },
        "matrix_basis": [
          [
            0.9996329545974731,
            0.016532329842448235,
            -0.02146122232079506,
            0.0
          ],
          [
            -0.013156259432435036,
            0.9887673854827881,
            0.14888234436511993,
            0.0
          ],
          [
            0.023681528866291046,
            -0.14854535460472107,
            0.9886220097541809,
            0.0
          ],
          [
            0.0,
            0.0,
            0.0,
            1.0
          ]
        ],
        "rotation_mode": "QUATERNION"
      },
      "armature_space": {
        "head": {
          "x": 0.5537965893745422,
          "y": -0.061357252299785614,
          "z": 0.18467019498348236
        },
        "tail": {
          "x": 0.5732218027114868,
          "y": -0.06169208139181137,
          "z": 0.16379855573177338
        }
      },
      "world_space": {
        "head": {
          "x": 0.5537965893745422,
          "y": 0.0018867477774620056,
          "z": 1.1345242261886597
        },
        "tail": {
          "x": 0.5732218027114868,
          "y": 0.0015519186854362488,
          "z": 1.1136525869369507
        },
        "rotation_quaternion": {
          "w": 0.4190397560596466,
          "x": -0.6994208693504333,
          "y": -0.5643880367279053,
          "z": 0.12916052341461182
        },
        "matrix": [
          [
            0.3295643925666809,
            0.6812423467636108,
            -0.6536792516708374,
            0.5537965893745422
          ],
          [
            0.897737979888916,
            -0.011742468923330307,
            0.4403736889362335,
            0.0018867477774620056
          ],
          [
            0.2923281490802765,
            -0.7319692373275757,
            -0.6154506802558899,
            1.1345242261886597
          ],
          [
            0.0,
            0.0,
            0.0,
            1.0
          ]
        ]
      },
      "bone_length_armature_space": 0.02851449339159947,
      "parent": "metacarpal_index_l",
      "has_children": true,
      "is_end_bone": false
    },
    "index_02_l": {
      "name": "index_02_l",
      "local": {
        "location": {
          "x": 0.0,
          "y": 0.0,
          "z": 0.0
        },
        "rotation_quaternion": {
          "w": 0.9988541007041931,
          "x": 0.04782893508672714,
          "y": -0.0007812608382664621,
          "z": 0.0015440054703503847
        },
        "scale": {
          "x": 1.0,
          "y": 1.0,
          "z": 1.0
        },
        "matrix_basis": [
          [
            0.9999940395355225,
            -0.0031592061277478933,
            -0.00141303485725075,
            0.0
          ],
          [
            0.0030097386334091425,
            0.9954200387001038,
            -0.09555067121982574,
            0.0
          ],
          [
            0.00170842744410038,
            0.09554584324359894,
            0.9954235553741455,
            0.0
          ],
          [
            0.0,
            0.0,
            0.0,
            1.0
          ]
        ],
        "rotation_mode": "QUATERNION"
      },
      "armature_space": {
        "head": {
          "x": 0.5732218027114868,
          "y": -0.06169215962290764,
          "z": 0.1637980043888092
        },
        "tail": {
          "x": 0.5898269414901733,
          "y": -0.060809772461652756,
          "z": 0.14426374435424805
        }
      },
      "world_space": {
        "head": {
          "x": 0.5732218027114868,
          "y": 0.001551840454339981,
          "z": 1.113651990890503
        },
        "tail": {
          "x": 0.5898269414901733,
          "y": 0.002434227615594864,
          "z": 1.0941177606582642
        },
        "rotation_quaternion": {
          "w": 0.4217859208583832,
          "x": -0.674999475479126,
          "y": -0.5824897885322571,
          "z": 0.16485801339149475
        },
        "matrix": [
          [
            0.2670515477657318,
            0.6472904086112976,
            -0.7139320373535156,
            0.5732218027114868
          ],
          [
            0.9254317283630371,
            0.03439664840698242,
            0.37735065817832947,
            0.001551840454339981
          ],
          [
            0.2688150107860565,
            -0.7614725828170776,
            -0.5898409485816956,
            1.113651990890503
          ],
          [
            0.0,
            0.0,
            0.0,
            1.0
          ]
        ]
      },
      "bone_length_armature_space": 0.02565339225540284,
      "parent": "index_01_l",
      "has_children": true,
      "is_end_bone": false
    },
    "index_03_l": {
      "name": "index_03_l",
      "local": {
        "location": {
          "x": 0.0,
          "y": 0.0,
          "z": 0.0
        },
        "rotation_quaternion": {
          "w": 0.9999792575836182,
          "x": 0.005692888051271439,
          "y": -0.00034536494058556855,
          "z": 0.0030133631080389023
        },
        "scale": {
          "x": 1.0,
          "y": 1.0,
          "z": 1.0
        },
        "matrix_basis": [
          [
            0.9999815821647644,
            -0.006030533462762833,
            -0.0006564061040990055,
            0.0
          ],
          [
            0.006022668909281492,
            0.9999170303344727,
            -0.01138762105256319,
            0.0
          ],
          [
            0.0007250250200740993,
            0.011383458971977234,
            0.99993497133255,
            0.0
          ],
          [
            0.0,
            0.0,
            0.0,
            1.0
          ]
        ],
        "rotation_mode": "QUATERNION"
      },
      "armature_space": {
        "head": {
          "x": 0.5898270010948181,
          "y": -0.06080985069274902,
          "z": 0.1442638337612152
        },
        "tail": {
          "x": 0.6071610450744629,
          "y": -0.05640118941664696,
          "z": 0.12115901708602905
        }
      },
      "world_space": {
        "head": {
          "x": 0.5898270010948181,
          "y": 0.002434149384498596,
          "z": 1.0941178798675537
        },
        "tail": {
          "x": 0.6071610450744629,
          "y": 0.006842810660600662,
          "z": 1.0710129737854004
        },
        "rotation_quaternion": {
          "w": 0.4824662506580353,
          "x": -0.633242130279541,
          "y": -0.5853785276412964,
          "z": 0.1535017043352127
        },
        "matrix": [
          [
            0.2675344944000244,
            0.5932530760765076,
            -0.7592604160308838,
            0.5898270010948181
          ],
          [
            0.8894934058189392,
            0.1508849710226059,
            0.4313187003135681,
            0.002434149384498596
          ],
          [
            0.37044548988342285,
            -0.790755033493042,
            -0.4873305559158325,
            1.0941178798675537
          ],
          [
            0.0,
            0.0,
            0.0,
            1.0
          ]
        ]
      },
      "bone_length_armature_space": 0.029218793669931905,
      "parent": "index_02_l",
      "has_children": false,
      "is_end_bone": true
    },
    "metacarpal_pinky_l": {
      "name": "metacarpal_pinky_l",
      "local": {
        "location": {
          "x": 0.0,
          "y": 0.0,
          "z": 0.0
        },
        "rotation_quaternion": {
          "w": 0.9989883303642273,
          "x": -0.041970688849687576,
          "y": 0.015016795136034489,
          "z": -0.005942165851593018
        },
        "scale": {
          "x": 1.0,
          "y": 1.0,
          "z": 1.0
        },
        "matrix_basis": [
          [
            0.9994783997535706,
            0.010611778125166893,
            0.030501998960971832,
            0.0
          ],
          [
            -0.01313283946365118,
            0.9964063167572021,
            0.0836779922246933,
            0.0
          ],
          [
            -0.029504412785172462,
            -0.08403491973876953,
            0.9960259199142456,
            0.0
          ],
          [
            0.0,
            0.0,
            0.0,
            1.0
          ]
        ],
        "rotation_mode": "QUATERNION"
      },
      "armature_space": {
        "head": {
          "x": 0.5164876580238342,
          "y": -0.03620920702815056,
          "z": 0.29285988211631775
        },
        "tail": {
          "x": 0.5943747758865356,
          "y": -0.023712806403636932,
          "z": 0.224884033203125
        }
      },
      "world_space": {
        "head": {
          "x": 0.5164876580238342,
          "y": 0.02703479304909706,
          "z": 1.2427139282226562
        },
        "tail": {
          "x": 0.5943747758865356,
          "y": 0.03953119367361069,
          "z": 1.1747380495071411
        },
        "rotation_quaternion": {
          "w": 0.3895640969276428,
          "x": 0.19964785873889923,
          "y": 0.6389397382736206,
          "z": -0.632563591003418
        },
        "matrix": [
          [
            -0.61676025390625,
            0.7479743957519531,
            0.24523741006851196,
            0.5164876580238342
          ],
          [
            -0.237726092338562,
            0.12000680714845657,
            -0.9638906121253967,
            0.02703479304909706
          ],
          [
            -0.7504009008407593,
            -0.6527931690216064,
            0.10379722714424133,
            1.2427139282226562
          ],
          [
            0.0,
            0.0,
            0.0,
            1.0
          ]
        ]
      },
      "bone_length_armature_space": 0.10413106812811077,
      "parent": "lowerarm_l",
      "has_children": true,
      "is_end_bone": false
    },
    "pinky_01_l": {
      "name": "pinky_01_l",
      "local": {
        "location": {
          "x": 0.0,
          "y": 0.0,
          "z": 0.0
        },
        "rotation_quaternion": {
          "w": 0.9914534091949463,
          "x": -0.12922056019306183,
          "y": -0.013126547448337078,
          "z": 0.01224948838353157
        },
        "scale": {
          "x": 1.0,
          "y": 1.0,
          "z": 1.0
        },
        "matrix_basis": [
          [
            0.9993553161621094,
            -0.02089715376496315,
            -0.02919449284672737,
            0.0
          ],
          [
            0.02768203429877758,
            0.9663040041923523,
            0.2559107542037964,
            0.0
          ],
          [
            0.02286294847726822,
            -0.25655391812324524,
            0.9662594795227051,
            0.0
          ],
          [
            0.0,
            0.0,
            0.0,
            1.0
          ]
        ],
        "rotation_mode": "QUATERNION"
      },
      "armature_space": {
        "head": {
          "x": 0.5943747758865356,
          "y": -0.023712806403636932,
          "z": 0.224884033203125
