{
  "metadata": {
    "armature_name": "KIM_caucasian_male",
    "export_time": "2026-01-13T19:11:11.168630",
    "blender_version": "4.4.1",
    "bone_count": 56,
    "end_bone_count": 13,
    "spaces_included": [
      "LOCAL_CHANNELS",
      "ARMATURE_SPACE",
      "WORLD_SPACE"
    ],
    "note": "LOCAL matches Transform panel; replay pose via local.matrix_basis for best fidelity."
  },
  "bones": {
    "Root": {
      "name": "Root",
      "local": {
        "location": {
          "x": 0.0,
          "y": 0.0,
          "z": 0.0
        },
        "rotation_quaternion": {
          "w": 0.9996012449264526,
          "x": -0.015868378803133965,
          "y": 0.00043718796223402023,
          "z": -0.023354629054665565
        },
        "scale": {
          "x": 1.0,
          "y": 1.0,
          "z": 1.0
        },
        "matrix_basis": [
          [
            0.9989087581634521,
            0.04667675867676735,
            0.0016152274329215288,
            0.0
          ],
          [
            -0.04670450836420059,
            0.9984055161476135,
            0.031703680753707886,
            0.0
          ],
          [
            -0.00013282705913297832,
            -0.03174452483654022,
            0.9994959831237793,
            0.0
          ],
          [
            0.0,
            0.0,
            0.0,
            1.0
          ]
        ],
        "rotation_mode": "QUATERNION"
      },
      "armature_space": {
        "head": {
          "x": 0.0,
          "y": 0.07072800397872925,
          "z": -0.009595036506652832
        },
        "tail": {
          "x": 0.003331594169139862,
          "y": 0.000417366623878479,
          "z": 0.0022299429401755333
        }
      },
      "world_space": {
        "head": {
          "x": 0.0,
          "y": 0.13397200405597687,
          "z": 0.9402589797973633
        },
        "tail": {
          "x": 0.003331594169139862,
          "y": 0.0636613667011261,
          "z": 0.952083945274353
        },
        "rotation_quaternion": {
          "w": 0.08317311108112335,
          "x": 0.9962613582611084,
          "y": 0.02333102375268936,
          "z": -0.0011371599975973368
        },
        "matrix": [
          [
            0.9989087581634521,
            0.04667675867676735,
            0.0016152274329215288,
            0.0
          ],
          [
            0.04629843309521675,
            -0.9850757718086243,
            -0.16577784717082977,
            0.13397200405597687
          ],
          [
            -0.0061468505300581455,
            0.1656719446182251,
            -0.9861688613891602,
            0.9402589797973633
          ],
          [
            0.0,
            0.0,
            0.0,
            1.0
          ]
        ]
      },
      "bone_length_armature_space": 0.07137587557126006,
      "parent": null,
      "has_children": true,
      "is_end_bone": false
    },
    "spine_01": {
      "name": "spine_01",
      "local": {
        "location": {
          "x": 0.0,
          "y": 0.0,
          "z": 0.0
        },
        "rotation_quaternion": {
          "w": 0.9985584020614624,
          "x": -0.03265112265944481,
          "y": -0.030507946386933327,
          "z": 0.029739895835518837
        },
        "scale": {
          "x": 1.0,
          "y": 1.0,
          "z": 1.0
        },
        "matrix_basis": [
          [
            0.9963696002960205,
            -0.057401809841394424,
            -0.06287001073360443,
            0.0
          ],
          [
            0.06138628348708153,
            0.9960988759994507,
            0.0633934959769249,
            0.0
          ],
          [
            0.05898585170507431,
            -0.06702271103858948,
            0.9960063099861145,
            0.0
          ],
          [
            0.0,
            0.0,
            0.0,
            1.0
          ]
        ],
        "rotation_mode": "QUATERNION"
      },
      "armature_space": {
        "head": {
          "x": 0.003331594169139862,
          "y": 0.000417366623878479,
          "z": 0.0022299429401755333
        },
        "tail": {
          "x": -0.024961531162261963,
          "y": 0.06984006613492966,
          "z": 0.4844420850276947
        }
      },
      "world_space": {
        "head": {
          "x": 0.003331594169139862,
          "y": 0.0636613667011261,
          "z": 0.952083945274353
        },
        "tail": {
          "x": -0.024961531162261963,
          "y": 0.13308405876159668,
          "z": 1.4342961311340332
        },
        "rotation_quaternion": {
          "w": 0.7553135752677917,
          "x": 0.6546714901924133,
          "y": -0.025115856900811195,
          "z": 0.016610508784651756
        },
        "matrix": [
          [
            0.9981865882873535,
            -0.05797756835818291,
            -0.01619146391749382,
            0.003331594169139862
          ],
          [
            -0.007792588323354721,
            0.14225926995277405,
            -0.9897988438606262,
            0.0636613667011261
          ],
          [
            0.05968993157148361,
            0.9881371855735779,
            0.14154955744743347,
            0.952083945274353
          ],
          [
            0.0,
            0.0,
            0.0,
            1.0
          ]
        ]
      },
      "bone_length_armature_space": 0.4880046922571483,
      "parent": "Root",
      "has_children": true,
      "is_end_bone": false
    },
    "neck_01": {
      "name": "neck_01",
      "local": {
        "location": {
          "x": 0.0,
          "y": 0.0,
          "z": 0.0
        },
        "rotation_quaternion": {
          "w": 0.9947126507759094,
          "x": -0.05893772840499878,
          "y": 0.042822957038879395,
          "z": 0.07238311320543289
        },
        "scale": {
          "x": 1.0,
          "y": 1.0,
          "z": 1.0
        },
        "matrix_basis": [
          [
            0.9858537316322327,
            -0.1490485668182373,
            0.0766608789563179,
            0.0
          ],
          [
            0.13895301520824432,
            0.9825740456581116,
            0.12345152348279953,
            0.0
          ],
          [
            -0.09372526407241821,
            -0.11105289310216904,
            0.9893850684165955,
            0.0
          ],
          [
            0.0,
            0.0,
            0.0,
            1.0
          ]
        ],
        "rotation_mode": "QUATERNION"
      },
      "armature_space": {
        "head": {
          "x": -0.029768086969852448,
          "y": 0.045929405838251114,
          "z": 0.5617009997367859
        },
        "tail": {
          "x": -0.051103755831718445,
          "y": 0.03249092772603035,
          "z": 0.6610738039016724
        }
      },
      "world_space": {
        "head": {
          "x": -0.029768086969852448,
          "y": 0.10917340219020844,
          "z": 1.5115549564361572
        },
        "tail": {
          "x": -0.051103755831718445,
          "y": 0.09573492407798767,
          "z": 1.6109278202056885
        },
        "rotation_quaternion": {
          "w": 0.6569346189498901,
          "x": 0.7457031011581421,
          "y": -0.05382292717695236,
          "z": 0.09729862213134766
        },
        "matrix": [
          [
            0.9752722978591919,
            -0.2081095576286316,
            0.07439412921667099,
            -0.029768086969852448
          ],
          [
            0.047564513981342316,
            -0.1310798078775406,
            -0.9902303218841553,
            0.10917340219020844
          ],
          [
            0.2158295214176178,
            0.9692891836166382,
            -0.11794167757034302,
            1.5115549564361572
          ],
          [
            0.0,
            0.0,
            0.0,
            1.0
          ]
        ]
      },
      "bone_length_armature_space": 0.10252198470191466,
      "parent": "spine_01",
      "has_children": true,
      "is_end_bone": false
    },
    "head": {
      "name": "head",
      "local": {
        "location": {
          "x": 0.0,
          "y": 0.0,
          "z": 0.0
        },
        "rotation_quaternion": {
          "w": 0.9766639471054077,
          "x": -0.09250877797603607,
          "y": 0.09110816568136215,
          "z": -0.17108216881752014
        },
        "scale": {
          "x": 1.0,
          "y": 1.0,
          "z": 1.0
        },
        "matrix_basis": [
          [
            0.9248603582382202,
            0.3173229694366455,
            0.20961733162403107,
            0.0
          ],
          [
            -0.3510361909866333,
            0.9243460297584534,
            0.14952601492404938,
            0.0
          ],
          [
            -0.14631091058254242,
            -0.21187394857406616,
            0.966282844543457,
            0.0
          ],
          [
            0.0,
            0.0,
            0.0,
            1.0
          ]
        ],
        "rotation_mode": "QUATERNION"
      },
      "armature_space": {
        "head": {
          "x": -0.051103729754686356,
          "y": 0.03249078616499901,
          "z": 0.6610737442970276
        },
        "tail": {
          "x": -0.034585364162921906,
          "y": 0.10038730502128601,
          "z": 0.7995312213897705
        }
      },
      "world_space": {
        "head": {
          "x": -0.051103729754686356,
          "y": 0.09573478996753693,
          "z": 1.6109278202056885
        },
        "tail": {
          "x": -0.034585364162921906,
          "y": 0.16363130509853363,
          "z": 1.7493852376937866
        },
        "rotation_quaternion": {
          "w": 0.8422268629074097,
          "x": 0.5301922559738159,
          "y": 0.09771011024713516,
          "z": -0.0017203595489263535
        },
        "matrix": [
          [
            0.9808996915817261,
            0.10650810599327087,
            0.16276328265666962,
            -0.051103729754686356
          ],
          [
            0.10071174800395966,
            0.4377872347831726,
            -0.8934202790260315,
            0.09573478996753693
          ],
          [
            -0.16641320288181305,
            0.8927544951438904,
            0.4187007546424866,
            1.6109278202056885
          ],
          [
            0.0,
            0.0,
            0.0,
            1.0
          ]
        ]
      },
      "bone_length_armature_space": 0.15509115274820925,
      "parent": "neck_01",
      "has_children": false,
      "is_end_bone": true
    },
    "upperarm_l": {
      "name": "upperarm_l",
      "local": {
        "location": {
          "x": 0.0,
          "y": 0.0,
          "z": 0.0
        },
        "rotation_quaternion": {
          "w": 0.9939594864845276,
          "x": 0.05041266232728958,
          "y": -0.037740662693977356,
          "z": 0.08988215029239655
        },
        "scale": {
          "x": 1.0,
          "y": 1.0,
          "z": 1.0
        },
        "matrix_basis": [
          [
            0.9809936881065369,
            -0.18248364329338074,
            -0.06596298515796661,
            0.0
          ],
          [
            0.1748732179403305,
            0.9787595272064209,
            -0.10700070858001709,
            0.0
          ],
          [
            0.08408777415752411,
            0.09343186765909195,
            0.9920684099197388,
            0.0
          ],
          [
            0.0,
            0.0,
            0.0,
            1.0
          ]
        ],
        "rotation_mode": "QUATERNION"
      },
      "armature_space": {
        "head": {
          "x": 0.12380482256412506,
          "y": 0.03204299882054329,
          "z": 0.5046954154968262
        },
        "tail": {
          "x": 0.3847026228904724,
          "y": 0.020280953496694565,
          "z": 0.5647091269493103
        }
      },
      "world_space": {
        "head": {
          "x": 0.12380482256412506,
          "y": 0.09528699517250061,
          "z": 1.4545494318008423
        },
        "tail": {
          "x": 0.3847026228904724,
          "y": 0.08352495729923248,
          "z": 1.5145630836486816
        },
        "rotation_quaternion": {
          "w": 0.580493688583374,
          "x": 0.5184565782546997,
          "y": 0.37560662627220154,
          "z": -0.5031396150588989
        },
        "matrix": [
          [
            0.21153971552848816,
            0.9736104011535645,
            -0.08563762903213501,
            0.12380482256412506
          ],
          [
            -0.1946692168712616,
            -0.0438932329416275,
            -0.979886531829834,
            0.09528699517250061
          ],
          [
            -0.9577934741973877,
            0.22395740449428558,
            0.18024715781211853,
            1.4545494318008423
          ],
          [
            0.0,
            0.0,
            0.0,
            1.0
          ]
        ]
      },
      "bone_length_armature_space": 0.2679695153679445,
      "parent": "spine_01",
      "has_children": true,
      "is_end_bone": false
    },
    "lowerarm_l": {
      "name": "lowerarm_l",
      "local": {
        "location": {
          "x": 0.0,
          "y": 0.0,
          "z": 0.0
        },
        "rotation_quaternion": {
          "w": 0.9478028416633606,
          "x": 0.06002003327012062,
          "y": 0.1015762910246849,
          "z": -0.29622596502304077
        },
        "scale": {
          "x": 1.0,
          "y": 1.0,
          "z": 1.0
        },
        "matrix_basis": [
          [
            0.8038648962974548,
            0.5737208724021912,
            0.15698960423469543,
            0.0
          ],
          [
            -0.5493344068527222,
            0.8172955513000488,
            -0.17395338416099548,
            0.0
          ],
          [
            -0.22810758650302887,
            0.05359524488449097,
            0.9721596837043762,
            0.0
          ],
          [
            0.0,
            0.0,
            0.0,
            1.0
          ]
        ],
        "rotation_mode": "QUATERNION"
      },
      "armature_space": {
        "head": {
          "x": 0.3847026824951172,
          "y": 0.020280925557017326,
          "z": 0.5647093057632446
        },
        "tail": {
          "x": 0.6250768899917603,
          "y": -0.07583624124526978,
          "z": 0.49724698066711426
        }
      },
      "world_space": {
        "head": {
          "x": 0.3847026824951172,
          "y": 0.0835249274969101,
          "z": 1.5145633220672607
        },
        "tail": {
          "x": 0.6250768899917603,
          "y": -0.012592241168022156,
          "z": 1.4471009969711304
        },
        "rotation_quaternion": {
          "w": 0.3368164598941803,
          "x": 0.5053368210792542,
          "y": 0.4548775851726532,
          "z": -0.6513644456863403
        },
        "matrix": [
          [
            -0.2623790502548218,
            0.8985129594802856,
            -0.35189732909202576,
            0.3847026824951172
          ],
          [
            0.020950421690940857,
            -0.3592836260795593,
            -0.9329934120178223,
            0.0835249274969101
          ],
          [
            -0.9647443294525146,
            -0.252172589302063,
            0.07544396817684174,
            1.5145633220672607
          ],
          [
            0.0,
            0.0,
            0.0,
            1.0
          ]
        ]
      },
      "bone_length_armature_space": 0.26752464341211923,
      "parent": "upperarm_l",
      "has_children": true,
      "is_end_bone": false
    },
    "metacarpal_thumb_l": {
      "name": "metacarpal_thumb_l",
      "local": {
        "location": {
          "x": 0.0,
          "y": 0.0,
          "z": 0.0
        },
        "rotation_quaternion": {
          "w": 0.9999496936798096,
          "x": -0.00972717721015215,
          "y": -0.0006187963881529868,
          "z": -0.0024107748176902533
        },
        "scale": {
          "x": 1.0,
          "y": 1.0,
          "z": 1.0
        },
        "matrix_basis": [
          [
            0.9999876022338867,
            0.004833345301449299,
            -0.0011906304862350225,
            0.0
          ],
          [
            -0.0048092687502503395,
            0.9997991323471069,
            0.01945635862648487,
            0.0
          ],
          [
            0.0012844306183978915,
            -0.019450392574071884,
            0.999809980392456,
            0.0
          ],
          [
            0.0,
            0.0,
            0.0,
            1.0
          ]
        ],
        "rotation_mode": "QUATERNION"
      },
      "armature_space": {
        "head": {
          "x": 0.6250768899917603,
          "y": -0.07583624124526978,
          "z": 0.49724698066711426
        },
        "tail": {
          "x": 0.6481077671051025,
          "y": -0.11683779954910278,
          "z": 0.48168933391571045
        }
      },
      "world_space": {
        "head": {
          "x": 0.6250768899917603,
          "y": -0.012592241168022156,
          "z": 1.4471009969711304
        },
        "tail": {
          "x": 0.6481077671051025,
          "y": -0.053593799471855164,
          "z": 1.4315433502197266
        },
        "rotation_quaternion": {
          "w": 0.11560117453336716,
          "x": -0.9389065504074097,
          "y": -0.2697419226169586,
          "z": 0.17980597913265228
        },
        "matrix": [
          [
            0.7898178696632385,
            0.46495380997657776,
            -0.40000712871551514,
            0.6250768899917603
          ],
          [
            0.548096776008606,
            -0.8277513980865479,
            0.12007375061511993,
            -0.012592241168022156
          ],
          [
            -0.27527928352355957,
            -0.3140820264816284,
            -0.9086188077926636,
            1.4471009969711304
          ],
          [
            0.0,
            0.0,
            0.0,
            1.0
          ]
        ]
      },
      "bone_length_armature_space": 0.04953372104821942,
      "parent": "lowerarm_l",
      "has_children": true,
      "is_end_bone": false
    },
    "thumb_01_l": {
      "name": "thumb_01_l",
      "local": {
        "location": {
          "x": 0.0,
          "y": 0.0,
          "z": 0.0
        },
        "rotation_quaternion": {
          "w": 0.9991844296455383,
          "x": 0.030012335628271103,
          "y": 0.020836297422647476,
          "z": -0.017194420099258423
        },
        "scale": {
          "x": 1.0,
          "y": 1.0,
          "z": 1.0
        },
        "matrix_basis": [
          [
            0.9985404014587402,
            0.035611484199762344,
            0.04060651734471321,
            0.0
          ],
          [
            -0.03311010077595711,
            0.9976072311401367,
            -0.060692254453897476,
            0.0
          ],
          [
            -0.04267069697380066,
            0.05925917997956276,
            0.9973301887512207,
            0.0
          ],
          [
            0.0,
            0.0,
            0.0,
            1.0
          ]
        ],
        "rotation_mode": "QUATERNION"
      },
      "armature_space": {
        "head": {
          "x": 0.6481077671051025,
          "y": -0.11683779954910278,
          "z": 0.48168933391571045
        },
        "tail": {
          "x": 0.6475424766540527,
          "y": -0.13449275493621826,
          "z": 0.4525925815105438
        }
      },
      "world_space": {
        "head": {
          "x": 0.6481077671051025,
          "y": -0.053593799471855164,
          "z": 1.4315433502197266
        },
        "tail": {
          "x": 0.6475424766540527,
          "y": -0.07124875485897064,
          "z": 1.4024466276168823
        },
        "rotation_quaternion": {
          "w": 0.43244126439094543,
          "x": -0.7759855389595032,
          "y": 0.23164081573486328,
          "z": -0.39646390080451965
        },
        "matrix": [
          [
            0.5783184170722961,
            -0.016606591641902924,
            0.8156421184539795,
            0.6481077671051025
          ],
          [
            -0.7023941278457642,
            -0.5186749696731567,
            0.48746156692504883,
            -0.053593799471855164
          ],
          [
            0.41496023535728455,
            -0.8548169136047363,
            -0.3116256296634674,
            1.4315433502197266
          ],
          [
            0.0,
            0.0,
            0.0,
            1.0
          ]
        ]
      },
      "bone_length_armature_space": 0.03403877210666683,
      "parent": "metacarpal_thumb_l",
      "has_children": true,
      "is_end_bone": false
    },
    "thumb_02_l": {
      "name": "thumb_02_l",
      "local": {
        "location": {
          "x": 0.0,
          "y": 0.0,
          "z": 0.0
        },
        "rotation_quaternion": {
          "w": 0.9942539930343628,
          "x": 0.106687530875206,
          "y": -0.007690705358982086,
          "z": 0.004199618939310312
        },
        "scale": {
          "x": 1.0,
          "y": 1.0,
          "z": 1.0
        },
        "matrix_basis": [
          [
            0.9998464584350586,
            -0.009991980157792568,
            -0.014396934770047665,
            0.0
          ],
          [
            0.006709970999509096,
            0.9772002696990967,
            -0.21221360564231873,
            0.0
          ],
          [
            0.016189122572541237,
            0.21208441257476807,
            0.9771172404289246,
            0.0
          ],
          [
            0.0,
            0.0,
            0.0,
            1.0
          ]
        ],
        "rotation_mode": "QUATERNION"
      },
      "armature_space": {
        "head": {
          "x": 0.647542417049408,
          "y": -0.13449275493621826,
          "z": 0.4525925815105438
        },
        "tail": {
          "x": 0.6852454543113708,
          "y": -0.1460675299167633,
          "z": 0.4449974000453949
        }
      },
      "world_space": {
        "head": {
          "x": 0.647542417049408,
          "y": -0.07124875485897064,
          "z": 1.4024466276168823
        },
        "tail": {
          "x": 0.6852454543113708,
          "y": -0.08282352983951569,
          "z": 1.3948514461517334
        },
        "rotation_quaternion": {
          "w": 0.5840043425559998,
          "x": -0.3158285617828369,
          "y": -0.12184128165245056,
          "z": -0.7377980947494507
        },
        "matrix": [
          [
            -0.1183813288807869,
            0.9387174844741821,
            0.3237209916114807,
            0.647542417049408
          ],
          [
            -0.7847920060157776,
            -0.2881848216056824,
            0.5486811995506287,
            -0.07124875485897064
          ],
          [
            0.6083518266677856,
            -0.1891019642353058,
            0.7708196640014648,
            1.4024466276168823
          ],
          [
            0.0,
            0.0,
            0.0,
            1.0
          ]
        ]
      },
      "bone_length_armature_space": 0.04016442660402347,
      "parent": "thumb_01_l",
      "has_children": true,
      "is_end_bone": false
    },
    "thumb_03_l": {
      "name": "thumb_03_l",
      "local": {
        "location": {
          "x": 0.0,
          "y": 0.0,
          "z": 0.0
        },
        "rotation_quaternion": {
          "w": 0.9982842206954956,
          "x": 0.05812807008624077,
          "y": -0.0030494288075715303,
          "z": -0.006362921092659235
        },
        "scale": {
          "x": 1.0,
          "y": 1.0,
          "z": 1.0
        },
        "matrix_basis": [
          [
            0.9999004006385803,
            0.012349492870271206,
            -0.006828121840953827,
            0.0
          ],
          [
            -0.013058522716164589,
            0.9931612610816956,
            -0.11601786315441132,
            0.0
          ],
          [
            0.005348664708435535,
            0.11609547585248947,
            0.9932236671447754,
            0.0
          ],
          [
            0.0,
            0.0,
            0.0,
            1.0
          ]
        ],
        "rotation_mode": "QUATERNION"
      },
      "armature_space": {
        "head": {
          "x": 0.6852453947067261,
          "y": -0.14606758952140808,
          "z": 0.4449974000453949
        },
        "tail": {
          "x": 0.7156517505645752,
          "y": -0.14551463723182678,
          "z": 0.4464254081249237
        }
      },
      "world_space": {
        "head": {
          "x": 0.6852453947067261,
          "y": -0.08282358944416046,
          "z": 1.3948514461517334
        },
        "tail": {
          "x": 0.7156517505645752,
          "y": -0.08227063715457916,
          "z": 1.3962794542312622
        },
        "rotation_quaternion": {
          "w": 0.7053708434104919,
          "x": -0.07284923642873764,
          "y": -0.10739410668611526,
          "z": -0.6968583464622498
        },
        "matrix": [
          [
            0.005709644872695208,
            0.998734176158905,
            -0.04997292160987854,
            0.6852453947067261
          ],
          [
            -0.9674396514892578,
            0.018162552267313004,
            0.2524491548538208,
            -0.08282358944416046
          ],
          [
            0.25303807854652405,
            0.046904489398002625,
            0.9663261771202087,
            1.3948514461517334
          ],
          [
            0.0,
            0.0,
            0.0,
            1.0
          ]
        ]
      },
      "bone_length_armature_space": 0.030444892310515666,
      "parent": "thumb_02_l",
      "has_children": false,
      "is_end_bone": true
    },
    "metacarpal_index_l": {
      "name": "metacarpal_index_l",
      "local": {
        "location": {
          "x": 0.0,
          "y": 0.0,
          "z": 0.0
        },
        "rotation_quaternion": {
          "w": 0.9996689558029175,
          "x": -0.018568096682429314,
          "y": 0.003328954102471471,
          "z": -0.01749785803258419
        },
        "scale": {
          "x": 1.0,
          "y": 1.0,
          "z": 1.0
        },
        "matrix_basis": [
          [
            0.999365508556366,
            0.034860506653785706,
            0.007305508013814688,
            0.0
          ],
          [
            -0.03510775417089462,
            0.9986981153488159,
            0.037007398903369904,
            0.0
          ],
          [
            -0.0060059004463255405,
            -0.037240397185087204,
            0.9992882609367371,
            0.0
          ],
          [
            0.0,
            0.0,
            0.0,
            1.0
          ]
        ],
        "rotation_mode": "QUATERNION"
      },
      "armature_space": {
        "head": {
          "x": 0.6250768899917603,
          "y": -0.07583624124526978,
          "z": 0.49724698066711426
        },
        "tail": {
          "x": 0.7148692607879639,
          "y": -0.14450304210186005,
          "z": 0.4664015769958496
        }
      },
      "world_space": {
        "head": {
          "x": 0.6250768899917603,
          "y": -0.012592241168022156,
          "z": 1.4471009969711304
        },
        "tail": {
          "x": 0.7148692607879639,
          "y": -0.08125904202461243,
          "z": 1.4162555932998657
        },
        "rotation_quaternion": {
          "w": 0.052060630172491074,
          "x": 0.8035701513290405,
          "y": 0.45196375250816345,
          "z": -0.3837885856628418
        },
        "matrix": [
          [
            0.29686909914016724,
            0.7663312554359436,
            -0.5697413086891174,
            0.6250768899917603
          ],
          [
            0.686408519744873,
            -0.5860355496406555,
            -0.4305882155895233,
            -0.012592241168022156
          ],
          [
            -0.6638659238815308,
            -0.2632494568824768,
            -0.6999972462654114,
            1.4471009969711304
          ],
          [
            0.0,
            0.0,
            0.0,
            1.0
          ]
        ]
      },
      "bone_length_armature_space": 0.1171718338587829,
      "parent": "lowerarm_l",
      "has_children": true,
      "is_end_bone": false
    },
    "index_01_l": {
      "name": "index_01_l",
      "local": {
        "location": {
          "x": 0.0,
          "y": 0.0,
          "z": 0.0
        },
        "rotation_quaternion": {
          "w": 0.9990002512931824,
          "x": -0.041159018874168396,
          "y": -0.016863875091075897,
          "z": -0.004481466952711344
        },
        "scale": {
          "x": 1.0,
          "y": 1.0,
          "z": 1.0
        },
        "matrix_basis": [
          [
            0.9993910789489746,
            0.010342174209654331,
            -0.03332512453198433,
            0.0
          ],
          [
            -0.007565772160887718,
            0.9965717196464539,
            0.08238688856363297,
            0.0
          ],
          [
            0.034062936902046204,
            -0.08208458870649338,
            0.9960430860519409,
            0.0
          ],
          [
            0.0,
            0.0,
            0.0,
            1.0
          ]
        ],
        "rotation_mode": "QUATERNION"
      },
      "armature_space": {
        "head": {
          "x": 0.7148692607879639,
          "y": -0.14450304210186005,
          "z": 0.4664015769958496
        },
        "tail": {
          "x": 0.7412378787994385,
          "y": -0.15031680464744568,
          "z": 0.45723819732666016
        }
      },
      "world_space": {
        "head": {
          "x": 0.7148692607879639,
          "y": -0.08125904202461243,
          "z": 1.4162555932998657
        },
        "tail": {
          "x": 0.7412378787994385,
          "y": -0.08707280457019806,
          "z": 1.4070922136306763
        },
        "rotation_quaternion": {
          "w": 0.06586883962154388,
          "x": 0.702267587184906,
          "y": 0.6274675726890564,
          "z": -0.3297969698905945
        },
        "matrix": [
          [
            -0.004964977502822876,
            0.9247481822967529,
            -0.3805474042892456,
            0.7148692607879639
          ],
          [
            0.8378528356552124,
            -0.2038891315460205,
            -0.5063915848731995,
            -0.08125904202461243
          ],
          [
            -0.54587721824646,
            -0.3213595747947693,
            -0.7737961411476135,
            1.4162555932998657
          ],
          [
            0.0,
            0.0,
            0.0,
            1.0
          ]
        ]
      },
      "bone_length_armature_space": 0.028514406462126742,
      "parent": "metacarpal_index_l",
      "has_children": true,
      "is_end_bone": false
    },
    "index_02_l": {
      "name": "index_02_l",
      "local": {
        "location": {
          "x": 0.0,
          "y": 0.0,
          "z": 0.0
        },
        "rotation_quaternion": {
          "w": 0.9805576205253601,
          "x": 0.19569285213947296,
          "y": -0.01401513908058405,
          "z": 0.0038318342994898558
        },
        "scale": {
          "x": 1.0,
          "y": 1.0,
          "z": 1.0
        },
        "matrix_basis": [
          [
            0.9995777606964111,
            -0.01299999374896288,
            -0.025985578075051308,
            0.0
          ],
          [
            0.002029343508183956,
            0.9233792424201965,
            -0.38388365507125854,
            0.0
          ],
          [
            0.028985027223825455,
            0.38366883993148804,
            0.9230157732963562,
            0.0
          ],
          [
            0.0,
            0.0,
            0.0,
            1.0
          ]
        ],
        "rotation_mode": "QUATERNION"
      },
      "armature_space": {
        "head": {
          "x": 0.7412381172180176,
          "y": -0.1503172516822815,
          "z": 0.45723798871040344
        },
        "tail": {
          "x": 0.7600468397140503,
          "y": -0.1599579006433487,
          "z": 0.44269895553588867
        }
      },
      "world_space": {
        "head": {
          "x": 0.7412381172180176,
          "y": -0.08707325160503387,
          "z": 1.4070919752120972
        },
        "tail": {
          "x": 0.7600468397140503,
          "y": -0.09671390056610107,
          "z": 1.3925529718399048
        },
        "rotation_quaternion": {
          "w": 0.030764903873205185,
          "x": -0.6831457614898682,
          "y": -0.5578076243400574,
          "z": 0.4703361690044403
        },
        "matrix": [
          [
            -0.06473319977521896,
            0.7331904172897339,
            -0.6769354343414307,
            0.7412381172180176
          ],
          [
            0.7910671234130859,
            -0.3758057951927185,
            -0.4826834797859192,
            -0.08707325160503387
          ],
          [
            -0.608298659324646,
            -0.5667513608932495,
            -0.5556797385215759,
            1.4070919752120972
          ],
          [
            0.0,
            0.0,
            0.0,
            1.0
          ]
        ]
      },
      "bone_length_armature_space": 0.025653335821610723,
      "parent": "index_01_l",
      "has_children": true,
      "is_end_bone": false
    },
    "index_03_l": {
      "name": "index_03_l",
      "local": {
        "location": {
          "x": 0.0,
          "y": 0.0,
          "z": 0.0
        },
        "rotation_quaternion": {
          "w": 0.9815384149551392,
          "x": 0.1910398006439209,
          "y": -0.0017703801859170198,
          "z": -0.00911519955843687
        },
        "scale": {
          "x": 1.0,
          "y": 1.0,
          "z": 1.0
        },
        "matrix_basis": [
          [
            0.9998275637626648,
            0.01721741072833538,
            -0.006958124227821827,
            0.0
          ],
          [
            -0.01857026293873787,
            0.9268414378166199,
            -0.37499353289604187,
            0.0
          ],
          [
            -7.339489911828423e-06,
            0.3750580847263336,
            0.9270012974739075,
            0.0
          ],
          [
            0.0,
            0.0,
            0.0,
            1.0
          ]
        ],
        "rotation_mode": "QUATERNION"
      },
      "armature_space": {
        "head": {
          "x": 0.7600469589233398,
          "y": -0.15995784103870392,
          "z": 0.4426990747451782
        },
        "tail": {
          "x": 0.7697582244873047,
          "y": -0.1731151044368744,
          "z": 0.4184850752353668
        }
      },
      "world_space": {
        "head": {
          "x": 0.7600469589233398,
          "y": -0.0967138409614563,
          "z": 1.3925530910491943
        },
        "tail": {
          "x": 0.7697582244873047,
          "y": -0.10987110435962677,
          "z": 1.3683390617370605
        },
        "rotation_quaternion": {
          "w": 0.23222625255584717,
          "x": -0.6342878937721252,
          "y": -0.4700200855731964,
          "z": 0.5681821703910828
        },
        "matrix": [
          [
            -0.08750006556510925,
            0.33236533403396606,
            -0.9390831589698792,
            0.7600469589233398
          ],
          [
            0.8601502180099487,
            -0.45030295848846436,
            -0.23951902985572815,
            -0.0967138409614563
          ],
          [
            -0.5024824738502502,
            -0.8287166357040405,
            -0.2464841902256012,
            1.3925530910491943
          ],
          [
            0.0,
            0.0,
            0.0,
            1.0
          ]
        ]
      },
      "bone_length_armature_space": 0.029218830524329796,
      "parent": "index_02_l",
      "has_children": false,
      "is_end_bone": true
    },
    "metacarpal_pinky_l": {
      "name": "metacarpal_pinky_l",
      "local": {
        "location": {
          "x": 0.0,
          "y": 0.0,
          "z": 0.0
        },
        "rotation_quaternion": {
          "w": 0.9980791807174683,
          "x": -0.0612177774310112,
          "y": -0.0011021356331184506,
          "z": 0.009449896402657032
        },
        "scale": {
          "x": 1.0,
          "y": 1.0,
          "z": 1.0
        },
        "matrix_basis": [
          [
            0.9998189806938171,
            -0.018728548660874367,
            -0.003357040463015437,
            0.0
          ],
          [
            0.01899843104183674,
            0.9923261404037476,
            0.1221795454621315,
            0.0
          ],
          [
            0.0010430339025333524,
            -0.1222212091088295,
            0.9925023317337036,
            0.0
          ],
          [
            0.0,
            0.0,
            0.0,
            1.0
          ]
        ],
        "rotation_mode": "QUATERNION"
      },
      "armature_space": {
        "head": {
          "x": 0.6250768899917603,
          "y": -0.07583624124526978,
          "z": 0.49724698066711426
        },
        "tail": {
          "x": 0.7216244339942932,
          "y": -0.0763845145702362,
          "z": 0.45824047923088074
        }
      },
      "world_space": {
        "head": {
          "x": 0.6250768899917603,
          "y": -0.012592241168022156,
          "z": 1.4471009969711304
        },
        "tail": {
          "x": 0.7216244339942932,
          "y": -0.013140514492988586,
          "z": 1.4080945253372192
        },
        "rotation_quaternion": {
          "w": 0.6650596261024475,
          "x": -0.031724050641059875,
          "y": 0.2346542477607727,
          "z": -0.7082561254501343
        },
        "matrix": [
          [
            -0.11337704956531525,
            0.9271761178970337,
            0.3570576012134552,
            0.6250768899917603
          ],
          [
            -0.9569544196128845,
            -0.005265258252620697,
            -0.29019108414649963,
            -0.012592241168022156
          ],
          [
            -0.2671809494495392,
            -0.3745916187763214,
            0.8878681063652039,
            1.4471009969711304
          ],
          [
            0.0,
            0.0,
            0.0,
            1.0
          ]
        ]
      },
      "bone_length_armature_space": 0.10413085839159175,
      "parent": "lowerarm_l",
      "has_children": true,
      "is_end_bone": false
    },
    "pinky_01_l": {
      "name": "pinky_01_l",
      "local": {
        "location": {
          "x": 0.0,
          "y": 0.0,
          "z": 0.0
        },
        "rotation_quaternion": {
          "w": 0.9981012940406799,
          "x": 0.0606115385890007,
          "y": 0.0033545757178217173,
          "z": 0.010441277176141739
        },
        "scale": {
          "x": 1.0,
          "y": 1.0,
          "z": 1.0
        },
        "matrix_basis": [
          [
            0.9997594356536865,
            -0.020436253398656845,
            0.007962136529386044,
            0.0
          ],
          [
            0.0212495569139719,
            0.9924344420433044,
            -0.12092285603284836,
            0.0
          ],
          [
            -0.0054306890815496445,
            0.12106296420097351,
            0.9926300048828125,
            0.0
          ],
          [
            0.0,
            0.0,
            0.0,
            1.0
          ]
        ],
        "rotation_mode": "QUATERNION"
      },
      "armature_space": {
        "head": {
          "x": 0.7216244339942932,
          "y": -0.0763845145702362,
