{
  "metadata": {
    "armature_name": "KIM_caucasian_male",
    "export_time": "2026-01-13T21:00:20.826225",
    "blender_version": "4.4.1",
    "bone_count": 56,
    "end_bone_count": 13,
    "spaces_included": [
      "LOCAL_CHANNELS",
      "ARMATURE_SPACE",
      "WORLD_SPACE"
    ],
    "note": "LOCAL matches Transform panel; replay pose via local.matrix_basis for best fidelity."
  },
  "bones": {
    "Root": {
      "name": "Root",
      "local": {
        "location": {
          "x": 0.0,
          "y": 0.0,
          "z": 0.0
        },
        "rotation_quaternion": {
          "w": 0.9996931552886963,
          "x": 4.058730337419547e-05,
          "y": -0.009123881347477436,
          "z": -0.02303095906972885
        },
        "scale": {
          "x": 1.0,
          "y": 1.0,
          "z": 1.0
        },
        "matrix_basis": [
          [
            0.9987726807594299,
            0.046047043055295944,
            -0.018244033679366112,
            0.0
          ],
          [
            -0.04604852572083473,
            0.9989391565322876,
            0.00033911378704942763,
            0.0
          ],
          [
            0.018240293487906456,
            0.0005014131893403828,
            0.9998335242271423,
            0.0
          ],
          [
            0.0,
            0.0,
            0.0,
            1.0
          ]
        ],
        "rotation_mode": "QUATERNION"
      },
      "armature_space": {
        "head": {
          "x": 0.0,
          "y": 0.07072800397872925,
          "z": -0.009595036506652832
        },
        "tail": {
          "x": 0.0032866476103663445,
          "y": 7.022172212600708e-05,
          "z": -4.5643188059329987e-05
        }
      },
      "world_space": {
        "head": {
          "x": 0.0,
          "y": 0.13397200405597687,
          "z": 0.9402589797973633
        },
        "tail": {
          "x": 0.0032866476103663445,
          "y": 0.06331422179937363,
          "z": 0.9498083591461182
        },
        "rotation_quaternion": {
          "w": 0.06730648875236511,
          "x": 0.9974247813224792,
          "y": 0.02236398123204708,
          "z": -0.010654700919985771
        },
        "matrix": [
          [
            0.9987726807594299,
            0.046047043055295944,
            -0.018244033679366112,
            0.0
          ],
          [
            0.04317851364612579,
            -0.9899393916130066,
            -0.1347433477640152,
            0.13397200405597687
          ],
          [
            -0.024265145882964134,
            0.13379022479057312,
            -0.9907196164131165,
            0.9402589797973633
          ],
          [
            0.0,
            0.0,
            0.0,
            1.0
          ]
        ]
      },
      "bone_length_armature_space": 0.07137587314384684,
      "parent": null,
      "has_children": true,
      "is_end_bone": false
    },
    "spine_01": {
      "name": "spine_01",
      "local": {
        "location": {
          "x": 0.0,
          "y": 0.0,
          "z": 0.0
        },
        "rotation_quaternion": {
          "w": 0.9988778233528137,
          "x": 0.03216995671391487,
          "y": -0.02068466506898403,
          "z": 0.02793443389236927
        },
        "scale": {
          "x": 1.0,
          "y": 1.0,
          "z": 1.0
        },
        "matrix_basis": [
          [
            0.9975836277008057,
            -0.05713702365756035,
            -0.039525605738162994,
            0.0
          ],
          [
            0.0544753223657608,
            0.9963695406913757,
            -0.06542333960533142,
            0.0
          ],
          [
            0.04312020540237427,
            0.06311208754777908,
            0.9970744848251343,
            0.0
          ],
          [
            0.0,
            0.0,
            0.0,
            1.0
          ]
        ],
        "rotation_mode": "QUATERNION"
      },
      "armature_space": {
        "head": {
          "x": 0.0032866476103663445,
          "y": 7.022172212600708e-05,
          "z": -4.5643188059329987e-05
        },
        "tail": {
          "x": -0.012392831034958363,
          "y": -0.008950063958764076,
          "z": 0.4876236319541931
        }
      },
      "world_space": {
        "head": {
          "x": 0.0032866476103663445,
          "y": 0.06331422179937363,
          "z": 0.9498083591461182
        },
        "tail": {
          "x": -0.012392831034958363,
          "y": 0.05429393798112869,
          "z": 1.4374775886535645
        },
        "rotation_quaternion": {
          "w": 0.70046466588974,
          "x": 0.713504433631897,
          "y": -0.01034324336796999,
          "z": 0.012398977763950825
        },
        "matrix": [
          [
            0.9994786381721497,
            -0.03212999925017357,
            0.003203064203262329,
            0.0032866476103663445
          ],
          [
            0.002609971910715103,
            -0.018484145402908325,
            -0.9998258352279663,
            0.06331422179937363
          ],
          [
            0.03218383714556694,
            0.9993197917938232,
            -0.018391668796539307,
            0.9498083591461182
          ],
          [
            0.0,
            0.0,
            0.0,
            1.0
          ]
        ]
      },
      "bone_length_armature_space": 0.48800466408544724,
      "parent": "Root",
      "has_children": true,
      "is_end_bone": false
    },
    "neck_01": {
      "name": "neck_01",
      "local": {
        "location": {
          "x": 0.0,
          "y": 0.0,
          "z": 0.0
        },
        "rotation_quaternion": {
          "w": 0.9957852363586426,
          "x": 0.023949407041072845,
          "y": -0.05538979545235634,
          "z": -0.06906643509864807
        },
        "scale": {
          "x": 1.0,
          "y": 1.0,
          "z": 1.0
        },
        "matrix_basis": [
          [
            0.9843236207962036,
            0.13489755988121033,
            -0.11362088471651077,
            0.0
          ],
          [
            -0.14020377397537231,
            0.9893125295639038,
            -0.04004577919840813,
            0.0
          ],
          [
            0.10700447857379913,
            0.05534808337688446,
            0.9927167892456055,
            0.0
          ],
          [
            0.0,
            0.0,
            0.0,
            1.0
          ]
        ],
        "rotation_mode": "QUATERNION"
      },
      "armature_space": {
        "head": {
          "x": -0.014634257182478905,
          "y": -0.04497784748673439,
          "z": 0.5601544380187988
        },
        "tail": {
          "x": -0.0036261212080717087,
          "y": -0.09043127298355103,
          "z": 0.6513878703117371
        }
      },
      "world_space": {
        "head": {
          "x": -0.014634257182478905,
          "y": 0.01826615259051323,
          "z": 1.510008454322815
        },
        "tail": {
          "x": -0.0036261212080717087,
          "y": -0.027187272906303406,
          "z": 1.6012418270111084
        },
        "rotation_quaternion": {
          "w": 0.5272042751312256,
          "x": 0.8465753793716431,
          "y": 0.01943279802799225,
          "z": -0.0706285908818245
        },
        "matrix": [
          [
            0.9892681837081909,
            0.10737409442663193,
            -0.09909415245056152,
            -0.014634257182478905
          ],
          [
            -0.04156824201345444,
            -0.4433557689189911,
            -0.895381510257721,
            0.01826615259051323
          ],
          [
            -0.14007572829723358,
            0.8898971676826477,
            -0.43413814902305603,
            1.510008454322815
          ],
          [
            0.0,
            0.0,
            0.0,
            1.0
          ]
        ]
      },
      "bone_length_armature_space": 0.10252186096611504,
      "parent": "spine_01",
      "has_children": true,
      "is_end_bone": false
    },
    "head": {
      "name": "head",
      "local": {
        "location": {
          "x": 0.0,
          "y": 0.0,
          "z": 0.0
        },
        "rotation_quaternion": {
          "w": 0.9913432598114014,
          "x": -0.036431048065423965,
          "y": -0.11596548557281494,
          "z": 0.04963172599673271
        },
        "scale": {
          "x": 1.0,
          "y": 1.0,
          "z": 1.0
        },
        "matrix_basis": [
          [
            0.9681773781776428,
            -0.0899546667933464,
            -0.23353947699069977,
            0.0
          ],
          [
            0.10685364156961441,
            0.9924189448356628,
            0.06072021275758743,
            0.0
          ],
          [
            0.22630693018436432,
            -0.08374248445034027,
            0.9704495668411255,
            0.0
          ],
          [
            0.0,
            0.0,
            0.0,
            1.0
          ]
        ],
        "rotation_mode": "QUATERNION"
      },
      "armature_space": {
        "head": {
          "x": -0.0036261454224586487,
          "y": -0.09043137729167938,
          "z": 0.6513877511024475
        },
        "tail": {
          "x": 0.004134590271860361,
          "y": -0.09068726748228073,
          "z": 0.8062845468521118
        }
      },
      "world_space": {
        "head": {
          "x": -0.0036261454224586487,
          "y": -0.027187377214431763,
          "z": 1.6012418270111084
        },
        "tail": {
          "x": 0.004134590271860361,
          "y": -0.02744326740503311,
          "z": 1.756138563156128
        },
        "rotation_quaternion": {
          "w": 0.7017911672592163,
          "x": 0.6979780197143555,
          "y": -0.08163321018218994,
          "z": -0.11684142053127289
        },
        "matrix": [
          [
            0.9593683481216431,
            0.05004013702273369,
            -0.2776848375797272,
            -0.0036261454224586487
          ],
          [
            -0.2779533565044403,
            -0.0016499236226081848,
            -0.9605933427810669,
            -0.027187377214431763
          ],
          [
            -0.04852695018053055,
            0.9987529516220093,
            0.012325182557106018,
            1.6012418270111084
          ],
          [
            0.0,
            0.0,
            0.0,
            1.0
          ]
        ]
      },
      "bone_length_armature_space": 0.15509130101944663,
      "parent": "neck_01",
      "has_children": false,
      "is_end_bone": true
    },
    "upperarm_l": {
      "name": "upperarm_l",
      "local": {
        "location": {
          "x": 0.0,
          "y": 0.0,
          "z": 0.0
        },
        "rotation_quaternion": {
          "w": 0.9650262594223022,
          "x": -0.011701318435370922,
          "y": 0.2618909180164337,
          "z": 0.0008945049485191703
        },
        "scale": {
          "x": 1.0,
          "y": 1.0,
          "z": 1.0
        },
        "matrix_basis": [
          [
            0.8628246784210205,
            -0.007855379953980446,
            0.5054423213005066,
            0.0
          ],
          [
            -0.004402496386319399,
            0.9997245669364929,
            0.02305268496274948,
            0.0
          ],
          [
            -0.5054841637611389,
            -0.022115632891654968,
            0.8625524640083313,
            0.0
          ],
          [
            0.0,
            0.0,
            0.0,
            1.0
          ]
        ],
        "rotation_mode": "QUATERNION"
      },
      "armature_space": {
        "head": {
          "x": 0.13745714724063873,
          "y": -0.04653264582157135,
          "z": 0.4977613687515259
        },
        "tail": {
          "x": 0.40482693910598755,
          "y": -0.02941303700208664,
          "z": 0.5030487179756165
        }
      },
      "world_space": {
        "head": {
          "x": 0.13745714724063873,
          "y": 0.01671135425567627,
          "z": 1.447615385055542
        },
        "tail": {
          "x": 0.40482693910598755,
          "y": 0.03383096307516098,
          "z": 1.4529027938842773
        },
        "rotation_quaternion": {
          "w": 0.35532346367836,
          "x": 0.6039380431175232,
          "y": 0.6369381546974182,
          "z": -0.3214247226715088
        },
        "matrix": [
          [
            -0.018006457015872,
            0.9977622032165527,
            0.06439375877380371,
            0.13745714724063873
          ],
          [
            0.5409225821495056,
            0.06388642638921738,
            -0.8386427164077759,
            0.01671135425567627
          ],
          [
            -0.8408850431442261,
            0.019731203094124794,
            -0.5408669710159302,
            1.447615385055542
          ],
          [
            0.0,
            0.0,
            0.0,
            1.0
          ]
        ]
      },
      "bone_length_armature_space": 0.2679694977461764,
      "parent": "spine_01",
      "has_children": true,
      "is_end_bone": false
    },
    "lowerarm_l": {
      "name": "lowerarm_l",
      "local": {
        "location": {
          "x": 0.0,
          "y": 0.0,
          "z": 0.0
        },
        "rotation_quaternion": {
          "w": 0.9138193726539612,
          "x": 0.25875961780548096,
          "y": -0.0900137722492218,
          "z": 0.29979220032691956
        },
        "scale": {
          "x": 1.0,
          "y": 1.0,
          "z": 1.0
        },
        "matrix_basis": [
          [
            0.8040443062782288,
            -0.5944957137107849,
            -0.00936442706733942,
            0.0
          ],
          [
            0.5013279914855957,
            0.6863362193107605,
            -0.526889979839325,
            0.0
          ],
          [
            0.31966090202331543,
            0.4189482629299164,
            0.8498819470405579,
            0.0
          ],
          [
            0.0,
            0.0,
            0.0,
            1.0
          ]
        ],
        "rotation_mode": "QUATERNION"
      },
      "armature_space": {
        "head": {
          "x": 0.4048269987106323,
          "y": -0.029413137584924698,
          "z": 0.5030487775802612
        },
        "tail": {
          "x": 0.5741739869117737,
          "y": -0.2105296403169632,
          "z": 0.6034872531890869
        }
      },
      "world_space": {
        "head": {
          "x": 0.4048269987106323,
          "y": 0.03383086249232292,
          "z": 1.4529027938842773
        },
        "tail": {
          "x": 0.5741739869117737,
          "y": -0.14728564023971558,
          "z": 1.553341269493103
        },
        "rotation_quaternion": {
          "w": 0.34786662459373474,
          "x": 0.798686146736145,
          "y": 0.20120754837989807,
          "z": -0.4478893280029297
        },
        "matrix": [
          [
            0.517821729183197,
            0.6330148577690125,
            -0.5754589438438416,
            0.4048269987106323
          ],
          [
            0.009792625904083252,
            -0.677009105682373,
            -0.7359098196029663,
            0.03383086249232292
          ],
          [
            -0.8554385304450989,
            0.3754366636276245,
            -0.35677197575569153,
            1.4529027938842773
          ],
          [
            0.0,
            0.0,
            0.0,
            1.0
          ]
        ]
      },
      "bone_length_armature_space": 0.2675247260920079,
      "parent": "upperarm_l",
      "has_children": true,
      "is_end_bone": false
    },
    "metacarpal_thumb_l": {
      "name": "metacarpal_thumb_l",
      "local": {
        "location": {
          "x": 0.0,
          "y": 0.0,
          "z": 0.0
        },
        "rotation_quaternion": {
          "w": 0.9999359846115112,
          "x": 0.006054716184735298,
          "y": -0.009165654890239239,
          "z": 0.0027325798291713
        },
        "scale": {
          "x": 1.0,
          "y": 1.0,
          "z": 1.0
        },
        "matrix_basis": [
          [
            0.9998170733451843,
            -0.005575800780206919,
            -0.018297046422958374,
            0.0
          ],
          [
            0.005353819113224745,
            0.9999117255210876,
            -0.01215874869376421,
            0.0
          ],
          [
            0.01836322620511055,
            0.012058565393090248,
            0.9997586607933044,
            0.0
          ],
          [
            0.0,
            0.0,
            0.0,
            1.0
          ]
        ],
        "rotation_mode": "QUATERNION"
      },
      "armature_space": {
        "head": {
          "x": 0.5741739869117737,
          "y": -0.2105296403169632,
          "z": 0.6034872531890869
        },
        "tail": {
          "x": 0.5868110656738281,
          "y": -0.25824645161628723,
          "z": 0.599364697933197
        }
      },
      "world_space": {
        "head": {
          "x": 0.5741739869117737,
          "y": -0.14728564023971558,
          "z": 1.553341269493103
        },
        "tail": {
          "x": 0.5868110656738281,
          "y": -0.1950024515390396,
          "z": 1.5492186546325684
        },
        "rotation_quaternion": {
          "w": 0.0689295306801796,
          "x": -0.9671934247016907,
          "y": -0.1165694072842598,
          "z": -0.21493548154830933
        },
        "matrix": [
          [
            0.8804287314414978,
            0.25512126088142395,
            0.3996981084346771,
            0.5741739869117737
          ],
          [
            0.19585976004600525,
            -0.9633207321166992,
            0.1834459751844406,
            -0.14728564023971558
          ],
          [
            0.43184155225753784,
            -0.08322782814502716,
            -0.8981091976165771,
            1.553341269493103
          ],
          [
            0.0,
            0.0,
            0.0,
            1.0
          ]
        ]
      },
      "bone_length_armature_space": 0.04953367936845464,
      "parent": "lowerarm_l",
      "has_children": true,
      "is_end_bone": false
    },
    "thumb_01_l": {
      "name": "thumb_01_l",
      "local": {
        "location": {
          "x": 0.0,
          "y": 0.0,
          "z": 0.0
        },
        "rotation_quaternion": {
          "w": 0.9981584548950195,
          "x": 0.05723295360803604,
          "y": 0.01941034570336342,
          "z": 0.005237482022494078
        },
        "scale": {
          "x": 1.0,
          "y": 1.0,
          "z": 1.0
        },
        "matrix_basis": [
          [
            0.9991916418075562,
            -0.008233850821852684,
            0.03934871405363083,
            0.0
          ],
          [
            0.012677496299147606,
            0.9933938980102539,
            -0.11405178904533386,
            0.0
          ],
          [
            -0.03814968839287758,
            0.11445843428373337,
            0.9926952719688416,
            0.0
          ],
          [
            0.0,
            0.0,
            0.0,
            1.0
          ]
        ],
        "rotation_mode": "QUATERNION"
      },
      "armature_space": {
        "head": {
          "x": 0.5868110656738281,
          "y": -0.25824645161628723,
          "z": 0.599364697933197
        },
        "tail": {
          "x": 0.6025677919387817,
          "y": -0.2752101719379425,
          "z": 0.5744128823280334
        }
      },
      "world_space": {
        "head": {
          "x": 0.5868110656738281,
          "y": -0.1950024515390396,
          "z": 1.5492186546325684
        },
        "tail": {
          "x": 0.6025677919387817,
          "y": -0.21196617186069489,
          "z": 1.5242669582366943
        },
        "rotation_quaternion": {
          "w": 0.45859894156455994,
          "x": -0.4844399392604828,
          "y": 0.20125289261341095,
          "z": -0.717288076877594
        },
        "matrix": [
          [
            -0.110008604824543,
            0.4629077613353729,
            0.8795537948608398,
            0.5868110656738281
          ],
          [
            -0.8528852462768555,
            -0.498367577791214,
            0.1556169092655182,
            -0.1950024515390396
          ],
          [
            0.5103800296783447,
            -0.7330447435379028,
            0.4496351480484009,
            1.5492186546325684
          ],
          [
            0.0,
            0.0,
            0.0,
            1.0
          ]
        ]
      },
      "bone_length_armature_space": 0.03403873287508753,
      "parent": "metacarpal_thumb_l",
      "has_children": true,
      "is_end_bone": false
    },
    "thumb_02_l": {
      "name": "thumb_02_l",
      "local": {
        "location": {
          "x": 0.0,
          "y": 0.0,
          "z": 0.0
        },
        "rotation_quaternion": {
          "w": 0.9948548078536987,
          "x": 0.10039559751749039,
          "y": -0.012895716354250908,
          "z": 0.0042997864075005054
        },
        "scale": {
          "x": 1.0,
          "y": 1.0,
          "z": 1.0
        },
        "matrix_basis": [
          [
            0.9996304512023926,
            -0.011144672520458698,
            -0.024795372039079666,
            0.0
          ],
          [
            0.005965980235487223,
            0.9798044562339783,
            -0.19986897706985474,
            0.0
          ],
          [
            0.026522090658545494,
            0.1996471881866455,
            0.9795088768005371,
            0.0
          ],
          [
            0.0,
            0.0,
            0.0,
            1.0
          ]
        ],
        "rotation_mode": "QUATERNION"
      },
      "armature_space": {
        "head": {
          "x": 0.602567732334137,
          "y": -0.2752101421356201,
          "z": 0.5744128823280334
        },
        "tail": {
          "x": 0.6294198632240295,
          "y": -0.29986539483070374,
          "z": 0.5912730097770691
        }
      },
      "world_space": {
        "head": {
          "x": 0.602567732334137,
          "y": -0.2119661420583725,
          "z": 1.5242669582366943
        },
        "tail": {
          "x": 0.6294198632240295,
          "y": -0.23662139475345612,
          "z": 1.5411269664764404
        },
        "rotation_quaternion": {
          "w": 0.3731980323791504,
          "x": 0.0041379379108548164,
          "y": -0.23193521797657013,
          "z": -0.8982828855514526
        },
        "matrix": [
          [
            -0.7214120030403137,
            0.668555498123169,
            -0.18055063486099243,
            0.602567732334137
          ],
          [
            -0.6723948121070862,
            -0.6138581037521362,
            0.41359829902648926,
            -0.2119661420583725
          ],
          [
            0.16568142175674438,
            0.41977834701538086,
            0.89238440990448,
            1.5242669582366943
          ],
          [
            0.0,
            0.0,
            0.0,
            1.0
          ]
        ]
      },
      "bone_length_armature_space": 0.04016444046232318,
      "parent": "thumb_01_l",
      "has_children": true,
      "is_end_bone": false
    },
    "thumb_03_l": {
      "name": "thumb_03_l",
      "local": {
        "location": {
          "x": 0.0,
          "y": 0.0,
          "z": 0.0
        },
        "rotation_quaternion": {
          "w": 0.9986675977706909,
          "x": 0.05136866867542267,
          "y": 0.004044272471219301,
          "z": -0.002847317373380065
        },
        "scale": {
          "x": 1.0,
          "y": 1.0,
          "z": 1.0
        },
        "matrix_basis": [
          [
            0.9999510645866394,
            0.006102545186877251,
            0.007785242050886154,
            0.0
          ],
          [
            -0.005271549336612225,
            0.9947063326835632,
            -0.10262347757816315,
            0.0
          ],
          [
            -0.00837029330432415,
            0.10257741808891296,
            0.9946898221969604,
            0.0
          ],
          [
            0.0,
            0.0,
            0.0,
            1.0
          ]
        ],
        "rotation_mode": "QUATERNION"
      },
      "armature_space": {
        "head": {
          "x": 0.6294198036193848,
          "y": -0.2998654246330261,
          "z": 0.5912729501724243
        },
        "tail": {
          "x": 0.6488164663314819,
          "y": -0.3102840185165405,
          "z": 0.6122995615005493
        }
      },
      "world_space": {
        "head": {
          "x": 0.6294198036193848,
          "y": -0.2366214245557785,
          "z": 1.5411269664764404
        },
        "tail": {
          "x": 0.6488164663314819,
          "y": -0.2470400184392929,
          "z": 1.5621535778045654
        },
        "rotation_quaternion": {
          "w": 0.4879135489463806,
          "x": 0.22037123143672943,
          "y": -0.301387220621109,
          "z": -0.7890137434005737
        },
        "matrix": [
          [
            -0.4267521798610687,
            0.6371075510978699,
            -0.6418541669845581,
            0.6294198036193848
          ],
          [
            -0.9027758836746216,
            -0.34221136569976807,
            0.2605515718460083,
            -0.2366214245557785
          ],
          [
            -0.05365169420838356,
            0.6906458735466003,
            0.7212101221084595,
            1.5411269664764404
          ],
          [
            0.0,
            0.0,
            0.0,
            1.0
          ]
        ]
      },
      "bone_length_armature_space": 0.030444966717313574,
      "parent": "thumb_02_l",
      "has_children": false,
      "is_end_bone": true
    },
    "metacarpal_index_l": {
      "name": "metacarpal_index_l",
      "local": {
        "location": {
          "x": 0.0,
          "y": 0.0,
          "z": 0.0
        },
        "rotation_quaternion": {
          "w": 0.9999098181724548,
          "x": -0.011239753104746342,
          "y": -0.006126295775175095,
          "z": 0.004059659317135811
        },
        "scale": {
          "x": 1.0,
          "y": 1.0,
          "z": 1.0
        },
        "matrix_basis": [
          [
            0.999891996383667,
            -0.007980870082974434,
            -0.012342745438218117,
            0.0
          ],
          [
            0.00825630221515894,
            0.9997143745422363,
            0.022427737712860107,
            0.0
          ],
          [
            0.012160227634012699,
            -0.022527219727635384,
            0.9996722936630249,
            0.0
          ],
          [
            0.0,
            0.0,
            0.0,
            1.0
          ]
        ],
        "rotation_mode": "QUATERNION"
      },
      "armature_space": {
        "head": {
          "x": 0.5741739869117737,
          "y": -0.2105296403169632,
          "z": 0.6034872531890869
        },
        "tail": {
          "x": 0.6264318227767944,
          "y": -0.3119479715824127,
          "z": 0.6301830410957336
        }
      },
      "world_space": {
        "head": {
          "x": 0.5741739869117737,
          "y": -0.14728564023971558,
          "z": 1.553341269493103
        },
        "tail": {
          "x": 0.6264318227767944,
          "y": -0.2487039715051651,
          "z": 1.5800371170043945
        },
        "rotation_quaternion": {
          "w": 0.12899743020534515,
          "x": 0.9646696448326111,
          "y": 0.22490710020065308,
          "z": -0.0467885322868824
        },
        "matrix": [
          [
            0.8944553732872009,
            0.4459933042526245,
            -0.03224571794271469,
            0.5741739869117737
          ],
          [
            0.42185091972351074,
            -0.8655529022216797,
            -0.2699264883995056,
            -0.14728564023971558
          ],
          [
            -0.14829640090465546,
            0.22783493995666504,
            -0.9623479247093201,
            1.553341269493103
          ],
          [
            0.0,
            0.0,
            0.0,
            1.0
          ]
        ]
      },
      "bone_length_armature_space": 0.1171717744945397,
      "parent": "lowerarm_l",
      "has_children": true,
      "is_end_bone": false
    },
    "index_01_l": {
      "name": "index_01_l",
      "local": {
        "location": {
          "x": 0.0,
          "y": 0.0,
          "z": 0.0
        },
        "rotation_quaternion": {
          "w": 0.9978063106536865,
          "x": -0.06524056941270828,
          "y": 0.011238613165915012,
          "z": 0.00011553056538105011
        },
        "scale": {
          "x": 1.0,
          "y": 1.0,
          "z": 1.0
        },
        "matrix_basis": [
          [
            0.9997473359107971,
            -0.001696981256827712,
            0.022412844002246857,
            0.0
          ],
          [
            -0.0012358727399259806,
            0.9914873242378235,
            0.13019749522209167,
            0.0
          ],
          [
            -0.02244299277663231,
            -0.13019230961799622,
            0.9912347197532654,
            0.0
          ],
          [
            0.0,
            0.0,
            0.0,
            1.0
          ]
        ],
        "rotation_mode": "QUATERNION"
      },
      "armature_space": {
        "head": {
          "x": 0.6264318227767944,
          "y": -0.3119479715824127,
          "z": 0.6301830410957336
        },
        "tail": {
          "x": 0.6466706395149231,
          "y": -0.3283137083053589,
          "z": 0.6418288350105286
        }
      },
      "world_space": {
        "head": {
          "x": 0.6264318227767944,
          "y": -0.2487039715051651,
          "z": 1.5800371170043945
        },
        "tail": {
          "x": 0.6466706395149231,
          "y": -0.26506972312927246,
          "z": 1.5916829109191895
        },
        "rotation_quaternion": {
          "w": 0.23093794286251068,
          "x": 0.8871138691902161,
          "y": 0.39961743354797363,
          "z": -0.001651843311265111
        },
        "matrix": [
          [
            0.6806061863899231,
            0.7097753286361694,
            0.18164394795894623,
            0.6264318227767944
          ],
          [
            0.7082497477531433,
            -0.5739468932151794,
            -0.4110565781593323,
            -0.2487039715051651
          ],
          [
            -0.187504380941391,
            0.40841907262802124,
            -0.8933364748954773,
            1.5800371170043945
          ],
          [
            0.0,
            0.0,
            0.0,
            1.0
          ]
        ]
      },
      "bone_length_armature_space": 0.028514409651723735,
      "parent": "metacarpal_index_l",
      "has_children": true,
      "is_end_bone": false
    },
    "index_02_l": {
      "name": "index_02_l",
      "local": {
        "location": {
          "x": 0.0,
          "y": 0.0,
          "z": 0.0
        },
        "rotation_quaternion": {
          "w": 0.9854946136474609,
          "x": 0.16968603432178497,
          "y": 0.0017175136599689722,
          "z": -0.0020662404131144285
        },
        "scale": {
          "x": 1.0,
          "y": 1.0,
          "z": 1.0
        },
        "matrix_basis": [
          [
            0.9999855756759644,
            0.004655413795262575,
            0.0026839766651391983,
            0.0
          ],
          [
            -0.0034896614961326122,
            0.9424047470092773,
            -0.3344564437866211,
            0.0
          ],
          [
            -0.004086425062268972,
            0.33444225788116455,
            0.9424074292182922,
            0.0
          ],
          [
            0.0,
            0.0,
            0.0,
            1.0
          ]
        ],
        "rotation_mode": "QUATERNION"
      },
      "armature_space": {
        "head": {
          "x": 0.6466708183288574,
          "y": -0.3283142149448395,
          "z": 0.6418287754058838
        },
        "tail": {
          "x": 0.6656493544578552,
          "y": -0.3453066647052765,
          "z": 0.644855797290802
        }
      },
      "world_space": {
        "head": {
          "x": 0.6466708183288574,
          "y": -0.26507019996643066,
          "z": 1.5916827917099
        },
        "tail": {
          "x": 0.6656493544578552,
          "y": -0.2820626497268677,
          "z": 1.594709873199463
        },
        "rotation_quaternion": {
          "w": 0.10637714713811874,
          "x": 0.9067978858947754,
          "y": 0.3968490660190582,
          "z": -0.09440474212169647
        },
        "matrix": [
          [
            0.6671971082687378,
            0.7398090362548828,
            -0.08678010106086731,
            0.6466708183288574
          ],
          [
            0.699638843536377,
            -0.6623892784118652,
            -0.26785483956336975,
            -0.26507019996643066
          ],
          [
            -0.25564467906951904,
            0.11799728870391846,
            -0.9595502018928528,
            1.5916827917099
          ],
          [
            0.0,
            0.0,
            0.0,
            1.0
          ]
        ]
      },
      "bone_length_armature_space": 0.025653285495641245,
      "parent": "index_01_l",
      "has_children": true,
      "is_end_bone": false
    },
    "index_03_l": {
      "name": "index_03_l",
      "local": {
        "location": {
          "x": 0.0,
          "y": 0.0,
          "z": 0.0
        },
        "rotation_quaternion": {
          "w": 0.9779611229896545,
          "x": 0.20869898796081543,
          "y": 0.0055179898627102375,
          "z": 0.002524768467992544
        },
        "scale": {
          "x": 1.0,
          "y": 1.0,
          "z": 1.0
        },
        "matrix_basis": [
          [
            0.9999263286590576,
            -0.002635053126141429,
            0.011846592649817467,
            0.0
          ],
          [
            0.007241448387503624,
            0.9128767251968384,
            -0.4081711173057556,
            0.0
          ],
          [
            -0.009738925844430923,
            0.4082268476486206,
            0.9128285646438599,
            0.0
          ],
          [
            0.0,
            0.0,
            0.0,
            1.0
          ]
        ],
        "rotation_mode": "QUATERNION"
      },
      "armature_space": {
        "head": {
          "x": 0.6656492948532104,
          "y": -0.3453066349029541,
          "z": 0.6448559165000916
        },
        "tail": {
          "x": 0.685261607170105,
          "y": -0.36369651556015015,
          "z": 0.633414626121521
        }
      },
      "world_space": {
        "head": {
          "x": 0.6656492948532104,
          "y": -0.2820626497268677,
          "z": 1.594709873199463
        },
        "tail": {
          "x": 0.685261607170105,
          "y": -0.3004525303840637,
          "z": 1.583268642425537
        },
        "rotation_quaternion": {
          "w": 0.1436804234981537,
          "x": -0.8867344260215759,
          "y": -0.40578562021255493,
          "z": 0.1685115247964859
        },
        "matrix": [
          [
            0.6138830184936523,
            0.6712250709533691,
            -0.4154573082923889,
            0.6656492948532104
          ],
          [
            0.7680720686912537,
            -0.6293879747390747,
            0.11805200576782227,
            -0.2820626497268677
          ],
          [
            -0.18224479258060455,
            -0.3915746808052063,
            -0.901925802230835,
            1.594709873199463
          ],
          [
            0.0,
            0.0,
            0.0,
            1.0
          ]
        ]
      },
      "bone_length_armature_space": 0.02921872045903064,
      "parent": "index_02_l",
      "has_children": false,
      "is_end_bone": true
    },
    "metacarpal_pinky_l": {
      "name": "metacarpal_pinky_l",
      "local": {
        "location": {
          "x": 0.0,
          "y": 0.0,
          "z": 0.0
        },
        "rotation_quaternion": {
          "w": 0.9994515180587769,
          "x": -0.028289295732975006,
          "y": 0.005327839404344559,
          "z": 0.016371827572584152
        },
        "scale": {
          "x": 1.0,
          "y": 1.0,
          "z": 1.0
        },
        "matrix_basis": [
          [
            0.999407172203064,
            -0.03302713856101036,
            0.009723539464175701,
            0.0
          ],
          [
            0.03242425248026848,
            0.9978633522987366,
            0.0567220114171505,
            0.0
          ],
          [
            -0.011576129123568535,
            -0.05637310445308685,
            0.9983426332473755,
            0.0
          ],
          [
            0.0,
            0.0,
            0.0,
            1.0
          ]
        ],
        "rotation_mode": "QUATERNION"
      },
      "armature_space": {
        "head": {
          "x": 0.5741739869117737,
          "y": -0.2105296403169632,
          "z": 0.6034872531890869
        },
        "tail": {
          "x": 0.6594588160514832,
          "y": -0.24983595311641693,
          "z": 0.6484845280647278
        }
      },
      "world_space": {
        "head": {
          "x": 0.5741739869117737,
          "y": -0.14728564023971558,
          "z": 1.553341269493103
        },
        "tail": {
          "x": 0.6594588160514832,
          "y": -0.1865919530391693,
          "z": 1.5983386039733887
        },
        "rotation_quaternion": {
          "w": 0.5558852553367615,
          "x": 0.323379784822464,
          "y": -0.04749240726232529,
          "z": -0.7643046379089355
        },
        "matrix": [
          [
            -0.17283284664154053,
            0.8190168142318726,
            -0.547120213508606,
            0.5741739869117737
          ],
          [
            -0.8804478645324707,
            -0.3774707019329071,
            -0.28692862391471863,
            -0.14728564023971558
          ],
          [
            -0.4415249824523926,
            0.4321225881576538,
            0.7863458395004272,
            1.553341269493103
          ],
          [
            0.0,
            0.0,
            0.0,
            1.0
          ]
        ]
      },
      "bone_length_armature_space": 0.1041308940741431,
      "parent": "lowerarm_l",
      "has_children": true,
      "is_end_bone": false
    },
    "pinky_01_l": {
      "name": "pinky_01_l",
      "local": {
        "location": {
          "x": 0.0,
          "y": 0.0,
          "z": 0.0
        },
        "rotation_quaternion": {
          "w": 0.9997751712799072,
          "x": 0.0060922252014279366,
          "y": 0.009627759456634521,
          "z": -0.017881544306874275
        },
        "scale": {
          "x": 1.0,
          "y": 1.0,
          "z": 1.0
        },
        "matrix_basis": [
          [
            0.9991751313209534,
            0.035872358828783035,
            0.019033312797546387,
            0.0
          ],
          [
            -0.035637740045785904,
            0.9992862939834595,
            -0.012526029720902443,
            0.0
          ],
          [
            -0.019469065591692924,
            0.01183739211410284,
            0.9997403621673584,
            0.0
          ],
          [
            0.0,
            0.0,
            0.0,
            1.0
          ]
        ],
        "rotation_mode": "QUATERNION"
      },
      "armature_space": {
        "head": {
          "x": 0.6594588160514832,
          "y": -0.24983595311641693,
          "z": 0.6484845280647278
        },
        "tail": {
