{
  "metadata": {
    "armature_name": "KIM_caucasian_male",
    "export_time": "2026-01-13T21:13:13.461320",
    "blender_version": "4.4.1",
    "bone_count": 56,
    "end_bone_count": 13,
    "spaces_included": [
      "LOCAL_CHANNELS",
      "ARMATURE_SPACE",
      "WORLD_SPACE"
    ],
    "note": "LOCAL matches Transform panel; replay pose via local.matrix_basis for best fidelity."
  },
  "bones": {
    "Root": {
      "name": "Root",
      "local": {
        "location": {
          "x": 0.0,
          "y": 0.0,
          "z": 0.0
        },
        "rotation_quaternion": {
          "w": 0.9998855590820312,
          "x": -0.011658838018774986,
          "y": -0.009410813450813293,
          "z": -0.002096058800816536
        },
        "scale": {
          "x": 1.0,
          "y": 1.0,
          "z": 1.0
        },
        "matrix_basis": [
          [
            0.9998140931129456,
            0.004411076195538044,
            -0.018770597875118256,
            0.0
          ],
          [
            -0.003972199745476246,
            0.9997193813323975,
            0.023354459553956985,
            0.0
          ],
          [
            0.018868347629904747,
            -0.023275556042790413,
            0.999550998210907,
            0.0
          ],
          [
            0.0,
            0.0,
            0.0,
            1.0
          ]
        ],
        "rotation_mode": "QUATERNION"
      },
      "armature_space": {
        "head": {
          "x": 0.0,
          "y": 0.07072800397872925,
          "z": -0.009595036506652832
        },
        "tail": {
          "x": 0.00031484439386986196,
          "y": 0.00024317950010299683,
          "z": 0.0016435515135526657
        }
      },
      "world_space": {
        "head": {
          "x": 0.0,
          "y": 0.13397200405597687,
          "z": 0.9402589797973633
        },
        "tail": {
          "x": 0.00031484439386986196,
          "y": 0.06348717957735062,
          "z": 0.9514975547790527
        },
        "rotation_quaternion": {
          "w": 0.07899229228496552,
          "x": 0.9968286156654358,
          "y": 0.0014573102816939354,
          "z": -0.00953064113855362
        },
        "matrix": [
          [
            0.9998140931129456,
            0.004411076195538044,
            -0.018770597875118256,
            0.0
          ],
          [
            0.001399678410962224,
            -0.9875161647796631,
            -0.15751180052757263,
            0.13397200405597687
          ],
          [
            -0.019231196492910385,
            0.1574564129114151,
            -0.9873456954956055,
            0.9402589797973633
          ],
          [
            0.0,
            0.0,
            0.0,
            1.0
          ]
        ]
      },
      "bone_length_armature_space": 0.07137587452818119,
      "parent": null,
      "has_children": true,
      "is_end_bone": false
    },
    "spine_01": {
      "name": "spine_01",
      "local": {
        "location": {
          "x": 0.0,
          "y": 0.0,
          "z": 0.0
        },
        "rotation_quaternion": {
          "w": 0.9987378120422363,
          "x": 0.006688748020678759,
          "y": -0.04785609245300293,
          "z": 0.013708945363759995
        },
        "scale": {
          "x": 1.0,
          "y": 1.0,
          "z": 1.0
        },
        "matrix_basis": [
          [
            0.9950436949729919,
            -0.028023479506373405,
            -0.09540798515081406,
            0.0
          ],
          [
            0.02674308978021145,
            0.9995346665382385,
            -0.014672724530100822,
            0.0
          ],
          [
            0.09577476978302002,
            0.012048497796058655,
            0.9953300952911377,
            0.0
          ],
          [
            0.0,
            0.0,
            0.0,
            1.0
          ]
        ],
        "rotation_mode": "QUATERNION"
      },
      "armature_space": {
        "head": {
          "x": 0.00031484439386986196,
          "y": 0.00024317950010299683,
          "z": 0.0016435515135526657
        },
        "tail": {
          "x": -0.004032386466860771,
          "y": 0.02851783111691475,
          "z": 0.4888090193271637
        }
      },
      "world_space": {
        "head": {
          "x": 0.00031484439386986196,
          "y": 0.06348717957735062,
          "z": 0.9514975547790527
        },
        "tail": {
          "x": -0.004032386466860771,
          "y": 0.09176182746887207,
          "z": 1.4386630058288574
        },
        "rotation_quaternion": {
          "w": 0.7263669371604919,
          "x": 0.6857165098190308,
          "y": -0.036889251321554184,
          "z": -0.028692733496427536
        },
        "matrix": [
          [
            0.995631754398346,
            -0.00890823733061552,
            -0.09294035285711288,
            0.00031484439386986196
          ],
          [
            -0.09227396547794342,
            0.057939715683460236,
            -0.9940465688705444,
            0.06348717957735062
          ],
          [
            0.014240159653127193,
            0.9982874393463135,
            0.05686413496732712,
            0.9514975547790527
          ],
          [
            0.0,
            0.0,
            0.0,
            1.0
          ]
        ]
      },
      "bone_length_armature_space": 0.48800466454391767,
      "parent": "Root",
      "has_children": true,
      "is_end_bone": false
    },
    "neck_01": {
      "name": "neck_01",
      "local": {
        "location": {
          "x": 0.0,
          "y": 0.0,
          "z": 0.0
        },
        "rotation_quaternion": {
          "w": 0.9944459199905396,
          "x": 0.06704078614711761,
          "y": 0.07715622335672379,
          "z": -0.025093235075473785
        },
        "scale": {
          "x": 1.0,
          "y": 1.0,
          "z": 1.0
        },
        "matrix_basis": [
          [
            0.9868344664573669,
            0.06025295704603195,
            0.15009084343910217,
            0.0
          ],
          [
            -0.03956250101327896,
            0.9897516965866089,
            -0.13720907270908356,
            0.0
          ],
          [
            -0.1568199247121811,
            0.12946467101573944,
            0.9791048765182495,
            0.0
          ],
          [
            0.0,
            0.0,
            0.0,
            1.0
          ]
        ],
        "rotation_mode": "QUATERNION"
      },
      "armature_space": {
        "head": {
          "x": -0.007907846942543983,
          "y": -0.0017138868570327759,
          "z": 0.5638741850852966
        },
        "tail": {
          "x": -0.007296630181372166,
          "y": -0.04766961559653282,
          "z": 0.6555171608924866
        }
      },
      "world_space": {
        "head": {
          "x": -0.007907846942543983,
          "y": 0.061530113220214844,
          "z": 1.513728141784668
        },
        "tail": {
          "x": -0.007296630181372166,
          "y": 0.015574384480714798,
          "z": 1.6053712368011475
        },
        "rotation_quaternion": {
          "w": 0.5247880816459656,
          "x": 0.8504475951194763,
          "y": 0.021673424169421196,
          "z": 0.02944272756576538
        },
        "matrix": [
          [
            0.997326672077179,
            0.005961851216852665,
            0.0728268250823021,
            -0.007907846942543983
          ],
          [
            0.06776659935712814,
            -0.4482552707195282,
            -0.8913334012031555,
            0.061530113220214844
          ],
          [
            0.02733127400279045,
            0.8938915729522705,
            -0.4474649131298065,
            1.513728141784668
          ],
          [
            0.0,
            0.0,
            0.0,
            1.0
          ]
        ]
      },
      "bone_length_armature_space": 0.10252188872445782,
      "parent": "spine_01",
      "has_children": true,
      "is_end_bone": false
    },
    "head": {
      "name": "head",
      "local": {
        "location": {
          "x": 0.0,
          "y": 0.0,
          "z": 0.0
        },
        "rotation_quaternion": {
          "w": 0.9798362255096436,
          "x": -0.1304679960012436,
          "y": 0.08105160295963287,
          "z": 0.12778839468955994
        },
        "scale": {
          "x": 1.0,
          "y": 1.0,
          "z": 1.0
        },
        "matrix_basis": [
          [
            0.9542015194892883,
            -0.27157267928123474,
            0.1254899948835373,
            0.0
          ],
          [
            0.22927410900592804,
            0.9332964420318604,
            0.2763894498348236,
            0.0
          ],
          [
            -0.19217918813228607,
            -0.23495963215827942,
            0.9528174996376038,
            0.0
          ],
          [
            0.0,
            0.0,
            0.0,
            1.0
          ]
        ],
        "rotation_mode": "QUATERNION"
      },
      "armature_space": {
        "head": {
          "x": -0.00729661900550127,
          "y": -0.04766971990466118,
          "z": 0.655517041683197
        },
        "tail": {
          "x": -0.05485086143016815,
          "y": -0.028061211109161377,
          "z": 0.8018296957015991
        }
      },
      "world_space": {
        "head": {
          "x": -0.00729661900550127,
          "y": 0.015574280172586441,
          "z": 1.6053709983825684
        },
        "tail": {
          "x": -0.05485086143016815,
          "y": 0.03518278896808624,
          "z": 1.7516837120056152
        },
        "rotation_quaternion": {
          "w": 0.7498838305473328,
          "x": 0.6361575126647949,
          "y": -0.02984355203807354,
          "z": 0.17912951111793518
        },
        "matrix": [
          [
            0.9340435266494751,
            -0.30662310123443604,
            0.18315249681472778,
            -0.00729661900550127
          ],
          [
            0.23068422079086304,
            0.12643292546272278,
            -0.9647797346115112,
            0.015574280172586441
          ],
          [
            0.27266934514045715,
            0.9434033036231995,
            0.18882739543914795,
            1.6053709983825684
          ],
          [
            0.0,
            0.0,
            0.0,
            1.0
          ]
        ]
      },
      "bone_length_armature_space": 0.15509123616140807,
      "parent": "neck_01",
      "has_children": false,
      "is_end_bone": true
    },
    "upperarm_l": {
      "name": "upperarm_l",
      "local": {
        "location": {
          "x": 0.0,
          "y": 0.0,
          "z": 0.0
        },
        "rotation_quaternion": {
          "w": 0.8038168549537659,
          "x": 0.3237493932247162,
          "y": 0.32229524850845337,
          "z": 0.3810387849807739
        },
        "scale": {
          "x": 1.0,
          "y": 1.0,
          "z": 1.0
        },
        "matrix_basis": [
          [
            0.5018704533576965,
            -0.40388500690460205,
            0.7648548483848572,
            0.0
          ],
          [
            0.8212565779685974,
            0.4999915361404419,
            -0.27485644817352295,
            0.0
          ],
          [
            -0.2714105546474457,
            0.7660844326019287,
            0.5826241970062256,
            0.0
          ],
          [
            0.0,
            0.0,
            0.0,
            1.0
          ]
        ],
        "rotation_mode": "QUATERNION"
      },
      "armature_space": {
        "head": {
          "x": 0.14173923432826996,
          "y": -0.02261912077665329,
          "z": 0.49909889698028564
        },
        "tail": {
          "x": 0.26565229892730713,
          "y": -0.2313372790813446,
          "z": 0.612633228302002
        }
      },
      "world_space": {
        "head": {
          "x": 0.14173923432826996,
          "y": 0.04062487930059433,
          "z": 1.4489529132843018
        },
        "tail": {
          "x": 0.26565229892730713,
          "y": -0.16809327900409698,
          "z": 1.562487244606018
        },
        "rotation_quaternion": {
          "w": 0.27715936303138733,
          "x": 0.9152106046676636,
          "y": 0.18368059396743774,
          "z": -0.22767016291618347
        },
        "matrix": [
          [
            0.828855574131012,
            0.4624149799346924,
            -0.3149138391017914,
            0.14173923432826996
          ],
          [
            0.2100115716457367,
            -0.778887927532196,
            -0.590955913066864,
            0.04062487930059433
          ],
          [
            -0.5185530781745911,
            0.4236837923526764,
            -0.7427037954330444,
            1.4489529132843018
          ],
          [
            0.0,
            0.0,
            0.0,
            1.0
          ]
        ]
      },
      "bone_length_armature_space": 0.26796969595706005,
      "parent": "spine_01",
      "has_children": true,
      "is_end_bone": false
    },
    "lowerarm_l": {
      "name": "lowerarm_l",
      "local": {
        "location": {
          "x": 0.0,
          "y": 0.0,
          "z": 0.0
        },
        "rotation_quaternion": {
          "w": 0.8637759685516357,
          "x": 0.495059609413147,
          "y": 0.0767340362071991,
          "z": 0.0540274903178215
        },
        "scale": {
          "x": 1.0,
          "y": 1.0,
          "z": 1.0
        },
        "matrix_basis": [
          [
            0.9823858141899109,
            -0.017359452322125435,
            0.18605569005012512,
            0.0
          ],
          [
            0.16931113600730896,
            0.5039940476417542,
            -0.8469496965408325,
            0.0
          ],
          [
            -0.0790683776140213,
            0.8635326623916626,
            0.49805575609207153,
            0.0
          ],
          [
            0.0,
            0.0,
            0.0,
            1.0
          ]
        ],
        "rotation_mode": "QUATERNION"
      },
      "armature_space": {
        "head": {
          "x": 0.26565223932266235,
          "y": -0.23133739829063416,
          "z": 0.6126332879066467
        },
        "tail": {
          "x": 0.1999777853488922,
          "y": -0.4653867781162262,
          "z": 0.5009313821792603
        }
      },
      "world_space": {
        "head": {
          "x": 0.26565223932266235,
          "y": -0.16809339821338654,
          "z": 1.5624873638153076
        },
        "tail": {
          "x": 0.1999777853488922,
          "y": -0.4021427631378174,
          "z": 1.4507853984832764
        },
        "rotation_quaternion": {
          "w": 0.23955178260803223,
          "x": -0.9405409097671509,
          "y": 0.07196977734565735,
          "z": 0.2298220694065094
        },
        "matrix": [
          [
            0.8840045928955078,
            -0.24548952281475067,
            -0.397832453250885,
            0.26565223932266235
          ],
          [
            -0.02527298778295517,
            -0.8748708963394165,
            0.483696311712265,
            -0.16809339821338654
          ],
          [
            -0.46679797768592834,
            -0.417539119720459,
            -0.7795991897583008,
            1.5624873638153076
          ],
          [
            0.0,
            0.0,
            0.0,
            1.0
          ]
        ]
      },
      "bone_length_armature_space": 0.26752488187825496,
      "parent": "upperarm_l",
      "has_children": true,
      "is_end_bone": false
    },
    "metacarpal_thumb_l": {
      "name": "metacarpal_thumb_l",
      "local": {
        "location": {
          "x": 0.0,
          "y": 0.0,
          "z": 0.0
        },
        "rotation_quaternion": {
          "w": 0.9990785121917725,
          "x": -0.042132917791604996,
          "y": 0.0070920707657933235,
          "z": 0.004089782480150461
        },
        "scale": {
          "x": 1.0,
          "y": 1.0,
          "z": 1.0
        },
        "matrix_basis": [
          [
            0.9998659491539001,
            -0.008769647218286991,
            0.013826441951096058,
            0.0
          ],
          [
            0.0075744083151221275,
            0.9964162111282349,
            0.0842461958527565,
            0.0
          ],
          [
            -0.014515699818730354,
            -0.0841301754117012,
            0.996349036693573,
            0.0
          ],
          [
            0.0,
            0.0,
            0.0,
            1.0
          ]
        ],
        "rotation_mode": "QUATERNION"
      },
      "armature_space": {
        "head": {
          "x": 0.1999777853488922,
          "y": -0.4653867781162262,
          "z": 0.5009313821792603
        },
        "tail": {
          "x": 0.1828490048646927,
          "y": -0.48568880558013916,
          "z": 0.45912179350852966
        }
      },
      "world_space": {
        "head": {
          "x": 0.1999777853488922,
          "y": -0.4021427631378174,
          "z": 1.4507853984832764
        },
        "tail": {
          "x": 0.1828490048646927,
          "y": -0.42244482040405273,
          "z": 1.4089758396148682
        },
        "rotation_quaternion": {
          "w": 0.31905052065849304,
          "x": -0.7139387726783752,
          "y": 0.43963029980659485,
          "z": -0.4418409466743469
        },
        "matrix": [
          [
            0.22300240397453308,
            -0.3458006978034973,
            0.911422848701477,
            0.1999777853488922
          ],
          [
            -0.9096776843070984,
            -0.40986335277557373,
            0.06707027554512024,
            -0.4021427631378174
          ],
          [
            0.35036757588386536,
            -0.8440641760826111,
            -0.4059707522392273,
            1.4507853984832764
          ],
          [
            0.0,
            0.0,
            0.0,
            1.0
          ]
        ]
      },
      "bone_length_armature_space": 0.049533919347941505,
      "parent": "lowerarm_l",
      "has_children": true,
      "is_end_bone": false
    },
    "thumb_01_l": {
      "name": "thumb_01_l",
      "local": {
        "location": {
          "x": 0.0,
          "y": 0.0,
          "z": 0.0
        },
        "rotation_quaternion": {
          "w": 0.997471809387207,
          "x": -0.0708763375878334,
          "y": -0.005053866654634476,
          "z": -0.0009780402760952711
        },
        "scale": {
          "x": 1.0,
          "y": 1.0,
          "z": 1.0
        },
        "matrix_basis": [
          [
            0.9999470114707947,
            0.0026675343979150057,
            -0.009943539276719093,
            0.0
          ],
          [
            -0.0012347360607236624,
            0.9899511933326721,
            0.1414041817188263,
            0.0
          ],
          [
            0.010220819152891636,
            -0.14138440787792206,
            0.9899020195007324,
            0.0
          ],
          [
            0.0,
            0.0,
            0.0,
            1.0
          ]
        ],
        "rotation_mode": "QUATERNION"
      },
      "armature_space": {
        "head": {
          "x": 0.1828490048646927,
          "y": -0.48568880558013916,
          "z": 0.45912179350852966
        },
        "tail": {
          "x": 0.19562554359436035,
          "y": -0.48496901988983154,
          "z": 0.4275800585746765
        }
      },
      "world_space": {
        "head": {
          "x": 0.1828490048646927,
          "y": -0.42244482040405273,
          "z": 1.4089758396148682
        },
        "tail": {
          "x": 0.19562554359436035,
          "y": -0.4217250347137451,
          "z": 1.3774340152740479
        },
        "rotation_quaternion": {
          "w": 0.2614421248435974,
          "x": 0.007194966077804565,
          "y": 0.6649973392486572,
          "z": -0.6995533108711243
        },
        "matrix": [
          [
            -0.863191545009613,
            0.3753548860549927,
            0.3376520872116089,
            0.1828490048646927
          ],
          [
            -0.3562185764312744,
            0.02114640176296234,
            -0.9341633915901184,
            -0.42244482040405273
          ],
          [
            -0.3577854335308075,
            -0.9266465306282043,
            0.11545491218566895,
            1.4089758396148682
          ],
          [
            0.0,
            0.0,
            0.0,
            1.0
          ]
        ]
      },
      "bone_length_armature_space": 0.03403878759054087,
      "parent": "metacarpal_thumb_l",
      "has_children": true,
      "is_end_bone": false
    },
    "thumb_02_l": {
      "name": "thumb_02_l",
      "local": {
        "location": {
          "x": 0.0,
          "y": 0.0,
          "z": 0.0
        },
        "rotation_quaternion": {
          "w": 0.9956389665603638,
          "x": 0.09295538812875748,
          "y": 0.007902023382484913,
          "z": 0.0001985918206628412
        },
        "scale": {
          "x": 1.0,
          "y": 1.0,
          "z": 1.0
        },
        "matrix_basis": [
          [
            0.999875009059906,
            0.0010736198164522648,
            0.01577204465866089,
            0.0
          ],
          [
            0.0018645228119567037,
            0.9827185273170471,
            -0.185096874833107,
            0.0
          ],
          [
            -0.015698203817009926,
            0.1851031482219696,
            0.9825937151908875,
            0.0
          ],
          [
            0.0,
            0.0,
            0.0,
            1.0
          ]
        ],
        "rotation_mode": "QUATERNION"
      },
      "armature_space": {
        "head": {
          "x": 0.19562555849552155,
          "y": -0.48496896028518677,
          "z": 0.4275800883769989
        },
        "tail": {
          "x": 0.18626120686531067,
          "y": -0.5193832516670227,
          "z": 0.40910980105400085
        }
      },
      "world_space": {
        "head": {
          "x": 0.19562555849552155,
          "y": -0.42172497510910034,
          "z": 1.3774341344833374
        },
        "tail": {
          "x": 0.18626120686531067,
          "y": -0.4561392664909363,
          "z": 1.3589638471603394
        },
        "rotation_quaternion": {
          "w": 0.16179831326007843,
          "x": -0.17270393669605255,
          "y": -0.2130814492702484,
          "z": 0.9479403495788574
        },
        "matrix": [
          [
            -0.8879889845848083,
            -0.23315060138702393,
            -0.39637887477874756,
            0.19562555849552155
          ],
          [
            0.3803505599498749,
            -0.8568354845046997,
            -0.3480898439884186,
            -0.42172497510910034
          ],
          [
            -0.25847530364990234,
            -0.4598667621612549,
            0.8495451807975769,
            1.3774341344833374
          ],
          [
            0.0,
            0.0,
            0.0,
            1.0
          ]
        ]
      },
      "bone_length_armature_space": 0.04016448774354502,
      "parent": "thumb_01_l",
      "has_children": true,
      "is_end_bone": false
    },
    "thumb_03_l": {
      "name": "thumb_03_l",
      "local": {
        "location": {
          "x": 0.0,
          "y": 0.0,
          "z": 0.0
        },
        "rotation_quaternion": {
          "w": 0.9978631734848022,
          "x": 0.06451891362667084,
          "y": 0.008985774591565132,
          "z": 0.005079500377178192
        },
        "scale": {
          "x": 1.0,
          "y": 1.0,
          "z": 1.0
        },
        "matrix_basis": [
          [
            0.999786913394928,
            -0.00897778756916523,
            0.0185885950922966,
            0.0
          ],
          [
            0.011296797543764114,
            0.991623044013977,
            -0.1286708116531372,
            0.0
          ],
          [
            -0.01727769896388054,
            0.12885338068008423,
            0.9915131330490112,
            0.0
          ],
          [
            0.0,
            0.0,
            0.0,
            1.0
          ]
        ],
        "rotation_mode": "QUATERNION"
      },
      "armature_space": {
        "head": {
          "x": 0.18626119196414948,
          "y": -0.5193831324577332,
          "z": 0.40910977125167847
        },
        "tail": {
          "x": 0.17828796803951263,
          "y": -0.5487076044082642,
          "z": 0.40726736187934875
        }
      },
      "world_space": {
        "head": {
          "x": 0.18626119196414948,
          "y": -0.45613914728164673,
          "z": 1.3589637279510498
        },
        "tail": {
          "x": 0.17828796803951263,
          "y": -0.48546361923217773,
          "z": 1.3571213483810425
        },
        "rotation_quaternion": {
          "w": 0.1344863623380661,
          "x": -0.3472742438316345,
          "y": 0.01772371679544449,
          "z": 0.9279008507728577
        },
        "matrix": [
          [
            -0.7226277589797974,
            -0.2618906497955322,
            -0.6397048830986023,
            0.18626119196414948
          ],
          [
            0.23726996779441833,
            -0.9631986021995544,
            0.12630000710487366,
            -0.45613914728164673
          ],
          [
            -0.6492435932159424,
            -0.06051608920097351,
            0.7581784129142761,
            1.3589637279510498
          ],
          [
            0.0,
            0.0,
            0.0,
            1.0
          ]
        ]
      },
      "bone_length_armature_space": 0.030444891522136003,
      "parent": "thumb_02_l",
      "has_children": false,
      "is_end_bone": true
    },
    "metacarpal_index_l": {
      "name": "metacarpal_index_l",
      "local": {
        "location": {
          "x": 0.0,
          "y": 0.0,
          "z": 0.0
        },
        "rotation_quaternion": {
          "w": 0.9996089935302734,
          "x": -0.02515823394060135,
          "y": 0.010047188960015774,
          "z": -0.006927915848791599
        },
        "scale": {
          "x": 1.0,
          "y": 1.0,
          "z": 1.0
        },
        "matrix_basis": [
          [
            0.9997020959854126,
            0.013344874605536461,
            0.020435109734535217,
            0.0
          ],
          [
            -0.014355952851474285,
            0.9986381530761719,
            0.050157580524683,
            0.0
          ],
          [
            -0.019737932831048965,
            -0.050436004996299744,
            0.998532235622406,
            0.0
          ],
          [
            0.0,
            0.0,
            0.0,
            1.0
          ]
        ],
        "rotation_mode": "QUATERNION"
      },
      "armature_space": {
        "head": {
          "x": 0.1999777853488922,
          "y": -0.4653867781162262,
          "z": 0.5009313821792603
        },
        "tail": {
          "x": 0.16161975264549255,
          "y": -0.549091100692749,
          "z": 0.4284638464450836
        }
      },
      "world_space": {
        "head": {
          "x": 0.1999777853488922,
          "y": -0.4021427631378174,
          "z": 1.4507853984832764
        },
        "tail": {
          "x": 0.16161975264549255,
          "y": -0.4858471155166626,
          "z": 1.3783178329467773
        },
        "rotation_quaternion": {
          "w": 0.27996453642845154,
          "x": -0.8971375823020935,
          "y": 0.25383734703063965,
          "z": -0.2287588268518448
        },
        "matrix": [
          [
            0.7664713263511658,
            -0.3273659646511078,
            0.5525875687599182,
            0.1999777853488922
          ],
          [
            -0.5835431814193726,
            -0.7143731117248535,
            0.3861972689628601,
            -0.4021427631378174
          ],
          [
            0.26832708716392517,
            -0.6184728741645813,
            -0.7385838627815247,
            1.4507853984832764
          ],
          [
            0.0,
            0.0,
            0.0,
            1.0
          ]
        ]
      },
      "bone_length_armature_space": 0.11717207876701635,
      "parent": "lowerarm_l",
      "has_children": true,
      "is_end_bone": false
    },
    "index_01_l": {
      "name": "index_01_l",
      "local": {
        "location": {
          "x": 0.0,
          "y": 0.0,
          "z": 0.0
        },
        "rotation_quaternion": {
          "w": 0.993797779083252,
          "x": -0.11116018891334534,
          "y": 0.003057371359318495,
          "z": 0.00043417589040473104
        },
        "scale": {
          "x": 1.0,
          "y": 1.0,
          "z": 1.0
        },
        "matrix_basis": [
          [
            0.9999809265136719,
            -0.0015426820609718561,
            0.005980291403830051,
            0.0
          ],
          [
            0.00018325011478736997,
            0.9752864241600037,
            0.22094415128231049,
            0.0
          ],
          [
            -0.006173343863338232,
            -0.22093884646892548,
            0.9752681255340576,
            0.0
          ],
          [
            0.0,
            0.0,
            0.0,
            1.0
          ]
        ],
        "rotation_mode": "QUATERNION"
      },
      "armature_space": {
        "head": {
          "x": 0.16161975264549255,
          "y": -0.549091100692749,
          "z": 0.4284638464450836
        },
        "tail": {
          "x": 0.15493668615818024,
          "y": -0.5762151479721069,
          "z": 0.42274603247642517
        }
      },
      "world_space": {
        "head": {
          "x": 0.16161975264549255,
          "y": -0.4858471155166626,
          "z": 1.3783178329467773
        },
        "tail": {
          "x": 0.15493668615818024,
          "y": -0.5129711627960205,
          "z": 1.3726000785827637
        },
        "rotation_quaternion": {
          "w": 0.06645278632640839,
          "x": -0.9524515271186829,
          "y": 0.14129242300987244,
          "z": -0.261642187833786
        },
        "matrix": [
          [
            0.8231593370437622,
            -0.23437514901161194,
            0.5171815752983093,
            0.16161975264549255
          ],
          [
            -0.30392202734947205,
            -0.9512410163879395,
            0.05264897644519806,
            -0.4858471155166626
          ],
          [
            0.47962772846221924,
            -0.20052358508110046,
            -0.8542609214782715,
            1.3783178329467773
          ],
          [
            0.0,
            0.0,
            0.0,
            1.0
          ]
        ]
      },
      "bone_length_armature_space": 0.028514394596822798,
      "parent": "metacarpal_index_l",
      "has_children": true,
      "is_end_bone": false
    },
    "index_02_l": {
      "name": "index_02_l",
      "local": {
        "location": {
          "x": 0.0,
          "y": 0.0,
          "z": 0.0
        },
        "rotation_quaternion": {
          "w": 0.9975748658180237,
          "x": 0.06947021186351776,
          "y": 0.002805910538882017,
          "z": 0.003249068045988679
        },
        "scale": {
          "x": 1.0,
          "y": 1.0,
          "z": 1.0
        },
        "matrix_basis": [
          [
            0.9999631643295288,
            -0.006092522758990526,
            0.006049638614058495,
            0.0
          ],
          [
            0.0068722316063940525,
            0.9903266429901123,
            -0.13858523964881897,
            0.0
          ],
          [
            -0.005146784707903862,
            0.13862170279026031,
            0.9903320074081421,
            0.0
          ],
          [
            0.0,
            0.0,
            0.0,
            1.0
          ]
        ],
        "rotation_mode": "QUATERNION"
      },
      "armature_space": {
        "head": {
          "x": 0.15493656694889069,
          "y": -0.5762154459953308,
          "z": 0.42274558544158936
        },
        "tail": {
          "x": 0.15066394209861755,
          "y": -0.6004661917686462,
          "z": 0.4155528247356415
        }
      },
      "world_space": {
        "head": {
          "x": 0.15493656694889069,
          "y": -0.5129714608192444,
          "z": 1.3725996017456055
        },
        "tail": {
          "x": 0.15066394209861755,
          "y": -0.5372222065925598,
          "z": 1.36540687084198
        },
        "rotation_quaternion": {
          "w": 0.11736056953668594,
          "x": -0.9566603302955627,
          "y": 0.1164570078253746,
          "z": -0.2397191971540451
        },
        "matrix": [
          [
            0.857944667339325,
            -0.1665528416633606,
            0.4859946370124817,
            0.15493656694889069
          ],
          [
            -0.27908673882484436,
            -0.9453286528587341,
            0.1687135249376297,
            -0.5129714608192444
          ],
          [
            0.4313276410102844,
            -0.2803843319416046,
            -0.857528567314148,
            1.3725996017456055
          ],
          [
            0.0,
            0.0,
            0.0,
            1.0
          ]
        ]
      },
      "bone_length_armature_space": 0.02565326073146997,
      "parent": "index_01_l",
      "has_children": true,
      "is_end_bone": false
    },
    "index_03_l": {
      "name": "index_03_l",
      "local": {
        "location": {
          "x": 0.0,
          "y": 0.0,
          "z": 0.0
        },
        "rotation_quaternion": {
          "w": 0.9988356828689575,
          "x": 0.048133596777915955,
          "y": 0.001817395444959402,
          "z": 0.0027002289425581694
        },
        "scale": {
          "x": 1.0,
          "y": 1.0,
          "z": 1.0
        },
        "matrix_basis": [
          [
            0.9999788403511047,
            -0.005219214595854282,
            0.003890502266585827,
            0.0
          ],
          [
            0.005569125525653362,
            0.9953517317771912,
            -0.09614529460668564,
            0.0
          ],
          [
            -0.0033706154208630323,
            0.09616491943597794,
            0.9953597187995911,
            0.0
          ],
          [
            0.0,
            0.0,
            0.0,
            1.0
          ]
        ],
        "rotation_mode": "QUATERNION"
      },
      "armature_space": {
        "head": {
          "x": 0.1506638526916504,
          "y": -0.6004661917686462,
          "z": 0.41555291414260864
        },
        "tail": {
          "x": 0.1508031189441681,
          "y": -0.6273419857025146,
          "z": 0.40408965945243835
        }
      },
      "world_space": {
        "head": {
          "x": 0.1506638526916504,
          "y": -0.5372222065925598,
          "z": 1.3654069900512695
        },
        "tail": {
          "x": 0.1508031189441681,
          "y": -0.5640980005264282,
          "z": 1.3539437055587769
        },
        "rotation_quaternion": {
          "w": 0.1920924037694931,
          "x": -0.9364970326423645,
          "y": 0.05650642141699791,
          "z": -0.28789031505584717
        },
        "matrix": [
          [
            0.8278522491455078,
            0.004766404628753662,
            0.5609256029129028,
            0.1506638526916504
          ],
          [
            -0.2164391428232193,
            -0.9198153018951416,
            0.32725173234939575,
            -0.5372222065925598
          ],
          [
            0.5175111889839172,
            -0.3923259675502777,
            -0.7604449987411499,
            1.3654069900512695
          ],
          [
            0.0,
            0.0,
            0.0,
            1.0
          ]
        ]
      },
      "bone_length_armature_space": 0.0292187251456077,
      "parent": "index_02_l",
      "has_children": false,
      "is_end_bone": true
    },
    "metacarpal_pinky_l": {
      "name": "metacarpal_pinky_l",
      "local": {
        "location": {
          "x": 0.0,
          "y": 0.0,
          "z": 0.0
        },
        "rotation_quaternion": {
          "w": 0.9995891451835632,
          "x": -0.028396006673574448,
          "y": -0.002386751351878047,
          "z": 0.003082218347117305
        },
        "scale": {
          "x": 1.0,
          "y": 1.0,
          "z": 1.0
        },
        "matrix_basis": [
          [
            0.9999696016311646,
            -0.006026355549693108,
            -0.004946586675941944,
            0.0
          ],
          [
            0.006297452375292778,
            0.9983683228492737,
            0.056753966957330704,
            0.0
          ],
          [
            0.0045964960008859634,
            -0.056783393025398254,
            0.9983759522438049,
            0.0
          ],
          [
            0.0,
            0.0,
            0.0,
            1.0
          ]
        ],
        "rotation_mode": "QUATERNION"
      },
      "armature_space": {
        "head": {
          "x": 0.1999777853488922,
          "y": -0.4653867781162262,
          "z": 0.5009313821792603
        },
        "tail": {
          "x": 0.19459597766399384,
          "y": -0.567865788936615,
          "z": 0.4832591116428375
        }
      },
      "world_space": {
        "head": {
          "x": 0.1999777853488922,
          "y": -0.4021427631378174,
          "z": 1.4507853984832764
        },
        "tail": {
          "x": 0.19459597766399384,
          "y": -0.5046218037605286,
          "z": 1.4331130981445312
        },
        "rotation_quaternion": {
          "w": 0.07374178618192673,
          "x": -0.626281201839447,
          "y": -0.049932416528463364,
          "z": 0.774493932723999
        },
        "matrix": [
          [
            -0.2046680748462677,
            -0.051683153957128525,
            -0.9774659276008606,
            0.1999777853488922
          ],
          [
            0.1767682433128357,
            -0.984137773513794,
            0.01502293348312378,
            -0.4021427631378174
          ],
          [
            -0.9627442955970764,
            -0.1697123944759369,
            0.2105592042207718,
            1.4507853984832764
          ],
          [
            0.0,
            0.0,
            0.0,
            1.0
          ]
        ]
      },
      "bone_length_armature_space": 0.10413078443431811,
      "parent": "lowerarm_l",
      "has_children": true,
      "is_end_bone": false
    },
    "pinky_01_l": {
      "name": "pinky_01_l",
      "local": {
        "location": {
          "x": 0.0,
          "y": 0.0,
          "z": 0.0
        },
        "rotation_quaternion": {
          "w": 0.9922515749931335,
          "x": -0.1234128326177597,
          "y": 0.014173312112689018,
          "z": 0.0023234395775943995
        },
        "scale": {
          "x": 1.0,
          "y": 1.0,
          "z": 1.0
        },
        "matrix_basis": [
          [
            0.9995874166488647,
            -0.008109210059046745,
            0.0275534987449646,
            0.0
          ],
          [
            0.0011125359451398253,
            0.9695277214050293,
            0.24497902393341064,
            0.0
          ],
          [
            -0.028700467199087143,
            -0.24484729766845703,
            0.9691367745399475,
            0.0
          ],
          [
            0.0,
            0.0,
            0.0,
            1.0
          ]
        ],
        "rotation_mode": "QUATERNION"
      },
      "armature_space": {
        "head": {
          "x": 0.19459597766399384,
          "y": -0.567865788936615,
