{
  "metadata": {
    "armature_name": "KIM_caucasian_male",
    "export_time": "2026-01-13T21:12:25.626867",
    "blender_version": "4.4.1",
    "bone_count": 56,
    "end_bone_count": 13,
    "spaces_included": [
      "LOCAL_CHANNELS",
      "ARMATURE_SPACE",
      "WORLD_SPACE"
    ],
    "note": "LOCAL matches Transform panel; replay pose via local.matrix_basis for best fidelity."
  },
  "bones": {
    "Root": {
      "name": "Root",
      "local": {
        "location": {
          "x": 0.0,
          "y": 0.0,
          "z": 0.0
        },
        "rotation_quaternion": {
          "w": 0.9994374513626099,
          "x": -0.002244679955765605,
          "y": -0.015599659644067287,
          "z": -0.02960383892059326
        },
        "scale": {
          "x": 1.0,
          "y": 1.0,
          "z": 1.0
        },
        "matrix_basis": [
          [
            0.997760534286499,
            0.05924440175294876,
            -0.031048865988850594,
            0.0
          ],
          [
            -0.05910433828830719,
            0.998237133026123,
            0.005410454235970974,
            0.0
          ],
          [
            0.0313146710395813,
            -0.0035632147919386625,
            0.9995031952857971,
            0.0
          ],
          [
            0.0,
            0.0,
            0.0,
            1.0
          ]
        ],
        "rotation_mode": "QUATERNION"
      },
      "armature_space": {
        "head": {
          "x": 0.0,
          "y": 0.07072800397872925,
          "z": -0.009595036506652832
        },
        "tail": {
          "x": 0.004228620789945126,
          "y": 0.0001588761806488037,
          "z": 0.00023510493338108063
        }
      },
      "world_space": {
        "head": {
          "x": 0.0,
          "y": 0.13397200405597687,
          "z": 0.9402589797973633
        },
        "tail": {
          "x": 0.004228620789945126,
          "y": 0.06340287625789642,
          "z": 0.9500890970230103
        },
        "rotation_quaternion": {
          "w": 0.06956934183835983,
          "x": 0.9970158338546753,
          "y": 0.028485672548413277,
          "z": -0.017558572813868523
        },
        "matrix": [
          [
            0.997760534286499,
            0.05924440175294876,
            -0.031048865988850594,
            0.0
          ],
          [
            0.054358236491680145,
            -0.9886972904205322,
            -0.1397242546081543,
            0.13397200405597687
          ],
          [
            -0.0389760322868824,
            0.13772359490394592,
            -0.9897105693817139,
            0.9402589797973633
          ],
          [
            0.0,
            0.0,
            0.0,
            1.0
          ]
        ]
      },
      "bone_length_armature_space": 0.07137586785578102,
      "parent": null,
      "has_children": true,
      "is_end_bone": false
    },
    "spine_01": {
      "name": "spine_01",
      "local": {
        "location": {
          "x": 0.0,
          "y": 0.0,
          "z": 0.0
        },
        "rotation_quaternion": {
          "w": 0.9928756952285767,
          "x": 0.10712666064500809,
          "y": -0.049728117883205414,
          "z": -0.015774190425872803
        },
        "scale": {
          "x": 1.0,
          "y": 1.0,
          "z": 1.0
        },
        "matrix_basis": [
          [
            0.9945566058158875,
            0.020669206976890564,
            -0.10212735086679459,
            0.0
          ],
          [
            -0.04197803512215614,
            0.9765501022338867,
            -0.21115806698799133,
            0.0
          ],
          [
            0.09536800533533096,
            0.21429575979709625,
            0.9721019864082336,
            0.0
          ],
          [
            0.0,
            0.0,
            0.0,
            1.0
          ]
        ],
        "rotation_mode": "QUATERNION"
      },
      "armature_space": {
        "head": {
          "x": 0.004228620789945126,
          "y": 0.0001588761806488037,
          "z": 0.00023510493338108063
        },
        "tail": {
          "x": 0.03740142658352852,
          "y": -0.07869187742471695,
          "z": 0.480683296918869
        }
      },
      "world_space": {
        "head": {
          "x": 0.004228620789945126,
          "y": 0.06340287625789642,
          "z": 0.9500890970230103
        },
        "tail": {
          "x": 0.03740142658352852,
          "y": -0.01544787734746933,
          "z": 1.4305373430252075
        },
        "rotation_quaternion": {
          "w": 0.6474135518074036,
          "x": 0.7608848214149475,
          "y": 0.008132126182317734,
          "z": -0.0429413877427578
        },
        "matrix": [
          [
            0.9961798787117004,
            0.06797688454389572,
            -0.054816730320453644,
            0.004228620789945126
          ],
          [
            -0.04322599619626999,
            -0.16157901287078857,
            -0.9859126210212708,
            0.06340287625789642
          ],
          [
            -0.07587708532810211,
            0.9845225214958191,
            -0.15802541375160217,
            0.9500890970230103
          ],
          [
            0.0,
            0.0,
            0.0,
            1.0
          ]
        ]
      },
      "bone_length_armature_space": 0.48800444398232856,
      "parent": "Root",
      "has_children": true,
      "is_end_bone": false
    },
    "neck_01": {
      "name": "neck_01",
      "local": {
        "location": {
          "x": 0.0,
          "y": 0.0,
          "z": 0.0
        },
        "rotation_quaternion": {
          "w": 0.9881044030189514,
          "x": -0.04532720148563385,
          "y": -0.061234429478645325,
          "z": 0.1335868388414383
        },
        "scale": {
          "x": 1.0,
          "y": 1.0,
          "z": 1.0
        },
        "matrix_basis": [
          [
            0.9568098187446594,
            -0.25844430923461914,
            -0.1331222504377365,
            0.0
          ],
          [
            0.26954665780067444,
            0.9602000117301941,
            0.0732157900929451,
            0.0
          ],
          [
            0.10890178382396698,
            -0.10593624413013458,
            0.9883915781974792,
            0.0
          ],
          [
            0.0,
            0.0,
            0.0,
            1.0
          ]
        ],
        "rotation_mode": "QUATERNION"
      },
      "armature_space": {
        "head": {
          "x": 0.04047752171754837,
          "y": -0.12471432983875275,
          "z": 0.547288179397583
        },
        "tail": {
          "x": 0.01907629519701004,
          "y": -0.16587676107883453,
          "z": 0.6387123465538025
        }
      },
      "world_space": {
        "head": {
          "x": 0.04047752171754837,
          "y": -0.06147032976150513,
          "z": 1.4971421957015991
        },
        "tail": {
          "x": 0.01907629519701004,
          "y": -0.10263276100158691,
          "z": 1.5885663032531738
        },
        "rotation_quaternion": {
          "w": 0.527450442314148,
          "x": 0.8364898562431335,
          "y": -0.14506958425045013,
          "z": -0.032182853668928146
        },
        "matrix": [
          [
            0.9558380246162415,
            -0.20874899625778198,
            -0.20687609910964966,
            0.04047752171754837
          ],
          [
            -0.27664896845817566,
            -0.4015010595321655,
            -0.8730763792991638,
            -0.06147032976150513
          ],
          [
            0.09919324517250061,
            0.8917573690414429,
            -0.44152408838272095,
            1.4971421957015991
          ],
          [
            0.0,
            0.0,
            0.0,
            1.0
          ]
        ]
      },
      "bone_length_armature_space": 0.10252188158284453,
      "parent": "spine_01",
      "has_children": true,
      "is_end_bone": false
    },
    "head": {
      "name": "head",
      "local": {
        "location": {
          "x": 0.0,
          "y": 0.0,
          "z": 0.0
        },
        "rotation_quaternion": {
          "w": 0.9979324340820312,
          "x": -0.03727935999631882,
          "y": 0.046324457973241806,
          "z": -0.024397119879722595
        },
        "scale": {
          "x": 1.0,
          "y": 1.0,
          "z": 1.0
        },
        "matrix_basis": [
          [
            0.9945176243782043,
            0.045239463448524475,
            0.09427637606859207,
            0.0
          ],
          [
            -0.05214724689722061,
            0.9960300326347351,
            0.07214419543743134,
            0.0
          ],
          [
            -0.09063833951950073,
            -0.07666493207216263,
            0.9929285645484924,
            0.0
          ],
          [
            0.0,
            0.0,
            0.0,
            1.0
          ]
        ],
        "rotation_mode": "QUATERNION"
      },
      "armature_space": {
        "head": {
          "x": 0.019076276570558548,
          "y": -0.1658768653869629,
          "z": 0.6387122273445129
        },
        "tail": {
          "x": 0.010395100340247154,
          "y": -0.16548925638198853,
          "z": 0.7935599088668823
        }
      },
      "world_space": {
        "head": {
          "x": 0.019076276570558548,
          "y": -0.10263286530971527,
          "z": 1.5885663032531738
        },
        "tail": {
          "x": 0.010395100340247154,
          "y": -0.1022452563047409,
          "z": 1.7434139251708984
        },
        "rotation_quaternion": {
          "w": 0.7026729583740234,
          "x": 0.7046560049057007,
          "y": -0.08660303801298141,
          "z": -0.04701743647456169
        },
        "matrix": [
          [
            0.9805785417556763,
            -0.055975012481212616,
            -0.18796983361244202,
            0.019076276570558548
          ],
          [
            -0.18812675774097443,
            0.0024992525577545166,
            -0.9821416735649109,
            -0.10263286530971527
          ],
          [
            0.0554453544318676,
            0.9984361529350281,
            -0.00808069109916687,
            1.5885663032531738
          ],
          [
            0.0,
            0.0,
            0.0,
            1.0
          ]
        ]
      },
      "bone_length_armature_space": 0.15509132144947357,
      "parent": "neck_01",
      "has_children": false,
      "is_end_bone": true
    },
    "upperarm_l": {
      "name": "upperarm_l",
      "local": {
        "location": {
          "x": 0.0,
          "y": 0.0,
          "z": 0.0
        },
        "rotation_quaternion": {
          "w": 0.904853105545044,
          "x": 0.07252641767263412,
          "y": 0.4132363200187683,
          "z": 0.07222505658864975
        },
        "scale": {
          "x": 1.0,
          "y": 1.0,
          "z": 1.0
        },
        "matrix_basis": [
          [
            0.6480385661125183,
            -0.07076503336429596,
            0.7583127617835999,
            0.0
          ],
          [
            0.19064722955226898,
            0.9790469408035278,
            -0.07155947387218475,
            0.0
          ],
          [
            -0.737359881401062,
            0.19094353914260864,
            0.6479513049125671,
            0.0
          ],
          [
            0.0,
            0.0,
            0.0,
            1.0
          ]
        ],
        "rotation_mode": "QUATERNION"
      },
      "armature_space": {
        "head": {
          "x": 0.18516111373901367,
          "y": -0.12348306179046631,
          "z": 0.46923506259918213
        },
        "tail": {
          "x": 0.4471973776817322,
          "y": -0.17755837738513947,
          "z": 0.45438626408576965
        }
      },
      "world_space": {
        "head": {
          "x": 0.18516111373901367,
          "y": -0.06023906171321869,
          "z": 1.4190890789031982
        },
        "tail": {
          "x": 0.4471973776817322,
          "y": -0.11431437730789185,
          "z": 1.4042402505874634
        },
        "rotation_quaternion": {
          "w": 0.14825929701328278,
          "x": 0.7420282363891602,
          "y": 0.6141010522842407,
          "z": -0.22426170110702515
        },
        "matrix": [
          [
            0.1451726257801056,
            0.97785884141922,
            -0.15072230994701385,
            0.18516111373901367
          ],
          [
            0.8448624610900879,
            -0.20179657638072968,
            -0.4954650402069092,
            -0.06023906171321869
          ],
          [
            -0.5149128437042236,
            -0.055412307381629944,
            -0.8554578423500061,
            1.4190890789031982
          ],
          [
            0.0,
            0.0,
            0.0,
            1.0
          ]
        ]
      },
      "bone_length_armature_space": 0.26796945297221814,
      "parent": "spine_01",
      "has_children": true,
      "is_end_bone": false
    },
    "lowerarm_l": {
      "name": "lowerarm_l",
      "local": {
        "location": {
          "x": 0.0,
          "y": 0.0,
          "z": 0.0
        },
        "rotation_quaternion": {
          "w": 0.9434672594070435,
          "x": 0.32762500643730164,
          "y": -0.00493595702573657,
          "z": -0.05007132887840271
        },
        "scale": {
          "x": 1.0,
          "y": 1.0,
          "z": 1.0
        },
        "matrix_basis": [
          [
            0.994937002658844,
            0.09124702960252762,
            -0.04212306812405586,
            0.0
          ],
          [
            -0.0977156013250351,
            0.7803094387054443,
            -0.6177126169204712,
            0.0
          ],
          [
            -0.02349541150033474,
            0.6187012195587158,
            0.7852749824523926,
            0.0
          ],
          [
            0.0,
            0.0,
            0.0,
            1.0
          ]
        ],
        "rotation_mode": "QUATERNION"
      },
      "armature_space": {
        "head": {
          "x": 0.44719743728637695,
          "y": -0.1775585114955902,
          "z": 0.45438629388809204
        },
        "tail": {
          "x": 0.599993109703064,
          "y": -0.3209114670753479,
          "z": 0.28803372383117676
        }
      },
      "world_space": {
        "head": {
          "x": 0.44719743728637695,
          "y": -0.11431451141834259,
          "z": 1.404240369796753
        },
        "tail": {
          "x": 0.599993109703064,
          "y": -0.2576674818992615,
          "z": 1.2378877401351929
        },
        "rotation_quaternion": {
          "w": 0.11418268084526062,
          "x": -0.7288700342178345,
          "y": -0.4680134356021881,
          "z": 0.486491858959198
        },
        "matrix": [
          [
            0.08857668191194534,
            0.5711464881896973,
            -0.8160549998283386,
            0.44719743728637695
          ],
          [
            0.7933398485183716,
            -0.535849928855896,
            -0.2889234721660614,
            -0.11431451141834259
          ],
          [
            -0.6023041009902954,
            -0.621821939945221,
            -0.5005807876586914,
            1.404240369796753
          ],
          [
            0.0,
            0.0,
            0.0,
            1.0
          ]
        ]
      },
      "bone_length_armature_space": 0.2675252604645667,
      "parent": "upperarm_l",
      "has_children": true,
      "is_end_bone": false
    },
    "metacarpal_thumb_l": {
      "name": "metacarpal_thumb_l",
      "local": {
        "location": {
          "x": 0.0,
          "y": 0.0,
          "z": 0.0
        },
        "rotation_quaternion": {
          "w": 0.9989560842514038,
          "x": -0.038615889847278595,
          "y": -0.024107206612825394,
          "z": 0.003798038698732853
        },
        "scale": {
          "x": 1.0,
          "y": 1.0,
          "z": 1.0
        },
        "matrix_basis": [
          [
            0.9988088607788086,
            -0.005726305302232504,
            -0.04845741018652916,
            0.0
          ],
          [
            0.009449990466237068,
            0.9969887733459473,
            0.07696803659200668,
            0.0
          ],
          [
            0.04787075147032738,
            -0.07733427733182907,
            0.9958553314208984,
            0.0
          ],
          [
            0.0,
            0.0,
            0.0,
            1.0
          ]
        ],
        "rotation_mode": "QUATERNION"
      },
      "armature_space": {
        "head": {
          "x": 0.599993109703064,
          "y": -0.3209114670753479,
          "z": 0.28803372383117676
        },
        "tail": {
          "x": 0.5989543795585632,
          "y": -0.34642356634140015,
          "z": 0.24558770656585693
        }
      },
      "world_space": {
        "head": {
          "x": 0.599993109703064,
          "y": -0.2576674818992615,
          "z": 1.2378877401351929
        },
        "tail": {
          "x": 0.5989543795585632,
          "y": -0.2831795811653137,
          "z": 1.195441722869873
        },
        "rotation_quaternion": {
          "w": 0.49241435527801514,
          "x": -0.8701889514923096,
          "y": 0.002350028371438384,
          "z": 0.017140360549092293
        },
        "matrix": [
          [
            0.9994013905525208,
            -0.020970262587070465,
            -0.027516180649399757,
            0.599993109703064
          ],
          [
            0.012790277600288391,
            -0.5150454640388489,
            0.8570674657821655,
            -0.2576674818992615
          ],
          [
            -0.03214527294039726,
            -0.8569124937057495,
            -0.5144717693328857,
            1.2378877401351929
          ],
          [
            0.0,
            0.0,
            0.0,
            1.0
          ]
        ]
      },
      "bone_length_armature_space": 0.04953393338840388,
      "parent": "lowerarm_l",
      "has_children": true,
      "is_end_bone": false
    },
    "thumb_01_l": {
      "name": "thumb_01_l",
      "local": {
        "location": {
          "x": 0.0,
          "y": 0.0,
          "z": 0.0
        },
        "rotation_quaternion": {
          "w": 0.9669938683509827,
          "x": 0.2543186843395233,
          "y": 0.011658117175102234,
          "z": 0.010442988947033882
        },
        "scale": {
          "x": 1.0,
          "y": 1.0,
          "z": 1.0
        },
        "matrix_basis": [
          [
            0.9995100498199463,
            -0.01426685880869627,
            0.027858350425958633,
            0.0
          ],
          [
            0.02612636610865593,
            0.8704258799552917,
            -0.4916057288646698,
            0.0
          ],
          [
            -0.017234960570931435,
            0.49209269881248474,
            0.8703721761703491,
            0.0
          ],
          [
            0.0,
            0.0,
            0.0,
            1.0
          ]
        ],
        "rotation_mode": "QUATERNION"
      },
      "armature_space": {
        "head": {
          "x": 0.5989543795585632,
          "y": -0.34642356634140015,
          "z": 0.24558770656585693
        },
        "tail": {
          "x": 0.6109031438827515,
          "y": -0.3365045189857483,
          "z": 0.21529781818389893
        }
      },
      "world_space": {
        "head": {
          "x": 0.5989543795585632,
          "y": -0.2831795811653137,
          "z": 1.195441722869873
        },
        "tail": {
          "x": 0.6109031438827515,
          "y": -0.27326053380966187,
          "z": 1.165151834487915
        },
        "rotation_quaternion": {
          "w": 0.6314475536346436,
          "x": -0.300021231174469,
          "y": 0.496968537569046,
          "z": -0.5140851140022278
        },
        "matrix": [
          [
            -0.022523224353790283,
            0.35103562474250793,
            0.9360912442207336,
            0.5989543795585632
          ],
          [
            -0.9474381804466248,
            0.29140591621398926,
            -0.13207389414310455,
            -0.2831795811653137
          ],
          [
            -0.3191479742527008,
            -0.889869213104248,
            0.3260231614112854,
            1.195441722869873
          ],
          [
            0.0,
            0.0,
            0.0,
            1.0
          ]
        ]
      },
      "bone_length_armature_space": 0.03403876953409195,
      "parent": "metacarpal_thumb_l",
      "has_children": true,
      "is_end_bone": false
    },
    "thumb_02_l": {
      "name": "thumb_02_l",
      "local": {
        "location": {
          "x": 0.0,
          "y": 0.0,
          "z": 0.0
        },
        "rotation_quaternion": {
          "w": 0.9014249444007874,
          "x": 0.43292638659477234,
          "y": -0.002600305015221238,
          "z": -0.0010844029020518064
        },
        "scale": {
          "x": 1.0,
          "y": 1.0,
          "z": 1.0
        },
        "matrix_basis": [
          [
            0.9999841451644897,
            -0.00029646564507856965,
            -0.0056268926709890366,
            0.0
          ],
          [
            -0.004206496756523848,
            0.6251471638679504,
            -0.7804956436157227,
            0.0
          ],
          [
            0.0037490264512598515,
            0.7805069088935852,
            0.6251359581947327,
            0.0
          ],
          [
            0.0,
            0.0,
            0.0,
            1.0
          ]
        ],
        "rotation_mode": "QUATERNION"
      },
      "armature_space": {
        "head": {
          "x": 0.6109030842781067,
          "y": -0.3365044891834259,
          "z": 0.21529783308506012
        },
        "tail": {
          "x": 0.631589949131012,
          "y": -0.36765071749687195,
          "z": 0.22996574640274048
        }
      },
      "world_space": {
        "head": {
          "x": 0.6109030842781067,
          "y": -0.2732604742050171,
          "z": 1.165151834487915
        },
        "tail": {
          "x": 0.631589949131012,
          "y": -0.30440670251846313,
          "z": 1.1798198223114014
        },
        "rotation_quaternion": {
          "w": 0.3133913278579712,
          "x": 0.2378072738647461,
          "y": -0.11853887885808945,
          "z": -0.9116919040679932
        },
        "matrix": [
          [
            -0.6904667615890503,
            0.5150545239448547,
            -0.5079119801521301,
            0.6109030842781067
          ],
          [
            -0.6278117895126343,
            -0.775468647480011,
            0.0670875608921051,
            -0.2732604742050171
          ],
          [
            -0.35931891202926636,
            0.3651968240737915,
            0.8587985038757324,
            1.165151834487915
          ],
          [
            0.0,
            0.0,
            0.0,
            1.0
          ]
        ]
      },
      "bone_length_armature_space": 0.04016443212922851,
      "parent": "thumb_01_l",
      "has_children": true,
      "is_end_bone": false
    },
    "thumb_03_l": {
      "name": "thumb_03_l",
      "local": {
        "location": {
          "x": 0.0,
          "y": 0.0,
          "z": 0.0
        },
        "rotation_quaternion": {
          "w": 0.9895789623260498,
          "x": 0.14385603368282318,
          "y": -0.005782558117061853,
          "z": 0.0023821808863431215
        },
        "scale": {
          "x": 1.0,
          "y": 1.0,
          "z": 1.0
        },
        "matrix_basis": [
          [
            0.9999217987060547,
            -0.006378423888236284,
            -0.01075921393930912,
            0.0
          ],
          [
            0.003051000414416194,
            0.9585995078086853,
            -0.2847413718700409,
            0.0
          ],
          [
            0.012129978276789188,
            0.28468626737594604,
            0.9585440158843994,
            0.0
          ],
          [
            0.0,
            0.0,
            0.0,
            1.0
          ]
        ],
        "rotation_mode": "QUATERNION"
      },
      "armature_space": {
        "head": {
          "x": 0.631589949131012,
          "y": -0.36765071749687195,
          "z": 0.22996565699577332
        },
        "tail": {
          "x": 0.6380159258842468,
          "y": -0.38578182458877563,
          "z": 0.25356370210647583
        }
      },
      "world_space": {
        "head": {
          "x": 0.631589949131012,
          "y": -0.30440670251846313,
          "z": 1.1798197031021118
        },
        "tail": {
          "x": 0.6380159258842468,
          "y": -0.3225378394126892,
          "z": 1.2034177780151367
        },
        "rotation_quaternion": {
          "w": 0.32965120673179626,
          "x": 0.472116619348526,
          "y": -0.30587705969810486,
          "z": -0.758205235004425
        },
        "matrix": [
          [
            -0.33687207102775574,
            0.21106965839862823,
            -0.9175876379013062,
            0.631589949131012
          ],
          [
            -0.7887064218521118,
            -0.5955381989479065,
            0.15256650745868683,
            -0.30440670251846313
          ],
          [
            -0.5142603516578674,
            0.7751073837280273,
            0.36709484457969666,
            1.1798197031021118
          ],
          [
            0.0,
            0.0,
            0.0,
            1.0
          ]
        ]
      },
      "bone_length_armature_space": 0.03044499910006313,
      "parent": "thumb_02_l",
      "has_children": false,
      "is_end_bone": true
    },
    "metacarpal_index_l": {
      "name": "metacarpal_index_l",
      "local": {
        "location": {
          "x": 0.0,
          "y": 0.0,
          "z": 0.0
        },
        "rotation_quaternion": {
          "w": 0.9984706044197083,
          "x": -0.053260352462530136,
          "y": -0.01273251697421074,
          "z": -0.0075998567044734955
        },
        "scale": {
          "x": 1.0,
          "y": 1.0,
          "z": 1.0
        },
        "matrix_basis": [
          [
            0.9995602369308472,
            0.016532743349671364,
            -0.02461654506623745,
            0.0
          ],
          [
            -0.013820189982652664,
            0.9942111372947693,
            0.10655132681131363,
            0.0
          ],
          [
            0.026235630735754967,
            -0.10616426169872284,
            0.9940024614334106,
            0.0
          ],
          [
            0.0,
            0.0,
            0.0,
            1.0
          ]
        ],
        "rotation_mode": "QUATERNION"
      },
      "armature_space": {
        "head": {
          "x": 0.599993109703064,
          "y": -0.3209114670753479,
          "z": 0.28803372383117676
        },
        "tail": {
          "x": 0.6425349712371826,
          "y": -0.39226096868515015,
          "z": 0.20539739727973938
        }
      },
      "world_space": {
        "head": {
          "x": 0.599993109703064,
          "y": -0.2576674818992615,
          "z": 1.2378877401351929
        },
        "tail": {
          "x": 0.6425349712371826,
          "y": -0.3290169835090637,
          "z": 1.155251383781433
        },
        "rotation_quaternion": {
          "w": 0.34894824028015137,
          "x": -0.8814536929130554,
          "y": -0.2716057002544403,
          "z": 0.16584637761116028
        },
        "matrix": [
          [
            0.7974498867988586,
            0.3630724847316742,
            -0.4819251000881195,
            0.599993109703064
          ],
          [
            0.5945600867271423,
            -0.6089309453964233,
            0.5250728130340576,
            -0.2576674818992615
          ],
          [
            -0.10281983762979507,
            -0.7052581310272217,
            -0.7014647722244263,
            1.2378877401351929
          ],
          [
            0.0,
            0.0,
            0.0,
            1.0
          ]
        ]
      },
      "bone_length_armature_space": 0.11717219699839411,
      "parent": "lowerarm_l",
      "has_children": true,
      "is_end_bone": false
    },
    "index_01_l": {
      "name": "index_01_l",
      "local": {
        "location": {
          "x": 0.0,
          "y": 0.0,
          "z": 0.0
        },
        "rotation_quaternion": {
          "w": 0.9504129886627197,
          "x": 0.3100738823413849,
          "y": 0.01578707993030548,
          "z": 0.017895976081490517
        },
        "scale": {
          "x": 1.0,
          "y": 1.0,
          "z": 1.0
        },
        "matrix_basis": [
          [
            0.9988610148429871,
            -0.02422681450843811,
            0.04110664129257202,
            0.0
          ],
          [
            0.04380745813250542,
            0.80706787109375,
            -0.5888314247131348,
            0.0
          ],
          [
            -0.018910342827439308,
            0.5899615287780762,
            0.8072099089622498,
            0.0
          ],
          [
            0.0,
            0.0,
            0.0,
            1.0
          ]
        ],
        "rotation_mode": "QUATERNION"
      },
      "armature_space": {
        "head": {
          "x": 0.6425349712371826,
          "y": -0.39226096868515015,
          "z": 0.20539739727973938
        },
        "tail": {
          "x": 0.6511181592941284,
          "y": -0.3946397304534912,
          "z": 0.1783095896244049
        }
      },
      "world_space": {
        "head": {
          "x": 0.6425349712371826,
          "y": -0.3290169835090637,
          "z": 1.155251383781433
        },
        "tail": {
          "x": 0.6511181592941284,
          "y": -0.3313957452774048,
          "z": 1.1281635761260986
        },
        "rotation_quaternion": {
          "w": 0.5706064701080322,
          "x": -0.7110236287117004,
          "y": -0.36427491903305054,
          "z": 0.19015125930309296
        },
        "matrix": [
          [
            0.6622911691665649,
            0.30101311206817627,
            -0.6861205697059631,
            0.6425349712371826
          ],
          [
            0.7350205779075623,
            -0.0834236741065979,
            0.6728932857513428,
            -0.3290169835090637
          ],
          [
            0.14531263709068298,
            -0.9499707221984863,
            -0.2765028178691864,
            1.155251383781433
          ],
          [
            0.0,
            0.0,
            0.0,
            1.0
          ]
        ]
      },
      "bone_length_armature_space": 0.02851453881415418,
      "parent": "metacarpal_index_l",
      "has_children": true,
      "is_end_bone": false
    },
    "index_02_l": {
      "name": "index_02_l",
      "local": {
        "location": {
          "x": 0.0,
          "y": 0.0,
          "z": 0.0
        },
        "rotation_quaternion": {
          "w": 0.8774540424346924,
          "x": 0.47963374853134155,
          "y": 0.005057562608271837,
          "z": -0.0006290802848525345
        },
        "scale": {
          "x": 1.0,
          "y": 1.0,
          "z": 1.0
        },
        "matrix_basis": [
          [
            0.9999480247497559,
            0.005955533590167761,
            0.008272101171314716,
            0.0
          ],
          [
            0.0037475773133337498,
            0.5399021506309509,
            -0.8417195081710815,
            0.0
          ],
          [
            -0.009479014202952385,
            0.8417067527770996,
            0.5398517847061157,
            0.0
          ],
          [
            0.0,
            0.0,
            0.0,
            1.0
          ]
        ],
        "rotation_mode": "QUATERNION"
      },
      "armature_space": {
        "head": {
          "x": 0.6511178612709045,
          "y": -0.3946397304534912,
          "z": 0.1783090978860855
        },
        "tail": {
          "x": 0.6405246257781982,
          "y": -0.38228639960289,
          "z": 0.15847796201705933
        }
      },
      "world_space": {
        "head": {
          "x": 0.6511178612709045,
          "y": -0.3313957452774048,
          "z": 1.1281630992889404
        },
        "tail": {
          "x": 0.6405246257781982,
          "y": -0.3190423846244812,
          "z": 1.1083319187164307
        },
        "rotation_quaternion": {
          "w": 0.8233730792999268,
          "x": -0.3597525656223297,
          "y": -0.25066399574279785,
          "z": 0.36028122901916504
        },
        "matrix": [
          [
            0.6147289872169495,
            -0.4129384756088257,
            -0.6720044612884521,
            0.6511178612709045
          ],
          [
            0.7736465334892273,
            0.481550395488739,
            0.41180121898651123,
            -0.3313957452774048
          ],
          [
            0.1535572111606598,
            -0.7730450630187988,
            0.6154962182044983,
            1.1281630992889404
          ],
          [
            0.0,
            0.0,
            0.0,
            1.0
          ]
        ]
      },
      "bone_length_armature_space": 0.025653369573103803,
      "parent": "index_01_l",
      "has_children": true,
      "is_end_bone": false
    },
    "index_03_l": {
      "name": "index_03_l",
      "local": {
        "location": {
          "x": 0.0,
          "y": 0.0,
          "z": 0.0
        },
        "rotation_quaternion": {
          "w": 0.9259622693061829,
          "x": 0.3774309754371643,
          "y": 0.011830523610115051,
          "z": 8.118875120999292e-05
        },
        "scale": {
          "x": 1.0,
          "y": 1.0,
          "z": 1.0
        },
        "matrix_basis": [
          [
            0.99972003698349,
            0.008780056610703468,
            0.02197052352130413,
            0.0
          ],
          [
            0.009080767631530762,
            0.7150917053222656,
            -0.6989717483520508,
            0.0
          ],
          [
            -0.021847950294613838,
            0.6989756226539612,
            0.7148118019104004,
            0.0
          ],
          [
            0.0,
            0.0,
            0.0,
            1.0
          ]
        ],
        "rotation_mode": "QUATERNION"
      },
      "armature_space": {
        "head": {
          "x": 0.6405247449874878,
          "y": -0.3822864890098572,
          "z": 0.15847788751125336
        },
        "tail": {
          "x": 0.620078980922699,
          "y": -0.3614162802696228,
          "z": 0.1581082046031952
        }
      },
      "world_space": {
        "head": {
          "x": 0.6405247449874878,
          "y": -0.31904250383377075,
          "z": 1.1083319187164307
        },
        "tail": {
          "x": 0.620078980922699,
          "y": -0.2981722950935364,
          "z": 1.1079622507095337
        },
        "rotation_quaternion": {
          "w": 0.9230160117149353,
          "x": 0.022564725950360298,
          "y": -0.07197040319442749,
          "z": 0.3772962987422943
        },
        "matrix": [
          [
            0.7049354314804077,
            -0.6997491717338562,
            -0.11583209037780762,
            0.6405247449874878
          ],
          [
            0.6932530403137207,
            0.7142766714096069,
            -0.09596338868141174,
            -0.31904250383377075
          ],
          [
            0.1498880684375763,
            -0.012652307748794556,
            0.9886292219161987,
            1.1083319187164307
          ],
          [
            0.0,
            0.0,
            0.0,
            1.0
          ]
        ]
      },
      "bone_length_armature_space": 0.029218684495508924,
      "parent": "index_02_l",
      "has_children": false,
      "is_end_bone": true
    },
    "metacarpal_pinky_l": {
      "name": "metacarpal_pinky_l",
      "local": {
        "location": {
          "x": 0.0,
          "y": 0.0,
          "z": 0.0
        },
        "rotation_quaternion": {
          "w": 0.9989509582519531,
          "x": -0.0412798710167408,
          "y": -0.002193921012803912,
          "z": -0.019703419879078865
        },
        "scale": {
          "x": 1.0,
          "y": 1.0,
          "z": 1.0
        },
        "matrix_basis": [
          [
            0.9992139339447021,
            0.03954663127660751,
            -0.0027565297205001116,
            0.0
          ],
          [
            -0.03918436914682388,
            0.9958155155181885,
            0.08255958557128906,
            0.0
          ],
          [
            0.006009948439896107,
            -0.08238667994737625,
            0.9965823292732239,
            0.0
          ],
          [
            0.0,
            0.0,
            0.0,
            1.0
          ]
        ],
        "rotation_mode": "QUATERNION"
      },
      "armature_space": {
        "head": {
          "x": 0.599993109703064,
          "y": -0.3209114670753479,
          "z": 0.28803372383117676
        },
        "tail": {
          "x": 0.6819524168968201,
          "y": -0.35758912563323975,
          "z": 0.23530159890651703
        }
      },
      "world_space": {
        "head": {
          "x": 0.599993109703064,
          "y": -0.2576674818992615,
          "z": 1.2378877401351929
        },
        "tail": {
          "x": 0.6819524168968201,
          "y": -0.2943451404571533,
          "z": 1.1851556301116943
        },
        "rotation_quaternion": {
          "w": 0.3239946961402893,
          "x": 0.315218985080719,
          "y": 0.46788275241851807,
          "z": -0.7594407200813293
        },
        "matrix": [
          [
            -0.5913288593292236,
            0.7870808243751526,
            -0.17559625208377838,
            0.599993109703064
          ],
          [
            -0.19714121520519257,
            -0.3522268831729889,
            -0.9149162173271179,
            -0.2576674818992615
          ],
          [
            -0.7819682955741882,
            -0.5064029693603516,
            0.3634495735168457,
            1.2378877401351929
          ],
          [
            0.0,
            0.0,
            0.0,
            1.0
          ]
        ]
      },
      "bone_length_armature_space": 0.10413095444456066,
      "parent": "lowerarm_l",
      "has_children": true,
      "is_end_bone": false
    },
    "pinky_01_l": {
      "name": "pinky_01_l",
      "local": {
        "location": {
          "x": 0.0,
          "y": 0.0,
          "z": 0.0
        },
        "rotation_quaternion": {
          "w": 0.9339767098426819,
          "x": 0.35702595114707947,
          "y": -0.005564374383538961,
          "z": -0.01375365536659956
        },
        "scale": {
          "x": 1.0,
          "y": 1.0,
          "z": 1.0
        },
        "matrix_basis": [
          [
            0.999559760093689,
            0.021717935800552368,
            -0.02021481655538082,
            0.0
          ],
          [
            -0.02966444008052349,
            0.7446866035461426,
            -0.6667547821998596,
            0.0
          ],
          [
            0.0005731683922931552,
            0.667060911655426,
            0.7450030446052551,
            0.0
          ],
          [
            0.0,
            0.0,
            0.0,
            1.0
          ]
        ],
        "rotation_mode": "QUATERNION"
      },
      "armature_space": {
        "head": {
          "x": 0.6819524168968201,
          "y": -0.35758912563323975,
          "z": 0.23530159890651703
        },
        "tail": {
          "x": 0.6907126903533936,
