{
  "metadata": {
    "armature_name": "KIM_caucasian_male",
    "export_time": "2026-01-13T19:11:49.071436",
    "blender_version": "4.4.1",
    "bone_count": 56,
    "end_bone_count": 13,
    "spaces_included": [
      "LOCAL_CHANNELS",
      "ARMATURE_SPACE",
      "WORLD_SPACE"
    ],
    "note": "LOCAL matches Transform panel; replay pose via local.matrix_basis for best fidelity."
  },
  "bones": {
    "Root": {
      "name": "Root",
      "local": {
        "location": {
          "x": 0.0,
          "y": 0.0,
          "z": 0.0
        },
        "rotation_quaternion": {
          "w": 0.9997201561927795,
          "x": -0.01489697489887476,
          "y": 0.007591521367430687,
          "z": 0.01673930510878563
        },
        "scale": {
          "x": 1.0,
          "y": 1.0,
          "z": 1.0
        },
        "matrix_basis": [
          [
            0.9993243217468262,
            -0.03369542211294174,
            0.014680064283311367,
            0.0
          ],
          [
            0.03324306011199951,
            0.9989957809448242,
            0.030039764940738678,
            0.0
          ],
          [
            -0.015677524730563164,
            -0.029531458392739296,
            0.9994409084320068,
            0.0
          ],
          [
            0.0,
            0.0,
            0.0,
            1.0
          ]
        ],
        "rotation_mode": "QUATERNION"
      },
      "armature_space": {
        "head": {
          "x": 0.0,
          "y": 0.07072800397872925,
          "z": -0.009595036506652832
        },
        "tail": {
          "x": -0.002405039966106415,
          "y": 0.0003543868660926819,
          "z": 0.0020790807902812958
        }
      },
      "world_space": {
        "head": {
          "x": 0.0,
          "y": 0.13397200405597687,
          "z": 0.9402589797973633
        },
        "tail": {
          "x": -0.002405039966106415,
          "y": 0.0635983869433403,
          "z": 0.9519330859184265
        },
        "rotation_quaternion": {
          "w": 0.0822119265794754,
          "x": 0.9964454174041748,
          "y": -0.016189850866794586,
          "z": 0.008701968938112259
        },
        "matrix": [
          [
            0.9993243217468262,
            -0.03369542211294174,
            0.014680064283311367,
            0.0
          ],
          [
            -0.030833793804049492,
            -0.9859581589698792,
            -0.1641216278076172,
            0.13397200405597687
          ],
          [
            0.020004186779260635,
            0.16355831921100616,
            -0.9863379597663879,
            0.9402589797973633
          ],
          [
            0.0,
            0.0,
            0.0,
            1.0
          ]
        ]
      },
      "bone_length_armature_space": 0.0713758735516013,
      "parent": null,
      "has_children": true,
      "is_end_bone": false
    },
    "spine_01": {
      "name": "spine_01",
      "local": {
        "location": {
          "x": 0.0,
          "y": 0.0,
          "z": 0.0
        },
        "rotation_quaternion": {
          "w": 0.9982843399047852,
          "x": 0.028460653498768806,
          "y": -0.04950130730867386,
          "z": -0.012963606975972652
        },
        "scale": {
          "x": 1.0,
          "y": 1.0,
          "z": 1.0
        },
        "matrix_basis": [
          [
            0.9947631359100342,
            0.023065052926540375,
            -0.09957066178321838,
            0.0
          ],
          [
            -0.028700411319732666,
            0.9980438947677612,
            -0.05554021894931793,
            0.0
          ],
          [
            0.09809485077857971,
            0.058107081800699234,
            0.9934792518615723,
            0.0
          ],
          [
            0.0,
            0.0,
            0.0,
            1.0
          ]
        ],
        "rotation_mode": "QUATERNION"
      },
      "armature_space": {
        "head": {
          "x": -0.002405039966106415,
          "y": 0.0003543868660926819,
          "z": 0.0020790807902812958
        },
        "tail": {
          "x": -0.0006378628313541412,
          "y": 0.009129820391535759,
          "z": 0.4900016784667969
        }
      },
      "world_space": {
        "head": {
          "x": -0.002405039966106415,
          "y": 0.0635983869433403,
          "z": 0.9519330859184265
        },
        "tail": {
          "x": -0.0006378628313541412,
          "y": 0.07237382233142853,
          "z": 1.439855694770813
        },
        "rotation_quaternion": {
          "w": 0.7119889259338379,
          "x": 0.6991328597068787,
          "y": -0.045417871326208115,
          "z": -0.04714086651802063
        },
        "matrix": [
          [
            0.9914299249649048,
            0.00362125551328063,
            -0.1305895447731018,
            -0.002405039966106415
          ],
          [
            -0.1306338608264923,
            0.017982400953769684,
            -0.991267740726471,
            0.0635983869433403
          ],
          [
            -0.0012414474040269852,
            0.9998388886451721,
            0.01830058917403221,
            0.9519330859184265
          ],
          [
            0.0,
            0.0,
            0.0,
            1.0
          ]
        ]
      },
      "bone_length_armature_space": 0.4880047207433472,
      "parent": "Root",
      "has_children": true,
      "is_end_bone": false
    },
    "neck_01": {
      "name": "neck_01",
      "local": {
        "location": {
          "x": 0.0,
          "y": 0.0,
          "z": 0.0
        },
        "rotation_quaternion": {
          "w": 0.9866922497749329,
          "x": 0.04920489341020584,
          "y": -0.09135382622480392,
          "z": -0.1251872032880783
        },
        "scale": {
          "x": 1.0,
          "y": 1.0,
          "z": 1.0
        },
        "matrix_basis": [
          [
            0.9519652724266052,
            0.2380523830652237,
            -0.19259586930274963,
            0.0
          ],
          [
            -0.2560325860977173,
            0.9638140797615051,
            -0.07422751188278198,
            0.0
          ],
          [
            0.16795657575130463,
            0.1199728325009346,
            0.9784666895866394,
            0.0
          ],
          [
            0.0,
            0.0,
            0.0,
            1.0
          ]
        ],
        "rotation_mode": "QUATERNION"
      },
      "armature_space": {
        "head": {
          "x": -0.004901622887700796,
          "y": -0.02393113635480404,
          "z": 0.5638430118560791
        },
        "tail": {
          "x": 0.013194303959608078,
          "y": -0.07408523559570312,
          "z": 0.6514091491699219
        }
      },
      "world_space": {
        "head": {
          "x": -0.004901622887700796,
          "y": 0.03931286185979843,
          "z": 1.5136970281600952
        },
        "tail": {
          "x": 0.013194303959608078,
          "y": -0.010841235518455505,
          "z": 1.601263165473938
        },
        "rotation_quaternion": {
          "w": 0.5053547620773315,
          "x": 0.8437622785568237,
          "y": -0.0036567128263413906,
          "z": -0.18074405193328857
        },
        "matrix": [
          [
            0.9346367716789246,
            0.17650888860225677,
            -0.3087049722671509,
            -0.004901622887700796
          ],
          [
            -0.18884974718093872,
            -0.489206463098526,
            -0.8514771461486816,
            0.03931286185979843
          ],
          [
            -0.30131596326828003,
            0.8541260957717896,
            -0.4239003658294678,
            1.5136970281600952
          ],
          [
            0.0,
            0.0,
            0.0,
            1.0
          ]
        ]
      },
      "bone_length_armature_space": 0.10252182466504771,
      "parent": "spine_01",
      "has_children": true,
      "is_end_bone": false
    },
    "head": {
      "name": "head",
      "local": {
        "location": {
          "x": 0.0,
          "y": 0.0,
          "z": 0.0
        },
        "rotation_quaternion": {
          "w": 0.982498049736023,
          "x": -0.10941837728023529,
          "y": -0.09247593581676483,
          "z": -0.11905311048030853
        },
        "scale": {
          "x": 1.0,
          "y": 1.0,
          "z": 1.0
        },
        "matrix_basis": [
          [
            0.9545491337776184,
            0.2541760206222534,
            -0.1556616574525833,
            0.0
          ],
          [
            -0.2137017697095871,
            0.9477079510688782,
            0.23702578246593475,
            0.0
          ],
          [
            0.207768052816391,
            -0.1929875910282135,
            0.9589516520500183,
            0.0
          ],
          [
            0.0,
            0.0,
            0.0,
            1.0
          ]
        ],
        "rotation_mode": "QUATERNION"
      },
      "armature_space": {
        "head": {
          "x": 0.013194243423640728,
          "y": -0.07408533245325089,
          "z": 0.6514090299606323
        },
        "tail": {
          "x": 0.09731199592351913,
          "y": -0.07439273595809937,
          "z": 0.7817060947418213
        }
      },
      "world_space": {
        "head": {
          "x": 0.013194243423640728,
          "y": -0.010841332376003265,
          "z": 1.6012630462646484
        },
        "tail": {
          "x": 0.09731199592351913,
          "y": -0.011148735880851746,
          "z": 1.7315601110458374
        },
        "rotation_quaternion": {
          "w": 0.7024241089820862,
          "x": 0.6320028901100159,
          "y": 0.07489478588104248,
          "z": -0.31869053840637207
        },
        "matrix": [
          [
            0.7856531143188477,
            0.5423794984817505,
            -0.29761335253715515,
            0.013194243423640728
          ],
          [
            -0.3530477285385132,
            -0.00198209285736084,
            -0.9356035590171814,
            -0.010841332376003265
          ],
          [
            -0.5080458521842957,
            0.8401373624801636,
            0.18992909789085388,
            1.6012630462646484
          ],
          [
            0.0,
            0.0,
            0.0,
            1.0
          ]
        ]
      },
      "bone_length_armature_space": 0.1550909939805061,
      "parent": "neck_01",
      "has_children": false,
      "is_end_bone": true
    },
    "upperarm_l": {
      "name": "upperarm_l",
      "local": {
        "location": {
          "x": 0.0,
          "y": 0.0,
          "z": 0.0
        },
        "rotation_quaternion": {
          "w": 0.9059104919433594,
          "x": -0.0331592857837677,
          "y": 0.4206464886665344,
          "z": -0.03582094609737396
        },
        "scale": {
          "x": 1.0,
          "y": 1.0,
          "z": 1.0
        },
        "matrix_basis": [
          [
            0.6435467600822449,
            0.037004467099905014,
            0.7645117044448853,
            0.0
          ],
          [
            -0.09279781579971313,
            0.9952346682548523,
            0.02994277887046337,
            0.0
          ],
          [
            -0.7597605586051941,
            -0.09021460264921188,
            0.643913984298706,
            0.0
          ],
          [
            0.0,
            0.0,
            0.0,
            1.0
          ]
        ],
        "rotation_mode": "QUATERNION"
      },
      "armature_space": {
        "head": {
          "x": 0.14315302670001984,
          "y": -0.04789605364203453,
          "z": 0.49651825428009033
        },
        "tail": {
          "x": 0.41063666343688965,
          "y": -0.048298031091690063,
          "z": 0.48039504885673523
        }
      },
      "world_space": {
        "head": {
          "x": 0.14315302670001984,
          "y": 0.015347946435213089,
          "z": 1.4463722705841064
        },
        "tail": {
          "x": 0.41063666343688965,
          "y": 0.014945968985557556,
          "z": 1.4302490949630737
        },
        "rotation_quaternion": {
          "w": 0.2191460281610489,
          "x": 0.6583167314529419,
          "y": 0.6717339754104614,
          "z": -0.25955289602279663
        },
        "matrix": [
          [
            -0.037187062203884125,
            0.998187243938446,
            -0.04732350632548332,
            0.14315302670001984
          ],
          [
            0.7706674933433533,
            -0.0015000849962234497,
            -0.6372360587120056,
            0.015347946435213089
          ],
          [
            -0.6361554861068726,
            -0.06016808748245239,
            -0.7692204713821411,
            1.4463722705841064
          ],
          [
            0.0,
            0.0,
            0.0,
            1.0
          ]
        ]
      },
      "bone_length_armature_space": 0.2679694387742473,
      "parent": "spine_01",
      "has_children": true,
      "is_end_bone": false
    },
    "lowerarm_l": {
      "name": "lowerarm_l",
      "local": {
        "location": {
          "x": 0.0,
          "y": 0.0,
          "z": 0.0
        },
        "rotation_quaternion": {
          "w": 0.8860864639282227,
          "x": 0.3729110658168793,
          "y": 0.22974739968776703,
          "z": -0.151671901345253
        },
        "scale": {
          "x": 1.0,
          "y": 1.0,
          "z": 1.0
        },
        "matrix_basis": [
          [
            0.8484235405921936,
            0.4401395320892334,
            0.29403185844421387,
            0.0
          ],
          [
            -0.09743814170360565,
            0.6758659482002258,
            -0.7305553555488586,
            0.0
          ],
          [
            -0.5202723741531372,
            0.5911704301834106,
            0.6163069605827332,
            0.0
          ],
          [
            0.0,
            0.0,
            0.0,
            1.0
          ]
        ],
        "rotation_mode": "QUATERNION"
      },
      "armature_space": {
        "head": {
          "x": 0.4106367826461792,
          "y": -0.04829815775156021,
          "z": 0.4803950786590576
        },
        "tail": {
          "x": 0.5639801621437073,
          "y": -0.1085561066865921,
          "z": 0.26962319016456604
        }
      },
      "world_space": {
        "head": {
          "x": 0.4106367826461792,
          "y": 0.014945842325687408,
          "z": 1.4302490949630737
        },
        "tail": {
          "x": 0.5639801621437073,
          "y": -0.04531210660934448,
          "z": 1.2194771766662598
        },
        "rotation_quaternion": {
          "w": 0.2360655963420868,
          "x": -0.6661224365234375,
          "y": -0.5758914947509766,
          "z": 0.4109782576560974
        },
        "matrix": [
          [
            -0.001111052930355072,
            0.5731938481330872,
            -0.8194190263748169,
            0.4106367826461792
          ],
          [
            0.9612640142440796,
            -0.2252427339553833,
            -0.15886351466178894,
            0.014945842325687408
          ],
          [
            -0.2756286859512329,
            -0.7878602147102356,
            -0.550744354724884,
            1.4302490949630737
          ],
          [
            0.0,
            0.0,
            0.0,
            1.0
          ]
        ]
      },
      "bone_length_armature_space": 0.26752569997214165,
      "parent": "upperarm_l",
      "has_children": true,
      "is_end_bone": false
    },
    "metacarpal_thumb_l": {
      "name": "metacarpal_thumb_l",
      "local": {
        "location": {
          "x": 0.0,
          "y": 0.0,
          "z": 0.0
        },
        "rotation_quaternion": {
          "w": 0.999687671661377,
          "x": 0.019292401149868965,
          "y": -0.012764573097229004,
          "z": 0.009463675320148468
        },
        "scale": {
          "x": 1.0,
          "y": 1.0,
          "z": 1.0
        },
        "matrix_basis": [
          [
            0.9994950294494629,
            -0.019413957372307777,
            -0.025156019255518913,
            0.0
          ],
          [
            0.018428919836878777,
            0.9990764856338501,
            -0.038814350962638855,
            0.0
          ],
          [
            0.025886327028274536,
            0.03833115100860596,
            0.9989297389984131,
            0.0
          ],
          [
            0.0,
            0.0,
            0.0,
            1.0
          ]
        ],
        "rotation_mode": "QUATERNION"
      },
      "armature_space": {
        "head": {
          "x": 0.5639801621437073,
          "y": -0.1085561066865921,
          "z": 0.26962319016456604
        },
        "tail": {
          "x": 0.5613956451416016,
          "y": -0.111457958817482,
          "z": 0.22024184465408325
        }
      },
      "world_space": {
        "head": {
          "x": 0.5639801621437073,
          "y": -0.04531210660934448,
          "z": 1.2194771766662598
        },
        "tail": {
          "x": 0.5613956451416016,
          "y": -0.048213958740234375,
          "z": 1.1700959205627441
        },
        "rotation_quaternion": {
          "w": 0.6859778761863708,
          "x": -0.7257571816444397,
          "y": -0.011951242573559284,
          "z": 0.05067533254623413
        },
        "matrix": [
          [
            0.9945783019065857,
            -0.052176930010318756,
            -0.08995220065116882,
            0.5639801621437073
          ],
          [
            0.08687136322259903,
            -0.058583375066518784,
            0.994495689868927,
            -0.04531210660934448
          ],
          [
            -0.05715975537896156,
            -0.9969249963760376,
            -0.053732436150312424,
            1.2194771766662598
          ],
          [
            0.0,
            0.0,
            0.0,
            1.0
          ]
        ]
      },
      "bone_length_armature_space": 0.049534006113000795,
      "parent": "lowerarm_l",
      "has_children": true,
      "is_end_bone": false
    },
    "thumb_01_l": {
      "name": "thumb_01_l",
      "local": {
        "location": {
          "x": 0.0,
          "y": 0.0,
          "z": 0.0
        },
        "rotation_quaternion": {
          "w": 0.9973406791687012,
          "x": -0.07173878699541092,
          "y": 0.002145607490092516,
          "z": -0.012675948441028595
        },
        "scale": {
          "x": 1.0,
          "y": 1.0,
          "z": 1.0
        },
        "matrix_basis": [
          [
            0.9996694326400757,
            0.024976631626486778,
            0.006098517682403326,
            0.0
          ],
          [
            -0.025592325255274773,
            0.989385724067688,
            0.14304162561893463,
            0.0
          ],
          [
            -0.0024610888212919235,
            -0.1431504189968109,
            0.9896978735923767,
            0.0
          ],
          [
            0.0,
            0.0,
            0.0,
            1.0
          ]
        ],
        "rotation_mode": "QUATERNION"
      },
      "armature_space": {
        "head": {
          "x": 0.5613956451416016,
          "y": -0.111457958817482,
          "z": 0.22024184465408325
        },
        "tail": {
          "x": 0.5491986274719238,
          "y": -0.0897071361541748,
          "z": 0.19707363843917847
        }
      },
      "world_space": {
        "head": {
          "x": 0.5613956451416016,
          "y": -0.048213958740234375,
          "z": 1.1700959205627441
        },
        "tail": {
          "x": 0.5491986274719238,
          "y": -0.026463136076927185,
          "z": 1.1469275951385498
        },
        "rotation_quaternion": {
          "w": 0.5942744016647339,
          "x": -0.3960849642753601,
          "y": 0.682891845703125,
          "z": -0.15366652607917786
        },
        "matrix": [
          [
            0.02009081095457077,
            -0.3583294153213501,
            0.933379054069519,
            0.5613956451416016
          ],
          [
            -0.7236074209213257,
            0.6390050649642944,
            0.2608931064605713,
            -0.048213958740234375
          ],
          [
            -0.6899248361587524,
            -0.6806455254554749,
            -0.246453195810318,
            1.1700959205627441
          ],
          [
            0.0,
            0.0,
            0.0,
            1.0
          ]
        ]
      },
      "bone_length_armature_space": 0.03403867366483375,
      "parent": "metacarpal_thumb_l",
      "has_children": true,
      "is_end_bone": false
    },
    "thumb_02_l": {
      "name": "thumb_02_l",
      "local": {
        "location": {
          "x": 0.0,
          "y": 0.0,
          "z": 0.0
        },
        "rotation_quaternion": {
          "w": 0.9981251358985901,
          "x": 0.06120288744568825,
          "y": -0.00030034175142645836,
          "z": -0.0006479970179498196
        },
        "scale": {
          "x": 1.0,
          "y": 1.0,
          "z": 1.0
        },
        "matrix_basis": [
          [
            0.9999989867210388,
            0.0012568006059154868,
            -0.0006788758910261095,
            0.0
          ],
          [
            -0.0013303278246894479,
            0.9925075769424438,
            -0.12217589467763901,
            0.0
          ],
          [
            0.0005202387110330164,
            0.12217666953802109,
            0.9925082325935364,
            0.0
          ],
          [
            0.0,
            0.0,
            0.0,
            1.0
          ]
        ],
        "rotation_mode": "QUATERNION"
      },
      "armature_space": {
        "head": {
          "x": 0.549198567867279,
          "y": -0.0897071361541748,
          "z": 0.19707368314266205
        },
        "tail": {
          "x": 0.5685588121414185,
          "y": -0.09235677123069763,
          "z": 0.16198298335075378
        }
      },
      "world_space": {
        "head": {
          "x": 0.549198567867279,
          "y": -0.026463136076927185,
          "z": 1.1469277143478394
        },
        "tail": {
          "x": 0.5685588121414185,
          "y": -0.029112771153450012,
          "z": 1.1118370294570923
        },
        "rotation_quaternion": {
          "w": 0.4354795515537262,
          "x": -0.1355440616607666,
          "y": 0.5266613960266113,
          "z": -0.7173655033111572
        },
        "matrix": [
          [
            -0.5839685797691345,
            0.48202431201934814,
            0.653171718120575,
            0.549198567867279
          ],
          [
            -0.7675696611404419,
            -0.06596982479095459,
            -0.6375619173049927,
            -0.026463136076927185
          ],
          [
            -0.26423317193984985,
            -0.8736768364906311,
            0.408513605594635,
            1.1469277143478394
          ],
          [
            0.0,
            0.0,
            0.0,
            1.0
          ]
        ]
      },
      "bone_length_armature_space": 0.04016462191050221,
      "parent": "thumb_01_l",
      "has_children": true,
      "is_end_bone": false
    },
    "thumb_03_l": {
      "name": "thumb_03_l",
      "local": {
        "location": {
          "x": 0.0,
          "y": 0.0,
          "z": 0.0
        },
        "rotation_quaternion": {
          "w": 0.9983106851577759,
          "x": 0.05803202837705612,
          "y": 0.0005984864546917379,
          "z": -0.0028013624250888824
        },
        "scale": {
          "x": 1.0,
          "y": 1.0,
          "z": 1.0
        },
        "matrix_basis": [
          [
            0.9999836087226868,
            0.0056627229787409306,
            0.0008698133751749992,
            0.0
          ],
          [
            -0.005523797124624252,
            0.9932488799095154,
            -0.11587134003639221,
            0.0
          ],
          [
            -0.0015200882917270064,
            0.11586463451385498,
            0.993263840675354,
            0.0
          ],
          [
            0.0,
            0.0,
            0.0,
            1.0
          ]
        ],
        "rotation_mode": "QUATERNION"
      },
      "armature_space": {
        "head": {
          "x": 0.5685586929321289,
          "y": -0.09235677868127823,
          "z": 0.1619829684495926
        },
        "tail": {
          "x": 0.5914327502250671,
          "y": -0.09884555637836456,
          "z": 0.14296799898147583
        }
      },
      "world_space": {
        "head": {
          "x": 0.5685586929321289,
          "y": -0.02911277860403061,
          "z": 1.1118370294570923
        },
        "tail": {
          "x": 0.5914327502250671,
          "y": -0.03560155630111694,
          "z": 1.0928220748901367
        },
        "rotation_quaternion": {
          "w": 0.4070027470588684,
          "x": 0.13265573978424072,
          "y": 0.47726577520370483,
          "z": -0.7674430012702942
        },
        "matrix": [
          [
            -0.633501410484314,
            0.7513272762298584,
            0.1848875880241394,
            0.5685586929321289
          ],
          [
            -0.4980815351009369,
            -0.21313196420669556,
            -0.8405296206474304,
            -0.02911277860403061
          ],
          [
            -0.5921116471290588,
            -0.6245701909065247,
            0.5092442035675049,
            1.1118370294570923
          ],
          [
            0.0,
            0.0,
            0.0,
            1.0
          ]
        ]
      },
      "bone_length_armature_space": 0.03044496313250523,
      "parent": "thumb_02_l",
      "has_children": false,
      "is_end_bone": true
    },
    "metacarpal_index_l": {
      "name": "metacarpal_index_l",
      "local": {
        "location": {
          "x": 0.0,
          "y": 0.0,
          "z": 0.0
        },
        "rotation_quaternion": {
          "w": 0.9971849322319031,
          "x": -0.07290448993444443,
          "y": 0.0009286412969231606,
          "z": 0.017503483220934868
        },
        "scale": {
          "x": 1.0,
          "y": 1.0,
          "z": 1.0
        },
        "matrix_basis": [
          [
            0.9993855357170105,
            -0.03504382446408272,
            -0.0007001108024269342,
            0.0
          ],
          [
            0.03477301448583603,
            0.9887571334838867,
            0.1454310268163681,
            0.0
          ],
          [
            -0.0044042193330824375,
            -0.14536601305007935,
            0.9893681406974792,
            0.0
          ],
          [
            0.0,
            0.0,
            0.0,
            1.0
          ]
        ],
        "rotation_mode": "QUATERNION"
      },
      "armature_space": {
        "head": {
          "x": 0.5639801621437073,
          "y": -0.1085561066865921,
          "z": 0.26962319016456604
        },
        "tail": {
          "x": 0.6047482490539551,
          "y": -0.14860376715660095,
          "z": 0.16733181476593018
        }
      },
      "world_space": {
        "head": {
          "x": 0.5639801621437073,
          "y": -0.04531210660934448,
          "z": 1.2194771766662598
        },
        "tail": {
          "x": 0.6047482490539551,
          "y": -0.08535976707935333,
          "z": 1.1171858310699463
        },
        "rotation_quaternion": {
          "w": 0.48807603120803833,
          "x": -0.8067033290863037,
          "y": -0.30147773027420044,
          "z": 0.1418551802635193
        },
        "matrix": [
          [
            0.7779756188392639,
            0.3479342460632324,
            -0.523159384727478,
            0.5639801621437073
          ],
          [
            0.624879777431488,
            -0.3417859673500061,
            0.7019317150115967,
            -0.04531210660934448
          ],
          [
            0.06541866064071655,
            -0.8730037808418274,
            -0.48332083225250244,
            1.2194771766662598
          ],
          [
            0.0,
            0.0,
            0.0,
            1.0
          ]
        ]
      },
      "bone_length_armature_space": 0.11717242650602215,
      "parent": "lowerarm_l",
      "has_children": true,
      "is_end_bone": false
    },
    "index_01_l": {
      "name": "index_01_l",
      "local": {
        "location": {
          "x": 0.0,
          "y": 0.0,
          "z": 0.0
        },
        "rotation_quaternion": {
          "w": 0.9966409206390381,
          "x": -0.08146418631076813,
          "y": 0.008358290418982506,
          "z": -0.0008751811692491174
        },
        "scale": {
          "x": 1.0,
          "y": 1.0,
          "z": 1.0
        },
        "matrix_basis": [
          [
            0.9998587369918823,
            0.0003826800675597042,
            0.016803020611405373,
            0.0
          ],
          [
            -0.0031062853522598743,
            0.9867256283760071,
            0.16236644983291626,
            0.0
          ],
          [
            -0.01651783660054207,
            -0.16239571571350098,
            0.9865874648094177,
            0.0
          ],
          [
            0.0,
            0.0,
            0.0,
            1.0
          ]
        ],
        "rotation_mode": "QUATERNION"
      },
      "armature_space": {
        "head": {
          "x": 0.6047482490539551,
          "y": -0.14860376715660095,
          "z": 0.16733181476593018
        },
        "tail": {
          "x": 0.625346839427948,
          "y": -0.15730753540992737,
          "z": 0.14963951706886292
        }
      },
      "world_space": {
        "head": {
          "x": 0.6047482490539551,
          "y": -0.08535976707935333,
          "z": 1.1171858310699463
        },
        "tail": {
          "x": 0.625346839427948,
          "y": -0.09406353533267975,
          "z": 1.0994935035705566
        },
        "rotation_quaternion": {
          "w": 0.3964166045188904,
          "x": -0.8075315952301025,
          "y": -0.4361569285392761,
          "z": -0.022667618468403816
        },
        "matrix": [
          [
            0.6185053586959839,
            0.7223928570747375,
            -0.30919235944747925,
            0.6047482490539551
          ],
          [
            0.6864516139030457,
            -0.3052412271499634,
            0.6600094437599182,
            -0.08535976707935333
          ],
          [
            0.3824112117290497,
            -0.6204695105552673,
            -0.6846850514411926,
            1.1171858310699463
          ],
          [
            0.0,
            0.0,
            0.0,
            1.0
          ]
        ]
      },
      "bone_length_armature_space": 0.028514468340244715,
      "parent": "metacarpal_index_l",
      "has_children": true,
      "is_end_bone": false
    },
    "index_02_l": {
      "name": "index_02_l",
      "local": {
        "location": {
          "x": 0.0,
          "y": 0.0,
          "z": 0.0
        },
        "rotation_quaternion": {
          "w": 0.9992840886116028,
          "x": 0.03653876110911369,
          "y": -0.00952581875026226,
          "z": -0.0023834656458348036
        },
        "scale": {
          "x": 1.0,
          "y": 1.0,
          "z": 1.0
        },
        "matrix_basis": [
          [
            0.9998071789741516,
            0.004067395348101854,
            -0.01921217516064644,
            0.0
          ],
          [
            -0.0054596420377492905,
            0.9973184466362,
            -0.07297979295253754,
            0.0
          ],
          [
            0.018863819539546967,
            0.07307061553001404,
            0.997148334980011,
            0.0
          ],
          [
            0.0,
            0.0,
            0.0,
            1.0
          ]
        ],
        "rotation_mode": "QUATERNION"
      },
      "armature_space": {
        "head": {
          "x": 0.625346839427948,
          "y": -0.15730759501457214,
          "z": 0.14963896572589874
        },
        "tail": {
          "x": 0.644030749797821,
          "y": -0.1639397293329239,
          "z": 0.13335952162742615
        }
      },
      "world_space": {
        "head": {
          "x": 0.625346839427948,
          "y": -0.09406359493732452,
          "z": 1.0994930267333984
        },
        "tail": {
          "x": 0.644030749797821,
          "y": -0.10069572925567627,
          "z": 1.0832135677337646
        },
        "rotation_quaternion": {
          "w": 0.3919776678085327,
          "x": -0.7931436896324158,
          "y": -0.4659270942211151,
          "z": 0.013737575151026249
        },
        "matrix": [
          [
            0.5654448866844177,
            0.7283245921134949,
            -0.3870600461959839,
            0.625346839427948
          ],
          [
            0.7498660087585449,
            -0.2585300803184509,
            0.6089857816696167,
            -0.09406359493732452
          ],
          [
            0.3434758186340332,
            -0.6345956325531006,
            -0.6923344731330872,
            1.0994930267333984
          ],
          [
            0.0,
            0.0,
            0.0,
            1.0
          ]
        ]
      },
      "bone_length_armature_space": 0.02565334312498379,
      "parent": "index_01_l",
      "has_children": true,
      "is_end_bone": false
    },
    "index_03_l": {
      "name": "index_03_l",
      "local": {
        "location": {
          "x": 0.0,
          "y": 0.0,
          "z": 0.0
        },
        "rotation_quaternion": {
          "w": 0.999936044216156,
          "x": 0.0052114445716142654,
          "y": 0.00987508799880743,
          "z": 0.0018214229494333267
        },
        "scale": {
          "x": 1.0,
          "y": 1.0,
          "z": 1.0
        },
        "matrix_basis": [
          [
            0.9997983574867249,
            -0.003539685858413577,
            0.019767897203564644,
            0.0
          ],
          [
            0.0037455398123711348,
            0.9999390244483948,
            -0.010386249050498009,
            0.0
          ],
          [
            -0.01972992904484272,
            0.010458195582032204,
            0.9997506737709045,
            0.0
          ],
          [
            0.0,
            0.0,
            0.0,
            1.0
          ]
        ],
        "rotation_mode": "QUATERNION"
      },
      "armature_space": {
        "head": {
          "x": 0.6440308094024658,
          "y": -0.16393984854221344,
          "z": 0.1333596110343933
        },
        "tail": {
          "x": 0.665461003780365,
          "y": -0.1677449494600296,
          "z": 0.11386587470769882
        }
      },
      "world_space": {
        "head": {
          "x": 0.6440308094024658,
          "y": -0.10069584846496582,
          "z": 1.0832135677337646
        },
        "tail": {
          "x": 0.665461003780365,
          "y": -0.10450094938278198,
          "z": 1.0637198686599731
        },
        "rotation_quaternion": {
          "w": 0.453109472990036,
          "x": -0.7516002655029297,
          "y": -0.4791419208049774,
          "z": -0.01455981470644474
        },
        "matrix": [
          [
            0.5404200553894043,
            0.7334408164024353,
            -0.4123236835002899,
            0.6440308094024658
          ],
          [
            0.7070546746253967,
            -0.13022848963737488,
            0.6950645446777344,
            -0.10069584846496582
          ],
          [
            0.45609626173973083,
            -0.6671668887138367,
            -0.5889641642570496,
            1.0832135677337646
          ],
          [
            0.0,
            0.0,
            0.0,
            1.0
          ]
        ]
      },
      "bone_length_armature_space": 0.02921879144434811,
      "parent": "index_02_l",
      "has_children": false,
      "is_end_bone": true
    },
    "metacarpal_pinky_l": {
      "name": "metacarpal_pinky_l",
      "local": {
        "location": {
          "x": 0.0,
          "y": 0.0,
          "z": 0.0
        },
        "rotation_quaternion": {
          "w": 0.9997620582580566,
          "x": 0.016290487721562386,
          "y": -0.007062745280563831,
          "z": 0.012672673910856247
        },
        "scale": {
          "x": 1.0,
          "y": 1.0,
          "z": 1.0
        },
        "matrix_basis": [
          [
            0.9995790123939514,
            -0.025569427758455276,
            -0.013709241524338722,
            0.0
          ],
          [
            0.02510920539498329,
            0.9991480708122253,
            -0.032752230763435364,
            0.0
          ],
          [
            0.014535017311573029,
            0.03239421546459198,
            0.9993695020675659,
            0.0
          ],
          [
            0.0,
            0.0,
            0.0,
            1.0
          ]
        ],
        "rotation_mode": "QUATERNION"
      },
      "armature_space": {
        "head": {
          "x": 0.5639801621437073,
          "y": -0.1085561066865921,
          "z": 0.26962319016456604
        },
        "tail": {
          "x": 0.6477168202400208,
          "y": -0.12878037989139557,
          "z": 0.21112173795700073
        }
      },
      "world_space": {
        "head": {
          "x": 0.5639801621437073,
          "y": -0.04531210660934448,
          "z": 1.2194771766662598
        },
        "tail": {
          "x": 0.6477168202400208,
          "y": -0.06553637981414795,
          "z": 1.160975694656372
        },
        "rotation_quaternion": {
          "w": 0.2852783203125,
          "x": 0.36696678400039673,
          "y": 0.5670162439346313,
          "z": -0.6800326108932495
        },
        "matrix": [
          [
            -0.5679037570953369,
            0.8041490316390991,
            -0.17558372020721436,
            0.5639801621437073
          ],
          [
            0.028151873499155045,
            -0.1942199319601059,
            -0.9805542230606079,
            -0.04531210660934448
          ],
          [
            -0.8226191997528076,
            -0.5618075728416443,
            0.08765947818756104,
            1.2194771766662598
          ],
          [
            0.0,
            0.0,
            0.0,
            1.0
          ]
        ]
      },
      "bone_length_armature_space": 0.10413101956631445,
      "parent": "lowerarm_l",
      "has_children": true,
      "is_end_bone": false
    },
    "pinky_01_l": {
      "name": "pinky_01_l",
      "local": {
        "location": {
          "x": 0.0,
          "y": 0.0,
          "z": 0.0
        },
        "rotation_quaternion": {
          "w": 0.9977614283561707,
          "x": -0.06405448168516159,
          "y": 0.012460489757359028,
          "z": -0.014628025703132153
        },
        "scale": {
          "x": 1.0,
          "y": 1.0,
          "z": 1.0
        },
        "matrix_basis": [
          [
            0.9992614984512329,
            0.02759425900876522,
            0.026739172637462616,
            0.0
          ],
          [
            -0.03078686073422432,
            0.9913660883903503,
            0.1274576336145401,
            0.0
          ],
          [
            -0.022991210222244263,
            -0.12818673253059387,
            0.9914835095405579,
            0.0
          ],
          [
            0.0,
            0.0,
            0.0,
            1.0
          ]
        ],
        "rotation_mode": "QUATERNION"
      },
      "armature_space": {
        "head": {
          "x": 0.6477168202400208,
          "y": -0.12878037989139557,
