{
  "metadata": {
    "armature_name": "KIM_caucasian_male",
    "export_time": "2026-01-13T19:11:53.856479",
    "blender_version": "4.4.1",
    "bone_count": 56,
    "end_bone_count": 13,
    "spaces_included": [
      "LOCAL_CHANNELS",
      "ARMATURE_SPACE",
      "WORLD_SPACE"
    ],
    "note": "LOCAL matches Transform panel; replay pose via local.matrix_basis for best fidelity."
  },
  "bones": {
    "Root": {
      "name": "Root",
      "local": {
        "location": {
          "x": 0.0,
          "y": 0.0,
          "z": 0.0
        },
        "rotation_quaternion": {
          "w": 0.9997584223747253,
          "x": 0.018782759085297585,
          "y": -0.005160228814929724,
          "z": -0.010181044228374958
        },
        "scale": {
          "x": 1.0,
          "y": 1.0,
          "z": 1.0
        },
        "matrix_basis": [
          [
            0.999739408493042,
            0.020163321867585182,
            -0.01070042047649622,
            0.0
          ],
          [
            -0.020551016554236412,
            0.9990870952606201,
            -0.03745137155056,
            0.0
          ],
          [
            0.009935508482158184,
            0.037661515176296234,
            0.9992411732673645,
            0.0
          ],
          [
            0.0,
            0.0,
            0.0,
            1.0
          ]
        ],
        "rotation_mode": "QUATERNION"
      },
      "armature_space": {
        "head": {
          "x": 0.0,
          "y": 0.07072800397872925,
          "z": -0.009595036506652832
        },
        "tail": {
          "x": 0.0014391746371984482,
          "y": -0.0002967938780784607,
          "z": -0.0026725023053586483
        }
      },
      "world_space": {
        "head": {
          "x": 0.0,
          "y": 0.13397200405597687,
          "z": 0.9402589797973633
        },
        "tail": {
          "x": 0.0014391746371984482,
          "y": 0.06294720619916916,
          "z": 0.9471815228462219
        },
        "rotation_quaternion": {
          "w": 0.04861129820346832,
          "x": 0.9987525343894958,
          "y": 0.009810281917452812,
          "z": -0.005834381096065044
        },
        "matrix": [
          [
            0.999739408493042,
            0.020163321867585182,
            -0.01070042047649622,
            0.0
          ],
          [
            0.01902884989976883,
            -0.99508136510849,
            -0.09721624851226807,
            0.13397200405597687
          ],
          [
            -0.012608062475919724,
            0.0969870388507843,
            -0.9952127933502197,
            0.9402589797973633
          ],
          [
            0.0,
            0.0,
            0.0,
            1.0
          ]
        ]
      },
      "bone_length_armature_space": 0.07137586754040841,
      "parent": null,
      "has_children": true,
      "is_end_bone": false
    },
    "spine_01": {
      "name": "spine_01",
      "local": {
        "location": {
          "x": 0.0,
          "y": 0.0,
          "z": 0.0
        },
        "rotation_quaternion": {
          "w": 0.9981476664543152,
          "x": -0.024161439388990402,
          "y": -0.04480119049549103,
          "z": -0.03332241624593735
        },
        "scale": {
          "x": 1.0,
          "y": 1.0,
          "z": 1.0
        },
        "matrix_basis": [
          [
            0.9937649369239807,
            0.06868630647659302,
            -0.08782617002725601,
            0.0
          ],
          [
            -0.06435646116733551,
            0.9966116547584534,
            0.05121913552284241,
            0.0
          ],
          [
            0.09104664623737335,
            -0.045247599482536316,
            0.9948181509971619,
            0.0
          ],
          [
            0.0,
            0.0,
            0.0,
            1.0
          ]
        ],
        "rotation_mode": "QUATERNION"
      },
      "armature_space": {
        "head": {
          "x": 0.0014391746371984482,
          "y": -0.0002967938780784607,
          "z": -0.0026725023053586483
        },
        "tail": {
          "x": 0.04057333618402481,
          "y": 0.02694152481853962,
          "z": 0.48299726843833923
        }
      },
      "world_space": {
        "head": {
          "x": 0.0014391746371984482,
          "y": 0.06294720619916916,
          "z": 0.9471815228462219
        },
        "tail": {
          "x": 0.04057333618402481,
          "y": 0.09018552303314209,
          "z": 1.4328513145446777
        },
        "rotation_quaternion": {
          "w": 0.7265675663948059,
          "x": 0.6850723624229431,
          "y": 0.0027291278820484877,
          "z": -0.0526127815246582
        },
        "matrix": [
          [
            0.9944487810134888,
            0.08019275218248367,
            -0.06812183558940887,
            0.0014391746371984482
          ],
          [
            -0.07271473854780197,
            0.05581608787178993,
            -0.9957897067070007,
            0.06294720619916916
          ],
          [
            -0.07605341821908951,
            0.9952223896980286,
            0.061336953192949295,
            0.9471815228462219
          ],
          [
            0.0,
            0.0,
            0.0,
            1.0
          ]
        ]
      },
      "bone_length_armature_space": 0.48800463446751263,
      "parent": "Root",
      "has_children": true,
      "is_end_bone": false
    },
    "neck_01": {
      "name": "neck_01",
      "local": {
        "location": {
          "x": 0.0,
          "y": 0.0,
          "z": 0.0
        },
        "rotation_quaternion": {
          "w": 0.9928183555603027,
          "x": -0.0401226207613945,
          "y": 0.03325571492314339,
          "z": -0.10768454521894455
        },
        "scale": {
          "x": 1.0,
          "y": 1.0,
          "z": 1.0
        },
        "matrix_basis": [
          [
            0.9745962023735046,
            0.2111537754535675,
            0.07467494159936905,
            0.0
          ],
          [
            -0.2164909988641739,
            0.9735884070396423,
            0.07250669598579407,
            0.0
          ],
          [
            -0.05739259719848633,
            -0.08683120459318161,
            0.9945684671401978,
            0.0
          ],
          [
            0.0,
            0.0,
            0.0,
            1.0
          ]
        ],
        "rotation_mode": "QUATERNION"
      },
      "armature_space": {
        "head": {
          "x": 0.04408242926001549,
          "y": -0.0035061314702033997,
          "z": 0.5579930543899536
        },
        "tail": {
          "x": 0.07127514481544495,
          "y": -0.02933431975543499,
          "z": 0.6534090042114258
        }
      },
      "world_space": {
        "head": {
          "x": 0.04408242926001549,
          "y": 0.05973786860704422,
          "z": 1.5078470706939697
        },
        "tail": {
          "x": 0.07127514481544495,
          "y": 0.03390967845916748,
          "z": 1.603263020515442
        },
        "rotation_quaternion": {
          "w": 0.6031904816627502,
          "x": 0.7862430214881897,
          "y": 0.10097593814134598,
          "z": -0.08824425935745239
        },
        "matrix": [
          [
            0.9640335440635681,
            0.2652395963668823,
            -0.01694600284099579,
            0.04408242926001549
          ],
          [
            0.0523284412920475,
            -0.2519298791885376,
            -0.96632981300354,
            0.05973786860704422
          ],
          [
            -0.2605798542499542,
            0.9306936860084534,
            -0.2567511796951294,
            1.5078470706939697
          ],
          [
            0.0,
            0.0,
            0.0,
            1.0
          ]
        ]
      },
      "bone_length_armature_space": 0.10252191224179431,
      "parent": "spine_01",
      "has_children": true,
      "is_end_bone": false
    },
    "head": {
      "name": "head",
      "local": {
        "location": {
          "x": 0.0,
          "y": 0.0,
          "z": 0.0
        },
        "rotation_quaternion": {
          "w": 0.9888935089111328,
          "x": -0.05431057885289192,
          "y": -0.014567322097718716,
          "z": -0.1375785917043686
        },
        "scale": {
          "x": 1.0,
          "y": 1.0,
          "z": 1.0
        },
        "matrix_basis": [
          [
            0.9617198705673218,
            0.27368345856666565,
            -0.013867114670574665,
            0.0
          ],
          [
            -0.27051883935928345,
            0.9562450051307678,
            0.111423060297966,
            0.0
          ],
          [
            0.04375500604510307,
            -0.10340645164251328,
            0.9936763048171997,
            0.0
          ],
          [
            0.0,
            0.0,
            0.0,
            1.0
          ]
        ],
        "rotation_mode": "QUATERNION"
      },
      "armature_space": {
        "head": {
          "x": 0.07127512246370316,
          "y": -0.029334452003240585,
          "z": 0.6534088850021362
        },
        "tail": {
          "x": 0.148467555642128,
          "y": 0.005641676485538483,
          "z": 0.783298134803772
        }
      },
      "world_space": {
        "head": {
          "x": 0.07127512246370316,
          "y": 0.033909548074007034,
          "z": 1.6032629013061523
        },
        "tail": {
          "x": 0.148467555642128,
          "y": 0.0688856765627861,
          "z": 1.733152151107788
        },
        "rotation_quaternion": {
          "w": 0.757608950138092,
          "x": 0.5977262854576111,
          "y": 0.19694878160953522,
          "z": -0.17309920489788055
        },
        "matrix": [
          [
            0.8624958992004395,
            0.4977259933948517,
            0.09148652106523514,
            0.07127512246370316
          ],
          [
            -0.02684289962053299,
            0.22552119195461273,
            -0.9738685488700867,
            0.033909548074007034
          ],
          [
            -0.5053553581237793,
            0.8375078439712524,
            0.2078719288110733,
            1.6032629013061523
          ],
          [
            0.0,
            0.0,
            0.0,
            1.0
          ]
        ]
      },
      "bone_length_armature_space": 0.15509100196630632,
      "parent": "neck_01",
      "has_children": false,
      "is_end_bone": true
    },
    "upperarm_l": {
      "name": "upperarm_l",
      "local": {
        "location": {
          "x": 0.0,
          "y": 0.0,
          "z": 0.0
        },
        "rotation_quaternion": {
          "w": 0.874260425567627,
          "x": 0.21814969182014465,
          "y": 0.38028472661972046,
          "z": 0.20847778022289276
        },
        "scale": {
          "x": 1.0,
          "y": 1.0,
          "z": 1.0
        },
        "matrix_basis": [
          [
            0.6238411068916321,
            -0.19860975444316864,
            0.7558944821357727,
            0.0
          ],
          [
            0.5304457545280457,
            0.8178954720497131,
            -0.22287745773792267,
            0.0
          ],
          [
            -0.5739770531654358,
            0.5400010943412781,
            0.6155884861946106,
            0.0
          ],
          [
            0.0,
            0.0,
            0.0,
            1.0
          ]
        ],
        "rotation_mode": "QUATERNION"
      },
      "armature_space": {
        "head": {
          "x": 0.18764294683933258,
          "y": -0.021340318024158478,
          "z": 0.4798940420150757
        },
        "tail": {
          "x": 0.40638649463653564,
          "y": -0.17192202806472778,
          "z": 0.5157272815704346
        }
      },
      "world_space": {
        "head": {
          "x": 0.18764294683933258,
          "y": 0.04190368205308914,
          "z": 1.4297480583190918
        },
        "tail": {
          "x": 0.40638649463653564,
          "y": -0.10867802798748016,
          "z": 1.4655812978744507
        },
        "rotation_quaternion": {
          "w": 0.23016293346881866,
          "x": 0.8296067118644714,
          "y": 0.4075000286102295,
          "z": -0.3045021593570709
        },
        "matrix": [
          [
            0.4824439287185669,
            0.8163004517555237,
            -0.3176499009132385,
            0.18764294683933258
          ],
          [
            0.5359596014022827,
            -0.5619361996650696,
            -0.6300596594810486,
            0.04190368205308914
          ],
          [
            -0.6928213238716125,
            0.13372135162353516,
            -0.7086122632026672,
            1.4297480583190918
          ],
          [
            0.0,
            0.0,
            0.0,
            1.0
          ]
        ]
      },
      "bone_length_armature_space": 0.2679694250869171,
      "parent": "spine_01",
      "has_children": true,
      "is_end_bone": false
    },
    "lowerarm_l": {
      "name": "lowerarm_l",
      "local": {
        "location": {
          "x": 0.0,
          "y": 0.0,
          "z": 0.0
        },
        "rotation_quaternion": {
          "w": 0.9971410036087036,
          "x": 0.0191474799066782,
          "y": -0.06119968742132187,
          "z": 0.039974939078092575
        },
        "scale": {
          "x": 1.0,
          "y": 1.0,
          "z": 1.0
        },
        "matrix_basis": [
          [
            0.9893131852149963,
            -0.08206494152545929,
            -0.12051859498023987,
            0.0
          ],
          [
            0.07737766206264496,
            0.9960707426071167,
            -0.043078381568193436,
            0.0
          ],
          [
            0.12358027696609497,
            0.03329256549477577,
            0.9917759299278259,
            0.0
          ],
          [
            0.0,
            0.0,
            0.0,
            1.0
          ]
        ],
        "rotation_mode": "QUATERNION"
      },
      "armature_space": {
        "head": {
          "x": 0.40638649463653564,
          "y": -0.17192219197750092,
          "z": 0.5157273411750793
        },
        "tail": {
          "x": 0.5882881879806519,
          "y": -0.36433178186416626,
          "z": 0.5539330840110779
        }
      },
      "world_space": {
        "head": {
          "x": 0.40638649463653564,
          "y": -0.1086781919002533,
          "z": 1.4655814170837402
        },
        "tail": {
          "x": 0.5882881879806519,
          "y": -0.30108779668807983,
          "z": 1.5037870407104492
        },
        "rotation_quaternion": {
          "w": 0.23704656958580017,
          "x": 0.8232541084289551,
          "y": 0.29016783833503723,
          "z": -0.42645564675331116
        },
        "matrix": [
          [
            0.4678761959075928,
            0.6799439787864685,
            -0.5645953416824341,
            0.40638649463653564
          ],
          [
            0.27558434009552,
            -0.7192223072052002,
            -0.6377873420715332,
            -0.1086781919002533
          ],
          [
            -0.8397349119186401,
            0.14281214773654938,
            -0.5238932371139526,
            1.4655814170837402
          ],
          [
            0.0,
            0.0,
            0.0,
            1.0
          ]
        ]
      },
      "bone_length_armature_space": 0.26752449480583407,
      "parent": "upperarm_l",
      "has_children": true,
      "is_end_bone": false
    },
    "metacarpal_thumb_l": {
      "name": "metacarpal_thumb_l",
      "local": {
        "location": {
          "x": 0.0,
          "y": 0.0,
          "z": 0.0
        },
        "rotation_quaternion": {
          "w": 0.9995975494384766,
          "x": -0.0243346206843853,
          "y": 0.0074477605521678925,
          "z": 0.012534847483038902
        },
        "scale": {
          "x": 1.0,
          "y": 1.0,
          "z": 1.0
        },
        "matrix_basis": [
          [
            0.9995748400688171,
            -0.02542208321392536,
            0.014279465191066265,
            0.0
          ],
          [
            0.02469712868332863,
            0.9985014200210571,
            0.048836369067430496,
            0.0
          ],
          [
            -0.01549958810210228,
            -0.048462942242622375,
            0.998704731464386,
            0.0
          ],
          [
            0.0,
            0.0,
            0.0,
            1.0
          ]
        ],
        "rotation_mode": "QUATERNION"
      },
      "armature_space": {
        "head": {
          "x": 0.5882881879806519,
          "y": -0.36433178186416626,
          "z": 0.5539330840110779
        },
        "tail": {
          "x": 0.6006103157997131,
          "y": -0.4096197187900543,
          "z": 0.5380977988243103
        }
      },
      "world_space": {
        "head": {
          "x": 0.5882881879806519,
          "y": -0.30108779668807983,
          "z": 1.5037870407104492
        },
        "tail": {
          "x": 0.6006103157997131,
          "y": -0.3463757038116455,
          "z": 1.4879517555236816
        },
        "rotation_quaternion": {
          "w": 0.18779009580612183,
          "x": -0.9532713294029236,
          "y": -0.08713188767433167,
          "z": -0.22003799676895142
        },
        "matrix": [
          [
            0.8879827260971069,
            0.2487623691558838,
            0.38678643107414246,
            0.5882881879806519
          ],
          [
            0.08347929269075394,
            -0.9142858386039734,
            0.39637401700019836,
            -0.30108779668807983
          ],
          [
            0.4522396922111511,
            -0.31968778371810913,
            -0.8326422572135925,
            1.5037870407104492
          ],
          [
            0.0,
            0.0,
            0.0,
            1.0
          ]
        ]
      },
      "bone_length_armature_space": 0.04953370870954381,
      "parent": "lowerarm_l",
      "has_children": true,
      "is_end_bone": false
    },
    "thumb_01_l": {
      "name": "thumb_01_l",
      "local": {
        "location": {
          "x": 0.0,
          "y": 0.0,
          "z": 0.0
        },
        "rotation_quaternion": {
          "w": 0.9997326135635376,
          "x": -0.023005012422800064,
          "y": -0.002237070817500353,
          "z": -0.0007775328122079372
        },
        "scale": {
          "x": 1.0,
          "y": 1.0,
          "z": 1.0
        },
        "matrix_basis": [
          [
            0.9999887943267822,
            0.0016575774643570185,
            -0.004437170922756195,
            0.0
          ],
          [
            -0.0014517221134155989,
            0.9989403486251831,
            0.04600119963288307,
            0.0
          ],
          [
            0.004508719779551029,
            -0.045994244515895844,
            0.9989315271377563,
            0.0
          ],
          [
            0.0,
            0.0,
            0.0,
            1.0
          ]
        ],
        "rotation_mode": "QUATERNION"
      },
      "armature_space": {
        "head": {
          "x": 0.6006103157997131,
          "y": -0.4096197187900543,
          "z": 0.5380977988243103
        },
        "tail": {
          "x": 0.6108188629150391,
          "y": -0.42061203718185425,
          "z": 0.5075430274009705
        }
      },
      "world_space": {
        "head": {
          "x": 0.6006103157997131,
          "y": -0.3463757038116455,
          "z": 1.4879517555236816
        },
        "tail": {
          "x": 0.6108188629150391,
          "y": -0.3573680520057678,
          "z": 1.4573969841003418
        },
        "rotation_quaternion": {
          "w": 0.47756803035736084,
          "x": -0.4859379529953003,
          "y": 0.33235493302345276,
          "z": -0.652175784111023
        },
        "matrix": [
          [
            -0.0715852826833725,
            0.29991042613983154,
            0.9512776732444763,
            0.6006103157997131
          ],
          [
            -0.9459245204925537,
            -0.3229369819164276,
            0.03063054382801056,
            -0.3463757038116455
          ],
          [
            0.3163905441761017,
            -0.8976510763168335,
            0.3068124055862427,
            1.4879517555236816
          ],
          [
            0.0,
            0.0,
            0.0,
            1.0
          ]
        ]
      },
      "bone_length_armature_space": 0.03403879507780638,
      "parent": "metacarpal_thumb_l",
      "has_children": true,
      "is_end_bone": false
    },
    "thumb_02_l": {
      "name": "thumb_02_l",
      "local": {
        "location": {
          "x": 0.0,
          "y": 0.0,
          "z": 0.0
        },
        "rotation_quaternion": {
          "w": 0.9968631267547607,
          "x": 0.0789920836687088,
          "y": -0.0045709870755672455,
          "z": -0.0018323041731491685
        },
        "scale": {
          "x": 1.0,
          "y": 1.0,
          "z": 1.0
        },
        "matrix_basis": [
          [
            0.9999514818191528,
            0.0029309692326933146,
            -0.009402772411704063,
            0.0
          ],
          [
            -0.004375256597995758,
            0.9875137805938721,
            -0.15747183561325073,
            0.0
          ],
          [
            0.008823822252452374,
            0.1575053483247757,
            0.9874787330627441,
            0.0
          ],
          [
            0.0,
            0.0,
            0.0,
            1.0
          ]
        ],
        "rotation_mode": "QUATERNION"
      },
      "armature_space": {
        "head": {
          "x": 0.6108188033103943,
          "y": -0.42061200737953186,
          "z": 0.5075430274009705
        },
        "tail": {
          "x": 0.6382393836975098,
          "y": -0.4496707022190094,
          "z": 0.5116519927978516
        }
      },
      "world_space": {
        "head": {
          "x": 0.6108188033103943,
          "y": -0.35736799240112305,
          "z": 1.4573969841003418
        },
        "tail": {
          "x": 0.6382393836975098,
          "y": -0.3864266872406006,
          "z": 1.4615060091018677
        },
        "rotation_quaternion": {
          "w": 0.3651999235153198,
          "x": -0.03739629313349724,
          "y": -0.06987092643976212,
          "z": -0.9275497794151306
        },
        "matrix": [
          [
            -0.7304611802101135,
            0.6827079057693481,
            0.018339917063713074,
            0.6108188033103943
          ],
          [
            -0.672256350517273,
            -0.7234938740730286,
            0.1569322794675827,
            -0.35736799240112305
          ],
          [
            0.12040791660547256,
            0.10230385512113571,
            0.9874462485313416,
            1.4573969841003418
          ],
          [
            0.0,
            0.0,
            0.0,
            1.0
          ]
        ]
      },
      "bone_length_armature_space": 0.040164406744981083,
      "parent": "thumb_01_l",
      "has_children": true,
      "is_end_bone": false
    },
    "thumb_03_l": {
      "name": "thumb_03_l",
      "local": {
        "location": {
          "x": 0.0,
          "y": 0.0,
          "z": 0.0
        },
        "rotation_quaternion": {
          "w": 0.9990077614784241,
          "x": 0.043130237609148026,
          "y": -0.009480426087975502,
          "z": -0.005787143483757973
        },
        "scale": {
          "x": 1.0,
          "y": 1.0,
          "z": 1.0
        },
        "matrix_basis": [
          [
            0.9997532367706299,
            0.010745016857981682,
            -0.019441239535808563,
            0.0
          ],
          [
            -0.012380588799715042,
            0.9962126016616821,
            -0.08606515824794769,
            0.0
          ],
          [
            0.01844283752143383,
            0.08628461509943008,
            0.9960998296737671,
            0.0
          ],
          [
            0.0,
            0.0,
            0.0,
            1.0
          ]
        ],
        "rotation_mode": "QUATERNION"
      },
      "armature_space": {
        "head": {
          "x": 0.6382392644882202,
          "y": -0.4496707022190094,
          "z": 0.5116519331932068
        },
        "tail": {
          "x": 0.660406231880188,
          "y": -0.4661458134651184,
          "z": 0.5244616270065308
        }
      },
      "world_space": {
        "head": {
          "x": 0.6382392644882202,
          "y": -0.3864266872406006,
          "z": 1.4615058898925781
        },
        "tail": {
          "x": 0.660406231880188,
          "y": -0.402901828289032,
          "z": 1.4743156433105469
        },
        "rotation_quaternion": {
          "w": 0.45589756965637207,
          "x": 0.18491268157958984,
          "y": -0.1469167023897171,
          "z": -0.8581260442733765
        },
        "matrix": [
          [
            -0.5159288048744202,
            0.7281020879745483,
            -0.4513145983219147,
            0.6382392644882202
          ],
          [
            -0.8367689251899719,
            -0.5411452651023865,
            0.08354245126247406,
            -0.3864266872406006
          ],
          [
            -0.18340149521827698,
            0.4207504987716675,
            0.8884522318840027,
            1.4615058898925781
          ],
          [
            0.0,
            0.0,
            0.0,
            1.0
          ]
        ]
      },
      "bone_length_armature_space": 0.03044490099576025,
      "parent": "thumb_02_l",
      "has_children": false,
      "is_end_bone": true
    },
    "metacarpal_index_l": {
      "name": "metacarpal_index_l",
      "local": {
        "location": {
          "x": 0.0,
          "y": 0.0,
          "z": 0.0
        },
        "rotation_quaternion": {
          "w": 0.9986917972564697,
          "x": -0.04888160526752472,
          "y": 0.012304827570915222,
          "z": -0.008597095496952534
        },
        "scale": {
          "x": 1.0,
          "y": 1.0,
          "z": 1.0
        },
        "matrix_basis": [
          [
            0.999549388885498,
            0.01596873812377453,
            0.025417940691113472,
            0.0
          ],
          [
            -0.01837465725839138,
            0.9950733780860901,
            0.0974237471818924,
            0.0
          ],
          [
            -0.0237369816750288,
            -0.09784688800573349,
            0.9949183464050293,
            0.0
          ],
          [
            0.0,
            0.0,
            0.0,
            1.0
          ]
        ],
        "rotation_mode": "QUATERNION"
      },
      "armature_space": {
        "head": {
          "x": 0.5882881879806519,
          "y": -0.36433178186416626,
          "z": 0.5539330840110779
        },
        "tail": {
          "x": 0.6488358974456787,
          "y": -0.4645831882953644,
          "z": 0.5575171113014221
        }
      },
      "world_space": {
        "head": {
          "x": 0.5882881879806519,
          "y": -0.30108779668807983,
          "z": 1.5037870407104492
        },
        "tail": {
          "x": 0.6488358974456787,
          "y": -0.40133917331695557,
          "z": 1.507371187210083
        },
        "rotation_quaternion": {
          "w": 0.01804484613239765,
          "x": 0.9631906747817993,
          "y": 0.2680998146533966,
          "z": -0.007783118169754744
        },
        "matrix": [
          [
            0.8561238646507263,
            0.5167431831359863,
            -0.005317658185958862,
            0.5882881879806519
          ],
          [
            0.5161817669868469,
            -0.8555936813354492,
            -0.03893507644534111,
            -0.30108779668807983
          ],
          [
            -0.024668892845511436,
            0.030587710440158844,
            -0.9992347955703735,
            1.5037870407104492
          ],
          [
            0.0,
            0.0,
            0.0,
            1.0
          ]
        ]
      },
      "bone_length_armature_space": 0.11717173146165423,
      "parent": "lowerarm_l",
      "has_children": true,
      "is_end_bone": false
    },
    "index_01_l": {
      "name": "index_01_l",
      "local": {
        "location": {
          "x": 0.0,
          "y": 0.0,
          "z": 0.0
        },
        "rotation_quaternion": {
          "w": 0.9936002492904663,
          "x": -0.11233732104301453,
          "y": 4.631560295820236e-05,
          "z": 0.011786190792918205
        },
        "scale": {
          "x": 1.0,
          "y": 1.0,
          "z": 1.0
        },
        "matrix_basis": [
          [
            0.9997221827507019,
            -0.0234319306910038,
            -0.0025560196954756975,
            0.0
          ],
          [
            0.023411117494106293,
            0.9744828343391418,
            0.22323787212371826,
            0.0
          ],
          [
            -0.0027400965336710215,
            -0.22323568165302277,
            0.9747606515884399,
            0.0
          ],
          [
            0.0,
            0.0,
            0.0,
            1.0
          ]
        ],
        "rotation_mode": "QUATERNION"
      },
      "armature_space": {
        "head": {
          "x": 0.6488358974456787,
          "y": -0.4645831882953644,
          "z": 0.5575171113014221
        },
        "tail": {
          "x": 0.6692981123924255,
          "y": -0.48140469193458557,
          "z": 0.5680719017982483
        }
      },
      "world_space": {
        "head": {
          "x": 0.6488358974456787,
          "y": -0.40133917331695557,
          "z": 1.507371187210083
        },
        "tail": {
          "x": 0.6692981123924255,
          "y": -0.41816067695617676,
          "z": 1.5179259777069092
        },
        "rotation_quaternion": {
          "w": 0.1742006242275238,
          "x": 0.8886619806289673,
          "y": 0.4179574251174927,
          "z": 0.07242794334888458
        },
        "matrix": [
          [
            0.640131413936615,
            0.7176116108894348,
            0.2743453085422516,
            0.6488358974456787
          ],
          [
            0.7680801153182983,
            -0.5899312496185303,
            -0.24906684458255768,
            -0.40133917331695557
          ],
          [
            -0.016887789592146873,
            0.3701567053794861,
            -0.9288235902786255,
            1.507371187210083
          ],
          [
            0.0,
            0.0,
            0.0,
            1.0
          ]
        ]
      },
      "bone_length_armature_space": 0.028514361552563212,
      "parent": "metacarpal_index_l",
      "has_children": true,
      "is_end_bone": false
    },
    "index_02_l": {
      "name": "index_02_l",
      "local": {
        "location": {
          "x": 0.0,
          "y": 0.0,
          "z": 0.0
        },
        "rotation_quaternion": {
          "w": 0.996213436126709,
          "x": 0.08644886314868927,
          "y": 8.656479622004554e-05,
          "z": 0.009238124825060368
        },
        "scale": {
          "x": 1.0,
          "y": 1.0,
          "z": 1.0
        },
        "matrix_basis": [
          [
            0.9998292922973633,
            -0.0183913204818964,
            0.0017697247676551342,
            0.0
          ],
          [
            0.01842125505208969,
            0.9848824739456177,
            -0.1722414344549179,
            0.0
          ],
          [
            0.0014247767394408584,
            0.17224463820457458,
            0.9850531816482544,
            0.0
          ],
          [
            0.0,
            0.0,
            0.0,
            1.0
          ]
        ],
        "rotation_mode": "QUATERNION"
      },
      "armature_space": {
        "head": {
          "x": 0.6692982912063599,
          "y": -0.48140519857406616,
          "z": 0.568071722984314
        },
        "tail": {
          "x": 0.6885140538215637,
          "y": -0.49724751710891724,
          "z": 0.5742252469062805
        }
      },
      "world_space": {
        "head": {
          "x": 0.6692982912063599,
          "y": -0.41816121339797974,
          "z": 1.51792573928833
        },
        "tail": {
          "x": 0.6885140538215637,
          "y": -0.4340035319328308,
          "z": 1.5240793228149414
        },
        "rotation_quaternion": {
          "w": 0.12721388041973114,
          "x": 0.899223268032074,
          "y": 0.41837623715400696,
          "z": 0.013247067108750343
        },
        "matrix": [
          [
            0.6495716571807861,
            0.7490566968917847,
            0.13027118146419525,
            0.6692982912063599
          ],
          [
            0.7557980418205261,
            -0.617555558681488,
            -0.2177029252052307,
            -0.41816121339797974
          ],
          [
            -0.08262202888727188,
            0.23987331986427307,
            -0.9672894477844238,
            1.51792573928833
          ],
          [
            0.0,
            0.0,
            0.0,
            1.0
          ]
        ]
      },
      "bone_length_armature_space": 0.02565327377830907,
      "parent": "index_01_l",
      "has_children": true,
      "is_end_bone": false
    },
    "index_03_l": {
      "name": "index_03_l",
      "local": {
        "location": {
          "x": 0.0,
          "y": 0.0,
          "z": 0.0
        },
        "rotation_quaternion": {
          "w": 0.9994444251060486,
          "x": 0.03270837292075157,
          "y": 0.000451870437245816,
          "z": 0.006405007094144821
        },
        "scale": {
          "x": 1.0,
          "y": 1.0,
          "z": 1.0
        },
        "matrix_basis": [
          [
            0.9999175667762756,
            -0.01277333777397871,
            0.001322233467362821,
            0.0
          ],
          [
            0.012832457199692726,
            0.9977782964706421,
            -0.06537461280822754,
            0.0
          ],
          [
            -0.00048424405395053327,
            0.06538619101047516,
            0.9978598952293396,
            0.0
          ],
          [
            0.0,
            0.0,
            0.0,
            1.0
          ]
        ],
        "rotation_mode": "QUATERNION"
      },
      "armature_space": {
        "head": {
          "x": 0.688513994216919,
          "y": -0.49724748730659485,
          "z": 0.5742253661155701
        },
        "tail": {
          "x": 0.7122110724449158,
          "y": -0.5141774415969849,
          "z": 0.5765823721885681
        }
      },
      "world_space": {
        "head": {
          "x": 0.688513994216919,
          "y": -0.43400347232818604,
          "z": 1.5240793228149414
        },
        "tail": {
          "x": 0.7122110724449158,
          "y": -0.45093345642089844,
          "z": 1.5264363288879395
        },
        "rotation_quaternion": {
          "w": 0.04215306043624878,
          "x": 0.8886345028877258,
          "y": 0.4566314220428467,
          "z": 0.0062974849715828896
        },
        "matrix": [
          [
            0.5828962922096252,
            0.8110257387161255,
            0.049689196050167084,
            0.688513994216919
          ],
          [
            0.8120879530906677,
            -0.5794215798377991,
            -0.06916643679141998,
            -0.43400347232818604
          ],
          [
            -0.027304191142320633,
            0.08066869527101517,
            -0.9963741898536682,
            1.5240793228149414
          ],
          [
            0.0,
            0.0,
            0.0,
            1.0
          ]
        ]
      },
      "bone_length_armature_space": 0.029218664554664486,
      "parent": "index_02_l",
      "has_children": false,
      "is_end_bone": true
    },
    "metacarpal_pinky_l": {
      "name": "metacarpal_pinky_l",
      "local": {
        "location": {
          "x": 0.0,
          "y": 0.0,
          "z": 0.0
        },
        "rotation_quaternion": {
          "w": 0.9992153644561768,
          "x": -0.0358440987765789,
          "y": -0.016074055805802345,
          "z": 0.005062630400061607
        },
        "scale": {
          "x": 1.0,
          "y": 1.0,
          "z": 1.0
        },
        "matrix_basis": [
          [
            0.9994319677352905,
            -0.008964995853602886,
            -0.03248581662774086,
            0.0
          ],
          [
            0.011269636452198029,
            0.9973791241645813,
            0.07146919518709183,
            0.0
          ],
          [
            0.03175995498895645,
            -0.07179470360279083,
            0.9969136714935303,
            0.0
          ],
          [
            0.0,
            0.0,
            0.0,
            1.0
          ]
        ],
        "rotation_mode": "QUATERNION"
      },
      "armature_space": {
        "head": {
          "x": 0.5882881879806519,
          "y": -0.36433178186416626,
          "z": 0.5539330840110779
        },
        "tail": {
          "x": 0.6778210401535034,
          "y": -0.4108968675136566,
          "z": 0.5795997977256775
        }
      },
      "world_space": {
        "head": {
          "x": 0.5882881879806519,
          "y": -0.30108779668807983,
          "z": 1.5037870407104492
        },
        "tail": {
          "x": 0.6778210401535034,
          "y": -0.3476528525352478,
          "z": 1.5294537544250488
        },
        "rotation_quaternion": {
          "w": 0.5192907452583313,
          "x": 0.35928648710250854,
          "y": 0.08213765174150467,
          "z": -0.7710407376289368
        },
        "matrix": [
          [
            -0.20249977707862854,
            0.8598118424415588,
            -0.4687402546405792,
            0.5882881879806519
          ],
          [
            -0.7417670488357544,
            -0.4471789598464966,
            -0.4998127818107605,
            -0.30108779668807983
          ],
          [
            -0.6393609046936035,
            0.2464853823184967,
            0.728338360786438,
            1.5037870407104492
          ],
          [
            0.0,
            0.0,
            0.0,
            1.0
          ]
        ]
      },
      "bone_length_armature_space": 0.10413078004103665,
      "parent": "lowerarm_l",
      "has_children": true,
      "is_end_bone": false
    },
    "pinky_01_l": {
      "name": "pinky_01_l",
      "local": {
        "location": {
          "x": 0.0,
          "y": 0.0,
          "z": 0.0
        },
        "rotation_quaternion": {
          "w": 0.9979778528213501,
          "x": -0.06342962384223938,
          "y": 0.0032353755086660385,
          "z": -0.0025626567658036947
        },
        "scale": {
          "x": 1.0,
          "y": 1.0,
          "z": 1.0
        },
        "matrix_basis": [
          [
            0.9999659061431885,
            0.0047045121900737286,
            0.006782762706279755,
            0.0
          ],
          [
            -0.005525386892259121,
            0.9919402599334717,
            0.12658613920211792,
            0.0
          ],
          [
            -0.006132569629698992,
            -0.12661930918693542,
            0.9919324517250061,
            0.0
          ],
          [
            0.0,
            0.0,
            0.0,
            1.0
          ]
        ],
        "rotation_mode": "QUATERNION"
      },
      "armature_space": {
        "head": {
          "x": 0.6778210401535034,
          "y": -0.4108968675136566,
          "z": 0.5795997977256775
        },
        "tail": {
