{
  "metadata": {
    "armature_name": "KIM_caucasian_male",
    "export_time": "2026-01-13T21:03:01.276047",
    "blender_version": "4.4.1",
    "bone_count": 56,
    "end_bone_count": 13,
    "spaces_included": [
      "LOCAL_CHANNELS",
      "ARMATURE_SPACE",
      "WORLD_SPACE"
    ],
    "note": "LOCAL matches Transform panel; replay pose via local.matrix_basis for best fidelity."
  },
  "bones": {
    "Root": {
      "name": "Root",
      "local": {
        "location": {
          "x": 0.0,
          "y": 0.0,
          "z": 0.0
        },
        "rotation_quaternion": {
          "w": 0.9994907379150391,
          "x": -0.006007624790072441,
          "y": 0.011790469288825989,
          "z": -0.02904072403907776
        },
        "scale": {
          "x": 1.0,
          "y": 1.0,
          "z": 1.0
        },
        "matrix_basis": [
          [
            0.9980352520942688,
            0.05791020393371582,
            0.02391786128282547,
            0.0
          ],
          [
            -0.05819353461265564,
            0.9982410669326782,
            0.011324322782456875,
            0.0
          ],
          [
            -0.0232199989259243,
            -0.012693937867879868,
            0.9996497631072998,
            0.0
          ],
          [
            0.0,
            0.0,
            0.0,
            1.0
          ]
        ],
        "rotation_mode": "QUATERNION"
      },
      "armature_space": {
        "head": {
          "x": 0.0,
          "y": 0.07072800397872925,
          "z": -0.009595036506652832
        },
        "tail": {
          "x": 0.004133391194045544,
          "y": 0.0002462044358253479,
          "z": 0.000880945473909378
        }
      },
      "world_space": {
        "head": {
          "x": 0.0,
          "y": 0.13397200405597687,
          "z": 0.9402589797973633
        },
        "tail": {
          "x": 0.004133391194045544,
          "y": 0.06349020451307297,
          "z": 0.9507349729537964
        },
        "rotation_quaternion": {
          "w": 0.07332732528448105,
          "x": 0.9968153834342957,
          "y": 0.029769057407975197,
          "z": 0.009807273745536804
        },
        "matrix": [
          [
            0.9980352520942688,
            0.05791020393371582,
            0.02391786128282547,
            0.0
          ],
          [
            0.06078677996993065,
            -0.9874737858772278,
            -0.14560413360595703,
            0.13397200405597687
          ],
          [
            0.015186459757387638,
            0.14677204191684723,
            -0.9890608191490173,
            0.9402589797973633
          ],
          [
            0.0,
            0.0,
            0.0,
            1.0
          ]
        ]
      },
      "bone_length_armature_space": 0.07137587162750994,
      "parent": null,
      "has_children": true,
      "is_end_bone": false
    },
    "spine_01": {
      "name": "spine_01",
      "local": {
        "location": {
          "x": 0.0,
          "y": 0.0,
          "z": 0.0
        },
        "rotation_quaternion": {
          "w": 0.9986676573753357,
          "x": 0.04578263685107231,
          "y": -0.02234795317053795,
          "z": -0.00821896456182003
        },
        "scale": {
          "x": 1.0,
          "y": 1.0,
          "z": 1.0
        },
        "matrix_basis": [
          [
            0.9988660216331482,
            0.014369731768965721,
            -0.045388929545879364,
            0.0
          ],
          [
            -0.018462324514985085,
            0.9956728219985962,
            -0.09107592701911926,
            0.0
          ],
          [
            0.0438837856054306,
            0.09181062877178192,
            0.9948090314865112,
            0.0
          ],
          [
            0.0,
            0.0,
            0.0,
            1.0
          ]
        ],
        "rotation_mode": "QUATERNION"
      },
      "armature_space": {
        "head": {
          "x": 0.004133391194045544,
          "y": 0.0002462044358253479,
          "z": 0.000880945473909378
        },
        "tail": {
          "x": 0.0047097415663301945,
          "y": -0.015706878155469894,
          "z": 0.4886244237422943
        }
      },
      "world_space": {
        "head": {
          "x": 0.004133391194045544,
          "y": 0.06349020451307297,
          "z": 0.9507349729537964
        },
        "tail": {
          "x": 0.0047097415663301945,
          "y": 0.047537121921777725,
          "z": 1.4384784698486328
        },
        "rotation_quaternion": {
          "w": 0.6954272389411926,
          "x": 0.7185524106025696,
          "y": 0.005948313977569342,
          "z": 0.005296968389302492
        },
        "matrix": [
          [
            0.9998731017112732,
            0.0011810427531599998,
            0.01588553935289383,
            0.004133391194045544
          ],
          [
            0.01591566577553749,
            -0.032690659165382385,
            -0.9993388652801514,
            0.06349020451307297
          ],
          [
            -0.0006609400734305382,
            0.9994717836380005,
            -0.032706450670957565,
            0.9507349729537964
          ],
          [
            0.0,
            0.0,
            0.0,
            1.0
          ]
        ]
      },
      "bone_length_armature_space": 0.4880046298040669,
      "parent": "Root",
      "has_children": true,
      "is_end_bone": false
    },
    "neck_01": {
      "name": "neck_01",
      "local": {
        "location": {
          "x": 0.0,
          "y": 0.0,
          "z": 0.0
        },
        "rotation_quaternion": {
          "w": 0.9862589836120605,
          "x": 0.07475927472114563,
          "y": -0.05050133541226387,
          "z": -0.13839760422706604
        },
        "scale": {
          "x": 1.0,
          "y": 1.0,
          "z": 1.0
        },
        "matrix_basis": [
          [
            0.9565914273262024,
            0.2654408812522888,
            -0.1203078031539917,
            0.0
          ],
          [
            -0.28054264187812805,
            0.9505143165588379,
            -0.13348548114299774,
            0.0
          ],
          [
            0.07892177999019623,
            0.16144253313541412,
            0.9837213158607483,
            0.0
          ],
          [
            0.0,
            0.0,
            0.0,
            1.0
          ]
        ],
        "rotation_mode": "QUATERNION"
      },
      "armature_space": {
        "head": {
          "x": 0.00534713314846158,
          "y": -0.05275794863700867,
          "z": 0.5606698989868164
        },
        "tail": {
          "x": 0.03345916047692299,
          "y": -0.10740617662668228,
          "z": 0.6427308320999146
        }
      },
      "world_space": {
        "head": {
          "x": 0.00534713314846158,
          "y": 0.010486051440238953,
          "z": 1.5105239152908325
        },
        "tail": {
          "x": 0.03345916047692299,
          "y": -0.04416217654943466,
          "z": 1.5925848484039307
        },
        "rotation_quaternion": {
          "w": 0.4737017750740051,
          "x": 0.8679553270339966,
          "y": 0.09531662613153458,
          "z": -0.11478237807750702
        },
        "matrix": [
          [
            0.9554795622825623,
            0.27420660853385925,
            -0.10894758254289627,
            0.00534713314846158
          ],
          [
            0.056716836988925934,
            -0.5330424904823303,
            -0.8441855907440186,
            0.010486051440238953
          ],
          [
            -0.2895568013191223,
            0.8004277944564819,
            -0.5248677730560303,
            1.5105239152908325
          ],
          [
            0.0,
            0.0,
            0.0,
            1.0
          ]
        ]
      },
      "bone_length_armature_space": 0.10252176206962867,
      "parent": "spine_01",
      "has_children": true,
      "is_end_bone": false
    },
    "head": {
      "name": "head",
      "local": {
        "location": {
          "x": 0.0,
          "y": 0.0,
          "z": 0.0
        },
        "rotation_quaternion": {
          "w": 0.9844881296157837,
          "x": 0.02482820302248001,
          "y": 0.15655528008937836,
          "z": -0.07521399110555649
        },
        "scale": {
          "x": 1.0,
          "y": 1.0,
          "z": 1.0
        },
        "matrix_basis": [
          [
            0.9396666288375854,
            0.1558685302734375,
            0.30451875925064087,
            0.0
          ],
          [
            -0.1403205841779709,
            0.9874528050422668,
            -0.07243643701076508,
            0.0
          ],
          [
            -0.3119884729385376,
            0.025335848331451416,
            0.9497479796409607,
            0.0
          ],
          [
            0.0,
            0.0,
            0.0,
            1.0
          ]
        ],
        "rotation_mode": "QUATERNION"
      },
      "armature_space": {
        "head": {
          "x": 0.033459123224020004,
          "y": -0.10740627348423004,
          "z": 0.642730712890625
        },
        "tail": {
          "x": 0.10163238644599915,
          "y": -0.13934172689914703,
          "z": 0.7783247828483582
        }
      },
      "world_space": {
        "head": {
          "x": 0.033459123224020004,
          "y": -0.04416227340698242,
          "z": 1.5925847291946411
        },
        "tail": {
          "x": 0.10163238644599915,
          "y": -0.07609772682189941,
          "z": 1.7281787395477295
        },
        "rotation_quaternion": {
          "w": 0.571685791015625,
          "x": 0.7761104702949524,
          "y": 0.264985591173172,
          "z": -0.02471207268536091
        },
        "matrix": [
          [
            0.858343243598938,
            0.43957170844078064,
            0.2646203339099884,
            0.033459123224020004
          ],
          [
            0.38306301832199097,
            -0.20591530203819275,
            -0.9004787802696228,
            -0.04416227340698242
          ],
          [
            -0.3413374423980713,
            0.874291718006134,
            -0.34513285756111145,
            1.5925847291946411
          ],
          [
            0.0,
            0.0,
            0.0,
            1.0
          ]
        ]
      },
      "bone_length_armature_space": 0.15509099858848976,
      "parent": "neck_01",
      "has_children": false,
      "is_end_bone": true
    },
    "upperarm_l": {
      "name": "upperarm_l",
      "local": {
        "location": {
          "x": 0.0,
          "y": 0.0,
          "z": 0.0
        },
        "rotation_quaternion": {
          "w": 0.7790501117706299,
          "x": 0.11552494019269943,
          "y": 0.542953372001648,
          "z": 0.2914387881755829
        },
        "scale": {
          "x": 1.0,
          "y": 1.0,
          "z": 1.0
        },
        "matrix_basis": [
          [
            0.2405301332473755,
            -0.32864153385162354,
            0.9133126735687256,
            0.0
          ],
          [
            0.5795401334762573,
            0.8034348487854004,
            0.13647590577602386,
            0.0
          ],
          [
            -0.7786388993263245,
            0.4964747726917267,
            0.3837112486362457,
            0.0
          ],
          [
            0.0,
            0.0,
            0.0,
            1.0
          ]
        ],
        "rotation_mode": "QUATERNION"
      },
      "armature_space": {
        "head": {
          "x": 0.15529939532279968,
          "y": -0.05136055499315262,
          "z": 0.49329420924186707
        },
        "tail": {
          "x": 0.3796057403087616,
          "y": -0.1769334375858307,
          "z": 0.5689631700515747
        }
      },
      "world_space": {
        "head": {
          "x": 0.15529939532279968,
          "y": 0.011883445084095001,
          "z": 1.4431482553482056
        },
        "tail": {
          "x": 0.3796057403087616,
          "y": -0.11368943750858307,
          "z": 1.5188171863555908
        },
        "rotation_quaternion": {
          "w": 0.17683188617229462,
          "x": 0.8566520810127258,
          "y": 0.484175443649292,
          "z": -0.021262753754854202
        },
        "matrix": [
          [
            0.5302439332008362,
            0.8370594382286072,
            0.13480675220489502,
            0.15529939532279968
          ],
          [
            0.8220201730728149,
            -0.4686090052127838,
            -0.32355648279190063,
            0.011883445084095001
          ],
          [
            -0.20766504108905792,
            0.2823791801929474,
            -0.9365635514259338,
            1.4431482553482056
          ],
          [
            0.0,
            0.0,
            0.0,
            1.0
          ]
        ]
      },
      "bone_length_armature_space": 0.26796954477375823,
      "parent": "spine_01",
      "has_children": true,
      "is_end_bone": false
    },
    "lowerarm_l": {
      "name": "lowerarm_l",
      "local": {
        "location": {
          "x": 0.0,
          "y": 0.0,
          "z": 0.0
        },
        "rotation_quaternion": {
          "w": 0.9667056202888489,
          "x": 0.21987581253051758,
          "y": 0.09772848337888718,
          "z": -0.08708633482456207
        },
        "scale": {
          "x": 1.0,
          "y": 1.0,
          "z": 1.0
        },
        "matrix_basis": [
          [
            0.9657302498817444,
            0.2113499641418457,
            0.15065298974514008,
            0.0
          ],
          [
            -0.1253974437713623,
            0.8881412148475647,
            -0.44213199615478516,
            0.0
          ],
          [
            -0.22724570333957672,
            0.408088743686676,
            0.884207546710968,
            0.0
          ],
          [
            0.0,
            0.0,
            0.0,
            1.0
          ]
        ],
        "rotation_mode": "QUATERNION"
      },
      "armature_space": {
        "head": {
          "x": 0.379605770111084,
          "y": -0.17693361639976501,
          "z": 0.5689631700515747
        },
        "tail": {
          "x": 0.5998906493186951,
          "y": -0.30873119831085205,
          "z": 0.4936410188674927
        }
      },
      "world_space": {
        "head": {
          "x": 0.379605770111084,
          "y": -0.1136896163225174,
          "z": 1.5188171863555908
        },
        "tail": {
          "x": 0.5998906493186951,
          "y": -0.24548719823360443,
          "z": 1.4434950351715088
        },
        "rotation_quaternion": {
          "w": 0.09126144647598267,
          "x": -0.8545524477958679,
          "y": -0.4953213632106781,
          "z": 0.12676101922988892
        },
        "matrix": [
          [
            0.4771762788295746,
            0.823419451713562,
            -0.30705562233924866,
            0.379605770111084
          ],
          [
            0.8696931004524231,
            -0.49265623092651367,
            0.030398786067962646,
            -0.1136896163225174
          ],
          [
            -0.12624198198318481,
            -0.2815523147583008,
            -0.9512126445770264,
            1.5188171863555908
          ],
          [
            0.0,
            0.0,
            0.0,
            1.0
          ]
        ]
      },
      "bone_length_armature_space": 0.2675246817059656,
      "parent": "upperarm_l",
      "has_children": true,
      "is_end_bone": false
    },
    "metacarpal_thumb_l": {
      "name": "metacarpal_thumb_l",
      "local": {
        "location": {
          "x": 0.0,
          "y": 0.0,
          "z": 0.0
        },
        "rotation_quaternion": {
          "w": 0.9996809959411621,
          "x": -0.024826480075716972,
          "y": 0.00450007664039731,
          "z": -0.001112568425014615
        },
        "scale": {
          "x": 1.0,
          "y": 1.0,
          "z": 1.0
        },
        "matrix_basis": [
          [
            0.9999570250511169,
            0.0020009849686175585,
            0.009052524343132973,
            0.0
          ],
          [
            -0.002447869163006544,
            0.9987648129463196,
            0.04962710663676262,
            0.0
          ],
          [
            -0.00894203968346119,
            -0.04964713379740715,
            0.9987267851829529,
            0.0
          ],
          [
            0.0,
            0.0,
            0.0,
            1.0
          ]
        ],
        "rotation_mode": "QUATERNION"
      },
      "armature_space": {
        "head": {
          "x": 0.5998906493186951,
          "y": -0.30873119831085205,
          "z": 0.4936410188674927
        },
        "tail": {
          "x": 0.6266337633132935,
          "y": -0.3215503990650177,
          "z": 0.453966349363327
        }
      },
      "world_space": {
        "head": {
          "x": 0.5998906493186951,
          "y": -0.24548719823360443,
          "z": 1.4434950351715088
        },
        "tail": {
          "x": 0.6266337633132935,
          "y": -0.2583063840866089,
          "z": 1.4038203954696655
        },
        "rotation_quaternion": {
          "w": 0.6010119915008545,
          "x": -0.7200360894203186,
          "y": -0.09688574075698853,
          "z": -0.3330851197242737
        },
        "matrix": [
          [
            0.7593358755111694,
            0.5398980975151062,
            0.3632064461708069,
            0.5998906493186951
          ],
          [
            -0.2608508765697479,
            -0.2587974965572357,
            0.9300434589385986,
            -0.24548719823360443
          ],
          [
            0.5961295366287231,
            -0.8009639382362366,
            -0.05568086355924606,
            1.4434950351715088
          ],
          [
            0.0,
            0.0,
            0.0,
            1.0
          ]
        ]
      },
      "bone_length_armature_space": 0.049533881891388146,
      "parent": "lowerarm_l",
      "has_children": true,
      "is_end_bone": false
    },
    "thumb_01_l": {
      "name": "thumb_01_l",
      "local": {
        "location": {
          "x": 0.0,
          "y": 0.0,
          "z": 0.0
        },
        "rotation_quaternion": {
          "w": 0.9982143640518188,
          "x": -0.05691775679588318,
          "y": 0.018027082085609436,
          "z": 0.0018966468051075935
        },
        "scale": {
          "x": 1.0,
          "y": 1.0,
          "z": 1.0
        },
        "matrix_basis": [
          [
            0.9993428587913513,
            -0.0058386423625051975,
            0.035773877054452896,
            0.0
          ],
          [
            0.0017343980725854635,
            0.9935135245323181,
            0.11370062828063965,
            0.0
          ],
          [
            -0.03620569035410881,
            -0.11356386542320251,
            0.9928708076477051,
            0.0
          ],
          [
            0.0,
            0.0,
            0.0,
            1.0
          ]
        ],
        "rotation_mode": "QUATERNION"
      },
      "armature_space": {
        "head": {
          "x": 0.6266337633132935,
          "y": -0.3215503990650177,
          "z": 0.453966349363327
        },
        "tail": {
          "x": 0.6414409875869751,
          "y": -0.302013099193573,
          "z": 0.43035125732421875
        }
      },
      "world_space": {
        "head": {
          "x": 0.6266337633132935,
          "y": -0.2583063840866089,
          "z": 1.4038203954696655
        },
        "tail": {
          "x": 0.6414409875869751,
          "y": -0.23876909911632538,
          "z": 1.3802052736282349
        },
        "rotation_quaternion": {
          "w": 0.7290382385253906,
          "x": -0.18164469301700592,
          "y": 0.5054616928100586,
          "z": -0.4242842495441437
        },
        "matrix": [
          [
            0.1289820820093155,
            0.4350128471851349,
            0.8911383748054504,
            0.6266337633132935
          ],
          [
            -0.802268385887146,
            0.5739747881889343,
            -0.16406890749931335,
            -0.2583063840866089
          ],
          [
            -0.5828677415847778,
            -0.6937744617462158,
            0.423032283782959,
            1.4038203954696655
          ],
          [
            0.0,
            0.0,
            0.0,
            1.0
          ]
        ]
      },
      "bone_length_armature_space": 0.034038692047811646,
      "parent": "metacarpal_thumb_l",
      "has_children": true,
      "is_end_bone": false
    },
    "thumb_02_l": {
      "name": "thumb_02_l",
      "local": {
        "location": {
          "x": 0.0,
          "y": 0.0,
          "z": 0.0
        },
        "rotation_quaternion": {
          "w": 0.9976325631141663,
          "x": 0.06774280965328217,
          "y": 0.011819290928542614,
          "z": 0.0006797765381634235
        },
        "scale": {
          "x": 1.0,
          "y": 1.0,
          "z": 1.0
        },
        "matrix_basis": [
          [
            0.9997196793556213,
            0.0002450095198582858,
            0.023674719035625458,
            0.0
          ],
          [
            0.002957678399980068,
            0.9908208847045898,
            -0.1351487934589386,
            0.0
          ],
          [
            -0.02349051833152771,
            0.13518093526363373,
            0.9905424118041992,
            0.0
          ],
          [
            0.0,
            0.0,
            0.0,
            1.0
          ]
        ],
        "rotation_mode": "QUATERNION"
      },
      "armature_space": {
        "head": {
          "x": 0.6414409279823303,
          "y": -0.302013099193573,
          "z": 0.43035125732421875
        },
        "tail": {
          "x": 0.6746731400489807,
          "y": -0.31916725635528564,
          "z": 0.4157041609287262
        }
      },
      "world_space": {
        "head": {
          "x": 0.6414409279823303,
          "y": -0.23876909911632538,
          "z": 1.3802052736282349
        },
        "tail": {
          "x": 0.6746731400489807,
          "y": -0.2559232711791992,
          "z": 1.36555814743042
        },
        "rotation_quaternion": {
          "w": 0.41196879744529724,
          "x": 0.2312033623456955,
          "y": 0.34166058897972107,
          "z": -0.8124622106552124
        },
        "matrix": [
          [
            -0.5536530017852783,
            0.8274047374725342,
            -0.09417928755283356,
            0.6414409279823303
          ],
          [
            -0.5114338994026184,
            -0.4270986318588257,
            -0.7456690073013306,
            -0.23876909911632538
          ],
          [
            -0.657198965549469,
            -0.3646783232688904,
            0.6596311330795288,
            1.3802052736282349
          ],
          [
            0.0,
            0.0,
            0.0,
            1.0
          ]
        ]
      },
      "bone_length_armature_space": 0.04016444227386527,
      "parent": "thumb_01_l",
      "has_children": true,
      "is_end_bone": false
    },
    "thumb_03_l": {
      "name": "thumb_03_l",
      "local": {
        "location": {
          "x": 0.0,
          "y": 0.0,
          "z": 0.0
        },
        "rotation_quaternion": {
          "w": 0.9975221157073975,
          "x": 0.07025005668401718,
          "y": 0.002183034783229232,
          "z": -0.003134690457955003
        },
        "scale": {
          "x": 1.0,
          "y": 1.0,
          "z": 1.0
        },
        "matrix_basis": [
          [
            0.9999707937240601,
            0.006560562644153833,
            0.003914826549589634,
            0.0
          ],
          [
            -0.005947129335254431,
            0.9901102185249329,
            -0.14016565680503845,
            0.0
          ],
          [
            -0.004795675165951252,
            0.14013828337192535,
            0.9901203513145447,
            0.0
          ],
          [
            0.0,
            0.0,
            0.0,
            1.0
          ]
        ],
        "rotation_mode": "QUATERNION"
      },
      "armature_space": {
        "head": {
          "x": 0.6746730804443359,
          "y": -0.31916719675064087,
          "z": 0.4157041311264038
        },
        "tail": {
          "x": 0.6982603669166565,
          "y": -0.3384142816066742,
          "z": 0.41541799902915955
        }
      },
      "world_space": {
        "head": {
          "x": 0.6746730804443359,
          "y": -0.25592321157455444,
          "z": 1.36555814743042
        },
        "tail": {
          "x": 0.6982603669166565,
          "y": -0.2751702666282654,
          "z": 1.365272045135498
        },
        "rotation_quaternion": {
          "w": 0.3581027686595917,
          "x": 0.48782673478126526,
          "y": 0.23593437671661377,
          "z": -0.7603436708450317
        },
        "matrix": [
          [
            -0.26757463812828064,
            0.7747531533241272,
            -0.572853684425354,
            0.6746730804443359
          ],
          [
            -0.3143731653690338,
            -0.6321939826011658,
            -0.7081670761108398,
            -0.25592321157455444
          ],
          [
            -0.9108157753944397,
            -0.009398367255926132,
            0.4127228856086731,
            1.36555814743042
          ],
          [
            0.0,
            0.0,
            0.0,
            1.0
          ]
        ]
      },
      "bone_length_armature_space": 0.030444904621651916,
      "parent": "thumb_02_l",
      "has_children": false,
      "is_end_bone": true
    },
    "metacarpal_index_l": {
      "name": "metacarpal_index_l",
      "local": {
        "location": {
          "x": 0.0,
          "y": 0.0,
          "z": 0.0
        },
        "rotation_quaternion": {
          "w": 0.9999451041221619,
          "x": -0.00947426725178957,
          "y": -0.0012173149734735489,
          "z": 0.004308650270104408
        },
        "scale": {
          "x": 1.0,
          "y": 1.0,
          "z": 1.0
        },
        "matrix_basis": [
          [
            0.9999598860740662,
            -0.00859376136213541,
            -0.002516138833016157,
            0.0
          ],
          [
            0.008639893494546413,
            0.9997833371162415,
            0.0189370047301054,
            0.0
          ],
          [
            0.0023528537712991238,
            -0.01895798370242119,
            0.9998174905776978,
            0.0
          ],
          [
            0.0,
            0.0,
            0.0,
            1.0
          ]
        ],
        "rotation_mode": "QUATERNION"
      },
      "armature_space": {
        "head": {
          "x": 0.5998906493186951,
          "y": -0.30873119831085205,
          "z": 0.4936410188674927
        },
        "tail": {
          "x": 0.68267422914505,
          "y": -0.35960128903388977,
          "z": 0.42815515398979187
        }
      },
      "world_space": {
        "head": {
          "x": 0.5998906493186951,
          "y": -0.24548719823360443,
          "z": 1.4434950351715088
        },
        "tail": {
          "x": 0.68267422914505,
          "y": -0.29635727405548096,
          "z": 1.3780092000961304
        },
        "rotation_quaternion": {
          "w": 0.4185843765735626,
          "x": -0.8232124447822571,
          "y": -0.32819533348083496,
          "z": -0.1984851360321045
        },
        "matrix": [
          [
            0.7057825922966003,
            0.706514835357666,
            0.05203435570001602,
            0.5998906493186951
          ],
          [
            0.37418586015701294,
            -0.43414992094039917,
            0.8194504976272583,
            -0.24548719823360443
          ],
          [
            0.6015491485595703,
            -0.5588878989219666,
            -0.5707864761352539,
            1.4434950351715088
          ],
          [
            0.0,
            0.0,
            0.0,
            1.0
          ]
        ]
      },
      "bone_length_armature_space": 0.11717203455441166,
      "parent": "lowerarm_l",
      "has_children": true,
      "is_end_bone": false
    },
    "index_01_l": {
      "name": "index_01_l",
      "local": {
        "location": {
          "x": 0.0,
          "y": 0.0,
          "z": 0.0
        },
        "rotation_quaternion": {
          "w": 0.994831919670105,
          "x": -0.099485844373703,
          "y": 0.016407590359449387,
          "z": 0.011955439113080502
        },
        "scale": {
          "x": 1.0,
          "y": 1.0,
          "z": 1.0
        },
        "matrix_basis": [
          [
            0.9991757273674011,
            -0.027051951736211777,
            0.030266795307397842,
            0.0
          ],
          [
            0.02052265964448452,
            0.9799192547798157,
            0.1983357071876526,
            0.0
          ],
          [
            -0.035024382174015045,
            -0.19755107164382935,
            0.9796667098999023,
            0.0
          ],
          [
            0.0,
            0.0,
            0.0,
            1.0
          ]
        ],
        "rotation_mode": "QUATERNION"
      },
      "armature_space": {
        "head": {
          "x": 0.68267422914505,
          "y": -0.35960128903388977,
          "z": 0.42815515398979187
        },
        "tail": {
          "x": 0.7062979340553284,
          "y": -0.37510550022125244,
          "z": 0.4243330955505371
        }
      },
      "world_space": {
        "head": {
          "x": 0.68267422914505,
          "y": -0.29635727405548096,
          "z": 1.3780092000961304
        },
        "tail": {
          "x": 0.7062979340553284,
          "y": -0.311861515045166,
          "z": 1.3741871118545532
        },
        "rotation_quaternion": {
          "w": 0.2606375813484192,
          "x": -0.8033416867256165,
          "y": -0.4002508223056793,
          "z": -0.3556818664073944
        },
        "matrix": [
          [
            0.426579087972641,
            0.8284850120544434,
            0.3628261685371399,
            0.68267422914505
          ],
          [
            0.4576694965362549,
            -0.5437337756156921,
            0.7034859657287598,
            -0.29635727405548096
          ],
          [
            0.7801142930984497,
            -0.13403955101966858,
            -0.6111213564872742,
            1.3780092000961304
          ],
          [
            0.0,
            0.0,
            0.0,
            1.0
          ]
        ]
      },
      "bone_length_armature_space": 0.028514349974304895,
      "parent": "metacarpal_index_l",
      "has_children": true,
      "is_end_bone": false
    },
    "index_02_l": {
      "name": "index_02_l",
      "local": {
        "location": {
          "x": 0.0,
          "y": 0.0,
          "z": 0.0
        },
        "rotation_quaternion": {
          "w": 0.9994732141494751,
          "x": 0.03094562143087387,
          "y": -0.009182484820485115,
          "z": 0.0033628889359533787
        },
        "scale": {
          "x": 1.0,
          "y": 1.0,
          "z": 1.0
        },
        "matrix_basis": [
          [
            0.9998087286949158,
            -0.0072905500419437885,
            -0.018147161230444908,
            0.0
          ],
          [
            0.006153919268399477,
            0.9980621337890625,
            -0.061920396983623505,
            0.0
          ],
          [
            0.01856342889368534,
            0.0617968812584877,
            0.9979161024093628,
            0.0
          ],
          [
            0.0,
            0.0,
            0.0,
            1.0
          ]
        ],
        "rotation_mode": "QUATERNION"
      },
      "armature_space": {
        "head": {
          "x": 0.706298291683197,
          "y": -0.375105619430542,
          "z": 0.4243326783180237
        },
        "tail": {
          "x": 0.7280042171478271,
          "y": -0.3883335590362549,
          "z": 0.42087361216545105
        }
      },
      "world_space": {
        "head": {
          "x": 0.706298291683197,
          "y": -0.31186163425445557,
          "z": 1.3741867542266846
        },
        "tail": {
          "x": 0.7280042171478271,
          "y": -0.32508957386016846,
          "z": 1.3707276582717896
        },
        "rotation_quaternion": {
          "w": 0.2500925064086914,
          "x": -0.8100149631500244,
          "y": -0.4238293468952179,
          "z": -0.31890150904655457
        },
        "matrix": [
          [
            0.43734052777290344,
            0.8461267352104187,
            0.30463552474975586,
            0.706298291683197
          ],
          [
            0.5271077752113342,
            -0.5156435966491699,
            0.6754770874977112,
            -0.31186163425445557
          ],
          [
            0.7286281585693359,
            -0.13483932614326477,
            -0.671515941619873,
            1.3741867542266846
          ],
          [
            0.0,
            0.0,
            0.0,
            1.0
          ]
        ]
      },
      "bone_length_armature_space": 0.025653279255852313,
      "parent": "index_01_l",
      "has_children": true,
      "is_end_bone": false
    },
    "index_03_l": {
      "name": "index_03_l",
      "local": {
        "location": {
          "x": 0.0,
          "y": 0.0,
          "z": 0.0
        },
        "rotation_quaternion": {
          "w": 0.9985452890396118,
          "x": 0.05372035875916481,
          "y": 0.0009841234423220158,
          "z": 0.004535647574812174
        },
        "scale": {
          "x": 1.0,
          "y": 1.0,
          "z": 1.0
        },
        "matrix_basis": [
          [
            0.9999569058418274,
            -0.008952364325523376,
            0.002452696906402707,
            0.0
          ],
          [
            0.009163834154605865,
            0.9941871166229248,
            -0.10727549344301224,
            0.0
          ],
          [
            -0.001478070393204689,
            0.10729335248470306,
            0.994226336479187,
            0.0
          ],
          [
            0.0,
            0.0,
            0.0,
            1.0
          ]
        ],
        "rotation_mode": "QUATERNION"
      },
      "armature_space": {
        "head": {
          "x": 0.7280040979385376,
          "y": -0.38833364844322205,
          "z": 0.4208736717700958
        },
        "tail": {
          "x": 0.7550191879272461,
          "y": -0.3978435695171356,
          "z": 0.4150875210762024
        }
      },
      "world_space": {
        "head": {
          "x": 0.7280040979385376,
          "y": -0.32508963346481323,
          "z": 1.3707276582717896
        },
        "tail": {
          "x": 0.7550191879272461,
          "y": -0.3345995545387268,
          "z": 1.3649415969848633
        },
        "rotation_quaternion": {
          "w": 0.33032822608947754,
          "x": -0.7516946196556091,
          "y": -0.47764599323272705,
          "z": -0.31255868077278137
        },
        "matrix": [
          [
            0.3483220338821411,
            0.9245822429656982,
            0.15433576703071594,
            0.7280040979385376
          ],
          [
            0.5115954875946045,
            -0.32547369599342346,
            0.7951962351799011,
            -0.32508963346481323
          ],
          [
            0.7854624390602112,
            -0.19802875816822052,
            -0.586385190486908,
            1.3707276582717896
          ],
          [
            0.0,
            0.0,
            0.0,
            1.0
          ]
        ]
      },
      "bone_length_armature_space": 0.029218713860079848,
      "parent": "index_02_l",
      "has_children": false,
      "is_end_bone": true
    },
    "metacarpal_pinky_l": {
      "name": "metacarpal_pinky_l",
      "local": {
        "location": {
          "x": 0.0,
          "y": 0.0,
          "z": 0.0
        },
        "rotation_quaternion": {
          "w": 0.9991527199745178,
          "x": -0.03767925873398781,
          "y": -0.015560362488031387,
          "z": -0.0056743319146335125
        },
        "scale": {
          "x": 1.0,
          "y": 1.0,
          "z": 1.0
        },
        "matrix_basis": [
          [
            0.9994513392448425,
            0.012511653825640678,
            -0.03066674806177616,
            0.0
          ],
          [
            -0.010166442021727562,
            0.9970961213111877,
            0.07547125965356827,
            0.0
          ],
          [
            0.03152196481823921,
            -0.07511807978153229,
            0.9966763257980347,
            0.0
          ],
          [
            0.0,
            0.0,
            0.0,
            1.0
          ]
        ],
        "rotation_mode": "QUATERNION"
      },
      "armature_space": {
        "head": {
          "x": 0.5998906493186951,
          "y": -0.30873119831085205,
          "z": 0.4936410188674927
        },
        "tail": {
          "x": 0.6950532793998718,
          "y": -0.350964218378067,
          "z": 0.4955533444881439
        }
      },
      "world_space": {
        "head": {
          "x": 0.5998906493186951,
          "y": -0.24548719823360443,
          "z": 1.4434950351715088
        },
        "tail": {
          "x": 0.6950532793998718,
          "y": -0.2877202033996582,
          "z": 1.4454073905944824
        },
        "rotation_quaternion": {
          "w": 0.36893171072006226,
          "x": 0.6284776926040649,
          "y": 0.4013734459877014,
          "z": -0.5548015236854553
        },
        "matrix": [
          [
            0.0621887743473053,
            0.9138764142990112,
            -0.40120112895965576,
            0.5998906493186951
          ],
          [
            0.09514038264751434,
            -0.40557676553726196,
            -0.9090964198112488,
            -0.24548719823360443
          ],
          [
            -0.9935263991355896,
            0.01836474984884262,
            -0.11217060685157776,
            1.4434950351715088
          ],
          [
            0.0,
            0.0,
            0.0,
            1.0
          ]
        ]
      },
      "bone_length_armature_space": 0.10413074219701426,
      "parent": "lowerarm_l",
      "has_children": true,
      "is_end_bone": false
    },
    "pinky_01_l": {
      "name": "pinky_01_l",
      "local": {
        "location": {
          "x": 0.0,
          "y": 0.0,
          "z": 0.0
        },
        "rotation_quaternion": {
          "w": 0.9964684844017029,
          "x": -0.08135583251714706,
          "y": -0.01961539126932621,
          "z": -0.0068693505600094795
        },
        "scale": {
          "x": 1.0,
          "y": 1.0,
          "z": 1.0
        },
        "matrix_basis": [
          [
            0.9991360902786255,
            0.01688183657824993,
            -0.037974514067173004,
            0.0
          ],
          [
            -0.01049852930009365,
            0.9866681098937988,
            0.1624065339565277,
            0.0
          ],
          [
            0.04020996019244194,
            -0.16186755895614624,
            0.9859929084777832,
            0.0
          ],
          [
            0.0,
            0.0,
            0.0,
            1.0
          ]
        ],
        "rotation_mode": "QUATERNION"
      },
      "armature_space": {
        "head": {
          "x": 0.6950532793998718,
          "y": -0.350964218378067,
          "z": 0.4955533444881439
        },
        "tail": {
          "x": 0.7150831818580627,
