{
  "metadata": {
    "armature_name": "KIM_caucasian_male",
    "export_time": "2026-01-13T21:15:47.820313",
    "blender_version": "4.4.1",
    "bone_count": 56,
    "end_bone_count": 13,
    "spaces_included": [
      "LOCAL_CHANNELS",
      "ARMATURE_SPACE",
      "WORLD_SPACE"
    ],
    "note": "LOCAL matches Transform panel; replay pose via local.matrix_basis for best fidelity."
  },
  "bones": {
    "Root": {
      "name": "Root",
      "local": {
        "location": {
          "x": 0.0,
          "y": 0.0,
          "z": 0.0
        },
        "rotation_quaternion": {
          "w": 0.9996628761291504,
          "x": -0.011027045547962189,
          "y": -0.005499289371073246,
          "z": 0.022853832691907883
        },
        "scale": {
          "x": 1.0,
          "y": 1.0,
          "z": 1.0
        },
        "matrix_basis": [
          [
            0.9988949298858643,
            -0.0455709733068943,
            -0.01149889174848795,
            0.0
          ],
          [
            0.04581353813409805,
            0.9987122416496277,
            0.021795297041535378,
            0.0
          ],
          [
            0.010490850545465946,
            -0.022298015654087067,
            0.9996963143348694,
            0.0
          ],
          [
            0.0,
            0.0,
            0.0,
            1.0
          ]
        ],
        "rotation_mode": "QUATERNION"
      },
      "armature_space": {
        "head": {
          "x": 0.0,
          "y": 0.07072800397872925,
          "z": -0.009595036506652832
        },
        "tail": {
          "x": -0.0032526678405702114,
          "y": 0.00030503422021865845,
          "z": 0.0015647495165467262
        }
      },
      "world_space": {
        "head": {
          "x": 0.0,
          "y": 0.13397200405597687,
          "z": 0.9402589797973633
        },
        "tail": {
          "x": -0.0032526678405702114,
          "y": 0.06354903429746628,
          "z": 0.9514187574386597
        },
        "rotation_quaternion": {
          "w": 0.07834695279598236,
          "x": 0.9966490268707275,
          "y": -0.023172389715909958,
          "z": -0.003947180695831776
        },
        "matrix": [
          [
            0.9988949298858643,
            -0.0455709733068943,
            -0.01149889174848795,
            0.0
          ],
          [
            -0.04680797830224037,
            -0.9866495728492737,
            -0.15598632395267487,
            0.13397200405597687
          ],
          [
            -0.004237001296132803,
            0.15635237097740173,
            -0.9876993298530579,
            0.9402589797973633
          ],
          [
            0.0,
            0.0,
            0.0,
            1.0
          ]
        ]
      },
      "bone_length_armature_space": 0.07137587378096319,
      "parent": null,
      "has_children": true,
      "is_end_bone": false
    },
    "spine_01": {
      "name": "spine_01",
      "local": {
        "location": {
          "x": 0.0,
          "y": 0.0,
          "z": 0.0
        },
        "rotation_quaternion": {
          "w": 0.9997537136077881,
          "x": -0.0195919256657362,
          "y": -0.010357918217778206,
          "z": -0.0012416898971423507
        },
        "scale": {
          "x": 1.0,
          "y": 1.0,
          "z": 1.0
        },
        "matrix_basis": [
          [
            0.9997823238372803,
            0.002888631308451295,
            -0.020662080496549606,
            0.0
          ],
          [
            -0.0020769049879163504,
            0.9992292523384094,
            0.03919992223381996,
            0.0
          ],
          [
            0.02075938880443573,
            -0.0391484797000885,
            0.9990177154541016,
            0.0
          ],
          [
            0.0,
            0.0,
            0.0,
            1.0
          ]
        ],
        "rotation_mode": "QUATERNION"
      },
      "armature_space": {
        "head": {
          "x": -0.0032526678405702114,
          "y": 0.00030503422021865845,
          "z": 0.0015647495165467262
        },
        "tail": {
          "x": 0.00267259543761611,
          "y": 0.052722375839948654,
          "z": 0.48670995235443115
        }
      },
      "world_space": {
        "head": {
          "x": -0.0032526678405702114,
          "y": 0.06354903429746628,
          "z": 0.9514187574386597
        },
        "tail": {
          "x": 0.00267259543761611,
          "y": 0.11596637964248657,
          "z": 1.4365639686584473
        },
        "rotation_quaternion": {
          "w": 0.7438240051269531,
          "x": 0.6675142645835876,
          "y": -0.020780818536877632,
          "z": -0.026810696348547935
        },
        "matrix": [
          [
            0.9976987242698669,
            0.01214190199971199,
            -0.06670765578746796,
            -0.0032526678405702114
          ],
          [
            -0.0676279366016388,
            0.10741231590509415,
            -0.9919118881225586,
            0.06354903429746628
          ],
          [
            -0.0048785703256726265,
            0.994147539138794,
            0.10798613727092743,
            0.9514187574386597
          ],
          [
            0.0,
            0.0,
            0.0,
            1.0
          ]
        ]
      },
      "bone_length_armature_space": 0.48800468120167545,
      "parent": "Root",
      "has_children": true,
      "is_end_bone": false
    },
    "neck_01": {
      "name": "neck_01",
      "local": {
        "location": {
          "x": 0.0,
          "y": 0.0,
          "z": 0.0
        },
        "rotation_quaternion": {
          "w": 0.9899365901947021,
          "x": -0.05886698141694069,
          "y": -0.03993218019604683,
          "z": -0.1223347932100296
        },
        "scale": {
          "x": 1.0,
          "y": 1.0,
          "z": 1.0
        },
        "matrix_basis": [
          [
            0.9668792486190796,
            0.2469087541103363,
            -0.06465769559144974,
            0.0
          ],
          [
            -0.23750600218772888,
            0.9631377458572388,
            0.12631934881210327,
            0.0
          ],
          [
            0.09346361458301544,
            -0.10677896440029144,
            0.9898802042007446,
            0.0
          ],
          [
            0.0,
            0.0,
            0.0,
            1.0
          ]
        ],
        "rotation_mode": "QUATERNION"
      },
      "armature_space": {
        "head": {
          "x": 0.0012481557205319405,
          "y": 0.026186998933553696,
          "z": 0.5632449388504028
        },
        "tail": {
          "x": 0.025852076709270477,
          "y": 0.00752481073141098,
          "z": 0.6610054969787598
        }
      },
      "world_space": {
        "head": {
          "x": 0.0012481557205319405,
          "y": 0.08943100273609161,
          "z": 1.513098955154419
        },
        "tail": {
          "x": 0.025852076709270477,
          "y": 0.0707688108086586,
          "z": 1.6108595132827759
        },
        "rotation_quaternion": {
          "w": 0.6376181244850159,
          "x": 0.7577655911445618,
          "y": 0.049264609813690186,
          "z": -0.12964355945587158
        },
        "matrix": [
          [
            0.9615313410758972,
            0.2399882823228836,
            -0.1336534321308136,
            0.0012481557205319405
          ],
          [
            -0.09066268801689148,
            -0.18203222751617432,
            -0.9791041612625122,
            0.08943100273609161
          ],
          [
            -0.25930458307266235,
            0.9535629749298096,
            -0.15327367186546326,
            1.513098955154419
          ],
          [
            0.0,
            0.0,
            0.0,
            1.0
          ]
        ]
      },
      "bone_length_armature_space": 0.10252198434706601,
      "parent": "spine_01",
      "has_children": true,
      "is_end_bone": false
    },
    "head": {
      "name": "head",
      "local": {
        "location": {
          "x": 0.0,
          "y": 0.0,
          "z": 0.0
        },
        "rotation_quaternion": {
          "w": 0.9850127696990967,
          "x": 0.07989146560430527,
          "y": 0.1396980583667755,
          "z": 0.06206202134490013
        },
        "scale": {
          "x": 1.0,
          "y": 1.0,
          "z": 1.0
        },
        "matrix_basis": [
          [
            0.9532654881477356,
            -0.0999424010515213,
            0.285125195980072,
            0.0
          ],
          [
            0.14458513259887695,
            0.9795313477516174,
            -0.1400483399629593,
            0.0
          ],
          [
            -0.26529228687286377,
            0.17472811043262482,
            0.9482036232948303,
            0.0
          ],
          [
            0.0,
            0.0,
            0.0,
            1.0
          ]
        ],
        "rotation_mode": "QUATERNION"
      },
      "armature_space": {
        "head": {
          "x": 0.025852035731077194,
          "y": 0.007524672895669937,
          "z": 0.661005437374115
        },
        "tail": {
          "x": 0.05108322203159332,
          "y": 0.010455495677888393,
          "z": 0.814002513885498
        }
      },
      "world_space": {
        "head": {
          "x": 0.025852035731077194,
          "y": 0.07076866924762726,
          "z": 1.6108593940734863
        },
        "tail": {
          "x": 0.05108322203159332,
          "y": 0.07369949668645859,
          "z": 1.7638565301895142
        },
        "rotation_quaternion": {
          "w": 0.7021057605743408,
          "x": 0.7002866864204407,
          "y": 0.12843701243400574,
          "z": 0.012247740291059017
        },
        "matrix": [
          [
            0.966707706451416,
            0.16268715262413025,
            0.19750764966011047,
            0.025852035731077194
          ],
          [
            0.1970849335193634,
            0.018897533416748047,
            -0.9802045226097107,
            0.07076866924762726
          ],
          [
            -0.16319993138313293,
            0.9865038394927979,
            -0.013795867562294006,
            1.6108593940734863
          ],
          [
            0.0,
            0.0,
            0.0,
            1.0
          ]
        ]
      },
      "bone_length_armature_space": 0.15509128951146725,
      "parent": "neck_01",
      "has_children": false,
      "is_end_bone": true
    },
    "upperarm_l": {
      "name": "upperarm_l",
      "local": {
        "location": {
          "x": 0.0,
          "y": 0.0,
          "z": 0.0
        },
        "rotation_quaternion": {
          "w": 0.8182559013366699,
          "x": 0.3515468239784241,
          "y": 0.2886864244937897,
          "z": 0.3514716923236847
        },
        "scale": {
          "x": 1.0,
          "y": 1.0,
          "z": 1.0
        },
        "matrix_basis": [
          [
            0.5862556099891663,
            -0.3722139894962311,
            0.7195562720298767,
            0.0
          ],
          [
            0.7781611680984497,
            0.5057649612426758,
            -0.3723803162574768,
            0.0
          ],
          [
            -0.2253212332725525,
            0.7782407402992249,
            0.5861499309539795,
            0.0
          ],
          [
            0.0,
            0.0,
            0.0,
            1.0
          ]
        ],
        "rotation_mode": "QUATERNION"
      },
      "armature_space": {
        "head": {
          "x": 0.14987419545650482,
          "y": 0.005660537630319595,
          "z": 0.4960430860519409
        },
        "tail": {
          "x": 0.2826732397079468,
          "y": -0.19810573756694794,
          "z": 0.6085219979286194
        }
      },
      "world_space": {
        "head": {
          "x": 0.14987419545650482,
          "y": 0.06890453398227692,
          "z": 1.445897102355957
        },
        "tail": {
          "x": 0.2826732397079468,
          "y": -0.13486173748970032,
          "z": 1.5583760738372803
        },
        "rotation_quaternion": {
          "w": 0.29466143250465393,
          "x": 0.8917984962463379,
          "y": 0.1815771609544754,
          "z": -0.2913759648799896
        },
        "matrix": [
          [
            0.7642598748207092,
            0.49557527899742126,
            -0.4126889705657959,
            0.14987419545650482
          ],
          [
            0.1521466076374054,
            -0.7604086399078369,
            -0.6313718557357788,
            0.06890453398227692
          ],
          [
            -0.6267087459564209,
            0.41974523663520813,
            -0.6565549373626709,
            1.445897102355957
          ],
          [
            0.0,
            0.0,
            0.0,
            1.0
          ]
        ]
      },
      "bone_length_armature_space": 0.2679697446137368,
      "parent": "spine_01",
      "has_children": true,
      "is_end_bone": false
    },
    "lowerarm_l": {
      "name": "lowerarm_l",
      "local": {
        "location": {
          "x": 0.0,
          "y": 0.0,
          "z": 0.0
        },
        "rotation_quaternion": {
          "w": 0.9554179906845093,
          "x": 0.16009724140167236,
          "y": 0.03077256679534912,
          "z": -0.24616746604442596
        },
        "scale": {
          "x": 1.0,
          "y": 1.0,
          "z": 1.0
        },
        "matrix_basis": [
          [
            0.8769092559814453,
            0.4802388548851013,
            -0.0200201366096735,
            0.0
          ],
          [
            -0.46053245663642883,
            0.8275408744812012,
            -0.32106998562812805,
            0.0
          ],
          [
            -0.13762278854846954,
            0.29076915979385376,
            0.9468438625335693,
            0.0
          ],
          [
            0.0,
            0.0,
            0.0,
            1.0
          ]
        ],
        "rotation_mode": "QUATERNION"
      },
      "armature_space": {
        "head": {
          "x": 0.282673180103302,
          "y": -0.1981058418750763,
          "z": 0.6085220575332642
        },
        "tail": {
          "x": 0.4171828031539917,
          "y": -0.42360302805900574,
          "z": 0.5572620630264282
        }
      },
      "world_space": {
        "head": {
          "x": 0.282673180103302,
          "y": -0.13486184179782867,
          "z": 1.5583760738372803
        },
        "tail": {
          "x": 0.4171828031539917,
          "y": -0.3603590130805969,
          "z": 1.5071160793304443
        },
        "rotation_quaternion": {
          "w": 0.0164573322981596,
          "x": 0.875375509262085,
          "y": 0.27978092432022095,
          "z": -0.3939156234264374
        },
        "matrix": [
          [
            0.5331056714057922,
            0.5027937293052673,
            -0.6804388165473938,
            0.282673180103302
          ],
          [
            0.4768613576889038,
            -0.8429030179977417,
            -0.24923476576805115,
            -0.13486184179782867
          ],
          [
            -0.6988620758056641,
            -0.19160859286785126,
            -0.6891242265701294,
            1.5583760738372803
          ],
          [
            0.0,
            0.0,
            0.0,
            1.0
          ]
        ]
      },
      "bone_length_armature_space": 0.26752458858228423,
      "parent": "upperarm_l",
      "has_children": true,
      "is_end_bone": false
    },
    "metacarpal_thumb_l": {
      "name": "metacarpal_thumb_l",
      "local": {
        "location": {
          "x": 0.0,
          "y": 0.0,
          "z": 0.0
        },
        "rotation_quaternion": {
          "w": 0.9992601275444031,
          "x": -0.033798735588788986,
          "y": 0.009278429672122002,
          "z": -0.015837473794817924
        },
        "scale": {
          "x": 1.0,
          "y": 1.0,
          "z": 1.0
        },
        "matrix_basis": [
          [
            0.9993261694908142,
            0.03102431446313858,
            0.019613703712821007,
            0.0
          ],
          [
            -0.03227870911359787,
            0.9972136616706848,
            0.06725356727838516,
            0.0
          ],
          [
            -0.017472555860877037,
            -0.06784135103225708,
            0.9975430965423584,
            0.0
          ],
          [
            0.0,
            0.0,
            0.0,
            1.0
          ]
        ],
        "rotation_mode": "QUATERNION"
      },
      "armature_space": {
        "head": {
          "x": 0.4171828031539917,
          "y": -0.42360302805900574,
          "z": 0.5572620630264282
        },
        "tail": {
          "x": 0.42159146070480347,
          "y": -0.4619019627571106,
          "z": 0.5261597037315369
        }
      },
      "world_space": {
        "head": {
          "x": 0.4171828031539917,
          "y": -0.3603590130805969,
          "z": 1.5071160793304443
        },
        "tail": {
          "x": 0.42159146070480347,
          "y": -0.39865797758102417,
          "z": 1.4760136604309082
        },
        "rotation_quaternion": {
          "w": 0.33391502499580383,
          "x": -0.9072721600532532,
          "y": 0.04365863651037216,
          "z": -0.25189661979675293
        },
        "matrix": [
          [
            0.8692843914031982,
            0.08900311589241028,
            0.48623374104499817,
            0.4171828031539917
          ],
          [
            -0.24744422733783722,
            -0.7731899619102478,
            0.5839081406593323,
            -0.3603590130805969
          ],
          [
            0.4279234707355499,
            -0.6279029846191406,
            -0.6501026749610901,
            1.5071160793304443
          ],
          [
            0.0,
            0.0,
            0.0,
            1.0
          ]
        ]
      },
      "bone_length_armature_space": 0.04953384057898027,
      "parent": "lowerarm_l",
      "has_children": true,
      "is_end_bone": false
    },
    "thumb_01_l": {
      "name": "thumb_01_l",
      "local": {
        "location": {
          "x": 0.0,
          "y": 0.0,
          "z": 0.0
        },
        "rotation_quaternion": {
          "w": 0.9959449172019958,
          "x": 0.08948944509029388,
          "y": 0.003361975308507681,
          "z": 0.008614975959062576
        },
        "scale": {
          "x": 1.0,
          "y": 1.0,
          "z": 1.0
        },
        "matrix_basis": [
          [
            0.9998289346694946,
            -0.016558360308408737,
            0.008238582871854305,
            0.0
          ],
          [
            0.017761806026101112,
            0.9838348627090454,
            -0.17819519340991974,
            0.0
          ],
          [
            -0.005154785700142384,
            0.1783110499382019,
            0.9839606881141663,
            0.0
          ],
          [
            0.0,
            0.0,
            0.0,
            1.0
          ]
        ],
        "rotation_mode": "QUATERNION"
      },
      "armature_space": {
        "head": {
          "x": 0.42159146070480347,
          "y": -0.4619019627571106,
          "z": 0.5261597037315369
        },
        "tail": {
          "x": 0.43779414892196655,
          "y": -0.46452420949935913,
          "z": 0.49633967876434326
        }
      },
      "world_space": {
        "head": {
          "x": 0.42159146070480347,
          "y": -0.39865797758102417,
          "z": 1.4760136604309082
        },
        "tail": {
          "x": 0.43779414892196655,
          "y": -0.4012802243232727,
          "z": 1.4461936950683594
        },
        "rotation_quaternion": {
          "w": 0.5343482494354248,
          "x": -0.2908571660518646,
          "y": 0.41946732997894287,
          "z": -0.6737368106842041
        },
        "matrix": [
          [
            -0.2597452700138092,
            0.47600996494293213,
            0.8402066826820374,
            0.42159146070480347
          ],
          [
            -0.9640309810638428,
            -0.07703711092472076,
            -0.25438034534454346,
            -0.39865797758102417
          ],
          [
            -0.05636167898774147,
            -0.8760656118392944,
            0.4789015054702759,
            1.4760136604309082
          ],
          [
            0.0,
            0.0,
            0.0,
            1.0
          ]
        ]
      },
      "bone_length_armature_space": 0.03403876009547086,
      "parent": "metacarpal_thumb_l",
      "has_children": true,
      "is_end_bone": false
    },
    "thumb_02_l": {
      "name": "thumb_02_l",
      "local": {
        "location": {
          "x": 0.0,
          "y": 0.0,
          "z": 0.0
        },
        "rotation_quaternion": {
          "w": 0.9850653409957886,
          "x": 0.1719992607831955,
          "y": -0.007490703836083412,
          "z": 0.002552912337705493
        },
        "scale": {
          "x": 1.0,
          "y": 1.0,
          "z": 1.0
        },
        "matrix_basis": [
          [
            0.9998747706413269,
            -0.007606361992657185,
            -0.013879467733204365,
            0.0
          ],
          [
            0.002452779794111848,
            0.940819501876831,
            -0.33889925479888916,
            0.0
          ],
          [
            0.015635862946510315,
            0.33882278203964233,
            0.94072026014328,
            0.0
          ],
          [
            0.0,
            0.0,
            0.0,
            1.0
          ]
        ],
        "rotation_mode": "QUATERNION"
      },
      "armature_space": {
        "head": {
          "x": 0.43779414892196655,
          "y": -0.46452414989471436,
          "z": 0.49633967876434326
        },
        "tail": {
          "x": 0.4579886198043823,
          "y": -0.49866849184036255,
          "z": 0.5026266574859619
        }
      },
      "world_space": {
        "head": {
          "x": 0.43779414892196655,
          "y": -0.40128016471862793,
          "z": 1.4461936950683594
        },
        "tail": {
          "x": 0.4579886198043823,
          "y": -0.4354245066642761,
          "z": 1.452480673789978
        },
        "rotation_quaternion": {
          "w": 0.27088889479637146,
          "x": 0.15032795071601868,
          "y": -0.039519935846328735,
          "z": -0.9499784708023071
        },
        "matrix": [
          [
            -0.8080416321754456,
            0.5027954578399658,
            -0.3070274293422699,
            0.43779414892196655
          ],
          [
            -0.5265591144561768,
            -0.850114643573761,
            -0.006358355283737183,
            -0.40128016471862793
          ],
          [
            -0.2642078101634979,
            0.15653063356876373,
            0.9516860842704773,
            1.4461936950683594
          ],
          [
            0.0,
            0.0,
            0.0,
            1.0
          ]
        ]
      },
      "bone_length_armature_space": 0.04016439825336931,
      "parent": "thumb_01_l",
      "has_children": true,
      "is_end_bone": false
    },
    "thumb_03_l": {
      "name": "thumb_03_l",
      "local": {
        "location": {
          "x": 0.0,
          "y": 0.0,
          "z": 0.0
        },
        "rotation_quaternion": {
          "w": 0.9963456988334656,
          "x": 0.08518186956644058,
          "y": -0.006188532337546349,
          "z": 0.0009670869912952185
        },
        "scale": {
          "x": 1.0,
          "y": 1.0,
          "z": 1.0
        },
        "matrix_basis": [
          [
            0.9999215602874756,
            -0.0029814073350280523,
            -0.01216707844287157,
            0.0
          ],
          [
            0.0008728044340386987,
            0.9854862093925476,
            -0.16975314915180206,
            0.0
          ],
          [
            0.012496591545641422,
            0.16972920298576355,
            0.985411524772644,
            0.0
          ],
          [
            0.0,
            0.0,
            0.0,
            1.0
          ]
        ],
        "rotation_mode": "QUATERNION"
      },
      "armature_space": {
        "head": {
          "x": 0.45798859000205994,
          "y": -0.49866849184036255,
          "z": 0.5026265382766724
        },
        "tail": {
          "x": 0.47022250294685364,
          "y": -0.5205575823783875,
          "z": 0.5198919177055359
        }
      },
      "world_space": {
        "head": {
          "x": 0.45798859000205994,
          "y": -0.4354245066642761,
          "z": 1.4524805545806885
        },
        "tail": {
          "x": 0.47022250294685364,
          "y": -0.457313597202301,
          "z": 1.4697458744049072
        },
        "rotation_quaternion": {
          "w": 0.3216472864151001,
          "x": 0.37382104992866516,
          "y": -0.1924988329410553,
          "z": -0.8483778238296509
        },
        "matrix": [
          [
            -0.5136014819145203,
            0.40183836221694946,
            -0.7581160068511963,
            0.45798859000205994
          ],
          [
            -0.6896776556968689,
            -0.7189739346504211,
            0.08614514768123627,
            -0.4354245066642761
          ],
          [
            -0.5104534029960632,
            0.5671032667160034,
            0.6464095115661621,
            1.4524805545806885
          ],
          [
            0.0,
            0.0,
            0.0,
            1.0
          ]
        ]
      },
      "bone_length_armature_space": 0.030444938038835023,
      "parent": "thumb_02_l",
      "has_children": false,
      "is_end_bone": true
    },
    "metacarpal_index_l": {
      "name": "metacarpal_index_l",
      "local": {
        "location": {
          "x": 0.0,
          "y": 0.0,
          "z": 0.0
        },
        "rotation_quaternion": {
          "w": 0.9999246001243591,
          "x": 0.009104141034185886,
          "y": -0.005846693180501461,
          "z": -0.0058036805130541325
        },
        "scale": {
          "x": 1.0,
          "y": 1.0,
          "z": 1.0
        },
        "matrix_basis": [
          [
            0.9998642802238464,
            0.01150002796202898,
            -0.01179817970842123,
            0.0
          ],
          [
            -0.011712944135069847,
            0.9997668862342834,
            -0.01813904382288456,
            0.0
          ],
          [
            0.011586830019950867,
            0.01827477477490902,
            0.9997658729553223,
            0.0
          ],
          [
            0.0,
            0.0,
            0.0,
            1.0
          ]
        ],
        "rotation_mode": "QUATERNION"
      },
      "armature_space": {
        "head": {
          "x": 0.4171828031539917,
          "y": -0.42360302805900574,
          "z": 0.5572620630264282
        },
        "tail": {
          "x": 0.45320752263069153,
          "y": -0.5222731232643127,
          "z": 0.5053420066833496
        }
      },
      "world_space": {
        "head": {
          "x": 0.4171828031539917,
          "y": -0.3603590130805969,
          "z": 1.5071160793304443
        },
        "tail": {
          "x": 0.45320752263069153,
          "y": -0.4590291380882263,
          "z": 1.4551960229873657
        },
        "rotation_quaternion": {
          "w": 0.23165377974510193,
          "x": -0.9597009420394897,
          "y": -0.15902040898799896,
          "z": -0.00480915792286396
        },
        "matrix": [
          [
            0.9493788480758667,
            0.3074522912502289,
            -0.06444521248340607,
            0.4171828031539917
          ],
          [
            0.3029964864253998,
            -0.8420982360839844,
            0.4461658000946045,
            -0.3603590130805969
          ],
          [
            0.08290630578994751,
            -0.4431108236312866,
            -0.8926330208778381,
            1.5071160793304443
          ],
          [
            0.0,
            0.0,
            0.0,
            1.0
          ]
        ]
      },
      "bone_length_armature_space": 0.11717192476798406,
      "parent": "lowerarm_l",
      "has_children": true,
      "is_end_bone": false
    },
    "index_01_l": {
      "name": "index_01_l",
      "local": {
        "location": {
          "x": 0.0,
          "y": 0.0,
          "z": 0.0
        },
        "rotation_quaternion": {
          "w": 0.9991035461425781,
          "x": -0.03968185931444168,
          "y": -0.014703062362968922,
          "z": 0.0012004224117845297
        },
        "scale": {
          "x": 1.0,
          "y": 1.0,
          "z": 1.0
        },
        "matrix_basis": [
          [
            0.9995647668838501,
            -0.001231802860274911,
            -0.029475033283233643,
            0.0
          ],
          [
            0.003565582213923335,
            0.9968478083610535,
            0.07925727218389511,
            0.0
          ],
          [
            0.029284493997693062,
            -0.07932787388563156,
            0.9964183568954468,
            0.0
          ],
          [
            0.0,
            0.0,
            0.0,
            1.0
          ]
        ],
        "rotation_mode": "QUATERNION"
      },
      "armature_space": {
        "head": {
          "x": 0.45320752263069153,
          "y": -0.5222731232643127,
          "z": 0.5053420066833496
        },
        "tail": {
          "x": 0.4707697033882141,
          "y": -0.5440748929977417,
          "z": 0.499926894903183
        }
      },
      "world_space": {
        "head": {
          "x": 0.45320752263069153,
          "y": -0.4590291380882263,
          "z": 1.4551960229873657
        },
        "tail": {
          "x": 0.4707697033882141,
          "y": -0.4808309078216553,
          "z": 1.4497809410095215
        },
        "rotation_quaternion": {
          "w": 0.1255781352519989,
          "x": -0.9366187453269958,
          "y": -0.3192741274833679,
          "z": -0.07099127024412155
        },
        "matrix": [
          [
            0.7860487699508667,
            0.6159061789512634,
            0.05279504880309105,
            0.45320752263069153
          ],
          [
            0.5802467465400696,
            -0.7645882964134216,
            0.2805686593055725,
            -0.4590291380882263
          ],
          [
            0.21317239105701447,
            -0.18990838527679443,
            -0.9583874940872192,
            1.4551960229873657
          ],
          [
            0.0,
            0.0,
            0.0,
            1.0
          ]
        ]
      },
      "bone_length_armature_space": 0.028514396159726018,
      "parent": "metacarpal_index_l",
      "has_children": true,
      "is_end_bone": false
    },
    "index_02_l": {
      "name": "index_02_l",
      "local": {
        "location": {
          "x": 0.0,
          "y": 0.0,
          "z": 0.0
        },
        "rotation_quaternion": {
          "w": 0.9853377342224121,
          "x": 0.17039881646633148,
          "y": 0.006529107689857483,
          "z": 0.005592024885118008
        },
        "scale": {
          "x": 1.0,
          "y": 1.0,
          "z": 1.0
        },
        "matrix_basis": [
          [
            0.999852180480957,
            -0.008794961497187614,
            0.014772500842809677,
            0.0
          ],
          [
            0.013245170935988426,
            0.9418659210205078,
            -0.3357277512550354,
            0.0
          ],
          [
            -0.010961003601551056,
            0.3358737826347351,
            0.9418432116508484,
            0.0
          ],
          [
            0.0,
            0.0,
            0.0,
            1.0
          ]
        ],
        "rotation_mode": "QUATERNION"
      },
      "armature_space": {
        "head": {
          "x": 0.4707697629928589,
          "y": -0.5440752506256104,
          "z": 0.49992647767066956
        },
        "tail": {
          "x": 0.48621615767478943,
          "y": -0.5606213808059692,
          "z": 0.4878547191619873
        }
      },
      "world_space": {
        "head": {
          "x": 0.4707697629928589,
          "y": -0.4808312654495239,
          "z": 1.4497804641723633
        },
        "tail": {
          "x": 0.48621615767478943,
          "y": -0.4973773956298828,
          "z": 1.4377087354660034
        },
        "rotation_quaternion": {
          "w": 0.2577729821205139,
          "x": -0.9069041609764099,
          "y": -0.33325299620628357,
          "z": 0.0045300633646547794
        },
        "matrix": [
          [
            0.7778435945510864,
            0.6021217107772827,
            -0.1800251305103302,
            0.4707697629928589
          ],
          [
            0.6067934036254883,
            -0.6449909806251526,
            0.4645305573940277,
            -0.4808312654495239
          ],
          [
            0.16359098255634308,
            -0.47057390213012695,
            -0.8670711517333984,
            1.4497804641723633
          ],
          [
            0.0,
            0.0,
            0.0,
            1.0
          ]
        ]
      },
      "bone_length_armature_space": 0.025653321214858353,
      "parent": "index_01_l",
      "has_children": true,
      "is_end_bone": false
    },
    "index_03_l": {
      "name": "index_03_l",
      "local": {
        "location": {
          "x": 0.0,
          "y": 0.0,
          "z": 0.0
        },
        "rotation_quaternion": {
          "w": 0.9801467657089233,
          "x": 0.19808635115623474,
          "y": 0.004836140666157007,
          "z": 0.0071264998987317085
        },
        "scale": {
          "x": 1.0,
          "y": 1.0,
          "z": 1.0
        },
        "matrix_basis": [
          [
            0.999851644039154,
            -0.012054084800183773,
            0.012303579598665237,
            0.0
          ],
          [
            0.015885978937149048,
            0.921422004699707,
            -0.38823845982551575,
            0.0
          ],
          [
            -0.006656930316239595,
            0.3883763253688812,
            0.9214768409729004,
            0.0
          ],
          [
            0.0,
            0.0,
            0.0,
            1.0
          ]
        ],
        "rotation_mode": "QUATERNION"
      },
      "armature_space": {
        "head": {
          "x": 0.48621615767478943,
          "y": -0.560621440410614,
          "z": 0.48785483837127686
        },
        "tail": {
          "x": 0.5014296770095825,
          "y": -0.5690944194793701,
          "z": 0.46439218521118164
        }
      },
      "world_space": {
        "head": {
          "x": 0.48621615767478943,
          "y": -0.4973774552345276,
          "z": 1.437708854675293
        },
        "tail": {
          "x": 0.5014296770095825,
          "y": -0.5058504343032837,
          "z": 1.4142462015151978
        },
        "rotation_quaternion": {
          "w": 0.48035410046577454,
          "x": -0.8017720580101013,
          "y": -0.35251495242118835,
          "z": 0.046419668942689896
        },
        "matrix": [
          [
            0.7471557259559631,
            0.5206778049468994,
            -0.4131019115447998,
            0.48621615767478943
          ],
          [
            0.6098710298538208,
            -0.28998589515686035,
            0.7375403046607971,
            -0.4973774552345276
          ],
          [
            0.2642294466495514,
            -0.8030019998550415,
            -0.5342140197753906,
            1.437708854675293
          ],
          [
            0.0,
            0.0,
            0.0,
            1.0
          ]
        ]
      },
      "bone_length_armature_space": 0.02921880624525533,
      "parent": "index_02_l",
      "has_children": false,
      "is_end_bone": true
    },
    "metacarpal_pinky_l": {
      "name": "metacarpal_pinky_l",
      "local": {
        "location": {
          "x": 0.0,
          "y": 0.0,
          "z": 0.0
        },
        "rotation_quaternion": {
          "w": 0.9996367692947388,
          "x": -0.014640683308243752,
          "y": -0.014684289693832397,
          "z": 0.017214324325323105
        },
        "scale": {
          "x": 1.0,
          "y": 1.0,
          "z": 1.0
        },
        "matrix_basis": [
          [
            0.9989760518074036,
            -0.0339861661195755,
            -0.029861969873309135,
            0.0
          ],
          [
            0.034846119582653046,
            0.9989786148071289,
            0.02876516990363598,
            0.0
          ],
          [
            0.028853852301836014,
            -0.02977629005908966,
            0.9991400241851807,
            0.0
          ],
          [
            0.0,
            0.0,
            0.0,
            1.0
          ]
        ],
        "rotation_mode": "QUATERNION"
      },
      "armature_space": {
        "head": {
          "x": 0.4171828031539917,
          "y": -0.42360302805900574,
          "z": 0.5572620630264282
        },
        "tail": {
          "x": 0.4919864535331726,
          "y": -0.49593305587768555,
          "z": 0.5612619519233704
        }
      },
      "world_space": {
        "head": {
          "x": 0.4171828031539917,
          "y": -0.3603590130805969,
          "z": 1.5071160793304443
        },
        "tail": {
          "x": 0.4919864535331726,
          "y": -0.4326890707015991,
          "z": 1.5111160278320312
        },
        "rotation_quaternion": {
          "w": 0.34776416420936584,
          "x": 0.46291905641555786,
          "y": 0.17820148169994354,
          "z": -0.7956194281578064
        },
        "matrix": [
          [
            -0.32953155040740967,
            0.71836256980896,
            -0.612669825553894,
            0.4171828031539917
          ],
          [
            -0.38839101791381836,
            -0.6946076154708862,
            -0.6055352687835693,
            -0.3603590130805969
          ],
          [
            -0.8605652451515198,
            0.038412127643823624,
            0.5079036355018616,
            1.5071160793304443
          ],
          [
            0.0,
            0.0,
            0.0,
            1.0
          ]
        ]
      },
      "bone_length_armature_space": 0.10413077462585846,
      "parent": "lowerarm_l",
      "has_children": true,
      "is_end_bone": false
    },
    "pinky_01_l": {
      "name": "pinky_01_l",
      "local": {
        "location": {
          "x": 0.0,
          "y": 0.0,
          "z": 0.0
        },
        "rotation_quaternion": {
          "w": 0.9980607032775879,
          "x": 0.060262180864810944,
          "y": 0.012977262027561665,
          "z": -0.008664745837450027
        },
        "scale": {
          "x": 1.0,
          "y": 1.0,
          "z": 1.0
        },
        "matrix_basis": [
          [
            0.9995130300521851,
            0.01885996013879776,
            0.024859877303242683,
            0.0
          ],
          [
            -0.0157318077981472,
            0.9925867915153503,
            -0.12051551789045334,
            0.0
          ],
          [
            -0.026948504149913788,
            0.12006574124097824,
            0.9924001097679138,
            0.0
          ],
          [
            0.0,
            0.0,
            0.0,
            1.0
          ]
        ],
        "rotation_mode": "QUATERNION"
      },
      "armature_space": {
        "head": {
          "x": 0.4919864535331726,
          "y": -0.49593305587768555,
          "z": 0.5612619519233704
        },
