{
  "metadata": {
    "armature_name": "KIM_caucasian_male",
    "export_time": "2026-01-13T21:12:29.728962",
    "blender_version": "4.4.1",
    "bone_count": 56,
    "end_bone_count": 13,
    "spaces_included": [
      "LOCAL_CHANNELS",
      "ARMATURE_SPACE",
      "WORLD_SPACE"
    ],
    "note": "LOCAL matches Transform panel; replay pose via local.matrix_basis for best fidelity."
  },
  "bones": {
    "Root": {
      "name": "Root",
      "local": {
        "location": {
          "x": 0.0,
          "y": 0.0,
          "z": 0.0
        },
        "rotation_quaternion": {
          "w": 0.9996987581253052,
          "x": 0.006997211836278439,
          "y": 0.001022749929688871,
          "z": -0.0235054399818182
        },
        "scale": {
          "x": 1.0,
          "y": 1.0,
          "z": 1.0
        },
        "matrix_basis": [
          [
            0.9988929033279419,
            0.047011032700538635,
            0.0017159385606646538,
            0.0
          ],
          [
            -0.046982403844594955,
            0.9987970590591431,
            -0.014038288034498692,
            0.0
          ],
          [
            -0.00237382878549397,
            0.013942128047347069,
            0.9998999834060669,
            0.0
          ],
          [
            0.0,
            0.0,
            0.0,
            1.0
          ]
        ],
        "rotation_mode": "QUATERNION"
      },
      "armature_space": {
        "head": {
          "x": 0.0,
          "y": 0.07072800397872925,
          "z": -0.009595036506652832
        },
        "tail": {
          "x": 0.0033554532565176487,
          "y": -4.868954420089722e-05,
          "z": -0.000997648574411869
        }
      },
      "world_space": {
        "head": {
          "x": 0.0,
          "y": 0.13397200405597687,
          "z": 0.9402589797973633
        },
        "tail": {
          "x": 0.0033554532565176487,
          "y": 0.06319531053304672,
          "z": 0.9488563537597656
        },
        "rotation_quaternion": {
          "w": 0.06036604940891266,
          "x": 0.9978989958763123,
          "y": 0.023520944640040398,
          "z": -0.0005630842642858624
        },
        "matrix": [
          [
            0.9988929033279419,
            0.047011032700538635,
            0.0017159385606646538,
            0.0
          ],
          [
            0.046875063329935074,
            -0.9916053414344788,
            -0.12050538510084152,
            0.13397200405597687
          ],
          [
            -0.003963531460613012,
            0.12045230716466904,
            -0.9927182197570801,
            0.9402589797973633
          ],
          [
            0.0,
            0.0,
            0.0,
            1.0
          ]
        ]
      },
      "bone_length_armature_space": 0.07137586614193793,
      "parent": null,
      "has_children": true,
      "is_end_bone": false
    },
    "spine_01": {
      "name": "spine_01",
      "local": {
        "location": {
          "x": 0.0,
          "y": 0.0,
          "z": 0.0
        },
        "rotation_quaternion": {
          "w": 0.9940714240074158,
          "x": 0.07006886601448059,
          "y": 0.05128204822540283,
          "z": -0.0654410794377327
        },
        "scale": {
          "x": 1.0,
          "y": 1.0,
          "z": 1.0
        },
        "matrix_basis": [
          [
            0.9861752390861511,
            0.1372927576303482,
            0.09278527647256851,
            0.0
          ],
          [
            -0.12291966378688812,
            0.9816156625747681,
            -0.14601881802082062,
            0.0
          ],
          [
            -0.11112680286169052,
            0.1325950026512146,
            0.9849210381507874,
            0.0
          ],
          [
            0.0,
            0.0,
            0.0,
            1.0
          ]
        ],
        "rotation_mode": "QUATERNION"
      },
      "armature_space": {
        "head": {
          "x": 0.0033554532565176487,
          "y": -4.868954420089722e-05,
          "z": -0.000997648574411869
        },
        "tail": {
          "x": 0.07448244839906693,
          "y": -0.04579273983836174,
          "z": 0.4796236455440521
        }
      },
      "world_space": {
        "head": {
          "x": 0.0033554532565176487,
          "y": 0.06319531053304672,
          "z": 0.9488563537597656
        },
        "tail": {
          "x": 0.07448244839906693,
          "y": 0.01745126023888588,
          "z": 1.4294776916503906
        },
        "rotation_quaternion": {
          "w": 0.6655231714248657,
          "x": 0.7395007014274597,
          "y": 0.10104445368051529,
          "z": 0.0027747720014303923
        },
        "matrix": [
          [
            0.9795645475387573,
            0.14575167000293732,
            0.13859960436820984,
            0.0033554532565176487
          ],
          [
            0.15313906967639923,
            -0.09373757243156433,
            -0.9837488532066345,
            0.06319531053304672
          ],
          [
            -0.13039180636405945,
            0.9848772287368774,
            -0.1141439825296402,
            0.9488563537597656
          ],
          [
            0.0,
            0.0,
            0.0,
            1.0
          ]
        ]
      },
      "bone_length_armature_space": 0.4880045237785731,
      "parent": "Root",
      "has_children": true,
      "is_end_bone": false
    },
    "neck_01": {
      "name": "neck_01",
      "local": {
        "location": {
          "x": 0.0,
          "y": 0.0,
          "z": 0.0
        },
        "rotation_quaternion": {
          "w": 0.9940003156661987,
          "x": -0.05945611745119095,
          "y": 0.0914270356297493,
          "z": 0.008343239314854145
        },
        "scale": {
          "x": 1.0,
          "y": 1.0,
          "z": 1.0
        },
        "matrix_basis": [
          [
            0.9831429719924927,
            -0.027458157390356064,
            0.18076489865779877,
            0.0
          ],
          [
            0.005714572034776211,
            0.992790699005127,
            0.11972439289093018,
            0.0
          ],
          [
            -0.18274912238121033,
            -0.11667320132255554,
            0.9762121438980103,
            0.0
          ],
          [
            0.0,
            0.0,
            0.0,
            1.0
          ]
        ],
        "rotation_mode": "QUATERNION"
      },
      "armature_space": {
        "head": {
          "x": 0.08996085822582245,
          "y": -0.08677290380001068,
          "z": 0.5477762818336487
        },
        "tail": {
          "x": 0.10543413460254669,
          "y": -0.12360189110040665,
          "z": 0.6421952843666077
        }
      },
      "world_space": {
        "head": {
          "x": 0.08996085822582245,
          "y": -0.02352890372276306,
          "z": 1.4976303577423096
        },
        "tail": {
          "x": 0.10543413460254669,
          "y": -0.06035789102315903,
          "z": 1.5920493602752686
        },
        "rotation_quaternion": {
          "w": 0.5486509203910828,
          "x": 0.821344256401062,
          "y": 0.13916075229644775,
          "z": 0.07078322023153305
        },
        "matrix": [
          [
            0.9512479305267334,
            0.15092739462852478,
            0.2689766585826874,
            0.08996085822582245
          ],
          [
            0.3062688708305359,
            -0.35923242568969727,
            -0.8815621733665466,
            -0.02352890372276306
          ],
          [
            -0.036426715552806854,
            0.9209691286087036,
            -0.3879470229148865,
            1.4976303577423096
          ],
          [
            0.0,
            0.0,
            0.0,
            1.0
          ]
        ]
      },
      "bone_length_armature_space": 0.10252192487441447,
      "parent": "spine_01",
      "has_children": true,
      "is_end_bone": false
    },
    "head": {
      "name": "head",
      "local": {
        "location": {
          "x": 0.0,
          "y": 0.0,
          "z": 0.0
        },
        "rotation_quaternion": {
          "w": 0.9748280048370361,
          "x": -0.04762359336018562,
          "y": 0.019159508869051933,
          "z": 0.21696816384792328
        },
        "scale": {
          "x": 1.0,
          "y": 1.0,
          "z": 1.0
        },
        "matrix_basis": [
          [
            0.9051154851913452,
            -0.42483818531036377,
            0.016688844189047813,
            0.0
          ],
          [
            0.4211883842945099,
            0.9013136029243469,
            0.10116363316774368,
            0.0
          ],
          [
            -0.058020059019327164,
            -0.0845356211066246,
            0.9947298169136047,
            0.0
          ],
          [
            0.0,
            0.0,
            0.0,
            1.0
          ]
        ],
        "rotation_mode": "QUATERNION"
      },
      "armature_space": {
        "head": {
          "x": 0.10543417185544968,
          "y": -0.1236020028591156,
          "z": 0.6421951651573181
        },
        "tail": {
          "x": 0.04472506046295166,
          "y": -0.1333998143672943,
          "z": 0.7845737934112549
        }
      },
      "world_space": {
        "head": {
          "x": 0.10543417185544968,
          "y": -0.06035800278186798,
          "z": 1.5920491218566895
        },
        "tail": {
          "x": 0.04472506046295166,
          "y": -0.07015581429004669,
          "z": 1.734427809715271
        },
        "rotation_quaternion": {
          "w": 0.683944046497345,
          "x": 0.6807340979576111,
          "y": -0.025154493749141693,
          "z": 0.26113003492355347
        },
        "matrix": [
          [
            0.8623559474945068,
            -0.3914438486099243,
            0.3211139142513275,
            0.10543417185544968
          ],
          [
            0.32295241951942444,
            -0.06317490339279175,
            -0.9443045854568481,
            -0.06035800278186798
          ],
          [
            0.38993147015571594,
            0.9180373549461365,
            0.07193797081708908,
            1.5920491218566895
          ],
          [
            0.0,
            0.0,
            0.0,
            1.0
          ]
        ]
      },
      "bone_length_armature_space": 0.15509115729887424,
      "parent": "neck_01",
      "has_children": false,
      "is_end_bone": true
    },
    "upperarm_l": {
      "name": "upperarm_l",
      "local": {
        "location": {
          "x": 0.0,
          "y": 0.0,
          "z": 0.0
        },
        "rotation_quaternion": {
          "w": 0.943950891494751,
          "x": 0.038369886577129364,
          "y": -0.04449734464287758,
          "z": -0.32481446862220764
        },
        "scale": {
          "x": 1.0,
          "y": 1.0,
          "z": 1.0
        },
        "matrix_basis": [
          [
            0.7850310802459717,
            0.6098030805587769,
            -0.10893280804157257,
            0.0
          ],
          [
            -0.6166325211524963,
            0.7860466241836548,
            -0.043531812727451324,
            0.0
          ],
          [
            0.05908042937517166,
            0.10134533792734146,
            0.9930954575538635,
            0.0
          ],
          [
            0.0,
            0.0,
            0.0,
            1.0
          ]
        ],
        "rotation_mode": "QUATERNION"
      },
      "armature_space": {
        "head": {
          "x": 0.22754190862178802,
          "y": -0.06063944846391678,
          "z": 0.4616621434688568
        },
        "tail": {
          "x": 0.4085314869880676,
          "y": -0.027751971036195755,
          "z": 0.26680493354797363
        }
      },
      "world_space": {
        "head": {
          "x": 0.22754190862178802,
          "y": 0.002604551613330841,
          "z": 1.4115161895751953
        },
        "tail": {
          "x": 0.4085314869880676,
          "y": 0.035492029041051865,
          "z": 1.2166589498519897
        },
        "rotation_quaternion": {
          "w": 0.30447039008140564,
          "x": 0.2146388739347458,
          "y": 0.6845885515213013,
          "z": -0.6265512108802795
        },
        "matrix": [
          [
            -0.7224562168121338,
            0.6754112243652344,
            0.14790791273117065,
            0.22754190862178802
          ],
          [
            -0.08765096962451935,
            0.12272847443819046,
            -0.9885622262954712,
            0.002604551613330841
          ],
          [
            -0.6858432292938232,
            -0.7271621227264404,
            -0.02946663647890091,
            1.4115161895751953
          ],
          [
            0.0,
            0.0,
            0.0,
            1.0
          ]
        ]
      },
      "bone_length_armature_space": 0.2679704175520468,
      "parent": "spine_01",
      "has_children": true,
      "is_end_bone": false
    },
    "lowerarm_l": {
      "name": "lowerarm_l",
      "local": {
        "location": {
          "x": 0.0,
          "y": 0.0,
          "z": 0.0
        },
        "rotation_quaternion": {
          "w": 0.9987232685089111,
          "x": 0.02089359238743782,
          "y": 0.0453583188354969,
          "z": 0.007612150628119707
        },
        "scale": {
          "x": 1.0,
          "y": 1.0,
          "z": 1.0
        },
        "matrix_basis": [
          [
            0.9957693815231323,
            -0.01330946758389473,
            0.09091890603303909,
            0.0
          ],
          [
            0.0171002596616745,
            0.9990110397338867,
            -0.04104328528046608,
            0.0
          ],
          [
            -0.09028272330760956,
            0.04242438077926636,
            0.9950121641159058,
            0.0
          ],
          [
            0.0,
            0.0,
            0.0,
            1.0
          ]
        ],
        "rotation_mode": "QUATERNION"
      },
      "armature_space": {
        "head": {
          "x": 0.40853163599967957,
          "y": -0.027751997113227844,
          "z": 0.26680493354797363
        },
        "tail": {
          "x": 0.609806478023529,
          "y": -0.034383490681648254,
          "z": 0.09069634974002838
        }
      },
      "world_space": {
        "head": {
          "x": 0.40853163599967957,
          "y": 0.035492002964019775,
          "z": 1.2166589498519897
        },
        "tail": {
          "x": 0.609806478023529,
          "y": 0.028860509395599365,
          "z": 1.0405503511428833
        },
        "rotation_quaternion": {
          "w": 0.33032119274139404,
          "x": 0.2516586482524872,
          "y": 0.6152191162109375,
          "z": -0.6701204776763916
        },
        "matrix": [
          [
            -0.6551114916801453,
            0.7523604035377502,
            0.06915777921676636,
            0.40853163599967957
          ],
          [
            -0.13306303322315216,
            -0.024788357317447662,
            -0.9907976984977722,
            0.035492002964019775
          ],
          [
            -0.7437279224395752,
            -0.6582896113395691,
            0.11635034531354904,
            1.2166589498519897
          ],
          [
            0.0,
            0.0,
            0.0,
            1.0
          ]
        ]
      },
      "bone_length_armature_space": 0.26752527722488584,
      "parent": "upperarm_l",
      "has_children": true,
      "is_end_bone": false
    },
    "metacarpal_thumb_l": {
      "name": "metacarpal_thumb_l",
      "local": {
        "location": {
          "x": 0.0,
          "y": 0.0,
          "z": 0.0
        },
        "rotation_quaternion": {
          "w": 0.9987374544143677,
          "x": -0.045736346393823624,
          "y": 0.017537470906972885,
          "z": 0.011140702292323112
        },
        "scale": {
          "x": 1.0,
          "y": 1.0,
          "z": 1.0
        },
        "matrix_basis": [
          [
            0.9991366267204285,
            -0.023857472464442253,
            0.034011587500572205,
            0.0
          ],
          [
            0.020649073645472527,
            0.9955681562423706,
            0.0917479619383812,
            0.0
          ],
          [
            -0.036049727350473404,
            -0.09096644818782806,
            0.9952012300491333,
            0.0
          ],
          [
            0.0,
            0.0,
            0.0,
            1.0
          ]
        ],
        "rotation_mode": "QUATERNION"
      },
      "armature_space": {
        "head": {
          "x": 0.609806478023529,
          "y": -0.034383490681648254,
          "z": 0.09069634974002838
        },
        "tail": {
          "x": 0.638302743434906,
          "y": -0.065855972468853,
          "z": 0.06518089771270752
        }
      },
      "world_space": {
        "head": {
          "x": 0.609806478023529,
          "y": 0.028860509395599365,
          "z": 1.0405503511428833
        },
        "tail": {
          "x": 0.638302743434906,
          "y": -0.002611972391605377,
          "z": 1.0150349140167236
        },
        "rotation_quaternion": {
          "w": 0.12497982382774353,
          "x": -0.8207288980484009,
          "y": -0.40827929973602295,
          "z": 0.37959492206573486
        },
        "matrix": [
          [
            0.37843018770217896,
            0.5752912759780884,
            -0.7251416444778442,
            0.609806478023529
          ],
          [
            0.765056848526001,
            -0.6353755593299866,
            -0.10481473058462143,
            0.028860509395599365
          ],
          [
            -0.5210390090942383,
            -0.515113353729248,
            -0.6805807948112488,
            1.0405503511428833
          ],
          [
            0.0,
            0.0,
            0.0,
            1.0
          ]
        ]
      },
      "bone_length_armature_space": 0.04953375160111722,
      "parent": "lowerarm_l",
      "has_children": true,
      "is_end_bone": false
    },
    "thumb_01_l": {
      "name": "thumb_01_l",
      "local": {
        "location": {
          "x": 0.0,
          "y": 0.0,
          "z": 0.0
        },
        "rotation_quaternion": {
          "w": 0.9968665242195129,
          "x": -0.07520052790641785,
          "y": -0.02314729243516922,
          "z": -0.008148961700499058
        },
        "scale": {
          "x": 1.0,
          "y": 1.0,
          "z": 1.0
        },
        "matrix_basis": [
          [
            0.9987955689430237,
            0.01972823217511177,
            -0.04492390900850296,
            0.0
          ],
          [
            -0.012765477411448956,
            0.9885569214820862,
            0.15030702948570251,
            0.0
          ],
          [
            0.047375135123729706,
            -0.14955252408981323,
            0.9876181483268738,
            0.0
          ],
          [
            0.0,
            0.0,
            0.0,
            1.0
          ]
        ],
        "rotation_mode": "QUATERNION"
      },
      "armature_space": {
        "head": {
          "x": 0.638302743434906,
          "y": -0.065855972468853,
          "z": 0.06518089771270752
        },
        "tail": {
          "x": 0.6302292943000793,
          "y": -0.08952303230762482,
          "z": 0.04208710789680481
        }
      },
      "world_space": {
        "head": {
          "x": 0.638302743434906,
          "y": -0.002611972391605377,
          "z": 1.0150349140167236
        },
        "tail": {
          "x": 0.6302292943000793,
          "y": -0.026279032230377197,
          "z": 0.9919410943984985
        },
        "rotation_quaternion": {
          "w": 0.3538329303264618,
          "x": -0.9161242842674255,
          "y": 0.16477811336517334,
          "z": -0.0914699137210846
        },
        "matrix": [
          [
            0.9289625287055969,
            -0.23718473315238953,
            0.28420382738113403,
            0.638302743434906
          ],
          [
            -0.3666450083255768,
            -0.6953011751174927,
            0.6181649565696716,
            -0.002611972391605377
          ],
          [
            0.050988346338272095,
            -0.6784593462944031,
            -0.7328757643699646,
            1.0150349140167236
          ],
          [
            0.0,
            0.0,
            0.0,
            1.0
          ]
        ]
      },
      "bone_length_armature_space": 0.0340387049800169,
      "parent": "metacarpal_thumb_l",
      "has_children": true,
      "is_end_bone": false
    },
    "thumb_02_l": {
      "name": "thumb_02_l",
      "local": {
        "location": {
          "x": 0.0,
          "y": 0.0,
          "z": 0.0
        },
        "rotation_quaternion": {
          "w": 0.9955314993858337,
          "x": 0.09434966742992401,
          "y": -0.0027596403378993273,
          "z": -0.0027467133477330208
        },
        "scale": {
          "x": 1.0,
          "y": 1.0,
          "z": 1.0
        },
        "matrix_basis": [
          [
            0.9999696612358093,
            0.004948136862367392,
            -0.006012920755892992,
            0.0
          ],
          [
            -0.005989621393382549,
            0.982181191444397,
            -0.18784096837043762,
            0.0
          ],
          [
            0.0049763149581849575,
            0.1878712922334671,
            0.9821810722351074,
            0.0
          ],
          [
            0.0,
            0.0,
            0.0,
            1.0
          ]
        ],
        "rotation_mode": "QUATERNION"
      },
      "armature_space": {
        "head": {
          "x": 0.6302292943000793,
          "y": -0.08952303975820541,
          "z": 0.04208715260028839
        },
        "tail": {
          "x": 0.6599733233451843,
          "y": -0.09176125377416611,
          "z": 0.015189699828624725
        }
      },
      "world_space": {
        "head": {
          "x": 0.6302292943000793,
          "y": -0.026279039680957794,
          "z": 0.9919411540031433
        },
        "tail": {
          "x": 0.6599733233451843,
          "y": -0.028517253696918488,
          "z": 0.9650437235832214
        },
        "rotation_quaternion": {
          "w": 0.6844624876976013,
          "x": -0.5327945947647095,
          "y": -0.06040620803833008,
          "z": -0.49395573139190674
        },
        "matrix": [
          [
            0.5047152042388916,
            0.7405564188957214,
            0.4436649978160858,
            0.6302292943000793
          ],
          [
            -0.6118226647377014,
            -0.055726319551467896,
            0.7890297174453735,
            -0.026279039680957794
          ],
          [
            0.6090486645698547,
            -0.6696838736534119,
            0.4249669313430786,
            0.9919411540031433
          ],
          [
            0.0,
            0.0,
            0.0,
            1.0
          ]
        ]
      },
      "bone_length_armature_space": 0.04016453452087723,
      "parent": "thumb_01_l",
      "has_children": true,
      "is_end_bone": false
    },
    "thumb_03_l": {
      "name": "thumb_03_l",
      "local": {
        "location": {
          "x": 0.0,
          "y": 0.0,
          "z": 0.0
        },
        "rotation_quaternion": {
          "w": 0.9981194734573364,
          "x": 0.060789480805397034,
          "y": 0.004800823982805014,
          "z": -0.0062657869420945644
        },
        "scale": {
          "x": 1.0,
          "y": 1.0,
          "z": 1.0
        },
        "matrix_basis": [
          [
            0.9998753666877747,
            0.013091687113046646,
            0.008821804076433182,
            0.0
          ],
          [
            -0.011924328282475471,
            0.9925307631492615,
            -0.12141048908233643,
            0.0
          ],
          [
            -0.010345379821956158,
            0.1212901696562767,
            0.9925631880760193,
            0.0
          ],
          [
            0.0,
            0.0,
            0.0,
            1.0
          ]
        ],
        "rotation_mode": "QUATERNION"
      },
      "armature_space": {
        "head": {
          "x": 0.6599733233451843,
          "y": -0.09176133573055267,
          "z": 0.01518973708152771
        },
        "tail": {
          "x": 0.6842542886734009,
          "y": -0.08246412873268127,
          "z": -0.000649740919470787
        }
      },
      "world_space": {
        "head": {
          "x": 0.6599733233451843,
          "y": -0.028517335653305054,
          "z": 0.9650437831878662
        },
        "tail": {
          "x": 0.6842542886734009,
          "y": -0.019220128655433655,
          "z": 0.9492042660713196
        },
        "rotation_quaternion": {
          "w": 0.8070253133773804,
          "x": -0.29878509044647217,
          "y": 0.03741268441081047,
          "z": -0.5079744458198547
        },
        "matrix": [
          [
            0.4811234474182129,
            0.7975394129753113,
            0.36393803358078003,
            0.6599733233451843
          ],
          [
            -0.842254102230072,
            0.3053782284259796,
            0.444243848323822,
            -0.028517335653305054
          ],
          [
            0.2431643307209015,
            -0.5202673077583313,
            0.8186615705490112,
            0.9650437831878662
          ],
          [
            0.0,
            0.0,
            0.0,
            1.0
          ]
        ]
      },
      "bone_length_armature_space": 0.030444907448428128,
      "parent": "thumb_02_l",
      "has_children": false,
      "is_end_bone": true
    },
    "metacarpal_index_l": {
      "name": "metacarpal_index_l",
      "local": {
        "location": {
          "x": 0.0,
          "y": 0.0,
          "z": 0.0
        },
        "rotation_quaternion": {
          "w": 0.9999516010284424,
          "x": 0.0006361827836371958,
          "y": 0.0031368271447718143,
          "z": 0.009306604042649269
        },
        "scale": {
          "x": 1.0,
          "y": 1.0,
          "z": 1.0
        },
        "matrix_basis": [
          [
            0.9998071193695068,
            -0.018608316779136658,
            0.0062851919792592525,
            0.0
          ],
          [
            0.018616298213601112,
            0.9998259544372559,
            -0.0012139176251366735,
            0.0
          ],
          [
            -0.0062615093775093555,
            0.0013306904584169388,
            0.9999794960021973,
            0.0
          ],
          [
            0.0,
            0.0,
            0.0,
            1.0
          ]
        ],
        "rotation_mode": "QUATERNION"
      },
      "armature_space": {
        "head": {
          "x": 0.609806478023529,
          "y": -0.034383490681648254,
          "z": 0.09069634974002838
        },
        "tail": {
          "x": 0.6927103400230408,
          "y": -0.07495830208063126,
          "z": 0.018516525626182556
        }
      },
      "world_space": {
        "head": {
          "x": 0.609806478023529,
          "y": 0.028860509395599365,
          "z": 1.0405503511428833
        },
        "tail": {
          "x": 0.6927103400230408,
          "y": -0.011714302003383636,
          "z": 0.9683705568313599
        },
        "rotation_quaternion": {
          "w": 0.008535188622772694,
          "x": 0.6106768846511841,
          "y": 0.5716492533683777,
          "z": -0.5479217171669006
        },
        "matrix": [
          [
            -0.2540046274662018,
            0.7075414061546326,
            -0.6594443321228027,
            0.609806478023529
          ],
          [
            0.6888317465782166,
            -0.34628498554229736,
            -0.636865496635437,
            0.028860509395599365
          ],
          [
            -0.6789684295654297,
            -0.6160174012184143,
            -0.39942246675491333,
            1.0405503511428833
          ],
          [
            0.0,
            0.0,
            0.0,
            1.0
          ]
        ]
      },
      "bone_length_armature_space": 0.11717206386389303,
      "parent": "lowerarm_l",
      "has_children": true,
      "is_end_bone": false
    },
    "index_01_l": {
      "name": "index_01_l",
      "local": {
        "location": {
          "x": 0.0,
          "y": 0.0,
          "z": 0.0
        },
        "rotation_quaternion": {
          "w": 0.99524986743927,
          "x": -0.09729095548391342,
          "y": -0.0015977079747244716,
          "z": -0.003113767132163048
        },
        "scale": {
          "x": 1.0,
          "y": 1.0,
          "z": 1.0
        },
        "matrix_basis": [
          [
            0.9999755024909973,
            0.006508837919682264,
            -0.0025743546430021524,
            0.0
          ],
          [
            -0.005887067411094904,
            0.9810495376586914,
            0.19366757571697235,
            0.0
          ],
          [
            0.0037861200980842113,
            -0.19364766776561737,
            0.9810638427734375,
            0.0
          ],
          [
            0.0,
            0.0,
            0.0,
            1.0
          ]
        ],
        "rotation_mode": "QUATERNION"
      },
      "armature_space": {
        "head": {
          "x": 0.6927103400230408,
          "y": -0.07495830208063126,
          "z": 0.018516525626182556
        },
        "tail": {
          "x": 0.7142443656921387,
          "y": -0.07131516188383102,
          "z": 0.00018383190035820007
        }
      },
      "world_space": {
        "head": {
          "x": 0.6927103400230408,
          "y": -0.011714302003383636,
          "z": 0.9683705568313599
        },
        "tail": {
          "x": 0.7142443656921387,
          "y": -0.008071161806583405,
          "z": 0.9500378370285034
        },
        "rotation_quaternion": {
          "w": 0.009132354520261288,
          "x": -0.5080167651176453,
          "y": -0.7508662939071655,
          "z": 0.42194250226020813
        },
        "matrix": [
          [
            -0.4836691915988922,
            0.7551984786987305,
            -0.442424476146698,
            0.6927103400230408
          ],
          [
            0.7706137299537659,
            0.12776510417461395,
            -0.6243642568588257,
            -0.011714302003383636
          ],
          [
            -0.4149946868419647,
            -0.6429282426834106,
            -0.6437674760818481,
            0.9683705568313599
          ],
          [
            0.0,
            0.0,
            0.0,
            1.0
          ]
        ]
      },
      "bone_length_armature_space": 0.028514459473182444,
      "parent": "metacarpal_index_l",
      "has_children": true,
      "is_end_bone": false
    },
    "index_02_l": {
      "name": "index_02_l",
      "local": {
        "location": {
          "x": 0.0,
          "y": 0.0,
          "z": 0.0
        },
        "rotation_quaternion": {
          "w": 0.999869704246521,
          "x": 0.012281072326004505,
          "y": -0.00870545580983162,
          "z": 0.005839102901518345
        },
        "scale": {
          "x": 1.0,
          "y": 1.0,
          "z": 1.0
        },
        "matrix_basis": [
          [
            0.9997802376747131,
            -0.01189050916582346,
            -0.01726522296667099,
            0.0
          ],
          [
            0.011462859809398651,
            0.9996301531791687,
            -0.024660607799887657,
            0.0
          ],
          [
            0.01755206473171711,
            0.024457279592752457,
            0.9995467662811279,
            0.0
          ],
          [
            0.0,
            0.0,
            0.0,
            1.0
          ]
        ],
        "rotation_mode": "QUATERNION"
      },
      "armature_space": {
        "head": {
          "x": 0.7142446041107178,
          "y": -0.07131549715995789,
          "z": 0.00018348172307014465
        },
        "tail": {
          "x": 0.7335190773010254,
          "y": -0.06751461327075958,
          "z": -0.016313254833221436
        }
      },
      "world_space": {
        "head": {
          "x": 0.7142446041107178,
          "y": -0.008071497082710266,
          "z": 0.9500374794006348
        },
        "tail": {
          "x": 0.7335190773010254,
          "y": -0.004270613193511963,
          "z": 0.9335407614707947
        },
        "rotation_quaternion": {
          "w": 0.02137709967792034,
          "x": 0.4836476445198059,
          "y": 0.7573809623718262,
          "z": -0.4381805658340454
        },
        "matrix": [
          [
            -0.531254231929779,
            0.7513449192047119,
            -0.39147117733955383,
            0.7142446041107178
          ],
          [
            0.7138787508010864,
            0.1481637954711914,
            -0.6844155788421631,
            -0.008071497082710266
          ],
          [
            -0.45623281598091125,
            -0.6430656909942627,
            -0.6150869727134705,
            0.9500374794006348
          ],
          [
            0.0,
            0.0,
            0.0,
            1.0
          ]
        ]
      },
      "bone_length_armature_space": 0.025653349559750082,
      "parent": "index_01_l",
      "has_children": true,
      "is_end_bone": false
    },
    "index_03_l": {
      "name": "index_03_l",
      "local": {
        "location": {
          "x": 0.0,
          "y": 0.0,
          "z": 0.0
        },
        "rotation_quaternion": {
          "w": 0.9990088939666748,
          "x": 0.04401145875453949,
          "y": -0.00037753733340650797,
          "z": 0.0066469935700297356
        },
        "scale": {
          "x": 1.0,
          "y": 1.0,
          "z": 1.0
        },
        "matrix_basis": [
          [
            0.999911367893219,
            -0.013314043171703815,
            -0.00016923854127526283,
            0.0
          ],
          [
            0.013247579336166382,
            0.9960376024246216,
            -0.08794069290161133,
            0.0
          ],
          [
            0.0013394140405580401,
            0.08793065696954727,
            0.9961256980895996,
            0.0
          ],
          [
            0.0,
            0.0,
            0.0,
            1.0
          ]
        ],
        "rotation_mode": "QUATERNION"
      },
      "armature_space": {
        "head": {
          "x": 0.7335191369056702,
          "y": -0.06751453131437302,
          "z": -0.01631314866244793
        },
        "tail": {
          "x": 0.7517498135566711,
          "y": -0.06505648046731949,
          "z": -0.03901423513889313
        }
      },
      "world_space": {
        "head": {
          "x": 0.7335191369056702,
          "y": -0.004270531237125397,
          "z": 0.9335408806800842
        },
        "tail": {
          "x": 0.7517498135566711,
          "y": -0.001812480390071869,
          "z": 0.9108397960662842
        },
        "rotation_quaternion": {
          "w": 0.0641370639204979,
          "x": -0.4680798649787903,
          "y": -0.7334510684013367,
          "z": 0.4887098968029022
        },
        "matrix": [
          [
            -0.5535730719566345,
            0.6239383220672607,
            -0.5515955686569214,
            0.7335191369056702
          ],
          [
            0.74931800365448,
            0.08412593603134155,
            -0.6568450331687927,
            -0.004270531237125397
          ],
          [
            -0.36342909932136536,
            -0.7769373655319214,
            -0.514102578163147,
            0.9335408806800842
          ],
          [
            0.0,
            0.0,
            0.0,
            1.0
          ]
        ]
      },
      "bone_length_armature_space": 0.02921881061082117,
      "parent": "index_02_l",
      "has_children": false,
      "is_end_bone": true
    },
    "metacarpal_pinky_l": {
      "name": "metacarpal_pinky_l",
      "local": {
        "location": {
          "x": 0.0,
          "y": 0.0,
          "z": 0.0
        },
        "rotation_quaternion": {
          "w": 0.9997172355651855,
          "x": -0.022619985044002533,
          "y": -0.006960990838706493,
          "z": 0.002321820240467787
        },
        "scale": {
          "x": 1.0,
          "y": 1.0,
          "z": 1.0
        },
        "matrix_basis": [
          [
            0.9998922944068909,
            -0.004327412229031324,
            -0.014023084193468094,
            0.0
          ],
          [
            0.004957242403179407,
            0.9989659190177917,
            0.045194853097200394,
            0.0
          ],
          [
            0.01381300576031208,
            -0.0452595017850399,
            0.9988797903060913,
            0.0
          ],
          [
            0.0,
            0.0,
            0.0,
            1.0
          ]
        ],
        "rotation_mode": "QUATERNION"
      },
      "armature_space": {
        "head": {
          "x": 0.609806478023529,
          "y": -0.034383490681648254,
          "z": 0.09069634974002838
        },
        "tail": {
          "x": 0.6784124374389648,
          "y": -0.004592135548591614,
          "z": 0.018246538937091827
        }
      },
      "world_space": {
        "head": {
          "x": 0.609806478023529,
          "y": 0.028860509395599365,
          "z": 1.0405503511428833
        },
        "tail": {
          "x": 0.6784124374389648,
          "y": 0.058651864528656006,
          "z": 0.9681005477905273
        },
        "rotation_quaternion": {
          "w": 0.7190840244293213,
          "x": -0.20719316601753235,
          "y": 0.35491806268692017,
          "z": -0.5603770017623901
        },
        "matrix": [
          [
            0.12001938372850418,
            0.6588445901870728,
            0.742643415927887,
            0.609806478023529
          ],
          [
            -0.9529897570610046,
            0.28609561920166016,
            -0.09979943931102753,
            0.028860509395599365
          ],
          [
            -0.27822205424308777,
            -0.695758044719696,
            0.6622138023376465,
            1.0405503511428833
          ],
          [
            0.0,
            0.0,
            0.0,
            1.0
          ]
        ]
      },
      "bone_length_armature_space": 0.10413105925423025,
      "parent": "lowerarm_l",
      "has_children": true,
      "is_end_bone": false
    },
    "pinky_01_l": {
      "name": "pinky_01_l",
      "local": {
        "location": {
          "x": 0.0,
          "y": 0.0,
          "z": 0.0
        },
        "rotation_quaternion": {
          "w": 0.9948618412017822,
          "x": -0.10067645460367203,
          "y": 0.0046027470380067825,
          "z": -0.009649723768234253
        },
        "scale": {
          "x": 1.0,
          "y": 1.0,
          "z": 1.0
        },
        "matrix_basis": [
          [
            0.9997714161872864,
            0.018273508176207542,
            0.01110119465738535,
            0.0
          ],
          [
            -0.020127059891819954,
            0.9795422554016113,
            0.2002294957637787,
            0.0
          ],
          [
            -0.007215194869786501,
            -0.20040716230869293,
            0.9796861410140991,
            0.0
          ],
          [
            0.0,
            0.0,
            0.0,
            1.0
          ]
        ],
        "rotation_mode": "QUATERNION"
      },
      "armature_space": {
        "head": {
          "x": 0.6784124374389648,
