{
  "metadata": {
    "armature_name": "KIM_caucasian_male",
    "export_time": "2026-01-13T19:11:23.524814",
    "blender_version": "4.4.1",
    "bone_count": 56,
    "end_bone_count": 13,
    "spaces_included": [
      "LOCAL_CHANNELS",
      "ARMATURE_SPACE",
      "WORLD_SPACE"
    ],
    "note": "LOCAL matches Transform panel; replay pose via local.matrix_basis for best fidelity."
  },
  "bones": {
    "Root": {
      "name": "Root",
      "local": {
        "location": {
          "x": 0.0,
          "y": 0.0,
          "z": 0.0
        },
        "rotation_quaternion": {
          "w": 0.9997667074203491,
          "x": -0.009859198704361916,
          "y": 0.015238656662404537,
          "z": 0.011712952516973019
        },
        "scale": {
          "x": 1.0,
          "y": 1.0,
          "z": 1.0
        },
        "matrix_basis": [
          [
            0.999261200428009,
            -0.02372092194855213,
            0.030239243060350418,
            0.0
          ],
          [
            0.023119958117604256,
            0.9995312094688416,
            0.020070776343345642,
            0.0
          ],
          [
            -0.0307011641561985,
            -0.01935681700706482,
            0.9993411302566528,
            0.0
          ],
          [
            0.0,
            0.0,
            0.0,
            1.0
          ]
        ],
        "rotation_mode": "QUATERNION"
      },
      "armature_space": {
        "head": {
          "x": 0.0,
          "y": 0.07072800397872925,
          "z": -0.009595036506652832
        },
        "tail": {
          "x": -0.001693101366981864,
          "y": 0.00021889060735702515,
          "z": 0.0013645803555846214
        }
      },
      "world_space": {
        "head": {
          "x": 0.0,
          "y": 0.13397200405597687,
          "z": 0.9402589797973633
        },
        "tail": {
          "x": -0.001693101366981864,
          "y": 0.06346289068460464,
          "z": 0.9512186050415039
        },
        "rotation_quaternion": {
          "w": 0.07718874514102936,
          "x": 0.9968313574790955,
          "y": -0.010659747757017612,
          "z": 0.01599312014877796
        },
        "matrix": [
          [
            0.999261200428009,
            -0.02372092194855213,
            0.030239243060350418,
            0.0
          ],
          [
            -0.018782952800393105,
            -0.9878564476966858,
            -0.15422971546649933,
            0.13397200405597687
          ],
          [
            0.033530719578266144,
            0.15354792773723602,
            -0.9875791668891907,
            0.9402589797973633
          ],
          [
            0.0,
            0.0,
            0.0,
            1.0
          ]
        ]
      },
      "bone_length_armature_space": 0.07137586945812872,
      "parent": null,
      "has_children": true,
      "is_end_bone": false
    },
    "spine_01": {
      "name": "spine_01",
      "local": {
        "location": {
          "x": 0.0,
          "y": 0.0,
          "z": 0.0
        },
        "rotation_quaternion": {
          "w": 0.997543454170227,
          "x": 0.06284887343645096,
          "y": -0.00798407755792141,
          "z": 0.029891029000282288
        },
        "scale": {
          "x": 1.0,
          "y": 1.0,
          "z": 1.0
        },
        "matrix_basis": [
          [
            0.9980855584144592,
            -0.060638781636953354,
            -0.012171694077551365,
            0.0
          ],
          [
            0.058631621301174164,
            0.9903131127357483,
            -0.12586626410484314,
            0.0
          ],
          [
            0.01968616433441639,
            0.12491165846586227,
            0.9919725656509399,
            0.0
          ],
          [
            0.0,
            0.0,
            0.0,
            1.0
          ]
        ],
        "rotation_mode": "QUATERNION"
      },
      "armature_space": {
        "head": {
          "x": -0.001693101366981864,
          "y": 0.00021889060735702515,
          "z": 0.0013645803555846214
        },
        "tail": {
          "x": -0.04810687527060509,
          "y": -0.0277862511575222,
          "z": 0.48634907603263855
        }
      },
      "world_space": {
        "head": {
          "x": -0.001693101366981864,
          "y": 0.06346289068460464,
          "z": 0.9512186050415039
        },
        "tail": {
          "x": -0.04810687527060509,
          "y": 0.03545774891972542,
          "z": 1.436203122138977
        },
        "rotation_quaternion": {
          "w": 0.6850687861442566,
          "x": 0.726776659488678,
          "y": -0.04457440599799156,
          "z": 0.022128166630864143
        },
        "matrix": [
          [
            0.9950469136238098,
            -0.0951099544763565,
            -0.028909234330058098,
            -0.001693101366981864
          ],
          [
            -0.0344732403755188,
            -0.05738744139671326,
            -0.9977566599845886,
            0.06346289068460464
          ],
          [
            0.09323816746473312,
            0.9938181638717651,
            -0.06038326770067215,
            0.9512186050415039
          ],
          [
            0.0,
            0.0,
            0.0,
            1.0
          ]
        ]
      },
      "bone_length_armature_space": 0.4880045934959092,
      "parent": "Root",
      "has_children": true,
      "is_end_bone": false
    },
    "neck_01": {
      "name": "neck_01",
      "local": {
        "location": {
          "x": 0.0,
          "y": 0.0,
          "z": 0.0
        },
        "rotation_quaternion": {
          "w": 0.9934169054031372,
          "x": -0.04576617479324341,
          "y": -0.03177042305469513,
          "z": -0.10009526461362839
        },
        "scale": {
          "x": 1.0,
          "y": 1.0,
          "z": 1.0
        },
        "matrix_basis": [
          [
            0.9779431819915771,
            0.20178067684173584,
            -0.05396059527993202,
            0.0
          ],
          [
            -0.19596463441848755,
            0.9757727980613708,
            0.09728991985321045,
            0.0
          ],
          [
            0.0722845047712326,
            -0.08456964790821075,
            0.9937921762466431,
            0.0
          ],
          [
            0.0,
            0.0,
            0.0,
            1.0
          ]
        ],
        "rotation_mode": "QUATERNION"
      },
      "armature_space": {
        "head": {
          "x": -0.05607326701283455,
          "y": -0.06659071147441864,
          "z": 0.5570207834243774
        },
        "tail": {
          "x": -0.045454882085323334,
          "y": -0.10275331884622574,
          "z": 0.652363657951355
        }
      },
      "world_space": {
        "head": {
          "x": -0.05607326701283455,
          "y": -0.0033467113971710205,
          "z": 1.5068747997283936
        },
        "tail": {
          "x": -0.045454882085323334,
          "y": -0.03950931876897812,
          "z": 1.602217674255371
        },
        "rotation_quaternion": {
          "w": 0.5682580471038818,
          "x": 0.8207392692565918,
          "y": 0.026765737682580948,
          "z": -0.0524735152721405
        },
        "matrix": [
          [
            0.993060290813446,
            0.10357244312763214,
            -0.05571387708187103,
            -0.05607326701283455
          ],
          [
            -0.01570107787847519,
            -0.35273247957229614,
            -0.9355926513671875,
            -0.0033467113971710205
          ],
          [
            -0.11655451357364655,
            0.9299806356430054,
            -0.34866172075271606,
            1.5068747997283936
          ],
          [
            0.0,
            0.0,
            0.0,
            1.0
          ]
        ]
      },
      "bone_length_armature_space": 0.10252193750703308,
      "parent": "spine_01",
      "has_children": true,
      "is_end_bone": false
    },
    "head": {
      "name": "head",
      "local": {
        "location": {
          "x": 0.0,
          "y": 0.0,
          "z": 0.0
        },
        "rotation_quaternion": {
          "w": 0.9716322422027588,
          "x": 0.05669782683253288,
          "y": 0.04522383213043213,
          "z": 0.2251022607088089
        },
        "scale": {
          "x": 1.0,
          "y": 1.0,
          "z": 1.0
        },
        "matrix_basis": [
          [
            0.8945675492286682,
            -0.4323050379753113,
            0.11340748518705368,
            0.0
          ],
          [
            0.44256141781806946,
            0.8922286629676819,
            -0.08981890231370926,
            0.0
          ],
          [
            -0.06235624849796295,
            0.13053885102272034,
            0.9894803166389465,
            0.0
          ],
          [
            0.0,
            0.0,
            0.0,
            1.0
          ]
        ],
        "rotation_mode": "QUATERNION"
      },
      "armature_space": {
        "head": {
          "x": -0.04545489698648453,
          "y": -0.10275343805551529,
          "z": 0.6523635387420654
        },
        "tail": {
          "x": -0.09632876515388489,
          "y": -0.12044626474380493,
          "z": 0.7978010773658752
        }
      },
      "world_space": {
        "head": {
          "x": -0.04545489698648453,
          "y": -0.03950943797826767,
          "z": 1.6022175550460815
        },
        "tail": {
          "x": -0.09632876515388489,
          "y": -0.05720226466655731,
          "z": 1.7476551532745361
        },
        "rotation_quaternion": {
          "w": 0.6587396860122681,
          "x": 0.7324517369270325,
          "y": -0.09498265385627747,
          "z": 0.14337004721164703
        },
        "matrix": [
          [
            0.9408469200134277,
            -0.3280275762081146,
            0.08488374203443527,
            -0.04545489698648453
          ],
          [
            0.04974469915032387,
            -0.11408086121082306,
            -0.9922254681587219,
            -0.03950943797826767
          ],
          [
            0.33516326546669006,
            0.9377610087394714,
            -0.09101659059524536,
            1.6022175550460815
          ],
          [
            0.0,
            0.0,
            0.0,
            1.0
          ]
        ]
      },
      "bone_length_armature_space": 0.15509114711852043,
      "parent": "neck_01",
      "has_children": false,
      "is_end_bone": true
    },
    "upperarm_l": {
      "name": "upperarm_l",
      "local": {
        "location": {
          "x": 0.0,
          "y": 0.0,
          "z": 0.0
        },
        "rotation_quaternion": {
          "w": 0.7721167802810669,
          "x": 0.21504978835582733,
          "y": 0.39561957120895386,
          "z": 0.4484133720397949
        },
        "scale": {
          "x": 1.0,
          "y": 1.0,
          "z": 1.0
        },
        "matrix_basis": [
          [
            0.28482121229171753,
            -0.5222991704940796,
            0.8037914037704468,
            0.0
          ],
          [
            0.8626108169555664,
            0.505358099937439,
            0.022715112194418907,
            0.0
          ],
          [
            -0.4180666208267212,
            0.6868892908096313,
            0.5944774746894836,
            0.0
          ],
          [
            0.0,
            0.0,
            0.0,
            1.0
          ]
        ],
        "rotation_mode": "QUATERNION"
      },
      "armature_space": {
        "head": {
          "x": 0.09948372095823288,
          "y": -0.07108679413795471,
          "z": 0.5040217041969299
        },
        "tail": {
          "x": 0.22650671005249023,
          "y": -0.265211284160614,
          "z": 0.6381435394287109
        }
      },
      "world_space": {
        "head": {
          "x": 0.09948372095823288,
          "y": -0.007842794060707092,
          "z": 1.4538757801055908
        },
        "tail": {
          "x": 0.22650671005249023,
          "y": -0.2019672840833664,
          "z": 1.587997555732727
        },
        "rotation_quaternion": {
          "w": 0.2765921652317047,
          "x": 0.9281864762306213,
          "y": 0.24755342304706573,
          "z": -0.026155585423111916
        },
        "matrix": [
          [
            0.8760663866996765,
            0.47402048110961914,
            0.08838904649019241,
            0.09948372095823288
          ],
          [
            0.4450832009315491,
            -0.7244278192520142,
            -0.5264081358909607,
            -0.007842794060707092
          ],
          [
            -0.18549764156341553,
            0.5005117654800415,
            -0.8456316590309143,
            1.4538757801055908
          ],
          [
            0.0,
            0.0,
            0.0,
            1.0
          ]
        ]
      },
      "bone_length_armature_space": 0.26796981586099744,
      "parent": "spine_01",
      "has_children": true,
      "is_end_bone": false
    },
    "lowerarm_l": {
      "name": "lowerarm_l",
      "local": {
        "location": {
          "x": 0.0,
          "y": 0.0,
          "z": 0.0
        },
        "rotation_quaternion": {
          "w": 0.8920570611953735,
          "x": 0.4513532519340515,
          "y": -0.0005401457892730832,
          "z": 0.02267567254602909
        },
        "scale": {
          "x": 1.0,
          "y": 1.0,
          "z": 1.0
        },
        "matrix_basis": [
          [
            0.9989710450172424,
            -0.040943581610918045,
            0.01950579509139061,
            0.0
          ],
          [
            0.03996839374303818,
            0.5915321111679077,
            -0.8052902221679688,
            0.0
          ],
          [
            0.021433159708976746,
            0.8052412271499634,
            0.5925598740577698,
            0.0
          ],
          [
            0.0,
            0.0,
            0.0,
            1.0
          ]
        ],
        "rotation_mode": "QUATERNION"
      },
      "armature_space": {
        "head": {
          "x": 0.22650666534900665,
          "y": -0.26521146297454834,
          "z": 0.6381435394287109
        },
        "tail": {
          "x": 0.2629752457141876,
          "y": -0.5020940899848938,
          "z": 0.5192896127700806
        }
      },
      "world_space": {
        "head": {
          "x": 0.22650666534900665,
          "y": -0.20196746289730072,
          "z": 1.587997555732727
        },
        "tail": {
          "x": 0.2629752457141876,
          "y": -0.4388501048088074,
          "z": 1.4691436290740967
        },
        "rotation_quaternion": {
          "w": 0.212874636054039,
          "x": -0.9558154940605164,
          "y": -0.10933323204517365,
          "z": 0.17072580754756927
        },
        "matrix": [
          [
            0.9177979826927185,
            0.13631868362426758,
            -0.3729133903980255,
            0.22650666534900665
          ],
          [
            0.28169137239456177,
            -0.8854615688323975,
            0.36960500478744507,
            -0.20196746289730072
          ],
          [
            -0.2798181176185608,
            -0.4442731738090515,
            -0.8510801792144775,
            1.587997555732727
          ],
          [
            0.0,
            0.0,
            0.0,
            1.0
          ]
        ]
      },
      "bone_length_armature_space": 0.2675249347498238,
      "parent": "upperarm_l",
      "has_children": true,
      "is_end_bone": false
    },
    "metacarpal_thumb_l": {
      "name": "metacarpal_thumb_l",
      "local": {
        "location": {
          "x": 0.0,
          "y": 0.0,
          "z": 0.0
        },
        "rotation_quaternion": {
          "w": 0.9988692998886108,
          "x": -0.042748626321554184,
          "y": -0.008013364858925343,
          "z": 0.01920112408697605
        },
        "scale": {
          "x": 1.0,
          "y": 1.0,
          "z": 1.0
        },
        "matrix_basis": [
          [
            0.9991341829299927,
            -0.0376737043261528,
            -0.01765025220811367,
            0.0
          ],
          [
            0.03904394805431366,
            0.9956077337265015,
            0.08509285002946854,
            0.0
          ],
          [
            0.014366964809596539,
            -0.08570831269025803,
            0.9962166547775269,
            0.0
          ],
          [
            0.0,
            0.0,
            0.0,
            1.0
          ]
        ],
        "rotation_mode": "QUATERNION"
      },
      "armature_space": {
        "head": {
          "x": 0.2629752457141876,
          "y": -0.5020940899848938,
          "z": 0.5192896127700806
        },
        "tail": {
          "x": 0.2610924243927002,
          "y": -0.5235627889633179,
          "z": 0.4746895730495453
        }
      },
      "world_space": {
        "head": {
          "x": 0.2629752457141876,
          "y": -0.4388501048088074,
          "z": 1.4691436290740967
        },
        "tail": {
          "x": 0.2610924243927002,
          "y": -0.46031880378723145,
          "z": 1.4245436191558838
        },
        "rotation_quaternion": {
          "w": 0.4461226165294647,
          "x": -0.7284337878227234,
          "y": 0.29028716683387756,
          "z": -0.4313841462135315
        },
        "matrix": [
          [
            0.45928287506103516,
            -0.038010984659194946,
            0.8874765634536743,
            0.2629752457141876
          ],
          [
            -0.8078100085258484,
            -0.43341657519340515,
            0.39949098229408264,
            -0.4388501048088074
          ],
          [
            0.36946386098861694,
            -0.9003983736038208,
            -0.22976776957511902,
            1.4691436290740967
          ],
          [
            0.0,
            0.0,
            0.0,
            1.0
          ]
        ]
      },
      "bone_length_armature_space": 0.049533963070169246,
      "parent": "lowerarm_l",
      "has_children": true,
      "is_end_bone": false
    },
    "thumb_01_l": {
      "name": "thumb_01_l",
      "local": {
        "location": {
          "x": 0.0,
          "y": 0.0,
          "z": 0.0
        },
        "rotation_quaternion": {
          "w": 0.9965462684631348,
          "x": -0.08228779584169388,
          "y": -0.010618428699672222,
          "z": 0.0033874581567943096
        },
        "scale": {
          "x": 1.0,
          "y": 1.0,
          "z": 1.0
        },
        "matrix_basis": [
          [
            0.9997515678405762,
            -0.0050039831548929214,
            -0.02172100357711315,
            0.0
          ],
          [
            0.008499051444232464,
            0.9864344596862793,
            0.16393525898456573,
            0.0
          ],
          [
            0.020606018602848053,
            -0.16407912969589233,
            0.9862319231033325,
            0.0
          ],
          [
            0.0,
            0.0,
            0.0,
            1.0
          ]
        ],
        "rotation_mode": "QUATERNION"
      },
      "armature_space": {
        "head": {
          "x": 0.2610924243927002,
          "y": -0.5235627889633179,
          "z": 0.4746895730495453
        },
        "tail": {
          "x": 0.2776164412498474,
          "y": -0.5153571367263794,
          "z": 0.44608432054519653
        }
      },
      "world_space": {
        "head": {
          "x": 0.2610924243927002,
          "y": -0.46031880378723145,
          "z": 1.4245436191558838
        },
        "tail": {
          "x": 0.2776164412498474,
          "y": -0.45211315155029297,
          "z": 1.3959383964538574
        },
        "rotation_quaternion": {
          "w": 0.44229429960250854,
          "x": -0.04451839253306389,
          "y": 0.6518515348434448,
          "z": -0.6143969893455505
        },
        "matrix": [
          [
            -0.6047852635383606,
            0.48544982075691223,
            0.6313267946243286,
            0.2610924243927002
          ],
          [
            -0.601530134677887,
            0.241069495677948,
            -0.7616081833839417,
            -0.46031880378723145
          ],
          [
            -0.5219201445579529,
            -0.8403770923614502,
            0.1462176889181137,
            1.4245436191558838
          ],
          [
            0.0,
            0.0,
            0.0,
            1.0
          ]
        ]
      },
      "bone_length_armature_space": 0.034038747837951244,
      "parent": "metacarpal_thumb_l",
      "has_children": true,
      "is_end_bone": false
    },
    "thumb_02_l": {
      "name": "thumb_02_l",
      "local": {
        "location": {
          "x": 0.0,
          "y": 0.0,
          "z": 0.0
        },
        "rotation_quaternion": {
          "w": 0.9965862035751343,
          "x": 0.08166353404521942,
          "y": -0.01198326051235199,
          "z": 0.0018572760745882988
        },
        "scale": {
          "x": 1.0,
          "y": 1.0,
          "z": 1.0
        },
        "matrix_basis": [
          [
            0.9997059106826782,
            -0.005659062415361404,
            -0.023581361398100853,
            0.0
          ],
          [
            0.0017446805723011494,
            0.9866552352905273,
            -0.16281402111053467,
            0.0
          ],
          [
            0.024188047274947166,
            0.16272498667240143,
            0.9863749146461487,
            0.0
          ],
          [
            0.0,
            0.0,
            0.0,
            1.0
          ]
        ],
        "rotation_mode": "QUATERNION"
      },
      "armature_space": {
        "head": {
          "x": 0.2776164412498474,
          "y": -0.5153570771217346,
          "z": 0.4460843503475189
        },
        "tail": {
          "x": 0.2850935161113739,
          "y": -0.5484253168106079,
          "z": 0.4245489835739136
        }
      },
      "world_space": {
        "head": {
          "x": 0.2776164412498474,
          "y": -0.4521130919456482,
          "z": 1.3959383964538574
        },
        "tail": {
          "x": 0.2850935161113739,
          "y": -0.4851813316345215,
          "z": 1.3744029998779297
        },
        "rotation_quaternion": {
          "w": 0.03950841724872589,
          "x": 0.19049480557441711,
          "y": 0.2945815920829773,
          "z": -0.9356135129928589
        },
        "matrix": [
          [
            -0.9243019223213196,
            0.18616166710853577,
            -0.3331816494464874,
            0.2776164412498474
          ],
          [
            0.03830284625291824,
            -0.8233218789100647,
            -0.5662807822227478,
            -0.4521130919456482
          ],
          [
            -0.3797380328178406,
            -0.5361805558204651,
            0.7538722157478333,
            1.3959383964538574
          ],
          [
            0.0,
            0.0,
            0.0,
            1.0
          ]
        ]
      },
      "bone_length_armature_space": 0.04016450056018848,
      "parent": "thumb_01_l",
      "has_children": true,
      "is_end_bone": false
    },
    "thumb_03_l": {
      "name": "thumb_03_l",
      "local": {
        "location": {
          "x": 0.0,
          "y": 0.0,
          "z": 0.0
        },
        "rotation_quaternion": {
          "w": 0.996700644493103,
          "x": 0.0810384675860405,
          "y": -0.0043234690092504025,
          "z": 0.0013605168787762523
        },
        "scale": {
          "x": 1.0,
          "y": 1.0,
          "z": 1.0
        },
        "matrix_basis": [
          [
            0.9999589323997498,
            -0.003412790596485138,
            -0.008397900499403477,
            0.0
          ],
          [
            0.002011321485042572,
            0.9868618249893188,
            -0.16155394911766052,
            0.0
          ],
          [
            0.008838917128741741,
            0.16153042018413544,
            0.9868281483650208,
            0.0
          ],
          [
            0.0,
            0.0,
            0.0,
            1.0
          ]
        ],
        "rotation_mode": "QUATERNION"
      },
      "armature_space": {
        "head": {
          "x": 0.2850934863090515,
          "y": -0.5484251976013184,
          "z": 0.4245489239692688
        },
        "tail": {
          "x": 0.2888282835483551,
          "y": -0.5783586502075195,
          "z": 0.42043429613113403
        }
      },
      "world_space": {
        "head": {
          "x": 0.2850934863090515,
          "y": -0.48518121242523193,
          "z": 1.3744029998779297
        },
        "tail": {
          "x": 0.2888282835483551,
          "y": -0.5151146650314331,
          "z": 1.370288372039795
        },
        "rotation_quaternion": {
          "w": 0.0296791922301054,
          "x": 0.39443185925483704,
          "y": 0.08670786768198013,
          "z": -0.9143437147140503
        },
        "matrix": [
          [
            -0.6870854496955872,
            0.12267439067363739,
            -0.7161458134651184,
            0.2850934863090515
          ],
          [
            0.014126494526863098,
            -0.9832018613815308,
            -0.18197385966777802,
            -0.48518121242523193
          ],
          [
            -0.7264443039894104,
            -0.13514992594718933,
            0.6738153100013733,
            1.3744029998779297
          ],
          [
            0.0,
            0.0,
            0.0,
            1.0
          ]
        ]
      },
      "bone_length_armature_space": 0.03044487588710208,
      "parent": "thumb_02_l",
      "has_children": false,
      "is_end_bone": true
    },
    "metacarpal_index_l": {
      "name": "metacarpal_index_l",
      "local": {
        "location": {
          "x": 0.0,
          "y": 0.0,
          "z": 0.0
        },
        "rotation_quaternion": {
          "w": 0.9998281002044678,
          "x": 0.015546855516731739,
          "y": -0.009689944796264172,
          "z": 0.002899957587942481
        },
        "scale": {
          "x": 1.0,
          "y": 1.0,
          "z": 1.0
        },
        "matrix_basis": [
          [
            0.9997953772544861,
            -0.0061002145521342754,
            -0.019286388531327248,
            0.0
          ],
          [
            0.005497621838003397,
            0.9994997978210449,
            -0.03114456683397293,
            0.0
          ],
          [
            0.01946672797203064,
            0.03103216551244259,
            0.9993287920951843,
            0.0
          ],
          [
            0.0,
            0.0,
            0.0,
            1.0
          ]
        ],
        "rotation_mode": "QUATERNION"
      },
      "armature_space": {
        "head": {
          "x": 0.2629752457141876,
          "y": -0.5020940899848938,
          "z": 0.5192896127700806
        },
        "tail": {
          "x": 0.2715037763118744,
          "y": -0.5833442807197571,
          "z": 0.43529555201530457
        }
      },
      "world_space": {
        "head": {
          "x": 0.2629752457141876,
          "y": -0.4388501048088074,
          "z": 1.4691436290740967
        },
        "tail": {
          "x": 0.2715037763118744,
          "y": -0.5201002955436707,
          "z": 1.385149598121643
        },
        "rotation_quaternion": {
          "w": 0.3857201039791107,
          "x": -0.8859690427780151,
          "y": 0.06712839752435684,
          "z": -0.24854089319705963
        },
        "matrix": [
          [
            0.8674428462982178,
            0.07278650999069214,
            0.49218428134918213,
            0.2629752457141876
          ],
          [
            -0.3106813132762909,
            -0.6934281587600708,
            0.6501035690307617,
            -0.4388501048088074
          ],
          [
            0.38861557841300964,
            -0.7168457508087158,
            -0.5788993239402771,
            1.4691436290740967
          ],
          [
            0.0,
            0.0,
            0.0,
            1.0
          ]
        ]
      },
      "bone_length_armature_space": 0.11717223031304387,
      "parent": "lowerarm_l",
      "has_children": true,
      "is_end_bone": false
    },
    "index_01_l": {
      "name": "index_01_l",
      "local": {
        "location": {
          "x": 0.0,
          "y": 0.0,
          "z": 0.0
        },
        "rotation_quaternion": {
          "w": 0.9935424327850342,
          "x": -0.11191870272159576,
          "y": 0.017873981967568398,
          "z": -0.005312946159392595
        },
        "scale": {
          "x": 1.0,
          "y": 1.0,
          "z": 1.0
        },
        "matrix_basis": [
          [
            0.9993045926094055,
            0.006556408945471048,
            0.0367063544690609,
            0.0
          ],
          [
            -0.014558140188455582,
            0.9748919606208801,
            0.22220203280448914,
            0.0
          ],
          [
            -0.03432788327336311,
            -0.2225818932056427,
            0.9743094444274902,
            0.0
          ],
          [
            0.0,
            0.0,
            0.0,
            1.0
          ]
        ],
        "rotation_mode": "QUATERNION"
      },
      "armature_space": {
        "head": {
          "x": 0.2715037763118744,
          "y": -0.5833442807197571,
          "z": 0.43529555201530457
        },
        "tail": {
          "x": 0.27654337882995605,
          "y": -0.6100937128067017,
          "z": 0.4268018901348114
        }
      },
      "world_space": {
        "head": {
          "x": 0.2715037763118744,
          "y": -0.5201002955436707,
          "z": 1.385149598121643
        },
        "tail": {
          "x": 0.27654337882995605,
          "y": -0.5468497276306152,
          "z": 1.37665593624115
        },
        "rotation_quaternion": {
          "w": 0.17319010198116302,
          "x": -0.9216355085372925,
          "y": -0.030885575339198112,
          "z": -0.3458893299102783
        },
        "matrix": [
          [
            0.758813738822937,
            0.1767391860485077,
            0.6268694996833801,
            0.2715037763118744
          ],
          [
            -0.06287826597690582,
            -0.9381028413772583,
            0.34060147404670715,
            -0.5201002955436707
          ],
          [
            0.6482701301574707,
            -0.29787254333496094,
            -0.7007368803024292,
            1.385149598121643
          ],
          [
            0.0,
            0.0,
            0.0,
            1.0
          ]
        ]
      },
      "bone_length_armature_space": 0.0285144172748591,
      "parent": "metacarpal_index_l",
      "has_children": true,
      "is_end_bone": false
    },
    "index_02_l": {
      "name": "index_02_l",
      "local": {
        "location": {
          "x": 0.0,
          "y": 0.0,
          "z": 0.0
        },
        "rotation_quaternion": {
          "w": 0.9997801780700684,
          "x": 0.020660407841205597,
          "y": 0.0015456441324204206,
          "z": 0.0032242853194475174
        },
        "scale": {
          "x": 1.0,
          "y": 1.0,
          "z": 1.0
        },
        "matrix_basis": [
          [
            0.9999744296073914,
            -0.006383285857737064,
            0.0032238387502729893,
            0.0
          ],
          [
            0.006511020474135876,
            0.9991254806518555,
            -0.04130176454782486,
            0.0
          ],
          [
            -0.0029573787469416857,
            0.04132169857621193,
            0.9991415143013,
            0.0
          ],
          [
            0.0,
            0.0,
            0.0,
            1.0
          ]
        ],
        "rotation_mode": "QUATERNION"
      },
      "armature_space": {
        "head": {
          "x": 0.2765434682369232,
          "y": -0.610093891620636,
          "z": 0.4268014430999756
        },
        "tail": {
          "x": 0.2816055119037628,
          "y": -0.6341338753700256,
          "z": 0.4194158613681793
        }
      },
      "world_space": {
        "head": {
          "x": 0.2765434682369232,
          "y": -0.5468499064445496,
          "z": 1.3766554594039917
        },
        "tail": {
          "x": 0.2816055119037628,
          "y": -0.5708898901939392,
          "z": 1.369269847869873
        },
        "rotation_quaternion": {
          "w": 0.17084363102912903,
          "x": -0.9311652183532715,
          "y": -0.047507718205451965,
          "z": -0.3185701072216034
        },
        "matrix": [
          [
            0.7925126552581787,
            0.19732603430747986,
            0.5770499110221863,
            0.2765434682369232
          ],
          [
            -0.0203758105635643,
            -0.9371111392974854,
            0.3484356999397278,
            -0.5468499064445496
          ],
          [
            0.6095196008682251,
            -0.287900447845459,
            -0.7386566400527954,
            1.3766554594039917
          ],
          [
            0.0,
            0.0,
            0.0,
            1.0
          ]
        ]
      },
      "bone_length_armature_space": 0.025653302282793146,
      "parent": "index_01_l",
      "has_children": true,
      "is_end_bone": false
    },
    "index_03_l": {
      "name": "index_03_l",
      "local": {
        "location": {
          "x": 0.0,
          "y": 0.0,
          "z": 0.0
        },
        "rotation_quaternion": {
          "w": 0.9997451901435852,
          "x": 0.021267035976052284,
          "y": 0.0005876576178707182,
          "z": 0.0075544086284935474
        },
        "scale": {
          "x": 1.0,
          "y": 1.0,
          "z": 1.0
        },
        "matrix_basis": [
          [
            0.9998851418495178,
            -0.015079972334206104,
            0.0014963354915380478,
            0.0
          ],
          [
            0.01512996293604374,
            0.9989812970161438,
            -0.04251435399055481,
            0.0
          ],
          [
            -0.0008536959649063647,
            0.04253211244940758,
            0.9990947246551514,
            0.0
          ],
          [
            0.0,
            0.0,
            0.0,
            1.0
          ]
        ],
        "rotation_mode": "QUATERNION"
      },
      "armature_space": {
        "head": {
          "x": 0.28160542249679565,
          "y": -0.6341338753700256,
          "z": 0.4194159507751465
        },
        "tail": {
          "x": 0.29133573174476624,
          "y": -0.6599020957946777,
          "z": 0.4096664786338806
        }
      },
      "world_space": {
        "head": {
          "x": 0.28160542249679565,
          "y": -0.5708898901939392,
          "z": 1.3692699670791626
        },
        "tail": {
          "x": 0.29133573174476624,
          "y": -0.5966581106185913,
          "z": 1.359520435333252
        },
        "rotation_quaternion": {
          "w": 0.22267493605613708,
          "x": -0.9034769535064697,
          "y": -0.09726934134960175,
          "z": -0.35310614109039307
        },
        "matrix": [
          [
            0.7317100763320923,
            0.33301666378974915,
            0.5947274565696716,
            0.28160542249679565
          ],
          [
            0.01850621961057186,
            -0.8819094300270081,
            0.47105544805526733,
            -0.5708898901939392
          ],
          [
            0.6813698410987854,
            -0.33367303013801575,
            -0.6514689922332764,
            1.3692699670791626
          ],
          [
            0.0,
            0.0,
            0.0,
            1.0
          ]
        ]
      },
      "bone_length_armature_space": 0.02921869742495064,
      "parent": "index_02_l",
      "has_children": false,
      "is_end_bone": true
    },
    "metacarpal_pinky_l": {
      "name": "metacarpal_pinky_l",
      "local": {
        "location": {
          "x": 0.0,
          "y": 0.0,
          "z": 0.0
        },
        "rotation_quaternion": {
          "w": 0.9996775984764099,
          "x": -0.01619834266602993,
          "y": 0.009245168417692184,
          "z": 0.01723049022257328
        },
        "scale": {
          "x": 1.0,
          "y": 1.0,
          "z": 1.0
        },
        "matrix_basis": [
          [
            0.9992352724075317,
            -0.03474938124418259,
            0.017926163971424103,
            0.0
          ],
          [
            0.03415035828948021,
            0.998881459236145,
            0.03270483762025833,
            0.0
          ],
          [
            -0.019042586907744408,
            -0.032067641615867615,
            0.9993042945861816,
            0.0
          ],
          [
            0.0,
            0.0,
            0.0,
            1.0
          ]
        ],
        "rotation_mode": "QUATERNION"
      },
      "armature_space": {
        "head": {
          "x": 0.2629752457141876,
          "y": -0.5020940899848938,
          "z": 0.5192896127700806
        },
        "tail": {
          "x": 0.292206346988678,
          "y": -0.6010832190513611,
          "z": 0.5055086612701416
        }
      },
      "world_space": {
        "head": {
          "x": 0.2629752457141876,
          "y": -0.4388501048088074,
          "z": 1.4691436290740967
        },
        "tail": {
          "x": 0.292206346988678,
          "y": -0.5378392338752747,
          "z": 1.4553626775741577
        },
        "rotation_quaternion": {
          "w": 0.05391909182071686,
          "x": 0.694524347782135,
          "y": 0.14758339524269104,
          "z": -0.7021024227142334
        },
        "matrix": [
          [
            -0.029457520693540573,
            0.28071531653404236,
            -0.9593392014503479,
            0.2629752457141876
          ],
          [
            0.12928658723831177,
            -0.9506233930587769,
            -0.2821350693702698,
            -0.4388501048088074
          ],
          [
            -0.9911766648292542,
            -0.13234256207942963,
            -0.008290066383779049,
            1.4691436290740967
          ],
          [
            0.0,
            0.0,
            0.0,
            1.0
          ]
        ]
      },
      "bone_length_armature_space": 0.10413078297571375,
      "parent": "lowerarm_l",
      "has_children": true,
      "is_end_bone": false
    },
    "pinky_01_l": {
      "name": "pinky_01_l",
      "local": {
        "location": {
          "x": 0.0,
          "y": 0.0,
          "z": 0.0
        },
        "rotation_quaternion": {
          "w": 0.9924712181091309,
          "x": -0.12206223607063293,
          "y": -0.009853895753622055,
          "z": -0.002140181139111519
        },
        "scale": {
          "x": 1.0,
          "y": 1.0,
          "z": 1.0
        },
        "matrix_basis": [
          [
            0.9997966289520264,
            0.0066537135280668736,
            -0.019036944955587387,
            0.0
          ],
          [
            -0.001842559315264225,
            0.9701924324035645,
            0.2423286885023117,
            0.0
          ],
          [
            0.020081887021660805,
            -0.24224433302879333,
            0.9700074195861816,
            0.0
          ],
          [
            0.0,
            0.0,
            0.0,
            1.0
          ]
        ],
        "rotation_mode": "QUATERNION"
      },
      "armature_space": {
        "head": {
          "x": 0.292206346988678,
          "y": -0.6010832190513611,
          "z": 0.5055086612701416
        },
