{
  "metadata": {
    "armature_name": "KIM_caucasian_male",
    "export_time": "2026-01-13T20:24:36.596948",
    "blender_version": "4.4.1",
    "bone_count": 56,
    "end_bone_count": 13,
    "spaces_included": [
      "LOCAL_CHANNELS",
      "ARMATURE_SPACE",
      "WORLD_SPACE"
    ],
    "note": "LOCAL matches Transform panel; replay pose via local.matrix_basis for best fidelity."
  },
  "bones": {
    "Root": {
      "name": "Root",
      "local": {
        "location": {
          "x": 0.0,
          "y": 0.0,
          "z": 0.0
        },
        "rotation_quaternion": {
          "w": 0.99945068359375,
          "x": -0.011561712250113487,
          "y": 0.004081359598785639,
          "z": -0.030790938064455986
        },
        "scale": {
          "x": 1.0,
          "y": 1.0,
          "z": 1.0
        },
        "matrix_basis": [
          [
            0.9980705380439758,
            0.061453673988580704,
            0.008870227262377739,
            0.0
          ],
          [
            -0.061642423272132874,
            0.9978364706039429,
            0.02285938523709774,
            0.0
          ],
          [
            -0.007446243427693844,
            -0.023362061008810997,
            0.9996993541717529,
            0.0
          ],
          [
            0.0,
            0.0,
            0.0,
            1.0
          ]
        ],
        "rotation_mode": "QUATERNION"
      },
      "armature_space": {
        "head": {
          "x": 0.0,
          "y": 0.07072800397872925,
          "z": -0.009595036506652832
        },
        "tail": {
          "x": 0.0043863095343112946,
          "y": 0.0003771856427192688,
          "z": 0.0016316045075654984
        }
      },
      "world_space": {
        "head": {
          "x": 0.0,
          "y": 0.13397200405597687,
          "z": 0.9402589797973633
        },
        "tail": {
          "x": 0.0043863095343112946,
          "y": 0.06362118571996689,
          "z": 0.9514856338500977
        },
        "rotation_quaternion": {
          "w": 0.07886610180139542,
          "x": 0.996401309967041,
          "y": 0.030995946377515793,
          "z": 0.0019977649208158255
        },
        "matrix": [
          [
            0.9980705380439758,
            0.061453673988580704,
            0.008870227262377739,
            0.0
          ],
          [
            0.062083903700113297,
            -0.9856386780738831,
            -0.15704117715358734,
            0.13397200405597687
          ],
          [
            -0.0009078644216060638,
            0.1572890281677246,
            -0.9875593185424805,
            0.9402589797973633
          ],
          [
            0.0,
            0.0,
            0.0,
            1.0
          ]
        ]
      },
      "bone_length_armature_space": 0.0713758703405349,
      "parent": null,
      "has_children": true,
      "is_end_bone": false
    },
    "spine_01": {
      "name": "spine_01",
      "local": {
        "location": {
          "x": 0.0,
          "y": 0.0,
          "z": 0.0
        },
        "rotation_quaternion": {
          "w": 0.9993590712547302,
          "x": 0.010280116461217403,
          "y": 0.03266121819615364,
          "z": -0.010441566817462444
        },
        "scale": {
          "x": 1.0,
          "y": 1.0,
          "z": 1.0
        },
        "matrix_basis": [
          [
            0.9976484179496765,
            0.02154127135872841,
            0.0650658905506134,
            0.0
          ],
          [
            -0.02019822597503662,
            0.9995706081390381,
            -0.021229123696684837,
            0.0
          ],
          [
            -0.06549525260925293,
            0.019864987581968307,
            0.9976551532745361,
            0.0
          ],
          [
            0.0,
            0.0,
            0.0,
            1.0
          ]
        ],
        "rotation_mode": "QUATERNION"
      },
      "armature_space": {
        "head": {
          "x": 0.0043863095343112946,
          "y": 0.0003771856427192688,
          "z": 0.0016316045075654984
        },
        "tail": {
          "x": 0.013806147500872612,
          "y": 0.025390183553099632,
          "z": 0.48890382051467896
        }
      },
      "world_space": {
        "head": {
          "x": 0.0043863095343112946,
          "y": 0.06362118571996689,
          "z": 0.9514856338500977
        },
        "tail": {
          "x": 0.013806147500872612,
          "y": 0.0886341854929924,
          "z": 1.4387578964233398
        },
        "rotation_quaternion": {
          "w": 0.7230823636054993,
          "x": 0.6877630949020386,
          "y": 0.05272228643298149,
          "z": 0.03679940104484558
        },
        "matrix": [
          [
            0.9917322993278503,
            0.01930289715528488,
            0.1268635243177414,
            0.0043863095343112946
          ],
          [
            0.1257387399673462,
            0.05125601589679718,
            -0.9907384514808655,
            0.06362118571996689
          ],
          [
            -0.02562670223414898,
            0.9985061287879944,
            0.04840452969074249,
            0.9514856338500977
          ],
          [
            0.0,
            0.0,
            0.0,
            1.0
          ]
        ]
      },
      "bone_length_armature_space": 0.4880046894094136,
      "parent": "Root",
      "has_children": true,
      "is_end_bone": false
    },
    "neck_01": {
      "name": "neck_01",
      "local": {
        "location": {
          "x": 0.0,
          "y": 0.0,
          "z": 0.0
        },
        "rotation_quaternion": {
          "w": 0.9973519444465637,
          "x": -0.03340946510434151,
          "y": -0.05528569594025612,
          "z": 0.03341461345553398
        },
        "scale": {
          "x": 1.0,
          "y": 1.0,
          "z": 1.0
        },
        "matrix_basis": [
          [
            0.9916539192199707,
            -0.06295812875032425,
            -0.11251132190227509,
            0.0
          ],
          [
            0.0703463926911354,
            0.9955345392227173,
            0.06294728815555573,
            0.0
          ],
          [
            0.10804586112499237,
            -0.07033669203519821,
            0.9916545748710632,
            0.0
          ],
          [
            0.0,
            0.0,
            0.0,
            1.0
          ]
        ],
        "rotation_mode": "QUATERNION"
      },
      "armature_space": {
        "head": {
          "x": 0.019619159400463104,
          "y": -0.005216175690293312,
          "z": 0.5636916160583496
        },
        "tail": {
          "x": 0.019177289679646492,
          "y": -0.03284241259098053,
          "z": 0.6624202728271484
        }
      },
      "world_space": {
        "head": {
          "x": 0.019619159400463104,
          "y": 0.05802782624959946,
          "z": 1.5135456323623657
        },
        "tail": {
          "x": 0.019177289679646492,
          "y": 0.03040158748626709,
          "z": 1.6122742891311646
        },
        "rotation_quaternion": {
          "w": 0.6043696999549866,
          "x": 0.7967011332511902,
          "y": -0.00173461704980582,
          "z": 0.0012790932087227702
        },
        "matrix": [
          [
            0.999990701675415,
            -0.004310018382966518,
            -5.8591365814208984e-05,
            0.019619159400463104
          ],
          [
            -0.0012178942561149597,
            -0.26946815848350525,
            -0.9630087018013,
            0.05802782624959946
          ],
          [
            0.004134811460971832,
            0.9630062580108643,
            -0.26947373151779175,
            1.5135456323623657
          ],
          [
            0.0,
            0.0,
            0.0,
            1.0
          ]
        ]
      },
      "bone_length_armature_space": 0.10252195861332755,
      "parent": "spine_01",
      "has_children": true,
      "is_end_bone": false
    },
    "head": {
      "name": "head",
      "local": {
        "location": {
          "x": 0.0,
          "y": 0.0,
          "z": 0.0
        },
        "rotation_quaternion": {
          "w": 0.9670723676681519,
          "x": 0.06084846705198288,
          "y": -0.12068729847669601,
          "z": -0.21564577519893646
        },
        "scale": {
          "x": 1.0,
          "y": 1.0,
          "z": 1.0
        },
        "matrix_basis": [
          [
            0.8778629302978516,
            0.4024028778076172,
            -0.2596701383590698,
            0.0
          ],
          [
            -0.4317774176597595,
            0.8995887041091919,
            -0.06563833355903625,
            0.0
          ],
          [
            0.20718327164649963,
            0.16974115371704102,
            0.963464081287384,
            0.0
          ],
          [
            0.0,
            0.0,
            0.0,
            1.0
          ]
        ],
        "rotation_mode": "QUATERNION"
      },
      "armature_space": {
        "head": {
          "x": 0.01917729154229164,
          "y": -0.032842542976140976,
          "z": 0.6624201536178589
        },
        "tail": {
          "x": 0.08081728965044022,
          "y": -0.04578595981001854,
          "z": 0.8041461110115051
        }
      },
      "world_space": {
        "head": {
          "x": 0.01917729154229164,
          "y": 0.030401457101106644,
          "z": 1.612274169921875
        },
        "tail": {
          "x": 0.08081728965044022,
          "y": 0.01745804026722908,
          "z": 1.754000186920166
        },
        "rotation_quaternion": {
          "w": 0.6749273538589478,
          "x": 0.6956402659416199,
          "y": 0.052383825182914734,
          "z": -0.2404448240995407
        },
        "matrix": [
          [
            0.8788837790489197,
            0.3974460959434509,
            -0.2638179361820221,
            0.01917729154229164
          ],
          [
            -0.2516879141330719,
            -0.0834573358297348,
            -0.9642035365104675,
            0.030401457101106644
          ],
          [
            -0.4052395820617676,
            0.9138290286064148,
            0.026682332158088684,
            1.612274169921875
          ],
          [
            0.0,
            0.0,
            0.0,
            1.0
          ]
        ]
      },
      "bone_length_armature_space": 0.15509116344461746,
      "parent": "neck_01",
      "has_children": false,
      "is_end_bone": true
    },
    "upperarm_l": {
      "name": "upperarm_l",
      "local": {
        "location": {
          "x": 0.0,
          "y": 0.0,
          "z": 0.0
        },
        "rotation_quaternion": {
          "w": 0.8757602572441101,
          "x": 0.3523380160331726,
          "y": 0.16445262730121613,
          "z": 0.2861073911190033
        },
        "scale": {
          "x": 1.0,
          "y": 1.0,
          "z": 1.0
        },
        "matrix_basis": [
          [
            0.7821958065032959,
            -0.3852371275424957,
            0.48965516686439514,
            0.0
          ],
          [
            0.6170088052749634,
            0.5880009531974792,
            -0.5230250358581543,
            0.0
          ],
          [
            -0.08642912656068802,
            0.7112295031547546,
            0.697626531124115,
            0.0
          ],
          [
            0.0,
            0.0,
            0.0,
            1.0
          ]
        ],
        "rotation_mode": "QUATERNION"
      },
      "armature_space": {
        "head": {
          "x": 0.1674862951040268,
          "y": 0.007040243595838547,
          "z": 0.49289461970329285
        },
        "tail": {
          "x": 0.35874831676483154,
          "y": -0.15203574299812317,
          "z": 0.5925009250640869
        }
      },
      "world_space": {
        "head": {
          "x": 0.1674862951040268,
          "y": 0.07028424739837646,
          "z": 1.4427486658096313
        },
        "tail": {
          "x": 0.35874831676483154,
          "y": -0.08879174292087555,
          "z": 1.542354941368103
        },
        "rotation_quaternion": {
          "w": 0.359712690114975,
          "x": 0.8061481714248657,
          "y": 0.2716418504714966,
          "z": -0.38333091139793396
        },
        "matrix": [
          [
            0.5585362315177917,
            0.7137455940246582,
            -0.4226163625717163,
            0.1674862951040268
          ],
          [
            0.1621902883052826,
            -0.593634843826294,
            -0.7882210612297058,
            0.07028424739837646
          ],
          [
            -0.8134745955467224,
            0.3717077970504761,
            -0.4473329186439514,
            1.4427486658096313
          ],
          [
            0.0,
            0.0,
            0.0,
            1.0
          ]
        ]
      },
      "bone_length_armature_space": 0.2679696785796734,
      "parent": "spine_01",
      "has_children": true,
      "is_end_bone": false
    },
    "lowerarm_l": {
      "name": "lowerarm_l",
      "local": {
        "location": {
          "x": 0.0,
          "y": 0.0,
          "z": 0.0
        },
        "rotation_quaternion": {
          "w": 0.8862767815589905,
          "x": 0.4585650563240051,
          "y": 0.06158556416630745,
          "z": 0.02095247432589531
        },
        "scale": {
          "x": 1.0,
          "y": 1.0,
          "z": 1.0
        },
        "matrix_basis": [
          [
            0.9915364384651184,
            0.019342591986060143,
            0.12837985157966614,
            0.0
          ],
          [
            0.09362135827541351,
            0.5785581469535828,
            -0.8102504014968872,
            0.0
          ],
          [
            -0.08994756639003754,
            0.8154118657112122,
            0.571850597858429,
            0.0
          ],
          [
            0.0,
            0.0,
            0.0,
            1.0
          ]
        ],
        "rotation_mode": "QUATERNION"
      },
      "armature_space": {
        "head": {
          "x": 0.35874825716018677,
          "y": -0.15203586220741272,
          "z": 0.5925010442733765
        },
        "tail": {
          "x": 0.3306606113910675,
          "y": -0.4165791869163513,
          "z": 0.5642642378807068
        }
      },
      "world_space": {
        "head": {
          "x": 0.35874825716018677,
          "y": -0.0887918621301651,
          "z": 1.5423550605773926
        },
        "tail": {
          "x": 0.3306606113910675,
          "y": -0.3533352017402649,
          "z": 1.5141181945800781
        },
        "rotation_quaternion": {
          "w": 0.07034614682197571,
          "x": -0.901496410369873,
          "y": 0.02496623434126377,
          "z": 0.42630088329315186
        },
        "matrix": [
          [
            0.6352885365486145,
            -0.10499095916748047,
            -0.7651048898696899,
            0.35874825716018677
          ],
          [
            0.014963105320930481,
            -0.9888565540313721,
            0.14811921119689941,
            -0.0887918621301651
          ],
          [
            -0.7721354365348816,
            -0.1055484414100647,
            -0.6266424059867859,
            1.5423550605773926
          ],
          [
            0.0,
            0.0,
            0.0,
            1.0
          ]
        ]
      },
      "bone_length_armature_space": 0.2675245830340265,
      "parent": "upperarm_l",
      "has_children": true,
      "is_end_bone": false
    },
    "metacarpal_thumb_l": {
      "name": "metacarpal_thumb_l",
      "local": {
        "location": {
          "x": 0.0,
          "y": 0.0,
          "z": 0.0
        },
        "rotation_quaternion": {
          "w": 0.999897301197052,
          "x": -0.005010661203414202,
          "y": -0.004339344799518585,
          "z": -0.012704720720648766
        },
        "scale": {
          "x": 1.0,
          "y": 1.0,
          "z": 1.0
        },
        "matrix_basis": [
          [
            0.9996395111083984,
            0.025450317189097404,
            -0.008550480008125305,
            0.0
          ],
          [
            -0.025363346561789513,
            0.9996269941329956,
            0.010130553506314754,
            0.0
          ],
          [
            0.008805116638541222,
            -0.009910033084452152,
            0.9999121427536011,
            0.0
          ],
          [
            0.0,
            0.0,
            0.0,
            1.0
          ]
        ],
        "rotation_mode": "QUATERNION"
      },
      "armature_space": {
        "head": {
          "x": 0.3306606113910675,
          "y": -0.4165791869163513,
          "z": 0.5642642378807068
        },
        "tail": {
          "x": 0.3104492425918579,
          "y": -0.45169132947921753,
          "z": 0.5357644557952881
        }
      },
      "world_space": {
        "head": {
          "x": 0.3306606113910675,
          "y": -0.3533352017402649,
          "z": 1.5141181945800781
        },
        "tail": {
          "x": 0.3104492425918579,
          "y": -0.3884473443031311,
          "z": 1.4856184720993042
        },
        "rotation_quaternion": {
          "w": 0.220053032040596,
          "x": -0.871685802936554,
          "y": 0.31168872117996216,
          "z": -0.3075562119483948
        },
        "matrix": [
          [
            0.6165179014205933,
            -0.4080330729484558,
            0.6733608245849609,
            0.3306606113910675
          ],
          [
            -0.6787469983100891,
            -0.7088538408279419,
            0.19190897047519684,
            -0.3533352017402649
          ],
          [
            0.3990113139152527,
            -0.5753614902496338,
            -0.7139770984649658,
            1.5141181945800781
          ],
          [
            0.0,
            0.0,
            0.0,
            1.0
          ]
        ]
      },
      "bone_length_armature_space": 0.049533822401509886,
      "parent": "lowerarm_l",
      "has_children": true,
      "is_end_bone": false
    },
    "thumb_01_l": {
      "name": "thumb_01_l",
      "local": {
        "location": {
          "x": 0.0,
          "y": 0.0,
          "z": 0.0
        },
        "rotation_quaternion": {
          "w": 0.9952585697174072,
          "x": -0.0963369831442833,
          "y": -0.013399665243923664,
          "z": -0.0003459883155301213
        },
        "scale": {
          "x": 1.0,
          "y": 1.0,
          "z": 1.0
        },
        "matrix_basis": [
          [
            0.9996406435966492,
            0.0032704623881727457,
            -0.026605600491166115,
            0.0
          ],
          [
            0.0018930709920823574,
            0.981438159942627,
            0.19176968932151794,
            0.0
          ],
          [
            0.026738926768302917,
            -0.1917511373758316,
            0.9810792803764343,
            0.0
          ],
          [
            0.0,
            0.0,
            0.0,
            1.0
          ]
        ],
        "rotation_mode": "QUATERNION"
      },
      "armature_space": {
        "head": {
          "x": 0.3104492425918579,
          "y": -0.45169132947921753,
          "z": 0.5357644557952881
        },
        "tail": {
          "x": 0.3113926649093628,
          "y": -0.45522433519363403,
          "z": 0.501922607421875
        }
      },
      "world_space": {
        "head": {
          "x": 0.3104492425918579,
          "y": -0.3884473443031311,
          "z": 1.4856184720993042
        },
        "tail": {
          "x": 0.3113926649093628,
          "y": -0.3919803500175476,
          "z": 1.4517766237258911
        },
        "rotation_quaternion": {
          "w": 0.25192034244537354,
          "x": -0.2602895200252533,
          "y": 0.6201929450035095,
          "z": -0.6958062648773193
        },
        "matrix": [
          [
            -0.7375710606575012,
            0.02771618217229843,
            0.6747004985809326,
            0.3104492425918579
          ],
          [
            -0.6734350323677063,
            -0.10379447042942047,
            -0.7319238185882568,
            -0.3884473443031311
          ],
          [
            0.049743857234716415,
            -0.9942197799682617,
            0.09522075951099396,
            1.4856184720993042
          ],
          [
            0.0,
            0.0,
            0.0,
            1.0
          ]
        ]
      },
      "bone_length_armature_space": 0.03403884292629545,
      "parent": "metacarpal_thumb_l",
      "has_children": true,
      "is_end_bone": false
    },
    "thumb_02_l": {
      "name": "thumb_02_l",
      "local": {
        "location": {
          "x": 0.0,
          "y": 0.0,
          "z": 0.0
        },
        "rotation_quaternion": {
          "w": 0.9973851442337036,
          "x": 0.07221787422895432,
          "y": 0.0014560873387381434,
          "z": -0.0023331716656684875
        },
        "scale": {
          "x": 1.0,
          "y": 1.0,
          "z": 1.0
        },
        "matrix_basis": [
          [
            0.999984860420227,
            0.0048644524067640305,
            0.002567566465586424,
            0.0
          ],
          [
            -0.004443830344825983,
            0.9895582795143127,
            -0.14406485855579376,
            0.0
          ],
          [
            -0.0032415532041341066,
            0.14405126869678497,
            0.9895648956298828,
            0.0
          ],
          [
            0.0,
            0.0,
            0.0,
            1.0
          ]
        ],
        "rotation_mode": "QUATERNION"
      },
      "armature_space": {
        "head": {
          "x": 0.3113926649093628,
          "y": -0.45522427558898926,
          "z": 0.5019226670265198
        },
        "tail": {
          "x": 0.3097303807735443,
          "y": -0.4939543902873993,
          "z": 0.49141567945480347
        }
      },
      "world_space": {
        "head": {
          "x": 0.3113926649093628,
          "y": -0.39198029041290283,
          "z": 1.4517767429351807
        },
        "tail": {
          "x": 0.3097303807735443,
          "y": -0.4307103753089905,
          "z": 1.4412696361541748
        },
        "rotation_quaternion": {
          "w": 0.016460848972201347,
          "x": 0.03310026600956917,
          "y": -0.1326059103012085,
          "z": 0.9904792308807373
        },
        "matrix": [
          [
            -0.9972668886184692,
            -0.041386865079402924,
            0.061204537749290466,
            0.3113926649093628
          ],
          [
            0.023829681798815727,
            -0.9642897248268127,
            -0.26377612352371216,
            -0.39198029041290283
          ],
          [
            0.0699363425374031,
            -0.2615993618965149,
            0.9626468420028687,
            1.4517767429351807
          ],
          [
            0.0,
            0.0,
            0.0,
            1.0
          ]
        ]
      },
      "bone_length_armature_space": 0.040164434008703814,
      "parent": "thumb_01_l",
      "has_children": true,
      "is_end_bone": false
    },
    "thumb_03_l": {
      "name": "thumb_03_l",
      "local": {
        "location": {
          "x": 0.0,
          "y": 0.0,
          "z": 0.0
        },
        "rotation_quaternion": {
          "w": 0.9973790049552917,
          "x": 0.07183650881052017,
          "y": 0.0032609370537102222,
          "z": 0.008010880090296268
        },
        "scale": {
          "x": 1.0,
          "y": 1.0,
          "z": 1.0
        },
        "matrix_basis": [
          [
            0.9998503923416138,
            -0.015511258505284786,
            0.007655727677047253,
            0.0
          ],
          [
            0.01644827611744404,
            0.9895507097244263,
            -0.143244206905365,
            0.0
          ],
          [
            -0.005353833083063364,
            0.14334869384765625,
            0.9896577596664429,
            0.0
          ],
          [
            0.0,
            0.0,
            0.0,
            1.0
          ]
        ],
        "rotation_mode": "QUATERNION"
      },
      "armature_space": {
        "head": {
          "x": 0.30973032116889954,
          "y": -0.4939543306827545,
          "z": 0.4914156496524811
        },
        "tail": {
          "x": 0.31292393803596497,
          "y": -0.5239227414131165,
          "z": 0.49572697281837463
        }
      },
      "world_space": {
        "head": {
          "x": 0.30973032116889954,
          "y": -0.4307103157043457,
          "z": 1.4412696361541748
        },
        "tail": {
          "x": 0.31292393803596497,
          "y": -0.46067875623703003,
          "z": 1.4455809593200684
        },
        "rotation_quaternion": {
          "w": 0.06413392722606659,
          "x": 0.17191511392593384,
          "y": -0.060929156839847565,
          "z": -0.9811318516731262
        },
        "matrix": [
          [
            -0.9326640963554382,
            0.1048983633518219,
            -0.34515807032585144,
            0.30973032116889954
          ],
          [
            -0.14679715037345886,
            -0.9843491911888123,
            0.09750813245773315,
            -0.4307103157043457
          ],
          [
            -0.32952994108200073,
            0.14161068201065063,
            0.9334723949432373,
            1.4412696361541748
          ],
          [
            0.0,
            0.0,
            0.0,
            1.0
          ]
        ]
      },
      "bone_length_armature_space": 0.030444906178806085,
      "parent": "thumb_02_l",
      "has_children": false,
      "is_end_bone": true
    },
    "metacarpal_index_l": {
      "name": "metacarpal_index_l",
      "local": {
        "location": {
          "x": 0.0,
          "y": 0.0,
          "z": 0.0
        },
        "rotation_quaternion": {
          "w": 0.9989291429519653,
          "x": -0.04373657703399658,
          "y": 0.008914733305573463,
          "z": 0.012175459414720535
        },
        "scale": {
          "x": 1.0,
          "y": 1.0,
          "z": 1.0
        },
        "matrix_basis": [
          [
            0.9995445609092712,
            -0.025104641914367676,
            0.016745347529649734,
            0.0
          ],
          [
            0.023545043542981148,
            0.995877742767334,
            0.08759656548500061,
            0.0
          ],
          [
            -0.018875399604439735,
            -0.08716239780187607,
            0.9960152506828308,
            0.0
          ],
          [
            0.0,
            0.0,
            0.0,
            1.0
          ]
        ],
        "rotation_mode": "QUATERNION"
      },
      "armature_space": {
        "head": {
          "x": 0.3306606113910675,
          "y": -0.4165791869163513,
          "z": 0.5642642378807068
        },
        "tail": {
          "x": 0.2914907932281494,
          "y": -0.5231386423110962,
          "z": 0.535280704498291
        }
      },
      "world_space": {
        "head": {
          "x": 0.3306606113910675,
          "y": -0.3533352017402649,
          "z": 1.5141181945800781
        },
        "tail": {
          "x": 0.2914907932281494,
          "y": -0.45989465713500977,
          "z": 1.4851347208023071
        },
        "rotation_quaternion": {
          "w": 0.12041047215461731,
          "x": -0.97647625207901,
          "y": 0.1754610538482666,
          "z": -0.0347687304019928
        },
        "matrix": [
          [
            0.9360091090202332,
            -0.33429422974586487,
            0.11015675961971283,
            0.3306606113910675
          ],
          [
            -0.3510402739048004,
            -0.9094297885894775,
            0.22295430302619934,
            -0.3533352017402649
          ],
          [
            0.025647323578596115,
            -0.2473592460155487,
            -0.9685917496681213,
            1.5141181945800781
          ],
          [
            0.0,
            0.0,
            0.0,
            1.0
          ]
        ]
      },
      "bone_length_armature_space": 0.11717182913945086,
      "parent": "lowerarm_l",
      "has_children": true,
      "is_end_bone": false
    },
    "index_01_l": {
      "name": "index_01_l",
      "local": {
        "location": {
          "x": 0.0,
          "y": 0.0,
          "z": 0.0
        },
        "rotation_quaternion": {
          "w": 0.9925891160964966,
          "x": -0.12114845216274261,
          "y": 0.003934921696782112,
          "z": -0.008628059178590775
        },
        "scale": {
          "x": 1.0,
          "y": 1.0,
          "z": 1.0
        },
        "matrix_basis": [
          [
            0.9998201727867126,
            0.016174815595149994,
            0.009902073070406914,
            0.0
          ],
          [
            -0.018081653863191605,
            0.970497190952301,
            0.24043336510658264,
            0.0
          ],
          [
            -0.005720968823879957,
            -0.24056917428970337,
            0.9706151485443115,
            0.0
          ],
          [
            0.0,
            0.0,
            0.0,
            1.0
          ]
        ],
        "rotation_mode": "QUATERNION"
      },
      "armature_space": {
        "head": {
          "x": 0.2914907932281494,
          "y": -0.5231386423110962,
          "z": 0.535280704498291
        },
        "tail": {
          "x": 0.2910228371620178,
          "y": -0.5513252019882202,
          "z": 0.5395665764808655
        }
      },
      "world_space": {
        "head": {
          "x": 0.2914907932281494,
          "y": -0.45989465713500977,
          "z": 1.4851347208023071
        },
        "tail": {
          "x": 0.2910228371620178,
          "y": -0.4880812168121338,
          "z": 1.4894206523895264
        },
        "rotation_quaternion": {
          "w": 0.07574257999658585,
          "x": 0.9950685501098633,
          "y": -0.0033782394602894783,
          "z": 0.06395662575960159
        },
        "matrix": [
          [
            0.9917964339256287,
            -0.01641174405813217,
            0.12677067518234253,
            0.2914907932281494
          ],
          [
            0.002965424442663789,
            -0.9885035157203674,
            -0.15117068588733673,
            -0.45989465713500977
          ],
          [
            0.12779508531093597,
            0.1503065824508667,
            -0.9803522825241089,
            1.4851347208023071
          ],
          [
            0.0,
            0.0,
            0.0,
            1.0
          ]
        ]
      },
      "bone_length_armature_space": 0.028514378971274502,
      "parent": "metacarpal_index_l",
      "has_children": true,
      "is_end_bone": false
    },
    "index_02_l": {
      "name": "index_02_l",
      "local": {
        "location": {
          "x": 0.0,
          "y": 0.0,
          "z": 0.0
        },
        "rotation_quaternion": {
          "w": 0.9994698166847229,
          "x": 0.03238323703408241,
          "y": -0.0033945622853934765,
          "z": -0.00024195868172682822
        },
        "scale": {
          "x": 1.0,
          "y": 1.0,
          "z": 1.0
        },
        "matrix_basis": [
          [
            0.9999768137931824,
            0.00026380695635452867,
            -0.0068011959083378315,
            0.0
          ],
          [
            -0.0007035146118141711,
            0.997902512550354,
            -0.06473049521446228,
            0.0
          ],
          [
            0.006769854109734297,
            0.06473378092050552,
            0.9978796243667603,
            0.0
          ],
          [
            0.0,
            0.0,
            0.0,
            1.0
          ]
        ],
        "rotation_mode": "QUATERNION"
      },
      "armature_space": {
        "head": {
          "x": 0.2910225987434387,
          "y": -0.5513256192207336,
          "z": 0.5395663380622864
        },
        "tail": {
          "x": 0.29138919711112976,
          "y": -0.5767777562141418,
          "z": 0.5427513122558594
        }
      },
      "world_space": {
        "head": {
          "x": 0.2910225987434387,
          "y": -0.4880816340446472,
          "z": 1.4894204139709473
        },
        "tail": {
          "x": 0.29138919711112976,
          "y": -0.5135337710380554,
          "z": 1.4926053285598755
        },
        "rotation_quaternion": {
          "w": 0.06198716163635254,
          "x": 0.9976869225502014,
          "y": 0.008806448429822922,
          "z": 0.02647365815937519
        },
        "matrix": [
          [
            0.9984433650970459,
            0.014290016144514084,
            0.05391663312911987,
            0.2910225987434387
          ],
          [
            0.020854303613305092,
            -0.9921602010726929,
            -0.12322176247835159,
            -0.4880816340446472
          ],
          [
            0.05173345282673836,
            0.12415425479412079,
            -0.9909206032752991,
            1.4894204139709473
          ],
          [
            0.0,
            0.0,
            0.0,
            1.0
          ]
        ]
      },
      "bone_length_armature_space": 0.025653259688642127,
      "parent": "index_01_l",
      "has_children": true,
      "is_end_bone": false
    },
    "index_03_l": {
      "name": "index_03_l",
      "local": {
        "location": {
          "x": 0.0,
          "y": 0.0,
          "z": 0.0
        },
        "rotation_quaternion": {
          "w": 0.9999537467956543,
          "x": 0.008522090502083302,
          "y": -0.00435098260641098,
          "z": 0.0009674248867668211
        },
        "scale": {
          "x": 1.0,
          "y": 1.0,
          "z": 1.0
        },
        "matrix_basis": [
          [
            0.9999602437019348,
            -0.0020089191384613514,
            -0.00868507381528616,
            0.0
          ],
          [
            0.0018606013618409634,
            0.9998528957366943,
            -0.017051810398697853,
            0.0
          ],
          [
            0.008718051947653294,
            0.017034973949193954,
            0.99981689453125,
            0.0
          ],
          [
            0.0,
            0.0,
            0.0,
            1.0
          ]
        ],
        "rotation_mode": "QUATERNION"
      },
      "armature_space": {
        "head": {
          "x": 0.2913891673088074,
          "y": -0.5767777562141418,
          "z": 0.5427514314651489
        },
        "tail": {
          "x": 0.2945900559425354,
          "y": -0.6058124899864197,
          "z": 0.5434366464614868
        }
      },
      "world_space": {
        "head": {
          "x": 0.2913891673088074,
          "y": -0.5135337710380554,
          "z": 1.492605447769165
        },
        "tail": {
          "x": 0.2945900559425354,
          "y": -0.5425685048103333,
          "z": 1.493290662765503
        },
        "rotation_quaternion": {
          "w": 0.008757633157074451,
          "x": 0.9969612956047058,
          "y": 0.0554162971675396,
          "z": 0.05404230207204819
        },
        "matrix": [
          [
            0.9880171418190002,
            0.10954917967319489,
            0.10872679948806763,
            0.2913891673088074
          ],
          [
            0.11144248396158218,
            -0.9937049746513367,
            -0.011472824960947037,
            -0.5135337710380554
          ],
          [
            0.1067863330245018,
            0.023451348766684532,
            -0.9940125346183777,
            1.492605447769165
          ],
          [
            0.0,
            0.0,
            0.0,
            1.0
          ]
        ]
      },
      "bone_length_armature_space": 0.029218675499757957,
      "parent": "index_02_l",
      "has_children": false,
      "is_end_bone": true
    },
    "metacarpal_pinky_l": {
      "name": "metacarpal_pinky_l",
      "local": {
        "location": {
          "x": 0.0,
          "y": 0.0,
          "z": 0.0
        },
        "rotation_quaternion": {
          "w": 0.9986937642097473,
          "x": -0.04832439124584198,
          "y": -0.016601014882326126,
          "z": 0.00023873665486462414
        },
        "scale": {
          "x": 1.0,
          "y": 1.0,
          "z": 1.0
        },
        "matrix_basis": [
          [
            0.9994487166404724,
            0.0011276182485744357,
            -0.03318173438310623,
            0.0
          ],
          [
            0.0020813175942748785,
            0.9953293800354004,
            0.09651461243629456,
            0.0
          ],
          [
            0.033135585486888885,
            -0.09653045982122421,
            0.9947783350944519,
            0.0
          ],
          [
            0.0,
            0.0,
            0.0,
            1.0
          ]
        ],
        "rotation_mode": "QUATERNION"
      },
      "armature_space": {
        "head": {
          "x": 0.3306606113910675,
          "y": -0.4165791869163513,
          "z": 0.5642642378807068
        },
        "tail": {
          "x": 0.3528572618961334,
          "y": -0.5182726383209229,
          "z": 0.5672594904899597
        }
      },
      "world_space": {
        "head": {
          "x": 0.3306606113910675,
          "y": -0.3533352017402649,
          "z": 1.5141181945800781
        },
        "tail": {
          "x": 0.3528572618961334,
          "y": -0.4550286531448364,
          "z": 1.517113447189331
        },
        "rotation_quaternion": {
          "w": 0.10247960686683655,
          "x": 0.44156497716903687,
          "y": 0.03465776890516281,
          "z": -0.890683650970459
        },
        "matrix": [
          [
            -0.589036762714386,
            0.21316125988960266,
            -0.7794857621192932,
            0.3306606113910675
          ],
          [
            -0.151947021484375,
            -0.9765936136245728,
            -0.152241051197052,
            -0.3533352017402649
          ],
          [
            -0.7936983704566956,
            0.028764251619577408,
            0.6076428294181824,
            1.5141181945800781
          ],
          [
            0.0,
            0.0,
            0.0,
            1.0
          ]
        ]
      },
      "bone_length_armature_space": 0.10413078559159401,
      "parent": "lowerarm_l",
      "has_children": true,
      "is_end_bone": false
    },
    "pinky_01_l": {
      "name": "pinky_01_l",
      "local": {
        "location": {
          "x": 0.0,
          "y": 0.0,
          "z": 0.0
        },
        "rotation_quaternion": {
          "w": 0.99257892370224,
          "x": -0.12048850208520889,
          "y": -0.007364032790064812,
          "z": -0.01467618066817522
        },
        "scale": {
          "x": 1.0,
          "y": 1.0,
          "z": 1.0
        },
        "matrix_basis": [
          [
            0.999460756778717,
            0.03090909868478775,
            -0.011082145385444164,
            0.0
          ],
          [
            -0.027359971776604652,
            0.9705342650413513,
            0.2394048422574997,
            0.0
          ],
          [
            0.01815539039671421,
            -0.23897254467010498,
            0.9708566069602966,
            0.0
          ],
          [
            0.0,
            0.0,
            0.0,
            1.0
          ]
        ],
        "rotation_mode": "QUATERNION"
      },
      "armature_space": {
        "head": {
          "x": 0.3528572618961334,
          "y": -0.5182726383209229,
          "z": 0.5672594904899597
        },
