{
  "metadata": {
    "armature_name": "KIM_caucasian_male",
    "export_time": "2026-01-13T19:11:29.965531",
    "blender_version": "4.4.1",
    "bone_count": 56,
    "end_bone_count": 13,
    "spaces_included": [
      "LOCAL_CHANNELS",
      "ARMATURE_SPACE",
      "WORLD_SPACE"
    ],
    "note": "LOCAL matches Transform panel; replay pose via local.matrix_basis for best fidelity."
  },
  "bones": {
    "Root": {
      "name": "Root",
      "local": {
        "location": {
          "x": 0.0,
          "y": 0.0,
          "z": 0.0
        },
        "rotation_quaternion": {
          "w": 0.9995492696762085,
          "x": -0.004842564929276705,
          "y": -0.008032437413930893,
          "z": -0.02852272428572178
        },
        "scale": {
          "x": 1.0,
          "y": 1.0,
          "z": 1.0
        },
        "matrix_basis": [
          [
            0.9982438683509827,
            0.057097531855106354,
            -0.01578138768672943,
            0.0
          ],
          [
            -0.05694194138050079,
            0.9983260035514832,
            0.010138978250324726,
            0.0
          ],
          [
            0.01633387990295887,
            -0.009222550317645073,
            0.999824047088623,
            0.0
          ],
          [
            0.0,
            0.0,
            0.0,
            1.0
          ]
        ],
        "rotation_mode": "QUATERNION"
      },
      "armature_space": {
        "head": {
          "x": 0.0,
          "y": 0.07072800397872925,
          "z": -0.009595036506652832
        },
        "tail": {
          "x": 0.004075386095792055,
          "y": 0.00020688772201538086,
          "z": 0.0006362339481711388
        }
      },
      "world_space": {
        "head": {
          "x": 0.0,
          "y": 0.13397200405597687,
          "z": 0.9402589797973633
        },
        "tail": {
          "x": 0.004075386095792055,
          "y": 0.063450887799263,
          "z": 0.9504902362823486
        },
        "rotation_quaternion": {
          "w": 0.07216884195804596,
          "x": 0.9969521760940552,
          "y": 0.0279168002307415,
          "z": -0.009935706853866577
        },
        "matrix": [
          [
            0.9982438683509827,
            0.057097531855106354,
            -0.01578138768672943,
            0.0
          ],
          [
            0.05422933027148247,
            -0.9880245923995972,
            -0.1444529891014099,
            0.13397200405597687
          ],
          [
            -0.023840421810746193,
            0.14334355294704437,
            -0.989392876625061,
            0.9402589797973633
          ],
          [
            0.0,
            0.0,
            0.0,
            1.0
          ]
        ]
      },
      "bone_length_armature_space": 0.07137587332223942,
      "parent": null,
      "has_children": true,
      "is_end_bone": false
    },
    "spine_01": {
      "name": "spine_01",
      "local": {
        "location": {
          "x": 0.0,
          "y": 0.0,
          "z": 0.0
        },
        "rotation_quaternion": {
          "w": 0.9954534769058228,
          "x": -0.02766287513077259,
          "y": 0.05677353963255882,
          "z": 0.07130169123411179
        },
        "scale": {
          "x": 1.0,
          "y": 1.0,
          "z": 1.0
        },
        "matrix_basis": [
          [
            0.9833856821060181,
            -0.1450960785150528,
            0.10908601433038712,
            0.0
          ],
          [
            0.13881398737430573,
            0.988301694393158,
            0.06317030638456345,
            0.0
          ],
          [
            -0.11697565764188766,
            -0.04697811231017113,
            0.9920230507850647,
            0.0
          ],
          [
            0.0,
            0.0,
            0.0,
            1.0
          ]
        ],
        "rotation_mode": "QUATERNION"
      },
      "armature_space": {
        "head": {
          "x": 0.004075386095792055,
          "y": 0.00020688772201538086,
          "z": 0.0006362339481711388
        },
        "tail": {
          "x": -0.05787521228194237,
          "y": 0.04670124873518944,
          "z": 0.4824545681476593
        }
      },
      "world_space": {
        "head": {
          "x": 0.004075386095792055,
          "y": 0.063450887799263,
          "z": 0.9504902362823486
        },
        "tail": {
          "x": -0.05787521228194237,
          "y": 0.10994525253772736,
          "z": 1.432308554649353
        },
        "rotation_quaternion": {
          "w": 0.7397775053977966,
          "x": 0.6646450161933899,
          "y": 0.01914646476507187,
          "z": 0.10300312936306
        },
        "matrix": [
          [
            0.9780474901199341,
            -0.12694762647151947,
            0.16525006294250488,
            0.004075386095792055
          ],
          [
            0.1778508424758911,
            0.09527508914470673,
            -0.9794344902038574,
            0.063450887799263
          ],
          [
            0.10859358310699463,
            0.9873301982879639,
            0.1157611832022667,
            0.9504902362823486
          ],
          [
            0.0,
            0.0,
            0.0,
            1.0
          ]
        ]
      },
      "bone_length_armature_space": 0.4880046287422233,
      "parent": "Root",
      "has_children": true,
      "is_end_bone": false
    },
    "neck_01": {
      "name": "neck_01",
      "local": {
        "location": {
          "x": 0.0,
          "y": 0.0,
          "z": 0.0
        },
        "rotation_quaternion": {
          "w": 0.9794288873672485,
          "x": -0.16050267219543457,
          "y": -0.040356703102588654,
          "z": 0.1154528334736824
        },
        "scale": {
          "x": 1.0,
          "y": 1.0,
          "z": 1.0
        },
        "matrix_basis": [
          [
            0.9700839519500732,
            -0.21320095658302307,
            -0.11611402034759521,
            0.0
          ],
          [
            0.23911039531230927,
            0.9218190908432007,
            0.305083304643631,
            0.0
          ],
          [
            0.04199206456542015,
            -0.3237204849720001,
            0.9452204704284668,
            0.0
          ],
          [
            0.0,
            0.0,
            0.0,
            1.0
          ]
        ],
        "rotation_mode": "QUATERNION"
      },
      "armature_space": {
        "head": {
          "x": -0.06143917515873909,
          "y": 0.01970992609858513,
          "z": 0.5587600469589233
        },
        "tail": {
          "x": -0.0946066826581955,
          "y": 0.020303022116422653,
          "z": 0.6557668447494507
        }
      },
      "world_space": {
        "head": {
          "x": -0.06143917515873909,
          "y": 0.08295392990112305,
          "z": 1.5086140632629395
        },
        "tail": {
          "x": -0.0946066826581955,
          "y": 0.08354702591896057,
          "z": 1.6056208610534668
        },
        "rotation_quaternion": {
          "w": 0.7028886079788208,
          "x": 0.6914937496185303,
          "y": -0.0940205454826355,
          "z": 0.13763836026191711
        },
        "matrix": [
          [
            0.9444316625595093,
            -0.3235180974006653,
            0.05818204581737518,
            -0.06143917515873909
          ],
          [
            0.06346184015274048,
            0.005785107612609863,
            -0.9979677200317383,
            0.08295392990112305
          ],
          [
            0.3225262463092804,
            0.9462109804153442,
            0.02599388360977173,
            1.5086140632629395
          ],
          [
            0.0,
            0.0,
            0.0,
            1.0
          ]
        ]
      },
      "bone_length_armature_space": 0.10252196965355846,
      "parent": "spine_01",
      "has_children": true,
      "is_end_bone": false
    },
    "head": {
      "name": "head",
      "local": {
        "location": {
          "x": 0.0,
          "y": 0.0,
          "z": 0.0
        },
        "rotation_quaternion": {
          "w": 0.9817854762077332,
          "x": -0.02580980211496353,
          "y": -0.1582123041152954,
          "z": -0.10198035091161728
        },
        "scale": {
          "x": 1.0,
          "y": 1.0,
          "z": 1.0
        },
        "matrix_basis": [
          [
            0.9291377663612366,
            0.2084125131368637,
            -0.3053968846797943,
            0.0
          ],
          [
            -0.19207879900932312,
            0.9778677225112915,
            0.0829484686255455,
            0.0
          ],
          [
            0.315925270318985,
            -0.01841028593480587,
            0.9486054182052612,
            0.0
          ],
          [
            0.0,
            0.0,
            0.0,
            1.0
          ]
        ],
        "rotation_mode": "QUATERNION"
      },
      "armature_space": {
        "head": {
          "x": -0.09460665285587311,
          "y": 0.020302865654230118,
          "z": 0.6557667851448059
        },
        "tail": {
          "x": -0.11293166130781174,
          "y": 0.08044736087322235,
          "z": 0.797541618347168
        }
      },
      "world_space": {
        "head": {
          "x": -0.09460665285587311,
          "y": 0.08354686200618744,
          "z": 1.6056208610534668
        },
        "tail": {
          "x": -0.11293166130781174,
          "y": 0.14369136095046997,
          "z": 1.747395634651184
        },
        "rotation_quaternion": {
          "w": 0.8102843165397644,
          "x": 0.550182044506073,
          "y": -0.19323702156543732,
          "z": -0.05829668790102005
        },
        "matrix": [
          [
            0.9185223579406738,
            -0.11815708130598068,
            -0.37730076909065247,
            -0.09460665285587311
          ],
          [
            -0.30710411071777344,
            0.387803316116333,
            -0.8690776824951172,
            0.08354686200618744
          ],
          [
            0.24900750815868378,
            0.9141445159912109,
            0.31992077827453613,
            1.6056208610534668
          ],
          [
            0.0,
            0.0,
            0.0,
            1.0
          ]
        ]
      },
      "bone_length_armature_space": 0.15509116635328973,
      "parent": "neck_01",
      "has_children": false,
      "is_end_bone": true
    },
    "upperarm_l": {
      "name": "upperarm_l",
      "local": {
        "location": {
          "x": 0.0,
          "y": 0.0,
          "z": 0.0
        },
        "rotation_quaternion": {
          "w": 0.8875712752342224,
          "x": 0.44788244366645813,
          "y": 0.0812525600194931,
          "z": 0.07082824409008026
        },
        "scale": {
          "x": 1.0,
          "y": 1.0,
          "z": 1.0
        },
        "matrix_basis": [
          [
            0.9767627716064453,
            -0.052947040647268295,
            0.2076803296804428,
            0.0
          ],
          [
            0.19851341843605042,
            0.5887693762779236,
            -0.7835452556610107,
            0.0
          ],
          [
            -0.08078942447900772,
            0.8065651059150696,
            0.5855986475944519,
            0.0
          ],
          [
            0.0,
            0.0,
            0.0,
            1.0
          ]
        ],
        "rotation_mode": "QUATERNION"
      },
      "armature_space": {
        "head": {
          "x": 0.09432682394981384,
          "y": 0.03686077892780304,
          "z": 0.5090620517730713
        },
        "tail": {
          "x": 0.2909911572933197,
          "y": -0.13880500197410583,
          "z": 0.5567309856414795
        }
      },
      "world_space": {
        "head": {
          "x": 0.09432682394981384,
          "y": 0.10010477900505066,
          "z": 1.4589160680770874
        },
        "tail": {
          "x": 0.2909911572933197,
          "y": -0.07556100189685822,
          "z": 1.5065850019454956
        },
        "rotation_quaternion": {
          "w": 0.31803393363952637,
          "x": 0.732295036315918,
          "y": 0.26661279797554016,
          "z": -0.5399223566055298
        },
        "matrix": [
          [
            0.2748030722141266,
            0.7339058518409729,
            -0.6211810111999512,
            0.09432682394981384
          ],
          [
            0.047051530331373215,
            -0.655544102191925,
            -0.7536898255348206,
            0.10010477900505066
          ],
          [
            -0.9603553414344788,
            0.1778893768787384,
            -0.2146790623664856,
            1.4589160680770874
          ],
          [
            0.0,
            0.0,
            0.0,
            1.0
          ]
        ]
      },
      "bone_length_armature_space": 0.2679695043713097,
      "parent": "spine_01",
      "has_children": true,
      "is_end_bone": false
    },
    "lowerarm_l": {
      "name": "lowerarm_l",
      "local": {
        "location": {
          "x": 0.0,
          "y": 0.0,
          "z": 0.0
        },
        "rotation_quaternion": {
          "w": 0.9511400461196899,
          "x": -0.034724000841379166,
          "y": 0.08371774107217789,
          "z": -0.2951582968235016
        },
        "scale": {
          "x": 1.0,
          "y": 1.0,
          "z": 1.0
        },
        "matrix_basis": [
          [
            0.811745822429657,
            0.5556597113609314,
            0.17975275218486786,
            0.0
          ],
          [
            -0.567287802696228,
            0.8233516216278076,
            0.016634803265333176,
            0.0
          ],
          [
            -0.13875643908977509,
            -0.11547474563121796,
            0.9835711717605591,
            0.0
          ],
          [
            0.0,
            0.0,
            0.0,
            1.0
          ]
        ],
        "rotation_mode": "QUATERNION"
      },
      "armature_space": {
        "head": {
          "x": 0.2909911572933197,
          "y": -0.138805091381073,
          "z": 0.556731104850769
        },
        "tail": {
          "x": 0.48685750365257263,
          "y": -0.2956981658935547,
          "z": 0.464046448469162
        }
      },
      "world_space": {
        "head": {
          "x": 0.2909911572933197,
          "y": -0.07556109130382538,
          "z": 1.5065851211547852
        },
        "tail": {
          "x": 0.48685750365257263,
          "y": -0.23245416581630707,
          "z": 1.4139004945755005
        },
        "rotation_quaternion": {
          "w": 0.12670834362506866,
          "x": 0.6670119166374207,
          "y": 0.43670642375946045,
          "z": -0.590192973613739
        },
        "matrix": [
          [
            -0.07808181643486023,
            0.7321436405181885,
            -0.6766602993011475,
            0.2909911572933197
          ],
          [
            0.43301159143447876,
            -0.5864624381065369,
            -0.6845166683197021,
            -0.07556109130382538
          ],
          [
            -0.8980061411857605,
            -0.3464529514312744,
            -0.2712371349334717,
            1.5065851211547852
          ],
          [
            0.0,
            0.0,
            0.0,
            1.0
          ]
        ]
      },
      "bone_length_armature_space": 0.2675247783108718,
      "parent": "upperarm_l",
      "has_children": true,
      "is_end_bone": false
    },
    "metacarpal_thumb_l": {
      "name": "metacarpal_thumb_l",
      "local": {
        "location": {
          "x": 0.0,
          "y": 0.0,
          "z": 0.0
        },
        "rotation_quaternion": {
          "w": 0.9982889890670776,
          "x": -0.05627020448446274,
          "y": 0.012658962979912758,
          "z": -0.009622580371797085
        },
        "scale": {
          "x": 1.0,
          "y": 1.0,
          "z": 1.0
        },
        "matrix_basis": [
          [
            0.9994943141937256,
            0.017787586897611618,
            0.026357535272836685,
            0.0
          ],
          [
            -0.020636877045035362,
            0.9934821128845215,
            0.11210422962903976,
            0.0
          ],
          [
            -0.024191677570343018,
            -0.11259147524833679,
            0.9933468103408813,
            0.0
          ],
          [
            0.0,
            0.0,
            0.0,
            1.0
          ]
        ],
        "rotation_mode": "QUATERNION"
      },
      "armature_space": {
        "head": {
          "x": 0.48685750365257263,
          "y": -0.2956981658935547,
          "z": 0.464046448469162
        },
        "tail": {
          "x": 0.496822327375412,
          "y": -0.3373323976993561,
          "z": 0.4391288161277771
        }
      },
      "world_space": {
        "head": {
          "x": 0.48685750365257263,
          "y": -0.23245416581630707,
          "z": 1.4139004945755005
        },
        "tail": {
          "x": 0.496822327375412,
          "y": -0.27408838272094727,
          "z": 1.3889827728271484
        },
        "rotation_quaternion": {
          "w": 0.25774332880973816,
          "x": -0.9585204124450684,
          "y": -0.11535445600748062,
          "z": 0.03873349353671074
        },
        "matrix": [
          [
            0.970386266708374,
            0.20117264986038208,
            -0.13371774554252625,
            0.48685750365257263
          ],
          [
            0.24110618233680725,
            -0.8405236601829529,
            0.48516786098480225,
            -0.23245416581630707
          ],
          [
            -0.014790305867791176,
            -0.5030444860458374,
            -0.8641422390937805,
            1.4139004945755005
          ],
          [
            0.0,
            0.0,
            0.0,
            1.0
          ]
        ]
      },
      "bone_length_armature_space": 0.04953378024444179,
      "parent": "lowerarm_l",
      "has_children": true,
      "is_end_bone": false
    },
    "thumb_01_l": {
      "name": "thumb_01_l",
      "local": {
        "location": {
          "x": 0.0,
          "y": 0.0,
          "z": 0.0
        },
        "rotation_quaternion": {
          "w": 0.9975894689559937,
          "x": -0.06592414528131485,
          "y": 0.01604991778731346,
          "z": -0.01455125492066145
        },
        "scale": {
          "x": 1.0,
          "y": 1.0,
          "z": 1.0
        },
        "matrix_basis": [
          [
            0.9990613460540771,
            0.026916204020380974,
            0.03394101560115814,
            0.0
          ],
          [
            -0.031148511916399002,
            0.99088454246521,
            0.13106337189674377,
            0.0
          ],
          [
            -0.030103899538517,
            -0.13199755549430847,
            0.9907928109169006,
            0.0
          ],
          [
            0.0,
            0.0,
            0.0,
            1.0
          ]
        ],
        "rotation_mode": "QUATERNION"
      },
      "armature_space": {
        "head": {
          "x": 0.496822327375412,
          "y": -0.3373323976993561,
          "z": 0.4391288161277771
        },
        "tail": {
          "x": 0.4898606240749359,
          "y": -0.34672248363494873,
          "z": 0.40716007351875305
        }
      },
      "world_space": {
        "head": {
          "x": 0.496822327375412,
          "y": -0.27408838272094727,
          "z": 1.3889827728271484
        },
        "tail": {
          "x": 0.4898606240749359,
          "y": -0.2834784984588623,
          "z": 1.3570140600204468
        },
        "rotation_quaternion": {
          "w": 0.4125547707080841,
          "x": -0.6587885022163391,
          "y": 0.4380246698856354,
          "z": -0.4515868127346039
        },
        "matrix": [
          [
            0.20840691030025482,
            -0.2045239508152008,
            0.9564188122749329,
            0.496822327375412
          ],
          [
            -0.9497400522232056,
            -0.2758656442165375,
            0.14795973896980286,
            -0.27408838272094727
          ],
          [
            0.23358264565467834,
            -0.9391918182373047,
            -0.2517385482788086,
            1.3889827728271484
          ],
          [
            0.0,
            0.0,
            0.0,
            1.0
          ]
        ]
      },
      "bone_length_armature_space": 0.034038793688399814,
      "parent": "metacarpal_thumb_l",
      "has_children": true,
      "is_end_bone": false
    },
    "thumb_02_l": {
      "name": "thumb_02_l",
      "local": {
        "location": {
          "x": 0.0,
          "y": 0.0,
          "z": 0.0
        },
        "rotation_quaternion": {
          "w": 0.9976522326469421,
          "x": 0.0682058110833168,
          "y": 0.0030201594345271587,
          "z": 0.005393300671130419
        },
        "scale": {
          "x": 1.0,
          "y": 1.0,
          "z": 1.0
        },
        "matrix_basis": [
          [
            0.999923586845398,
            -0.010349292308092117,
            0.006761846598237753,
            0.0
          ],
          [
            0.01117326132953167,
            0.9906377792358398,
            -0.1360587775707245,
            0.0
          ],
          [
            -0.005290428642183542,
            0.13612394034862518,
            0.9906777143478394,
            0.0
          ],
          [
            0.0,
            0.0,
            0.0,
            1.0
          ]
        ],
        "rotation_mode": "QUATERNION"
      },
      "armature_space": {
        "head": {
          "x": 0.4898605942726135,
          "y": -0.34672242403030396,
          "z": 0.40716007351875305
        },
        "tail": {
          "x": 0.5176926255226135,
          "y": -0.3718346357345581,
          "z": 0.39274001121520996
        }
      },
      "world_space": {
        "head": {
          "x": 0.4898605942726135,
          "y": -0.28347843885421753,
          "z": 1.3570140600204468
        },
        "tail": {
          "x": 0.5176926255226135,
          "y": -0.3085906505584717,
          "z": 1.342594027519226
        },
        "rotation_quaternion": {
          "w": 0.4274270236492157,
          "x": -0.2828739881515503,
          "y": 0.06846901774406433,
          "z": -0.8559209108352661
        },
        "matrix": [
          [
            -0.47457608580589294,
            0.6929522752761841,
            0.5427660942077637,
            0.4898605942726135
          ],
          [
            -0.7704238295555115,
            -0.6252357363700867,
            0.124610036611557,
            -0.28347843885421753
          ],
          [
            0.4257079064846039,
            -0.3590259552001953,
            0.8305947184562683,
            1.3570140600204468
          ],
          [
            0.0,
            0.0,
            0.0,
            1.0
          ]
        ]
      },
      "bone_length_armature_space": 0.04016445386773273,
      "parent": "thumb_01_l",
      "has_children": true,
      "is_end_bone": false
    },
    "thumb_03_l": {
      "name": "thumb_03_l",
      "local": {
        "location": {
          "x": 0.0,
          "y": 0.0,
          "z": 0.0
        },
        "rotation_quaternion": {
          "w": 0.9973689913749695,
          "x": 0.07177295535802841,
          "y": -0.008081632666289806,
          "z": -0.006212669424712658
        },
        "scale": {
          "x": 1.0,
          "y": 1.0,
          "z": 1.0
        },
        "matrix_basis": [
          [
            0.9997921586036682,
            0.011232562363147736,
            -0.017012542113661766,
            0.0
          ],
          [
            -0.013552732765674591,
            0.9896200895309448,
            -0.14306782186031342,
            0.0
          ],
          [
            0.015228936448693275,
            0.1432686597108841,
            0.9895666837692261,
            0.0
          ],
          [
            0.0,
            0.0,
            0.0,
            1.0
          ]
        ],
        "rotation_mode": "QUATERNION"
      },
      "armature_space": {
        "head": {
          "x": 0.517692506313324,
          "y": -0.3718346655368805,
          "z": 0.3927399814128876
        },
        "tail": {
          "x": 0.5448441505432129,
          "y": -0.3855486512184143,
          "z": 0.39147335290908813
        }
      },
      "world_space": {
        "head": {
          "x": 0.517692506313324,
          "y": -0.3085906505584717,
          "z": 1.342594027519226
        },
        "tail": {
          "x": 0.5448441505432129,
          "y": -0.3223046660423279,
          "z": 1.341327428817749
        },
        "rotation_quaternion": {
          "w": 0.5241232514381409,
          "x": -0.02626914158463478,
          "y": 0.00826318096369505,
          "z": -0.8511971235275269
        },
        "matrix": [
          [
            -0.44920971989631653,
            0.8918302655220032,
            0.053382508456707,
            0.517692506313324
          ],
          [
            -0.8926985859870911,
            -0.4504530727863312,
            0.01346994936466217,
            -0.3085906505584717
          ],
          [
            0.03605874627828598,
            -0.041604235768318176,
            0.9984906315803528,
            1.342594027519226
          ],
          [
            0.0,
            0.0,
            0.0,
            1.0
          ]
        ]
      },
      "bone_length_armature_space": 0.03044486059187125,
      "parent": "thumb_02_l",
      "has_children": false,
      "is_end_bone": true
    },
    "metacarpal_index_l": {
      "name": "metacarpal_index_l",
      "local": {
        "location": {
          "x": 0.0,
          "y": 0.0,
          "z": 0.0
        },
        "rotation_quaternion": {
          "w": 0.9995081424713135,
          "x": -0.029410284012556076,
          "y": 0.003150799311697483,
          "z": -0.010424161329865456
        },
        "scale": {
          "x": 1.0,
          "y": 1.0,
          "z": 1.0
        },
        "matrix_basis": [
          [
            0.9997628331184387,
            0.020652735605835915,
            0.006911654025316238,
            0.0
          ],
          [
            -0.021023400127887726,
            0.998052716255188,
            0.05872594937682152,
            0.0
          ],
          [
            -0.005685343872755766,
            -0.058857325464487076,
            0.9982501864433289,
            0.0
          ],
          [
            0.0,
            0.0,
            0.0,
            1.0
          ]
        ],
        "rotation_mode": "QUATERNION"
      },
      "armature_space": {
        "head": {
          "x": 0.48685750365257263,
          "y": -0.2956981658935547,
          "z": 0.464046448469162
        },
        "tail": {
          "x": 0.5493048429489136,
          "y": -0.38192400336265564,
          "z": 0.41511082649230957
        }
      },
      "world_space": {
        "head": {
          "x": 0.48685750365257263,
          "y": -0.23245416581630707,
          "z": 1.4139004945755005
        },
        "tail": {
          "x": 0.5493048429489136,
          "y": -0.3186799883842468,
          "z": 1.3649648427963257
        },
        "rotation_quaternion": {
          "w": 0.13532571494579315,
          "x": -0.8945550918579102,
          "y": -0.3372543752193451,
          "z": 0.26022639870643616
        },
        "matrix": [
          [
            0.6370827555656433,
            0.5329554080963135,
            -0.5568521022796631,
            0.48685750365257263
          ],
          [
            0.6738163232803345,
            -0.7358928322792053,
            0.06658580154180527,
            -0.23245416581630707
          ],
          [
            -0.37429821491241455,
            -0.4176402688026428,
            -0.8279443979263306,
            1.4139004945755005
          ],
          [
            0.0,
            0.0,
            0.0,
            1.0
          ]
        ]
      },
      "bone_length_armature_space": 0.11717192725184103,
      "parent": "lowerarm_l",
      "has_children": true,
      "is_end_bone": false
    },
    "index_01_l": {
      "name": "index_01_l",
      "local": {
        "location": {
          "x": 0.0,
          "y": 0.0,
          "z": 0.0
        },
        "rotation_quaternion": {
          "w": 0.9937354326248169,
          "x": -0.11103923618793488,
          "y": 0.0035310410894453526,
          "z": -0.012157018296420574
        },
        "scale": {
          "x": 1.0,
          "y": 1.0,
          "z": 1.0
        },
        "matrix_basis": [
          [
            0.9996795058250427,
            0.023377550765872,
            0.009717653505504131,
            0.0
          ],
          [
            -0.02494588866829872,
            0.9750449657440186,
            0.2206013947725296,
            0.0
          ],
          [
            -0.0043180291540920734,
            -0.2207731008529663,
            0.9753156304359436,
            0.0
          ],
          [
            0.0,
            0.0,
            0.0,
            1.0
          ]
        ],
        "rotation_mode": "QUATERNION"
      },
      "armature_space": {
        "head": {
          "x": 0.5493048429489136,
          "y": -0.38192400336265564,
          "z": 0.41511082649230957
        },
        "tail": {
          "x": 0.5743523836135864,
          "y": -0.39424407482147217,
          "z": 0.4092878997325897
        }
      },
      "world_space": {
        "head": {
          "x": 0.5493048429489136,
          "y": -0.3186799883842468,
          "z": 1.3649648427963257
        },
        "tail": {
          "x": 0.5743523836135864,
          "y": -0.33100008964538574,
          "z": 1.3591419458389282
        },
        "rotation_quaternion": {
          "w": 0.03754742443561554,
          "x": -0.8356606960296631,
          "y": -0.5315614342689514,
          "z": 0.1330564171075821
        },
        "matrix": [
          [
            0.3994767963886261,
            0.8784181475639343,
            -0.26229745149612427,
            0.5493048429489136
          ],
          [
            0.8984018564224243,
            -0.43206527829170227,
            -0.0787031427025795,
            -0.3186799883842468
          ],
          [
            -0.1824643611907959,
            -0.20421023666858673,
            -0.9617792963981628,
            1.3649648427963257
          ],
          [
            0.0,
            0.0,
            0.0,
            1.0
          ]
        ]
      },
      "bone_length_armature_space": 0.02851438088154596,
      "parent": "metacarpal_index_l",
      "has_children": true,
      "is_end_bone": false
    },
    "index_02_l": {
      "name": "index_02_l",
      "local": {
        "location": {
          "x": 0.0,
          "y": 0.0,
          "z": 0.0
        },
        "rotation_quaternion": {
          "w": 0.9992006421089172,
          "x": 0.03835568204522133,
          "y": -0.008334996178746223,
          "z": -0.007586569990962744
        },
        "scale": {
          "x": 1.0,
          "y": 1.0,
          "z": 1.0
        },
        "matrix_basis": [
          [
            0.9997459650039673,
            0.014521622098982334,
            -0.017238643020391464,
            0.0
          ],
          [
            -0.01580039970576763,
            0.9969425797462463,
            -0.07652357965707779,
            0.0
          ],
          [
            0.016074690967798233,
            0.07677651196718216,
            0.9969187378883362,
            0.0
          ],
          [
            0.0,
            0.0,
            0.0,
            1.0
          ]
        ],
        "rotation_mode": "QUATERNION"
      },
      "armature_space": {
        "head": {
          "x": 0.5743525624275208,
          "y": -0.3942444920539856,
          "z": 0.40928757190704346
        },
        "tail": {
          "x": 0.5969727635383606,
          "y": -0.40446236729621887,
          "z": 0.4028059244155884
        }
      },
      "world_space": {
        "head": {
          "x": 0.5743525624275208,
          "y": -0.33100050687789917,
          "z": 1.3591415882110596
        },
        "tail": {
          "x": 0.5969727635383606,
          "y": -0.34121835231781006,
          "z": 1.3526599407196045
        },
        "rotation_quaternion": {
          "w": 0.03540532663464546,
          "x": -0.8169977068901062,
          "y": -0.5473504662513733,
          "z": 0.17795749008655548
        },
        "matrix": [
          [
            0.3374766409397125,
            0.8817670941352844,
            -0.32953953742980957,
            0.5743525624275208
          ],
          [
            0.9069694876670837,
            -0.3983074724674225,
            -0.13696007430553436,
            -0.33100050687789917
          ],
          [
            -0.25202590227127075,
            -0.2526635527610779,
            -0.9341619610786438,
            1.3591415882110596
          ],
          [
            0.0,
            0.0,
            0.0,
            1.0
          ]
        ]
      },
      "bone_length_armature_space": 0.025653269523905745,
      "parent": "index_01_l",
      "has_children": true,
      "is_end_bone": false
    },
    "index_03_l": {
      "name": "index_03_l",
      "local": {
        "location": {
          "x": 0.0,
          "y": 0.0,
          "z": 0.0
        },
        "rotation_quaternion": {
          "w": 0.9994003176689148,
          "x": 0.03424509987235069,
          "y": 0.002211549784988165,
          "z": 0.0046381051652133465
        },
        "scale": {
          "x": 1.0,
          "y": 1.0,
          "z": 1.0
        },
        "matrix_basis": [
          [
            0.999947190284729,
            -0.009119178168475628,
            0.0047381119802594185,
            0.0
          ],
          [
            0.009422116912901402,
            0.9976115226745605,
            -0.06842861324548721,
            0.0
          ],
          [
            -0.004102782346308231,
            0.06846964359283447,
            0.9976447820663452,
            0.0
          ],
          [
            0.0,
            0.0,
            0.0,
            1.0
          ]
        ],
        "rotation_mode": "QUATERNION"
      },
      "armature_space": {
        "head": {
          "x": 0.5969728231430054,
          "y": -0.40446236729621887,
          "z": 0.40280604362487793
        },
        "tail": {
          "x": 0.6216637492179871,
          "y": -0.41425925493240356,
          "z": 0.3906358778476715
        }
      },
      "world_space": {
        "head": {
          "x": 0.5969728231430054,
          "y": -0.34121835231781006,
          "z": 1.352660059928894
        },
        "tail": {
          "x": 0.6216637492179871,
          "y": -0.35101526975631714,
          "z": 1.3404898643493652
        },
        "rotation_quaternion": {
          "w": 0.1276230365037918,
          "x": -0.7946910858154297,
          "y": -0.5621963143348694,
          "z": 0.19003617763519287
        },
        "matrix": [
          [
            0.2956419289112091,
            0.8450391888618469,
            -0.4455386698246002,
            0.5969728231430054
          ],
          [
            0.9420511722564697,
            -0.3352948725223541,
            -0.010835960507392883,
            -0.34121835231781006
          ],
          [
            -0.1585438847541809,
            -0.41651982069015503,
            -0.8952035903930664,
            1.352660059928894
          ],
          [
            0.0,
            0.0,
            0.0,
            1.0
          ]
        ]
      },
      "bone_length_armature_space": 0.029218722949200363,
      "parent": "index_02_l",
      "has_children": false,
      "is_end_bone": true
    },
    "metacarpal_pinky_l": {
      "name": "metacarpal_pinky_l",
      "local": {
        "location": {
          "x": 0.0,
          "y": 0.0,
          "z": 0.0
        },
        "rotation_quaternion": {
          "w": 0.9970252513885498,
          "x": -0.0764135867357254,
          "y": 0.0069380044005811214,
          "z": 0.007313217967748642
        },
        "scale": {
          "x": 1.0,
          "y": 1.0,
          "z": 1.0
        },
        "matrix_basis": [
          [
            0.9997967481613159,
            -0.01564324088394642,
            0.01271707285195589,
            0.0
          ],
          [
            0.013522610068321228,
            0.9882149696350098,
            0.1524740308523178,
            0.0
          ],
          [
            -0.014952389523386955,
            -0.1522710770368576,
            0.9882256388664246,
            0.0
          ],
          [
            0.0,
            0.0,
            0.0,
            1.0
          ]
        ],
        "rotation_mode": "QUATERNION"
      },
      "armature_space": {
        "head": {
          "x": 0.48685750365257263,
          "y": -0.2956981658935547,
          "z": 0.464046448469162
        },
        "tail": {
          "x": 0.5809718370437622,
          "y": -0.3202783763408661,
          "z": 0.4268774092197418
        }
      },
      "world_space": {
        "head": {
          "x": 0.48685750365257263,
          "y": -0.23245416581630707,
          "z": 1.4139004945755005
        },
        "tail": {
          "x": 0.5809718370437622,
          "y": -0.2570343613624573,
          "z": 1.3767313957214355
        },
        "rotation_quaternion": {
          "w": 0.5144787430763245,
          "x": 0.16478554904460907,
          "y": 0.342469185590744,
          "z": -0.7686821818351746
        },
        "matrix": [
          [
            -0.41631388664245605,
            0.9038094282150269,
            0.09905306994915009,
            0.48685750365257263
          ],
          [
            -0.6780753135681152,
            -0.23605147004127502,
            -0.696056067943573,
            -0.23245416581630707
          ],
          [
            -0.6057251691818237,
            -0.35694587230682373,
            0.7111265063285828,
            1.4139004945755005
          ],
          [
            0.0,
            0.0,
            0.0,
            1.0
          ]
        ]
      },
      "bone_length_armature_space": 0.10413084292695639,
      "parent": "lowerarm_l",
      "has_children": true,
      "is_end_bone": false
    },
    "pinky_01_l": {
      "name": "pinky_01_l",
      "local": {
        "location": {
          "x": 0.0,
          "y": 0.0,
          "z": 0.0
        },
        "rotation_quaternion": {
          "w": 0.9974284172058105,
          "x": -0.07087056338787079,
          "y": -0.008776463568210602,
          "z": -0.006072216667234898
        },
        "scale": {
          "x": 1.0,
          "y": 1.0,
          "z": 1.0
        },
        "matrix_basis": [
          [
            0.9997721910476685,
            0.013357188552618027,
            -0.016647106036543846,
            0.0
          ],
          [
            -0.010869217105209827,
            0.9898809790611267,
            0.14148321747779846,
            0.0
          ],
          [
            0.018368471413850784,
            -0.14127004146575928,
            0.9898006916046143,
            0.0
          ],
          [
            0.0,
            0.0,
            0.0,
            1.0
          ]
        ],
        "rotation_mode": "QUATERNION"
      },
      "armature_space": {
        "head": {
          "x": 0.5809718370437622,
          "y": -0.3202783763408661,
          "z": 0.4268774092197418
        },
        "tail": {
          "x": 0.6002810001373291,
