{
  "metadata": {
    "armature_name": "KIM_caucasian_male",
    "export_time": "2026-01-13T21:05:37.736985",
    "blender_version": "4.4.1",
    "bone_count": 56,
    "end_bone_count": 13,
    "spaces_included": [
      "LOCAL_CHANNELS",
      "ARMATURE_SPACE",
      "WORLD_SPACE"
    ],
    "note": "LOCAL matches Transform panel; replay pose via local.matrix_basis for best fidelity."
  },
  "bones": {
    "Root": {
      "name": "Root",
      "local": {
        "location": {
          "x": 0.0,
          "y": 0.0,
          "z": 0.0
        },
        "rotation_quaternion": {
          "w": 0.9997379183769226,
          "x": 0.0036338299978524446,
          "y": 0.01300605945289135,
          "z": 0.018488632515072823
        },
        "scale": {
          "x": 1.0,
          "y": 1.0,
          "z": 1.0
        },
        "matrix_basis": [
          [
            0.9989780187606812,
            -0.03687305003404617,
            0.026139670982956886,
            0.0
          ],
          [
            0.03706209734082222,
            0.9992899298667908,
            -0.00678482698276639,
            0.0
          ],
          [
            -0.025870932266116142,
            0.0077466838993132114,
            0.9996352791786194,
            0.0
          ],
          [
            0.0,
            0.0,
            0.0,
            1.0
          ]
        ],
        "rotation_mode": "QUATERNION"
      },
      "armature_space": {
        "head": {
          "x": 0.0,
          "y": 0.07072800397872925,
          "z": -0.009595036506652832
        },
        "tail": {
          "x": -0.002631845884025097,
          "y": -2.4110078811645508e-05,
          "z": -0.0005547245964407921
        }
      },
      "world_space": {
        "head": {
          "x": 0.0,
          "y": 0.13397200405597687,
          "z": 0.9402589797973633
        },
        "tail": {
          "x": -0.002631845884025097,
          "y": 0.06321988999843597,
          "z": 0.9492992758750916
        },
        "rotation_quaternion": {
          "w": 0.06372443586587906,
          "x": 0.9977115988731384,
          "y": -0.017570441588759422,
          "z": 0.014222055673599243
        },
        "matrix": [
          [
            0.9989780187606812,
            -0.03687305003404617,
            0.026139670982956886,
            0.0
          ],
          [
            -0.033247869461774826,
            -0.9912609457969666,
            -0.1276574283838272,
            0.13397200405597687
          ],
          [
            0.030618533492088318,
            0.12665781378746033,
            -0.991480827331543,
            0.9402589797973633
          ],
          [
            0.0,
            0.0,
            0.0,
            1.0
          ]
        ]
      },
      "bone_length_armature_space": 0.07137587465699814,
      "parent": null,
      "has_children": true,
      "is_end_bone": false
    },
    "spine_01": {
      "name": "spine_01",
      "local": {
        "location": {
          "x": 0.0,
          "y": 0.0,
          "z": 0.0
        },
        "rotation_quaternion": {
          "w": 0.9941556453704834,
          "x": 0.1074124425649643,
          "y": -0.008178489282727242,
          "z": -0.007095798384398222
        },
        "scale": {
          "x": 1.0,
          "y": 1.0,
          "z": 1.0
        },
        "matrix_basis": [
          [
            0.9997655153274536,
            0.01235171314328909,
            -0.01778573729097843,
            0.0
          ],
          [
            -0.015865599736571312,
            0.9768244624137878,
            -0.21345330774784088,
            0.0
          ],
          [
            0.014737028628587723,
            0.21368543803691864,
            0.9767913818359375,
            0.0
          ],
          [
            0.0,
            0.0,
            0.0,
            1.0
          ]
        ],
        "rotation_mode": "QUATERNION"
      },
      "armature_space": {
        "head": {
          "x": -0.002631845884025097,
          "y": -2.4110078811645508e-05,
          "z": -0.0005547245964407921
        },
        "tail": {
          "x": -0.014159227721393108,
          "y": -0.08531254529953003,
          "z": 0.4798007607460022
        }
      },
      "world_space": {
        "head": {
          "x": -0.002631845884025097,
          "y": 0.06321988999843597,
          "z": 0.9492992758750916
        },
        "tail": {
          "x": -0.014159227721393108,
          "y": -0.02206854522228241,
          "z": 1.429654836654663
        },
        "rotation_quaternion": {
          "w": 0.6419184803962708,
          "x": 0.7663492560386658,
          "y": -0.02355736307799816,
          "z": -0.009724562056362629
        },
        "matrix": [
          [
            0.9987009167671204,
            -0.02362162433564663,
            -0.045148756355047226,
            -0.002631845884025097
          ],
          [
            -0.04859120026230812,
            -0.17477095127105713,
            -0.9834094047546387,
            0.06321988999843597
          ],
          [
            0.01533909235149622,
            0.9843325018882751,
            -0.1756938397884369,
            0.9492992758750916
          ],
          [
            0.0,
            0.0,
            0.0,
            1.0
          ]
        ]
      },
      "bone_length_armature_space": 0.4880044871754768,
      "parent": "Root",
      "has_children": true,
      "is_end_bone": false
    },
    "neck_01": {
      "name": "neck_01",
      "local": {
        "location": {
          "x": 0.0,
          "y": 0.0,
          "z": 0.0
        },
        "rotation_quaternion": {
          "w": 0.9856431484222412,
          "x": 0.06464274227619171,
          "y": 0.016720792278647423,
          "z": 0.15507887303829193
        },
        "scale": {
          "x": 1.0,
          "y": 1.0,
          "z": 1.0
        },
        "matrix_basis": [
          [
            0.9513419270515442,
            -0.3035430908203125,
            0.05301091447472572,
            0.0
          ],
          [
            0.3078666031360626,
            0.9435437321662903,
            -0.12224327027797699,
            0.0
          ],
          [
            -0.012912021018564701,
            0.13261543214321136,
            0.9910834431648254,
            0.0
          ],
          [
            0.0,
            0.0,
            0.0,
            1.0
          ]
        ],
        "rotation_mode": "QUATERNION"
      },
      "armature_space": {
        "head": {
          "x": -0.017454545944929123,
          "y": -0.13221408426761627,
          "z": 0.5457788705825806
        },
        "tail": {
          "x": -0.052774276584386826,
          "y": -0.19389833509922028,
          "z": 0.6196589469909668
        }
      },
      "world_space": {
        "head": {
          "x": -0.017454545944929123,
          "y": -0.06897008419036865,
          "z": 1.4956328868865967
        },
        "tail": {
          "x": -0.052774276584386826,
          "y": -0.13065433502197266,
          "z": 1.569512963294983
        },
        "rotation_quaternion": {
          "w": 0.41914328932762146,
          "x": 0.8908216953277588,
          "y": -0.15324008464813232,
          "z": 0.08528299629688263
        },
        "matrix": [
          [
            0.9384883642196655,
            -0.3445110321044922,
            0.02348363772034645,
            -0.017454545944929123
          ],
          [
            -0.20152854919433594,
            -0.601672351360321,
            -0.7729015946388245,
            -0.06897008419036865
          ],
          [
            0.28040432929992676,
            0.7206310629844666,
            -0.6340965628623962,
            1.4956328868865967
          ],
          [
            0.0,
            0.0,
            0.0,
            1.0
          ]
        ]
      },
      "bone_length_armature_space": 0.10252168428660574,
      "parent": "spine_01",
      "has_children": true,
      "is_end_bone": false
    },
    "head": {
      "name": "head",
      "local": {
        "location": {
          "x": 0.0,
          "y": 0.0,
          "z": 0.0
        },
        "rotation_quaternion": {
          "w": 0.9912656545639038,
          "x": -0.06816291809082031,
          "y": -0.005102340131998062,
          "z": -0.11278405040502548
        },
        "scale": {
          "x": 1.0,
          "y": 1.0,
          "z": 1.0
        },
        "matrix_basis": [
          [
            0.9745074510574341,
            0.22429348528385162,
            0.005259830970317125,
            0.0
          ],
          [
            -0.2229023277759552,
            0.9652671217918396,
            0.13628605008125305,
            0.0
          ],
          [
            0.025490928441286087,
            -0.13398419320583344,
            0.9906555414199829,
            0.0
          ],
          [
            0.0,
            0.0,
            0.0,
            1.0
          ]
        ],
        "rotation_mode": "QUATERNION"
      },
      "armature_space": {
        "head": {
          "x": -0.05277424678206444,
          "y": -0.19389840960502625,
          "z": 0.6196587681770325
        },
        "tail": {
          "x": -0.0674007385969162,
          "y": -0.22366595268249512,
          "z": 0.7711620926856995
        }
      },
      "world_space": {
        "head": {
          "x": -0.05277424678206444,
          "y": -0.13065440952777863,
          "z": 1.5695128440856934
        },
        "tail": {
          "x": -0.0674007385969162,
          "y": -0.1604219526052475,
          "z": 1.7210161685943604
        },
        "rotation_quaternion": {
          "w": 0.6302502751350403,
          "x": 0.7715438008308411,
          "y": -0.0825582891702652,
          "z": -0.02624768391251564
        },
        "matrix": [
          [
            0.9849901795387268,
            -0.09430959820747375,
            -0.14456772804260254,
            -0.05277424678206444
          ],
          [
            -0.1604803502559662,
            -0.19193695485591888,
            -0.9681975245475769,
            -0.13065440952777863
          ],
          [
            0.06356269121170044,
            0.9768721461296082,
            -0.20419317483901978,
            1.5695128440856934
          ],
          [
            0.0,
            0.0,
            0.0,
            1.0
          ]
        ]
      },
      "bone_length_armature_space": 0.15509125656901737,
      "parent": "neck_01",
      "has_children": false,
      "is_end_bone": true
    },
    "upperarm_l": {
      "name": "upperarm_l",
      "local": {
        "location": {
          "x": 0.0,
          "y": 0.0,
          "z": 0.0
        },
        "rotation_quaternion": {
          "w": 0.8930604457855225,
          "x": 0.3837338387966156,
          "y": 0.15817706286907196,
          "z": 0.17369931936264038
        },
        "scale": {
          "x": 1.0,
          "y": 1.0,
          "z": 1.0
        },
        "matrix_basis": [
          [
            0.8896171450614929,
            -0.1888522058725357,
            0.415831983089447,
            0.0
          ],
          [
            0.4316437542438507,
            0.6451537609100342,
            -0.6304445266723633,
            0.0
          ],
          [
            -0.1492147445678711,
            0.7403455376625061,
            0.6554567217826843,
            0.0
          ],
          [
            0.0,
            0.0,
            0.0,
            1.0
          ]
        ],
        "rotation_mode": "QUATERNION"
      },
      "armature_space": {
        "head": {
          "x": 0.1337941586971283,
          "y": -0.1308930218219757,
          "z": 0.4813646972179413
        },
        "tail": {
          "x": 0.3053959608078003,
          "y": -0.3364589214324951,
          "z": 0.4915193021297455
        }
      },
      "world_space": {
        "head": {
          "x": 0.1337941586971283,
          "y": -0.06764902174472809,
          "z": 1.4312187433242798
        },
        "tail": {
          "x": 0.3053959608078003,
          "y": -0.2732149362564087,
          "z": 1.441373348236084
        },
        "rotation_quaternion": {
          "w": 0.17924584448337555,
          "x": 0.8276194334030151,
          "y": 0.29035893082618713,
          "z": -0.44565537571907043
        },
        "matrix": [
          [
            0.4341655373573303,
            0.6403782367706299,
            -0.6335740089416504,
            0.1337941586971283
          ],
          [
            0.3208498954772949,
            -0.7671244144439697,
            -0.5554959774017334,
            -0.06764902174472809
          ],
          [
            -0.8417631983757019,
            0.037894606590270996,
            -0.5385284423828125,
            1.4312187433242798
          ],
          [
            0.0,
            0.0,
            0.0,
            1.0
          ]
        ]
      },
      "bone_length_armature_space": 0.2679694647698446,
      "parent": "spine_01",
      "has_children": true,
      "is_end_bone": false
    },
    "lowerarm_l": {
      "name": "lowerarm_l",
      "local": {
        "location": {
          "x": 0.0,
          "y": 0.0,
          "z": 0.0
        },
        "rotation_quaternion": {
          "w": 0.8758121728897095,
          "x": 0.39173123240470886,
          "y": 0.11583731323480606,
          "z": -0.25706297159194946
        },
        "scale": {
          "x": 1.0,
          "y": 1.0,
          "z": 1.0
        },
        "matrix_basis": [
          [
            0.8410006761550903,
            0.5410319566726685,
            0.001504268730059266,
            0.0
          ],
          [
            -0.35952356457710266,
            0.5609305500984192,
            -0.7457209229469299,
            0.0
          ],
          [
            -0.4043026566505432,
            0.6266109943389893,
            0.6662567257881165,
            0.0
          ],
          [
            0.0,
            0.0,
            0.0,
            1.0
          ]
        ],
        "rotation_mode": "QUATERNION"
      },
      "armature_space": {
        "head": {
          "x": 0.3053959012031555,
          "y": -0.33645904064178467,
          "z": 0.49151936173439026
        },
        "tail": {
          "x": 0.31124231219291687,
          "y": -0.5181097984313965,
          "z": 0.29520636796951294
        }
      },
      "world_space": {
        "head": {
          "x": 0.3053959012031555,
          "y": -0.27321505546569824,
          "z": 1.441373348236084
        },
        "tail": {
          "x": 0.31124231219291687,
          "y": -0.45486581325531006,
          "z": 1.2450604438781738
        },
        "rotation_quaternion": {
          "w": 0.33336761593818665,
          "x": -0.7772179245948792,
          "y": -0.2221786230802536,
          "z": 0.485216349363327
        },
        "matrix": [
          [
            0.4304043650627136,
            0.021853774785995483,
            -0.9023715853691101,
            0.3053959012031555
          ],
          [
            0.668873131275177,
            -0.6790060997009277,
            0.3025880455970764,
            -0.27321505546569824
          ],
          [
            -0.6061067581176758,
            -0.7338131666183472,
            -0.30686643719673157,
            1.441373348236084
          ],
          [
            0.0,
            0.0,
            0.0,
            1.0
          ]
        ]
      },
      "bone_length_armature_space": 0.26752564175646754,
      "parent": "upperarm_l",
      "has_children": true,
      "is_end_bone": false
    },
    "metacarpal_thumb_l": {
      "name": "metacarpal_thumb_l",
      "local": {
        "location": {
          "x": 0.0,
          "y": 0.0,
          "z": 0.0
        },
        "rotation_quaternion": {
          "w": 0.9996188879013062,
          "x": -0.026451751589775085,
          "y": -0.006197666749358177,
          "z": 0.004908975213766098
        },
        "scale": {
          "x": 1.0,
          "y": 1.0,
          "z": 1.0
        },
        "matrix_basis": [
          [
            0.999875009059906,
            -0.009486330673098564,
            -0.012650311924517155,
            0.0
          ],
          [
            0.010142087005078793,
            0.9985524415969849,
            0.05282249301671982,
            0.0
          ],
          [
            0.012130907736718655,
            -0.05294419080018997,
            0.9985237717628479,
            0.0
          ],
          [
            0.0,
            0.0,
            0.0,
            1.0
          ]
        ],
        "rotation_mode": "QUATERNION"
      },
      "armature_space": {
        "head": {
          "x": 0.31124231219291687,
          "y": -0.5181097984313965,
          "z": 0.29520636796951294
        },
        "tail": {
          "x": 0.28815266489982605,
          "y": -0.5314737558364868,
          "z": 0.2534704804420471
        }
      },
      "world_space": {
        "head": {
          "x": 0.31124231219291687,
          "y": -0.45486581325531006,
          "z": 1.2450604438781738
        },
        "tail": {
          "x": 0.28815266489982605,
          "y": -0.4682297706604004,
          "z": 1.203324556350708
        },
        "rotation_quaternion": {
          "w": 0.5048786401748657,
          "x": -0.7944856286048889,
          "y": 0.33196374773979187,
          "z": -0.06074800342321396
        },
        "matrix": [
          [
            0.7722182273864746,
            -0.46614038944244385,
            0.4317314624786377,
            0.31124231219291687
          ],
          [
            -0.5888234972953796,
            -0.26979508996009827,
            0.7619039416313171,
            -0.45486581325531006
          ],
          [
            -0.23867744207382202,
            -0.8425758481025696,
            -0.48281779885292053,
            1.2450604438781738
          ],
          [
            0.0,
            0.0,
            0.0,
            1.0
          ]
        ]
      },
      "bone_length_armature_space": 0.04953394255630153,
      "parent": "lowerarm_l",
      "has_children": true,
      "is_end_bone": false
    },
    "thumb_01_l": {
      "name": "thumb_01_l",
      "local": {
        "location": {
          "x": 0.0,
          "y": 0.0,
          "z": 0.0
        },
        "rotation_quaternion": {
          "w": 0.9829891920089722,
          "x": 0.18344801664352417,
          "y": -0.006651098839938641,
          "z": 0.005907871760427952
        },
        "scale": {
          "x": 1.0,
          "y": 1.0,
          "z": 1.0
        },
        "matrix_basis": [
          [
            0.9998417496681213,
            -0.014055009931325912,
            -0.010908341966569424,
            0.0
          ],
          [
            0.009174486622214317,
            0.9326238632202148,
            -0.36073341965675354,
            0.0
          ],
          [
            0.015243491157889366,
            0.36057624220848083,
            0.9326051473617554,
            0.0
          ],
          [
            0.0,
            0.0,
            0.0,
            1.0
          ]
        ],
        "rotation_mode": "QUATERNION"
      },
      "armature_space": {
        "head": {
          "x": 0.28815266489982605,
          "y": -0.5314737558364868,
          "z": 0.2534704804420471
        },
        "tail": {
          "x": 0.29527655243873596,
          "y": -0.5232274532318115,
          "z": 0.22122319042682648
        }
      },
      "world_space": {
        "head": {
          "x": 0.28815266489982605,
          "y": -0.4682297706604004,
          "z": 1.203324556350708
        },
        "tail": {
          "x": 0.29527655243873596,
          "y": -0.4599834680557251,
          "z": 1.1710772514343262
        },
        "rotation_quaternion": {
          "w": 0.39098092913627625,
          "x": -0.18288102746009827,
          "y": 0.6842994689941406,
          "z": -0.5877268314361572
        },
        "matrix": [
          [
            -0.6273783445358276,
            0.20928823947906494,
            0.7500631213188171,
            0.28815266489982605
          ],
          [
            -0.7098695635795593,
            0.24226392805576324,
            -0.6613573431968689,
            -0.4682297706604004
          ],
          [
            -0.320130318403244,
            -0.9473748207092285,
            -0.0034244954586029053,
            1.203324556350708
          ],
          [
            0.0,
            0.0,
            0.0,
            1.0
          ]
        ]
      },
      "bone_length_armature_space": 0.03403878588634649,
      "parent": "metacarpal_thumb_l",
      "has_children": true,
      "is_end_bone": false
    },
    "thumb_02_l": {
      "name": "thumb_02_l",
      "local": {
        "location": {
          "x": 0.0,
          "y": 0.0,
          "z": 0.0
        },
        "rotation_quaternion": {
          "w": 0.9277377724647522,
          "x": 0.37318432331085205,
          "y": 0.00042515440145507455,
          "z": 0.006000822875648737
        },
        "scale": {
          "x": 1.0,
          "y": 1.0,
          "z": 1.0
        },
        "matrix_basis": [
          [
            0.9999276399612427,
            -0.010817058384418488,
            0.005267689470201731,
            0.0
          ],
          [
            0.011451701633632183,
            0.7213948965072632,
            -0.6924293041229248,
            0.0
          ],
          [
            0.003689962439239025,
            0.6924394965171814,
            0.7214665412902832,
            0.0
          ],
          [
            0.0,
            0.0,
            0.0,
            1.0
          ]
        ],
        "rotation_mode": "QUATERNION"
      },
      "armature_space": {
        "head": {
          "x": 0.2952765226364136,
          "y": -0.523227334022522,
          "z": 0.22122322022914886
        },
        "tail": {
          "x": 0.2992412745952606,
          "y": -0.5631811022758484,
          "z": 0.2222985029220581
        }
      },
      "world_space": {
        "head": {
          "x": 0.2952765226364136,
          "y": -0.45998334884643555,
          "z": 1.1710772514343262
        },
        "tail": {
          "x": 0.2992412745952606,
          "y": -0.49993711709976196,
          "z": 1.1721525192260742
        },
        "rotation_quaternion": {
          "w": 0.05024801194667816,
          "x": 0.07088553160429001,
          "y": -0.009862063452601433,
          "z": -0.9961692690849304
        },
        "matrix": [
          [
            -0.9849007725715637,
            0.09871284663677216,
            -0.14221911132335663,
            0.2952765226364136
          ],
          [
            -0.10150928050279617,
            -0.9947558641433716,
            0.012525200843811035,
            -0.45998334884643555
          ],
          [
            -0.14023783802986145,
            0.026772022247314453,
            0.9897630214691162,
            1.1710772514343262
          ],
          [
            0.0,
            0.0,
            0.0,
            1.0
          ]
        ]
      },
      "bone_length_armature_space": 0.04016440005925223,
      "parent": "thumb_01_l",
      "has_children": true,
      "is_end_bone": false
    },
    "thumb_03_l": {
      "name": "thumb_03_l",
      "local": {
        "location": {
          "x": 0.0,
          "y": 0.0,
          "z": 0.0
        },
        "rotation_quaternion": {
          "w": 0.9828940033912659,
          "x": 0.18378382921218872,
          "y": 0.00656686257570982,
          "z": 0.009992695413529873
        },
        "scale": {
          "x": 1.0,
          "y": 1.0,
          "z": 1.0
        },
        "matrix_basis": [
          [
            0.9997140169143677,
            -0.017229754477739334,
            0.016582051292061806,
            0.0
          ],
          [
            0.022057287395000458,
            0.9322472810745239,
            -0.36114880442619324,
            0.0
          ],
          [
            -0.009236068464815617,
            0.36141130328178406,
            0.9323607683181763,
            0.0
          ],
          [
            0.0,
            0.0,
            0.0,
            1.0
          ]
        ],
        "rotation_mode": "QUATERNION"
      },
      "armature_space": {
        "head": {
          "x": 0.29924121499061584,
          "y": -0.5631810426712036,
          "z": 0.22229842841625214
        },
        "tail": {
          "x": 0.2999400794506073,
          "y": -0.5874427556991577,
          "z": 0.2406771332025528
        }
      },
      "world_space": {
        "head": {
          "x": 0.29924121499061584,
          "y": -0.4999370574951172,
          "z": 1.1721524000167847
        },
        "tail": {
          "x": 0.2999400794506073,
          "y": -0.5241987705230713,
          "z": 1.1905311346054077
        },
        "rotation_quaternion": {
          "w": 0.1078033521771431,
          "x": 0.2865363657474518,
          "y": -0.29987624287605286,
          "z": -0.9035207629203796
        },
        "matrix": [
          [
            -0.8125508427619934,
            0.02295471727848053,
            -0.5824381709098816,
            0.29924121499061584
          ],
          [
            -0.3666561543941498,
            -0.7969056367874146,
            0.4801092743873596,
            -0.4999370574951172
          ],
          [
            -0.4531308114528656,
            0.6036713123321533,
            0.6559479832649231,
            1.1721524000167847
          ],
          [
            0.0,
            0.0,
            0.0,
            1.0
          ]
        ]
      },
      "bone_length_armature_space": 0.030444965614798345,
      "parent": "thumb_02_l",
      "has_children": false,
      "is_end_bone": true
    },
    "metacarpal_index_l": {
      "name": "metacarpal_index_l",
      "local": {
        "location": {
          "x": 0.0,
          "y": 0.0,
          "z": 0.0
        },
        "rotation_quaternion": {
          "w": 0.9998597502708435,
          "x": 0.009646711871027946,
          "y": 0.009460492059588432,
          "z": -0.009902797639369965
        },
        "scale": {
          "x": 1.0,
          "y": 1.0,
          "z": 1.0
        },
        "matrix_basis": [
          [
            0.9996248483657837,
            0.019985342398285866,
            0.018727270886301994,
            0.0
          ],
          [
            -0.019620291888713837,
            0.9996177554130554,
            -0.0194780882447958,
            0.0
          ],
          [
            -0.019109388813376427,
            0.01910334639251232,
            0.999634861946106,
            0.0
          ],
          [
            0.0,
            0.0,
            0.0,
            1.0
          ]
        ],
        "rotation_mode": "QUATERNION"
      },
      "armature_space": {
        "head": {
          "x": 0.31124231219291687,
          "y": -0.5181097984313965,
          "z": 0.29520636796951294
        },
        "tail": {
          "x": 0.2858927845954895,
          "y": -0.577045202255249,
          "z": 0.19715851545333862
        }
      },
      "world_space": {
        "head": {
          "x": 0.31124231219291687,
          "y": -0.45486581325531006,
          "z": 1.2450604438781738
        },
        "tail": {
          "x": 0.2858927845954895,
          "y": -0.5138012170791626,
          "z": 1.14701247215271
        },
        "rotation_quaternion": {
          "w": 0.4944784641265869,
          "x": -0.8600361943244934,
          "y": 0.06324382871389389,
          "z": 0.10876203328371048
        },
        "matrix": [
          [
            0.9683420658111572,
            -0.21634507179260254,
            -0.1245320588350296,
            0.31124231219291687
          ],
          [
            -0.0012240074574947357,
            -0.5029833316802979,
            0.8642953038215637,
            -0.45486581325531006
          ],
          [
            -0.2496253252029419,
            -0.8367875814437866,
            -0.48732730746269226,
            1.2450604438781738
          ],
          [
            0.0,
            0.0,
            0.0,
            1.0
          ]
        ]
      },
      "bone_length_armature_space": 0.11717236018730569,
      "parent": "lowerarm_l",
      "has_children": true,
      "is_end_bone": false
    },
    "index_01_l": {
      "name": "index_01_l",
      "local": {
        "location": {
          "x": 0.0,
          "y": 0.0,
          "z": 0.0
        },
        "rotation_quaternion": {
          "w": 0.9742441177368164,
          "x": 0.22519008815288544,
          "y": 0.0019487617537379265,
          "z": -0.011584971100091934
        },
        "scale": {
          "x": 1.0,
          "y": 1.0,
          "z": 1.0
        },
        "matrix_basis": [
          [
            0.9997239708900452,
            0.023450864478945732,
            -0.0014205019688233733,
            0.0
          ],
          [
            -0.021695496514439583,
            0.8983104228973389,
            -0.438825398683548,
            0.0
          ],
          [
            -0.009014780633151531,
            0.43873509764671326,
            0.898571252822876,
            0.0
          ],
          [
            0.0,
            0.0,
            0.0,
            1.0
          ]
        ],
        "rotation_mode": "QUATERNION"
      },
      "armature_space": {
        "head": {
          "x": 0.2858927845954895,
          "y": -0.577045202255249,
          "z": 0.19715851545333862
        },
        "tail": {
          "x": 0.28916725516319275,
          "y": -0.5819154977798462,
          "z": 0.16925440728664398
        }
      },
      "world_space": {
        "head": {
          "x": 0.2858927845954895,
          "y": -0.5138012170791626,
          "z": 1.14701247215271
        },
        "tail": {
          "x": 0.28916725516319275,
          "y": -0.5186715126037598,
          "z": 1.1191084384918213
        },
        "rotation_quaternion": {
          "w": 0.6371096968650818,
          "x": -0.764803946018219,
          "y": -0.09322769939899445,
          "z": 0.021790729835629463
        },
        "matrix": [
          [
            0.9816673994064331,
            0.11483561247587204,
            -0.1521243453025818,
            0.2858927845954895
          ],
          [
            0.17036883533000946,
            -0.17080053687095642,
            0.9704647064208984,
            -0.5138012170791626
          ],
          [
            0.0854618102312088,
            -0.9785979986190796,
            -0.18723401427268982,
            1.14701247215271
          ],
          [
            0.0,
            0.0,
            0.0,
            1.0
          ]
        ]
      },
      "bone_length_armature_space": 0.02851457903475945,
      "parent": "metacarpal_index_l",
      "has_children": true,
      "is_end_bone": false
    },
    "index_02_l": {
      "name": "index_02_l",
      "local": {
        "location": {
          "x": 0.0,
          "y": 0.0,
          "z": 0.0
        },
        "rotation_quaternion": {
          "w": 0.9255049228668213,
          "x": 0.3785237669944763,
          "y": 0.006322742439806461,
          "z": 0.010977627709507942
        },
        "scale": {
          "x": 1.0,
          "y": 1.0,
          "z": 1.0
        },
        "matrix_basis": [
          [
            0.9996790289878845,
            -0.015533080324530602,
            0.020014043897390366,
            0.0
          ],
          [
            0.025106312707066536,
            0.7131984829902649,
            -0.7005124092102051,
            0.0
          ],
          [
            -0.0033928726334124804,
            0.7007900476455688,
            0.713359534740448,
            0.0
          ],
          [
            0.0,
            0.0,
            0.0,
            1.0
          ]
        ],
        "rotation_mode": "QUATERNION"
      },
      "armature_space": {
        "head": {
          "x": 0.28916698694229126,
          "y": -0.5819152593612671,
          "z": 0.16925396025180817
        },
        "tail": {
          "x": 0.2877390384674072,
          "y": -0.568561315536499,
          "z": 0.14739692211151123
        }
      },
      "world_space": {
        "head": {
          "x": 0.28916698694229126,
          "y": -0.5186712741851807,
          "z": 1.119107961654663
        },
        "tail": {
          "x": 0.2877390384674072,
          "y": -0.5053173303604126,
          "z": 1.0972509384155273
        },
        "rotation_quaternion": {
          "w": 0.8672208189964294,
          "x": -0.4826136529445648,
          "y": -0.09058341383934021,
          "z": 0.08250311017036438
        },
        "matrix": [
          [
            0.9699756503105164,
            -0.05566328763961792,
            -0.23674580454826355,
            0.28916698694229126
          ],
          [
            0.23053063452243805,
            0.5205543041229248,
            0.8221186399459839,
            -0.5186712741851807
          ],
          [
            0.07747805863618851,
            -0.8520177602767944,
            0.5177615880966187,
            1.119107961654663
          ],
          [
            0.0,
            0.0,
            0.0,
            1.0
          ]
        ]
      },
      "bone_length_armature_space": 0.025653400785218404,
      "parent": "index_01_l",
      "has_children": true,
      "is_end_bone": false
    },
    "index_03_l": {
      "name": "index_03_l",
      "local": {
        "location": {
          "x": 0.0,
          "y": 0.0,
          "z": 0.0
        },
        "rotation_quaternion": {
          "w": 0.9695889949798584,
          "x": 0.2447144240140915,
          "y": -0.003384560812264681,
          "z": -0.0008809646824374795
        },
        "scale": {
          "x": 1.0,
          "y": 1.0,
          "z": 1.0
        },
        "matrix_basis": [
          [
            0.9999755620956421,
            5.184562178328633e-05,
            -0.00699443556368351,
            0.0
          ],
          [
            -0.0033648491371423006,
            0.8802281618118286,
            -0.4745388627052307,
            0.0
          ],
          [
            0.006132096517831087,
            0.4745507836341858,
            0.8802067637443542,
            0.0
          ],
          [
            0.0,
            0.0,
            0.0,
            1.0
          ]
        ],
        "rotation_mode": "QUATERNION"
      },
      "armature_space": {
        "head": {
          "x": 0.2877390384674072,
          "y": -0.5685614943504333,
          "z": 0.14739684760570526
        },
        "tail": {
          "x": 0.2857622504234314,
          "y": -0.5420243144035339,
          "z": 0.1353302299976349
        }
      },
      "world_space": {
        "head": {
          "x": 0.2877390384674072,
          "y": -0.5053175091743469,
          "z": 1.0972508192062378
        },
        "tail": {
          "x": 0.2857622504234314,
          "y": -0.4787803292274475,
          "z": 1.0851842164993286
        },
        "rotation_quaternion": {
          "w": 0.9742562174797058,
          "x": -0.20835459232330322,
          "y": -0.07027214020490646,
          "z": 0.049749571830034256
        },
        "matrix": [
          [
            0.9851734638214111,
            -0.06765449047088623,
            -0.1576572209596634,
            0.2877390384674072
          ],
          [
            0.12622088193893433,
            0.9082265496253967,
            0.39898985624313354,
            -0.5053175091743469
          ],
          [
            0.11619601398706436,
            -0.412975937128067,
            0.9033070206642151,
            1.0972508192062378
          ],
          [
            0.0,
            0.0,
            0.0,
            1.0
          ]
        ]
      },
      "bone_length_armature_space": 0.029218707128837233,
      "parent": "index_02_l",
      "has_children": false,
      "is_end_bone": true
    },
    "metacarpal_pinky_l": {
      "name": "metacarpal_pinky_l",
      "local": {
        "location": {
          "x": 0.0,
          "y": 0.0,
          "z": 0.0
        },
        "rotation_quaternion": {
          "w": 0.9993412494659424,
          "x": -0.03568663075566292,
          "y": 0.006231394596397877,
          "z": -0.002209382364526391
        },
        "scale": {
          "x": 1.0,
          "y": 1.0,
          "z": 1.0
        },
        "matrix_basis": [
          [
            0.9999125599861145,
            0.00397109892219305,
            0.012612270191311836,
            0.0
          ],
          [
            -0.004860608838498592,
            0.9974431395530701,
            0.07129871100187302,
            0.0
          ],
          [
            -0.012296888045966625,
            -0.07135377824306488,
            0.9973752498626709,
            0.0
          ],
          [
            0.0,
            0.0,
            0.0,
            1.0
          ]
        ],
        "rotation_mode": "QUATERNION"
      },
      "armature_space": {
        "head": {
          "x": 0.31124231219291687,
          "y": -0.5181097984313965,
          "z": 0.29520636796951294
        },
        "tail": {
          "x": 0.3465845286846161,
          "y": -0.5897173881530762,
          "z": 0.2283739447593689
        }
      },
      "world_space": {
        "head": {
          "x": 0.31124231219291687,
          "y": -0.45486581325531006,
          "z": 1.2450604438781738
        },
        "tail": {
          "x": 0.3465845286846161,
          "y": -0.5264734029769897,
          "z": 1.1782279014587402
        },
        "rotation_quaternion": {
          "w": 0.020547470077872276,
          "x": 0.38662704825401306,
          "y": 0.394643634557724,
          "z": -0.8332788944244385
        },
        "matrix": [
          [
            -0.7001956701278687,
            0.33940234780311584,
            -0.6281179785728455,
            0.31124231219291687
          ],
          [
            0.27091485261917114,
            -0.6876696348190308,
            -0.6735841631889343,
            -0.45486581325531006
          ],
          [
            -0.6605580449104309,
            -0.6418124437332153,
            0.38955622911453247,
            1.2450604438781738
          ],
          [
            0.0,
            0.0,
            0.0,
            1.0
          ]
        ]
      },
      "bone_length_armature_space": 0.10413112884779258,
      "parent": "lowerarm_l",
      "has_children": true,
      "is_end_bone": false
    },
    "pinky_01_l": {
      "name": "pinky_01_l",
      "local": {
        "location": {
          "x": 0.0,
          "y": 0.0,
          "z": 0.0
        },
        "rotation_quaternion": {
          "w": 0.9515924453735352,
          "x": 0.30710771679878235,
          "y": -0.011667158454656601,
          "z": 0.004545389208942652
        },
        "scale": {
          "x": 1.0,
          "y": 1.0,
          "z": 1.0
        },
        "matrix_basis": [
          [
            0.9996864199638367,
            -0.015816865488886833,
            -0.01941291056573391,
            0.0
          ],
          [
            0.0014845672994852066,
            0.8113283514976501,
            -0.5845888257026672,
            0.0
          ],
          [
            0.02499660849571228,
            0.5843766927719116,
            0.8110974431037903,
            0.0
          ],
          [
            0.0,
            0.0,
            0.0,
            1.0
          ]
        ],
        "rotation_mode": "QUATERNION"
      },
      "armature_space": {
        "head": {
          "x": 0.3465845286846161,
          "y": -0.5897173881530762,
