{
  "metadata": {
    "armature_name": "KIM_caucasian_male",
    "export_time": "2026-01-13T21:04:35.687859",
    "blender_version": "4.4.1",
    "bone_count": 56,
    "end_bone_count": 13,
    "spaces_included": [
      "LOCAL_CHANNELS",
      "ARMATURE_SPACE",
      "WORLD_SPACE"
    ],
    "note": "LOCAL matches Transform panel; replay pose via local.matrix_basis for best fidelity."
  },
  "bones": {
    "Root": {
      "name": "Root",
      "local": {
        "location": {
          "x": 0.0,
          "y": 0.0,
          "z": 0.0
        },
        "rotation_quaternion": {
          "w": 0.9996719360351562,
          "x": -0.0034541189670562744,
          "y": -0.003691277466714382,
          "z": 0.02510928176343441
        },
        "scale": {
          "x": 1.0,
          "y": 1.0,
          "z": 1.0
        },
        "matrix_basis": [
          [
            0.9987118244171143,
            -0.05017658695578575,
            -0.007553593721240759,
            0.0
          ],
          [
            0.05022758990526199,
            0.9987151622772217,
            0.006720601115375757,
            0.0
          ],
          [
            0.007206671871244907,
            -0.007091342471539974,
            0.9999488592147827,
            0.0
          ],
          [
            0.0,
            0.0,
            0.0,
            1.0
          ]
        ],
        "rotation_mode": "QUATERNION"
      },
      "armature_space": {
        "head": {
          "x": 0.0,
          "y": 0.07072800397872925,
          "z": -0.009595036506652832
        },
        "tail": {
          "x": -0.003581397468224168,
          "y": 0.00015892088413238525,
          "z": 0.0004892321303486824
        }
      },
      "world_space": {
        "head": {
          "x": 0.0,
          "y": 0.13397200405597687,
          "z": 0.9402589797973633
        },
        "tail": {
          "x": -0.003581397468224168,
          "y": 0.06340292096138,
          "z": 0.9503432512283325
        },
        "rotation_quaternion": {
          "w": 0.0707918256521225,
          "x": 0.997168242931366,
          "y": -0.02530091069638729,
          "z": -0.0019913313444703817
        },
        "matrix": [
          [
            0.9987118244171143,
            -0.05017658695578575,
            -0.007553593721240759,
            0.0
          ],
          [
            -0.050740472972393036,
            -0.9886966943740845,
            -0.14108242094516754,
            0.13397200405597687
          ],
          [
            -0.00038922950625419617,
            0.1412840038537979,
            -0.9899761080741882,
            0.9402589797973633
          ],
          [
            0.0,
            0.0,
            0.0,
            1.0
          ]
        ]
      },
      "bone_length_armature_space": 0.07137586725052046,
      "parent": null,
      "has_children": true,
      "is_end_bone": false
    },
    "spine_01": {
      "name": "spine_01",
      "local": {
        "location": {
          "x": 0.0,
          "y": 0.0,
          "z": 0.0
        },
        "rotation_quaternion": {
          "w": 0.9949567317962646,
          "x": 0.06918198615312576,
          "y": 0.040205664932727814,
          "z": -0.06048513203859329
        },
        "scale": {
          "x": 1.0,
          "y": 1.0,
          "z": 1.0
        },
        "matrix_basis": [
          [
            0.9894500970840454,
            0.12592320144176483,
            0.07163683325052261,
            0.0
          ],
          [
            -0.11479716002941132,
            0.983110785484314,
            -0.14252986013889313,
            0.0
          ],
          [
            -0.08837475627660751,
            0.13280247151851654,
            0.9871947169303894,
            0.0
          ],
          [
            0.0,
            0.0,
            0.0,
            1.0
          ]
        ],
        "rotation_mode": "QUATERNION"
      },
      "armature_space": {
        "head": {
          "x": -0.003581397468224168,
          "y": 0.00015892088413238525,
          "z": 0.0004892321303486824
        },
        "tail": {
          "x": 0.056000035256147385,
          "y": -0.04189392179250717,
          "z": 0.4830138683319092
        }
      },
      "world_space": {
        "head": {
          "x": -0.003581397468224168,
          "y": 0.06340292096138,
          "z": 0.9503432512283325
        },
        "tail": {
          "x": 0.056000035256147385,
          "y": 0.021350078284740448,
          "z": 1.4328678846359253
        },
        "rotation_quaternion": {
          "w": 0.6739306449890137,
          "x": 0.7361825108528137,
          "y": 0.052253372967243195,
          "z": -0.033502478152513504
        },
        "matrix": [
          [
            0.9922943711280823,
            0.12209279090166092,
            0.021103233098983765,
            -0.003581397468224168
          ],
          [
            0.031780093908309937,
            -0.0861736387014389,
            -0.995773196220398,
            0.06340292096138
          ],
          [
            -0.11975899338722229,
            0.9887775182723999,
            -0.08939126133918762,
            0.9503432512283325
          ],
          [
            0.0,
            0.0,
            0.0,
            1.0
          ]
        ]
      },
      "bone_length_armature_space": 0.48800451483280644,
      "parent": "Root",
      "has_children": true,
      "is_end_bone": false
    },
    "neck_01": {
      "name": "neck_01",
      "local": {
        "location": {
          "x": 0.0,
          "y": 0.0,
          "z": 0.0
        },
        "rotation_quaternion": {
          "w": 0.9952178597450256,
          "x": -0.03651977330446243,
          "y": 0.09015961736440659,
          "z": -0.008889038115739822
        },
        "scale": {
          "x": 1.0,
          "y": 1.0,
          "z": 1.0
        },
        "matrix_basis": [
          [
            0.983584463596344,
            0.01110784150660038,
            0.18010617792606354,
            0.0
          ],
          [
            -0.024278275668621063,
            0.9971745610237122,
            0.07108739763498306,
            0.0
          ],
          [
            -0.17880767583847046,
            -0.07429312914609909,
            0.9810751080513,
            0.0
          ],
          [
            0.0,
            0.0,
            0.0,
            1.0
          ]
        ],
        "rotation_mode": "QUATERNION"
      },
      "armature_space": {
        "head": {
          "x": 0.06567135453224182,
          "y": -0.0827372819185257,
          "z": 0.5523104667663574
        },
        "tail": {
          "x": 0.07938465476036072,
          "y": -0.12275891751050949,
          "z": 0.6456965208053589
        }
      },
      "world_space": {
        "head": {
          "x": 0.06567135453224182,
          "y": -0.019493281841278076,
          "z": 1.5021644830703735
        },
        "tail": {
          "x": 0.07938465476036072,
          "y": -0.05951491743326187,
          "z": 1.595550537109375
        },
        "rotation_quaternion": {
          "w": 0.5429566502571106,
          "x": 0.8332256078720093,
          "y": 0.10005488991737366,
          "z": 0.03036736510694027
        },
        "matrix": [
          [
            0.9781336188316345,
            0.13376042246818542,
            0.1592572033405304,
            0.06567135453224182
          ],
          [
            0.19971346855163574,
            -0.39037370681762695,
            -0.8987342715263367,
            -0.019493281841278076
          ],
          [
            -0.05804546922445297,
            0.9108937382698059,
            -0.4085550904273987,
            1.5021644830703735
          ],
          [
            0.0,
            0.0,
            0.0,
            1.0
          ]
        ]
      },
      "bone_length_armature_space": 0.10252190386735988,
      "parent": "spine_01",
      "has_children": true,
      "is_end_bone": false
    },
    "head": {
      "name": "head",
      "local": {
        "location": {
          "x": 0.0,
          "y": 0.0,
          "z": 0.0
        },
        "rotation_quaternion": {
          "w": 0.9836208820343018,
          "x": -0.08743356913328171,
          "y": 0.1521502286195755,
          "z": 0.041180260479450226
        },
        "scale": {
          "x": 1.0,
          "y": 1.0,
          "z": 1.0
        },
        "matrix_basis": [
          [
            0.9503089785575867,
            -0.10761760175228119,
            0.2921152114868164,
            0.0
          ],
          [
            0.05440545454621315,
            0.9813191294670105,
            0.18453414738178253,
            0.0
          ],
          [
            -0.3065173625946045,
            -0.159471794962883,
            0.9384113550186157,
            0.0
          ],
          [
            0.0,
            0.0,
            0.0,
            1.0
          ]
        ],
        "rotation_mode": "QUATERNION"
      },
      "armature_space": {
        "head": {
          "x": 0.07938466221094131,
          "y": -0.12275902926921844,
          "z": 0.6456964015960693
        },
        "tail": {
          "x": 0.06837804615497589,
          "y": -0.10777981579303741,
          "z": 0.7996697425842285
        }
      },
      "world_space": {
        "head": {
          "x": 0.07938466221094131,
          "y": -0.059515029191970825,
          "z": 1.5955504179000854
        },
        "tail": {
          "x": 0.06837804615497589,
          "y": -0.044535815715789795,
          "z": 1.7495237588882446
        },
        "rotation_quaternion": {
          "w": 0.7228023409843445,
          "x": 0.6439838409423828,
          "y": 0.16077476739883423,
          "z": 0.19233596324920654
        },
        "matrix": [
          [
            0.8743165731430054,
            -0.0709690973162651,
            0.4801396131515503,
            0.07938466221094131
          ],
          [
            0.4851149320602417,
            0.09658385813236237,
            -0.8691003322601318,
            -0.059515029191970825
          ],
          [
            0.015306128188967705,
            0.9927986264228821,
            0.11887294054031372,
            1.5955504179000854
          ],
          [
            0.0,
            0.0,
            0.0,
            1.0
          ]
        ]
      },
      "bone_length_armature_space": 0.15509130451516015,
      "parent": "neck_01",
      "has_children": false,
      "is_end_bone": true
    },
    "upperarm_l": {
      "name": "upperarm_l",
      "local": {
        "location": {
          "x": 0.0,
          "y": 0.0,
          "z": 0.0
        },
        "rotation_quaternion": {
          "w": 0.9769173860549927,
          "x": 0.1871616542339325,
          "y": -0.04974508285522461,
          "z": -0.09015799313783646
        },
        "scale": {
          "x": 1.0,
          "y": 1.0,
          "z": 1.0
        },
        "matrix_basis": [
          [
            0.9787939190864563,
            0.15753307938575745,
            -0.13094191253185272,
            0.0
          ],
          [
            -0.1947745680809021,
            0.9136841297149658,
            -0.35671311616897583,
            0.0
          ],
          [
            0.06344543397426605,
            0.37465277314186096,
            0.9249919056892395,
            0.0
          ],
          [
            0.0,
            0.0,
            0.0,
            1.0
          ]
        ],
        "rotation_mode": "QUATERNION"
      },
      "armature_space": {
        "head": {
          "x": 0.20637723803520203,
          "y": -0.07535436749458313,
          "z": 0.4676080644130707
        },
        "tail": {
          "x": 0.44775500893592834,
          "y": -0.15249142050743103,
          "z": 0.38046228885650635
        }
      },
      "world_space": {
        "head": {
          "x": 0.20637723803520203,
          "y": -0.01211036741733551,
          "z": 1.4174621105194092
        },
        "tail": {
          "x": 0.44775500893592834,
          "y": -0.08924742043018341,
          "z": 1.3303163051605225
        },
        "rotation_quaternion": {
          "w": 0.3352400064468384,
          "x": 0.4713059067726135,
          "y": 0.4936458170413971,
          "z": -0.6494602560997009
        },
        "matrix": [
          [
            -0.33097031712532043,
            0.9007660746574402,
            -0.2812102138996124,
            0.20637723803520203
          ],
          [
            0.02986404299736023,
            -0.28785765171051025,
            -0.9572076201438904,
            -0.01211036741733551
          ],
          [
            -0.9431750178337097,
            -0.32520791888237,
            0.06837141513824463,
            1.4174621105194092
          ],
          [
            0.0,
            0.0,
            0.0,
            1.0
          ]
        ]
      },
      "bone_length_armature_space": 0.26796965946454676,
      "parent": "spine_01",
      "has_children": true,
      "is_end_bone": false
    },
    "lowerarm_l": {
      "name": "lowerarm_l",
      "local": {
        "location": {
          "x": 0.0,
          "y": 0.0,
          "z": 0.0
        },
        "rotation_quaternion": {
          "w": 0.9898780584335327,
          "x": 0.10449155420064926,
          "y": 0.09500697255134583,
          "z": -0.014022157527506351
        },
        "scale": {
          "x": 1.0,
          "y": 1.0,
          "z": 1.0
        },
        "matrix_basis": [
          [
            0.9815540909767151,
            0.047615304589271545,
            0.18516023457050323,
            0.0
          ],
          [
            -0.007905599661171436,
            0.9777697920799255,
            -0.20953220129013062,
            0.0
          ],
          [
            -0.19102102518081665,
            0.20420338213443756,
            0.9601103663444519,
            0.0
          ],
          [
            0.0,
            0.0,
            0.0,
            1.0
          ]
        ],
        "rotation_mode": "QUATERNION"
      },
      "armature_space": {
        "head": {
          "x": 0.4477550983428955,
          "y": -0.152491495013237,
          "z": 0.3804623484611511
        },
        "tail": {
          "x": 0.6560368537902832,
          "y": -0.3078085780143738,
          "z": 0.3167072832584381
        }
      },
      "world_space": {
        "head": {
          "x": 0.4477550983428955,
          "y": -0.08924749493598938,
          "z": 1.3303163051605225
        },
        "tail": {
          "x": 0.6560368537902832,
          "y": -0.24456457793712616,
          "z": 1.2665612697601318
        },
        "rotation_quaternion": {
          "w": 0.2596777379512787,
          "x": 0.5526269674301147,
          "y": 0.3772033154964447,
          "z": -0.69633948802948
        },
        "matrix": [
          [
            -0.25434234738349915,
            0.778552234172821,
            -0.5737299919128418,
            0.4477550983428955
          ],
          [
            0.05525630712509155,
            -0.5805715322494507,
            -0.8123323321342468,
            -0.08924749493598938
          ],
          [
            -0.9655410051345825,
            -0.2383149117231369,
            0.10464403033256531,
            1.3303163051605225
          ],
          [
            0.0,
            0.0,
            0.0,
            1.0
          ]
        ]
      },
      "bone_length_armature_space": 0.2675245668244101,
      "parent": "upperarm_l",
      "has_children": true,
      "is_end_bone": false
    },
    "metacarpal_thumb_l": {
      "name": "metacarpal_thumb_l",
      "local": {
        "location": {
          "x": 0.0,
          "y": 0.0,
          "z": 0.0
        },
        "rotation_quaternion": {
          "w": 0.9990732073783875,
          "x": -0.040962446480989456,
          "y": 0.013221458531916142,
          "z": 0.00038838066393509507
        },
        "scale": {
          "x": 1.0,
          "y": 1.0,
          "z": 1.0
        },
        "matrix_basis": [
          [
            0.9996500611305237,
            -0.0018592079868540168,
            0.026386592537164688,
            0.0
          ],
          [
            -0.000307125155813992,
            0.9966438412666321,
            0.08185923844575882,
            0.0
          ],
          [
            -0.026450227946043015,
            -0.0818386971950531,
            0.9962945580482483,
            0.0
          ],
          [
            0.0,
            0.0,
            0.0,
            1.0
          ]
        ],
        "rotation_mode": "QUATERNION"
      },
      "armature_space": {
        "head": {
          "x": 0.6560368537902832,
          "y": -0.3078085780143738,
          "z": 0.3167072832584381
        },
        "tail": {
          "x": 0.6687808036804199,
          "y": -0.35434025526046753,
          "z": 0.3054831624031067
        }
      },
      "world_space": {
        "head": {
          "x": 0.6560368537902832,
          "y": -0.24456457793712616,
          "z": 1.2665612697601318
        },
        "tail": {
          "x": 0.6687808036804199,
          "y": -0.2910962700843811,
          "z": 1.2553372383117676
        },
        "rotation_quaternion": {
          "w": 0.09361250698566437,
          "x": -0.9730355739593506,
          "y": -0.14676274359226227,
          "z": 0.15132474899291992
        },
        "matrix": [
          [
            0.9111227989196777,
            0.25727903842926025,
            -0.3219664692878723,
            0.6560368537902832
          ],
          [
            0.31394270062446594,
            -0.9393949508666992,
            0.13775816559791565,
            -0.24456457793712616
          ],
          [
            -0.26701298356056213,
            -0.22659596800804138,
            -0.9366814494132996,
            1.2665612697601318
          ],
          [
            0.0,
            0.0,
            0.0,
            1.0
          ]
        ]
      },
      "bone_length_armature_space": 0.0495336863824087,
      "parent": "lowerarm_l",
      "has_children": true,
      "is_end_bone": false
    },
    "thumb_01_l": {
      "name": "thumb_01_l",
      "local": {
        "location": {
          "x": 0.0,
          "y": 0.0,
          "z": 0.0
        },
        "rotation_quaternion": {
          "w": 0.9825495481491089,
          "x": 0.18510980904102325,
          "y": -0.005833714734762907,
          "z": -0.017230607569217682
        },
        "scale": {
          "x": 1.0,
          "y": 1.0,
          "z": 1.0
        },
        "matrix_basis": [
          [
            0.9993381500244141,
            0.031700097024440765,
            -0.017842937260866165,
            0.0
          ],
          [
            -0.03601960837841034,
            0.9308749437332153,
            -0.3635580837726593,
            0.0
          ],
          [
            0.005084718577563763,
            0.3639601469039917,
            0.9314006567001343,
            0.0
          ],
          [
            0.0,
            0.0,
            0.0,
            1.0
          ]
        ],
        "rotation_mode": "QUATERNION"
      },
      "armature_space": {
        "head": {
          "x": 0.6687808036804199,
          "y": -0.35434025526046753,
          "z": 0.3054831624031067
        },
        "tail": {
          "x": 0.6746602058410645,
          "y": -0.3697771430015564,
          "z": 0.2757212221622467
        }
      },
      "world_space": {
        "head": {
          "x": 0.6687808036804199,
          "y": -0.2910962700843811,
          "z": 1.2553372383117676
        },
        "tail": {
          "x": 0.6746602058410645,
          "y": -0.30653315782546997,
          "z": 1.2255752086639404
        },
        "rotation_quaternion": {
          "w": 0.4758599102497101,
          "x": -0.6929706335067749,
          "y": 0.2163383811712265,
          "z": -0.4965347349643707
        },
        "matrix": [
          [
            0.413303405046463,
            0.1727278232574463,
            0.8940610885620117,
            0.6687808036804199
          ],
          [
            -0.7723931670188904,
            -0.45351147651672363,
            0.4446755051612854,
            -0.2910962700843811
          ],
          [
            0.48227736353874207,
            -0.874359130859375,
            -0.05402404069900513,
            1.2553372383117676
          ],
          [
            0.0,
            0.0,
            0.0,
            1.0
          ]
        ]
      },
      "bone_length_armature_space": 0.03403877167164201,
      "parent": "metacarpal_thumb_l",
      "has_children": true,
      "is_end_bone": false
    },
    "thumb_02_l": {
      "name": "thumb_02_l",
      "local": {
        "location": {
          "x": 0.0,
          "y": 0.0,
          "z": 0.0
        },
        "rotation_quaternion": {
          "w": 0.9278438091278076,
          "x": 0.37287431955337524,
          "y": 0.0074263704009354115,
          "z": 0.003939089365303516
        },
        "scale": {
          "x": 1.0,
          "y": 1.0,
          "z": 1.0
        },
        "matrix_basis": [
          [
            0.9998586773872375,
            -0.0017715137219056487,
            0.01671859435737133,
            0.0
          ],
          [
            0.01284792460501194,
            0.7218984365463257,
            -0.6918797492980957,
            0.0
          ],
          [
            -0.010843452997505665,
            0.6919967532157898,
            0.7218191623687744,
            0.0
          ],
          [
            0.0,
            0.0,
            0.0,
            1.0
          ]
        ],
        "rotation_mode": "QUATERNION"
      },
      "armature_space": {
        "head": {
          "x": 0.6746601462364197,
          "y": -0.3697771430015564,
          "z": 0.2757212221622467
        },
        "tail": {
          "x": 0.7096812129020691,
          "y": -0.3722631633281708,
          "z": 0.29522833228111267
        }
      },
      "world_space": {
        "head": {
          "x": 0.6746601462364197,
          "y": -0.30653315782546997,
          "z": 1.2255752086639404
        },
        "tail": {
          "x": 0.7096812129020691,
          "y": -0.30901914834976196,
          "z": 1.2450823783874512
        },
        "rotation_quaternion": {
          "w": 0.5836197137832642,
          "x": -0.030955418944358826,
          "y": -0.35838380455970764,
          "z": -0.7280046939849854
        },
        "matrix": [
          [
            -0.3168579041957855,
            0.8719431161880493,
            -0.37325048446655273,
            0.6746601462364197
          ],
          [
            -0.8275694847106934,
            -0.06189614534378052,
            0.5579407215118408,
            -0.30653315782546997
          ],
          [
            0.4633922278881073,
            0.48568183183670044,
            0.7412115335464478,
            1.2255752086639404
          ],
          [
            0.0,
            0.0,
            0.0,
            1.0
          ]
        ]
      },
      "bone_length_armature_space": 0.0401644464007843,
      "parent": "thumb_01_l",
      "has_children": true,
      "is_end_bone": false
    },
    "thumb_03_l": {
      "name": "thumb_03_l",
      "local": {
        "location": {
          "x": 0.0,
          "y": 0.0,
          "z": 0.0
        },
        "rotation_quaternion": {
          "w": 0.9816167950630188,
          "x": 0.19059446454048157,
          "y": 0.009617800824344158,
          "z": -0.00312836398370564
        },
        "scale": {
          "x": 1.0,
          "y": 1.0,
          "z": 1.0
        },
        "matrix_basis": [
          [
            0.9997954368591309,
            0.009807908907532692,
            0.01768949255347252,
            0.0
          ],
          [
            -0.0024755101185292006,
            0.9273279309272766,
            -0.3742416203022003,
            0.0
          ],
          [
            -0.02007448673248291,
            0.3741212785243988,
            0.9271624684333801,
            0.0
          ],
          [
            0.0,
            0.0,
            0.0,
            1.0
          ]
        ],
        "rotation_mode": "QUATERNION"
      },
      "armature_space": {
        "head": {
          "x": 0.7096811532974243,
          "y": -0.37226322293281555,
          "z": 0.2952283024787903
        },
        "tail": {
          "x": 0.7245160937309265,
          "y": -0.3639466464519501,
          "z": 0.32048022747039795
        }
      },
      "world_space": {
        "head": {
          "x": 0.7096811532974243,
          "y": -0.30901920795440674,
          "z": 1.2450823783874512
        },
        "tail": {
          "x": 0.7245160937309265,
          "y": -0.30070263147354126,
          "z": 1.270334243774414
        },
        "rotation_quaternion": {
          "w": 0.6752620935440063,
          "x": 0.2772614359855652,
          "y": -0.4249771237373352,
          "z": -0.535295844078064
        },
        "matrix": [
          [
            0.06570310890674591,
            0.4872717261314392,
            -0.8707749843597412,
            0.7096811532974243
          ],
          [
            -0.9585897922515869,
            0.2731679379940033,
            0.08053097128868103,
            -0.30901920795440674
          ],
          [
            0.27710920572280884,
            0.8294307589530945,
            0.4850451946258545,
            1.2450823783874512
          ],
          [
            0.0,
            0.0,
            0.0,
            1.0
          ]
        ]
      },
      "bone_length_armature_space": 0.03044504295413769,
      "parent": "thumb_02_l",
      "has_children": false,
      "is_end_bone": true
    },
    "metacarpal_index_l": {
      "name": "metacarpal_index_l",
      "local": {
        "location": {
          "x": 0.0,
          "y": 0.0,
          "z": 0.0
        },
        "rotation_quaternion": {
          "w": 0.9994196891784668,
          "x": -0.033129557967185974,
          "y": 0.007536974735558033,
          "z": 0.002428023610264063
        },
        "scale": {
          "x": 1.0,
          "y": 1.0,
          "z": 1.0
        },
        "matrix_basis": [
          [
            0.9998745918273926,
            -0.005352622363716364,
            0.014904323033988476,
            0.0
          ],
          [
            0.004353835713118315,
            0.9977930784225464,
            0.06625726819038391,
            0.0
          ],
          [
            -0.015226081013679504,
            -0.06618406623601913,
            0.99769127368927,
            0.0
          ],
          [
            0.0,
            0.0,
            0.0,
            1.0
          ]
        ],
        "rotation_mode": "QUATERNION"
      },
      "armature_space": {
        "head": {
          "x": 0.6560368537902832,
          "y": -0.3078085780143738,
          "z": 0.3167072832584381
        },
        "tail": {
          "x": 0.7256652116775513,
          "y": -0.3992479145526886,
          "z": 0.29390451312065125
        }
      },
      "world_space": {
        "head": {
          "x": 0.6560368537902832,
          "y": -0.24456457793712616,
          "z": 1.2665612697601318
        },
        "tail": {
          "x": 0.7256652116775513,
          "y": -0.3360038995742798,
          "z": 1.2437585592269897
        },
        "rotation_quaternion": {
          "w": 0.035003483295440674,
          "x": 0.8606076836585999,
          "y": 0.32951590418815613,
          "z": -0.3867149353027344
        },
        "matrix": [
          [
            0.483740895986557,
            0.5942418575286865,
            -0.6425504684448242,
            0.6560368537902832
          ],
          [
            0.5400953888893127,
            -0.7803873419761658,
            -0.31510797142982483,
            -0.24456457793712616
          ],
          [
            -0.6886927485466003,
            -0.19460991024971008,
            -0.6984575390815735,
            1.2665612697601318
          ],
          [
            0.0,
            0.0,
            0.0,
            1.0
          ]
        ]
      },
      "bone_length_armature_space": 0.117171783436436,
      "parent": "lowerarm_l",
      "has_children": true,
      "is_end_bone": false
    },
    "index_01_l": {
      "name": "index_01_l",
      "local": {
        "location": {
          "x": 0.0,
          "y": 0.0,
          "z": 0.0
        },
        "rotation_quaternion": {
          "w": 0.9799455404281616,
          "x": 0.19909073412418365,
          "y": -0.006863090209662914,
          "z": -0.004767037928104401
        },
        "scale": {
          "x": 1.0,
          "y": 1.0,
          "z": 1.0
        },
        "matrix_basis": [
          [
            0.9998603463172913,
            0.006610119715332985,
            -0.015349055640399456,
            0.0
          ],
          [
            -0.012075630016624928,
            0.9206802845001221,
            -0.3901307284832001,
            0.0
          ],
          [
            0.011552763171494007,
            0.39026159048080444,
            0.9206315279006958,
            0.0
          ],
          [
            0.0,
            0.0,
            0.0,
            1.0
          ]
        ],
        "rotation_mode": "QUATERNION"
      },
      "armature_space": {
        "head": {
          "x": 0.7256652116775513,
          "y": -0.3992479145526886,
          "z": 0.29390451312065125
        },
        "tail": {
          "x": 0.7408450841903687,
          "y": -0.4163529872894287,
          "z": 0.27687332034111023
        }
      },
      "world_space": {
        "head": {
          "x": 0.7256652116775513,
          "y": -0.3360038995742798,
          "z": 1.2437585592269897
        },
        "tail": {
          "x": 0.7408450841903687,
          "y": -0.3531090021133423,
          "z": 1.2267273664474487
        },
        "rotation_quaternion": {
          "w": 0.13981492817401886,
          "x": -0.7739874124526978,
          "y": -0.42486879229545593,
          "z": 0.4481985569000244
        },
        "matrix": [
          [
            0.23720787465572357,
            0.5323584675788879,
            -0.8126048445701599,
            0.7256652116775513
          ],
          [
            0.7830162048339844,
            -0.5998757481575012,
            -0.16442368924617767,
            -0.3360038995742798
          ],
          [
            -0.5749975442886353,
            -0.5972846746444702,
            -0.5591444373130798,
            1.2437585592269897
          ],
          [
            0.0,
            0.0,
            0.0,
            1.0
          ]
        ]
      },
      "bone_length_armature_space": 0.02851444486485082,
      "parent": "metacarpal_index_l",
      "has_children": true,
      "is_end_bone": false
    },
    "index_02_l": {
      "name": "index_02_l",
      "local": {
        "location": {
          "x": 0.0,
          "y": 0.0,
          "z": 0.0
        },
        "rotation_quaternion": {
          "w": 0.9206986427307129,
          "x": 0.3901853859424591,
          "y": -0.008328361436724663,
          "z": 0.0001035409513860941
        },
        "scale": {
          "x": 1.0,
          "y": 1.0,
          "z": 1.0
        },
        "matrix_basis": [
          [
            0.9998612403869629,
            -0.006689869798719883,
            -0.01525502186268568,
            0.0
          ],
          [
            -0.006308550015091896,
            0.6955106854438782,
            -0.7184880375862122,
            0.0
          ],
          [
            0.015416622161865234,
            0.7184845805168152,
            0.6953719854354858,
            0.0
          ],
          [
            0.0,
            0.0,
            0.0,
            1.0
          ]
        ],
        "rotation_mode": "QUATERNION"
      },
      "armature_space": {
        "head": {
          "x": 0.7408449649810791,
          "y": -0.4163534641265869,
          "z": 0.27687305212020874
        },
        "tail": {
          "x": 0.7360758185386658,
          "y": -0.4310063421726227,
          "z": 0.2563634216785431
        }
      },
      "world_space": {
        "head": {
          "x": 0.7408449649810791,
          "y": -0.3531094789505005,
          "z": 1.22672700881958
        },
        "tail": {
          "x": 0.7360758185386658,
          "y": -0.36776232719421387,
          "z": 1.2062174081802368
        },
        "rotation_quaternion": {
          "w": 0.4000621736049652,
          "x": -0.6448144316673279,
          "y": -0.23314224183559418,
          "z": 0.6081194877624512
        },
        "matrix": [
          [
            0.15166978538036346,
            -0.18590757250785828,
            -0.9707906246185303,
            0.7408449649810791
          ],
          [
            0.7872384786605835,
            -0.5711894631385803,
            0.2323760837316513,
            -0.3531094789505005
          ],
          [
            -0.5977092385292053,
            -0.7994939088821411,
            0.05972185730934143,
            1.22672700881958
          ],
          [
            0.0,
            0.0,
            0.0,
            1.0
          ]
        ]
      },
      "bone_length_armature_space": 0.025653392085892252,
      "parent": "index_01_l",
      "has_children": true,
      "is_end_bone": false
    },
    "index_03_l": {
      "name": "index_03_l",
      "local": {
        "location": {
          "x": 0.0,
          "y": 0.0,
          "z": 0.0
        },
        "rotation_quaternion": {
          "w": 0.964631199836731,
          "x": 0.2635119557380676,
          "y": 0.0007505464600399137,
          "z": 0.006910315714776516
        },
        "scale": {
          "x": 1.0,
          "y": 1.0,
          "z": 1.0
        },
        "matrix_basis": [
          [
            0.9999033808708191,
            -0.012936255894601345,
            0.00508990278467536,
            0.0
          ],
          [
            0.013727367855608463,
            0.8610274195671082,
            -0.5083733201026917,
            0.0
          ],
          [
            0.0021939005237072706,
            0.5083940625190735,
            0.8611217737197876,
            0.0
          ],
          [
            0.0,
            0.0,
            0.0,
            1.0
          ]
        ],
        "rotation_mode": "QUATERNION"
      },
      "armature_space": {
        "head": {
          "x": 0.7360759377479553,
          "y": -0.43100637197494507,
          "z": 0.2563634514808655
        },
        "tail": {
          "x": 0.7156293392181396,
          "y": -0.43824315071105957,
          "z": 0.23678532242774963
        }
      },
      "world_space": {
        "head": {
          "x": 0.7360759377479553,
          "y": -0.36776238679885864,
          "z": 1.2062175273895264
        },
        "tail": {
          "x": 0.7156293392181396,
          "y": -0.37499916553497314,
          "z": 1.1866393089294434
        },
        "rotation_quaternion": {
          "w": 0.6109094023704529,
          "x": -0.49358391761779785,
          "y": -0.05431374907493591,
          "z": 0.6166156530380249
        },
        "matrix": [
          [
            0.23367337882518768,
            -0.6997776031494141,
            -0.6750613451004028,
            0.7360759377479553
          ],
          [
            0.8070083856582642,
            -0.24767662584781647,
            0.5360916256904602,
            -0.36776238679885864
          ],
          [
            -0.5423448085784912,
            -0.6700553297996521,
            0.5068547129631042,
            1.2062175273895264
          ],
          [
            0.0,
            0.0,
            0.0,
            1.0
          ]
        ]
      },
      "bone_length_armature_space": 0.02921878707099765,
      "parent": "index_02_l",
      "has_children": false,
      "is_end_bone": true
    },
    "metacarpal_pinky_l": {
      "name": "metacarpal_pinky_l",
      "local": {
        "location": {
          "x": 0.0,
          "y": 0.0,
          "z": 0.0
        },
        "rotation_quaternion": {
          "w": 0.999718427658081,
          "x": -0.01732063665986061,
          "y": 0.010078764520585537,
          "z": 0.012709093280136585
        },
        "scale": {
          "x": 1.0,
          "y": 1.0,
          "z": 1.0
        },
        "matrix_basis": [
          [
            0.9994738101959229,
            -0.025760170072317123,
            0.01971159316599369,
            0.0
          ],
          [
            0.025061888620257378,
            0.9990769624710083,
            0.034887704998254776,
            0.0
          ],
          [
            -0.020592112094163895,
            -0.03437533602118492,
            0.9991968274116516,
            0.0
          ],
          [
            0.0,
            0.0,
            0.0,
            1.0
          ]
        ],
        "rotation_mode": "QUATERNION"
      },
      "armature_space": {
        "head": {
          "x": 0.6560368537902832,
          "y": -0.3078085780143738,
          "z": 0.3167072832584381
        },
        "tail": {
          "x": 0.7515844106674194,
          "y": -0.33613553643226624,
          "z": 0.2865166962146759
        }
      },
      "world_space": {
        "head": {
          "x": 0.6560368537902832,
          "y": -0.24456457793712616,
          "z": 1.2665612697601318
        },
        "tail": {
          "x": 0.7515844106674194,
          "y": -0.2728915214538574,
          "z": 1.2363706827163696
        },
        "rotation_quaternion": {
          "w": 0.5702670812606812,
          "x": 0.021094823256134987,
          "y": 0.19692349433898926,
          "z": -0.7972275018692017
        },
        "matrix": [
          [
            -0.3487003743648529,
            0.9175729751586914,
            0.19096490740776062,
            0.6560368537902832
          ],
          [
            -0.9009580016136169,
            -0.27203261852264404,
            -0.3380436301231384,
            -0.24456457793712616
          ],
          [
            -0.25823351740837097,
            -0.2899295389652252,
            0.9215584993362427,
            1.2665612697601318
          ],
          [
            0.0,
            0.0,
            0.0,
            1.0
          ]
        ]
      },
      "bone_length_armature_space": 0.10413079904656307,
      "parent": "lowerarm_l",
      "has_children": true,
      "is_end_bone": false
    },
    "pinky_01_l": {
      "name": "pinky_01_l",
      "local": {
        "location": {
          "x": 0.0,
          "y": 0.0,
          "z": 0.0
        },
        "rotation_quaternion": {
          "w": 0.9525448083877563,
          "x": 0.3041694462299347,
          "y": -0.010021737776696682,
          "z": 0.006238781381398439
        },
        "scale": {
          "x": 1.0,
          "y": 1.0,
          "z": 1.0
        },
        "matrix_basis": [
          [
            0.9997212886810303,
            -0.01798205077648163,
            -0.015297015197575092,
            0.0
          ],
          [
            0.005788824986666441,
            0.8148840665817261,
            -0.5795950889587402,
            0.0
          ],
          [
            0.02288760244846344,
            0.5793449878692627,
            0.8147610425949097,
            0.0
          ],
          [
            0.0,
            0.0,
            0.0,
            1.0
          ]
        ],
        "rotation_mode": "QUATERNION"
      },
      "armature_space": {
        "head": {
          "x": 0.7515844106674194,
          "y": -0.33613553643226624,
          "z": 0.2865166962146759
        },
        "tail": {
