{
  "metadata": {
    "armature_name": "KIM_caucasian_male",
    "export_time": "2026-01-13T21:04:37.123735",
    "blender_version": "4.4.1",
    "bone_count": 56,
    "end_bone_count": 13,
    "spaces_included": [
      "LOCAL_CHANNELS",
      "ARMATURE_SPACE",
      "WORLD_SPACE"
    ],
    "note": "LOCAL matches Transform panel; replay pose via local.matrix_basis for best fidelity."
  },
  "bones": {
    "Root": {
      "name": "Root",
      "local": {
        "location": {
          "x": 0.0,
          "y": 0.0,
          "z": 0.0
        },
        "rotation_quaternion": {
          "w": 0.9999314546585083,
          "x": 0.010619991458952427,
          "y": 0.00359131395816803,
          "z": -0.0033855310175567865
        },
        "scale": {
          "x": 1.0,
          "y": 1.0,
          "z": 1.0
        },
        "matrix_basis": [
          [
            0.9999513030052185,
            0.006846877280622721,
            0.007110226899385452,
            0.0
          ],
          [
            -0.006694318260997534,
            0.9997515082359314,
            -0.021262843161821365,
            0.0
          ],
          [
            -0.007254044059664011,
            0.021214209496974945,
            0.9997486472129822,
            0.0
          ],
          [
            0.0,
            0.0,
            0.0,
            1.0
          ]
        ],
        "rotation_mode": "QUATERNION"
      },
      "armature_space": {
        "head": {
          "x": 0.0,
          "y": 0.07072800397872925,
          "z": -0.009595036506652832
        },
        "tail": {
          "x": 0.0004887018003500998,
          "y": -0.00018597394227981567,
          "z": -0.0015028342604637146
        }
      },
      "world_space": {
        "head": {
          "x": 0.0,
          "y": 0.13397200405597687,
          "z": 0.9402589797973633
        },
        "tail": {
          "x": 0.0004887018003500998,
          "y": 0.0630580261349678,
          "z": 0.9483512043952942
        },
        "rotation_quaternion": {
          "w": 0.05676716938614845,
          "x": 0.9983752965927124,
          "y": 0.0036197789013385773,
          "z": 0.0033550793305039406
        },
        "matrix": [
          [
            0.9999513030052185,
            0.006846877280622721,
            0.007110226899385452,
            0.0
          ],
          [
            0.007608714047819376,
            -0.9935287833213806,
            -0.1133260577917099,
            0.13397200405597687
          ],
          [
            0.006288336124271154,
            0.1133744865655899,
            -0.9935394525527954,
            0.9402589797973633
          ],
          [
            0.0,
            0.0,
            0.0,
            1.0
          ]
        ]
      },
      "bone_length_armature_space": 0.07137586956166013,
      "parent": null,
      "has_children": true,
      "is_end_bone": false
    },
    "spine_01": {
      "name": "spine_01",
      "local": {
        "location": {
          "x": 0.0,
          "y": 0.0,
          "z": 0.0
        },
        "rotation_quaternion": {
          "w": 0.9977561235427856,
          "x": -0.017979849129915237,
          "y": -0.03896350413560867,
          "z": 0.05139334127306938
        },
        "scale": {
          "x": 1.0,
          "y": 1.0,
          "z": 1.0
        },
        "matrix_basis": [
          [
            0.9916811585426331,
            -0.10115492343902588,
            -0.07960023730993271,
            0.0
          ],
          [
            0.1039571613073349,
            0.9940708875656128,
            0.03187407925724983,
            0.0
          ],
          [
            0.07590406388044357,
            -0.03988393768668175,
            0.9963171482086182,
            0.0
          ],
          [
            0.0,
            0.0,
            0.0,
            1.0
          ]
        ],
        "rotation_mode": "QUATERNION"
      },
      "armature_space": {
        "head": {
          "x": 0.0004887018003500998,
          "y": -0.00018597394227981567,
          "z": -0.0015028342604637146
        },
        "tail": {
          "x": -0.05216120928525925,
          "y": 0.03125893697142601,
          "z": 0.48263320326805115
        }
      },
      "world_space": {
        "head": {
          "x": 0.0004887018003500998,
          "y": 0.0630580261349678,
          "z": 0.9483512043952942
        },
        "tail": {
          "x": -0.05216120928525925,
          "y": 0.09450294077396393,
          "z": 1.4324872493743896
        },
        "rotation_quaternion": {
          "w": 0.726767361164093,
          "x": 0.683791995048523,
          "y": -0.06345932185649872,
          "z": 0.01451837457716465
        },
        "matrix": [
          [
            0.9915243983268738,
            -0.10788889229297638,
            -0.07238452136516571,
            0.0004887018003500998
          ],
          [
            -0.06568223983049393,
            0.06443613022565842,
            -0.995758056640625,
            0.0630580261349678
          ],
          [
            0.11209612339735031,
            0.9920795559883118,
            0.05680309236049652,
            0.9483512043952942
          ],
          [
            0.0,
            0.0,
            0.0,
            1.0
          ]
        ]
      },
      "bone_length_armature_space": 0.4880046170530906,
      "parent": "Root",
      "has_children": true,
      "is_end_bone": false
    },
    "neck_01": {
      "name": "neck_01",
      "local": {
        "location": {
          "x": 0.0,
          "y": 0.0,
          "z": 0.0
        },
        "rotation_quaternion": {
          "w": 0.9959548711776733,
          "x": -0.045583780854940414,
          "y": -0.022038182243704796,
          "z": -0.07423259317874908
        },
        "scale": {
          "x": 1.0,
          "y": 1.0,
          "z": 1.0
        },
        "matrix_basis": [
          [
            0.988007664680481,
            0.1498737931251526,
            -0.03713046386837959,
            0.0
          ],
          [
            -0.14585545659065247,
            0.9848232865333557,
            0.0940706804394722,
            0.0
          ],
          [
            0.05066567286849022,
            -0.08752687275409698,
            0.9948728680610657,
            0.0
          ],
          [
            0.0,
            0.0,
            0.0,
            1.0
          ]
        ],
        "rotation_mode": "QUATERNION"
      },
      "armature_space": {
        "head": {
          "x": -0.06257099658250809,
          "y": 0.001443520188331604,
          "z": 0.557241678237915
        },
        "tail": {
          "x": -0.05994093418121338,
          "y": -0.023283090442419052,
          "z": 0.6567023992538452
        }
      },
      "world_space": {
        "head": {
          "x": -0.06257099658250809,
          "y": 0.06468752026557922,
          "z": 1.5070956945419312
        },
        "tail": {
          "x": -0.05994093418121338,
          "y": 0.03996090963482857,
          "z": 1.6065564155578613
        },
        "rotation_quaternion": {
          "w": 0.6158138513565063,
          "x": 0.7868601679801941,
          "y": -0.013436445035040379,
          "z": -0.037997692823410034
        },
        "matrix": [
          [
            0.9967514276504517,
            0.025653822347521782,
            -0.0763462483882904,
            -0.06257099658250809
          ],
          [
            -0.06794407963752747,
            -0.2411850094795227,
            -0.9680981040000916,
            0.06468752026557922
          ],
          [
            -0.043249309062957764,
            0.970146656036377,
            -0.23866097629070282,
            1.5070956945419312
          ],
          [
            0.0,
            0.0,
            0.0,
            1.0
          ]
        ]
      },
      "bone_length_armature_space": 0.10252198465312297,
      "parent": "spine_01",
      "has_children": true,
      "is_end_bone": false
    },
    "head": {
      "name": "head",
      "local": {
        "location": {
          "x": 0.0,
          "y": 0.0,
          "z": 0.0
        },
        "rotation_quaternion": {
          "w": 0.9812657833099365,
          "x": -0.11869878321886063,
          "y": 0.01568126492202282,
          "z": -0.1509375125169754
        },
        "scale": {
          "x": 1.0,
          "y": 1.0,
          "z": 1.0
        },
        "matrix_basis": [
          [
            0.9539439082145691,
            0.2924969494342804,
            0.06660717725753784,
            0.0
          ],
          [
            -0.2999423146247864,
            0.9262569546699524,
            0.22821632027626038,
            0.0
          ],
          [
            0.005057220812886953,
            -0.23768389225006104,
            0.971329391002655,
            0.0
          ],
          [
            0.0,
            0.0,
            0.0,
            1.0
          ]
        ],
        "rotation_mode": "QUATERNION"
      },
      "armature_space": {
        "head": {
          "x": -0.05994094908237457,
          "y": -0.023283222690224648,
          "z": 0.6567022800445557
        },
        "tail": {
          "x": -0.005028758198022842,
          "y": 0.02795855514705181,
          "z": 0.7923938035964966
        }
      },
      "world_space": {
        "head": {
          "x": -0.05994094908237457,
          "y": 0.03996077924966812,
          "z": 1.6065562963485718
        },
        "tail": {
          "x": -0.005028758198022842,
          "y": 0.09120255708694458,
          "z": 1.7422478199005127
        },
        "rotation_quaternion": {
          "w": 0.8083078861236572,
          "x": 0.5605255365371704,
          "y": 0.10880175977945328,
          "z": -0.1435675472021103
        },
        "matrix": [
          [
            0.9351011514663696,
            0.3540661334991455,
            0.014942534267902374,
            -0.05994094908237457
          ],
          [
            -0.11012321710586548,
            0.3303998112678528,
            -0.9373949766159058,
            0.03996077924966812
          ],
          [
            -0.3368391692638397,
            0.8749198317527771,
            0.3479495942592621,
            1.6065562963485718
          ],
          [
            0.0,
            0.0,
            0.0,
            1.0
          ]
        ]
      },
      "bone_length_armature_space": 0.15509112844671769,
      "parent": "neck_01",
      "has_children": false,
      "is_end_bone": true
    },
    "upperarm_l": {
      "name": "upperarm_l",
      "local": {
        "location": {
          "x": 0.0,
          "y": 0.0,
          "z": 0.0
        },
        "rotation_quaternion": {
          "w": 0.7917487025260925,
          "x": 0.15984615683555603,
          "y": 0.5733034610748291,
          "z": 0.1375005543231964
        },
        "scale": {
          "x": 1.0,
          "y": 1.0,
          "z": 1.0
        },
        "matrix_basis": [
          [
            0.30483347177505493,
            -0.03445105999708176,
            0.9517824053764343,
            0.0
          ],
          [
            0.40101248025894165,
            0.9110856056213379,
            -0.09545689076185226,
            0.0
          ],
          [
            -0.8638666868209839,
            0.4107750654220581,
            0.29154470562934875,
            0.0
          ],
          [
            0.0,
            0.0,
            0.0,
            1.0
          ]
        ],
        "rotation_mode": "QUATERNION"
      },
      "armature_space": {
        "head": {
          "x": 0.09317780286073685,
          "y": -0.015915019437670708,
          "z": 0.5075618028640747
        },
        "tail": {
          "x": 0.3320234715938568,
          "y": -0.1323494017124176,
          "z": 0.5422524213790894
        }
      },
      "world_space": {
        "head": {
          "x": 0.09317780286073685,
          "y": 0.04732897877693176,
          "z": 1.4574158191680908
        },
        "tail": {
          "x": 0.3320234715938568,
          "y": -0.06910540163516998,
          "z": 1.4921064376831055
        },
        "rotation_quaternion": {
          "w": 0.13522528111934662,
          "x": 0.8415164947509766,
          "y": 0.5142576098442078,
          "z": -0.09541210532188416
        },
        "matrix": [
          [
            0.45287132263183594,
            0.891316831111908,
            -0.021499421447515488,
            0.09317780286073685
          ],
          [
            0.8397083878517151,
            -0.43450620770454407,
            -0.3257218897342682,
            0.04732897877693176
          ],
          [
            -0.2996642589569092,
            0.12945732474327087,
            -0.9452280402183533,
            1.4574158191680908
          ],
          [
            0.0,
            0.0,
            0.0,
            1.0
          ]
        ]
      },
      "bone_length_armature_space": 0.26796951132226904,
      "parent": "spine_01",
      "has_children": true,
      "is_end_bone": false
    },
    "lowerarm_l": {
      "name": "lowerarm_l",
      "local": {
        "location": {
          "x": 0.0,
          "y": 0.0,
          "z": 0.0
        },
        "rotation_quaternion": {
          "w": 0.9502280950546265,
          "x": 0.10862477123737335,
          "y": -0.09884646534919739,
          "z": 0.27476686239242554
        },
        "scale": {
          "x": 1.0,
          "y": 1.0,
          "z": 1.0
        },
        "matrix_basis": [
          [
            0.8294650912284851,
            -0.5436567068099976,
            -0.12816040217876434,
            0.0
          ],
          [
            0.5007080435752869,
            0.8254076838493347,
            -0.26075607538223267,
            0.0
          ],
          [
            0.24754634499549866,
            0.15211714804172516,
            0.9568600654602051,
            0.0
          ],
          [
            0.0,
            0.0,
            0.0,
            1.0
          ]
        ],
        "rotation_mode": "QUATERNION"
      },
      "armature_space": {
        "head": {
          "x": 0.3320234715938568,
          "y": -0.13234955072402954,
          "z": 0.5422524213790894
        },
        "tail": {
          "x": 0.4398461878299713,
          "y": -0.37481850385665894,
          "z": 0.5762000679969788
        }
      },
      "world_space": {
        "head": {
          "x": 0.3320234715938568,
          "y": -0.06910555064678192,
          "z": 1.4921064376831055
        },
        "tail": {
          "x": 0.4398461878299713,
          "y": -0.3115745186805725,
          "z": 1.5260541439056396
        },
        "rotation_quaternion": {
          "w": 0.12024720758199692,
          "x": 0.9371547102928162,
          "y": 0.17991399765014648,
          "z": -0.2737019956111908
        },
        "matrix": [
          [
            0.7854363322257996,
            0.40303871035575867,
            -0.4697335958480835,
            0.3320234715938568
          ],
          [
            0.27139076590538025,
            -0.9063430428504944,
            -0.32386696338653564,
            -0.06910555064678192
          ],
          [
            -0.5562741756439209,
            0.12689553201198578,
            -0.8212615251541138,
            1.4921064376831055
          ],
          [
            0.0,
            0.0,
            0.0,
            1.0
          ]
        ]
      },
      "bone_length_armature_space": 0.26752453114149266,
      "parent": "upperarm_l",
      "has_children": true,
      "is_end_bone": false
    },
    "metacarpal_thumb_l": {
      "name": "metacarpal_thumb_l",
      "local": {
        "location": {
          "x": 0.0,
          "y": 0.0,
          "z": 0.0
        },
        "rotation_quaternion": {
          "w": 0.9987784028053284,
          "x": -0.04753289744257927,
          "y": 0.009689614176750183,
          "z": 0.00940460991114378
        },
        "scale": {
          "x": 1.0,
          "y": 1.0,
          "z": 1.0
        },
        "matrix_basis": [
          [
            0.9996353387832642,
            -0.019707392901182175,
            0.018461497500538826,
            0.0
          ],
          [
            0.017865091562271118,
            0.9953043460845947,
            0.09513191878795624,
            0.0
          ],
          [
            -0.020249610766768456,
            -0.09476740658283234,
            0.9952934980392456,
            0.0
          ],
          [
            0.0,
            0.0,
            0.0,
            1.0
          ]
        ],
        "rotation_mode": "QUATERNION"
      },
      "armature_space": {
        "head": {
          "x": 0.4398461878299713,
          "y": -0.37481850385665894,
          "z": 0.5762000679969788
        },
        "tail": {
          "x": 0.44492340087890625,
          "y": -0.41886192560195923,
          "z": 0.554109513759613
        }
      },
      "world_space": {
        "head": {
          "x": 0.4398461878299713,
          "y": -0.3115745186805725,
          "z": 1.5260541439056396
        },
        "tail": {
          "x": 0.44492340087890625,
          "y": -0.3556179404258728,
          "z": 1.5039634704589844
        },
        "rotation_quaternion": {
          "w": 0.23024524748325348,
          "x": -0.8810315132141113,
          "y": 0.049060553312301636,
          "z": -0.41032150387763977
        },
        "matrix": [
          [
            0.6584590673446655,
            0.10250028222799301,
            0.7456040382385254,
            0.4398461878299713
          ],
          [
            -0.2753966152667999,
            -0.8891610503196716,
            0.3654443323612213,
            -0.3115745186805725
          ],
          [
            0.7004247903823853,
            -0.445970743894577,
            -0.5572514533996582,
            1.5260541439056396
          ],
          [
            0.0,
            0.0,
            0.0,
            1.0
          ]
        ]
      },
      "bone_length_armature_space": 0.04953376349911559,
      "parent": "lowerarm_l",
      "has_children": true,
      "is_end_bone": false
    },
    "thumb_01_l": {
      "name": "thumb_01_l",
      "local": {
        "location": {
          "x": 0.0,
          "y": 0.0,
          "z": 0.0
        },
        "rotation_quaternion": {
          "w": 0.9844871163368225,
          "x": 0.17536482214927673,
          "y": 0.005419714841991663,
          "z": 0.001710349228233099
        },
        "scale": {
          "x": 1.0,
          "y": 1.0,
          "z": 1.0
        },
        "matrix_basis": [
          [
            0.9999353885650635,
            -0.0014667789218947291,
            0.011271148920059204,
            0.0
          ],
          [
            0.0052684880793094635,
            0.9384884834289551,
            -0.3452702760696411,
            0.0
          ],
          [
            -0.010071408934891224,
            0.3453073501586914,
            0.9384356141090393,
            0.0
          ],
          [
            0.0,
            0.0,
            0.0,
            1.0
          ]
        ],
        "rotation_mode": "QUATERNION"
      },
      "armature_space": {
        "head": {
          "x": 0.44492340087890625,
          "y": -0.41886192560195923,
          "z": 0.554109513759613
        },
        "tail": {
          "x": 0.4707680940628052,
          "y": -0.4315580427646637,
          "z": 0.5359576344490051
        }
      },
      "world_space": {
        "head": {
          "x": 0.44492340087890625,
          "y": -0.3556179404258728,
          "z": 1.5039634704589844
        },
        "tail": {
          "x": 0.4707680940628052,
          "y": -0.3683140277862549,
          "z": 1.485811710357666
        },
        "rotation_quaternion": {
          "w": 0.5113305449485779,
          "x": -0.15862765908241272,
          "y": 0.22813327610492706,
          "z": -0.813224196434021
        },
        "matrix": [
          [
            -0.4267551898956299,
            0.7592765092849731,
            0.4913036823272705,
            0.44492340087890625
          ],
          [
            -0.904029905796051,
            -0.37299224734306335,
            -0.20882248878479004,
            -0.3556179404258728
          ],
          [
            0.024697886779904366,
            -0.5332733392715454,
            0.8455907106399536,
            1.5039634704589844
          ],
          [
            0.0,
            0.0,
            0.0,
            1.0
          ]
        ]
      },
      "bone_length_armature_space": 0.03403865848818172,
      "parent": "metacarpal_thumb_l",
      "has_children": true,
      "is_end_bone": false
    },
    "thumb_02_l": {
      "name": "thumb_02_l",
      "local": {
        "location": {
          "x": 0.0,
          "y": 0.0,
          "z": 0.0
        },
        "rotation_quaternion": {
          "w": 0.9294880628585815,
          "x": 0.36880889534950256,
          "y": 0.004670655820518732,
          "z": 0.0031977836042642593
        },
        "scale": {
          "x": 1.0,
          "y": 1.0,
          "z": 1.0
        },
        "matrix_basis": [
          [
            0.9999359250068665,
            -0.002499444643035531,
            0.011041379533708096,
            0.0
          ],
          [
            0.009389761835336685,
            0.7279395461082458,
            -0.6855770349502563,
            0.0
          ],
          [
            -0.006323895417153835,
            0.6856368184089661,
            0.7279163599014282,
            0.0
          ],
          [
            0.0,
            0.0,
            0.0,
            1.0
          ]
        ],
        "rotation_mode": "QUATERNION"
      },
      "armature_space": {
        "head": {
          "x": 0.4707680642604828,
          "y": -0.4315580129623413,
          "z": 0.5359575748443604
        },
        "tail": {
          "x": 0.4668407440185547,
          "y": -0.45748311281204224,
          "z": 0.5663821697235107
        }
      },
      "world_space": {
        "head": {
          "x": 0.4707680642604828,
          "y": -0.3683140277862549,
          "z": 1.4858115911483765
        },
        "tail": {
          "x": 0.4668407440185547,
          "y": -0.3942391276359558,
          "z": 1.5162361860275269
        },
        "rotation_quaternion": {
          "w": 0.11654308438301086,
          "x": 0.3605981767177582,
          "y": -0.40457457304000854,
          "z": -0.8322896957397461
        },
        "matrix": [
          [
            -0.7127740979194641,
            -0.09778138995170593,
            -0.6945444345474243,
            0.4707680642604828
          ],
          [
            -0.48577263951301575,
            -0.6454747915267944,
            0.5893957614898682,
            -0.3683140277862549
          ],
          [
            -0.5059467554092407,
            0.757501482963562,
            0.4125816226005554,
            1.4858115911483765
          ],
          [
            0.0,
            0.0,
            0.0,
            1.0
          ]
        ]
      },
      "bone_length_armature_space": 0.040164544897591366,
      "parent": "thumb_01_l",
      "has_children": true,
      "is_end_bone": false
    },
    "thumb_03_l": {
      "name": "thumb_03_l",
      "local": {
        "location": {
          "x": 0.0,
          "y": 0.0,
          "z": 0.0
        },
        "rotation_quaternion": {
          "w": 0.9841305613517761,
          "x": 0.17739126086235046,
          "y": 0.003237948752939701,
          "z": -0.002970644738525152
        },
        "scale": {
          "x": 1.0,
          "y": 1.0,
          "z": 1.0
        },
        "matrix_basis": [
          [
            0.9999613761901855,
            0.006995772011578083,
            0.0053191957995295525,
            0.0
          ],
          [
            -0.0046982369385659695,
            0.937047004699707,
            -0.34917154908180237,
            0.0
          ],
          [
            -0.007427061442285776,
            0.34913307428359985,
            0.9370437264442444,
            0.0
          ],
          [
            0.0,
            0.0,
            0.0,
            1.0
          ]
        ],
        "rotation_mode": "QUATERNION"
      },
      "armature_space": {
        "head": {
          "x": 0.4668407142162323,
          "y": -0.4574831426143646,
          "z": 0.566382110118866
        },
        "tail": {
          "x": 0.4526262879371643,
          "y": -0.46336978673934937,
          "z": 0.592653751373291
        }
      },
      "world_space": {
        "head": {
          "x": 0.4668407142162323,
          "y": -0.3942391276359558,
          "z": 1.5162360668182373
        },
        "tail": {
          "x": 0.4526262879371643,
          "y": -0.40012580156326294,
          "z": 1.5425077676773071
        },
        "rotation_quaternion": {
          "w": 0.14496220648288727,
          "x": 0.5129559636116028,
          "y": -0.6183118224143982,
          "z": -0.5775400996208191
        },
        "matrix": [
          [
            -0.43172091245651245,
            -0.4668900668621063,
            -0.7717713117599487,
            0.4668407142162323
          ],
          [
            -0.8017786741256714,
            -0.19335395097732544,
            0.5654780864715576,
            -0.3942391276359558
          ],
          [
            -0.4132445454597473,
            0.8629242181777954,
            -0.29086896777153015,
            1.5162360668182373
          ],
          [
            0.0,
            0.0,
            0.0,
            1.0
          ]
        ]
      },
      "bone_length_armature_space": 0.03044505920522285,
      "parent": "thumb_02_l",
      "has_children": false,
      "is_end_bone": true
    },
    "metacarpal_index_l": {
      "name": "metacarpal_index_l",
      "local": {
        "location": {
          "x": 0.0,
          "y": 0.0,
          "z": 0.0
        },
        "rotation_quaternion": {
          "w": 0.9996081590652466,
          "x": -0.021461928263306618,
          "y": -0.009488897398114204,
          "z": 0.015261337161064148
        },
        "scale": {
          "x": 1.0,
          "y": 1.0,
          "z": 1.0
        },
        "matrix_basis": [
          [
            0.9993541240692139,
            -0.03010341338813305,
            -0.019625434651970863,
            0.0
          ],
          [
            0.03091801516711712,
            0.9986129403114319,
            0.04261741042137146,
            0.0
          ],
          [
            0.018315283581614494,
            -0.0431966632604599,
            0.9988986849784851,
            0.0
          ],
          [
            0.0,
            0.0,
            0.0,
            1.0
          ]
        ],
        "rotation_mode": "QUATERNION"
      },
      "armature_space": {
        "head": {
          "x": 0.4398461878299713,
          "y": -0.37481850385665894,
          "z": 0.5762000679969788
        },
        "tail": {
          "x": 0.4678543210029602,
          "y": -0.48759740591049194,
          "z": 0.5611770153045654
        }
      },
      "world_space": {
        "head": {
          "x": 0.4398461878299713,
          "y": -0.3115745186805725,
          "z": 1.5260541439056396
        },
        "tail": {
          "x": 0.4678543210029602,
          "y": -0.4243534207344055,
          "z": 1.5110310316085815
        },
        "rotation_quaternion": {
          "w": 0.08288116753101349,
          "x": -0.9782620668411255,
          "y": -0.10897764563560486,
          "z": -0.15574941039085388
        },
        "matrix": [
          [
            0.9277321100234985,
            0.23903480172157288,
            0.2866629660129547,
            0.4398461878299713
          ],
          [
            0.18740025162696838,
            -0.9625094532966614,
            0.19610515236854553,
            -0.3115745186805725
          ],
          [
            0.32279402017593384,
            -0.12821409106254578,
            -0.9377521276473999,
            1.5260541439056396
          ],
          [
            0.0,
            0.0,
            0.0,
            1.0
          ]
        ]
      },
      "bone_length_armature_space": 0.11717179014285777,
      "parent": "lowerarm_l",
      "has_children": true,
      "is_end_bone": false
    },
    "index_01_l": {
      "name": "index_01_l",
      "local": {
        "location": {
          "x": 0.0,
          "y": 0.0,
          "z": 0.0
        },
        "rotation_quaternion": {
          "w": 0.9680787324905396,
          "x": 0.24981465935707092,
          "y": 0.019855663180351257,
          "z": 0.0047032758593559265
        },
        "scale": {
          "x": 1.0,
          "y": 1.0,
          "z": 1.0
        },
        "matrix_basis": [
          [
            0.999167263507843,
            0.0008141887956298888,
            0.040793586522340775,
            0.0
          ],
          [
            0.019026754423975945,
            0.8751410245895386,
            -0.48349374532699585,
            0.0
          ],
          [
            -0.03609379753470421,
            0.4838672876358032,
            0.874396800994873,
            0.0
          ],
          [
            0.0,
            0.0,
            0.0,
            1.0
          ]
        ],
        "rotation_mode": "QUATERNION"
      },
      "armature_space": {
        "head": {
          "x": 0.4678543210029602,
          "y": -0.48759740591049194,
          "z": 0.5611770153045654
        },
        "tail": {
          "x": 0.4854677617549896,
          "y": -0.5077347159385681,
          "z": 0.5513115525245667
        }
      },
      "world_space": {
        "head": {
          "x": 0.4678543210029602,
          "y": -0.4243534207344055,
          "z": 1.5110310316085815
        },
        "tail": {
          "x": 0.4854677617549896,
          "y": -0.4444907307624817,
          "z": 1.5011656284332275
        },
        "rotation_quaternion": {
          "w": 0.23481841385364532,
          "x": -0.9134213924407959,
          "y": -0.30290666222572327,
          "z": -0.13700079917907715
        },
        "matrix": [
          [
            0.7789567112922668,
            0.6177037954330444,
            0.10802167654037476,
            0.4678543210029602
          ],
          [
            0.4890232980251312,
            -0.7062156200408936,
            0.5119729042053223,
            -0.4243534207344055
          ],
          [
            0.3925372362136841,
            -0.3459826111793518,
            -0.8521881103515625,
            1.5110310316085815
          ],
          [
            0.0,
            0.0,
            0.0,
            1.0
          ]
        ]
      },
      "bone_length_armature_space": 0.02851441603091665,
      "parent": "metacarpal_index_l",
      "has_children": true,
      "is_end_bone": false
    },
    "index_02_l": {
      "name": "index_02_l",
      "local": {
        "location": {
          "x": 0.0,
          "y": 0.0,
          "z": 0.0
        },
        "rotation_quaternion": {
          "w": 0.9172480702400208,
          "x": 0.3983105421066284,
          "y": 0.0020969263277947903,
          "z": 0.0006575987208634615
        },
        "scale": {
          "x": 1.0,
          "y": 1.0,
          "z": 1.0
        },
        "matrix_basis": [
          [
            0.9999903440475464,
            0.0004640934057533741,
            0.004370660055428743,
            0.0
          ],
          [
            0.002876817947253585,
            0.6826965808868408,
            -0.7306963801383972,
            0.0
          ],
          [
            -0.0033229461405426264,
            0.7307019233703613,
            0.6826886534690857,
            0.0
          ],
          [
            0.0,
            0.0,
            0.0,
            1.0
          ]
        ],
        "rotation_mode": "QUATERNION"
      },
      "armature_space": {
        "head": {
          "x": 0.4854678511619568,
          "y": -0.5077349543571472,
          "z": 0.5513110160827637
        },
        "tail": {
          "x": 0.4981372356414795,
          "y": -0.5116347074508667,
          "z": 0.5293479561805725
        }
      },
      "world_space": {
        "head": {
          "x": 0.4854678511619568,
          "y": -0.4444909691810608,
          "z": 1.5011650323867798
        },
        "tail": {
          "x": 0.4981372356414795,
          "y": -0.4483907222747803,
          "z": 1.4792020320892334
        },
        "rotation_quaternion": {
          "w": 0.5552623867988586,
          "x": -0.7586895823478699,
          "y": -0.3401089310646057,
          "z": 0.019994964823126793
        },
        "matrix": [
          [
            0.767850935459137,
            0.4938696324825287,
            -0.4080415368080139,
            0.4854678511619568
          ],
          [
            0.5382815599441528,
            -0.15201884508132935,
            0.8289413452148438,
            -0.4444909691810608
          ],
          [
            0.34736168384552,
            -0.8561505675315857,
            -0.3825705647468567,
            1.5011650323867798
          ],
          [
            0.0,
            0.0,
            0.0,
            1.0
          ]
        ]
      },
      "bone_length_armature_space": 0.025653408536169275,
      "parent": "index_01_l",
      "has_children": true,
      "is_end_bone": false
    },
    "index_03_l": {
      "name": "index_03_l",
      "local": {
        "location": {
          "x": 0.0,
          "y": 0.0,
          "z": 0.0
        },
        "rotation_quaternion": {
          "w": 0.9709975719451904,
          "x": 0.2390185445547104,
          "y": 0.0006996565498411655,
          "z": -0.005784033797681332
        },
        "scale": {
          "x": 1.0,
          "y": 1.0,
          "z": 1.0
        },
        "matrix_basis": [
          [
            0.9999321103096008,
            0.011567027308046818,
            -0.001406253082677722,
            0.0
          ],
          [
            -0.010898103937506676,
            0.8856733441352844,
            -0.46418094635009766,
            0.0
          ],
          [
            -0.004123712424188852,
            0.46416476368904114,
            0.885739266872406,
            0.0
          ],
          [
            0.0,
            0.0,
            0.0,
            1.0
          ]
        ],
        "rotation_mode": "QUATERNION"
      },
      "armature_space": {
        "head": {
          "x": 0.4981372654438019,
          "y": -0.511634886264801,
          "z": 0.5293480157852173
        },
        "tail": {
          "x": 0.5065126419067383,
          "y": -0.5003694295883179,
          "z": 0.5037221908569336
        }
      },
      "world_space": {
        "head": {
          "x": 0.4981372654438019,
          "y": -0.4483909010887146,
          "z": 1.4792020320892334
        },
        "tail": {
          "x": 0.5065126419067383,
          "y": -0.43712544441223145,
          "z": 1.4535762071609497
        },
        "rotation_quaternion": {
          "w": 0.7555820345878601,
          "x": -0.5504917502403259,
          "y": -0.34910404682159424,
          "z": 0.06466082483530045
        },
        "matrix": [
          [
            0.7478917837142944,
            0.28664395213127136,
            -0.5987429618835449,
            0.4981372654438019
          ],
          [
            0.4820696711540222,
            0.38555648922920227,
            0.7867372035980225,
            -0.4483909010887146
          ],
          [
            0.4563661217689514,
            -0.8770358562469482,
            0.15017396211624146,
            1.4792020320892334
          ],
          [
            0.0,
            0.0,
            0.0,
            1.0
          ]
        ]
      },
      "bone_length_armature_space": 0.029218835131126265,
      "parent": "index_02_l",
      "has_children": false,
      "is_end_bone": true
    },
    "metacarpal_pinky_l": {
      "name": "metacarpal_pinky_l",
      "local": {
        "location": {
          "x": 0.0,
          "y": 0.0,
          "z": 0.0
        },
        "rotation_quaternion": {
          "w": 0.9993706941604614,
          "x": -0.03396565839648247,
          "y": 0.008204936049878597,
          "z": -0.006113733630627394
        },
        "scale": {
          "x": 1.0,
          "y": 1.0,
          "z": 1.0
        },
        "matrix_basis": [
          [
            0.999790608882904,
            0.01166240032762289,
            0.016814859583973885,
            0.0
          ],
          [
            -0.012777144089341164,
            0.9976179003715515,
            0.06778824329376221,
            0.0
          ],
          [
            -0.01598423160612583,
            -0.06798889487981796,
            0.9975579977035522,
            0.0
          ],
          [
            0.0,
            0.0,
            0.0,
            1.0
          ]
        ],
        "rotation_mode": "QUATERNION"
      },
      "armature_space": {
        "head": {
          "x": 0.4398461878299713,
          "y": -0.37481850385665894,
          "z": 0.5762000679969788
        },
        "tail": {
          "x": 0.5008209943771362,
          "y": -0.4517613351345062,
          "z": 0.6109147071838379
        }
      },
      "world_space": {
        "head": {
          "x": 0.4398461878299713,
          "y": -0.3115745186805725,
          "z": 1.5260541439056396
        },
        "tail": {
          "x": 0.5008209943771362,
          "y": -0.3885173201560974,
          "z": 1.560768723487854
        },
        "rotation_quaternion": {
          "w": 0.357840895652771,
          "x": 0.5689594149589539,
          "y": 0.04996348172426224,
          "z": -0.7387413382530212
        },
        "matrix": [
          [
            -0.09646940231323242,
            0.5855599641799927,
            -0.8048684597015381,
            0.4398461878299713
          ],
          [
            -0.47185009717941284,
            -0.7389057874679565,
            -0.4810158908367157,
            -0.3115745186805725
          ],
          [
            -0.8763919472694397,
            0.333375483751297,
            0.34758010506629944,
            1.5260541439056396
          ],
          [
            0.0,
            0.0,
            0.0,
            1.0
          ]
        ]
      },
      "bone_length_armature_space": 0.1041308426474635,
      "parent": "lowerarm_l",
      "has_children": true,
      "is_end_bone": false
    },
    "pinky_01_l": {
      "name": "pinky_01_l",
      "local": {
        "location": {
          "x": 0.0,
          "y": 0.0,
          "z": 0.0
        },
        "rotation_quaternion": {
          "w": 0.9495855569839478,
          "x": 0.31325462460517883,
          "y": 0.0022865114733576775,
          "z": -0.012393943965435028
        },
        "scale": {
          "x": 1.0,
          "y": 1.0,
          "z": 1.0
        },
        "matrix_basis": [
          [
            0.9996823072433472,
            0.02497074007987976,
            -0.003422443987801671,
            0.0
          ],
          [
            -0.02210569940507412,
            0.8034358620643616,
            -0.5949808359146118,
            0.0
          ],
          [
            -0.012107397429645061,
            0.594867467880249,
            0.8037326335906982,
            0.0
          ],
          [
            0.0,
            0.0,
            0.0,
            1.0
          ]
        ],
        "rotation_mode": "QUATERNION"
      },
      "armature_space": {
        "head": {
          "x": 0.5008209943771362,
          "y": -0.4517613351345062,
          "z": 0.6109147071838379
        },
        "tail": {
