{
  "metadata": {
    "armature_name": "KIM_caucasian_male",
    "export_time": "2026-01-13T20:24:38.422989",
    "blender_version": "4.4.1",
    "bone_count": 56,
    "end_bone_count": 13,
    "spaces_included": [
      "LOCAL_CHANNELS",
      "ARMATURE_SPACE",
      "WORLD_SPACE"
    ],
    "note": "LOCAL matches Transform panel; replay pose via local.matrix_basis for best fidelity."
  },
  "bones": {
    "Root": {
      "name": "Root",
      "local": {
        "location": {
          "x": 0.0,
          "y": 0.0,
          "z": 0.0
        },
        "rotation_quaternion": {
          "w": 0.9997575283050537,
          "x": 0.0006341132684610784,
          "y": -0.0028365240432322025,
          "z": 0.021829303354024887
        },
        "scale": {
          "x": 1.0,
          "y": 1.0,
          "z": 1.0
        },
        "matrix_basis": [
          [
            0.9990308880805969,
            -0.04365161806344986,
            -0.005643988028168678,
            0.0
          ],
          [
            0.04364442452788353,
            0.9990461468696594,
            -0.001391757745295763,
            0.0
          ],
          [
            0.005699357017874718,
            0.001144080306403339,
            0.9999831318855286,
            0.0
          ],
          [
            0.0,
            0.0,
            0.0,
            1.0
          ]
        ],
        "rotation_mode": "QUATERNION"
      },
      "armature_space": {
        "head": {
          "x": 0.0,
          "y": 0.07072800397872925,
          "z": -0.009595036506652832
        },
        "tail": {
          "x": -0.0031156721524894238,
          "y": 5.6490302085876465e-05,
          "z": -9.007193148136139e-05
        }
      },
      "world_space": {
        "head": {
          "x": 0.0,
          "y": 0.13397200405597687,
          "z": 0.9402589797973633
        },
        "tail": {
          "x": -0.0031156721524894238,
          "y": 0.0633004903793335,
          "z": 0.9497639536857605
        },
        "rotation_quaternion": {
          "w": 0.06671865284442902,
          "x": 0.9975289702415466,
          "y": -0.021970802918076515,
          "z": -0.0013594861375167966
        },
        "matrix": [
          [
            0.9990308880805969,
            -0.04365161806344986,
            -0.005643988028168678,
            0.0
          ],
          [
            -0.04401443153619766,
            -0.9901317358016968,
            -0.13304829597473145,
            0.13397200405597687
          ],
          [
            0.0002194414846599102,
            0.13316775858402252,
            -0.9911006093025208,
            0.9402589797973633
          ],
          [
            0.0,
            0.0,
            0.0,
            1.0
          ]
        ]
      },
      "bone_length_armature_space": 0.07137586758182098,
      "parent": null,
      "has_children": true,
      "is_end_bone": false
    },
    "spine_01": {
      "name": "spine_01",
      "local": {
        "location": {
          "x": 0.0,
          "y": 0.0,
          "z": 0.0
        },
        "rotation_quaternion": {
          "w": 0.9988807439804077,
          "x": 0.019337957724928856,
          "y": -0.020348023623228073,
          "z": -0.03807193040847778
        },
        "scale": {
          "x": 1.0,
          "y": 1.0,
          "z": 1.0
        },
        "matrix_basis": [
          [
            0.9962729811668396,
            0.07527165859937668,
            -0.042122963815927505,
            0.0
          ],
          [
            -0.07684561610221863,
            0.9963531494140625,
            -0.03708324953913689,
            0.0
          ],
          [
            0.0391780324280262,
            0.04018200561404228,
            0.9984239935874939,
            0.0
          ],
          [
            0.0,
            0.0,
            0.0,
            1.0
          ]
        ],
        "rotation_mode": "QUATERNION"
      },
      "armature_space": {
        "head": {
          "x": -0.0031156721524894238,
          "y": 5.6490302085876465e-05,
          "z": -9.007193148136139e-05
        },
        "tail": {
          "x": 0.03358552232384682,
          "y": 0.0009599914192222059,
          "z": 0.48653173446655273
        }
      },
      "world_space": {
        "head": {
          "x": -0.0031156721524894238,
          "y": 0.0633004903793335,
          "z": 0.9497639536857605
        },
        "tail": {
          "x": 0.03358552232384682,
          "y": 0.06420399248600006,
          "z": 1.4363857507705688
        },
        "rotation_quaternion": {
          "w": 0.7077497243881226,
          "x": 0.7041407823562622,
          "y": -0.003988339565694332,
          "z": -0.05709923058748245
        },
        "matrix": [
          [
            0.9934475421905518,
            0.0752071738243103,
            -0.08605780452489853,
            -0.0031156721524894238
          ],
          [
            -0.08644118905067444,
            0.0018514320254325867,
            -0.9962552189826965,
            0.0633004903793335
          ],
          [
            -0.07476682960987091,
            0.9971733093261719,
            0.008339431136846542,
            0.9497639536857605
          ],
          [
            0.0,
            0.0,
            0.0,
            1.0
          ]
        ]
      },
      "bone_length_armature_space": 0.4880046812342902,
      "parent": "Root",
      "has_children": true,
      "is_end_bone": false
    },
    "neck_01": {
      "name": "neck_01",
      "local": {
        "location": {
          "x": 0.0,
          "y": 0.0,
          "z": 0.0
        },
        "rotation_quaternion": {
          "w": 0.9979722499847412,
          "x": -0.009237493388354778,
          "y": -0.01899542100727558,
          "z": -0.060044024139642715
        },
        "scale": {
          "x": 1.0,
          "y": 1.0,
          "z": 1.0
        },
        "matrix_basis": [
          [
            0.9920677542686462,
            0.12019547820091248,
            -0.03680449351668358,
            0.0
          ],
          [
            -0.11949359625577927,
            0.99261873960495,
            0.0207186471670866,
            0.0
          ],
          [
            0.03902311995625496,
            -0.016156401485204697,
            0.9991076588630676,
            0.0
          ],
          [
            0.0,
            0.0,
            0.0,
            1.0
          ]
        ],
        "rotation_mode": "QUATERNION"
      },
      "armature_space": {
        "head": {
          "x": 0.03610755503177643,
          "y": -0.0334550179541111,
          "z": 0.5598324537277222
        },
        "tail": {
          "x": 0.05228171497583389,
          "y": -0.07135404646396637,
          "z": 0.6537089943885803
        }
      },
      "world_space": {
        "head": {
          "x": 0.03610755503177643,
          "y": 0.02978898212313652,
          "z": 1.5096864700317383
        },
        "tail": {
          "x": 0.05228171497583389,
          "y": -0.00811004638671875,
          "z": 1.6035630702972412
        },
        "rotation_quaternion": {
          "w": 0.5608738660812378,
          "x": 0.8208301663398743,
          "y": 0.024197997525334358,
          "z": -0.10522767901420593
        },
        "matrix": [
          [
            0.9766833782196045,
            0.15776383876800537,
            -0.14560313522815704,
            0.03610755503177643
          ],
          [
            -0.0783132016658783,
            -0.36966970562934875,
            -0.9258571267127991,
            0.02978898212313652
          ],
          [
            -0.19989334046840668,
            0.9156779646873474,
            -0.34869861602783203,
            1.5096864700317383
          ],
          [
            0.0,
            0.0,
            0.0,
            1.0
          ]
        ]
      },
      "bone_length_armature_space": 0.10252192189368402,
      "parent": "spine_01",
      "has_children": true,
      "is_end_bone": false
    },
    "head": {
      "name": "head",
      "local": {
        "location": {
          "x": 0.0,
          "y": 0.0,
          "z": 0.0
        },
        "rotation_quaternion": {
          "w": 0.9974377155303955,
          "x": -0.002509841462597251,
          "y": -0.07084965705871582,
          "z": -0.00959869846701622
        },
        "scale": {
          "x": 1.0,
          "y": 1.0,
          "z": 1.0
        },
        "matrix_basis": [
          [
            0.9897763729095459,
            0.019503850489854813,
            -0.14128805696964264,
            0.0
          ],
          [
            -0.018792564049363136,
            0.9998031258583069,
            0.0063669499941170216,
            0.0
          ],
          [
            0.14138442277908325,
            -0.0036466920282691717,
            0.989948034286499,
            0.0
          ],
          [
            0.0,
            0.0,
            0.0,
            1.0
          ]
        ],
        "rotation_mode": "QUATERNION"
      },
      "armature_space": {
        "head": {
          "x": 0.05228168144822121,
          "y": -0.07135416567325592,
          "z": 0.6537088751792908
        },
        "tail": {
          "x": 0.08615650236606598,
          "y": -0.07257503271102905,
          "z": 0.8050505518913269
        }
      },
      "world_space": {
        "head": {
          "x": 0.05228168144822121,
          "y": -0.0081101655960083,
          "z": 1.603562831878662
        },
        "tail": {
          "x": 0.08615650236606598,
          "y": -0.009331032633781433,
          "z": 1.7549045085906982
        },
        "rotation_quaternion": {
          "w": 0.7043172121047974,
          "x": 0.6925206780433655,
          "y": -0.001008189283311367,
          "z": -0.15604934096336365
        },
        "matrix": [
          [
            0.9512949585914612,
            0.2184200882911682,
            -0.21755638718605042,
            0.05228168144822121
          ],
          [
            -0.2212144434452057,
            -0.007871964946389198,
            -0.975193440914154,
            -0.0081101655960083
          ],
          [
            -0.21471615135669708,
            0.975830078125,
            0.04082845151424408,
            1.603562831878662
          ],
          [
            0.0,
            0.0,
            0.0,
            1.0
          ]
        ]
      },
      "bone_length_armature_space": 0.15509125358997572,
      "parent": "neck_01",
      "has_children": false,
      "is_end_bone": true
    },
    "upperarm_l": {
      "name": "upperarm_l",
      "local": {
        "location": {
          "x": 0.0,
          "y": 0.0,
          "z": 0.0
        },
        "rotation_quaternion": {
          "w": 0.8931787014007568,
          "x": 0.3237447738647461,
          "y": 0.011157114058732986,
          "z": 0.3119242787361145
        },
        "scale": {
          "x": 1.0,
          "y": 1.0,
          "z": 1.0
        },
        "matrix_basis": [
          [
            0.8051575422286987,
            -0.5499841570854187,
            0.22189830243587494,
            0.0
          ],
          [
            0.5644323825836182,
            0.5957851409912109,
            -0.5713635087013245,
            0.0
          ],
          [
            0.1820371150970459,
            0.5852842330932617,
            0.7901296615600586,
            0.0
          ],
          [
            0.0,
            0.0,
            0.0,
            1.0
          ]
        ],
        "rotation_mode": "QUATERNION"
      },
      "armature_space": {
        "head": {
          "x": 0.1797957420349121,
          "y": -0.049722813069820404,
          "z": 0.4816262423992157
        },
        "tail": {
          "x": 0.3448795676231384,
          "y": -0.2174375057220459,
          "z": 0.6097938418388367
        }
      },
      "world_space": {
        "head": {
          "x": 0.1797957420349121,
          "y": 0.013521187007427216,
          "z": 1.4314802885055542
        },
        "tail": {
          "x": 0.3448795676231384,
          "y": -0.15419350564479828,
          "z": 1.559647798538208
        },
        "rotation_quaternion": {
          "w": 0.40878182649612427,
          "x": 0.7552372217178345,
          "y": 0.14128564298152924,
          "z": -0.49249616265296936
        },
        "matrix": [
          [
            0.474972665309906,
            0.6160546541213989,
            -0.6283930540084839,
            0.1797957420349121
          ],
          [
            -0.18923768401145935,
            -0.6258724927902222,
            -0.7566192746162415,
            0.013521187007427216
          ],
          [
            -0.859419047832489,
            0.47829192876815796,
            -0.18069344758987427,
            1.4314802885055542
          ],
          [
            0.0,
            0.0,
            0.0,
            1.0
          ]
        ]
      },
      "bone_length_armature_space": 0.26796981238552176,
      "parent": "spine_01",
      "has_children": true,
      "is_end_bone": false
    },
    "lowerarm_l": {
      "name": "lowerarm_l",
      "local": {
        "location": {
          "x": 0.0,
          "y": 0.0,
          "z": 0.0
        },
        "rotation_quaternion": {
          "w": 0.9887644052505493,
          "x": 0.0022426520008593798,
          "y": -0.03163983300328255,
          "z": 0.14607875049114227
        },
        "scale": {
          "x": 1.0,
          "y": 1.0,
          "z": 1.0
        },
        "matrix_basis": [
          [
            0.9553198218345642,
            -0.28901684284210205,
            -0.06191347539424896,
            0.0
          ],
          [
            0.28873303532600403,
            0.9573119282722473,
            -0.013678723946213722,
            0.0
          ],
          [
            0.06322389096021652,
            -0.0048089055344462395,
            0.9979878067970276,
            0.0
          ],
          [
            0.0,
            0.0,
            0.0,
            1.0
          ]
        ],
        "rotation_mode": "QUATERNION"
      },
      "armature_space": {
        "head": {
          "x": 0.34487950801849365,
          "y": -0.21743756532669067,
          "z": 0.609794020652771
        },
        "tail": {
          "x": 0.44307175278663635,
          "y": -0.36886996030807495,
          "z": 0.8072689771652222
        }
      },
      "world_space": {
        "head": {
          "x": 0.34487950801849365,
          "y": -0.15419356524944305,
          "z": 1.559648036956787
        },
        "tail": {
          "x": 0.44307175278663635,
          "y": -0.3056259751319885,
          "z": 1.7571229934692383
        },
        "rotation_quaternion": {
          "w": 0.4612961709499359,
          "x": 0.7299756407737732,
          "y": -0.06466101109981537,
          "z": -0.5001603960990906
        },
        "matrix": [
          [
            0.49131888151168823,
            0.36704021692276,
            -0.7898654341697693,
            0.34487950801849365
          ],
          [
            -0.5558450222015381,
            -0.56605064868927,
            -0.6087879538536072,
            -0.15419356524944305
          ],
          [
            -0.6705588698387146,
            0.7381564974784851,
            -0.07409491389989853,
            1.559648036956787
          ],
          [
            0.0,
            0.0,
            0.0,
            1.0
          ]
        ]
      },
      "bone_length_armature_space": 0.26752540841769235,
      "parent": "upperarm_l",
      "has_children": true,
      "is_end_bone": false
    },
    "metacarpal_thumb_l": {
      "name": "metacarpal_thumb_l",
      "local": {
        "location": {
          "x": 0.0,
          "y": 0.0,
          "z": 0.0
        },
        "rotation_quaternion": {
          "w": 0.9985717535018921,
          "x": -0.0523349791765213,
          "y": 0.010753954760730267,
          "z": 7.761816959828138e-06
        },
        "scale": {
          "x": 1.0,
          "y": 1.0,
          "z": 1.0
        },
        "matrix_basis": [
          [
            0.9997687339782715,
            -0.0011411174200475216,
            0.02147637866437435,
            0.0
          ],
          [
            -0.001110114506445825,
            0.9945220947265625,
            0.10452063381671906,
            0.0
          ],
          [
            -0.02147800289094448,
            -0.1045202985405922,
            0.994290828704834,
            0.0
          ],
          [
            0.0,
            0.0,
            0.0,
            1.0
          ]
        ],
        "rotation_mode": "QUATERNION"
      },
      "armature_space": {
        "head": {
          "x": 0.44307175278663635,
          "y": -0.36886996030807495,
          "z": 0.8072689771652222
        },
        "tail": {
          "x": 0.436456561088562,
          "y": -0.41137391328811646,
          "z": 0.8318299651145935
        }
      },
      "world_space": {
        "head": {
          "x": 0.44307175278663635,
          "y": -0.3056259751319885,
          "z": 1.7571229934692383
        },
        "tail": {
          "x": 0.436456561088562,
          "y": -0.34812992811203003,
          "z": 1.7816839218139648
        },
        "rotation_quaternion": {
          "w": 0.26637983322143555,
          "x": 0.9314143657684326,
          "y": -0.0007625528960488737,
          "z": 0.2480091154575348
        },
        "matrix": [
          [
            0.8769820928573608,
            -0.13354964554309845,
            0.4615919291973114,
            0.44307175278663635
          ],
          [
            0.130708709359169,
            -0.858082115650177,
            -0.49659818410873413,
            -0.3056259751319885
          ],
          [
            0.46240776777267456,
            0.49584445357322693,
            -0.7350724339485168,
            1.7571229934692383
          ],
          [
            0.0,
            0.0,
            0.0,
            1.0
          ]
        ]
      },
      "bone_length_armature_space": 0.04953371524610448,
      "parent": "lowerarm_l",
      "has_children": true,
      "is_end_bone": false
    },
    "thumb_01_l": {
      "name": "thumb_01_l",
      "local": {
        "location": {
          "x": 0.0,
          "y": 0.0,
          "z": 0.0
        },
        "rotation_quaternion": {
          "w": 0.9997041821479797,
          "x": 0.02018020860850811,
          "y": -0.009444046765565872,
          "z": -0.009756714105606079
        },
        "scale": {
          "x": 1.0,
          "y": 1.0,
          "z": 1.0
        },
        "matrix_basis": [
          [
            0.9996312260627747,
            0.019126489758491516,
            -0.019276291131973267,
            0.0
          ],
          [
            -0.019888821989297867,
            0.9989951252937317,
            -0.04016419127583504,
            0.0
          ],
          [
            0.018488721922039986,
            0.04053276404738426,
            0.9990071654319763,
            0.0
          ],
          [
            0.0,
            0.0,
            0.0,
            1.0
          ]
        ],
        "rotation_mode": "QUATERNION"
      },
      "armature_space": {
        "head": {
          "x": 0.436456561088562,
          "y": -0.41137391328811646,
          "z": 0.8318299651145935
        },
        "tail": {
          "x": 0.4424589276313782,
          "y": -0.44387441873550415,
          "z": 0.8236865997314453
        }
      },
      "world_space": {
        "head": {
          "x": 0.436456561088562,
          "y": -0.34812992811203003,
          "z": 1.7816839218139648
        },
        "tail": {
          "x": 0.4424589276313782,
          "y": -0.3806304335594177,
          "z": 1.7735406160354614
        },
        "rotation_quaternion": {
          "w": 0.1402181088924408,
          "x": -0.5310825109481812,
          "y": 0.05414581298828125,
          "z": -0.8338816165924072
        },
        "matrix": [
          [
            -0.3965805470943451,
            0.17634055018424988,
            0.90090411901474,
            0.436456561088562
          ],
          [
            -0.2913621962070465,
            -0.9548138976097107,
            0.058634210377931595,
            -0.34812992811203003
          ],
          [
            0.8705412745475769,
            -0.23923899233341217,
            0.4300428330898285,
            1.7816839218139648
          ],
          [
            0.0,
            0.0,
            0.0,
            1.0
          ]
        ]
      },
      "bone_length_armature_space": 0.034038591368822584,
      "parent": "metacarpal_thumb_l",
      "has_children": true,
      "is_end_bone": false
    },
    "thumb_02_l": {
      "name": "thumb_02_l",
      "local": {
        "location": {
          "x": 0.0,
          "y": 0.0,
          "z": 0.0
        },
        "rotation_quaternion": {
          "w": 0.9887927770614624,
          "x": 0.14879311621189117,
          "y": -0.012085883878171444,
          "z": -0.0018402829300612211
        },
        "scale": {
          "x": 1.0,
          "y": 1.0,
          "z": 1.0
        },
        "matrix_basis": [
          [
            0.9997010827064514,
            4.2724288505269215e-05,
            -0.024448512122035027,
            0.0
          ],
          [
            -0.007235909812152386,
            0.9557144641876221,
            -0.2942066490650177,
            0.0
          ],
          [
            0.023353226482868195,
            0.29429560899734497,
            0.9554290771484375,
            0.0
          ],
          [
            0.0,
            0.0,
            0.0,
            1.0
          ]
        ],
        "rotation_mode": "QUATERNION"
      },
      "armature_space": {
        "head": {
          "x": 0.4424589276313782,
          "y": -0.44387438893318176,
          "z": 0.8236865997314453
        },
        "tail": {
          "x": 0.4583728313446045,
          "y": -0.458381325006485,
          "z": 0.8575907349586487
        }
      },
      "world_space": {
        "head": {
          "x": 0.4424589276313782,
          "y": -0.38063037395477295,
          "z": 1.7735406160354614
        },
        "tail": {
          "x": 0.4583728313446045,
          "y": -0.39513731002807617,
          "z": 1.8074448108673096
        },
        "rotation_quaternion": {
          "w": 0.1622263789176941,
          "x": -0.1214180439710617,
          "y": -0.5413760542869568,
          "z": -0.8159977793693542
        },
        "matrix": [
          [
            -0.917880654335022,
            0.39621874690055847,
            0.02250107377767563,
            0.4424589276313782
          ],
          [
            -0.13328871130943298,
            -0.36118870973587036,
            0.9229172468185425,
            -0.38063037395477295
          ],
          [
            0.37380674481391907,
            0.8441344499588013,
            0.38434332609176636,
            1.7735406160354614
          ],
          [
            0.0,
            0.0,
            0.0,
            1.0
          ]
        ]
      },
      "bone_length_armature_space": 0.040164585023125234,
      "parent": "thumb_01_l",
      "has_children": true,
      "is_end_bone": false
    },
    "thumb_03_l": {
      "name": "thumb_03_l",
      "local": {
        "location": {
          "x": 0.0,
          "y": 0.0,
          "z": 0.0
        },
        "rotation_quaternion": {
          "w": 0.9951251149177551,
          "x": 0.09842661023139954,
          "y": -0.005517992191016674,
          "z": 0.0027996713761240244
        },
        "scale": {
          "x": 1.0,
          "y": 1.0,
          "z": 1.0
        },
        "matrix_basis": [
          [
            0.9999234080314636,
            -0.006658281199634075,
            -0.010431060567498207,
            0.0
          ],
          [
            0.004485812038183212,
            0.9806087017059326,
            -0.19592447578907013,
            0.0
          ],
          [
            0.011533309705555439,
            0.19586268067359924,
            0.9805635213851929,
            0.0
          ],
          [
            0.0,
            0.0,
            0.0,
            1.0
          ]
        ],
        "rotation_mode": "QUATERNION"
      },
      "armature_space": {
        "head": {
          "x": 0.45837274193763733,
          "y": -0.4583813548088074,
          "z": 0.8575907349586487
        },
        "tail": {
          "x": 0.47190165519714355,
          "y": -0.45533883571624756,
          "z": 0.8846944570541382
        }
      },
      "world_space": {
        "head": {
          "x": 0.45837274193763733,
          "y": -0.39513736963272095,
          "z": 1.8074448108673096
        },
        "tail": {
          "x": 0.47190165519714355,
          "y": -0.39209485054016113,
          "z": 1.8345484733581543
        },
        "rotation_quaternion": {
          "w": 0.35635650157928467,
          "x": 0.025674788281321526,
          "y": -0.6503669023513794,
          "z": -0.6703535318374634
        },
        "matrix": [
          [
            -0.7446999549865723,
            0.4443739950656891,
            -0.4979499578475952,
            0.45837274193763733
          ],
          [
            -0.5111679434776306,
            0.09993529319763184,
            0.8536508679389954,
            -0.39513736963272095
          ],
          [
            0.42910563945770264,
            0.8902562856674194,
            0.15272994339466095,
            1.8074448108673096
          ],
          [
            0.0,
            0.0,
            0.0,
            1.0
          ]
        ]
      },
      "bone_length_armature_space": 0.03044503527669187,
      "parent": "thumb_02_l",
      "has_children": false,
      "is_end_bone": true
    },
    "metacarpal_index_l": {
      "name": "metacarpal_index_l",
      "local": {
        "location": {
          "x": 0.0,
          "y": 0.0,
          "z": 0.0
        },
        "rotation_quaternion": {
          "w": 0.9995167851448059,
          "x": -0.02114756591618061,
          "y": -0.021779198199510574,
          "z": -0.006679206155240536
        },
        "scale": {
          "x": 1.0,
          "y": 1.0,
          "z": 1.0
        },
        "matrix_basis": [
          [
            0.9989621043205261,
            0.014273111708462238,
            -0.04325484856963158,
            0.0
          ],
          [
            -0.012430802918970585,
            0.9990163445472717,
            0.04256562888622284,
            0.0
          ],
          [
            0.0438198447227478,
            -0.04198375716805458,
            0.9981569051742554,
            0.0
          ],
          [
            0.0,
            0.0,
            0.0,
            1.0
          ]
        ],
        "rotation_mode": "QUATERNION"
      },
      "armature_space": {
        "head": {
          "x": 0.44307175278663635,
          "y": -0.36886996030807495,
          "z": 0.8072689771652222
        },
        "tail": {
          "x": 0.4608169198036194,
          "y": -0.45362794399261475,
          "z": 0.8862023949623108
        }
      },
      "world_space": {
        "head": {
          "x": 0.44307175278663635,
          "y": -0.3056259751319885,
          "z": 1.7571229934692383
        },
        "tail": {
          "x": 0.4608169198036194,
          "y": -0.3903839588165283,
          "z": 1.8360564708709717
        },
        "rotation_quaternion": {
          "w": 0.3694184124469757,
          "x": 0.9231253266334534,
          "y": 0.042977314442396164,
          "z": -0.0975842997431755
        },
        "matrix": [
          [
            0.9772606492042542,
            0.15144580602645874,
            -0.14841127395629883,
            0.44307175278663635
          ],
          [
            0.007248397916555405,
            -0.7233655452728271,
            -0.6904270648956299,
            -0.3056259751319885
          ],
          [
            -0.21191953122615814,
            0.67365562915802,
            -0.7080200910568237,
            1.7571229934692383
          ],
          [
            0.0,
            0.0,
            0.0,
            1.0
          ]
        ]
      },
      "bone_length_armature_space": 0.11717205777845047,
      "parent": "lowerarm_l",
      "has_children": true,
      "is_end_bone": false
    },
    "index_01_l": {
      "name": "index_01_l",
      "local": {
        "location": {
          "x": 0.0,
          "y": 0.0,
          "z": 0.0
        },
        "rotation_quaternion": {
          "w": 0.998239278793335,
          "x": -0.058383360505104065,
          "y": -0.0002246727526653558,
          "z": -0.010480454191565514
        },
        "scale": {
          "x": 1.0,
          "y": 1.0,
          "z": 1.0
        },
        "matrix_basis": [
          [
            0.9997802376747131,
            0.020950237289071083,
            0.0007752139354124665,
            0.0
          ],
          [
            -0.020897768437862396,
            0.9929630756378174,
            0.11656583845615387,
            0.0
          ],
          [
            0.001672322629019618,
            -0.11655642092227936,
            0.9931826591491699,
            0.0
          ],
          [
            0.0,
            0.0,
            0.0,
            1.0
          ]
        ],
        "rotation_mode": "QUATERNION"
      },
      "armature_space": {
        "head": {
          "x": 0.4608169198036194,
          "y": -0.45362794399261475,
          "z": 0.8862023949623108
        },
        "tail": {
          "x": 0.4756426215171814,
          "y": -0.46726879477500916,
          "z": 0.9063816070556641
        }
      },
      "world_space": {
        "head": {
          "x": 0.4608169198036194,
          "y": -0.3903839588165283,
          "z": 1.8360564708709717
        },
        "tail": {
          "x": 0.4756426215171814,
          "y": -0.40402477979660034,
          "z": 1.8562356233596802
        },
        "rotation_quaternion": {
          "w": 0.4536389112472534,
          "x": 0.8492648005485535,
          "y": 0.23456090688705444,
          "z": -0.13394884765148163
        },
        "matrix": [
          [
            0.8540776968002319,
            0.5199378728866577,
            -0.01470240205526352,
            0.4608169198036194
          ],
          [
            0.2768814265727997,
            -0.4783850610256195,
            -0.8333572149276733,
            -0.3903839588165283
          ],
          [
            -0.440330445766449,
            0.7076854109764099,
            -0.5525437593460083,
            1.8360564708709717
          ],
          [
            0.0,
            0.0,
            0.0,
            1.0
          ]
        ]
      },
      "bone_length_armature_space": 0.028514467064408588,
      "parent": "metacarpal_index_l",
      "has_children": true,
      "is_end_bone": false
    },
    "index_02_l": {
      "name": "index_02_l",
      "local": {
        "location": {
          "x": 0.0,
          "y": 0.0,
          "z": 0.0
        },
        "rotation_quaternion": {
          "w": 0.9880127906799316,
          "x": 0.15436291694641113,
          "y": -0.00029703023028559983,
          "z": -0.0016964445821940899
        },
        "scale": {
          "x": 1.0,
          "y": 1.0,
          "z": 1.0
        },
        "matrix_basis": [
          [
            0.9999940395355225,
            0.0032605170272290707,
            -0.001110675628297031,
            0.0
          ],
          [
            -0.003443918889388442,
            0.9523383975028992,
            -0.30502405762672424,
            0.0
          ],
          [
            6.320306420093402e-05,
            0.3050260841846466,
            0.9523440003395081,
            0.0
          ],
          [
            0.0,
            0.0,
            0.0,
            1.0
          ]
        ],
        "rotation_mode": "QUATERNION"
      },
      "armature_space": {
        "head": {
          "x": 0.4756426215171814,
          "y": -0.46726930141448975,
          "z": 0.9063817858695984
        },
        "tail": {
          "x": 0.48866283893585205,
          "y": -0.4847903549671173,
          "z": 0.9198569059371948
        }
      },
      "world_space": {
        "head": {
          "x": 0.4756426215171814,
          "y": -0.4040253162384033,
          "z": 1.8562357425689697
        },
        "tail": {
          "x": 0.48866283893585205,
          "y": -0.4215463399887085,
          "z": 1.869710922241211
        },
        "rotation_quaternion": {
          "w": 0.339630663394928,
          "x": 0.8953627943992615,
          "y": 0.20773416757583618,
          "z": -0.19955725967884064
        },
        "matrix": [
          [
            0.8340470194816589,
            0.5075467228889465,
            -0.2162453830242157,
            0.4756426215171814
          ],
          [
            0.23644417524337769,
            -0.6829944849014282,
            -0.691095232963562,
            -0.4040253162384033
          ],
          [
            -0.49846091866493225,
            0.5252788066864014,
            -0.68966144323349,
            1.8562357425689697
          ],
          [
            0.0,
            0.0,
            0.0,
            1.0
          ]
        ]
      },
      "bone_length_armature_space": 0.02565330845166986,
      "parent": "index_01_l",
      "has_children": true,
      "is_end_bone": false
    },
    "index_03_l": {
      "name": "index_03_l",
      "local": {
        "location": {
          "x": 0.0,
          "y": 0.0,
          "z": 0.0
        },
        "rotation_quaternion": {
          "w": 0.979030430316925,
          "x": 0.20349857211112976,
          "y": 0.00602729944512248,
          "z": -0.007185138761997223
        },
        "scale": {
          "x": 1.0,
          "y": 1.0,
          "z": 1.0
        },
        "matrix_basis": [
          [
            0.9998241066932678,
            0.016522033140063286,
            0.008877487853169441,
            0.0
          ],
          [
            -0.011615845374763012,
            0.9170734286308289,
            -0.3985491991043091,
            0.0
          ],
          [
            -0.01472614984959364,
            0.3983759880065918,
            0.9171040058135986,
            0.0
          ],
          [
            0.0,
            0.0,
            0.0,
            1.0
          ]
        ],
        "rotation_mode": "QUATERNION"
      },
      "armature_space": {
        "head": {
          "x": 0.48866286873817444,
          "y": -0.48479026556015015,
          "z": 0.9198570251464844
        },
        "tail": {
          "x": 0.5016525983810425,
          "y": -0.5108901262283325,
          "z": 0.9218050837516785
        }
      },
      "world_space": {
        "head": {
          "x": 0.48866286873817444,
          "y": -0.4215462803840637,
          "z": 1.8697110414505005
        },
        "tail": {
          "x": 0.5016525983810425,
          "y": -0.4476461410522461,
          "z": 1.8716590404510498
        },
        "rotation_quaternion": {
          "w": 0.08838681876659393,
          "x": 0.9441896677017212,
          "y": 0.21344250440597534,
          "z": -0.23481085896492004
        },
        "matrix": [
          [
            0.7986123561859131,
            0.4445691704750061,
            -0.4056805670261383,
            0.48866286873817444
          ],
          [
            0.361551970243454,
            -0.8932598233222961,
            -0.2671460807323456,
            -0.4215462803840637
          ],
          [
            -0.4811461567878723,
            0.06667101383209229,
            -0.8741093873977661,
            1.8697110414505005
          ],
          [
            0.0,
            0.0,
            0.0,
            1.0
          ]
        ]
      },
      "bone_length_armature_space": 0.029218671344280366,
      "parent": "index_02_l",
      "has_children": false,
      "is_end_bone": true
    },
    "metacarpal_pinky_l": {
      "name": "metacarpal_pinky_l",
      "local": {
        "location": {
          "x": 0.0,
          "y": 0.0,
          "z": 0.0
        },
        "rotation_quaternion": {
          "w": 0.9998629689216614,
          "x": 0.015752898529171944,
          "y": -0.004585133399814367,
          "z": 0.0022124696988612413
        },
        "scale": {
          "x": 1.0,
          "y": 1.0,
          "z": 1.0
        },
        "matrix_basis": [
          [
            0.9999481439590454,
            -0.0045687914825975895,
            -0.009099304676055908,
            0.0
          ],
          [
            0.0042798747308552265,
            0.9994938969612122,
            -0.031521767377853394,
            0.0
          ],
          [
            0.009238716214895248,
            0.031481191515922546,
            0.9994616508483887,
            0.0
          ],
          [
            0.0,
            0.0,
            0.0,
            1.0
          ]
        ],
        "rotation_mode": "QUATERNION"
      },
      "armature_space": {
        "head": {
          "x": 0.44307175278663635,
          "y": -0.36886996030807495,
          "z": 0.8072689771652222
        },
        "tail": {
          "x": 0.5028316378593445,
          "y": -0.4045635461807251,
          "z": 0.8847158551216125
        }
      },
      "world_space": {
        "head": {
          "x": 0.44307175278663635,
          "y": -0.3056259751319885,
          "z": 1.7571229934692383
        },
        "tail": {
          "x": 0.5028316378593445,
          "y": -0.34131956100463867,
          "z": 1.8345699310302734
        },
        "rotation_quaternion": {
          "w": 0.45698967576026917,
          "x": 0.21494922041893005,
          "y": -0.3460802733898163,
          "z": -0.7906869053840637
        },
        "matrix": [
          [
            -0.48991280794143677,
            0.5738927125930786,
            -0.6562260985374451,
            0.44307175278663635
          ],
          [
            -0.8714516162872314,
            -0.34277671575546265,
            0.3508215546607971,
            -0.3056259751319885
          ],
          [
            -0.02360602654516697,
            0.7437463998794556,
            0.6680557131767273,
            1.7571229934692383
          ],
          [
            0.0,
            0.0,
            0.0,
            1.0
          ]
        ]
      },
      "bone_length_armature_space": 0.10413114394036621,
      "parent": "lowerarm_l",
      "has_children": true,
      "is_end_bone": false
    },
    "pinky_01_l": {
      "name": "pinky_01_l",
      "local": {
        "location": {
          "x": 0.0,
          "y": 0.0,
          "z": 0.0
        },
        "rotation_quaternion": {
          "w": 0.9992252588272095,
          "x": 0.03851059079170227,
          "y": 0.007139218971133232,
          "z": 0.0038744646590203047
        },
        "scale": {
          "x": 1.0,
          "y": 1.0,
          "z": 1.0
        },
        "matrix_basis": [
          [
            0.9998680353164673,
            -0.0071930550038814545,
            0.014565791934728622,
            0.0
          ],
          [
            0.008292797021567822,
            0.9970038533210754,
            -0.07690618932247162,
            0.0
          ],
          [
            -0.013968960382044315,
            0.07701683044433594,
            0.9969319105148315,
            0.0
          ],
          [
            0.0,
            0.0,
            0.0,
            1.0
          ]
        ],
        "rotation_mode": "QUATERNION"
      },
      "armature_space": {
        "head": {
          "x": 0.5028316378593445,
          "y": -0.4045635461807251,
