{
  "metadata": {
    "armature_name": "KIM_caucasian_male",
    "export_time": "2026-01-13T21:04:16.153047",
    "blender_version": "4.4.1",
    "bone_count": 56,
    "end_bone_count": 13,
    "spaces_included": [
      "LOCAL_CHANNELS",
      "ARMATURE_SPACE",
      "WORLD_SPACE"
    ],
    "note": "LOCAL matches Transform panel; replay pose via local.matrix_basis for best fidelity."
  },
  "bones": {
    "Root": {
      "name": "Root",
      "local": {
        "location": {
          "x": 0.0,
          "y": 0.0,
          "z": 0.0
        },
        "rotation_quaternion": {
          "w": 0.9997513294219971,
          "x": -0.009600595571100712,
          "y": -0.01518329232931137,
          "z": 0.013219020329415798
        },
        "scale": {
          "x": 1.0,
          "y": 1.0,
          "z": 1.0
        },
        "matrix_basis": [
          [
            0.9991894364356995,
            -0.02613992989063263,
            -0.030612854287028313,
            0.0
          ],
          [
            0.026723003014922142,
            0.9994661808013916,
            0.01879500038921833,
            0.0
          ],
          [
            0.030105212703347206,
            -0.01959783211350441,
            0.9993546009063721,
            0.0
          ],
          [
            0.0,
            0.0,
            0.0,
            1.0
          ]
        ],
        "rotation_mode": "QUATERNION"
      },
      "armature_space": {
        "head": {
          "x": 0.0,
          "y": 0.07072800397872925,
          "z": -0.009595036506652832
        },
        "tail": {
          "x": -0.0018657601904124022,
          "y": 0.00022579729557037354,
          "z": 0.0013810032978653908
        }
      },
      "world_space": {
        "head": {
          "x": 0.0,
          "y": 0.13397200405597687,
          "z": 0.9402589797973633
        },
        "tail": {
          "x": -0.0018657601904124022,
          "y": 0.063469797372818,
          "z": 0.9512349963188171
        },
        "rotation_quaternion": {
          "w": 0.07692968845367432,
          "x": 0.9968332648277283,
          "y": -0.014211856760084629,
          "z": -0.014258262701332569
        },
        "matrix": [
          [
            0.9991894364356995,
            -0.02613992989063263,
            -0.030612854287028313,
            0.0
          ],
          [
            -0.030527476221323013,
            -0.9877596497535706,
            -0.15296733379364014,
            0.13397200405597687
          ],
          [
            -0.026239799335598946,
            0.15377801656723022,
            -0.9877640604972839,
            0.9402589797973633
          ],
          [
            0.0,
            0.0,
            0.0,
            1.0
          ]
        ]
      },
      "bone_length_armature_space": 0.07137587659223896,
      "parent": null,
      "has_children": true,
      "is_end_bone": false
    },
    "spine_01": {
      "name": "spine_01",
      "local": {
        "location": {
          "x": 0.0,
          "y": 0.0,
          "z": 0.0
        },
        "rotation_quaternion": {
          "w": 0.9963923096656799,
          "x": 0.05498115345835686,
          "y": 0.035928335040807724,
          "z": -0.05374591425061226
        },
        "scale": {
          "x": 1.0,
          "y": 1.0,
          "z": 1.0
        },
        "matrix_basis": [
          [
            0.9916410446166992,
            0.11105479300022125,
            0.06568741053342819,
            0.0
          ],
          [
            -0.10315326601266861,
            0.9881768822669983,
            -0.11342760175466537,
            0.0
          ],
          [
            -0.07750745862722397,
            0.10570359230041504,
            0.9913724660873413,
            0.0
          ],
          [
            0.0,
            0.0,
            0.0,
            1.0
          ]
        ],
        "rotation_mode": "QUATERNION"
      },
      "armature_space": {
        "head": {
          "x": -0.0018657601904124022,
          "y": 0.00022579729557037354,
          "z": 0.0013810032978653908
        },
        "tail": {
          "x": 0.06439947336912155,
          "y": -0.02129974775016308,
          "z": 0.4843862056732178
        }
      },
      "world_space": {
        "head": {
          "x": -0.0018657601904124022,
          "y": 0.063469797372818,
          "z": 0.9512349963188171
        },
        "tail": {
          "x": 0.06439947336912155,
          "y": 0.04194425046443939,
          "z": 1.4342402219772339
        },
        "rotation_quaternion": {
          "w": 0.6886401772499084,
          "x": 0.7217012643814087,
          "y": 0.06098993122577667,
          "z": -0.03467412665486336
        },
        "matrix": [
          [
            0.990155816078186,
            0.13578906655311584,
            0.03395242616534233,
            -0.0018657601904124022
          ],
          [
            0.040277909487485886,
            -0.044109612703323364,
            -0.9982144236564636,
            0.063469797372818
          ],
          [
            -0.1340498924255371,
            0.9897622466087341,
            -0.049145959317684174,
            0.9512349963188171
          ],
          [
            0.0,
            0.0,
            0.0,
            1.0
          ]
        ]
      },
      "bone_length_armature_space": 0.4880045648396401,
      "parent": "Root",
      "has_children": true,
      "is_end_bone": false
    },
    "neck_01": {
      "name": "neck_01",
      "local": {
        "location": {
          "x": 0.0,
          "y": 0.0,
          "z": 0.0
        },
        "rotation_quaternion": {
          "w": 0.985725998878479,
          "x": -0.1442420929670334,
          "y": 0.05119488015770912,
          "z": -0.0701264962553978
        },
        "scale": {
          "x": 1.0,
          "y": 1.0,
          "z": 1.0
        },
        "matrix_basis": [
          [
            0.9849227070808411,
            0.1234821081161499,
            0.12115863710641861,
            0.0
          ],
          [
            -0.15301993489265442,
            0.9485529661178589,
            0.2771861255168915,
            0.0
          ],
          [
            -0.08069786429405212,
            -0.2915465831756592,
            0.9531465768814087,
            0.0
          ],
          [
            0.0,
            0.0,
            0.0,
            1.0
          ]
        ],
        "rotation_mode": "QUATERNION"
      },
      "armature_space": {
        "head": {
          "x": 0.07551921904087067,
          "y": -0.059147901833057404,
          "z": 0.5551506280899048
        },
        "tail": {
          "x": 0.10217782855033875,
          "y": -0.07240352779626846,
          "z": 0.6532544493675232
        }
      },
      "world_space": {
        "head": {
          "x": 0.07551921904087067,
          "y": 0.004096098244190216,
          "z": 1.505004644393921
        },
        "tail": {
          "x": 0.10217782855033875,
          "y": -0.009159527719020844,
          "z": 1.6031084060668945
        },
        "rotation_quaternion": {
          "w": 0.6436695456504822,
          "x": 0.7507141828536987,
          "y": 0.1450558602809906,
          "z": -0.03281083703041077
        },
        "matrix": [
          [
            0.9557642340660095,
            0.2600298523902893,
            0.1374744325876236,
            0.07551921904087067
          ],
          [
            0.17555376887321472,
            -0.12929624319076538,
            -0.9759423732757568,
            0.004096098244190216
          ],
          [
            -0.23600071668624878,
            0.9569113254547119,
            -0.16922806203365326,
            1.505004644393921
          ],
          [
            0.0,
            0.0,
            0.0,
            1.0
          ]
        ]
      },
      "bone_length_armature_space": 0.10252196468844874,
      "parent": "spine_01",
      "has_children": true,
      "is_end_bone": false
    },
    "head": {
      "name": "head",
      "local": {
        "location": {
          "x": 0.0,
          "y": 0.0,
          "z": 0.0
        },
        "rotation_quaternion": {
          "w": 0.9941073656082153,
          "x": -0.039130207151174545,
          "y": 0.03476933762431145,
          "z": 0.09492326527833939
        },
        "scale": {
          "x": 1.0,
          "y": 1.0,
          "z": 1.0
        },
        "matrix_basis": [
          [
            0.9795613288879395,
            -0.1914488971233368,
            0.06170017644762993,
            0.0
          ],
          [
            0.18600676953792572,
            0.9789168238639832,
            0.08440009504556656,
            0.0
          ],
          [
            -0.07655764371156693,
            -0.07119841873645782,
            0.994519829750061,
            0.0
          ],
          [
            0.0,
            0.0,
            0.0,
            1.0
          ]
        ],
        "rotation_mode": "QUATERNION"
      },
      "armature_space": {
        "head": {
          "x": 0.10217782855033875,
          "y": -0.0724036693572998,
          "z": 0.6532543897628784
        },
        "tail": {
          "x": 0.10052609443664551,
          "y": -0.03172151371836662,
          "z": 0.802905797958374
        }
      },
      "world_space": {
        "head": {
          "x": 0.10217782855033875,
          "y": -0.009159669280052185,
          "z": 1.6031084060668945
        },
        "tail": {
          "x": 0.10052609443664551,
          "y": 0.031522486358881,
          "z": 1.7527598142623901
        },
        "rotation_quaternion": {
          "w": 0.7861401438713074,
          "x": 0.5999663472175598,
          "y": 0.11462965607643127,
          "z": 0.09425663948059082
        },
        "matrix": [
          [
            0.9559515118598938,
            -0.010650154203176498,
            0.2933313846588135,
            0.10217782855033875
          ],
          [
            0.2857455611228943,
            0.2623128592967987,
            -0.9217057824134827,
            -0.009159669280052185
          ],
          [
            -0.06712847948074341,
            0.9649311304092407,
            0.25380241870880127,
            1.6031084060668945
          ],
          [
            0.0,
            0.0,
            0.0,
            1.0
          ]
        ]
      },
      "bone_length_armature_space": 0.1550912948149518,
      "parent": "neck_01",
      "has_children": false,
      "is_end_bone": true
    },
    "upperarm_l": {
      "name": "upperarm_l",
      "local": {
        "location": {
          "x": 0.0,
          "y": 0.0,
          "z": 0.0
        },
        "rotation_quaternion": {
          "w": 0.9714616537094116,
          "x": 0.06361623108386993,
          "y": -0.17618146538734436,
          "z": -0.14551763236522675
        },
        "scale": {
          "x": 1.0,
          "y": 1.0,
          "z": 1.0
        },
        "matrix_basis": [
          [
            0.8955694437026978,
            0.26031360030174255,
            -0.3608216345310211,
            0.0
          ],
          [
            -0.30514559149742126,
            0.9495551586151123,
            -0.07232643663883209,
            0.0
          ],
          [
            0.3237925171852112,
            0.17487648129463196,
            0.9298261404037476,
            0.0
          ],
          [
            0.0,
            0.0,
            0.0,
            1.0
          ]
        ],
        "rotation_mode": "QUATERNION"
      },
      "armature_space": {
        "head": {
          "x": 0.21502479910850525,
          "y": -0.053325142711400986,
          "z": 0.46836674213409424
        },
        "tail": {
          "x": 0.4577413499355316,
          "y": -0.07482461631298065,
          "z": 0.3568578064441681
        }
      },
      "world_space": {
        "head": {
          "x": 0.21502479910850525,
          "y": 0.009918857365846634,
          "z": 1.4182207584381104
        },
        "tail": {
          "x": 0.4577413499355316,
          "y": -0.011580616235733032,
          "z": 1.3067117929458618
        },
        "rotation_quaternion": {
          "w": 0.4450262188911438,
          "x": 0.3025672435760498,
          "y": 0.511699378490448,
          "z": -0.6697526574134827
        },
        "matrix": [
          [
            -0.42080870270729065,
            0.9057620763778687,
            0.05014974996447563,
            0.21502479910850525
          ],
          [
            -0.28647083044052124,
            -0.08023107051849365,
            -0.9547238945960999,
            0.009918857365846634
          ],
          [
            -0.8607353568077087,
            -0.4161255657672882,
            0.29323747754096985,
            1.4182207584381104
          ],
          [
            0.0,
            0.0,
            0.0,
            1.0
          ]
        ]
      },
      "bone_length_armature_space": 0.2679697617195976,
      "parent": "spine_01",
      "has_children": true,
      "is_end_bone": false
    },
    "lowerarm_l": {
      "name": "lowerarm_l",
      "local": {
        "location": {
          "x": 0.0,
          "y": 0.0,
          "z": 0.0
        },
        "rotation_quaternion": {
          "w": 0.9065700769424438,
          "x": 0.41281217336654663,
          "y": -0.08269595354795456,
          "z": -0.029636988416314125
        },
        "scale": {
          "x": 1.0,
          "y": 1.0,
          "z": 1.0
        },
        "matrix_basis": [
          [
            0.9845660328865051,
            -0.014539779163897038,
            -0.17440837621688843,
            0.0
          ],
          [
            -0.12201180309057236,
            0.657415509223938,
            -0.7435846328735352,
            0.0
          ],
          [
            0.1254703402519226,
            0.7533880472183228,
            0.6454949975013733,
            0.0
          ],
          [
            0.0,
            0.0,
            0.0,
            1.0
          ]
        ],
        "rotation_mode": "QUATERNION"
      },
      "armature_space": {
        "head": {
          "x": 0.45774146914482117,
          "y": -0.07482463866472244,
          "z": 0.35685789585113525
        },
        "tail": {
          "x": 0.6220400929450989,
          "y": -0.28220564126968384,
          "z": 0.39646145701408386
        }
      },
      "world_space": {
        "head": {
          "x": 0.45774146914482117,
          "y": -0.011580638587474823,
          "z": 1.3067119121551514
        },
        "tail": {
          "x": 0.6220400929450989,
          "y": -0.21896164119243622,
          "z": 1.3463155031204224
        },
        "rotation_quaternion": {
          "w": 0.32868990302085876,
          "x": 0.3970249593257904,
          "y": 0.0661059021949768,
          "z": -0.854379415512085
        },
        "matrix": [
          [
            -0.4686677157878876,
            0.6141442656517029,
            -0.6349623203277588,
            0.45774146914482117
          ],
          [
            -0.5091610550880432,
            -0.7751851081848145,
            -0.3739563226699829,
            -0.011580638587474823
          ],
          [
            -0.7218819260597229,
            0.14803718030452728,
            0.6760070323944092,
            1.3067119121551514
          ],
          [
            0.0,
            0.0,
            0.0,
            1.0
          ]
        ]
      },
      "bone_length_armature_space": 0.2675245082957199,
      "parent": "upperarm_l",
      "has_children": true,
      "is_end_bone": false
    },
    "metacarpal_thumb_l": {
      "name": "metacarpal_thumb_l",
      "local": {
        "location": {
          "x": 0.0,
          "y": 0.0,
          "z": 0.0
        },
        "rotation_quaternion": {
          "w": 0.999864399433136,
          "x": -0.010943051427602768,
          "y": 0.00976067129522562,
          "z": 0.007509441114962101
        },
        "scale": {
          "x": 1.0,
          "y": 1.0,
          "z": 1.0
        },
        "matrix_basis": [
          [
            0.999696671962738,
            -0.015230468474328518,
            0.01935434341430664,
            0.0
          ],
          [
            0.014803222380578518,
            0.9996477365493774,
            0.022029729560017586,
            0.0
          ],
          [
            -0.019683048129081726,
            -0.021736539900302887,
            0.9995699524879456,
            0.0
          ],
          [
            0.0,
            0.0,
            0.0,
            1.0
          ]
        ],
        "rotation_mode": "QUATERNION"
      },
      "armature_space": {
        "head": {
          "x": 0.6220400929450989,
          "y": -0.28220564126968384,
          "z": 0.39646145701408386
        },
        "tail": {
          "x": 0.6232335567474365,
          "y": -0.327439546585083,
          "z": 0.41661232709884644
        }
      },
      "world_space": {
        "head": {
          "x": 0.6220400929450989,
          "y": -0.21896164119243622,
          "z": 1.3463155031204224
        },
        "tail": {
          "x": 0.6232335567474365,
          "y": -0.2641955614089966,
          "z": 1.3664662837982178
        },
        "rotation_quaternion": {
          "w": 0.20331890881061554,
          "x": 0.9402409791946411,
          "y": -0.04542972519993782,
          "z": -0.2693406641483307
        },
        "matrix": [
          [
            0.8507835268974304,
            0.02409408614039421,
            -0.5249634981155396,
            0.6220400929450989
          ],
          [
            -0.19495397806167603,
            -0.9131950736045837,
            -0.3578653931617737,
            -0.21896164119243622
          ],
          [
            -0.48802027106285095,
            0.40681177377700806,
            -0.7722398638725281,
            1.3463155031204224
          ],
          [
            0.0,
            0.0,
            0.0,
            1.0
          ]
        ]
      },
      "bone_length_armature_space": 0.04953370650506098,
      "parent": "lowerarm_l",
      "has_children": true,
      "is_end_bone": false
    },
    "thumb_01_l": {
      "name": "thumb_01_l",
      "local": {
        "location": {
          "x": 0.0,
          "y": 0.0,
          "z": 0.0
        },
        "rotation_quaternion": {
          "w": 0.9770575761795044,
          "x": 0.21248957514762878,
          "y": 0.000750856357626617,
          "z": 0.014356468804180622
        },
        "scale": {
          "x": 1.0,
          "y": 1.0,
          "z": 1.0
        },
        "matrix_basis": [
          [
            0.9995866417884827,
            -0.027735095471143723,
            0.007568459492176771,
            0.0
          ],
          [
            0.028373291715979576,
            0.9092841148376465,
            -0.41520753502845764,
            0.0
          ],
          [
            0.004633940290659666,
            0.41525065898895264,
            0.9096952080726624,
            0.0
          ],
          [
            0.0,
            0.0,
            0.0,
            1.0
          ]
        ],
        "rotation_mode": "QUATERNION"
      },
      "armature_space": {
        "head": {
          "x": 0.6232335567474365,
          "y": -0.327439546585083,
          "z": 0.41661232709884644
        },
        "tail": {
          "x": 0.6194644570350647,
          "y": -0.35741791129112244,
          "z": 0.4009368419647217
        }
      },
      "world_space": {
        "head": {
          "x": 0.6232335567474365,
          "y": -0.2641955614089966,
          "z": 1.3664662837982178
        },
        "tail": {
          "x": 0.6194644570350647,
          "y": -0.2941738963127136,
          "z": 1.3507908582687378
        },
        "rotation_quaternion": {
          "w": 0.16558805108070374,
          "x": -0.8059191107749939,
          "y": 0.1795053333044052,
          "z": -0.539307713508606
        },
        "matrix": [
          [
            0.3538501560688019,
            -0.11073002219200134,
            0.9287242889404297,
            0.6232335567474365
          ],
          [
            -0.4679393768310547,
            -0.8807170391082764,
            0.07328179478645325,
            -0.2641955614089966
          ],
          [
            0.8098338842391968,
            -0.4605215787887573,
            -0.3634594678878784,
            1.3664662837982178
          ],
          [
            0.0,
            0.0,
            0.0,
            1.0
          ]
        ]
      },
      "bone_length_armature_space": 0.034038644513899305,
      "parent": "metacarpal_thumb_l",
      "has_children": true,
      "is_end_bone": false
    },
    "thumb_02_l": {
      "name": "thumb_02_l",
      "local": {
        "location": {
          "x": 0.0,
          "y": 0.0,
          "z": 0.0
        },
        "rotation_quaternion": {
          "w": 0.9409445524215698,
          "x": 0.33847761154174805,
          "y": -0.003570796921849251,
          "z": 0.006598456297069788
        },
        "scale": {
          "x": 1.0,
          "y": 1.0,
          "z": 1.0
        },
        "matrix_basis": [
          [
            0.9998874068260193,
            -0.014834832400083542,
            -0.0022529843263328075,
            0.0
          ],
          [
            0.010000293143093586,
            0.7707787156105042,
            -0.637024462223053,
            0.0
          ],
          [
            0.011186703108251095,
            0.6369302272796631,
            0.7708402872085571,
            0.0
          ],
          [
            0.0,
            0.0,
            0.0,
            1.0
          ]
        ],
        "rotation_mode": "QUATERNION"
      },
      "armature_space": {
        "head": {
          "x": 0.6194643974304199,
          "y": -0.35741788148880005,
          "z": 0.4009368419647217
        },
        "tail": {
          "x": 0.6570969223976135,
          "y": -0.36130887269973755,
          "z": 0.4144214689731598
        }
      },
      "world_space": {
        "head": {
          "x": 0.6194643974304199,
          "y": -0.2941738963127136,
          "z": 1.3507908582687378
        },
        "tail": {
          "x": 0.6570969223976135,
          "y": -0.2980648875236511,
          "z": 1.3642754554748535
        },
        "rotation_quaternion": {
          "w": 0.46629640460014343,
          "x": -0.3286537826061249,
          "y": -0.48386842012405396,
          "z": -0.6636458039283752
        },
        "matrix": [
          [
            -0.3491077125072479,
            0.9369619488716125,
            -0.015034079551696777,
            0.6194643974304199
          ],
          [
            -0.30086246132850647,
            -0.09687694907188416,
            0.9487341642379761,
            -0.2941738963127136
          ],
          [
            0.8874773383140564,
            0.33573564887046814,
            0.3157203495502472,
            1.3507908582687378
          ],
          [
            0.0,
            0.0,
            0.0,
            1.0
          ]
        ]
      },
      "bone_length_armature_space": 0.04016443593346759,
      "parent": "thumb_01_l",
      "has_children": true,
      "is_end_bone": false
    },
    "thumb_03_l": {
      "name": "thumb_03_l",
      "local": {
        "location": {
          "x": 0.0,
          "y": 0.0,
          "z": 0.0
        },
        "rotation_quaternion": {
          "w": 0.985912024974823,
          "x": 0.16720612347126007,
          "y": -0.003806967055425048,
          "z": 0.002248260658234358
        },
        "scale": {
          "x": 1.0,
          "y": 1.0,
          "z": 1.0
        },
        "matrix_basis": [
          [
            0.9999608993530273,
            -0.005706270691007376,
            -0.006754823494702578,
            0.0
          ],
          [
            0.003160078078508377,
            0.9440740942955017,
            -0.3297181725502014,
            0.0
          ],
          [
            0.008258515037596226,
            0.32968392968177795,
            0.9440552592277527,
            0.0
          ],
          [
            0.0,
            0.0,
            0.0,
            1.0
          ]
        ],
        "rotation_mode": "QUATERNION"
      },
      "armature_space": {
        "head": {
          "x": 0.6570968627929688,
          "y": -0.3613089621067047,
          "z": 0.4144214689731598
        },
        "tail": {
          "x": 0.6808769106864929,
          "y": -0.3474566340446472,
          "z": 0.4274412989616394
        }
      },
      "world_space": {
        "head": {
          "x": 0.6570968627929688,
          "y": -0.2980649471282959,
          "z": 1.3642754554748535
        },
        "tail": {
          "x": 0.6808769106864929,
          "y": -0.2842126488685608,
          "z": 1.3772952556610107
        },
        "rotation_quaternion": {
          "w": 0.6740091443061829,
          "x": -0.08249455690383911,
          "y": -0.5226964950561523,
          "z": -0.5154558420181274
        },
        "matrix": [
          [
            -0.07781482487916946,
            0.7810852527618408,
            -0.619556725025177,
            0.6570968627929688
          ],
          [
            -0.6086039543151855,
            0.45499661564826965,
            0.6500608921051025,
            -0.2980649471282959
          ],
          [
            0.7896540760993958,
            0.42765235900878906,
            0.4399700462818146,
            1.3642754554748535
          ],
          [
            0.0,
            0.0,
            0.0,
            1.0
          ]
        ]
      },
      "bone_length_armature_space": 0.03044492824034866,
      "parent": "thumb_02_l",
      "has_children": false,
      "is_end_bone": true
    },
    "metacarpal_index_l": {
      "name": "metacarpal_index_l",
      "local": {
        "location": {
          "x": 0.0,
          "y": 0.0,
          "z": 0.0
        },
        "rotation_quaternion": {
          "w": 0.998607873916626,
          "x": 0.051516562700271606,
          "y": 0.008485095575451851,
          "z": -0.007514313794672489
        },
        "scale": {
          "x": 1.0,
          "y": 1.0,
          "z": 1.0
        },
        "matrix_basis": [
          [
            0.9997431039810181,
            0.01588195189833641,
            0.016172343865036964,
            0.0
          ],
          [
            -0.014133459888398647,
            0.9945791363716125,
            -0.10301721096038818,
            0.0
          ],
          [
            -0.017720790579915047,
            0.10276217013597488,
            0.9945480823516846,
            0.0
          ],
          [
            0.0,
            0.0,
            0.0,
            1.0
          ]
        ],
        "rotation_mode": "QUATERNION"
      },
      "armature_space": {
        "head": {
          "x": 0.6220400929450989,
          "y": -0.28220564126968384,
          "z": 0.39646145701408386
        },
        "tail": {
          "x": 0.6550861597061157,
          "y": -0.3901205360889435,
          "z": 0.4279504716396332
        }
      },
      "world_space": {
        "head": {
          "x": 0.6220400929450989,
          "y": -0.21896164119243622,
          "z": 1.3463155031204224
        },
        "tail": {
          "x": 0.6550861597061157,
          "y": -0.32687652111053467,
          "z": 1.3778045177459717
        },
        "rotation_quaternion": {
          "w": 0.19478483498096466,
          "x": 0.8036031723022461,
          "y": 0.03949923813343048,
          "z": -0.5609996914863586
        },
        "matrix": [
          [
            0.36743858456611633,
            0.2820311188697815,
            -0.8862544298171997,
            0.6220400929450989
          ],
          [
            -0.15506507456302643,
            -0.920997679233551,
            -0.3573770225048065,
            -0.21896164119243622
          ],
          [
            -0.9170364141464233,
            0.26874232292175293,
            -0.29467928409576416,
            1.3463155031204224
          ],
          [
            0.0,
            0.0,
            0.0,
            1.0
          ]
        ]
      },
      "bone_length_armature_space": 0.11717177573646978,
      "parent": "lowerarm_l",
      "has_children": true,
      "is_end_bone": false
    },
    "index_01_l": {
      "name": "index_01_l",
      "local": {
        "location": {
          "x": 0.0,
          "y": 0.0,
          "z": 0.0
        },
        "rotation_quaternion": {
          "w": 0.9729193449020386,
          "x": 0.23088932037353516,
          "y": -0.010722280479967594,
          "z": 0.001766762463375926
        },
        "scale": {
          "x": 1.0,
          "y": 1.0,
          "z": 1.0
        },
        "matrix_basis": [
          [
            0.9997638463973999,
            -0.008389154449105263,
            -0.020047975704073906,
            0.0
          ],
          [
            -0.0015134853310883045,
            0.8933740258216858,
            -0.4493112564086914,
            0.0
          ],
          [
            0.021679680794477463,
            0.4492354989051819,
            0.8931503295898438,
            0.0
          ],
          [
            0.0,
            0.0,
            0.0,
            1.0
          ]
        ],
        "rotation_mode": "QUATERNION"
      },
      "armature_space": {
        "head": {
          "x": 0.6550861597061157,
          "y": -0.3901205360889435,
          "z": 0.4279504716396332
        },
        "tail": {
          "x": 0.6573797464370728,
          "y": -0.4181949496269226,
          "z": 0.42351916432380676
        }
      },
      "world_space": {
        "head": {
          "x": 0.6550861597061157,
          "y": -0.32687652111053467,
          "z": 1.3778045177459717
        },
        "tail": {
          "x": 0.6573797464370728,
          "y": -0.3549509644508362,
          "z": 1.3733731508255005
        },
        "rotation_quaternion": {
          "w": 0.0366864837706089,
          "x": -0.7855421304702759,
          "y": -0.07980415970087051,
          "z": 0.6125431060791016
        },
        "matrix": [
          [
            0.2368444800376892,
            0.08043617010116577,
            -0.9682118892669678,
            0.6550861597061157
          ],
          [
            0.17032302916049957,
            -0.9845709204673767,
            -0.040130794048309326,
            -0.32687652111053467
          ],
          [
            -0.9565079808235168,
            -0.15540596842765808,
            -0.2468920797109604,
            1.3778045177459717
          ],
          [
            0.0,
            0.0,
            0.0,
            1.0
          ]
        ]
      },
      "bone_length_armature_space": 0.02851437764410174,
      "parent": "metacarpal_index_l",
      "has_children": true,
      "is_end_bone": false
    },
    "index_02_l": {
      "name": "index_02_l",
      "local": {
        "location": {
          "x": 0.0,
          "y": 0.0,
          "z": 0.0
        },
        "rotation_quaternion": {
          "w": 0.9247663021087646,
          "x": 0.38042935729026794,
          "y": 0.00788208656013012,
          "z": 0.004336243961006403
        },
        "scale": {
          "x": 1.0,
          "y": 1.0,
          "z": 1.0
        },
        "matrix_basis": [
          [
            0.99983811378479,
            -0.0020228703506290913,
            0.017877444624900818,
            0.0
          ],
          [
            0.014017178677022457,
            0.7105094194412231,
            -0.7035481333732605,
            0.0
          ],
          [
            -0.011278906837105751,
            0.7036848664283752,
            0.7104227542877197,
            0.0
          ],
          [
            0.0,
            0.0,
            0.0,
            1.0
          ]
        ],
        "rotation_mode": "QUATERNION"
      },
      "armature_space": {
        "head": {
          "x": 0.6573794484138489,
          "y": -0.41819536685943604,
          "z": 0.4235192537307739
        },
        "tail": {
          "x": 0.6419255137443542,
          "y": -0.4375809133052826,
          "z": 0.4169262945652008
        }
      },
      "world_space": {
        "head": {
          "x": 0.6573794484138489,
          "y": -0.3549513816833496,
          "z": 1.37337327003479
        },
        "tail": {
          "x": 0.6419255137443542,
          "y": -0.3743368983268738,
          "z": 1.3667802810668945
        },
        "rotation_quaternion": {
          "w": 0.31587904691696167,
          "x": -0.7011502981185913,
          "y": 0.14961013197898865,
          "z": 0.6214705109596252
        },
        "matrix": [
          [
            0.18278314173221588,
            -0.6024158596992493,
            -0.7769717574119568,
            0.6573794484138489
          ],
          [
            0.18281956017017365,
            -0.7556759715080261,
            0.6289127469062805,
            -0.3549513816833496
          ],
          [
            -0.9660125374794006,
            -0.2570027709007263,
            -0.02799108624458313,
            1.37337327003479
          ],
          [
            0.0,
            0.0,
            0.0,
            1.0
          ]
        ]
      },
      "bone_length_armature_space": 0.02565327668548427,
      "parent": "index_01_l",
      "has_children": true,
      "is_end_bone": false
    },
    "index_03_l": {
      "name": "index_03_l",
      "local": {
        "location": {
          "x": 0.0,
          "y": 0.0,
          "z": 0.0
        },
        "rotation_quaternion": {
          "w": 0.9715207815170288,
          "x": 0.23691360652446747,
          "y": -0.0008652805699966848,
          "z": -0.0043218135833740234
        },
        "scale": {
          "x": 1.0,
          "y": 1.0,
          "z": 1.0
        },
        "matrix_basis": [
          [
            0.9999611377716064,
            0.007987470366060734,
            -0.0037290689069777727,
            0.0
          ],
          [
            -0.00880745705217123,
            0.8877065181732178,
            -0.4603255093097687,
            0.0
          ],
          [
            -0.00036651676055043936,
            0.4603404700756073,
            0.8877424001693726,
            0.0
          ],
          [
            0.0,
            0.0,
            0.0,
            1.0
          ]
        ],
        "rotation_mode": "QUATERNION"
      },
      "armature_space": {
        "head": {
          "x": 0.6419256329536438,
          "y": -0.43758100271224976,
          "z": 0.4169263243675232
        },
        "tail": {
          "x": 0.6156978607177734,
          "y": -0.44558534026145935,
          "z": 0.4068382978439331
        }
      },
      "world_space": {
        "head": {
          "x": 0.6419256329536438,
          "y": -0.37433701753616333,
          "z": 1.3667802810668945
        },
        "tail": {
          "x": 0.6156978607177734,
          "y": -0.38234132528305054,
          "z": 1.3566923141479492
        },
        "rotation_quaternion": {
          "w": 0.5301780104637146,
          "x": -0.6060089468955994,
          "y": 0.2862485647201538,
          "z": 0.5193516612052917
        },
        "matrix": [
          [
            0.2966693043708801,
            -0.8976362943649292,
            -0.3259388506412506,
            0.6419256329536438
          ],
          [
            0.2037617713212967,
            -0.27394619584083557,
            0.9399121999740601,
            -0.37433701753616333
          ],
          [
            -0.9329954385757446,
            -0.3452596962451935,
            0.10163409262895584,
            1.3667802810668945
          ],
          [
            0.0,
            0.0,
            0.0,
            1.0
          ]
        ]
      },
      "bone_length_armature_space": 0.029218722451166437,
      "parent": "index_02_l",
      "has_children": false,
      "is_end_bone": true
    },
    "metacarpal_pinky_l": {
      "name": "metacarpal_pinky_l",
      "local": {
        "location": {
          "x": 0.0,
          "y": 0.0,
          "z": 0.0
        },
        "rotation_quaternion": {
          "w": 0.9993182420730591,
          "x": 0.03654572367668152,
          "y": 0.004684120882302523,
          "z": -0.0023713763803243637
        },
        "scale": {
          "x": 1.0,
          "y": 1.0,
          "z": 1.0
        },
        "matrix_basis": [
          [
            0.9999448657035828,
            0.0050818887539207935,
            0.00918852724134922,
            0.0
          ],
          [
            -0.004397150129079819,
            0.9973175525665283,
            -0.07306383550167084,
            0.0
          ],
          [
            -0.009535182267427444,
            0.07301940023899078,
            0.9972849488258362,
            0.0
          ],
          [
            0.0,
            0.0,
            0.0,
            1.0
          ]
        ],
        "rotation_mode": "QUATERNION"
      },
      "armature_space": {
        "head": {
          "x": 0.6220400929450989,
          "y": -0.28220564126968384,
          "z": 0.39646145701408386
        },
        "tail": {
          "x": 0.7049014568328857,
          "y": -0.34527063369750977,
          "z": 0.3963291347026825
        }
      },
      "world_space": {
        "head": {
          "x": 0.6220400929450989,
          "y": -0.21896164119243622,
          "z": 1.3463155031204224
        },
        "tail": {
          "x": 0.7049014568328857,
          "y": -0.28202664852142334,
          "z": 1.346183180809021
        },
        "rotation_quaternion": {
          "w": 0.43144986033439636,
          "x": -0.2133471965789795,
          "y": -0.10504461079835892,
          "z": -0.8702297210693359
        },
        "matrix": [
          [
            -0.5366675853729248,
            0.7957432866096497,
            0.2806780934333801,
            0.6220400929450989
          ],
          [
            -0.7060990333557129,
            -0.6056326031684875,
            0.3669244050979614,
            -0.21896164119243622
          ],
          [
            0.46196818351745605,
            -0.0012706592679023743,
            0.8869035243988037,
            1.3463155031204224
          ],
          [
            0.0,
            0.0,
            0.0,
            1.0
          ]
        ]
      },
      "bone_length_armature_space": 0.1041307674095326,
      "parent": "lowerarm_l",
      "has_children": true,
      "is_end_bone": false
    },
    "pinky_01_l": {
      "name": "pinky_01_l",
      "local": {
        "location": {
          "x": 0.0,
          "y": 0.0,
          "z": 0.0
        },
        "rotation_quaternion": {
          "w": 0.9423796534538269,
          "x": 0.33416515588760376,
          "y": 0.014158053323626518,
          "z": -0.007329640910029411
        },
        "scale": {
          "x": 1.0,
          "y": 1.0,
          "z": 1.0
        },
        "matrix_basis": [
          [
            0.9994916319847107,
            0.023276865482330322,
            0.021785901859402657,
            0.0
          ],
          [
            -0.00435235258191824,
            0.7765598297119141,
            -0.6300284266471863,
            0.0
          ],
          [
            -0.03158314526081085,
            0.6296133399009705,
            0.7762663960456848,
            0.0
          ],
          [
            0.0,
            0.0,
            0.0,
            1.0
          ]
        ],
        "rotation_mode": "QUATERNION"
      },
      "armature_space": {
        "head": {
          "x": 0.7049014568328857,
          "y": -0.34527063369750977,
          "z": 0.3963291347026825
        },
        "tail": {
