{
  "metadata": {
    "armature_name": "KIM_caucasian_male",
    "export_time": "2026-01-13T19:11:04.517558",
    "blender_version": "4.4.1",
    "bone_count": 56,
    "end_bone_count": 13,
    "spaces_included": [
      "LOCAL_CHANNELS",
      "ARMATURE_SPACE",
      "WORLD_SPACE"
    ],
    "note": "LOCAL matches Transform panel; replay pose via local.matrix_basis for best fidelity."
  },
  "bones": {
    "Root": {
      "name": "Root",
      "local": {
        "location": {
          "x": 0.0,
          "y": 0.0,
          "z": 0.0
        },
        "rotation_quaternion": {
          "w": 0.9999376535415649,
          "x": 0.002302662469446659,
          "y": -0.010685342364013195,
          "z": -0.0023077409714460373
        },
        "scale": {
          "x": 1.0,
          "y": 1.0,
          "z": 1.0
        },
        "matrix_basis": [
          [
            0.9997609853744507,
            0.004565984942018986,
            -0.021379979327321053,
            0.0
          ],
          [
            -0.004664403852075338,
            0.9999787211418152,
            -0.004555719904601574,
            0.0
          ],
          [
            0.021358724683523178,
            0.004654355812817812,
            0.9997610449790955,
            0.0
          ],
          [
            0.0,
            0.0,
            0.0,
            1.0
          ]
        ],
        "rotation_mode": "QUATERNION"
      },
      "armature_space": {
        "head": {
          "x": 0.0,
          "y": 0.07072800397872925,
          "z": -0.009595036506652832
        },
        "tail": {
          "x": 0.0003259011427871883,
          "y": -4.315376281738281e-05,
          "z": -0.0003294004127383232
        }
      },
      "world_space": {
        "head": {
          "x": 0.0,
          "y": 0.13397200405597687,
          "z": 0.9402589797973633
        },
        "tail": {
          "x": 0.0003259011427871883,
          "y": 0.06320084631443024,
          "z": 0.9495246410369873
        },
        "rotation_quaternion": {
          "w": 0.06506603211164474,
          "x": 0.9978210926055908,
          "y": 0.0015826496528461576,
          "z": -0.010816536843776703
        },
        "matrix": [
          [
            0.9997609853744507,
            0.004565984942018986,
            -0.021379979327321053,
            0.0
          ],
          [
            0.0017508191522210836,
            -0.9915277361869812,
            -0.12988319993019104,
            0.13397200405597687
          ],
          [
            -0.021792041137814522,
            0.12981468439102173,
            -0.9913058280944824,
            0.9402589797973633
          ],
          [
            0.0,
            0.0,
            0.0,
            1.0
          ]
        ]
      },
      "bone_length_armature_space": 0.07137587201510565,
      "parent": null,
      "has_children": true,
      "is_end_bone": false
    },
    "spine_01": {
      "name": "spine_01",
      "local": {
        "location": {
          "x": 0.0,
          "y": 0.0,
          "z": 0.0
        },
        "rotation_quaternion": {
          "w": 0.9989062547683716,
          "x": 0.03494733199477196,
          "y": -0.012891225516796112,
          "z": 0.028265876695513725
        },
        "scale": {
          "x": 1.0,
          "y": 1.0,
          "z": 1.0
        },
        "matrix_basis": [
          [
            0.998069703578949,
            -0.057370949536561966,
            -0.02377861738204956,
            0.0
          ],
          [
            0.055568892508745193,
            0.995959460735321,
            -0.07054697722196579,
            0.0
          ],
          [
            0.027729885652661324,
            0.06908944994211197,
            0.9972249865531921,
            0.0
          ],
          [
            0.0,
            0.0,
            0.0,
            1.0
          ]
        ],
        "rotation_mode": "QUATERNION"
      },
      "armature_space": {
        "head": {
          "x": 0.0003259011427871883,
          "y": -4.315376281738281e-05,
          "z": -0.0003294004127383232
        },
        "tail": {
          "x": -0.01702832616865635,
          "y": -0.013288796879351139,
          "z": 0.48718664050102234
        }
      },
      "world_space": {
        "head": {
          "x": 0.0003259011427871883,
          "y": 0.06320084631443024,
          "z": 0.9495246410369873
        },
        "tail": {
          "x": -0.01702832616865635,
          "y": 0.049955204129219055,
          "z": 1.4370406866073608
        },
        "rotation_quaternion": {
          "w": 0.6971386075019836,
          "x": 0.7166262865066528,
          "y": -0.020644230768084526,
          "z": 0.004284255672246218
        },
        "matrix": [
          [
            0.9991109371185303,
            -0.035561852157115936,
            -0.02264360710978508,
            0.0003259011427871883
          ],
          [
            -0.023615188896656036,
            -0.027142643928527832,
            -0.9993525743484497,
            0.06320084631443024
          ],
          [
            0.034924447536468506,
            0.9990057945251465,
            -0.027959436178207397,
            0.9495246410369873
          ],
          [
            0.0,
            0.0,
            0.0,
            1.0
          ]
        ]
      },
      "bone_length_armature_space": 0.4880046240307872,
      "parent": "Root",
      "has_children": true,
      "is_end_bone": false
    },
    "neck_01": {
      "name": "neck_01",
      "local": {
        "location": {
          "x": 0.0,
          "y": 0.0,
          "z": 0.0
        },
        "rotation_quaternion": {
          "w": 0.9904416799545288,
          "x": -0.1379297524690628,
          "y": 0.0006489622755907476,
          "z": 0.0006585234659723938
        },
        "scale": {
          "x": 1.0,
          "y": 1.0,
          "z": 1.0
        },
        "matrix_basis": [
          [
            0.9999982714653015,
            -0.0014834805624559522,
            0.0011038585798814893,
            0.0
          ],
          [
            0.0011254358105361462,
            0.96194988489151,
            0.2732236087322235,
            0.0
          ],
          [
            -0.001467178575694561,
            -0.2732219099998474,
            0.9619499444961548,
            0.0
          ],
          [
            0.0,
            0.0,
            0.0,
            1.0
          ]
        ],
        "rotation_mode": "QUATERNION"
      },
      "armature_space": {
        "head": {
          "x": -0.02041740156710148,
          "y": -0.04993412643671036,
          "z": 0.5593627095222473
        },
        "tail": {
          "x": -0.024404821917414665,
          "y": -0.06424394249916077,
          "z": 0.6608028411865234
        }
      },
      "world_space": {
        "head": {
          "x": -0.02041740156710148,
          "y": 0.013309873640537262,
          "z": 1.5092167854309082
        },
        "tail": {
          "x": -0.024404821917414665,
          "y": -0.000999942421913147,
          "z": 1.6106568574905396
        },
        "rotation_quaternion": {
          "w": 0.6555699706077576,
          "x": 0.7548238039016724,
          "y": -0.02093750424683094,
          "z": 0.005556456744670868
        },
        "matrix": [
          [
            0.9990614652633667,
            -0.03889356553554535,
            -0.019063949584960938,
            -0.02041740156710148
          ],
          [
            -0.02432318590581417,
            -0.13957887887954712,
            -0.9899122714996338,
            0.013309873640537262
          ],
          [
            0.03584052249789238,
            0.9894536137580872,
            -0.1403959095478058,
            1.5092167854309082
          ],
          [
            0.0,
            0.0,
            0.0,
            1.0
          ]
        ]
      },
      "bone_length_armature_space": 0.10252204933757625,
      "parent": "spine_01",
      "has_children": true,
      "is_end_bone": false
    },
    "head": {
      "name": "head",
      "local": {
        "location": {
          "x": 0.0,
          "y": 0.0,
          "z": 0.0
        },
        "rotation_quaternion": {
          "w": 0.9891692399978638,
          "x": 0.060490649193525314,
          "y": 0.12446007132530212,
          "z": 0.048936791718006134
        },
        "scale": {
          "x": 1.0,
          "y": 1.0,
          "z": 1.0
        },
        "matrix_basis": [
          [
            0.9642297625541687,
            -0.08175619691610336,
            0.25214457511901855,
            0.0
          ],
          [
            0.11187087744474411,
            0.9878921508789062,
            -0.10748962312936783,
            0.0
          ],
          [
            -0.24030371010303497,
            0.13185232877731323,
            0.9617011547088623,
            0.0
          ],
          [
            0.0,
            0.0,
            0.0,
            1.0
          ]
        ],
        "rotation_mode": "QUATERNION"
      },
      "armature_space": {
        "head": {
          "x": -0.024404821917414665,
          "y": -0.06424408406019211,
          "z": 0.6608027219772339
        },
        "tail": {
          "x": -0.042380113154649734,
          "y": -0.04891323670744896,
          "z": 0.8140840530395508
        }
      },
      "world_space": {
        "head": {
          "x": -0.024404821917414665,
          "y": -0.0010000839829444885,
          "z": 1.61065673828125
        },
        "tail": {
          "x": -0.042380113154649734,
          "y": 0.01433076336979866,
          "z": 1.763938069343567
        },
        "rotation_quaternion": {
          "w": 0.7399019598960876,
          "x": 0.6608015894889832,
          "y": 0.044388968497514725,
          "z": 0.11796611547470093
        },
        "matrix": [
          [
            0.9682270884513855,
            -0.11590216308832169,
            0.22159205377101898,
            -0.024404821917414665
          ],
          [
            0.23323211073875427,
            0.09885115921497345,
            -0.9673838019371033,
            -0.0010000839829444885
          ],
          [
            0.09021812677383423,
            0.9883366227149963,
            0.12274231016635895,
            1.61065673828125
          ],
          [
            0.0,
            0.0,
            0.0,
            1.0
          ]
        ]
      },
      "bone_length_armature_space": 0.15509130090278006,
      "parent": "neck_01",
      "has_children": false,
      "is_end_bone": true
    },
    "upperarm_l": {
      "name": "upperarm_l",
      "local": {
        "location": {
          "x": 0.0,
          "y": 0.0,
          "z": 0.0
        },
        "rotation_quaternion": {
          "w": 0.8753632307052612,
          "x": 0.2735649645328522,
          "y": 0.30155831575393677,
          "z": 0.260699063539505
        },
        "scale": {
          "x": 1.0,
          "y": 1.0,
          "z": 1.0
        },
        "matrix_basis": [
          [
            0.6821971535682678,
            -0.29142117500305176,
            0.6705823540687561,
            0.0
          ],
          [
            0.6214043498039246,
            0.7143964171409607,
            -0.32170549035072327,
            0.0
          ],
          [
            -0.3853098750114441,
            0.6361693739891052,
            0.6684495806694031,
            0.0
          ],
          [
            0.0,
            0.0,
            0.0,
            1.0
          ]
        ],
        "rotation_mode": "QUATERNION"
      },
      "armature_space": {
        "head": {
          "x": 0.13176706433296204,
          "y": -0.054839275777339935,
          "z": 0.49737122654914856
        },
        "tail": {
          "x": 0.32499557733535767,
          "y": -0.22600454092025757,
          "z": 0.5692938566207886
        }
      },
      "world_space": {
        "head": {
          "x": 0.13176706433296204,
          "y": 0.008404724299907684,
          "z": 1.4472252130508423
        },
        "tail": {
          "x": 0.32499557733535767,
          "y": -0.16276054084300995,
          "z": 1.5191478729248047
        },
        "rotation_quaternion": {
          "w": 0.2629479765892029,
          "x": 0.8618351221084595,
          "y": 0.3338911533355713,
          "z": -0.2767948806285858
        },
        "matrix": [
          [
            0.6238024234771729,
            0.7210841178894043,
            -0.3015098571777344,
            0.13176706433296204
          ],
          [
            0.42995354533195496,
            -0.6387491822242737,
            -0.6380748748779297,
            0.008404724299907684
          ],
          [
            -0.6526990532875061,
            0.2683986723423004,
            -0.7084915041923523,
            1.4472252130508423
          ],
          [
            0.0,
            0.0,
            0.0,
            1.0
          ]
        ]
      },
      "bone_length_armature_space": 0.2679695291341015,
      "parent": "spine_01",
      "has_children": true,
      "is_end_bone": false
    },
    "lowerarm_l": {
      "name": "lowerarm_l",
      "local": {
        "location": {
          "x": 0.0,
          "y": 0.0,
          "z": 0.0
        },
        "rotation_quaternion": {
          "w": 0.9348415732383728,
          "x": 0.35152339935302734,
          "y": 0.008798021823167801,
          "z": 0.04924542084336281
        },
        "scale": {
          "x": 1.0,
          "y": 1.0,
          "z": 1.0
        },
        "matrix_basis": [
          [
            0.9949949383735657,
            -0.08588790893554688,
            0.051071349531412125,
            0.0
          ],
          [
            0.09825875610113144,
            0.748012363910675,
            -0.6563708782196045,
            0.0
          ],
          [
            0.01817232184112072,
            0.658103883266449,
            0.7527077794075012,
            0.0
          ],
          [
            0.0,
            0.0,
            0.0,
            1.0
          ]
        ],
        "rotation_mode": "QUATERNION"
      },
      "armature_space": {
        "head": {
          "x": 0.3249955177307129,
          "y": -0.2260046750307083,
          "z": 0.5692939162254333
        },
        "tail": {
          "x": 0.3551267087459564,
          "y": -0.48710906505584717,
          "z": 0.5194340348243713
        }
      },
      "world_space": {
        "head": {
          "x": 0.3249955177307129,
          "y": -0.1627606749534607,
          "z": 1.5191478729248047
        },
        "tail": {
          "x": 0.3551267087459564,
          "y": -0.42386507987976074,
          "z": 1.4692881107330322
        },
        "rotation_quaternion": {
          "w": 0.06295426934957504,
          "x": -0.9096280932426453,
          "y": -0.08964275568723679,
          "z": 0.40072140097618103
        },
        "matrix": [
          [
            0.6627728939056396,
            0.11262965202331543,
            -0.7403014898300171,
            0.3249955177307129
          ],
          [
            0.21353742480278015,
            -0.9760018587112427,
            0.042685121297836304,
            -0.1627606749534607
          ],
          [
            -0.7177330851554871,
            -0.1863749623298645,
            -0.6709229946136475,
            1.5191478729248047
          ],
          [
            0.0,
            0.0,
            0.0,
            1.0
          ]
        ]
      },
      "bone_length_armature_space": 0.2675245895613885,
      "parent": "upperarm_l",
      "has_children": true,
      "is_end_bone": false
    },
    "metacarpal_thumb_l": {
      "name": "metacarpal_thumb_l",
      "local": {
        "location": {
          "x": 0.0,
          "y": 0.0,
          "z": 0.0
        },
        "rotation_quaternion": {
          "w": 0.9980239868164062,
          "x": -0.060734823346138,
          "y": 0.006261492148041725,
          "z": -0.014838426373898983
        },
        "scale": {
          "x": 1.0,
          "y": 1.0,
          "z": 1.0
        },
        "matrix_basis": [
          [
            0.999481201171875,
            0.028857629746198654,
            0.01430065743625164,
            0.0
          ],
          [
            -0.0303787924349308,
            0.992182195186615,
            0.12104380130767822,
            0.0
          ],
          [
            -0.010695820674300194,
            -0.12141544371843338,
            0.9925441741943359,
            0.0
          ],
          [
            0.0,
            0.0,
            0.0,
            1.0
          ]
        ],
        "rotation_mode": "QUATERNION"
      },
      "armature_space": {
        "head": {
          "x": 0.3551267087459564,
          "y": -0.48710906505584717,
          "z": 0.5194340348243713
        },
        "tail": {
          "x": 0.34103885293006897,
          "y": -0.5249565243721008,
          "z": 0.49075132608413696
        }
      },
      "world_space": {
        "head": {
          "x": 0.3551267087459564,
          "y": -0.42386507987976074,
          "z": 1.4692881107330322
        },
        "tail": {
          "x": 0.34103885293006897,
          "y": -0.4617125391960144,
          "z": 1.4406054019927979
        },
        "rotation_quaternion": {
          "w": 0.2448851466178894,
          "x": -0.8913525342941284,
          "y": 0.24081839621067047,
          "z": -0.295852392911911
        },
        "matrix": [
          [
            0.7089552283287048,
            -0.28440943360328674,
            0.6453630328178406,
            0.3551267087459564
          ],
          [
            -0.5742079019546509,
            -0.764075756072998,
            0.29406318068504333,
            -0.42386507987976074
          ],
          [
            0.40947434306144714,
            -0.5790550708770752,
            -0.7050105929374695,
            1.4692881107330322
          ],
          [
            0.0,
            0.0,
            0.0,
            1.0
          ]
        ]
      },
      "bone_length_armature_space": 0.04953378318221774,
      "parent": "lowerarm_l",
      "has_children": true,
      "is_end_bone": false
    },
    "thumb_01_l": {
      "name": "thumb_01_l",
      "local": {
        "location": {
          "x": 0.0,
          "y": 0.0,
          "z": 0.0
        },
        "rotation_quaternion": {
          "w": 0.9996579885482788,
          "x": -0.019737811759114265,
          "y": -0.016131775453686714,
          "z": 0.005850133951753378
        },
        "scale": {
          "x": 1.0,
          "y": 1.0,
          "z": 1.0
        },
        "matrix_basis": [
          [
            0.9994111061096191,
            -0.011059454642236233,
            -0.032483454793691635,
            0.0
          ],
          [
            0.012333078309893608,
            0.9991523623466492,
            0.039273377507925034,
            0.0
          ],
          [
            0.03202157840132713,
            -0.039650868624448776,
            0.9987003803253174,
            0.0
          ],
          [
            0.0,
            0.0,
            0.0,
            1.0
          ]
        ],
        "rotation_mode": "QUATERNION"
      },
      "armature_space": {
        "head": {
          "x": 0.34103885293006897,
          "y": -0.5249565243721008,
          "z": 0.49075132608413696
        },
        "tail": {
          "x": 0.34725451469421387,
          "y": -0.5312244892120361,
          "z": 0.4578770399093628
        }
      },
      "world_space": {
        "head": {
          "x": 0.34103885293006897,
          "y": -0.4617125391960144,
          "z": 1.4406054019927979
        },
        "tail": {
          "x": 0.34725451469421387,
          "y": -0.4679805040359497,
          "z": 1.407731056213379
        },
        "rotation_quaternion": {
          "w": 0.3372522294521332,
          "x": -0.27783042192459106,
          "y": 0.5423926115036011,
          "z": -0.7175523638725281
        },
        "matrix": [
          [
            -0.6181417107582092,
            0.18260632455348969,
            0.7645623683929443,
            0.34103885293006897
          ],
          [
            -0.7853791117668152,
            -0.18414221704006195,
            -0.5909916162490845,
            -0.4617125391960144
          ],
          [
            0.03286901116371155,
            -0.9657950401306152,
            0.25724244117736816,
            1.4406054019927979
          ],
          [
            0.0,
            0.0,
            0.0,
            1.0
          ]
        ]
      },
      "bone_length_armature_space": 0.03403880934593979,
      "parent": "metacarpal_thumb_l",
      "has_children": true,
      "is_end_bone": false
    },
    "thumb_02_l": {
      "name": "thumb_02_l",
      "local": {
        "location": {
          "x": 0.0,
          "y": 0.0,
          "z": 0.0
        },
        "rotation_quaternion": {
          "w": 0.9957271814346313,
          "x": 0.09211413562297821,
          "y": -0.006475824862718582,
          "z": -0.0007437387248501182
        },
        "scale": {
          "x": 1.0,
          "y": 1.0,
          "z": 1.0
        },
        "matrix_basis": [
          [
            0.9999150037765503,
            0.0002880917163565755,
            -0.013033327646553516,
            0.0
          ],
          [
            -0.0026741516776382923,
            0.9830288887023926,
            -0.1834314614534378,
            0.0
          ],
          [
            0.01275929156690836,
            0.18345072865486145,
            0.9829460978507996,
            0.0
          ],
          [
            0.0,
            0.0,
            0.0,
            1.0
          ]
        ],
        "rotation_mode": "QUATERNION"
      },
      "armature_space": {
        "head": {
          "x": 0.34725451469421387,
          "y": -0.5312244296073914,
          "z": 0.4578770399093628
        },
        "tail": {
          "x": 0.35351112484931946,
          "y": -0.570618748664856,
          "z": 0.4531734883785248
        }
      },
      "world_space": {
        "head": {
          "x": 0.34725451469421387,
          "y": -0.46798044443130493,
          "z": 1.407731056213379
        },
        "tail": {
          "x": 0.35351112484931946,
          "y": -0.5073747634887695,
          "z": 1.4030275344848633
        },
        "rotation_quaternion": {
          "w": 0.07730761915445328,
          "x": 0.01599777117371559,
          "y": 0.0600862018764019,
          "z": -0.9950664639472961
        },
        "matrix": [
          [
            -0.9875351190567017,
            0.15577484667301178,
            -0.022547375410795212,
            0.34725451469421387
          ],
          [
            -0.15193000435829163,
            -0.9808263182640076,
            -0.12205258011817932,
            -0.46798044443130493
          ],
          [
            -0.04112815111875534,
            -0.11710730195045471,
            0.992274284362793,
            1.407731056213379
          ],
          [
            0.0,
            0.0,
            0.0,
            1.0
          ]
        ]
      },
      "bone_length_armature_space": 0.040164424158440674,
      "parent": "thumb_01_l",
      "has_children": true,
      "is_end_bone": false
    },
    "thumb_03_l": {
      "name": "thumb_03_l",
      "local": {
        "location": {
          "x": 0.0,
          "y": 0.0,
          "z": 0.0
        },
        "rotation_quaternion": {
          "w": 0.9970861673355103,
          "x": 0.07570182532072067,
          "y": -0.0031946992967277765,
          "z": -0.008857284672558308
        },
        "scale": {
          "x": 1.0,
          "y": 1.0,
          "z": 1.0
        },
        "matrix_basis": [
          [
            0.9998226761817932,
            0.01717926375567913,
            -0.007711806334555149,
            0.0
          ],
          [
            -0.018146641552448273,
            0.988381564617157,
            -0.15090589225292206,
            0.0
          ],
          [
            0.005029755644500256,
            0.15101908147335052,
            0.9885180592536926,
            0.0
          ],
          [
            0.0,
            0.0,
            0.0,
            1.0
          ]
        ],
        "rotation_mode": "QUATERNION"
      },
      "armature_space": {
        "head": {
          "x": 0.3535110652446747,
          "y": -0.5706186890602112,
          "z": 0.45317342877388
        },
        "tail": {
          "x": 0.3601348400115967,
          "y": -0.5989781022071838,
          "z": 0.462048202753067
        }
      },
      "world_space": {
        "head": {
          "x": 0.3535110652446747,
          "y": -0.5073747038841248,
          "z": 1.4030274152755737
        },
        "tail": {
          "x": 0.3601348400115967,
          "y": -0.5357341170310974,
          "z": 1.4119021892547607
        },
        "rotation_quaternion": {
          "w": 0.14177273213863373,
          "x": 0.22548949718475342,
          "y": -0.11895638704299927,
          "z": -0.9565063714981079
        },
        "matrix": [
          [
            -0.858109712600708,
            0.2175663560628891,
            -0.46509379148483276,
            0.3535110652446747
          ],
          [
            -0.324860155582428,
            -0.9314996600151062,
            0.16362835466861725,
            -0.5073747038841248
          ],
          [
            -0.3976377248764038,
            0.29150277376174927,
            0.8700140118598938,
            1.4030274152755737
          ],
          [
            0.0,
            0.0,
            0.0,
            1.0
          ]
        ]
      },
      "bone_length_armature_space": 0.030444906074248972,
      "parent": "thumb_02_l",
      "has_children": false,
      "is_end_bone": true
    },
    "metacarpal_index_l": {
      "name": "metacarpal_index_l",
      "local": {
        "location": {
          "x": 0.0,
          "y": 0.0,
          "z": 0.0
        },
        "rotation_quaternion": {
          "w": 0.9981106519699097,
          "x": -0.06052752584218979,
          "y": -0.0032950981985777617,
          "z": -0.010033604688942432
        },
        "scale": {
          "x": 1.0,
          "y": 1.0,
          "z": 1.0
        },
        "matrix_basis": [
          [
            0.9997769594192505,
            0.020428184419870377,
            -0.005363126751035452,
            0.0
          ],
          [
            -0.01963040791451931,
            0.9924715161323547,
            0.12089245766401291,
            0.0
          ],
          [
            0.007792363874614239,
            -0.12076020985841751,
            0.992651104927063,
            0.0
          ],
          [
            0.0,
            0.0,
            0.0,
            1.0
          ]
        ],
        "rotation_mode": "QUATERNION"
      },
      "armature_space": {
        "head": {
          "x": 0.3551267087459564,
          "y": -0.48710906505584717,
          "z": 0.5194340348243713
        },
        "tail": {
          "x": 0.34602439403533936,
          "y": -0.5983512997627258,
          "z": 0.48377522826194763
        }
      },
      "world_space": {
        "head": {
          "x": 0.3551267087459564,
          "y": -0.42386507987976074,
          "z": 1.4692881107330322
        },
        "tail": {
          "x": 0.34602439403533936,
          "y": -0.5351073145866394,
          "z": 1.4336292743682861
        },
        "rotation_quaternion": {
          "w": 0.1523970365524292,
          "x": -0.9864498376846313,
          "y": 0.04558215290307999,
          "z": -0.040176719427108765
        },
        "matrix": [
          [
            0.9926159977912903,
            -0.07768351584672928,
            0.09315794706344604,
            0.3551267087459564
          ],
          [
            -0.10217457264661789,
            -0.9493948817253113,
            0.2970008850097656,
            -0.42386507987976074
          ],
          [
            0.06537189334630966,
            -0.3043293356895447,
            -0.950328528881073,
            1.4692881107330322
          ],
          [
            0.0,
            0.0,
            0.0,
            1.0
          ]
        ]
      },
      "bone_length_armature_space": 0.11717183007089799,
      "parent": "lowerarm_l",
      "has_children": true,
      "is_end_bone": false
    },
    "index_01_l": {
      "name": "index_01_l",
      "local": {
        "location": {
          "x": 0.0,
          "y": 0.0,
          "z": 0.0
        },
        "rotation_quaternion": {
          "w": 0.9923699498176575,
          "x": -0.12306797504425049,
          "y": 0.0056853145360946655,
          "z": 0.00488100852817297
        },
        "scale": {
          "x": 1.0,
          "y": 1.0,
          "z": 1.0
        },
        "matrix_basis": [
          [
            0.9998877048492432,
            -0.01108689233660698,
            0.010082478635013103,
            0.0
          ],
          [
            0.008288172073662281,
            0.9696608781814575,
            0.24431341886520386,
            0.0
          ],
          [
            -0.012485262006521225,
            -0.2442024201154709,
            0.9696438908576965,
            0.0
          ],
          [
            0.0,
            0.0,
            0.0,
            1.0
          ]
        ],
        "rotation_mode": "QUATERNION"
      },
      "armature_space": {
        "head": {
          "x": 0.34602439403533936,
          "y": -0.5983512997627258,
          "z": 0.48377522826194763
        },
        "tail": {
          "x": 0.3518581986427307,
          "y": -0.6260973215103149,
          "z": 0.48680707812309265
        }
      },
      "world_space": {
        "head": {
          "x": 0.34602439403533936,
          "y": -0.5351073145866394,
          "z": 1.4336292743682861
        },
        "tail": {
          "x": 0.3518581986427307,
          "y": -0.5628533363342285,
          "z": 1.4366611242294312
        },
        "rotation_quaternion": {
          "w": 0.042881619185209274,
          "x": 0.9881922602653503,
          "y": 0.1078588142991066,
          "z": 0.1000196784734726
        },
        "matrix": [
          [
            0.9567249417304993,
            0.2045922577381134,
            0.2069276124238968,
            0.34602439403533936
          ],
          [
            0.22174859046936035,
            -0.9730550646781921,
            -0.06317482888698578,
            -0.5351073145866394
          ],
          [
            0.18842841684818268,
            0.10632668435573578,
            -0.9763213992118835,
            1.4336292743682861
          ],
          [
            0.0,
            0.0,
            0.0,
            1.0
          ]
        ]
      },
      "bone_length_armature_space": 0.028514331634078936,
      "parent": "metacarpal_index_l",
      "has_children": true,
      "is_end_bone": false
    },
    "index_02_l": {
      "name": "index_02_l",
      "local": {
        "location": {
          "x": 0.0,
          "y": 0.0,
          "z": 0.0
        },
        "rotation_quaternion": {
          "w": 0.9994825124740601,
          "x": 0.030773939564824104,
          "y": -0.00858480203896761,
          "z": 0.003757054917514324
        },
        "scale": {
          "x": 1.0,
          "y": 1.0,
          "z": 1.0
        },
        "matrix_basis": [
          [
            0.9998243451118469,
            -0.008038598112761974,
            -0.01692948117852211,
            0.0
          ],
          [
            0.006981845013797283,
            0.9980776906013489,
            -0.061580535024404526,
            0.0
          ],
          [
            0.017391957342624664,
            0.06145152077078819,
            0.9979585409164429,
            0.0
          ],
          [
            0.0,
            0.0,
            0.0,
            1.0
          ]
        ],
        "rotation_mode": "QUATERNION"
      },
      "armature_space": {
        "head": {
          "x": 0.35185813903808594,
          "y": -0.6260977983474731,
          "z": 0.4868067502975464
        },
        "tail": {
          "x": 0.3577103912830353,
          "y": -0.6509810090065002,
          "z": 0.48896732926368713
        }
      },
      "world_space": {
        "head": {
          "x": 0.35185813903808594,
          "y": -0.5628538131713867,
          "z": 1.4366607666015625
        },
        "tail": {
          "x": 0.3577103912830353,
          "y": -0.5877370238304138,
          "z": 1.4388213157653809
        },
        "rotation_quaternion": {
          "w": 0.03576871380209923,
          "x": 0.9908329248428345,
          "y": 0.11717473715543747,
          "z": 0.05692793056368828
        },
        "matrix": [
          [
            0.9660584330558777,
            0.22812852263450623,
            0.12119452655315399,
            0.35185813903808594
          ],
          [
            0.23627375066280365,
            -0.9699810743331909,
            -0.057540975511074066,
            -0.5628538131713867
          ],
          [
            0.10443058609962463,
            0.0842226892709732,
            -0.9909666776657104,
            1.4366607666015625
          ],
          [
            0.0,
            0.0,
            0.0,
            1.0
          ]
        ]
      },
      "bone_length_armature_space": 0.025653286612421493,
      "parent": "index_01_l",
      "has_children": true,
      "is_end_bone": false
    },
    "index_03_l": {
      "name": "index_03_l",
      "local": {
        "location": {
          "x": 0.0,
          "y": 0.0,
          "z": 0.0
        },
        "rotation_quaternion": {
          "w": 0.9993877410888672,
          "x": 0.03471413627266884,
          "y": -0.0027558309957385063,
          "z": 0.0034011313691735268
        },
        "scale": {
          "x": 1.0,
          "y": 1.0,
          "z": 1.0
        },
        "matrix_basis": [
          [
            0.9999616742134094,
            -0.006989430636167526,
            -0.005272152833640575,
            0.0
          ],
          [
            0.006606765557080507,
            0.9975666999816895,
            -0.06940451264381409,
            0.0
          ],
          [
            0.005744422320276499,
            0.06936702132225037,
            0.9975746870040894,
            0.0
          ],
          [
            0.0,
            0.0,
            0.0,
            1.0
          ]
        ],
        "rotation_mode": "QUATERNION"
      },
      "armature_space": {
        "head": {
          "x": 0.3577103316783905,
          "y": -0.6509809494018555,
          "z": 0.4889674782752991
        },
        "tail": {
          "x": 0.36731386184692383,
          "y": -0.6785132884979248,
          "z": 0.4871036112308502
        }
      },
      "world_space": {
        "head": {
          "x": 0.3577103316783905,
          "y": -0.587736964225769,
          "z": 1.43882155418396
        },
        "tail": {
          "x": 0.36731386184692383,
          "y": -0.6152693033218384,
          "z": 1.436957597732544
        },
        "rotation_quaternion": {
          "w": 0.04524112865328789,
          "x": -0.98247891664505,
          "y": -0.1637393981218338,
          "z": -0.07666847854852676
        },
        "matrix": [
          [
            0.9346225261688232,
            0.32867783308029175,
            0.13583458960056305,
            0.3577103316783905
          ],
          [
            0.3148038685321808,
            -0.9422850012779236,
            0.11400379240512848,
            -0.587736964225769
          ],
          [
            0.16546690464019775,
            -0.0637907162308693,
            -0.9841572642326355,
            1.43882155418396
          ],
          [
            0.0,
            0.0,
            0.0,
            1.0
          ]
        ]
      },
      "bone_length_armature_space": 0.02921868384962032,
      "parent": "index_02_l",
      "has_children": false,
      "is_end_bone": true
    },
    "metacarpal_pinky_l": {
      "name": "metacarpal_pinky_l",
      "local": {
        "location": {
          "x": 0.0,
          "y": 0.0,
          "z": 0.0
        },
        "rotation_quaternion": {
          "w": 0.999829113483429,
          "x": -0.0016601751558482647,
          "y": 0.004666217137128115,
          "z": 0.01781635545194149
        },
        "scale": {
          "x": 1.0,
          "y": 1.0,
          "z": 1.0
        },
        "matrix_basis": [
          [
            0.9993215799331665,
            -0.0356421135365963,
            0.009271683171391487,
            0.0
          ],
          [
            0.03561112657189369,
            0.999359667301178,
            0.003486052853986621,
            0.0
          ],
          [
            -0.009389995597302914,
            -0.003153512952849269,
            0.9999509453773499,
            0.0
          ],
          [
            0.0,
            0.0,
            0.0,
            1.0
          ]
        ],
        "rotation_mode": "QUATERNION"
      },
      "armature_space": {
        "head": {
          "x": 0.3551267087459564,
          "y": -0.48710906505584717,
          "z": 0.5194340348243713
        },
        "tail": {
          "x": 0.39206624031066895,
          "y": -0.5843197107315063,
          "z": 0.5247974395751953
        }
      },
      "world_space": {
        "head": {
          "x": 0.3551267087459564,
          "y": -0.42386507987976074,
          "z": 1.4692881107330322
        },
        "tail": {
          "x": 0.39206624031066895,
          "y": -0.5210757255554199,
          "z": 1.4746514558792114
        },
        "rotation_quaternion": {
          "w": 0.16889938712120056,
          "x": 0.4968907833099365,
          "y": 0.06856164336204529,
          "z": -0.848452627658844
        },
        "matrix": [
          [
            -0.44914498925209045,
            0.3547419309616089,
            -0.8200162649154663,
            0.3551267087459564
          ],
          [
            -0.2184716761112213,
            -0.9335442781448364,
            -0.2841920256614685,
            -0.42386507987976074
          ],
          [
            -0.8663427829742432,
            0.05150633305311203,
            0.4968011677265167,
            1.4692881107330322
          ],
          [
            0.0,
            0.0,
            0.0,
            1.0
          ]
        ]
      },
      "bone_length_armature_space": 0.10413070905850913,
      "parent": "lowerarm_l",
      "has_children": true,
      "is_end_bone": false
    },
    "pinky_01_l": {
      "name": "pinky_01_l",
      "local": {
        "location": {
          "x": 0.0,
          "y": 0.0,
          "z": 0.0
        },
        "rotation_quaternion": {
          "w": 0.995680034160614,
          "x": -0.09278451651334763,
          "y": 0.0018692254088819027,
          "z": 0.0029833675362169743
        },
        "scale": {
          "x": 1.0,
          "y": 1.0,
          "z": 1.0
        },
        "matrix_basis": [
          [
            0.9999752044677734,
            -0.006287829484790564,
            0.003168680239468813,
            0.0
          ],
          [
            0.0055940886959433556,
            0.9827642440795898,
            0.18477854132652283,
            0.0
          ],
          [
            -0.004275921266525984,
            -0.18475623428821564,
            0.982775092124939,
            0.0
          ],
          [
            0.0,
            0.0,
            0.0,
            1.0
          ]
        ],
        "rotation_mode": "QUATERNION"
      },
      "armature_space": {
        "head": {
          "x": 0.39206624031066895,
          "y": -0.5843197107315063,
