{
  "metadata": {
    "armature_name": "KIM_caucasian_male",
    "export_time": "2026-01-13T21:12:40.303778",
    "blender_version": "4.4.1",
    "bone_count": 56,
    "end_bone_count": 13,
    "spaces_included": [
      "LOCAL_CHANNELS",
      "ARMATURE_SPACE",
      "WORLD_SPACE"
    ],
    "note": "LOCAL matches Transform panel; replay pose via local.matrix_basis for best fidelity."
  },
  "bones": {
    "Root": {
      "name": "Root",
      "local": {
        "location": {
          "x": 0.0,
          "y": 0.0,
          "z": 0.0
        },
        "rotation_quaternion": {
          "w": 0.9996780753135681,
          "x": 0.01539852935820818,
          "y": -0.009767482057213783,
          "z": -0.017643678933382034
        },
        "scale": {
          "x": 1.0,
          "y": 1.0,
          "z": 1.0
        },
        "matrix_basis": [
          [
            0.9991865754127502,
            0.034975189715623856,
            -0.020072048529982567,
            0.0
          ],
          [
            -0.03557680919766426,
            0.9989031553268433,
            -0.030442476272583008,
            0.0
          ],
          [
            0.01898530125617981,
            0.031131813302636147,
            0.999334990978241,
            0.0
          ],
          [
            0.0,
            0.0,
            0.0,
            1.0
          ]
        ],
        "rotation_mode": "QUATERNION"
      },
      "armature_space": {
        "head": {
          "x": 0.0,
          "y": 0.07072800397872925,
          "z": -0.009595036506652832
        },
        "tail": {
          "x": 0.0024963845498859882,
          "y": -0.00022113323211669922,
          "z": -0.0022124312818050385
        }
      },
      "world_space": {
        "head": {
          "x": 0.0,
          "y": 0.13397200405597687,
          "z": 0.9402589797973633
        },
        "tail": {
          "x": 0.0024963845498859882,
          "y": 0.06302286684513092,
          "z": 0.9476416110992432
        },
        "rotation_quaternion": {
          "w": 0.051982421427965164,
          "x": 0.9984443783760071,
          "y": 0.01694558374583721,
          "z": -0.010933908633887768
        },
        "matrix": [
          [
            0.9991865754127502,
            0.034975189715623856,
            -0.020072048529982567,
            0.0
          ],
          [
            0.03270169720053673,
            -0.9940212965011597,
            -0.10417414456605911,
            0.13397200405597687
          ],
          [
            -0.023595688864588737,
            0.1034327894449234,
            -0.9943636059761047,
            0.9402589797973633
          ],
          [
            0.0,
            0.0,
            0.0,
            1.0
          ]
        ]
      },
      "bone_length_armature_space": 0.07137586906630215,
      "parent": null,
      "has_children": true,
      "is_end_bone": false
    },
    "spine_01": {
      "name": "spine_01",
      "local": {
        "location": {
          "x": 0.0,
          "y": 0.0,
          "z": 0.0
        },
        "rotation_quaternion": {
          "w": 0.9976176023483276,
          "x": 0.039303943514823914,
          "y": -0.03569534420967102,
          "z": -0.044047340750694275
        },
        "scale": {
          "x": 1.0,
          "y": 1.0,
          "z": 1.0
        },
        "matrix_basis": [
          [
            0.9935713410377502,
            0.08507887274026871,
            -0.07468307763338089,
            0.0
          ],
          [
            -0.0906907394528389,
            0.9930300712585449,
            -0.07527603954076767,
            0.0
          ],
          [
            0.06775813549757004,
            0.08156517893075943,
            0.9943620562553406,
            0.0
          ],
          [
            0.0,
            0.0,
            0.0,
            1.0
          ]
        ],
        "rotation_mode": "QUATERNION"
      },
      "armature_space": {
        "head": {
          "x": 0.0024963845498859882,
          "y": -0.00022113323211669922,
          "z": -0.0022124312818050385
        },
        "tail": {
          "x": 0.0564778633415699,
          "y": -0.030728504061698914,
          "z": 0.4818369448184967
        }
      },
      "world_space": {
        "head": {
          "x": 0.0024963845498859882,
          "y": 0.06302286684513092,
          "z": 0.9476416110992432
        },
        "tail": {
          "x": 0.0564778633415699,
          "y": 0.032515496015548706,
          "z": 1.4316909313201904
        },
        "rotation_quaternion": {
          "w": 0.6841754913330078,
          "x": 0.7268837094306946,
          "y": 0.0254217479377985,
          "z": -0.053831350058317184
        },
        "matrix": [
          [
            0.9929118752479553,
            0.1106175035238266,
            -0.04347160458564758,
            0.0024963845498859882
          ],
          [
            -0.036702126264572144,
            -0.06251494586467743,
            -0.9973689317703247,
            0.06302286684513092
          ],
          [
            -0.11304492503404617,
            0.9919019937515259,
            -0.05801327899098396,
            0.9476416110992432
          ],
          [
            0.0,
            0.0,
            0.0,
            1.0
          ]
        ]
      },
      "bone_length_armature_space": 0.48800461269948503,
      "parent": "Root",
      "has_children": true,
      "is_end_bone": false
    },
    "neck_01": {
      "name": "neck_01",
      "local": {
        "location": {
          "x": 0.0,
          "y": 0.0,
          "z": 0.0
        },
        "rotation_quaternion": {
          "w": 0.9853560924530029,
          "x": 0.07416470348834991,
          "y": -0.08844493329524994,
          "z": -0.12550097703933716
        },
        "scale": {
          "x": 1.0,
          "y": 1.0,
          "z": 1.0
        },
        "matrix_basis": [
          [
            0.9528539776802063,
            0.23420731723308563,
            -0.19291499257087708,
            0.0
          ],
          [
            -0.2604452967643738,
            0.9574981927871704,
            -0.12395743280649185,
            0.0
          ],
          [
            0.15568402409553528,
            0.16835713386535645,
            0.973354160785675,
            0.0
          ],
          [
            0.0,
            0.0,
            0.0,
            1.0
          ]
        ],
        "rotation_mode": "QUATERNION"
      },
      "armature_space": {
        "head": {
          "x": 0.06306949257850647,
          "y": -0.0698949471116066,
          "z": 0.5524505972862244
        },
        "tail": {
          "x": 0.09388116002082825,
          "y": -0.12919804453849792,
          "z": 0.6301968693733215
        }
      },
      "world_space": {
        "head": {
          "x": 0.06306949257850647,
          "y": -0.006650947034358978,
          "z": 1.5023045539855957
        },
        "tail": {
          "x": 0.09388116002082825,
          "y": -0.0659540444612503,
          "z": 1.5800509452819824
        },
        "rotation_quaternion": {
          "w": 0.4539337158203125,
          "x": 0.8655717968940735,
          "y": 0.06870944052934647,
          "z": -0.20002160966396332
        },
        "matrix": [
          [
            0.9105410575866699,
            0.3005391061306,
            -0.28388598561286926,
            0.06306949257850647
          ],
          [
            -0.06264621019363403,
            -0.5784463882446289,
            -0.8133113980293274,
            -0.006650947034358978
          ],
          [
            -0.4086476266384125,
            0.7583425045013428,
            -0.507875919342041,
            1.5023045539855957
          ],
          [
            0.0,
            0.0,
            0.0,
            1.0
          ]
        ]
      },
      "bone_length_armature_space": 0.10252169989999099,
      "parent": "spine_01",
      "has_children": true,
      "is_end_bone": false
    },
    "head": {
      "name": "head",
      "local": {
        "location": {
          "x": 0.0,
          "y": 0.0,
          "z": 0.0
        },
        "rotation_quaternion": {
          "w": 0.9723303318023682,
          "x": -0.12103500217199326,
          "y": 0.07810120284557343,
          "z": 0.1839144229888916
        },
        "scale": {
          "x": 1.0,
          "y": 1.0,
          "z": 1.0
        },
        "matrix_basis": [
          [
            0.9201513528823853,
            -0.3765571117401123,
            0.10736016929149628,
            0.0
          ],
          [
            0.3387451767921448,
            0.903052031993866,
            0.2640998959541321,
            0.0
          ],
          [
            -0.1964005082845688,
            -0.20664413273334503,
            0.9585014581680298,
            0.0
          ],
          [
            0.0,
            0.0,
            0.0,
            1.0
          ]
        ],
        "rotation_mode": "QUATERNION"
      },
      "armature_space": {
        "head": {
          "x": 0.09388110041618347,
          "y": -0.1291981339454651,
          "z": 0.630196750164032
        },
        "tail": {
          "x": 0.09934566915035248,
          "y": -0.12871412932872772,
          "z": 0.7851910591125488
        }
      },
      "world_space": {
        "head": {
          "x": 0.09388110041618347,
          "y": -0.06595413386821747,
          "z": 1.5800507068634033
        },
        "tail": {
          "x": 0.09934566915035248,
          "y": -0.0654701292514801,
          "z": 1.735045075416565
        },
        "rotation_quaternion": {
          "w": 0.707618772983551,
          "x": 0.7059917449951172,
          "y": 0.028911130502820015,
          "z": 0.003947934601455927
        },
        "matrix": [
          [
            0.9982971549034119,
            0.03523477911949158,
            0.04649034142494202,
            0.09388110041618347
          ],
          [
            0.04640905559062958,
            0.003120794892311096,
            -0.9989177584648132,
            -0.06595413386821747
          ],
          [
            -0.035341888666152954,
            0.999381422996521,
            0.0014793723821640015,
            1.5800507068634033
          ],
          [
            0.0,
            0.0,
            0.0,
            1.0
          ]
        ]
      },
      "bone_length_armature_space": 0.15509136816607363,
      "parent": "neck_01",
      "has_children": false,
      "is_end_bone": true
    },
    "upperarm_l": {
      "name": "upperarm_l",
      "local": {
        "location": {
          "x": 0.0,
          "y": 0.0,
          "z": 0.0
        },
        "rotation_quaternion": {
          "w": -0.7107288837432861,
          "x": 0.41704288125038147,
          "y": 0.10530540347099304,
          "z": 0.5566421747207642
        },
        "scale": {
          "x": 1.0,
          "y": 1.0,
          "z": 1.0
        },
        "matrix_basis": [
          [
            0.35812053084373474,
            0.8790770769119263,
            0.3146001398563385,
            0.0
          ],
          [
            -0.7034096121788025,
            0.032449450343847275,
            0.710043728351593,
            0.0
          ],
          [
            0.6139745116233826,
            -0.47557398676872253,
            0.6299720406532288,
            0.0
          ],
          [
            0.0,
            0.0,
            0.0,
            1.0
          ]
        ],
        "rotation_mode": "QUATERNION"
      },
      "armature_space": {
        "head": {
          "x": 0.20443329215049744,
          "y": -0.07437951862812042,
          "z": 0.468645304441452
        },
        "tail": {
          "x": 0.1829025000333786,
          "y": 0.07314315438270569,
          "z": 0.24597570300102234
        }
      },
      "world_space": {
        "head": {
          "x": 0.20443329215049744,
          "y": -0.011135518550872803,
          "z": 1.4184993505477905
        },
        "tail": {
          "x": 0.1829025000333786,
          "y": 0.1363871544599533,
          "z": 1.1958297491073608
        },
        "rotation_quaternion": {
          "w": 0.2922959625720978,
          "x": -0.19968447089195251,
          "y": 0.8305560350418091,
          "z": -0.4299602806568146
        },
        "matrix": [
          [
            -0.7493786215782166,
            -0.0803479254245758,
            0.6572487950325012,
            0.20443329215049744
          ],
          [
            -0.5830497741699219,
            0.5505205392837524,
            -0.5974782109260559,
            -0.011135518550872803
          ],
          [
            -0.3138255774974823,
            -0.8309515118598938,
            -0.45939901471138,
            1.4184993505477905
          ],
          [
            0.0,
            0.0,
            0.0,
            1.0
          ]
        ]
      },
      "bone_length_armature_space": 0.2679706428057131,
      "parent": "spine_01",
      "has_children": true,
      "is_end_bone": false
    },
    "lowerarm_l": {
      "name": "lowerarm_l",
      "local": {
        "location": {
          "x": 0.0,
          "y": 0.0,
          "z": 0.0
        },
        "rotation_quaternion": {
          "w": 0.9913712739944458,
          "x": 0.1305694580078125,
          "y": -0.0013925547245889902,
          "z": 0.011525151319801807
        },
        "scale": {
          "x": 1.0,
          "y": 1.0,
          "z": 1.0
        },
        "matrix_basis": [
          [
            0.9997304677963257,
            -0.02321505732834339,
            0.00024858801043592393,
            0.0
          ],
          [
            0.022487757727503777,
            0.9656375646591187,
            -0.2589177191257477,
            0.0
          ],
          [
            0.005770742893218994,
            0.2588535249233246,
            0.9658993482589722,
            0.0
          ],
          [
            0.0,
            0.0,
            0.0,
            1.0
          ]
        ],
        "rotation_mode": "QUATERNION"
      },
      "armature_space": {
        "head": {
          "x": 0.18290261924266815,
          "y": 0.07314324378967285,
          "z": 0.24597564339637756
        },
        "tail": {
          "x": 0.2522405982017517,
          "y": 0.1709425151348114,
          "z": 0.0068153440952301025
        }
      },
      "world_space": {
        "head": {
          "x": 0.18290261924266815,
          "y": 0.13638724386692047,
          "z": 1.1958296298980713
        },
        "tail": {
          "x": 0.2522405982017517,
          "y": 0.23418651521205902,
          "z": 0.9566693305969238
        },
        "rotation_quaternion": {
          "w": 0.40220746397972107,
          "x": -0.12630470097064972,
          "y": 0.7218133807182312,
          "z": -0.548873245716095
        },
        "matrix": [
          [
            -0.6445541977882385,
            0.2591836452484131,
            0.7192869782447815,
            0.18290261924266815
          ],
          [
            -0.6238573789596558,
            0.3655713200569153,
            -0.6907674074172974,
            0.13638724386692047
          ],
          [
            -0.44199004769325256,
            -0.8939753770828247,
            -0.07393822073936462,
            1.1958296298980713
          ],
          [
            0.0,
            0.0,
            0.0,
            1.0
          ]
        ]
      },
      "bone_length_armature_space": 0.26752589057025167,
      "parent": "upperarm_l",
      "has_children": true,
      "is_end_bone": false
    },
    "metacarpal_thumb_l": {
      "name": "metacarpal_thumb_l",
      "local": {
        "location": {
          "x": 0.0,
          "y": 0.0,
          "z": 0.0
        },
        "rotation_quaternion": {
          "w": 0.9982843995094299,
          "x": -0.05845846235752106,
          "y": 0.003141498425975442,
          "z": -0.0010331887751817703
        },
        "scale": {
          "x": 1.0,
          "y": 1.0,
          "z": 1.0
        },
        "matrix_basis": [
          [
            0.9999781250953674,
            0.0016955381724983454,
            0.006393014919012785,
            0.0
          ],
          [
            -0.0024301267694681883,
            0.9931631088256836,
            0.11670985072851181,
            0.0
          ],
          [
            -0.006151420529931784,
            -0.11672283709049225,
            0.9931454658508301,
            0.0
          ],
          [
            0.0,
            0.0,
            0.0,
            1.0
          ]
        ],
        "rotation_mode": "QUATERNION"
      },
      "armature_space": {
        "head": {
          "x": 0.2522405982017517,
          "y": 0.1709425151348114,
          "z": 0.0068153440952301025
        },
        "tail": {
          "x": 0.2814233601093292,
          "y": 0.16332222521305084,
          "z": -0.03247719630599022
        }
      },
      "world_space": {
        "head": {
          "x": 0.2522405982017517,
          "y": 0.23418651521205902,
          "z": 0.9566693305969238
        },
        "tail": {
          "x": 0.2814233601093292,
          "y": 0.22656622529029846,
          "z": 0.9173768162727356
        },
        "rotation_quaternion": {
          "w": 0.06398973613977432,
          "x": -0.5106724500656128,
          "y": -0.6472912430763245,
          "z": 0.5622570514678955
        },
        "matrix": [
          [
            -0.47023460268974304,
            0.589150071144104,
            -0.6571008563041687,
            0.2522405982017517
          ],
          [
            0.7330672144889832,
            -0.15384073555469513,
            -0.662529706954956,
            0.23418651521205902
          ],
          [
            -0.4914209544658661,
            -0.7932491302490234,
            -0.35954856872558594,
            0.9566693305969238
          ],
          [
            0.0,
            0.0,
            0.0,
            1.0
          ]
        ]
      },
      "bone_length_armature_space": 0.049533888905313524,
      "parent": "lowerarm_l",
      "has_children": true,
      "is_end_bone": false
    },
    "thumb_01_l": {
      "name": "thumb_01_l",
      "local": {
        "location": {
          "x": 0.0,
          "y": 0.0,
          "z": 0.0
        },
        "rotation_quaternion": {
          "w": 0.99937903881073,
          "x": 0.031182993203401566,
          "y": -0.009304936043918133,
          "z": -0.013519417494535446
        },
        "scale": {
          "x": 1.0,
          "y": 1.0,
          "z": 1.0
        },
        "matrix_basis": [
          [
            0.99946129322052,
            0.02644173428416252,
            -0.01944146864116192,
            0.0
          ],
          [
            -0.027602355927228928,
            0.9976896643638611,
            -0.0620756633579731,
            0.0
          ],
          [
            0.017755163833498955,
            0.06257885694503784,
            0.997882068157196,
            0.0
          ],
          [
            0.0,
            0.0,
            0.0,
            1.0
          ]
        ],
        "rotation_mode": "QUATERNION"
      },
      "armature_space": {
        "head": {
          "x": 0.2814233601093292,
          "y": 0.16332222521305084,
          "z": -0.03247719630599022
        },
        "tail": {
          "x": 0.27980032563209534,
          "y": 0.14186981320381165,
          "z": -0.05885513126850128
        }
      },
      "world_space": {
        "head": {
          "x": 0.2814233601093292,
          "y": 0.22656622529029846,
          "z": 0.9173768162727356
        },
        "tail": {
          "x": 0.27980032563209534,
          "y": 0.20511381328105927,
          "z": 0.890998899936676
        },
        "rotation_quaternion": {
          "w": 0.4209327697753906,
          "x": -0.8708643317222595,
          "y": -0.08773195743560791,
          "z": 0.23814740777015686
        },
        "matrix": [
          [
            0.8711780905723572,
            -0.047682344913482666,
            -0.48864609003067017,
            0.2814233601093292
          ],
          [
            0.353292852640152,
            -0.6302382349967957,
            0.6913639307022095,
            0.22656622529029846
          ],
          [
            -0.3409312069416046,
            -0.7749423384666443,
            -0.5322068929672241,
            0.9173768162727356
          ],
          [
            0.0,
            0.0,
            0.0,
            1.0
          ]
        ]
      },
      "bone_length_armature_space": 0.03403873793173462,
      "parent": "metacarpal_thumb_l",
      "has_children": true,
      "is_end_bone": false
    },
    "thumb_02_l": {
      "name": "thumb_02_l",
      "local": {
        "location": {
          "x": 0.0,
          "y": 0.0,
          "z": 0.0
        },
        "rotation_quaternion": {
          "w": 0.9888723492622375,
          "x": 0.1486450582742691,
          "y": 0.005542936734855175,
          "z": -0.0023672173265367746
        },
        "scale": {
          "x": 1.0,
          "y": 1.0,
          "z": 1.0
        },
        "matrix_basis": [
          [
            0.9999273419380188,
            0.006329611875116825,
            0.01025876309722662,
            0.0
          ],
          [
            -0.0030338913202285767,
            0.9557980895042419,
            -0.2940082252025604,
            0.0
          ],
          [
            -0.01166626438498497,
            0.2939557433128357,
            0.9557478427886963,
            0.0
          ],
          [
            0.0,
            0.0,
            0.0,
            1.0
          ]
        ],
        "rotation_mode": "QUATERNION"
      },
      "armature_space": {
        "head": {
          "x": 0.27980032563209534,
          "y": 0.14186978340148926,
          "z": -0.0588550828397274
        },
        "tail": {
          "x": 0.289819598197937,
          "y": 0.16552883386611938,
          "z": -0.08972666412591934
        }
      },
      "world_space": {
        "head": {
          "x": 0.27980032563209534,
          "y": 0.20511378347873688,
          "z": 0.8909989595413208
        },
        "tail": {
          "x": 0.289819598197937,
          "y": 0.228772833943367,
          "z": 0.860127329826355
        },
        "rotation_quaternion": {
          "w": 0.889959454536438,
          "x": -0.4383222162723541,
          "y": -0.05000040680170059,
          "z": -0.11552423238754272
        },
        "matrix": [
          [
            0.96830815076828,
            0.2494564801454544,
            0.012277856469154358,
            0.27980032563209534
          ],
          [
            -0.16179195046424866,
            0.589055061340332,
            0.7917306423187256,
            0.20511378347873688
          ],
          [
            0.19027119874954224,
            -0.7686303853988647,
            0.6107519268989563,
            0.8909989595413208
          ],
          [
            0.0,
            0.0,
            0.0,
            1.0
          ]
        ]
      },
      "bone_length_armature_space": 0.04016454897355036,
      "parent": "thumb_01_l",
      "has_children": true,
      "is_end_bone": false
    },
    "thumb_03_l": {
      "name": "thumb_03_l",
      "local": {
        "location": {
          "x": 0.0,
          "y": 0.0,
          "z": 0.0
        },
        "rotation_quaternion": {
          "w": 0.9987978339195251,
          "x": 0.0490034818649292,
          "y": -0.0006827836623415351,
          "z": -0.0011050936300307512
        },
        "scale": {
          "x": 1.0,
          "y": 1.0,
          "z": 1.0
        },
        "matrix_basis": [
          [
            0.9999966025352478,
            0.002140612807124853,
            -0.0014722325140610337,
            0.0
          ],
          [
            -0.0022744478192180395,
            0.9951948523521423,
            -0.09788763523101807,
            0.0
          ],
          [
            0.0012556187575682998,
            0.09789065271615982,
            0.9951964020729065,
            0.0
          ],
          [
            0.0,
            0.0,
            0.0,
            1.0
          ]
        ],
        "rotation_mode": "QUATERNION"
      },
      "armature_space": {
        "head": {
          "x": 0.2898196280002594,
          "y": 0.16552874445915222,
          "z": -0.08972665667533875
        },
        "tail": {
          "x": 0.29343342781066895,
          "y": 0.19133925437927246,
          "z": -0.10546361654996872
        }
      },
      "world_space": {
        "head": {
          "x": 0.2898196280002594,
          "y": 0.22877274453639984,
          "z": 0.860127329826355
        },
        "tail": {
          "x": 0.29343342781066895,
          "y": 0.2545832395553589,
          "z": 0.8443903923034668
        },
        "rotation_quaternion": {
          "w": 0.9503560662269592,
          "x": -0.25660720467567444,
          "y": 0.1439182162284851,
          "z": -0.10130978375673294
        },
        "matrix": [
          [
            0.9380477070808411,
            0.11869987845420837,
            0.32554081082344055,
            0.2898196280002594
          ],
          [
            -0.2664218544960022,
            0.8477779626846313,
            0.458575963973999,
            0.22877274453639984
          ],
          [
            -0.2215551733970642,
            -0.5168999433517456,
            0.8268865942955017,
            0.860127329826355
          ],
          [
            0.0,
            0.0,
            0.0,
            1.0
          ]
        ]
      },
      "bone_length_armature_space": 0.030444932153768898,
      "parent": "thumb_02_l",
      "has_children": false,
      "is_end_bone": true
    },
    "metacarpal_index_l": {
      "name": "metacarpal_index_l",
      "local": {
        "location": {
          "x": 0.0,
          "y": 0.0,
          "z": 0.0
        },
        "rotation_quaternion": {
          "w": 0.9985424280166626,
          "x": -0.04829219728708267,
          "y": 0.01973464898765087,
          "z": -0.013834962621331215
        },
        "scale": {
          "x": 1.0,
          "y": 1.0,
          "z": 1.0
        },
        "matrix_basis": [
          [
            0.9988382458686829,
            0.02572353556752205,
            0.04074801132082939,
            0.0
          ],
          [
            -0.029535653069615364,
            0.994952917098999,
            0.09589756280183792,
            0.0
          ],
          [
            -0.0380755253136158,
            -0.09698966890573502,
            0.9945568442344666,
            0.0
          ],
          [
            0.0,
            0.0,
            0.0,
            1.0
          ]
        ],
        "rotation_mode": "QUATERNION"
      },
      "armature_space": {
        "head": {
          "x": 0.2522405982017517,
          "y": 0.1709425151348114,
          "z": 0.0068153440952301025
        },
        "tail": {
          "x": 0.3022381663322449,
          "y": 0.19491717219352722,
          "z": -0.09640683978796005
        }
      },
      "world_space": {
        "head": {
          "x": 0.2522405982017517,
          "y": 0.23418651521205902,
          "z": 0.9566693305969238
        },
        "tail": {
          "x": 0.3022381663322449,
          "y": 0.25816118717193604,
          "z": 0.8534471988677979
        },
        "rotation_quaternion": {
          "w": 0.058661993592977524,
          "x": 0.23122133314609528,
          "y": 0.7738634943962097,
          "z": -0.5867118239402771
        },
        "matrix": [
          [
            -0.8861903548240662,
            0.4267033338546753,
            -0.18052980303764343,
            0.2522405982017517
          ],
          [
            0.2890340983867645,
            0.20461121201515198,
            -0.9351970553398132,
            0.23418651521205902
          ],
          [
            -0.36211541295051575,
            -0.8809478282928467,
            -0.30465948581695557,
            0.9566693305969238
          ],
          [
            0.0,
            0.0,
            0.0,
            1.0
          ]
        ]
      },
      "bone_length_armature_space": 0.11717235273576217,
      "parent": "lowerarm_l",
      "has_children": true,
      "is_end_bone": false
    },
    "index_01_l": {
      "name": "index_01_l",
      "local": {
        "location": {
          "x": 0.0,
          "y": 0.0,
          "z": 0.0
        },
        "rotation_quaternion": {
          "w": 0.9976600408554077,
          "x": -0.06797069311141968,
          "y": 0.00737027358263731,
          "z": 0.0004919450730085373
        },
        "scale": {
          "x": 1.0,
          "y": 1.0,
          "z": 1.0
        },
        "matrix_basis": [
          [
            0.9998908638954163,
            -0.0019835131242871284,
            0.014639179222285748,
            0.0
          ],
          [
            -2.0337323803687468e-05,
            0.9907594919204712,
            0.1356305330991745,
            0.0
          ],
          [
            -0.014772930182516575,
            -0.13561603426933289,
            0.9906513094902039,
            0.0
          ],
          [
            0.0,
            0.0,
            0.0,
            1.0
          ]
        ],
        "rotation_mode": "QUATERNION"
      },
      "armature_space": {
        "head": {
          "x": 0.3022381663322449,
          "y": 0.19491717219352722,
          "z": -0.09640683978796005
        },
        "tail": {
          "x": 0.30624905228614807,
          "y": 0.2100296914577484,
          "z": -0.12025219947099686
        }
      },
      "world_space": {
        "head": {
          "x": 0.3022381663322449,
          "y": 0.25816118717193604,
          "z": 0.8534471988677979
        },
        "tail": {
          "x": 0.30624905228614807,
          "y": 0.2732737064361572,
          "z": 0.8296018242835999
        },
        "rotation_quaternion": {
          "w": 0.04325494542717934,
          "x": -0.10395462810993195,
          "y": -0.8735717535018921,
          "z": 0.4734923839569092
        },
        "matrix": [
          [
            -0.9746448993682861,
            0.1406620740890503,
            -0.17401640117168427,
            0.3022381663322449
          ],
          [
            0.22258581221103668,
            0.529996395111084,
            -0.8182660937309265,
            0.25816118717193604
          ],
          [
            -0.022870786488056183,
            -0.8362576365470886,
            -0.5478723645210266,
            0.8534471988677979
          ],
          [
            0.0,
            0.0,
            0.0,
            1.0
          ]
        ]
      },
      "bone_length_armature_space": 0.028514498545648376,
      "parent": "metacarpal_index_l",
      "has_children": true,
      "is_end_bone": false
    },
    "index_02_l": {
      "name": "index_02_l",
      "local": {
        "location": {
          "x": 0.0,
          "y": 0.0,
          "z": 0.0
        },
        "rotation_quaternion": {
          "w": 0.9873484373092651,
          "x": 0.15855297446250916,
          "y": -0.001983458874747157,
          "z": 0.00040534615982323885
        },
        "scale": {
          "x": 1.0,
          "y": 1.0,
          "z": 1.0
        },
        "matrix_basis": [
          [
            0.999991774559021,
            -0.0014294023858383298,
            -0.003788192290812731,
            0.0
          ],
          [
            0.00017146918980870396,
            0.9497215747833252,
            -0.31309565901756287,
            0.0
          ],
          [
            0.004045267589390278,
            0.313092440366745,
            0.9497140645980835,
            0.0
          ],
          [
            0.0,
            0.0,
            0.0,
            1.0
          ]
        ],
        "rotation_mode": "QUATERNION"
      },
      "armature_space": {
        "head": {
          "x": 0.3062492907047272,
          "y": 0.21002958714962006,
          "z": -0.12025268375873566
        },
        "tail": {
          "x": 0.3082721531391144,
          "y": 0.2172657698392868,
          "z": -0.14478111267089844
        }
      },
      "world_space": {
        "head": {
          "x": 0.3062492907047272,
          "y": 0.2732735872268677,
          "z": 0.8296013474464417
        },
        "tail": {
          "x": 0.3082721531391144,
          "y": 0.2805097699165344,
          "z": 0.8050729036331177
        },
        "rotation_quaternion": {
          "w": 0.02974342368543148,
          "x": -0.07139141112565994,
          "y": -0.8000961542129517,
          "z": 0.5948654413223267
        },
        "matrix": [
          [
            -0.9880372285842896,
            0.07885346561670303,
            -0.1325320452451706,
            0.3062492907047272
          ],
          [
            0.1496269404888153,
            0.2820762097835541,
            -0.947652280330658,
            0.2732735872268677
          ],
          [
            -0.03734154999256134,
            -0.9561523199081421,
            -0.290503591299057,
            0.8296013474464417
          ],
          [
            0.0,
            0.0,
            0.0,
            1.0
          ]
        ]
      },
      "bone_length_armature_space": 0.02565342324036809,
      "parent": "index_01_l",
      "has_children": true,
      "is_end_bone": false
    },
    "index_03_l": {
      "name": "index_03_l",
      "local": {
        "location": {
          "x": 0.0,
          "y": 0.0,
          "z": 0.0
        },
        "rotation_quaternion": {
          "w": 0.9791077375411987,
          "x": 0.2033001333475113,
          "y": 0.004135072696954012,
          "z": 0.00023519911337643862
        },
        "scale": {
          "x": 1.0,
          "y": 1.0,
          "z": 1.0
        },
        "matrix_basis": [
          [
            0.9999656677246094,
            0.0012207510881125927,
            0.008192995563149452,
            0.0
          ],
          [
            0.002141892211511731,
            0.9173380136489868,
            -0.3981035351753235,
            0.0
          ],
          [
            -0.00800173170864582,
            0.3981074094772339,
            0.9173039197921753,
            0.0
          ],
          [
            0.0,
            0.0,
            0.0,
            1.0
          ]
        ],
        "rotation_mode": "QUATERNION"
      },
      "armature_space": {
        "head": {
          "x": 0.30827218294143677,
          "y": 0.21726588904857635,
          "z": -0.14478105306625366
        },
        "tail": {
          "x": 0.3052293658256531,
          "y": 0.21175821125507355,
          "z": -0.17331436276435852
        }
      },
      "world_space": {
        "head": {
          "x": 0.30827218294143677,
          "y": 0.280509889125824,
          "z": 0.8050729632377625
        },
        "tail": {
          "x": 0.3052293658256531,
          "y": 0.27500221133232117,
          "z": 0.77653968334198
        },
        "rotation_quaternion": {
          "w": 0.10012779384851456,
          "x": -0.0397627130150795,
          "y": -0.6290672421455383,
          "z": 0.7698491811752319
        },
        "matrix": [
          [
            -0.9767866134643555,
            -0.10413987189531326,
            -0.18719741702079773,
            0.30827218294143677
          ],
          [
            0.2041940987110138,
            -0.18849828839302063,
            -0.9606108069419861,
            0.280509889125824
          ],
          [
            0.0647522509098053,
            -0.9765434861183167,
            0.20538762211799622,
            0.8050729632377625
          ],
          [
            0.0,
            0.0,
            0.0,
            1.0
          ]
        ]
      },
      "bone_length_armature_space": 0.029218880701019762,
      "parent": "index_02_l",
      "has_children": false,
      "is_end_bone": true
    },
    "metacarpal_pinky_l": {
      "name": "metacarpal_pinky_l",
      "local": {
        "location": {
          "x": 0.0,
          "y": 0.0,
          "z": 0.0
        },
        "rotation_quaternion": {
          "w": 0.999726414680481,
          "x": -0.012101873755455017,
          "y": 0.006412960588932037,
          "z": -0.018966563045978546
        },
        "scale": {
          "x": 1.0,
          "y": 1.0,
          "z": 1.0
        },
        "matrix_basis": [
          [
            0.9991982579231262,
            0.03776752948760986,
            0.013281473889946938,
            0.0
          ],
          [
            -0.03807796537876129,
            0.99898761510849,
            0.023953862488269806,
            0.0
          ],
          [
            -0.01236335001885891,
            -0.02444038912653923,
            0.9996248483657837,
            0.0
          ],
          [
            0.0,
            0.0,
            0.0,
            1.0
          ]
        ],
        "rotation_mode": "QUATERNION"
      },
      "armature_space": {
        "head": {
          "x": 0.2522405982017517,
          "y": 0.1709425151348114,
          "z": 0.0068153440952301025
        },
        "tail": {
          "x": 0.25495949387550354,
          "y": 0.22475332021713257,
          "z": -0.08229313790798187
        }
      },
      "world_space": {
        "head": {
          "x": 0.2522405982017517,
          "y": 0.23418651521205902,
          "z": 0.9566693305969238
        },
        "tail": {
          "x": 0.25495949387550354,
          "y": 0.287997305393219,
          "z": 0.867560863494873
        },
        "rotation_quaternion": {
          "w": 0.7700372934341431,
          "x": -0.4274407923221588,
          "y": 0.4067227840423584,
          "z": -0.24272090196609497
        },
        "matrix": [
          [
            0.551327109336853,
            0.026110313832759857,
            0.8338804841041565,
            0.2522405982017517
          ],
          [
            -0.7215081453323364,
            0.5167618989944458,
            0.46085041761398315,
            0.23418651521205902
          ],
          [
            -0.41888850927352905,
            -0.8557363748550415,
            0.30374622344970703,
            0.9566693305969238
          ],
          [
            0.0,
            0.0,
            0.0,
            1.0
          ]
        ]
      },
      "bone_length_armature_space": 0.10413124577587755,
      "parent": "lowerarm_l",
      "has_children": true,
      "is_end_bone": false
    },
    "pinky_01_l": {
      "name": "pinky_01_l",
      "local": {
        "location": {
          "x": 0.0,
          "y": 0.0,
          "z": 0.0
        },
        "rotation_quaternion": {
          "w": 0.9980891346931458,
          "x": 0.06056518852710724,
          "y": 0.012192755937576294,
          "z": 0.0011995764216408134
        },
        "scale": {
          "x": 1.0,
          "y": 1.0,
          "z": 1.0
        },
        "matrix_basis": [
          [
            0.9996997714042664,
            -0.0009176552412100136,
            0.024484219029545784,
            0.0
          ],
          [
            0.0038714813999831676,
            0.9926608204841614,
            -0.12086965888738632,
            0.0
          ],
          [
            -0.02419360913336277,
            0.12092816829681396,
            0.992366373538971,
            0.0
          ],
          [
            0.0,
            0.0,
            0.0,
            1.0
          ]
        ],
        "rotation_mode": "QUATERNION"
      },
      "armature_space": {
        "head": {
          "x": 0.25495949387550354,
          "y": 0.22475332021713257,
          "z": -0.08229313790798187
        },
        "tail": {
