{
  "metadata": {
    "armature_name": "KIM_caucasian_male",
    "export_time": "2026-01-13T20:56:13.534774",
    "blender_version": "4.4.1",
    "bone_count": 56,
    "end_bone_count": 13,
    "spaces_included": [
      "LOCAL_CHANNELS",
      "ARMATURE_SPACE",
      "WORLD_SPACE"
    ],
    "note": "LOCAL matches Transform panel; replay pose via local.matrix_basis for best fidelity."
  },
  "bones": {
    "Root": {
      "name": "Root",
      "local": {
        "location": {
          "x": 0.0,
          "y": 0.0,
          "z": 0.0
        },
        "rotation_quaternion": {
          "w": 0.9999027252197266,
          "x": 0.011514388024806976,
          "y": 0.002096079522743821,
          "z": -0.0075863986276090145
        },
        "scale": {
          "x": 1.0,
          "y": 1.0,
          "z": 1.0
        },
        "matrix_basis": [
          [
            0.999876081943512,
            0.015219591557979584,
            0.004017045721411705,
            0.0
          ],
          [
            -0.015123051591217518,
            0.999619722366333,
            -0.023058339953422546,
            0.0
          ],
          [
            -0.004366456530988216,
            0.02299473248422146,
            0.9997260570526123,
            0.0
          ],
          [
            0.0,
            0.0,
            0.0,
            1.0
          ]
        ],
        "rotation_mode": "QUATERNION"
      },
      "armature_space": {
        "head": {
          "x": 0.0,
          "y": 0.07072800397872925,
          "z": -0.009595036506652832
        },
        "tail": {
          "x": 0.001086311531253159,
          "y": -0.0001937374472618103,
          "z": -0.0016300324350595474
        }
      },
      "world_space": {
        "head": {
          "x": 0.0,
          "y": 0.13397200405597687,
          "z": 0.9402589797973633
        },
        "tail": {
          "x": 0.001086311531253159,
          "y": 0.06305026262998581,
          "z": 0.9482240080833435
        },
        "rotation_quaternion": {
          "w": 0.05587287247180939,
          "x": 0.9984068870544434,
          "y": 0.007710373029112816,
          "z": 0.001580238458700478
        },
        "matrix": [
          [
            0.999876081943512,
            0.015219591557979584,
            0.004017045721411705,
            0.0
          ],
          [
            0.015572763979434967,
            -0.9936375021934509,
            -0.11154382675886154,
            0.13397200405597687
          ],
          [
            0.0022938663605600595,
            0.11159239709377289,
            -0.993758499622345,
            0.9402589797973633
          ],
          [
            0.0,
            0.0,
            0.0,
            1.0
          ]
        ]
      },
      "bone_length_armature_space": 0.07137587014780719,
      "parent": null,
      "has_children": true,
      "is_end_bone": false
    },
    "spine_01": {
      "name": "spine_01",
      "local": {
        "location": {
          "x": 0.0,
          "y": 0.0,
          "z": 0.0
        },
        "rotation_quaternion": {
          "w": 0.9987219572067261,
          "x": 0.020358314737677574,
          "y": -0.008706582710146904,
          "z": 0.04543580487370491
        },
        "scale": {
          "x": 1.0,
          "y": 1.0,
          "z": 1.0
        },
        "matrix_basis": [
          [
            0.9957195520401001,
            -0.0911099761724472,
            -0.01554091740399599,
            0.0
          ],
          [
            0.09040097147226334,
            0.9950422644615173,
            -0.041455771774053574,
            0.0
          ],
          [
            0.019240902736783028,
            0.039873410016298294,
            0.9990194439888,
            0.0
          ],
          [
            0.0,
            0.0,
            0.0,
            1.0
          ]
        ],
        "rotation_mode": "QUATERNION"
      },
      "armature_space": {
        "head": {
          "x": 0.001086311531253159,
          "y": -0.0001937374472618103,
          "z": -0.0016300324350595474
        },
        "tail": {
          "x": -0.04436100646853447,
          "y": -0.008827226236462593,
          "z": 0.4841770529747009
        }
      },
      "world_space": {
        "head": {
          "x": 0.001086311531253159,
          "y": 0.06305026262998581,
          "z": 0.9482240080833435
        },
        "tail": {
          "x": -0.04436100646853447,
          "y": 0.054416775703430176,
          "z": 1.4340310096740723
        },
        "rotation_quaternion": {
          "w": 0.7000356316566467,
          "x": 0.7125848531723022,
          "y": -0.03322875499725342,
          "z": 0.032693251967430115
        },
        "matrix": [
          [
            0.9956539869308472,
            -0.09312951564788818,
            7.014255970716476e-05,
            0.001086311531253159
          ],
          [
            -0.0015843585133552551,
            -0.017691530287265778,
            -0.9998423457145691,
            0.06305026262998581
          ],
          [
            0.09311672300100327,
            0.995503842830658,
            -0.017763247713446617,
            0.9482240080833435
          ],
          [
            0.0,
            0.0,
            0.0,
            1.0
          ]
        ]
      },
      "bone_length_armature_space": 0.4880046319701533,
      "parent": "Root",
      "has_children": true,
      "is_end_bone": false
    },
    "neck_01": {
      "name": "neck_01",
      "local": {
        "location": {
          "x": 0.0,
          "y": 0.0,
          "z": 0.0
        },
        "rotation_quaternion": {
          "w": 0.9901508688926697,
          "x": -0.06694120913743973,
          "y": -0.08403369039297104,
          "z": 0.08976959437131882
        },
        "scale": {
          "x": 1.0,
          "y": 1.0,
          "z": 1.0
        },
        "matrix_basis": [
          [
            0.9697595238685608,
            -0.16652025282382965,
            -0.17843063175678253,
            0.0
          ],
          [
            0.1890215128660202,
            0.9749205708503723,
            0.1174764558672905,
            0.0
          ],
          [
            0.1543934941291809,
            -0.14765113592147827,
            0.9769144058227539,
            0.0
          ],
          [
            0.0,
            0.0,
            0.0,
            1.0
          ]
        ],
        "rotation_mode": "QUATERNION"
      },
      "armature_space": {
        "head": {
          "x": -0.05117737129330635,
          "y": -0.04479754716157913,
          "z": 0.5564503073692322
        },
        "tail": {
          "x": -0.07729412615299225,
          "y": -0.07044555246829987,
          "z": 0.6522148251533508
        }
      },
      "world_space": {
        "head": {
          "x": -0.05117737129330635,
          "y": 0.018446452915668488,
          "z": 1.5063042640686035
        },
        "tail": {
          "x": -0.07729412615299225,
          "y": -0.007201552391052246,
          "z": 1.6020689010620117
        },
        "rotation_quaternion": {
          "w": 0.5936292409896851,
          "x": 0.7904865741729736,
          "y": -0.15005967020988464,
          "z": 0.014743220061063766
        },
        "matrix": [
          [
            0.9545291662216187,
            -0.25474458932876587,
            -0.1548522710800171,
            -0.05117737129330635
          ],
          [
            -0.21973758935928345,
            -0.25017237663269043,
            -0.9429366588592529,
            0.018446452915668488
          ],
          [
            0.20146942138671875,
            0.9340935349464417,
            -0.2947767376899719,
            1.5063042640686035
          ],
          [
            0.0,
            0.0,
            0.0,
            1.0
          ]
        ]
      },
      "bone_length_armature_space": 0.10252194091358165,
      "parent": "spine_01",
      "has_children": true,
      "is_end_bone": false
    },
    "head": {
      "name": "head",
      "local": {
        "location": {
          "x": 0.0,
          "y": 0.0,
          "z": 0.0
        },
        "rotation_quaternion": {
          "w": 0.9672345519065857,
          "x": -0.04480661451816559,
          "y": -0.12235746532678604,
          "z": 0.21789537370204926
        },
        "scale": {
          "x": 1.0,
          "y": 1.0,
          "z": 1.0
        },
        "matrix_basis": [
          [
            0.8751004934310913,
            -0.41054701805114746,
            -0.25622305274009705,
            0.0
          ],
          [
            0.4324767291545868,
            0.9010279178619385,
            0.033354759216308594,
            0.0
          ],
          [
            0.21717043220996857,
            -0.13999925553798676,
            0.9660420417785645,
            0.0
          ],
          [
            0.0,
            0.0,
            0.0,
            1.0
          ]
        ],
        "rotation_mode": "QUATERNION"
      },
      "armature_space": {
        "head": {
          "x": -0.07729412615299225,
          "y": -0.07044567912817001,
          "z": 0.6522147059440613
        },
        "tail": {
          "x": -0.15827322006225586,
          "y": -0.02017679065465927,
          "z": 0.7745610475540161
        }
      },
      "world_space": {
        "head": {
          "x": -0.07729412615299225,
          "y": -0.007201679050922394,
          "z": 1.6020686626434326
        },
        "tail": {
          "x": -0.15827322006225586,
          "y": 0.04306720942258835,
          "z": 1.7244150638580322
        },
        "rotation_quaternion": {
          "w": 0.719172477722168,
          "x": 0.5785379409790039,
          "y": -0.38059598207473755,
          "z": 0.056846097111701965
        },
        "matrix": [
          [
            0.7038317322731018,
            -0.5221419334411621,
            -0.4816521406173706,
            -0.07729412615299225
          ],
          [
            -0.3586115539073944,
            0.3241267502307892,
            -0.8754084706306458,
            -0.007201679050922394
          ],
          [
            0.6132076382637024,
            0.7888720035552979,
            0.04088398441672325,
            1.6020686626434326
          ],
          [
            0.0,
            0.0,
            0.0,
            1.0
          ]
        ]
      },
      "bone_length_armature_space": 0.1550909467952934,
      "parent": "neck_01",
      "has_children": false,
      "is_end_bone": true
    },
    "upperarm_l": {
      "name": "upperarm_l",
      "local": {
        "location": {
          "x": 0.0,
          "y": 0.0,
          "z": 0.0
        },
        "rotation_quaternion": {
          "w": 0.9682844877243042,
          "x": -0.19138246774673462,
          "y": 0.09427429735660553,
          "z": -0.13003966212272644
        },
        "scale": {
          "x": 1.0,
          "y": 1.0,
          "z": 1.0
        },
        "matrix_basis": [
          [
            0.94840407371521,
            0.21574588119983673,
            0.23234330117702484,
            0.0
          ],
          [
            -0.2879156768321991,
            0.8929248452186584,
            0.34610655903816223,
            0.0
          ],
          [
            -0.13279405236244202,
            -0.39514413475990295,
            0.9089702367782593,
            0.0
          ],
          [
            0.0,
            0.0,
            0.0,
            1.0
          ]
        ],
        "rotation_mode": "QUATERNION"
      },
      "armature_space": {
        "head": {
          "x": 0.10442998260259628,
          "y": -0.047034814953804016,
          "z": 0.5034555792808533
        },
        "tail": {
          "x": 0.3426573574542999,
          "y": 0.0701707974076271,
          "z": 0.46714872121810913
        }
      },
      "world_space": {
        "head": {
          "x": 0.10442998260259628,
          "y": 0.016209185123443604,
          "z": 1.4533095359802246
        },
        "tail": {
          "x": 0.3426573574542999,
          "y": 0.13341480493545532,
          "z": 1.4170026779174805
        },
        "rotation_quaternion": {
          "w": 0.4923650026321411,
          "x": 0.38042375445365906,
          "y": 0.6901225447654724,
          "z": -0.36957451701164246
        },
        "matrix": [
          [
            -0.22570830583572388,
            0.8890094757080078,
            0.39839398860931396,
            0.10442998260259628
          ],
          [
            0.16114729642868042,
            0.4373842775821686,
            -0.8847185373306274,
            0.016209185123443604
          ],
          [
            -0.9607809782028198,
            -0.13548876345157623,
            -0.2419852912425995,
            1.4533095359802246
          ],
          [
            0.0,
            0.0,
            0.0,
            1.0
          ]
        ]
      },
      "bone_length_armature_space": 0.26796944311597287,
      "parent": "spine_01",
      "has_children": true,
      "is_end_bone": false
    },
    "lowerarm_l": {
      "name": "lowerarm_l",
      "local": {
        "location": {
          "x": 0.0,
          "y": 0.0,
          "z": 0.0
        },
        "rotation_quaternion": {
          "w": 0.9909953474998474,
          "x": 0.11256959289312363,
          "y": 0.0022679404355585575,
          "z": 0.07246537506580353
        },
        "scale": {
          "x": 1.0,
          "y": 1.0,
          "z": 1.0
        },
        "matrix_basis": [
          [
            0.9894872307777405,
            -0.1431151032447815,
            0.020809832960367203,
            0.0
          ],
          [
            0.14413629472255707,
            0.9641537070274353,
            -0.2227831929922104,
            0.0
          ],
          [
            0.011819758452475071,
            0.22344057261943817,
            0.9746459126472473,
            0.0
          ],
          [
            0.0,
            0.0,
            0.0,
            1.0
          ]
        ],
        "rotation_mode": "QUATERNION"
      },
      "armature_space": {
        "head": {
          "x": 0.3426574766635895,
          "y": 0.07017077505588531,
          "z": 0.4671488404273987
        },
        "tail": {
          "x": 0.6089907884597778,
          "y": 0.09396412968635559,
          "z": 0.47550076246261597
        }
      },
      "world_space": {
        "head": {
          "x": 0.3426574766635895,
          "y": 0.13341477513313293,
          "z": 1.4170029163360596
        },
        "tail": {
          "x": 0.6089907884597778,
          "y": 0.1572081297636032,
          "z": 1.4253547191619873
        },
        "rotation_quaternion": {
          "w": 0.5061465501785278,
          "x": 0.5053840279579163,
          "y": 0.5369225740432739,
          "z": -0.4473441541194916
        },
        "matrix": [
          [
            0.023195432499051094,
            0.9955474734306335,
            0.0913606584072113,
            0.3426574766635895
          ],
          [
            0.08986027538776398,
            0.08893896639347076,
            -0.9919754862785339,
            0.13341477513313293
          ],
          [
            -0.9956911206245422,
            0.031219294294714928,
            -0.08739878237247467,
            1.4170029163360596
          ],
          [
            0.0,
            0.0,
            0.0,
            1.0
          ]
        ]
      },
      "bone_length_armature_space": 0.2675244096101182,
      "parent": "upperarm_l",
      "has_children": true,
      "is_end_bone": false
    },
    "metacarpal_thumb_l": {
      "name": "metacarpal_thumb_l",
      "local": {
        "location": {
          "x": 0.0,
          "y": 0.0,
          "z": 0.0
        },
        "rotation_quaternion": {
          "w": 0.9997698068618774,
          "x": 0.017929943278431892,
          "y": -0.009922591969370842,
          "z": -0.006367177702486515
        },
        "scale": {
          "x": 1.0,
          "y": 1.0,
          "z": 1.0
        },
        "matrix_basis": [
          [
            0.9997220039367676,
            0.012375600636005402,
            -0.02006894163787365,
            0.0
          ],
          [
            -0.013087247498333454,
            0.9992759227752686,
            -0.035725273191928864,
            0.0
          ],
          [
            0.01961228996515274,
            0.03597798943519592,
            0.99916011095047,
            0.0
          ],
          [
            0.0,
            0.0,
            0.0,
            1.0
          ]
        ],
        "rotation_mode": "QUATERNION"
      },
      "armature_space": {
        "head": {
          "x": 0.6089907884597778,
          "y": 0.09396412968635559,
          "z": 0.47550076246261597
        },
        "tail": {
          "x": 0.6507031917572021,
          "y": 0.07012086361646652,
          "z": 0.46345260739326477
        }
      },
      "world_space": {
        "head": {
          "x": 0.6089907884597778,
          "y": 0.1572081297636032,
          "z": 1.4253547191619873
        },
        "tail": {
          "x": 0.6507031917572021,
          "y": 0.13336485624313354,
          "z": 1.4133065938949585
        },
        "rotation_quaternion": {
          "w": 0.10682360827922821,
          "x": -0.8585280179977417,
          "y": -0.4979070723056793,
          "z": 0.06005886569619179
        },
        "matrix": [
          [
            0.4969625174999237,
            0.8421024680137634,
            -0.20950159430503845,
            0.6089907884597778
          ],
          [
            0.8677659630775452,
            -0.481354683637619,
            0.12361332029104233,
            0.1572081297636032
          ],
          [
            0.0032514147460460663,
            -0.2432316690683365,
            -0.9699699282646179,
            1.4253547191619873
          ],
          [
            0.0,
            0.0,
            0.0,
            1.0
          ]
        ]
      },
      "bone_length_armature_space": 0.049533664789709254,
      "parent": "lowerarm_l",
      "has_children": true,
      "is_end_bone": false
    },
    "thumb_01_l": {
      "name": "thumb_01_l",
      "local": {
        "location": {
          "x": 0.0,
          "y": 0.0,
          "z": 0.0
        },
        "rotation_quaternion": {
          "w": 0.9850056767463684,
          "x": 0.17210742831230164,
          "y": -0.011478113941848278,
          "z": -0.003366789547726512
        },
        "scale": {
          "x": 1.0,
          "y": 1.0,
          "z": 1.0
        },
        "matrix_basis": [
          [
            0.9997138381004333,
            0.002681676298379898,
            -0.02377091348171234,
            0.0
          ],
          [
            -0.010583550669252872,
            0.940735399723053,
            -0.33897629380226135,
            0.0
          ],
          [
            0.021453116089105606,
            0.33913087844848633,
            0.9404945969581604,
            0.0
          ],
          [
            0.0,
            0.0,
            0.0,
            1.0
          ]
        ],
        "rotation_mode": "QUATERNION"
      },
      "armature_space": {
        "head": {
          "x": 0.6507031917572021,
          "y": 0.07012086361646652,
          "z": 0.46345260739326477
        },
        "tail": {
          "x": 0.6679691076278687,
          "y": 0.06907972693443298,
          "z": 0.43413639068603516
        }
      },
      "world_space": {
        "head": {
          "x": 0.6507031917572021,
          "y": 0.13336485624313354,
          "z": 1.4133065938949585
        },
        "tail": {
          "x": 0.6679691076278687,
          "y": 0.1323237270116806,
          "z": 1.3839904069900513
        },
        "rotation_quaternion": {
          "w": 0.6954307556152344,
          "x": -0.6350626945495605,
          "y": -0.032909221947193146,
          "z": -0.3346468210220337
        },
        "matrix": [
          [
            0.7738551497459412,
            0.5072463750839233,
            0.3792738616466522,
            0.6507031917572021
          ],
          [
            -0.4236513674259186,
            -0.030586957931518555,
            0.9053090214729309,
            0.13336485624313354
          ],
          [
            0.4708184599876404,
            -0.8612641096115112,
            0.19122803211212158,
            1.4133065938949585
          ],
          [
            0.0,
            0.0,
            0.0,
            1.0
          ]
        ]
      },
      "bone_length_armature_space": 0.034038747741093445,
      "parent": "metacarpal_thumb_l",
      "has_children": true,
      "is_end_bone": false
    },
    "thumb_02_l": {
      "name": "thumb_02_l",
      "local": {
        "location": {
          "x": 0.0,
          "y": 0.0,
          "z": 0.0
        },
        "rotation_quaternion": {
          "w": 0.9342242479324341,
          "x": 0.35666370391845703,
          "y": -0.0026005718391388655,
          "z": -0.003048879560083151
        },
        "scale": {
          "x": 1.0,
          "y": 1.0,
          "z": 1.0
        },
        "matrix_basis": [
          [
            0.9999678730964661,
            0.003841615281999111,
            -0.007033884059637785,
            0.0
          ],
          [
            -0.0075517334043979645,
            0.7455633878707886,
            -0.666391909122467,
            0.0
          ],
          [
            0.002684185281395912,
            0.6664236187934875,
            0.7455684542655945,
            0.0
          ],
          [
            0.0,
            0.0,
            0.0,
            1.0
          ]
        ],
        "rotation_mode": "QUATERNION"
      },
      "armature_space": {
        "head": {
          "x": 0.6679691076278687,
          "y": 0.0690796971321106,
          "z": 0.43413639068603516
        },
        "tail": {
          "x": 0.6950274109840393,
          "y": 0.0845862627029419,
          "z": 0.45944610238075256
        }
      },
      "world_space": {
        "head": {
          "x": 0.6679691076278687,
          "y": 0.13232369720935822,
          "z": 1.3839904069900513
        },
        "tail": {
          "x": 0.6950274109840393,
          "y": 0.14783026278018951,
          "z": 1.4093000888824463
        },
        "rotation_quaternion": {
          "w": 0.7661610245704651,
          "x": 0.1900477558374405,
          "y": -0.3256321847438812,
          "z": -0.5204257369041443
        },
        "matrix": [
          [
            0.24623917043209076,
            0.6736893057823181,
            -0.6967841982841492,
            0.6679691076278687
          ],
          [
            -0.9212313890457153,
            0.38607722520828247,
            0.04772312939167023,
            0.13232369720935822
          ],
          [
            0.3011642396450043,
            0.6301530599594116,
            0.7156962156295776,
            1.3839904069900513
          ],
          [
            0.0,
            0.0,
            0.0,
            1.0
          ]
        ]
      },
      "bone_length_armature_space": 0.040164497344705875,
      "parent": "thumb_01_l",
      "has_children": true,
      "is_end_bone": false
    },
    "thumb_03_l": {
      "name": "thumb_03_l",
      "local": {
        "location": {
          "x": 0.0,
          "y": 0.0,
          "z": 0.0
        },
        "rotation_quaternion": {
          "w": 0.9841517210006714,
          "x": 0.17730355262756348,
          "y": 0.002292127814143896,
          "z": -0.0019041551277041435
        },
        "scale": {
          "x": 1.0,
          "y": 1.0,
          "z": 1.0
        },
        "matrix_basis": [
          [
            0.9999822378158569,
            0.004560759756714106,
            0.003836376126855612,
            0.0
          ],
          [
            -0.002935150172561407,
            0.9371196627616882,
            -0.3489959239959717,
            0.0
          ],
          [
            -0.005186830181628466,
            0.3489784598350525,
            0.9371163845062256,
            0.0
          ],
          [
            0.0,
            0.0,
            0.0,
            1.0
          ]
        ],
        "rotation_mode": "QUATERNION"
      },
      "armature_space": {
        "head": {
          "x": 0.6950274705886841,
          "y": 0.08458618819713593,
          "z": 0.4594460427761078
        },
        "tail": {
          "x": 0.6998000741004944,
          "y": 0.09543175250291824,
          "z": 0.48749062418937683
        }
      },
      "world_space": {
        "head": {
          "x": 0.6950274705886841,
          "y": 0.14783018827438354,
          "z": 1.4093000888824463
        },
        "tail": {
          "x": 0.6998000741004944,
          "y": 0.15867576003074646,
          "z": 1.4373446702957153
        },
        "rotation_quaternion": {
          "w": 0.7625846266746521,
          "x": 0.4820244014263153,
          "y": -0.31077733635902405,
          "z": -0.2992234528064728
        },
        "matrix": [
          [
            0.6277649998664856,
            0.1567624807357788,
            -0.7624539136886597,
            0.6950274705886841
          ],
          [
            -0.7559713125228882,
            0.356236070394516,
            -0.5491845607757568,
            0.14783018827438354
          ],
          [
            0.18552254140377045,
            0.921159029006958,
            0.34214240312576294,
            1.4093000888824463
          ],
          [
            0.0,
            0.0,
            0.0,
            1.0
          ]
        ]
      },
      "bone_length_armature_space": 0.03044507429124083,
      "parent": "thumb_02_l",
      "has_children": false,
      "is_end_bone": true
    },
    "metacarpal_index_l": {
      "name": "metacarpal_index_l",
      "local": {
        "location": {
          "x": 0.0,
          "y": 0.0,
          "z": 0.0
        },
        "rotation_quaternion": {
          "w": 0.999891996383667,
          "x": 0.007156764157116413,
          "y": -0.006001610308885574,
          "z": -0.011355480179190636
        },
        "scale": {
          "x": 1.0,
          "y": 1.0,
          "z": 1.0
        },
        "matrix_basis": [
          [
            0.9996700882911682,
            0.02262260392308235,
            -0.012164461426436901,
            0.0
          ],
          [
            -0.022794412449002266,
            0.9996396899223328,
            -0.014175680465996265,
            0.0
          ],
          [
            0.011839387007057667,
            0.014448285102844238,
            0.9998255372047424,
            0.0
          ],
          [
            0.0,
            0.0,
            0.0,
            1.0
          ]
        ],
        "rotation_mode": "QUATERNION"
      },
      "armature_space": {
        "head": {
          "x": 0.6089907884597778,
          "y": 0.09396412968635559,
          "z": 0.47550076246261597
        },
        "tail": {
          "x": 0.7234593629837036,
          "y": 0.07037001103162766,
          "z": 0.4671652317047119
        }
      },
      "world_space": {
        "head": {
          "x": 0.6089907884597778,
          "y": 0.1572081297636032,
          "z": 1.4253547191619873
        },
        "tail": {
          "x": 0.7234593629837036,
          "y": 0.13361400365829468,
          "z": 1.417019248008728
        },
        "rotation_quaternion": {
          "w": 0.14265848696231842,
          "x": 0.7403271794319153,
          "y": 0.6156021952629089,
          "z": -0.2293432652950287
        },
        "matrix": [
          [
            0.13687047362327576,
            0.9769296646118164,
            -0.16393393278121948,
            0.6089907884597778
          ],
          [
            0.846058189868927,
            -0.20136356353759766,
            -0.49359771609306335,
            0.1572081297636032
          ],
          [
            -0.5152234435081482,
            -0.07113941013813019,
            -0.8541067242622375,
            1.4253547191619873
          ],
          [
            0.0,
            0.0,
            0.0,
            1.0
          ]
        ]
      },
      "bone_length_armature_space": 0.11717174710997805,
      "parent": "lowerarm_l",
      "has_children": true,
      "is_end_bone": false
    },
    "index_01_l": {
      "name": "index_01_l",
      "local": {
        "location": {
          "x": 0.0,
          "y": 0.0,
          "z": 0.0
        },
        "rotation_quaternion": {
          "w": 0.977920413017273,
          "x": 0.20846284925937653,
          "y": 0.010416930541396141,
          "z": -0.01031920313835144
        },
        "scale": {
          "x": 1.0,
          "y": 1.0,
          "z": 1.0
        },
        "matrix_basis": [
          [
            0.9995700120925903,
            0.024525804445147514,
            0.016071517020463943,
            0.0
          ],
          [
            -0.015839632600545883,
            0.9128735065460205,
            -0.40793514251708984,
            0.0
          ],
          [
            -0.02467619813978672,
            0.4075051546096802,
            0.9128694534301758,
            0.0
          ],
          [
            0.0,
            0.0,
            0.0,
            1.0
          ]
        ],
        "rotation_mode": "QUATERNION"
      },
      "armature_space": {
        "head": {
          "x": 0.7234593629837036,
          "y": 0.07037001103162766,
          "z": 0.4671652317047119
        },
        "tail": {
          "x": 0.7483187317848206,
          "y": 0.0699775218963623,
          "z": 0.45320355892181396
        }
      },
      "world_space": {
        "head": {
          "x": 0.7234593629837036,
          "y": 0.13361400365829468,
          "z": 1.417019248008728
        },
        "tail": {
          "x": 0.7483187317848206,
          "y": 0.13322152197360992,
          "z": 1.40305757522583
        },
        "rotation_quaternion": {
          "w": 0.0036201642360538244,
          "x": -0.6225457787513733,
          "y": -0.7022148370742798,
          "z": 0.3454244136810303
        },
        "matrix": [
          [
            -0.22484496235847473,
            0.8718199729919434,
            -0.4351714253425598,
            0.7234593629837036
          ],
          [
            0.8768242001533508,
            -0.013764694333076477,
            -0.48061439394950867,
            0.13361400365829468
          ],
          [
            -0.42500144243240356,
            -0.4896361231803894,
            -0.7613438963890076,
            1.417019248008728
          ],
          [
            0.0,
            0.0,
            0.0,
            1.0
          ]
        ]
      },
      "bone_length_armature_space": 0.028514392575663867,
      "parent": "metacarpal_index_l",
      "has_children": true,
      "is_end_bone": false
    },
    "index_02_l": {
      "name": "index_02_l",
      "local": {
        "location": {
          "x": 0.0,
          "y": 0.0,
          "z": 0.0
        },
        "rotation_quaternion": {
          "w": 0.9247622489929199,
          "x": 0.3804647624492645,
          "y": 0.0038173783104866743,
          "z": 0.006857302039861679
        },
        "scale": {
          "x": 1.0,
          "y": 1.0,
          "z": 1.0
        },
        "matrix_basis": [
          [
            0.9998767971992493,
            -0.009777992032468319,
            0.012278257869184017,
            0.0
          ],
          [
            0.015587504021823406,
            0.7103990912437439,
            -0.7036265730857849,
            0.0
          ],
          [
            -0.0018424111185595393,
            0.7037312388420105,
            0.7104640007019043,
            0.0
          ],
          [
            0.0,
            0.0,
            0.0,
            1.0
          ]
        ],
        "rotation_mode": "QUATERNION"
      },
      "armature_space": {
        "head": {
          "x": 0.7483190298080444,
          "y": 0.06997715681791306,
          "z": 0.4532032310962677
        },
        "tail": {
          "x": 0.7574101090431213,
          "y": 0.06062638759613037,
          "z": 0.4311122000217438
        }
      },
      "world_space": {
        "head": {
          "x": 0.7483190298080444,
          "y": 0.13322114944458008,
          "z": 1.4030572175979614
        },
        "tail": {
          "x": 0.7574101090431213,
          "y": 0.12387038767337799,
          "z": 1.3809661865234375
        },
        "rotation_quaternion": {
          "w": 0.2053472250699997,
          "x": -0.5709985494613647,
          "y": -0.5249558687210083,
          "z": 0.5968371629714966
        },
        "matrix": [
          [
            -0.2635872960090637,
            0.35438284277915955,
            -0.8971812725067139,
            0.7483190298080444
          ],
          [
            0.8446159362792969,
            -0.36450594663619995,
            -0.3921220600605011,
            0.13322114944458008
          ],
          [
            -0.4659916162490845,
            -0.8611385822296143,
            -0.20324009656906128,
            1.4030572175979614
          ],
          [
            0.0,
            0.0,
            0.0,
            1.0
          ]
        ]
      },
      "bone_length_armature_space": 0.025653425589139273,
      "parent": "index_01_l",
      "has_children": true,
      "is_end_bone": false
    },
    "index_03_l": {
      "name": "index_03_l",
      "local": {
        "location": {
          "x": 0.0,
          "y": 0.0,
          "z": 0.0
        },
        "rotation_quaternion": {
          "w": 0.9661622047424316,
          "x": 0.2578829824924469,
          "y": 0.004243430681526661,
          "z": 0.0029933471232652664
        },
        "scale": {
          "x": 1.0,
          "y": 1.0,
          "z": 1.0
        },
        "matrix_basis": [
          [
            0.9999460577964783,
            -0.00359550048597157,
            0.009743550792336464,
            0.0
          ],
          [
            0.007972734980285168,
            0.8669748306274414,
            -0.49828818440437317,
            0.0
          ],
          [
            -0.0066558183170855045,
            0.4983389973640442,
            0.8669567108154297,
            0.0
          ],
          [
            0.0,
            0.0,
            0.0,
            1.0
          ]
        ],
        "rotation_mode": "QUATERNION"
      },
      "armature_space": {
        "head": {
          "x": 0.7574102282524109,
          "y": 0.060626424849033356,
          "z": 0.43111225962638855
        },
        "tail": {
          "x": 0.7500118017196655,
          "y": 0.04809342697262764,
          "z": 0.40577593445777893
        }
      },
      "world_space": {
        "head": {
          "x": 0.7574102282524109,
          "y": 0.12387042492628098,
          "z": 1.380966305732727
        },
        "tail": {
          "x": 0.7500118017196655,
          "y": 0.11133742332458496,
          "z": 1.3556299209594727
        },
        "rotation_quaternion": {
          "w": 0.4108605682849884,
          "x": -0.4723791778087616,
          "y": -0.3416498303413391,
          "z": 0.7009472250938416
        },
        "matrix": [
          [
            -0.21610264480113983,
            -0.25320836901664734,
            -0.9429659843444824,
            0.7574102282524109
          ],
          [
            0.8987599611282349,
            -0.42893779277801514,
            -0.09079186618328094,
            0.12387042492628098
          ],
          [
            -0.3814862072467804,
            -0.8671271800994873,
            0.3202704191207886,
            1.380966305732727
          ],
          [
            0.0,
            0.0,
            0.0,
            1.0
          ]
        ]
      },
      "bone_length_armature_space": 0.02921886625811039,
      "parent": "index_02_l",
      "has_children": false,
      "is_end_bone": true
    },
    "metacarpal_pinky_l": {
      "name": "metacarpal_pinky_l",
      "local": {
        "location": {
          "x": 0.0,
          "y": 0.0,
          "z": 0.0
        },
        "rotation_quaternion": {
          "w": 0.9997273683547974,
          "x": 0.014884253963828087,
          "y": 0.015319660305976868,
          "z": -0.009431839920580387
        },
        "scale": {
          "x": 1.0,
          "y": 1.0,
          "z": 1.0
        },
        "matrix_basis": [
          [
            0.9993526935577393,
            0.019314579665660858,
            0.03035019524395466,
            0.0
          ],
          [
            -0.018402494490146637,
            0.9993789792060852,
            -0.03004937805235386,
            0.0
          ],
          [
            -0.03091173991560936,
            0.02947140671312809,
            0.9990875124931335,
            0.0
          ],
          [
            0.0,
            0.0,
            0.0,
            1.0
          ]
        ],
        "rotation_mode": "QUATERNION"
      },
      "armature_space": {
        "head": {
          "x": 0.6089907884597778,
          "y": 0.09396412968635559,
          "z": 0.47550076246261597
        },
        "tail": {
          "x": 0.7058555483818054,
          "y": 0.13143488764762878,
          "z": 0.48300880193710327
        }
      },
      "world_space": {
        "head": {
          "x": 0.6089907884597778,
          "y": 0.1572081297636032,
          "z": 1.4253547191619873
        },
        "tail": {
          "x": 0.7058555483818054,
          "y": 0.1946788877248764,
          "z": 1.4328627586364746
        },
        "rotation_quaternion": {
          "w": 0.8134687542915344,
          "x": 0.13539257645606995,
          "y": 0.1348729133605957,
          "z": -0.5493148565292358
        },
        "matrix": [
          [
            0.3601248562335968,
            0.9302223920822144,
            0.07068177312612534,
            0.6089907884597778
          ],
          [
            -0.8571799397468567,
            0.35984328389167786,
            -0.36845046281814575,
            0.1572081297636032
          ],
          [
            -0.3681786358356476,
            0.07210204005241394,
            0.926962673664093,
            1.4253547191619873
          ],
          [
            0.0,
            0.0,
            0.0,
            1.0
          ]
        ]
      },
      "bone_length_armature_space": 0.10413073490289752,
      "parent": "lowerarm_l",
      "has_children": true,
      "is_end_bone": false
    },
    "pinky_01_l": {
      "name": "pinky_01_l",
      "local": {
        "location": {
          "x": 0.0,
          "y": 0.0,
          "z": 0.0
        },
        "rotation_quaternion": {
          "w": 0.954781711101532,
          "x": 0.2970995306968689,
          "y": 0.008969282731413841,
          "z": 0.006582055240869522
        },
        "scale": {
          "x": 1.0,
          "y": 1.0,
          "z": 1.0
        },
        "matrix_basis": [
          [
            0.9997524619102478,
            -0.007239312399178743,
            0.021038465201854706,
            0.0
          ],
          [
            0.01789839193224907,
            0.8233770728111267,
            -0.5672123432159424,
            0.0
          ],
          [
            -0.01321636326611042,
            0.5674484968185425,
            0.8233028650283813,
            0.0
          ],
          [
            0.0,
            0.0,
            0.0,
            1.0
          ]
        ],
        "rotation_mode": "QUATERNION"
      },
      "armature_space": {
        "head": {
          "x": 0.7058555483818054,
          "y": 0.13143488764762878,
          "z": 0.48300880193710327
        },
        "tail": {
