{
  "metadata": {
    "armature_name": "KIM_caucasian_male",
    "export_time": "2026-01-13T21:02:30.470727",
    "blender_version": "4.4.1",
    "bone_count": 56,
    "end_bone_count": 13,
    "spaces_included": [
      "LOCAL_CHANNELS",
      "ARMATURE_SPACE",
      "WORLD_SPACE"
    ],
    "note": "LOCAL matches Transform panel; replay pose via local.matrix_basis for best fidelity."
  },
  "bones": {
    "Root": {
      "name": "Root",
      "local": {
        "location": {
          "x": 0.0,
          "y": 0.0,
          "z": 0.0
        },
        "rotation_quaternion": {
          "w": 0.9999582171440125,
          "x": -0.001618972048163414,
          "y": -0.0006887412746436894,
          "z": -0.008974991738796234
        },
        "scale": {
          "x": 1.0,
          "y": 1.0,
          "z": 1.0
        },
        "matrix_basis": [
          [
            0.9998379349708557,
            0.017951464280486107,
            -0.0013483645161613822,
            0.0
          ],
          [
            -0.0179470032453537,
            0.9998336434364319,
            0.0032501716632395983,
            0.0
          ],
          [
            0.0014064855640754104,
            -0.003225445980206132,
            0.9999938011169434,
            0.0
          ],
          [
            0.0,
            0.0,
            0.0,
            1.0
          ]
        ],
        "rotation_mode": "QUATERNION"
      },
      "armature_space": {
        "head": {
          "x": 0.0,
          "y": 0.07072800397872925,
          "z": -0.009595036506652832
        },
        "tail": {
          "x": 0.0012813013745471835,
          "y": 4.272162914276123e-05,
          "z": 0.00022653397172689438
        }
      },
      "world_space": {
        "head": {
          "x": 0.0,
          "y": 0.13397200405597687,
          "z": 0.9402589797973633
        },
        "tail": {
          "x": 0.0012813013745471835,
          "y": 0.06328672170639038,
          "z": 0.9500805735588074
        },
        "rotation_quaternion": {
          "w": 0.0689801424741745,
          "x": 0.9975775480270386,
          "y": 0.008908205665647984,
          "z": -0.0012918032007291913
        },
        "matrix": [
          [
            0.9998379349708557,
            0.017951464280486107,
            -0.0013483645161613822,
            0.0
          ],
          [
            0.01759502850472927,
            -0.9903246760368347,
            -0.1376495361328125,
            0.13397200405597687
          ],
          [
            -0.0038063391111791134,
            0.1376035213470459,
            -0.9904871582984924,
            0.9402589797973633
          ],
          [
            0.0,
            0.0,
            0.0,
            1.0
          ]
        ]
      },
      "bone_length_armature_space": 0.07137586536306312,
      "parent": null,
      "has_children": true,
      "is_end_bone": false
    },
    "spine_01": {
      "name": "spine_01",
      "local": {
        "location": {
          "x": 0.0,
          "y": 0.0,
          "z": 0.0
        },
        "rotation_quaternion": {
          "w": 0.9941244125366211,
          "x": 0.0932512879371643,
          "y": 0.03684873878955841,
          "z": -0.040782246738672256
        },
        "scale": {
          "x": 1.0,
          "y": 1.0,
          "z": 1.0
        },
        "matrix_basis": [
          [
            0.9939579367637634,
            0.08795763552188873,
            0.06565846502780914,
            0.0
          ],
          [
            -0.07421287149190903,
            0.979282021522522,
            -0.18841230869293213,
            0.0
          ],
          [
            -0.08087045699357986,
            0.18240121006965637,
            0.9798927307128906,
            0.0
          ],
          [
            0.0,
            0.0,
            0.0,
            1.0
          ]
        ],
        "rotation_mode": "QUATERNION"
      },
      "armature_space": {
        "head": {
          "x": 0.0012813013745471835,
          "y": 4.272162914276123e-05,
          "z": 0.00022653397172689438
        },
        "tail": {
          "x": 0.047175467014312744,
          "y": -0.06419529020786285,
          "z": 0.48180273175239563
        }
      },
      "world_space": {
        "head": {
          "x": 0.0012813013745471835,
          "y": 0.06328672170639038,
          "z": 0.9500805735588074
        },
        "tail": {
          "x": 0.047175467014312744,
          "y": -0.0009512901306152344,
          "z": 1.4316567182540894
        },
        "rotation_quaternion": {
          "w": 0.6559376120567322,
          "x": 0.7522086501121521,
          "y": 0.06267529726028442,
          "z": 0.00018650757556315511
        },
        "matrix": [
          [
            0.9921433925628662,
            0.09404518455266953,
            0.0825033113360405,
            0.0012813013745471835
          ],
          [
            0.0945349931716919,
            -0.1316349357366562,
            -0.9867802858352661,
            0.06328672170639038
          ],
          [
            -0.0819421112537384,
            0.9868339896202087,
            -0.1394932121038437,
            0.9500805735588074
          ],
          [
            0.0,
            0.0,
            0.0,
            1.0
          ]
        ]
      },
      "bone_length_armature_space": 0.4880045433399824,
      "parent": "Root",
      "has_children": true,
      "is_end_bone": false
    },
    "neck_01": {
      "name": "neck_01",
      "local": {
        "location": {
          "x": 0.0,
          "y": 0.0,
          "z": 0.0
        },
        "rotation_quaternion": {
          "w": 0.9816304445266724,
          "x": -0.1557258665561676,
          "y": 0.06826969236135483,
          "z": -0.08654748648405075
        },
        "scale": {
          "x": 1.0,
          "y": 1.0,
          "z": 1.0
        },
        "matrix_basis": [
          [
            0.9756975769996643,
            0.148652583360672,
            0.16098658740520477,
            0.0
          ],
          [
            -0.19117800891399384,
            0.9365179538726807,
            0.2939133644104004,
            0.0
          ],
          [
            -0.10707585513591766,
            -0.31754764914512634,
            0.942177414894104,
            0.0
          ],
          [
            0.0,
            0.0,
            0.0,
            1.0
          ]
        ],
        "rotation_mode": "QUATERNION"
      },
      "armature_space": {
        "head": {
          "x": 0.056922562420368195,
          "y": -0.10805537551641464,
          "z": 0.54921954870224
        },
        "tail": {
          "x": 0.08214077353477478,
          "y": -0.12622813880443573,
          "z": 0.6469157338142395
        }
      },
      "world_space": {
        "head": {
          "x": 0.056922562420368195,
          "y": -0.04481137543916702,
          "z": 1.4990735054016113
        },
        "tail": {
          "x": 0.08214077353477478,
          "y": -0.06298413872718811,
          "z": 1.5967698097229004
        },
        "rotation_quaternion": {
          "w": 0.6182209253311157,
          "x": 0.7671118378639221,
          "y": 0.17080216109752655,
          "z": 0.012996036559343338
        },
        "matrix": [
          [
            0.9413149356842041,
            0.2459801286458969,
            0.2311270833015442,
            0.056922562420368195
          ],
          [
            0.27811887860298157,
            -0.17725837230682373,
            -0.944049596786499,
            -0.04481137543916702
          ],
          [
            -0.1912492960691452,
            0.9529353380203247,
            -0.23527035117149353,
            1.4990735054016113
          ],
          [
            0.0,
            0.0,
            0.0,
            1.0
          ]
        ]
      },
      "bone_length_armature_space": 0.10252196021735475,
      "parent": "spine_01",
      "has_children": true,
      "is_end_bone": false
    },
    "head": {
      "name": "head",
      "local": {
        "location": {
          "x": 0.0,
          "y": 0.0,
          "z": 0.0
        },
        "rotation_quaternion": {
          "w": 0.9711998105049133,
          "x": 0.029612934216856956,
          "y": 0.07235480844974518,
          "z": 0.2250753790140152
        },
        "scale": {
          "x": 1.0,
          "y": 1.0,
          "z": 1.0
        },
        "matrix_basis": [
          [
            0.888211727142334,
            -0.4329010546207428,
            0.15387223660945892,
            0.0
          ],
          [
            0.4414716064929962,
            0.8969283103942871,
            -0.024949580430984497,
            0.0
          ],
          [
            -0.12721167504787445,
            0.09009072184562683,
            0.9877756834030151,
            0.0
          ],
          [
            0.0,
            0.0,
            0.0,
            1.0
          ]
        ],
        "rotation_mode": "QUATERNION"
      },
      "armature_space": {
        "head": {
          "x": 0.08214079588651657,
          "y": -0.12622827291488647,
          "z": 0.64691561460495
        },
        "tail": {
          "x": 0.0432862788438797,
          "y": -0.13346390426158905,
          "z": 0.7968865036964417
        }
      },
      "world_space": {
        "head": {
          "x": 0.08214079588651657,
          "y": -0.06298427283763885,
          "z": 1.5967695713043213
        },
        "tail": {
          "x": 0.0432862788438797,
          "y": -0.07021990418434143,
          "z": 1.7467405796051025
        },
        "rotation_quaternion": {
          "w": 0.6867784857749939,
          "x": 0.6780072450637817,
          "y": 0.07076666504144669,
          "z": 0.25225692987442017
        },
        "matrix": [
          [
            0.8627161979675293,
            -0.250528484582901,
            0.43926769495010376,
            0.08214079588651657
          ],
          [
            0.4424518048763275,
            -0.04665433615446091,
            -0.8955780863761902,
            -0.06298427283763885
          ],
          [
            0.24486374855041504,
            0.9669913053512573,
            0.0705968588590622,
            1.5967695713043213
          ],
          [
            0.0,
            0.0,
            0.0,
            1.0
          ]
        ]
      },
      "bone_length_armature_space": 0.15509124686953904,
      "parent": "neck_01",
      "has_children": false,
      "is_end_bone": true
    },
    "upperarm_l": {
      "name": "upperarm_l",
      "local": {
        "location": {
          "x": 0.0,
          "y": 0.0,
          "z": 0.0
        },
        "rotation_quaternion": {
          "w": 0.9610801339149475,
          "x": -0.055744823068380356,
          "y": 0.2615721821784973,
          "z": 0.06926442682743073
        },
        "scale": {
          "x": 1.0,
          "y": 1.0,
          "z": 1.0
        },
        "matrix_basis": [
          [
            0.8535648584365845,
            -0.16229991614818573,
            0.49506139755249023,
            0.0
          ],
          [
            0.10397473722696304,
            0.9841899275779724,
            0.14338578283786774,
            0.0
          ],
          [
            -0.5105059146881104,
            -0.07091519236564636,
            0.8569450378417969,
            0.0
          ],
          [
            0.0,
            0.0,
            0.0,
            1.0
          ]
        ],
        "rotation_mode": "QUATERNION"
      },
      "armature_space": {
        "head": {
          "x": 0.19968663156032562,
          "y": -0.0881751999258995,
          "z": 0.47016042470932007
        },
        "tail": {
          "x": 0.4625992774963379,
          "y": -0.0403725802898407,
          "z": 0.49014660716056824
        }
      },
      "world_space": {
        "head": {
          "x": 0.19968663156032562,
          "y": -0.024931199848651886,
          "z": 1.4200143814086914
        },
        "tail": {
          "x": 0.4625992774963379,
          "y": 0.02287141978740692,
          "z": 1.4400006532669067
        },
        "rotation_quaternion": {
          "w": 0.34508436918258667,
          "x": 0.5927116274833679,
          "y": 0.6856476068496704,
          "z": -0.24392037093639374
        },
        "matrix": [
          [
            -0.059217941015958786,
            0.9811293482780457,
            0.18406051397323608,
            0.19968663156032562
          ],
          [
            0.6444358825683594,
            0.1783883273601532,
            -0.7435591220855713,
            -0.024931199848651886
          ],
          [
            -0.7623667120933533,
            0.07458381354808807,
            -0.642844021320343,
            1.4200143814086914
          ],
          [
            0.0,
            0.0,
            0.0,
            1.0
          ]
        ]
      },
      "bone_length_armature_space": 0.26796938267518794,
      "parent": "spine_01",
      "has_children": true,
      "is_end_bone": false
    },
    "lowerarm_l": {
      "name": "lowerarm_l",
      "local": {
        "location": {
          "x": 0.0,
          "y": 0.0,
          "z": 0.0
        },
        "rotation_quaternion": {
          "w": 0.9842857122421265,
          "x": 0.0943465456366539,
          "y": -0.06861212849617004,
          "z": -0.13256260752677917
        },
        "scale": {
          "x": 1.0,
          "y": 1.0,
          "z": 1.0
        },
        "matrix_basis": [
          [
            0.9554390907287598,
            0.24801231920719147,
            -0.16008152067661285,
            0.0
          ],
          [
            -0.27390560507774353,
            0.9470517635345459,
            -0.16753710806369781,
            0.0
          ],
          [
            0.11005422472953796,
            0.2039187252521515,
            0.9727821946144104,
            0.0
          ],
          [
            0.0,
            0.0,
            0.0,
            1.0
          ]
        ],
        "rotation_mode": "QUATERNION"
      },
      "armature_space": {
        "head": {
          "x": 0.46259939670562744,
          "y": -0.04037268087267876,
          "z": 0.490146666765213
        },
        "tail": {
          "x": 0.7203813791275024,
          "y": -0.03903491795063019,
          "z": 0.4186200499534607
        }
      },
      "world_space": {
        "head": {
          "x": 0.46259939670562744,
          "y": 0.022871319204568863,
          "z": 1.4400006532669067
        },
        "tail": {
          "x": 0.7203813791275024,
          "y": 0.02420908212661743,
          "z": 1.368474006652832
        },
        "rotation_quaternion": {
          "w": 0.3010231554508209,
          "x": 0.5352514982223511,
          "y": 0.6417837738990784,
          "z": -0.4593523144721985
        },
        "matrix": [
          [
            -0.2457800954580307,
            0.9635826945304871,
            -0.10535635054111481,
            0.46259939670562744
          ],
          [
            0.41048163175582886,
            0.0050005316734313965,
            -0.9118552803993225,
            0.022871319204568863
          ],
          [
            -0.8781271576881409,
            -0.2673647105693817,
            -0.3967658281326294,
            1.4400006532669067
          ],
          [
            0.0,
            0.0,
            0.0,
            1.0
          ]
        ]
      },
      "bone_length_armature_space": 0.2675245713130342,
      "parent": "upperarm_l",
      "has_children": true,
      "is_end_bone": false
    },
    "metacarpal_thumb_l": {
      "name": "metacarpal_thumb_l",
      "local": {
        "location": {
          "x": 0.0,
          "y": 0.0,
          "z": 0.0
        },
        "rotation_quaternion": {
          "w": 0.9998034834861755,
          "x": -0.017588278278708458,
          "y": -0.008080306462943554,
          "z": 0.004298489075154066
        },
        "scale": {
          "x": 1.0,
          "y": 1.0,
          "z": 1.0
        },
        "matrix_basis": [
          [
            0.9998324513435364,
            -0.008311050944030285,
            -0.01630864292383194,
            0.0
          ],
          [
            0.008879526518285275,
            0.9993443489074707,
            0.03510017693042755,
            0.0
          ],
          [
            0.0160062313079834,
            -0.03523911163210869,
            0.9992507100105286,
            0.0
          ],
          [
            0.0,
            0.0,
            0.0,
            1.0
          ]
        ],
        "rotation_mode": "QUATERNION"
      },
      "armature_space": {
        "head": {
          "x": 0.7203813791275024,
          "y": -0.03903491795063019,
          "z": 0.4186200499534607
        },
        "tail": {
          "x": 0.7531501650810242,
          "y": -0.06277298182249069,
          "z": 0.39004895091056824
        }
      },
      "world_space": {
        "head": {
          "x": 0.7203813791275024,
          "y": 0.02420908212661743,
          "z": 1.368474006652832
        },
        "tail": {
          "x": 0.7531501650810242,
          "y": 0.0004710182547569275,
          "z": 1.3399029970169067
        },
        "rotation_quaternion": {
          "w": 0.29159361124038696,
          "x": -0.8549232482910156,
          "y": -0.4187571704387665,
          "z": 0.09339123219251633
        },
        "matrix": [
          [
            0.6318396925926208,
            0.6615458130836487,
            -0.40389981865882874,
            0.7203813791275024
          ],
          [
            0.770476222038269,
            -0.4792309105396271,
            0.42036205530166626,
            0.02420908212661743
          ],
          [
            0.08452890813350677,
            -0.5768013596534729,
            -0.8125079870223999,
            1.368474006652832
          ],
          [
            0.0,
            0.0,
            0.0,
            1.0
          ]
        ]
      },
      "bone_length_armature_space": 0.0495337933175434,
      "parent": "lowerarm_l",
      "has_children": true,
      "is_end_bone": false
    },
    "thumb_01_l": {
      "name": "thumb_01_l",
      "local": {
        "location": {
          "x": 0.0,
          "y": 0.0,
          "z": 0.0
        },
        "rotation_quaternion": {
          "w": 0.9969276189804077,
          "x": -0.07657723873853683,
          "y": -0.009860359132289886,
          "z": -0.01319449208676815
        },
        "scale": {
          "x": 1.0,
          "y": 1.0,
          "z": 1.0
        },
        "matrix_basis": [
          [
            0.9994573593139648,
            0.027818065136671066,
            -0.01763933338224888,
            0.0
          ],
          [
            -0.024797748774290085,
            0.9879236817359924,
            0.15294413268566132,
            0.0
          ],
          [
            0.02168092504143715,
            -0.15242372453212738,
            0.9880774021148682,
            0.0
          ],
          [
            0.0,
            0.0,
            0.0,
            1.0
          ]
        ],
        "rotation_mode": "QUATERNION"
      },
      "armature_space": {
        "head": {
          "x": 0.7531501650810242,
          "y": -0.06277298182249069,
          "z": 0.39004895091056824
        },
        "tail": {
          "x": 0.7525570392608643,
          "y": -0.07062644511461258,
          "z": 0.3569338023662567
        }
      },
      "world_space": {
        "head": {
          "x": 0.7531501650810242,
          "y": 0.0004710182547569275,
          "z": 1.3399029970169067
        },
        "tail": {
          "x": 0.7525570392608643,
          "y": -0.00738244503736496,
          "z": 1.3067878484725952
        },
        "rotation_quaternion": {
          "w": 0.5814666748046875,
          "x": -0.7402351498603821,
          "y": 0.2157212644815445,
          "z": -0.2596396505832672
        },
        "matrix": [
          [
            0.7721030116081238,
            -0.017425723373889923,
            0.6352579593658447,
            0.7531501650810242
          ],
          [
            -0.6213122606277466,
            -0.23072238266468048,
            0.7488246560096741,
            0.0004710182547569275
          ],
          [
            0.13351976871490479,
            -0.9728708267211914,
            -0.1889689564704895,
            1.3399029970169067
          ],
          [
            0.0,
            0.0,
            0.0,
            1.0
          ]
        ]
      },
      "bone_length_armature_space": 0.0340388262626211,
      "parent": "metacarpal_thumb_l",
      "has_children": true,
      "is_end_bone": false
    },
    "thumb_02_l": {
      "name": "thumb_02_l",
      "local": {
        "location": {
          "x": 0.0,
          "y": 0.0,
          "z": 0.0
        },
        "rotation_quaternion": {
          "w": 0.9949772953987122,
          "x": 0.09959942102432251,
          "y": 0.004692528862506151,
          "z": -0.008848575875163078
        },
        "scale": {
          "x": 1.0,
          "y": 1.0,
          "z": 1.0
        },
        "matrix_basis": [
          [
            0.999799370765686,
            0.01854301057755947,
            0.007575293071568012,
            0.0
          ],
          [
            -0.01667351834475994,
            0.980003297328949,
            -0.19828136265277863,
            0.0
          ],
          [
            -0.011100545525550842,
            0.198115274310112,
            0.9801158905029297,
            0.0
          ],
          [
            0.0,
            0.0,
            0.0,
            1.0
          ]
        ],
        "rotation_mode": "QUATERNION"
      },
      "armature_space": {
        "head": {
          "x": 0.7525569796562195,
          "y": -0.07062645256519318,
          "z": 0.3569338321685791
        },
        "tail": {
          "x": 0.7904554605484009,
          "y": -0.07070378959178925,
          "z": 0.3436342775821686
        }
      },
      "world_space": {
        "head": {
          "x": 0.7525569796562195,
          "y": -0.007382452487945557,
          "z": 1.3067878484725952
        },
        "tail": {
          "x": 0.7904554605484009,
          "y": -0.007459789514541626,
          "z": 1.2934882640838623
        },
        "rotation_quaternion": {
          "w": 0.7064160704612732,
          "x": -0.2379152476787567,
          "y": -0.003757903352379799,
          "z": -0.6666023135185242
        },
        "matrix": [
          [
            0.1112532913684845,
            0.9435844421386719,
            0.31188201904296875,
            0.7525569796562195
          ],
          [
            -0.9400097131729126,
            -0.0019254907965660095,
            0.3411426842212677,
            -0.007382452487945557
          ],
          [
            0.3224988877773285,
            -0.33112776279449463,
            0.8867712020874023,
            1.3067878484725952
          ],
          [
            0.0,
            0.0,
            0.0,
            1.0
          ]
        ]
      },
      "bone_length_armature_space": 0.04016439970482692,
      "parent": "thumb_01_l",
      "has_children": true,
      "is_end_bone": false
    },
    "thumb_03_l": {
      "name": "thumb_03_l",
      "local": {
        "location": {
          "x": 0.0,
          "y": 0.0,
          "z": 0.0
        },
        "rotation_quaternion": {
          "w": 0.9969555735588074,
          "x": 0.07775295525789261,
          "y": 0.005526427645236254,
          "z": -0.0018898362759500742
        },
        "scale": {
          "x": 1.0,
          "y": 1.0,
          "z": 1.0
        },
        "matrix_basis": [
          [
            0.9999317526817322,
            0.004627557937055826,
            0.010725324973464012,
            0.0
          ],
          [
            -0.002908773487433791,
            0.9879018068313599,
            -0.15505337715148926,
            0.0
          ],
          [
            -0.011313086375594139,
            0.1550115942955017,
            0.9878478646278381,
            0.0
          ],
          [
            0.0,
            0.0,
            0.0,
            1.0
          ]
        ],
        "rotation_mode": "QUATERNION"
      },
      "armature_space": {
        "head": {
          "x": 0.7904554605484009,
          "y": -0.07070386409759521,
          "z": 0.3436342477798462
        },
        "tail": {
          "x": 0.8200998902320862,
          "y": -0.06382160633802414,
          "z": 0.3444896638393402
        }
      },
      "world_space": {
        "head": {
          "x": 0.7904554605484009,
          "y": -0.007459864020347595,
          "z": 1.2934882640838623
        },
        "tail": {
          "x": 0.8200998902320862,
          "y": -0.0005776062607765198,
          "z": 1.2943437099456787
        },
        "rotation_quaternion": {
          "w": 0.7824004292488098,
          "x": 0.04146004095673561,
          "y": 0.0296290535479784,
          "z": -0.6206874847412109
        },
        "matrix": [
          [
            0.227738156914711,
            0.9737085700035095,
            -0.005104824900627136,
            0.7904554605484009
          ],
          [
            -0.9687954783439636,
            0.2260562777519226,
            -0.10165690630674362,
            -0.007459864020347595
          ],
          [
            -0.09783191978931427,
            0.028097182512283325,
            0.9948135614395142,
            1.2934882640838623
          ],
          [
            0.0,
            0.0,
            0.0,
            1.0
          ]
        ]
      },
      "bone_length_armature_space": 0.03044485846991876,
      "parent": "thumb_02_l",
      "has_children": false,
      "is_end_bone": true
    },
    "metacarpal_index_l": {
      "name": "metacarpal_index_l",
      "local": {
        "location": {
          "x": 0.0,
          "y": 0.0,
          "z": 0.0
        },
        "rotation_quaternion": {
          "w": 0.9996981024742126,
          "x": -0.01468998845666647,
          "y": -0.007402529940009117,
          "z": -0.018253393471240997
        },
        "scale": {
          "x": 1.0,
          "y": 1.0,
          "z": 1.0
        },
        "matrix_basis": [
          [
            0.9992240071296692,
            0.03671324998140335,
            -0.014264306053519249,
            0.0
          ],
          [
            -0.03627827763557434,
            0.9989020228385925,
            0.029641348868608475,
            0.0
          ],
          [
            0.01533687487244606,
            -0.029100865125656128,
            0.9994587898254395,
            0.0
          ],
          [
            0.0,
            0.0,
            0.0,
            1.0
          ]
        ],
        "rotation_mode": "QUATERNION"
      },
      "armature_space": {
        "head": {
          "x": 0.7203813791275024,
          "y": -0.03903491795063019,
          "z": 0.4186200499534607
        },
        "tail": {
          "x": 0.8246538639068604,
          "y": -0.06395597010850906,
          "z": 0.3713396191596985
        }
      },
      "world_space": {
        "head": {
          "x": 0.7203813791275024,
          "y": 0.02420908212661743,
          "z": 1.368474006652832
        },
        "tail": {
          "x": 0.8246538639068604,
          "y": -0.0007119700312614441,
          "z": 1.3211936950683594
        },
        "rotation_quaternion": {
          "w": 0.07337465137243271,
          "x": -0.7419228553771973,
          "y": -0.6231145262718201,
          "z": 0.23642133176326752
        },
        "matrix": [
          [
            0.11166484653949738,
            0.889911413192749,
            -0.44225338101387024,
            0.7203813791275024
          ],
          [
            0.9593001008033752,
            -0.21268828213214874,
            -0.18576134741306305,
            0.02420908212661743
          ],
          [
            -0.2593742311000824,
            -0.4035138487815857,
            -0.877448558807373,
            1.368474006652832
          ],
          [
            0.0,
            0.0,
            0.0,
            1.0
          ]
        ]
      },
      "bone_length_armature_space": 0.11717188005854969,
      "parent": "lowerarm_l",
      "has_children": true,
      "is_end_bone": false
    },
    "index_01_l": {
      "name": "index_01_l",
      "local": {
        "location": {
          "x": 0.0,
          "y": 0.0,
          "z": 0.0
        },
        "rotation_quaternion": {
          "w": 0.9955469369888306,
          "x": -0.09361511468887329,
          "y": 0.0015128091908991337,
          "z": -0.010965758003294468
        },
        "scale": {
          "x": 1.0,
          "y": 1.0,
          "z": 1.0
        },
        "matrix_basis": [
          [
            0.9997549057006836,
            0.021550610661506653,
            0.0050652665086090565,
            0.0
          ],
          [
            -0.022117096930742264,
            0.9822319149971008,
            0.1863633096218109,
            0.0
          ],
          [
            -0.0009590237168595195,
            -0.18642966449260712,
            0.9824678301811218,
            0.0
          ],
          [
            0.0,
            0.0,
            0.0,
            1.0
          ]
        ],
        "rotation_mode": "QUATERNION"
      },
      "armature_space": {
        "head": {
          "x": 0.8246538639068604,
          "y": -0.06395597010850906,
          "z": 0.3713396191596985
        },
        "tail": {
          "x": 0.8521456122398376,
          "y": -0.05812913551926613,
          "z": 0.3665103614330292
        }
      },
      "world_space": {
        "head": {
          "x": 0.8246538639068604,
          "y": -0.0007119700312614441,
          "z": 1.3211936950683594
        },
        "tail": {
          "x": 0.8521456122398376,
          "y": 0.005114864557981491,
          "z": 1.3163644075393677
        },
        "rotation_quaternion": {
          "w": 0.020195046439766884,
          "x": -0.623852550983429,
          "y": -0.7757357358932495,
          "z": 0.09292043745517731
        },
        "matrix": [
          [
            -0.22080004215240479,
            0.9641360640525818,
            -0.1472696214914322,
            0.8246538639068604
          ],
          [
            0.971642792224884,
            0.20434735715389252,
            -0.11896557360887527,
            -0.0007119700312614441
          ],
          [
            -0.08460453897714615,
            -0.16936202347278595,
            -0.9819230437278748,
            1.3211936950683594
          ],
          [
            0.0,
            0.0,
            0.0,
            1.0
          ]
        ]
      },
      "bone_length_armature_space": 0.02851438129619396,
      "parent": "metacarpal_index_l",
      "has_children": true,
      "is_end_bone": false
    },
    "index_02_l": {
      "name": "index_02_l",
      "local": {
        "location": {
          "x": 0.0,
          "y": 0.0,
          "z": 0.0
        },
        "rotation_quaternion": {
          "w": 0.999529242515564,
          "x": 0.027623197063803673,
          "y": -0.008006873540580273,
          "z": 0.01068534329533577
        },
        "scale": {
          "x": 1.0,
          "y": 1.0,
          "z": 1.0
        },
        "matrix_basis": [
          [
            0.9996434450149536,
            -0.021802976727485657,
            -0.015415881760418415,
            0.0
          ],
          [
            0.02091827616095543,
            0.9982455372810364,
            -0.055391497910022736,
            0.0
          ],
          [
            0.016596535220742226,
            0.05504927411675453,
            0.998345673084259,
            0.0
          ],
          [
            0.0,
            0.0,
            0.0,
            1.0
          ]
        ],
        "rotation_mode": "QUATERNION"
      },
      "armature_space": {
        "head": {
          "x": 0.8521459698677063,
          "y": -0.05812932550907135,
          "z": 0.3665100336074829
        },
        "tail": {
          "x": 0.8767703175544739,
          "y": -0.05280330777168274,
          "z": 0.3616762161254883
        }
      },
      "world_space": {
        "head": {
          "x": 0.8521459698677063,
          "y": 0.0051146745681762695,
          "z": 1.316364049911499
        },
        "tail": {
          "x": 0.8767703175544739,
          "y": 0.01044069230556488,
          "z": 1.3115302324295044
        },
        "rotation_quaternion": {
          "w": 0.005439243745058775,
          "x": 0.6167862415313721,
          "y": 0.7770318984985352,
          "z": -0.1255657821893692
        },
        "matrix": [
          [
            -0.23909005522727966,
            0.959890604019165,
            -0.1464422643184662,
            0.8521459698677063
          ],
          [
            0.9571594595909119,
            0.20761564373970032,
            -0.20184653997421265,
            0.0051146745681762695
          ],
          [
            -0.16334716975688934,
            -0.18842916190624237,
            -0.9684143662452698,
            1.316364049911499
          ],
          [
            0.0,
            0.0,
            0.0,
            1.0
          ]
        ]
      },
      "bone_length_armature_space": 0.025653279982645986,
      "parent": "index_01_l",
      "has_children": true,
      "is_end_bone": false
    },
    "index_03_l": {
      "name": "index_03_l",
      "local": {
        "location": {
          "x": 0.0,
          "y": 0.0,
          "z": 0.0
        },
        "rotation_quaternion": {
          "w": 0.9994518756866455,
          "x": 0.032163769006729126,
          "y": -0.0076219746842980385,
          "z": 0.001824862789362669
        },
        "scale": {
          "x": 1.0,
          "y": 1.0,
          "z": 1.0
        },
        "matrix_basis": [
          [
            0.9998771548271179,
            -0.004138027783483267,
            -0.015118204988539219,
            0.0
          ],
          [
            0.0031574221793562174,
            0.9979243278503418,
            -0.06432009488344193,
            0.0
          ],
          [
            0.01535298302769661,
            0.0642644613981247,
            0.9978147745132446,
            0.0
          ],
          [
            0.0,
            0.0,
            0.0,
            1.0
          ]
        ],
        "rotation_mode": "QUATERNION"
      },
      "armature_space": {
        "head": {
          "x": 0.8767703175544739,
          "y": -0.05280330404639244,
          "z": 0.3616763651371002
        },
        "tail": {
          "x": 0.9030896425247192,
          "y": -0.045191504061222076,
          "z": 0.35152316093444824
        }
      },
      "world_space": {
        "head": {
          "x": 0.8767703175544739,
          "y": 0.010440696030855179,
          "z": 1.311530351638794
        },
        "tail": {
          "x": 0.9030896425247192,
          "y": 0.018052496016025543,
          "z": 1.3013771772384644
        },
        "rotation_quaternion": {
          "w": 0.06845665723085403,
          "x": -0.584074854850769,
          "y": -0.7909296154975891,
          "z": 0.1691174954175949
        },
        "matrix": [
          [
            -0.30833983421325684,
            0.9007694125175476,
            -0.30584388971328735,
            0.8767703175544739
          ],
          [
            0.9470791816711426,
            0.2605113685131073,
            -0.1875513345003128,
            0.010440696030855179
          ],
          [
            -0.08926445245742798,
            -0.3474900722503662,
            -0.9334326982498169,
            1.311530351638794
          ],
          [
            0.0,
            0.0,
            0.0,
            1.0
          ]
        ]
      },
      "bone_length_armature_space": 0.029218725190352932,
      "parent": "index_02_l",
      "has_children": false,
      "is_end_bone": true
    },
    "metacarpal_pinky_l": {
      "name": "metacarpal_pinky_l",
      "local": {
        "location": {
          "x": 0.0,
          "y": 0.0,
          "z": 0.0
        },
        "rotation_quaternion": {
          "w": 0.9984118938446045,
          "x": -0.05284847691655159,
          "y": 0.01860770769417286,
          "z": -0.005877268500626087
        },
        "scale": {
          "x": 1.0,
          "y": 1.0,
          "z": 1.0
        },
        "matrix_basis": [
          [
            0.9992384314537048,
            0.009769091382622719,
            0.03777752444148064,
            0.0
          ],
          [
            -0.013702647760510445,
            0.9943450093269348,
            0.10531037300825119,
            0.0
          ],
          [
            -0.036535102874040604,
            -0.10574781894683838,
            0.993721604347229,
            0.0
          ],
          [
            0.0,
            0.0,
            0.0,
            1.0
          ]
        ],
        "rotation_mode": "QUATERNION"
      },
      "armature_space": {
        "head": {
          "x": 0.7203813791275024,
          "y": -0.03903491795063019,
          "z": 0.4186200499534607
        },
        "tail": {
          "x": 0.815507173538208,
          "y": -0.0034790560603141785,
          "z": 0.3955964148044586
        }
      },
      "world_space": {
        "head": {
          "x": 0.7203813791275024,
          "y": 0.02420908212661743,
          "z": 1.368474006652832
        },
        "tail": {
          "x": 0.815507173538208,
          "y": 0.05976494401693344,
          "z": 1.3454504013061523
        },
        "rotation_quaternion": {
          "w": 0.7267543077468872,
          "x": 0.13733400404453278,
          "y": 0.3775666356086731,
          "z": -0.557145357131958
        },
        "matrix": [
          [
            0.09406348317861557,
            0.9135222434997559,
            0.3957635164260864,
            0.7203813791275024
          ],
          [
            -0.7061104774475098,
            0.3414539694786072,
            -0.6203367114067078,
            0.02420908212661743
          ],
          [
            -0.701832115650177,
            -0.2211030274629593,
            0.6771701574325562,
            1.368474006652832
          ],
          [
            0.0,
            0.0,
            0.0,
            1.0
          ]
        ]
      },
      "bone_length_armature_space": 0.10413079988504209,
      "parent": "lowerarm_l",
      "has_children": true,
      "is_end_bone": false
    },
    "pinky_01_l": {
      "name": "pinky_01_l",
      "local": {
        "location": {
          "x": 0.0,
          "y": 0.0,
          "z": 0.0
        },
        "rotation_quaternion": {
          "w": 0.994713544845581,
          "x": -0.10230521857738495,
          "y": 0.0036820522509515285,
          "z": 0.008071009069681168
        },
        "scale": {
          "x": 1.0,
          "y": 1.0,
          "z": 1.0
        },
        "matrix_basis": [
          [
            0.9998425841331482,
            -0.016810070723295212,
            0.005673761945217848,
            0.0
          ],
          [
            0.015303297899663448,
            0.978937029838562,
            0.20358820259571075,
            0.0
          ],
          [
            -0.00897658709436655,
            -0.20346933603286743,
            0.9790401458740234,
            0.0
          ],
          [
            0.0,
            0.0,
            0.0,
            1.0
          ]
        ],
        "rotation_mode": "QUATERNION"
      },
      "armature_space": {
        "head": {
          "x": 0.815507173538208,
          "y": -0.0034790560603141785,
          "z": 0.3955964148044586
        },
