{
  "metadata": {
    "armature_name": "KIM_caucasian_male",
    "export_time": "2026-01-13T21:12:37.831701",
    "blender_version": "4.4.1",
    "bone_count": 56,
    "end_bone_count": 13,
    "spaces_included": [
      "LOCAL_CHANNELS",
      "ARMATURE_SPACE",
      "WORLD_SPACE"
    ],
    "note": "LOCAL matches Transform panel; replay pose via local.matrix_basis for best fidelity."
  },
  "bones": {
    "Root": {
      "name": "Root",
      "local": {
        "location": {
          "x": 0.0,
          "y": 0.0,
          "z": 0.0
        },
        "rotation_quaternion": {
          "w": 0.999983549118042,
          "x": 0.004943136125802994,
          "y": -0.0019137528724968433,
          "z": -0.0022335706744343042
        },
        "scale": {
          "x": 1.0,
          "y": 1.0,
          "z": 1.0
        },
        "matrix_basis": [
          [
            0.9999827146530151,
            0.0044481479562819,
            -0.003849524538964033,
            0.0
          ],
          [
            -0.004485987592488527,
            0.9999411702156067,
            -0.009877560660243034,
            0.0
          ],
          [
            0.0038053609896451235,
            0.0098946588113904,
            0.9999437928199768,
            0.0
          ],
          [
            0.0,
            0.0,
            0.0,
            1.0
          ]
        ],
        "rotation_mode": "QUATERNION"
      },
      "armature_space": {
        "head": {
          "x": 0.0,
          "y": 0.07072800397872925,
          "z": -0.009595036506652832
        },
        "tail": {
          "x": 0.0003174904268234968,
          "y": -9.077787399291992e-05,
          "z": -0.0007003992795944214
        }
      },
      "world_space": {
        "head": {
          "x": 0.0,
          "y": 0.13397200405597687,
          "z": 0.9402589797973633
        },
        "tail": {
          "x": 0.0003174904268234968,
          "y": 0.0631532222032547,
          "z": 0.9491536021232605
        },
        "rotation_quaternion": {
          "w": 0.06243463233113289,
          "x": 0.9980447292327881,
          "y": 0.0020995712839066982,
          "z": -0.0020598762203007936
        },
        "matrix": [
          [
            0.9999827146530151,
            0.0044481479562819,
            -0.003849524538964033,
            0.0
          ],
          [
            0.003933715634047985,
            -0.9921950101852417,
            -0.12463423609733582,
            0.13397200405597687
          ],
          [
            -0.0043738968670368195,
            0.12461686134338379,
            -0.9922023415565491,
            0.9402589797973633
          ],
          [
            0.0,
            0.0,
            0.0,
            1.0
          ]
        ]
      },
      "bone_length_armature_space": 0.07137587146798198,
      "parent": null,
      "has_children": true,
      "is_end_bone": false
    },
    "spine_01": {
      "name": "spine_01",
      "local": {
        "location": {
          "x": 0.0,
          "y": 0.0,
          "z": 0.0
        },
        "rotation_quaternion": {
          "w": 0.995773196220398,
          "x": 0.08501732349395752,
          "y": 0.02181713655591011,
          "z": -0.027054438367486
        },
        "scale": {
          "x": 1.0,
          "y": 1.0,
          "z": 1.0
        },
        "matrix_basis": [
          [
            0.9975841641426086,
            0.05758983641862869,
            0.03884964808821678,
            0.0
          ],
          [
            -0.050170499831438065,
            0.9840801954269409,
            -0.17049644887447357,
            0.0
          ],
          [
            -0.04805003106594086,
            0.16813544929027557,
            0.9845921397209167,
            0.0
          ],
          [
            0.0,
            0.0,
            0.0,
            1.0
          ]
        ],
        "rotation_mode": "QUATERNION"
      },
      "armature_space": {
        "head": {
          "x": 0.0003174904268234968,
          "y": -9.077787399291992e-05,
          "z": -0.0007003992795944214
        },
        "tail": {
          "x": 0.030786098912358284,
          "y": -0.064268559217453,
          "z": 0.48210519552230835
        }
      },
      "world_space": {
        "head": {
          "x": 0.0003174904268234968,
          "y": 0.0631532222032547,
          "z": 0.9491536021232605
        },
        "tail": {
          "x": 0.030786098912358284,
          "y": -0.0010245591402053833,
          "z": 1.4319591522216797
        },
        "rotation_quaternion": {
          "w": 0.6579096913337708,
          "x": 0.7521529197692871,
          "y": 0.03740149736404419,
          "z": -0.004690747242420912
        },
        "matrix": [
          [
            0.9971582889556885,
            0.06243551895022392,
            0.04215768724679947,
            0.0003174904268234968
          ],
          [
            0.05009148269891739,
            -0.13151150941848755,
            -0.990048348903656,
            0.0631532222032547
          ],
          [
            -0.056270308792591095,
            0.9893532991409302,
            -0.13426709175109863,
            0.9491536021232605
          ],
          [
            0.0,
            0.0,
            0.0,
            1.0
          ]
        ]
      },
      "bone_length_armature_space": 0.48800449527139605,
      "parent": "Root",
      "has_children": true,
      "is_end_bone": false
    },
    "neck_01": {
      "name": "neck_01",
      "local": {
        "location": {
          "x": 0.0,
          "y": 0.0,
          "z": 0.0
        },
        "rotation_quaternion": {
          "w": 0.9913827180862427,
          "x": 0.083197221159935,
          "y": -0.06942424923181534,
          "z": -0.0736127644777298
        },
        "scale": {
          "x": 1.0,
          "y": 1.0,
          "z": 1.0
        },
        "matrix_basis": [
          [
            0.9795228838920593,
            0.13440503180027008,
            -0.14990074932575226,
            0.0
          ],
          [
            -0.15750865638256073,
            0.9753187894821167,
            -0.15473955869674683,
            0.0
          ],
          [
            0.1254032403230667,
            0.17518159747123718,
            0.9765170216560364,
            0.0
          ],
          [
            0.0,
            0.0,
            0.0,
            1.0
          ]
        ],
        "rotation_mode": "QUATERNION"
      },
      "armature_space": {
        "head": {
          "x": 0.03681958094239235,
          "y": -0.10823294520378113,
          "z": 0.5498877167701721
        },
        "tail": {
          "x": 0.05817968398332596,
          "y": -0.17288850247859955,
          "z": 0.6265304088592529
        }
      },
      "world_space": {
        "head": {
          "x": 0.03681958094239235,
          "y": -0.04498894512653351,
          "z": 1.499741792678833
        },
        "tail": {
          "x": 0.05817968398332596,
          "y": -0.10964450240135193,
          "z": 1.576384425163269
        },
        "rotation_quaternion": {
          "w": 0.4250938594341278,
          "x": 0.8959444165229797,
          "y": 0.06299082934856415,
          "z": -0.11229894310235977
        },
        "matrix": [
          [
            0.9668424129486084,
            0.2083478569984436,
            -0.14767241477966309,
            0.03681958094239235
          ],
          [
            0.017397992312908173,
            -0.6306546330451965,
            -0.775868833065033,
            -0.04498894512653351
          ],
          [
            -0.25478261709213257,
            0.7475780248641968,
            -0.6133733987808228,
            1.499741792678833
          ],
          [
            0.0,
            0.0,
            0.0,
            1.0
          ]
        ]
      },
      "bone_length_armature_space": 0.10252169280299799,
      "parent": "spine_01",
      "has_children": true,
      "is_end_bone": false
    },
    "head": {
      "name": "head",
      "local": {
        "location": {
          "x": 0.0,
          "y": 0.0,
          "z": 0.0
        },
        "rotation_quaternion": {
          "w": 0.9987715482711792,
          "x": 0.015072097070515156,
          "y": -0.032944995909929276,
          "z": -0.033808544278144836
        },
        "scale": {
          "x": 1.0,
          "y": 1.0,
          "z": 1.0
        },
        "matrix_basis": [
          [
            0.9955432415008545,
            0.06654092669487,
            -0.0668281838297844,
            0.0
          ],
          [
            -0.06852712482213974,
            0.9972596168518066,
            -0.027879519388079643,
            0.0
          ],
          [
            0.06478992104530334,
            0.03233480826020241,
            0.9973748922348022,
            0.0
          ],
          [
            0.0,
            0.0,
            0.0,
            1.0
          ]
        ],
        "rotation_mode": "QUATERNION"
      },
      "armature_space": {
        "head": {
          "x": 0.058179646730422974,
          "y": -0.17288857698440552,
          "z": 0.6265302300453186
        },
        "tail": {
          "x": 0.10603681206703186,
          "y": -0.2250773310661316,
          "z": 0.7645130157470703
        }
      },
      "world_space": {
        "head": {
          "x": 0.058179646730422974,
          "y": -0.1096445769071579,
          "z": 1.5763843059539795
        },
        "tail": {
          "x": 0.10603681206703186,
          "y": -0.16183333098888397,
          "z": 1.7143670320510864
        },
        "rotation_quaternion": {
          "w": 0.5692498683929443,
          "x": 0.8041294813156128,
          "y": 0.08775941282510757,
          "z": -0.14706751704216003
        },
        "matrix": [
          [
            0.9413391947746277,
            0.3085763156414032,
            -0.13660705089569092,
            0.058179646730422974
          ],
          [
            -0.026294954121112823,
            -0.33650583028793335,
            -0.9413143396377563,
            -0.1096445769071579
          ],
          [
            -0.33643874526023865,
            0.8896938562393188,
            -0.30865514278411865,
            1.5763843059539795
          ],
          [
            0.0,
            0.0,
            0.0,
            1.0
          ]
        ]
      },
      "bone_length_armature_space": 0.15509101660351055,
      "parent": "neck_01",
      "has_children": false,
      "is_end_bone": true
    },
    "upperarm_l": {
      "name": "upperarm_l",
      "local": {
        "location": {
          "x": 0.0,
          "y": 0.0,
          "z": 0.0
        },
        "rotation_quaternion": {
          "w": 0.9813530445098877,
          "x": 0.10839448124170303,
          "y": 0.033236414194107056,
          "z": -0.1552169919013977
        },
        "scale": {
          "x": 1.0,
          "y": 1.0,
          "z": 1.0
        },
        "matrix_basis": [
          [
            0.9496060609817505,
            0.3118506371974945,
            0.031583983451128006,
            0.0
          ],
          [
            -0.2974400520324707,
            0.9283166527748108,
            -0.22306421399116516,
            0.0
          ],
          [
            -0.09888264536857605,
            0.20242880284786224,
            0.974291980266571,
            0.0
          ],
          [
            0.0,
            0.0,
            0.0,
            1.0
          ]
        ],
        "rotation_mode": "QUATERNION"
      },
      "armature_space": {
        "head": {
          "x": 0.1823316067457199,
          "y": -0.09503801167011261,
          "z": 0.4745267331600189
        },
        "tail": {
          "x": 0.4264676570892334,
          "y": -0.11272979527711868,
          "z": 0.36547452211380005
        }
      },
      "world_space": {
        "head": {
          "x": 0.1823316067457199,
          "y": -0.03179401159286499,
          "z": 1.4243807792663574
        },
        "tail": {
          "x": 0.4264676570892334,
          "y": -0.04948579519987106,
          "z": 1.315328598022461
        },
        "rotation_quaternion": {
          "w": 0.30712956190109253,
          "x": 0.46165546774864197,
          "y": 0.6104594469070435,
          "z": -0.5655837059020996
        },
        "matrix": [
          [
            -0.3850899934768677,
            0.9110593795776367,
            -0.14723028242588043,
            0.1823316067457199
          ],
          [
            0.21623125672340393,
            -0.06602165102958679,
            -0.9741075038909912,
            -0.03179401159286499
          ],
          [
            -0.8971959948539734,
            -0.4069577157497406,
            -0.17157728970050812,
            1.4243807792663574
          ],
          [
            0.0,
            0.0,
            0.0,
            1.0
          ]
        ]
      },
      "bone_length_armature_space": 0.26796976258846666,
      "parent": "spine_01",
      "has_children": true,
      "is_end_bone": false
    },
    "lowerarm_l": {
      "name": "lowerarm_l",
      "local": {
        "location": {
          "x": 0.0,
          "y": 0.0,
          "z": 0.0
        },
        "rotation_quaternion": {
          "w": 0.9636313319206238,
          "x": 0.25014016032218933,
          "y": 0.016466403380036354,
          "z": 0.09259305894374847
        },
        "scale": {
          "x": 1.0,
          "y": 1.0,
          "z": 1.0
        },
        "matrix_basis": [
          [
            0.9823107719421387,
            -0.17021332681179047,
            0.07805757224559784,
            0.0
          ],
          [
            0.18668895959854126,
            0.8577128648757935,
            -0.47903645038604736,
            0.0
          ],
          [
            0.01458740048110485,
            0.48513513803482056,
            0.8743175268173218,
            0.0
          ],
          [
            0.0,
            0.0,
            0.0,
            1.0
          ]
        ],
        "rotation_mode": "QUATERNION"
      },
      "armature_space": {
        "head": {
          "x": 0.42646777629852295,
          "y": -0.11272987723350525,
          "z": 0.3654745817184448
        },
        "tail": {
          "x": 0.6253400444984436,
          "y": -0.287280410528183,
          "z": 0.32608792185783386
        }
      },
      "world_space": {
        "head": {
          "x": 0.42646777629852295,
          "y": -0.04948587715625763,
          "z": 1.315328598022461
        },
        "tail": {
          "x": 0.6253400444984436,
          "y": -0.22403641045093536,
          "z": 1.2759419679641724
        },
        "rotation_quaternion": {
          "w": 0.2606755197048187,
          "x": 0.5853760242462158,
          "y": 0.32529354095458984,
          "z": -0.695389986038208
        },
        "matrix": [
          [
            -0.17876659333705902,
            0.7433797717094421,
            -0.6445377469062805,
            0.42646777629852295
          ],
          [
            0.01829475909471512,
            -0.6524656414985657,
            -0.7575977444648743,
            -0.04948587715625763
          ],
          [
            -0.983728289604187,
            -0.14722637832164764,
            0.10303908586502075,
            1.315328598022461
          ],
          [
            0.0,
            0.0,
            0.0,
            1.0
          ]
        ]
      },
      "bone_length_armature_space": 0.267524531794229,
      "parent": "upperarm_l",
      "has_children": true,
      "is_end_bone": false
    },
    "metacarpal_thumb_l": {
      "name": "metacarpal_thumb_l",
      "local": {
        "location": {
          "x": 0.0,
          "y": 0.0,
          "z": 0.0
        },
        "rotation_quaternion": {
          "w": 0.9993599653244019,
          "x": -0.03526303172111511,
          "y": 0.001480413367971778,
          "z": -0.00582456449046731
        },
        "scale": {
          "x": 1.0,
          "y": 1.0,
          "z": 1.0
        },
        "matrix_basis": [
          [
            0.9999277591705322,
            0.011537265032529831,
            0.0033697152975946665,
            0.0
          ],
          [
            -0.011746080592274666,
            0.9974451661109924,
            0.07046367973089218,
            0.0
          ],
          [
            -0.0025481481570750475,
            -0.07049816846847534,
            0.9975086450576782,
            0.0
          ],
          [
            0.0,
            0.0,
            0.0,
            1.0
          ]
        ],
        "rotation_mode": "QUATERNION"
      },
      "armature_space": {
        "head": {
          "x": 0.6253400444984436,
          "y": -0.287280410528183,
          "z": 0.32608792185783386
        },
        "tail": {
          "x": 0.635469913482666,
          "y": -0.3350250720977783,
          "z": 0.31763696670532227
        }
      },
      "world_space": {
        "head": {
          "x": 0.6253400444984436,
          "y": -0.22403641045093536,
          "z": 1.2759419679641724
        },
        "tail": {
          "x": 0.635469913482666,
          "y": -0.2717810869216919,
          "z": 1.2674909830093384
        },
        "rotation_quaternion": {
          "w": 0.07218914479017258,
          "x": -0.9828010201454163,
          "y": -0.1133451908826828,
          "z": 0.12666387856006622
        },
        "matrix": [
          [
            0.9422181844711304,
            0.2045041173696518,
            -0.2653355002403259,
            0.6253400444984436
          ],
          [
            0.2410791665315628,
            -0.9638832807540894,
            0.11318099498748779,
            -0.22403641045093536
          ],
          [
            -0.23260782659053802,
            -0.17061004042625427,
            -0.9574965834617615,
            1.2759419679641724
          ],
          [
            0.0,
            0.0,
            0.0,
            1.0
          ]
        ]
      },
      "bone_length_armature_space": 0.04953368072717881,
      "parent": "lowerarm_l",
      "has_children": true,
      "is_end_bone": false
    },
    "thumb_01_l": {
      "name": "thumb_01_l",
      "local": {
        "location": {
          "x": 0.0,
          "y": 0.0,
          "z": 0.0
        },
        "rotation_quaternion": {
          "w": 0.9611734747886658,
          "x": 0.2754270136356354,
          "y": 0.001950289006344974,
          "z": 0.016785727813839912
        },
        "scale": {
          "x": 1.0,
          "y": 1.0,
          "z": 1.0
        },
        "matrix_basis": [
          [
            0.9994288682937622,
            -0.031193668022751808,
            0.012995617464184761,
            0.0
          ],
          [
            0.03334231674671173,
            0.8477163910865784,
            -0.5294008255004883,
            0.0
          ],
          [
            0.005497353617101908,
            0.5295317769050598,
            0.8482723236083984,
            0.0
          ],
          [
            0.0,
            0.0,
            0.0,
            1.0
          ]
        ],
        "rotation_mode": "QUATERNION"
      },
      "armature_space": {
        "head": {
          "x": 0.635469913482666,
          "y": -0.3350250720977783,
          "z": 0.31763696670532227
        },
        "tail": {
          "x": 0.6467996835708618,
          "y": -0.3479214310646057,
          "z": 0.2882438004016876
        }
      },
      "world_space": {
        "head": {
          "x": 0.635469913482666,
          "y": -0.2717810869216919,
          "z": 1.2674909830093384
        },
        "tail": {
          "x": 0.6467996835708618,
          "y": -0.2846774458885193,
          "z": 1.2380977869033813
        },
        "rotation_quaternion": {
          "w": 0.522853434085846,
          "x": -0.6235613822937012,
          "y": 0.19283665716648102,
          "z": -0.5482787489891052
        },
        "matrix": [
          [
            0.3244093656539917,
            0.3328506350517273,
            0.8854203224182129,
            0.635469913482666
          ],
          [
            -0.8138298392295837,
            -0.37887465953826904,
            0.44060754776000977,
            -0.2717810869216919
          ],
          [
            0.4821223318576813,
            -0.8635250926017761,
            0.14797475934028625,
            1.2674909830093384
          ],
          [
            0.0,
            0.0,
            0.0,
            1.0
          ]
        ]
      },
      "bone_length_armature_space": 0.03403877177851951,
      "parent": "metacarpal_thumb_l",
      "has_children": true,
      "is_end_bone": false
    },
    "thumb_02_l": {
      "name": "thumb_02_l",
      "local": {
        "location": {
          "x": 0.0,
          "y": 0.0,
          "z": 0.0
        },
        "rotation_quaternion": {
          "w": 0.8983778953552246,
          "x": 0.43917539715766907,
          "y": -0.0006355158402584493,
          "z": 0.006473226938396692
        },
        "scale": {
          "x": 1.0,
          "y": 1.0,
          "z": 1.0
        },
        "matrix_basis": [
          [
            0.999915361404419,
            -0.012189013883471489,
            0.004543897230178118,
            0.0
          ],
          [
            0.01107260212302208,
            0.6141661405563354,
            -0.7890991568565369,
            0.0
          ],
          [
            0.006827630568295717,
            0.7890827059745789,
            0.6142491102218628,
            0.0
          ],
          [
            0.0,
            0.0,
            0.0,
            1.0
          ]
        ],
        "rotation_mode": "QUATERNION"
      },
      "armature_space": {
        "head": {
          "x": 0.646799623966217,
          "y": -0.3479214310646057,
          "z": 0.2882438004016876
        },
        "tail": {
          "x": 0.6746292114257812,
          "y": -0.34896475076675415,
          "z": 0.3171854317188263
        }
      },
      "world_space": {
        "head": {
          "x": 0.646799623966217,
          "y": -0.2846774458885193,
          "z": 1.2380977869033813
        },
        "tail": {
          "x": 0.6746292114257812,
          "y": -0.2857207655906677,
          "z": 1.26703941822052
        },
        "rotation_quaternion": {
          "w": 0.5451428890228271,
          "x": 0.09335155040025711,
          "y": -0.43569472432136536,
          "z": -0.7101231217384338
        },
        "matrix": [
          [
            -0.3882065713405609,
            0.6928914189338684,
            -0.6076160073280334,
            0.646799623966217
          ],
          [
            -0.8555843234062195,
            -0.025976523756980896,
            0.517011284828186,
            -0.2846774458885193
          ],
          [
            0.34245046973228455,
            0.7205789685249329,
            0.6029160022735596,
            1.2380977869033813
          ],
          [
            0.0,
            0.0,
            0.0,
            1.0
          ]
        ]
      },
      "bone_length_armature_space": 0.040164567315360715,
      "parent": "thumb_01_l",
      "has_children": true,
      "is_end_bone": false
    },
    "thumb_03_l": {
      "name": "thumb_03_l",
      "local": {
        "location": {
          "x": 0.0,
          "y": 0.0,
          "z": 0.0
        },
        "rotation_quaternion": {
          "w": 0.9920765161514282,
          "x": 0.12529437243938446,
          "y": 0.00882533099502325,
          "z": -0.002797354944050312
        },
        "scale": {
          "x": 1.0,
          "y": 1.0,
          "z": 1.0
        },
        "matrix_basis": [
          [
            0.999828577041626,
            0.007761908695101738,
            0.016809821128845215,
            0.0
          ],
          [
            -0.003338851733133197,
            0.9685869812965393,
            -0.24865257740020752,
            0.0
          ],
          [
            -0.018211793154478073,
            0.2485538274049759,
            0.9684468507766724,
            0.0
          ],
          [
            0.0,
            0.0,
            0.0,
            1.0
          ]
        ],
        "rotation_mode": "QUATERNION"
      },
      "armature_space": {
        "head": {
          "x": 0.6746292114257812,
          "y": -0.3489648401737213,
          "z": 0.3171853721141815
        },
        "tail": {
          "x": 0.6847330331802368,
          "y": -0.3406575918197632,
          "z": 0.34467726945877075
        }
      },
      "world_space": {
        "head": {
          "x": 0.6746292114257812,
          "y": -0.2857208251953125,
          "z": 1.26703941822052
        },
        "tail": {
          "x": 0.6847330331802368,
          "y": -0.27741360664367676,
          "z": 1.2945313453674316
        },
        "rotation_quaternion": {
          "w": 0.640143871307373,
          "x": 0.3300077021121979,
          "y": -0.47607478499412537,
          "z": -0.5046420693397522
        },
        "matrix": [
          [
            0.037376999855041504,
            0.33187180757522583,
            -0.9425837993621826,
            0.6746292114257812
          ],
          [
            -0.9603039026260376,
            0.2728618383407593,
            0.057991355657577515,
            -0.2857208251953125
          ],
          [
            0.27644187211990356,
            0.903005838394165,
            0.32889890670776367,
            1.26703941822052
          ],
          [
            0.0,
            0.0,
            0.0,
            1.0
          ]
        ]
      },
      "bone_length_armature_space": 0.030445065418870765,
      "parent": "thumb_02_l",
      "has_children": false,
      "is_end_bone": true
    },
    "metacarpal_index_l": {
      "name": "metacarpal_index_l",
      "local": {
        "location": {
          "x": 0.0,
          "y": 0.0,
          "z": 0.0
        },
        "rotation_quaternion": {
          "w": 0.9996405839920044,
          "x": 0.0007064702804200351,
          "y": -0.022377563640475273,
          "z": -0.014750388450920582
        },
        "scale": {
          "x": 1.0,
          "y": 1.0,
          "z": 1.0
        },
        "matrix_basis": [
          [
            0.9985633492469788,
            0.029458556324243546,
            -0.04475988447666168,
            0.0
          ],
          [
            -0.029521791264414787,
            0.9995638728141785,
            -0.0007522772066295147,
            0.0
          ],
          [
            0.04471819847822189,
            0.0020725883077830076,
            0.9989975094795227,
            0.0
          ],
          [
            0.0,
            0.0,
            0.0,
            1.0
          ]
        ],
        "rotation_mode": "QUATERNION"
      },
      "armature_space": {
        "head": {
          "x": 0.6253400444984436,
          "y": -0.287280410528183,
          "z": 0.32608792185783386
        },
        "tail": {
          "x": 0.685826301574707,
          "y": -0.3853943645954132,
          "z": 0.3050098121166229
        }
      },
      "world_space": {
        "head": {
          "x": 0.6253400444984436,
          "y": -0.22403641045093536,
          "z": 1.2759419679641724
        },
        "tail": {
          "x": 0.685826301574707,
          "y": -0.3221503496170044,
          "z": 1.2548638582229614
        },
        "rotation_quaternion": {
          "w": 0.02734619937837124,
          "x": 0.8706786632537842,
          "y": 0.28385913372039795,
          "z": -0.4007429778575897
        },
        "matrix": [
          [
            0.5176573991775513,
            0.5162190198898315,
            -0.6823112368583679,
            0.6253400444984436
          ],
          [
            0.4723827838897705,
            -0.8373517990112305,
            -0.27513056993484497,
            -0.22403641045093536
          ],
          [
            -0.7133665680885315,
            -0.1798906922340393,
            -0.677319347858429,
            1.2759419679641724
          ],
          [
            0.0,
            0.0,
            0.0,
            1.0
          ]
        ]
      },
      "bone_length_armature_space": 0.117171761205887,
      "parent": "lowerarm_l",
      "has_children": true,
      "is_end_bone": false
    },
    "index_01_l": {
      "name": "index_01_l",
      "local": {
        "location": {
          "x": 0.0,
          "y": 0.0,
          "z": 0.0
        },
        "rotation_quaternion": {
          "w": 0.9428131580352783,
          "x": 0.3328284025192261,
          "y": -0.014741286635398865,
          "z": -0.010555138811469078
        },
        "scale": {
          "x": 1.0,
          "y": 1.0,
          "z": 1.0
        },
        "matrix_basis": [
          [
            0.9993425607681274,
            0.010090409778058529,
            -0.03482265770435333,
            0.0
          ],
          [
            -0.029715685173869133,
            0.778227686882019,
            -0.6272788047790527,
            0.0
          ],
          [
            0.02077045850455761,
            0.6279011964797974,
            0.7780159115791321,
            0.0
          ],
          [
            0.0,
            0.0,
            0.0,
            1.0
          ]
        ],
        "rotation_mode": "QUATERNION"
      },
      "armature_space": {
        "head": {
          "x": 0.685826301574707,
          "y": -0.3853943645954132,
          "z": 0.3050098121166229
        },
        "tail": {
          "x": 0.6920650005340576,
          "y": -0.4042564332485199,
          "z": 0.2845555543899536
        }
      },
      "world_space": {
        "head": {
          "x": 0.685826301574707,
          "y": -0.3221503496170044,
          "z": 1.2548638582229614
        },
        "tail": {
          "x": 0.6920650005340576,
          "y": -0.3410124182701111,
          "z": 1.2344095706939697
        },
        "rotation_quaternion": {
          "w": 0.25941258668899536,
          "x": -0.7561006546020508,
          "y": -0.3193092346191406,
          "z": 0.5089779496192932
        },
        "matrix": [
          [
            0.27796608209609985,
            0.218791663646698,
            -0.9353421926498413,
            0.685826301574707
          ],
          [
            0.7469308376312256,
            -0.6614934206008911,
            0.06723952293395996,
            -0.3221503496170044
          ],
          [
            -0.6040145754814148,
            -0.7173317670822144,
            -0.34729745984077454,
            1.2548638582229614
          ],
          [
            0.0,
            0.0,
            0.0,
            1.0
          ]
        ]
      },
      "bone_length_armature_space": 0.028514481545145288,
      "parent": "metacarpal_index_l",
      "has_children": true,
      "is_end_bone": false
    },
    "index_02_l": {
      "name": "index_02_l",
      "local": {
        "location": {
          "x": 0.0,
          "y": 0.0,
          "z": 0.0
        },
        "rotation_quaternion": {
          "w": 0.9028165936470032,
          "x": 0.4298097491264343,
          "y": 0.012548376806080341,
          "z": 0.005309778731316328
        },
        "scale": {
          "x": 1.0,
          "y": 1.0,
          "z": 1.0
        },
        "matrix_basis": [
          [
            0.9996286630630493,
            0.0011993166990578175,
            0.027222154662013054,
            0.0
          ],
          [
            0.020374342799186707,
            0.6304707527160645,
            -0.7759454846382141,
            0.0
          ],
          [
            -0.018093375489115715,
            0.7762119770050049,
            0.6302122473716736,
            0.0
          ],
          [
            0.0,
            0.0,
            0.0,
            1.0
          ]
        ],
        "rotation_mode": "QUATERNION"
      },
      "armature_space": {
        "head": {
          "x": 0.6920647025108337,
          "y": -0.40425682067871094,
          "z": 0.2845552861690521
        },
        "tail": {
          "x": 0.6774954795837402,
          "y": -0.41469287872314453,
          "z": 0.26619985699653625
        }
      },
      "world_space": {
        "head": {
          "x": 0.6920647025108337,
          "y": -0.3410128355026245,
          "z": 1.2344093322753906
        },
        "tail": {
          "x": 0.6774954795837402,
          "y": -0.3514488935470581,
          "z": 1.21605384349823
        },
        "rotation_quaternion": {
          "w": 0.5383901000022888,
          "x": -0.5708862543106079,
          "y": -0.08202735334634781,
          "z": 0.614407479763031
        },
        "matrix": [
          [
            0.23155179619789124,
            -0.5679280161857605,
            -0.7898363471031189,
            0.6920647025108337
          ],
          [
            0.7552381157875061,
            -0.40681254863739014,
            0.5139251947402954,
            -0.3410128355026245
          ],
          [
            -0.6131912469863892,
            -0.7155202627182007,
            0.33472535014152527,
            1.2344093322753906
          ],
          [
            0.0,
            0.0,
            0.0,
            1.0
          ]
        ]
      },
      "bone_length_armature_space": 0.02565336886403928,
      "parent": "index_01_l",
      "has_children": true,
      "is_end_bone": false
    },
    "index_03_l": {
      "name": "index_03_l",
      "local": {
        "location": {
          "x": 0.0,
          "y": 0.0,
          "z": 0.0
        },
        "rotation_quaternion": {
          "w": 0.920661211013794,
          "x": 0.3903135061264038,
          "y": 0.0010214528301730752,
          "z": 0.006097121629863977
        },
        "scale": {
          "x": 1.0,
          "y": 1.0,
          "z": 1.0
        },
        "matrix_basis": [
          [
            0.999923586845398,
            -0.010429393500089645,
            0.006640401668846607,
            0.0
          ],
          [
            0.012024139985442162,
            0.6952363848686218,
            -0.7186805605888367,
            0.0
          ],
          [
            0.002878753934055567,
            0.7187054753303528,
            0.6953086256980896,
            0.0
          ],
          [
            0.0,
            0.0,
            0.0,
            1.0
          ]
        ],
        "rotation_mode": "QUATERNION"
      },
      "armature_space": {
        "head": {
          "x": 0.6774955987930298,
          "y": -0.4146929681301117,
          "z": 0.26619982719421387
        },
        "tail": {
          "x": 0.649938702583313,
          "y": -0.40821731090545654,
          "z": 0.2589600086212158
        }
      },
      "world_space": {
        "head": {
          "x": 0.6774955987930298,
          "y": -0.3514489531517029,
          "z": 1.21605384349823
        },
        "tail": {
          "x": 0.649938702583313,
          "y": -0.3449733257293701,
          "z": 1.208814024925232
        },
        "rotation_quaternion": {
          "w": 0.7622315883636475,
          "x": -0.2879113554954529,
          "y": 0.17267818748950958,
          "z": 0.553436815738678
        },
        "matrix": [
          [
            0.3277791738510132,
            -0.9431261420249939,
            -0.055441975593566895,
            0.6774955987930298
          ],
          [
            0.7442629337310791,
            0.22162756323814392,
            0.6300429105758667,
            -0.3514489531517029
          ],
          [
            -0.5819256901741028,
            -0.24778017401695251,
            0.7745846509933472,
            1.21605384349823
          ],
          [
            0.0,
            0.0,
            0.0,
            1.0
          ]
        ]
      },
      "bone_length_armature_space": 0.029218686966227238,
      "parent": "index_02_l",
      "has_children": false,
      "is_end_bone": true
    },
    "metacarpal_pinky_l": {
      "name": "metacarpal_pinky_l",
      "local": {
        "location": {
          "x": 0.0,
          "y": 0.0,
          "z": 0.0
        },
        "rotation_quaternion": {
          "w": 0.9996529817581177,
          "x": -0.023777276277542114,
          "y": -0.01039086002856493,
          "z": -0.004557234700769186
        },
        "scale": {
          "x": 1.0,
          "y": 1.0,
          "z": 1.0
        },
        "matrix_basis": [
          [
            0.9997425079345703,
            0.009605439379811287,
            -0.020557790994644165,
            0.0
          ],
          [
            -0.008617173880338669,
            0.9988277554512024,
            0.04763275757431984,
            0.0
          ],
          [
            0.02099122479557991,
            -0.047443341463804245,
            0.9986533522605896,
            0.0
          ],
          [
            0.0,
            0.0,
            0.0,
            1.0
          ]
        ],
        "rotation_mode": "QUATERNION"
      },
      "armature_space": {
        "head": {
          "x": 0.6253400444984436,
          "y": -0.287280410528183,
          "z": 0.32608792185783386
        },
        "tail": {
          "x": 0.7184823751449585,
          "y": -0.3275608718395233,
          "z": 0.3027380704879761
        }
      },
      "world_space": {
        "head": {
          "x": 0.6253400444984436,
          "y": -0.22403641045093536,
          "z": 1.2759419679641724
        },
        "tail": {
          "x": 0.7184823751449585,
          "y": -0.2643168568611145,
          "z": 1.2525920867919922
        },
        "rotation_quaternion": {
          "w": 0.5337104201316833,
          "x": 0.019913915544748306,
          "y": 0.14744561910629272,
          "z": -0.8324761986732483
        },
        "matrix": [
          [
            -0.429513156414032,
            0.8944745659828186,
            0.12423214316368103,
            0.6253400444984436
          ],
          [
            -0.8827304840087891,
            -0.38682588934898376,
            -0.2667454779148102,
            -0.22403641045093536
          ],
          [
            -0.19054292142391205,
            -0.22423598170280457,
            0.9557330012321472,
            1.2759419679641724
          ],
          [
            0.0,
            0.0,
            0.0,
            1.0
          ]
        ]
      },
      "bone_length_armature_space": 0.10413080463642312,
      "parent": "lowerarm_l",
      "has_children": true,
      "is_end_bone": false
    },
    "pinky_01_l": {
      "name": "pinky_01_l",
      "local": {
        "location": {
          "x": 0.0,
          "y": 0.0,
          "z": 0.0
        },
        "rotation_quaternion": {
          "w": 0.950714111328125,
          "x": 0.3099229037761688,
          "y": 0.0014836429618299007,
          "z": 0.00939361285418272
        },
        "scale": {
          "x": 1.0,
          "y": 1.0,
          "z": 1.0
        },
        "matrix_basis": [
          [
            0.9998190999031067,
            -0.016941649839282036,
            0.00864363182336092,
            0.0
          ],
          [
            0.018780911341309547,
            0.8077191114425659,
            -0.5892682671546936,
            0.0
          ],
          [
            0.0030015509109944105,
            0.5893240571022034,
            0.8078911900520325,
            0.0
          ],
          [
            0.0,
            0.0,
            0.0,
            1.0
          ]
        ],
        "rotation_mode": "QUATERNION"
      },
      "armature_space": {
        "head": {
          "x": 0.7184823751449585,
          "y": -0.3275608718395233,
          "z": 0.3027380704879761
        },
        "tail": {
          "x": 0.7273915410041809,
