{
  "metadata": {
    "armature_name": "KIM_caucasian_male",
    "export_time": "2026-01-13T20:26:02.261260",
    "blender_version": "4.4.1",
    "bone_count": 56,
    "end_bone_count": 13,
    "spaces_included": [
      "LOCAL_CHANNELS",
      "ARMATURE_SPACE",
      "WORLD_SPACE"
    ],
    "note": "LOCAL matches Transform panel; replay pose via local.matrix_basis for best fidelity."
  },
  "bones": {
    "Root": {
      "name": "Root",
      "local": {
        "location": {
          "x": 0.0,
          "y": 0.0,
          "z": 0.0
        },
        "rotation_quaternion": {
          "w": 0.9995884895324707,
          "x": 0.006749712862074375,
          "y": -0.01597701571881771,
          "z": 0.02285224385559559
        },
        "scale": {
          "x": 1.0,
          "y": 1.0,
          "z": 1.0
        },
        "matrix_basis": [
          [
            0.9984450340270996,
            -0.04590136185288429,
            -0.03163238987326622,
            0.0
          ],
          [
            0.04546999931335449,
            0.9988644123077393,
            -0.014224091544747353,
            0.0
          ],
          [
            0.03224937245249748,
            0.012763649225234985,
            0.9993983507156372,
            0.0
          ],
          [
            0.0,
            0.0,
            0.0,
            1.0
          ]
        ],
        "rotation_mode": "QUATERNION"
      },
      "armature_space": {
        "head": {
          "x": 0.0,
          "y": 0.07072800397872925,
          "z": -0.009595036506652832
        },
        "tail": {
          "x": -0.0032762496266514063,
          "y": -4.2147934436798096e-05,
          "z": -0.0009136507287621498
        }
      },
      "world_space": {
        "head": {
          "x": 0.0,
          "y": 0.13397200405597687,
          "z": 0.9402589797973633
        },
        "tail": {
          "x": -0.0032762496266514063,
          "y": 0.06320185214281082,
          "z": 0.9489403367042542
        },
        "rotation_quaternion": {
          "w": 0.06060554459691048,
          "x": 0.9977722764015198,
          "y": -0.023876667022705078,
          "z": -0.014401213265955448
        },
        "matrix": [
          [
            0.9984450340270996,
            -0.04590136185288429,
            -0.03163238987326622,
            0.0
          ],
          [
            -0.04939254745841026,
            -0.991513729095459,
            -0.12025383114814758,
            0.13397200405597687
          ],
          [
            -0.025844359770417213,
            0.12162914872169495,
            -0.992246150970459,
            0.9402589797973633
          ],
          [
            0.0,
            0.0,
            0.0,
            1.0
          ]
        ]
      },
      "bone_length_armature_space": 0.07137586886879607,
      "parent": null,
      "has_children": true,
      "is_end_bone": false
    },
    "spine_01": {
      "name": "spine_01",
      "local": {
        "location": {
          "x": 0.0,
          "y": 0.0,
          "z": 0.0
        },
        "rotation_quaternion": {
          "w": 0.9977108240127563,
          "x": 0.06760143488645554,
          "y": -0.0011124196462333202,
          "z": 0.0014232690446078777
        },
        "scale": {
          "x": 1.0,
          "y": 1.0,
          "z": 1.0
        },
        "matrix_basis": [
          [
            0.9999935030937195,
            -0.0029904241673648357,
            -0.002027316251769662,
            0.0
          ],
          [
            0.0026896195486187935,
            0.9908560514450073,
            -0.13489653170108795,
            0.0
          ],
          [
            0.002412176225334406,
            0.13489019870758057,
            0.9908576011657715,
            0.0
          ],
          [
            0.0,
            0.0,
            0.0,
            1.0
          ]
        ],
        "rotation_mode": "QUATERNION"
      },
      "armature_space": {
        "head": {
          "x": -0.0032762496266514063,
          "y": -4.2147934436798096e-05,
          "z": -0.0009136507287621498
        },
        "tail": {
          "x": 0.005357419140636921,
          "y": -0.04993478208780289,
          "z": 0.48445695638656616
        }
      },
      "world_space": {
        "head": {
          "x": -0.0032762496266514063,
          "y": 0.06320185214281082,
          "z": 0.9489403367042542
        },
        "tail": {
          "x": 0.005357419140636921,
          "y": 0.013309217989444733,
          "z": 1.4343109130859375
        },
        "rotation_quaternion": {
          "w": 0.6698873043060303,
          "x": 0.7419223189353943,
          "y": -0.011463737115263939,
          "z": -0.025901606306433678
        },
        "matrix": [
          [
            0.9983954429626465,
            0.017691899091005325,
            -0.05379264056682587,
            -0.0032762496266514063
          ],
          [
            -0.05171258747577667,
            -0.1022387444972992,
            -0.9934148788452148,
            0.06320185214281082
          ],
          [
            -0.023075293749570847,
            0.9946094155311584,
            -0.101161427795887,
            0.9489403367042542
          ],
          [
            0.0,
            0.0,
            0.0,
            1.0
          ]
        ]
      },
      "bone_length_armature_space": 0.4880045559535126,
      "parent": "Root",
      "has_children": true,
      "is_end_bone": false
    },
    "neck_01": {
      "name": "neck_01",
      "local": {
        "location": {
          "x": 0.0,
          "y": 0.0,
          "z": 0.0
        },
        "rotation_quaternion": {
          "w": 0.984948992729187,
          "x": -0.09122520685195923,
          "y": 0.07645902037620544,
          "z": 0.12532967329025269
        },
        "scale": {
          "x": 1.0,
          "y": 1.0,
          "z": 1.0
        },
        "matrix_basis": [
          [
            0.9568929672241211,
            -0.260836660861969,
            0.12775002419948578,
            0.0
          ],
          [
            0.23293669521808624,
            0.9519408941268921,
            0.198869526386261,
            0.0
          ],
          [
            -0.17348292469978333,
            -0.1605391800403595,
            0.9716639518737793,
            0.0
          ],
          [
            0.0,
            0.0,
            0.0,
            1.0
          ]
        ],
        "rotation_mode": "QUATERNION"
      },
      "armature_space": {
        "head": {
          "x": 0.00478724017739296,
          "y": -0.09187261015176773,
          "z": 0.5537724494934082
        },
        "tail": {
          "x": -0.02134750224649906,
          "y": -0.12202684581279755,
          "z": 0.6482099294662476
        }
      },
      "world_space": {
        "head": {
          "x": 0.00478724017739296,
          "y": -0.02862861007452011,
          "z": 1.5036264657974243
        },
        "tail": {
          "x": -0.02134750224649906,
          "y": -0.05878284573554993,
          "z": 1.5980639457702637
        },
        "rotation_quaternion": {
          "w": 0.5883304476737976,
          "x": 0.7975427508354187,
          "y": -0.08248595893383026,
          "z": 0.1048286035656929
        },
        "matrix": [
          [
            0.9644142389297485,
            -0.25492003560066223,
            0.07015123963356018,
            0.00478724017739296
          ],
          [
            -0.008225709199905396,
            -0.2941264808177948,
            -0.955731213092804,
            -0.02862861007452011
          ],
          [
            0.2642701268196106,
            0.9211496710777283,
            -0.28575950860977173,
            1.5036264657974243
          ],
          [
            0.0,
            0.0,
            0.0,
            1.0
          ]
        ]
      },
      "bone_length_armature_space": 0.10252189946723302,
      "parent": "spine_01",
      "has_children": true,
      "is_end_bone": false
    },
    "head": {
      "name": "head",
      "local": {
        "location": {
          "x": 0.0,
          "y": 0.0,
          "z": 0.0
        },
        "rotation_quaternion": {
          "w": 0.9858174920082092,
          "x": -0.09010699391365051,
          "y": -0.10241389274597168,
          "z": 0.09775479882955551
        },
        "scale": {
          "x": 1.0,
          "y": 1.0,
          "z": 1.0
        },
        "matrix_basis": [
          [
            0.9599108099937439,
            -0.17428036034107208,
            -0.2195395976305008,
            0.0
          ],
          [
            0.21119320392608643,
            0.9646494388580322,
            0.15763519704341888,
            0.0
          ],
          [
            0.18430602550506592,
            -0.1976809948682785,
            0.9627842307090759,
            0.0
          ],
          [
            0.0,
            0.0,
            0.0,
            1.0
          ]
        ],
        "rotation_mode": "QUATERNION"
      },
      "armature_space": {
        "head": {
          "x": -0.021347472444176674,
          "y": -0.12202697992324829,
          "z": 0.648209810256958
        },
        "tail": {
          "x": -0.08594264835119247,
          "y": -0.08048394322395325,
          "z": 0.7829498648643494
        }
      },
      "world_space": {
        "head": {
          "x": -0.021347472444176674,
          "y": -0.05878297984600067,
          "z": 1.5980638265609741
        },
        "tail": {
          "x": -0.08594264835119247,
          "y": -0.017239943146705627,
          "z": 1.7328038215637207
        },
        "rotation_quaternion": {
          "w": 0.756470263004303,
          "x": 0.5999457240104675,
          "y": -0.2483624368906021,
          "z": 0.07831962406635284
        },
        "matrix": [
          [
            0.8643651008605957,
            -0.41650068759918213,
            -0.28178101778030396,
            -0.021347472444176674
          ],
          [
            -0.179512619972229,
            0.2678636610507965,
            -0.9465857148170471,
            -0.05878297984600067
          ],
          [
            0.4697354733943939,
            0.8687849640846252,
            0.15676501393318176,
            1.5980638265609741
          ],
          [
            0.0,
            0.0,
            0.0,
            1.0
          ]
        ]
      },
      "bone_length_armature_space": 0.15509107890544124,
      "parent": "neck_01",
      "has_children": false,
      "is_end_bone": true
    },
    "upperarm_l": {
      "name": "upperarm_l",
      "local": {
        "location": {
          "x": 0.0,
          "y": 0.0,
          "z": 0.0
        },
        "rotation_quaternion": {
          "w": 0.854870080947876,
          "x": -0.16891585290431976,
          "y": 0.4504604637622833,
          "z": 0.1942940056324005
        },
        "scale": {
          "x": 1.0,
          "y": 1.0,
          "z": 1.0
        },
        "matrix_basis": [
          [
            0.5186704397201538,
            -0.484372079372406,
            0.7045316696166992,
            0.0
          ],
          [
            0.18001243472099304,
            0.867434561252594,
            0.46384575963020325,
            0.0
          ],
          [
            -0.8358089923858643,
            -0.11375868320465088,
            0.5371056199073792,
            0.0
          ],
          [
            0.0,
            0.0,
            0.0,
            1.0
          ]
        ],
        "rotation_mode": "QUATERNION"
      },
      "armature_space": {
        "head": {
          "x": 0.15318597853183746,
          "y": -0.09592638909816742,
          "z": 0.48314303159713745
        },
        "tail": {
          "x": 0.39099347591400146,
          "y": -0.08464009314775467,
          "z": 0.6061391830444336
        }
      },
      "world_space": {
        "head": {
          "x": 0.15318597853183746,
          "y": -0.0326823890209198,
          "z": 1.4329969882965088
        },
        "tail": {
          "x": 0.39099347591400146,
          "y": -0.02139609307050705,
          "z": 1.5559931993484497
        },
        "rotation_quaternion": {
          "w": 0.3276614248752594,
          "x": 0.6920433640480042,
          "y": 0.6431920528411865,
          "z": 0.004257798194885254
        },
        "matrix": [
          [
            0.17256981134414673,
            0.8874425888061523,
            0.4273937940597534,
            0.15318597853183746
          ],
          [
            0.8930249214172363,
            0.04211784154176712,
            -0.4480322599411011,
            -0.0326823890209198
          ],
          [
            -0.4156058430671692,
            0.45899325609207153,
            -0.785245954990387,
            1.4329969882965088
          ],
          [
            0.0,
            0.0,
            0.0,
            1.0
          ]
        ]
      },
      "bone_length_armature_space": 0.2679698501813174,
      "parent": "spine_01",
      "has_children": true,
      "is_end_bone": false
    },
    "lowerarm_l": {
      "name": "lowerarm_l",
      "local": {
        "location": {
          "x": 0.0,
          "y": 0.0,
          "z": 0.0
        },
        "rotation_quaternion": {
          "w": 0.9277514219284058,
          "x": 0.24015463888645172,
          "y": -0.19949215650558472,
          "z": 0.20446538925170898
        },
        "scale": {
          "x": 1.0,
          "y": 1.0,
          "z": 1.0
        },
        "matrix_basis": [
          [
            0.8367935419082642,
            -0.4752040505409241,
            -0.2719516456127167,
            0.0
          ],
          [
            0.2835681736469269,
            0.8010392785072327,
            -0.5271860957145691,
            0.0
          ],
          [
            0.4683648943901062,
            0.3640291392803192,
            0.8050572872161865,
            0.0
          ],
          [
            0.0,
            0.0,
            0.0,
            1.0
          ]
        ],
        "rotation_mode": "QUATERNION"
      },
      "armature_space": {
        "head": {
          "x": 0.39099353551864624,
          "y": -0.08464021980762482,
          "z": 0.6061392426490784
        },
        "tail": {
          "x": 0.5796375274658203,
          "y": -0.25990480184555054,
          "z": 0.6787005066871643
        }
      },
      "world_space": {
        "head": {
          "x": 0.39099353551864624,
          "y": -0.021396219730377197,
          "z": 1.5559933185577393
        },
        "tail": {
          "x": 0.5796375274658203,
          "y": -0.19666080176830292,
          "z": 1.6285545825958252
        },
        "rotation_quaternion": {
          "w": 0.26438337564468384,
          "x": 0.8626662492752075,
          "y": 0.32020866870880127,
          "z": -0.28874704241752625
        },
        "matrix": [
          [
            0.6281829476356506,
            0.7051467895507812,
            -0.32886773347854614,
            0.39099353551864624
          ],
          [
            0.39978721737861633,
            -0.6551347970962524,
            -0.6410686373710632,
            -0.021396219730377197
          ],
          [
            -0.667504608631134,
            0.2712321877479553,
            -0.6934586763381958,
            1.5559933185577393
          ],
          [
            0.0,
            0.0,
            0.0,
            1.0
          ]
        ]
      },
      "bone_length_armature_space": 0.2675245154758201,
      "parent": "upperarm_l",
      "has_children": true,
      "is_end_bone": false
    },
    "metacarpal_thumb_l": {
      "name": "metacarpal_thumb_l",
      "local": {
        "location": {
          "x": 0.0,
          "y": 0.0,
          "z": 0.0
        },
        "rotation_quaternion": {
          "w": 0.9997471570968628,
          "x": 0.01308179460465908,
          "y": 0.016427557915449142,
          "z": -0.008040928281843662
        },
        "scale": {
          "x": 1.0,
          "y": 1.0,
          "z": 1.0
        },
        "matrix_basis": [
          [
            0.9993309378623962,
            0.016507593914866447,
            0.032636430114507675,
            0.0
          ],
          [
            -0.01564798690378666,
            0.9995284080505371,
            -0.026421159505844116,
            0.0
          ],
          [
            -0.033057186752557755,
            0.02589278854429722,
            0.9991180300712585,
            0.0
          ],
          [
            0.0,
            0.0,
            0.0,
            1.0
          ]
        ],
        "rotation_mode": "QUATERNION"
      },
      "armature_space": {
        "head": {
          "x": 0.5796375274658203,
          "y": -0.25990480184555054,
          "z": 0.6787005066871643
        },
        "tail": {
          "x": 0.6044828295707703,
          "y": -0.29968059062957764,
          "z": 0.6627572178840637
        }
      },
      "world_space": {
        "head": {
          "x": 0.5796375274658203,
          "y": -0.19666080176830292,
          "z": 1.6285545825958252
        },
        "tail": {
          "x": 0.6044828295707703,
          "y": -0.23643659055233002,
          "z": 1.6126112937927246
        },
        "rotation_quaternion": {
          "w": 0.253156453371048,
          "x": -0.8859348297119141,
          "y": -0.18549790978431702,
          "z": -0.3414996564388275
        },
        "matrix": [
          [
            0.6979372501373291,
            0.5015836358070374,
            0.5111722350120544,
            0.5796375274658203
          ],
          [
            0.15577362477779388,
            -0.8030049204826355,
            0.5752545595169067,
            -0.19666080176830292
          ],
          [
            0.6990171074867249,
            -0.3218677341938019,
            -0.6385847330093384,
            1.6285545825958252
          ],
          [
            0.0,
            0.0,
            0.0,
            1.0
          ]
        ]
      },
      "bone_length_armature_space": 0.049533734268225584,
      "parent": "lowerarm_l",
      "has_children": true,
      "is_end_bone": false
    },
    "thumb_01_l": {
      "name": "thumb_01_l",
      "local": {
        "location": {
          "x": 0.0,
          "y": 0.0,
          "z": 0.0
        },
        "rotation_quaternion": {
          "w": 0.9972359538078308,
          "x": -0.0719200074672699,
          "y": 0.014365807175636292,
          "z": -0.011904820799827576
        },
        "scale": {
          "x": 1.0,
          "y": 1.0,
          "z": 1.0
        },
        "matrix_basis": [
          [
            0.9993038177490234,
            0.021677453070878983,
            0.030364587903022766,
            0.0
          ],
          [
            -0.025810208171606064,
            0.9893715977668762,
            0.14310039579868317,
            0.0
          ],
          [
            -0.026939809322357178,
            -0.14378447830677032,
            0.9892422556877136,
            0.0
          ],
          [
            0.0,
            0.0,
            0.0,
            1.0
          ]
        ],
        "rotation_mode": "QUATERNION"
      },
      "armature_space": {
        "head": {
          "x": 0.6044828295707703,
          "y": -0.29968059062957764,
          "z": 0.6627572178840637
        },
        "tail": {
          "x": 0.621757984161377,
          "y": -0.3052060902118683,
          "z": 0.6339531540870667
        }
      },
      "world_space": {
        "head": {
          "x": 0.6044828295707703,
          "y": -0.23643659055233002,
          "z": 1.6126112937927246
        },
        "tail": {
          "x": 0.621757984161377,
          "y": -0.24196209013462067,
          "z": 1.5838072299957275
        },
        "rotation_quaternion": {
          "w": 0.5769750475883484,
          "x": -0.4052533805370331,
          "y": 0.2931448519229889,
          "z": -0.6457055807113647
        },
        "matrix": [
          [
            -0.0057361796498298645,
            0.5075168609619141,
            0.8616226315498352,
            0.6044828295707703
          ],
          [
            -0.9827077388763428,
            -0.16233029961585999,
            0.08907449245452881,
            -0.23643659055233002
          ],
          [
            0.18507462739944458,
            -0.8462188243865967,
            0.49967533349990845,
            1.6126112937927246
          ],
          [
            0.0,
            0.0,
            0.0,
            1.0
          ]
        ]
      },
      "bone_length_armature_space": 0.034038745326328154,
      "parent": "metacarpal_thumb_l",
      "has_children": true,
      "is_end_bone": false
    },
    "thumb_02_l": {
      "name": "thumb_02_l",
      "local": {
        "location": {
          "x": 0.0,
          "y": 0.0,
          "z": 0.0
        },
        "rotation_quaternion": {
          "w": 0.9951457977294922,
          "x": 0.09815376996994019,
          "y": -0.007128068245947361,
          "z": -1.733365934342146e-05
        },
        "scale": {
          "x": 1.0,
          "y": 1.0,
          "z": 1.0
        },
        "matrix_basis": [
          [
            0.999898374080658,
            -0.001364794559776783,
            -0.01419033668935299,
            0.0
          ],
          [
            -0.0014337925240397453,
            0.9807316660881042,
            -0.1953543722629547,
            0.0
          ],
          [
            0.014183531515300274,
            0.1953548640012741,
            0.9806300401687622,
            0.0
          ],
          [
            0.0,
            0.0,
            0.0,
            1.0
          ]
        ],
        "rotation_mode": "QUATERNION"
      },
      "armature_space": {
        "head": {
          "x": 0.6217579245567322,
          "y": -0.3052060604095459,
          "z": 0.6339531540870667
        },
        "tail": {
          "x": 0.651243269443512,
          "y": -0.33129921555519104,
          "z": 0.6418867707252502
        }
      },
      "world_space": {
        "head": {
          "x": 0.6217579245567322,
          "y": -0.24196206033229828,
          "z": 1.5838072299957275
        },
        "tail": {
          "x": 0.651243269443512,
          "y": -0.2680552005767822,
          "z": 1.5917408466339111
        },
        "rotation_quaternion": {
          "w": 0.4129384458065033,
          "x": 0.0898934006690979,
          "y": -0.0682089701294899,
          "z": -0.9037414193153381
        },
        "matrix": [
          [
            -0.6428020000457764,
            0.7341159582138062,
            -0.2188130021095276,
            0.6217579245567322
          ],
          [
            -0.7586423754692078,
            -0.6496585607528687,
            0.04904547333717346,
            -0.24196206033229828
          ],
          [
            -0.1061500608921051,
            0.1975279003381729,
            0.9745404124259949,
            1.5838072299957275
          ],
          [
            0.0,
            0.0,
            0.0,
            1.0
          ]
        ]
      },
      "bone_length_armature_space": 0.040164419086120326,
      "parent": "thumb_01_l",
      "has_children": true,
      "is_end_bone": false
    },
    "thumb_03_l": {
      "name": "thumb_03_l",
      "local": {
        "location": {
          "x": 0.0,
          "y": 0.0,
          "z": 0.0
        },
        "rotation_quaternion": {
          "w": 0.9980186223983765,
          "x": 0.06169520318508148,
          "y": -0.00938496459275484,
          "z": -0.008039792068302631
        },
        "scale": {
          "x": 1.0,
          "y": 1.0,
          "z": 1.0
        },
        "matrix_basis": [
          [
            0.9996945858001709,
            0.014889709651470184,
            -0.0197247713804245,
            0.0
          ],
          [
            -0.0172057393938303,
            0.9922581315040588,
            -0.12299501895904541,
            0.0
          ],
          [
            0.017740705981850624,
            0.1232968270778656,
            0.9922112226486206,
            0.0
          ],
          [
            0.0,
            0.0,
            0.0,
            1.0
          ]
        ],
        "rotation_mode": "QUATERNION"
      },
      "armature_space": {
        "head": {
          "x": 0.6512432098388672,
          "y": -0.33129921555519104,
          "z": 0.6418866515159607
        },
        "tail": {
          "x": 0.6712808609008789,
          "y": -0.34669190645217896,
          "z": 0.6588704586029053
        }
      },
      "world_space": {
        "head": {
          "x": 0.6512432098388672,
          "y": -0.2680552005767822,
          "z": 1.591740608215332
        },
        "tail": {
          "x": 0.6712808609008789,
          "y": -0.28344792127609253,
          "z": 1.6087244749069214
        },
        "rotation_quaternion": {
          "w": 0.47123321890830994,
          "x": 0.32062241435050964,
          "y": -0.1585642695426941,
          "z": -0.8062244653701782
        },
        "matrix": [
          [
            -0.35027965903282166,
            0.6581622362136841,
            -0.6664280295372009,
            0.6512432098388672
          ],
          [
            -0.8615185618400574,
            -0.5055921077728271,
            -0.046500951051712036,
            -0.2680552005767822
          ],
          [
            -0.3675493597984314,
            0.5578550696372986,
            0.7441232204437256,
            1.591740608215332
          ],
          [
            0.0,
            0.0,
            0.0,
            1.0
          ]
        ]
      },
      "bone_length_armature_space": 0.030444902429686563,
      "parent": "thumb_02_l",
      "has_children": false,
      "is_end_bone": true
    },
    "metacarpal_index_l": {
      "name": "metacarpal_index_l",
      "local": {
        "location": {
          "x": 0.0,
          "y": 0.0,
          "z": 0.0
        },
        "rotation_quaternion": {
          "w": 0.9986445307731628,
          "x": -0.05120738968253136,
          "y": 0.009322854690253735,
          "z": 0.00012490665540099144
        },
        "scale": {
          "x": 1.0,
          "y": 1.0,
          "z": 1.0
        },
        "matrix_basis": [
          [
            0.9998261332511902,
            -0.0012042728485539556,
            0.018607642501592636,
            0.0
          ],
          [
            -0.0007053234148770571,
            0.9947555661201477,
            0.10227828472852707,
            0.0
          ],
          [
            -0.018633227795362473,
            -0.10227362811565399,
            0.9945817589759827,
            0.0
          ],
          [
            0.0,
            0.0,
            0.0,
            1.0
          ]
        ],
        "rotation_mode": "QUATERNION"
      },
      "armature_space": {
        "head": {
          "x": 0.5796375274658203,
          "y": -0.25990480184555054,
          "z": 0.6787005066871643
        },
        "tail": {
          "x": 0.6475730538368225,
          "y": -0.3544616997241974,
          "z": 0.6918525695800781
        }
      },
      "world_space": {
        "head": {
          "x": 0.5796375274658203,
          "y": -0.19666080176830292,
          "z": 1.6285545825958252
        },
        "tail": {
          "x": 0.6475730538368225,
          "y": -0.2912176847457886,
          "z": 1.6417065858840942
        },
        "rotation_quaternion": {
          "w": 0.017500687390565872,
          "x": 0.941893458366394,
          "y": 0.3101560175418854,
          "z": 0.12780436873435974
        },
        "matrix": [
          [
            0.7749384641647339,
            0.5797943472862244,
            0.2516118884086609,
            0.5796375274658203
          ],
          [
            0.5887413024902344,
            -0.8069940209388733,
            0.04631100594997406,
            -0.19666080176830292
          ],
          [
            0.2299022078514099,
            0.11224579811096191,
            -0.9667264819145203,
            1.6285545825958252
          ],
          [
            0.0,
            0.0,
            0.0,
            1.0
          ]
        ]
      },
      "bone_length_armature_space": 0.11717175089786563,
      "parent": "lowerarm_l",
      "has_children": true,
      "is_end_bone": false
    },
    "index_01_l": {
      "name": "index_01_l",
      "local": {
        "location": {
          "x": 0.0,
          "y": 0.0,
          "z": 0.0
        },
        "rotation_quaternion": {
          "w": 0.9919122457504272,
          "x": -0.12427781522274017,
          "y": -0.021021684631705284,
          "z": 0.01494223065674305
        },
        "scale": {
          "x": 1.0,
          "y": 1.0,
          "z": 1.0
        },
        "matrix_basis": [
          [
            0.9986696243286133,
            -0.024417705833911896,
            -0.04541730880737305,
            0.0
          ],
          [
            0.034867819398641586,
            0.9686635136604309,
            0.2459171563386917,
            0.0
          ],
          [
            0.037989355623722076,
            -0.24717359244823456,
            0.9682262539863586,
            0.0
          ],
          [
            0.0,
            0.0,
            0.0,
            1.0
          ]
        ],
        "rotation_mode": "QUATERNION"
      },
      "armature_space": {
        "head": {
          "x": 0.6475730538368225,
          "y": -0.3544616997241974,
          "z": 0.6918525695800781
        },
        "tail": {
          "x": 0.6659735441207886,
          "y": -0.3702032268047333,
          "z": 0.7069090604782104
        }
      },
      "world_space": {
        "head": {
          "x": 0.6475730538368225,
          "y": -0.2912176847457886,
          "z": 1.6417065858840942
        },
        "tail": {
          "x": 0.6659735441207886,
          "y": -0.30695921182632446,
          "z": 1.6567630767822266
        },
        "rotation_quaternion": {
          "w": 0.20973731577396393,
          "x": 0.8583977222442627,
          "y": 0.4242432117462158,
          "z": 0.1979430764913559
        },
        "matrix": [
          [
            0.5616716146469116,
            0.6453069448471069,
            0.5177872180938721,
            0.6475730538368225
          ],
          [
            0.8113715052604675,
            -0.5520555973052979,
            -0.19212298095226288,
            -0.2912176847457886
          ],
          [
            0.16187094151973724,
            0.5280306935310364,
            -0.8336639404296875,
            1.6417065858840942
          ],
          [
            0.0,
            0.0,
            0.0,
            1.0
          ]
        ]
      },
      "bone_length_armature_space": 0.028514411182730164,
      "parent": "metacarpal_index_l",
      "has_children": true,
      "is_end_bone": false
    },
    "index_02_l": {
      "name": "index_02_l",
      "local": {
        "location": {
          "x": 0.0,
          "y": 0.0,
          "z": 0.0
        },
        "rotation_quaternion": {
          "w": 0.9990293979644775,
          "x": 0.0426502600312233,
          "y": 0.0029443709645420313,
          "z": -0.010609283111989498
        },
        "scale": {
          "x": 1.0,
          "y": 1.0,
          "z": 1.0
        },
        "matrix_basis": [
          [
            0.9997575283050537,
            0.021449128165841103,
            0.0049780490808188915,
            0.0
          ],
          [
            -0.020946815609931946,
            0.9961367845535278,
            -0.08528020232915878,
            0.0
          ],
          [
            -0.006788003724068403,
            0.08515524864196777,
            0.9963445663452148,
            0.0
          ],
          [
            0.0,
            0.0,
            0.0,
            1.0
          ]
        ],
        "rotation_mode": "QUATERNION"
      },
      "armature_space": {
        "head": {
          "x": 0.6659738421440125,
          "y": -0.3702036738395691,
          "z": 0.7069089412689209
        },
        "tail": {
          "x": 0.6838520169258118,
          "y": -0.3836117684841156,
          "z": 0.7195059657096863
        }
      },
      "world_space": {
        "head": {
          "x": 0.6659738421440125,
          "y": -0.30695968866348267,
          "z": 1.656762957572937
        },
        "tail": {
          "x": 0.6838520169258118,
          "y": -0.3203677535057068,
          "z": 1.6693599224090576
        },
        "rotation_quaternion": {
          "w": 0.20561283826828003,
          "x": 0.8585412502288818,
          "y": 0.4431595206260681,
          "z": 0.15569233894348145
        },
        "matrix": [
          [
            0.5587383508682251,
            0.6969167590141296,
            0.4495755434036255,
            0.6659738421440125
          ],
          [
            0.8249667286872864,
            -0.522665798664093,
            -0.21506017446517944,
            -0.30695968866348267
          ],
          [
            0.08510007709264755,
            0.4910498857498169,
            -0.8669731020927429,
            1.656762957572937
          ],
          [
            0.0,
            0.0,
            0.0,
            1.0
          ]
        ]
      },
      "bone_length_armature_space": 0.025653287463301647,
      "parent": "index_01_l",
      "has_children": true,
      "is_end_bone": false
    },
    "index_03_l": {
      "name": "index_03_l",
      "local": {
        "location": {
          "x": 0.0,
          "y": 0.0,
          "z": 0.0
        },
        "rotation_quaternion": {
          "w": 0.9996271729469299,
          "x": 0.02619194984436035,
          "y": 0.007469937205314636,
          "z": 0.001957607688382268
        },
        "scale": {
          "x": 1.0,
          "y": 1.0,
          "z": 1.0
        },
        "matrix_basis": [
          [
            0.9998807311058044,
            -0.0035224512685090303,
            0.015036851167678833,
            0.0
          ],
          [
            0.004305060021579266,
            0.9986202716827393,
            -0.05233512446284294,
            0.0
          ],
          [
            -0.014831757172942162,
            0.05239361524581909,
            0.9985163807868958,
            0.0
          ],
          [
            0.0,
            0.0,
            0.0,
            1.0
          ]
        ],
        "rotation_mode": "QUATERNION"
      },
      "armature_space": {
        "head": {
          "x": 0.683851957321167,
          "y": -0.3836117386817932,
          "z": 0.7195060849189758
        },
        "tail": {
          "x": 0.7072507739067078,
          "y": -0.3973657190799713,
          "z": 0.7303252816200256
        }
      },
      "world_space": {
        "head": {
          "x": 0.683851957321167,
          "y": -0.3203677535057068,
          "z": 1.6693601608276367
        },
        "tail": {
          "x": 0.7072507739067078,
          "y": -0.3341217041015625,
          "z": 1.6801793575286865
        },
        "rotation_quaternion": {
          "w": 0.13078199326992035,
          "x": 0.8442778587341309,
          "y": 0.4975270926952362,
          "z": 0.1501930058002472
        },
        "matrix": [
          [
            0.4598170220851898,
            0.8008171916007996,
            0.38374441862106323,
            0.683851957321167
          ],
          [
            0.879387617111206,
            -0.470725417137146,
            -0.07138152420520782,
            -0.3203677535057068
          ],
          [
            0.12347642332315445,
            0.37028440833091736,
            -0.9206830859184265,
            1.6693601608276367
          ],
          [
            0.0,
            0.0,
            0.0,
            1.0
          ]
        ]
      },
      "bone_length_armature_space": 0.029218686219175425,
      "parent": "index_02_l",
      "has_children": false,
      "is_end_bone": true
    },
    "metacarpal_pinky_l": {
      "name": "metacarpal_pinky_l",
      "local": {
        "location": {
          "x": 0.0,
          "y": 0.0,
          "z": 0.0
        },
        "rotation_quaternion": {
          "w": 0.9987876415252686,
          "x": -0.04687859117984772,
          "y": 0.003017355455085635,
          "z": 0.014718383550643921
        },
        "scale": {
          "x": 1.0,
          "y": 1.0,
          "z": 1.0
        },
        "matrix_basis": [
          [
            0.9995485544204712,
            -0.029683977365493774,
            0.004647440277040005,
            0.0
          ],
          [
            0.02911818027496338,
            0.9951715469360352,
            0.0937323346734047,
            0.0
          ],
          [
            -0.007407349068671465,
            -0.09355469048023224,
            0.9955865740776062,
            0.0
          ],
          [
            0.0,
            0.0,
            0.0,
            1.0
          ]
        ],
        "rotation_mode": "QUATERNION"
      },
      "armature_space": {
        "head": {
          "x": 0.5796375274658203,
          "y": -0.25990480184555054,
          "z": 0.6787005066871643
        },
        "tail": {
          "x": 0.6658483147621155,
          "y": -0.29622408747673035,
          "z": 0.7244371771812439
        }
      },
      "world_space": {
        "head": {
          "x": 0.5796375274658203,
          "y": -0.19666080176830292,
          "z": 1.6285545825958252
        },
        "tail": {
          "x": 0.6658483147621155,
          "y": -0.23298008739948273,
          "z": 1.6742911338806152
        },
        "rotation_quaternion": {
          "w": 0.5653679966926575,
          "x": 0.4795091152191162,
          "y": 0.07723046839237213,
          "z": -0.6666826009750366
        },
        "matrix": [
          [
            0.09914177656173706,
            0.827908992767334,
            -0.5520301461219788,
            0.5796375274658203
          ],
          [
            -0.6797765493392944,
            -0.34878548979759216,
            -0.6451767683029175,
            -0.19666080176830292
          ],
          [
            -0.7266936898231506,
            0.4392235577106476,
            0.528217077255249,
            1.6285545825958252
          ],
          [
            0.0,
            0.0,
            0.0,
            1.0
          ]
        ]
      },
      "bone_length_armature_space": 0.10413084600137816,
      "parent": "lowerarm_l",
      "has_children": true,
      "is_end_bone": false
    },
    "pinky_01_l": {
      "name": "pinky_01_l",
      "local": {
        "location": {
          "x": 0.0,
          "y": 0.0,
          "z": 0.0
        },
        "rotation_quaternion": {
          "w": 0.9934674501419067,
          "x": -0.11331002414226532,
          "y": 0.006030825898051262,
          "z": -0.012127704918384552
        },
        "scale": {
          "x": 1.0,
          "y": 1.0,
          "z": 1.0
        },
        "matrix_basis": [
          [
            0.9996330738067627,
            0.022730253636837006,
            0.014731239527463913,
            0.0
          ],
          [
            -0.025463666766881943,
            0.9740275144577026,
            0.22499336302280426,
            0.0
          ],
          [
            -0.009234477765858173,
            -0.22528591752052307,
            0.9742489457130432,
            0.0
          ],
          [
            0.0,
            0.0,
            0.0,
            1.0
          ]
        ],
        "rotation_mode": "QUATERNION"
      },
      "armature_space": {
        "head": {
          "x": 0.6658483147621155,
          "y": -0.29622408747673035,
          "z": 0.7244371771812439
        },
        "tail": {
