{
  "metadata": {
    "armature_name": "KIM_caucasian_male",
    "export_time": "2026-01-13T21:13:18.659102",
    "blender_version": "4.4.1",
    "bone_count": 56,
    "end_bone_count": 13,
    "spaces_included": [
      "LOCAL_CHANNELS",
      "ARMATURE_SPACE",
      "WORLD_SPACE"
    ],
    "note": "LOCAL matches Transform panel; replay pose via local.matrix_basis for best fidelity."
  },
  "bones": {
    "Root": {
      "name": "Root",
      "local": {
        "location": {
          "x": 0.0,
          "y": 0.0,
          "z": 0.0
        },
        "rotation_quaternion": {
          "w": 0.9997081160545349,
          "x": 0.012995446100831032,
          "y": -0.0005984491435810924,
          "z": -0.020360831171274185
        },
        "scale": {
          "x": 1.0,
          "y": 1.0,
          "z": 1.0
        },
        "matrix_basis": [
          [
            0.999170184135437,
            0.0406942218542099,
            -0.0017257451545447111,
            0.0
          ],
          [
            -0.040725331753492355,
            0.9988331198692322,
            -0.025958936661481857,
            0.0
          ],
          [
            0.000667352753225714,
            0.026007676497101784,
            0.9996615052223206,
            0.0
          ],
          [
            0.0,
            0.0,
            0.0,
            1.0
          ]
        ],
        "rotation_mode": "QUATERNION"
      },
      "armature_space": {
        "head": {
          "x": 0.0,
          "y": 0.07072800397872925,
          "z": -0.009595036506652832
        },
        "tail": {
          "x": 0.002904585562646389,
          "y": -0.00016701221466064453,
          "z": -0.0018506809137761593
        }
      },
      "world_space": {
        "head": {
          "x": 0.0,
          "y": 0.13397200405597687,
          "z": 0.9402589797973633
        },
        "tail": {
          "x": 0.002904585562646389,
          "y": 0.06307698786258698,
          "z": 0.948003351688385
        },
        "rotation_quaternion": {
          "w": 0.05438205972313881,
          "x": 0.9983124136924744,
          "y": 0.02027425915002823,
          "z": -0.0019687539897859097
        },
        "matrix": [
          [
            0.999170184135437,
            0.0406942218542099,
            -0.0017257451545447111,
            0.0
          ],
          [
            0.04026596248149872,
            -0.9932631254196167,
            -0.10866087675094604,
            0.13397200405597687
          ],
          [
            -0.006135994102805853,
            0.10850103199481964,
            -0.9940844774246216,
            0.9402589797973633
          ],
          [
            0.0,
            0.0,
            0.0,
            1.0
          ]
        ]
      },
      "bone_length_armature_space": 0.07137587213083187,
      "parent": null,
      "has_children": true,
      "is_end_bone": false
    },
    "spine_01": {
      "name": "spine_01",
      "local": {
        "location": {
          "x": 0.0,
          "y": 0.0,
          "z": 0.0
        },
        "rotation_quaternion": {
          "w": 0.9975433349609375,
          "x": 0.0566619373857975,
          "y": -0.03539545089006424,
          "z": 0.021071800962090492
        },
        "scale": {
          "x": 1.0,
          "y": 1.0,
          "z": 1.0
        },
        "matrix_basis": [
          [
            0.9966062903404236,
            -0.04605121910572052,
            -0.0682290568947792,
            0.0
          ],
          [
            0.03802891820669174,
            0.9926908016204834,
            -0.11453716456890106,
            0.0
          ],
          [
            0.07300493121147156,
            0.11155378073453903,
            0.9910731911659241,
            0.0
          ],
          [
            0.0,
            0.0,
            0.0,
            1.0
          ]
        ],
        "rotation_mode": "QUATERNION"
      },
      "armature_space": {
        "head": {
          "x": 0.002904585562646389,
          "y": -0.00016701221466064453,
          "z": -0.0018506809137761593
        },
        "tail": {
          "x": -0.014784381724894047,
          "y": -0.04534737020730972,
          "z": 0.48373591899871826
        }
      },
      "world_space": {
        "head": {
          "x": 0.002904585562646389,
          "y": 0.06307698786258698,
          "z": 0.948003351688385
        },
        "tail": {
          "x": -0.014784381724894047,
          "y": 0.017896629869937897,
          "z": 1.4335899353027344
        },
        "rotation_quaternion": {
          "w": 0.6731832027435303,
          "x": 0.7391136288642883,
          "y": -0.023086655884981155,
          "z": 0.0015749355079606175
        },
        "matrix": [
          [
            0.9989290833473206,
            -0.03624779358506203,
            -0.028755217790603638,
            0.002904585562646389
          ],
          [
            -0.03200710564851761,
            -0.09258247166872025,
            -0.9951906204223633,
            0.06307698786258698
          ],
          [
            0.03341143578290939,
            0.9950520396232605,
            -0.09364506602287292,
            0.948003351688385
          ],
          [
            0.0,
            0.0,
            0.0,
            1.0
          ]
        ]
      },
      "bone_length_armature_space": 0.48800464099792074,
      "parent": "Root",
      "has_children": true,
      "is_end_bone": false
    },
    "neck_01": {
      "name": "neck_01",
      "local": {
        "location": {
          "x": 0.0,
          "y": 0.0,
          "z": 0.0
        },
        "rotation_quaternion": {
          "w": 0.98569655418396,
          "x": -0.07436271011829376,
          "y": 0.028576932847499847,
          "z": -0.14851273596286774
        },
        "scale": {
          "x": 1.0,
          "y": 1.0,
          "z": 1.0
        },
        "matrix_basis": [
          [
            0.9542546272277832,
            0.28852686285972595,
            0.07842398434877396,
            0.0
          ],
          [
            -0.2970271110534668,
            0.9448283314704895,
            0.13811005651950836,
            0.0
          ],
          [
            -0.034248750656843185,
            -0.1550862044095993,
            0.987307071685791,
            0.0
          ],
          [
            0.0,
            0.0,
            0.0,
            1.0
          ]
        ],
        "rotation_mode": "QUATERNION"
      },
      "armature_space": {
        "head": {
          "x": -0.018435634672641754,
          "y": -0.08663976192474365,
          "z": 0.5533444285392761
        },
        "tail": {
          "x": 0.007037732750177383,
          "y": -0.11847326159477234,
          "z": 0.6474108099937439
        }
      },
      "world_space": {
        "head": {
          "x": -0.018435634672641754,
          "y": -0.023395761847496033,
          "z": 1.5031983852386475
        },
        "tail": {
          "x": 0.007037732750177383,
          "y": -0.05522926151752472,
          "z": 1.5972647666931152
        },
        "rotation_quaternion": {
          "w": 0.5749722123146057,
          "x": 0.8079997301101685,
          "y": 0.1189696192741394,
          "z": -0.048883985728025436
        },
        "matrix": [
          [
            0.966913104057312,
            0.24846893548965454,
            0.05781319737434387,
            -0.018435634672641754
          ],
          [
            0.13604220747947693,
            -0.31050604581832886,
            -0.9407864212989807,
            -0.023395761847496033
          ],
          [
            -0.21580618619918823,
            0.9175297021865845,
            -0.3340378403663635,
            1.5031983852386475
          ],
          [
            0.0,
            0.0,
            0.0,
            1.0
          ]
        ]
      },
      "bone_length_armature_space": 0.10252193835867024,
      "parent": "spine_01",
      "has_children": true,
      "is_end_bone": false
    },
    "head": {
      "name": "head",
      "local": {
        "location": {
          "x": 0.0,
          "y": 0.0,
          "z": 0.0
        },
        "rotation_quaternion": {
          "w": 0.9842090606689453,
          "x": -0.017509790137410164,
          "y": 0.16083687543869019,
          "z": -0.07181555777788162
        },
        "scale": {
          "x": 1.0,
          "y": 1.0,
          "z": 1.0
        },
        "matrix_basis": [
          [
            0.9379480481147766,
            0.13573060929775238,
            0.319109171628952,
            0.0
          ],
          [
            -0.14699548482894897,
            0.9890718460083008,
            0.011365408077836037,
            0.0
          ],
          [
            -0.31407925486564636,
            -0.057567767798900604,
            0.9476498365402222,
            0.0
          ],
          [
            0.0,
            0.0,
            0.0,
            1.0
          ]
        ],
        "rotation_mode": "QUATERNION"
      },
      "armature_space": {
        "head": {
          "x": 0.007037723436951637,
          "y": -0.11847338080406189,
          "z": 0.6474106907844543
        },
        "tail": {
          "x": 0.05838339030742645,
          "y": -0.0990876629948616,
          "z": 0.7924661636352539
        }
      },
      "world_space": {
        "head": {
          "x": 0.007037723436951637,
          "y": -0.05522938072681427,
          "z": 1.5972647666931152
        },
        "tail": {
          "x": 0.05838339030742645,
          "y": -0.03584366291761398,
          "z": 1.74232017993927
        },
        "rotation_quaternion": {
          "w": 0.6927416324615479,
          "x": 0.6605082750320435,
          "y": 0.28741422295570374,
          "z": 0.035084787756204605
        },
        "matrix": [
          [
            0.8323231935501099,
            0.331069678068161,
            0.4445573687553406,
            0.007037723436951637
          ],
          [
            0.4282905161380768,
            0.12499640136957169,
            -0.8949546217918396,
            -0.05522938072681427
          ],
          [
            -0.351862370967865,
            0.9352976083755493,
            -0.03775769844651222,
            1.5972647666931152
          ],
          [
            0.0,
            0.0,
            0.0,
            1.0
          ]
        ]
      },
      "bone_length_armature_space": 0.15509117780032206,
      "parent": "neck_01",
      "has_children": false,
      "is_end_bone": true
    },
    "upperarm_l": {
      "name": "upperarm_l",
      "local": {
        "location": {
          "x": 0.0,
          "y": 0.0,
          "z": 0.0
        },
        "rotation_quaternion": {
          "w": 0.8517480492591858,
          "x": 0.2520183324813843,
          "y": 0.3680456280708313,
          "z": 0.27487173676490784
        },
        "scale": {
          "x": 1.0,
          "y": 1.0,
          "z": 1.0
        },
        "matrix_basis": [
          [
            0.577975869178772,
            -0.2827344536781311,
            0.7655097246170044,
            0.0
          ],
          [
            0.6537514328956604,
            0.7218645811080933,
            -0.22698156535625458,
            0.0
          ],
          [
            -0.488418847322464,
            0.6316429376602173,
            0.6020583510398865,
            0.0
          ],
          [
            0.0,
            0.0,
            0.0,
            1.0
          ]
        ],
        "rotation_mode": "QUATERNION"
      },
      "armature_space": {
        "head": {
          "x": 0.1337481588125229,
          "y": -0.08839236199855804,
          "z": 0.4911822974681854
        },
        "tail": {
          "x": 0.32790687680244446,
          "y": -0.26360848546028137,
          "z": 0.5495720505714417
        }
      },
      "world_space": {
        "head": {
          "x": 0.1337481588125229,
          "y": -0.025148361921310425,
          "z": 1.441036343574524
        },
        "tail": {
          "x": 0.32790687680244446,
          "y": -0.20036448538303375,
          "z": 1.4994261264801025
        },
        "rotation_quaternion": {
          "w": 0.20533287525177002,
          "x": 0.8866263628005981,
          "y": 0.3618079721927643,
          "z": -0.20205731689929962
        },
        "matrix": [
          [
            0.6565355658531189,
            0.724555492401123,
            -0.20971541106700897,
            0.1337481588125229
          ],
          [
            0.5585994124412537,
            -0.6538661122322083,
            -0.5103197693824768,
            -0.025148361921310425
          ],
          [
            -0.5068837404251099,
            0.21789702773094177,
            -0.8340287804603577,
            1.441036343574524
          ],
          [
            0.0,
            0.0,
            0.0,
            1.0
          ]
        ]
      },
      "bone_length_armature_space": 0.2679695169699233,
      "parent": "spine_01",
      "has_children": true,
      "is_end_bone": false
    },
    "lowerarm_l": {
      "name": "lowerarm_l",
      "local": {
        "location": {
          "x": 0.0,
          "y": 0.0,
          "z": 0.0
        },
        "rotation_quaternion": {
          "w": 0.8697311878204346,
          "x": 0.39172300696372986,
          "y": -0.21569719910621643,
          "z": 0.20879526436328888
        },
        "scale": {
          "x": 1.0,
          "y": 1.0,
          "z": 1.0
        },
        "matrix_basis": [
          [
            0.8197585344314575,
            -0.5321786403656006,
            -0.2116173505783081,
            0.0
          ],
          [
            0.1942043900489807,
            0.6059152483940125,
            -0.7714605331420898,
            0.0
          ],
          [
            0.5387769937515259,
            0.5913143157958984,
            0.6000556349754333,
            0.0
          ],
          [
            0.0,
            0.0,
            0.0,
            1.0
          ]
        ],
        "rotation_mode": "QUATERNION"
      },
      "armature_space": {
        "head": {
          "x": 0.32790684700012207,
          "y": -0.2636086344718933,
          "z": 0.5495721101760864
        },
        "tail": {
          "x": 0.2781234085559845,
          "y": -0.526226282119751,
          "z": 0.5384824872016907
        }
      },
      "world_space": {
        "head": {
          "x": 0.32790684700012207,
          "y": -0.2003646343946457,
          "z": 1.4994261264801025
        },
        "tail": {
          "x": 0.2781234085559845,
          "y": -0.46298229694366455,
          "z": 1.4883365631103516
        },
        "rotation_quaternion": {
          "w": 0.06629833579063416,
          "x": -0.8509407639503479,
          "y": 0.06910514831542969,
          "z": 0.5164580941200256
        },
        "matrix": [
          [
            0.4569910764694214,
            -0.18608929216861725,
            -0.8697872757911682,
            0.32790684700012207
          ],
          [
            -0.049128562211990356,
            -0.9816583395004272,
            0.18421125411987305,
            -0.2003646343946457
          ],
          [
            -0.8881198167800903,
            -0.04145282506942749,
            -0.4577544033527374,
            1.4994261264801025
          ],
          [
            0.0,
            0.0,
            0.0,
            1.0
          ]
        ]
      },
      "bone_length_armature_space": 0.26752457506520516,
      "parent": "upperarm_l",
      "has_children": true,
      "is_end_bone": false
    },
    "metacarpal_thumb_l": {
      "name": "metacarpal_thumb_l",
      "local": {
        "location": {
          "x": 0.0,
          "y": 0.0,
          "z": 0.0
        },
        "rotation_quaternion": {
          "w": 0.9991780519485474,
          "x": -0.034181009978055954,
          "y": -0.017494501546025276,
          "z": -0.012995786033570766
        },
        "scale": {
          "x": 1.0,
          "y": 1.0,
          "z": 1.0
        },
        "matrix_basis": [
          [
            0.9990500807762146,
            0.02716616727411747,
            -0.034071825444698334,
            0.0
          ],
          [
            -0.024774249643087387,
            0.9973255395889282,
            0.06876053661108017,
            0.0
          ],
          [
            0.03584866225719452,
            -0.06785111874341965,
            0.9970511794090271,
            0.0
          ],
          [
            0.0,
            0.0,
            0.0,
            1.0
          ]
        ],
        "rotation_mode": "QUATERNION"
      },
      "armature_space": {
        "head": {
          "x": 0.2781234085559845,
          "y": -0.526226282119751,
          "z": 0.5384824872016907
        },
        "tail": {
          "x": 0.24879728257656097,
          "y": -0.560939371585846,
          "z": 0.5187702178955078
        }
      },
      "world_space": {
        "head": {
          "x": 0.2781234085559845,
          "y": -0.46298229694366455,
          "z": 1.4883365631103516
        },
        "tail": {
          "x": 0.24879728257656097,
          "y": -0.4976953864097595,
          "z": 1.468624234199524
        },
        "rotation_quaternion": {
          "w": 0.13975636661052704,
          "x": -0.8995174765586853,
          "y": 0.3606516122817993,
          "z": -0.20314288139343262
        },
        "matrix": [
          [
            0.6573260426521301,
            -0.5920442938804626,
            0.46626800298690796,
            0.2781234085559845
          ],
          [
            -0.70560622215271,
            -0.7007973194122314,
            0.1048973798751831,
            -0.46298229694366455
          ],
          [
            0.2646566331386566,
            -0.3979567885398865,
            -0.8784084320068359,
            1.4883365631103516
          ],
          [
            0.0,
            0.0,
            0.0,
            1.0
          ]
        ]
      },
      "bone_length_armature_space": 0.04953376452733754,
      "parent": "lowerarm_l",
      "has_children": true,
      "is_end_bone": false
    },
    "thumb_01_l": {
      "name": "thumb_01_l",
      "local": {
        "location": {
          "x": 0.0,
          "y": 0.0,
          "z": 0.0
        },
        "rotation_quaternion": {
          "w": 0.9670470952987671,
          "x": 0.2541515827178955,
          "y": 0.013349482789635658,
          "z": 0.006978105287998915
        },
        "scale": {
          "x": 1.0,
          "y": 1.0,
          "z": 1.0
        },
        "matrix_basis": [
          [
            0.9995461702346802,
            -0.006710728630423546,
            0.029366150498390198,
            0.0
          ],
          [
            0.020281897857785225,
            0.8707165718078613,
            -0.49136680364608765,
            0.0
          ],
          [
            -0.02227216400206089,
            0.491739422082901,
            0.8704575300216675,
            0.0
          ],
          [
            0.0,
            0.0,
            0.0,
            1.0
          ]
        ],
        "rotation_mode": "QUATERNION"
      },
      "armature_space": {
        "head": {
          "x": 0.24879728257656097,
          "y": -0.560939371585846,
          "z": 0.5187702178955078
        },
        "tail": {
          "x": 0.2560497522354126,
          "y": -0.582229495048523,
          "z": 0.49322086572647095
        }
      },
      "world_space": {
        "head": {
          "x": 0.24879728257656097,
          "y": -0.4976953864097595,
          "z": 1.468624234199524
        },
        "tail": {
          "x": 0.2560497522354126,
          "y": -0.5189855098724365,
          "z": 1.4430749416351318
        },
        "rotation_quaternion": {
          "w": 0.22858473658561707,
          "x": -0.2490711659193039,
          "y": 0.36744317412376404,
          "z": -0.8664283752441406
        },
        "matrix": [
          [
            -0.7714247107505798,
            0.21306627988815308,
            0.5995885133743286,
            0.24879728257656097
          ],
          [
            -0.5791440010070801,
            -0.6254696846008301,
            -0.5228579640388489,
            -0.4976953864097595
          ],
          [
            0.2636222839355469,
            -0.7505995035171509,
            0.6059025526046753,
            1.468624234199524
          ],
          [
            0.0,
            0.0,
            0.0,
            1.0
          ]
        ]
      },
      "bone_length_armature_space": 0.034038758686023324,
      "parent": "metacarpal_thumb_l",
      "has_children": true,
      "is_end_bone": false
    },
    "thumb_02_l": {
      "name": "thumb_02_l",
      "local": {
        "location": {
          "x": 0.0,
          "y": 0.0,
          "z": 0.0
        },
        "rotation_quaternion": {
          "w": 0.8881658315658569,
          "x": 0.459460973739624,
          "y": 0.007391890976577997,
          "z": -0.0015976415015757084
        },
        "scale": {
          "x": 1.0,
          "y": 1.0,
          "z": 1.0
        },
        "matrix_basis": [
          [
            0.999885618686676,
            0.009630512446165085,
            0.011662342585623264,
            0.0
          ],
          [
            0.003954629879444838,
            0.5777861475944519,
            -0.8161786794662476,
            0.0
          ],
          [
            -0.014598557725548744,
            0.8161314725875854,
            0.5776819586753845,
            0.0
          ],
          [
            0.0,
            0.0,
            0.0,
            1.0
          ]
        ],
        "rotation_mode": "QUATERNION"
      },
      "armature_space": {
        "head": {
          "x": 0.2560497522354126,
          "y": -0.5822294354438782,
          "z": 0.49322086572647095
        },
        "tail": {
          "x": 0.2504739761352539,
          "y": -0.5997047424316406,
          "z": 0.5289521217346191
        }
      },
      "world_space": {
        "head": {
          "x": 0.2560497522354126,
          "y": -0.5189854502677917,
          "z": 1.4430749416351318
        },
        "tail": {
          "x": 0.2504739761352539,
          "y": -0.5364607572555542,
          "z": 1.4788061380386353
        },
        "rotation_quaternion": {
          "w": 0.03841562941670418,
          "x": -0.06976675987243652,
          "y": 0.5300723910331726,
          "z": 0.844203770160675
        },
        "matrix": [
          [
            -0.9873136281967163,
            -0.13882416486740112,
            -0.07706783711910248,
            0.2560497522354126
          ],
          [
            -0.009100919589400291,
            -0.43509477376937866,
            0.9003389477729797,
            -0.5189854502677917
          ],
          [
            -0.15852180123329163,
            0.8896241784095764,
            0.4283154010772705,
            1.4430749416351318
          ],
          [
            0.0,
            0.0,
            0.0,
            1.0
          ]
        ]
      },
      "bone_length_armature_space": 0.04016463955031017,
      "parent": "thumb_01_l",
      "has_children": true,
      "is_end_bone": false
    },
    "thumb_03_l": {
      "name": "thumb_03_l",
      "local": {
        "location": {
          "x": 0.0,
          "y": 0.0,
          "z": 0.0
        },
        "rotation_quaternion": {
          "w": 0.991265058517456,
          "x": 0.13179975748062134,
          "y": -0.0020947863813489676,
          "z": 0.004264341667294502
        },
        "scale": {
          "x": 1.0,
          "y": 1.0,
          "z": 1.0
        },
        "matrix_basis": [
          [
            0.999954879283905,
            -0.009006370790302753,
            -0.0030288987327367067,
            0.0
          ],
          [
            0.007902001030743122,
            0.9652212858200073,
            -0.26131486892700195,
            0.0
          ],
          [
            0.005277055315673351,
            0.2612791359424591,
            0.9652488827705383,
            0.0
          ],
          [
            0.0,
            0.0,
            0.0,
            1.0
          ]
        ],
        "rotation_mode": "QUATERNION"
      },
      "armature_space": {
        "head": {
          "x": 0.25047391653060913,
          "y": -0.5997048020362854,
          "z": 0.5289520025253296
        },
        "tail": {
          "x": 0.24753908812999725,
          "y": -0.5974219441413879,
          "z": 0.5591692328453064
        }
      },
      "world_space": {
        "head": {
          "x": 0.25047391653060913,
          "y": -0.536460816860199,
          "z": 1.4788060188293457
        },
        "tail": {
          "x": 0.24753908812999725,
          "y": -0.5341779589653015,
          "z": 1.5090231895446777
        },
        "rotation_quaternion": {
          "w": 0.12143824994564056,
          "x": 0.17695733904838562,
          "y": -0.7230104207992554,
          "z": -0.6566542983055115
        },
        "matrix": [
          [
            -0.9078773856163025,
            -0.09639798849821091,
            -0.40800240635871887,
            0.25047391653060913
          ],
          [
            -0.4153706133365631,
            0.0749829113483429,
            0.9065569639205933,
            -0.536460816860199
          ],
          [
            -0.05679788067936897,
            0.9925217032432556,
            -0.10811613500118256,
            1.4788060188293457
          ],
          [
            0.0,
            0.0,
            0.0,
            1.0
          ]
        ]
      },
      "bone_length_armature_space": 0.030445125225167104,
      "parent": "thumb_02_l",
      "has_children": false,
      "is_end_bone": true
    },
    "metacarpal_index_l": {
      "name": "metacarpal_index_l",
      "local": {
        "location": {
          "x": 0.0,
          "y": 0.0,
          "z": 0.0
        },
        "rotation_quaternion": {
          "w": 0.9994502663612366,
          "x": -0.029181182384490967,
          "y": 0.015741543844342232,
          "z": -0.00021842916612513363
        },
        "scale": {
          "x": 1.0,
          "y": 1.0,
          "z": 1.0
        },
        "matrix_basis": [
          [
            0.9995043277740479,
            -0.0004820955509785563,
            0.031478527933359146,
            0.0
          ],
          [
            -0.0013553318567574024,
            0.9982967972755432,
            0.05832340568304062,
            0.0
          ],
          [
            -0.03145303204655647,
            -0.05833715945482254,
            0.9978013038635254,
            0.0
          ],
          [
            0.0,
            0.0,
            0.0,
            1.0
          ]
        ],
        "rotation_mode": "QUATERNION"
      },
      "armature_space": {
        "head": {
          "x": 0.2781234085559845,
          "y": -0.526226282119751,
          "z": 0.5384824872016907
        },
        "tail": {
          "x": 0.22945398092269897,
          "y": -0.6309894323348999,
          "z": 0.5188559293746948
        }
      },
      "world_space": {
        "head": {
          "x": 0.2781234085559845,
          "y": -0.46298229694366455,
          "z": 1.4883365631103516
        },
        "tail": {
          "x": 0.22945398092269897,
          "y": -0.5677454471588135,
          "z": 1.468709945678711
        },
        "rotation_quaternion": {
          "w": 0.09710200875997543,
          "x": -0.9718332290649414,
          "y": 0.20861880481243134,
          "z": 0.05088992044329643
        },
        "matrix": [
          [
            0.9077768325805664,
            -0.4153684079647064,
            -0.058397985994815826,
            0.2781234085559845
          ],
          [
            -0.39560240507125854,
            -0.8940990567207336,
            0.20996665954589844,
            -0.46298229694366455
          ],
          [
            -0.13942842185497284,
            -0.16750258207321167,
            -0.9759697318077087,
            1.4883365631103516
          ],
          [
            0.0,
            0.0,
            0.0,
            1.0
          ]
        ]
      },
      "bone_length_armature_space": 0.11717181001373485,
      "parent": "lowerarm_l",
      "has_children": true,
      "is_end_bone": false
    },
    "index_01_l": {
      "name": "index_01_l",
      "local": {
        "location": {
          "x": 0.0,
          "y": 0.0,
          "z": 0.0
        },
        "rotation_quaternion": {
          "w": 0.9378097057342529,
          "x": 0.3470296561717987,
          "y": 0.008695706725120544,
          "z": 0.0027845718432217836
        },
        "scale": {
          "x": 1.0,
          "y": 1.0,
          "z": 1.0
        },
        "matrix_basis": [
          [
            0.9998332858085632,
            0.000812539248727262,
            0.018242495134472847,
            0.0
          ],
          [
            0.011258133687078953,
            0.7591253519058228,
            -0.6508471369743347,
            0.0
          ],
          [
            -0.014377178624272346,
            0.6509439945220947,
            0.7589896321296692,
            0.0
          ],
          [
            0.0,
            0.0,
            0.0,
            1.0
          ]
        ],
        "rotation_mode": "QUATERNION"
      },
      "armature_space": {
        "head": {
          "x": 0.22945398092269897,
          "y": -0.6309894323348999,
          "z": 0.5188559293746948
        },
        "tail": {
          "x": 0.22698771953582764,
          "y": -0.6510913968086243,
          "z": 0.4987834393978119
        }
      },
      "world_space": {
        "head": {
          "x": 0.22945398092269897,
          "y": -0.5677454471588135,
          "z": 1.468709945678711
        },
        "tail": {
          "x": 0.22698771953582764,
          "y": -0.5878474116325378,
          "z": 1.4486374855041504
        },
        "rotation_quaternion": {
          "w": 0.38161250948905945,
          "x": -0.9232653379440308,
          "y": 0.04340321198105812,
          "z": 0.008315209299325943
        },
        "matrix": [
          [
            0.9960941076278687,
            -0.0864919126033783,
            0.017772428691387177,
            0.22945398092269897
          ],
          [
            -0.07379918545484543,
            -0.7049766182899475,
            0.7053807973861694,
            -0.5677454471588135
          ],
          [
            -0.04848095774650574,
            -0.7039427757263184,
            -0.7086102366447449,
            1.468709945678711
          ],
          [
            0.0,
            0.0,
            0.0,
            1.0
          ]
        ]
      },
      "bone_length_armature_space": 0.02851449193522882,
      "parent": "metacarpal_index_l",
      "has_children": true,
      "is_end_bone": false
    },
    "index_02_l": {
      "name": "index_02_l",
      "local": {
        "location": {
          "x": 0.0,
          "y": 0.0,
          "z": 0.0
        },
        "rotation_quaternion": {
          "w": 0.9030303955078125,
          "x": 0.42939016222953796,
          "y": -0.008722996339201927,
          "z": -0.009172237478196621
        },
        "scale": {
          "x": 1.0,
          "y": 1.0,
          "z": 1.0
        },
        "matrix_basis": [
          [
            0.9996795654296875,
            0.009074481204152107,
            -0.023631198331713676,
            0.0
          ],
          [
            -0.024056756868958473,
            0.631079912185669,
            -0.775344729423523,
            0.0
          ],
          [
            0.00787732470780611,
            0.775664746761322,
            0.6310960054397583,
            0.0
          ],
          [
            0.0,
            0.0,
            0.0,
            1.0
          ]
        ],
        "rotation_mode": "QUATERNION"
      },
      "armature_space": {
        "head": {
          "x": 0.22698745131492615,
          "y": -0.6510913968086243,
          "z": 0.4987829327583313
        },
        "tail": {
          "x": 0.22531653940677643,
          "y": -0.6493456363677979,
          "z": 0.4732435643672943
        }
      },
      "world_space": {
        "head": {
          "x": 0.22698745131492615,
          "y": -0.5878474116325378,
          "z": 1.4486370086669922
        },
        "tail": {
          "x": 0.22531653940677643,
          "y": -0.5861016511917114,
          "z": 1.4230976104736328
        },
        "rotation_quaternion": {
          "w": 0.7305504083633423,
          "x": -0.6820557713508606,
          "y": 0.01795807108283043,
          "z": 0.02781301736831665
        },
        "matrix": [
          [
            0.9978079795837402,
            -0.06513439118862152,
            -0.011701852083206177,
            0.22698745131492615
          ],
          [
            0.01614130288362503,
            0.06805232167243958,
            0.997551441192627,
            -0.5878474116325378
          ],
          [
            -0.0641789585351944,
            -0.9955602884292603,
            0.06895589828491211,
            1.4486370086669922
          ],
          [
            0.0,
            0.0,
            0.0,
            1.0
          ]
        ]
      },
      "bone_length_armature_space": 0.025653439500064566,
      "parent": "index_01_l",
      "has_children": true,
      "is_end_bone": false
    },
    "index_03_l": {
      "name": "index_03_l",
      "local": {
        "location": {
          "x": 0.0,
          "y": 0.0,
          "z": 0.0
        },
        "rotation_quaternion": {
          "w": 0.923370361328125,
          "x": 0.38386836647987366,
          "y": -0.005698422901332378,
          "z": -8.467550651403144e-05
        },
        "scale": {
          "x": 1.0,
          "y": 1.0,
          "z": 1.0
        },
        "matrix_basis": [
          [
            0.9999350309371948,
            -0.004218515008687973,
            -0.010588518343865871,
            0.0
          ],
          [
            -0.004531262442469597,
            0.7052901387214661,
            -0.7089043855667114,
            0.0
          ],
          [
            0.010458501055836678,
            0.7089062929153442,
            0.7052252292633057,
            0.0
          ],
          [
            0.0,
            0.0,
            0.0,
            1.0
          ]
        ],
        "rotation_mode": "QUATERNION"
      },
      "armature_space": {
        "head": {
          "x": 0.22531650960445404,
          "y": -0.6493457555770874,
          "z": 0.4732435643672943
        },
        "tail": {
          "x": 0.22697950899600983,
          "y": -0.6256930828094482,
          "z": 0.45616960525512695
        }
      },
      "world_space": {
        "head": {
          "x": 0.22531650960445404,
          "y": -0.586101770401001,
          "z": 1.4230976104736328
        },
        "tail": {
          "x": 0.22697950899600983,
          "y": -0.5624490976333618,
          "z": 1.406023621559143
        },
        "rotation_quaternion": {
          "w": 0.9511837363243103,
          "x": -0.30721601843833923,
          "y": -0.001549522508867085,
          "z": -0.029417894780635834
        },
        "matrix": [
          [
            0.9982643723487854,
            0.056915827095508575,
            0.015127681195735931,
            0.22531650960445404
          ],
          [
            -0.055011577904224396,
            0.809505820274353,
            0.5845293998718262,
            -0.586101770401001
          ],
          [
            0.02102312445640564,
            -0.5843503475189209,
            0.8112379312515259,
            1.4230976104736328
          ],
          [
            0.0,
            0.0,
            0.0,
            1.0
          ]
        ]
      },
      "bone_length_armature_space": 0.029218736473930966,
      "parent": "index_02_l",
      "has_children": false,
      "is_end_bone": true
    },
    "metacarpal_pinky_l": {
      "name": "metacarpal_pinky_l",
      "local": {
        "location": {
          "x": 0.0,
          "y": 0.0,
          "z": 0.0
        },
        "rotation_quaternion": {
          "w": 0.9990935325622559,
          "x": -0.04033493623137474,
          "y": -0.013483783230185509,
          "z": -0.0018688554409891367
        },
        "scale": {
          "x": 1.0,
          "y": 1.0,
          "z": 1.0
        },
        "matrix_basis": [
          [
            0.9996293783187866,
            0.004822057671844959,
            -0.026792360469698906,
            0.0
          ],
          [
            -0.0026465877890586853,
            0.9967392086982727,
            0.08064714819192886,
            0.0
          ],
          [
            0.027093881741166115,
            -0.08054634928703308,
            0.9963825345039368,
            0.0
          ],
          [
            0.0,
            0.0,
            0.0,
            1.0
          ]
        ],
        "rotation_mode": "QUATERNION"
      },
      "armature_space": {
        "head": {
          "x": 0.2781234085559845,
          "y": -0.526226282119751,
          "z": 0.5384824872016907
        },
        "tail": {
          "x": 0.292704701423645,
          "y": -0.6292772889137268,
          "z": 0.541813850402832
        }
      },
      "world_space": {
        "head": {
          "x": 0.2781234085559845,
          "y": -0.46298229694366455,
          "z": 1.4883365631103516
        },
        "tail": {
          "x": 0.292704701423645,
          "y": -0.5660333037376404,
          "z": 1.4916678667068481
        },
        "rotation_quaternion": {
          "w": 0.07138770073652267,
          "x": 0.34733814001083374,
          "y": 0.009411342442035675,
          "z": -0.9349714517593384
        },
        "matrix": [
          [
            -0.7485201954841614,
            0.14002874493598938,
            -0.6481586694717407,
            0.2781234085559845
          ],
          [
            -0.12695349752902985,
            -0.9896306991577148,
            -0.06718985736370087,
            -0.46298229694366455
          ],
          [
            -0.650850772857666,
            0.03199224919080734,
            0.758540689945221,
            1.4883365631103516
          ],
          [
            0.0,
            0.0,
            0.0,
            1.0
          ]
        ]
      },
      "bone_length_armature_space": 0.10413079299815947,
      "parent": "lowerarm_l",
      "has_children": true,
      "is_end_bone": false
    },
    "pinky_01_l": {
      "name": "pinky_01_l",
      "local": {
        "location": {
          "x": 0.0,
          "y": 0.0,
          "z": 0.0
        },
        "rotation_quaternion": {
          "w": 0.9442498683929443,
          "x": 0.3291855454444885,
          "y": 0.0002854597114492208,
          "z": 0.0053993468172848225
        },
        "scale": {
          "x": 1.0,
          "y": 1.0,
          "z": 1.0
        },
        "matrix_basis": [
          [
            0.9999415278434753,
            -0.010008726269006729,
            0.004093864466995001,
            0.0
          ],
          [
            0.010384603403508663,
            0.7832154631614685,
            -0.6216637492179871,
            0.0
          ],
          [
            0.003015683265402913,
            0.6216698884963989,
            0.7832735776901245,
            0.0
          ],
          [
            0.0,
            0.0,
            0.0,
            1.0
          ]
        ],
        "rotation_mode": "QUATERNION"
      },
      "armature_space": {
        "head": {
          "x": 0.292704701423645,
          "y": -0.6292772889137268,
          "z": 0.541813850402832
        },
