{
  "metadata": {
    "armature_name": "KIM_caucasian_male",
    "export_time": "2026-01-13T21:12:54.264257",
    "blender_version": "4.4.1",
    "bone_count": 56,
    "end_bone_count": 13,
    "spaces_included": [
      "LOCAL_CHANNELS",
      "ARMATURE_SPACE",
      "WORLD_SPACE"
    ],
    "note": "LOCAL matches Transform panel; replay pose via local.matrix_basis for best fidelity."
  },
  "bones": {
    "Root": {
      "name": "Root",
      "local": {
        "location": {
          "x": 0.0,
          "y": 0.0,
          "z": 0.0
        },
        "rotation_quaternion": {
          "w": 0.9994367361068726,
          "x": -0.005381586495786905,
          "y": -0.013639058917760849,
          "z": -0.030188268050551414
        },
        "scale": {
          "x": 1.0,
          "y": 1.0,
          "z": 1.0
        },
        "matrix_basis": [
          [
            0.9978052973747253,
            0.06048932671546936,
            -0.026937831193208694,
            0.0
          ],
          [
            -0.06019572913646698,
            0.9981194138526917,
            0.011580589227378368,
            0.0
          ],
          [
            0.02758767455816269,
            -0.00993363093584776,
            0.9995700120925903,
            0.0
          ],
          [
            0.0,
            0.0,
            0.0,
            1.0
          ]
        ],
        "rotation_mode": "QUATERNION"
      },
      "armature_space": {
        "head": {
          "x": 0.0,
          "y": 0.07072800397872925,
          "z": -0.009595036506652832
        },
        "tail": {
          "x": 0.004317478276789188,
          "y": 0.00022833049297332764,
          "z": 0.0006845453754067421
        }
      },
      "world_space": {
        "head": {
          "x": 0.0,
          "y": 0.13397200405597687,
          "z": 0.9402589797973633
        },
        "tail": {
          "x": 0.004317478276789188,
          "y": 0.06347233057022095,
          "z": 0.9505385756492615
        },
        "rotation_quaternion": {
          "w": 0.07269906252622604,
          "x": 0.9968036413192749,
          "y": 0.029200853779911995,
          "z": -0.015641795471310616
        },
        "matrix": [
          [
            0.9978052973747253,
            0.06048932671546936,
            -0.026937831193208694,
            0.0
          ],
          [
            0.055940739810466766,
            -0.987724244594574,
            -0.1458473652601242,
            0.13397200405597687
          ],
          [
            -0.03542955219745636,
            0.14402040839195251,
            -0.988947331905365,
            0.9402589797973633
          ],
          [
            0.0,
            0.0,
            0.0,
            1.0
          ]
        ]
      },
      "bone_length_armature_space": 0.07137586780481171,
      "parent": null,
      "has_children": true,
      "is_end_bone": false
    },
    "spine_01": {
      "name": "spine_01",
      "local": {
        "location": {
          "x": 0.0,
          "y": 0.0,
          "z": 0.0
        },
        "rotation_quaternion": {
          "w": 0.9987407922744751,
          "x": 0.021751536056399345,
          "y": -0.01694793999195099,
          "z": -0.04191143438220024
        },
        "scale": {
          "x": 1.0,
          "y": 1.0,
          "z": 1.0
        },
        "matrix_basis": [
          [
            0.9959123730659485,
            0.08298002928495407,
            -0.03567647561430931,
            0.0
          ],
          [
            -0.08445460349321365,
            0.9955406188964844,
            -0.04202766716480255,
            0.0
          ],
          [
            0.03202992305159569,
            0.044868916273117065,
            0.9984792470932007,
            0.0
          ],
          [
            0.0,
            0.0,
            0.0,
            1.0
          ]
        ],
        "rotation_mode": "QUATERNION"
      },
      "armature_space": {
        "head": {
          "x": 0.004317478276789188,
          "y": 0.00022833049297332764,
          "z": 0.0006845453754067421
        },
        "tail": {
          "x": 0.06161192059516907,
          "y": 0.009037981741130352,
          "z": 0.4852341115474701
        }
      },
      "world_space": {
        "head": {
          "x": 0.004317478276789188,
          "y": 0.06347233057022095,
          "z": 0.9505385756492615
        },
        "tail": {
          "x": 0.06161192059516907,
          "y": 0.07228197902441025,
          "z": 1.4350881576538086
        },
        "rotation_quaternion": {
          "w": 0.7117981910705566,
          "x": 0.6998399496078491,
          "y": 0.048676375299692154,
          "z": -0.03461305424571037
        },
        "matrix": [
          [
            0.9928651452064514,
            0.11740635335445404,
            0.020847544074058533,
            0.004317478276789188
          ],
          [
            0.018855497241020203,
            0.018052518367767334,
            -0.9996592402458191,
            0.06347233057022095
          ],
          [
            -0.11774349212646484,
            0.9929268956184387,
            0.015709131956100464,
            0.9505385756492615
          ],
          [
            0.0,
            0.0,
            0.0,
            1.0
          ]
        ]
      },
      "bone_length_armature_space": 0.4880046433461839,
      "parent": "Root",
      "has_children": true,
      "is_end_bone": false
    },
    "neck_01": {
      "name": "neck_01",
      "local": {
        "location": {
          "x": 0.0,
          "y": 0.0,
          "z": 0.0
        },
        "rotation_quaternion": {
          "w": 0.979522168636322,
          "x": -0.10779590159654617,
          "y": -0.0806976780295372,
          "z": 0.1496812403202057
        },
        "scale": {
          "x": 1.0,
          "y": 1.0,
          "z": 1.0
        },
        "matrix_basis": [
          [
            0.942166805267334,
            -0.27583444118499756,
            -0.19036038219928741,
            0.0
          ],
          [
            0.3106299340724945,
            0.9319511651992798,
            0.18701909482479095,
            0.0
          ],
          [
            0.12582027912139893,
            -0.23533481359481812,
            0.9637358784675598,
            0.0
          ],
          [
            0.0,
            0.0,
            0.0,
            1.0
          ]
        ],
        "rotation_mode": "QUATERNION"
      },
      "armature_space": {
        "head": {
          "x": 0.07093124091625214,
          "y": -0.024308864027261734,
          "z": 0.5584794878959656
        },
        "tail": {
          "x": 0.05464126914739609,
          "y": -0.03700925409793854,
          "z": 0.6588991284370422
        }
      },
      "world_space": {
        "head": {
          "x": 0.07093124091625214,
          "y": 0.038935136049985886,
          "z": 1.508333444595337
        },
        "tail": {
          "x": 0.05464126914739609,
          "y": 0.026234745979309082,
          "z": 1.6087532043457031
        },
        "rotation_quaternion": {
          "w": 0.6500783562660217,
          "x": 0.7493299841880798,
          "y": -0.12432877719402313,
          "z": -0.02109997719526291
        },
        "matrix": [
          [
            0.9681941270828247,
            -0.15889345109462738,
            -0.1932695060968399,
            0.07093124091625214
          ],
          [
            -0.21376070380210876,
            -0.12388047575950623,
            -0.9689996242523193,
            0.038935136049985886
          ],
          [
            0.13002607226371765,
            0.9794998168945312,
            -0.15390755236148834,
            1.508333444595337
          ],
          [
            0.0,
            0.0,
            0.0,
            1.0
          ]
        ]
      },
      "bone_length_armature_space": 0.10252203111610783,
      "parent": "spine_01",
      "has_children": true,
      "is_end_bone": false
    },
    "head": {
      "name": "head",
      "local": {
        "location": {
          "x": 0.0,
          "y": 0.0,
          "z": 0.0
        },
        "rotation_quaternion": {
          "w": 0.9819024801254272,
          "x": 0.017642030492424965,
          "y": -0.16276618838310242,
          "z": -0.09520220011472702
        },
        "scale": {
          "x": 1.0,
          "y": 1.0,
          "z": 1.0
        },
        "matrix_basis": [
          [
            0.9288874268531799,
            0.18121549487113953,
            -0.3230001628398895,
            0.0
          ],
          [
            -0.19270160794258118,
            0.9812505841255188,
            -0.003654108615592122,
            0.0
          ],
          [
            0.31628191471099854,
            0.06563690304756165,
            0.9463918805122375,
            0.0
          ],
          [
            0.0,
            0.0,
            0.0,
            1.0
          ]
        ],
        "rotation_mode": "QUATERNION"
      },
      "armature_space": {
        "head": {
          "x": 0.054641254246234894,
          "y": -0.03700939565896988,
          "z": 0.6588990688323975
        },
        "tail": {
          "x": 0.06737589836120605,
          "y": -0.016987858340144157,
          "z": 0.8121644854545593
        }
      },
      "world_space": {
        "head": {
          "x": 0.054641254246234894,
          "y": 0.02623460441827774,
          "z": 1.6087530851364136
        },
        "tail": {
          "x": 0.06737589836120605,
          "y": 0.04625613987445831,
          "z": 1.7620184421539307
        },
        "rotation_quaternion": {
          "w": 0.7279818058013916,
          "x": 0.623631477355957,
          "y": -0.18598496913909912,
          "z": -0.21572189033031464
        },
        "matrix": [
          [
            0.8377471566200256,
            0.08211119472980499,
            -0.5398496389389038,
            0.054641254246234894
          ],
          [
            -0.546055793762207,
            0.12909607589244843,
            -0.8277424573898315,
            0.02623460441827774
          ],
          [
            0.0017250031232833862,
            0.9882338643074036,
            0.15298737585544586,
            1.6087530851364136
          ],
          [
            0.0,
            0.0,
            0.0,
            1.0
          ]
        ]
      },
      "bone_length_armature_space": 0.15509132947342041,
      "parent": "neck_01",
      "has_children": false,
      "is_end_bone": true
    },
    "upperarm_l": {
      "name": "upperarm_l",
      "local": {
        "location": {
          "x": 0.0,
          "y": 0.0,
          "z": 0.0
        },
        "rotation_quaternion": {
          "w": 0.8214600682258606,
          "x": 0.33130237460136414,
          "y": 0.3516394793987274,
          "z": 0.3029719293117523
        },
        "scale": {
          "x": 1.0,
          "y": 1.0,
          "z": 1.0
        },
        "matrix_basis": [
          [
            0.569115400314331,
            -0.26476070284843445,
            0.7784662246704102,
            0.0
          ],
          [
            0.7307567000389099,
            0.5968934893608093,
            -0.331229567527771,
            0.0
          ],
          [
            -0.3769649565219879,
            0.7573771476745605,
            0.533176839351654,
            0.0
          ],
          [
            0.0,
            0.0,
            0.0,
            1.0
          ]
        ],
        "rotation_mode": "QUATERNION"
      },
      "armature_space": {
        "head": {
          "x": 0.2120368927717209,
          "y": -0.025881849229335785,
          "z": 0.4741356670856476
        },
        "tail": {
          "x": 0.3915289342403412,
          "y": -0.21967294812202454,
          "z": 0.5192494988441467
        }
      },
      "world_space": {
        "head": {
          "x": 0.2120368927717209,
          "y": 0.037362150847911835,
          "z": 1.4239896535873413
        },
        "tail": {
          "x": 0.3915289342403412,
          "y": -0.15642894804477692,
          "z": 1.4691035747528076
        },
        "rotation_quaternion": {
          "w": 0.20397590100765228,
          "x": 0.8769067525863647,
          "y": 0.31112968921661377,
          "z": -0.30434656143188477
        },
        "matrix": [
          [
            0.6211429238319397,
            0.6698228120803833,
            -0.40684038400650024,
            0.2120368927717209
          ],
          [
            0.42150506377220154,
            -0.7231836318969727,
            -0.5471190810203552,
            0.037362150847911835
          ],
          [
            -0.660697340965271,
            0.16835443675518036,
            -0.7315396070480347,
            1.4239896535873413
          ],
          [
            0.0,
            0.0,
            0.0,
            1.0
          ]
        ]
      },
      "bone_length_armature_space": 0.26796947439529556,
      "parent": "spine_01",
      "has_children": true,
      "is_end_bone": false
    },
    "lowerarm_l": {
      "name": "lowerarm_l",
      "local": {
        "location": {
          "x": 0.0,
          "y": 0.0,
          "z": 0.0
        },
        "rotation_quaternion": {
          "w": 0.8456113934516907,
          "x": 0.48688241839408875,
          "y": -0.1961863934993744,
          "z": 0.09694302082061768
        },
        "scale": {
          "x": 1.0,
          "y": 1.0,
          "z": 1.0
        },
        "matrix_basis": [
          [
            0.9042258858680725,
            -0.3549916446208954,
            -0.23739519715309143,
            0.0
          ],
          [
            -0.027087165042757988,
            0.5070950984954834,
            -0.8614644408226013,
            0.0
          ],
          [
            0.42619460821151733,
            0.7853888273239136,
            0.4489128291606903,
            0.0
          ],
          [
            0.0,
            0.0,
            0.0,
            1.0
          ]
        ],
        "rotation_mode": "QUATERNION"
      },
      "armature_space": {
        "head": {
          "x": 0.3915289044380188,
          "y": -0.21967308223247528,
          "z": 0.5192495584487915
        },
        "tail": {
          "x": 0.2937197983264923,
          "y": -0.46403196454048157,
          "z": 0.4713793694972992
        }
      },
      "world_space": {
        "head": {
          "x": 0.3915289044380188,
          "y": -0.15642908215522766,
          "z": 1.4691035747528076
        },
        "tail": {
          "x": 0.2937197983264923,
          "y": -0.40078794956207275,
          "z": 1.4212334156036377
        },
        "rotation_quaternion": {
          "w": 0.18616077303886414,
          "x": -0.777154803276062,
          "y": 0.09295568615198135,
          "z": 0.5939140319824219
        },
        "matrix": [
          [
            0.2772512435913086,
            -0.3656080365180969,
            -0.8885171413421631,
            0.3915289044380188
          ],
          [
            0.0766444206237793,
            -0.913407564163208,
            0.39976567029953003,
            -0.15642908215522766
          ],
          [
            -0.9577423930168152,
            -0.1789376139640808,
            -0.22522281110286713,
            1.4691035747528076
          ],
          [
            0.0,
            0.0,
            0.0,
            1.0
          ]
        ]
      },
      "bone_length_armature_space": 0.2675246503746372,
      "parent": "upperarm_l",
      "has_children": true,
      "is_end_bone": false
    },
    "metacarpal_thumb_l": {
      "name": "metacarpal_thumb_l",
      "local": {
        "location": {
          "x": 0.0,
          "y": 0.0,
          "z": 0.0
        },
        "rotation_quaternion": {
          "w": 0.9998060464859009,
          "x": -0.019194869324564934,
          "y": 0.004165604244917631,
          "z": -0.001497556921094656
        },
        "scale": {
          "x": 1.0,
          "y": 1.0,
          "z": 1.0
        },
        "matrix_basis": [
          [
            0.9999608397483826,
            0.0028346164617687464,
            0.008387083187699318,
            0.0
          ],
          [
            -0.0031544493976980448,
            0.9992586374282837,
            0.03836981579661369,
            0.0
          ],
          [
            -0.008272102102637291,
            -0.03839476779103279,
            0.9992284178733826,
            0.0
          ],
          [
            0.0,
            0.0,
            0.0,
            1.0
          ]
        ],
        "rotation_mode": "QUATERNION"
      },
      "armature_space": {
        "head": {
          "x": 0.2937197983264923,
          "y": -0.46403196454048157,
          "z": 0.4713793694972992
        },
        "tail": {
          "x": 0.2554413974285126,
          "y": -0.4878827631473541,
          "z": 0.45089781284332275
        }
      },
      "world_space": {
        "head": {
          "x": 0.2937197983264923,
          "y": -0.40078794956207275,
          "z": 1.4212334156036377
        },
        "tail": {
          "x": 0.2554413974285126,
          "y": -0.4246387481689453,
          "z": 1.4007518291473389
        },
        "rotation_quaternion": {
          "w": 0.17992755770683289,
          "x": -0.8533943295478821,
          "y": 0.47631144523620605,
          "z": -0.11167678982019424
        },
        "matrix": [
          [
            0.5213105082511902,
            -0.7727756500244141,
            0.36201268434524536,
            0.2937197983264923
          ],
          [
            -0.8531510233879089,
            -0.48150700330734253,
            0.2007107436656952,
            -0.40078794956207275
          ],
          [
            0.019206615164875984,
            -0.4134874641895294,
            -0.9103151559829712,
            1.4212334156036377
          ],
          [
            0.0,
            0.0,
            0.0,
            1.0
          ]
        ]
      },
      "bone_length_armature_space": 0.04953373338689195,
      "parent": "lowerarm_l",
      "has_children": true,
      "is_end_bone": false
    },
    "thumb_01_l": {
      "name": "thumb_01_l",
      "local": {
        "location": {
          "x": 0.0,
          "y": 0.0,
          "z": 0.0
        },
        "rotation_quaternion": {
          "w": 0.9630952477455139,
          "x": 0.268505334854126,
          "y": -0.009322543628513813,
          "z": -0.016296226531267166
        },
        "scale": {
          "x": 1.0,
          "y": 1.0,
          "z": 1.0
        },
        "matrix_basis": [
          [
            0.9992950558662415,
            0.026383331045508385,
            -0.026708241552114487,
            0.0
          ],
          [
            -0.03639594092965126,
            0.8552786111831665,
            -0.5168885588645935,
            0.0
          ],
          [
            0.00920574739575386,
            0.5174962878227234,
            0.855635941028595,
            0.0
          ],
          [
            0.0,
            0.0,
            0.0,
            1.0
          ]
        ],
        "rotation_mode": "QUATERNION"
      },
      "armature_space": {
        "head": {
          "x": 0.2554413974285126,
          "y": -0.4878827631473541,
          "z": 0.45089781284332275
        },
        "tail": {
          "x": 0.25436586141586304,
          "y": -0.5055540800094604,
          "z": 0.4218253791332245
        }
      },
      "world_space": {
        "head": {
          "x": 0.2554413974285126,
          "y": -0.4246387481689453,
          "z": 1.4007518291473389
        },
        "tail": {
          "x": 0.25436586141586304,
          "y": -0.442310094833374,
          "z": 1.371679425239563
        },
        "rotation_quaternion": {
          "w": 0.14029823243618011,
          "x": -0.28007766604423523,
          "y": 0.4698287844657898,
          "z": -0.8253083825111389
        },
        "matrix": [
          [
            -0.8037461638450623,
            -0.03159788250923157,
            0.5941326022148132,
            0.2554413974285126
          ],
          [
            -0.494755357503891,
            -0.5191556811332703,
            -0.6969183087348938,
            -0.4246387481689453
          ],
          [
            0.3304702341556549,
            -0.8541022539138794,
            0.40163832902908325,
            1.4007518291473389
          ],
          [
            0.0,
            0.0,
            0.0,
            1.0
          ]
        ]
      },
      "bone_length_armature_space": 0.034038780575872535,
      "parent": "metacarpal_thumb_l",
      "has_children": true,
      "is_end_bone": false
    },
    "thumb_02_l": {
      "name": "thumb_02_l",
      "local": {
        "location": {
          "x": 0.0,
          "y": 0.0,
          "z": 0.0
        },
        "rotation_quaternion": {
          "w": 0.9057590961456299,
          "x": 0.4237496852874756,
          "y": 0.006054792087525129,
          "z": -0.0002245886716991663
        },
        "scale": {
          "x": 1.0,
          "y": 1.0,
          "z": 1.0
        },
        "matrix_basis": [
          [
            0.9999265670776367,
            0.005538278724998236,
            0.010778027586638927,
            0.0
          ],
          [
            0.004724585916846991,
            0.6408722996711731,
            -0.7676329612731934,
            0.0
          ],
          [
            -0.01115870475769043,
            0.7676275372505188,
            0.6407991051673889,
            0.0
          ],
          [
            0.0,
            0.0,
            0.0,
            1.0
          ]
        ],
        "rotation_mode": "QUATERNION"
      },
      "armature_space": {
        "head": {
          "x": 0.25436586141586304,
          "y": -0.5055540204048157,
          "z": 0.4218253493309021
        },
        "tail": {
          "x": 0.2516807019710541,
          "y": -0.5301799774169922,
          "z": 0.45344093441963196
        }
      },
      "world_space": {
        "head": {
          "x": 0.25436586141586304,
          "y": -0.44231003522872925,
          "z": 1.3716793060302734
        },
        "tail": {
          "x": 0.2516807019710541,
          "y": -0.46693599224090576,
          "z": 1.4032949209213257
        },
        "rotation_quaternion": {
          "w": 0.06360992789268494,
          "x": 0.05422058701515198,
          "y": 0.4351888597011566,
          "z": 0.8964511156082153
        },
        "matrix": [
          [
            -0.986027717590332,
            -0.0668540671467781,
            0.15257707238197327,
            0.25436586141586304
          ],
          [
            0.16123895347118378,
            -0.6131285429000854,
            0.773353636264801,
            -0.44231003522872925
          ],
          [
            0.04184787720441818,
            0.7871544361114502,
            0.6153464317321777,
            1.3716793060302734
          ],
          [
            0.0,
            0.0,
            0.0,
            1.0
          ]
        ]
      },
      "bone_length_armature_space": 0.0401645743350637,
      "parent": "thumb_01_l",
      "has_children": true,
      "is_end_bone": false
    },
    "thumb_03_l": {
      "name": "thumb_03_l",
      "local": {
        "location": {
          "x": 0.0,
          "y": 0.0,
          "z": 0.0
        },
        "rotation_quaternion": {
          "w": 0.9864068031311035,
          "x": 0.16409820318222046,
          "y": 0.007926427759230137,
          "z": -0.0032797502353787422
        },
        "scale": {
          "x": 1.0,
          "y": 1.0,
          "z": 1.0
        },
        "matrix_basis": [
          [
            0.9998528361320496,
            0.009071760810911655,
            0.014560962095856667,
            0.0
          ],
          [
            -0.0038689107168465853,
            0.9461220502853394,
            -0.3237871527671814,
            0.0
          ],
          [
            -0.016713766381144524,
            0.3236831724643707,
            0.9460179209709167,
            0.0
          ],
          [
            0.0,
            0.0,
            0.0,
            1.0
          ]
        ],
        "rotation_mode": "QUATERNION"
      },
      "armature_space": {
        "head": {
          "x": 0.2516806423664093,
          "y": -0.5301799774169922,
          "z": 0.4534408748149872
        },
        "tail": {
          "x": 0.2530853748321533,
          "y": -0.5330847501754761,
          "z": 0.4837145209312439
        }
      },
      "world_space": {
        "head": {
          "x": 0.2516806423664093,
          "y": -0.46693599224090576,
          "z": 1.4032949209213257
        },
        "tail": {
          "x": 0.2530853748321533,
          "y": -0.46984076499938965,
          "z": 1.4335684776306152
        },
        "rotation_quaternion": {
          "w": 0.11061976104974747,
          "x": 0.08776210993528366,
          "y": -0.6633682250976562,
          "z": -0.7348494529724121
        },
        "matrix": [
          [
            -0.9601220488548279,
            0.04614061117172241,
            -0.2757472097873688,
            0.2516806423664093
          ],
          [
            -0.2790151834487915,
            -0.09541121125221252,
            0.9555354118347168,
            -0.46693599224090576
          ],
          [
            0.017779316753149033,
            0.9943751692771912,
            0.10448211431503296,
            1.4032949209213257
          ],
          [
            0.0,
            0.0,
            0.0,
            1.0
          ]
        ]
      },
      "bone_length_armature_space": 0.030445108436398475,
      "parent": "thumb_02_l",
      "has_children": false,
      "is_end_bone": true
    },
    "metacarpal_index_l": {
      "name": "metacarpal_index_l",
      "local": {
        "location": {
          "x": 0.0,
          "y": 0.0,
          "z": 0.0
        },
        "rotation_quaternion": {
          "w": 0.9994916915893555,
          "x": -0.03139849379658699,
          "y": -0.0018812364432960749,
          "z": -0.005213837139308453
        },
        "scale": {
          "x": 1.0,
          "y": 1.0,
          "z": 1.0
        },
        "matrix_basis": [
          [
            0.9999385476112366,
            0.010540509596467018,
            -0.0034331472124904394,
            0.0
          ],
          [
            -0.010304237715899944,
            0.9979739189147949,
            0.06278468668460846,
            0.0
          ],
          [
            0.004087973851710558,
            -0.06274545192718506,
            0.9980211853981018,
            0.0
          ],
          [
            0.0,
            0.0,
            0.0,
            1.0
          ]
        ],
        "rotation_mode": "QUATERNION"
      },
      "armature_space": {
        "head": {
          "x": 0.2937197983264923,
          "y": -0.46403196454048157,
          "z": 0.4713793694972992
        },
        "tail": {
          "x": 0.22527407109737396,
          "y": -0.5549826622009277,
          "z": 0.44358742237091064
        }
      },
      "world_space": {
        "head": {
          "x": 0.2937197983264923,
          "y": -0.40078794956207275,
          "z": 1.4212334156036377
        },
        "tail": {
          "x": 0.22527407109737396,
          "y": -0.4917386770248413,
          "z": 1.3934414386749268
        },
        "rotation_quaternion": {
          "w": 0.18074196577072144,
          "x": -0.9262920022010803,
          "y": 0.2814673185348511,
          "z": 0.17346996068954468
        },
        "matrix": [
          [
            0.7813686728477478,
            -0.5841487646102905,
            -0.2196207344532013,
            0.2937197983264923
          ],
          [
            -0.4587358236312866,
            -0.7762169241905212,
            0.43249163031578064,
            -0.40078794956207275
          ],
          [
            -0.4231162667274475,
            -0.23718997836112976,
            -0.8744872808456421,
            1.4212334156036377
          ],
          [
            0.0,
            0.0,
            0.0,
            1.0
          ]
        ]
      },
      "bone_length_armature_space": 0.11717183659102767,
      "parent": "lowerarm_l",
      "has_children": true,
      "is_end_bone": false
    },
    "index_01_l": {
      "name": "index_01_l",
      "local": {
        "location": {
          "x": 0.0,
          "y": 0.0,
          "z": 0.0
        },
        "rotation_quaternion": {
          "w": 0.9516297578811646,
          "x": 0.3072265386581421,
          "y": 0.0019587602000683546,
          "z": 0.0029852292500436306
        },
        "scale": {
          "x": 1.0,
          "y": 1.0,
          "z": 1.0
        },
        "matrix_basis": [
          [
            0.9999744892120361,
            -0.0044780997559428215,
            0.005562312435358763,
            0.0
          ],
          [
            0.006885232403874397,
            0.8112058639526367,
            -0.5847201347351074,
            0.0
          ],
          [
            -0.0018937457352876663,
            0.5847434997558594,
            0.8112160563468933,
            0.0
          ],
          [
            0.0,
            0.0,
            0.0,
            1.0
          ]
        ],
        "rotation_mode": "QUATERNION"
      },
      "armature_space": {
        "head": {
          "x": 0.22527407109737396,
          "y": -0.5549826622009277,
          "z": 0.44358742237091064
        },
        "tail": {
          "x": 0.21541307866573334,
          "y": -0.5714836120605469,
          "z": 0.42252665758132935
        }
      },
      "world_space": {
        "head": {
          "x": 0.22527407109737396,
          "y": -0.4917386770248413,
          "z": 1.3934414386749268
        },
        "tail": {
          "x": 0.21541307866573334,
          "y": -0.5082396268844604,
          "z": 1.3723807334899902
        },
        "rotation_quaternion": {
          "w": 0.4349968731403351,
          "x": -0.8827590942382812,
          "y": 0.14640255272388458,
          "z": 0.10040148347616196
        },
        "matrix": [
          [
            0.9369716048240662,
            -0.34582534432411194,
            -0.049889981746673584,
            0.22527407109737396
          ],
          [
            -0.17112906277179718,
            -0.5786885619163513,
            0.7973924875259399,
            -0.4917386770248413
          ],
          [
            -0.3046315908432007,
            -0.7386022806167603,
            -0.6013989448547363,
            1.3934414386749268
          ],
          [
            0.0,
            0.0,
            0.0,
            1.0
          ]
        ]
      },
      "bone_length_armature_space": 0.028514493601788298,
      "parent": "metacarpal_index_l",
      "has_children": true,
      "is_end_bone": false
    },
    "index_02_l": {
      "name": "index_02_l",
      "local": {
        "location": {
          "x": 0.0,
          "y": 0.0,
          "z": 0.0
        },
        "rotation_quaternion": {
          "w": 0.8944302797317505,
          "x": 0.4470483064651489,
          "y": 0.011484782211482525,
          "z": 0.0032160496339201927
        },
        "scale": {
          "x": 1.0,
          "y": 1.0,
          "z": 1.0
        },
        "matrix_basis": [
          [
            0.9997155070304871,
            0.004515440668910742,
            0.02342013269662857,
            0.0
          ],
          [
            0.016021568328142166,
            0.600274920463562,
            -0.7996332049369812,
            0.0
          ],
          [
            -0.01766921393573284,
            0.7997809648513794,
            0.600031852722168,
            0.0
          ],
          [
            0.0,
            0.0,
            0.0,
            1.0
          ]
        ],
        "rotation_mode": "QUATERNION"
      },
      "armature_space": {
        "head": {
          "x": 0.2154127061367035,
          "y": -0.5714835524559021,
          "z": 0.4225262403488159
        },
        "tail": {
          "x": 0.20815053582191467,
          "y": -0.5647944211959839,
          "z": 0.3988489508628845
        }
      },
      "world_space": {
        "head": {
          "x": 0.2154127061367035,
          "y": -0.5082395672798157,
          "z": 1.372380256652832
        },
        "tail": {
          "x": 0.20815053582191467,
          "y": -0.5015504360198975,
          "z": 1.3487029075622559
        },
        "rotation_quaternion": {
          "w": 0.7758890986442566,
          "x": -0.6058319807052612,
          "y": 0.16844116151332855,
          "z": 0.05090662091970444
        },
        "matrix": [
          [
            0.9380724430084229,
            -0.2830897867679596,
            0.19970007240772247,
            0.2154127061367035
          ],
          [
            -0.1250966191291809,
            0.26075243949890137,
            0.9572666883468628,
            -0.5082395672798157
          ],
          [
            -0.3230670988559723,
            -0.9229735136032104,
            0.20919355750083923,
            1.372380256652832
          ],
          [
            0.0,
            0.0,
            0.0,
            1.0
          ]
        ]
      },
      "bone_length_armature_space": 0.025653413818691337,
      "parent": "index_01_l",
      "has_children": true,
      "is_end_bone": false
    },
    "index_03_l": {
      "name": "index_03_l",
      "local": {
        "location": {
          "x": 0.0,
          "y": 0.0,
          "z": 0.0
        },
        "rotation_quaternion": {
          "w": 0.9328257441520691,
          "x": 0.36032700538635254,
          "y": 0.00029320482281036675,
          "z": -0.000766896060667932
        },
        "scale": {
          "x": 1.0,
          "y": 1.0,
          "z": 1.0
        },
        "matrix_basis": [
          [
            0.9999986290931702,
            0.001642060000449419,
            -5.648707883665338e-06,
            0.0
          ],
          [
            -0.0012194615555927157,
            0.7403277158737183,
            -0.6722450852394104,
            0.0
          ],
          [
            -0.0010996847413480282,
            0.6722441911697388,
            0.7403287291526794,
            0.0
          ],
          [
            0.0,
            0.0,
            0.0,
            1.0
          ]
        ],
        "rotation_mode": "QUATERNION"
      },
      "armature_space": {
        "head": {
          "x": 0.2081504762172699,
          "y": -0.5647945404052734,
          "z": 0.3988489508628845
        },
        "tail": {
          "x": 0.20999935269355774,
          "y": -0.5396034717559814,
          "z": 0.3841613233089447
        }
      },
      "world_space": {
        "head": {
          "x": 0.2081504762172699,
          "y": -0.501550555229187,
          "z": 1.3487029075622559
        },
        "tail": {
          "x": 0.20999935269355774,
          "y": -0.476359486579895,
          "z": 1.3340153694152832
        },
        "rotation_quaternion": {
          "w": 0.9523666501045227,
          "x": -0.25181272625923157,
          "y": 0.15516294538974762,
          "z": -0.0742470845580101
        },
        "matrix": [
          [
            0.9408235549926758,
            0.06327700614929199,
            0.33293670415878296,
            0.2081504762172699
          ],
          [
            -0.21956492960453033,
            0.862155556678772,
            0.45659559965133667,
            -0.501550555229187
          ],
          [
            -0.2581532597541809,
            -0.5026797652244568,
            0.8250359892845154,
            1.3487029075622559
          ],
          [
            0.0,
            0.0,
            0.0,
            1.0
          ]
        ]
      },
      "bone_length_armature_space": 0.02921873859446497,
      "parent": "index_02_l",
      "has_children": false,
      "is_end_bone": true
    },
    "metacarpal_pinky_l": {
      "name": "metacarpal_pinky_l",
      "local": {
        "location": {
          "x": 0.0,
          "y": 0.0,
          "z": 0.0
        },
        "rotation_quaternion": {
          "w": 0.9996458292007446,
          "x": -0.0258222296833992,
          "y": 0.0007875955197960138,
          "z": 0.00639147637411952
        },
        "scale": {
          "x": 1.0,
          "y": 1.0,
          "z": 1.0
        },
        "matrix_basis": [
          [
            0.9999170303344727,
            -0.012819100171327591,
            0.0012445488246157765,
            0.0
          ],
          [
            0.012737750075757504,
            0.9985847473144531,
            0.051636237651109695,
            0.0
          ],
          [
            -0.0019047175301238894,
            -0.05161610245704651,
            0.9986652135848999,
            0.0
          ],
          [
            0.0,
            0.0,
            0.0,
            1.0
          ]
        ],
        "rotation_mode": "QUATERNION"
      },
      "armature_space": {
        "head": {
          "x": 0.2937197983264923,
          "y": -0.46403196454048157,
          "z": 0.4713793694972992
        },
        "tail": {
          "x": 0.2896612286567688,
          "y": -0.5669930577278137,
          "z": 0.45635390281677246
        }
      },
      "world_space": {
        "head": {
          "x": 0.2937197983264923,
          "y": -0.40078794956207275,
          "z": 1.4212334156036377
        },
        "tail": {
          "x": 0.2896612286567688,
          "y": -0.5037490725517273,
          "z": 1.4062079191207886
        },
        "rotation_quaternion": {
          "w": 0.03861119970679283,
          "x": -0.2731207609176636,
          "y": -0.06423074007034302,
          "z": 0.9590561389923096
        },
        "matrix": [
          [
            -0.8478286266326904,
            -0.03897557780146599,
            -0.5288363695144653,
            0.2937197983264923
          ],
          [
            0.10914590209722519,
            -0.9887675046920776,
            -0.10211002081632614,
            -0.40078794956207275
          ],
          [
            -0.5189199447631836,
            -0.1442941129207611,
            0.8425650596618652,
            1.4212334156036377
          ],
          [
            0.0,
            0.0,
            0.0,
            1.0
          ]
        ]
      },
      "bone_length_armature_space": 0.10413080012086433,
      "parent": "lowerarm_l",
      "has_children": true,
      "is_end_bone": false
    },
    "pinky_01_l": {
      "name": "pinky_01_l",
      "local": {
        "location": {
          "x": 0.0,
          "y": 0.0,
          "z": 0.0
        },
        "rotation_quaternion": {
          "w": 0.9429863691329956,
          "x": 0.3320481479167938,
          "y": 0.007913190871477127,
          "z": 0.02140793763101101
        },
        "scale": {
          "x": 1.0,
          "y": 1.0,
          "z": 1.0
        },
        "matrix_basis": [
          [
            0.998958170413971,
            -0.035119667649269104,
            0.02914099395275116,
            0.0
          ],
          [
            0.04562990739941597,
            0.7785714268684387,
            -0.6258949637413025,
            0.0
          ],
          [
            -0.0007071301806718111,
            0.6265725493431091,
            0.7793627977371216,
            0.0
          ],
          [
            0.0,
            0.0,
            0.0,
            1.0
          ]
        ],
        "rotation_mode": "QUATERNION"
      },
      "armature_space": {
        "head": {
          "x": 0.2896612286567688,
          "y": -0.5669930577278137,
          "z": 0.45635390281677246
        },
        "tail": {
