{
  "metadata": {
    "armature_name": "KIM_caucasian_male",
    "export_time": "2026-01-13T21:02:22.824503",
    "blender_version": "4.4.1",
    "bone_count": 56,
    "end_bone_count": 13,
    "spaces_included": [
      "LOCAL_CHANNELS",
      "ARMATURE_SPACE",
      "WORLD_SPACE"
    ],
    "note": "LOCAL matches Transform panel; replay pose via local.matrix_basis for best fidelity."
  },
  "bones": {
    "Root": {
      "name": "Root",
      "local": {
        "location": {
          "x": 0.0,
          "y": 0.0,
          "z": 0.0
        },
        "rotation_quaternion": {
          "w": 0.9999830722808838,
          "x": -0.0055471560917794704,
          "y": 0.0007061987416818738,
          "z": 0.001613614265806973
        },
        "scale": {
          "x": 1.0,
          "y": 1.0,
          "z": 1.0
        },
        "matrix_basis": [
          [
            0.9999938011169434,
            -0.0032350088004022837,
            0.0013944716192781925,
            0.0
          ],
          [
            0.0032193390652537346,
            0.9999332427978516,
            0.011096403002738953,
            0.0
          ],
          [
            -0.0014302755007520318,
            -0.011091845110058784,
            0.9999374747276306,
            0.0
          ],
          [
            0.0,
            0.0,
            0.0,
            1.0
          ]
        ],
        "rotation_mode": "QUATERNION"
      },
      "armature_space": {
        "head": {
          "x": 0.0,
          "y": 0.07072800397872925,
          "z": -0.009595036506652832
        },
        "tail": {
          "x": -0.00023090156901162118,
          "y": 0.00011114776134490967,
          "z": 0.0007838690653443336
        }
      },
      "world_space": {
        "head": {
          "x": 0.0,
          "y": 0.13397200405597687,
          "z": 0.9402589797973633
        },
        "tail": {
          "x": -0.00023090156901162118,
          "y": 0.06335514783859253,
          "z": 0.9506378769874573
        },
        "rotation_quaternion": {
          "w": 0.07290107011795044,
          "x": 0.9973376393318176,
          "y": -0.0015623733634129167,
          "z": 0.0008133001974783838
        },
        "matrix": [
          [
            0.9999938011169434,
            -0.0032350088004022837,
            0.0013944716192781925,
            0.0
          ],
          [
            -0.00299784610979259,
            -0.9893659353256226,
            -0.1454169750213623,
            0.13397200405597687
          ],
          [
            0.0018500779988244176,
            0.14541196823120117,
            -0.9893766045570374,
            0.9402589797973633
          ],
          [
            0.0,
            0.0,
            0.0,
            1.0
          ]
        ]
      },
      "bone_length_armature_space": 0.07137587252616753,
      "parent": null,
      "has_children": true,
      "is_end_bone": false
    },
    "spine_01": {
      "name": "spine_01",
      "local": {
        "location": {
          "x": 0.0,
          "y": 0.0,
          "z": 0.0
        },
        "rotation_quaternion": {
          "w": 0.9977996349334717,
          "x": 0.014059647917747498,
          "y": -0.02520001120865345,
          "z": -0.05969393253326416
        },
        "scale": {
          "x": 1.0,
          "y": 1.0,
          "z": 1.0
        },
        "matrix_basis": [
          [
            0.9916031956672668,
            0.11841656267642975,
            -0.05196767672896385,
            0.0
          ],
          [
            -0.11983377486467361,
            0.9924778938293457,
            -0.02504884824156761,
            0.0
          ],
          [
            0.04861057177186012,
            0.03106599859893322,
            0.9983345866203308,
            0.0
          ],
          [
            0.0,
            0.0,
            0.0,
            1.0
          ]
        ],
        "rotation_mode": "QUATERNION"
      },
      "armature_space": {
        "head": {
          "x": -0.00023090156901162118,
          "y": 0.00011114776134490967,
          "z": 0.0007838690653443336
        },
        "tail": {
          "x": 0.056698575615882874,
          "y": 0.012806974351406097,
          "z": 0.48529019951820374
        }
      },
      "world_space": {
        "head": {
          "x": -0.00023090156901162118,
          "y": 0.06335514783859253,
          "z": 0.9506378769874573
        },
        "tail": {
          "x": 0.056698575615882874,
          "y": 0.07605097442865372,
          "z": 1.4351441860198975
        },
        "rotation_quaternion": {
          "w": 0.7159394025802612,
          "x": 0.6951649785041809,
          "y": 0.020940668880939484,
          "z": -0.061139293015003204
        },
        "matrix": [
          [
            0.991646945476532,
            0.11665847152471542,
            -0.05502006784081459,
            -0.00023090156901162118
          ],
          [
            -0.058430470526218414,
            0.02601597271859646,
            -0.9979525208473206,
            0.06335514783859253
          ],
          [
            -0.11498907953500748,
            0.9928383827209473,
            0.032614368945360184,
            0.9506378769874573
          ],
          [
            0.0,
            0.0,
            0.0,
            1.0
          ]
        ]
      },
      "bone_length_armature_space": 0.4880046576221327,
      "parent": "Root",
      "has_children": true,
      "is_end_bone": false
    },
    "neck_01": {
      "name": "neck_01",
      "local": {
        "location": {
          "x": 0.0,
          "y": 0.0,
          "z": 0.0
        },
        "rotation_quaternion": {
          "w": 0.9871690273284912,
          "x": 0.005246818996965885,
          "y": 0.11238083988428116,
          "z": 0.11331596970558167
        },
        "scale": {
          "x": 1.0,
          "y": 1.0,
          "z": 1.0
        },
        "matrix_basis": [
          [
            0.9490600824356079,
            -0.22254474461078644,
            0.22306686639785767,
            0.0
          ],
          [
            0.22490331530570984,
            0.9742639064788818,
            0.015110093168914318,
            0.0
          ],
          [
            -0.22068867087364197,
            0.035828083753585815,
            0.9746860265731812,
            0.0
          ],
          [
            0.0,
            0.0,
            0.0,
            1.0
          ]
        ],
        "rotation_mode": "QUATERNION"
      },
      "armature_space": {
        "head": {
          "x": 0.06333200633525848,
          "y": -0.01989760994911194,
          "z": 0.5591154098510742
        },
        "tail": {
          "x": 0.04904555156826973,
          "y": -0.05741826072335243,
          "z": 0.6534490585327148
        }
      },
      "world_space": {
        "head": {
          "x": 0.06333200633525848,
          "y": 0.04334639012813568,
          "z": 1.5089694261550903
        },
        "tail": {
          "x": 0.04904555156826973,
          "y": 0.005825739353895187,
          "z": 1.603303074836731
        },
        "rotation_quaternion": {
          "w": 0.562629759311676,
          "x": 0.8212283849716187,
          "y": -0.02140638791024685,
          "z": 0.09259366989135742
        },
        "matrix": [
          [
            0.981936514377594,
            -0.1393510401248932,
            0.12799254059791565,
            0.06333200633525848
          ],
          [
            0.06903211772441864,
            -0.3659789562225342,
            -0.928059458732605,
            0.04334639012813568
          ],
          [
            0.17616987228393555,
            0.9201369881629944,
            -0.349751740694046,
            1.5089694261550903
          ],
          [
            0.0,
            0.0,
            0.0,
            1.0
          ]
        ]
      },
      "bone_length_armature_space": 0.1025218975510487,
      "parent": "spine_01",
      "has_children": true,
      "is_end_bone": false
    },
    "head": {
      "name": "head",
      "local": {
        "location": {
          "x": 0.0,
          "y": 0.0,
          "z": 0.0
        },
        "rotation_quaternion": {
          "w": 0.9827945828437805,
          "x": 0.03237754479050636,
          "y": 0.038645096123218536,
          "z": 0.17768822610378265
        },
        "scale": {
          "x": 1.0,
          "y": 1.0,
          "z": 1.0
        },
        "matrix_basis": [
          [
            0.9338669180870056,
            -0.3467595875263214,
            0.08746659755706787,
            0.0
          ],
          [
            0.3517645299434662,
            0.9347571730613708,
            -0.049907393753528595,
            0.0
          ],
          [
            -0.06445416808128357,
            0.07737451046705246,
            0.9949164986610413,
            0.0
          ],
          [
            0.0,
            0.0,
            0.0,
            1.0
          ]
        ],
        "rotation_mode": "QUATERNION"
      },
      "armature_space": {
        "head": {
          "x": 0.049045585095882416,
          "y": -0.05741837993264198,
          "z": 0.6534489393234253
        },
        "tail": {
          "x": -0.02860812097787857,
          "y": -0.07378024607896805,
          "z": 0.7866984009742737
        }
      },
      "world_space": {
        "head": {
          "x": 0.049045585095882416,
          "y": 0.005825620144605637,
          "z": 1.6033029556274414
        },
        "tail": {
          "x": -0.02860812097787857,
          "y": -0.010536246001720428,
          "z": 1.7365524768829346
        },
        "rotation_quaternion": {
          "w": 0.655257523059845,
          "x": 0.7042397856712341,
          "y": -0.1337476670742035,
          "z": 0.2383180558681488
        },
        "matrix": [
          [
            0.8506326079368591,
            -0.5007002353668213,
            0.16038571298122406,
            0.049045585095882416
          ],
          [
            0.1239357739686966,
            -0.10549900680780411,
            -0.9866662621498108,
            0.005825620144605637
          ],
          [
            0.5109481811523438,
            0.8591738939285278,
            -0.027687378227710724,
            1.6033029556274414
          ],
          [
            0.0,
            0.0,
            0.0,
            1.0
          ]
        ]
      },
      "bone_length_armature_space": 0.15509103049008763,
      "parent": "neck_01",
      "has_children": false,
      "is_end_bone": true
    },
    "upperarm_l": {
      "name": "upperarm_l",
      "local": {
        "location": {
          "x": 0.0,
          "y": 0.0,
          "z": 0.0
        },
        "rotation_quaternion": {
          "w": 0.9277284145355225,
          "x": 0.1756037175655365,
          "y": 0.30584174394607544,
          "z": -0.12224598228931427
        },
        "scale": {
          "x": 1.0,
          "y": 1.0,
          "z": 1.0
        },
        "matrix_basis": [
          [
            0.7830334901809692,
            0.3342360258102417,
            0.5245424509048462,
            0.0
          ],
          [
            -0.1194082498550415,
            0.908438503742218,
            -0.40060096979141235,
            0.0
          ],
          [
            -0.6104098558425903,
            0.251049280166626,
            0.751248300075531,
            0.0
          ],
          [
            0.0,
            0.0,
            0.0,
            1.0
          ]
        ],
        "rotation_mode": "QUATERNION"
      },
      "armature_space": {
        "head": {
          "x": 0.20406322181224823,
          "y": -0.033593252301216125,
          "z": 0.4752446115016937
        },
        "tail": {
          "x": 0.43144866824150085,
          "y": -0.10576217621564865,
          "z": 0.3531980812549591
        }
      },
      "world_space": {
        "head": {
          "x": 0.20406322181224823,
          "y": 0.029650747776031494,
          "z": 1.4250986576080322
        },
        "tail": {
          "x": 0.43144866824150085,
          "y": -0.04251817613840103,
          "z": 1.3030520677566528
        },
        "rotation_quaternion": {
          "w": 0.11697117984294891,
          "x": 0.6157574653625488,
          "y": 0.5930065512657166,
          "z": -0.5054737329483032
        },
        "matrix": [
          [
            -0.2143234759569168,
            0.8485499620437622,
            -0.4837649166584015,
            0.20406322181224823
          ],
          [
            0.6120434999465942,
            -0.26931774616241455,
            -0.7435529232025146,
            0.029650747776031494
          ],
          [
            -0.7612330317497253,
            -0.45544949173927307,
            -0.4616321921348572,
            1.4250986576080322
          ],
          [
            0.0,
            0.0,
            0.0,
            1.0
          ]
        ]
      },
      "bone_length_armature_space": 0.26796986973086484,
      "parent": "spine_01",
      "has_children": true,
      "is_end_bone": false
    },
    "lowerarm_l": {
      "name": "lowerarm_l",
      "local": {
        "location": {
          "x": 0.0,
          "y": 0.0,
          "z": 0.0
        },
        "rotation_quaternion": {
          "w": 0.9870133399963379,
          "x": 0.023380527272820473,
          "y": 0.09301568567752838,
          "z": -0.12886498868465424
        },
        "scale": {
          "x": 1.0,
          "y": 1.0,
          "z": 1.0
        },
        "matrix_basis": [
          [
            0.9494838118553162,
            0.2587324380874634,
            0.17758958041667938,
            0.0
          ],
          [
            -0.2500334084033966,
            0.9656943082809448,
            -0.07012671232223511,
            0.0
          ],
          [
            -0.1896413117647171,
            0.02218085341155529,
            0.9816028475761414,
            0.0
          ],
          [
            0.0,
            0.0,
            0.0,
            1.0
          ]
        ],
        "rotation_mode": "QUATERNION"
      },
      "armature_space": {
        "head": {
          "x": 0.431448757648468,
          "y": -0.1057623103260994,
          "z": 0.3531980812549591
        },
        "tail": {
          "x": 0.6185632348060608,
          "y": -0.17930611968040466,
          "z": 0.1767064929008484
        }
      },
      "world_space": {
        "head": {
          "x": 0.431448757648468,
          "y": -0.042518310248851776,
          "z": 1.3030520677566528
        },
        "tail": {
          "x": 0.6185632348060608,
          "y": -0.11606211960315704,
          "z": 1.1265604496002197
        },
        "rotation_quaternion": {
          "w": 0.002969530876725912,
          "x": -0.5835005640983582,
          "y": -0.6021130084991455,
          "z": 0.5449570417404175
        },
        "matrix": [
          [
            -0.319032222032547,
            0.6994293332099915,
            -0.6395442485809326,
            0.431448757648468
          ],
          [
            0.705905556678772,
            -0.27490493655204773,
            -0.6527824401855469,
            -0.042518310248851776
          ],
          [
            -0.6323930025100708,
            -0.6597212553024292,
            -0.40603092312812805,
            1.3030520677566528
          ],
          [
            0.0,
            0.0,
            0.0,
            1.0
          ]
        ]
      },
      "bone_length_armature_space": 0.2675253274786396,
      "parent": "upperarm_l",
      "has_children": true,
      "is_end_bone": false
    },
    "metacarpal_thumb_l": {
      "name": "metacarpal_thumb_l",
      "local": {
        "location": {
          "x": 0.0,
          "y": 0.0,
          "z": 0.0
        },
        "rotation_quaternion": {
          "w": 0.9997347593307495,
          "x": -0.018672946840524673,
          "y": 0.003139360575005412,
          "z": -0.013110876083374023
        },
        "scale": {
          "x": 1.0,
          "y": 1.0,
          "z": 1.0
        },
        "matrix_basis": [
          [
            0.9996364712715149,
            0.026097554713487625,
            0.006766693200916052,
            0.0
          ],
          [
            -0.026332039386034012,
            0.9989588260650635,
            0.037253666669130325,
            0.0
          ],
          [
            -0.005787418223917484,
            -0.03741830587387085,
            0.999282956123352,
            0.0
          ],
          [
            0.0,
            0.0,
            0.0,
            1.0
          ]
        ],
        "rotation_mode": "QUATERNION"
      },
      "armature_space": {
        "head": {
          "x": 0.6185632348060608,
          "y": -0.17930611968040466,
          "z": 0.1767064929008484
        },
        "tail": {
          "x": 0.6262797117233276,
          "y": -0.20355121791362762,
          "z": 0.1342065930366516
        }
      },
      "world_space": {
        "head": {
          "x": 0.6185632348060608,
          "y": -0.11606211960315704,
          "z": 1.1265604496002197
        },
        "tail": {
          "x": 0.6262797117233276,
          "y": -0.14030721783638,
          "z": 1.0840606689453125
        },
        "rotation_quaternion": {
          "w": 0.47585323452949524,
          "x": -0.8515222072601318,
          "y": -0.16979482769966125,
          "z": 0.14015480875968933
        },
        "matrix": [
          [
            0.9030523896217346,
            0.15578214824199677,
            -0.400285005569458,
            0.6185632348060608
          ],
          [
            0.42255493998527527,
            -0.48946714401245117,
            0.7628037333488464,
            -0.11606211960315704
          ],
          [
            -0.07709532976150513,
            -0.8580002784729004,
            -0.507844090461731,
            1.1265604496002197
          ],
          [
            0.0,
            0.0,
            0.0,
            1.0
          ]
        ]
      },
      "bone_length_armature_space": 0.04953393043801363,
      "parent": "lowerarm_l",
      "has_children": true,
      "is_end_bone": false
    },
    "thumb_01_l": {
      "name": "thumb_01_l",
      "local": {
        "location": {
          "x": 0.0,
          "y": 0.0,
          "z": 0.0
        },
        "rotation_quaternion": {
          "w": 0.9964255094528198,
          "x": -0.08111705631017685,
          "y": -0.018977906554937363,
          "z": 0.014002963900566101
        },
        "scale": {
          "x": 1.0,
          "y": 1.0,
          "z": 1.0
        },
        "matrix_basis": [
          [
            0.9988875389099121,
            -0.024826956912875175,
            -0.040091898292303085,
            0.0
          ],
          [
            0.030984684824943542,
            0.9864478707313538,
            0.16112270951271057,
            0.0
          ],
          [
            0.0355483815073967,
            -0.1621856987476349,
            0.9861197471618652,
            0.0
          ],
          [
            0.0,
            0.0,
            0.0,
            1.0
          ]
        ],
        "rotation_mode": "QUATERNION"
      },
      "armature_space": {
        "head": {
          "x": 0.6262797117233276,
          "y": -0.20355121791362762,
          "z": 0.1342065930366516
        },
        "tail": {
          "x": 0.6109511256217957,
          "y": -0.19885016977787018,
          "z": 0.10418040305376053
        }
      },
      "world_space": {
        "head": {
          "x": 0.6262797117233276,
          "y": -0.14030721783638,
          "z": 1.0840606689453125
        },
        "tail": {
          "x": 0.6109511256217957,
          "y": -0.13560616970062256,
          "z": 1.0540344715118408
        },
        "rotation_quaternion": {
          "w": 0.5499828457832336,
          "x": -0.6305705308914185,
          "y": 0.5163070559501648,
          "z": -0.18255648016929626
        },
        "matrix": [
          [
            0.4001968801021576,
            -0.45032966136932373,
            0.7981513738632202,
            0.6262797117233276
          ],
          [
            -0.8519435524940491,
            0.13810938596725464,
            0.5050923228263855,
            -0.14030721783638
          ],
          [
            -0.3376929461956024,
            -0.882122278213501,
            -0.32838645577430725,
            1.0840606689453125
          ],
          [
            0.0,
            0.0,
            0.0,
            1.0
          ]
        ]
      },
      "bone_length_armature_space": 0.03403876416349683,
      "parent": "metacarpal_thumb_l",
      "has_children": true,
      "is_end_bone": false
    },
    "thumb_02_l": {
      "name": "thumb_02_l",
      "local": {
        "location": {
          "x": 0.0,
          "y": 0.0,
          "z": 0.0
        },
        "rotation_quaternion": {
          "w": 0.997554361820221,
          "x": 0.0694517195224762,
          "y": 0.007760936394333839,
          "z": -0.0012170933187007904
        },
        "scale": {
          "x": 1.0,
          "y": 1.0,
          "z": 1.0
        },
        "matrix_basis": [
          [
            0.9998765587806702,
            0.0035062541719526052,
            0.015314853750169277,
            0.0
          ],
          [
            -0.0013502127258107066,
            0.9903499484062195,
            -0.13858261704444885,
            0.0
          ],
          [
            -0.015652969479560852,
            0.13854484260082245,
            0.9902324676513672,
            0.0
          ],
          [
            0.0,
            0.0,
            0.0,
            1.0
          ]
        ],
        "rotation_mode": "QUATERNION"
      },
      "armature_space": {
        "head": {
          "x": 0.6109510660171509,
          "y": -0.19885016977787018,
          "z": 0.10418044775724411
        },
        "tail": {
          "x": 0.6359519958496094,
          "y": -0.20635323226451874,
          "z": 0.07365423440933228
        }
      },
      "world_space": {
        "head": {
          "x": 0.6109510660171509,
          "y": -0.13560616970062256,
          "z": 1.0540344715118408
        },
        "tail": {
          "x": 0.6359519958496094,
          "y": -0.14310923218727112,
          "z": 1.0235083103179932
        },
        "rotation_quaternion": {
          "w": 0.5568267107009888,
          "x": -0.282588928937912,
          "y": 0.31070753931999207,
          "z": -0.7166230082511902
        },
        "matrix": [
          [
            -0.22017242014408112,
            0.6224647760391235,
            0.7510403990745544,
            0.6109510660171509
          ],
          [
            -0.9736753106117249,
            -0.18680864572525024,
            -0.1306113600730896,
            -0.13560616970062256
          ],
          [
            0.05899972468614578,
            -0.7600316405296326,
            0.6472130417823792,
            1.0540344715118408
          ],
          [
            0.0,
            0.0,
            0.0,
            1.0
          ]
        ]
      },
      "bone_length_armature_space": 0.040164563284692,
      "parent": "thumb_01_l",
      "has_children": true,
      "is_end_bone": false
    },
    "thumb_03_l": {
      "name": "thumb_03_l",
      "local": {
        "location": {
          "x": 0.0,
          "y": 0.0,
          "z": 0.0
        },
        "rotation_quaternion": {
          "w": 0.9977701306343079,
          "x": 0.06662458926439285,
          "y": -0.00286842230707407,
          "z": 0.002790717175230384
        },
        "scale": {
          "x": 1.0,
          "y": 1.0,
          "z": 1.0
        },
        "matrix_basis": [
          [
            0.9999679923057556,
            -0.005951203405857086,
            -0.005352191627025604,
            0.0
          ],
          [
            0.005186773370951414,
            0.9911067485809326,
            -0.13296805322170258,
            0.0
          ],
          [
            0.0060959127731621265,
            0.1329360455274582,
            0.991105854511261,
            0.0
          ],
          [
            0.0,
            0.0,
            0.0,
            1.0
          ]
        ],
        "rotation_mode": "QUATERNION"
      },
      "armature_space": {
        "head": {
          "x": 0.6359518766403198,
          "y": -0.20635326206684113,
          "z": 0.07365423440933228
        },
        "tail": {
          "x": 0.6629514694213867,
          "y": -0.2097294181585312,
          "z": 0.059997133910655975
        }
      },
      "world_space": {
        "head": {
          "x": 0.6359518766403198,
          "y": -0.1431092619895935,
          "z": 1.0235083103179932
        },
        "tail": {
          "x": 0.6629514694213867,
          "y": -0.14648541808128357,
          "z": 1.009851098060608
        },
        "rotation_quaternion": {
          "w": 0.5961746573448181,
          "x": -0.003006855957210064,
          "y": 0.29854318499565125,
          "z": -0.7452777624130249
        },
        "matrix": [
          [
            -0.2891320586204529,
            0.8868354558944702,
            0.36045190691947937,
            0.6359518766403198
          ],
          [
            -0.8904280662536621,
            -0.11089413613080978,
            -0.441407710313797,
            -0.1431092619895935
          ],
          [
            -0.3514869213104248,
            -0.4485844373703003,
            0.8217315673828125,
            1.0235083103179932
          ],
          [
            0.0,
            0.0,
            0.0,
            1.0
          ]
        ]
      },
      "bone_length_armature_space": 0.03044491488691857,
      "parent": "thumb_02_l",
      "has_children": false,
      "is_end_bone": true
    },
    "metacarpal_index_l": {
      "name": "metacarpal_index_l",
      "local": {
        "location": {
          "x": 0.0,
          "y": 0.0,
          "z": 0.0
        },
        "rotation_quaternion": {
          "w": 0.9988299012184143,
          "x": -0.044243987649679184,
          "y": 0.016095370054244995,
          "z": -0.011060291901230812
        },
        "scale": {
          "x": 1.0,
          "y": 1.0,
          "z": 1.0
        },
        "matrix_basis": [
          [
            0.9992372393608093,
            0.0206704530864954,
            0.03313177824020386,
            0.0
          ],
          [
            -0.023518947884440422,
            0.9958402514457703,
            0.08802839368581772,
            0.0
          ],
          [
            -0.031174371019005775,
            -0.08874047547578812,
            0.9955668449401855,
            0.0
          ],
          [
            0.0,
            0.0,
            0.0,
            1.0
          ]
        ],
        "rotation_mode": "QUATERNION"
      },
      "armature_space": {
        "head": {
          "x": 0.6185632348060608,
          "y": -0.17930611968040466,
          "z": 0.1767064929008484
        },
        "tail": {
          "x": 0.6805438995361328,
          "y": -0.22968104481697083,
          "z": 0.09097384661436081
        }
      },
      "world_space": {
        "head": {
          "x": 0.6185632348060608,
          "y": -0.11606211960315704,
          "z": 1.1265604496002197
        },
        "tail": {
          "x": 0.6805438995361328,
          "y": -0.1664370447397232,
          "z": 1.0408278703689575
        },
        "rotation_quaternion": {
          "w": 0.3111617863178253,
          "x": -0.8019270896911621,
          "y": -0.4338388741016388,
          "z": 0.26809534430503845
        },
        "matrix": [
          [
            0.47981569170951843,
            0.5289729237556458,
            -0.6999745965003967,
            0.6185632348060608
          ],
          [
            0.862657368183136,
            -0.4299238622188568,
            0.2664359211921692,
            -0.11606211960315704
          ],
          [
            -0.1599988490343094,
            -0.7316836714744568,
            -0.6626111268997192,
            1.1265604496002197
          ],
          [
            0.0,
            0.0,
            0.0,
            1.0
          ]
        ]
      },
      "bone_length_armature_space": 0.11717219153392129,
      "parent": "lowerarm_l",
      "has_children": true,
      "is_end_bone": false
    },
    "index_01_l": {
      "name": "index_01_l",
      "local": {
        "location": {
          "x": 0.0,
          "y": 0.0,
          "z": 0.0
        },
        "rotation_quaternion": {
          "w": 0.9905508160591125,
          "x": -0.13617509603500366,
          "y": 0.009336433373391628,
          "z": -0.013351512141525745
        },
        "scale": {
          "x": 1.0,
          "y": 1.0,
          "z": 1.0
        },
        "matrix_basis": [
          [
            0.9994691610336304,
            0.023907922208309174,
            0.022132709622383118,
            0.0
          ],
          [
            -0.028993481770157814,
            0.9625561833381653,
            0.269527405500412,
            0.0
          ],
          [
            -0.014860136434435844,
            -0.2700260281562805,
            0.9627383351325989,
            0.0
          ],
          [
            0.0,
            0.0,
            0.0,
            1.0
          ]
        ],
        "rotation_mode": "QUATERNION"
      },
      "armature_space": {
        "head": {
          "x": 0.6805438995361328,
          "y": -0.22968104481697083,
          "z": 0.09097384661436081
        },
        "tail": {
          "x": 0.7059528231620789,
          "y": -0.23483134806156158,
          "z": 0.07910232245922089
        }
      },
      "world_space": {
        "head": {
          "x": 0.6805438995361328,
          "y": -0.1664370447397232,
          "z": 1.0408278703689575
        },
        "tail": {
          "x": 0.7059528231620789,
          "y": -0.17158734798431396,
          "z": 1.0289562940597534
        },
        "rotation_quaternion": {
          "w": 0.21284587681293488,
          "x": -0.7646241188049316,
          "y": -0.6036434769630432,
          "z": 0.07524046301841736
        },
        "matrix": [
          [
            0.2599053978919983,
            0.8910912275314331,
            -0.37202882766723633,
            0.6805438995361328
          ],
          [
            0.9551509618759155,
            -0.18062156438827515,
            0.23465506732463837,
            -0.1664370447397232
          ],
          [
            0.1419042944908142,
            -0.41633474826812744,
            -0.898077130317688,
            1.0408278703689575
          ],
          [
            0.0,
            0.0,
            0.0,
            1.0
          ]
        ]
      },
      "bone_length_armature_space": 0.02851441960326406,
      "parent": "metacarpal_index_l",
      "has_children": true,
      "is_end_bone": false
    },
    "index_02_l": {
      "name": "index_02_l",
      "local": {
        "location": {
          "x": 0.0,
          "y": 0.0,
          "z": 0.0
        },
        "rotation_quaternion": {
          "w": 0.9998528957366943,
          "x": 0.009847947396337986,
          "y": 0.010085506364703178,
          "z": 0.00977676548063755
        },
        "scale": {
          "x": 1.0,
          "y": 1.0,
          "z": 1.0
        },
        "matrix_basis": [
          [
            0.9996054172515869,
            -0.019352011382579803,
            0.020360607653856277,
            0.0
          ],
          [
            0.019749296829104424,
            0.9996148943901062,
            -0.01949579082429409,
            0.0
          ],
          [
            -0.019975483417510986,
            0.019890204071998596,
            0.9996026158332825,
            0.0
          ],
          [
            0.0,
            0.0,
            0.0,
            1.0
          ]
        ],
        "rotation_mode": "QUATERNION"
      },
      "armature_space": {
        "head": {
          "x": 0.7059529423713684,
          "y": -0.2348315715789795,
          "z": 0.07910184562206268
        },
        "tail": {
          "x": 0.7290307283401489,
          "y": -0.2393033653497696,
          "z": 0.06883001327514648
        }
      },
      "world_space": {
        "head": {
          "x": 0.7059529423713684,
          "y": -0.17158757150173187,
          "z": 1.0289558172225952
        },
        "tail": {
          "x": 0.7290307283401489,
          "y": -0.17605936527252197,
          "z": 1.0186840295791626
        },
        "rotation_quaternion": {
          "w": 0.19330830872058868,
          "x": -0.7613607048988342,
          "y": -0.6127586960792542,
          "z": 0.0865367203950882
        },
        "matrix": [
          [
            0.23407530784606934,
            0.8996040225028992,
            -0.368675172328949,
            0.7059529423713684
          ],
          [
            0.9665180444717407,
            -0.17431700229644775,
            0.18830019235610962,
            -0.17158757150173187
          ],
          [
            0.10513065755367279,
            -0.40041041374206543,
            -0.9102928042411804,
            1.0289558172225952
          ],
          [
            0.0,
            0.0,
            0.0,
            1.0
          ]
        ]
      },
      "bone_length_armature_space": 0.02565329774476795,
      "parent": "index_01_l",
      "has_children": true,
      "is_end_bone": false
    },
    "index_03_l": {
      "name": "index_03_l",
      "local": {
        "location": {
          "x": 0.0,
          "y": 0.0,
          "z": 0.0
        },
        "rotation_quaternion": {
          "w": 0.9993763566017151,
          "x": 0.034841034561395645,
          "y": -0.0014383497182279825,
          "z": -0.005566821433603764
        },
        "scale": {
          "x": 1.0,
          "y": 1.0,
          "z": 1.0
        },
        "matrix_basis": [
          [
            0.9999338984489441,
            0.011026471853256226,
            -0.0032628129702061415,
            0.0
          ],
          [
            -0.011226926930248737,
            0.9975102543830872,
            -0.06962259858846664,
            0.0
          ],
          [
            0.002486997749656439,
            0.06965462863445282,
            0.9975680708885193,
            0.0
          ],
          [
            0.0,
            0.0,
            0.0,
            1.0
          ]
        ],
        "rotation_mode": "QUATERNION"
      },
      "armature_space": {
        "head": {
          "x": 0.7290307879447937,
          "y": -0.23930342495441437,
          "z": 0.06883013993501663
        },
        "tail": {
          "x": 0.7538864612579346,
          "y": -0.24044834077358246,
          "z": 0.053512830287218094
        }
      },
      "world_space": {
        "head": {
          "x": 0.7290307879447937,
          "y": -0.17605942487716675,
          "z": 1.0186841487884521
        },
        "tail": {
          "x": 0.7538864612579346,
          "y": -0.17720434069633484,
          "z": 1.0033668279647827
        },
        "rotation_quaternion": {
          "w": 0.27792295813560486,
          "x": -0.7138058543205261,
          "y": -0.6349536776542664,
          "z": 0.10036902129650116
        },
        "matrix": [
          [
            0.17351773381233215,
            0.8506770133972168,
            -0.49622607231140137,
            0.7290307879447937
          ],
          [
            0.9622580409049988,
            -0.0391843318939209,
            0.26930364966392517,
            -0.17605942487716675
          ],
          [
            0.2096482515335083,
            -0.5242300033569336,
            -0.8253752589225769,
            1.0186841487884521
          ],
          [
            0.0,
            0.0,
            0.0,
            1.0
          ]
        ]
      },
      "bone_length_armature_space": 0.02921874877302606,
      "parent": "index_02_l",
      "has_children": false,
      "is_end_bone": true
    },
    "metacarpal_pinky_l": {
      "name": "metacarpal_pinky_l",
      "local": {
        "location": {
          "x": 0.0,
          "y": 0.0,
          "z": 0.0
        },
        "rotation_quaternion": {
          "w": 0.9997929334640503,
          "x": -0.0007877349853515625,
          "y": 0.01247789803892374,
          "z": 0.016058312729001045
        },
        "scale": {
          "x": 1.0,
          "y": 1.0,
          "z": 1.0
        },
        "matrix_basis": [
          [
            0.9991728663444519,
            -0.03212963417172432,
            0.02492532879114151,
            0.0
          ],
          [
            0.03209031745791435,
            0.999483048915863,
            0.0019758916459977627,
            0.0
          ],
          [
            -0.02497592754662037,
            -0.0011743957875296474,
            0.9996873736381531,
            0.0
          ],
          [
            0.0,
            0.0,
            0.0,
            1.0
          ]
        ],
        "rotation_mode": "QUATERNION"
      },
      "armature_space": {
        "head": {
          "x": 0.6185632348060608,
          "y": -0.17930611968040466,
          "z": 0.1767064929008484
        },
        "tail": {
          "x": 0.7095003724098206,
          "y": -0.1837959885597229,
          "z": 0.12617403268814087
        }
      },
      "world_space": {
        "head": {
          "x": 0.6185632348060608,
          "y": -0.11606211960315704,
          "z": 1.1265604496002197
        },
        "tail": {
          "x": 0.7095003724098206,
          "y": -0.12055198848247528,
          "z": 1.0760281085968018
        },
        "rotation_quaternion": {
          "w": 0.48476511240005493,
          "x": 0.20445577800273895,
          "y": 0.49340003728866577,
          "z": -0.6926450133323669
        },
        "matrix": [
          [
            -0.44639983773231506,
            0.8732974529266357,
            0.19513750076293945,
            0.6185632348060608
          ],
          [
            -0.46978631615638733,
            -0.04311763495206833,
            -0.8817267417907715,
            -0.11606211960315704
          ],
          [
            -0.7616015672683716,
            -0.4852789640426636,
            0.42951318621635437,
            1.1265604496002197
          ],
          [
            0.0,
            0.0,
            0.0,
            1.0
          ]
        ]
      },
      "bone_length_armature_space": 0.10413093590197231,
      "parent": "lowerarm_l",
      "has_children": true,
      "is_end_bone": false
    },
    "pinky_01_l": {
      "name": "pinky_01_l",
      "local": {
        "location": {
          "x": 0.0,
          "y": 0.0,
          "z": 0.0
        },
        "rotation_quaternion": {
          "w": 0.9952139854431152,
          "x": -0.09564977884292603,
          "y": -0.005113354418426752,
          "z": -0.019345343112945557
        },
        "scale": {
          "x": 1.0,
          "y": 1.0,
          "z": 1.0
        },
        "matrix_basis": [
          [
            0.9991992115974426,
            0.0394836962223053,
            -0.006477008108049631,
            0.0
          ],
          [
            -0.037527330219745636,
            0.9809537529945374,
            0.19058182835578918,
            0.0
          ],
          [
            0.013878519646823406,
            -0.19018615782260895,
            0.9816499352455139,
            0.0
          ],
          [
            0.0,
            0.0,
            0.0,
            1.0
          ]
        ],
        "rotation_mode": "QUATERNION"
      },
      "armature_space": {
        "head": {
          "x": 0.7095003724098206,
          "y": -0.1837959885597229,
