{
  "metadata": {
    "armature_name": "KIM_caucasian_male",
    "export_time": "2026-01-13T19:11:53.447560",
    "blender_version": "4.4.1",
    "bone_count": 56,
    "end_bone_count": 13,
    "spaces_included": [
      "LOCAL_CHANNELS",
      "ARMATURE_SPACE",
      "WORLD_SPACE"
    ],
    "note": "LOCAL matches Transform panel; replay pose via local.matrix_basis for best fidelity."
  },
  "bones": {
    "Root": {
      "name": "Root",
      "local": {
        "location": {
          "x": 0.0,
          "y": 0.0,
          "z": 0.0
        },
        "rotation_quaternion": {
          "w": 0.999721109867096,
          "x": 0.013100852258503437,
          "y": 0.000816917687188834,
          "z": -0.019632717594504356
        },
        "scale": {
          "x": 1.0,
          "y": 1.0,
          "z": 1.0
        },
        "matrix_basis": [
          [
            0.99922776222229,
            0.0392758883535862,
            0.0011189690558239818,
            0.0
          ],
          [
            -0.03923308104276657,
            0.9988858699798584,
            -0.026226473972201347,
            0.0
          ],
          [
            -0.002147790277376771,
            0.026162320747971535,
            0.9996554255485535,
            0.0
          ],
          [
            0.0,
            0.0,
            0.0,
            1.0
          ]
        ],
        "rotation_mode": "QUATERNION"
      },
      "armature_space": {
        "head": {
          "x": 0.0,
          "y": 0.07072800397872925,
          "z": -0.009595036506652832
        },
        "tail": {
          "x": 0.002803350565955043,
          "y": -0.0001722276210784912,
          "z": -0.00186111219227314
        }
      },
      "world_space": {
        "head": {
          "x": 0.0,
          "y": 0.13397200405597687,
          "z": 0.9402589797973633
        },
        "tail": {
          "x": 0.002803350565955043,
          "y": 0.06307177245616913,
          "z": 0.9479929208755493
        },
        "rotation_quaternion": {
          "w": 0.054277773946523666,
          "x": 0.9983325600624084,
          "y": 0.019643152132630348,
          "z": -0.0005075513618066907
        },
        "matrix": [
          [
            0.99922776222229,
            0.0392758883535862,
            0.0011189690558239818,
            0.0
          ],
          [
            0.03916569799184799,
            -0.9933361411094666,
            -0.10839494317770004,
            0.13397200405597687
          ],
          [
            -0.003145780647173524,
            0.10835488885641098,
            -0.994114339351654,
            0.9402589797973633
          ],
          [
            0.0,
            0.0,
            0.0,
            1.0
          ]
        ]
      },
      "bone_length_armature_space": 0.07137587332223942,
      "parent": null,
      "has_children": true,
      "is_end_bone": false
    },
    "spine_01": {
      "name": "spine_01",
      "local": {
        "location": {
          "x": 0.0,
          "y": 0.0,
          "z": 0.0
        },
        "rotation_quaternion": {
          "w": 0.9936888217926025,
          "x": 0.11061960458755493,
          "y": -0.006950918585062027,
          "z": -0.01724817231297493
        },
        "scale": {
          "x": 1.0,
          "y": 1.0,
          "z": 1.0
        },
        "matrix_basis": [
          [
            0.9993083477020264,
            0.032740816473960876,
            -0.017630072310566902,
            0.0
          ],
          [
            -0.03581644594669342,
            0.9749315977096558,
            -0.21960315108299255,
            0.0
          ],
          [
            0.009998127818107605,
            0.22008271515369415,
            0.9754299521446228,
            0.0
          ],
          [
            0.0,
            0.0,
            0.0,
            1.0
          ]
        ],
        "rotation_mode": "QUATERNION"
      },
      "armature_space": {
        "head": {
          "x": 0.002803350565955043,
          "y": -0.0001722276210784912,
          "z": -0.00186111219227314
        },
        "tail": {
          "x": 0.02409454435110092,
          "y": -0.09704487770795822,
          "z": 0.4759575426578522
        }
      },
      "world_space": {
        "head": {
          "x": 0.002803350565955043,
          "y": 0.06307177245616913,
          "z": 0.9479929208755493
        },
        "tail": {
          "x": 0.02409454435110092,
          "y": -0.0338008776307106,
          "z": 1.425811529159546
        },
        "rotation_quaternion": {
          "w": 0.6326166987419128,
          "x": 0.7740921378135681,
          "y": 0.023266563192009926,
          "z": -0.0060134571976959705
        },
        "matrix": [
          [
            0.9988449811935425,
            0.04362938553094864,
            0.020127946510910988,
            0.002803350565955043
          ],
          [
            0.02841274067759514,
            -0.19850902259349823,
            -0.9796871542930603,
            0.06307177245616913
          ],
          [
            -0.03874781355261803,
            0.9791341423988342,
            -0.19952166080474854,
            0.9479929208755493
          ],
          [
            0.0,
            0.0,
            0.0,
            1.0
          ]
        ]
      },
      "bone_length_armature_space": 0.48800440497877823,
      "parent": "Root",
      "has_children": true,
      "is_end_bone": false
    },
    "neck_01": {
      "name": "neck_01",
      "local": {
        "location": {
          "x": 0.0,
          "y": 0.0,
          "z": 0.0
        },
        "rotation_quaternion": {
          "w": 0.997816801071167,
          "x": -0.039602383971214294,
          "y": -0.037576477974653244,
          "z": -0.037165477871894836
        },
        "scale": {
          "x": 1.0,
          "y": 1.0,
          "z": 1.0
        },
        "matrix_basis": [
          [
            0.9944134950637817,
            0.07714491337537766,
            -0.07204519957304001,
            0.0
          ],
          [
            -0.07119244337081909,
            0.9941007494926453,
            0.08182494342327118,
            0.0
          ],
          [
            0.07793256640434265,
            -0.07623875141143799,
            0.9940392971038818,
            0.0
          ],
          [
            0.0,
            0.0,
            0.0,
            1.0
          ]
        ],
        "rotation_mode": "QUATERNION"
      },
      "armature_space": {
        "head": {
          "x": 0.02798706665635109,
          "y": -0.14555537700653076,
          "z": 0.540728747844696
        },
        "tail": {
          "x": 0.04077708348631859,
          "y": -0.19549420475959778,
          "z": 0.6293473243713379
        }
      },
      "world_space": {
        "head": {
          "x": 0.02798706665635109,
          "y": -0.08231137692928314,
          "z": 1.4905827045440674
        },
        "tail": {
          "x": 0.04077708348631859,
          "y": -0.13225020468235016,
          "z": 1.579201340675354
        },
        "rotation_quaternion": {
          "w": 0.5050714015960693,
          "x": 0.8601391911506653,
          "y": 0.036733951419591904,
          "z": -0.060943853110075
        },
        "matrix": [
          [
            0.9898729920387268,
            0.12475468963384628,
            -0.06773324310779572,
            0.02798706665635109
          ],
          [
            0.0016311481595039368,
            -0.48710671067237854,
            -0.8733410835266113,
            -0.08231137692928314
          ],
          [
            -0.1419477015733719,
            0.8643916845321655,
            -0.4823814332485199,
            1.4905827045440674
          ],
          [
            0.0,
            0.0,
            0.0,
            1.0
          ]
        ]
      },
      "bone_length_armature_space": 0.10252181678739503,
      "parent": "spine_01",
      "has_children": true,
      "is_end_bone": false
    },
    "head": {
      "name": "head",
      "local": {
        "location": {
          "x": 0.0,
          "y": 0.0,
          "z": 0.0
        },
        "rotation_quaternion": {
          "w": 0.9850351810455322,
          "x": -0.053731564432382584,
          "y": 0.041309814900159836,
          "z": -0.1584685891866684
        },
        "scale": {
          "x": 1.0,
          "y": 1.0,
          "z": 1.0
        },
        "matrix_basis": [
          [
            0.9463624358177185,
            0.3077549934387207,
            0.09841277450323105,
            0.0
          ],
          [
            -0.31663355231285095,
            0.9440012574195862,
            0.09276234358549118,
            0.0
          ],
          [
            -0.06435371190309525,
            -0.1189475804567337,
            0.9908128380775452,
            0.0
          ],
          [
            0.0,
            0.0,
            0.0,
            1.0
          ]
        ],
        "rotation_mode": "QUATERNION"
      },
      "armature_space": {
        "head": {
          "x": 0.040777064859867096,
          "y": -0.19549430906772614,
          "z": 0.6293472051620483
        },
        "tail": {
          "x": 0.10893601924180984,
          "y": -0.1975632756948471,
          "z": 0.7686430215835571
        }
      },
      "world_space": {
        "head": {
          "x": 0.040777064859867096,
          "y": -0.13225030899047852,
          "z": 1.5792012214660645
        },
        "tail": {
          "x": 0.10893601924180984,
          "y": -0.1343192756175995,
          "z": 1.7184970378875732
        },
        "rotation_quaternion": {
          "w": 0.6748770475387573,
          "x": 0.701019823551178,
          "y": 0.1946042776107788,
          "z": -0.12345679849386215
        },
        "matrix": [
          [
            0.8937749266624451,
            0.43947941064834595,
            0.08957894146442413,
            0.040777064859867096
          ],
          [
            0.10620918869972229,
            -0.013340435922145844,
            -0.994254469871521,
            -0.13225030899047852
          ],
          [
            -0.4357622265815735,
            0.8981599807739258,
            -0.05860145390033722,
            1.5792012214660645
          ],
          [
            0.0,
            0.0,
            0.0,
            1.0
          ]
        ]
      },
      "bone_length_armature_space": 0.15509110002411292,
      "parent": "neck_01",
      "has_children": false,
      "is_end_bone": true
    },
    "upperarm_l": {
      "name": "upperarm_l",
      "local": {
        "location": {
          "x": 0.0,
          "y": 0.0,
          "z": 0.0
        },
        "rotation_quaternion": {
          "w": 0.7387169599533081,
          "x": 0.5860252976417542,
          "y": -0.15450046956539154,
          "z": 0.2949599325656891
        },
        "scale": {
          "x": 1.0,
          "y": 1.0,
          "z": 1.0
        },
        "matrix_basis": [
          [
            0.7782564759254456,
            -0.6168661713600159,
            0.11744373291730881,
            0.0
          ],
          [
            0.2547014355659485,
            0.13914597034454346,
            -0.9569565653800964,
            0.0
          ],
          [
            0.573972225189209,
            0.7746707797050476,
            0.265407919883728,
            0.0
          ],
          [
            0.0,
            0.0,
            0.0,
            1.0
          ]
        ],
        "rotation_mode": "QUATERNION"
      },
      "armature_space": {
        "head": {
          "x": 0.17494577169418335,
          "y": -0.13107648491859436,
          "z": 0.4684748649597168
        },
        "tail": {
          "x": 0.2351050078868866,
          "y": -0.36689624190330505,
          "z": 0.5806251168251038
        }
      },
      "world_space": {
        "head": {
          "x": 0.17494577169418335,
          "y": -0.06783248484134674,
          "z": 1.418328881263733
        },
        "tail": {
          "x": 0.2351050078868866,
          "y": -0.30365222692489624,
          "z": 1.5304791927337646
        },
        "rotation_quaternion": {
          "w": 0.24018262326717377,
          "x": 0.7480939030647278,
          "y": -0.04796057567000389,
          "z": -0.6167396306991577
        },
        "matrix": [
          [
            0.2346649467945099,
            0.2245003879070282,
            -0.9457971453666687,
            0.17494577169418335
          ],
          [
            -0.3680185079574585,
            -0.8800248503684998,
            -0.30019858479499817,
            -0.06783248484134674
          ],
          [
            -0.8997260332107544,
            0.41851890087127686,
            -0.1238916665315628,
            1.418328881263733
          ],
          [
            0.0,
            0.0,
            0.0,
            1.0
          ]
        ]
      },
      "bone_length_armature_space": 0.26796972071983416,
      "parent": "spine_01",
      "has_children": true,
      "is_end_bone": false
    },
    "lowerarm_l": {
      "name": "lowerarm_l",
      "local": {
        "location": {
          "x": 0.0,
          "y": 0.0,
          "z": 0.0
        },
        "rotation_quaternion": {
          "w": 0.8960897326469421,
          "x": 0.30415967106819153,
          "y": 0.1828891485929489,
          "z": -0.26657402515411377
        },
        "scale": {
          "x": 1.0,
          "y": 1.0,
          "z": 1.0
        },
        "matrix_basis": [
          [
            0.7909796833992004,
            0.5890035033226013,
            0.16560803353786469,
            0.0
          ],
          [
            -0.36649349331855774,
            0.6728503704071045,
            -0.6426157355308533,
            0.0
          ],
          [
            -0.4899322986602783,
            0.4476017355918884,
            0.7480769157409668,
            0.0
          ],
          [
            0.0,
            0.0,
            0.0,
            1.0
          ]
        ],
        "rotation_mode": "QUATERNION"
      },
      "armature_space": {
        "head": {
          "x": 0.23510496318340302,
          "y": -0.36689627170562744,
          "z": 0.5806252956390381
        },
        "tail": {
          "x": 0.15099291503429413,
          "y": -0.6131980419158936,
          "z": 0.51873779296875
        }
      },
      "world_space": {
        "head": {
          "x": 0.23510496318340302,
          "y": -0.303652286529541,
          "z": 1.5304793119430542
        },
        "tail": {
          "x": 0.15099291503429413,
          "y": -0.5499540567398071,
          "z": 1.4685918092727661
        },
        "rotation_quaternion": {
          "w": 0.1810053288936615,
          "x": -0.8570926189422607,
          "y": 0.08308050781488419,
          "z": 0.47510722279548645
        },
        "matrix": [
          [
            0.5347420573234558,
            -0.3144087791442871,
            -0.7843458652496338,
            0.23510496318340302
          ],
          [
            0.029577895998954773,
            -0.9206699728965759,
            0.38922011852264404,
            -0.303652286529541
          ],
          [
            -0.8445034623146057,
            -0.23133407533168793,
            -0.4830242395401001,
            1.5304793119430542
          ],
          [
            0.0,
            0.0,
            0.0,
            1.0
          ]
        ]
      },
      "bone_length_armature_space": 0.267524690844269,
      "parent": "upperarm_l",
      "has_children": true,
      "is_end_bone": false
    },
    "metacarpal_thumb_l": {
      "name": "metacarpal_thumb_l",
      "local": {
        "location": {
          "x": 0.0,
          "y": 0.0,
          "z": 0.0
        },
        "rotation_quaternion": {
          "w": 0.9988311529159546,
          "x": -0.04361322522163391,
          "y": 0.01951712928712368,
          "z": -0.007302392739802599
        },
        "scale": {
          "x": 1.0,
          "y": 1.0,
          "z": 1.0
        },
        "matrix_basis": [
          [
            0.9991315007209778,
            0.012885305099189281,
            0.03962559625506401,
            0.0
          ],
          [
            -0.016290124505758286,
            0.9960891008377075,
            0.0868394523859024,
            0.0
          ],
          [
            -0.038351669907569885,
            -0.08740954101085663,
            0.9954339265823364,
            0.0
          ],
          [
            0.0,
            0.0,
            0.0,
            1.0
          ]
        ],
        "rotation_mode": "QUATERNION"
      },
      "armature_space": {
        "head": {
          "x": 0.15099291503429413,
          "y": -0.6131980419158936,
          "z": 0.51873779296875
        },
        "tail": {
          "x": 0.11843337118625641,
          "y": -0.6387682557106018,
          "z": 0.4915415346622467
        }
      },
      "world_space": {
        "head": {
          "x": 0.15099291503429413,
          "y": -0.5499540567398071,
          "z": 1.4685918092727661
        },
        "tail": {
          "x": 0.11843337118625641,
          "y": -0.5755242705345154,
          "z": 1.4413955211639404
        },
        "rotation_quaternion": {
          "w": 0.1956697404384613,
          "x": -0.8351513743400574,
          "y": 0.4512249231338501,
          "z": -0.24623499810695648
        },
        "matrix": [
          [
            0.4715276062488556,
            -0.6573215126991272,
            0.58786940574646,
            0.15099291503429413
          ],
          [
            -0.8500441312789917,
            -0.5162186622619629,
            0.10461097955703735,
            -0.5499540567398071
          ],
          [
            0.23470698297023773,
            -0.5490459203720093,
            -0.8021689653396606,
            1.4685918092727661
          ],
          [
            0.0,
            0.0,
            0.0,
            1.0
          ]
        ]
      },
      "bone_length_armature_space": 0.049533788617102774,
      "parent": "lowerarm_l",
      "has_children": true,
      "is_end_bone": false
    },
    "thumb_01_l": {
      "name": "thumb_01_l",
      "local": {
        "location": {
          "x": 0.0,
          "y": 0.0,
          "z": 0.0
        },
        "rotation_quaternion": {
          "w": 0.9996618628501892,
          "x": 0.024002566933631897,
          "y": -0.00980810821056366,
          "z": 0.0019670920446515083
        },
        "scale": {
          "x": 1.0,
          "y": 1.0,
          "z": 1.0
        },
        "matrix_basis": [
          [
            0.9997998476028442,
            -0.00440369313582778,
            -0.019515153020620346,
            0.0
          ],
          [
            0.003462014254182577,
            0.9988400340080261,
            -0.048027489334344864,
            0.0
          ],
          [
            0.01970401406288147,
            0.04795031622052193,
            0.998655378818512,
            0.0
          ],
          [
            0.0,
            0.0,
            0.0,
            1.0
          ]
        ],
        "rotation_mode": "QUATERNION"
      },
      "armature_space": {
        "head": {
          "x": 0.11843337118625641,
          "y": -0.6387682557106018,
          "z": 0.4915415346622467
        },
        "tail": {
          "x": 0.11744759231805801,
          "y": -0.6455839276313782,
          "z": 0.4582066237926483
        }
      },
      "world_space": {
        "head": {
          "x": 0.11843337118625641,
          "y": -0.5755242705345154,
          "z": 1.4413955211639404
        },
        "tail": {
          "x": 0.11744759231805801,
          "y": -0.5823399424552917,
          "z": 1.4080606698989868
        },
        "rotation_quaternion": {
          "w": 0.1472020000219345,
          "x": -0.2025197595357895,
          "y": 0.6149919629096985,
          "z": -0.7477314472198486
        },
        "matrix": [
          [
            -0.8746349215507507,
            -0.02896064519882202,
            0.4839165508747101,
            0.11843337118625641
          ],
          [
            -0.4692307710647583,
            -0.2002335786819458,
            -0.8600752353668213,
            -0.5755242705345154
          ],
          [
            0.12180519849061966,
            -0.9793271422386169,
            0.1615424007177353,
            1.4413955211639404
          ],
          [
            0.0,
            0.0,
            0.0,
            1.0
          ]
        ]
      },
      "bone_length_armature_space": 0.03403882202927666,
      "parent": "metacarpal_thumb_l",
      "has_children": true,
      "is_end_bone": false
    },
    "thumb_02_l": {
      "name": "thumb_02_l",
      "local": {
        "location": {
          "x": 0.0,
          "y": 0.0,
          "z": 0.0
        },
        "rotation_quaternion": {
          "w": 0.9940895438194275,
          "x": 0.10808877646923065,
          "y": 0.009038381278514862,
          "z": -0.00459633395075798
        },
        "scale": {
          "x": 1.0,
          "y": 1.0,
          "z": 1.0
        },
        "matrix_basis": [
          [
            0.9997943639755249,
            0.0110922297462821,
            0.01697629690170288,
            0.0
          ],
          [
            -0.007184439804404974,
            0.9765914082527161,
            -0.21498292684555054,
            0.0
          ],
          [
            -0.018963545560836792,
            0.21481676399707794,
            0.9764702320098877,
            0.0
          ],
          [
            0.0,
            0.0,
            0.0,
            1.0
          ]
        ],
        "rotation_mode": "QUATERNION"
      },
      "armature_space": {
        "head": {
          "x": 0.11744759976863861,
          "y": -0.6455838680267334,
          "z": 0.4582066535949707
        },
        "tail": {
          "x": 0.10616644471883774,
          "y": -0.6839489340782166,
          "z": 0.4544599652290344
        }
      },
      "world_space": {
        "head": {
          "x": 0.11744759976863861,
          "y": -0.582339882850647,
          "z": 1.4080606698989868
        },
        "tail": {
          "x": 0.10616644471883774,
          "y": -0.6207049489021301,
          "z": 1.4043140411376953
        },
        "rotation_quaternion": {
          "w": 0.14086520671844482,
          "x": 0.023705895990133286,
          "y": -0.050564613193273544,
          "z": 0.9884525537490845
        },
        "matrix": [
          [
            -0.9591902494430542,
            -0.2808744013309479,
            0.03261851891875267,
            0.11744759976863861
          ],
          [
            0.27607986330986023,
            -0.9552006721496582,
            -0.10663972795009613,
            -0.582339882850647
          ],
          [
            0.061110302805900574,
            -0.09328386187553406,
            0.9937694072723389,
            1.4080606698989868
          ],
          [
            0.0,
            0.0,
            0.0,
            1.0
          ]
        ]
      },
      "bone_length_armature_space": 0.040164417014167855,
      "parent": "thumb_01_l",
      "has_children": true,
      "is_end_bone": false
    },
    "thumb_03_l": {
      "name": "thumb_03_l",
      "local": {
        "location": {
          "x": 0.0,
          "y": 0.0,
          "z": 0.0
        },
        "rotation_quaternion": {
          "w": 0.9973464012145996,
          "x": 0.07236997038125992,
          "y": -0.00742118526250124,
          "z": -0.002793477615341544
        },
        "scale": {
          "x": 1.0,
          "y": 1.0,
          "z": 1.0
        },
        "matrix_basis": [
          [
            0.9998742341995239,
            0.004497987683862448,
            -0.015207313001155853,
            0.0
          ],
          [
            -0.006646271795034409,
            0.9895095825195312,
            -0.14431439340114594,
            0.0
          ],
          [
            0.014398656785488129,
            0.1443973183631897,
            0.9894150495529175,
            0.0
          ],
          [
            0.0,
            0.0,
            0.0,
            1.0
          ]
        ],
        "rotation_mode": "QUATERNION"
      },
      "armature_space": {
        "head": {
          "x": 0.10616640746593475,
          "y": -0.6839488744735718,
          "z": 0.45445990562438965
        },
        "tail": {
          "x": 0.10166461765766144,
          "y": -0.7126118540763855,
          "z": 0.4636825919151306
        }
      },
      "world_space": {
        "head": {
          "x": 0.10616640746593475,
          "y": -0.6207048892974854,
          "z": 1.4043139219284058
        },
        "tail": {
          "x": 0.10166461765766144,
          "y": -0.6493678689002991,
          "z": 1.413536548614502
        },
        "rotation_quaternion": {
          "w": 0.05257917195558548,
          "x": -0.139129638671875,
          "y": 0.162786602973938,
          "z": 0.9753865599632263
        },
        "matrix": [
          [
            -0.9557568430900574,
            -0.14786696434020996,
            -0.2542918920516968,
            0.10616640746593475
          ],
          [
            0.057273223996162415,
            -0.9414719939231873,
            0.3321908712387085,
            -0.6207048892974854
          ],
          [
            -0.288530558347702,
            0.3029308319091797,
            0.908293604850769,
            1.4043139219284058
          ],
          [
            0.0,
            0.0,
            0.0,
            1.0
          ]
        ]
      },
      "bone_length_armature_space": 0.030444875453936468,
      "parent": "thumb_02_l",
      "has_children": false,
      "is_end_bone": true
    },
    "metacarpal_index_l": {
      "name": "metacarpal_index_l",
      "local": {
        "location": {
          "x": 0.0,
          "y": 0.0,
          "z": 0.0
        },
        "rotation_quaternion": {
          "w": 0.9998703002929688,
          "x": -0.014919579029083252,
          "y": 0.005321254953742027,
          "z": -0.0029282160103321075
        },
        "scale": {
          "x": 1.0,
          "y": 1.0,
          "z": 1.0
        },
        "matrix_basis": [
          [
            0.9999262094497681,
            0.005696890875697136,
            0.010728505440056324,
            0.0
          ],
          [
            -0.006014454178512096,
            0.9995376467704773,
            0.02980412356555462,
            0.0
          ],
          [
            -0.010553753934800625,
            -0.029866451397538185,
            0.999498188495636,
            0.0
          ],
          [
            0.0,
            0.0,
            0.0,
            1.0
          ]
        ],
        "rotation_mode": "QUATERNION"
      },
      "armature_space": {
        "head": {
          "x": 0.15099291503429413,
          "y": -0.6131980419158936,
          "z": 0.51873779296875
        },
        "tail": {
          "x": 0.09141718596220016,
          "y": -0.7035056948661804,
          "z": 0.473743200302124
        }
      },
      "world_space": {
        "head": {
          "x": 0.15099291503429413,
          "y": -0.5499540567398071,
          "z": 1.4685918092727661
        },
        "tail": {
          "x": 0.09141718596220016,
          "y": -0.640261709690094,
          "z": 1.4235972166061401
        },
        "rotation_quaternion": {
          "w": 0.21054263412952423,
          "x": -0.9406616687774658,
          "y": 0.26515522599220276,
          "z": 0.022810254245996475
        },
        "matrix": [
          [
            0.8583448529243469,
            -0.5084479451179504,
            0.0687403678894043,
            0.15099291503429413
          ],
          [
            -0.4892381429672241,
            -0.7707291841506958,
            0.4081946611404419,
            -0.5499540567398071
          ],
          [
            -0.1545669585466385,
            -0.38400545716285706,
            -0.9103091955184937,
            1.4685918092727661
          ],
          [
            0.0,
            0.0,
            0.0,
            1.0
          ]
        ]
      },
      "bone_length_armature_space": 0.11717189744555397,
      "parent": "lowerarm_l",
      "has_children": true,
      "is_end_bone": false
    },
    "index_01_l": {
      "name": "index_01_l",
      "local": {
        "location": {
          "x": 0.0,
          "y": 0.0,
          "z": 0.0
        },
        "rotation_quaternion": {
          "w": 0.9976107478141785,
          "x": -0.06509856134653091,
          "y": 0.019919874146580696,
          "z": 0.011759685352444649
        },
        "scale": {
          "x": 1.0,
          "y": 1.0,
          "z": 1.0
        },
        "matrix_basis": [
          [
            0.9989297986030579,
            -0.02605668641626835,
            0.03821348398923874,
            0.0
          ],
          [
            0.02086966671049595,
            0.9912477731704712,
            0.13035455346107483,
            0.0
          ],
          [
            -0.041275639086961746,
            -0.1294175386428833,
            0.9907307624816895,
            0.0
          ],
          [
            0.0,
            0.0,
            0.0,
            1.0
          ]
        ],
        "rotation_mode": "QUATERNION"
      },
      "armature_space": {
        "head": {
          "x": 0.09141718596220016,
          "y": -0.7035056948661804,
          "z": 0.473743200302124
        },
        "tail": {
          "x": 0.08521591126918793,
          "y": -0.7309494018554688,
          "z": 0.4691110849380493
        }
      },
      "world_space": {
        "head": {
          "x": 0.09141718596220016,
          "y": -0.640261709690094,
          "z": 1.4235972166061401
        },
        "tail": {
          "x": 0.08521591126918793,
          "y": -0.6677054166793823,
          "z": 1.4189651012420654
        },
        "rotation_quaternion": {
          "w": 0.07918518781661987,
          "x": -0.990249752998352,
          "y": 0.11181973665952682,
          "z": -0.025131944566965103
        },
        "matrix": [
          [
            0.97372967004776,
            -0.2174789160490036,
            0.06748288869857788,
            0.09141718596220016
          ],
          [
            -0.22543911635875702,
            -0.9624523520469666,
            0.15120527148246765,
            -0.640261709690094
          ],
          [
            0.032065171748399734,
            -0.16244825720787048,
            -0.9862030148506165,
            1.4235972166061401
          ],
          [
            0.0,
            0.0,
            0.0,
            1.0
          ]
        ]
      },
      "bone_length_armature_space": 0.028514371376536278,
      "parent": "metacarpal_index_l",
      "has_children": true,
      "is_end_bone": false
    },
    "index_02_l": {
      "name": "index_02_l",
      "local": {
        "location": {
          "x": 0.0,
          "y": 0.0,
          "z": 0.0
        },
        "rotation_quaternion": {
          "w": 0.9864607453346252,
          "x": 0.16396167874336243,
          "y": -0.003226341214030981,
          "z": -0.0011949571780860424
        },
        "scale": {
          "x": 1.0,
          "y": 1.0,
          "z": 1.0
        },
        "matrix_basis": [
          [
            0.9999763369560242,
            0.001299564028158784,
            -0.006757172290235758,
            0.0
          ],
          [
            -0.0034155494067817926,
            0.9462302923202515,
            -0.32347580790519714,
            0.0
          ],
          [
            0.005973463412374258,
            0.3234912157058716,
            0.9462122917175293,
            0.0
          ],
          [
            0.0,
            0.0,
            0.0,
            1.0
          ]
        ],
        "rotation_mode": "QUATERNION"
      },
      "armature_space": {
        "head": {
          "x": 0.08521562069654465,
          "y": -0.7309496998786926,
          "z": 0.46911072731018066
        },
        "tail": {
          "x": 0.08062182366847992,
          "y": -0.7535092234611511,
          "z": 0.4577944576740265
        }
      },
      "world_space": {
        "head": {
          "x": 0.08521562069654465,
          "y": -0.6677057147026062,
          "z": 1.4189647436141968
        },
        "tail": {
          "x": 0.08062182366847992,
          "y": -0.6902652382850647,
          "z": 1.4076484441757202
        },
        "rotation_quaternion": {
          "w": 0.22710318863391876,
          "x": -0.9693714380264282,
          "y": 0.09340082854032516,
          "z": -0.0044206795282661915
        },
        "matrix": [
          [
            0.9825136661529541,
            -0.17907243967056274,
            0.05099412426352501,
            0.08521562069654465
          ],
          [
            -0.1830882877111435,
            -0.8794010877609253,
            0.4394685626029968,
            -0.6677057147026062
          ],
          [
            -0.03385273367166519,
            -0.44112396240234375,
            -0.896815299987793,
            1.4189647436141968
          ],
          [
            0.0,
            0.0,
            0.0,
            1.0
          ]
        ]
      },
      "bone_length_armature_space": 0.025653324086574888,
      "parent": "index_01_l",
      "has_children": true,
      "is_end_bone": false
    },
    "index_03_l": {
      "name": "index_03_l",
      "local": {
        "location": {
          "x": 0.0,
          "y": 0.0,
          "z": 0.0
        },
        "rotation_quaternion": {
          "w": 0.9811536073684692,
          "x": 0.19314631819725037,
          "y": -0.005492189433425665,
          "z": -0.0014399433275684714
        },
        "scale": {
          "x": 1.0,
          "y": 1.0,
          "z": 1.0
        },
        "matrix_basis": [
          [
            0.999935507774353,
            0.0007040188647806644,
            -0.011333602480590343,
            0.0
          ],
          [
            -0.004947203677147627,
            0.9253848791122437,
            -0.3789966106414795,
            0.0
          ],
          [
            0.010221123695373535,
            0.37902823090553284,
            0.9253286719322205,
            0.0
          ],
          [
            0.0,
            0.0,
            0.0,
            1.0
          ]
        ],
        "rotation_mode": "QUATERNION"
      },
      "armature_space": {
        "head": {
          "x": 0.08062179386615753,
          "y": -0.7535092830657959,
          "z": 0.45779457688331604
        },
        "tail": {
          "x": 0.07984890788793564,
          "y": -0.770885169506073,
          "z": 0.434316486120224
        }
      },
      "world_space": {
        "head": {
          "x": 0.08062179386615753,
          "y": -0.6902652978897095,
          "z": 1.4076485633850098
        },
        "tail": {
          "x": 0.07984890788793564,
          "y": -0.7076411843299866,
          "z": 1.3841705322265625
        },
        "rotation_quaternion": {
          "w": 0.4479895532131195,
          "x": -0.891015350818634,
          "y": 0.044307488948106766,
          "z": -0.05860140919685364
        },
        "matrix": [
          [
            0.9892056584358215,
            -0.026451844722032547,
            0.14412805438041687,
            0.08062179386615753
          ],
          [
            -0.13146290183067322,
            -0.5946850180625916,
            0.7931376695632935,
            -0.6902652978897095
          ],
          [
            0.06473122537136078,
            -0.8035297393798828,
            -0.59174644947052,
            1.4076485633850098
          ],
          [
            0.0,
            0.0,
            0.0,
            1.0
          ]
        ]
      },
      "bone_length_armature_space": 0.029218821003355402,
      "parent": "index_02_l",
      "has_children": false,
      "is_end_bone": true
    },
    "metacarpal_pinky_l": {
      "name": "metacarpal_pinky_l",
      "local": {
        "location": {
          "x": 0.0,
          "y": 0.0,
          "z": 0.0
        },
        "rotation_quaternion": {
          "w": 0.9997180700302124,
          "x": -0.02093689516186714,
          "y": 0.01108427345752716,
          "z": -0.0016422144835814834
        },
        "scale": {
          "x": 1.0,
          "y": 1.0,
          "z": 1.0
        },
        "matrix_basis": [
          [
            0.9997488856315613,
            0.0028193623293191195,
            0.02223106287419796,
            0.0
          ],
          [
            -0.0037476434372365475,
            0.999117910861969,
            0.04182557761669159,
            0.0
          ],
          [
            -0.022093530744314194,
            -0.041898392140865326,
            0.9988775849342346,
            0.0
          ],
          [
            0.0,
            0.0,
            0.0,
            1.0
          ]
        ],
        "rotation_mode": "QUATERNION"
      },
      "armature_space": {
        "head": {
          "x": 0.15099291503429413,
          "y": -0.6131980419158936,
          "z": 0.51873779296875
        },
        "tail": {
          "x": 0.14794521033763885,
          "y": -0.7166711091995239,
          "z": 0.5074570178985596
        }
      },
      "world_space": {
        "head": {
          "x": 0.15099291503429413,
          "y": -0.5499540567398071,
          "z": 1.4685918092727661
        },
        "tail": {
          "x": 0.14794521033763885,
          "y": -0.6534271240234375,
          "z": 1.4573110342025757
        },
        "rotation_quaternion": {
          "w": 0.03592383861541748,
          "x": -0.41590285301208496,
          "y": -0.043215129524469376,
          "z": 0.9076710939407349
        },
        "matrix": [
          [
            -0.651468813419342,
            -0.0292680561542511,
            -0.7581110000610352,
            0.15099291503429413
          ],
          [
            0.10116047412157059,
            -0.9936841130256653,
            -0.04856778308749199,
            -0.5499540567398071
          ],
          [
            -0.7519062161445618,
            -0.10833290219306946,
            0.6503191590309143,
            1.4685918092727661
          ],
          [
            0.0,
            0.0,
            0.0,
            1.0
          ]
        ]
      },
      "bone_length_armature_space": 0.10413078137736284,
      "parent": "lowerarm_l",
      "has_children": true,
      "is_end_bone": false
    },
    "pinky_01_l": {
      "name": "pinky_01_l",
      "local": {
        "location": {
          "x": 0.0,
          "y": 0.0,
          "z": 0.0
        },
        "rotation_quaternion": {
          "w": 0.9993526935577393,
          "x": 0.03502621501684189,
          "y": -0.0082066236063838,
          "z": 9.505837806500494e-05
        },
        "scale": {
          "x": 1.0,
          "y": 1.0,
          "z": 1.0
        },
        "matrix_basis": [
          [
            0.9998652935028076,
            -0.0007648876053281128,
            -0.016395963728427887,
            0.0
          ],
          [
            -0.00038490022416226566,
            0.9975463151931763,
            -0.07000864297151566,
            0.0
          ],
          [
            0.01640928164124489,
            0.07000552117824554,
            0.9974116086959839,
            0.0
          ],
          [
            0.0,
            0.0,
            0.0,
            1.0
          ]
        ],
        "rotation_mode": "QUATERNION"
      },
      "armature_space": {
        "head": {
          "x": 0.14794521033763885,
          "y": -0.7166711091995239,
          "z": 0.5074570178985596
        },
