{
  "metadata": {
    "armature_name": "KIM_caucasian_male",
    "export_time": "2026-01-13T21:08:31.127526",
    "blender_version": "4.4.1",
    "bone_count": 56,
    "end_bone_count": 13,
    "spaces_included": [
      "LOCAL_CHANNELS",
      "ARMATURE_SPACE",
      "WORLD_SPACE"
    ],
    "note": "LOCAL matches Transform panel; replay pose via local.matrix_basis for best fidelity."
  },
  "bones": {
    "Root": {
      "name": "Root",
      "local": {
        "location": {
          "x": 0.0,
          "y": 0.0,
          "z": 0.0
        },
        "rotation_quaternion": {
          "w": 0.999423623085022,
          "x": 0.01521917711943388,
          "y": 0.006989031098783016,
          "z": -0.029531313106417656
        },
        "scale": {
          "x": 1.0,
          "y": 1.0,
          "z": 1.0
        },
        "matrix_basis": [
          [
            0.9981580972671509,
            0.059241317212581635,
            0.013071120716631413,
            0.0
          ],
          [
            -0.058815848082304,
            0.9977925419807434,
            -0.030833600088953972,
            0.0
          ],
          [
            -0.014868889935314655,
            0.030008019879460335,
            0.9994390606880188,
            0.0
          ],
          [
            0.0,
            0.0,
            0.0,
            1.0
          ]
        ],
        "rotation_mode": "QUATERNION"
      },
      "armature_space": {
        "head": {
          "x": 0.0,
          "y": 0.07072800397872925,
          "z": -0.009595036506652832
        },
        "tail": {
          "x": 0.004228400532156229,
          "y": -0.00013180077075958252,
          "z": -0.0021436032839119434
        }
      },
      "world_space": {
        "head": {
          "x": 0.0,
          "y": 0.13397200405597687,
          "z": 0.9402589797973633
        },
        "tail": {
          "x": 0.004228400532156229,
          "y": 0.06311219930648804,
          "z": 0.947710394859314
        },
        "rotation_quaternion": {
          "w": 0.05214422196149826,
          "x": 0.9981783628463745,
          "y": 0.029935061931610107,
          "z": 0.004983694292604923
        },
        "matrix": [
          [
            0.9981580972671509,
            0.059241317212581635,
            0.013071120716631413,
            0.0
          ],
          [
            0.06028080731630325,
            -0.992769718170166,
            -0.10380056500434875,
            0.13397200405597687
          ],
          [
            0.006827435456216335,
            0.10439709573984146,
            -0.9945192933082581,
            0.9402589797973633
          ],
          [
            0.0,
            0.0,
            0.0,
            1.0
          ]
        ]
      },
      "bone_length_armature_space": 0.07137587315658918,
      "parent": null,
      "has_children": true,
      "is_end_bone": false
    },
    "spine_01": {
      "name": "spine_01",
      "local": {
        "location": {
          "x": 0.0,
          "y": 0.0,
          "z": 0.0
        },
        "rotation_quaternion": {
          "w": 0.9996567964553833,
          "x": -0.0033218609169125557,
          "y": 0.023037699982523918,
          "z": -0.012029208242893219
        },
        "scale": {
          "x": 1.0,
          "y": 1.0,
          "z": 1.0
        },
        "matrix_basis": [
          [
            0.9986491203308105,
            0.02389710396528244,
            0.04613950476050377,
            0.0
          ],
          [
            -0.024203214794397354,
            0.9996885061264038,
            0.006087190937250853,
            0.0
          ],
          [
            -0.04597966745495796,
            -0.007195692043751478,
            0.9989164471626282,
            0.0
          ],
          [
            0.0,
            0.0,
            0.0,
            1.0
          ]
        ],
        "rotation_mode": "QUATERNION"
      },
      "armature_space": {
        "head": {
          "x": 0.004228400532156229,
          "y": -0.00013180077075958252,
          "z": -0.0021436032839119434
        },
        "tail": {
          "x": 0.011847838759422302,
          "y": 0.011913285590708256,
          "z": 0.4856528639793396
        }
      },
      "world_space": {
        "head": {
          "x": 0.004228400532156229,
          "y": 0.06311219930648804,
          "z": 0.947710394859314
        },
        "tail": {
          "x": 0.011847838759422302,
          "y": 0.0751572847366333,
          "z": 1.435506820678711
        },
        "rotation_quaternion": {
          "w": 0.7144585251808167,
          "x": 0.6976140737533569,
          "y": 0.043474726378917694,
          "z": 0.03152289241552353
        },
        "matrix": [
          [
            0.9942325353622437,
            0.015613564290106297,
            0.10610330104827881,
            0.004228400532156229
          ],
          [
            0.10570065677165985,
            0.02468249201774597,
            -0.9940915703773499,
            0.06311219930648804
          ],
          [
            -0.018140234053134918,
            0.9995803833007812,
            0.022889012470841408,
            0.947710394859314
          ],
          [
            0.0,
            0.0,
            0.0,
            1.0
          ]
        ]
      },
      "bone_length_armature_space": 0.4880046288428631,
      "parent": "Root",
      "has_children": true,
      "is_end_bone": false
    },
    "neck_01": {
      "name": "neck_01",
      "local": {
        "location": {
          "x": 0.0,
          "y": 0.0,
          "z": 0.0
        },
        "rotation_quaternion": {
          "w": 0.9861279726028442,
          "x": 0.028298405930399895,
          "y": -0.09068392962217331,
          "z": -0.13611538708209991
        },
        "scale": {
          "x": 1.0,
          "y": 1.0,
          "z": 1.0
        },
        "matrix_basis": [
          [
            0.9464980363845825,
            0.26332196593284607,
            -0.18655560910701752,
            0.0
          ],
          [
            -0.27358680963516235,
            0.9613435864448547,
            -0.031124742701649666,
            0.0
          ],
          [
            0.17114822566509247,
            0.08049865812063217,
            0.9819512367248535,
            0.0
          ],
          [
            0.0,
            0.0,
            0.0,
            1.0
          ]
        ],
        "rotation_mode": "QUATERNION"
      },
      "armature_space": {
        "head": {
          "x": 0.016670748591423035,
          "y": -0.020755035802721977,
          "z": 0.5596343874931335
        },
        "tail": {
          "x": 0.04965844750404358,
          "y": -0.060583993792533875,
          "z": 0.6481566429138184
        }
      },
      "world_space": {
        "head": {
          "x": 0.016670748591423035,
          "y": 0.04248896241188049,
          "z": 1.5094883441925049
        },
        "tail": {
          "x": 0.04965844750404358,
          "y": 0.002660006284713745,
          "z": 1.5980106592178345
        },
        "rotation_quaternion": {
          "w": 0.5421234369277954,
          "x": 0.8227699398994446,
          "y": 0.10888001322746277,
          "z": -0.13151761889457703
        },
        "matrix": [
          [
            0.9416966438293457,
            0.3217642307281494,
            -0.0983632430434227,
            0.016670748591423035
          ],
          [
            0.036570221185684204,
            -0.3884943425655365,
            -0.9207252264022827,
            0.04248896241188049
          ],
          [
            -0.3344722390174866,
            0.863452136516571,
            -0.3776143193244934,
            1.5094883441925049
          ],
          [
            0.0,
            0.0,
            0.0,
            1.0
          ]
        ]
      },
      "bone_length_armature_space": 0.10252182225207307,
      "parent": "spine_01",
      "has_children": true,
      "is_end_bone": false
    },
    "head": {
      "name": "head",
      "local": {
        "location": {
          "x": 0.0,
          "y": 0.0,
          "z": 0.0
        },
        "rotation_quaternion": {
          "w": 0.970088541507721,
          "x": -0.02891264110803604,
          "y": 0.11655809730291367,
          "z": -0.2109658122062683
        },
        "scale": {
          "x": 1.0,
          "y": 1.0,
          "z": 1.0
        },
        "matrix_basis": [
          [
            0.8838152885437012,
            0.40257102251052856,
            0.2383425086736679,
            0.0
          ],
          [
            -0.4160510301589966,
            0.9093149900436401,
            0.006916096433997154,
            0.0
          ],
          [
            -0.2139441967010498,
            -0.10527519136667252,
            0.9711565375328064,
            0.0
          ],
          [
            0.0,
            0.0,
            0.0,
            1.0
          ]
        ],
        "rotation_mode": "QUATERNION"
      },
      "armature_space": {
        "head": {
          "x": 0.049658410251140594,
          "y": -0.06058410927653313,
          "z": 0.6481565237045288
        },
        "tail": {
          "x": 0.15535447001457214,
          "y": -0.046325407922267914,
          "z": 0.7607539892196655
        }
      },
      "world_space": {
        "head": {
          "x": 0.049658410251140594,
          "y": 0.002659890800714493,
          "z": 1.598010540008545
        },
        "tail": {
          "x": 0.15535447001457214,
          "y": 0.016918592154979706,
          "z": 1.7106080055236816
        },
        "rotation_quaternion": {
          "w": 0.6460562944412231,
          "x": 0.6533516645431519,
          "y": 0.35858088731765747,
          "z": -0.16481070220470428
        },
        "matrix": [
          [
            0.6885131001472473,
            0.6815134286880493,
            0.2479705661535263,
            0.049658410251140594
          ],
          [
            0.2556082010269165,
            0.09193810075521469,
            -0.9623991847038269,
            0.002659890800714493
          ],
          [
            -0.6786901950836182,
            0.7260127663612366,
            -0.11090148985385895,
            1.598010540008545
          ],
          [
            0.0,
            0.0,
            0.0,
            1.0
          ]
        ]
      },
      "bone_length_armature_space": 0.15509080061077984,
      "parent": "neck_01",
      "has_children": false,
      "is_end_bone": true
    },
    "upperarm_l": {
      "name": "upperarm_l",
      "local": {
        "location": {
          "x": 0.0,
          "y": 0.0,
          "z": 0.0
        },
        "rotation_quaternion": {
          "w": 0.9248486161231995,
          "x": 0.14805351197719574,
          "y": -0.1630435734987259,
          "z": -0.31008389592170715
        },
        "scale": {
          "x": 1.0,
          "y": 1.0,
          "z": 1.0
        },
        "matrix_basis": [
          [
            0.7545295357704163,
            0.5252829790115356,
            -0.39339926838874817,
            0.0
          ],
          [
            -0.6218396425247192,
            0.7638562917709351,
            -0.17273980379104614,
            0.0
          ],
          [
            0.20976322889328003,
            0.374968558549881,
            0.90299391746521,
            0.0
          ],
          [
            0.0,
            0.0,
            0.0,
            1.0
          ]
        ],
        "rotation_mode": "QUATERNION"
      },
      "armature_space": {
        "head": {
          "x": 0.16509465873241425,
          "y": -0.00972907617688179,
          "z": 0.48980677127838135
        },
        "tail": {
          "x": 0.3761914074420929,
          "y": -0.08015763759613037,
          "z": 0.34052202105522156
        }
      },
      "world_space": {
        "head": {
          "x": 0.16509465873241425,
          "y": 0.05351492390036583,
          "z": 1.4396607875823975
        },
        "tail": {
          "x": 0.3761914074420929,
          "y": -0.01691363751888275,
          "z": 1.29037606716156
        },
        "rotation_quaternion": {
          "w": 0.36037009954452515,
          "x": 0.24978436529636383,
          "y": 0.488591730594635,
          "z": -0.7543336153030396
        },
        "matrix": [
          [
            -0.6154817342758179,
            0.787764310836792,
            -0.024692296981811523,
            0.16509465873241425
          ],
          [
            -0.29959636926651,
            -0.26282310485839844,
            -0.9171510338783264,
            0.05351492390036583
          ],
          [
            -0.728993833065033,
            -0.5570961833000183,
            0.3977760970592499,
            1.4396607875823975
          ],
          [
            0.0,
            0.0,
            0.0,
            1.0
          ]
        ]
      },
      "bone_length_armature_space": 0.26797006522626055,
      "parent": "spine_01",
      "has_children": true,
      "is_end_bone": false
    },
    "lowerarm_l": {
      "name": "lowerarm_l",
      "local": {
        "location": {
          "x": 0.0,
          "y": 0.0,
          "z": 0.0
        },
        "rotation_quaternion": {
          "w": 0.8589605093002319,
          "x": 0.4096542298793793,
          "y": 0.1805347204208374,
          "z": -0.24855084717273712
        },
        "scale": {
          "x": 1.0,
          "y": 1.0,
          "z": 1.0
        },
        "matrix_basis": [
          [
            0.811259388923645,
            0.5749043226242065,
            0.10650458186864853,
            0.0
          ],
          [
            -0.27907711267471313,
            0.5408117771148682,
            -0.7934977412223816,
            0.0
          ],
          [
            -0.5137842297554016,
            0.6140094995498657,
            0.5991812348365784,
            0.0
          ],
          [
            0.0,
            0.0,
            0.0,
            1.0
          ]
        ],
        "rotation_mode": "QUATERNION"
      },
      "armature_space": {
        "head": {
          "x": 0.37619155645370483,
          "y": -0.08015766739845276,
          "z": 0.3405221104621887
        },
        "tail": {
          "x": 0.4011983573436737,
          "y": -0.3340851664543152,
          "z": 0.26011714339256287
        }
      },
      "world_space": {
        "head": {
          "x": 0.37619155645370483,
          "y": -0.01691366732120514,
          "z": 1.2903761863708496
        },
        "tail": {
          "x": 0.4011983573436737,
          "y": -0.27084118127822876,
          "z": 1.2099711894989014
        },
        "rotation_quaternion": {
          "w": 0.019268309697508812,
          "x": -0.40497615933418274,
          "y": -0.15824507176876068,
          "z": 0.9003229737281799
        },
        "matrix": [
          [
            -0.671246349811554,
            0.09347479045391083,
            -0.735316812992096,
            0.37619155645370483
          ],
          [
            0.16286611557006836,
            -0.9491748213768005,
            -0.26933589577674866,
            -0.01691366732120514
          ],
          [
            -0.7231252789497375,
            -0.3005518317222595,
            0.6219103336334229,
            1.2903761863708496
          ],
          [
            0.0,
            0.0,
            0.0,
            1.0
          ]
        ]
      },
      "bone_length_armature_space": 0.26752471097029334,
      "parent": "upperarm_l",
      "has_children": true,
      "is_end_bone": false
    },
    "metacarpal_thumb_l": {
      "name": "metacarpal_thumb_l",
      "local": {
        "location": {
          "x": 0.0,
          "y": 0.0,
          "z": 0.0
        },
        "rotation_quaternion": {
          "w": 0.9985710978507996,
          "x": -0.05276503413915634,
          "y": 0.008305828087031841,
          "z": 0.0016528046689927578
        },
        "scale": {
          "x": 1.0,
          "y": 1.0,
          "z": 1.0
        },
        "matrix_basis": [
          [
            0.9998565912246704,
            -0.004177400376647711,
            0.016413498669862747,
            0.0
          ],
          [
            0.0024243714287877083,
            0.9944262504577637,
            0.1054067313671112,
            0.0
          ],
          [
            -0.01676234044134617,
            -0.10535182058811188,
            0.994293749332428,
            0.0
          ],
          [
            0.0,
            0.0,
            0.0,
            1.0
          ]
        ],
        "rotation_mode": "QUATERNION"
      },
      "armature_space": {
        "head": {
          "x": 0.4011983573436737,
          "y": -0.3340851664543152,
          "z": 0.26011714339256287
        },
        "tail": {
          "x": 0.38070014119148254,
          "y": -0.37903669476509094,
          "z": 0.26369038224220276
        }
      },
      "world_space": {
        "head": {
          "x": 0.4011983573436737,
          "y": -0.27084118127822876,
          "z": 1.2099711894989014
        },
        "tail": {
          "x": 0.38070014119148254,
          "y": -0.31579267978668213,
          "z": 1.2135443687438965
        },
        "rotation_quaternion": {
          "w": 0.05032931640744209,
          "x": -0.8961277604103088,
          "y": 0.20909243822097778,
          "z": 0.38820427656173706
        },
        "matrix": [
          [
            0.6111555099487305,
            -0.4138237535953522,
            -0.6747139096260071,
            0.4011983573436737
          ],
          [
            -0.33567142486572266,
            -0.9074942469596863,
            0.2525446116924286,
            -0.27084118127822876
          ],
          [
            -0.7168132066726685,
            0.07213782519102097,
            -0.693533718585968,
            1.2099711894989014
          ],
          [
            0.0,
            0.0,
            0.0,
            1.0
          ]
        ]
      },
      "bone_length_armature_space": 0.04953367268500011,
      "parent": "lowerarm_l",
      "has_children": true,
      "is_end_bone": false
    },
    "thumb_01_l": {
      "name": "thumb_01_l",
      "local": {
        "location": {
          "x": 0.0,
          "y": 0.0,
          "z": 0.0
        },
        "rotation_quaternion": {
          "w": 0.9669829607009888,
          "x": 0.2548385262489319,
          "y": 0.00046611716970801353,
          "z": 0.0010403692722320557
        },
        "scale": {
          "x": 1.0,
          "y": 1.0,
          "z": 1.0
        },
        "matrix_basis": [
          [
            0.9999973773956299,
            -0.0017744695069268346,
            0.0014317070599645376,
            0.0
          ],
          [
            0.0022496080491691828,
            0.8701124787330627,
            -0.49284806847572327,
            0.0
          ],
          [
            -0.0003712023899424821,
            0.49285000562667847,
            0.8701142072677612,
            0.0
          ],
          [
            0.0,
            0.0,
            0.0,
            1.0
          ]
        ],
        "rotation_mode": "QUATERNION"
      },
      "armature_space": {
        "head": {
          "x": 0.38070014119148254,
          "y": -0.37903669476509094,
          "z": 0.26369038224220276
        },
        "tail": {
          "x": 0.36420026421546936,
          "y": -0.3964709937572479,
          "z": 0.23955672979354858
        }
      },
      "world_space": {
        "head": {
          "x": 0.38070014119148254,
          "y": -0.31579267978668213,
          "z": 1.2135443687438965
        },
        "tail": {
          "x": 0.36420026421546936,
          "y": -0.3332269787788391,
          "z": 1.18941068649292
        },
        "rotation_quaternion": {
          "w": 0.189983069896698,
          "x": -0.7291256189346313,
          "y": 0.45586150884628296,
          "z": -0.47378548979759216
        },
        "matrix": [
          [
            0.13543403148651123,
            -0.4847405254840851,
            0.8641090393066406,
            0.38070014119148254
          ],
          [
            -0.8447831273078918,
            -0.5121923685073853,
            -0.15492039918899536,
            -0.31579267978668213
          ],
          [
            0.517689049243927,
            -0.7090088129043579,
            -0.47887223958969116,
            1.2135443687438965
          ],
          [
            0.0,
            0.0,
            0.0,
            1.0
          ]
        ]
      },
      "bone_length_armature_space": 0.034038711927067276,
      "parent": "metacarpal_thumb_l",
      "has_children": true,
      "is_end_bone": false
    },
    "thumb_02_l": {
      "name": "thumb_02_l",
      "local": {
        "location": {
          "x": 0.0,
          "y": 0.0,
          "z": 0.0
        },
        "rotation_quaternion": {
          "w": 0.9021291732788086,
          "x": 0.4314211905002594,
          "y": -0.0009380002738907933,
          "z": -0.0061673629097640514
        },
        "scale": {
          "x": 1.0,
          "y": 1.0,
          "z": 1.0
        },
        "matrix_basis": [
          [
            0.9999221563339233,
            0.010318169370293617,
            -0.007013856898993254,
            0.0
          ],
          [
            -0.011936862021684647,
            0.6276754140853882,
            -0.778383731842041,
            0.0
          ],
          [
            -0.003629067214205861,
            0.7784068584442139,
            0.6277497410774231,
            0.0
          ],
          [
            0.0,
            0.0,
            0.0,
            1.0
          ]
        ],
        "rotation_mode": "QUATERNION"
      },
      "armature_space": {
        "head": {
          "x": 0.364200234413147,
          "y": -0.39647096395492554,
          "z": 0.23955675959587097
        },
        "tail": {
          "x": 0.398906946182251,
          "y": -0.4141116142272949,
          "z": 0.24942754209041595
        }
      },
      "world_space": {
        "head": {
          "x": 0.364200234413147,
          "y": -0.3332269787788391,
          "z": 1.1894108057022095
        },
        "tail": {
          "x": 0.398906946182251,
          "y": -0.3508676290512085,
          "z": 1.1992815732955933
        },
        "rotation_quaternion": {
          "w": 0.4172215163707733,
          "x": -0.3195943832397461,
          "y": -0.32606765627861023,
          "z": -0.7857898473739624
        },
        "matrix": [
          [
            -0.44757080078125,
            0.864116370677948,
            0.23018157482147217,
            0.364200234413147
          ],
          [
            -0.4472789168357849,
            -0.4392107427120209,
            0.7791248559951782,
            -0.3332269787788391
          ],
          [
            0.7743576169013977,
            0.24575956165790558,
            0.5830837488174438,
            1.1894108057022095
          ],
          [
            0.0,
            0.0,
            0.0,
            1.0
          ]
        ]
      },
      "bone_length_armature_space": 0.04016442125997199,
      "parent": "thumb_01_l",
      "has_children": true,
      "is_end_bone": false
    },
    "thumb_03_l": {
      "name": "thumb_03_l",
      "local": {
        "location": {
          "x": 0.0,
          "y": 0.0,
          "z": 0.0
        },
        "rotation_quaternion": {
          "w": 0.9878814220428467,
          "x": 0.15509118139743805,
          "y": 0.006088222377002239,
          "z": 0.00013624924758914858
        },
        "scale": {
          "x": 1.0,
          "y": 1.0,
          "z": 1.0
        },
        "matrix_basis": [
          [
            0.9999258518218994,
            0.0016192629700526595,
            0.012071145698428154,
            0.0
          ],
          [
            0.0021576553117483854,
            0.9518933892250061,
            -0.3064217269420624,
            0.0
          ],
          [
            -0.011986621655523777,
            0.3064250648021698,
            0.9518193006515503,
            0.0
          ],
          [
            0.0,
            0.0,
            0.0,
            1.0
          ]
        ],
        "rotation_mode": "QUATERNION"
      },
      "armature_space": {
        "head": {
          "x": 0.3989068865776062,
          "y": -0.4141116738319397,
          "z": 0.24942754209041595
        },
        "tail": {
          "x": 0.4253363013267517,
          "y": -0.4122961163520813,
          "z": 0.26443034410476685
        }
      },
      "world_space": {
        "head": {
          "x": 0.3989068865776062,
          "y": -0.35086768865585327,
          "z": 1.1992815732955933
        },
        "tail": {
          "x": 0.4253363013267517,
          "y": -0.3490521311759949,
          "z": 1.2142844200134277
        },
        "rotation_quaternion": {
          "w": 0.6043357849121094,
          "x": -0.05132700502872467,
          "y": -0.40570205450057983,
          "z": -0.6837760806083679
        },
        "matrix": [
          [
            -0.264285147190094,
            0.8681071996688843,
            -0.4201709032058716,
            0.3989068865776062
          ],
          [
            -0.7848153114318848,
            0.059634268283843994,
            0.6168538331985474,
            -0.35086768865585327
          ],
          [
            0.5605549812316895,
            0.4927855134010315,
            0.66554856300354,
            1.1992815732955933
          ],
          [
            0.0,
            0.0,
            0.0,
            1.0
          ]
        ]
      },
      "bone_length_armature_space": 0.03044493887529103,
      "parent": "thumb_02_l",
      "has_children": false,
      "is_end_bone": true
    },
    "metacarpal_index_l": {
      "name": "metacarpal_index_l",
      "local": {
        "location": {
          "x": 0.0,
          "y": 0.0,
          "z": 0.0
        },
        "rotation_quaternion": {
          "w": 0.9998011589050293,
          "x": 0.018265966325998306,
          "y": -0.004100009333342314,
          "z": -0.006879139691591263
        },
        "scale": {
          "x": 1.0,
          "y": 1.0,
          "z": 1.0
        },
        "matrix_basis": [
          [
            0.9998717308044434,
            0.013605762273073196,
            -0.008449696004390717,
            0.0
          ],
          [
            -0.013905324973165989,
            0.9992380738258362,
            -0.0364682599902153,
            0.0
          ],
          [
            0.007947079837322235,
            0.03658107668161392,
            0.9992991089820862,
            0.0
          ],
          [
            0.0,
            0.0,
            0.0,
            1.0
          ]
        ],
        "rotation_mode": "QUATERNION"
      },
      "armature_space": {
        "head": {
          "x": 0.4011983573436737,
          "y": -0.3340851664543152,
          "z": 0.26011714339256287
        },
        "tail": {
          "x": 0.3775569498538971,
          "y": -0.44744983315467834,
          "z": 0.24226327240467072
        }
      },
      "world_space": {
        "head": {
          "x": 0.4011983573436737,
          "y": -0.27084118127822876,
          "z": 1.2099711894989014
        },
        "tail": {
          "x": 0.3775569498538971,
          "y": -0.38420581817626953,
          "z": 1.1921173334121704
        },
        "rotation_quaternion": {
          "w": 0.12403500080108643,
          "x": -0.7639038562774658,
          "y": 0.029345879331231117,
          "z": 0.6326175928115845
        },
        "matrix": [
          [
            0.19786792993545532,
            -0.2017672061920166,
            -0.9592384696006775,
            0.4011983573436737
          ],
          [
            0.11209812760353088,
            -0.9675086140632629,
            0.22662994265556335,
            -0.27084118127822876
          ],
          [
            -0.9738045930862427,
            -0.1523735225200653,
            -0.1688223034143448,
            1.2099711894989014
          ],
          [
            0.0,
            0.0,
            0.0,
            1.0
          ]
        ]
      },
      "bone_length_armature_space": 0.11717177263164455,
      "parent": "lowerarm_l",
      "has_children": true,
      "is_end_bone": false
    },
    "index_01_l": {
      "name": "index_01_l",
      "local": {
        "location": {
          "x": 0.0,
          "y": 0.0,
          "z": 0.0
        },
        "rotation_quaternion": {
          "w": 0.9395464658737183,
          "x": 0.3412129282951355,
          "y": 0.028536494821310043,
          "z": -0.0034380857832729816
        },
        "scale": {
          "x": 1.0,
          "y": 1.0,
          "z": 1.0
        },
        "matrix_basis": [
          [
            0.9983476996421814,
            0.025934524834156036,
            0.05127648636698723,
            0.0
          ],
          [
            0.013013559393584728,
            0.767123818397522,
            -0.6413670182228088,
            0.0
          ],
          [
            -0.055968962609767914,
            0.6409745812416077,
            0.7655187845230103,
            0.0
          ],
          [
            0.0,
            0.0,
            0.0,
            1.0
          ]
        ],
        "rotation_mode": "QUATERNION"
      },
      "armature_space": {
        "head": {
          "x": 0.3775569498538971,
          "y": -0.44744983315467834,
          "z": 0.24226327240467072
        },
        "tail": {
          "x": 0.3603154122829437,
          "y": -0.46453356742858887,
          "z": 0.22729836404323578
        }
      },
      "world_space": {
        "head": {
          "x": 0.3775569498538971,
          "y": -0.38420581817626953,
          "z": 1.1921173334121704
        },
        "tail": {
          "x": 0.3603154122829437,
          "y": -0.40128958225250244,
          "z": 1.177152395248413
        },
        "rotation_quaternion": {
          "w": 0.4425997734069824,
          "x": -0.6810871958732605,
          "y": 0.06738393008708954,
          "z": 0.579383373260498
        },
        "matrix": [
          [
            0.31954920291900635,
            -0.6046617031097412,
            -0.7295702695846558,
            0.3775569498538971
          ],
          [
            0.4210807681083679,
            -0.5991268157958984,
            0.6809831261634827,
            -0.38420581817626953
          ],
          [
            -0.848875105381012,
            -0.5248198509216309,
            0.06316182017326355,
            1.1921173334121704
          ],
          [
            0.0,
            0.0,
            0.0,
            1.0
          ]
        ]
      },
      "bone_length_armature_space": 0.028514436444324383,
      "parent": "metacarpal_index_l",
      "has_children": true,
      "is_end_bone": false
    },
    "index_02_l": {
      "name": "index_02_l",
      "local": {
        "location": {
          "x": 0.0,
          "y": 0.0,
          "z": 0.0
        },
        "rotation_quaternion": {
          "w": 0.8887433409690857,
          "x": 0.4583730399608612,
          "y": -0.0019817028660327196,
          "z": -0.005041381809860468
        },
        "scale": {
          "x": 1.0,
          "y": 1.0,
          "z": 1.0
        },
        "matrix_basis": [
          [
            0.9999412894248962,
            0.0071442704647779465,
            -0.008144117891788483,
            0.0
          ],
          [
            -0.01077770721167326,
            0.5797374844551086,
            -0.814732015132904,
            0.0
          ],
          [
            -0.0010992165189236403,
            0.8147719502449036,
            0.5797804594039917,
            0.0
          ],
          [
            0.0,
            0.0,
            0.0,
            1.0
          ]
        ],
        "rotation_mode": "QUATERNION"
      },
      "armature_space": {
        "head": {
          "x": 0.36031484603881836,
          "y": -0.4645336866378784,
          "z": 0.22729837894439697
        },
        "tail": {
          "x": 0.33580586314201355,
          "y": -0.4603354036808014,
          "z": 0.22099168598651886
        }
      },
      "world_space": {
        "head": {
          "x": 0.36031484603881836,
          "y": -0.401289701461792,
          "z": 1.177152395248413
        },
        "tail": {
          "x": 0.33580586314201355,
          "y": -0.3970913887023926,
          "z": 1.1708457469940186
        },
        "rotation_quaternion": {
          "w": 0.7023372650146484,
          "x": -0.39269793033599854,
          "y": 0.29757529497146606,
          "z": 0.5137700438499451
        },
        "matrix": [
          [
            0.29497724771499634,
            -0.9553946256637573,
            0.014481425285339355,
            0.36031484603881836
          ],
          [
            0.4879664182662964,
            0.16365504264831543,
            0.8573830127716064,
            -0.401289701461792
          ],
          [
            -0.8215144872665405,
            -0.245843768119812,
            0.5144793391227722,
            1.177152395248413
          ],
          [
            0.0,
            0.0,
            0.0,
            1.0
          ]
        ]
      },
      "bone_length_armature_space": 0.02565326899210528,
      "parent": "index_01_l",
      "has_children": true,
      "is_end_bone": false
    },
    "index_03_l": {
      "name": "index_03_l",
      "local": {
        "location": {
          "x": 0.0,
          "y": 0.0,
          "z": 0.0
        },
        "rotation_quaternion": {
          "w": 0.9363623261451721,
          "x": 0.35089120268821716,
          "y": -0.002396833384409547,
          "z": -0.009762601926922798
        },
        "scale": {
          "x": 1.0,
          "y": 1.0,
          "z": 1.0
        },
        "matrix_basis": [
          [
            0.9997978806495667,
            0.016600610688328743,
            -0.011339831165969372,
            0.0
          ],
          [
            -0.01996472105383873,
            0.7535601258277893,
            -0.657075822353363,
            0.0
          ],
          [
            -0.002362613333389163,
            0.6571694016456604,
            0.7537392377853394,
            0.0
          ],
          [
            0.0,
            0.0,
            0.0,
            1.0
          ]
        ],
        "rotation_mode": "QUATERNION"
      },
      "armature_space": {
        "head": {
          "x": 0.33580586314201355,
          "y": -0.46033552289009094,
          "z": 0.22099162638187408
        },
        "tail": {
          "x": 0.31812307238578796,
          "y": -0.43724194169044495,
          "z": 0.22377310693264008
        }
      },
      "world_space": {
        "head": {
          "x": 0.33580586314201355,
          "y": -0.39709150791168213,
          "z": 1.170845627784729
        },
        "tail": {
          "x": 0.31812307238578796,
          "y": -0.37399792671203613,
          "z": 1.1736271381378174
        },
        "rotation_quaternion": {
          "w": 0.8262650370597839,
          "x": -0.11187776923179626,
          "y": 0.4609469771385193,
          "z": 0.3038049638271332
        },
        "matrix": [
          [
            0.39046019315719604,
            -0.6051877737045288,
            0.6937498450279236,
            0.33580586314201355
          ],
          [
            0.3989073932170868,
            0.7903707027435303,
            0.46495890617370605,
            -0.39709150791168213
          ],
          [
            -0.829712450504303,
            0.0951952189207077,
            0.5500265955924988,
            1.170845627784729
          ],
          [
            0.0,
            0.0,
            0.0,
            1.0
          ]
        ]
      },
      "bone_length_armature_space": 0.029218678982109978,
      "parent": "index_02_l",
      "has_children": false,
      "is_end_bone": true
    },
    "metacarpal_pinky_l": {
      "name": "metacarpal_pinky_l",
      "local": {
        "location": {
          "x": 0.0,
          "y": 0.0,
          "z": 0.0
        },
        "rotation_quaternion": {
          "w": 0.9993621110916138,
          "x": -0.03119453229010105,
          "y": 0.010930906981229782,
          "z": -0.013522084802389145
        },
        "scale": {
          "x": 1.0,
          "y": 1.0,
          "z": 1.0
        },
        "matrix_basis": [
          [
            0.9993953108787537,
            0.02634494937956333,
            0.022691499441862106,
            0.0
          ],
          [
            -0.027708888053894043,
            0.9976881146430969,
            0.06205365061759949,
            0.0
          ],
          [
            -0.021004239097237587,
            -0.06264488399028778,
            0.9978148341178894,
            0.0
          ],
          [
            0.0,
            0.0,
            0.0,
            1.0
          ]
        ],
        "rotation_mode": "QUATERNION"
      },
      "armature_space": {
        "head": {
          "x": 0.4011983573436737,
          "y": -0.3340851664543152,
          "z": 0.26011714339256287
        },
        "tail": {
          "x": 0.4279547929763794,
          "y": -0.41876035928726196,
          "z": 0.2057345062494278
        }
      },
      "world_space": {
        "head": {
          "x": 0.4011983573436737,
          "y": -0.27084118127822876,
          "z": 1.2099711894989014
        },
        "tail": {
          "x": 0.4279547929763794,
          "y": -0.35551637411117554,
          "z": 1.1555885076522827
        },
        "rotation_quaternion": {
          "w": 0.19007624685764313,
          "x": -0.20212888717651367,
          "y": 0.23935355246067047,
          "z": -0.9304433465003967
        },
        "matrix": [
          [
            -0.8460295796394348,
            0.25695034861564636,
            0.46712997555732727,
            0.4011983573436737
          ],
          [
            -0.4504711925983429,
            -0.813162088394165,
            -0.36856913566589355,
            -0.27084118127822876
          ],
          [
            0.28515008091926575,
            -0.5222533345222473,
            0.8037132620811462,
            1.2099711894989014
          ],
          [
            0.0,
            0.0,
            0.0,
            1.0
          ]
        ]
      },
      "bone_length_armature_space": 0.10413100587118505,
      "parent": "lowerarm_l",
      "has_children": true,
      "is_end_bone": false
    },
    "pinky_01_l": {
      "name": "pinky_01_l",
      "local": {
        "location": {
          "x": 0.0,
          "y": 0.0,
          "z": 0.0
        },
        "rotation_quaternion": {
          "w": 0.9300321340560913,
          "x": 0.3671051561832428,
          "y": 0.009657809510827065,
          "z": 0.013444790616631508
        },
        "scale": {
          "x": 1.0,
          "y": 1.0,
          "z": 1.0
        },
        "matrix_basis": [
          [
            0.9994519352912903,
            -0.017917310819029808,
            0.027835451066493988,
            0.0
          ],
          [
            0.03209903836250305,
            0.7301060557365417,
            -0.682579517364502,
            0.0
          ],
          [
            -0.008092842064797878,
            0.6830988526344299,
            0.7302810549736023,
            0.0
          ],
          [
            0.0,
            0.0,
            0.0,
            1.0
          ]
        ],
        "rotation_mode": "QUATERNION"
      },
      "armature_space": {
        "head": {
          "x": 0.4279547929763794,
          "y": -0.41876035928726196,
          "z": 0.2057345062494278
        },
        "tail": {
