{
  "metadata": {
    "armature_name": "KIM_caucasian_male",
    "export_time": "2026-01-13T21:16:07.784137",
    "blender_version": "4.4.1",
    "bone_count": 56,
    "end_bone_count": 13,
    "spaces_included": [
      "LOCAL_CHANNELS",
      "ARMATURE_SPACE",
      "WORLD_SPACE"
    ],
    "note": "LOCAL matches Transform panel; replay pose via local.matrix_basis for best fidelity."
  },
  "bones": {
    "Root": {
      "name": "Root",
      "local": {
        "location": {
          "x": 0.0,
          "y": 0.0,
          "z": 0.0
        },
        "rotation_quaternion": {
          "w": 0.9996060729026794,
          "x": 0.01782512664794922,
          "y": 0.006481949705630541,
          "z": -0.02068539895117283
        },
        "scale": {
          "x": 1.0,
          "y": 1.0,
          "z": 1.0
        },
        "matrix_basis": [
          [
            0.9990602135658264,
            0.04158558323979378,
            0.012221353128552437,
            0.0
          ],
          [
            -0.041123416274785995,
            0.9985087513923645,
            -0.03590437397360802,
            0.0
          ],
          [
            -0.013696231879293919,
            0.035368047654628754,
            0.9992805123329163,
            0.0
          ],
          [
            0.0,
            0.0,
            0.0,
            1.0
          ]
        ],
        "rotation_mode": "QUATERNION"
      },
      "armature_space": {
        "head": {
          "x": 0.0,
          "y": 0.07072800397872925,
          "z": -0.009595036506652832
        },
        "tail": {
          "x": 0.00296820723451674,
          "y": -0.0002338811755180359,
          "z": -0.002515837550163269
        }
      },
      "world_space": {
        "head": {
          "x": 0.0,
          "y": 0.13397200405597687,
          "z": 0.9402589797973633
        },
        "tail": {
          "x": 0.00296820723451674,
          "y": 0.06301011890172958,
          "z": 0.9473381638526917
        },
        "rotation_quaternion": {
          "w": 0.04955649375915527,
          "x": 0.9985360503196716,
          "y": 0.021075082942843437,
          "z": 0.0050736949779093266
        },
        "matrix": [
          [
            0.9990602135658264,
            0.04158558323979378,
            0.012221353128552437,
            0.0
          ],
          [
            0.04259132593870163,
            -0.9941999912261963,
            -0.09875449538230896,
            0.13397200405597687
          ],
          [
            0.008043801411986351,
            0.09918196499347687,
            -0.9950438141822815,
            0.9402589797973633
          ],
          [
            0.0,
            0.0,
            0.0,
            1.0
          ]
        ]
      },
      "bone_length_armature_space": 0.07137586633307284,
      "parent": null,
      "has_children": true,
      "is_end_bone": false
    },
    "spine_01": {
      "name": "spine_01",
      "local": {
        "location": {
          "x": 0.0,
          "y": 0.0,
          "z": 0.0
        },
        "rotation_quaternion": {
          "w": 0.9978201389312744,
          "x": 0.06410641223192215,
          "y": -0.013959051109850407,
          "z": 0.007107878569513559
        },
        "scale": {
          "x": 1.0,
          "y": 1.0,
          "z": 1.0
        },
        "matrix_basis": [
          [
            0.9995092749595642,
            -0.01597449742257595,
            -0.026945922523736954,
            0.0
          ],
          [
            0.012395039200782776,
            0.9916796684265137,
            -0.12813177704811096,
            0.0
          ],
          [
            0.028768565505743027,
            0.12773489952087402,
            0.9913910031318665,
            0.0
          ],
          [
            0.0,
            0.0,
            0.0,
            1.0
          ]
        ],
        "rotation_mode": "QUATERNION"
      },
      "armature_space": {
        "head": {
          "x": 0.00296820723451674,
          "y": -0.0002338811755180359,
          "z": -0.002515837550163269
        },
        "tail": {
          "x": -0.006291958503425121,
          "y": -0.057559192180633545,
          "z": 0.4820215106010437
        }
      },
      "world_space": {
        "head": {
          "x": 0.00296820723451674,
          "y": 0.06301011890172958,
          "z": 0.9473381638526917
        },
        "tail": {
          "x": -0.006291958503425121,
          "y": 0.005684807896614075,
          "z": 1.431875467300415
        },
        "rotation_quaternion": {
          "w": 0.6642757058143616,
          "x": 0.7473829984664917,
          "y": -0.001676058629527688,
          "z": 0.012397250160574913
        },
        "matrix": [
          [
            0.9996870756149292,
            -0.018975701183080673,
            0.016304124146699905,
            0.00296820723451674
          ],
          [
            0.013964945450425148,
            -0.11746960133314133,
            -0.9929783344268799,
            0.06301011890172958
          ],
          [
            0.020757857710123062,
            0.9929019212722778,
            -0.11716955155134201,
            0.9473381638526917
          ],
          [
            0.0,
            0.0,
            0.0,
            1.0
          ]
        ]
      },
      "bone_length_armature_space": 0.48800450214472707,
      "parent": "Root",
      "has_children": true,
      "is_end_bone": false
    },
    "neck_01": {
      "name": "neck_01",
      "local": {
        "location": {
          "x": 0.0,
          "y": 0.0,
          "z": 0.0
        },
        "rotation_quaternion": {
          "w": 0.9942952394485474,
          "x": -0.05892331898212433,
          "y": 0.04849253222346306,
          "z": 0.07452215254306793
        },
        "scale": {
          "x": 1.0,
          "y": 1.0,
          "z": 1.0
        },
        "matrix_basis": [
          [
            0.9841898679733276,
            -0.15390872955322266,
            0.08764960616827011,
            0.0
          ],
          [
            0.14247936010360718,
            0.981948971748352,
            0.12440188974142075,
            0.0
          ],
          [
            -0.10521396994590759,
            -0.10994681715965271,
            0.9883530139923096,
            0.0
          ],
          [
            0.0,
            0.0,
            0.0,
            1.0
          ]
        ],
        "rotation_mode": "QUATERNION"
      },
      "armature_space": {
        "head": {
          "x": -0.007115895394235849,
          "y": -0.10059706121683121,
          "z": 0.550656795501709
        },
        "tail": {
          "x": -0.02426561526954174,
          "y": -0.13985803723335266,
          "z": 0.6437975168228149
        }
      },
      "world_space": {
        "head": {
          "x": -0.007115895394235849,
          "y": -0.03735306113958359,
          "z": 1.500510811805725
        },
        "tail": {
          "x": -0.02426561526954174,
          "y": -0.07661403715610504,
          "z": 1.593651533126831
        },
        "rotation_quaternion": {
          "w": 0.5540045499801636,
          "x": 0.8265277147293091,
          "y": -0.04002124071121216,
          "z": 0.09126468747854233
        },
        "matrix": [
          [
            0.9801383018493652,
            -0.16727952659130096,
            0.10652081668376923,
            -0.007115895394235849
          ],
          [
            0.03496399521827698,
            -0.38295426964759827,
            -0.9231055378913879,
            -0.03735306113958359
          ],
          [
            0.19521059095859528,
            0.9085010886192322,
            -0.3695027828216553,
            1.500510811805725
          ],
          [
            0.0,
            0.0,
            0.0,
            1.0
          ]
        ]
      },
      "bone_length_armature_space": 0.10252185844668654,
      "parent": "spine_01",
      "has_children": true,
      "is_end_bone": false
    },
    "head": {
      "name": "head",
      "local": {
        "location": {
          "x": 0.0,
          "y": 0.0,
          "z": 0.0
        },
        "rotation_quaternion": {
          "w": 0.9829056859016418,
          "x": -0.0008017616928555071,
          "y": 0.10910751670598984,
          "z": -0.14829446375370026
        },
        "scale": {
          "x": 1.0,
          "y": 1.0,
          "z": 1.0
        },
        "matrix_basis": [
          [
            0.9322085976600647,
            0.2913439869880676,
            0.21472258865833282,
            0.0
          ],
          [
            -0.29169389605522156,
            0.9560162425041199,
            -0.030783969908952713,
            0.0
          ],
          [
            -0.21424700319766998,
            -0.03393619507551193,
            0.9761897921562195,
            0.0
          ],
          [
            0.0,
            0.0,
            0.0,
            1.0
          ]
        ],
        "rotation_mode": "QUATERNION"
      },
      "armature_space": {
        "head": {
          "x": -0.024265587329864502,
          "y": -0.1398581564426422,
          "z": 0.6437973976135254
        },
        "tail": {
          "x": -0.009093803353607655,
          "y": -0.13662168383598328,
          "z": 0.798110842704773
        }
      },
      "world_space": {
        "head": {
          "x": -0.024265587329864502,
          "y": -0.07661415636539459,
          "z": 1.5936514139175415
        },
        "tail": {
          "x": -0.009093803353607655,
          "y": -0.07337768375873566,
          "z": 1.747964859008789
        },
        "rotation_quaternion": {
          "w": 0.7034452557563782,
          "x": 0.6975783109664917,
          "y": 0.12489473819732666,
          "z": 0.054319970309734344
        },
        "matrix": [
          [
            0.9629012942314148,
            0.0978255420923233,
            0.2514986991882324,
            -0.024265587329864502
          ],
          [
            0.25067055225372314,
            0.02086827903985977,
            -0.9678477048873901,
            -0.07661415636539459
          ],
          [
            -0.09992897510528564,
            0.9949917197227478,
            -0.004428921267390251,
            1.5936514139175415
          ],
          [
            0.0,
            0.0,
            0.0,
            1.0
          ]
        ]
      },
      "bone_length_armature_space": 0.15509125176912444,
      "parent": "neck_01",
      "has_children": false,
      "is_end_bone": true
    },
    "upperarm_l": {
      "name": "upperarm_l",
      "local": {
        "location": {
          "x": 0.0,
          "y": 0.0,
          "z": 0.0
        },
        "rotation_quaternion": {
          "w": 0.7841730117797852,
          "x": 0.6056075692176819,
          "y": -0.11861598491668701,
          "z": -0.06513369828462601
        },
        "scale": {
          "x": 1.0,
          "y": 1.0,
          "z": 1.0
        },
        "matrix_basis": [
          [
            0.9633756875991821,
            -0.04151729866862297,
            -0.2649218440055847,
            0.0
          ],
          [
            -0.24582165479660034,
            0.257994145154953,
            -0.9343504309654236,
            0.0
          ],
          [
            0.10713998973369598,
            0.965254008769989,
            0.23833943903446198,
            0.0
          ],
          [
            0.0,
            0.0,
            0.0,
            1.0
          ]
        ],
        "rotation_mode": "QUATERNION"
      },
      "armature_space": {
        "head": {
          "x": 0.14416448771953583,
          "y": -0.09377418458461761,
          "z": 0.48666608333587646
        },
        "tail": {
          "x": 0.22755640745162964,
          "y": -0.34719008207321167,
          "z": 0.4614903926849365
        }
      },
      "world_space": {
        "head": {
          "x": 0.14416448771953583,
          "y": -0.030530184507369995,
          "z": 1.4365200996398926
        },
        "tail": {
          "x": 0.22755640745162964,
          "y": -0.28394609689712524,
          "z": 1.4113444089889526
        },
        "rotation_quaternion": {
          "w": 0.09493313729763031,
          "x": 0.6075887084007263,
          "y": 0.13469621539115906,
          "z": -0.7769689559936523
        },
        "matrix": [
          [
            -0.24364759027957916,
            0.3111993670463562,
            -0.918580949306488,
            0.14416448771953583
          ],
          [
            0.01615900546312332,
            -0.9456896185874939,
            -0.32466942071914673,
            -0.030530184507369995
          ],
          [
            -0.969735860824585,
            -0.0939498096704483,
            0.2253875583410263,
            1.4365200996398926
          ],
          [
            0.0,
            0.0,
            0.0,
            1.0
          ]
        ]
      },
      "bone_length_armature_space": 0.26796946939929284,
      "parent": "spine_01",
      "has_children": true,
      "is_end_bone": false
    },
    "lowerarm_l": {
      "name": "lowerarm_l",
      "local": {
        "location": {
          "x": 0.0,
          "y": 0.0,
          "z": 0.0
        },
        "rotation_quaternion": {
          "w": 0.8820548057556152,
          "x": 0.3675985336303711,
          "y": 0.11228401213884354,
          "z": -0.2724759578704834
        },
        "scale": {
          "x": 1.0,
          "y": 1.0,
          "z": 1.0
        },
        "matrix_basis": [
          [
            0.8262982964515686,
            0.5632283091545105,
            -0.002242220100015402,
            0.0
          ],
          [
            -0.3981265723705292,
            0.5812563300132751,
            -0.7096734642982483,
            0.0
          ],
          [
            -0.3984048366546631,
            0.5872946977615356,
            0.7045272588729858,
            0.0
          ],
          [
            0.0,
            0.0,
            0.0,
            1.0
          ]
        ],
        "rotation_mode": "QUATERNION"
      },
      "armature_space": {
        "head": {
          "x": 0.22755640745162964,
          "y": -0.3471902012825012,
          "z": 0.4614905118942261
        },
        "tail": {
          "x": 0.065325066447258,
          "y": -0.5432376861572266,
          "z": 0.3789323568344116
        }
      },
      "world_space": {
        "head": {
          "x": 0.22755640745162964,
          "y": -0.2839462161064148,
          "z": 1.4113445281982422
        },
        "tail": {
          "x": 0.065325066447258,
          "y": -0.47999370098114014,
          "z": 1.3287863731384277
        },
        "rotation_quaternion": {
          "w": 0.35552945733070374,
          "x": -0.6030721664428711,
          "y": 0.08477974683046341,
          "z": 0.70902419090271
        },
        "matrix": [
          [
            -0.019804716110229492,
            -0.6064168214797974,
            -0.7949004769325256,
            0.22755640745162964
          ],
          [
            0.4019011855125427,
            -0.7328208088874817,
            0.5490438342094421,
            -0.2839462161064148
          ],
          [
            -0.9154747724533081,
            -0.30860042572021484,
            0.25823521614074707,
            1.4113445281982422
          ],
          [
            0.0,
            0.0,
            0.0,
            1.0
          ]
        ]
      },
      "bone_length_armature_space": 0.2675247173888629,
      "parent": "upperarm_l",
      "has_children": true,
      "is_end_bone": false
    },
    "metacarpal_thumb_l": {
      "name": "metacarpal_thumb_l",
      "local": {
        "location": {
          "x": 0.0,
          "y": 0.0,
          "z": 0.0
        },
        "rotation_quaternion": {
          "w": 0.9995909333229065,
          "x": -0.016558218747377396,
          "y": -0.014143829233944416,
          "z": 0.018545478582382202
        },
        "scale": {
          "x": 1.0,
          "y": 1.0,
          "z": 1.0
        },
        "matrix_basis": [
          [
            0.9989120364189148,
            -0.03660739213228226,
            -0.028890246525406837,
            0.0
          ],
          [
            0.03754417598247528,
            0.9987637996673584,
            0.03257828205823898,
            0.0
          ],
          [
            0.027661927044391632,
            -0.033627498894929886,
            0.999051570892334,
            0.0
          ],
          [
            0.0,
            0.0,
            0.0,
            1.0
          ]
        ],
        "rotation_mode": "QUATERNION"
      },
      "armature_space": {
        "head": {
          "x": 0.065325066447258,
          "y": -0.5432376861572266,
          "z": 0.3789323568344116
        },
        "tail": {
          "x": 0.017638791352510452,
          "y": -0.5515152215957642,
          "z": 0.36839255690574646
        }
      },
      "world_space": {
        "head": {
          "x": 0.065325066447258,
          "y": -0.47999370098114014,
          "z": 1.3287863731384277
        },
        "tail": {
          "x": 0.017638791352510452,
          "y": -0.48827123641967773,
          "z": 1.318246603012085
        },
        "rotation_quaternion": {
          "w": 0.24376371502876282,
          "x": -0.7529184222221375,
          "y": 0.5975146293640137,
          "z": 0.12911070883274078
        },
        "matrix": [
          [
            0.25261273980140686,
            -0.9627043008804321,
            0.09688763320446014,
            0.065325066447258
          ],
          [
            -0.8368152976036072,
            -0.16710953414440155,
            0.5213584303855896,
            -0.47999370098114014
          ],
          [
            -0.4857272207736969,
            -0.21278023719787598,
            -0.8478250503540039,
            1.3287863731384277
          ],
          [
            0.0,
            0.0,
            0.0,
            1.0
          ]
        ]
      },
      "bone_length_armature_space": 0.04953368285707066,
      "parent": "lowerarm_l",
      "has_children": true,
      "is_end_bone": false
    },
    "thumb_01_l": {
      "name": "thumb_01_l",
      "local": {
        "location": {
          "x": 0.0,
          "y": 0.0,
          "z": 0.0
        },
        "rotation_quaternion": {
          "w": 0.9866414666175842,
          "x": 0.16247038543224335,
          "y": 0.008628332987427711,
          "z": 0.008226437494158745
        },
        "scale": {
          "x": 1.0,
          "y": 1.0,
          "z": 1.0
        },
        "matrix_basis": [
          [
            0.9997157454490662,
            -0.013429391197860241,
            0.019699247553944588,
            0.0
          ],
          [
            0.019036786630749702,
            0.947071373462677,
            -0.3204580843448639,
            0.0
          ],
          [
            -0.014353036880493164,
            0.32074201107025146,
            0.947057843208313,
            0.0
          ],
          [
            0.0,
            0.0,
            0.0,
            1.0
          ]
        ],
        "rotation_mode": "QUATERNION"
      },
      "armature_space": {
        "head": {
          "x": 0.017638791352510452,
          "y": -0.5515152215957642,
          "z": 0.36839255690574646
        },
        "tail": {
          "x": 0.0007916297763586044,
          "y": -0.547854483127594,
          "z": 0.3390427827835083
        }
      },
      "world_space": {
        "head": {
          "x": 0.017638791352510452,
          "y": -0.48827123641967773,
          "z": 1.318246603012085
        },
        "tail": {
          "x": 0.0007916297763586044,
          "y": -0.48461049795150757,
          "z": 1.2888967990875244
        },
        "rotation_quaternion": {
          "w": 0.019356301054358482,
          "x": 0.3173696994781494,
          "y": -0.7439079880714417,
          "z": 0.5877947211265564
        },
        "matrix": [
          [
            -0.7978023290634155,
            -0.49494317173957825,
            0.34430021047592163,
            0.017638791352510452
          ],
          [
            -0.4494349956512451,
            0.10754662752151489,
            -0.8868156671524048,
            -0.48827123641967773
          ],
          [
            0.40189749002456665,
            -0.8622499704360962,
            -0.30824869871139526,
            1.318246603012085
          ],
          [
            0.0,
            0.0,
            0.0,
            1.0
          ]
        ]
      },
      "bone_length_armature_space": 0.0340387585524264,
      "parent": "metacarpal_thumb_l",
      "has_children": true,
      "is_end_bone": false
    },
    "thumb_02_l": {
      "name": "thumb_02_l",
      "local": {
        "location": {
          "x": 0.0,
          "y": 0.0,
          "z": 0.0
        },
        "rotation_quaternion": {
          "w": 0.9379925727844238,
          "x": 0.3463920056819916,
          "y": 0.005140902940183878,
          "z": 0.012498251162469387
        },
        "scale": {
          "x": 1.0,
          "y": 1.0,
          "z": 1.0
        },
        "matrix_basis": [
          [
            0.9996347427368164,
            -0.019884997978806496,
            0.01830284669995308,
            0.0
          ],
          [
            0.027008069679141045,
            0.7597127556800842,
            -0.6496977806091309,
            0.0
          ],
          [
            -0.0009856689721345901,
            0.6499547362327576,
            0.7599722743034363,
            0.0
          ],
          [
            0.0,
            0.0,
            0.0,
            1.0
          ]
        ],
        "rotation_mode": "QUATERNION"
      },
      "armature_space": {
        "head": {
          "x": 0.0007916484028100967,
          "y": -0.5478544235229492,
          "z": 0.3390427827835083
        },
        "tail": {
          "x": -0.005728927440941334,
          "y": -0.5867290496826172,
          "z": 0.3467516005039215
        }
      },
      "world_space": {
        "head": {
          "x": 0.0007916484028100967,
          "y": -0.4846104383468628,
          "z": 1.2888967990875244
        },
        "tail": {
          "x": -0.005728927440941334,
          "y": -0.5234850645065308,
          "z": 1.2966055870056152
        },
        "rotation_quaternion": {
          "w": 0.10828555375337601,
          "x": 0.31451237201690674,
          "y": 0.06580699235200882,
          "z": 0.9407580494880676
        },
        "matrix": [
          [
            -0.7787124514579773,
            -0.16234713792800903,
            0.6060118675231934,
            0.0007916484028100967
          ],
          [
            0.24513548612594604,
            -0.967887282371521,
            0.05570250749588013,
            -0.4846104383468628
          ],
          [
            0.5775123834609985,
            0.1919315755367279,
            0.7935083508491516,
            1.2888967990875244
          ],
          [
            0.0,
            0.0,
            0.0,
            1.0
          ]
        ]
      },
      "bone_length_armature_space": 0.04016441605178552,
      "parent": "thumb_01_l",
      "has_children": true,
      "is_end_bone": false
    },
    "thumb_03_l": {
      "name": "thumb_03_l",
      "local": {
        "location": {
          "x": 0.0,
          "y": 0.0,
          "z": 0.0
        },
        "rotation_quaternion": {
          "w": 0.9833855628967285,
          "x": 0.18149808049201965,
          "y": -0.0030389511957764626,
          "z": 0.0014554504305124283
        },
        "scale": {
          "x": 1.0,
          "y": 1.0,
          "z": 1.0
        },
        "matrix_basis": [
          [
            0.9999772906303406,
            -0.003965665586292744,
            -0.0054485984146595,
            0.0
          ],
          [
            0.001759410253725946,
            0.9341126680374146,
            -0.3569740355014801,
            0.0
          ],
          [
            0.0065052444115281105,
            0.3569563329219818,
            0.9340984225273132,
            0.0
          ],
          [
            0.0,
            0.0,
            0.0,
            1.0
          ]
        ],
        "rotation_mode": "QUATERNION"
      },
      "armature_space": {
        "head": {
          "x": -0.005729001481086016,
          "y": -0.5867289900779724,
          "z": 0.3467515707015991
        },
        "tail": {
          "x": 0.0012520775198936462,
          "y": -0.6099510788917542,
          "z": 0.36516061425209045
        }
      },
      "world_space": {
        "head": {
          "x": -0.005729001481086016,
          "y": -0.523485004901886,
          "z": 1.2966055870056152
        },
        "tail": {
          "x": 0.0012520775198936462,
          "y": -0.5467070937156677,
          "z": 1.3150146007537842
        },
        "rotation_quaternion": {
          "w": 0.07180863618850708,
          "x": -0.14255107939243317,
          "y": -0.3368440866470337,
          "z": -0.9279325604438782
        },
        "matrix": [
          [
            -0.9490455985069275,
            0.22930219769477844,
            0.2161783128976822,
            -0.005729001481086016
          ],
          [
            -0.03723258897662163,
            -0.7627588510513306,
            0.6456103324890137,
            -0.523485004901886
          ],
          [
            0.31293395161628723,
            0.6046680212020874,
            0.7324361205101013,
            1.2966055870056152
          ],
          [
            0.0,
            0.0,
            0.0,
            1.0
          ]
        ]
      },
      "bone_length_armature_space": 0.03044492979376744,
      "parent": "thumb_02_l",
      "has_children": false,
      "is_end_bone": true
    },
    "metacarpal_index_l": {
      "name": "metacarpal_index_l",
      "local": {
        "location": {
          "x": 0.0,
          "y": 0.0,
          "z": 0.0
        },
        "rotation_quaternion": {
          "w": 0.9987924098968506,
          "x": -0.04439283162355423,
          "y": 0.018144667148590088,
          "z": 0.01066981814801693
        },
        "scale": {
          "x": 1.0,
          "y": 1.0,
          "z": 1.0
        },
        "matrix_basis": [
          [
            0.9991138577461243,
            -0.02292485348880291,
            0.0352981835603714,
            0.0
          ],
          [
            0.019702879711985588,
            0.9958308339118958,
            0.08906564861536026,
            0.0
          ],
          [
            -0.03719284012913704,
            -0.0882912427186966,
            0.995400071144104,
            0.0
          ],
          [
            0.0,
            0.0,
            0.0,
            1.0
          ]
        ],
        "rotation_mode": "QUATERNION"
      },
      "armature_space": {
        "head": {
          "x": 0.065325066447258,
          "y": -0.5432376861572266,
          "z": 0.3789323568344116
        },
        "tail": {
          "x": -0.028387010097503662,
          "y": -0.609791100025177,
          "z": 0.3561745584011078
        }
      },
      "world_space": {
        "head": {
          "x": 0.065325066447258,
          "y": -0.47999370098114014,
          "z": 1.3287863731384277
        },
        "tail": {
          "x": -0.028387010097503662,
          "y": -0.5465471148490906,
          "z": 1.3060286045074463
        },
        "rotation_quaternion": {
          "w": 0.28300878405570984,
          "x": -0.8097470998764038,
          "y": 0.36865460872650146,
          "z": 0.358203262090683
        },
        "matrix": [
          [
            0.47156837582588196,
            -0.7997840046882629,
            -0.3714419901371002,
            0.065325066447258
          ],
          [
            -0.3942858874797821,
            -0.5679989457130432,
            0.7224373817443848,
            -0.47999370098114014
          ],
          [
            -0.7887782454490662,
            -0.19422602653503418,
            -0.5831971168518066,
            1.3287863731384277
          ],
          [
            0.0,
            0.0,
            0.0,
            1.0
          ]
        ]
      },
      "bone_length_armature_space": 0.11717178939769982,
      "parent": "lowerarm_l",
      "has_children": true,
      "is_end_bone": false
    },
    "index_01_l": {
      "name": "index_01_l",
      "local": {
        "location": {
          "x": 0.0,
          "y": 0.0,
          "z": 0.0
        },
        "rotation_quaternion": {
          "w": 0.9796183109283447,
          "x": 0.20025475323200226,
          "y": -0.008827108889818192,
          "z": -0.01296852994710207
        },
        "scale": {
          "x": 1.0,
          "y": 1.0,
          "z": 1.0
        },
        "matrix_basis": [
          [
            0.9995077848434448,
            0.021873077377676964,
            -0.022488415241241455,
            0.0
          ],
          [
            -0.028943760320544243,
            0.9194597005844116,
            -0.3921175003051758,
            0.0
          ],
          [
            0.01210037525743246,
            0.39257538318634033,
            0.9196402430534363,
            0.0
          ],
          [
            0.0,
            0.0,
            0.0,
            1.0
          ]
        ],
        "rotation_mode": "QUATERNION"
      },
      "armature_space": {
        "head": {
          "x": -0.028387010097503662,
          "y": -0.609791100025177,
          "z": 0.3561745584011078
        },
        "tail": {
          "x": -0.04678349941968918,
          "y": -0.6228259801864624,
          "z": 0.33871787786483765
        }
      },
      "world_space": {
        "head": {
          "x": -0.028387010097503662,
          "y": -0.5465471148490906,
          "z": 1.3060286045074463
        },
        "tail": {
          "x": -0.04678349941968918,
          "y": -0.559581995010376,
          "z": 1.288571834564209
        },
        "rotation_quaternion": {
          "w": 0.4596041738986969,
          "x": -0.8098911046981812,
          "y": 0.24535231292247772,
          "z": 0.269523024559021
        },
        "matrix": [
          [
            0.7343194484710693,
            -0.6451655030250549,
            -0.21103735268115997,
            -0.028387010097503662
          ],
          [
            -0.14967186748981476,
            -0.45713314414024353,
            0.8767141103744507,
            -0.5465471148490906
          ],
          [
            -0.6621025800704956,
            -0.6122063398361206,
            -0.4322469234466553,
            1.3060286045074463
          ],
          [
            0.0,
            0.0,
            0.0,
            1.0
          ]
        ]
      },
      "bone_length_armature_space": 0.02851446323689986,
      "parent": "metacarpal_index_l",
      "has_children": true,
      "is_end_bone": false
    },
    "index_02_l": {
      "name": "index_02_l",
      "local": {
        "location": {
          "x": 0.0,
          "y": 0.0,
          "z": 0.0
        },
        "rotation_quaternion": {
          "w": 0.9115777611732483,
          "x": 0.4109871983528137,
          "y": -0.010750285349786282,
          "z": -0.00019087246619164944
        },
        "scale": {
          "x": 1.0,
          "y": 1.0,
          "z": 1.0
        },
        "matrix_basis": [
          [
            0.9997687935829163,
            -0.008488468825817108,
            -0.019756333902478218,
            0.0
          ],
          [
            -0.009184449911117554,
            0.6621789932250977,
            -0.7492894530296326,
            0.0
          ],
          [
            0.019442548975348473,
            0.7492976784706116,
            0.6619479060173035,
            0.0
          ],
          [
            0.0,
            0.0,
            0.0,
            1.0
          ]
        ],
        "rotation_mode": "QUATERNION"
      },
      "armature_space": {
        "head": {
          "x": -0.04678398370742798,
          "y": -0.6228258013725281,
          "z": 0.33871763944625854
        },
        "tail": {
          "x": -0.06279406696557999,
          "y": -0.6144883632659912,
          "z": 0.32048964500427246
        }
      },
      "world_space": {
        "head": {
          "x": -0.04678398370742798,
          "y": -0.5595818161964417,
          "z": 1.2885715961456299
        },
        "tail": {
          "x": -0.06279406696557999,
          "y": -0.5512443780899048,
          "z": 1.2703436613082886
        },
        "rotation_quaternion": {
          "w": 0.7526746392250061,
          "x": -0.5495553016662598,
          "y": 0.309810608625412,
          "z": 0.18838098645210266
        },
        "matrix": [
          [
            0.7370606660842896,
            -0.6240952610969543,
            0.2593204379081726,
            -0.04678398370742798
          ],
          [
            -0.05693456530570984,
            0.3250040113925934,
            0.943997323513031,
            -0.5595818161964417
          ],
          [
            -0.673429012298584,
            -0.7105519771575928,
            0.20401731133460999,
            1.2885715961456299
          ],
          [
            0.0,
            0.0,
            0.0,
            1.0
          ]
        ]
      },
      "bone_length_armature_space": 0.025653370423981206,
      "parent": "index_01_l",
      "has_children": true,
      "is_end_bone": false
    },
    "index_03_l": {
      "name": "index_03_l",
      "local": {
        "location": {
          "x": 0.0,
          "y": 0.0,
          "z": 0.0
        },
        "rotation_quaternion": {
          "w": 0.9704746007919312,
          "x": 0.2412024438381195,
          "y": 0.00044891564175486565,
          "z": 0.000523657537996769
        },
        "scale": {
          "x": 1.0,
          "y": 1.0,
          "z": 1.0
        },
        "matrix_basis": [
          [
            0.9999990463256836,
            -0.0007998335640877485,
            0.0011239374289289117,
            0.0
          ],
          [
            0.001232951763086021,
            0.8836421966552734,
            -0.4681612253189087,
            0.0
          ],
          [
            -0.0006187075050547719,
            0.4681621491909027,
            0.8836423754692078,
            0.0
          ],
          [
            0.0,
            0.0,
            0.0,
            1.0
          ]
        ],
        "rotation_mode": "QUATERNION"
      },
      "armature_space": {
        "head": {
          "x": -0.06279411911964417,
          "y": -0.6144884824752808,
          "z": 0.32048964500427246
        },
        "tail": {
          "x": -0.07147495448589325,
          "y": -0.5917934775352478,
          "z": 0.3042626976966858
        }
      },
      "world_space": {
        "head": {
          "x": -0.06279411911964417,
          "y": -0.5512444972991943,
          "z": 1.2703436613082886
        },
        "tail": {
          "x": -0.07147495448589325,
          "y": -0.5285494923591614,
          "z": 1.2541167736053467
        },
        "rotation_quaternion": {
          "w": 0.8787945508956909,
          "x": -0.33166083693504333,
          "y": 0.3407125174999237,
          "z": 0.040451496839523315
        },
        "matrix": [
          [
            0.7645580768585205,
            -0.2970987558364868,
            0.5719997882843018,
            -0.06279411911964417
          ],
          [
            -0.15490446984767914,
            0.7767297625541687,
            0.6104878783226013,
            -0.5512444972991943
          ],
          [
            -0.6256688237190247,
            -0.5553616881370544,
            0.5478372573852539,
            1.2703436613082886
          ],
          [
            0.0,
            0.0,
            0.0,
            1.0
          ]
        ]
      },
      "bone_length_armature_space": 0.029218726186420685,
      "parent": "index_02_l",
      "has_children": false,
      "is_end_bone": true
    },
    "metacarpal_pinky_l": {
      "name": "metacarpal_pinky_l",
      "local": {
        "location": {
          "x": 0.0,
          "y": 0.0,
          "z": 0.0
        },
        "rotation_quaternion": {
          "w": 0.9983195066452026,
          "x": -0.055912747979164124,
          "y": -0.011842252686619759,
          "z": -0.009571610949933529
        },
        "scale": {
          "x": 1.0,
          "y": 1.0,
          "z": 1.0
        },
        "matrix_basis": [
          [
            0.9995362758636475,
            0.02043531835079193,
            -0.022574353963136673,
            0.0
          ],
          [
            -0.01778678596019745,
            0.9935643076896667,
            0.11186427623033524,
            0.0
          ],
          [
            0.024715054780244827,
            -0.11141087859869003,
            0.9934670329093933,
            0.0
          ],
          [
            0.0,
            0.0,
            0.0,
            1.0
          ]
        ],
        "rotation_mode": "QUATERNION"
      },
      "armature_space": {
        "head": {
          "x": 0.065325066447258,
          "y": -0.5432376861572266,
          "z": 0.3789323568344116
        },
        "tail": {
          "x": 0.03130362927913666,
          "y": -0.6280476450920105,
          "z": 0.32900169491767883
        }
      },
      "world_space": {
        "head": {
          "x": 0.065325066447258,
          "y": -0.47999370098114014,
          "z": 1.3287863731384277
        },
        "tail": {
          "x": 0.03130362927913666,
          "y": -0.5648036599159241,
          "z": 1.2788556814193726
        },
        "rotation_quaternion": {
          "w": 0.19310645759105682,
          "x": -0.08427511900663376,
          "y": -0.23554572463035583,
          "z": 0.9487496018409729
        },
        "matrix": [
          [
            -0.9112151265144348,
            -0.32671841979026794,
            -0.25088343024253845,
            0.065325066447258
          ],
          [
            0.40612098574638367,
            -0.8144562840461731,
            -0.41439905762672424,
            -0.47999370098114014
          ],
          [
            -0.06894175708293915,
            -0.47949957847595215,
            0.8748375773429871,
            1.3287863731384277
          ],
          [
            0.0,
            0.0,
            0.0,
            1.0
          ]
        ]
      },
      "bone_length_armature_space": 0.10413096618324891,
      "parent": "lowerarm_l",
      "has_children": true,
      "is_end_bone": false
    },
    "pinky_01_l": {
      "name": "pinky_01_l",
      "local": {
        "location": {
          "x": 0.0,
          "y": 0.0,
          "z": 0.0
        },
        "rotation_quaternion": {
          "w": 0.9357151389122009,
          "x": 0.3525596261024475,
          "y": -0.0006370381452143192,
          "z": 0.011768911965191364
        },
        "scale": {
          "x": 1.0,
          "y": 1.0,
          "z": 1.0
        },
        "matrix_basis": [
          [
            0.9997221827507019,
            -0.022473886609077454,
            0.007106313947588205,
            0.0
          ],
          [
            0.021575510501861572,
            0.7511264085769653,
            -0.6598057746887207,
            0.0
          ],
          [
            0.009490658529102802,
            0.6597757935523987,
            0.7514026165008545,
            0.0
          ],
          [
            0.0,
            0.0,
            0.0,
            1.0
          ]
        ],
        "rotation_mode": "QUATERNION"
      },
      "armature_space": {
        "head": {
          "x": 0.03130362927913666,
