{
  "metadata": {
    "armature_name": "KIM_caucasian_male",
    "export_time": "2026-01-13T21:04:40.872202",
    "blender_version": "4.4.1",
    "bone_count": 56,
    "end_bone_count": 13,
    "spaces_included": [
      "LOCAL_CHANNELS",
      "ARMATURE_SPACE",
      "WORLD_SPACE"
    ],
    "note": "LOCAL matches Transform panel; replay pose via local.matrix_basis for best fidelity."
  },
  "bones": {
    "Root": {
      "name": "Root",
      "local": {
        "location": {
          "x": 0.0,
          "y": 0.0,
          "z": 0.0
        },
        "rotation_quaternion": {
          "w": 0.9993859529495239,
          "x": -0.013783823698759079,
          "y": 0.016034584492444992,
          "z": 0.02793985791504383
        },
        "scale": {
          "x": 1.0,
          "y": 1.0,
          "z": 1.0
        },
        "matrix_basis": [
          [
            0.9979245066642761,
            -0.05628743767738342,
            0.03127923980355263,
            0.0
          ],
          [
            0.055403366684913635,
            0.9980587363243103,
            0.028446728363633156,
            0.0
          ],
          [
            -0.032819714397192,
            -0.026654710993170738,
            0.9991058111190796,
            0.0
          ],
          [
            0.0,
            0.0,
            0.0,
            1.0
          ]
        ],
        "rotation_mode": "QUATERNION"
      },
      "armature_space": {
        "head": {
          "x": 0.0,
          "y": 0.07072800397872925,
          "z": -0.009595036506652832
        },
        "tail": {
          "x": -0.004017564933747053,
          "y": 0.00039305537939071655,
          "z": 0.0018666209653019905
        }
      },
      "world_space": {
        "head": {
          "x": 0.0,
          "y": 0.13397200405597687,
          "z": 0.9402589797973633
        },
        "tail": {
          "x": -0.004017564933747053,
          "y": 0.06363705545663834,
          "z": 0.951720654964447
        },
        "rotation_quaternion": {
          "w": 0.08107879757881165,
          "x": 0.9961870312690735,
          "y": -0.026796165853738785,
          "z": 0.017880409955978394
        },
        "matrix": [
          [
            0.9979245066642761,
            -0.05628743767738342,
            0.03127923980355263,
            0.0
          ],
          [
            -0.050488535314798355,
            -0.9854163527488708,
            -0.16249801218509674,
            0.13397200405597687
          ],
          [
            0.039969902485609055,
            0.16058169305324554,
            -0.9862200021743774,
            0.9402589797973633
          ],
          [
            0.0,
            0.0,
            0.0,
            1.0
          ]
        ]
      },
      "bone_length_armature_space": 0.07137587313110452,
      "parent": null,
      "has_children": true,
      "is_end_bone": false
    },
    "spine_01": {
      "name": "spine_01",
      "local": {
        "location": {
          "x": 0.0,
          "y": 0.0,
          "z": 0.0
        },
        "rotation_quaternion": {
          "w": 0.9934269189834595,
          "x": 0.0974903479218483,
          "y": 0.05024101585149765,
          "z": 0.03278081491589546
        },
        "scale": {
          "x": 1.0,
          "y": 1.0,
          "z": 1.0
        },
        "matrix_basis": [
          [
            0.9928025007247925,
            -0.0553346611559391,
            0.10621318221092224,
            0.0
          ],
          [
            0.0749267190694809,
            0.9788420796394348,
            -0.19040518999099731,
            0.0
          ],
          [
            -0.09342993050813675,
            0.19699294865131378,
            0.9759429693222046,
            0.0
          ],
          [
            0.0,
            0.0,
            0.0,
            1.0
          ]
        ],
        "rotation_mode": "QUATERNION"
      },
      "armature_space": {
        "head": {
          "x": -0.004017564933747053,
          "y": 0.00039305537939071655,
          "z": 0.0018666209653019905
        },
        "tail": {
          "x": -0.05333913490176201,
          "y": -0.05806870013475418,
          "z": 0.48383960127830505
        }
      },
      "world_space": {
        "head": {
          "x": -0.004017564933747053,
          "y": 0.06363705545663834,
          "z": 0.951720654964447
        },
        "tail": {
          "x": -0.05333913490176201,
          "y": 0.005175299942493439,
          "z": 1.4336936473846436
        },
        "rotation_quaternion": {
          "w": 0.663167417049408,
          "x": 0.7461353540420532,
          "y": -0.017595278099179268,
          "z": 0.05640474706888199
        },
        "matrix": [
          [
            0.993017852306366,
            -0.10106853395700455,
            0.06083321198821068,
            -0.004017564933747053
          ],
          [
            0.04855401813983917,
            -0.11979837715625763,
            -0.9916102886199951,
            0.06363705545663834
          ],
          [
            0.10750910639762878,
            0.9876471161842346,
            -0.11405634880065918,
            0.951720654964447
          ],
          [
            0.0,
            0.0,
            0.0,
            1.0
          ]
        ]
      },
      "bone_length_armature_space": 0.48800447320517,
      "parent": "Root",
      "has_children": true,
      "is_end_bone": false
    },
    "neck_01": {
      "name": "neck_01",
      "local": {
        "location": {
          "x": 0.0,
          "y": 0.0,
          "z": 0.0
        },
        "rotation_quaternion": {
          "w": 0.9897655248641968,
          "x": -0.09372036159038544,
          "y": 0.10063624382019043,
          "z": 0.03811930865049362
        },
        "scale": {
          "x": 1.0,
          "y": 1.0,
          "z": 1.0
        },
        "matrix_basis": [
          [
            0.9768385291099548,
            -0.09432168304920197,
            0.1920674592256546,
            0.0
          ],
          [
            0.05659502372145653,
            0.9795268177986145,
            0.19319473206996918,
            0.0
          ],
          [
            -0.2063576728105545,
            -0.17784999310970306,
            0.9621776938438416,
            0.0
          ],
          [
            0.0,
            0.0,
            0.0,
            1.0
          ]
        ],
        "rotation_mode": "QUATERNION"
      },
      "armature_space": {
        "head": {
          "x": -0.058629490435123444,
          "y": -0.10122963041067123,
          "z": 0.5521981120109558
        },
        "tail": {
          "x": -0.07699587941169739,
          "y": -0.13474683463573456,
          "z": 0.6473296880722046
        }
      },
      "world_space": {
        "head": {
          "x": -0.058629490435123444,
          "y": -0.037985630333423615,
          "z": 1.5020520687103271
        },
        "tail": {
          "x": -0.07699587941169739,
          "y": -0.07150283455848694,
          "z": 1.5971837043762207
        },
        "rotation_quaternion": {
          "w": 0.580085813999176,
          "x": 0.7981281280517578,
          "y": 0.005988196935504675,
          "z": 0.16265332698822021
        },
        "matrix": [
          [
            0.9470164179801941,
            -0.17914701998233795,
            0.2665826678276062,
            -0.058629490435123444
          ],
          [
            0.1982635110616684,
            -0.3269290328025818,
            -0.9240180253982544,
            -0.037985630333423615
          ],
          [
            0.2526906132698059,
            0.9279197454452515,
            -0.2740916609764099,
            1.5020520687103271
          ],
          [
            0.0,
            0.0,
            0.0,
            1.0
          ]
        ]
      },
      "bone_length_armature_space": 0.10252192175174447,
      "parent": "spine_01",
      "has_children": true,
      "is_end_bone": false
    },
    "head": {
      "name": "head",
      "local": {
        "location": {
          "x": 0.0,
          "y": 0.0,
          "z": 0.0
        },
        "rotation_quaternion": {
          "w": 0.9701260328292847,
          "x": 0.0502951480448246,
          "y": -0.06552363187074661,
          "z": -0.22810639441013336
        },
        "scale": {
          "x": 1.0,
          "y": 1.0,
          "z": 1.0
        },
        "matrix_basis": [
          [
            0.8873482346534729,
            0.43599286675453186,
            -0.15007765591144562,
            0.0
          ],
          [
            -0.4491749405860901,
            0.8908757567405701,
            -0.06769254803657532,
            0.0
          ],
          [
            0.10418707132339478,
            0.1274779886007309,
            0.9863541126251221,
            0.0
          ],
          [
            0.0,
            0.0,
            0.0,
            1.0
          ]
        ],
        "rotation_mode": "QUATERNION"
      },
      "armature_space": {
        "head": {
          "x": -0.07699582725763321,
          "y": -0.1347469538450241,
          "z": 0.647329568862915
        },
        "tail": {
          "x": -0.045832693576812744,
          "y": -0.13690133392810822,
          "z": 0.7992424368858337
        }
      },
      "world_space": {
        "head": {
          "x": -0.07699582725763321,
          "y": -0.07150295376777649,
          "z": 1.5971835851669312
        },
        "tail": {
          "x": -0.045832693576812744,
          "y": -0.0736573338508606,
          "z": 1.749096393585205
        },
        "rotation_quaternion": {
          "w": 0.6962308287620544,
          "x": 0.7101520895957947,
          "y": 0.0911978930234909,
          "z": -0.05128093436360359
        },
        "matrix": [
          [
            0.9781063199043274,
            0.20093554258346558,
            0.05415637046098709,
            -0.07699582725763321
          ],
          [
            0.058123305439949036,
            -0.013891100883483887,
            -0.998212993144989,
            -0.07150295376777649
          ],
          [
            -0.1998254507780075,
            0.9795128107070923,
            -0.02526722103357315,
            1.5971835851669312
          ],
          [
            0.0,
            0.0,
            0.0,
            1.0
          ]
        ]
      },
      "bone_length_armature_space": 0.155091269534885,
      "parent": "neck_01",
      "has_children": false,
      "is_end_bone": true
    },
    "upperarm_l": {
      "name": "upperarm_l",
      "local": {
        "location": {
          "x": 0.0,
          "y": 0.0,
          "z": 0.0
        },
        "rotation_quaternion": {
          "w": 0.9538225531578064,
          "x": -0.030567053705453873,
          "y": -0.1440701186656952,
          "z": 0.26178643107414246
        },
        "scale": {
          "x": 1.0,
          "y": 1.0,
          "z": 1.0
        },
        "matrix_basis": [
          [
            0.821423351764679,
            -0.4905880093574524,
            -0.29083874821662903,
            0.0
          ],
          [
            0.5082032084465027,
            0.8610670566558838,
            -0.017120113596320152,
            0.0
          ],
          [
            0.25883057713508606,
            -0.1337422877550125,
            0.9566189050674438,
            0.0
          ],
          [
            0.0,
            0.0,
            0.0,
            1.0
          ]
        ],
        "rotation_mode": "QUATERNION"
      },
      "armature_space": {
        "head": {
          "x": 0.09730977565050125,
          "y": -0.08905752003192902,
          "z": 0.5015831589698792
        },
        "tail": {
          "x": 0.3124259412288666,
          "y": -0.05168796330690384,
          "z": 0.6569424867630005
        }
      },
      "world_space": {
        "head": {
          "x": 0.09730977565050125,
          "y": -0.025813519954681396,
          "z": 1.45143723487854
        },
        "tail": {
          "x": 0.3124259412288666,
          "y": 0.01155603677034378,
          "z": 1.6067965030670166
        },
        "rotation_quaternion": {
          "w": 0.6873767375946045,
          "x": 0.569433331489563,
          "y": 0.3118327558040619,
          "z": -0.3256058394908905
        },
        "matrix": [
          [
            0.5934823751449585,
            0.802763819694519,
            0.05787084996700287,
            0.09730977565050125
          ],
          [
            -0.09249517321586609,
            0.13945455849170685,
            -0.9858992099761963,
            -0.025813519954681396
          ],
          [
            -0.7995201349258423,
            0.5797651410102844,
            0.15701572597026825,
            1.45143723487854
          ],
          [
            0.0,
            0.0,
            0.0,
            1.0
          ]
        ]
      },
      "bone_length_armature_space": 0.2679700956366426,
      "parent": "spine_01",
      "has_children": true,
      "is_end_bone": false
    },
    "lowerarm_l": {
      "name": "lowerarm_l",
      "local": {
        "location": {
          "x": 0.0,
          "y": 0.0,
          "z": 0.0
        },
        "rotation_quaternion": {
          "w": 0.99192214012146,
          "x": 0.014330709353089333,
          "y": 0.0527648851275444,
          "z": 0.11445971578359604
        },
        "scale": {
          "x": 1.0,
          "y": 1.0,
          "z": 1.0
        },
        "matrix_basis": [
          [
            0.9682296514511108,
            -0.22555793821811676,
            0.10795789211988449,
            0.0
          ],
          [
            0.22858257591724396,
            0.9733871817588806,
            -0.016350988298654556,
            0.0
          ],
          [
            -0.10139673948287964,
            0.040508802980184555,
            0.9940209984779358,
            0.0
          ],
          [
            0.0,
            0.0,
            0.0,
            1.0
          ]
        ],
        "rotation_mode": "QUATERNION"
      },
      "armature_space": {
        "head": {
          "x": 0.3124259412288666,
          "y": -0.05168798938393593,
          "z": 0.65694260597229
        },
        "tail": {
          "x": 0.4704514741897583,
          "y": -0.04058428108692169,
          "z": 0.8725223541259766
        }
      },
      "world_space": {
        "head": {
          "x": 0.3124259412288666,
          "y": 0.011556010693311691,
          "z": 1.6067966222763062
        },
        "tail": {
          "x": 0.4704514741897583,
          "y": 0.022659718990325928,
          "z": 1.8223763704299927
        },
        "rotation_quaternion": {
          "w": 0.6974314451217651,
          "x": 0.6447148323059082,
          "y": 0.18531489372253418,
          "z": -0.2521718144416809
        },
        "matrix": [
          [
            0.804135262966156,
            0.5906956791877747,
            -0.06667105853557587,
            0.3124259412288666
          ],
          [
            -0.11279796063899994,
            0.04150538891553879,
            -0.9927507638931274,
            0.011556010693311691
          ],
          [
            -0.583650529384613,
            0.8058317303657532,
            0.10000501573085785,
            1.6067966222763062
          ],
          [
            0.0,
            0.0,
            0.0,
            1.0
          ]
        ]
      },
      "bone_length_armature_space": 0.26752567845913294,
      "parent": "upperarm_l",
      "has_children": true,
      "is_end_bone": false
    },
    "metacarpal_thumb_l": {
      "name": "metacarpal_thumb_l",
      "local": {
        "location": {
          "x": 0.0,
          "y": 0.0,
          "z": 0.0
        },
        "rotation_quaternion": {
          "w": 0.999018669128418,
          "x": -0.03913383558392525,
          "y": 0.020568737760186195,
          "z": 0.002701567020267248
        },
        "scale": {
          "x": 1.0,
          "y": 1.0,
          "z": 1.0
        },
        "matrix_basis": [
          [
            0.9991392493247986,
            -0.007007698994129896,
            0.04088566079735756,
            0.0
          ],
          [
            0.0037879645824432373,
            0.996922492980957,
            0.07830200344324112,
            0.0
          ],
          [
            -0.04130855202674866,
            -0.07807973027229309,
            0.9960909485816956,
            0.0
          ],
          [
            0.0,
            0.0,
            0.0,
            1.0
          ]
        ],
        "rotation_mode": "QUATERNION"
      },
      "armature_space": {
        "head": {
          "x": 0.4704514741897583,
          "y": -0.04058428108692169,
          "z": 0.8725223541259766
        },
        "tail": {
          "x": 0.4959545135498047,
          "y": -0.06883635371923447,
          "z": 0.9042242765426636
        }
      },
      "world_space": {
        "head": {
          "x": 0.4704514741897583,
          "y": 0.022659718990325928,
          "z": 1.8223763704299927
        },
        "tail": {
          "x": 0.4959545135498047,
          "y": -0.005592353641986847,
          "z": 1.8540782928466797
        },
        "rotation_quaternion": {
          "w": 0.21976445615291595,
          "x": 0.8163860440254211,
          "y": 0.40807199478149414,
          "z": 0.3445211350917816
        },
        "matrix": [
          [
            0.42956382036209106,
            0.5148629546165466,
            0.7418833374977112,
            0.4704514741897583
          ],
          [
            0.817716121673584,
            -0.5703610181808472,
            -0.07764492928981781,
            0.022659718990325928
          ],
          [
            0.3831682503223419,
            0.6400071978569031,
            -0.6660229563713074,
            1.8223763704299927
          ],
          [
            0.0,
            0.0,
            0.0,
            1.0
          ]
        ]
      },
      "bone_length_armature_space": 0.049533790967323146,
      "parent": "lowerarm_l",
      "has_children": true,
      "is_end_bone": false
    },
    "thumb_01_l": {
      "name": "thumb_01_l",
      "local": {
        "location": {
          "x": 0.0,
          "y": 0.0,
          "z": 0.0
        },
        "rotation_quaternion": {
          "w": 0.9975717663764954,
          "x": -0.06545421481132507,
          "y": -0.015534876845777035,
          "z": 0.018029114231467247
        },
        "scale": {
          "x": 1.0,
          "y": 1.0,
          "z": 1.0
        },
        "matrix_basis": [
          [
            0.9988672137260437,
            -0.03393702581524849,
            -0.03335447236895561,
            0.0
          ],
          [
            0.0380043163895607,
            0.9907813668251038,
            0.13003039360046387,
            0.0
          ],
          [
            0.028634145855903625,
            -0.13115070760250092,
            0.9909488558769226,
            0.0
          ],
          [
            0.0,
            0.0,
            0.0,
            1.0
          ]
        ],
        "rotation_mode": "QUATERNION"
      },
      "armature_space": {
        "head": {
          "x": 0.4959545135498047,
          "y": -0.06883635371923447,
          "z": 0.9042242765426636
        },
        "tail": {
          "x": 0.5219534039497375,
          "y": -0.08975816518068314,
          "z": 0.8975188732147217
        }
      },
      "world_space": {
        "head": {
          "x": 0.4959545135498047,
          "y": -0.005592353641986847,
          "z": 1.8540782928466797
        },
        "tail": {
          "x": 0.5219534039497375,
          "y": -0.026514165103435516,
          "z": 1.8473728895187378
        },
        "rotation_quaternion": {
          "w": 0.4023837745189667,
          "x": -0.5533432960510254,
          "y": -0.17538918554782867,
          "z": -0.7079104781150818
        },
        "matrix": [
          [
            -0.06379576027393341,
            0.7638058066368103,
            0.6422856450080872,
            0.4959545135498047
          ],
          [
            -0.3756021559238434,
            -0.6146499514579773,
            0.6936343908309937,
            -0.005592353641986847
          ],
          [
            0.9245886206626892,
            -0.19699499011039734,
            0.326102077960968,
            1.8540782928466797
          ],
          [
            0.0,
            0.0,
            0.0,
            1.0
          ]
        ]
      },
      "bone_length_armature_space": 0.03403860911057688,
      "parent": "metacarpal_thumb_l",
      "has_children": true,
      "is_end_bone": false
    },
    "thumb_02_l": {
      "name": "thumb_02_l",
      "local": {
        "location": {
          "x": 0.0,
          "y": 0.0,
          "z": 0.0
        },
        "rotation_quaternion": {
          "w": 0.9980857968330383,
          "x": 0.06147453561425209,
          "y": 0.0028644511476159096,
          "z": 0.006123954430222511
        },
        "scale": {
          "x": 1.0,
          "y": 1.0,
          "z": 1.0
        },
        "matrix_basis": [
          [
            0.9999085664749146,
            -0.01187228225171566,
            0.006470870692282915,
            0.0
          ],
          [
            0.012576645240187645,
            0.9923667311668396,
            -0.12267863750457764,
            0.0
          ],
          [
            -0.004965001717209816,
            0.12274880707263947,
            0.9924253821372986,
            0.0
          ],
          [
            0.0,
            0.0,
            0.0,
            1.0
          ]
        ],
        "rotation_mode": "QUATERNION"
      },
      "armature_space": {
        "head": {
          "x": 0.5219533443450928,
          "y": -0.08975817263126373,
          "z": 0.8975188136100769
        },
        "tail": {
          "x": 0.5489109754562378,
          "y": -0.09066253155469894,
          "z": 0.9272788763046265
        }
      },
      "world_space": {
        "head": {
          "x": 0.5219533443450928,
          "y": -0.026514172554016113,
          "z": 1.8473727703094482
        },
        "tail": {
          "x": 0.5489109754562378,
          "y": -0.027418531477451324,
          "z": 1.8771328926086426
        },
        "rotation_quaternion": {
          "w": 0.4751597046852112,
          "x": 0.008069832809269428,
          "y": -0.5128002166748047,
          "z": -0.7149783372879028
        },
        "matrix": [
          [
            -0.5483138561248779,
            0.6711814999580383,
            -0.4988660216331482,
            0.5219533443450928
          ],
          [
            -0.6877365708351135,
            -0.022516421973705292,
            0.7256112098693848,
            -0.026514172554016113
          ],
          [
            0.4757866859436035,
            0.7409560680389404,
            0.4739461839199066,
            1.8473727703094482
          ],
          [
            0.0,
            0.0,
            0.0,
            1.0
          ]
        ]
      },
      "bone_length_armature_space": 0.04016457474407458,
      "parent": "thumb_01_l",
      "has_children": true,
      "is_end_bone": false
    },
    "thumb_03_l": {
      "name": "thumb_03_l",
      "local": {
        "location": {
          "x": 0.0,
          "y": 0.0,
          "z": 0.0
        },
        "rotation_quaternion": {
          "w": 0.9987465143203735,
          "x": 0.04974767193198204,
          "y": -0.0008166967309080064,
          "z": -0.005474328063428402
        },
        "scale": {
          "x": 1.0,
          "y": 1.0,
          "z": 1.0
        },
        "matrix_basis": [
          [
            0.9999387264251709,
            0.01085367426276207,
            -0.002176016103476286,
            0.0
          ],
          [
            -0.01101619005203247,
            0.9949904084205627,
            -0.09936168789863586,
            0.0
          ],
          [
            0.0010866759112104774,
            0.09937956929206848,
            0.995048999786377,
            0.0
          ],
          [
            0.0,
            0.0,
            0.0,
            1.0
          ]
        ],
        "rotation_mode": "QUATERNION"
      },
      "armature_space": {
        "head": {
          "x": 0.5489109754562378,
          "y": -0.09066261351108551,
          "z": 0.9272788166999817
        },
        "tail": {
          "x": 0.5643472671508789,
          "y": -0.081102654337883,
          "z": 0.9517170190811157
        }
      },
      "world_space": {
        "head": {
          "x": 0.5489109754562378,
          "y": -0.02741861343383789,
          "z": 1.8771328926086426
        },
        "tail": {
          "x": 0.5643472671508789,
          "y": -0.017858654260635376,
          "z": 1.9015710353851318
        },
        "rotation_quaternion": {
          "w": 0.6193106770515442,
          "x": 0.1765436977148056,
          "y": -0.522933840751648,
          "z": -0.55841463804245
        },
        "matrix": [
          [
            -0.1705755591392517,
            0.5070250034332275,
            -0.8448843955993652,
            0.5489109754562378
          ],
          [
            -0.8763054013252258,
            0.31400877237319946,
            0.36535945534706116,
            -0.02741861343383789
          ],
          [
            0.4505496621131897,
            0.8027039170265198,
            0.3907496929168701,
            1.8771328926086426
          ],
          [
            0.0,
            0.0,
            0.0,
            1.0
          ]
        ]
      },
      "bone_length_armature_space": 0.030444993842349673,
      "parent": "thumb_02_l",
      "has_children": false,
      "is_end_bone": true
    },
    "metacarpal_index_l": {
      "name": "metacarpal_index_l",
      "local": {
        "location": {
          "x": 0.0,
          "y": 0.0,
          "z": 0.0
        },
        "rotation_quaternion": {
          "w": 0.999529242515564,
          "x": -0.029504315927624702,
          "y": -0.004492123145610094,
          "z": -0.007105804979801178
        },
        "scale": {
          "x": 1.0,
          "y": 1.0,
          "z": 1.0
        },
        "matrix_basis": [
          [
            0.9998586773872375,
            0.014469994232058525,
            -0.00856071338057518,
            0.0
          ],
          [
            -0.013939845375716686,
            0.9981579780578613,
            0.059044692665338516,
            0.0
          ],
          [
            0.009399320930242538,
            -0.05891701206564903,
            0.9982186555862427,
            0.0
          ],
          [
            0.0,
            0.0,
            0.0,
            1.0
          ]
        ],
        "rotation_mode": "QUATERNION"
      },
      "armature_space": {
        "head": {
          "x": 0.4704514741897583,
          "y": -0.04058428108692169,
          "z": 0.8725223541259766
        },
        "tail": {
          "x": 0.5362641215324402,
          "y": -0.06642168760299683,
          "z": 0.9659592509269714
        }
      },
      "world_space": {
        "head": {
          "x": 0.4704514741897583,
          "y": 0.022659718990325928,
          "z": 1.8223763704299927
        },
        "tail": {
          "x": 0.5362641215324402,
          "y": -0.0031776875257492065,
          "z": 1.9158132076263428
        },
        "rotation_quaternion": {
          "w": 0.46955686807632446,
          "x": 0.776816189289093,
          "y": 0.4114138185977936,
          "z": 0.08253410458564758
        },
        "matrix": [
          [
            0.6478519439697266,
            0.5616769790649414,
            0.5145938992500305,
            0.4704514741897583
          ],
          [
            0.7166962623596191,
            -0.2205088585615158,
            -0.6616060137748718,
            0.022659718990325928
          ],
          [
            -0.2581375539302826,
            0.7974352836608887,
            -0.5454132556915283,
            1.8223763704299927
          ],
          [
            0.0,
            0.0,
            0.0,
            1.0
          ]
        ]
      },
      "bone_length_armature_space": 0.11717222233367382,
      "parent": "lowerarm_l",
      "has_children": true,
      "is_end_bone": false
    },
    "index_01_l": {
      "name": "index_01_l",
      "local": {
        "location": {
          "x": 0.0,
          "y": 0.0,
          "z": 0.0
        },
        "rotation_quaternion": {
          "w": 0.9931206703186035,
          "x": -0.11568137258291245,
          "y": 0.018130850046873093,
          "z": -0.0007044734666123986
        },
        "scale": {
          "x": 1.0,
          "y": 1.0,
          "z": 1.0
        },
        "matrix_basis": [
          [
            0.9993415474891663,
            -0.002795548876747489,
            0.036175232380628586,
            0.0
          ],
          [
            -0.005594057496637106,
            0.9732346534729004,
            0.22974558174610138,
            0.0
          ],
          [
            -0.035849254578351974,
            -0.2297966629266739,
            0.9725781679153442,
            0.0
          ],
          [
            0.0,
            0.0,
            0.0,
            1.0
          ]
        ],
        "rotation_mode": "QUATERNION"
      },
      "armature_space": {
        "head": {
          "x": 0.5362641215324402,
          "y": -0.06642168760299683,
          "z": 0.9659592509269714
        },
        "tail": {
          "x": 0.550977349281311,
          "y": -0.05867607146501541,
          "z": 0.9891239404678345
        }
      },
      "world_space": {
        "head": {
          "x": 0.5362641215324402,
          "y": -0.0031776875257492065,
          "z": 1.9158132076263428
        },
        "tail": {
          "x": 0.550977349281311,
          "y": 0.004567928612232208,
          "z": 1.9389779567718506
        },
        "rotation_quaternion": {
          "w": 0.581745982170105,
          "x": 0.5929281115531921,
          "y": 0.5453348755836487,
          "z": 0.11232948303222656
        },
        "matrix": [
          [
            0.3799801766872406,
            0.515993595123291,
            0.7677016258239746,
            0.5362641215324402
          ],
          [
            0.7773849964141846,
            0.27163904905319214,
            -0.5673491954803467,
            -0.0031776875257492065
          ],
          [
            -0.5012890100479126,
            0.8123868107795715,
            -0.2979108691215515,
            1.9158132076263428
          ],
          [
            0.0,
            0.0,
            0.0,
            1.0
          ]
        ]
      },
      "bone_length_armature_space": 0.028514496281041607,
      "parent": "metacarpal_index_l",
      "has_children": true,
      "is_end_bone": false
    },
    "index_02_l": {
      "name": "index_02_l",
      "local": {
        "location": {
          "x": 0.0,
          "y": 0.0,
          "z": 0.0
        },
        "rotation_quaternion": {
          "w": 0.998248815536499,
          "x": 0.058625902980566025,
          "y": -0.001962861744686961,
          "z": -0.007656929548829794
        },
        "scale": {
          "x": 1.0,
          "y": 1.0,
          "z": 1.0
        },
        "matrix_basis": [
          [
            0.999875009059906,
            0.015056892298161983,
            -0.0048166378401219845,
            0.0
          ],
          [
            -0.015517191030085087,
            0.9930087327957153,
            -0.11701641976833344,
            0.0
          ],
          [
            0.003021060023456812,
            0.11707653850317001,
            0.9931182861328125,
            0.0
          ],
          [
            0.0,
            0.0,
            0.0,
            1.0
          ]
        ],
        "rotation_mode": "QUATERNION"
      },
      "armature_space": {
        "head": {
          "x": 0.5509777069091797,
          "y": -0.058676332235336304,
          "z": 0.9891242384910583
        },
        "tail": {
          "x": 0.566175103187561,
          "y": -0.052187640219926834,
          "z": 1.0087465047836304
        }
      },
      "world_space": {
        "head": {
          "x": 0.5509777069091797,
          "y": 0.004567667841911316,
          "z": 1.9389781951904297
        },
        "tail": {
          "x": 0.566175103187561,
          "y": 0.011056359857320786,
          "z": 1.9586005210876465
        },
        "rotation_quaternion": {
          "w": 0.5781816840171814,
          "x": 0.6085454225540161,
          "y": 0.5405310988426208,
          "z": 0.05660834163427353
        },
        "matrix": [
          [
            0.40923941135406494,
            0.5924152135848999,
            0.6939505338668823,
            0.5509777069091797
          ],
          [
            0.7233375906944275,
            0.2529382109642029,
            -0.6424992680549622,
            0.004567667841911316
          ],
          [
            -0.5561560392379761,
            0.7649017572402954,
            -0.32500678300857544,
            1.9389781951904297
          ],
          [
            0.0,
            0.0,
            0.0,
            1.0
          ]
        ]
      },
      "bone_length_armature_space": 0.025653407649839963,
      "parent": "index_01_l",
      "has_children": true,
      "is_end_bone": false
    },
    "index_03_l": {
      "name": "index_03_l",
      "local": {
        "location": {
          "x": 0.0,
          "y": 0.0,
          "z": 0.0
        },
        "rotation_quaternion": {
          "w": 0.9998624324798584,
          "x": 0.014895529486238956,
          "y": 0.004406302236020565,
          "z": 0.005819933023303747
        },
        "scale": {
          "x": 1.0,
          "y": 1.0,
          "z": 1.0
        },
        "matrix_basis": [
          [
            0.9998934268951416,
            -0.011506996117532253,
            0.008984774351119995,
            0.0
          ],
          [
            0.011769533157348633,
            0.9994885325431824,
            -0.02973567135632038,
            0.0
          ],
          [
            -0.008638010360300541,
            0.02983824908733368,
            0.9995174407958984,
            0.0
          ],
          [
            0.0,
            0.0,
            0.0,
            1.0
          ]
        ],
        "rotation_mode": "QUATERNION"
      },
      "armature_space": {
        "head": {
          "x": 0.5661749839782715,
          "y": -0.05218757316470146,
          "z": 1.0087465047836304
        },
        "tail": {
          "x": 0.5866795778274536,
          "y": -0.045381199568510056,
          "z": 1.0284180641174316
        }
      },
      "world_space": {
        "head": {
          "x": 0.5661749839782715,
          "y": 0.011056426912546158,
          "z": 1.9586005210876465
        },
        "tail": {
          "x": 0.5866795778274536,
          "y": 0.017862800508737564,
          "z": 1.9782720804214478
        },
        "rotation_quaternion": {
          "w": 0.5201692581176758,
          "x": 0.6187886595726013,
          "y": 0.5881289839744568,
          "z": 0.025080084800720215
        },
        "matrix": [
          [
            0.30694693326950073,
            0.7017624974250793,
            0.6428942680358887,
            0.5661749839782715
          ],
          [
            0.7539488077163696,
            0.23294593393802643,
            -0.614245593547821,
            0.011056426912546158
          ],
          [
            -0.5808172821998596,
            0.6732547283172607,
            -0.4575946629047394,
            1.9586005210876465
          ],
          [
            0.0,
            0.0,
            0.0,
            1.0
          ]
        ]
      },
      "bone_length_armature_space": 0.029218749344986382,
      "parent": "index_02_l",
      "has_children": false,
      "is_end_bone": true
    },
    "metacarpal_pinky_l": {
      "name": "metacarpal_pinky_l",
      "local": {
        "location": {
          "x": 0.0,
          "y": 0.0,
          "z": 0.0
        },
        "rotation_quaternion": {
          "w": 0.9993218779563904,
          "x": -0.03190535306930542,
          "y": 0.005795319098979235,
          "z": 0.01744922809302807
        },
        "scale": {
          "x": 1.0,
          "y": 1.0,
          "z": 1.0
        },
        "matrix_basis": [
          [
            0.9993239045143127,
            -0.035244595259428024,
            0.010469330474734306,
            0.0
          ],
          [
            0.03450498729944229,
            0.9973551630973816,
            0.0639696791768074,
            0.0
          ],
          [
            -0.012696226127445698,
            -0.06356518715620041,
            0.9978969097137451,
            0.0
          ],
          [
            0.0,
            0.0,
            0.0,
            1.0
          ]
        ],
        "rotation_mode": "QUATERNION"
      },
      "armature_space": {
        "head": {
          "x": 0.4704514741897583,
          "y": -0.04058428108692169,
          "z": 0.8725223541259766
        },
        "tail": {
          "x": 0.5351510643959045,
          "y": -0.000889413058757782,
          "z": 0.9438074827194214
        }
      },
      "world_space": {
        "head": {
          "x": 0.4704514741897583,
          "y": 0.022659718990325928,
          "z": 1.8223763704299927
        },
        "tail": {
          "x": 0.5351510643959045,
          "y": 0.06235458701848984,
          "z": 1.8936614990234375
        },
        "rotation_quaternion": {
          "w": 0.7813296914100647,
          "x": 0.259916752576828,
          "y": -0.28306424617767334,
          "z": -0.4917743504047394
        },
        "matrix": [
          [
            0.3560633957386017,
            0.6213301420211792,
            -0.6979739665985107,
            0.4704514741897583
          ],
          [
            -0.9156225919723511,
            0.3812021315097809,
            -0.12775157392024994,
            0.022659718990325928
          ],
          [
            0.1866937279701233,
            0.6845733523368835,
            0.704640805721283,
            1.8223763704299927
          ],
          [
            0.0,
            0.0,
            0.0,
            1.0
          ]
        ]
      },
      "bone_length_armature_space": 0.10413111599115404,
      "parent": "lowerarm_l",
      "has_children": true,
      "is_end_bone": false
    },
    "pinky_01_l": {
      "name": "pinky_01_l",
      "local": {
        "location": {
          "x": 0.0,
          "y": 0.0,
          "z": 0.0
        },
        "rotation_quaternion": {
          "w": 0.9975422024726868,
          "x": -0.06738203018903732,
          "y": -0.0022739453706890345,
          "z": -0.01908157579600811
        },
        "scale": {
          "x": 1.0,
          "y": 1.0,
          "z": 1.0
        },
        "matrix_basis": [
          [
            0.9992614388465881,
            0.03837579861283302,
            -0.0019652023911476135,
            0.0
          ],
          [
            -0.03776290640234947,
            0.9901911020278931,
            0.13451962172985077,
            0.0
          ],
          [
            0.007108223624527454,
            -0.13434605300426483,
            0.9909089803695679,
            0.0
          ],
          [
            0.0,
            0.0,
            0.0,
            1.0
          ]
        ],
        "rotation_mode": "QUATERNION"
      },
      "armature_space": {
        "head": {
          "x": 0.5351510643959045,
          "y": -0.000889413058757782,
          "z": 0.9438074827194214
        },
        "tail": {
