{
  "metadata": {
    "armature_name": "KIM_caucasian_male",
    "export_time": "2026-01-13T21:01:17.990479",
    "blender_version": "4.4.1",
    "bone_count": 56,
    "end_bone_count": 13,
    "spaces_included": [
      "LOCAL_CHANNELS",
      "ARMATURE_SPACE",
      "WORLD_SPACE"
    ],
    "note": "LOCAL matches Transform panel; replay pose via local.matrix_basis for best fidelity."
  },
  "bones": {
    "Root": {
      "name": "Root",
      "local": {
        "location": {
          "x": 0.0,
          "y": 0.0,
          "z": 0.0
        },
        "rotation_quaternion": {
          "w": 0.9996978044509888,
          "x": 0.008525139652192593,
          "y": 0.015842795372009277,
          "z": 0.01675361767411232
        },
        "scale": {
          "x": 1.0,
          "y": 1.0,
          "z": 1.0
        },
        "matrix_basis": [
          [
            0.998936653137207,
            -0.03322698548436165,
            0.03196166828274727,
            0.0
          ],
          [
            0.03376723453402519,
            0.9992932677268982,
            -0.016514278948307037,
            0.0
          ],
          [
            -0.03139036148786545,
            0.017575975507497787,
            0.9993526339530945,
            0.0
          ],
          [
            0.0,
            0.0,
            0.0,
            1.0
          ]
        ],
        "rotation_mode": "QUATERNION"
      },
      "armature_space": {
        "head": {
          "x": 0.0,
          "y": 0.07072800397872925,
          "z": -0.009595036506652832
        },
        "tail": {
          "x": -0.002371605020016432,
          "y": -0.00011865794658660889,
          "z": -0.0012499047443270683
        }
      },
      "world_space": {
        "head": {
          "x": 0.0,
          "y": 0.13397200405597687,
          "z": 0.9402589797973633
        },
        "tail": {
          "x": -0.002371605020016432,
          "y": 0.06312534213066101,
          "z": 0.9486041069030762
        },
        "rotation_quaternion": {
          "w": 0.058841533958911896,
          "x": 0.9980010986328125,
          "y": -0.015648264437913895,
          "z": 0.01693546213209629
        },
        "matrix": [
          [
            0.998936653137207,
            -0.03322698548436165,
            0.03196166828274727,
            0.0
          ],
          [
            -0.029240939766168594,
            -0.9925855994224548,
            -0.1179782897233963,
            0.13397200405597687
          ],
          [
            0.035644978284835815,
            0.11691811680793762,
            -0.9925087690353394,
            0.9402589797973633
          ],
          [
            0.0,
            0.0,
            0.0,
            1.0
          ]
        ]
      },
      "bone_length_armature_space": 0.07137587217861559,
      "parent": null,
      "has_children": true,
      "is_end_bone": false
    },
    "spine_01": {
      "name": "spine_01",
      "local": {
        "location": {
          "x": 0.0,
          "y": 0.0,
          "z": 0.0
        },
        "rotation_quaternion": {
          "w": 0.9983645677566528,
          "x": 0.05703471973538399,
          "y": -0.003831184469163418,
          "z": 0.0007354257395491004
        },
        "scale": {
          "x": 1.0,
          "y": 1.0,
          "z": 1.0
        },
        "matrix_basis": [
          [
            0.9999695420265198,
            -0.0019054670119658113,
            -0.0075659481808543205,
            0.0
          ],
          [
            0.0010314249666407704,
            0.9934930205345154,
            -0.11388852447271347,
            0.0
          ],
          [
            0.007733727339655161,
            0.11387725174427032,
            0.9934647083282471,
            0.0
          ],
          [
            0.0,
            0.0,
            0.0,
            1.0
          ]
        ],
        "rotation_mode": "QUATERNION"
      },
      "armature_space": {
        "head": {
          "x": -0.002371605020016432,
          "y": -0.00011865794658660889,
          "z": -0.0012499047443270683
        },
        "tail": {
          "x": -0.02183646336197853,
          "y": -0.04097078740596771,
          "z": 0.484652042388916
        }
      },
      "world_space": {
        "head": {
          "x": -0.002371605020016432,
          "y": 0.06312534213066101,
          "z": 0.9486041069030762
        },
        "tail": {
          "x": -0.02183646336197853,
          "y": 0.022273212671279907,
          "z": 1.4345060586929321
        },
        "rotation_quaternion": {
          "w": 0.6763597726821899,
          "x": 0.7361084222793579,
          "y": -0.026090728119015694,
          "z": 0.0010908887488767505
        },
        "matrix": [
          [
            0.9986361265182495,
            -0.03988690301775932,
            -0.033687666058540344,
            -0.002371605020016432
          ],
          [
            -0.03693578764796257,
            -0.08371316641569138,
            -0.9958052039146423,
            0.06312534213066101
          ],
          [
            0.03689970821142197,
            0.9956982135772705,
            -0.08507376909255981,
            0.9486041069030762
          ],
          [
            0.0,
            0.0,
            0.0,
            1.0
          ]
        ]
      },
      "bone_length_armature_space": 0.48800459084199876,
      "parent": "Root",
      "has_children": true,
      "is_end_bone": false
    },
    "neck_01": {
      "name": "neck_01",
      "local": {
        "location": {
          "x": 0.0,
          "y": 0.0,
          "z": 0.0
        },
        "rotation_quaternion": {
          "w": 0.988326907157898,
          "x": 0.05930611118674278,
          "y": 0.08285688608884811,
          "z": -0.11325856298208237
        },
        "scale": {
          "x": 1.0,
          "y": 1.0,
          "z": 1.0
        },
        "matrix_basis": [
          [
            0.9606144428253174,
            0.23370081186294556,
            0.15034553408622742,
            0.0
          ],
          [
            -0.21404513716697693,
            0.9673105478286743,
            -0.13599614799022675,
            0.0
          ],
          [
            -0.17721323668956757,
            0.0984591469168663,
            0.979235053062439,
            0.0
          ],
          [
            0.0,
            0.0,
            0.0,
            1.0
          ]
        ],
        "rotation_mode": "QUATERNION"
      },
      "armature_space": {
        "head": {
          "x": -0.025925224646925926,
          "y": -0.08163510262966156,
          "z": 0.5546051859855652
        },
        "tail": {
          "x": -0.007106654345989227,
          "y": -0.1367298662662506,
          "z": 0.6389920711517334
        }
      },
      "world_space": {
        "head": {
          "x": -0.025925224646925926,
          "y": -0.01839110255241394,
          "z": 1.5044591426849365
        },
        "tail": {
          "x": -0.007106654345989227,
          "y": -0.07348586618900299,
          "z": 1.5888460874557495
        },
        "rotation_quaternion": {
          "w": 0.4670901894569397,
          "x": 0.8765591979026794,
          "y": 0.11457531899213791,
          "z": 0.018526053056120872
        },
        "matrix": [
          [
            0.9730584621429443,
            0.18355759978294373,
            0.13951298594474792,
            -0.025925224646925926
          ],
          [
            0.2181713730096817,
            -0.537398099899292,
            -0.8146194815635681,
            -0.01839110255241394
          ],
          [
            -0.07455585896968842,
            0.8231151103973389,
            -0.5629714727401733,
            1.5044591426849365
          ],
          [
            0.0,
            0.0,
            0.0,
            1.0
          ]
        ]
      },
      "bone_length_armature_space": 0.1025217911672772,
      "parent": "spine_01",
      "has_children": true,
      "is_end_bone": false
    },
    "head": {
      "name": "head",
      "local": {
        "location": {
          "x": 0.0,
          "y": 0.0,
          "z": 0.0
        },
        "rotation_quaternion": {
          "w": 0.9697110056877136,
          "x": -0.16494430601596832,
          "y": -0.03624337166547775,
          "z": 0.17646634578704834
        },
        "scale": {
          "x": 1.0,
          "y": 1.0,
          "z": 1.0
        },
        "matrix_basis": [
          [
            0.9350920915603638,
            -0.33028644323349,
            -0.1285054236650467,
            0.0
          ],
          [
            0.35419899225234985,
            0.8833060264587402,
            0.307105153799057,
            0.0
          ],
          [
            0.012076955288648605,
            -0.3326880931854248,
            0.9429596066474915,
            0.0
          ],
          [
            0.0,
            0.0,
            0.0,
            1.0
          ]
        ],
        "rotation_mode": "QUATERNION"
      },
      "armature_space": {
        "head": {
          "x": -0.007106645032763481,
          "y": -0.13672995567321777,
          "z": 0.6389919519424438
        },
        "tail": {
          "x": -0.05051647126674652,
          "y": -0.12682238221168518,
          "z": 0.787554144859314
        }
      },
      "world_space": {
        "head": {
          "x": -0.007106645032763481,
          "y": -0.07348595559597015,
          "z": 1.58884596824646
        },
        "tail": {
          "x": -0.05051647126674652,
          "y": -0.06357838213443756,
          "z": 1.73740816116333
        },
        "rotation_quaternion": {
          "w": 0.7267917990684509,
          "x": 0.6704260110855103,
          "y": -0.06094803288578987,
          "z": 0.13633762300014496
        },
        "matrix": [
          [
            0.9553946256637573,
            -0.2799004912376404,
            0.0942171961069107,
            -0.007106645032763481
          ],
          [
            0.1164577528834343,
            0.06388264894485474,
            -0.99113929271698,
            -0.07348595559597015
          ],
          [
            0.2714034914970398,
            0.957908034324646,
            0.0936293751001358,
            1.58884596824646
          ],
          [
            0.0,
            0.0,
            0.0,
            1.0
          ]
        ]
      },
      "bone_length_armature_space": 0.15509125495048295,
      "parent": "neck_01",
      "has_children": false,
      "is_end_bone": true
    },
    "upperarm_l": {
      "name": "upperarm_l",
      "local": {
        "location": {
          "x": 0.0,
          "y": 0.0,
          "z": 0.0
        },
        "rotation_quaternion": {
          "w": 0.9186848402023315,
          "x": 0.3308832347393036,
          "y": -0.20561528205871582,
          "z": -0.0652443915605545
        },
        "scale": {
          "x": 1.0,
          "y": 1.0,
          "z": 1.0
        },
        "matrix_basis": [
          [
            0.9069310426712036,
            -0.016191232949495316,
            -0.42096784710884094,
            0.0
          ],
          [
            -0.2559473514556885,
            0.7725189328193665,
            -0.5811243057250977,
            0.0
          ],
          [
            0.33461472392082214,
            0.6347852945327759,
            0.6964772939682007,
            0.0
          ],
          [
            0.0,
            0.0,
            0.0,
            1.0
          ]
        ],
        "rotation_mode": "QUATERNION"
      },
      "armature_space": {
        "head": {
          "x": 0.12644347548484802,
          "y": -0.0847250446677208,
          "z": 0.4929501414299011
        },
        "tail": {
          "x": 0.33434244990348816,
          "y": -0.25348392128944397,
          "z": 0.48265013098716736
        }
      },
      "world_space": {
        "head": {
          "x": 0.12644347548484802,
          "y": -0.021481044590473175,
          "z": 1.4428040981292725
        },
        "tail": {
          "x": 0.33434244990348816,
          "y": -0.19023992121219635,
          "z": 1.4325041770935059
        },
        "rotation_quaternion": {
          "w": 0.3408912718296051,
          "x": 0.5146949887275696,
          "y": 0.26250413060188293,
          "z": -0.7416021823883057
        },
        "matrix": [
          [
            -0.23776401579380035,
            0.7758309245109558,
            -0.5844267010688782,
            0.12644347548484802
          ],
          [
            -0.23539340496063232,
            -0.6297691464424133,
            -0.7402575016021729,
            -0.021481044590473175
          ],
          [
            -0.9423752427101135,
            -0.03843730315566063,
            0.3323636054992676,
            1.4428040981292725
          ],
          [
            0.0,
            0.0,
            0.0,
            1.0
          ]
        ]
      },
      "bone_length_armature_space": 0.2679694570178945,
      "parent": "spine_01",
      "has_children": true,
      "is_end_bone": false
    },
    "lowerarm_l": {
      "name": "lowerarm_l",
      "local": {
        "location": {
          "x": 0.0,
          "y": 0.0,
          "z": 0.0
        },
        "rotation_quaternion": {
          "w": 0.8782438039779663,
          "x": 0.4222980737686157,
          "y": -0.20825406908988953,
          "z": 0.08356090635061264
        },
        "scale": {
          "x": 1.0,
          "y": 1.0,
          "z": 1.0
        },
        "matrix_basis": [
          [
            0.8992956280708313,
            -0.3226642906665802,
            -0.2952204644680023,
            0.0
          ],
          [
            -0.029116887599229813,
            0.6293638348579407,
            -0.7765651345252991,
            0.0
          ],
          [
            0.4363709092140198,
            0.7069575190544128,
            0.5565891861915588,
            0.0
          ],
          [
            0.0,
            0.0,
            0.0,
            1.0
          ]
        ],
        "rotation_mode": "QUATERNION"
      },
      "armature_space": {
        "head": {
          "x": 0.33434250950813293,
          "y": -0.25348398089408875,
          "z": 0.4826502501964569
        },
        "tail": {
          "x": 0.3584095239639282,
          "y": -0.4546237587928772,
          "z": 0.6573880314826965
        }
      },
      "world_space": {
        "head": {
          "x": 0.33434250950813293,
          "y": -0.19023998081684113,
          "z": 1.4325042963027954
        },
        "tail": {
          "x": 0.3584095239639282,
          "y": -0.39137977361679077,
          "z": 1.6072421073913574
        },
        "rotation_quaternion": {
          "w": 0.20284633338451385,
          "x": 0.4295312166213989,
          "y": -0.28796812891960144,
          "z": -0.831523060798645
        },
        "matrix": [
          [
            -0.5487127900123596,
            0.08996185660362244,
            -0.8311564922332764,
            0.33434250950813293
          ],
          [
            -0.5847259759902954,
            -0.7518556118011475,
            0.3046455979347229,
            -0.19023998081684113
          ],
          [
            -0.5975077748298645,
            0.6531655788421631,
            0.46515941619873047,
            1.4325042963027954
          ],
          [
            0.0,
            0.0,
            0.0,
            1.0
          ]
        ]
      },
      "bone_length_armature_space": 0.2675251838770342,
      "parent": "upperarm_l",
      "has_children": true,
      "is_end_bone": false
    },
    "metacarpal_thumb_l": {
      "name": "metacarpal_thumb_l",
      "local": {
        "location": {
          "x": 0.0,
          "y": 0.0,
          "z": 0.0
        },
        "rotation_quaternion": {
          "w": 0.9996002912521362,
          "x": -0.012354432605206966,
          "y": -0.015391342341899872,
          "z": -0.02024095132946968
        },
        "scale": {
          "x": 1.0,
          "y": 1.0,
          "z": 1.0
        },
        "matrix_basis": [
          [
            0.9987068176269531,
            0.040846023708581924,
            -0.030270250514149666,
            0.0
          ],
          [
            -0.04008542001247406,
            0.9988753199577332,
            0.02532205916941166,
            0.0
          ],
          [
            0.03127051144838333,
            -0.024075917899608612,
            0.9992209672927856,
            0.0
          ],
          [
            0.0,
            0.0,
            0.0,
            1.0
          ]
        ],
        "rotation_mode": "QUATERNION"
      },
      "armature_space": {
        "head": {
          "x": 0.3584095239639282,
          "y": -0.4546237587928772,
          "z": 0.6573880314826965
        },
        "tail": {
          "x": 0.33478114008903503,
          "y": -0.4812915325164795,
          "z": 0.6917992234230042
        }
      },
      "world_space": {
        "head": {
          "x": 0.3584095239639282,
          "y": -0.39137977361679077,
          "z": 1.6072421073913574
        },
        "tail": {
          "x": 0.33478114008903503,
          "y": -0.41804754734039307,
          "z": 1.641653299331665
        },
        "rotation_quaternion": {
          "w": 0.33040621876716614,
          "x": 0.8576337695121765,
          "y": -0.34877389669418335,
          "z": -0.1834474802017212
        },
        "matrix": [
          [
            0.6894067525863647,
            -0.4770165681838989,
            -0.5451360940933228,
            0.3584095239639282
          ],
          [
            -0.7194656729698181,
            -0.5383766889572144,
            -0.4387708902359009,
            -0.39137977361679077
          ],
          [
            -0.08418887108564377,
            0.6947026252746582,
            -0.7143629193305969,
            1.6072421073913574
          ],
          [
            0.0,
            0.0,
            0.0,
            1.0
          ]
        ]
      },
      "bone_length_armature_space": 0.0495338344463799,
      "parent": "lowerarm_l",
      "has_children": true,
      "is_end_bone": false
    },
    "thumb_01_l": {
      "name": "thumb_01_l",
      "local": {
        "location": {
          "x": 0.0,
          "y": 0.0,
          "z": 0.0
        },
        "rotation_quaternion": {
          "w": 0.9808520078659058,
          "x": 0.19358763098716736,
          "y": -0.00221954844892025,
          "z": -0.02117297798395157
        },
        "scale": {
          "x": 1.0,
          "y": 1.0,
          "z": 1.0
        },
        "matrix_basis": [
          [
            0.9990935325622559,
            0.04067576304078102,
            -0.012551750056445599,
            0.0
          ],
          [
            -0.04239447042346001,
            0.9241510629653931,
            -0.37966763973236084,
            0.0
          ],
          [
            -0.00384355615824461,
            0.3798556327819824,
            0.9250378012657166,
            0.0
          ],
          [
            0.0,
            0.0,
            0.0,
            1.0
          ]
        ],
        "rotation_mode": "QUATERNION"
      },
      "armature_space": {
        "head": {
          "x": 0.33478114008903503,
          "y": -0.4812915325164795,
          "z": 0.6917992234230042
        },
        "tail": {
          "x": 0.3172578811645508,
          "y": -0.5104249119758606,
          "z": 0.6901241540908813
        }
      },
      "world_space": {
        "head": {
          "x": 0.33478114008903503,
          "y": -0.41804754734039307,
          "z": 1.641653299331665
        },
        "tail": {
          "x": 0.3172578811645508,
          "y": -0.44718092679977417,
          "z": 1.6399781703948975
        },
        "rotation_quaternion": {
          "w": 0.16487479209899902,
          "x": 0.7004193663597107,
          "y": -0.21182428300380707,
          "z": 0.6613315939903259
        },
        "matrix": [
          [
            0.03554162383079529,
            -0.5148062705993652,
            0.8565694689750671,
            0.33478114008903503
          ],
          [
            -0.07865754514932632,
            -0.8558933138847351,
            -0.5111360549926758,
            -0.41804754734039307
          ],
          [
            0.9962746500968933,
            -0.04921017959713936,
            -0.07091417908668518,
            1.641653299331665
          ],
          [
            0.0,
            0.0,
            0.0,
            1.0
          ]
        ]
      },
      "bone_length_armature_space": 0.03403856978946628,
      "parent": "metacarpal_thumb_l",
      "has_children": true,
      "is_end_bone": false
    },
    "thumb_02_l": {
      "name": "thumb_02_l",
      "local": {
        "location": {
          "x": 0.0,
          "y": 0.0,
          "z": 0.0
        },
        "rotation_quaternion": {
          "w": 0.9259608387947083,
          "x": 0.3774096965789795,
          "y": -0.005135426763445139,
          "z": -0.011495286598801613
        },
        "scale": {
          "x": 1.0,
          "y": 1.0,
          "z": 1.0
        },
        "matrix_basis": [
          [
            0.9996829628944397,
            0.017412051558494568,
            -0.018187273293733597,
            0.0
          ],
          [
            -0.025164689868688583,
            0.7148595452308655,
            -0.698815107345581,
            0.0
          ],
          [
            0.0008335429010912776,
            0.6990512609481812,
            0.7150710821151733,
            0.0
          ],
          [
            0.0,
            0.0,
            0.0,
            1.0
          ]
        ],
        "rotation_mode": "QUATERNION"
      },
      "armature_space": {
        "head": {
          "x": 0.3172578513622284,
          "y": -0.5104248523712158,
          "z": 0.6901241540908813
        },
        "tail": {
          "x": 0.34799230098724365,
          "y": -0.518246591091156,
          "z": 0.7147696614265442
        }
      },
      "world_space": {
        "head": {
          "x": 0.3172578513622284,
          "y": -0.4471808671951294,
          "z": 1.6399781703948975
        },
        "tail": {
          "x": 0.34799230098724365,
          "y": -0.4550026059150696,
          "z": 1.664623737335205
        },
        "rotation_quaternion": {
          "w": 0.15066102147102356,
          "x": -0.47092974185943604,
          "y": -0.6163845658302307,
          "z": -0.6128593683242798
        },
        "matrix": [
          [
            -0.5110511183738708,
            0.7652159929275513,
            0.391498863697052,
            0.3172578513622284
          ],
          [
            0.39588311314582825,
            -0.19474253058433533,
            0.8974142074584961,
            -0.4471808671951294
          ],
          [
            0.7629626393318176,
            0.6136161684989929,
            -0.20341314375400543,
            1.6399781703948975
          ],
          [
            0.0,
            0.0,
            0.0,
            1.0
          ]
        ]
      },
      "bone_length_armature_space": 0.040164499156245405,
      "parent": "thumb_01_l",
      "has_children": true,
      "is_end_bone": false
    },
    "thumb_03_l": {
      "name": "thumb_03_l",
      "local": {
        "location": {
          "x": 0.0,
          "y": 0.0,
          "z": 0.0
        },
        "rotation_quaternion": {
          "w": 0.9808831214904785,
          "x": 0.194453164935112,
          "y": -0.006543906405568123,
          "z": -0.0036810096353292465
        },
        "scale": {
          "x": 1.0,
          "y": 1.0,
          "z": 1.0
        },
        "matrix_basis": [
          [
            0.999887228012085,
            0.004676313605159521,
            -0.014269182458519936,
            0.0
          ],
          [
            -0.009766247123479843,
            0.9243488311767578,
            -0.3814234733581543,
            0.0
          ],
          [
            0.011406046338379383,
            0.3815198242664337,
            0.9242902994155884,
            0.0
          ],
          [
            0.0,
            0.0,
            0.0,
            1.0
          ]
        ],
        "rotation_mode": "QUATERNION"
      },
      "armature_space": {
        "head": {
          "x": 0.3479922115802765,
          "y": -0.518246591091156,
          "z": 0.714769721031189
        },
        "tail": {
          "x": 0.3737795948982239,
          "y": -0.5067910552024841,
          "z": 0.7262009978294373
        }
      },
      "world_space": {
        "head": {
          "x": 0.3479922115802765,
          "y": -0.4550026059150696,
          "z": 1.664623737335205
        },
        "tail": {
          "x": 0.3737795948982239,
          "y": -0.4435470700263977,
          "z": 1.6760549545288086
        },
        "rotation_quaternion": {
          "w": 0.44422999024391174,
          "x": -0.30996671319007874,
          "y": -0.7005673050880432,
          "z": -0.4645274579524994
        },
        "matrix": [
          [
            -0.413161039352417,
            0.8470189571380615,
            -0.33445030450820923,
            0.3479922115802765
          ],
          [
            0.021593205630779266,
            0.37627118825912476,
            0.9262582063674927,
            -0.4550026059150696
          ],
          [
            0.9104082584381104,
            0.3754747807979584,
            -0.17375066876411438,
            1.664623737335205
          ],
          [
            0.0,
            0.0,
            0.0,
            1.0
          ]
        ]
      },
      "bone_length_armature_space": 0.03044490936032946,
      "parent": "thumb_02_l",
      "has_children": false,
      "is_end_bone": true
    },
    "metacarpal_index_l": {
      "name": "metacarpal_index_l",
      "local": {
        "location": {
          "x": 0.0,
          "y": 0.0,
          "z": 0.0
        },
        "rotation_quaternion": {
          "w": 0.9997603893280029,
          "x": 0.011413713917136192,
          "y": -0.0054331994615495205,
          "z": -0.017872191965579987
        },
        "scale": {
          "x": 1.0,
          "y": 1.0,
          "z": 1.0
        },
        "matrix_basis": [
          [
            0.9993021488189697,
            0.03561179339885712,
            -0.011271771043539047,
            0.0
          ],
          [
            -0.0358598455786705,
            0.9991006255149841,
            -0.022627752274274826,
            0.0
          ],
          [
            0.010455818846821785,
            0.02301616407930851,
            0.9996803998947144,
            0.0
          ],
          [
            0.0,
            0.0,
            0.0,
            1.0
          ]
        ],
        "rotation_mode": "QUATERNION"
      },
      "armature_space": {
        "head": {
          "x": 0.3584095239639282,
          "y": -0.4546237587928772,
          "z": 0.6573880314826965
        },
        "tail": {
          "x": 0.3344743251800537,
          "y": -0.5343959331512451,
          "z": 0.7398065328598022
        }
      },
      "world_space": {
        "head": {
          "x": 0.3584095239639282,
          "y": -0.39137977361679077,
          "z": 1.6072421073913574
        },
        "tail": {
          "x": 0.3344743251800537,
          "y": -0.4711519479751587,
          "z": 1.6896605491638184
        },
        "rotation_quaternion": {
          "w": 0.2655597925186157,
          "x": 0.776218831539154,
          "y": -0.2984473705291748,
          "z": -0.48774123191833496
        },
        "matrix": [
          [
            0.3460756242275238,
            -0.20427459478378296,
            -0.9156984090805054,
            0.3584095239639282
          ],
          [
            -0.722370445728302,
            -0.6808141469955444,
            -0.12113364040851593,
            -0.39137977361679077
          ],
          [
            -0.5986806750297546,
            0.7033990621566772,
            -0.3831777572631836,
            1.6072421073913574
          ],
          [
            0.0,
            0.0,
            0.0,
            1.0
          ]
        ]
      },
      "bone_length_armature_space": 0.1171721090700279,
      "parent": "lowerarm_l",
      "has_children": true,
      "is_end_bone": false
    },
    "index_01_l": {
      "name": "index_01_l",
      "local": {
        "location": {
          "x": 0.0,
          "y": 0.0,
          "z": 0.0
        },
        "rotation_quaternion": {
          "w": 0.9714991450309753,
          "x": 0.23692291975021362,
          "y": -0.007494451478123665,
          "z": 0.0008760109776630998
        },
        "scale": {
          "x": 1.0,
          "y": 1.0,
          "z": 1.0
        },
        "matrix_basis": [
          [
            0.999886155128479,
            -0.005253302399069071,
            -0.014146612025797367,
            0.0
          ],
          [
            -0.0018491267692297697,
            0.887733519077301,
            -0.4603539705276489,
            0.0
          ],
          [
            0.014976800419390202,
            0.460327684879303,
            0.8876227140426636,
            0.0
          ],
          [
            0.0,
            0.0,
            0.0,
            1.0
          ]
        ],
        "rotation_mode": "QUATERNION"
      },
      "armature_space": {
        "head": {
          "x": 0.3344743251800537,
          "y": -0.5343959331512451,
          "z": 0.7398065328598022
        },
        "tail": {
          "x": 0.3237258195877075,
          "y": -0.5594221949577332,
          "z": 0.7482460141181946
        }
      },
      "world_space": {
        "head": {
          "x": 0.3344743251800537,
          "y": -0.4711519479751587,
          "z": 1.6896605491638184
        },
        "tail": {
          "x": 0.3237258195877075,
          "y": -0.49617820978164673,
          "z": 1.6981000900268555
        },
        "rotation_quaternion": {
          "w": 0.03218260407447815,
          "x": 0.8334780931472778,
          "y": -0.24520941078662872,
          "z": -0.49411648511886597
        },
        "matrix": [
          [
            0.3914424180984497,
            -0.3769509494304657,
            -0.8394526839256287,
            0.3344743251800537
          ],
          [
            -0.44055792689323425,
            -0.8776728510856628,
            0.1886782944202423,
            -0.4711519479751587
          ],
          [
            -0.8078932762145996,
            0.2959721088409424,
            -0.5096303224563599,
            1.6896605491638184
          ],
          [
            0.0,
            0.0,
            0.0,
            1.0
          ]
        ]
      },
      "bone_length_armature_space": 0.0285143648697493,
      "parent": "metacarpal_index_l",
      "has_children": true,
      "is_end_bone": false
    },
    "index_02_l": {
      "name": "index_02_l",
      "local": {
        "location": {
          "x": 0.0,
          "y": 0.0,
          "z": 0.0
        },
        "rotation_quaternion": {
          "w": 0.923718273639679,
          "x": 0.38301488757133484,
          "y": 0.005732913967221975,
          "z": -0.0033524571917951107
        },
        "scale": {
          "x": 1.0,
          "y": 1.0,
          "z": 1.0
        },
        "matrix_basis": [
          [
            0.9999117851257324,
            0.01058503519743681,
            0.008023113012313843,
            0.0
          ],
          [
            -0.0018018691334873438,
            0.7065767049789429,
            -0.7076341509819031,
            0.0
          ],
          [
            -0.01315927691757679,
            0.7075572609901428,
            0.7065334320068359,
            0.0
          ],
          [
            0.0,
            0.0,
            0.0,
            1.0
          ]
        ],
        "rotation_mode": "QUATERNION"
      },
      "armature_space": {
        "head": {
          "x": 0.32372531294822693,
          "y": -0.5594223737716675,
          "z": 0.7482461333274841
        },
        "tail": {
          "x": 0.3018350303173065,
          "y": -0.5724374055862427,
          "z": 0.7451614141464233
        }
      },
      "world_space": {
        "head": {
          "x": 0.32372531294822693,
          "y": -0.49617838859558105,
          "z": 1.6981000900268555
        },
        "tail": {
          "x": 0.3018350303173065,
          "y": -0.5091934204101562,
          "z": 1.6950154304504395
        },
        "rotation_quaternion": {
          "w": 0.28529876470565796,
          "x": -0.773059606552124,
          "y": 0.4061189591884613,
          "z": 0.39503276348114014
        },
        "matrix": [
          [
            0.3580325245857239,
            -0.853313684463501,
            -0.3790360689163208,
            0.32372531294822693
          ],
          [
            -0.40250495076179504,
            -0.5073429942131042,
            0.7619665861129761,
            -0.49617838859558105
          ],
          [
            -0.8425042033195496,
            -0.12024618685245514,
            -0.5251111388206482,
            1.6981000900268555
          ],
          [
            0.0,
            0.0,
            0.0,
            1.0
          ]
        ]
      },
      "bone_length_armature_space": 0.02565328482202774,
      "parent": "index_01_l",
      "has_children": true,
      "is_end_bone": false
    },
    "index_03_l": {
      "name": "index_03_l",
      "local": {
        "location": {
          "x": 0.0,
          "y": 0.0,
          "z": 0.0
        },
        "rotation_quaternion": {
          "w": 0.9669015407562256,
          "x": 0.2551339268684387,
          "y": 0.0011840210063382983,
          "z": 0.0025697490200400352
        },
        "scale": {
          "x": 1.0,
          "y": 1.0,
          "z": 1.0
        },
        "matrix_basis": [
          [
            0.9999839663505554,
            -0.004365220665931702,
            0.0036009238101541996,
            0.0
          ],
          [
            0.005573556292802095,
            0.8698001503944397,
            -0.49337267875671387,
            0.0
          ],
          [
            -0.0009784031426534057,
            0.49338486790657043,
            0.8698105812072754,
            0.0
          ],
          [
            0.0,
            0.0,
            0.0,
            1.0
          ]
        ],
        "rotation_mode": "QUATERNION"
      },
      "armature_space": {
        "head": {
          "x": 0.3018350899219513,
          "y": -0.5724374651908875,
          "z": 0.7451615333557129
        },
        "tail": {
          "x": 0.27632075548171997,
          "y": -0.5731866955757141,
          "z": 0.7309421300888062
        }
      },
      "world_space": {
        "head": {
          "x": 0.3018350899219513,
          "y": -0.509193480014801,
          "z": 1.695015549659729
        },
        "tail": {
          "x": 0.27632075548171997,
          "y": -0.5099427103996277,
          "z": 1.6807961463928223
        },
        "rotation_quaternion": {
          "w": 0.5122362971305847,
          "x": -0.6807506680488586,
          "y": 0.4741227626800537,
          "z": 0.22226136922836304
        },
        "matrix": [
          [
            0.4516136348247528,
            -0.8732196688652039,
            0.18311826884746552,
            0.3018350899219513
          ],
          [
            -0.4178211987018585,
            -0.025642722845077515,
            0.9081674218177795,
            -0.509193480014801
          ],
          [
            -0.788340151309967,
            -0.4866548180580139,
            -0.37643200159072876,
            1.695015549659729
          ],
          [
            0.0,
            0.0,
            0.0,
            1.0
          ]
        ]
      },
      "bone_length_armature_space": 0.0292187275346139,
      "parent": "index_02_l",
      "has_children": false,
      "is_end_bone": true
    },
    "metacarpal_pinky_l": {
      "name": "metacarpal_pinky_l",
      "local": {
        "location": {
          "x": 0.0,
          "y": 0.0,
          "z": 0.0
        },
        "rotation_quaternion": {
          "w": 0.9990948438644409,
          "x": -0.0413639210164547,
          "y": -0.008678223937749863,
          "z": 0.004828476347029209
        },
        "scale": {
          "x": 1.0,
          "y": 1.0,
          "z": 1.0
        },
        "matrix_basis": [
          [
            0.9998027682304382,
            -0.008930280804634094,
            -0.01774018630385399,
            0.0
          ],
          [
            0.010366142727434635,
            0.9965314269065857,
            0.08256915211677551,
            0.0
          ],
          [
            0.016941288486123085,
            -0.08273676782846451,
            0.9964274168014526,
            0.0
          ],
          [
            0.0,
            0.0,
            0.0,
            1.0
          ]
        ],
        "rotation_mode": "QUATERNION"
      },
      "armature_space": {
        "head": {
          "x": 0.3584095239639282,
          "y": -0.4546237587928772,
          "z": 0.6573880314826965
        },
        "tail": {
          "x": 0.39121440052986145,
          "y": -0.5437522530555725,
          "z": 0.700086772441864
        }
      },
      "world_space": {
        "head": {
          "x": 0.3584095239639282,
          "y": -0.39137977361679077,
          "z": 1.6072421073913574
        },
        "tail": {
          "x": 0.39121440052986145,
          "y": -0.4805082678794861,
          "z": 1.6499407291412354
        },
        "rotation_quaternion": {
          "w": 0.10937169194221497,
          "x": -0.22466139495372772,
          "y": -0.24509869515895844,
          "z": -0.936745285987854
        },
        "matrix": [
          [
            -0.8751303553581238,
            0.315035343170166,
            0.367286741733551,
            0.3584095239639282
          ],
          [
            -0.09477872401475906,
            -0.8559288382530212,
            0.5083336234092712,
            -0.39137977361679077
          ],
          [
            0.4745177626609802,
            0.4100492000579834,
            0.7789137363433838,
            1.6072421073913574
          ],
          [
            0.0,
            0.0,
            0.0,
            1.0
          ]
        ]
      },
      "bone_length_armature_space": 0.10413083370369054,
      "parent": "lowerarm_l",
      "has_children": true,
      "is_end_bone": false
    },
    "pinky_01_l": {
      "name": "pinky_01_l",
      "local": {
        "location": {
          "x": 0.0,
          "y": 0.0,
          "z": 0.0
        },
        "rotation_quaternion": {
          "w": 0.9431380033493042,
          "x": 0.33191603422164917,
          "y": 0.017789408564567566,
          "z": 0.002475419081747532
        },
        "scale": {
          "x": 1.0,
          "y": 1.0,
          "z": 1.0
        },
        "matrix_basis": [
          [
            0.9993548393249512,
            0.007139856461435556,
            0.03519899770617485,
            0.0
          ],
          [
            0.01647850312292576,
            0.7796512246131897,
            -0.6259971857070923,
            0.0
          ],
          [
            -0.03191247209906578,
            0.6261733174324036,
            0.7790305614471436,
            0.0
          ],
          [
            0.0,
            0.0,
            0.0,
            1.0
          ]
        ],
        "rotation_mode": "QUATERNION"
      },
      "armature_space": {
        "head": {
          "x": 0.39121440052986145,
          "y": -0.5437522530555725,
          "z": 0.700086772441864
        },
        "tail": {
