{
  "metadata": {
    "armature_name": "KIM_caucasian_male",
    "export_time": "2026-01-13T21:16:23.673577",
    "blender_version": "4.4.1",
    "bone_count": 56,
    "end_bone_count": 13,
    "spaces_included": [
      "LOCAL_CHANNELS",
      "ARMATURE_SPACE",
      "WORLD_SPACE"
    ],
    "note": "LOCAL matches Transform panel; replay pose via local.matrix_basis for best fidelity."
  },
  "bones": {
    "Root": {
      "name": "Root",
      "local": {
        "location": {
          "x": 0.0,
          "y": 0.0,
          "z": 0.0
        },
        "rotation_quaternion": {
          "w": 0.9993517994880676,
          "x": 0.016374176368117332,
          "y": 0.016836201772093773,
          "z": -0.027286123484373093
        },
        "scale": {
          "x": 1.0,
          "y": 1.0,
          "z": 1.0
        },
        "matrix_basis": [
          [
            0.9979439973831177,
            0.05508822947740555,
            0.032757002860307693,
            0.0
          ],
          [
            -0.053985513746738434,
            0.997974693775177,
            -0.03364591300487518,
            0.0
          ],
          [
            -0.03454415127635002,
            0.031808335334062576,
            0.9988968372344971,
            0.0
          ],
          [
            0.0,
            0.0,
            0.0,
            1.0
          ]
        ],
        "rotation_mode": "QUATERNION"
      },
      "armature_space": {
        "head": {
          "x": 0.0,
          "y": 0.07072800397872925,
          "z": -0.009595036506652832
        },
        "tail": {
          "x": 0.003931970335543156,
          "y": -0.00016195327043533325,
          "z": -0.002269189339131117
        }
      },
      "world_space": {
        "head": {
          "x": 0.0,
          "y": 0.13397200405597687,
          "z": 0.9402589797973633
        },
        "tail": {
          "x": 0.003931970335543156,
          "y": 0.06308204680681229,
          "z": 0.9475848078727722
        },
        "rotation_quaternion": {
          "w": 0.05098702013492584,
          "x": 0.9981846213340759,
          "y": 0.02835836075246334,
          "z": 0.014959750697016716
        },
        "matrix": [
          [
            0.9979439973831177,
            0.05508822947740555,
            0.032757002860307693,
            0.0
          ],
          [
            0.05813925713300705,
            -0.993192195892334,
            -0.10094088315963745,
            0.13397200405597687
          ],
          [
            0.026973586529493332,
            0.10263758897781372,
            -0.994360089302063,
            0.9402589797973633
          ],
          [
            0.0,
            0.0,
            0.0,
            1.0
          ]
        ]
      },
      "bone_length_armature_space": 0.0713758664286403,
      "parent": null,
      "has_children": true,
      "is_end_bone": false
    },
    "spine_01": {
      "name": "spine_01",
      "local": {
        "location": {
          "x": 0.0,
          "y": 0.0,
          "z": 0.0
        },
        "rotation_quaternion": {
          "w": 0.9940817356109619,
          "x": 0.07653072476387024,
          "y": -0.05754154175519943,
          "z": 0.051317665725946426
        },
        "scale": {
          "x": 1.0,
          "y": 1.0,
          "z": 1.0
        },
        "matrix_basis": [
          [
            0.9881109595298767,
            -0.11083529889583588,
            -0.10654723644256592,
            0.0
          ],
          [
            0.09322051703929901,
            0.9830191135406494,
            -0.15806138515472412,
            0.0
          ],
          [
            0.12225674837827682,
            0.14624980092048645,
            0.9816640615463257,
            0.0
          ],
          [
            0.0,
            0.0,
            0.0,
            1.0
          ]
        ],
        "rotation_mode": "QUATERNION"
      },
      "armature_space": {
        "head": {
          "x": 0.003931970335543156,
          "y": -0.00016195327043533325,
          "z": -0.002269189339131117
        },
        "tail": {
          "x": -0.05925089120864868,
          "y": -0.06822732090950012,
          "z": 0.4768168330192566
        }
      },
      "world_space": {
        "head": {
          "x": 0.003931970335543156,
          "y": 0.06308204680681229,
          "z": 0.9475848078727722
        },
        "tail": {
          "x": -0.05925089120864868,
          "y": -0.0049833208322525024,
          "z": 1.426670789718628
        },
        "rotation_quaternion": {
          "w": 0.6528223752975464,
          "x": 0.7543859481811523,
          "y": -0.06390447914600372,
          "z": 0.025317281484603882
        },
        "matrix": [
          [
            0.9905503988265991,
            -0.1294727474451065,
            -0.04523935168981552,
            0.003931970335543156
          ],
          [
            -0.06336268037557602,
            -0.13947786390781403,
            -0.9881959557533264,
            0.06308204680681229
          ],
          [
            0.12163534015417099,
            0.9817311763763428,
            -0.14636552333831787,
            0.9475848078727722
          ],
          [
            0.0,
            0.0,
            0.0,
            1.0
          ]
        ]
      },
      "bone_length_armature_space": 0.4880044810774454,
      "parent": "Root",
      "has_children": true,
      "is_end_bone": false
    },
    "neck_01": {
      "name": "neck_01",
      "local": {
        "location": {
          "x": 0.0,
          "y": 0.0,
          "z": 0.0
        },
        "rotation_quaternion": {
          "w": 0.9931043386459351,
          "x": -0.0028074670117348433,
          "y": -0.10381076484918594,
          "z": -0.05439990013837814
        },
        "scale": {
          "x": 1.0,
          "y": 1.0,
          "z": 1.0
        },
        "matrix_basis": [
          [
            0.9725279808044434,
            0.10863244533538818,
            -0.2058843970298767,
            0.0
          ],
          [
            -0.10746666043996811,
            0.994065523147583,
            0.016870805993676186,
            0.0
          ],
          [
            0.20649529993534088,
            0.005718375090509653,
            0.9784308671951294,
            0.0
          ],
          [
            0.0,
            0.0,
            0.0,
            1.0
          ]
        ],
        "rotation_mode": "QUATERNION"
      },
      "armature_space": {
        "head": {
          "x": -0.07029961049556732,
          "y": -0.11271074414253235,
          "z": 0.5436216592788696
        },
        "tail": {
          "x": -0.07322149723768234,
          "y": -0.16534660756587982,
          "z": 0.6315515041351318
        }
      },
      "world_space": {
        "head": {
          "x": -0.07029961049556732,
          "y": -0.04946674406528473,
          "z": 1.4934756755828857
        },
        "tail": {
          "x": -0.07322149723768234,
          "y": -0.1021026074886322,
          "z": 1.581405520439148
        },
        "rotation_quaternion": {
          "w": 0.4893217980861664,
          "x": 0.866127610206604,
          "y": -0.062105774879455566,
          "z": -0.0808086022734642
        },
        "matrix": [
          [
            0.9792256951332092,
            -0.028500307351350784,
            -0.20076046884059906,
            -0.07029961049556732
          ],
          [
            -0.18666593730449677,
            -0.5134137868881226,
            -0.8375933170318604,
            -0.04946674406528473
          ],
          [
            -0.07920224219560623,
            0.8576733469963074,
            -0.5080722570419312,
            1.4934756755828857
          ],
          [
            0.0,
            0.0,
            0.0,
            1.0
          ]
        ]
      },
      "bone_length_armature_space": 0.10252184604027452,
      "parent": "spine_01",
      "has_children": true,
      "is_end_bone": false
    },
    "head": {
      "name": "head",
      "local": {
        "location": {
          "x": 0.0,
          "y": 0.0,
          "z": 0.0
        },
        "rotation_quaternion": {
          "w": 0.979865550994873,
          "x": -0.12903791666030884,
          "y": 0.08000238239765167,
          "z": -0.12966249883174896
        },
        "scale": {
          "x": 1.0,
          "y": 1.0,
          "z": 1.0
        },
        "matrix_basis": [
          [
            0.953574538230896,
            0.23345695436000824,
            0.19024591147899628,
            0.0
          ],
          [
            -0.27475032210350037,
            0.9330736994743347,
            0.23213300108909607,
            0.0
          ],
          [
            -0.12332040071487427,
            -0.2736262381076813,
            0.9538976550102234,
            0.0
          ],
          [
            0.0,
            0.0,
            0.0,
            1.0
          ]
        ],
        "rotation_mode": "QUATERNION"
      },
      "armature_space": {
        "head": {
          "x": -0.07322152704000473,
          "y": -0.16534671187400818,
          "z": 0.6315513849258423
        },
        "tail": {
          "x": -0.022713910788297653,
          "y": -0.15665951371192932,
          "z": 0.7779303193092346
        }
      },
      "world_space": {
        "head": {
          "x": -0.07322152704000473,
          "y": -0.10210271179676056,
          "z": 1.5814054012298584
        },
        "tail": {
          "x": -0.022713910788297653,
          "y": -0.0934155136346817,
          "z": 1.7277843952178955
        },
        "rotation_quaternion": {
          "w": 0.7174299359321594,
          "x": 0.6767780780792236,
          "y": 0.11532878130674362,
          "z": -0.11817324161529541
        },
        "matrix": [
          [
            0.9454687833786011,
            0.32566604018211365,
            0.005524724721908569,
            -0.07322152704000473
          ],
          [
            -0.013460271060466766,
            0.05601382255554199,
            -0.9983394742012024,
            -0.10210271179676056
          ],
          [
            -0.3254369795322418,
            0.9438309669494629,
            0.057342395186424255,
            1.5814054012298584
          ],
          [
            0.0,
            0.0,
            0.0,
            1.0
          ]
        ]
      },
      "bone_length_armature_space": 0.15509119830176715,
      "parent": "neck_01",
      "has_children": false,
      "is_end_bone": true
    },
    "upperarm_l": {
      "name": "upperarm_l",
      "local": {
        "location": {
          "x": 0.0,
          "y": 0.0,
          "z": 0.0
        },
        "rotation_quaternion": {
          "w": 0.9883586764335632,
          "x": 0.08163183182477951,
          "y": 0.09551413357257843,
          "z": 0.08579277247190475
        },
        "scale": {
          "x": 1.0,
          "y": 1.0,
          "z": 1.0
        },
        "matrix_basis": [
          [
            0.967033326625824,
            -0.15399406850337982,
            0.20281128585338593,
            0.0
          ],
          [
            0.18518204987049103,
            0.9719516634941101,
            -0.1449742168188095,
            0.0
          ],
          [
            -0.17479760944843292,
            0.17775189876556396,
            0.9684265851974487,
            0.0
          ],
          [
            0.0,
            0.0,
            0.0,
            1.0
          ]
        ],
        "rotation_mode": "QUATERNION"
      },
      "armature_space": {
        "head": {
          "x": 0.08684025704860687,
          "y": -0.11599263548851013,
          "z": 0.4954202473163605
        },
        "tail": {
          "x": 0.34114545583724976,
          "y": -0.1753663718700409,
          "z": 0.5555142164230347
        }
      },
      "world_space": {
        "head": {
          "x": 0.08684025704860687,
          "y": -0.05274863541126251,
          "z": 1.4452742338180542
        },
        "tail": {
          "x": 0.34114545583724976,
          "y": -0.11212237179279327,
          "z": 1.5053682327270508
        },
        "rotation_quaternion": {
          "w": 0.41613155603408813,
          "x": 0.686548113822937,
          "y": 0.46481096744537354,
          "z": -0.3734126389026642
        },
        "matrix": [
          [
            0.2890264689922333,
            0.9490081667900085,
            -0.12588508427143097,
            0.08684025704860687
          ],
          [
            0.3274535834789276,
            -0.22156909108161926,
            -0.9185214042663574,
            -0.05274863541126251
          ],
          [
            -0.89958256483078,
            0.22425678372383118,
            -0.37479889392852783,
            1.4452742338180542
          ],
          [
            0.0,
            0.0,
            0.0,
            1.0
          ]
        ]
      },
      "bone_length_armature_space": 0.2679695030680048,
      "parent": "spine_01",
      "has_children": true,
      "is_end_bone": false
    },
    "lowerarm_l": {
      "name": "lowerarm_l",
      "local": {
        "location": {
          "x": 0.0,
          "y": 0.0,
          "z": 0.0
        },
        "rotation_quaternion": {
          "w": 0.9777587056159973,
          "x": 0.16274893283843994,
          "y": -0.09675050526857376,
          "z": 0.09022206813097
        },
        "scale": {
          "x": 1.0,
          "y": 1.0,
          "z": 1.0
        },
        "matrix_basis": [
          [
            0.9649986624717712,
            -0.20792290568351746,
            -0.1598302125930786,
            0.0
          ],
          [
            0.14493873715400696,
            0.930745542049408,
            -0.3357164263725281,
            0.0
          ],
          [
            0.21856439113616943,
            0.3008003234863281,
            0.9283042550086975,
            0.0
          ],
          [
            0.0,
            0.0,
            0.0,
            1.0
          ]
        ],
        "rotation_mode": "QUATERNION"
      },
      "armature_space": {
        "head": {
          "x": 0.34114548563957214,
          "y": -0.17536649107933044,
          "z": 0.5555143356323242
        },
        "tail": {
          "x": 0.52617347240448,
          "y": -0.34623682498931885,
          "z": 0.6457217931747437
        }
      },
      "world_space": {
        "head": {
          "x": 0.34114548563957214,
          "y": -0.11212249100208282,
          "z": 1.5053683519363403
        },
        "tail": {
          "x": 0.52617347240448,
          "y": -0.2829928398132324,
          "z": 1.5955758094787598
        },
        "rotation_quaternion": {
          "w": 0.3714587092399597,
          "x": 0.7420914769172668,
          "y": 0.20655302703380585,
          "z": -0.5183189511299133
        },
        "matrix": [
          [
            0.37736284732818604,
            0.6916301846504211,
            -0.6158284544944763,
            0.34114548563957214
          ],
          [
            -0.07850505411624908,
            -0.6387091875076294,
            -0.7654330730438232,
            -0.11212249100208282
          ],
          [
            -0.9227384924888611,
            0.3371933698654175,
            -0.18673062324523926,
            1.5053683519363403
          ],
          [
            0.0,
            0.0,
            0.0,
            1.0
          ]
        ]
      },
      "bone_length_armature_space": 0.26752459728543343,
      "parent": "upperarm_l",
      "has_children": true,
      "is_end_bone": false
    },
    "metacarpal_thumb_l": {
      "name": "metacarpal_thumb_l",
      "local": {
        "location": {
          "x": 0.0,
          "y": 0.0,
          "z": 0.0
        },
        "rotation_quaternion": {
          "w": 0.999909520149231,
          "x": -0.002996272873133421,
          "y": 0.0024460218846797943,
          "z": 0.012891247868537903
        },
        "scale": {
          "x": 1.0,
          "y": 1.0,
          "z": 1.0
        },
        "matrix_basis": [
          [
            0.9996556639671326,
            -0.025794820860028267,
            0.004814349580556154,
            0.0
          ],
          [
            0.02576550468802452,
            0.999649703502655,
            0.006055068224668503,
            0.0
          ],
          [
            -0.004968852736055851,
            -0.0059289392083883286,
            0.9999700784683228,
            0.0
          ],
          [
            0.0,
            0.0,
            0.0,
            1.0
          ]
        ],
        "rotation_mode": "QUATERNION"
      },
      "armature_space": {
        "head": {
          "x": 0.52617347240448,
          "y": -0.34623682498931885,
          "z": 0.6457217931747437
        },
        "tail": {
          "x": 0.5373741388320923,
          "y": -0.39448249340057373,
          "z": 0.6450248956680298
        }
      },
      "world_space": {
        "head": {
          "x": 0.52617347240448,
          "y": -0.2829928398132324,
          "z": 1.5955758094787598
        },
        "tail": {
          "x": 0.5373741388320923,
          "y": -0.3312385082244873,
          "z": 1.594878911972046
        },
        "rotation_quaternion": {
          "w": 0.023518996313214302,
          "x": -0.9829631447792053,
          "y": -0.11157172918319702,
          "z": -0.1441599428653717
        },
        "matrix": [
          [
            0.9335392117500305,
            0.22612272202968597,
            0.27815958857536316,
            0.52617347240448
          ],
          [
            0.21256095170974731,
            -0.9739972352981567,
            0.07840470224618912,
            -0.2829928398132324
          ],
          [
            0.2886579632759094,
            -0.014069016091525555,
            -0.9573361873626709,
            1.5955758094787598
          ],
          [
            0.0,
            0.0,
            0.0,
            1.0
          ]
        ]
      },
      "bone_length_armature_space": 0.04953367635321149,
      "parent": "lowerarm_l",
      "has_children": true,
      "is_end_bone": false
    },
    "thumb_01_l": {
      "name": "thumb_01_l",
      "local": {
        "location": {
          "x": 0.0,
          "y": 0.0,
          "z": 0.0
        },
        "rotation_quaternion": {
          "w": 0.9998312592506409,
          "x": 0.0017780959606170654,
          "y": 0.013587083667516708,
          "z": -0.012235335074365139
        },
        "scale": {
          "x": 1.0,
          "y": 1.0,
          "z": 1.0
        },
        "matrix_basis": [
          [
            0.9993313550949097,
            0.024514859542250633,
            0.027126070111989975,
            0.0
          ],
          [
            -0.024418221786618233,
            0.999694287776947,
            -0.0038880768697708845,
            0.0
          ],
          [
            -0.027213092893362045,
            0.0032231067307293415,
            0.9996244311332703,
            0.0
          ],
          [
            0.0,
            0.0,
            0.0,
            1.0
          ]
        ],
        "rotation_mode": "QUATERNION"
      },
      "armature_space": {
        "head": {
          "x": 0.5373741388320923,
          "y": -0.39448249340057373,
          "z": 0.6450248956680298
        },
        "tail": {
          "x": 0.5457144975662231,
          "y": -0.4158952832221985,
          "z": 0.6199138164520264
        }
      },
      "world_space": {
        "head": {
          "x": 0.5373741388320923,
          "y": -0.3312385082244873,
          "z": 1.594878911972046
        },
        "tail": {
          "x": 0.5457144975662231,
          "y": -0.35265129804611206,
          "z": 1.5697678327560425
        },
        "rotation_quaternion": {
          "w": 0.36734098196029663,
          "x": -0.5821095705032349,
          "y": 0.22477386891841888,
          "z": -0.6896997690200806
        },
        "matrix": [
          [
            -0.052418358623981476,
            0.2450270652770996,
            0.9680980443954468,
            0.5373741388320923
          ],
          [
            -0.7683961987495422,
            -0.6290740370750427,
            0.11761424690485,
            -0.3312385082244873
          ],
          [
            0.6378277540206909,
            -0.7377235889434814,
            0.22125454246997833,
            1.594878911972046
          ],
          [
            0.0,
            0.0,
            0.0,
            1.0
          ]
        ]
      },
      "bone_length_armature_space": 0.03403873490576228,
      "parent": "metacarpal_thumb_l",
      "has_children": true,
      "is_end_bone": false
    },
    "thumb_02_l": {
      "name": "thumb_02_l",
      "local": {
        "location": {
          "x": 0.0,
          "y": 0.0,
          "z": 0.0
        },
        "rotation_quaternion": {
          "w": 0.9976886510848999,
          "x": 0.06705402582883835,
          "y": 0.010946515947580338,
          "z": -0.0012157215969637036
        },
        "scale": {
          "x": 1.0,
          "y": 1.0,
          "z": 1.0
        },
        "matrix_basis": [
          [
            0.9997574090957642,
            0.003893839195370674,
            0.021679392084479332,
            0.0
          ],
          [
            -0.0009578073513694108,
            0.9910045862197876,
            -0.1338246911764145,
            0.0
          ],
          [
            -0.022005466744303703,
            0.13377146422863007,
            0.9907678365707397,
            0.0
          ],
          [
            0.0,
            0.0,
            0.0,
            1.0
          ]
        ],
        "rotation_mode": "QUATERNION"
      },
      "armature_space": {
        "head": {
          "x": 0.5457144379615784,
          "y": -0.4158952534198761,
          "z": 0.6199138164520264
        },
        "tail": {
          "x": 0.5732256174087524,
          "y": -0.4426424205303192,
          "z": 0.631784200668335
        }
      },
      "world_space": {
        "head": {
          "x": 0.5457144379615784,
          "y": -0.3526512384414673,
          "z": 1.5697678327560425
        },
        "tail": {
          "x": 0.5732256174087524,
          "y": -0.3793984055519104,
          "z": 1.581638216972351
        },
        "rotation_quaternion": {
          "w": 0.3503963351249695,
          "x": -0.12133068591356277,
          "y": -0.21035945415496826,
          "z": -0.9045718908309937
        },
        "matrix": [
          [
            -0.7250024080276489,
            0.6849634647369385,
            0.07208524644374847,
            0.5457144379615784
          ],
          [
            -0.5828715562820435,
            -0.6659419536590576,
            0.46559852361679077,
            -0.3526512384414673
          ],
          [
            0.3669246435165405,
            0.2955450415611267,
            0.8820619583129883,
            1.5697678327560425
          ],
          [
            0.0,
            0.0,
            0.0,
            1.0
          ]
        ]
      },
      "bone_length_armature_space": 0.040164437201547214,
      "parent": "thumb_01_l",
      "has_children": true,
      "is_end_bone": false
    },
    "thumb_03_l": {
      "name": "thumb_03_l",
      "local": {
        "location": {
          "x": 0.0,
          "y": 0.0,
          "z": 0.0
        },
        "rotation_quaternion": {
          "w": 0.9968836307525635,
          "x": 0.0785100981593132,
          "y": -0.0064518689177930355,
          "z": 0.004212525207549334
        },
        "scale": {
          "x": 1.0,
          "y": 1.0,
          "z": 1.0
        },
        "matrix_basis": [
          [
            0.9998812675476074,
            -0.009411868639290333,
            -0.012202073819935322,
            0.0
          ],
          [
            0.00738572096452117,
            0.9876368641853333,
            -0.1565852165222168,
            0.0
          ],
          [
            0.013524976558983326,
            0.15647651255130768,
            0.9875890612602234,
            0.0
          ],
          [
            0.0,
            0.0,
            0.0,
            1.0
          ]
        ],
        "rotation_mode": "QUATERNION"
      },
      "armature_space": {
        "head": {
          "x": 0.5732254981994629,
          "y": -0.4426424503326416,
          "z": 0.6317841410636902
        },
        "tail": {
          "x": 0.5953688025474548,
          "y": -0.4532521665096283,
          "z": 0.6497842073440552
        }
      },
      "world_space": {
        "head": {
          "x": 0.5732254981994629,
          "y": -0.3793984651565552,
          "z": 1.5816380977630615
        },
        "tail": {
          "x": 0.5953688025474548,
          "y": -0.3900081515312195,
          "z": 1.5996382236480713
        },
        "rotation_quaternion": {
          "w": 0.48411789536476135,
          "x": 0.10184968262910843,
          "y": -0.30229905247688293,
          "z": -0.8147832751274109
        },
        "matrix": [
          [
            -0.5105116367340088,
            0.7273241877555847,
            -0.4586687684059143,
            0.5732254981994629
          ],
          [
            -0.850481390953064,
            -0.3484894335269928,
            0.3940005600452423,
            -0.3793984651565552
          ],
          [
            0.12672503292560577,
            0.5912350416183472,
            0.7964897155761719,
            1.5816380977630615
          ],
          [
            0.0,
            0.0,
            0.0,
            1.0
          ]
        ]
      },
      "bone_length_armature_space": 0.030444939950734433,
      "parent": "thumb_02_l",
      "has_children": false,
      "is_end_bone": true
    },
    "metacarpal_index_l": {
      "name": "metacarpal_index_l",
      "local": {
        "location": {
          "x": 0.0,
          "y": 0.0,
          "z": 0.0
        },
        "rotation_quaternion": {
          "w": 0.9996871948242188,
          "x": -0.024676622822880745,
          "y": 0.0010583343682810664,
          "z": 0.003949981648474932
        },
        "scale": {
          "x": 1.0,
          "y": 1.0,
          "z": 1.0
        },
        "matrix_basis": [
          [
            0.999966561794281,
            -0.007949724793434143,
            0.001921062241308391,
            0.0
          ],
          [
            0.007845260202884674,
            0.9987509250640869,
            0.04934616759419441,
            0.0
          ],
          [
            -0.002310951007530093,
            -0.049329448491334915,
            0.9987798929214478,
            0.0
          ],
          [
            0.0,
            0.0,
            0.0,
            1.0
          ]
        ],
        "rotation_mode": "QUATERNION"
      },
      "armature_space": {
        "head": {
          "x": 0.52617347240448,
          "y": -0.34623682498931885,
          "z": 0.6457217931747437
        },
        "tail": {
          "x": 0.5836271047592163,
          "y": -0.44352608919143677,
          "z": 0.6767557859420776
        }
      },
      "world_space": {
        "head": {
          "x": 0.52617347240448,
          "y": -0.2829928398132324,
          "z": 1.5955758094787598
        },
        "tail": {
          "x": 0.5836271047592163,
          "y": -0.38028210401535034,
          "z": 1.6266098022460938
        },
        "rotation_quaternion": {
          "w": 0.17037741839885712,
          "x": 0.9486228823661804,
          "y": 0.23625145852565765,
          "z": -0.12357760965824127
        },
        "matrix": [
          [
            0.8578274846076965,
            0.49033689498901367,
            -0.15395264327526093,
            0.52617347240448
          ],
          [
            0.40611761808395386,
            -0.8303133249282837,
            -0.3816392719745636,
            -0.2829928398132324
          ],
          [
            -0.3149626553058624,
            0.26485881209373474,
            -0.9114068150520325,
            1.5955758094787598
          ],
          [
            0.0,
            0.0,
            0.0,
            1.0
          ]
        ]
      },
      "bone_length_armature_space": 0.1171717946138054,
      "parent": "lowerarm_l",
      "has_children": true,
      "is_end_bone": false
    },
    "index_01_l": {
      "name": "index_01_l",
      "local": {
        "location": {
          "x": 0.0,
          "y": 0.0,
          "z": 0.0
        },
        "rotation_quaternion": {
          "w": 0.9952676296234131,
          "x": -0.0967787429690361,
          "y": -0.0030079293064773083,
          "z": 0.008208317682147026
        },
        "scale": {
          "x": 1.0,
          "y": 1.0,
          "z": 1.0
        },
        "matrix_basis": [
          [
            0.9998471736907959,
            -0.015756739303469658,
            -0.007576170843094587,
            0.0
          ],
          [
            0.0169211532920599,
            0.981132984161377,
            0.19259211421012878,
            0.0
          ],
          [
            0.004398608114570379,
            -0.1926908791065216,
            0.9812496304512024,
            0.0
          ],
          [
            0.0,
            0.0,
            0.0,
            1.0
          ]
        ],
        "rotation_mode": "QUATERNION"
      },
      "armature_space": {
        "head": {
          "x": 0.5836271047592163,
          "y": -0.44352608919143677,
          "z": 0.6767557859420776
        },
        "tail": {
          "x": 0.6051686406135559,
          "y": -0.4575847089290619,
          "z": 0.6890597939491272
        }
      },
      "world_space": {
        "head": {
          "x": 0.5836271047592163,
          "y": -0.38028210401535034,
          "z": 1.6266098022460938
        },
        "tail": {
          "x": 0.6051686406135559,
          "y": -0.3943406939506531,
          "z": 1.638913869857788
        },
        "rotation_quaternion": {
          "w": 0.289440780878067,
          "x": 0.8602374792098999,
          "y": 0.41195303201675415,
          "z": -0.08068616688251495
        },
        "matrix": [
          [
            0.6475684642791748,
            0.7554625868797302,
            0.09965508431196213,
            0.5836271047592163
          ],
          [
            0.6620481014251709,
            -0.493036687374115,
            -0.5644533038139343,
            -0.38028210401535034
          ],
          [
            -0.37729188799858093,
            0.4315010905265808,
            -0.8194338083267212,
            1.6266098022460938
          ],
          [
            0.0,
            0.0,
            0.0,
            1.0
          ]
        ]
      },
      "bone_length_armature_space": 0.028514402507025978,
      "parent": "metacarpal_index_l",
      "has_children": true,
      "is_end_bone": false
    },
    "index_02_l": {
      "name": "index_02_l",
      "local": {
        "location": {
          "x": 0.0,
          "y": 0.0,
          "z": 0.0
        },
        "rotation_quaternion": {
          "w": 0.9965087175369263,
          "x": 0.08347541838884354,
          "y": -0.00020269342348910868,
          "z": -0.0015136688016355038
        },
        "scale": {
          "x": 1.0,
          "y": 1.0,
          "z": 1.0
        },
        "matrix_basis": [
          [
            0.9999953508377075,
            0.002982928417623043,
            -0.0006566797965206206,
            0.0
          ],
          [
            -0.003050608094781637,
            0.9860591292381287,
            -0.16636735200881958,
            0.0
          ],
          [
            0.00015126325888559222,
            0.16636857390403748,
            0.9860635995864868,
            0.0
          ],
          [
            0.0,
            0.0,
            0.0,
            1.0
          ]
        ],
        "rotation_mode": "QUATERNION"
      },
      "armature_space": {
        "head": {
          "x": 0.6051688194274902,
          "y": -0.45758524537086487,
          "z": 0.6890597939491272
        },
        "tail": {
          "x": 0.6250912547111511,
          "y": -0.4716428816318512,
          "z": 0.6970329284667969
        }
      },
      "world_space": {
        "head": {
          "x": 0.6051688194274902,
          "y": -0.39434123039245605,
          "z": 1.638913869857788
        },
        "tail": {
          "x": 0.6250912547111511,
          "y": -0.4083988666534424,
          "z": 1.646886944770813
        },
        "rotation_quaternion": {
          "w": 0.24501211941242218,
          "x": 0.8684244751930237,
          "y": 0.40740105509757996,
          "z": -0.1408279687166214
        },
        "matrix": [
          [
            0.628383457660675,
            0.7766032814979553,
            -0.044959068298339844,
            0.6051688194274902
          ],
          [
            0.6385856866836548,
            -0.5479860305786133,
            -0.5402963161468506,
            -0.39434123039245605
          ],
          [
            -0.4442354738712311,
            0.3108046054840088,
            -0.8402794003486633,
            1.638913869857788
          ],
          [
            0.0,
            0.0,
            0.0,
            1.0
          ]
        ]
      },
      "bone_length_armature_space": 0.025653292852208638,
      "parent": "index_01_l",
      "has_children": true,
      "is_end_bone": false
    },
    "index_03_l": {
      "name": "index_03_l",
      "local": {
        "location": {
          "x": 0.0,
          "y": 0.0,
          "z": 0.0
        },
        "rotation_quaternion": {
          "w": 0.9997662901878357,
          "x": 0.01939300075173378,
          "y": 0.009068237617611885,
          "z": -0.0029908441938459873
        },
        "scale": {
          "x": 1.0,
          "y": 1.0,
          "z": 1.0
        },
        "matrix_basis": [
          [
            0.9998176693916321,
            0.006332010962069035,
            0.018016234040260315,
            0.0
          ],
          [
            -0.005628569517284632,
            0.999229907989502,
            -0.038831181824207306,
            0.0
          ],
          [
            -0.018248239532113075,
            0.0387226939201355,
            0.9990833401679993,
            0.0
          ],
          [
            0.0,
            0.0,
            0.0,
            1.0
          ]
        ],
        "rotation_mode": "QUATERNION"
      },
      "armature_space": {
        "head": {
          "x": 0.6250911951065063,
          "y": -0.47164279222488403,
          "z": 0.6970330476760864
        },
        "tail": {
          "x": 0.6491504907608032,
          "y": -0.4875776469707489,
          "z": 0.7016113996505737
        }
      },
      "world_space": {
        "head": {
          "x": 0.6250911951065063,
          "y": -0.4083988070487976,
          "z": 1.6468870639801025
        },
        "tail": {
          "x": 0.6491504907608032,
          "y": -0.4243336319923401,
          "z": 1.6514654159545898
        },
        "rotation_quaternion": {
          "w": 0.16269676387310028,
          "x": 0.867769181728363,
          "y": 0.44815945625305176,
          "z": -0.14021290838718414
        },
        "matrix": [
          [
            0.5589867830276489,
            0.8234222531318665,
            -0.0975155159831047,
            0.6250911951065063
          ],
          [
            0.7321738600730896,
            -0.5453652143478394,
            -0.40804263949394226,
            -0.4083988070487976
          ],
          [
            -0.3891751170158386,
            0.15669263899326324,
            -0.9077467322349548,
            1.6468870639801025
          ],
          [
            0.0,
            0.0,
            0.0,
            1.0
          ]
        ]
      },
      "bone_length_armature_space": 0.02921866866345228,
      "parent": "index_02_l",
      "has_children": false,
      "is_end_bone": true
    },
    "metacarpal_pinky_l": {
      "name": "metacarpal_pinky_l",
      "local": {
        "location": {
          "x": 0.0,
          "y": 0.0,
          "z": 0.0
        },
        "rotation_quaternion": {
          "w": 0.9995945692062378,
          "x": -0.02400125190615654,
          "y": -0.01465831883251667,
          "z": 0.004456612281501293
        },
        "scale": {
          "x": 1.0,
          "y": 1.0,
          "z": 1.0
        },
        "matrix_basis": [
          [
            0.999530553817749,
            -0.008205974474549294,
            -0.02951868064701557,
            0.0
          ],
          [
            0.009613246656954288,
            0.9988081455230713,
            0.04785238951444626,
            0.0
          ],
          [
            0.029090823605656624,
            -0.04811369627714157,
            0.9984181523323059,
            0.0
          ],
          [
            0.0,
            0.0,
            0.0,
            1.0
          ]
        ],
        "rotation_mode": "QUATERNION"
      },
      "armature_space": {
        "head": {
          "x": 0.52617347240448,
          "y": -0.34623682498931885,
          "z": 0.6457217931747437
        },
        "tail": {
          "x": 0.6169002652168274,
          "y": -0.38374564051628113,
          "z": 0.6804344058036804
        }
      },
      "world_space": {
        "head": {
          "x": 0.52617347240448,
          "y": -0.2829928398132324,
          "z": 1.5955758094787598
        },
        "tail": {
          "x": 0.6169002652168274,
          "y": -0.3205016255378723,
          "z": 1.6302883625030518
        },
        "rotation_quaternion": {
          "w": 0.5631061792373657,
          "x": 0.2212529331445694,
          "y": -0.05297832936048508,
          "z": -0.7944507002830505
        },
        "matrix": [
          [
            -0.26791617274284363,
            0.8712776303291321,
            -0.4112128019332886,
            0.52617347240448
          ],
          [
            -0.9181636571884155,
            -0.3602086901664734,
            -0.16500192880630493,
            -0.2829928398132324
          ],
          [
            -0.29188773036003113,
            0.3333558738231659,
            0.896487295627594,
            1.5955758094787598
          ],
          [
            0.0,
            0.0,
            0.0,
            1.0
          ]
        ]
      },
      "bone_length_armature_space": 0.10413082140600147,
      "parent": "lowerarm_l",
      "has_children": true,
      "is_end_bone": false
    },
    "pinky_01_l": {
      "name": "pinky_01_l",
      "local": {
        "location": {
          "x": 0.0,
          "y": 0.0,
          "z": 0.0
        },
        "rotation_quaternion": {
          "w": 0.9559428095817566,
          "x": 0.2928345203399658,
          "y": -0.019568176940083504,
          "z": 0.0061934348195791245
        },
        "scale": {
          "x": 1.0,
          "y": 1.0,
          "z": 1.0
        },
        "matrix_basis": [
          [
            0.9991574287414551,
            -0.023301614448428154,
            -0.033784814178943634,
            0.0
          ],
          [
            0.0003806635504588485,
            0.8284191489219666,
            -0.560108482837677,
            0.0
          ],
          [
            0.041039418429136276,
            0.5596237182617188,
            0.8277300596237183,
            0.0
          ],
          [
            0.0,
            0.0,
            0.0,
            1.0
          ]
        ],
        "rotation_mode": "QUATERNION"
      },
      "armature_space": {
        "head": {
          "x": 0.6169002652168274,
          "y": -0.38374564051628113,
          "z": 0.6804344058036804
        },
        "tail": {
