{
  "metadata": {
    "armature_name": "KIM_caucasian_male",
    "export_time": "2026-01-13T19:11:34.462921",
    "blender_version": "4.4.1",
    "bone_count": 56,
    "end_bone_count": 13,
    "spaces_included": [
      "LOCAL_CHANNELS",
      "ARMATURE_SPACE",
      "WORLD_SPACE"
    ],
    "note": "LOCAL matches Transform panel; replay pose via local.matrix_basis for best fidelity."
  },
  "bones": {
    "Root": {
      "name": "Root",
      "local": {
        "location": {
          "x": 0.0,
          "y": 0.0,
          "z": 0.0
        },
        "rotation_quaternion": {
          "w": 0.9997762441635132,
          "x": -0.0021057985723018646,
          "y": 0.003398582339286804,
          "z": -0.02077261172235012
        },
        "scale": {
          "x": 1.0,
          "y": 1.0,
          "z": 1.0
        },
        "matrix_basis": [
          [
            0.999113917350769,
            0.04152161255478859,
            0.0068831294775009155,
            0.0
          ],
          [
            -0.04155024141073227,
            0.9991281032562256,
            0.004069460090249777,
            0.0
          ],
          [
            -0.00670815771445632,
            -0.004351849667727947,
            0.9999680519104004,
            0.0
          ],
          [
            0.0,
            0.0,
            0.0,
            1.0
          ]
        ],
        "rotation_mode": "QUATERNION"
      },
      "armature_space": {
        "head": {
          "x": 0.0,
          "y": 0.07072800397872925,
          "z": -0.009595036506652832
        },
        "tail": {
          "x": 0.002963641192764044,
          "y": 0.00010342150926589966,
          "z": 0.00029943324625492096
        }
      },
      "world_space": {
        "head": {
          "x": 0.0,
          "y": 0.13397200405597687,
          "z": 0.9402589797973633
        },
        "tail": {
          "x": 0.002963641192764044,
          "y": 0.06334742158651352,
          "z": 0.9501534700393677
        },
        "rotation_quaternion": {
          "w": 0.06945358961820602,
          "x": 0.9973630905151367,
          "y": 0.020954374223947525,
          "z": 0.0019914540462195873
        },
        "matrix": [
          [
            0.999113917350769,
            0.04152161255478859,
            0.0068831294775009155,
            0.0
          ],
          [
            0.04207487404346466,
            -0.9894741773605347,
            -0.13845792412757874,
            0.13397200405597687
          ],
          [
            0.0010617300868034363,
            0.1386248618364334,
            -0.9903514981269836,
            0.9402589797973633
          ],
          [
            0.0,
            0.0,
            0.0,
            1.0
          ]
        ]
      },
      "bone_length_armature_space": 0.07137587405492321,
      "parent": null,
      "has_children": true,
      "is_end_bone": false
    },
    "spine_01": {
      "name": "spine_01",
      "local": {
        "location": {
          "x": 0.0,
          "y": 0.0,
          "z": 0.0
        },
        "rotation_quaternion": {
          "w": 0.9991745948791504,
          "x": 0.010427700355648994,
          "y": -0.02328350581228733,
          "z": -0.03161415457725525
        },
        "scale": {
          "x": 1.0,
          "y": 1.0,
          "z": 1.0
        },
        "matrix_basis": [
          [
            0.9969168305397034,
            0.06269053369760513,
            -0.04718790203332901,
            0.0
          ],
          [
            -0.06366170942783356,
            0.9977836012840271,
            -0.019366009160876274,
            0.0
          ],
          [
            0.04586924985051155,
            0.02231036312878132,
            0.9986982941627502,
            0.0
          ],
          [
            0.0,
            0.0,
            0.0,
            1.0
          ]
        ],
        "rotation_mode": "QUATERNION"
      },
      "armature_space": {
        "head": {
          "x": 0.002963641192764044,
          "y": 0.00010342150926589966,
          "z": 0.00029943324625492096
        },
        "tail": {
          "x": 0.032426487654447556,
          "y": 0.015300475992262363,
          "z": 0.487176775932312
        }
      },
      "world_space": {
        "head": {
          "x": 0.002963641192764044,
          "y": 0.06334742158651352,
          "z": 0.9501534700393677
        },
        "tail": {
          "x": 0.032426487654447556,
          "y": 0.07854447513818741,
          "z": 1.4370307922363281
        },
        "rotation_quaternion": {
          "w": 0.7177766561508179,
          "x": 0.6956133246421814,
          "y": 0.019160056486725807,
          "z": -0.023488199338316917
        },
        "matrix": [
          [
            0.9981623888015747,
            0.060374531894922256,
            -0.005172528326511383,
            0.002963641192764044
          ],
          [
            -0.007063016295433044,
            0.031141426414251328,
            -0.9994901418685913,
            0.06334742158651352
          ],
          [
            -0.060183096677064896,
            0.9976969957351685,
            0.03150992467999458,
            0.9501534700393677
          ],
          [
            0.0,
            0.0,
            0.0,
            1.0
          ]
        ]
      },
      "bone_length_armature_space": 0.4880046716669822,
      "parent": "Root",
      "has_children": true,
      "is_end_bone": false
    },
    "neck_01": {
      "name": "neck_01",
      "local": {
        "location": {
          "x": 0.0,
          "y": 0.0,
          "z": 0.0
        },
        "rotation_quaternion": {
          "w": 0.98996502161026,
          "x": -0.06594190746545792,
          "y": 0.01288293581455946,
          "z": 0.12431836873292923
        },
        "scale": {
          "x": 1.0,
          "y": 1.0,
          "z": 1.0
        },
        "matrix_basis": [
          [
            0.9687579274177551,
            -0.24784071743488312,
            0.009111731313169003,
            0.0
          ],
          [
            0.2444426268339157,
            0.9603931903839111,
            0.13376353681087494,
            0.0
          ],
          [
            -0.04190289229154587,
            -0.12735719978809357,
            0.9909713864326477,
            0.0
          ],
          [
            0.0,
            0.0,
            0.0,
            1.0
          ]
        ],
        "rotation_mode": "QUATERNION"
      },
      "armature_space": {
        "head": {
          "x": 0.036667633801698685,
          "y": -0.017082152888178825,
          "z": 0.5613194108009338
        },
        "tail": {
          "x": 0.01699666492640972,
          "y": -0.03918510675430298,
          "z": 0.6594787836074829
        }
      },
      "world_space": {
        "head": {
          "x": 0.036667633801698685,
          "y": 0.046161845326423645,
          "z": 1.5111734867095947
        },
        "tail": {
          "x": 0.01699666492640972,
          "y": 0.02405889332294464,
          "z": 1.609332799911499
        },
        "rotation_quaternion": {
          "w": 0.6212137341499329,
          "x": 0.7776639461517334,
          "y": -0.07935075461864471,
          "z": 0.05509807541966438
        },
        "matrix": [
          [
            0.9813352823257446,
            -0.19187194108963013,
            -0.01289309374988079,
            0.036667633801698685
          ],
          [
            -0.0549621619284153,
            -0.21559369564056396,
            -0.9749353528022766,
            0.046161845326423645
          ],
          [
            0.1842842698097229,
            0.9574534296989441,
            -0.2221178412437439,
            1.5111734867095947
          ],
          [
            0.0,
            0.0,
            0.0,
            1.0
          ]
        ]
      },
      "bone_length_armature_space": 0.10252194772667846,
      "parent": "spine_01",
      "has_children": true,
      "is_end_bone": false
    },
    "head": {
      "name": "head",
      "local": {
        "location": {
          "x": 0.0,
          "y": 0.0,
          "z": 0.0
        },
        "rotation_quaternion": {
          "w": 0.9913192391395569,
          "x": 0.007302152458578348,
          "y": -0.12884566187858582,
          "z": -0.02513553760945797
        },
        "scale": {
          "x": 1.0,
          "y": 1.0,
          "z": 1.0
        },
        "matrix_basis": [
          [
            0.965533971786499,
            0.047952983528375626,
            -0.25582146644592285,
            0.0
          ],
          [
            -0.051716383546590805,
            0.9986297488212585,
            -0.008000318892300129,
            0.0
          ],
          [
            0.255087286233902,
            0.020954739302396774,
            0.9666909575462341,
            0.0
          ],
          [
            0.0,
            0.0,
            0.0,
            1.0
          ]
        ],
        "rotation_mode": "QUATERNION"
      },
      "armature_space": {
        "head": {
          "x": 0.016996676102280617,
          "y": -0.03918524086475372,
          "z": 0.6594786643981934
        },
        "tail": {
          "x": -0.003062782809138298,
          "y": -0.019364355131983757,
          "z": 0.8119845986366272
        }
      },
      "world_space": {
        "head": {
          "x": 0.016996676102280617,
          "y": 0.024058759212493896,
          "z": 1.6093326807022095
        },
        "tail": {
          "x": -0.003062782809138298,
          "y": 0.04387964308261871,
          "z": 1.761838674545288
        },
        "rotation_quaternion": {
          "w": 0.731634795665741,
          "x": 0.6573107838630676,
          "y": -0.1691490262746811,
          "z": -0.06357430666685104
        },
        "matrix": [
          [
            0.9346941709518433,
            -0.12934058904647827,
            -0.3310859799385071,
            0.016996676102280617
          ],
          [
            -0.31539246439933777,
            0.1278022974729538,
            -0.9403162002563477,
            0.024058759212493896
          ],
          [
            0.16393543779850006,
            0.9833369255065918,
            0.0786626785993576,
            1.6093326807022095
          ],
          [
            0.0,
            0.0,
            0.0,
            1.0
          ]
        ]
      },
      "bone_length_armature_space": 0.15509129452247214,
      "parent": "neck_01",
      "has_children": false,
      "is_end_bone": true
    },
    "upperarm_l": {
      "name": "upperarm_l",
      "local": {
        "location": {
          "x": 0.0,
          "y": 0.0,
          "z": 0.0
        },
        "rotation_quaternion": {
          "w": 0.8789256811141968,
          "x": 0.38565605878829956,
          "y": 0.25037455558776855,
          "z": 0.12677428126335144
        },
        "scale": {
          "x": 1.0,
          "y": 1.0,
          "z": 1.0
        },
        "matrix_basis": [
          [
            0.8424817323684692,
            -0.029733413830399513,
            0.5379037857055664,
            0.0
          ],
          [
            0.41596728563308716,
            0.6703953742980957,
            -0.6144438982009888,
            0.0
          ],
          [
            -0.3423387110233307,
            0.741408109664917,
            0.5771639943122864,
            0.0
          ],
          [
            0.0,
            0.0,
            0.0,
            1.0
          ]
        ],
        "rotation_mode": "QUATERNION"
      },
      "armature_space": {
        "head": {
          "x": 0.18231786787509918,
          "y": -0.023422054946422577,
          "z": 0.485339492559433
        },
        "tail": {
          "x": 0.3682441711425781,
          "y": -0.21629872918128967,
          "z": 0.47920432686805725
        }
      },
      "world_space": {
        "head": {
          "x": 0.18231786787509918,
          "y": 0.03982194513082504,
          "z": 1.4351935386657715
        },
        "tail": {
          "x": 0.3682441711425781,
          "y": -0.15305472910404205,
          "z": 1.429058313369751
        },
        "rotation_quaternion": {
          "w": 0.18119516968727112,
          "x": 0.7961714267730713,
          "y": 0.32753968238830566,
          "z": -0.475391685962677
        },
        "matrix": [
          [
            0.3334404528141022,
            0.6938339471817017,
            -0.6382882595062256,
            0.18231786787509918
          ],
          [
            0.3492783308029175,
            -0.719771146774292,
            -0.5999454855918884,
            0.03982194513082504
          ],
          [
            -0.875689685344696,
            -0.02289501018822193,
            -0.4823457896709442,
            1.4351935386657715
          ],
          [
            0.0,
            0.0,
            0.0,
            1.0
          ]
        ]
      },
      "bone_length_armature_space": 0.2679694716461365,
      "parent": "spine_01",
      "has_children": true,
      "is_end_bone": false
    },
    "lowerarm_l": {
      "name": "lowerarm_l",
      "local": {
        "location": {
          "x": 0.0,
          "y": 0.0,
          "z": 0.0
        },
        "rotation_quaternion": {
          "w": 0.9640721678733826,
          "x": 0.16092745959758759,
          "y": 0.14107583463191986,
          "z": -0.15736901760101318
        },
        "scale": {
          "x": 1.0,
          "y": 1.0,
          "z": 1.0
        },
        "matrix_basis": [
          [
            0.9106652140617371,
            0.34883612394332886,
            0.2213645726442337,
            0.0
          ],
          [
            -0.2580242156982422,
            0.8986746668815613,
            -0.35469329357147217,
            0.0
          ],
          [
            -0.3226645588874817,
            0.265889436006546,
            0.9083999395370483,
            0.0
          ],
          [
            0.0,
            0.0,
            0.0,
            1.0
          ]
        ],
        "rotation_mode": "QUATERNION"
      },
      "armature_space": {
        "head": {
          "x": 0.36824414134025574,
          "y": -0.21629884839057922,
          "z": 0.4792044162750244
        },
        "tail": {
          "x": 0.48177236318588257,
          "y": -0.4288163483142853,
          "z": 0.3629407584667206
        }
      },
      "world_space": {
        "head": {
          "x": 0.36824414134025574,
          "y": -0.1530548483133316,
          "z": 1.4290584325790405
        },
        "tail": {
          "x": 0.48177236318588257,
          "y": -0.36557233333587646,
          "z": 1.312794804573059
        },
        "rotation_quaternion": {
          "w": 0.08341015130281448,
          "x": -0.8152669668197632,
          "y": -0.3095962107181549,
          "z": 0.48221659660339355
        },
        "matrix": [
          [
            0.34323400259017944,
            0.42436569929122925,
            -0.8379164934158325,
            0.36824414134025574
          ],
          [
            0.5852510333061218,
            -0.7943852543830872,
            -0.16258427500724792,
            -0.1530548483133316
          ],
          [
            -0.7346282601356506,
            -0.43459075689315796,
            -0.5210242867469788,
            1.4290584325790405
          ],
          [
            0.0,
            0.0,
            0.0,
            1.0
          ]
        ]
      },
      "bone_length_armature_space": 0.2675249193017533,
      "parent": "upperarm_l",
      "has_children": true,
      "is_end_bone": false
    },
    "metacarpal_thumb_l": {
      "name": "metacarpal_thumb_l",
      "local": {
        "location": {
          "x": 0.0,
          "y": 0.0,
          "z": 0.0
        },
        "rotation_quaternion": {
          "w": 0.9993197321891785,
          "x": -0.036640364676713943,
          "y": -0.00418100506067276,
          "z": 0.0002372399321757257
        },
        "scale": {
          "x": 1.0,
          "y": 1.0,
          "z": 1.0
        },
        "matrix_basis": [
          [
            0.9999649524688721,
            -0.0001677699910942465,
            -0.008373706601560116,
            0.0
          ],
          [
            0.0007805441855452955,
            0.9973148703575134,
            0.07322889566421509,
            0.0
          ],
          [
            0.008338936604559422,
            -0.07323285937309265,
            0.9972800016403198,
            0.0
          ],
          [
            0.0,
            0.0,
            0.0,
            1.0
          ]
        ],
        "rotation_mode": "QUATERNION"
      },
      "armature_space": {
        "head": {
          "x": 0.48177236318588257,
          "y": -0.4288163483142853,
          "z": 0.3629407584667206
        },
        "tail": {
          "x": 0.47594940662384033,
          "y": -0.4618414640426636,
          "z": 0.326484739780426
        }
      },
      "world_space": {
        "head": {
          "x": 0.48177236318588257,
          "y": -0.36557233333587646,
          "z": 1.312794804573059
        },
        "tail": {
          "x": 0.47594940662384033,
          "y": -0.39859747886657715,
          "z": 1.276338815689087
        },
        "rotation_quaternion": {
          "w": 0.39257869124412537,
          "x": -0.9063979983329773,
          "y": 0.11190172284841537,
          "z": -0.10864005237817764
        },
        "matrix": [
          [
            0.9513506293296814,
            -0.11755578219890594,
            0.2848028838634491,
            0.48177236318588257
          ],
          [
            -0.2881546914577484,
            -0.6667203307151794,
            0.6873507499694824,
            -0.36557233333587646
          ],
          [
            0.10908237844705582,
            -0.7359843850135803,
            -0.6681630611419678,
            1.312794804573059
          ],
          [
            0.0,
            0.0,
            0.0,
            1.0
          ]
        ]
      },
      "bone_length_armature_space": 0.04953389132897337,
      "parent": "lowerarm_l",
      "has_children": true,
      "is_end_bone": false
    },
    "thumb_01_l": {
      "name": "thumb_01_l",
      "local": {
        "location": {
          "x": 0.0,
          "y": 0.0,
          "z": 0.0
        },
        "rotation_quaternion": {
          "w": 0.9994949102401733,
          "x": -0.027068471536040306,
          "y": -0.005257787182927132,
          "z": -0.01580321602523327
        },
        "scale": {
          "x": 1.0,
          "y": 1.0,
          "z": 1.0
        },
        "matrix_basis": [
          [
            0.9994451999664307,
            0.03187510743737221,
            -0.009654724970459938,
            0.0
          ],
          [
            -0.03130582720041275,
            0.9980351328849792,
            0.05427577719092369,
            0.0
          ],
          [
            0.011365801095962524,
            -0.053943417966365814,
            0.9984793066978455,
            0.0
          ],
          [
            0.0,
            0.0,
            0.0,
            1.0
          ]
        ],
        "rotation_mode": "QUATERNION"
      },
      "armature_space": {
        "head": {
          "x": 0.47594940662384033,
          "y": -0.4618414640426636,
          "z": 0.326484739780426
        },
        "tail": {
          "x": 0.4745064079761505,
          "y": -0.4588158428668976,
          "z": 0.29261139035224915
        }
      },
      "world_space": {
        "head": {
          "x": 0.47594940662384033,
          "y": -0.39859747886657715,
          "z": 1.276338815689087
        },
        "tail": {
          "x": 0.4745064079761505,
          "y": -0.39557182788848877,
          "z": 1.2424653768539429
        },
        "rotation_quaternion": {
          "w": 0.43401265144348145,
          "x": -0.41987699270248413,
          "y": 0.5967221856117249,
          "z": -0.5284496545791626
        },
        "matrix": [
          [
            -0.2706729769706726,
            -0.04239285737276077,
            0.9617375731468201,
            0.47594940662384033
          ],
          [
            -0.9598073959350586,
            0.08888805657625198,
            -0.2662115693092346,
            -0.39859747886657715
          ],
          [
            -0.07420270889997482,
            -0.9951459765434265,
            -0.06474924087524414,
            1.276338815689087
          ],
          [
            0.0,
            0.0,
            0.0,
            1.0
          ]
        ]
      },
      "bone_length_armature_space": 0.03403880838070342,
      "parent": "metacarpal_thumb_l",
      "has_children": true,
      "is_end_bone": false
    },
    "thumb_02_l": {
      "name": "thumb_02_l",
      "local": {
        "location": {
          "x": 0.0,
          "y": 0.0,
          "z": 0.0
        },
        "rotation_quaternion": {
          "w": 0.9917868375778198,
          "x": 0.12787149846553802,
          "y": -0.0009687210549600422,
          "z": 0.002624141052365303
        },
        "scale": {
          "x": 1.0,
          "y": 1.0,
          "z": 1.0
        },
        "matrix_basis": [
          [
            0.9999843239784241,
            -0.0054529206827282906,
            -0.0012504238402470946,
            0.0
          ],
          [
            0.004957433324307203,
            0.9672839641571045,
            -0.2536476254463196,
            0.0
          ],
          [
            0.002592635340988636,
            0.2536374628543854,
            0.9672958850860596,
            0.0
          ],
          [
            0.0,
            0.0,
            0.0,
            1.0
          ]
        ],
        "rotation_mode": "QUATERNION"
      },
      "armature_space": {
        "head": {
          "x": 0.4745063781738281,
          "y": -0.4588158130645752,
          "z": 0.29261142015457153
        },
        "tail": {
          "x": 0.49348124861717224,
          "y": -0.4913405179977417,
          "z": 0.2786371111869812
        }
      },
      "world_space": {
        "head": {
          "x": 0.4745063781738281,
          "y": -0.39557182788848877,
          "z": 1.2424654960632324
        },
        "tail": {
          "x": 0.49348124861717224,
          "y": -0.4280965328216553,
          "z": 1.2284910678863525
        },
        "rotation_quaternion": {
          "w": 0.2647241950035095,
          "x": -0.09130285680294037,
          "y": 0.15819810330867767,
          "z": -0.9468675851821899
        },
        "matrix": [
          [
            -0.8431695699691772,
            0.47242987155914307,
            0.25666171312332153,
            0.4745063781738281
          ],
          [
            -0.5302057266235352,
            -0.8097889423370361,
            -0.25124436616897583,
            -0.39557182788848877
          ],
          [
            0.08914663642644882,
            -0.3479280471801758,
            0.9332807064056396,
            1.2424654960632324
          ],
          [
            0.0,
            0.0,
            0.0,
            1.0
          ]
        ]
      },
      "bone_length_armature_space": 0.040164455679274215,
      "parent": "thumb_01_l",
      "has_children": true,
      "is_end_bone": false
    },
    "thumb_03_l": {
      "name": "thumb_03_l",
      "local": {
        "location": {
          "x": 0.0,
          "y": 0.0,
          "z": 0.0
        },
        "rotation_quaternion": {
          "w": 0.9973042011260986,
          "x": 0.07308845967054367,
          "y": 0.0024403580464422703,
          "z": 0.006049921736121178
        },
        "scale": {
          "x": 1.0,
          "y": 1.0,
          "z": 1.0
        },
        "matrix_basis": [
          [
            0.9999148845672607,
            -0.011710500344634056,
            0.005751917604357004,
            0.0
          ],
          [
            0.012423948384821415,
            0.9892429709434509,
            -0.14575332403182983,
            0.0
          ],
          [
            -0.003983199596405029,
            0.14581237733364105,
            0.98930424451828,
            0.0
          ],
          [
            0.0,
            0.0,
            0.0,
            1.0
          ]
        ],
        "rotation_mode": "QUATERNION"
      },
      "armature_space": {
        "head": {
          "x": 0.4934811592102051,
          "y": -0.4913404583930969,
          "z": 0.2786370515823364
        },
        "tail": {
          "x": 0.5126109719276428,
          "y": -0.5149751305580139,
          "z": 0.2801682651042938
        }
      },
      "world_space": {
        "head": {
          "x": 0.4934811592102051,
          "y": -0.4280964732170105,
          "z": 1.2284910678863525
        },
        "tail": {
          "x": 0.5126109719276428,
          "y": -0.4517311453819275,
          "z": 1.2300223112106323
        },
        "rotation_quaternion": {
          "w": 0.3329547941684723,
          "x": 0.16308541595935822,
          "y": 0.031407371163368225,
          "z": -0.9282014966011047
        },
        "matrix": [
          [
            -0.7250885963439941,
            0.6283426284790039,
            -0.28183722496032715,
            0.4934811592102051
          ],
          [
            -0.6078541874885559,
            -0.7763092517852783,
            -0.16690519452095032,
            -0.4280964732170105
          ],
          [
            -0.3236691951751709,
            0.05029473453760147,
            0.9448400139808655,
            1.2284910678863525
          ],
          [
            0.0,
            0.0,
            0.0,
            1.0
          ]
        ]
      },
      "bone_length_armature_space": 0.030444902358737085,
      "parent": "thumb_02_l",
      "has_children": false,
      "is_end_bone": true
    },
    "metacarpal_index_l": {
      "name": "metacarpal_index_l",
      "local": {
        "location": {
          "x": 0.0,
          "y": 0.0,
          "z": 0.0
        },
        "rotation_quaternion": {
          "w": 0.9987306594848633,
          "x": -0.049316395074129105,
          "y": -0.010204978287220001,
          "z": -0.0009860259015113115
        },
        "scale": {
          "x": 1.0,
          "y": 1.0,
          "z": 1.0
        },
        "matrix_basis": [
          [
            0.9997897744178772,
            0.002976094139739871,
            -0.020286794751882553,
            0.0
          ],
          [
            -0.0009630031418055296,
            0.9951338171958923,
            0.09852771461009979,
            0.0
          ],
          [
            0.020481303334236145,
            -0.09848746657371521,
            0.9949275255203247,
            0.0
          ],
          [
            0.0,
            0.0,
            0.0,
            1.0
          ]
        ],
        "rotation_mode": "QUATERNION"
      },
      "armature_space": {
        "head": {
          "x": 0.48177236318588257,
          "y": -0.4288163483142853,
          "z": 0.3629407584667206
        },
        "tail": {
          "x": 0.5044853687286377,
          "y": -0.5255833864212036,
          "z": 0.3008960485458374
        }
      },
      "world_space": {
        "head": {
          "x": 0.48177236318588257,
          "y": -0.36557233333587646,
          "z": 1.312794804573059
        },
        "tail": {
          "x": 0.5044853687286377,
          "y": -0.4623394012451172,
          "z": 1.2507500648498535
        },
        "rotation_quaternion": {
          "w": 0.2640572786331177,
          "x": -0.9495143890380859,
          "y": -0.1317032426595688,
          "z": 0.10653866082429886
        },
        "matrix": [
          [
            0.9426074028015137,
            0.19384370744228363,
            -0.27187463641166687,
            0.48177236318588257
          ],
          [
            0.30637326836586,
            -0.8258563280105591,
            0.4733888506889343,
            -0.36557233333587646
          ],
          [
            -0.13276657462120056,
            -0.5295193195343018,
            -0.8378523588180542,
            1.312794804573059
          ],
          [
            0.0,
            0.0,
            0.0,
            1.0
          ]
        ]
      },
      "bone_length_armature_space": 0.11717203803180815,
      "parent": "lowerarm_l",
      "has_children": true,
      "is_end_bone": false
    },
    "index_01_l": {
      "name": "index_01_l",
      "local": {
        "location": {
          "x": 0.0,
          "y": 0.0,
          "z": 0.0
        },
        "rotation_quaternion": {
          "w": 0.9976389408111572,
          "x": -0.06593823432922363,
          "y": -0.018277235329151154,
          "z": 0.005878395400941372
        },
        "scale": {
          "x": 1.0,
          "y": 1.0,
          "z": 1.0
        },
        "matrix_basis": [
          [
            0.9992627501487732,
            -0.009318695403635502,
            -0.03724338486790657,
            0.0
          ],
          [
            0.014139369130134583,
            0.9912351965904236,
            0.13135021924972534,
            0.0
          ],
          [
            0.03569294139742851,
            -0.1317799836397171,
            0.9906361699104309,
            0.0
          ],
          [
            0.0,
            0.0,
            0.0,
            1.0
          ]
        ],
        "rotation_mode": "QUATERNION"
      },
      "armature_space": {
        "head": {
          "x": 0.5044853687286377,
          "y": -0.5255833864212036,
          "z": 0.3008960485458374
        },
        "tail": {
          "x": 0.5202736854553223,
          "y": -0.5476850271224976,
          "z": 0.2922174632549286
        }
      },
      "world_space": {
        "head": {
          "x": 0.5044853687286377,
          "y": -0.4623394012451172,
          "z": 1.2507500648498535
        },
        "tail": {
          "x": 0.5202736854553223,
          "y": -0.48444104194641113,
          "z": 1.242071509361267
        },
        "rotation_quaternion": {
          "w": 0.1515035331249237,
          "x": -0.9415615200996399,
          "y": -0.29915615916252136,
          "z": 0.03184909373521805
        },
        "matrix": [
          [
            0.8189823031425476,
            0.5536972284317017,
            -0.15062285959720612,
            0.5044853687286377
          ],
          [
            0.5729987621307373,
            -0.7751045823097229,
            0.2662433087825775,
            -0.4623394012451172
          ],
          [
            0.030670423060655594,
            -0.30435803532600403,
            -0.9520713090896606,
            1.2507500648498535
          ],
          [
            0.0,
            0.0,
            0.0,
            1.0
          ]
        ]
      },
      "bone_length_armature_space": 0.028514405186287846,
      "parent": "metacarpal_index_l",
      "has_children": true,
      "is_end_bone": false
    },
    "index_02_l": {
      "name": "index_02_l",
      "local": {
        "location": {
          "x": 0.0,
          "y": 0.0,
          "z": 0.0
        },
        "rotation_quaternion": {
          "w": 0.9978456497192383,
          "x": 0.06544145941734314,
          "y": 0.004508515819907188,
          "z": -0.0010924648959189653
        },
        "scale": {
          "x": 1.0,
          "y": 1.0,
          "z": 1.0
        },
        "matrix_basis": [
          [
            0.9999569654464722,
            0.002770310500636697,
            0.008854621089994907,
            0.0
          ],
          [
            -0.0015901349252089858,
            0.9914324283599854,
            -0.13061080873012543,
            0.0
          ],
          [
            -0.009140591137111187,
            0.13059109449386597,
            0.9913941621780396,
            0.0
          ],
          [
            0.0,
            0.0,
            0.0,
            1.0
          ]
        ],
        "rotation_mode": "QUATERNION"
      },
      "armature_space": {
        "head": {
          "x": 0.5202736258506775,
          "y": -0.5476853847503662,
          "z": 0.29221704602241516
        },
        "tail": {
          "x": 0.5345637798309326,
          "y": -0.5664449334144592,
          "z": 0.28211942315101624
        }
      },
      "world_space": {
        "head": {
          "x": 0.5202736258506775,
          "y": -0.4844413995742798,
          "z": 1.2420710325241089
        },
        "tail": {
          "x": 0.5345637798309326,
          "y": -0.5032009482383728,
          "z": 1.23197340965271
        },
        "rotation_quaternion": {
          "w": 0.18793146312236786,
          "x": -0.9276517033576965,
          "y": -0.31471410393714905,
          "z": 0.07140789180994034
        },
        "matrix": [
          [
            0.7917115092277527,
            0.5570505857467651,
            -0.25077345967292786,
            0.5202736258506775
          ],
          [
            0.6107304096221924,
            -0.7312735319137573,
            0.3037228286266327,
            -0.4844413995742798
          ],
          [
            -0.014194582588970661,
            -0.393619179725647,
            -0.9191717505455017,
            1.2420710325241089
          ],
          [
            0.0,
            0.0,
            0.0,
            1.0
          ]
        ]
      },
      "bone_length_armature_space": 0.025653287321488288,
      "parent": "index_01_l",
      "has_children": true,
      "is_end_bone": false
    },
    "index_03_l": {
      "name": "index_03_l",
      "local": {
        "location": {
          "x": 0.0,
          "y": 0.0,
          "z": 0.0
        },
        "rotation_quaternion": {
          "w": 0.9996607899665833,
          "x": 0.025493767112493515,
          "y": -0.0050279232673347,
          "z": 0.0017944680294021964
        },
        "scale": {
          "x": 1.0,
          "y": 1.0,
          "z": 1.0
        },
        "matrix_basis": [
          [
            0.9999430179595947,
            -0.003844080027192831,
            -0.009960940107703209,
            0.0
          ],
          [
            0.0033313571475446224,
            0.9986937046051025,
            -0.05098828300833702,
            0.0
          ],
          [
            0.010143931023776531,
            0.05095219239592552,
            0.9986495971679688,
            0.0
          ],
          [
            0.0,
            0.0,
            0.0,
            1.0
          ]
        ],
        "rotation_mode": "QUATERNION"
      },
      "armature_space": {
        "head": {
          "x": 0.5345638394355774,
          "y": -0.566444993019104,
          "z": 0.2821195423603058
        },
        "tail": {
          "x": 0.551685094833374,
          "y": -0.5846749544143677,
          "z": 0.26701104640960693
        }
      },
      "world_space": {
        "head": {
          "x": 0.5345638394355774,
          "y": -0.5032010078430176,
          "z": 1.2319735288619995
        },
        "tail": {
          "x": 0.551685094833374,
          "y": -0.5214309692382812,
          "z": 1.216865062713623
        },
        "rotation_quaternion": {
          "w": 0.2653729021549225,
          "x": -0.8992141485214233,
          "y": -0.34295782446861267,
          "z": 0.058061059564352036
        },
        "matrix": [
          [
            0.7580171227455139,
            0.5859694480895996,
            -0.2864432632923126,
            0.5345638394355774
          ],
          [
            0.647601842880249,
            -0.6239140033721924,
            0.4374280273914337,
            -0.5032010078430176
          ],
          [
            0.07760462164878845,
            -0.5170832872390747,
            -0.8524181246757507,
            1.2319735288619995
          ],
          [
            0.0,
            0.0,
            0.0,
            1.0
          ]
        ]
      },
      "bone_length_armature_space": 0.029218753080237195,
      "parent": "index_02_l",
      "has_children": false,
      "is_end_bone": true
    },
    "metacarpal_pinky_l": {
      "name": "metacarpal_pinky_l",
      "local": {
        "location": {
          "x": 0.0,
          "y": 0.0,
          "z": 0.0
        },
        "rotation_quaternion": {
          "w": 0.9994816780090332,
          "x": -0.031861238181591034,
          "y": 0.002914999146014452,
          "z": 0.0035685705952346325
        },
        "scale": {
          "x": 1.0,
          "y": 1.0,
          "z": 1.0
        },
        "matrix_basis": [
          [
            0.9999575614929199,
            -0.007319192867726088,
            0.0055995783768594265,
            0.0
          ],
          [
            0.006947691086679697,
            0.9979442358016968,
            0.06371024996042252,
            0.0
          ],
          [
            -0.006054374855011702,
            -0.0636686459183693,
            0.9979526996612549,
            0.0
          ],
          [
            0.0,
            0.0,
            0.0,
            1.0
          ]
        ],
        "rotation_mode": "QUATERNION"
      },
      "armature_space": {
        "head": {
          "x": 0.48177236318588257,
          "y": -0.4288163483142853,
          "z": 0.3629407584667206
        },
        "tail": {
          "x": 0.5542038679122925,
          "y": -0.49737417697906494,
          "z": 0.3329952657222748
        }
      },
      "world_space": {
        "head": {
          "x": 0.48177236318588257,
          "y": -0.36557233333587646,
          "z": 1.312794804573059
        },
        "tail": {
          "x": 0.5542038679122925,
          "y": -0.4341301918029785,
          "z": 1.2828493118286133
        },
        "rotation_quaternion": {
          "w": 0.27888932824134827,
          "x": 0.38626956939697266,
          "y": 0.3050079345703125,
          "z": -0.8246130347251892
        },
        "matrix": [
          [
            -0.5460333228111267,
            0.6955822706222534,
            -0.4669184982776642,
            0.48177236318588257
          ],
          [
            -0.2243226021528244,
            -0.6583819389343262,
            -0.7184796929359436,
            -0.36557233333587646
          ],
          [
            -0.8071783185005188,
            -0.28757596015930176,
            0.5155361294746399,
            1.312794804573059
          ],
          [
            0.0,
            0.0,
            0.0,
            1.0
          ]
        ]
      },
      "bone_length_armature_space": 0.10413083873456293,
      "parent": "lowerarm_l",
      "has_children": true,
      "is_end_bone": false
    },
    "pinky_01_l": {
      "name": "pinky_01_l",
      "local": {
        "location": {
          "x": 0.0,
          "y": 0.0,
          "z": 0.0
        },
        "rotation_quaternion": {
          "w": 0.9536840915679932,
          "x": 0.30015847086906433,
          "y": -0.018706563860177994,
          "z": -0.006456146482378244
        },
        "scale": {
          "x": 1.0,
          "y": 1.0,
          "z": 1.0
        },
        "matrix_basis": [
          [
            0.9992167949676514,
            0.0010843811323866248,
            -0.03955603763461113,
            0.0
          ],
          [
            -0.02354411594569683,
            0.8197264075279236,
            -0.5722711682319641,
            0.0
          ],
          [
            0.03180456906557083,
            0.5727542638778687,
            0.8191099166870117,
            0.0
          ],
          [
            0.0,
            0.0,
            0.0,
            1.0
          ]
        ],
        "rotation_mode": "QUATERNION"
      },
      "armature_space": {
        "head": {
          "x": 0.5542038679122925,
          "y": -0.49737417697906494,
          "z": 0.3329952657222748
