{
  "metadata": {
    "armature_name": "KIM_caucasian_male",
    "export_time": "2026-01-13T21:16:33.200267",
    "blender_version": "4.4.1",
    "bone_count": 56,
    "end_bone_count": 13,
    "spaces_included": [
      "LOCAL_CHANNELS",
      "ARMATURE_SPACE",
      "WORLD_SPACE"
    ],
    "note": "LOCAL matches Transform panel; replay pose via local.matrix_basis for best fidelity."
  },
  "bones": {
    "Root": {
      "name": "Root",
      "local": {
        "location": {
          "x": 0.0,
          "y": 0.0,
          "z": 0.0
        },
        "rotation_quaternion": {
          "w": 0.9998372793197632,
          "x": -0.005284158047288656,
          "y": 0.01389405969530344,
          "z": 0.010231937281787395
        },
        "scale": {
          "x": 1.0,
          "y": 1.0,
          "z": 1.0
        },
        "matrix_basis": [
          [
            0.9994045495986938,
            -0.02060738205909729,
            0.027675462886691093,
            0.0
          ],
          [
            0.02031370811164379,
            0.9997347593307495,
            0.010850923135876656,
            0.0
          ],
          [
            -0.02789173275232315,
            -0.010282269679009914,
            0.9995580911636353,
            0.0
          ],
          [
            0.0,
            0.0,
            0.0,
            1.0
          ]
        ],
        "rotation_mode": "QUATERNION"
      },
      "armature_space": {
        "head": {
          "x": 0.0,
          "y": 0.07072800397872925,
          "z": -0.009595036506652832
        },
        "tail": {
          "x": -0.0014708697563037276,
          "y": 0.00011742115020751953,
          "z": 0.0007247040048241615
        }
      },
      "world_space": {
        "head": {
          "x": 0.0,
          "y": 0.13397200405597687,
          "z": 0.9402589797973633
        },
        "tail": {
          "x": -0.0014708697563037276,
          "y": 0.06336142122745514,
          "z": 0.9505787491798401
        },
        "rotation_quaternion": {
          "w": 0.07262883335351944,
          "x": 0.9972097873687744,
          "y": -0.009272679686546326,
          "z": 0.014551801607012749
        },
        "matrix": [
          [
            0.9994045495986938,
            -0.02060738205909729,
            0.027675462886691093,
            0.0
          ],
          [
            -0.01637984812259674,
            -0.9892780780792236,
            -0.1451227068901062,
            0.13397200405597687
          ],
          [
            0.030369525775313377,
            0.14458304643630981,
            -0.989033579826355,
            0.9402589797973633
          ],
          [
            0.0,
            0.0,
            0.0,
            1.0
          ]
        ]
      },
      "bone_length_armature_space": 0.07137587123886896,
      "parent": null,
      "has_children": true,
      "is_end_bone": false
    },
    "spine_01": {
      "name": "spine_01",
      "local": {
        "location": {
          "x": 0.0,
          "y": 0.0,
          "z": 0.0
        },
        "rotation_quaternion": {
          "w": 0.9987411499023438,
          "x": -0.01753516122698784,
          "y": -0.0035827383399009705,
          "z": -0.04685991257429123
        },
        "scale": {
          "x": 1.0,
          "y": 1.0,
          "z": 1.0
        },
        "matrix_basis": [
          [
            0.995582640171051,
            0.0937274917960167,
            -0.005513064097613096,
            0.0
          ],
          [
            -0.09347619861364365,
            0.9949933290481567,
            0.03536194935441017,
            0.0
          ],
          [
            0.008799849078059196,
            -0.03469039872288704,
            0.9993593692779541,
            0.0
          ],
          [
            0.0,
            0.0,
            0.0,
            1.0
          ]
        ],
        "rotation_mode": "QUATERNION"
      },
      "armature_space": {
        "head": {
          "x": -0.0014708697563037276,
          "y": 0.00011742115020751953,
          "z": 0.0007247040048241615
        },
        "tail": {
          "x": 0.030281150713562965,
          "y": 0.04420313984155655,
          "z": 0.48569563031196594
        }
      },
      "world_space": {
        "head": {
          "x": -0.0014708697563037276,
          "y": 0.06336142122745514,
          "z": 0.9505787491798401
        },
        "tail": {
          "x": 0.030281150713562965,
          "y": 0.10744713991880417,
          "z": 1.4355496168136597
        },
        "rotation_quaternion": {
          "w": 0.7382442951202393,
          "x": 0.6736348271369934,
          "y": 0.012839380651712418,
          "z": -0.032351985573768616
        },
        "matrix": [
          [
            0.9975770115852356,
            0.06506545096635818,
            -0.024630073457956314,
            -0.0014708697563037276
          ],
          [
            -0.030469678342342377,
            0.09033936262130737,
            -0.9954448342323303,
            0.06336142122745514
          ],
          [
            -0.06254447251558304,
            0.9937903881072998,
            0.09210272878408432,
            0.9505787491798401
          ],
          [
            0.0,
            0.0,
            0.0,
            1.0
          ]
        ]
      },
      "bone_length_armature_space": 0.48800465200121085,
      "parent": "Root",
      "has_children": true,
      "is_end_bone": false
    },
    "neck_01": {
      "name": "neck_01",
      "local": {
        "location": {
          "x": 0.0,
          "y": 0.0,
          "z": 0.0
        },
        "rotation_quaternion": {
          "w": 0.9975064992904663,
          "x": 0.025333868339657784,
          "y": -0.053642887622117996,
          "z": -0.03822943568229675
        },
        "scale": {
          "x": 1.0,
          "y": 1.0,
          "z": 1.0
        },
        "matrix_basis": [
          [
            0.9913219213485718,
            0.0735502541065216,
            -0.1089552566409111,
            0.0
          ],
          [
            -0.07898618280887604,
            0.9957934021949768,
            -0.04643992334604263,
            0.0
          ],
          [
            0.10508126020431519,
            0.054642871022224426,
            0.9929612874984741,
            0.0
          ],
          [
            0.0,
            0.0,
            0.0,
            1.0
          ]
        ],
        "rotation_mode": "QUATERNION"
      },
      "armature_space": {
        "head": {
          "x": 0.034190960228443146,
          "y": 0.016295183449983597,
          "z": 0.5616536140441895
        },
        "tail": {
          "x": 0.04662594199180603,
          "y": -0.019373692572116852,
          "z": 0.6569628119468689
        }
      },
      "world_space": {
        "head": {
          "x": 0.034190960228443146,
          "y": 0.07953917980194092,
          "z": 1.5115076303482056
        },
        "tail": {
          "x": 0.04662594199180603,
          "y": 0.04387030750513077,
          "z": 1.6068167686462402
        },
        "rotation_quaternion": {
          "w": 0.5709879994392395,
          "x": 0.8147369623184204,
          "y": 0.0037876670248806477,
          "z": -0.10080751776695251
        },
        "matrix": [
          [
            0.9796472191810608,
            0.12129166722297668,
            -0.1599370241165161,
            0.034190960228443146
          ],
          [
            -0.10894718766212463,
            -0.3479166030883789,
            -0.9311739206314087,
            0.07953917980194092
          ],
          [
            -0.16858965158462524,
            0.9296525120735168,
            -0.32762423157691956,
            1.5115076303482056
          ],
          [
            0.0,
            0.0,
            0.0,
            1.0
          ]
        ]
      },
      "bone_length_armature_space": 0.10252190173826625,
      "parent": "spine_01",
      "has_children": true,
      "is_end_bone": false
    },
    "head": {
      "name": "head",
      "local": {
        "location": {
          "x": 0.0,
          "y": 0.0,
          "z": 0.0
        },
        "rotation_quaternion": {
          "w": 0.9907318353652954,
          "x": 0.021748000755906105,
          "y": -0.1340712010860443,
          "z": -0.0015361683908849955
        },
        "scale": {
          "x": 1.0,
          "y": 1.0,
          "z": 1.0
        },
        "matrix_basis": [
          [
            0.9640451073646545,
            -0.0027876992244273424,
            -0.2657240331172943,
            0.0
          ],
          [
            -0.008875423111021519,
            0.9990493059158325,
            -0.04268096014857292,
            0.0
          ],
          [
            0.2655903995037079,
            0.04350478574633598,
            0.9631038904190063,
            0.0
          ],
          [
            0.0,
            0.0,
            0.0,
            1.0
          ]
        ],
        "rotation_mode": "QUATERNION"
      },
      "armature_space": {
        "head": {
          "x": 0.046625908464193344,
          "y": -0.019373811781406403,
          "z": 0.6569626927375793
        },
        "tail": {
          "x": 0.0718572661280632,
          "y": -0.02412370964884758,
          "z": 0.8099140524864197
        }
      },
      "world_space": {
        "head": {
          "x": 0.046625908464193344,
          "y": 0.04387018829584122,
          "z": 1.6068167686462402
        },
        "tail": {
          "x": 0.0718572661280632,
          "y": 0.03912029042840004,
          "z": 1.759768009185791
        },
        "rotation_quaternion": {
          "w": 0.6920713186264038,
          "x": 0.6913890838623047,
          "y": -0.07565581053495407,
          "z": -0.19311852753162384
        },
        "matrix": [
          [
            0.9139626026153564,
            0.1626882702112198,
            -0.3717596232891083,
            0.046625908464193344
          ],
          [
            -0.37191998958587646,
            -0.030626676976680756,
            -0.92775958776474,
            0.04387018829584122
          ],
          [
            -0.16232283413410187,
            0.9862090349197388,
            0.03251474350690842,
            1.6068167686462402
          ],
          [
            0.0,
            0.0,
            0.0,
            1.0
          ]
        ]
      },
      "bone_length_armature_space": 0.15509126977531942,
      "parent": "neck_01",
      "has_children": false,
      "is_end_bone": true
    },
    "upperarm_l": {
      "name": "upperarm_l",
      "local": {
        "location": {
          "x": 0.0,
          "y": 0.0,
          "z": 0.0
        },
        "rotation_quaternion": {
          "w": 0.7697663307189941,
          "x": 0.5404905676841736,
          "y": 0.20563580095767975,
          "z": -0.27026599645614624
        },
        "scale": {
          "x": 1.0,
          "y": 1.0,
          "z": 1.0
        },
        "matrix_basis": [
          [
            0.7693403959274292,
            0.6383717656135559,
            0.024430587887763977,
            0.0
          ],
          [
            -0.19379490613937378,
            0.26965248584747314,
            -0.943255603313446,
            0.0
          ],
          [
            -0.6087355017662048,
            0.7209501266479492,
            0.33116772770881653,
            0.0
          ],
          [
            0.0,
            0.0,
            0.0,
            1.0
          ]
        ],
        "rotation_mode": "QUATERNION"
      },
      "armature_space": {
        "head": {
          "x": 0.1793760508298874,
          "y": 0.0024786293506622314,
          "z": 0.4857752323150635
        },
        "tail": {
          "x": 0.23880121111869812,
          "y": -0.20107033848762512,
          "z": 0.32193225622177124
        }
      },
      "world_space": {
        "head": {
          "x": 0.1793760508298874,
          "y": 0.06572262942790985,
          "z": 1.4356292486190796
        },
        "tail": {
          "x": 0.23880121111869812,
          "y": -0.1378263384103775,
          "z": 1.2717862129211426
        },
        "rotation_quaternion": {
          "w": 0.11495885252952576,
          "x": -0.594102144241333,
          "y": -0.32708749175071716,
          "z": 0.7258381247520447
        },
        "matrix": [
          [
            -0.26765573024749756,
            0.22176097333431244,
            -0.9376474022865295,
            0.1793760508298874
          ],
          [
            0.5555289387702942,
            -0.7595977187156677,
            -0.33822914958000183,
            0.06572262942790985
          ],
          [
            -0.7872457504272461,
            -0.6114242076873779,
            0.08011634647846222,
            1.4356292486190796
          ],
          [
            0.0,
            0.0,
            0.0,
            1.0
          ]
        ]
      },
      "bone_length_armature_space": 0.2679702463851999,
      "parent": "spine_01",
      "has_children": true,
      "is_end_bone": false
    },
    "lowerarm_l": {
      "name": "lowerarm_l",
      "local": {
        "location": {
          "x": 0.0,
          "y": 0.0,
          "z": 0.0
        },
        "rotation_quaternion": {
          "w": 0.9681605100631714,
          "x": 0.06787523627281189,
          "y": 0.11446918547153473,
          "z": -0.2120264619588852
        },
        "scale": {
          "x": 1.0,
          "y": 1.0,
          "z": 1.0
        },
        "matrix_basis": [
          [
            0.8838831782341003,
            0.4260905385017395,
            0.19286639988422394,
            0.0
          ],
          [
            -0.3950120508670807,
            0.900875449180603,
            -0.17996923625469208,
            0.0
          ],
          [
            -0.25043177604675293,
            0.08288725465536118,
            0.9645795226097107,
            0.0
          ],
          [
            0.0,
            0.0,
            0.0,
            1.0
          ]
        ],
        "rotation_mode": "QUATERNION"
      },
      "armature_space": {
        "head": {
          "x": 0.23880122601985931,
          "y": -0.20107048749923706,
          "z": 0.32193225622177124
        },
        "tail": {
          "x": 0.20583070814609528,
          "y": -0.3559879660606384,
          "z": 0.10633179545402527
        }
      },
      "world_space": {
        "head": {
          "x": 0.23880122601985931,
          "y": -0.13782648742198944,
          "z": 1.2717862129211426
        },
        "tail": {
          "x": 0.20583070814609528,
          "y": -0.292743980884552,
          "z": 1.0561858415603638
        },
        "rotation_quaternion": {
          "w": 0.33595284819602966,
          "x": -0.5517522692680359,
          "y": -0.31240490078926086,
          "z": 0.6964972615242004
        },
        "matrix": [
          [
            -0.1654110699892044,
            -0.12324301153421402,
            -0.9784939885139465,
            0.23880122601985931
          ],
          [
            0.8127205967903137,
            -0.5790778398513794,
            -0.06445188820362091,
            -0.13782648742198944
          ],
          [
            -0.5586841106414795,
            -0.805909276008606,
            0.19594939053058624,
            1.2717862129211426
          ],
          [
            0.0,
            0.0,
            0.0,
            1.0
          ]
        ]
      },
      "bone_length_armature_space": 0.2675257695970378,
      "parent": "upperarm_l",
      "has_children": true,
      "is_end_bone": false
    },
    "metacarpal_thumb_l": {
      "name": "metacarpal_thumb_l",
      "local": {
        "location": {
          "x": 0.0,
          "y": 0.0,
          "z": 0.0
        },
        "rotation_quaternion": {
          "w": 0.9990569353103638,
          "x": -0.036519505083560944,
          "y": 0.023130720481276512,
          "z": 0.00406779907643795
        },
        "scale": {
          "x": 1.0,
          "y": 1.0,
          "z": 1.0
        },
        "matrix_basis": [
          [
            0.9988968372344971,
            -0.009817371144890785,
            0.04592070356011391,
            0.0
          ],
          [
            0.006438480690121651,
            0.9972995519638062,
            0.07315830886363983,
            0.0
          ],
          [
            -0.04651492089033127,
            -0.07278195023536682,
            0.9962626099586487,
            0.0
          ],
          [
            0.0,
            0.0,
            0.0,
            1.0
          ]
        ],
        "rotation_mode": "QUATERNION"
      },
      "armature_space": {
        "head": {
          "x": 0.20583070814609528,
          "y": -0.3559879660606384,
          "z": 0.10633179545402527
        },
        "tail": {
          "x": 0.17109446227550507,
          "y": -0.37624403834342957,
          "z": 0.07740635424852371
        }
      },
      "world_space": {
        "head": {
          "x": 0.20583070814609528,
          "y": -0.292743980884552,
          "z": 1.0561858415603638
        },
        "tail": {
          "x": 0.17109446227550507,
          "y": -0.31300002336502075,
          "z": 1.027260422706604
        },
        "rotation_quaternion": {
          "w": 0.4512944519519806,
          "x": -0.8054666519165039,
          "y": 0.30309340357780457,
          "z": 0.23598967492580414
        },
        "matrix": [
          [
            0.7048864364624023,
            -0.701265275478363,
            -0.1065933108329773,
            0.20583070814609528
          ],
          [
            -0.27526402473449707,
            -0.4089355170726776,
            0.8700582385063171,
            -0.292743980884552
          ],
          [
            -0.6537363529205322,
            -0.5839551091194153,
            -0.4812888205051422,
            1.0561858415603638
          ],
          [
            0.0,
            0.0,
            0.0,
            1.0
          ]
        ]
      },
      "bone_length_armature_space": 0.049533790085990514,
      "parent": "lowerarm_l",
      "has_children": true,
      "is_end_bone": false
    },
    "thumb_01_l": {
      "name": "thumb_01_l",
      "local": {
        "location": {
          "x": 0.0,
          "y": 0.0,
          "z": 0.0
        },
        "rotation_quaternion": {
          "w": 0.9998761415481567,
          "x": -0.006175646558403969,
          "y": -0.0034574316814541817,
          "z": -0.01405628863722086
        },
        "scale": {
          "x": 1.0,
          "y": 1.0,
          "z": 1.0
        },
        "matrix_basis": [
          [
            0.9995809197425842,
            0.028151798993349075,
            -0.006740393582731485,
            0.0
          ],
          [
            -0.028066391125321388,
            0.9995285868644714,
            0.012446960434317589,
            0.0
          ],
          [
            0.0070876204408705235,
            -0.012252566404640675,
            0.9998998045921326,
            0.0
          ],
          [
            0.0,
            0.0,
            0.0,
            1.0
          ]
        ],
        "rotation_mode": "QUATERNION"
      },
      "armature_space": {
        "head": {
          "x": 0.17109446227550507,
          "y": -0.37624403834342957,
          "z": 0.07740635424852371
        },
        "tail": {
          "x": 0.14905288815498352,
          "y": -0.3631000220775604,
          "z": 0.055044881999492645
        }
      },
      "world_space": {
        "head": {
          "x": 0.17109446227550507,
          "y": -0.31300002336502075,
          "z": 1.027260422706604
        },
        "tail": {
          "x": 0.14905288815498352,
          "y": -0.2998560070991516,
          "z": 1.0048989057540894
        },
        "rotation_quaternion": {
          "w": 0.22673703730106354,
          "x": -0.4816672205924988,
          "y": 0.8010404109954834,
          "z": -0.2737174332141876
        },
        "matrix": [
          [
            -0.43317240476608276,
            -0.647546648979187,
            0.6269329190254211,
            0.17109446227550507
          ],
          [
            -0.8957940936088562,
            0.3861502408981323,
            -0.2200922966003418,
            -0.31300002336502075
          ],
          [
            -0.09957155585289001,
            -0.656944990158081,
            -0.7473437786102295,
            1.027260422706604
          ],
          [
            0.0,
            0.0,
            0.0,
            1.0
          ]
        ]
      },
      "bone_length_armature_space": 0.03403867772619018,
      "parent": "metacarpal_thumb_l",
      "has_children": true,
      "is_end_bone": false
    },
    "thumb_02_l": {
      "name": "thumb_02_l",
      "local": {
        "location": {
          "x": 0.0,
          "y": 0.0,
          "z": 0.0
        },
        "rotation_quaternion": {
          "w": 0.9960353970527649,
          "x": 0.0884108766913414,
          "y": 0.0056573813781142235,
          "z": 0.00805747602134943
        },
        "scale": {
          "x": 1.0,
          "y": 1.0,
          "z": 1.0
        },
        "matrix_basis": [
          [
            0.9998061656951904,
            -0.015050714835524559,
            0.012694641016423702,
            0.0
          ],
          [
            0.01705140992999077,
            0.9842371940612793,
            -0.17602956295013428,
            0.0
          ],
          [
            -0.009845167398452759,
            0.1762118935585022,
            0.9843029975891113,
            0.0
          ],
          [
            0.0,
            0.0,
            0.0,
            1.0
          ]
        ],
        "rotation_mode": "QUATERNION"
      },
      "armature_space": {
        "head": {
          "x": 0.14905288815498352,
          "y": -0.36309999227523804,
          "z": 0.055044934153556824
        },
        "tail": {
          "x": 0.14605170488357544,
          "y": -0.3876235783100128,
          "z": 0.02337823063135147
        }
      },
      "world_space": {
        "head": {
          "x": 0.14905288815498352,
          "y": -0.2998560070991516,
          "z": 1.0048989057540894
        },
        "tail": {
          "x": 0.14605170488357544,
          "y": -0.324379563331604,
          "z": 0.9732322692871094
        },
        "rotation_quaternion": {
          "w": 0.14285804331302643,
          "x": -0.36934176087379456,
          "y": 0.41749468445777893,
          "z": -0.8178487420082092
        },
        "matrix": [
          [
            -0.6863573789596558,
            -0.07472250610589981,
            0.7234156131744385,
            0.14905288815498352
          ],
          [
            -0.5420682430267334,
            -0.6105804443359375,
            -0.5773675441741943,
            -0.2998560070991516
          ],
          [
            0.4848489761352539,
            -0.7884270548820496,
            0.3785736858844757,
            1.0048989057540894
          ],
          [
            0.0,
            0.0,
            0.0,
            1.0
          ]
        ]
      },
      "bone_length_armature_space": 0.04016458053957434,
      "parent": "thumb_01_l",
      "has_children": true,
      "is_end_bone": false
    },
    "thumb_03_l": {
      "name": "thumb_03_l",
      "local": {
        "location": {
          "x": 0.0,
          "y": 0.0,
          "z": 0.0
        },
        "rotation_quaternion": {
          "w": 0.9973869919776917,
          "x": 0.07206577062606812,
          "y": -0.0016107051633298397,
          "z": 0.004806829150766134
        },
        "scale": {
          "x": 1.0,
          "y": 1.0,
          "z": 1.0
        },
        "matrix_basis": [
          [
            0.9999486207962036,
            -0.00982069130986929,
            -0.00252017704769969,
            0.0
          ],
          [
            0.009356384165585041,
            0.9895668625831604,
            -0.14377041161060333,
            0.0
          ],
          [
            0.0039058085530996323,
            0.14373944699764252,
            0.9896078705787659,
            0.0
          ],
          [
            0.0,
            0.0,
            0.0,
            1.0
          ]
        ],
        "rotation_mode": "QUATERNION"
      },
      "armature_space": {
        "head": {
          "x": 0.14605163037776947,
          "y": -0.3876235783100128,
          "z": 0.023378271609544754
        },
        "tail": {
          "x": 0.1551695615053177,
          "y": -0.4097077548503876,
          "z": 0.004509022459387779
        }
      },
      "world_space": {
        "head": {
          "x": 0.14605163037776947,
          "y": -0.324379563331604,
          "z": 0.9732322692871094
        },
        "tail": {
          "x": 0.1551695615053177,
          "y": -0.34646373987197876,
          "z": 0.9543630480766296
        },
        "rotation_quaternion": {
          "w": 0.20641008019447327,
          "x": -0.13023202121257782,
          "y": 0.30773958563804626,
          "z": -0.9196362495422363
        },
        "matrix": [
          [
            -0.8808687329292297,
            0.29948973655700684,
            0.36657366156578064,
            0.14605163037776947
          ],
          [
            -0.4597998857498169,
            -0.7253825664520264,
            -0.5122538208961487,
            -0.324379563331604
          ],
          [
            0.11249204725027084,
            -0.619783878326416,
            0.776677131652832,
            0.9732322692871094
          ],
          [
            0.0,
            0.0,
            0.0,
            1.0
          ]
        ]
      },
      "bone_length_armature_space": 0.030444967792755993,
      "parent": "thumb_02_l",
      "has_children": false,
      "is_end_bone": true
    },
    "metacarpal_index_l": {
      "name": "metacarpal_index_l",
      "local": {
        "location": {
          "x": 0.0,
          "y": 0.0,
          "z": 0.0
        },
        "rotation_quaternion": {
          "w": 0.9994651079177856,
          "x": -0.026865962892770767,
          "y": -0.005126762203872204,
          "z": 0.017929837107658386
        },
        "scale": {
          "x": 1.0,
          "y": 1.0,
          "z": 1.0
        },
        "matrix_basis": [
          [
            0.999304473400116,
            -0.03556502237915993,
            -0.01121144462376833,
            0.0
          ],
          [
            0.03611596301198006,
            0.9979134798049927,
            0.053519342094659805,
            0.0
          ],
          [
            0.009284635074436665,
            -0.053887028247117996,
            0.9985038638114929,
            0.0
          ],
          [
            0.0,
            0.0,
            0.0,
            1.0
          ]
        ],
        "rotation_mode": "QUATERNION"
      },
      "armature_space": {
        "head": {
          "x": 0.20583070814609528,
          "y": -0.3559879660606384,
          "z": 0.10633179545402527
        },
        "tail": {
          "x": 0.15760581195354462,
          "y": -0.4242679476737976,
          "z": 0.024225033819675446
        }
      },
      "world_space": {
        "head": {
          "x": 0.20583070814609528,
          "y": -0.292743980884552,
          "z": 1.0561858415603638
        },
        "tail": {
          "x": 0.15760581195354462,
          "y": -0.3610239624977112,
          "z": 0.9740790724754333
        },
        "rotation_quaternion": {
          "w": 0.4566855728626251,
          "x": -0.7752971649169922,
          "y": 0.008482314646244049,
          "z": 0.43621161580085754
        },
        "matrix": [
          [
            0.6192963123321533,
            -0.41157448291778564,
            -0.6686394810676575,
            0.20583070814609528
          ],
          [
            0.3852688670158386,
            -0.5827342867851257,
            0.7155338525772095,
            -0.292743980884552
          ],
          [
            -0.6841390132904053,
            -0.7007386088371277,
            -0.2023192048072815,
            1.0561858415603638
          ],
          [
            0.0,
            0.0,
            0.0,
            1.0
          ]
        ]
      },
      "bone_length_armature_space": 0.11717216868248677,
      "parent": "lowerarm_l",
      "has_children": true,
      "is_end_bone": false
    },
    "index_01_l": {
      "name": "index_01_l",
      "local": {
        "location": {
          "x": 0.0,
          "y": 0.0,
          "z": 0.0
        },
        "rotation_quaternion": {
          "w": 0.9907993078231812,
          "x": -0.13424772024154663,
          "y": -0.00968045275658369,
          "z": 0.014170750975608826
        },
        "scale": {
          "x": 1.0,
          "y": 1.0,
          "z": 1.0
        },
        "matrix_basis": [
          [
            0.9994109869003296,
            -0.025481583550572395,
            -0.022987553849816322,
            0.0
          ],
          [
            0.030679898336529732,
            0.9635534882545471,
            0.2657507359981537,
            0.0
          ],
          [
            0.01537798997014761,
            -0.26629945635795593,
            0.9637676477432251,
            0.0
          ],
          [
            0.0,
            0.0,
            0.0,
            1.0
          ]
        ],
        "rotation_mode": "QUATERNION"
      },
      "armature_space": {
        "head": {
          "x": 0.15760581195354462,
          "y": -0.4242679476737976,
          "z": 0.024225033819675446
        },
        "tail": {
          "x": 0.16000910103321075,
          "y": -0.4435427486896515,
          "z": 0.00334964320063591
        }
      },
      "world_space": {
        "head": {
          "x": 0.15760581195354462,
          "y": -0.3610239624977112,
          "z": 0.9740790724754333
        },
        "tail": {
          "x": 0.16000910103321075,
          "y": -0.3802987337112427,
          "z": 0.9532036781311035
        },
        "rotation_quaternion": {
          "w": 0.3571183681488037,
          "x": -0.8551480770111084,
          "y": -0.18569505214691162,
          "z": 0.3266581594944
        },
        "matrix": [
          [
            0.7176238894462585,
            0.08428347855806351,
            -0.6913121938705444,
            0.15760581195354462
          ],
          [
            0.5509047508239746,
            -0.6759681701660156,
            0.4894597828388214,
            -0.3610239624977112
          ],
          [
            -0.4260542094707489,
            -0.7321007251739502,
            -0.5315263271331787,
            0.9740790724754333
          ],
          [
            0.0,
            0.0,
            0.0,
            1.0
          ]
        ]
      },
      "bone_length_armature_space": 0.028514482079401403,
      "parent": "metacarpal_index_l",
      "has_children": true,
      "is_end_bone": false
    },
    "index_02_l": {
      "name": "index_02_l",
      "local": {
        "location": {
          "x": 0.0,
          "y": 0.0,
          "z": 0.0
        },
        "rotation_quaternion": {
          "w": 0.9998384714126587,
          "x": 0.015967903658747673,
          "y": -0.0041053821332752705,
          "z": -0.007163545116782188
        },
        "scale": {
          "x": 1.0,
          "y": 1.0,
          "z": 1.0
        },
        "matrix_basis": [
          [
            0.9998636841773987,
            0.014193667098879814,
            -0.008438211865723133,
            0.0
          ],
          [
            -0.0144558846950531,
            0.9993874430656433,
            -0.03187182918190956,
            0.0
          ],
          [
            0.007980664260685444,
            0.03198946639895439,
            0.9994563460350037,
            0.0
          ],
          [
            0.0,
            0.0,
            0.0,
            1.0
          ]
        ],
        "rotation_mode": "QUATERNION"
      },
      "armature_space": {
        "head": {
          "x": 0.1600087434053421,
          "y": -0.4435429871082306,
          "z": 0.003349296748638153
        },
        "tail": {
          "x": 0.1629936397075653,
          "y": -0.46027901768684387,
          "z": -0.01586245745420456
        }
      },
      "world_space": {
        "head": {
          "x": 0.1600087434053421,
          "y": -0.3802989721298218,
          "z": 0.9532033205032349
        },
        "tail": {
          "x": 0.1629936397075653,
          "y": -0.39703500270843506,
          "z": 0.933991551399231
        },
        "rotation_quaternion": {
          "w": 0.3555034101009369,
          "x": -0.8388000130653381,
          "y": -0.21776317059993744,
          "z": 0.3501586616039276
        },
        "matrix": [
          [
            0.6599364280700684,
            0.11635565757751465,
            -0.7422571182250977,
            0.1600087434053421
          ],
          [
            0.6142846941947937,
            -0.6523935198783875,
            0.4438883662223816,
            -0.3802989721298218
          ],
          [
            -0.432597279548645,
            -0.7489008903503418,
            -0.5020169019699097,
            0.9532033205032349
          ],
          [
            0.0,
            0.0,
            0.0,
            1.0
          ]
        ]
      },
      "bone_length_armature_space": 0.025653378064149957,
      "parent": "index_01_l",
      "has_children": true,
      "is_end_bone": false
    },
    "index_03_l": {
      "name": "index_03_l",
      "local": {
        "location": {
          "x": 0.0,
          "y": 0.0,
          "z": 0.0
        },
        "rotation_quaternion": {
          "w": 0.999457597732544,
          "x": 0.0328175313770771,
          "y": -0.002710056258365512,
          "z": -0.0005372607265599072
        },
        "scale": {
          "x": 1.0,
          "y": 1.0,
          "z": 1.0
        },
        "matrix_basis": [
          [
            0.9999847412109375,
            0.0008960639243014157,
            -0.005452435929328203,
            0.0
          ],
          [
            -0.001251813373528421,
            0.997845470905304,
            -0.0655965507030487,
            0.0
          ],
          [
            0.005381909664720297,
            0.0656023770570755,
            0.9978313446044922,
            0.0
          ],
          [
            0.0,
            0.0,
            0.0,
            1.0
          ]
        ],
        "rotation_mode": "QUATERNION"
      },
      "armature_space": {
        "head": {
          "x": 0.16299372911453247,
          "y": -0.46027907729148865,
          "z": -0.015862368047237396
        },
        "tail": {
          "x": 0.16486816108226776,
          "y": -0.4753241539001465,
          "z": -0.04083980992436409
        }
      },
      "world_space": {
        "head": {
          "x": 0.16299372911453247,
          "y": -0.39703506231307983,
          "z": 0.9339916706085205
        },
        "tail": {
          "x": 0.16486816108226776,
          "y": -0.41208016872406006,
          "z": 0.9090142250061035
        },
        "rotation_quaternion": {
          "w": 0.4423728287220001,
          "x": -0.8081902265548706,
          "y": -0.21644845604896545,
          "z": 0.3229316771030426
        },
        "matrix": [
          [
            0.6977307200431824,
            0.06415175646543503,
            -0.7134820818901062,
            0.16299372911453247
          ],
          [
            0.6355752348899841,
            -0.5149132013320923,
            0.5752463340759277,
            -0.39703506231307983
          ],
          [
            -0.33048000931739807,
            -0.854844868183136,
            -0.40004637837409973,
            0.9339916706085205
          ],
          [
            0.0,
            0.0,
            0.0,
            1.0
          ]
        ]
      },
      "bone_length_armature_space": 0.029218837134926866,
      "parent": "index_02_l",
      "has_children": false,
      "is_end_bone": true
    },
    "metacarpal_pinky_l": {
      "name": "metacarpal_pinky_l",
      "local": {
        "location": {
          "x": 0.0,
          "y": 0.0,
          "z": 0.0
        },
        "rotation_quaternion": {
          "w": 0.9995696544647217,
          "x": -0.02675761468708515,
          "y": 0.008988839574158192,
          "z": 0.007993637584149837
        },
        "scale": {
          "x": 1.0,
          "y": 1.0,
          "z": 1.0
        },
        "matrix_basis": [
          [
            0.9997106194496155,
            -0.016461435705423355,
            0.01754216104745865,
            0.0
          ],
          [
            0.015499355271458626,
            0.9984402656555176,
            0.05363590642809868,
            0.0
          ],
          [
            -0.018397724255919456,
            -0.053348492830991745,
            0.9984064698219299,
            0.0
          ],
          [
            0.0,
            0.0,
            0.0,
            1.0
          ]
        ],
        "rotation_mode": "QUATERNION"
      },
      "armature_space": {
        "head": {
          "x": 0.20583070814609528,
          "y": -0.3559879660606384,
          "z": 0.10633179545402527
        },
        "tail": {
          "x": 0.2266591340303421,
          "y": -0.4061293601989746,
          "z": 0.01747601479291916
        }
      },
      "world_space": {
        "head": {
          "x": 0.20583070814609528,
          "y": -0.292743980884552,
          "z": 1.0561858415603638
        },
        "tail": {
          "x": 0.2266591340303421,
          "y": -0.3428853750228882,
          "z": 0.9673300385475159
        },
        "rotation_quaternion": {
          "w": 0.05912543833255768,
          "x": 0.09778853505849838,
          "y": 0.5057101845741272,
          "z": -0.8551016449928284
        },
        "matrix": [
          [
            -0.9738833904266357,
            0.2000218629837036,
            -0.10743674635887146,
            0.20583070814609528
          ],
          [
            -0.0022122543305158615,
            -0.48152321577072144,
            -0.8764305710792542,
            -0.292743980884552
          ],
          [
            -0.22704003751277924,
            -0.8533096313476562,
            0.46939247846603394,
            1.0561858415603638
          ],
          [
            0.0,
            0.0,
            0.0,
            1.0
          ]
        ]
      },
      "bone_length_armature_space": 0.10413132169718009,
      "parent": "lowerarm_l",
      "has_children": true,
      "is_end_bone": false
    },
    "pinky_01_l": {
      "name": "pinky_01_l",
      "local": {
        "location": {
          "x": 0.0,
          "y": 0.0,
          "z": 0.0
        },
        "rotation_quaternion": {
          "w": 0.9565730094909668,
          "x": 0.29076817631721497,
          "y": 0.019956737756729126,
          "z": -0.004863621201366186
        },
        "scale": {
          "x": 1.0,
          "y": 1.0,
          "z": 1.0
        },
        "matrix_basis": [
          [
            0.9991561770439148,
            0.020910385996103287,
            0.03535177931189537,
            0.0
          ],
          [
            0.002300750929862261,
            0.830860435962677,
            -0.5564761161804199,
            0.0
          ],
          [
            -0.04100852459669113,
            0.556087851524353,
            0.8301112055778503,
            0.0
          ],
          [
            0.0,
            0.0,
            0.0,
            1.0
          ]
        ],
        "rotation_mode": "QUATERNION"
      },
      "armature_space": {
        "head": {
          "x": 0.2266591340303421,
          "y": -0.4061293601989746,
