{
  "metadata": {
    "armature_name": "KIM_caucasian_male",
    "export_time": "2026-01-13T20:25:04.169246",
    "blender_version": "4.4.1",
    "bone_count": 56,
    "end_bone_count": 13,
    "spaces_included": [
      "LOCAL_CHANNELS",
      "ARMATURE_SPACE",
      "WORLD_SPACE"
    ],
    "note": "LOCAL matches Transform panel; replay pose via local.matrix_basis for best fidelity."
  },
  "bones": {
    "Root": {
      "name": "Root",
      "local": {
        "location": {
          "x": 0.0,
          "y": 0.0,
          "z": 0.0
        },
        "rotation_quaternion": {
          "w": 0.9998363256454468,
          "x": 0.014589691534638405,
          "y": -0.0032411033753305674,
          "z": 0.010201283730566502
        },
        "scale": {
          "x": 1.0,
          "y": 1.0,
          "z": 1.0
        },
        "matrix_basis": [
          [
            0.9997708797454834,
            -0.020493801683187485,
            -0.006183478515595198,
            0.0
          ],
          [
            0.02030465379357338,
            0.9993661642074585,
            -0.02924073487520218,
            0.0
          ],
          [
            0.00677881296724081,
            0.029108479619026184,
            0.9995532631874084,
            0.0
          ],
          [
            0.0,
            0.0,
            0.0,
            1.0
          ]
        ],
        "rotation_mode": "QUATERNION"
      },
      "armature_space": {
        "head": {
          "x": 0.0,
          "y": 0.07072800397872925,
          "z": -0.009595036506652832
        },
        "tail": {
          "x": -0.0014627629425376654,
          "y": -0.00023446977138519287,
          "z": -0.002064881380647421
        }
      },
      "world_space": {
        "head": {
          "x": 0.0,
          "y": 0.13397200405597687,
          "z": 0.9402589797973633
        },
        "tail": {
          "x": -0.0014627629425376654,
          "y": 0.06300953030586243,
          "z": 0.9477891325950623
        },
        "rotation_quaternion": {
          "w": 0.05280008539557457,
          "x": 0.9985478520393372,
          "y": -0.010396456345915794,
          "z": -0.002546502510085702
        },
        "matrix": [
          [
            0.9997708797454834,
            -0.020493801683187485,
            -0.006183478515595198,
            0.0
          ],
          [
            -0.02103162556886673,
            -0.9942081570625305,
            -0.10539431869983673,
            0.13397200405597687
          ],
          [
            -0.0039877817034721375,
            0.10550001263618469,
            -0.9944183230400085,
            0.9402589797973633
          ],
          [
            0.0,
            0.0,
            0.0,
            1.0
          ]
        ]
      },
      "bone_length_armature_space": 0.07137587627845918,
      "parent": null,
      "has_children": true,
      "is_end_bone": false
    },
    "spine_01": {
      "name": "spine_01",
      "local": {
        "location": {
          "x": 0.0,
          "y": 0.0,
          "z": 0.0
        },
        "rotation_quaternion": {
          "w": 0.9928762912750244,
          "x": 0.1064266785979271,
          "y": -0.02504424750804901,
          "z": 0.04736024886369705
        },
        "scale": {
          "x": 1.0,
          "y": 1.0,
          "z": 1.0
        },
        "matrix_basis": [
          [
            0.9942595958709717,
            -0.09937649220228195,
            -0.03965089097619057,
            0.0
          ],
          [
            0.08871498703956604,
            0.9728607535362244,
            -0.2137092500925064,
            0.0
          ],
          [
            0.05981246754527092,
            0.20896485447883606,
            0.9760922789573669,
            0.0
          ],
          [
            0.0,
            0.0,
            0.0,
            1.0
          ]
        ],
        "rotation_mode": "QUATERNION"
      },
      "armature_space": {
        "head": {
          "x": -0.0014627629425376654,
          "y": -0.00023446977138519287,
          "z": -0.002064881380647421
        },
        "tail": {
          "x": -0.050016358494758606,
          "y": -0.09283067286014557,
          "z": 0.47460776567459106
        }
      },
      "world_space": {
        "head": {
          "x": -0.0014627629425376654,
          "y": 0.06300953030586243,
          "z": 0.9477891325950623
        },
        "tail": {
          "x": -0.050016358494758606,
          "y": -0.02958667278289795,
          "z": 1.424461841583252
        },
        "rotation_quaternion": {
          "w": 0.6338561177253723,
          "x": 0.7712384462356567,
          "y": -0.05790695175528526,
          "z": 0.00802594143897295
        },
        "matrix": [
          [
            0.9931647181510925,
            -0.0994948223233223,
            -0.06103011220693588,
            -0.0014627629425376654
          ],
          [
            -0.07914610207080841,
            -0.18974584341049194,
            -0.9786381721496582,
            0.06300953030586243
          ],
          [
            0.08578973263502121,
            0.9767857789993286,
            -0.19632573425769806,
            0.9477891325950623
          ],
          [
            0.0,
            0.0,
            0.0,
            1.0
          ]
        ]
      },
      "bone_length_armature_space": 0.48800442430163843,
      "parent": "Root",
      "has_children": true,
      "is_end_bone": false
    },
    "neck_01": {
      "name": "neck_01",
      "local": {
        "location": {
          "x": 0.0,
          "y": 0.0,
          "z": 0.0
        },
        "rotation_quaternion": {
          "w": 0.989022970199585,
          "x": 0.06416510045528412,
          "y": -0.0010822201147675514,
          "z": 0.1330983191728592
        },
        "scale": {
          "x": 1.0,
          "y": 1.0,
          "z": 1.0
        },
        "matrix_basis": [
          [
            0.9645673036575317,
            -0.2634134590625763,
            0.014939852990210056,
            0.0
          ],
          [
            0.263135701417923,
            0.9563353657722473,
            -0.1272096037864685,
            0.0
          ],
          [
            0.019221214577555656,
            0.1266334354877472,
            0.9917633533477783,
            0.0
          ],
          [
            0.0,
            0.0,
            0.0,
            1.0
          ]
        ],
        "rotation_mode": "QUATERNION"
      },
      "armature_space": {
        "head": {
          "x": -0.05941776931285858,
          "y": -0.14066317677497864,
          "z": 0.5393179059028625
        },
        "tail": {
          "x": -0.09779924899339676,
          "y": -0.20296213030815125,
          "z": 0.6111259460449219
        }
      },
      "world_space": {
        "head": {
          "x": -0.05941776931285858,
          "y": -0.07741917669773102,
          "z": 1.4891719818115234
        },
        "tail": {
          "x": -0.09779924899339676,
          "y": -0.13971813023090363,
          "z": 1.560979962348938
        },
        "rotation_quaternion": {
          "w": 0.4083804488182068,
          "x": 0.8926594853401184,
          "y": -0.17143847048282623,
          "z": 0.08362650126218796
        },
        "matrix": [
          [
            0.9272308349609375,
            -0.37437552213668823,
            0.009274572134017944,
            -0.05941776931285858
          ],
          [
            -0.2377704679965973,
            -0.6076681017875671,
            -0.7577632069587708,
            -0.07741917669773102
          ],
          [
            0.2893255949020386,
            0.7004203200340271,
            -0.652469277381897,
            1.4891719818115234
          ],
          [
            0.0,
            0.0,
            0.0,
            1.0
          ]
        ]
      },
      "bone_length_armature_space": 0.10252166725381912,
      "parent": "spine_01",
      "has_children": true,
      "is_end_bone": false
    },
    "head": {
      "name": "head",
      "local": {
        "location": {
          "x": 0.0,
          "y": 0.0,
          "z": 0.0
        },
        "rotation_quaternion": {
          "w": 0.9808337688446045,
          "x": -0.11668941378593445,
          "y": 0.14935564994812012,
          "z": -0.04518541693687439
        },
        "scale": {
          "x": 1.0,
          "y": 1.0,
          "z": 1.0
        },
        "matrix_basis": [
          [
            0.9513023495674133,
            0.05378231778740883,
            0.3035314381122589,
            0.0
          ],
          [
            -0.12349521368741989,
            0.9686837196350098,
            0.21540844440460205,
            0.0
          ],
          [
            -0.28244081139564514,
            -0.24240322411060333,
            0.9281529188156128,
            0.0
          ],
          [
            0.0,
            0.0,
            0.0,
            1.0
          ]
        ],
        "rotation_mode": "QUATERNION"
      },
      "armature_space": {
        "head": {
          "x": -0.09779921919107437,
          "y": -0.20296218991279602,
          "z": 0.6111257672309875
        },
        "tail": {
          "x": -0.13823387026786804,
          "y": -0.21411974728107452,
          "z": 0.76043701171875
        }
      },
      "world_space": {
        "head": {
          "x": -0.09779921919107437,
          "y": -0.1397181898355484,
          "z": 1.5609798431396484
        },
        "tail": {
          "x": -0.13823387026786804,
          "y": -0.1508757472038269,
          "z": 1.7102910280227661
        },
        "rotation_quaternion": {
          "w": 0.6779366731643677,
          "x": 0.7219647765159607,
          "y": -0.066563181579113,
          "z": 0.12140092998743057
        },
        "matrix": [
          [
            0.9616625308990479,
            -0.26071691513061523,
            0.08504149317741394,
            -0.09779921919107437
          ],
          [
            0.06849011778831482,
            -0.07194240391254425,
            -0.9950546622276306,
            -0.1397181898355484
          ],
          [
            0.265547513961792,
            0.9627377986907959,
            -0.05132904648780823,
            1.5609798431396484
          ],
          [
            0.0,
            0.0,
            0.0,
            1.0
          ]
        ]
      },
      "bone_length_armature_space": 0.1550912606505389,
      "parent": "neck_01",
      "has_children": false,
      "is_end_bone": true
    },
    "upperarm_l": {
      "name": "upperarm_l",
      "local": {
        "location": {
          "x": 0.0,
          "y": 0.0,
          "z": 0.0
        },
        "rotation_quaternion": {
          "w": 0.8328220844268799,
          "x": 0.1449444741010666,
          "y": 0.37921378016471863,
          "z": 0.3762916922569275
        },
        "scale": {
          "x": 1.0,
          "y": 1.0,
          "z": 1.0
        },
        "matrix_basis": [
          [
            0.42920294404029846,
            -0.5168381929397583,
            0.7407180070877075,
            0.0
          ],
          [
            0.7366979718208313,
            0.6747913360595703,
            0.043964073061943054,
            0.0
          ],
          [
            -0.5225524306297302,
            0.5268158912658691,
            0.6703760027885437,
            0.0
          ],
          [
            0.0,
            0.0,
            0.0,
            1.0
          ]
        ],
        "rotation_mode": "QUATERNION"
      },
      "armature_space": {
        "head": {
          "x": 0.09604913741350174,
          "y": -0.14290371537208557,
          "z": 0.48591265082359314
        },
        "tail": {
          "x": 0.26260825991630554,
          "y": -0.3170553743839264,
          "z": 0.603117823600769
        }
      },
      "world_space": {
        "head": {
          "x": 0.09604913741350174,
          "y": -0.07965971529483795,
          "z": 1.4357666969299316
        },
        "tail": {
          "x": 0.26260825991630554,
          "y": -0.2538113594055176,
          "z": 1.5529718399047852
        },
        "rotation_quaternion": {
          "w": 0.257424533367157,
          "x": 0.9071519374847412,
          "y": 0.3298265039920807,
          "z": -0.04497336223721504
        },
        "matrix": [
          [
            0.7783836722373962,
            0.6215601563453674,
            0.0882166251540184,
            0.09604913741350174
          ],
          [
            0.5752516984939575,
            -0.6498937606811523,
            -0.49671322107315063,
            -0.07965971529483795
          ],
          [
            -0.2514069378376007,
            0.4373825788497925,
            -0.8634264469146729,
            1.4357666969299316
          ],
          [
            0.0,
            0.0,
            0.0,
            1.0
          ]
        ]
      },
      "bone_length_armature_space": 0.2679697706798099,
      "parent": "spine_01",
      "has_children": true,
      "is_end_bone": false
    },
    "lowerarm_l": {
      "name": "lowerarm_l",
      "local": {
        "location": {
          "x": 0.0,
          "y": 0.0,
          "z": 0.0
        },
        "rotation_quaternion": {
          "w": 0.9713000059127808,
          "x": 0.19587251543998718,
          "y": 0.04186967760324478,
          "z": -0.128285750746727
        },
        "scale": {
          "x": 1.0,
          "y": 1.0,
          "z": 1.0
        },
        "matrix_basis": [
          [
            0.9635794162750244,
            0.26561012864112854,
            0.031080730259418488,
            0.0
          ],
          [
            -0.23280566930770874,
            0.8903534412384033,
            -0.3912445306777954,
            0.0
          ],
          [
            -0.131591334939003,
            0.36975938081741333,
            0.9197617769241333,
            0.0
          ],
          [
            0.0,
            0.0,
            0.0,
            1.0
          ]
        ],
        "rotation_mode": "QUATERNION"
      },
      "armature_space": {
        "head": {
          "x": 0.26260823011398315,
          "y": -0.31705552339553833,
          "z": 0.603117823600769
        },
        "tail": {
          "x": 0.44692185521125793,
          "y": -0.5090654492378235,
          "z": 0.5760982036590576
        }
      },
      "world_space": {
        "head": {
          "x": 0.26260823011398315,
          "y": -0.2538115382194519,
          "z": 1.5529718399047852
        },
        "tail": {
          "x": 0.44692185521125793,
          "y": -0.44582146406173706,
          "z": 1.5259522199630737
        },
        "rotation_quaternion": {
          "w": 0.011262098327279091,
          "x": 0.9125072956085205,
          "y": 0.3755115568637848,
          "z": -0.16184818744659424
        },
        "matrix": [
          [
            0.6655924320220947,
            0.6889598369598389,
            -0.28691694140434265,
            0.26260823011398315
          ],
          [
            0.6816685199737549,
            -0.7177283763885498,
            -0.1421065330505371,
            -0.2538115382194519
          ],
          [
            -0.30383554100990295,
            -0.10099866986274719,
            -0.9473633766174316,
            1.5529718399047852
          ],
          [
            0.0,
            0.0,
            0.0,
            1.0
          ]
        ]
      },
      "bone_length_armature_space": 0.2675245464807962,
      "parent": "upperarm_l",
      "has_children": true,
      "is_end_bone": false
    },
    "metacarpal_thumb_l": {
      "name": "metacarpal_thumb_l",
      "local": {
        "location": {
          "x": 0.0,
          "y": 0.0,
          "z": 0.0
        },
        "rotation_quaternion": {
          "w": 0.998920738697052,
          "x": -0.04264132305979729,
          "y": -0.016641944646835327,
          "z": -0.007878049276769161
        },
        "scale": {
          "x": 1.0,
          "y": 1.0,
          "z": 1.0
        },
        "matrix_basis": [
          [
            0.9993219375610352,
            0.01715836301445961,
            -0.03257610648870468,
            0.0
          ],
          [
            -0.014319824986159801,
            0.9962393045425415,
            0.08545281738042831,
            0.0
          ],
          [
            0.03391982987523079,
            -0.08492839336395264,
            0.9958095550537109,
            0.0
          ],
          [
            0.0,
            0.0,
            0.0,
            1.0
          ]
        ],
        "rotation_mode": "QUATERNION"
      },
      "armature_space": {
        "head": {
          "x": 0.44692185521125793,
          "y": -0.5090654492378235,
          "z": 0.5760982036590576
        },
        "tail": {
          "x": 0.4696965217590332,
          "y": -0.5385935306549072,
          "z": 0.5434944033622742
        }
      },
      "world_space": {
        "head": {
          "x": 0.44692185521125793,
          "y": -0.44582146406173706,
          "z": 1.5259522199630737
        },
        "tail": {
          "x": 0.4696965217590332,
          "y": -0.4753495454788208,
          "z": 1.4933483600616455
        },
        "rotation_quaternion": {
          "w": 0.443359911441803,
          "x": -0.8059894442558289,
          "y": -0.07329252362251282,
          "z": -0.3852807283401489
        },
        "matrix": [
          [
            0.6923750042915344,
            0.4597812294960022,
            0.5560739636421204,
            0.44692185521125793
          ],
          [
            -0.22348816692829132,
            -0.5961217880249023,
            0.771162748336792,
            -0.44582146406173706
          ],
          [
            0.6860584616661072,
            -0.6582148671150208,
            -0.30998557806015015,
            1.5259522199630737
          ],
          [
            0.0,
            0.0,
            0.0,
            1.0
          ]
        ]
      },
      "bone_length_armature_space": 0.0495338344463799,
      "parent": "lowerarm_l",
      "has_children": true,
      "is_end_bone": false
    },
    "thumb_01_l": {
      "name": "thumb_01_l",
      "local": {
        "location": {
          "x": 0.0,
          "y": 0.0,
          "z": 0.0
        },
        "rotation_quaternion": {
          "w": 0.9879395961761475,
          "x": 0.1548362374305725,
          "y": 0.0011209574295207858,
          "z": 5.3482559451367706e-05
        },
        "scale": {
          "x": 1.0,
          "y": 1.0,
          "z": 1.0
        },
        "matrix_basis": [
          [
            0.9999974966049194,
            0.00024145458883140236,
            0.0022314386442303658,
            0.0
          ],
          [
            0.00045280472841113806,
            0.9520514607429504,
            -0.30593758821487427,
            0.0
          ],
          [
            -0.002198314294219017,
            0.30593782663345337,
            0.9520489573478699,
            0.0
          ],
          [
            0.0,
            0.0,
            0.0,
            1.0
          ]
        ],
        "rotation_mode": "QUATERNION"
      },
      "armature_space": {
        "head": {
          "x": 0.4696965217590332,
          "y": -0.5385935306549072,
          "z": 0.5434944033622742
        },
        "tail": {
          "x": 0.49823999404907227,
          "y": -0.5340760350227356,
          "z": 0.5255085229873657
        }
      },
      "world_space": {
        "head": {
          "x": 0.4696965217590332,
          "y": -0.4753495454788208,
          "z": 1.4933483600616455
        },
        "tail": {
          "x": 0.49823999404907227,
          "y": -0.47083204984664917,
          "z": 1.4753625392913818
        },
        "rotation_quaternion": {
          "w": 0.6891617178916931,
          "x": -0.09765149652957916,
          "y": 0.30234938859939575,
          "z": -0.6512337327003479
        },
        "matrix": [
          [
            -0.03104318492114544,
            0.8385622501373291,
            0.5439209938049316,
            0.4696965217590332
          ],
          [
            -0.9566599130630493,
            0.1327160894870758,
            -0.259207159280777,
            -0.4753495454788208
          ],
          [
            -0.28955116868019104,
            -0.5283975601196289,
            0.7981041669845581,
            1.4933483600616455
          ],
          [
            0.0,
            0.0,
            0.0,
            1.0
          ]
        ]
      },
      "bone_length_armature_space": 0.034038647159127196,
      "parent": "metacarpal_thumb_l",
      "has_children": true,
      "is_end_bone": false
    },
    "thumb_02_l": {
      "name": "thumb_02_l",
      "local": {
        "location": {
          "x": 0.0,
          "y": 0.0,
          "z": 0.0
        },
        "rotation_quaternion": {
          "w": 0.9280871152877808,
          "x": 0.37227386236190796,
          "y": 0.008078104816377163,
          "z": 0.0011043001431971788
        },
        "scale": {
          "x": 1.0,
          "y": 1.0,
          "z": 1.0
        },
        "matrix_basis": [
          [
            0.9998670220375061,
            0.003964761272072792,
            0.015816574916243553,
            0.0
          ],
          [
            0.00806430820375681,
            0.7228218913078308,
            -0.6909872889518738,
            0.0
          ],
          [
            -0.014172165654599667,
            0.6910229921340942,
            0.7226938605308533,
            0.0
          ],
          [
            0.0,
            0.0,
            0.0,
            1.0
          ]
        ],
        "rotation_mode": "QUATERNION"
      },
      "armature_space": {
        "head": {
          "x": 0.4982399344444275,
          "y": -0.5340760350227356,
          "z": 0.525508463382721
        },
        "tail": {
          "x": 0.5049473643302917,
          "y": -0.5677570104598999,
          "z": 0.5463360548019409
        }
      },
      "world_space": {
        "head": {
          "x": 0.4982399344444275,
          "y": -0.47083204984664917,
          "z": 1.4753625392913818
        },
        "tail": {
          "x": 0.5049473643302917,
          "y": -0.5045130252838135,
          "z": 1.496190071105957
        },
        "rotation_quaternion": {
          "w": 0.2093551605939865,
          "x": 0.47385504841804504,
          "y": -0.19204632937908173,
          "z": -0.8335166573524475
        },
        "matrix": [
          [
            -0.46326377987861633,
            0.16699960827827454,
            -0.8703436255455017,
            0.4982399344444275
          ],
          [
            -0.5310069918632507,
            -0.8385770320892334,
            0.12173810601234436,
            -0.47083204984664917
          ],
          [
            -0.7095252871513367,
            0.5185583233833313,
            0.47716379165649414,
            1.4753625392913818
          ],
          [
            0.0,
            0.0,
            0.0,
            1.0
          ]
        ]
      },
      "bone_length_armature_space": 0.04016448987210446,
      "parent": "thumb_01_l",
      "has_children": true,
      "is_end_bone": false
    },
    "thumb_03_l": {
      "name": "thumb_03_l",
      "local": {
        "location": {
          "x": 0.0,
          "y": 0.0,
          "z": 0.0
        },
        "rotation_quaternion": {
          "w": 0.9820826649665833,
          "x": 0.18836143612861633,
          "y": 0.005412656348198652,
          "z": -0.0021111618261784315
        },
        "scale": {
          "x": 1.0,
          "y": 1.0,
          "z": 1.0
        },
        "matrix_basis": [
          [
            0.9999324679374695,
            0.006185742095112801,
            0.009836029261350632,
            0.0
          ],
          [
            -0.0021075995173305273,
            0.9290310144424438,
            -0.3699958622455597,
            0.0
          ],
          [
            -0.011426675133407116,
            0.36995014548301697,
            0.928981363773346,
            0.0
          ],
          [
            0.0,
            0.0,
            0.0,
            1.0
          ]
        ],
        "rotation_mode": "QUATERNION"
      },
      "armature_space": {
        "head": {
          "x": 0.5049474239349365,
          "y": -0.5677569508552551,
          "z": 0.5463359355926514
        },
        "tail": {
          "x": 0.4936416745185852,
          "y": -0.5863131284713745,
          "z": 0.5676606893539429
        }
      },
      "world_space": {
        "head": {
          "x": 0.5049474239349365,
          "y": -0.5045129656791687,
          "z": 1.4961899518966675
        },
        "tail": {
          "x": 0.4936416745185852,
          "y": -0.5230691432952881,
          "z": 1.517514705657959
        },
        "rotation_quaternion": {
          "w": 0.14920224249362946,
          "x": 0.6631454825401306,
          "y": -0.41591736674308777,
          "z": -0.6041437387466431
        },
        "matrix": [
          [
            -0.07595377415418625,
            -0.37135180830955505,
            -0.9253805875778198,
            0.5049474239349365
          ],
          [
            -0.7319071888923645,
            -0.6095011830329895,
            0.30466410517692566,
            -0.5045129656791687
          ],
          [
            -0.6771633625030518,
            0.7004374861717224,
            -0.22550234198570251,
            1.4961899518966675
          ],
          [
            0.0,
            0.0,
            0.0,
            1.0
          ]
        ]
      },
      "bone_length_armature_space": 0.030444979861607213,
      "parent": "thumb_02_l",
      "has_children": false,
      "is_end_bone": true
    },
    "metacarpal_index_l": {
      "name": "metacarpal_index_l",
      "local": {
        "location": {
          "x": 0.0,
          "y": 0.0,
          "z": 0.0
        },
        "rotation_quaternion": {
          "w": 0.9988654255867004,
          "x": -0.04750194028019905,
          "y": -0.00034300991683267057,
          "z": 0.0033811801113188267
        },
        "scale": {
          "x": 1.0,
          "y": 1.0,
          "z": 1.0
        },
        "matrix_basis": [
          [
            0.9999768733978271,
            -0.006722100544720888,
            -0.0010064666857942939,
            0.0
          ],
          [
            0.006787274964153767,
            0.9954642653465271,
            0.09489376842975616,
            0.0
          ],
          [
            0.0003640162758529186,
            -0.09489841014146805,
            0.9954869151115417,
            0.0
          ],
          [
            0.0,
            0.0,
            0.0,
            1.0
          ]
        ],
        "rotation_mode": "QUATERNION"
      },
      "armature_space": {
        "head": {
          "x": 0.44692185521125793,
          "y": -0.5090654492378235,
          "z": 0.5760982036590576
        },
        "tail": {
          "x": 0.5138556957244873,
          "y": -0.5970143675804138,
          "z": 0.5371869206428528
        }
      },
      "world_space": {
        "head": {
          "x": 0.44692185521125793,
          "y": -0.44582146406173706,
          "z": 1.5259522199630737
        },
        "tail": {
          "x": 0.5138556957244873,
          "y": -0.5337703824043274,
          "z": 1.4870409965515137
        },
        "rotation_quaternion": {
          "w": 0.24641162157058716,
          "x": -0.907469630241394,
          "y": -0.25294673442840576,
          "z": -0.2275921255350113
        },
        "matrix": [
          [
            0.7684398293495178,
            0.5712459087371826,
            0.28840699791908264,
            0.44692185521125793
          ],
          [
            0.34692132472991943,
            -0.7505984902381897,
            0.562359094619751,
            -0.44582146406173706
          ],
          [
            0.5377269983291626,
            -0.3320876955986023,
            -0.7749719619750977,
            1.5259522199630737
          ],
          [
            0.0,
            0.0,
            0.0,
            1.0
          ]
        ]
      },
      "bone_length_armature_space": 0.11717183485232646,
      "parent": "lowerarm_l",
      "has_children": true,
      "is_end_bone": false
    },
    "index_01_l": {
      "name": "index_01_l",
      "local": {
        "location": {
          "x": 0.0,
          "y": 0.0,
          "z": 0.0
        },
        "rotation_quaternion": {
          "w": 0.9804748296737671,
          "x": 0.19626949727535248,
          "y": -0.007455701939761639,
          "z": 0.009584447368979454
        },
        "scale": {
          "x": 1.0,
          "y": 1.0,
          "z": 1.0
        },
        "matrix_basis": [
          [
            0.9997050762176514,
            -0.02172127179801464,
            -0.010857987217605114,
            0.0
          ],
          [
            0.015867965295910835,
            0.9227728247642517,
            -0.3850175142288208,
            0.0
          ],
          [
            0.018382525071501732,
            0.3847316801548004,
            0.9228454232215881,
            0.0
          ],
          [
            0.0,
            0.0,
            0.0,
            1.0
          ]
        ],
        "rotation_mode": "QUATERNION"
      },
      "armature_space": {
        "head": {
          "x": 0.5138556957244873,
          "y": -0.5970143675804138,
          "z": 0.5371869206428528
        },
        "tail": {
          "x": 0.5378199219703674,
          "y": -0.609230101108551,
          "z": 0.5277231931686401
        }
      },
      "world_space": {
        "head": {
          "x": 0.5138556957244873,
          "y": -0.5337703824043274,
          "z": 1.4870409965515137
        },
        "tail": {
          "x": 0.5378199219703674,
          "y": -0.5459861159324646,
          "z": 1.4775772094726562
        },
        "rotation_quaternion": {
          "w": 0.3130573332309723,
          "x": -0.8189375996589661,
          "y": -0.43334925174713135,
          "z": -0.20867416262626648
        },
        "matrix": [
          [
            0.5373267531394958,
            0.8404263854026794,
            0.07045423984527588,
            0.5138556957244873
          ],
          [
            0.5791197419166565,
            -0.4284061789512634,
            0.6936056613922119,
            -0.5337703824043274
          ],
          [
            0.6131121516227722,
            -0.33189430832862854,
            -0.7169057726860046,
            1.4870409965515137
          ],
          [
            0.0,
            0.0,
            0.0,
            1.0
          ]
        ]
      },
      "bone_length_armature_space": 0.028514389238296817,
      "parent": "metacarpal_index_l",
      "has_children": true,
      "is_end_bone": false
    },
    "index_02_l": {
      "name": "index_02_l",
      "local": {
        "location": {
          "x": 0.0,
          "y": 0.0,
          "z": 0.0
        },
        "rotation_quaternion": {
          "w": 0.9135537147521973,
          "x": 0.4065408706665039,
          "y": -0.0025184242986142635,
          "z": -0.01174377091228962
        },
        "scale": {
          "x": 1.0,
          "y": 1.0,
          "z": 1.0
        },
        "matrix_basis": [
          [
            0.9997114539146423,
            0.01940944604575634,
            -0.014150077477097511,
            0.0
          ],
          [
            -0.023504815995693207,
            0.6691731810569763,
            -0.7427346706390381,
            0.0
          ],
          [
            -0.004947213921695948,
            0.7428529858589172,
            0.6694363355636597,
            0.0
          ],
          [
            0.0,
            0.0,
            0.0,
            1.0
          ]
        ],
        "rotation_mode": "QUATERNION"
      },
      "armature_space": {
        "head": {
          "x": 0.5378201007843018,
          "y": -0.6092301607131958,
          "z": 0.5277226567268372
        },
        "tail": {
          "x": 0.5539934635162354,
          "y": -0.6041951775550842,
          "z": 0.5084569454193115
        }
      },
      "world_space": {
        "head": {
          "x": 0.5378201007843018,
          "y": -0.5459861755371094,
          "z": 1.477576732635498
        },
        "tail": {
          "x": 0.5539934635162354,
          "y": -0.5409511923789978,
          "z": 1.4583109617233276
        },
        "rotation_quaternion": {
          "w": 0.5882946848869324,
          "x": -0.6339079141616821,
          "y": -0.5020397901535034,
          "z": 0.00512858247384429
        },
        "matrix": [
          [
            0.4958566427230835,
            0.6304598450660706,
            -0.5971992611885071,
            0.5378201007843018
          ],
          [
            0.6425313353538513,
            0.19627007842063904,
            0.740696907043457,
            -0.5459861755371094
          ],
          [
            0.5841964483261108,
            -0.7510036826133728,
            -0.30776965618133545,
            1.477576732635498
          ],
          [
            0.0,
            0.0,
            0.0,
            1.0
          ]
        ]
      },
      "bone_length_armature_space": 0.025653388788744944,
      "parent": "index_01_l",
      "has_children": true,
      "is_end_bone": false
    },
    "index_03_l": {
      "name": "index_03_l",
      "local": {
        "location": {
          "x": 0.0,
          "y": 0.0,
          "z": 0.0
        },
        "rotation_quaternion": {
          "w": 0.9631916880607605,
          "x": 0.26876914501190186,
          "y": 0.0023872856982052326,
          "z": -0.004391205031424761
        },
        "scale": {
          "x": 1.0,
          "y": 1.0,
          "z": 1.0
        },
        "matrix_basis": [
          [
            0.9999500513076782,
            0.009742401540279388,
            0.002238386543467641,
            0.0
          ],
          [
            -0.007175887003540993,
            0.8554877042770386,
            -0.5177733898162842,
            0.0
          ],
          [
            -0.006959268357604742,
            0.5177314281463623,
            0.8555148839950562,
            0.0
          ],
          [
            0.0,
            0.0,
            0.0,
            1.0
          ]
        ],
        "rotation_mode": "QUATERNION"
      },
      "armature_space": {
        "head": {
          "x": 0.5539935231208801,
          "y": -0.6041953563690186,
          "z": 0.5084570050239563
        },
        "tail": {
          "x": 0.5602046251296997,
          "y": -0.5845783352851868,
          "z": 0.487712562084198
        }
      },
      "world_space": {
        "head": {
          "x": 0.5539935231208801,
          "y": -0.5409513711929321,
          "z": 1.4583110809326172
        },
        "tail": {
          "x": 0.5602046251296997,
          "y": -0.5213343501091003,
          "z": 1.4375665187835693
        },
        "rotation_quaternion": {
          "w": 0.7684518694877625,
          "x": -0.3893967568874359,
          "y": -0.4951511323451996,
          "z": 0.11259384453296661
        },
        "matrix": [
          [
            0.48429742455482483,
            0.21257272362709045,
            -0.8486867547035217,
            0.5539935231208801
          ],
          [
            0.5586661696434021,
            0.6713863611221313,
            0.4869626462459564,
            -0.5409513711929321
          ],
          [
            0.6733167171478271,
            -0.7099716067314148,
            0.20639550685882568,
            1.4583110809326172
          ],
          [
            0.0,
            0.0,
            0.0,
            1.0
          ]
        ]
      },
      "bone_length_armature_space": 0.02921878209066892,
      "parent": "index_02_l",
      "has_children": false,
      "is_end_bone": true
    },
    "metacarpal_pinky_l": {
      "name": "metacarpal_pinky_l",
      "local": {
        "location": {
          "x": 0.0,
          "y": 0.0,
          "z": 0.0
        },
        "rotation_quaternion": {
          "w": 0.9992920160293579,
          "x": -0.03456854075193405,
          "y": 0.009259249083697796,
          "z": -0.01161033846437931
        },
        "scale": {
          "x": 1.0,
          "y": 1.0,
          "z": 1.0
        },
        "matrix_basis": [
          [
            0.9995589256286621,
            0.022564079612493515,
            0.019308092072606087,
            0.0
          ],
          [
            -0.023844394832849503,
            0.9973404407501221,
            0.06887312978506088,
            0.0
          ],
          [
            -0.017702681943774223,
            -0.06930314004421234,
            0.9974385499954224,
            0.0
          ],
          [
            0.0,
            0.0,
            0.0,
            1.0
          ]
        ],
        "rotation_mode": "QUATERNION"
      },
      "armature_space": {
        "head": {
          "x": 0.44692185521125793,
          "y": -0.5090654492378235,
          "z": 0.5760982036590576
        },
        "tail": {
          "x": 0.5295060276985168,
          "y": -0.5701443552970886,
          "z": 0.5931991934776306
        }
      },
      "world_space": {
        "head": {
          "x": 0.44692185521125793,
          "y": -0.44582146406173706,
          "z": 1.5259522199630737
        },
        "tail": {
          "x": 0.5295060276985168,
          "y": -0.5069003701210022,
          "z": 1.543053150177002
        },
        "rotation_quaternion": {
          "w": 0.3742165267467499,
          "x": 0.6439918279647827,
          "y": 0.2582284212112427,
          "z": -0.6152680516242981
        },
        "matrix": [
          [
            0.1095268502831459,
            0.7930814027786255,
            -0.5991878509521484,
            0.44692185521125793
          ],
          [
            -0.12789316475391388,
            -0.586559534072876,
            -0.799744725227356,
            -0.44582146406173706
          ],
          [
            -0.9857288599014282,
            0.1642260104417801,
            0.037185098975896835,
            1.5259522199630737
          ],
          [
            0.0,
            0.0,
            0.0,
            1.0
          ]
        ]
      },
      "bone_length_armature_space": 0.10413079373619574,
      "parent": "lowerarm_l",
      "has_children": true,
      "is_end_bone": false
    },
    "pinky_01_l": {
      "name": "pinky_01_l",
      "local": {
        "location": {
          "x": 0.0,
          "y": 0.0,
          "z": 0.0
        },
        "rotation_quaternion": {
          "w": 0.956619381904602,
          "x": 0.2907496690750122,
          "y": 0.009889441542327404,
          "z": -0.015693457797169685
        },
        "scale": {
          "x": 1.0,
          "y": 1.0,
          "z": 1.0
        },
        "matrix_basis": [
          [
            0.9993118047714233,
            0.035776033997535706,
            0.009795127436518669,
            0.0
          ],
          [
            -0.02427462860941887,
            0.8304367065429688,
            -0.5565839409828186,
            0.0
          ],
          [
            -0.02804659865796566,
            0.5559631586074829,
            0.8307336568832397,
            0.0
          ],
          [
            0.0,
            0.0,
            0.0,
            1.0
          ]
        ],
        "rotation_mode": "QUATERNION"
      },
      "armature_space": {
        "head": {
          "x": 0.5295060276985168,
          "y": -0.5701443552970886,
          "z": 0.5931991934776306
        },
        "tail": {
