{
  "metadata": {
    "armature_name": "KIM_caucasian_male",
    "export_time": "2026-01-13T21:13:05.169088",
    "blender_version": "4.4.1",
    "bone_count": 56,
    "end_bone_count": 13,
    "spaces_included": [
      "LOCAL_CHANNELS",
      "ARMATURE_SPACE",
      "WORLD_SPACE"
    ],
    "note": "LOCAL matches Transform panel; replay pose via local.matrix_basis for best fidelity."
  },
  "bones": {
    "Root": {
      "name": "Root",
      "local": {
        "location": {
          "x": 0.0,
          "y": 0.0,
          "z": 0.0
        },
        "rotation_quaternion": {
          "w": 0.99953293800354,
          "x": 0.012945257127285004,
          "y": -0.004849592689424753,
          "z": -0.027255075052380562
        },
        "scale": {
          "x": 1.0,
          "y": 1.0,
          "z": 1.0
        },
        "matrix_basis": [
          [
            0.9984672665596008,
            0.054359130561351776,
            -0.010400302708148956,
            0.0
          ],
          [
            -0.054610248655080795,
            0.9981791377067566,
            -0.025614069774746895,
            0.0
          ],
          [
            0.008989007212221622,
            0.026142774149775505,
            0.9996178150177002,
            0.0
          ],
          [
            0.0,
            0.0,
            0.0,
            1.0
          ]
        ],
        "rotation_mode": "QUATERNION"
      },
      "armature_space": {
        "head": {
          "x": 0.0,
          "y": 0.07072800397872925,
          "z": -0.009595036506652832
        },
        "tail": {
          "x": 0.0038799301255494356,
          "y": -0.00012204796075820923,
          "z": -0.0018665115348994732
        }
      },
      "world_space": {
        "head": {
          "x": 0.0,
          "y": 0.13397200405597687,
          "z": 0.9402589797973633
        },
        "tail": {
          "x": 0.0038799301255494356,
          "y": 0.06312195211648941,
          "z": 0.9479874968528748
        },
        "rotation_quaternion": {
          "w": 0.054420340806245804,
          "x": 0.9981343150138855,
          "y": 0.026866454631090164,
          "z": -0.006674690637737513
        },
        "matrix": [
          [
            0.9984672665596008,
            0.054359130561351776,
            -0.010400302708148956,
            0.0
          ],
          [
            0.05290617048740387,
            -0.9926331639289856,
            -0.10899674147367477,
            0.13397200405597687
          ],
          [
            -0.01624871790409088,
            0.10827924311161041,
            -0.9939947724342346,
            0.9402589797973633
          ],
          [
            0.0,
            0.0,
            0.0,
            1.0
          ]
        ]
      },
      "bone_length_armature_space": 0.07137586365081275,
      "parent": null,
      "has_children": true,
      "is_end_bone": false
    },
    "spine_01": {
      "name": "spine_01",
      "local": {
        "location": {
          "x": 0.0,
          "y": 0.0,
          "z": 0.0
        },
        "rotation_quaternion": {
          "w": 0.9938024878501892,
          "x": 0.11023946851491928,
          "y": 0.0077898637391626835,
          "z": 0.011975516565144062
        },
        "scale": {
          "x": 1.0,
          "y": 1.0,
          "z": 1.0
        },
        "matrix_basis": [
          [
            0.9995918273925781,
            -0.022085094824433327,
            0.01812352053821087,
            0.0
          ],
          [
            0.025520097464323044,
            0.9754077196121216,
            -0.21892593801021576,
            0.0
          ],
          [
            -0.012842822819948196,
            0.2192990928888321,
            0.9755731821060181,
            0.0
          ],
          [
            0.0,
            0.0,
            0.0,
            1.0
          ]
        ],
        "rotation_mode": "QUATERNION"
      },
      "armature_space": {
        "head": {
          "x": 0.0038799301255494356,
          "y": -0.00012204796075820923,
          "z": -0.0018665115348994732
        },
        "tail": {
          "x": 0.006023394875228405,
          "y": -0.09741980582475662,
          "z": 0.4763352572917938
        }
      },
      "world_space": {
        "head": {
          "x": 0.0038799301255494356,
          "y": 0.06312195211648941,
          "z": 0.9479874968528748
        },
        "tail": {
          "x": 0.006023394875228405,
          "y": -0.034175805747509,
          "z": 1.4261893033981323
        },
        "rotation_quaternion": {
          "w": 0.6322888135910034,
          "x": 0.774010419845581,
          "y": 0.022816618904471397,
          "z": 0.024457421153783798
        },
        "matrix": [
          [
            0.9977624416351318,
            0.004392335191369057,
            0.06671395897865295,
            0.0038799301255494356
          ],
          [
            0.06624889373779297,
            -0.19938014447689056,
            -0.9776802659034729,
            0.06312195211648941
          ],
          [
            0.009007265791296959,
            0.9799191951751709,
            -0.19922730326652527,
            0.9479874968528748
          ],
          [
            0.0,
            0.0,
            0.0,
            1.0
          ]
        ]
      },
      "bone_length_armature_space": 0.48800450134846063,
      "parent": "Root",
      "has_children": true,
      "is_end_bone": false
    },
    "neck_01": {
      "name": "neck_01",
      "local": {
        "location": {
          "x": 0.0,
          "y": 0.0,
          "z": 0.0
        },
        "rotation_quaternion": {
          "w": 0.9843151569366455,
          "x": 0.030889617279171944,
          "y": 0.10334339737892151,
          "z": 0.13960547745227814
        },
        "scale": {
          "x": 1.0,
          "y": 1.0,
          "z": 1.0
        },
        "matrix_basis": [
          [
            0.939660906791687,
            -0.2684471011161804,
            0.21206966042518616,
            0.0
          ],
          [
            0.2812160551548004,
            0.959112286567688,
            -0.03195562958717346,
            0.0
          ],
          [
            -0.19482022523880005,
            0.08966484665870667,
            0.9767319560050964,
            0.0
          ],
          [
            0.0,
            0.0,
            0.0,
            1.0
          ]
        ],
        "rotation_mode": "QUATERNION"
      },
      "armature_space": {
        "head": {
          "x": 0.008658664301037788,
          "y": -0.14592449367046356,
          "z": 0.5411741137504578
        },
        "tail": {
          "x": -0.015376539900898933,
          "y": -0.20998314023017883,
          "z": 0.6175252199172974
        }
      },
      "world_space": {
        "head": {
          "x": 0.008658664301037788,
          "y": -0.08268049359321594,
          "z": 1.491028070449829
        },
        "tail": {
          "x": -0.015376539900898933,
          "y": -0.1467391401529312,
          "z": 1.5673792362213135
        },
        "rotation_quaternion": {
          "w": 0.4304846525192261,
          "x": 0.8842884302139282,
          "y": -0.047610003501176834,
          "z": 0.17449980974197388
        },
        "matrix": [
          [
            0.9345664381980896,
            -0.23444099724292755,
            0.2676246762275696,
            0.008658664301037788
          ],
          [
            0.06603629887104034,
            -0.6248323917388916,
            -0.7779613733291626,
            -0.08268049359321594
          ],
          [
            0.3496091365814209,
            0.7447341084480286,
            -0.5684705376625061,
            1.491028070449829
          ],
          [
            0.0,
            0.0,
            0.0,
            1.0
          ]
        ]
      },
      "bone_length_armature_space": 0.10252166810545851,
      "parent": "spine_01",
      "has_children": true,
      "is_end_bone": false
    },
    "head": {
      "name": "head",
      "local": {
        "location": {
          "x": 0.0,
          "y": 0.0,
          "z": 0.0
        },
        "rotation_quaternion": {
          "w": 0.9805940389633179,
          "x": -0.14540284872055054,
          "y": -0.029355093836784363,
          "z": 0.1281859129667282
        },
        "scale": {
          "x": 1.0,
          "y": 1.0,
          "z": 1.0
        },
        "matrix_basis": [
          [
            0.9654132723808289,
            -0.24286004900932312,
            -0.09484805166721344,
            0.0
          ],
          [
            0.25993332266807556,
            0.9248527884483337,
            0.2776365280151367,
            0.0
          ],
          [
            0.020293666049838066,
            -0.29268816113471985,
            0.955992579460144,
            0.0
          ],
          [
            0.0,
            0.0,
            0.0,
            1.0
          ]
        ],
        "rotation_mode": "QUATERNION"
      },
      "armature_space": {
        "head": {
          "x": -0.015376481227576733,
          "y": -0.209983229637146,
          "z": 0.6175251603126526
        },
        "tail": {
          "x": -0.10325439274311066,
          "y": -0.21239666640758514,
          "z": 0.745293915271759
        }
      },
      "world_space": {
        "head": {
          "x": -0.015376481227576733,
          "y": -0.14673922955989838,
          "z": 1.5673792362213135
        },
        "tail": {
          "x": -0.10325439274311066,
          "y": -0.14915266633033752,
          "z": 1.69514799118042
        },
        "rotation_quaternion": {
          "w": 0.6660404205322266,
          "x": 0.6842787265777588,
          "y": -0.22047573328018188,
          "z": 0.19885475933551788
        },
        "matrix": [
          [
            0.8236942291259766,
            -0.5666245222091675,
            -0.021549716591835022,
            -0.015376481227576733
          ],
          [
            -0.03684624284505844,
            -0.015561521053314209,
            -0.9991998672485352,
            -0.14673922955989838
          ],
          [
            0.5658397078514099,
            0.8238350749015808,
            -0.03369714319705963,
            1.5673792362213135
          ],
          [
            0.0,
            0.0,
            0.0,
            1.0
          ]
        ]
      },
      "bone_length_armature_space": 0.1550909661591014,
      "parent": "neck_01",
      "has_children": false,
      "is_end_bone": true
    },
    "upperarm_l": {
      "name": "upperarm_l",
      "local": {
        "location": {
          "x": 0.0,
          "y": 0.0,
          "z": 0.0
        },
        "rotation_quaternion": {
          "w": 0.846319317817688,
          "x": 0.5288865566253662,
          "y": -0.029604999348521233,
          "z": 0.05609060823917389
        },
        "scale": {
          "x": 1.0,
          "y": 1.0,
          "z": 1.0
        },
        "matrix_basis": [
          [
            0.9919548034667969,
            -0.12625649571418762,
            0.009220571257174015,
            0.0
          ],
          [
            0.0636257603764534,
            0.43426570296287537,
            -0.8985349535942078,
            0.0
          ],
          [
            0.10944170504808426,
            0.891892671585083,
            0.43880510330200195,
            0.0
          ],
          [
            0.0,
            0.0,
            0.0,
            1.0
          ]
        ],
        "rotation_mode": "QUATERNION"
      },
      "armature_space": {
        "head": {
          "x": 0.15824058651924133,
          "y": -0.12570521235466003,
          "z": 0.47603172063827515
        },
        "tail": {
          "x": 0.2999999523162842,
          "y": -0.3521495461463928,
          "z": 0.4551779329776764
        }
      },
      "world_space": {
        "head": {
          "x": 0.15824058651924133,
          "y": -0.062461212277412415,
          "z": 1.4258856773376465
        },
        "tail": {
          "x": 0.2999999523162842,
          "y": -0.2889055609703064,
          "z": 1.4050319194793701
        },
        "rotation_quaternion": {
          "w": 0.15693539381027222,
          "x": 0.7060132026672363,
          "y": 0.229895681142807,
          "z": -0.651202380657196
        },
        "matrix": [
          [
            0.04616650938987732,
            0.5290131568908691,
            -0.847356915473938,
            0.15824058651924133
          ],
          [
            0.12022515386343002,
            -0.8450379371643066,
            -0.5210152864456177,
            -0.062461212277412415
          ],
          [
            -0.9916796088218689,
            -0.0778215080499649,
            -0.10261430591344833,
            1.4258856773376465
          ],
          [
            0.0,
            0.0,
            0.0,
            1.0
          ]
        ]
      },
      "bone_length_armature_space": 0.2679694671728134,
      "parent": "spine_01",
      "has_children": true,
      "is_end_bone": false
    },
    "lowerarm_l": {
      "name": "lowerarm_l",
      "local": {
        "location": {
          "x": 0.0,
          "y": 0.0,
          "z": 0.0
        },
        "rotation_quaternion": {
          "w": 0.9735170006752014,
          "x": 0.19055569171905518,
          "y": -0.06387109309434891,
          "z": 0.10896661132574081
        },
        "scale": {
          "x": 1.0,
          "y": 1.0,
          "z": 1.0
        },
        "matrix_basis": [
          [
            0.9680935144424438,
            -0.2365036904811859,
            -0.0828307718038559,
            0.0
          ],
          [
            0.1878196895122528,
            0.9036296010017395,
            -0.3849380314350128,
            0.0
          ],
          [
            0.16588760912418365,
            0.357098788022995,
            0.9192180037498474,
            0.0
          ],
          [
            0.0,
            0.0,
            0.0,
            1.0
          ]
        ],
        "rotation_mode": "QUATERNION"
      },
      "armature_space": {
        "head": {
          "x": 0.2999999523162842,
          "y": -0.3521496653556824,
          "z": 0.45517805218696594
        },
        "tail": {
          "x": 0.3188226521015167,
          "y": -0.6114850640296936,
          "z": 0.5181083679199219
        }
      },
      "world_space": {
        "head": {
          "x": 0.2999999523162842,
          "y": -0.28890568017959595,
          "z": 1.4050320386886597
        },
        "tail": {
          "x": 0.3188226521015167,
          "y": -0.5482410788536072,
          "z": 1.467962384223938
        },
        "rotation_quaternion": {
          "w": 0.10496817529201508,
          "x": 0.6561551690101624,
          "y": -0.0654740259051323,
          "z": -0.7444160580635071
        },
        "matrix": [
          [
            -0.11688423156738281,
            0.07035881280899048,
            -0.9906501173973083,
            0.2999999523162842
          ],
          [
            -0.24220281839370728,
            -0.9693894386291504,
            -0.04027217626571655,
            -0.28890568017959595
          ],
          [
            -0.9631664156913757,
            0.23523187637329102,
            0.13034841418266296,
            1.4050320386886597
          ],
          [
            0.0,
            0.0,
            0.0,
            1.0
          ]
        ]
      },
      "bone_length_armature_space": 0.26752451776039743,
      "parent": "upperarm_l",
      "has_children": true,
      "is_end_bone": false
    },
    "metacarpal_thumb_l": {
      "name": "metacarpal_thumb_l",
      "local": {
        "location": {
          "x": 0.0,
          "y": 0.0,
          "z": 0.0
        },
        "rotation_quaternion": {
          "w": 0.9998286962509155,
          "x": -0.015962284058332443,
          "y": -0.00696680648252368,
          "z": 0.00627393601462245
        },
        "scale": {
          "x": 1.0,
          "y": 1.0,
          "z": 1.0
        },
        "matrix_basis": [
          [
            0.9998242259025574,
            -0.012323310598731041,
            -0.014131519012153149,
            0.0
          ],
          [
            0.012768134474754333,
            0.9994117021560669,
            0.03183168172836304,
            0.0
          ],
          [
            0.013730932958424091,
            -0.03200651705265045,
            0.9993933439254761,
            0.0
          ],
          [
            0.0,
            0.0,
            0.0,
            1.0
          ]
        ],
        "rotation_mode": "QUATERNION"
      },
      "armature_space": {
        "head": {
          "x": 0.3188226521015167,
          "y": -0.6114850640296936,
          "z": 0.5181083679199219
        },
        "tail": {
          "x": 0.29128867387771606,
          "y": -0.6522403359413147,
          "z": 0.5239794254302979
        }
      },
      "world_space": {
        "head": {
          "x": 0.3188226521015167,
          "y": -0.5482410788536072,
          "z": 1.467962384223938
        },
        "tail": {
          "x": 0.29128867387771606,
          "y": -0.5889963507652283,
          "z": 1.473833441734314
        },
        "rotation_quaternion": {
          "w": 0.049867868423461914,
          "x": 0.9538349509239197,
          "y": -0.29346776008605957,
          "z": -0.03985973075032234
        },
        "matrix": [
          [
            0.8245757222175598,
            -0.555864155292511,
            -0.105308398604393,
            0.3188226521015167
          ],
          [
            -0.5638149380683899,
            -0.8227795958518982,
            -0.07173655182123184,
            -0.5482410788536072
          ],
          [
            -0.04677073657512665,
            0.11852679401636124,
            -0.9918558597564697,
            1.467962384223938
          ],
          [
            0.0,
            0.0,
            0.0,
            1.0
          ]
        ]
      },
      "bone_length_armature_space": 0.04953363959821468,
      "parent": "lowerarm_l",
      "has_children": true,
      "is_end_bone": false
    },
    "thumb_01_l": {
      "name": "thumb_01_l",
      "local": {
        "location": {
          "x": 0.0,
          "y": 0.0,
          "z": 0.0
        },
        "rotation_quaternion": {
          "w": 0.9994899034500122,
          "x": -0.026075897738337517,
          "y": -0.0017132372595369816,
          "z": 0.018360933288931847
        },
        "scale": {
          "x": 1.0,
          "y": 1.0,
          "z": 1.0
        },
        "matrix_basis": [
          [
            0.9993199110031128,
            -0.03661378473043442,
            -0.004382282495498657,
            0.0
          ],
          [
            0.03679248318076134,
            0.9979658722877502,
            0.05206228047609329,
            0.0
          ],
          [
            0.0024671710561960936,
            -0.05218810588121414,
            0.9986342191696167,
            0.0
          ],
          [
            0.0,
            0.0,
            0.0,
            1.0
          ]
        ],
        "rotation_mode": "QUATERNION"
      },
      "armature_space": {
        "head": {
          "x": 0.29128867387771606,
          "y": -0.6522403359413147,
          "z": 0.5239794254302979
        },
        "tail": {
          "x": 0.2718600332736969,
          "y": -0.668347954750061,
          "z": 0.5011385679244995
        }
      },
      "world_space": {
        "head": {
          "x": 0.29128867387771606,
          "y": -0.5889963507652283,
          "z": 1.473833441734314
        },
        "tail": {
          "x": 0.2718600332736969,
          "y": -0.6051039695739746,
          "z": 1.4509925842285156
        },
        "rotation_quaternion": {
          "w": 0.005393962375819683,
          "x": -0.5629226565361023,
          "y": 0.513187050819397,
          "z": -0.6478643417358398
        },
        "matrix": [
          [
            -0.3661794364452362,
            -0.5707833170890808,
            0.7349279522895813,
            0.29128867387771606
          ],
          [
            -0.5847577452659607,
            -0.4732162654399872,
            -0.6588813066482544,
            -0.5889963507652283
          ],
          [
            0.7238629460334778,
            -0.6710289120674133,
            -0.1604897826910019,
            1.473833441734314
          ],
          [
            0.0,
            0.0,
            0.0,
            1.0
          ]
        ]
      },
      "bone_length_armature_space": 0.03403868755894587,
      "parent": "metacarpal_thumb_l",
      "has_children": true,
      "is_end_bone": false
    },
    "thumb_02_l": {
      "name": "thumb_02_l",
      "local": {
        "location": {
          "x": 0.0,
          "y": 0.0,
          "z": 0.0
        },
        "rotation_quaternion": {
          "w": 0.9961977601051331,
          "x": 0.08643411099910736,
          "y": -0.008769804611802101,
          "z": -0.006503896787762642
        },
        "scale": {
          "x": 1.0,
          "y": 1.0,
          "z": 1.0
        },
        "matrix_basis": [
          [
            0.9997615814208984,
            0.011442313902080059,
            -0.018597235903143883,
            0.0
          ],
          [
            -0.01447435561567545,
            0.984973669052124,
            -0.1720968633890152,
            0.0
          ],
          [
            0.01634860225021839,
            0.1723250150680542,
            0.9849044680595398,
            0.0
          ],
          [
            0.0,
            0.0,
            0.0,
            1.0
          ]
        ],
        "rotation_mode": "QUATERNION"
      },
      "armature_space": {
        "head": {
          "x": 0.2718600034713745,
          "y": -0.6683478355407715,
          "z": 0.5011385679244995
        },
        "tail": {
          "x": 0.27371805906295776,
          "y": -0.7079406380653381,
          "z": 0.5076298713684082
        }
      },
      "world_space": {
        "head": {
          "x": 0.2718600034713745,
          "y": -0.6051038503646851,
          "z": 1.4509925842285156
        },
        "tail": {
          "x": 0.27371805906295776,
          "y": -0.6446966528892517,
          "z": 1.4574838876724243
        },
        "rotation_quaternion": {
          "w": 0.010373481549322605,
          "x": 0.3899325430393219,
          "y": 0.0837143063545227,
          "z": 0.9169716238975525
        },
        "matrix": [
          [
            -0.6956901550292969,
            0.04626142233610153,
            0.7168509364128113,
            0.2718600034713745
          ],
          [
            0.08431049436330795,
            -0.9857684969902039,
            0.14543744921684265,
            -0.6051038503646851
          ],
          [
            0.7133824229240417,
            0.16161762177944183,
            0.681894063949585,
            1.4509925842285156
          ],
          [
            0.0,
            0.0,
            0.0,
            1.0
          ]
        ]
      },
      "bone_length_armature_space": 0.040164405154219276,
      "parent": "thumb_01_l",
      "has_children": true,
      "is_end_bone": false
    },
    "thumb_03_l": {
      "name": "thumb_03_l",
      "local": {
        "location": {
          "x": 0.0,
          "y": 0.0,
          "z": 0.0
        },
        "rotation_quaternion": {
          "w": 0.9964642524719238,
          "x": 0.08397967368364334,
          "y": 0.001413476187735796,
          "z": -0.0021246348042041063
        },
        "scale": {
          "x": 1.0,
          "y": 1.0,
          "z": 1.0
        },
        "matrix_basis": [
          [
            0.9999869465827942,
            0.004471651744097471,
            0.0024601046461611986,
            0.0
          ],
          [
            -0.003996838815510273,
            0.9858857989311218,
            -0.1673714965581894,
            0.0
          ],
          [
            -0.003173809265717864,
            0.16735948622226715,
            0.985890805721283,
            0.0
          ],
          [
            0.0,
            0.0,
            0.0,
            1.0
          ]
        ],
        "rotation_mode": "QUATERNION"
      },
      "armature_space": {
        "head": {
          "x": 0.2737179696559906,
          "y": -0.7079405784606934,
          "z": 0.5076298117637634
        },
        "tail": {
          "x": 0.2859886884689331,
          "y": -0.7334803938865662,
          "z": 0.5187670588493347
        }
      },
      "world_space": {
        "head": {
          "x": 0.2737179696559906,
          "y": -0.6446965932846069,
          "z": 1.4574837684631348
        },
        "tail": {
          "x": 0.2859886884689331,
          "y": -0.6702364087104797,
          "z": 1.468621015548706
        },
        "rotation_quaternion": {
          "w": 0.16509148478507996,
          "x": -0.20270654559135437,
          "y": -0.230869859457016,
          "z": -0.93720543384552
        },
        "matrix": [
          [
            -0.8633098006248474,
            0.40304720401763916,
            0.3037254512310028,
            0.2737179696559906
          ],
          [
            -0.2158517986536026,
            -0.8388873934745789,
            0.4996756911277771,
            -0.6446965932846069
          ],
          [
            0.45618736743927,
            0.36581701040267944,
            0.8112245798110962,
            1.4574837684631348
          ],
          [
            0.0,
            0.0,
            0.0,
            1.0
          ]
        ]
      },
      "bone_length_armature_space": 0.030444884027627073,
      "parent": "thumb_02_l",
      "has_children": false,
      "is_end_bone": true
    },
    "metacarpal_index_l": {
      "name": "metacarpal_index_l",
      "local": {
        "location": {
          "x": 0.0,
          "y": 0.0,
          "z": 0.0
        },
        "rotation_quaternion": {
          "w": 0.9999101161956787,
          "x": -0.007650889456272125,
          "y": -0.0034957709722220898,
          "z": 0.010447541251778603
        },
        "scale": {
          "x": 1.0,
          "y": 1.0,
          "z": 1.0
        },
        "matrix_basis": [
          [
            0.9997572302818298,
            -0.020839713513851166,
            -0.007150779478251934,
            0.0
          ],
          [
            0.020946696400642395,
            0.9996646046638489,
            0.015227358788251877,
            0.0
          ],
          [
            0.006831047590821981,
            -0.01537344790995121,
            0.9998584985733032,
            0.0
          ],
          [
            0.0,
            0.0,
            0.0,
            1.0
          ]
        ],
        "rotation_mode": "QUATERNION"
      },
      "armature_space": {
        "head": {
          "x": 0.3188226521015167,
          "y": -0.6114850640296936,
          "z": 0.5181083679199219
        },
        "tail": {
          "x": 0.2899682819843292,
          "y": -0.7215349078178406,
          "z": 0.5461384057998657
        }
      },
      "world_space": {
        "head": {
          "x": 0.3188226521015167,
          "y": -0.5482410788536072,
          "z": 1.467962384223938
        },
        "tail": {
          "x": 0.2899682819843292,
          "y": -0.6582909226417542,
          "z": 1.4959924221038818
        },
        "rotation_quaternion": {
          "w": 0.0700526013970375,
          "x": 0.922470211982727,
          "y": -0.1596355438232422,
          "z": -0.34446752071380615
        },
        "matrix": [
          [
            0.7117171883583069,
            -0.24625717103481293,
            -0.6578875184059143,
            0.3188226521015167
          ],
          [
            -0.3427799642086029,
            -0.9392181634902954,
            -0.019263893365859985,
            -0.5482410788536072
          ],
          [
            -0.6131607890129089,
            0.2392219752073288,
            -0.7528751492500305,
            1.467962384223938
          ],
          [
            0.0,
            0.0,
            0.0,
            1.0
          ]
        ]
      },
      "bone_length_armature_space": 0.11717177921387394,
      "parent": "lowerarm_l",
      "has_children": true,
      "is_end_bone": false
    },
    "index_01_l": {
      "name": "index_01_l",
      "local": {
        "location": {
          "x": 0.0,
          "y": 0.0,
          "z": 0.0
        },
        "rotation_quaternion": {
          "w": 0.9934317469596863,
          "x": -0.11163420975208282,
          "y": -0.019618947058916092,
          "z": -0.015689875930547714
        },
        "scale": {
          "x": 1.0,
          "y": 1.0,
          "z": 1.0
        },
        "matrix_basis": [
          [
            0.9987378716468811,
            0.035553932189941406,
            -0.03547711670398712,
            0.0
          ],
          [
            -0.026793349534273148,
            0.9745832681655884,
            0.22241757810115814,
            0.0
          ],
          [
            0.04248322173953056,
            -0.2211862951517105,
            0.9743058085441589,
            0.0
          ],
          [
            0.0,
            0.0,
            0.0,
            1.0
          ]
        ],
        "rotation_mode": "QUATERNION"
      },
      "armature_space": {
        "head": {
          "x": 0.2899682819843292,
          "y": -0.7215349078178406,
          "z": 0.5461384057998657
        },
        "tail": {
          "x": 0.2976635694503784,
          "y": -0.7480347752571106,
          "z": 0.5533223748207092
        }
      },
      "world_space": {
        "head": {
          "x": 0.2899682819843292,
          "y": -0.6582909226417542,
          "z": 1.4959924221038818
        },
        "tail": {
          "x": 0.2976635694503784,
          "y": -0.6847907900810242,
          "z": 1.5031764507293701
        },
        "rotation_quaternion": {
          "w": 0.1696150004863739,
          "x": 0.9141438007354736,
          "y": 0.08096453547477722,
          "z": -0.35918891429901123
        },
        "matrix": [
          [
            0.7288562655448914,
            0.26987409591674805,
            -0.6292348504066467,
            0.2899682819843292
          ],
          [
            0.026178941130638123,
            -0.9293508529663086,
            -0.3682684302330017,
            -0.6582909226417542
          ],
          [
            -0.6841710209846497,
            0.2519429326057434,
            -0.6844333410263062,
            1.4959924221038818
          ],
          [
            0.0,
            0.0,
            0.0,
            1.0
          ]
        ]
      },
      "bone_length_armature_space": 0.028514378967785876,
      "parent": "metacarpal_index_l",
      "has_children": true,
      "is_end_bone": false
    },
    "index_02_l": {
      "name": "index_02_l",
      "local": {
        "location": {
          "x": 0.0,
          "y": 0.0,
          "z": 0.0
        },
        "rotation_quaternion": {
          "w": 0.9988497495651245,
          "x": 0.047538675367832184,
          "y": 0.004168617073446512,
          "z": -0.004678928293287754
        },
        "scale": {
          "x": 1.0,
          "y": 1.0,
          "z": 1.0
        },
        "matrix_basis": [
          [
            0.999921441078186,
            0.009743433445692062,
            0.007882784120738506,
            0.0
          ],
          [
            -0.008950751274824142,
            0.9954363703727722,
            -0.09500699490308762,
            0.0
          ],
          [
            -0.008772504515945911,
            0.09492897987365723,
            0.9954453706741333,
            0.0
          ],
          [
            0.0,
            0.0,
            0.0,
            1.0
          ]
        ],
        "rotation_mode": "QUATERNION"
      },
      "armature_space": {
        "head": {
          "x": 0.29766330122947693,
          "y": -0.7480352520942688,
          "z": 0.553322434425354
        },
        "tail": {
          "x": 0.304231733083725,
          "y": -0.7723698616027832,
          "z": 0.5580945611000061
        }
      },
      "world_space": {
        "head": {
          "x": 0.29766330122947693,
          "y": -0.6847912669181824,
          "z": 1.5031764507293701
        },
        "tail": {
          "x": 0.304231733083725,
          "y": -0.7091258764266968,
          "z": 1.507948637008667
        },
        "rotation_quaternion": {
          "w": 0.1379106193780899,
          "x": 0.9062693119049072,
          "y": 0.08174577355384827,
          "z": -0.39111900329589844
        },
        "matrix": [
          [
            0.6806871294975281,
            0.2560463547706604,
            -0.6863710880279541,
            0.29766330122947693
          ],
          [
            0.040288567543029785,
            -0.9485964179039001,
            -0.3139134347438812,
            -0.6847912669181824
          ],
          [
            -0.7314708232879639,
            0.18602429330348969,
            -0.6560180187225342,
            1.5031764507293701
          ],
          [
            0.0,
            0.0,
            0.0,
            1.0
          ]
        ]
      },
      "bone_length_armature_space": 0.02565327820997845,
      "parent": "index_01_l",
      "has_children": true,
      "is_end_bone": false
    },
    "index_03_l": {
      "name": "index_03_l",
      "local": {
        "location": {
          "x": 0.0,
          "y": 0.0,
          "z": 0.0
        },
        "rotation_quaternion": {
          "w": 0.9990541934967041,
          "x": 0.04332975298166275,
          "y": 0.0030744976829737425,
          "z": -0.0019736988469958305
        },
        "scale": {
          "x": 1.0,
          "y": 1.0,
          "z": 1.0
        },
        "matrix_basis": [
          [
            0.9999732971191406,
            0.004210098646581173,
            0.0059721400029957294,
            0.0
          ],
          [
            -0.0036772298626601696,
            0.9962372779846191,
            -0.08658967912197113,
            0.0
          ],
          [
            -0.006314219441264868,
            0.08656540513038635,
            0.9962261319160461,
            0.0
          ],
          [
            0.0,
            0.0,
            0.0,
            1.0
          ]
        ],
        "rotation_mode": "QUATERNION"
      },
      "armature_space": {
        "head": {
          "x": 0.30423179268836975,
          "y": -0.7723698019981384,
          "z": 0.5580946803092957
        },
        "tail": {
          "x": 0.3100806176662445,
          "y": -0.800996720790863,
          "z": 0.5579507946968079
        }
      },
      "world_space": {
        "head": {
          "x": 0.30423179268836975,
          "y": -0.709125816822052,
          "z": 1.507948637008667
        },
        "tail": {
          "x": 0.3100806176662445,
          "y": -0.7377527356147766,
          "z": 1.5078048706054688
        },
        "rotation_quaternion": {
          "w": 0.03503600135445595,
          "x": 0.9238724112510681,
          "y": 0.09433180093765259,
          "z": -0.36923402547836304
        },
        "matrix": [
          [
            0.7095354795455933,
            0.2001744508743286,
            -0.6756402254104614,
            0.30423179268836975
          ],
          [
            0.14842820167541504,
            -0.9797477722167969,
            -0.13439953327178955,
            -0.709125816822052
          ],
          [
            -0.6888651847839355,
            -0.004923846572637558,
            -0.7248824834823608,
            1.507948637008667
          ],
          [
            0.0,
            0.0,
            0.0,
            1.0
          ]
        ]
      },
      "bone_length_armature_space": 0.029218657321727758,
      "parent": "index_02_l",
      "has_children": false,
      "is_end_bone": true
    },
    "metacarpal_pinky_l": {
      "name": "metacarpal_pinky_l",
      "local": {
        "location": {
          "x": 0.0,
          "y": 0.0,
          "z": 0.0
        },
        "rotation_quaternion": {
          "w": 0.9984422922134399,
          "x": -0.05307164415717125,
          "y": -0.01685098558664322,
          "z": 0.003523946739733219
        },
        "scale": {
          "x": 1.0,
          "y": 1.0,
          "z": 1.0
        },
        "matrix_basis": [
          [
            0.9994072318077087,
            -0.005248296074569225,
            -0.03402351588010788,
            0.0
          ],
          [
            0.008825534023344517,
            0.9943419694900513,
            0.1058591827750206,
            0.0
          ],
          [
            0.03327542915940285,
            -0.10609671473503113,
            0.9937989115715027,
            0.0
          ],
          [
            0.0,
            0.0,
            0.0,
            1.0
          ]
        ],
        "rotation_mode": "QUATERNION"
      },
      "armature_space": {
        "head": {
          "x": 0.3188226521015167,
          "y": -0.6114850640296936,
          "z": 0.5181083679199219
        },
        "tail": {
          "x": 0.3588230609893799,
          "y": -0.7073118090629578,
          "z": 0.5258811116218567
        }
      },
      "world_space": {
        "head": {
          "x": 0.3188226521015167,
          "y": -0.5482410788536072,
          "z": 1.467962384223938
        },
        "tail": {
          "x": 0.3588230609893799,
          "y": -0.6440678238868713,
          "z": 1.4757351875305176
        },
        "rotation_quaternion": {
          "w": 0.1969255656003952,
          "x": 0.025052441284060478,
          "y": -0.033064987510442734,
          "z": -0.9795404672622681
        },
        "matrix": [
          [
            -0.9211854338645935,
            0.38413625955581665,
            -0.062102481722831726,
            0.3188226521015167
          ],
          [
            -0.38744989037513733,
            -0.9202539324760437,
            0.054910413920879364,
            -0.5482410788536072
          ],
          [
            -0.036057475954294205,
            0.07464393973350525,
            0.9965653419494629,
            1.467962384223938
          ],
          [
            0.0,
            0.0,
            0.0,
            1.0
          ]
        ]
      },
      "bone_length_armature_space": 0.10413075128818404,
      "parent": "lowerarm_l",
      "has_children": true,
      "is_end_bone": false
    },
    "pinky_01_l": {
      "name": "pinky_01_l",
      "local": {
        "location": {
          "x": 0.0,
          "y": 0.0,
          "z": 0.0
        },
        "rotation_quaternion": {
          "w": 0.96198570728302,
          "x": 0.272575318813324,
          "y": -0.00530164735391736,
          "z": -0.016064615920186043
        },
        "scale": {
          "x": 1.0,
          "y": 1.0,
          "z": 1.0
        },
        "matrix_basis": [
          [
            0.9994276165962219,
            0.028017666190862656,
            -0.018957853317260742,
            0.0
          ],
          [
            -0.033798057585954666,
            0.850889265537262,
            -0.5242567658424377,
            0.0
          ],
          [
            0.0014425823464989662,
            0.5245974659919739,
            0.8513491749763489,
            0.0
          ],
          [
            0.0,
            0.0,
            0.0,
            1.0
          ]
        ],
        "rotation_mode": "QUATERNION"
      },
      "armature_space": {
        "head": {
          "x": 0.3588230609893799,
          "y": -0.7073118090629578,
          "z": 0.5258811116218567
        },
        "tail": {
