{
  "metadata": {
    "armature_name": "KIM_caucasian_male",
    "export_time": "2026-01-13T19:11:17.070584",
    "blender_version": "4.4.1",
    "bone_count": 56,
    "end_bone_count": 13,
    "spaces_included": [
      "LOCAL_CHANNELS",
      "ARMATURE_SPACE",
      "WORLD_SPACE"
    ],
    "note": "LOCAL matches Transform panel; replay pose via local.matrix_basis for best fidelity."
  },
  "bones": {
    "Root": {
      "name": "Root",
      "local": {
        "location": {
          "x": 0.0,
          "y": 0.0,
          "z": 0.0
        },
        "rotation_quaternion": {
          "w": 0.9997296333312988,
          "x": 0.018184160813689232,
          "y": 0.01397933904081583,
          "z": 0.0038382404018193483
        },
        "scale": {
          "x": 1.0,
          "y": 1.0,
          "z": 1.0
        },
        "matrix_basis": [
          [
            0.999579668045044,
            -0.007166000083088875,
            0.028090709820389748,
            0.0
          ],
          [
            0.008182810619473457,
            0.9993091821670532,
            -0.03625117614865303,
            0.0
          ],
          [
            -0.027811529114842415,
            0.03646580129861832,
            0.99894779920578,
            0.0
          ],
          [
            0.0,
            0.0,
            0.0,
            1.0
          ]
        ],
        "rotation_mode": "QUATERNION"
      },
      "armature_space": {
        "head": {
          "x": 0.0,
          "y": 0.07072800397872925,
          "z": -0.009595036506652832
        },
        "tail": {
          "x": -0.000511479505803436,
          "y": -0.00030102580785751343,
          "z": -0.0025857998989522457
        }
      },
      "world_space": {
        "head": {
          "x": 0.0,
          "y": 0.13397200405597687,
          "z": 0.9402589797973633
        },
        "tail": {
          "x": -0.000511479505803436,
          "y": 0.0629429742693901,
          "z": 0.9472681879997253
        },
        "rotation_quaternion": {
          "w": 0.049206603318452835,
          "x": 0.998683512210846,
          "y": -0.0028877630829811096,
          "z": 0.014206159859895706
        },
        "matrix": [
          [
            0.999579668045044,
            -0.007166000083088875,
            0.028090709820389748,
            0.0
          ],
          [
            -0.004369841422885656,
            -0.9951406717300415,
            -0.09836612641811371,
            0.13397200405597687
          ],
          [
            0.02865929715335369,
            0.09820176661014557,
            -0.9947607517242432,
            0.9402589797973633
          ],
          [
            0.0,
            0.0,
            0.0,
            1.0
          ]
        ]
      },
      "bone_length_armature_space": 0.07137586385887108,
      "parent": null,
      "has_children": true,
      "is_end_bone": false
    },
    "spine_01": {
      "name": "spine_01",
      "local": {
        "location": {
          "x": 0.0,
          "y": 0.0,
          "z": 0.0
        },
        "rotation_quaternion": {
          "w": 0.9944120645523071,
          "x": 0.0898170918226242,
          "y": 0.04454204440116882,
          "z": 0.03307000547647476
        },
        "scale": {
          "x": 1.0,
          "y": 1.0,
          "z": 1.0
        },
        "matrix_basis": [
          [
            0.993844747543335,
            -0.05776914954185486,
            0.09452679753303528,
            0.0
          ],
          [
            0.07377170026302338,
            0.9816785454750061,
            -0.17568439245224,
            0.0
          ],
          [
            -0.08264578878879547,
            0.1815764158964157,
            0.9798977971076965,
            0.0
          ],
          [
            0.0,
            0.0,
            0.0,
            1.0
          ]
        ],
        "rotation_mode": "QUATERNION"
      },
      "armature_space": {
        "head": {
          "x": -0.000511479505803436,
          "y": -0.00030102580785751343,
          "z": -0.0025857998989522457
        },
        "tail": {
          "x": -0.0428115613758564,
          "y": -0.08377867937088013,
          "z": 0.476361483335495
        }
      },
      "world_space": {
        "head": {
          "x": -0.000511479505803436,
          "y": 0.0629429742693901,
          "z": 0.9472681879997253
        },
        "tail": {
          "x": -0.0428115613758564,
          "y": -0.020534679293632507,
          "z": 1.4262155294418335
        },
        "rotation_quaternion": {
          "w": 0.6437883973121643,
          "x": 0.7624877095222473,
          "y": -0.0024956963025033474,
          "z": 0.06436464190483093
        },
        "matrix": [
          [
            0.9917019009590149,
            -0.08668027818202972,
            0.09494048357009888,
            -0.000511479505803436
          ],
          [
            0.07906796783208847,
            -0.17106033861637115,
            -0.9820828437805176,
            0.0629429742693901
          ],
          [
            0.10136854648590088,
            0.9814468622207642,
            -0.1627892702817917,
            0.9472681879997253
          ],
          [
            0.0,
            0.0,
            0.0,
            1.0
          ]
        ]
      },
      "bone_length_armature_space": 0.4880044238245308,
      "parent": "Root",
      "has_children": true,
      "is_end_bone": false
    },
    "neck_01": {
      "name": "neck_01",
      "local": {
        "location": {
          "x": 0.0,
          "y": 0.0,
          "z": 0.0
        },
        "rotation_quaternion": {
          "w": 0.9883921146392822,
          "x": -0.02234123833477497,
          "y": 0.010324565693736076,
          "z": -0.1499175727367401
        },
        "scale": {
          "x": 1.0,
          "y": 1.0,
          "z": 1.0
        },
        "matrix_basis": [
          [
            0.9548362493515015,
            0.2958933711051941,
            0.027108127251267433,
            0.0
          ],
          [
            -0.29681602120399475,
            0.9540511965751648,
            0.04106814041733742,
            0.0
          ],
          [
            -0.0137107502669096,
            -0.04725947603583336,
            0.9987885355949402,
            0.0
          ],
          [
            0.0,
            0.0,
            0.0,
            1.0
          ]
        ],
        "rotation_mode": "QUATERNION"
      },
      "armature_space": {
        "head": {
          "x": -0.045865580439567566,
          "y": -0.13036252558231354,
          "z": 0.5425758957862854
        },
        "tail": {
          "x": -0.020667044445872307,
          "y": -0.17589090764522552,
          "z": 0.6309100389480591
        }
      },
      "world_space": {
        "head": {
          "x": -0.045865580439567566,
          "y": -0.06711852550506592,
          "z": 1.4924299716949463
        },
        "tail": {
          "x": -0.020667044445872307,
          "y": -0.1126469075679779,
          "z": 1.5807640552520752
        },
        "rotation_quaternion": {
          "w": 0.5071932077407837,
          "x": 0.8497307300567627,
          "y": 0.14391425251960754,
          "z": -0.001194079639390111
        },
        "matrix": [
          [
            0.9585742354393005,
            0.24578821659088135,
            0.14395636320114136,
            -0.045865580439567566
          ],
          [
            0.24336639046669006,
            -0.4440869092941284,
            -0.8622992038726807,
            -0.06711852550506592
          ],
          [
            -0.148014634847641,
            0.8616174459457397,
            -0.48551109433174133,
            1.4924299716949463
          ],
          [
            0.0,
            0.0,
            0.0,
            1.0
          ]
        ]
      },
      "bone_length_armature_space": 0.10252180550318879,
      "parent": "spine_01",
      "has_children": true,
      "is_end_bone": false
    },
    "head": {
      "name": "head",
      "local": {
        "location": {
          "x": 0.0,
          "y": 0.0,
          "z": 0.0
        },
        "rotation_quaternion": {
          "w": 0.9937773942947388,
          "x": -0.004569923970848322,
          "y": 0.00183662842027843,
          "z": 0.11127585172653198
        },
        "scale": {
          "x": 1.0,
          "y": 1.0,
          "z": 1.0
        },
        "matrix_basis": [
          [
            0.9752286076545715,
            -0.221183642745018,
            0.002633355325087905,
            0.0
          ],
          [
            0.22115007042884827,
            0.9751936197280884,
            0.00949171930551529,
            0.0
          ],
          [
            -0.004667444154620171,
            -0.008674229495227337,
            0.9999514818191528,
            0.0
          ],
          [
            0.0,
            0.0,
            0.0,
            1.0
          ]
        ],
        "rotation_mode": "QUATERNION"
      },
      "armature_space": {
        "head": {
          "x": -0.02066703885793686,
          "y": -0.17589101195335388,
          "z": 0.6309099197387695
        },
        "tail": {
          "x": -0.027174709364771843,
          "y": -0.1983390599489212,
          "z": 0.7842299938201904
        }
      },
      "world_space": {
        "head": {
          "x": -0.02066703885793686,
          "y": -0.11264701187610626,
          "z": 1.5807639360427856
        },
        "tail": {
          "x": -0.027174709364771843,
          "y": -0.13509505987167358,
          "z": 1.7340840101242065
        },
        "rotation_quaternion": {
          "w": 0.6513469815254211,
          "x": 0.7500311732292175,
          "y": 0.05810411646962166,
          "z": 0.09911803901195526
        },
        "matrix": [
          [
            0.9735990762710571,
            -0.04196054860949516,
            0.2243746519088745,
            -0.02066703885793686
          ],
          [
            0.21627983450889587,
            -0.14474187791347504,
            -0.9655429124832153,
            -0.11264701187610626
          ],
          [
            0.07299189269542694,
            0.9885862469673157,
            -0.13184718787670135,
            1.5807639360427856
          ],
          [
            0.0,
            0.0,
            0.0,
            1.0
          ]
        ]
      },
      "bone_length_armature_space": 0.15509129632866228,
      "parent": "neck_01",
      "has_children": false,
      "is_end_bone": true
    },
    "upperarm_l": {
      "name": "upperarm_l",
      "local": {
        "location": {
          "x": 0.0,
          "y": 0.0,
          "z": 0.0
        },
        "rotation_quaternion": {
          "w": 0.8679264783859253,
          "x": 0.005463550798594952,
          "y": 0.431791752576828,
          "z": 0.24541740119457245
        },
        "scale": {
          "x": 1.0,
          "y": 1.0,
          "z": 1.0
        },
        "matrix_basis": [
          [
            0.5066523551940918,
            -0.4212902784347534,
            0.7522087097167969,
            0.0
          ],
          [
            0.4307267665863037,
            0.8794808983802795,
            0.20245449244976044,
            0.0
          ],
          [
            -0.7468453049659729,
            0.22142234444618225,
            0.6270520687103271,
            0.0
          ],
          [
            0.0,
            0.0,
            0.0,
            1.0
          ]
        ],
        "rotation_mode": "QUATERNION"
      },
      "armature_space": {
        "head": {
          "x": 0.10901807993650436,
          "y": -0.11013773083686829,
          "z": 0.49130117893218994
        },
        "tail": {
          "x": 0.34313639998435974,
          "y": -0.16110363602638245,
          "z": 0.6112964749336243
        }
      },
      "world_space": {
        "head": {
          "x": 0.10901807993650436,
          "y": -0.046893730759620667,
          "z": 1.441155195236206
        },
        "tail": {
          "x": 0.34313639998435974,
          "y": -0.09785963594913483,
          "z": 1.5611505508422852
        },
        "rotation_quaternion": {
          "w": 0.2880847454071045,
          "x": 0.7714198231697083,
          "y": 0.5673711895942688,
          "z": 0.002927818801254034
        },
        "matrix": [
          [
            0.3561614155769348,
            0.873675525188446,
            0.3314209580421448,
            0.10901807993650436
          ],
          [
            0.8770507574081421,
            -0.19019295275211334,
            -0.4411449730396271,
            -0.046893730759620667
          ],
          [
            -0.3223850727081299,
            0.447794646024704,
            -0.8340034484863281,
            1.441155195236206
          ],
          [
            0.0,
            0.0,
            0.0,
            1.0
          ]
        ]
      },
      "bone_length_armature_space": 0.267969735056176,
      "parent": "spine_01",
      "has_children": true,
      "is_end_bone": false
    },
    "lowerarm_l": {
      "name": "lowerarm_l",
      "local": {
        "location": {
          "x": 0.0,
          "y": 0.0,
          "z": 0.0
        },
        "rotation_quaternion": {
          "w": 0.8553301095962524,
          "x": 0.4731879234313965,
          "y": 0.2093086540699005,
          "z": -0.02633390761911869
        },
        "scale": {
          "x": 1.0,
          "y": 1.0,
          "z": 1.0
        },
        "matrix_basis": [
          [
            0.9109928011894226,
            0.24313302338123322,
            0.3331342041492462,
            0.0
          ],
          [
            0.15303628146648407,
            0.5507994294166565,
            -0.8204875588417053,
            0.0
          ],
          [
            -0.38297775387763977,
            0.7984399199485779,
            0.4645661413669586,
            0.0
          ],
          [
            0.0,
            0.0,
            0.0,
            1.0
          ]
        ],
        "rotation_mode": "QUATERNION"
      },
      "armature_space": {
        "head": {
          "x": 0.3431364595890045,
          "y": -0.1611037701368332,
          "z": 0.611296534538269
        },
        "tail": {
          "x": 0.5376585125923157,
          "y": -0.2670913338661194,
          "z": 0.4613048732280731
        }
      },
      "world_space": {
        "head": {
          "x": 0.3431364595890045,
          "y": -0.09785977005958557,
          "z": 1.5611505508422852
        },
        "tail": {
          "x": 0.5376585125923157,
          "y": -0.20384733378887177,
          "z": 1.4111589193344116
        },
        "rotation_quaternion": {
          "w": 0.2513890862464905,
          "x": -0.8217707276344299,
          "y": -0.48858359456062317,
          "z": 0.15093885362148285
        },
        "matrix": [
          [
            0.4770054519176483,
            0.7271186709403992,
            -0.4937242865562439,
            0.3431364595890045
          ],
          [
            0.8788970112800598,
            -0.3961789608001709,
            0.26567360758781433,
            -0.09785977005958557
          ],
          [
            -0.0024261474609375,
            -0.5606651902198792,
            -0.8280474543571472,
            1.5611505508422852
          ],
          [
            0.0,
            0.0,
            0.0,
            1.0
          ]
        ]
      },
      "bone_length_armature_space": 0.26752512121449135,
      "parent": "upperarm_l",
      "has_children": true,
      "is_end_bone": false
    },
    "metacarpal_thumb_l": {
      "name": "metacarpal_thumb_l",
      "local": {
        "location": {
          "x": 0.0,
          "y": 0.0,
          "z": 0.0
        },
        "rotation_quaternion": {
          "w": 0.9994124174118042,
          "x": 0.032717522233724594,
          "y": 0.009891943074762821,
          "z": -0.0025718859396874905
        },
        "scale": {
          "x": 1.0,
          "y": 1.0,
          "z": 1.0
        },
        "matrix_basis": [
          [
            0.9997910857200623,
            0.005788029171526432,
            0.019603969529271126,
            0.0
          ],
          [
            -0.004493469838052988,
            0.9978458881378174,
            -0.06544747948646545,
            0.0
          ],
          [
            -0.019940553233027458,
            0.06534571200609207,
            0.9976634383201599,
            0.0
          ],
          [
            0.0,
            0.0,
            0.0,
            1.0
          ]
        ],
        "rotation_mode": "QUATERNION"
      },
      "armature_space": {
        "head": {
          "x": 0.5376585125923157,
          "y": -0.2670913338661194,
          "z": 0.4613048732280731
        },
        "tail": {
          "x": 0.5573337078094482,
          "y": -0.2640000581741333,
          "z": 0.41595134139060974
        }
      },
      "world_space": {
        "head": {
          "x": 0.5376585125923157,
          "y": -0.20384733378887177,
          "z": 1.4111589193344116
        },
        "tail": {
          "x": 0.5573337078094482,
          "y": -0.20075605809688568,
          "z": 1.3658053874969482
        },
        "rotation_quaternion": {
          "w": 0.728832483291626,
          "x": -0.6271111369132996,
          "y": 0.0027038739062845707,
          "z": -0.2748225927352905
        },
        "matrix": [
          [
            0.848929226398468,
            0.39720821380615234,
            0.34863194823265076,
            0.5376585125923157
          ],
          [
            -0.4039926528930664,
            0.062407493591308594,
            0.9126310348510742,
            -0.20384733378887177
          ],
          [
            0.34074923396110535,
            -0.9156103134155273,
            0.21345114707946777,
            1.4111589193344116
          ],
          [
            0.0,
            0.0,
            0.0,
            1.0
          ]
        ]
      },
      "bone_length_armature_space": 0.04953394877151319,
      "parent": "lowerarm_l",
      "has_children": true,
      "is_end_bone": false
    },
    "thumb_01_l": {
      "name": "thumb_01_l",
      "local": {
        "location": {
          "x": 0.0,
          "y": 0.0,
          "z": 0.0
        },
        "rotation_quaternion": {
          "w": 0.9882112741470337,
          "x": 0.1523747444152832,
          "y": -0.00501239625737071,
          "z": 0.013974856585264206
        },
        "scale": {
          "x": 1.0,
          "y": 1.0,
          "z": 1.0
        },
        "matrix_basis": [
          [
            0.9995591640472412,
            -0.029147746041417122,
            -0.005647782701998949,
            0.0
          ],
          [
            0.02609269693493843,
            0.9531732797622681,
            -0.30129697918891907,
            0.0
          ],
          [
            0.014165443368256092,
            0.30101677775382996,
            0.9535136222839355,
            0.0
          ],
          [
            0.0,
            0.0,
            0.0,
            1.0
          ]
        ],
        "rotation_mode": "QUATERNION"
      },
      "armature_space": {
        "head": {
          "x": 0.5573337078094482,
          "y": -0.2640000581741333,
          "z": 0.41595134139060974
        },
        "tail": {
          "x": 0.5801191329956055,
          "y": -0.24180704355239868,
          "z": 0.40383023023605347
        }
      },
      "world_space": {
        "head": {
          "x": 0.5573337078094482,
          "y": -0.20075605809688568,
          "z": 1.3658053874969482
        },
        "tail": {
          "x": 0.5801191329956055,
          "y": -0.17856304347515106,
          "z": 1.3536841869354248
        },
        "rotation_quaternion": {
          "w": 0.7341116070747375,
          "x": 0.05886587128043175,
          "y": 0.5357977747917175,
          "z": -0.4129598140716553
        },
        "matrix": [
          [
            0.08476895838975906,
            0.6693993806838989,
            0.7380502820014954,
            0.5573337078094482
          ],
          [
            -0.5432373881340027,
            0.6519960165023804,
            -0.5289559960365295,
            -0.20075605809688568
          ],
          [
            -0.8352949619293213,
            -0.3560994267463684,
            0.41891416907310486,
            1.3658053874969482
          ],
          [
            0.0,
            0.0,
            0.0,
            1.0
          ]
        ]
      },
      "bone_length_armature_space": 0.03403860782804074,
      "parent": "metacarpal_thumb_l",
      "has_children": true,
      "is_end_bone": false
    },
    "thumb_02_l": {
      "name": "thumb_02_l",
      "local": {
        "location": {
          "x": 0.0,
          "y": 0.0,
          "z": 0.0
        },
        "rotation_quaternion": {
          "w": 0.9384547472000122,
          "x": 0.34526392817497253,
          "y": 0.009765353985130787,
          "z": 0.0005891173495911062
        },
        "scale": {
          "x": 1.0,
          "y": 1.0,
          "z": 1.0
        },
        "matrix_basis": [
          [
            0.9998086094856262,
            0.005637528840452433,
            0.018735487014055252,
            0.0
          ],
          [
            0.007848968729376793,
            0.7615849375724792,
            -0.6480176448822021,
            0.0
          ],
          [
            -0.01792188361287117,
            0.6480406522750854,
            0.7613949179649353,
            0.0
          ],
          [
            0.0,
            0.0,
            0.0,
            1.0
          ]
        ],
        "rotation_mode": "QUATERNION"
      },
      "armature_space": {
        "head": {
          "x": 0.5801190137863159,
          "y": -0.2418069988489151,
          "z": 0.40383023023605347
        },
        "tail": {
          "x": 0.5988105535507202,
          "y": -0.2766108512878418,
          "z": 0.3965846598148346
        }
      },
      "world_space": {
        "head": {
          "x": 0.5801190137863159,
          "y": -0.17856299877166748,
          "z": 1.3536841869354248
        },
        "tail": {
          "x": 0.5988105535507202,
          "y": -0.21336685121059418,
          "z": 1.3464386463165283
        },
        "rotation_quaternion": {
          "w": 0.1639695018529892,
          "x": 0.47440803050994873,
          "y": 0.19961601495742798,
          "z": -0.8415489196777344
        },
        "matrix": [
          [
            -0.49610209465026855,
            0.4653754234313965,
            -0.7330129146575928,
            0.5801190137863159
          ],
          [
            -0.0865786075592041,
            -0.8665351867675781,
            -0.49154961109161377,
            -0.17856299877166748
          ],
          [
            -0.8639426827430725,
            -0.1803976148366928,
            0.47018444538116455,
            1.3536841869354248
          ],
          [
            0.0,
            0.0,
            0.0,
            1.0
          ]
        ]
      },
      "bone_length_armature_space": 0.040164413832645005,
      "parent": "thumb_01_l",
      "has_children": true,
      "is_end_bone": false
    },
    "thumb_03_l": {
      "name": "thumb_03_l",
      "local": {
        "location": {
          "x": 0.0,
          "y": 0.0,
          "z": 0.0
        },
        "rotation_quaternion": {
          "w": 0.98209547996521,
          "x": 0.18815748393535614,
          "y": -0.008882376365363598,
          "z": -0.0025467376690357924
        },
        "scale": {
          "x": 1.0,
          "y": 1.0,
          "z": 1.0
        },
        "matrix_basis": [
          [
            0.9998292326927185,
            0.0016597079811617732,
            -0.018405059352517128,
            0.0
          ],
          [
            -0.00834485050290823,
            0.9291805624961853,
            -0.3695319890975952,
            0.0
          ],
          [
            0.01648830808699131,
            0.36962246894836426,
            0.9290357232093811,
            0.0
          ],
          [
            0.0,
            0.0,
            0.0,
            1.0
          ]
        ],
        "rotation_mode": "QUATERNION"
      },
      "armature_space": {
        "head": {
          "x": 0.5988105535507202,
          "y": -0.276610791683197,
          "z": 0.3965846002101898
        },
        "tail": {
          "x": 0.5973466634750366,
          "y": -0.3067486882209778,
          "z": 0.4006410241127014
        }
      },
      "world_space": {
        "head": {
          "x": 0.5988105535507202,
          "y": -0.2133667916059494,
          "z": 1.3464386463165283
        },
        "tail": {
          "x": 0.5973466634750366,
          "y": -0.24350468814373016,
          "z": 1.3504951000213623
        },
        "rotation_quaternion": {
          "w": 0.026801124215126038,
          "x": 0.6677010655403137,
          "y": -0.06575116515159607,
          "z": -0.7410356402397156
        },
        "matrix": [
          [
            -0.10691393166780472,
            -0.048082560300827026,
            -0.9931047558784485,
            0.5988105535507202
          ],
          [
            -0.12752577662467957,
            -0.989916980266571,
            0.06165724992752075,
            -0.2133667916059494
          ],
          [
            -0.9860629439353943,
            0.13323856890201569,
            0.09970502555370331,
            1.3464386463165283
          ],
          [
            0.0,
            0.0,
            0.0,
            1.0
          ]
        ]
      },
      "bone_length_armature_space": 0.030444874423301023,
      "parent": "thumb_02_l",
      "has_children": false,
      "is_end_bone": true
    },
    "metacarpal_index_l": {
      "name": "metacarpal_index_l",
      "local": {
        "location": {
          "x": 0.0,
          "y": 0.0,
          "z": 0.0
        },
        "rotation_quaternion": {
          "w": 0.9993900060653687,
          "x": -0.03183092549443245,
          "y": -0.012703724205493927,
          "z": -0.006718475371599197
        },
        "scale": {
          "x": 1.0,
          "y": 1.0,
          "z": 1.0
        },
        "matrix_basis": [
          [
            0.9995869398117065,
            0.014237497001886368,
            -0.024964239448308945,
            0.0
          ],
          [
            -0.01262001134455204,
            0.9978833198547363,
            0.06379371881484985,
            0.0
          ],
          [
            0.02581966109573841,
            -0.06345231831073761,
            0.9976508021354675,
            0.0
          ],
          [
            0.0,
            0.0,
            0.0,
            1.0
          ]
        ],
        "rotation_mode": "QUATERNION"
      },
      "armature_space": {
        "head": {
          "x": 0.5376585125923157,
          "y": -0.2670913338661194,
          "z": 0.4613048732280731
        },
        "tail": {
          "x": 0.6053841710090637,
          "y": -0.30312013626098633,
          "z": 0.37273573875427246
        }
      },
      "world_space": {
        "head": {
          "x": 0.5376585125923157,
          "y": -0.20384733378887177,
          "z": 1.4111589193344116
        },
        "tail": {
          "x": 0.6053841710090637,
          "y": -0.2398761361837387,
          "z": 1.3225897550582886
        },
        "rotation_quaternion": {
          "w": 0.5280126929283142,
          "x": -0.7931138873100281,
          "y": -0.25972938537597656,
          "z": -0.15720579028129578
        },
        "matrix": [
          [
            0.815653383731842,
            0.578003466129303,
            -0.024918483570218086,
            0.5376585125923157
          ],
          [
            0.24597957730293274,
            -0.30748727917671204,
            0.919209361076355,
            -0.20384733378887177
          ],
          [
            0.5236478447914124,
            -0.7558916211128235,
            -0.3929819166660309,
            1.4111589193344116
          ],
          [
            0.0,
            0.0,
            0.0,
            1.0
          ]
        ]
      },
      "bone_length_armature_space": 0.11717222829491532,
      "parent": "lowerarm_l",
      "has_children": true,
      "is_end_bone": false
    },
    "index_01_l": {
      "name": "index_01_l",
      "local": {
        "location": {
          "x": 0.0,
          "y": 0.0,
          "z": 0.0
        },
        "rotation_quaternion": {
          "w": 0.9710759520530701,
          "x": 0.23874704539775848,
          "y": -0.0004709146451205015,
          "z": -0.0033402834087610245
        },
        "scale": {
          "x": 1.0,
          "y": 1.0,
          "z": 1.0
        },
        "matrix_basis": [
          [
            0.9999772310256958,
            0.00626247888430953,
            -0.002509553451091051,
            0.0
          ],
          [
            -0.006712196860462427,
            0.8859773874282837,
            -0.46367987990379333,
            0.0
          ],
          [
            -0.0006803778233006597,
            0.46368616819381714,
            0.8859992623329163,
            0.0
          ],
          [
            0.0,
            0.0,
            0.0,
            1.0
          ]
        ],
        "rotation_mode": "QUATERNION"
      },
      "armature_space": {
        "head": {
          "x": 0.6053841710090637,
          "y": -0.30312013626098633,
          "z": 0.37273573875427246
        },
        "tail": {
          "x": 0.6274354457855225,
          "y": -0.29950034618377686,
          "z": 0.3550238013267517
        }
      },
      "world_space": {
        "head": {
          "x": 0.6053841710090637,
          "y": -0.2398761361837387,
          "z": 1.3225897550582886
        },
        "tail": {
          "x": 0.6274354457855225,
          "y": -0.23625634610652924,
          "z": 1.304877758026123
        },
        "rotation_quaternion": {
          "w": 0.6125210523605347,
          "x": -0.6353816390037537,
          "y": -0.4339255690574646,
          "z": -0.18115420639514923
        },
        "matrix": [
          [
            0.557781994342804,
            0.7733383178710938,
            -0.30137428641319275,
            0.6053841710090637
          ],
          [
            0.32949909567832947,
            0.12694576382637024,
            0.9355828762054443,
            -0.2398761361837387
          ],
          [
            0.7617859840393066,
            -0.6211583614349365,
            -0.1840064525604248,
            1.3225897550582886
          ],
          [
            0.0,
            0.0,
            0.0,
            1.0
          ]
        ]
      },
      "bone_length_armature_space": 0.028514457894334735,
      "parent": "metacarpal_index_l",
      "has_children": true,
      "is_end_bone": false
    },
    "index_02_l": {
      "name": "index_02_l",
      "local": {
        "location": {
          "x": 0.0,
          "y": 0.0,
          "z": 0.0
        },
        "rotation_quaternion": {
          "w": 0.919894278049469,
          "x": 0.39204660058021545,
          "y": 0.009292542934417725,
          "z": -0.0028094013687223196
        },
        "scale": {
          "x": 1.0,
          "y": 1.0,
          "z": 1.0
        },
        "matrix_basis": [
          [
            0.9998115301132202,
            0.012454924173653126,
            0.014893481507897377,
            0.0
          ],
          [
            0.0021175153087824583,
            0.6925831437110901,
            -0.7213350534439087,
            0.0
          ],
          [
            -0.01929914578795433,
            0.7212306261062622,
            0.6924262046813965,
            0.0
          ],
          [
            0.0,
            0.0,
            0.0,
            1.0
          ]
        ],
        "rotation_mode": "QUATERNION"
      },
      "armature_space": {
        "head": {
          "x": 0.6274354457855225,
          "y": -0.29950007796287537,
          "z": 0.3550233244895935
        },
        "tail": {
          "x": 0.6361106634140015,
          "y": -0.2805635631084442,
          "z": 0.340048611164093
        }
      },
      "world_space": {
        "head": {
          "x": 0.6274354457855225,
          "y": -0.23625607788562775,
          "z": 1.3048772811889648
        },
        "tail": {
          "x": 0.6361106634140015,
          "y": -0.2173195630311966,
          "z": 1.289902687072754
        },
        "rotation_quaternion": {
          "w": 0.7937661409378052,
          "x": -0.36168989539146423,
          "y": -0.4888973534107208,
          "z": 0.009754052385687828
        },
        "matrix": [
          [
            0.5217692852020264,
            0.33817219734191895,
            -0.7831959128379822,
            0.6274354457855225
          ],
          [
            0.3691428601741791,
            0.7381715774536133,
            0.564656138420105,
            -0.23625607788562775
          ],
          [
            0.7690896391868591,
            -0.5837348699569702,
            0.26032400131225586,
            1.3048772811889648
          ],
          [
            0.0,
            0.0,
            0.0,
            1.0
          ]
        ]
      },
      "bone_length_armature_space": 0.025653323909308443,
      "parent": "index_01_l",
      "has_children": true,
      "is_end_bone": false
    },
    "index_03_l": {
      "name": "index_03_l",
      "local": {
        "location": {
          "x": 0.0,
          "y": 0.0,
          "z": 0.0
        },
        "rotation_quaternion": {
          "w": 0.9604800939559937,
          "x": 0.278209924697876,
          "y": 0.008577718399465084,
          "z": -0.001959051936864853
        },
        "scale": {
          "x": 1.0,
          "y": 1.0,
          "z": 1.0
        },
        "matrix_basis": [
          [
            0.9998451471328735,
            0.008536073379218578,
            0.015387400053441525,
            0.0
          ],
          [
            0.0010095520410686731,
            0.8451908230781555,
            -0.5344638228416443,
            0.0
          ],
          [
            -0.017567511647939682,
            0.5343965888023376,
            0.8450513482093811,
            0.0
          ],
          [
            0.0,
            0.0,
            0.0,
            1.0
          ]
        ],
        "rotation_mode": "QUATERNION"
      },
      "armature_space": {
        "head": {
          "x": 0.636110782623291,
          "y": -0.28056368231773376,
          "z": 0.34004858136177063
        },
        "tail": {
          "x": 0.6318995952606201,
          "y": -0.25230297446250916,
          "z": 0.3339388072490692
        }
      },
      "world_space": {
        "head": {
          "x": 0.636110782623291,
          "y": -0.21731968224048615,
          "z": 1.2899025678634644
        },
        "tail": {
          "x": 0.6318995952606201,
          "y": -0.18905897438526154,
          "z": 1.2837928533554077
        },
        "rotation_quaternion": {
          "w": 0.8818455934524536,
          "x": -0.06048685312271118,
          "y": -0.45382311940193176,
          "z": 0.11284641921520233
        },
        "matrix": [
          [
            0.5626202821731567,
            -0.14412611722946167,
            -0.8140550851821899,
            0.636110782623291
          ],
          [
            0.25392746925354004,
            0.967214047908783,
            0.004254966974258423,
            -0.21731968224048615
          ],
          [
            0.7867579460144043,
            -0.20910532772541046,
            0.5807760953903198,
            1.2899025678634644
          ],
          [
            0.0,
            0.0,
            0.0,
            1.0
          ]
        ]
      },
      "bone_length_armature_space": 0.029218676320737075,
      "parent": "index_02_l",
      "has_children": false,
      "is_end_bone": true
    },
    "metacarpal_pinky_l": {
      "name": "metacarpal_pinky_l",
      "local": {
        "location": {
          "x": 0.0,
          "y": 0.0,
          "z": 0.0
        },
        "rotation_quaternion": {
          "w": 0.9989564418792725,
          "x": -0.04375988245010376,
          "y": -0.012819256633520126,
          "z": -0.0026064200792461634
        },
        "scale": {
          "x": 1.0,
          "y": 1.0,
          "z": 1.0
        },
        "matrix_basis": [
          [
            0.9996577501296997,
            0.0063293385319411755,
            -0.025383643805980682,
            0.0
          ],
          [
            -0.00408546207472682,
            0.9961565732955933,
            0.08749525994062424,
            0.0
          ],
          [
            0.025839870795607567,
            -0.08736161142587662,
            0.9958415031433105,
            0.0
          ],
          [
            0.0,
            0.0,
            0.0,
            1.0
          ]
        ],
        "rotation_mode": "QUATERNION"
      },
      "armature_space": {
        "head": {
          "x": 0.5376585125923157,
          "y": -0.2670913338661194,
          "z": 0.4613048732280731
        },
        "tail": {
          "x": 0.630011796951294,
          "y": -0.30648961663246155,
          "z": 0.4337027072906494
        }
      },
      "world_space": {
        "head": {
          "x": 0.5376585125923157,
          "y": -0.20384733378887177,
          "z": 1.4111589193344116
        },
        "tail": {
          "x": 0.630011796951294,
          "y": -0.24324561655521393,
          "z": 1.3835567235946655
        },
        "rotation_quaternion": {
          "w": 0.24204911291599274,
          "x": 0.6133178472518921,
          "y": 0.5022286772727966,
          "z": -0.5594817399978638
        },
        "matrix": [
          [
            -0.13050873577594757,
            0.8868969678878784,
            -0.4431488811969757,
            0.5376585125923157
          ],
          [
            0.3452063798904419,
            -0.3783538341522217,
            -0.8588836789131165,
            -0.20384733378887177
          ],
          [
            -0.9294145107269287,
            -0.26507219672203064,
            -0.25678667426109314,
            1.4111589193344116
          ],
          [
            0.0,
            0.0,
            0.0,
            1.0
          ]
        ]
      },
      "bone_length_armature_space": 0.10413084907579984,
      "parent": "lowerarm_l",
      "has_children": true,
      "is_end_bone": false
    },
    "pinky_01_l": {
      "name": "pinky_01_l",
      "local": {
        "location": {
          "x": 0.0,
          "y": 0.0,
          "z": 0.0
        },
        "rotation_quaternion": {
          "w": 0.9542011022567749,
          "x": 0.2988698482513428,
          "y": 0.013221126049757004,
          "z": 0.001552427071146667
        },
        "scale": {
          "x": 1.0,
          "y": 1.0,
          "z": 1.0
        },
        "matrix_basis": [
          [
            0.9996455907821655,
            0.004940136801451445,
            0.026159172877669334,
            0.0
          ],
          [
            0.010865447111427784,
            0.8213487863540649,
            -0.5703228116035461,
            0.0
          ],
          [
            -0.02430327795445919,
            0.5704049468040466,
            0.8210040330886841,
            0.0
          ],
          [
            0.0,
            0.0,
            0.0,
            1.0
          ]
        ],
        "rotation_mode": "QUATERNION"
      },
      "armature_space": {
        "head": {
          "x": 0.630011796951294,
          "y": -0.30648961663246155,
          "z": 0.4337027072906494
        },
        "tail": {
