{
  "metadata": {
    "armature_name": "KIM_caucasian_male",
    "export_time": "2026-01-13T21:15:47.085568",
    "blender_version": "4.4.1",
    "bone_count": 56,
    "end_bone_count": 13,
    "spaces_included": [
      "LOCAL_CHANNELS",
      "ARMATURE_SPACE",
      "WORLD_SPACE"
    ],
    "note": "LOCAL matches Transform panel; replay pose via local.matrix_basis for best fidelity."
  },
  "bones": {
    "Root": {
      "name": "Root",
      "local": {
        "location": {
          "x": 0.0,
          "y": 0.0,
          "z": 0.0
        },
        "rotation_quaternion": {
          "w": 0.9999319314956665,
          "x": -0.0055528623051941395,
          "y": 0.009686619974672794,
          "z": -0.003394580911844969
        },
        "scale": {
          "x": 1.0,
          "y": 1.0,
          "z": 1.0
        },
        "matrix_basis": [
          [
            0.999789297580719,
            0.006681122817099094,
            0.019409621134400368,
            0.0
          ],
          [
            -0.006896276492625475,
            0.9999153017997742,
            0.011039204895496368,
            0.0
          ],
          [
            -0.0193342212587595,
            -0.011170732788741589,
            0.9997506737709045,
            0.0
          ],
          [
            0.0,
            0.0,
            0.0,
            1.0
          ]
        ],
        "rotation_mode": "QUATERNION"
      },
      "armature_space": {
        "head": {
          "x": 0.0,
          "y": 0.07072800397872925,
          "z": -0.009595036506652832
        },
        "tail": {
          "x": 0.00047687094775028527,
          "y": 0.00011317431926727295,
          "z": 0.0007892763242125511
        }
      },
      "world_space": {
        "head": {
          "x": 0.0,
          "y": 0.13397200405597687,
          "z": 0.9402589797973633
        },
        "tail": {
          "x": 0.00047687094775028527,
          "y": 0.06335717439651489,
          "z": 0.9506433010101318
        },
        "rotation_quaternion": {
          "w": 0.07290331274271011,
          "x": 0.9972862005233765,
          "y": 0.004039436113089323,
          "z": 0.009435929358005524
        },
        "matrix": [
          [
            0.999789297580719,
            0.006681122817099094,
            0.019409621134400368,
            0.0
          ],
          [
            0.009432773105800152,
            -0.9893375635147095,
            -0.14533518254756927,
            0.13397200405597687
          ],
          [
            0.018231799826025963,
            0.1454877257347107,
            -0.989199161529541,
            0.9402589797973633
          ],
          [
            0.0,
            0.0,
            0.0,
            1.0
          ]
        ]
      },
      "bone_length_armature_space": 0.07137587567598606,
      "parent": null,
      "has_children": true,
      "is_end_bone": false
    },
    "spine_01": {
      "name": "spine_01",
      "local": {
        "location": {
          "x": 0.0,
          "y": 0.0,
          "z": 0.0
        },
        "rotation_quaternion": {
          "w": 0.9950332641601562,
          "x": 0.07398958504199982,
          "y": 0.02664821222424507,
          "z": 0.06102786585688591
        },
        "scale": {
          "x": 1.0,
          "y": 1.0,
          "z": 1.0
        },
        "matrix_basis": [
          [
            0.9911309480667114,
            -0.11750613152980804,
            0.062062568962574005,
            0.0
          ],
          [
            0.12539289891719818,
            0.9816023111343384,
            -0.1439916342496872,
            0.0
          ],
          [
            -0.044000864028930664,
            0.15049676597118378,
            0.9876308441162109,
            0.0
          ],
          [
            0.0,
            0.0,
            0.0,
            1.0
          ]
        ],
        "rotation_mode": "QUATERNION"
      },
      "armature_space": {
        "head": {
          "x": 0.00047687094775028527,
          "y": 0.00011317431926727295,
          "z": 0.0007892763242125511
        },
        "tail": {
          "x": -0.06522008031606674,
          "y": -0.04608535394072533,
          "z": 0.4821394681930542
        }
      },
      "world_space": {
        "head": {
          "x": 0.00047687094775028527,
          "y": 0.06335717439651489,
          "z": 0.9506433010101318
        },
        "tail": {
          "x": -0.06522008031606674,
          "y": 0.017158646136522293,
          "z": 1.4319934844970703
        },
        "rotation_quaternion": {
          "w": 0.6723334193229675,
          "x": 0.7362537384033203,
          "y": -0.025164147838950157,
          "z": 0.07256084680557251
        },
        "matrix": [
          [
            0.9882034659385681,
            -0.13462457060813904,
            0.07300807535648346,
            0.00047687094775028527
          ],
          [
            0.060514893382787704,
            -0.09466888010501862,
            -0.9936678409576416,
            0.06335717439651489
          ],
          [
            0.14068473875522614,
            0.986370861530304,
            -0.0854068249464035,
            0.9506433010101318
          ],
          [
            0.0,
            0.0,
            0.0,
            1.0
          ]
        ]
      },
      "bone_length_armature_space": 0.48800450827257746,
      "parent": "Root",
      "has_children": true,
      "is_end_bone": false
    },
    "neck_01": {
      "name": "neck_01",
      "local": {
        "location": {
          "x": 0.0,
          "y": 0.0,
          "z": 0.0
        },
        "rotation_quaternion": {
          "w": 0.9933564066886902,
          "x": 0.008350414223968983,
          "y": 0.11357564479112625,
          "z": 0.016552358865737915
        },
        "scale": {
          "x": 1.0,
          "y": 1.0,
          "z": 1.0
        },
        "matrix_basis": [
          [
            0.9736531972885132,
            -0.030987976118922234,
            0.22591862082481384,
            0.0
          ],
          [
            0.03478159010410309,
            0.9993125796318054,
            -0.012829985469579697,
            0.0
          ],
          [
            -0.2253657579421997,
            0.020349765196442604,
            0.9740616679191589,
            0.0
          ],
          [
            0.0,
            0.0,
            0.0,
            1.0
          ]
        ],
        "rotation_mode": "QUATERNION"
      },
      "armature_space": {
        "head": {
          "x": -0.0725451409816742,
          "y": -0.08747769892215729,
          "z": 0.5513980984687805
        },
        "tail": {
          "x": -0.08535803109407425,
          "y": -0.13715437054634094,
          "z": 0.6401606202125549
        }
      },
      "world_space": {
        "head": {
          "x": -0.0725451409816742,
          "y": -0.024233698844909668,
          "z": 1.5012521743774414
        },
        "tail": {
          "x": -0.08535803109407425,
          "y": -0.07391037046909332,
          "z": 1.5900146961212158
        },
        "rotation_quaternion": {
          "w": 0.506511390209198,
          "x": 0.842477023601532,
          "y": 0.03422519937157631,
          "z": 0.1802978217601776
        },
        "matrix": [
          [
            0.9326429963111877,
            -0.12497778236865997,
            0.338463693857193,
            -0.0725451409816742
          ],
          [
            0.24031314253807068,
            -0.4845496416091919,
            -0.8411073088645935,
            -0.024233698844909668
          ],
          [
            0.26912426948547363,
            0.8657954931259155,
            -0.42188170552253723,
            1.5012521743774414
          ],
          [
            0.0,
            0.0,
            0.0,
            1.0
          ]
        ]
      },
      "bone_length_armature_space": 0.10252183637507083,
      "parent": "spine_01",
      "has_children": true,
      "is_end_bone": false
    },
    "head": {
      "name": "head",
      "local": {
        "location": {
          "x": 0.0,
          "y": 0.0,
          "z": 0.0
        },
        "rotation_quaternion": {
          "w": 0.9679200649261475,
          "x": -0.09048380702733994,
          "y": -0.14409956336021423,
          "z": 0.18487490713596344
        },
        "scale": {
          "x": 1.0,
          "y": 1.0,
          "z": 1.0
        },
        "matrix_basis": [
          [
            0.8901131749153137,
            -0.33181092143058777,
            -0.3124100863933563,
            0.0
          ],
          [
            0.3839656114578247,
            0.9152678847312927,
            0.1218813955783844,
            0.0
          ],
          [
            0.24549734592437744,
            -0.2284429669380188,
            0.9420959949493408,
            0.0
          ],
          [
            0.0,
            0.0,
            0.0,
            1.0
          ]
        ],
        "rotation_mode": "QUATERNION"
      },
      "armature_space": {
        "head": {
          "x": -0.08535797148942947,
          "y": -0.1371544748544693,
          "z": 0.6401605010032654
        },
        "tail": {
          "x": -0.17685891687870026,
          "y": -0.13634169101715088,
          "z": 0.7653807401657104
        }
      },
      "world_space": {
        "head": {
          "x": -0.08535797148942947,
          "y": -0.07391047477722168,
          "z": 1.5900144577026367
        },
        "tail": {
          "x": -0.17685891687870026,
          "y": -0.07309769093990326,
          "z": 1.7152347564697266
        },
        "rotation_quaternion": {
          "w": 0.6644588112831116,
          "x": 0.6787775754928589,
          "y": -0.24721463024616241,
          "z": 0.19141708314418793
        },
        "matrix": [
          [
            0.8044885396957397,
            -0.5899853110313416,
            -0.06867092847824097,
            -0.08535797148942947
          ],
          [
            -0.08123302459716797,
            0.005240723490715027,
            -0.9966814517974854,
            -0.07391047477722168
          ],
          [
            0.5883912444114685,
            0.8074026107788086,
            -0.043711431324481964,
            1.5900144577026367
          ],
          [
            0.0,
            0.0,
            0.0,
            1.0
          ]
        ]
      },
      "bone_length_armature_space": 0.15509091551730655,
      "parent": "neck_01",
      "has_children": false,
      "is_end_bone": true
    },
    "upperarm_l": {
      "name": "upperarm_l",
      "local": {
        "location": {
          "x": 0.0,
          "y": 0.0,
          "z": 0.0
        },
        "rotation_quaternion": {
          "w": 0.9531368017196655,
          "x": 0.1370559185743332,
          "y": -0.1430889517068863,
          "z": -0.22862982749938965
        },
        "scale": {
          "x": 1.0,
          "y": 1.0,
          "z": 1.0
        },
        "matrix_basis": [
          [
            0.8545079231262207,
            0.3966086208820343,
            -0.3354368209838867,
            0.0
          ],
          [
            -0.4750533699989319,
            0.8578881621360779,
            -0.19583727419376373,
            0.0
          ],
          [
            0.2100965529680252,
            0.32669487595558167,
            0.9214824438095093,
            0.0
          ],
          [
            0.0,
            0.0,
            0.0,
            1.0
          ]
        ],
        "rotation_mode": "QUATERNION"
      },
      "armature_space": {
        "head": {
          "x": 0.0849660336971283,
          "y": -0.07520692050457001,
          "z": 0.5059366226196289
        },
        "tail": {
          "x": 0.33366307616233826,
          "y": -0.1259423941373825,
          "z": 0.4200097620487213
        }
      },
      "world_space": {
        "head": {
          "x": 0.0849660336971283,
          "y": -0.011962920427322388,
          "z": 1.455790638923645
        },
        "tail": {
          "x": 0.33366307616233826,
          "y": -0.06269839406013489,
          "z": 1.369863748550415
        },
        "rotation_quaternion": {
          "w": 0.40952184796333313,
          "x": 0.396085262298584,
          "y": 0.4874686598777771,
          "z": -0.6616513729095459
        },
        "matrix": [
          [
            -0.3508163094520569,
            0.9280799031257629,
            -0.12488268315792084,
            0.0849660336971283
          ],
          [
            -0.15576545894145966,
            -0.18933306634426117,
            -0.9694793820381165,
            -0.011962920427322388
          ],
          [
            -0.9234053492546082,
            -0.32065922021865845,
            0.210984468460083,
            1.455790638923645
          ],
          [
            0.0,
            0.0,
            0.0,
            1.0
          ]
        ]
      },
      "bone_length_armature_space": 0.2679696503414176,
      "parent": "spine_01",
      "has_children": true,
      "is_end_bone": false
    },
    "lowerarm_l": {
      "name": "lowerarm_l",
      "local": {
        "location": {
          "x": 0.0,
          "y": 0.0,
          "z": 0.0
        },
        "rotation_quaternion": {
          "w": 0.9674755930900574,
          "x": 0.20995868742465973,
          "y": -0.09209928661584854,
          "z": 0.10689263045787811
        },
        "scale": {
          "x": 1.0,
          "y": 1.0,
          "z": 1.0
        },
        "matrix_basis": [
          [
            0.9601833820343018,
            -0.24550610780715942,
            -0.13332155346870422,
            0.0
          ],
          [
            0.1681579351425171,
            0.8889826536178589,
            -0.4259492754936218,
            0.0
          ],
          [
            0.22309370338916779,
            0.3865703344345093,
            0.8948701620101929,
            0.0
          ],
          [
            0.0,
            0.0,
            0.0,
            1.0
          ]
        ],
        "rotation_mode": "QUATERNION"
      },
      "armature_space": {
        "head": {
          "x": 0.3336631953716278,
          "y": -0.1259424388408661,
          "z": 0.4200098514556885
        },
        "tail": {
          "x": 0.555809736251831,
          "y": -0.26851874589920044,
          "z": 0.4635101556777954
        }
      },
      "world_space": {
        "head": {
          "x": 0.3336631953716278,
          "y": -0.06269843876361847,
          "z": 1.3698638677597046
        },
        "tail": {
          "x": 0.555809736251831,
          "y": -0.20527474582195282,
          "z": 1.4133641719818115
        },
        "rotation_quaternion": {
          "w": 0.45548778772354126,
          "x": 0.44556793570518494,
          "y": 0.1614200919866562,
          "z": -0.7536203861236572
        },
        "matrix": [
          [
            -0.18799906969070435,
            0.8303782939910889,
            -0.5245265364646912,
            0.3336631953716278
          ],
          [
            -0.5426831245422363,
            -0.532946765422821,
            -0.6492017507553101,
            -0.06269843876361847
          ],
          [
            -0.8186341524124146,
            0.16260306537151337,
            0.5508290529251099,
            1.3698638677597046
          ],
          [
            0.0,
            0.0,
            0.0,
            1.0
          ]
        ]
      },
      "bone_length_armature_space": 0.2675245126472958,
      "parent": "upperarm_l",
      "has_children": true,
      "is_end_bone": false
    },
    "metacarpal_thumb_l": {
      "name": "metacarpal_thumb_l",
      "local": {
        "location": {
          "x": 0.0,
          "y": 0.0,
          "z": 0.0
        },
        "rotation_quaternion": {
          "w": 0.9998602867126465,
          "x": 0.0007216599769890308,
          "y": 0.016506940126419067,
          "z": -0.002552639227360487
        },
        "scale": {
          "x": 1.0,
          "y": 1.0,
          "z": 1.0
        },
        "matrix_basis": [
          [
            0.9994419813156128,
            0.005128390155732632,
            0.03300558403134346,
            0.0
          ],
          [
            -0.005080740433186293,
            0.999985933303833,
            -0.0015273907920345664,
            0.0
          ],
          [
            -0.03301295265555382,
            0.0013588457368314266,
            0.9994540214538574,
            0.0
          ],
          [
            0.0,
            0.0,
            0.0,
            1.0
          ]
        ],
        "rotation_mode": "QUATERNION"
      },
      "armature_space": {
        "head": {
          "x": 0.555809736251831,
          "y": -0.26851874589920044,
          "z": 0.4635101556777954
        },
        "tail": {
          "x": 0.5714537501335144,
          "y": -0.3131159842014313,
          "z": 0.47834041714668274
        }
      },
      "world_space": {
        "head": {
          "x": 0.555809736251831,
          "y": -0.20527474582195282,
          "z": 1.4133641719818115
        },
        "tail": {
          "x": 0.5714537501335144,
          "y": -0.24987198412418365,
          "z": 1.4281944036483765
        },
        "rotation_quaternion": {
          "w": 0.17985093593597412,
          "x": 0.9593390822410583,
          "y": 0.1322212964296341,
          "z": -0.17274166643619537
        },
        "matrix": [
          [
            0.9053555727005005,
            0.3158257007598877,
            -0.28387507796287537,
            0.555809736251831
          ],
          [
            0.19155476987361908,
            -0.9003419876098633,
            -0.3907569348812103,
            -0.20527474582195282
          ],
          [
            -0.3789982199668884,
            0.2993975579738617,
            -0.8756344318389893,
            1.4133641719818115
          ],
          [
            0.0,
            0.0,
            0.0,
            1.0
          ]
        ]
      },
      "bone_length_armature_space": 0.04953367991928877,
      "parent": "lowerarm_l",
      "has_children": true,
      "is_end_bone": false
    },
    "thumb_01_l": {
      "name": "thumb_01_l",
      "local": {
        "location": {
          "x": 0.0,
          "y": 0.0,
          "z": 0.0
        },
        "rotation_quaternion": {
          "w": 0.9655532240867615,
          "x": 0.259640634059906,
          "y": -0.007854851894080639,
          "z": -0.015237778425216675
        },
        "scale": {
          "x": 1.0,
          "y": 1.0,
          "z": 1.0
        },
        "matrix_basis": [
          [
            0.9994122385978699,
            0.025346893817186356,
            -0.023081248626112938,
            0.0
          ],
          [
            -0.03350464999675751,
            0.8647090792655945,
            -0.5011543035507202,
            0.0
          ],
          [
            0.007255862466990948,
            0.5016331076622009,
            0.8650500774383545,
            0.0
          ],
          [
            0.0,
            0.0,
            0.0,
            1.0
          ]
        ],
        "rotation_mode": "QUATERNION"
      },
      "armature_space": {
        "head": {
          "x": 0.5714537501335144,
          "y": -0.3131159842014313,
          "z": 0.47834041714668274
        },
        "tail": {
          "x": 0.5839042663574219,
          "y": -0.3387978971004486,
          "z": 0.45979171991348267
        }
      },
      "world_space": {
        "head": {
          "x": 0.5714537501335144,
          "y": -0.24987198412418365,
          "z": 1.4281944036483765
        },
        "tail": {
          "x": 0.5839042663574219,
          "y": -0.2755538821220398,
          "z": 1.4096457958221436
        },
        "rotation_quaternion": {
          "w": 0.35032448172569275,
          "x": -0.7699028849601746,
          "y": 0.00515227485448122,
          "z": -0.5333814024925232
        },
        "matrix": [
          [
            0.43095678091049194,
            0.36577749252319336,
            0.8249139189720154,
            0.5714537501335144
          ],
          [
            -0.38164520263671875,
            -0.7544940710067749,
            0.5339341759681702,
            -0.24987198412418365
          ],
          [
            0.817699134349823,
            -0.5449318289756775,
            -0.18555772304534912,
            1.4281944036483765
          ],
          [
            0.0,
            0.0,
            0.0,
            1.0
          ]
        ]
      },
      "bone_length_armature_space": 0.03403865720564743,
      "parent": "metacarpal_thumb_l",
      "has_children": true,
      "is_end_bone": false
    },
    "thumb_02_l": {
      "name": "thumb_02_l",
      "local": {
        "location": {
          "x": 0.0,
          "y": 0.0,
          "z": 0.0
        },
        "rotation_quaternion": {
          "w": 0.9063177108764648,
          "x": 0.4225926101207733,
          "y": 0.001904162811115384,
          "z": 0.00024063087766990066
        },
        "scale": {
          "x": 1.0,
          "y": 1.0,
          "z": 1.0
        },
        "matrix_basis": [
          [
            0.9999926090240479,
            0.0011731942649930716,
            0.0036549305077642202,
            0.0
          ],
          [
            0.0020455464255064726,
            0.6428308486938477,
            -0.7660053968429565,
            0.0
          ],
          [
            -0.00324817537330091,
            0.7660072445869446,
            0.6428236961364746,
            0.0
          ],
          [
            0.0,
            0.0,
            0.0,
            1.0
          ]
        ],
        "rotation_mode": "QUATERNION"
      },
      "armature_space": {
        "head": {
          "x": 0.5839042067527771,
          "y": -0.3387978971004486,
          "z": 0.4597916901111603
        },
        "tail": {
          "x": 0.6128489375114441,
          "y": -0.3224780559539795,
          "z": 0.48235392570495605
        }
      },
      "world_space": {
        "head": {
          "x": 0.5839042067527771,
          "y": -0.2755538821220398,
          "z": 1.409645676612854
        },
        "tail": {
          "x": 0.6128489375114441,
          "y": -0.25923407077789307,
          "z": 1.4322079420089722
        },
        "rotation_quaternion": {
          "w": 0.5953741669654846,
          "x": -0.06477949023246765,
          "y": -0.5905036926269531,
          "z": -0.540960967540741
        },
        "matrix": [
          [
            -0.282668799161911,
            0.7206557393074036,
            -0.6330509185791016,
            0.5839042067527771
          ],
          [
            -0.5676422119140625,
            0.4063260555267334,
            0.7160177826881409,
            -0.2755538821220398
          ],
          [
            0.7732323408126831,
            0.5617468357086182,
            0.29422181844711304,
            1.409645676612854
          ],
          [
            0.0,
            0.0,
            0.0,
            1.0
          ]
        ]
      },
      "bone_length_armature_space": 0.040164525242405526,
      "parent": "thumb_01_l",
      "has_children": true,
      "is_end_bone": false
    },
    "thumb_03_l": {
      "name": "thumb_03_l",
      "local": {
        "location": {
          "x": 0.0,
          "y": 0.0,
          "z": 0.0
        },
        "rotation_quaternion": {
          "w": 0.9894149303436279,
          "x": 0.14508461952209473,
          "y": -0.0028156423941254616,
          "z": 0.0008407069835811853
        },
        "scale": {
          "x": 1.0,
          "y": 1.0,
          "z": 1.0
        },
        "matrix_basis": [
          [
            0.9999827146530151,
            -0.002480628900229931,
            -0.005327729973942041,
            0.0
          ],
          [
            0.0008466032450087368,
            0.9578995108604431,
            -0.28710252046585083,
            0.0
          ],
          [
            0.005815624725073576,
            0.28709304332733154,
            0.9578850269317627,
            0.0
          ],
          [
            0.0,
            0.0,
            0.0,
            1.0
          ]
        ],
        "rotation_mode": "QUATERNION"
      },
      "armature_space": {
        "head": {
          "x": 0.6128489375114441,
          "y": -0.32247817516326904,
          "z": 0.48235389590263367
        },
        "tail": {
          "x": 0.6219616532325745,
          "y": -0.29981207847595215,
          "z": 0.5005226731300354
        }
      },
      "world_space": {
        "head": {
          "x": 0.6128489375114441,
          "y": -0.2592341899871826,
          "z": 1.4322079420089722
        },
        "tail": {
          "x": 0.6219616532325745,
          "y": -0.23656807839870453,
          "z": 1.4503767490386963
        },
        "rotation_quaternion": {
          "w": 0.7362601161003113,
          "x": 0.1532774120569229,
          "y": -0.5746035575866699,
          "z": -0.3228899836540222
        },
        "matrix": [
          [
            0.13114555180072784,
            0.29931771755218506,
            -0.9450976848602295,
            0.6128489375114441
          ],
          [
            -0.6516095399856567,
            0.7444955706596375,
            0.14536578953266144,
            -0.2592341899871826
          ],
          [
            0.7471362352371216,
            0.5967757701873779,
            0.2926778495311737,
            1.4322079420089722
          ],
          [
            0.0,
            0.0,
            0.0,
            1.0
          ]
        ]
      },
      "bone_length_armature_space": 0.03044499933905008,
      "parent": "thumb_02_l",
      "has_children": false,
      "is_end_bone": true
    },
    "metacarpal_index_l": {
      "name": "metacarpal_index_l",
      "local": {
        "location": {
          "x": 0.0,
          "y": 0.0,
          "z": 0.0
        },
        "rotation_quaternion": {
          "w": 0.9997953772544861,
          "x": -0.019480690360069275,
          "y": -0.0008214008994400501,
          "z": 0.005390186794102192
        },
        "scale": {
          "x": 1.0,
          "y": 1.0,
          "z": 1.0
        },
        "matrix_basis": [
          [
            0.9999405145645142,
            -0.010746165178716183,
            -0.0018524747574701905,
            0.0
          ],
          [
            0.010810170322656631,
            0.9991828799247742,
            0.0389445535838604,
            0.0
          ],
          [
            0.0014324565418064594,
            -0.038962263613939285,
            0.9992396831512451,
            0.0
          ],
          [
            0.0,
            0.0,
            0.0,
            1.0
          ]
        ],
        "rotation_mode": "QUATERNION"
      },
      "armature_space": {
        "head": {
          "x": 0.555809736251831,
          "y": -0.26851874589920044,
          "z": 0.4635101556777954
        },
        "tail": {
          "x": 0.6306259632110596,
          "y": -0.3512573838233948,
          "z": 0.49937203526496887
        }
      },
      "world_space": {
        "head": {
          "x": 0.555809736251831,
          "y": -0.20527474582195282,
          "z": 1.4133641719818115
        },
        "tail": {
          "x": 0.6306259632110596,
          "y": -0.28801339864730835,
          "z": 1.4492260217666626
        },
        "rotation_quaternion": {
          "w": 0.31474196910858154,
          "x": 0.8032013773918152,
          "y": 0.21879635751247406,
          "z": -0.45599690079689026
        },
        "matrix": [
          [
            0.4883899688720703,
            0.6385179162025452,
            -0.5947855710983276,
            0.555809736251831
          ],
          [
            0.06443297863006592,
            -0.7061312794685364,
            -0.705143392086029,
            -0.20527474582195282
          ],
          [
            -0.8702495098114014,
            0.30606263875961304,
            -0.3860125243663788,
            1.4133641719818115
          ],
          [
            0.0,
            0.0,
            0.0,
            1.0
          ]
        ]
      },
      "bone_length_armature_space": 0.11717177474292571,
      "parent": "lowerarm_l",
      "has_children": true,
      "is_end_bone": false
    },
    "index_01_l": {
      "name": "index_01_l",
      "local": {
        "location": {
          "x": 0.0,
          "y": 0.0,
          "z": 0.0
        },
        "rotation_quaternion": {
          "w": 0.9466844201087952,
          "x": 0.32210591435432434,
          "y": 0.001586289145052433,
          "z": -0.005835275631397963
        },
        "scale": {
          "x": 1.0,
          "y": 1.0,
          "z": 1.0
        },
        "matrix_basis": [
          [
            0.9999268651008606,
            0.01207023486495018,
            -0.0007557231583632529,
            0.0
          ],
          [
            -0.010026423260569572,
            0.7924274802207947,
            -0.6098837852478027,
            0.0
          ],
          [
            -0.006762584205716848,
            0.6098467707633972,
            0.792490541934967,
            0.0
          ],
          [
            0.0,
            0.0,
            0.0,
            1.0
          ]
        ],
        "rotation_mode": "QUATERNION"
      },
      "armature_space": {
        "head": {
          "x": 0.6306259632110596,
          "y": -0.3512573838233948,
          "z": 0.49937203526496887
        },
        "tail": {
          "x": 0.6412770748138428,
          "y": -0.37693414092063904,
          "z": 0.4930216073989868
        }
      },
      "world_space": {
        "head": {
          "x": 0.6306259632110596,
          "y": -0.28801339864730835,
          "z": 1.4492260217666626
        },
        "tail": {
          "x": 0.6412770748138428,
          "y": -0.3136901259422302,
          "z": 1.442875623703003
        },
        "rotation_quaternion": {
          "w": 0.02122676931321621,
          "x": 0.7859774231910706,
          "y": 0.22205133736133575,
          "z": -0.5766127705574036
        },
        "matrix": [
          [
            0.2364213466644287,
            0.3735356628894806,
            -0.8969815373420715,
            0.6306259632110596
          ],
          [
            0.32457542419433594,
            -0.9004848003387451,
            -0.28944483399391174,
            -0.28801339864730835
          ],
          [
            -0.9158423542976379,
            -0.22270971536636353,
            -0.3341369926929474,
            1.4492260217666626
          ],
          [
            0.0,
            0.0,
            0.0,
            1.0
          ]
        ]
      },
      "bone_length_armature_space": 0.028514382221177942,
      "parent": "metacarpal_index_l",
      "has_children": true,
      "is_end_bone": false
    },
    "index_02_l": {
      "name": "index_02_l",
      "local": {
        "location": {
          "x": 0.0,
          "y": 0.0,
          "z": 0.0
        },
        "rotation_quaternion": {
          "w": 0.9070725440979004,
          "x": 0.4208109974861145,
          "y": -0.011683369986712933,
          "z": -0.0010617688531056046
        },
        "scale": {
          "x": 1.0,
          "y": 1.0,
          "z": 1.0
        },
        "matrix_basis": [
          [
            0.9997247457504272,
            -0.0079067787155509,
            -0.02208893559873104,
            0.0
          ],
          [
            -0.011759184300899506,
            0.6458339691162109,
            -0.7633873820304871,
            0.0
          ],
          [
            0.02030172012746334,
            0.763437032699585,
            0.6455631852149963,
            0.0
          ],
          [
            0.0,
            0.0,
            0.0,
            1.0
          ]
        ],
        "rotation_mode": "QUATERNION"
      },
      "armature_space": {
        "head": {
          "x": 0.6412768959999084,
          "y": -0.37693464756011963,
          "z": 0.4930216073989868
        },
        "tail": {
          "x": 0.6305091381072998,
          "y": -0.3982809782028198,
          "z": 0.483722060918808
        }
      },
      "world_space": {
        "head": {
          "x": 0.6412768959999084,
          "y": -0.3136906623840332,
          "z": 1.442875623703003
        },
        "tail": {
          "x": 0.6305091381072998,
          "y": -0.3350369930267334,
          "z": 1.4335761070251465
        },
        "rotation_quaternion": {
          "w": 0.2880987823009491,
          "x": -0.6988716721534729,
          "y": 0.03072330541908741,
          "z": 0.6539369821548462
        },
        "matrix": [
          [
            0.14284518361091614,
            -0.4197428822517395,
            -0.8963319659233093,
            0.6412768959999084
          ],
          [
            0.3338533341884613,
            -0.8321093916893005,
            0.4428730010986328,
            -0.3136906623840332
          ],
          [
            -0.931745171546936,
            -0.362509161233902,
            0.02127031981945038,
            1.442875623703003
          ],
          [
            0.0,
            0.0,
            0.0,
            1.0
          ]
        ]
      },
      "bone_length_armature_space": 0.025653304197272287,
      "parent": "index_01_l",
      "has_children": true,
      "is_end_bone": false
    },
    "index_03_l": {
      "name": "index_03_l",
      "local": {
        "location": {
          "x": 0.0,
          "y": 0.0,
          "z": 0.0
        },
        "rotation_quaternion": {
          "w": 0.9394411444664001,
          "x": 0.34258681535720825,
          "y": -0.00770183838903904,
          "z": -0.00503399595618248
        },
        "scale": {
          "x": 1.0,
          "y": 1.0,
          "z": 1.0
        },
        "matrix_basis": [
          [
            0.9998306632041931,
            0.004181189462542534,
            -0.017920009791851044,
            0.0
          ],
          [
            -0.014735382050275803,
            0.7652178406715393,
            -0.643602728843689,
            0.0
          ],
          [
            0.011021686717867851,
            0.6437578201293945,
            0.7651498913764954,
            0.0
          ],
          [
            0.0,
            0.0,
            0.0,
            1.0
          ]
        ],
        "rotation_mode": "QUATERNION"
      },
      "armature_space": {
        "head": {
          "x": 0.6305092573165894,
          "y": -0.3982810378074646,
          "z": 0.48372209072113037
        },
        "tail": {
          "x": 0.6039330363273621,
          "y": -0.40497061610221863,
          "z": 0.4735887050628662
        }
      },
      "world_space": {
        "head": {
          "x": 0.6305092573165894,
          "y": -0.3350370526313782,
          "z": 1.4335761070251465
        },
        "tail": {
          "x": 0.6039330363273621,
          "y": -0.3417266011238098,
          "z": 1.4234427213668823
        },
        "rotation_quaternion": {
          "w": 0.5719837546348572,
          "x": -0.5422486662864685,
          "y": 0.2415805459022522,
          "z": 0.566074013710022
        },
        "matrix": [
          [
            0.2423955649137497,
            -0.9095635414123535,
            -0.3375473618507385,
            0.6305092573165894
          ],
          [
            0.3855789303779602,
            -0.2289489507675171,
            0.8938186764717102,
            -0.3350370526313782
          ],
          [
            -0.8902718424797058,
            -0.34681159257888794,
            0.2952154278755188,
            1.4335761070251465
          ],
          [
            0.0,
            0.0,
            0.0,
            1.0
          ]
        ]
      },
      "bone_length_armature_space": 0.02921868410252851,
      "parent": "index_02_l",
      "has_children": false,
      "is_end_bone": true
    },
    "metacarpal_pinky_l": {
      "name": "metacarpal_pinky_l",
      "local": {
        "location": {
          "x": 0.0,
          "y": 0.0,
          "z": 0.0
        },
        "rotation_quaternion": {
          "w": 0.9989022016525269,
          "x": 0.043281421065330505,
          "y": 0.017639173194766045,
          "z": 0.0031950536649674177
        },
        "scale": {
          "x": 1.0,
          "y": 1.0,
          "z": 1.0
        },
        "matrix_basis": [
          [
            0.999357283115387,
            -0.00485619530081749,
            0.03551619127392769,
            0.0
          ],
          [
            0.007909988984465599,
            0.9962330460548401,
            -0.08635509759187698,
            0.0
          ],
          [
            -0.03496304526925087,
            0.08658052980899811,
            0.9956311583518982,
            0.0
          ],
          [
            0.0,
            0.0,
            0.0,
            1.0
          ]
        ],
        "rotation_mode": "QUATERNION"
      },
      "armature_space": {
        "head": {
          "x": 0.555809736251831,
          "y": -0.26851874589920044,
          "z": 0.4635101556777954
        },
        "tail": {
          "x": 0.6555274724960327,
          "y": -0.29777783155441284,
          "z": 0.4701053500175476
        }
      },
      "world_space": {
        "head": {
          "x": 0.555809736251831,
          "y": -0.20527474582195282,
          "z": 1.4133641719818115
        },
        "tail": {
          "x": 0.6555274724960327,
          "y": -0.23453383147716522,
          "z": 1.419959306716919
        },
        "rotation_quaternion": {
          "w": 0.588222324848175,
          "x": -0.10294555872678757,
          "y": -0.11619856208562851,
          "z": -0.7936590909957886
        },
        "matrix": [
          [
            -0.2867932617664337,
            0.9576202034950256,
            0.02670496702194214,
            0.555809736251831
          ],
          [
            -0.9097716808319092,
            -0.28098419308662415,
            0.3055543601512909,
            -0.20527474582195282
          ],
          [
            0.30010995268821716,
            0.06333573907613754,
            0.9518071413040161,
            1.4133641719818115
          ],
          [
            0.0,
            0.0,
            0.0,
            1.0
          ]
        ]
      },
      "bone_length_armature_space": 0.10413077128940981,
      "parent": "lowerarm_l",
      "has_children": true,
      "is_end_bone": false
    },
    "pinky_01_l": {
      "name": "pinky_01_l",
      "local": {
        "location": {
          "x": 0.0,
          "y": 0.0,
          "z": 0.0
        },
        "rotation_quaternion": {
          "w": 0.9467558860778809,
          "x": 0.3216993808746338,
          "y": -0.012745102867484093,
          "z": 0.0005523119471035898
        },
        "scale": {
          "x": 1.0,
          "y": 1.0,
          "z": 1.0
        },
        "matrix_basis": [
          [
            0.9996744990348816,
            -0.00924599263817072,
            -0.023777645081281662,
            0.0
          ],
          [
            -0.00715437438338995,
            0.7930184006690979,
            -0.6091556549072266,
            0.0
          ],
          [
            0.024488359689712524,
            0.6091274619102478,
            0.7926941514015198,
            0.0
          ],
          [
            0.0,
            0.0,
            0.0,
            1.0
          ]
        ],
        "rotation_mode": "QUATERNION"
      },
      "armature_space": {
        "head": {
          "x": 0.6555274724960327,
          "y": -0.29777783155441284,
          "z": 0.4701053500175476
        },
        "tail": {
