{
  "metadata": {
    "armature_name": "KIM_caucasian_male",
    "export_time": "2026-01-13T21:00:59.034401",
    "blender_version": "4.4.1",
    "bone_count": 56,
    "end_bone_count": 13,
    "spaces_included": [
      "LOCAL_CHANNELS",
      "ARMATURE_SPACE",
      "WORLD_SPACE"
    ],
    "note": "LOCAL matches Transform panel; replay pose via local.matrix_basis for best fidelity."
  },
  "bones": {
    "Root": {
      "name": "Root",
      "local": {
        "location": {
          "x": 0.0,
          "y": 0.0,
          "z": 0.0
        },
        "rotation_quaternion": {
          "w": 0.9997624158859253,
          "x": 0.014024182222783566,
          "y": 0.015855206176638603,
          "z": 0.005209099967032671
        },
        "scale": {
          "x": 1.0,
          "y": 1.0,
          "z": 1.0
        },
        "matrix_basis": [
          [
            0.9994429349899292,
            -0.009971012361347675,
            0.03184898570179939,
            0.0
          ],
          [
            0.010860437527298927,
            0.9995523691177368,
            -0.027876518666744232,
            0.0
          ],
          [
            -0.03155677020549774,
            0.028206882998347282,
            0.999103844165802,
            0.0
          ],
          [
            0.0,
            0.0,
            0.0,
            1.0
          ]
        ],
        "rotation_mode": "QUATERNION"
      },
      "armature_space": {
        "head": {
          "x": 0.0,
          "y": 0.07072800397872925,
          "z": -0.009595036506652832
        },
        "tail": {
          "x": -0.0007116897031664848,
          "y": -0.0002389848232269287,
          "z": -0.0019993260502815247
        }
      },
      "world_space": {
        "head": {
          "x": 0.0,
          "y": 0.13397200405597687,
          "z": 0.9402589797973633
        },
        "tail": {
          "x": -0.0007116897031664848,
          "y": 0.06300501525402069,
          "z": 0.9478546977043152
        },
        "rotation_quaternion": {
          "w": 0.053359322249889374,
          "x": 0.998435914516449,
          "y": -0.004129134584218264,
          "z": 0.016170114278793335
        },
        "matrix": [
          [
            0.9994429349899292,
            -0.009971012361347675,
            0.03184898570179939,
            0.0
          ],
          [
            -0.00651969201862812,
            -0.994271457195282,
            -0.10668572783470154,
            0.13397200405597687
          ],
          [
            0.03273051977157593,
            0.10641846805810928,
            -0.993789553642273,
            0.9402589797973633
          ],
          [
            0.0,
            0.0,
            0.0,
            1.0
          ]
        ]
      },
      "bone_length_armature_space": 0.07137587038592944,
      "parent": null,
      "has_children": true,
      "is_end_bone": false
    },
    "spine_01": {
      "name": "spine_01",
      "local": {
        "location": {
          "x": 0.0,
          "y": 0.0,
          "z": 0.0
        },
        "rotation_quaternion": {
          "w": 0.9969339370727539,
          "x": -0.05234460532665253,
          "y": 0.013761332258582115,
          "z": -0.056509923189878464
        },
        "scale": {
          "x": 1.0,
          "y": 1.0,
          "z": 1.0
        },
        "matrix_basis": [
          [
            0.9932345151901245,
            0.11123266071081161,
            0.0333542563021183,
            0.0
          ],
          [
            -0.11411398649215698,
            0.9881333708763123,
            0.10281292349100113,
            0.0
          ],
          [
            -0.021522298455238342,
            -0.10592353343963623,
            0.9941413402557373,
            0.0
          ],
          [
            0.0,
            0.0,
            0.0,
            1.0
          ]
        ],
        "rotation_mode": "QUATERNION"
      },
      "armature_space": {
        "head": {
          "x": -0.0007116897031664848,
          "y": -0.0002389848232269287,
          "z": -0.0019993260502815247
        },
        "tail": {
          "x": 0.038186997175216675,
          "y": 0.060156699270009995,
          "z": 0.4806887209415436
        }
      },
      "world_space": {
        "head": {
          "x": -0.0007116897031664848,
          "y": 0.06300501525402069,
          "z": 0.9478546977043152
        },
        "tail": {
          "x": 0.038186997175216675,
          "y": 0.12340070307254791,
          "z": 1.4305427074432373
        },
        "rotation_quaternion": {
          "w": 0.7487694025039673,
          "x": 0.6615300178527832,
          "y": 0.034997303038835526,
          "z": -0.022307729348540306
        },
        "matrix": [
          [
            0.9965550899505615,
            0.0797102227807045,
            0.02289484068751335,
            -0.0007116897031664848
          ],
          [
            0.012896294705569744,
            0.12376133352518082,
            -0.9922283291816711,
            0.06300501525402069
          ],
          [
            -0.08192479610443115,
            0.989112377166748,
            0.12230696529150009,
            0.9478546977043152
          ],
          [
            0.0,
            0.0,
            0.0,
            1.0
          ]
        ]
      },
      "bone_length_armature_space": 0.48800460369408155,
      "parent": "Root",
      "has_children": true,
      "is_end_bone": false
    },
    "neck_01": {
      "name": "neck_01",
      "local": {
        "location": {
          "x": 0.0,
          "y": 0.0,
          "z": 0.0
        },
        "rotation_quaternion": {
          "w": 0.9897586107254028,
          "x": 0.023566067218780518,
          "y": 0.013569860719144344,
          "z": 0.14013764262199402
        },
        "scale": {
          "x": 1.0,
          "y": 1.0,
          "z": 1.0
        },
        "matrix_basis": [
          [
            0.9603546261787415,
            -0.27676528692245483,
            0.03346676006913185,
            0.0
          ],
          [
            0.2780444622039795,
            0.9596121907234192,
            -0.04284613952040672,
            0.0
          ],
          [
            -0.020256787538528442,
            0.05045273154973984,
            0.9985209703445435,
            0.0
          ],
          [
            0.0,
            0.0,
            0.0,
            1.0
          ]
        ],
        "rotation_mode": "QUATERNION"
      },
      "armature_space": {
        "head": {
          "x": 0.04481726139783859,
          "y": 0.03480739891529083,
          "z": 0.5573516488075256
        },
        "tail": {
          "x": 0.024594787508249283,
          "y": 0.00367681123316288,
          "z": 0.6529167294502258
        }
      },
      "world_space": {
        "head": {
          "x": 0.04481726139783859,
          "y": 0.09805139899253845,
          "z": 1.5072057247161865
        },
        "tail": {
          "x": 0.024594787508249283,
          "y": 0.06692080944776535,
          "z": 1.6027708053588867
        },
        "rotation_quaternion": {
          "w": 0.5853365659713745,
          "x": 0.8046524524688721,
          "y": -0.0745391845703125,
          "z": 0.06602608412504196
        },
        "matrix": [
          [
            0.980168879032135,
            -0.1972513645887375,
            0.018994037061929703,
            0.04481726139783859
          ],
          [
            -0.042662329971790314,
            -0.3036498427391052,
            -0.9518283605575562,
            0.09805139899253845
          ],
          [
            0.1935182362794876,
            0.9321482181549072,
            -0.3060462474822998,
            1.5072057247161865
          ],
          [
            0.0,
            0.0,
            0.0,
            1.0
          ]
        ]
      },
      "bone_length_armature_space": 0.10252193012617745,
      "parent": "spine_01",
      "has_children": true,
      "is_end_bone": false
    },
    "head": {
      "name": "head",
      "local": {
        "location": {
          "x": 0.0,
          "y": 0.0,
          "z": 0.0
        },
        "rotation_quaternion": {
          "w": 0.9697797298431396,
          "x": 0.10134384781122208,
          "y": -0.08858299255371094,
          "z": -0.20349431037902832
        },
        "scale": {
          "x": 1.0,
          "y": 1.0,
          "z": 1.0
        },
        "matrix_basis": [
          [
            0.9014862179756165,
            0.3767346441745758,
            -0.2130577713251114,
            0.0
          ],
          [
            -0.41264399886131287,
            0.8966389894485474,
            -0.16051015257835388,
            0.0
          ],
          [
            0.13056619465351105,
            0.2326146960258484,
            0.9637649655342102,
            0.0
          ],
          [
            0.0,
            0.0,
            0.0,
            1.0
          ]
        ],
        "rotation_mode": "QUATERNION"
      },
      "armature_space": {
        "head": {
          "x": 0.024594806134700775,
          "y": 0.0036766845732927322,
          "z": 0.6529166102409363
        },
        "tail": {
          "x": 0.0531916543841362,
          "y": -0.026478249579668045,
          "z": 0.8023360967636108
        }
      },
      "world_space": {
        "head": {
          "x": 0.024594806134700775,
          "y": 0.0669206827878952,
          "z": 1.6027705669403076
        },
        "tail": {
          "x": 0.0531916543841362,
          "y": 0.036765750497579575,
          "z": 1.752190113067627
        },
        "rotation_quaternion": {
          "w": 0.6346390247344971,
          "x": 0.758093535900116,
          "y": -0.003991622012108564,
          "z": -0.150038480758667
        },
        "matrix": [
          [
            0.9549453854560852,
            0.18438848853111267,
            -0.23255163431167603,
            0.024594806134700775
          ],
          [
            -0.19649145007133484,
            -0.19443479180335999,
            -0.9610342383384705,
            0.0669206827878952
          ],
          [
            -0.22242148220539093,
            0.9634360671043396,
            -0.14944569766521454,
            1.6027705669403076
          ],
          [
            0.0,
            0.0,
            0.0,
            1.0
          ]
        ]
      },
      "bone_length_armature_space": 0.15509120669938348,
      "parent": "neck_01",
      "has_children": false,
      "is_end_bone": true
    },
    "upperarm_l": {
      "name": "upperarm_l",
      "local": {
        "location": {
          "x": 0.0,
          "y": 0.0,
          "z": 0.0
        },
        "rotation_quaternion": {
          "w": 0.9877533316612244,
          "x": -0.11362769454717636,
          "y": 0.09474623948335648,
          "z": -0.04955071955919266
        },
        "scale": {
          "x": 1.0,
          "y": 1.0,
          "z": 1.0
        },
        "matrix_basis": [
          [
            0.9771357774734497,
            0.0763561800122261,
            0.19843249022960663,
            0.0
          ],
          [
            -0.11941937357187271,
            0.969266951084137,
            0.2150827795267105,
            0.0
          ],
          [
            -0.17591115832328796,
            -0.2338617593050003,
            0.9562237858772278,
            0.0
          ],
          [
            0.0,
            0.0,
            0.0,
            1.0
          ]
        ],
        "rotation_mode": "QUATERNION"
      },
      "armature_space": {
        "head": {
          "x": 0.1890164017677307,
          "y": 0.025259777903556824,
          "z": 0.4789769947528839
        },
        "tail": {
          "x": 0.4410801827907562,
          "y": 0.09821553528308868,
          "z": 0.4246726632118225
        }
      },
      "world_space": {
        "head": {
          "x": 0.1890164017677307,
          "y": 0.08850377798080444,
          "z": 1.4288309812545776
        },
        "tail": {
          "x": 0.4410801827907562,
          "y": 0.1614595353603363,
          "z": 1.3745267391204834
        },
        "rotation_quaternion": {
          "w": 0.4778255224227905,
          "x": 0.39603978395462036,
          "y": 0.6385998129844666,
          "z": -0.45500051975250244
        },
        "matrix": [
          [
            -0.2296699583530426,
            0.940643846988678,
            0.24988189339637756,
            0.1890164017677307
          ],
          [
            0.07100085914134979,
            0.27225401997566223,
            -0.9596024751663208,
            0.08850377798080444
          ],
          [
            -0.9706820845603943,
            -0.2026512175798416,
            -0.12931683659553528,
            1.4288309812545776
          ],
          [
            0.0,
            0.0,
            0.0,
            1.0
          ]
        ]
      },
      "bone_length_armature_space": 0.2679695043713097,
      "parent": "spine_01",
      "has_children": true,
      "is_end_bone": false
    },
    "lowerarm_l": {
      "name": "lowerarm_l",
      "local": {
        "location": {
          "x": 0.0,
          "y": 0.0,
          "z": 0.0
        },
        "rotation_quaternion": {
          "w": 0.993928074836731,
          "x": 0.08275578171014786,
          "y": -0.053639017045497894,
          "z": -0.04879915714263916
        },
        "scale": {
          "x": 1.0,
          "y": 1.0,
          "z": 1.0
        },
        "matrix_basis": [
          [
            0.9894829988479614,
            0.08812782913446426,
            -0.1147034764289856,
            0.0
          ],
          [
            -0.10588358342647552,
            0.9815402626991272,
            -0.1592715084552765,
            0.0
          ],
          [
            0.09854982793331146,
            0.1697416603565216,
            0.9805486798286438,
            0.0
          ],
          [
            0.0,
            0.0,
            0.0,
            1.0
          ]
        ],
        "rotation_mode": "QUATERNION"
      },
      "armature_space": {
        "head": {
          "x": 0.44108033180236816,
          "y": 0.0982155054807663,
          "z": 0.4246727526187897
        },
        "tail": {
          "x": 0.7016205191612244,
          "y": 0.09255410730838776,
          "z": 0.36420661211013794
        }
      },
      "world_space": {
        "head": {
          "x": 0.44108033180236816,
          "y": 0.16145950555801392,
          "z": 1.3745267391204834
        },
        "tail": {
          "x": 0.7016205191612244,
          "y": 0.15579810738563538,
          "z": 1.3140606880187988
        },
        "rotation_quaternion": {
          "w": 0.47935792803764343,
          "x": 0.396282821893692,
          "y": 0.5095441341400146,
          "z": -0.5945929288864136
        },
        "matrix": [
          [
            -0.2263512760400772,
            0.973892867565155,
            0.017253920435905457,
            0.44108033180236816
          ],
          [
            -0.16620033979415894,
            -0.021162167191505432,
            -0.98586505651474,
            0.16145950555801392
          ],
          [
            -0.959768533706665,
            -0.22602099180221558,
            0.1666516810655594,
            1.3745267391204834
          ],
          [
            0.0,
            0.0,
            0.0,
            1.0
          ]
        ]
      },
      "bone_length_armature_space": 0.26752456849704676,
      "parent": "upperarm_l",
      "has_children": true,
      "is_end_bone": false
    },
    "metacarpal_thumb_l": {
      "name": "metacarpal_thumb_l",
      "local": {
        "location": {
          "x": 0.0,
          "y": 0.0,
          "z": 0.0
        },
        "rotation_quaternion": {
          "w": 0.9992675185203552,
          "x": -0.031134365126490593,
          "y": 0.020935066044330597,
          "z": -0.0075401002541184425
        },
        "scale": {
          "x": 1.0,
          "y": 1.0,
          "z": 1.0
        },
        "matrix_basis": [
          [
            0.9990097284317017,
            0.013765554875135422,
            0.042308975011110306,
            0.0
          ],
          [
            -0.01637275516986847,
            0.9979475736618042,
            0.061907414346933365,
            0.0
          ],
          [
            -0.041369952261447906,
            -0.06253882497549057,
            0.9971847534179688,
            0.0
          ],
          [
            0.0,
            0.0,
            0.0,
            1.0
          ]
        ],
        "rotation_mode": "QUATERNION"
      },
      "armature_space": {
        "head": {
          "x": 0.7016205191612244,
          "y": 0.09255410730838776,
          "z": 0.36420661211013794
        },
        "tail": {
          "x": 0.7396446466445923,
          "y": 0.06243612617254257,
          "z": 0.35417383909225464
        }
      },
      "world_space": {
        "head": {
          "x": 0.7016205191612244,
          "y": 0.15579810738563538,
          "z": 1.3140606880187988
        },
        "tail": {
          "x": 0.7396446466445923,
          "y": 0.1256801187992096,
          "z": 1.304027795791626
        },
        "rotation_quaternion": {
          "w": 0.025371748954057693,
          "x": -0.8786830306053162,
          "y": -0.4419739544391632,
          "z": 0.17869430780410767
        },
        "matrix": [
          [
            0.5454543828964233,
            0.7676425576210022,
            -0.33645832538604736,
            0.7016205191612244
          ],
          [
            0.7857775092124939,
            -0.6080304980278015,
            -0.11337053775787354,
            0.15579810738563538
          ],
          [
            -0.2916063368320465,
            -0.20254476368427277,
            -0.9348556399345398,
            1.3140606880187988
          ],
          [
            0.0,
            0.0,
            0.0,
            1.0
          ]
        ]
      },
      "bone_length_armature_space": 0.0495336611909251,
      "parent": "lowerarm_l",
      "has_children": true,
      "is_end_bone": false
    },
    "thumb_01_l": {
      "name": "thumb_01_l",
      "local": {
        "location": {
          "x": 0.0,
          "y": 0.0,
          "z": 0.0
        },
        "rotation_quaternion": {
          "w": 0.9832237958908081,
          "x": 0.18135158717632294,
          "y": 0.003965404815971851,
          "z": -0.019154630601406097
        },
        "scale": {
          "x": 1.0,
          "y": 1.0,
          "z": 1.0
        },
        "matrix_basis": [
          [
            0.9992347359657288,
            0.03910484164953232,
            0.0008503154385834932,
            0.0
          ],
          [
            -0.03622831404209137,
            0.9334893822669983,
            -0.3567703068256378,
            0.0
          ],
          [
            -0.014745205640792847,
            0.35646647214889526,
            0.9341917634010315,
            0.0
          ],
          [
            0.0,
            0.0,
            0.0,
            1.0
          ]
        ],
        "rotation_mode": "QUATERNION"
      },
      "armature_space": {
        "head": {
          "x": 0.7396446466445923,
          "y": 0.06243612617254257,
          "z": 0.35417383909225464
        },
        "tail": {
          "x": 0.7537708878517151,
          "y": 0.052208177745342255,
          "z": 0.324942409992218
        }
      },
      "world_space": {
        "head": {
          "x": 0.7396446466445923,
          "y": 0.1256801187992096,
          "z": 1.304027795791626
        },
        "tail": {
          "x": 0.7537708878517151,
          "y": 0.11545217782258987,
          "z": 1.274796485900879
        },
        "rotation_quaternion": {
          "w": 0.5912153124809265,
          "x": -0.7346997261047363,
          "y": -0.014990291558206081,
          "z": -0.3323494791984558
        },
        "matrix": [
          [
            0.7786392569541931,
            0.41500622034072876,
            0.4706277847290039,
            0.7396446466445923
          ],
          [
            -0.3709510266780853,
            -0.30048105120658875,
            0.878696084022522,
            0.1256801187992096
          ],
          [
            0.5060821771621704,
            -0.8587733507156372,
            -0.08001914620399475,
            1.304027795791626
          ],
          [
            0.0,
            0.0,
            0.0,
            1.0
          ]
        ]
      },
      "bone_length_armature_space": 0.03403877338168196,
      "parent": "metacarpal_thumb_l",
      "has_children": true,
      "is_end_bone": false
    },
    "thumb_02_l": {
      "name": "thumb_02_l",
      "local": {
        "location": {
          "x": 0.0,
          "y": 0.0,
          "z": 0.0
        },
        "rotation_quaternion": {
          "w": 0.9378077983856201,
          "x": 0.34691306948661804,
          "y": -0.012839877977967262,
          "z": 0.0017974841175600886
        },
        "scale": {
          "x": 1.0,
          "y": 1.0,
          "z": 1.0
        },
        "matrix_basis": [
          [
            0.9996638298034668,
            -0.01228003203868866,
            -0.022835534065961838,
            0.0
          ],
          [
            -0.005537253804504871,
            0.759296178817749,
            -0.6507217288017273,
            0.0
          ],
          [
            0.025329817086458206,
            0.6506294012069702,
            0.7589729428291321,
            0.0
          ],
          [
            0.0,
            0.0,
            0.0,
            1.0
          ]
        ],
        "rotation_mode": "QUATERNION"
      },
      "armature_space": {
        "head": {
          "x": 0.7537708282470703,
          "y": 0.052208155393600464,
          "z": 0.324942409992218
        },
        "tail": {
          "x": 0.7847808599472046,
          "y": 0.07092013955116272,
          "z": 0.342303991317749
        }
      },
      "world_space": {
        "head": {
          "x": 0.7537708282470703,
          "y": 0.11545215547084808,
          "z": 1.274796485900879
        },
        "tail": {
          "x": 0.7847808599472046,
          "y": 0.13416413962841034,
          "z": 1.2921580076217651
        },
        "rotation_quaternion": {
          "w": 0.7738362550735474,
          "x": 0.03530013561248779,
          "y": -0.36622461676597595,
          "z": -0.5155684351921082
        },
        "matrix": [
          [
            0.2001354992389679,
            0.7720772624015808,
            -0.6031935811042786,
            0.7537708282470703
          ],
          [
            -0.8237866759300232,
            0.46588486433029175,
            0.3229973614215851,
            0.11545215547084808
          ],
          [
            0.5304005146026611,
            0.4322628378868103,
            0.7292722463607788,
            1.274796485900879
          ],
          [
            0.0,
            0.0,
            0.0,
            1.0
          ]
        ]
      },
      "bone_length_armature_space": 0.04016447307006834,
      "parent": "thumb_01_l",
      "has_children": true,
      "is_end_bone": false
    },
    "thumb_03_l": {
      "name": "thumb_03_l",
      "local": {
        "location": {
          "x": 0.0,
          "y": 0.0,
          "z": 0.0
        },
        "rotation_quaternion": {
          "w": 0.9828592538833618,
          "x": 0.18419711291790009,
          "y": 0.0065065715461969376,
          "z": 0.004113882780075073
        },
        "scale": {
          "x": 1.0,
          "y": 1.0,
          "z": 1.0
        },
        "matrix_basis": [
          [
            0.9998815059661865,
            -0.005689752288162708,
            0.014305618591606617,
            0.0
          ],
          [
            0.01048371847718954,
            0.932108998298645,
            -0.3620261251926422,
            0.0
          ],
          [
            -0.011274557560682297,
            0.3621332049369812,
            0.9320581555366516,
            0.0
          ],
          [
            0.0,
            0.0,
            0.0,
            1.0
          ]
        ],
        "rotation_mode": "QUATERNION"
      },
      "armature_space": {
        "head": {
          "x": 0.7847808599472046,
          "y": 0.07092005759477615,
          "z": 0.34230393171310425
        },
        "tail": {
          "x": 0.7931448817253113,
          "y": 0.08856646716594696,
          "z": 0.3656608760356903
        }
      },
      "world_space": {
        "head": {
          "x": 0.7847808599472046,
          "y": 0.13416406512260437,
          "z": 1.2921578884124756
        },
        "tail": {
          "x": 0.7931448817253113,
          "y": 0.15181046724319458,
          "z": 1.3155149221420288
        },
        "rotation_quaternion": {
          "w": 0.8233564496040344,
          "x": 0.34170839190483093,
          "y": -0.334504097700119,
          "z": -0.30565762519836426
        },
        "matrix": [
          [
            0.5893604159355164,
            0.27472585439682007,
            -0.7597237229347229,
            0.7847808599472046
          ],
          [
            -0.7319364547729492,
            0.5796180963516235,
            -0.35820716619491577,
            0.13416406512260437
          ],
          [
            0.3419424593448639,
            0.7671881914138794,
            0.5426892042160034,
            1.2921578884124756
          ],
          [
            0.0,
            0.0,
            0.0,
            1.0
          ]
        ]
      },
      "bone_length_armature_space": 0.030445023357229345,
      "parent": "thumb_02_l",
      "has_children": false,
      "is_end_bone": true
    },
    "metacarpal_index_l": {
      "name": "metacarpal_index_l",
      "local": {
        "location": {
          "x": 0.0,
          "y": 0.0,
          "z": 0.0
        },
        "rotation_quaternion": {
          "w": 0.9981908202171326,
          "x": -0.05591602250933647,
          "y": 0.015754688531160355,
          "z": 0.015504087321460247
        },
        "scale": {
          "x": 1.0,
          "y": 1.0,
          "z": 1.0
        },
        "matrix_basis": [
          [
            0.9990228414535522,
            -0.03271395340561867,
            0.029718516394495964,
            0.0
          ],
          [
            0.029190195724368095,
            0.9932660460472107,
            0.11211824417114258,
            0.0
          ],
          [
            -0.03318622335791588,
            -0.11114119738340378,
            0.9932503700256348,
            0.0
          ],
          [
            0.0,
            0.0,
            0.0,
            1.0
          ]
        ],
        "rotation_mode": "QUATERNION"
      },
      "armature_space": {
        "head": {
          "x": 0.7016205191612244,
          "y": 0.09255410730838776,
          "z": 0.36420661211013794
        },
        "tail": {
          "x": 0.8134539723396301,
          "y": 0.06034095212817192,
          "z": 0.35061198472976685
        }
      },
      "world_space": {
        "head": {
          "x": 0.7016205191612244,
          "y": 0.15579810738563538,
          "z": 1.3140606880187988
        },
        "tail": {
          "x": 0.8134539723396301,
          "y": 0.12358495593070984,
          "z": 1.3004660606384277
        },
        "rotation_quaternion": {
          "w": 0.1960664689540863,
          "x": 0.7180061936378479,
          "y": 0.5692936182022095,
          "z": -0.3491846024990082
        },
        "matrix": [
          [
            0.1079481914639473,
            0.9544403553009033,
            -0.27819180488586426,
            0.7016205191612244
          ],
          [
            0.680585503578186,
            -0.27492257952690125,
            -0.6791327595710754,
            0.15579810738563538
          ],
          [
            -0.724677324295044,
            -0.11602321267127991,
            -0.6792609691619873,
            1.3140606880187988
          ],
          [
            0.0,
            0.0,
            0.0,
            1.0
          ]
        ]
      },
      "bone_length_armature_space": 0.11717176642199384,
      "parent": "lowerarm_l",
      "has_children": true,
      "is_end_bone": false
    },
    "index_01_l": {
      "name": "index_01_l",
      "local": {
        "location": {
          "x": 0.0,
          "y": 0.0,
          "z": 0.0
        },
        "rotation_quaternion": {
          "w": 0.9690266251564026,
          "x": 0.24637004733085632,
          "y": -0.016276689246296883,
          "z": 0.00494710449129343
        },
        "scale": {
          "x": 1.0,
          "y": 1.0,
          "z": 1.0
        },
        "matrix_basis": [
          [
            0.9994211792945862,
            -0.017607929185032845,
            -0.029107453301548958,
            0.0
          ],
          [
            0.0015675745671615005,
            0.87855464220047,
            -0.4776393175125122,
            0.0
          ],
          [
            0.03398272767663002,
            0.477317214012146,
            0.8780737519264221,
            0.0
          ],
          [
            0.0,
            0.0,
            0.0,
            1.0
          ]
        ],
        "rotation_mode": "QUATERNION"
      },
      "armature_space": {
        "head": {
          "x": 0.8134539723396301,
          "y": 0.06034095212817192,
          "z": 0.35061198472976685
        },
        "tail": {
          "x": 0.8355543613433838,
          "y": 0.05260496959090233,
          "z": 0.33433932065963745
        }
      },
      "world_space": {
        "head": {
          "x": 0.8134539723396301,
          "y": 0.12358495593070984,
          "z": 1.3004660606384277
        },
        "tail": {
          "x": 0.8355543613433838,
          "y": 0.11584897339344025,
          "z": 1.2841932773590088
        },
        "rotation_quaternion": {
          "w": 0.02845667488873005,
          "x": 0.6190183758735657,
          "y": 0.6029409766197205,
          "z": -0.50246262550354
        },
        "matrix": [
          [
            -0.2320157289505005,
            0.775061845779419,
            -0.587748110294342,
            0.8134539723396301
          ],
          [
            0.7178651690483093,
            -0.2713012099266052,
            -0.6411440968513489,
            0.12358495593070984
          ],
          [
            -0.6563869714736938,
            -0.570683479309082,
            -0.4934476613998413,
            1.3004660606384277
          ],
          [
            0.0,
            0.0,
            0.0,
            1.0
          ]
        ]
      },
      "bone_length_armature_space": 0.02851442094289422,
      "parent": "metacarpal_index_l",
      "has_children": true,
      "is_end_bone": false
    },
    "index_02_l": {
      "name": "index_02_l",
      "local": {
        "location": {
          "x": 0.0,
          "y": 0.0,
          "z": 0.0
        },
        "rotation_quaternion": {
          "w": 0.920615017414093,
          "x": 0.39030158519744873,
          "y": 0.00513418298214674,
          "z": 0.010312329977750778
        },
        "scale": {
          "x": 1.0,
          "y": 1.0,
          "z": 1.0
        },
        "matrix_basis": [
          [
            0.9997345805168152,
            -0.014979612082242966,
            0.017503049224615097,
            0.0
          ],
          [
            0.022995131090283394,
            0.6951166391372681,
            -0.7185291051864624,
            0.0
          ],
          [
            -0.0014033744810149074,
            0.7187408804893494,
            0.6952766180038452,
            0.0
          ],
          [
            0.0,
            0.0,
            0.0,
            1.0
          ]
        ],
        "rotation_mode": "QUATERNION"
      },
      "armature_space": {
        "head": {
          "x": 0.8355545401573181,
          "y": 0.05260448902845383,
          "z": 0.33433908224105835
        },
        "tail": {
          "x": 0.8396990299224854,
          "y": 0.0354732945561409,
          "z": 0.3156993091106415
        }
      },
      "world_space": {
        "head": {
          "x": 0.8355545401573181,
          "y": 0.11584848910570145,
          "z": 1.2841930389404297
        },
        "tail": {
          "x": 0.8396990299224854,
          "y": 0.09871729463338852,
          "z": 1.26555335521698
        },
        "rotation_quaternion": {
          "w": 0.18162009119987488,
          "x": -0.5746781826019287,
          "y": -0.36485055088996887,
          "z": 0.7096782326698303
        },
        "matrix": [
          [
            -0.2735198736190796,
            0.1615568995475769,
            -0.948201596736908,
            0.8355545401573181
          ],
          [
            0.6771263480186462,
            -0.6677977442741394,
            -0.3091060519218445,
            0.11584848910570145
          ],
          [
            -0.6831491589546204,
            -0.7266044616699219,
            0.07326167821884155,
            1.2841930389404297
          ],
          [
            0.0,
            0.0,
            0.0,
            1.0
          ]
        ]
      },
      "bone_length_armature_space": 0.0256533771955462,
      "parent": "index_01_l",
      "has_children": true,
      "is_end_bone": false
    },
    "index_03_l": {
      "name": "index_03_l",
      "local": {
        "location": {
          "x": 0.0,
          "y": 0.0,
          "z": 0.0
        },
        "rotation_quaternion": {
          "w": 0.9658487439155579,
          "x": 0.2590053677558899,
          "y": 0.007062710355967283,
          "z": 0.0016172195319086313
        },
        "scale": {
          "x": 1.0,
          "y": 1.0,
          "z": 1.0
        },
        "matrix_basis": [
          [
            0.9998949766159058,
            0.0005345809040591121,
            0.014480756595730782,
            0.0
          ],
          [
            0.00678253872320056,
            0.865827202796936,
            -0.5002971887588501,
            0.0
          ],
          [
            -0.012805283069610596,
            0.500342845916748,
            0.8657326698303223,
            0.0
          ],
          [
            0.0,
            0.0,
            0.0,
            1.0
          ]
        ],
        "rotation_mode": "QUATERNION"
      },
      "armature_space": {
        "head": {
          "x": 0.8396991491317749,
          "y": 0.035473331809043884,
          "z": 0.31569933891296387
        },
        "tail": {
          "x": 0.8267500400543213,
          "y": 0.016688449308276176,
          "z": 0.29744595289230347
        }
      },
      "world_space": {
        "head": {
          "x": 0.8396991491317749,
          "y": 0.0987173318862915,
          "z": 1.26555335521698
        },
        "tail": {
          "x": 0.8267500400543213,
          "y": 0.07993245124816895,
          "z": 1.2472999095916748
        },
        "rotation_quaternion": {
          "w": 0.39299970865249634,
          "x": -0.4948740601539612,
          "y": -0.1552339792251587,
          "z": 0.7593111395835876
        },
        "matrix": [
          [
            -0.20130090415477753,
            -0.44317805767059326,
            -0.873539388179779,
            0.8396991491317749
          ],
          [
            0.7504609823226929,
            -0.6429065465927124,
            0.15323135256767273,
            0.0987173318862915
          ],
          [
            -0.6295166015625,
            -0.6247165203094482,
            0.4620087742805481,
            1.26555335521698
          ],
          [
            0.0,
            0.0,
            0.0,
            1.0
          ]
        ]
      },
      "bone_length_armature_space": 0.029218783709275848,
      "parent": "index_02_l",
      "has_children": false,
      "is_end_bone": true
    },
    "metacarpal_pinky_l": {
      "name": "metacarpal_pinky_l",
      "local": {
        "location": {
          "x": 0.0,
          "y": 0.0,
          "z": 0.0
        },
        "rotation_quaternion": {
          "w": 0.9999265670776367,
          "x": 0.004095816519111395,
          "y": 0.001039327820762992,
          "z": 0.011363678611814976
        },
        "scale": {
          "x": 1.0,
          "y": 1.0,
          "z": 1.0
        },
        "matrix_basis": [
          [
            0.9997395873069763,
            -0.022717174142599106,
            0.002171589992940426,
            0.0
          ],
          [
            0.022734202444553375,
            0.9997081756591797,
            -0.008167410269379616,
            0.0
          ],
          [
            -0.001985415816307068,
            0.00821465253829956,
            0.9999642968177795,
            0.0
          ],
          [
            0.0,
            0.0,
            0.0,
            1.0
          ]
        ],
        "rotation_mode": "QUATERNION"
      },
      "armature_space": {
        "head": {
          "x": 0.7016205191612244,
          "y": 0.09255410730838776,
          "z": 0.36420661211013794
        },
        "tail": {
          "x": 0.7972400784492493,
          "y": 0.12371255457401276,
          "z": 0.33720162510871887
        }
      },
      "world_space": {
        "head": {
          "x": 0.7016205191612244,
          "y": 0.15579810738563538,
          "z": 1.3140606880187988
        },
        "tail": {
          "x": 0.7972400784492493,
          "y": 0.18695655465126038,
          "z": 1.2870556116104126
        },
        "rotation_quaternion": {
          "w": 0.7917293310165405,
          "x": -0.051368504762649536,
          "y": 0.15092094242572784,
          "z": -0.5897024273872375
        },
        "matrix": [
          [
            0.2589474022388458,
            0.9182645082473755,
            0.299560546875,
            0.7016205191612244
          ],
          [
            -0.9492746591567993,
            0.29922425746917725,
            -0.09665807336568832,
            0.15579810738563538
          ],
          [
            -0.17839543521404266,
            -0.25933733582496643,
            0.9491750597953796,
            1.3140606880187988
          ],
          [
            0.0,
            0.0,
            0.0,
            1.0
          ]
        ]
      },
      "bone_length_armature_space": 0.10413077501016144,
      "parent": "lowerarm_l",
      "has_children": true,
      "is_end_bone": false
    },
    "pinky_01_l": {
      "name": "pinky_01_l",
      "local": {
        "location": {
          "x": 0.0,
          "y": 0.0,
          "z": 0.0
        },
        "rotation_quaternion": {
          "w": 0.9372535347938538,
          "x": 0.3484451174736023,
          "y": -0.005627935752272606,
          "z": 0.010496333241462708
        },
        "scale": {
          "x": 1.0,
          "y": 1.0,
          "z": 1.0
        },
        "matrix_basis": [
          [
            0.9997162818908691,
            -0.023597504943609238,
            -0.0032348132226616144,
            0.0
          ],
          [
            0.015753397718071938,
            0.756951630115509,
            -0.6532809734344482,
            0.0
          ],
          [
            0.017864396795630455,
            0.6530447006225586,
            0.7571086287498474,
            0.0
          ],
          [
            0.0,
            0.0,
            0.0,
            1.0
          ]
        ],
        "rotation_mode": "QUATERNION"
      },
      "armature_space": {
        "head": {
          "x": 0.7972400784492493,
          "y": 0.12371255457401276,
          "z": 0.33720162510871887
        },
        "tail": {
          "x": 0.8098572492599487,
          "y": 0.11949151009321213,
