{
  "metadata": {
    "armature_name": "KIM_caucasian_male",
    "export_time": "2026-01-13T20:59:55.892045",
    "blender_version": "4.4.1",
    "bone_count": 56,
    "end_bone_count": 13,
    "spaces_included": [
      "LOCAL_CHANNELS",
      "ARMATURE_SPACE",
      "WORLD_SPACE"
    ],
    "note": "LOCAL matches Transform panel; replay pose via local.matrix_basis for best fidelity."
  },
  "bones": {
    "Root": {
      "name": "Root",
      "local": {
        "location": {
          "x": 0.0,
          "y": 0.0,
          "z": 0.0
        },
        "rotation_quaternion": {
          "w": 0.9996631145477295,
          "x": 0.00022363218886312097,
          "y": 0.003147265175357461,
          "z": 0.025761788710951805
        },
        "scale": {
          "x": 1.0,
          "y": 1.0,
          "z": 1.0
        },
        "matrix_basis": [
          [
            0.9986528754234314,
            -0.05150481313467026,
            0.006303932052105665,
            0.0
          ],
          [
            0.051507625728845596,
            0.9986725449562073,
            -0.0002849553420674056,
            0.0
          ],
          [
            -0.00628088740631938,
            0.0006092720432206988,
            0.999980092048645,
            0.0
          ],
          [
            0.0,
            0.0,
            0.0,
            1.0
          ]
        ],
        "rotation_mode": "QUATERNION"
      },
      "armature_space": {
        "head": {
          "x": 0.0,
          "y": 0.07072800397872925,
          "z": -0.009595036506652832
        },
        "tail": {
          "x": -0.0036762007512152195,
          "y": 8.804351091384888e-05,
          "z": -5.5830925703048706e-05
        }
      },
      "world_space": {
        "head": {
          "x": 0.0,
          "y": 0.13397200405597687,
          "z": 0.9402589797973633
        },
        "tail": {
          "x": -0.0036762007512152195,
          "y": 0.06333204358816147,
          "z": 0.9497981667518616
        },
        "rotation_quaternion": {
          "w": 0.06712184101343155,
          "x": 0.9974071979522705,
          "y": -0.02549123950302601,
          "z": 0.004875632468611002
        },
        "matrix": [
          [
            0.9986528754234314,
            -0.05150481313467026,
            0.006303932052105665,
            0.0
          ],
          [
            -0.050195761024951935,
            -0.9896896481513977,
            -0.1341446489095688,
            0.13397200405597687
          ],
          [
            0.013148074969649315,
            0.13364748656749725,
            -0.9909487962722778,
            0.9402589797973633
          ],
          [
            0.0,
            0.0,
            0.0,
            1.0
          ]
        ]
      },
      "bone_length_armature_space": 0.07137587056352562,
      "parent": null,
      "has_children": true,
      "is_end_bone": false
    },
    "spine_01": {
      "name": "spine_01",
      "local": {
        "location": {
          "x": 0.0,
          "y": 0.0,
          "z": 0.0
        },
        "rotation_quaternion": {
          "w": 0.9978960752487183,
          "x": 0.012912113219499588,
          "y": -0.05057884752750397,
          "z": 0.0384516678750515
        },
        "scale": {
          "x": 1.0,
          "y": 1.0,
          "z": 1.0
        },
        "matrix_basis": [
          [
            0.9919264912605286,
            -0.07804770022630692,
            -0.09995188564062119,
            0.0
          ],
          [
            0.07543537765741348,
            0.9967094659805298,
            -0.02965957671403885,
            0.0
          ],
          [
            0.10193785279989243,
            0.02188021130859852,
            0.9945501089096069,
            0.0
          ],
          [
            0.0,
            0.0,
            0.0,
            1.0
          ]
        ],
        "rotation_mode": "QUATERNION"
      },
      "armature_space": {
        "head": {
          "x": -0.0036762007512152195,
          "y": 8.804351091384888e-05,
          "z": -5.5830925703048706e-05
        },
        "tail": {
          "x": -0.047512248158454895,
          "y": 0.013995224609971046,
          "z": 0.48577702045440674
        }
      },
      "world_space": {
        "head": {
          "x": -0.0036762007512152195,
          "y": 0.06333204358816147,
          "z": 0.9497981667518616
        },
        "tail": {
          "x": -0.047512248158454895,
          "y": 0.07723922282457352,
          "z": 1.4356310367584229
        },
        "rotation_quaternion": {
          "w": 0.7120157480239868,
          "x": 0.6966593861579895,
          "y": -0.08533763140439987,
          "z": -0.020417235791683197
        },
        "matrix": [
          [
            0.9846013784408569,
            -0.08982773870229721,
            -0.1499706208705902,
            -0.0036762007512152195
          ],
          [
            -0.14797668159008026,
            0.028498250991106033,
            -0.9885802268981934,
            0.06333204358816147
          ],
          [
            0.09307633340358734,
            0.9955565929412842,
            0.014766192063689232,
            0.9497981667518616
          ],
          [
            0.0,
            0.0,
            0.0,
            1.0
          ]
        ]
      },
      "bone_length_armature_space": 0.4880046644656422,
      "parent": "Root",
      "has_children": true,
      "is_end_bone": false
    },
    "neck_01": {
      "name": "neck_01",
      "local": {
        "location": {
          "x": 0.0,
          "y": 0.0,
          "z": 0.0
        },
        "rotation_quaternion": {
          "w": 0.9926884174346924,
          "x": -0.11280373483896255,
          "y": -0.024533987045288086,
          "z": 0.035257935523986816
        },
        "scale": {
          "x": 1.0,
          "y": 1.0,
          "z": 1.0
        },
        "matrix_basis": [
          [
            0.9963099360466003,
            -0.0644652396440506,
            -0.05666366219520569,
            0.0
          ],
          [
            0.07553534209728241,
            0.9720643758773804,
            0.22222788631916046,
            0.0
          ],
          [
            0.04075475409626961,
            -0.22568795084953308,
            0.9733468294143677,
            0.0
          ],
          [
            0.0,
            0.0,
            0.0,
            1.0
          ]
        ],
        "rotation_mode": "QUATERNION"
      },
      "armature_space": {
        "head": {
          "x": -0.05929034203290939,
          "y": -0.01820257492363453,
          "z": 0.5591822266578674
        },
        "tail": {
          "x": -0.07729516923427582,
          "y": -0.030611161142587662,
          "z": 0.6593451499938965
        }
      },
      "world_space": {
        "head": {
          "x": -0.05929034203290939,
          "y": 0.04504142701625824,
          "z": 1.5090363025665283
        },
        "tail": {
          "x": -0.07729516923427582,
          "y": 0.03263283893465996,
          "z": 1.6091991662979126
        },
        "rotation_quaternion": {
          "w": 0.6500974297523499,
          "x": 0.7485381960868835,
          "y": -0.1298307627439499,
          "z": -0.014418182894587517
        },
        "matrix": [
          [
            0.9658719897270203,
            -0.17562030255794525,
            -0.1903914511203766,
            -0.05929034203290939
          ],
          [
            -0.21311400830745697,
            -0.12103419005870819,
            -0.9695016741752625,
            0.04504142701625824
          ],
          [
            0.1472211331129074,
            0.976996123790741,
            -0.15433263778686523,
            1.5090363025665283
          ],
          [
            0.0,
            0.0,
            0.0,
            1.0
          ]
        ]
      },
      "bone_length_armature_space": 0.10252198683100655,
      "parent": "spine_01",
      "has_children": true,
      "is_end_bone": false
    },
    "head": {
      "name": "head",
      "local": {
        "location": {
          "x": 0.0,
          "y": 0.0,
          "z": 0.0
        },
        "rotation_quaternion": {
          "w": 0.9925456047058105,
          "x": -0.005422890651971102,
          "y": 0.06466325372457504,
          "z": -0.103162981569767
        },
        "scale": {
          "x": 1.0,
          "y": 1.0,
          "z": 1.0
        },
        "matrix_basis": [
          [
            0.9703521132469177,
            0.20408660173416138,
            0.12948134541511536,
            0.0
          ],
          [
            -0.20548924803733826,
            0.978655993938446,
            -0.0025767756160348654,
            0.0
          ],
          [
            -0.12724357843399048,
            -0.024106640368700027,
            0.9915785193443298,
            0.0
          ],
          [
            0.0,
            0.0,
            0.0,
            1.0
          ]
        ],
        "rotation_mode": "QUATERNION"
      },
      "armature_space": {
        "head": {
          "x": -0.07729518413543701,
          "y": -0.030611302703619003,
          "z": 0.6593450903892517
        },
        "tail": {
          "x": -0.06033553183078766,
          "y": 0.0021856985986232758,
          "z": 0.8099771738052368
        }
      },
      "world_space": {
        "head": {
          "x": -0.07729518413543701,
          "y": 0.032632697373628616,
          "z": 1.609199047088623
        },
        "tail": {
          "x": -0.06033553183078766,
          "y": 0.0654297024011612,
          "z": 1.759831190109253
        },
        "rotation_quaternion": {
          "w": 0.7782061696052551,
          "x": 0.6228662729263306,
          "y": -0.011406349018216133,
          "z": -0.07938939332962036
        },
        "matrix": [
          [
            0.9871344566345215,
            0.10935347527265549,
            -0.11665154993534088,
            -0.07729518413543701
          ],
          [
            -0.1377725452184677,
            0.21147048473358154,
            -0.967625617980957,
            0.032632697373628616
          ],
          [
            -0.08114556223154068,
            0.971254825592041,
            0.22381633520126343,
            1.609199047088623
          ],
          [
            0.0,
            0.0,
            0.0,
            1.0
          ]
        ]
      },
      "bone_length_armature_space": 0.155091255020854,
      "parent": "neck_01",
      "has_children": false,
      "is_end_bone": true
    },
    "upperarm_l": {
      "name": "upperarm_l",
      "local": {
        "location": {
          "x": 0.0,
          "y": 0.0,
          "z": 0.0
        },
        "rotation_quaternion": {
          "w": 0.8156733512878418,
          "x": 0.045875150710344315,
          "y": 0.5716364979743958,
          "z": -0.07618548721075058
        },
        "scale": {
          "x": 1.0,
          "y": 1.0,
          "z": 1.0
        },
        "matrix_basis": [
          [
            0.33485496044158936,
            0.17673276364803314,
            0.9255473017692566,
            0.0
          ],
          [
            -0.07183711975812912,
            0.9841824769973755,
            -0.1619390845298767,
            0.0
          ],
          [
            -0.9395273327827454,
            -0.012262534350156784,
            0.3422543704509735,
            0.0
          ],
          [
            0.0,
            0.0,
            0.0,
            1.0
          ]
        ],
        "rotation_mode": "QUATERNION"
      },
      "armature_space": {
        "head": {
          "x": 0.09395871311426163,
          "y": -0.04546708986163139,
          "z": 0.5062816739082336
        },
        "tail": {
          "x": 0.35914990305900574,
          "y": -0.07121419906616211,
          "z": 0.47767502069473267
        }
      },
      "world_space": {
        "head": {
          "x": 0.09395871311426163,
          "y": 0.017776910215616226,
          "z": 1.4561357498168945
        },
        "tail": {
          "x": 0.35914990305900574,
          "y": -0.00797019898891449,
          "z": 1.4275290966033936
        },
        "rotation_quaternion": {
          "w": 0.07507970929145813,
          "x": 0.7225569486618042,
          "y": 0.6680729985237122,
          "z": -0.16109977662563324
        },
        "matrix": [
          [
            0.05545033514499664,
            0.9896323084831238,
            -0.13248832523822784,
            0.09395871311426163
          ],
          [
            0.9412505030632019,
            -0.09608227014541626,
            -0.32375288009643555,
            0.017776910215616226
          ],
          [
            -0.33312752842903137,
            -0.1067533940076828,
            -0.9368265867233276,
            1.4561357498168945
          ],
          [
            0.0,
            0.0,
            0.0,
            1.0
          ]
        ]
      },
      "bone_length_armature_space": 0.2679694520218915,
      "parent": "spine_01",
      "has_children": true,
      "is_end_bone": false
    },
    "lowerarm_l": {
      "name": "lowerarm_l",
      "local": {
        "location": {
          "x": 0.0,
          "y": 0.0,
          "z": 0.0
        },
        "rotation_quaternion": {
          "w": 0.9026657342910767,
          "x": 0.29886186122894287,
          "y": 0.1928015649318695,
          "z": -0.24228863418102264
        },
        "scale": {
          "x": 1.0,
          "y": 1.0,
          "z": 1.0
        },
        "matrix_basis": [
          [
            0.8082475662231445,
            0.5526533722877502,
            0.20324906706809998,
            0.0
          ],
          [
            -0.3221692144870758,
            0.7039555907249451,
            -0.632972002029419,
            0.0
          ],
          [
            -0.49289238452911377,
            0.44611746072769165,
            0.7470182776451111,
            0.0
          ],
          [
            0.0,
            0.0,
            0.0,
            1.0
          ]
        ],
        "rotation_mode": "QUATERNION"
      },
      "armature_space": {
        "head": {
          "x": 0.3591499924659729,
          "y": -0.07121434062719345,
          "z": 0.4776749908924103
        },
        "tail": {
          "x": 0.5222371220588684,
          "y": -0.030791811645030975,
          "z": 0.2694958448410034
        }
      },
      "world_space": {
        "head": {
          "x": 0.3591499924659729,
          "y": -0.007970340549945831,
          "z": 1.427528977394104
        },
        "tail": {
          "x": 0.5222371220588684,
          "y": 0.032452188432216644,
          "z": 1.2193498611450195
        },
        "rotation_quaternion": {
          "w": 0.32524406909942627,
          "x": -0.5828511714935303,
          "y": -0.6853950023651123,
          "z": 0.2910919487476349
        },
        "matrix": [
          [
            -0.10899882018566132,
            0.609615683555603,
            -0.785167396068573,
            0.3591499924659729
          ],
          [
            0.9883188009262085,
            0.15109843015670776,
            -0.019885778427124023,
            -0.007970340549945831
          ],
          [
            0.10651656985282898,
            -0.7781685590744019,
            -0.618968665599823,
            1.427528977394104
          ],
          [
            0.0,
            0.0,
            0.0,
            1.0
          ]
        ]
      },
      "bone_length_armature_space": 0.2675256044554578,
      "parent": "upperarm_l",
      "has_children": true,
      "is_end_bone": false
    },
    "metacarpal_thumb_l": {
      "name": "metacarpal_thumb_l",
      "local": {
        "location": {
          "x": 0.0,
          "y": 0.0,
          "z": 0.0
        },
        "rotation_quaternion": {
          "w": 0.9996320009231567,
          "x": 0.0024480214342474937,
          "y": -0.017870120704174042,
          "z": -0.020262811332941055
        },
        "scale": {
          "x": 1.0,
          "y": 1.0,
          "z": 1.0
        },
        "matrix_basis": [
          [
            0.9985401630401611,
            0.04042321816086769,
            -0.035826295614242554,
            0.0
          ],
          [
            -0.040598202496767044,
            0.9991668462753296,
            -0.004170043393969536,
            0.0
          ],
          [
            0.035627882927656174,
            0.005618439055979252,
            0.9993493556976318,
            0.0
          ],
          [
            0.0,
            0.0,
            0.0,
            1.0
          ]
        ],
        "rotation_mode": "QUATERNION"
      },
      "armature_space": {
        "head": {
          "x": 0.5222371220588684,
          "y": -0.030791811645030975,
          "z": 0.2694958448410034
        },
        "tail": {
          "x": 0.5240992903709412,
          "y": -0.015944205224514008,
          "z": 0.22227619588375092
        }
      },
      "world_space": {
        "head": {
          "x": 0.5222371220588684,
          "y": 0.032452188432216644,
          "z": 1.2193498611450195
        },
        "tail": {
          "x": 0.5240992903709412,
          "y": 0.04729979485273361,
          "z": 1.1721302270889282
        },
        "rotation_quaternion": {
          "w": 0.8000998497009277,
          "x": -0.589669942855835,
          "y": -0.09856131672859192,
          "z": 0.04914575442671776
        },
        "matrix": [
          [
            0.9757408499717712,
            0.03759417682886124,
            -0.21567688882350922,
            0.5222371220588684
          ],
          [
            0.19488002359867096,
            0.2997477650642395,
            0.9339021444320679,
            0.032452188432216644
          ],
          [
            0.09975888580083847,
            -0.9532838463783264,
            0.28515270352363586,
            1.2193498611450195
          ],
          [
            0.0,
            0.0,
            0.0,
            1.0
          ]
        ]
      },
      "bone_length_armature_space": 0.049533971130661825,
      "parent": "lowerarm_l",
      "has_children": true,
      "is_end_bone": false
    },
    "thumb_01_l": {
      "name": "thumb_01_l",
      "local": {
        "location": {
          "x": 0.0,
          "y": 0.0,
          "z": 0.0
        },
        "rotation_quaternion": {
          "w": 0.9996461868286133,
          "x": 0.02284981682896614,
          "y": 0.01349589228630066,
          "z": -0.0018416168168187141
        },
        "scale": {
          "x": 1.0,
          "y": 1.0,
          "z": 1.0
        },
        "matrix_basis": [
          [
            0.9996289610862732,
            0.0042986879125237465,
            0.02689807303249836,
            0.0
          ],
          [
            -0.0030651730485260487,
            0.9989489912986755,
            -0.045733172446489334,
            0.0
          ],
          [
            -0.027066396549344063,
            0.04563375562429428,
            0.9985914826393127,
            0.0
          ],
          [
            0.0,
            0.0,
            0.0,
            1.0
          ]
        ],
        "rotation_mode": "QUATERNION"
      },
      "armature_space": {
        "head": {
          "x": 0.5240992903709412,
          "y": -0.015944205224514008,
          "z": 0.22227619588375092
        },
        "tail": {
          "x": 0.5169945955276489,
          "y": 0.013931266963481903,
          "z": 0.20759263634681702
        }
      },
      "world_space": {
        "head": {
          "x": 0.5240992903709412,
          "y": 0.04729979485273361,
          "z": 1.1721302270889282
        },
        "tail": {
          "x": 0.5169945955276489,
          "y": 0.07717526704072952,
          "z": 1.1574466228485107
        },
        "rotation_quaternion": {
          "w": 0.7176126837730408,
          "x": -0.23723533749580383,
          "y": 0.6510599851608276,
          "z": -0.06980258226394653
        },
        "matrix": [
          [
            0.14249777793884277,
            -0.2087242752313614,
            0.967537522315979,
            0.5240992903709412
          ],
          [
            -0.4090915322303772,
            0.8776944875717163,
            0.24959330260753632,
            0.04729979485273361
          ],
          [
            -0.9013049006462097,
            -0.43137994408607483,
            0.03968269005417824,
            1.1721302270889282
          ],
          [
            0.0,
            0.0,
            0.0,
            1.0
          ]
        ]
      },
      "bone_length_armature_space": 0.03403861675235374,
      "parent": "metacarpal_thumb_l",
      "has_children": true,
      "is_end_bone": false
    },
    "thumb_02_l": {
      "name": "thumb_02_l",
      "local": {
        "location": {
          "x": 0.0,
          "y": 0.0,
          "z": 0.0
        },
        "rotation_quaternion": {
          "w": 0.9900791645050049,
          "x": 0.1402692049741745,
          "y": 0.007314723450690508,
          "z": -0.0038024550303816795
        },
        "scale": {
          "x": 1.0,
          "y": 1.0,
          "z": 1.0
        },
        "matrix_basis": [
          [
            0.9998641014099121,
            0.009581523947417736,
            0.013417575508356094,
            0.0
          ],
          [
            -0.00547740189358592,
            0.9606201648712158,
            -0.27781087160110474,
            0.0
          ],
          [
            -0.015551045536994934,
            0.27769961953163147,
            0.9605420827865601,
            0.0
          ],
          [
            0.0,
            0.0,
            0.0,
            1.0
          ]
        ],
        "rotation_mode": "QUATERNION"
      },
      "armature_space": {
        "head": {
          "x": 0.5169945359230042,
          "y": 0.013931257650256157,
          "z": 0.2075926810503006
        },
        "tail": {
          "x": 0.5457662343978882,
          "y": 0.017578445374965668,
          "z": 0.17980638146400452
        }
      },
      "world_space": {
        "head": {
          "x": 0.5169945359230042,
          "y": 0.07717525959014893,
          "z": 1.1574467420578003
        },
        "tail": {
          "x": 0.5457662343978882,
          "y": 0.08082244545221329,
          "z": 1.1296603679656982
        },
        "rotation_quaternion": {
          "w": 0.47052478790283203,
          "x": 0.07539784163236618,
          "y": 0.5692182183265686,
          "z": -0.670009195804596
        },
        "matrix": [
          [
            -0.5458411574363708,
            0.7163477540016174,
            0.43463045358657837,
            0.5169945359230042
          ],
          [
            -0.5446794629096985,
            0.09080648422241211,
            -0.8337137699127197,
            0.07717525959014893
          ],
          [
            -0.636701226234436,
            -0.6918140649795532,
            0.340615451335907,
            1.1574467420578003
          ],
          [
            0.0,
            0.0,
            0.0,
            1.0
          ]
        ]
      },
      "bone_length_armature_space": 0.04016454969816525,
      "parent": "thumb_01_l",
      "has_children": true,
      "is_end_bone": false
    },
    "thumb_03_l": {
      "name": "thumb_03_l",
      "local": {
        "location": {
          "x": 0.0,
          "y": 0.0,
          "z": 0.0
        },
        "rotation_quaternion": {
          "w": 0.9983599781990051,
          "x": 0.057124823331832886,
          "y": -0.003546660067513585,
          "z": -0.0012585577787831426
        },
        "scale": {
          "x": 1.0,
          "y": 1.0,
          "z": 1.0
        },
        "matrix_basis": [
          [
            0.9999716877937317,
            0.002107782755047083,
            -0.007225476671010256,
            0.0
          ],
          [
            -0.002918192185461521,
            0.9934703707695007,
            -0.11405334621667862,
            0.0
          ],
          [
            0.006937897298485041,
            0.11407120525836945,
            0.9934483766555786,
            0.0
          ],
          [
            0.0,
            0.0,
            0.0,
            1.0
          ]
        ],
        "rotation_mode": "QUATERNION"
      },
      "armature_space": {
        "head": {
          "x": 0.5457661747932434,
          "y": 0.01757846400141716,
          "z": 0.17980636656284332
        },
        "tail": {
          "x": 0.5726709961891174,
          "y": 0.012598090805113316,
          "z": 0.16645650565624237
        }
      },
      "world_space": {
        "head": {
          "x": 0.5457661747932434,
          "y": 0.08082246780395508,
          "z": 1.1296603679656982
        },
        "tail": {
          "x": 0.5726709961891174,
          "y": 0.07584208995103836,
          "z": 1.116310477256775
        },
        "rotation_quaternion": {
          "w": 0.3948545753955841,
          "x": 0.33411452174186707,
          "y": 0.5121493935585022,
          "z": -0.6856824159622192
        },
        "matrix": [
          [
            -0.4649144411087036,
            0.8837231397628784,
            -0.05374335125088692,
            0.5457661747932434
          ],
          [
            -0.19925951957702637,
            -0.1635865420103073,
            -0.9661963582038879,
            0.08082246780395508
          ],
          [
            -0.8626478314399719,
            -0.4384928345680237,
            0.2521446645259857,
            1.1296603679656982
          ],
          [
            0.0,
            0.0,
            0.0,
            1.0
          ]
        ]
      },
      "bone_length_armature_space": 0.030444906492477417,
      "parent": "thumb_02_l",
      "has_children": false,
      "is_end_bone": true
    },
    "metacarpal_index_l": {
      "name": "metacarpal_index_l",
      "local": {
        "location": {
          "x": 0.0,
          "y": 0.0,
          "z": 0.0
        },
        "rotation_quaternion": {
          "w": 0.999555230140686,
          "x": -0.024351980537176132,
          "y": -0.01217635441571474,
          "z": 0.012171423062682152
        },
        "scale": {
          "x": 1.0,
          "y": 1.0,
          "z": 1.0
        },
        "matrix_basis": [
          [
            0.999407172203064,
            -0.023738982155919075,
            -0.0249346736818552,
            0.0
          ],
          [
            0.024925054982304573,
            0.9985176920890808,
            0.04838589206337929,
            0.0
          ],
          [
            0.023749081417918205,
            -0.04897870495915413,
            0.9985174536705017,
            0.0
          ],
          [
            0.0,
            0.0,
            0.0,
            1.0
          ]
        ],
        "rotation_mode": "QUATERNION"
      },
      "armature_space": {
        "head": {
          "x": 0.5222371220588684,
          "y": -0.030791811645030975,
          "z": 0.2694958448410034
        },
        "tail": {
          "x": 0.5632064938545227,
          "y": -0.01493660919368267,
          "z": 0.16087032854557037
        }
      },
      "world_space": {
        "head": {
          "x": 0.5222371220588684,
          "y": 0.032452188432216644,
          "z": 1.2193498611450195
        },
        "tail": {
          "x": 0.5632064938545227,
          "y": 0.0483073890209198,
          "z": 1.1107243299484253
        },
        "rotation_quaternion": {
          "w": 0.6474311947822571,
          "x": -0.647345781326294,
          "y": -0.3853449821472168,
          "z": 0.11526335030794144
        },
        "matrix": [
          [
            0.6764452457427979,
            0.3496524691581726,
            -0.6482012867927551,
            0.5222371220588684
          ],
          [
            0.6481553912162781,
            0.13531593978405,
            0.7493893504142761,
            0.032452188432216644
          ],
          [
            0.3497409224510193,
            -0.927062451839447,
            -0.13509562611579895,
            1.2193498611450195
          ],
          [
            0.0,
            0.0,
            0.0,
            1.0
          ]
        ]
      },
      "bone_length_armature_space": 0.11717243681398407,
      "parent": "lowerarm_l",
      "has_children": true,
      "is_end_bone": false
    },
    "index_01_l": {
      "name": "index_01_l",
      "local": {
        "location": {
          "x": 0.0,
          "y": 0.0,
          "z": 0.0
        },
        "rotation_quaternion": {
          "w": 0.9980871677398682,
          "x": -0.05926806479692459,
          "y": -0.008748073130846024,
          "z": 0.015264187939465046
        },
        "scale": {
          "x": 1.0,
          "y": 1.0,
          "z": 1.0
        },
        "matrix_basis": [
          [
            0.9993809461593628,
            -0.02943301759660244,
            -0.019272036850452423,
            0.0
          ],
          [
            0.031506944447755814,
            0.992508590221405,
            0.11804232746362686,
            0.0
          ],
          [
            0.015653321519494057,
            -0.11857645213603973,
            0.9928215146064758,
            0.0
          ],
          [
            0.0,
            0.0,
            0.0,
            1.0
          ]
        ],
        "rotation_mode": "QUATERNION"
      },
      "armature_space": {
        "head": {
          "x": 0.5632064938545227,
          "y": -0.01493660919368267,
          "z": 0.16087032854557037
        },
        "tail": {
          "x": 0.5828965902328491,
          "y": -0.011043461039662361,
          "z": 0.1406164914369583
        }
      },
      "world_space": {
        "head": {
          "x": 0.5632064938545227,
          "y": 0.0483073890209198,
          "z": 1.1107243299484253
        },
        "tail": {
          "x": 0.5828965902328491,
          "y": 0.05220054090023041,
          "z": 1.090470552444458
        },
        "rotation_quaternion": {
          "w": 0.5796405076980591,
          "x": -0.6550849080085754,
          "y": -0.4819573760032654,
          "z": -0.05096831172704697
        },
        "matrix": [
          [
            0.5302360653877258,
            0.6905326843261719,
            -0.4919494390487671,
            0.5632064938545227
          ],
          [
            0.5723628401756287,
            0.13653287291526794,
            0.8085541129112244,
            0.0483073890209198
          ],
          [
            0.6255054473876953,
            -0.7103029489517212,
            -0.32284215092658997,
            1.1107243299484253
          ],
          [
            0.0,
            0.0,
            0.0,
            1.0
          ]
        ]
      },
      "bone_length_armature_space": 0.02851445961671405,
      "parent": "metacarpal_index_l",
      "has_children": true,
      "is_end_bone": false
    },
    "index_02_l": {
      "name": "index_02_l",
      "local": {
        "location": {
          "x": 0.0,
          "y": 0.0,
          "z": 0.0
        },
        "rotation_quaternion": {
          "w": 0.9811125993728638,
          "x": 0.1933232992887497,
          "y": 0.005386007484048605,
          "z": -0.003898348892107606
        },
        "scale": {
          "x": 1.0,
          "y": 1.0,
          "z": 1.0
        },
        "matrix_basis": [
          [
            0.9999116063117981,
            0.009731919504702091,
            0.009061275981366634,
            0.0
          ],
          [
            -0.00556695694103837,
            0.9252218008041382,
            -0.3793858289718628,
            0.0
          ],
          [
            -0.012075843289494514,
            0.37930184602737427,
            0.9251942038536072,
            0.0
          ],
          [
            0.0,
            0.0,
            0.0,
            1.0
          ]
        ],
        "rotation_mode": "QUATERNION"
      },
      "armature_space": {
        "head": {
          "x": 0.5828965306282043,
          "y": -0.011043287813663483,
          "z": 0.14061596989631653
        },
        "tail": {
          "x": 0.5953196287155151,
          "y": -0.00035919342190027237,
          "z": 0.12087739259004593
        }
      },
      "world_space": {
        "head": {
          "x": 0.5828965306282043,
          "y": 0.05220071226358414,
          "z": 1.0904699563980103
        },
        "tail": {
          "x": 0.5953196287155151,
          "y": 0.06288480758666992,
          "z": 1.0707314014434814
        },
        "rotation_quaternion": {
          "w": 0.6706029176712036,
          "x": -0.5381054878234863,
          "y": -0.5084605813026428,
          "z": 0.046927809715270996
        },
        "matrix": [
          [
            0.4785277545452118,
            0.48427054286003113,
            -0.7324569225311279,
            0.5828965306282043
          ],
          [
            0.6101540923118591,
            0.4164808392524719,
            0.6739850640296936,
            0.05220071226358414
          ],
          [
            0.6314506530761719,
            -0.7694370746612549,
            -0.09618222713470459,
            1.0904699563980103
          ],
          [
            0.0,
            0.0,
            0.0,
            1.0
          ]
        ]
      },
      "bone_length_armature_space": 0.025653355959061517,
      "parent": "index_01_l",
      "has_children": true,
      "is_end_bone": false
    },
    "index_03_l": {
      "name": "index_03_l",
      "local": {
        "location": {
          "x": 0.0,
          "y": 0.0,
          "z": 0.0
        },
        "rotation_quaternion": {
          "w": 0.9789687991142273,
          "x": 0.20392678678035736,
          "y": -0.003364193718880415,
          "z": 0.004763773642480373
        },
        "scale": {
          "x": 1.0,
          "y": 1.0,
          "z": 1.0
        },
        "matrix_basis": [
          [
            0.9999319911003113,
            -0.01069927029311657,
            -0.004643959458917379,
            0.0
          ],
          [
            0.00795507337898016,
            0.9167823195457458,
            -0.3993079662322998,
            0.0
          ],
          [
            0.008529803715646267,
            0.39924386143684387,
            0.91680508852005,
            0.0
          ],
          [
            0.0,
            0.0,
            0.0,
            1.0
          ]
        ],
        "rotation_mode": "QUATERNION"
      },
      "armature_space": {
        "head": {
          "x": 0.5953197479248047,
          "y": -0.0003593098372220993,
          "z": 0.12087740004062653
        },
        "tail": {
          "x": 0.5988249182701111,
          "y": 0.021446293219923973,
          "z": 0.10174718499183655
        }
      },
      "world_space": {
        "head": {
          "x": 0.5953197479248047,
          "y": 0.06288468837738037,
          "z": 1.0707314014434814
        },
        "tail": {
          "x": 0.5988249182701111,
          "y": 0.08469029515981674,
          "z": 1.0516011714935303
        },
        "rotation_quaternion": {
          "w": 0.7957836389541626,
          "x": -0.3320026099681854,
          "y": -0.489768385887146,
          "z": 0.12895624339580536
        },
        "matrix": [
          [
            0.48699551820755005,
            0.11996409296989441,
            -0.8651264905929565,
            0.5953197479248047
          ],
          [
            0.5304512977600098,
            0.7462897300720215,
            0.4020860195159912,
            0.06288468837738037
          ],
          [
            0.6938766837120056,
            -0.6547254323959351,
            0.2998068928718567,
            1.0707314014434814
          ],
          [
            0.0,
            0.0,
            0.0,
            1.0
          ]
        ]
      },
      "bone_length_armature_space": 0.02921875546145934,
      "parent": "index_02_l",
      "has_children": false,
      "is_end_bone": true
    },
    "metacarpal_pinky_l": {
      "name": "metacarpal_pinky_l",
      "local": {
        "location": {
          "x": 0.0,
          "y": 0.0,
          "z": 0.0
        },
        "rotation_quaternion": {
          "w": 0.9998860359191895,
          "x": 0.0037514064460992813,
          "y": -0.011318296194076538,
          "z": 0.009263093583285809
        },
        "scale": {
          "x": 1.0,
          "y": 1.0,
          "z": 1.0
        },
        "matrix_basis": [
          [
            0.9995721578598022,
            -0.018608994781970978,
            -0.022564513608813286,
            0.0
          ],
          [
            0.01843915693461895,
            0.9998002648353577,
            -0.007711642887443304,
            0.0
          ],
          [
            0.022703511640429497,
            0.007292272988706827,
            0.9997156262397766,
            0.0
          ],
          [
            0.0,
            0.0,
            0.0,
            1.0
          ]
        ],
        "rotation_mode": "QUATERNION"
      },
      "armature_space": {
        "head": {
          "x": 0.5222371220588684,
          "y": -0.030791811645030975,
          "z": 0.2694958448410034
        },
        "tail": {
          "x": 0.6085478067398071,
          "y": -0.01590762473642826,
          "z": 0.21317364275455475
        }
      },
      "world_space": {
        "head": {
          "x": 0.5222371220588684,
          "y": 0.032452188432216644,
          "z": 1.2193498611450195
        },
        "tail": {
          "x": 0.6085478067398071,
          "y": 0.04733637720346451,
          "z": 1.1630276441574097
        },
        "rotation_quaternion": {
          "w": 0.26414385437965393,
          "x": 0.3886670470237732,
          "y": 0.7083057761192322,
          "z": -0.5267531871795654
        },
        "matrix": [
          [
            -0.5583309531211853,
            0.8288679718971252,
            -0.035275720059871674,
            0.5222371220588684
          ],
          [
            0.2723155617713928,
            0.14293746650218964,
            -0.9515320658683777,
            0.032452188432216644
          ],
          [
            -0.7836576104164124,
            -0.5408795475959778,
            -0.30552318692207336,
            1.2193498611450195
          ],
          [
            0.0,
            0.0,
            0.0,
            1.0
          ]
        ]
      },
      "bone_length_armature_space": 0.1041309928747851,
      "parent": "lowerarm_l",
      "has_children": true,
      "is_end_bone": false
    },
    "pinky_01_l": {
      "name": "pinky_01_l",
      "local": {
        "location": {
          "x": 0.0,
          "y": 0.0,
          "z": 0.0
        },
        "rotation_quaternion": {
          "w": 0.9997086524963379,
          "x": 0.02164430171251297,
          "y": 0.007845953106880188,
          "z": -0.007261950988322496
        },
        "scale": {
          "x": 1.0,
          "y": 1.0,
          "z": 1.0
        },
        "matrix_basis": [
          [
            0.9997714161872864,
            0.014859311282634735,
            0.015372974798083305,
            0.0
          ],
          [
            -0.01418002974241972,
            0.9989575743675232,
            -0.0433899462223053,
            0.0
          ],
          [
            -0.016001693904399872,
            0.043162036687135696,
            0.9989399313926697,
            0.0
          ],
          [
            0.0,
            0.0,
            0.0,
            1.0
          ]
        ],
        "rotation_mode": "QUATERNION"
      },
      "armature_space": {
        "head": {
          "x": 0.6085478067398071,
          "y": -0.01590762473642826,
