{
  "metadata": {
    "armature_name": "KIM_caucasian_male",
    "export_time": "2026-01-13T21:04:32.458191",
    "blender_version": "4.4.1",
    "bone_count": 56,
    "end_bone_count": 13,
    "spaces_included": [
      "LOCAL_CHANNELS",
      "ARMATURE_SPACE",
      "WORLD_SPACE"
    ],
    "note": "LOCAL matches Transform panel; replay pose via local.matrix_basis for best fidelity."
  },
  "bones": {
    "Root": {
      "name": "Root",
      "local": {
        "location": {
          "x": 0.0,
          "y": 0.0,
          "z": 0.0
        },
        "rotation_quaternion": {
          "w": 0.9999706149101257,
          "x": 0.005430097226053476,
          "y": -0.005294697359204292,
          "z": 0.0012016374384984374
        },
        "scale": {
          "x": 1.0,
          "y": 1.0,
          "z": 1.0
        },
        "matrix_basis": [
          [
            0.9999410510063171,
            -0.002460705814883113,
            -0.010576033964753151,
            0.0
          ],
          [
            0.0023457028437405825,
            0.9999381303787231,
            -0.01087259966880083,
            0.0
          ],
          [
            0.010602133348584175,
            0.010847150348126888,
            0.9998849630355835,
            0.0
          ],
          [
            0.0,
            0.0,
            0.0,
            1.0
          ]
        ],
        "rotation_mode": "QUATERNION"
      },
      "armature_space": {
        "head": {
          "x": 0.0,
          "y": 0.07072800397872925,
          "z": -0.009595036506652832
        },
        "tail": {
          "x": -0.00017563501023687422,
          "y": -9.969621896743774e-05,
          "z": -0.0007677963003516197
        }
      },
      "world_space": {
        "head": {
          "x": 0.0,
          "y": 0.13397200405597687,
          "z": 0.9402589797973633
        },
        "tail": {
          "x": -0.00017563501023687422,
          "y": 0.06314430385828018,
          "z": 0.9490862488746643
        },
        "rotation_quaternion": {
          "w": 0.06194790080189705,
          "x": 0.9980646371841431,
          "y": -0.0015556003199890256,
          "z": -0.005201717372983694
        },
        "matrix": [
          [
            0.9999410510063171,
            -0.002460705814883113,
            -0.010576033964753151,
            0.0
          ],
          [
            -0.0037496527656912804,
            -0.9923200011253357,
            -0.12364031374454498,
            0.13397200405597687
          ],
          [
            -0.010190642438828945,
            0.12367261201143265,
            -0.9922778606414795,
            0.9402589797973633
          ],
          [
            0.0,
            0.0,
            0.0,
            1.0
          ]
        ]
      },
      "bone_length_armature_space": 0.07137586437301906,
      "parent": null,
      "has_children": true,
      "is_end_bone": false
    },
    "spine_01": {
      "name": "spine_01",
      "local": {
        "location": {
          "x": 0.0,
          "y": 0.0,
          "z": 0.0
        },
        "rotation_quaternion": {
          "w": 0.9930616617202759,
          "x": 0.10589984804391861,
          "y": -0.02804342284798622,
          "z": 0.04274687170982361
        },
        "scale": {
          "x": 1.0,
          "y": 1.0,
          "z": 1.0
        },
        "matrix_basis": [
          [
            0.9947725534439087,
            -0.09084014594554901,
            -0.04664392024278641,
            0.0
          ],
          [
            0.07896097004413605,
            0.9739158749580383,
            -0.21272769570350647,
            0.0
          ],
          [
            0.06475146859884262,
            0.20793262124061584,
            0.9759975671768188,
            0.0
          ],
          [
            0.0,
            0.0,
            0.0,
            1.0
          ]
        ],
        "rotation_mode": "QUATERNION"
      },
      "armature_space": {
        "head": {
          "x": -0.00017563501023687422,
          "y": -9.969621896743774e-05,
          "z": -0.0007677963003516197
        },
        "tail": {
          "x": -0.03994212672114372,
          "y": -0.08429193496704102,
          "z": 0.4782715439796448
        }
      },
      "world_space": {
        "head": {
          "x": -0.00017563501023687422,
          "y": 0.06314430385828018,
          "z": 0.9490862488746643
        },
        "tail": {
          "x": -0.03994212672114372,
          "y": -0.021047934889793396,
          "z": 1.4281256198883057
        },
        "rotation_quaternion": {
          "w": 0.6414285898208618,
          "x": 0.7656528353691101,
          "y": -0.048029351979494095,
          "z": 0.006189947482198477
        },
        "matrix": [
          [
            0.9953096508979797,
            -0.08148850500583649,
            -0.05213657766580582,
            -0.00017563501023687422
          ],
          [
            -0.06560725718736649,
            -0.17252464592456818,
            -0.9828178882598877,
            0.06314430385828018
          ],
          [
            0.07109395414590836,
            0.9816355109214783,
            -0.17706385254859924,
            0.9490862488746643
          ],
          [
            0.0,
            0.0,
            0.0,
            1.0
          ]
        ]
      },
      "bone_length_armature_space": 0.4880045017123484,
      "parent": "Root",
      "has_children": true,
      "is_end_bone": false
    },
    "neck_01": {
      "name": "neck_01",
      "local": {
        "location": {
          "x": 0.0,
          "y": 0.0,
          "z": 0.0
        },
        "rotation_quaternion": {
          "w": 0.9929249286651611,
          "x": -0.0056219687685370445,
          "y": -0.018948232755064964,
          "z": -0.11708751320838928
        },
        "scale": {
          "x": 1.0,
          "y": 1.0,
          "z": 1.0
        },
        "matrix_basis": [
          [
            0.9718629717826843,
            0.23273126780986786,
            -0.03631182014942169,
            0.0
          ],
          [
            -0.23230516910552979,
            0.9725177884101868,
            0.015601588413119316,
            0.0
          ],
          [
            0.03894487023353577,
            -0.006727182772010565,
            0.9992187023162842,
            0.0
          ],
          [
            0.0,
            0.0,
            0.0,
            1.0
          ]
        ],
        "rotation_mode": "QUATERNION"
      },
      "armature_space": {
        "head": {
          "x": -0.04771670699119568,
          "y": -0.13100847601890564,
          "z": 0.5440046787261963
        },
        "tail": {
          "x": -0.03344673663377762,
          "y": -0.18516570329666138,
          "z": 0.6298771500587463
        }
      },
      "world_space": {
        "head": {
          "x": -0.04771670699119568,
          "y": -0.06776447594165802,
          "z": 1.4938586950302124
        },
        "tail": {
          "x": -0.03344673663377762,
          "y": -0.12192170321941376,
          "z": 1.5797312259674072
        },
        "rotation_quaternion": {
          "w": 0.48336049914360046,
          "x": 0.8721729516983032,
          "y": 0.04728427156805992,
          "z": -0.05866226181387901
        },
        "matrix": [
          [
            0.9886457920074463,
            0.13919025659561157,
            -0.0566159263253212,
            -0.04771670699119568
          ],
          [
            0.02577061951160431,
            -0.5282532572746277,
            -0.8486958146095276,
            -0.06776447594165802
          ],
          [
            -0.14803875982761383,
            0.837605893611908,
            -0.5258470773696899,
            1.4938586950302124
          ],
          [
            0.0,
            0.0,
            0.0,
            1.0
          ]
        ]
      },
      "bone_length_armature_space": 0.10252179613516758,
      "parent": "spine_01",
      "has_children": true,
      "is_end_bone": false
    },
    "head": {
      "name": "head",
      "local": {
        "location": {
          "x": 0.0,
          "y": 0.0,
          "z": 0.0
        },
        "rotation_quaternion": {
          "w": 0.9916354417800903,
          "x": -0.07914111763238907,
          "y": -0.05317242071032524,
          "z": -0.08699794113636017
        },
        "scale": {
          "x": 1.0,
          "y": 1.0,
          "z": 1.0
        },
        "matrix_basis": [
          [
            0.9792081117630005,
            0.18095673620700836,
            -0.09168508648872375,
            0.0
          ],
          [
            -0.1641242355108261,
            0.9723360538482666,
            0.16621005535125732,
            0.0
          ],
          [
            0.11922553926706314,
            -0.14770649373531342,
            0.9818187355995178,
            0.0
          ],
          [
            0.0,
            0.0,
            0.0,
            1.0
          ]
        ],
        "rotation_mode": "QUATERNION"
      },
      "armature_space": {
        "head": {
          "x": -0.03344675153493881,
          "y": -0.18516579270362854,
          "z": 0.6298770308494568
        },
        "tail": {
          "x": 0.016989130526781082,
          "y": -0.19003534317016602,
          "z": 0.7764573693275452
        }
      },
      "world_space": {
        "head": {
          "x": -0.03344675153493881,
          "y": -0.12192179262638092,
          "z": 1.5797309875488281
        },
        "tail": {
          "x": 0.016989130526781082,
          "y": -0.1267913430929184,
          "z": 1.726311445236206
        },
        "rotation_quaternion": {
          "w": 0.6897295713424683,
          "x": 0.7040990591049194,
          "y": 0.09259628504514694,
          "z": -0.14122171700000763
        },
        "matrix": [
          [
            0.9429647922515869,
            0.3252035081386566,
            -0.0711333379149437,
            -0.03344675153493881
          ],
          [
            -0.06441351771354675,
            -0.03139813244342804,
            -0.997429370880127,
            -0.12192179262638092
          ],
          [
            -0.32660338282585144,
            0.94512939453125,
            -0.008660957217216492,
            1.5797309875488281
          ],
          [
            0.0,
            0.0,
            0.0,
            1.0
          ]
        ]
      },
      "bone_length_armature_space": 0.15509122115477642,
      "parent": "neck_01",
      "has_children": false,
      "is_end_bone": true
    },
    "upperarm_l": {
      "name": "upperarm_l",
      "local": {
        "location": {
          "x": 0.0,
          "y": 0.0,
          "z": 0.0
        },
        "rotation_quaternion": {
          "w": 0.9515094757080078,
          "x": -0.09910745918750763,
          "y": -0.02850656770169735,
          "z": -0.28981849551200867
        },
        "scale": {
          "x": 1.0,
          "y": 1.0,
          "z": 1.0
        },
        "matrix_basis": [
          [
            0.8303852081298828,
            0.5571805238723755,
            0.003197810845449567,
            0.0
          ],
          [
            -0.5458796620368958,
            0.8123658895492554,
            0.2051268368959427,
            0.0
          ],
          [
            0.11169488728046417,
            -0.1720799058675766,
            0.9787302017211914,
            0.0
          ],
          [
            0.0,
            0.0,
            0.0,
            1.0
          ]
        ],
        "rotation_mode": "QUATERNION"
      },
      "armature_space": {
        "head": {
          "x": 0.10689013451337814,
          "y": -0.1323889195919037,
          "z": 0.4881306290626526
        },
        "tail": {
          "x": 0.3336572051048279,
          "y": -0.06278576701879501,
          "z": 0.3634713888168335
        }
      },
      "world_space": {
        "head": {
          "x": 0.10689013451337814,
          "y": -0.06914491951465607,
          "z": 1.4379847049713135
        },
        "tail": {
          "x": 0.3336572051048279,
          "y": 0.0004582330584526062,
          "z": 1.3133254051208496
        },
        "rotation_quaternion": {
          "w": 0.37998008728027344,
          "x": 0.32774102687835693,
          "y": 0.6967685222625732,
          "z": -0.5125570297241211
        },
        "matrix": [
          [
            -0.4964018762111664,
            0.8462423086166382,
            0.19354388117790222,
            0.10689013451337814
          ],
          [
            0.06719841808080673,
            0.2597428858280182,
            -0.9633370637893677,
            -0.06914491951465607
          ],
          [
            -0.8654940724372864,
            -0.4651995301246643,
            -0.18580521643161774,
            1.4379847049713135
          ],
          [
            0.0,
            0.0,
            0.0,
            1.0
          ]
        ]
      },
      "bone_length_armature_space": 0.2679698219430798,
      "parent": "spine_01",
      "has_children": true,
      "is_end_bone": false
    },
    "lowerarm_l": {
      "name": "lowerarm_l",
      "local": {
        "location": {
          "x": 0.0,
          "y": 0.0,
          "z": 0.0
        },
        "rotation_quaternion": {
          "w": 0.9276520013809204,
          "x": 0.32920050621032715,
          "y": 0.1598273664712906,
          "z": -0.07445807009935379
        },
        "scale": {
          "x": 1.0,
          "y": 1.0,
          "z": 1.0
        },
        "matrix_basis": [
          [
            0.9378224015235901,
            0.2433728575706482,
            0.2475050836801529,
            0.0
          ],
          [
            -0.03291185572743416,
            0.7721660733222961,
            -0.63456791639328,
            0.0
          ],
          [
            -0.34555160999298096,
            0.5869661569595337,
            0.7321645021438599,
            0.0
          ],
          [
            0.0,
            0.0,
            0.0,
            1.0
          ]
        ],
        "rotation_mode": "QUATERNION"
      },
      "armature_space": {
        "head": {
          "x": 0.33365732431411743,
          "y": -0.0627857968211174,
          "z": 0.36347144842147827
        },
        "tail": {
          "x": 0.5155845284461975,
          "y": -0.1925724744796753,
          "z": 0.2164081633090973
        }
      },
      "world_space": {
        "head": {
          "x": 0.33365732431411743,
          "y": 0.0004582032561302185,
          "z": 1.3133254051208496
        },
        "tail": {
          "x": 0.5155845284461975,
          "y": -0.12932847440242767,
          "z": 1.166262149810791
        },
        "rotation_quaternion": {
          "w": 0.14077886939048767,
          "x": 0.49353188276290894,
          "y": 0.4874553680419922,
          "z": -0.7063956260681152
        },
        "matrix": [
          [
            -0.47321629524230957,
            0.6800395250320435,
            -0.5600111484527588,
            0.33365732431411743
          ],
          [
            0.2822560667991638,
            -0.4851394295692444,
            -0.8276301026344299,
            0.0004582032561302185
          ],
          [
            -0.8345100283622742,
            -0.549718976020813,
            0.03763012960553169,
            1.3133254051208496
          ],
          [
            0.0,
            0.0,
            0.0,
            1.0
          ]
        ]
      },
      "bone_length_armature_space": 0.2675251386207547,
      "parent": "upperarm_l",
      "has_children": true,
      "is_end_bone": false
    },
    "metacarpal_thumb_l": {
      "name": "metacarpal_thumb_l",
      "local": {
        "location": {
          "x": 0.0,
          "y": 0.0,
          "z": 0.0
        },
        "rotation_quaternion": {
          "w": 0.9999479651451111,
          "x": 0.00566094322130084,
          "y": -0.008482500910758972,
          "z": 0.0005084714503027499
        },
        "scale": {
          "x": 1.0,
          "y": 1.0,
          "z": 1.0
        },
        "matrix_basis": [
          [
            0.9998555779457092,
            -0.0011129279155284166,
            -0.016958361491560936,
            0.0
          ],
          [
            0.0009208520641550422,
            0.9999353885650635,
            -0.011329923756420612,
            0.0
          ],
          [
            0.016969876363873482,
            0.01131267100572586,
            0.9997919797897339,
            0.0
          ],
          [
            0.0,
            0.0,
            0.0,
            1.0
          ]
        ],
        "rotation_mode": "QUATERNION"
      },
      "armature_space": {
        "head": {
          "x": 0.5155845284461975,
          "y": -0.1925724744796753,
          "z": 0.2164081633090973
        },
        "tail": {
          "x": 0.5211817622184753,
          "y": -0.23285230994224548,
          "z": 0.18812736868858337
        }
      },
      "world_space": {
        "head": {
          "x": 0.5155845284461975,
          "y": -0.12932847440242767,
          "z": 1.166262149810791
        },
        "tail": {
          "x": 0.5211817622184753,
          "y": -0.16960830986499786,
          "z": 1.1379814147949219
        },
        "rotation_quaternion": {
          "w": 0.2699775993824005,
          "x": -0.9117227792739868,
          "y": -0.14325445890426636,
          "z": 0.2745031416416168
        },
        "matrix": [
          [
            0.8082523941993713,
            0.11299807578325272,
            -0.5778921246528625,
            0.5155845284461975
          ],
          [
            0.40943610668182373,
            -0.8131811022758484,
            0.4136408567428589,
            -0.12932847440242767
          ],
          [
            -0.4231930375099182,
            -0.5709407925605774,
            -0.7035254240036011,
            1.166262149810791
          ],
          [
            0.0,
            0.0,
            0.0,
            1.0
          ]
        ]
      },
      "bone_length_armature_space": 0.04953380128625814,
      "parent": "lowerarm_l",
      "has_children": true,
      "is_end_bone": false
    },
    "thumb_01_l": {
      "name": "thumb_01_l",
      "local": {
        "location": {
          "x": 0.0,
          "y": 0.0,
          "z": 0.0
        },
        "rotation_quaternion": {
          "w": 0.9557477235794067,
          "x": 0.2940003275871277,
          "y": -0.0043113213032484055,
          "z": 0.00956450030207634
        },
        "scale": {
          "x": 1.0,
          "y": 1.0,
          "z": 1.0
        },
        "matrix_basis": [
          [
            0.9997798800468445,
            -0.020817559212446213,
            -0.002617138670757413,
            0.0
          ],
          [
            0.015747439116239548,
            0.8269446492195129,
            -0.5620627403259277,
            0.0
          ],
          [
            0.013865003362298012,
            0.5618978142738342,
            0.8270904421806335,
            0.0
          ],
          [
            0.0,
            0.0,
            0.0,
            1.0
          ]
        ],
        "rotation_mode": "QUATERNION"
      },
      "armature_space": {
        "head": {
          "x": 0.5211817622184753,
          "y": -0.23285230994224548,
          "z": 0.18812736868858337
        },
        "tail": {
          "x": 0.5226953029632568,
          "y": -0.23293301463127136,
          "z": 0.15412232279777527
        }
      },
      "world_space": {
        "head": {
          "x": 0.5211817622184753,
          "y": -0.16960830986499786,
          "z": 1.1379814147949219
        },
        "tail": {
          "x": 0.5226953029632568,
          "y": -0.16968901455402374,
          "z": 1.1039763689041138
        },
        "rotation_quaternion": {
          "w": 0.6133266091346741,
          "x": -0.5985652208328247,
          "y": 0.3502073884010315,
          "z": -0.3780277669429779
        },
        "matrix": [
          [
            0.46889954805374146,
            0.04446530342102051,
            0.8821314573287964,
            0.5211817622184753
          ],
          [
            -0.882952868938446,
            -0.0023711323738098145,
            0.4694557785987854,
            -0.16960830986499786
          ],
          [
            0.02296535298228264,
            -0.9990150928497314,
            0.03814944624900818,
            1.1379814147949219
          ],
          [
            0.0,
            0.0,
            0.0,
            1.0
          ]
        ]
      },
      "bone_length_armature_space": 0.03403880823562572,
      "parent": "metacarpal_thumb_l",
      "has_children": true,
      "is_end_bone": false
    },
    "thumb_02_l": {
      "name": "thumb_02_l",
      "local": {
        "location": {
          "x": 0.0,
          "y": 0.0,
          "z": 0.0
        },
        "rotation_quaternion": {
          "w": 0.8993723392486572,
          "x": 0.43699967861175537,
          "y": 0.002488213125616312,
          "z": 0.0124358544126153
        },
        "scale": {
          "x": 1.0,
          "y": 1.0,
          "z": 1.0
        },
        "matrix_basis": [
          [
            0.9996783137321472,
            -0.02019423060119152,
            0.0153445890173316,
            0.0
          ],
          [
            0.024543624371290207,
            0.617753267288208,
            -0.785988986492157,
            0.0
          ],
          [
            0.006393268704414368,
            0.7861127257347107,
            0.6180501580238342,
            0.0
          ],
          [
            0.0,
            0.0,
            0.0,
            1.0
          ]
        ],
        "rotation_mode": "QUATERNION"
      },
      "armature_space": {
        "head": {
          "x": 0.5226952433586121,
          "y": -0.23293299973011017,
          "z": 0.15412232279777527
        },
        "tail": {
          "x": 0.5584484934806824,
          "y": -0.24030129611492157,
          "z": 0.1708732694387436
        }
      },
      "world_space": {
        "head": {
          "x": 0.5226952433586121,
          "y": -0.16968899965286255,
          "z": 1.1039763689041138
        },
        "tail": {
          "x": 0.5584484934806824,
          "y": -0.17705729603767395,
          "z": 1.120727300643921
        },
        "rotation_quaternion": {
          "w": 0.608690083026886,
          "x": 0.0990256816148758,
          "y": -0.19434349238872528,
          "z": -0.7628374099731445
        },
        "matrix": [
          [
            -0.23937951028347015,
            0.890173077583313,
            -0.387671560049057,
            0.5226952433586121
          ],
          [
            -0.9671536684036255,
            -0.18345339596271515,
            0.17595157027244568,
            -0.16968899965286255
          ],
          [
            0.08550737798213959,
            0.41705963015556335,
            0.9048556089401245,
            1.1039763689041138
          ],
          [
            0.0,
            0.0,
            0.0,
            1.0
          ]
        ]
      },
      "bone_length_armature_space": 0.04016442406786353,
      "parent": "thumb_01_l",
      "has_children": true,
      "is_end_bone": false
    },
    "thumb_03_l": {
      "name": "thumb_03_l",
      "local": {
        "location": {
          "x": 0.0,
          "y": 0.0,
          "z": 0.0
        },
        "rotation_quaternion": {
          "w": 0.9905681610107422,
          "x": 0.1368337869644165,
          "y": 0.0060173869132995605,
          "z": 0.0038876107428222895
        },
        "scale": {
          "x": 1.0,
          "y": 1.0,
          "z": 1.0
        },
        "matrix_basis": [
          [
            0.9998973608016968,
            -0.006055123172700405,
            0.012985176406800747,
            0.0
          ],
          [
            0.009348650462925434,
            0.9625228047370911,
            -0.27103960514068604,
            0.0
          ],
          [
            -0.010857351124286652,
            0.2711331844329834,
            0.9624806046485901,
            0.0
          ],
          [
            0.0,
            0.0,
            0.0,
            1.0
          ]
        ],
        "rotation_mode": "QUATERNION"
      },
      "armature_space": {
        "head": {
          "x": 0.5584484338760376,
          "y": -0.24030135571956635,
          "z": 0.17087319493293762
        },
        "tail": {
          "x": 0.5761765837669373,
          "y": -0.24074089527130127,
          "z": 0.19562026858329773
        }
      },
      "world_space": {
        "head": {
          "x": 0.5584484338760376,
          "y": -0.17705735564231873,
          "z": 1.1207271814346313
        },
        "tail": {
          "x": 0.5761765837669373,
          "y": -0.17749689519405365,
          "z": 1.1454743146896362
        },
        "rotation_quaternion": {
          "w": 0.6525828242301941,
          "x": 0.3853769302368164,
          "y": -0.2586846947669983,
          "z": -0.5989177823066711
        },
        "matrix": [
          [
            0.1487554907798767,
            0.5823039412498474,
            -0.7992458343505859,
            0.5584484338760376
          ],
          [
            -0.9810701012611389,
            -0.014437314122915268,
            -0.1931152194738388,
            -0.17705735564231873
          ],
          [
            -0.12399254739284515,
            0.8128485083580017,
            0.5691372156143188,
            1.1207271814346313
          ],
          [
            0.0,
            0.0,
            0.0,
            1.0
          ]
        ]
      },
      "bone_length_armature_space": 0.03044500167174002,
      "parent": "thumb_02_l",
      "has_children": false,
      "is_end_bone": true
    },
    "metacarpal_index_l": {
      "name": "metacarpal_index_l",
      "local": {
        "location": {
          "x": 0.0,
          "y": 0.0,
          "z": 0.0
        },
        "rotation_quaternion": {
          "w": 0.9984911680221558,
          "x": -0.05394119769334793,
          "y": 0.010258665308356285,
          "z": 0.0007413593120872974
        },
        "scale": {
          "x": 1.0,
          "y": 1.0,
          "z": 1.0
        },
        "matrix_basis": [
          [
            0.9997884035110474,
            -0.002587210852652788,
            0.020406393334269524,
            0.0
          ],
          [
            0.0003737520601134747,
            0.9941796064376831,
            0.10773482918739319,
            0.0
          ],
          [
            -0.02056635357439518,
            -0.10770440846681595,
            0.9939702153205872,
            0.0
          ],
          [
            0.0,
            0.0,
            0.0,
            1.0
          ]
        ],
        "rotation_mode": "QUATERNION"
      },
      "armature_space": {
        "head": {
          "x": 0.5155845284461975,
          "y": -0.1925724744796753,
          "z": 0.2164081633090973
        },
        "tail": {
          "x": 0.5786862969398499,
          "y": -0.27282196283340454,
          "z": 0.15889762341976166
        }
      },
      "world_space": {
        "head": {
          "x": 0.5155845284461975,
          "y": -0.12932847440242767,
          "z": 1.166262149810791
        },
        "tail": {
          "x": 0.5786862969398499,
          "y": -0.20957796275615692,
          "z": 1.108751654624939
        },
        "rotation_quaternion": {
          "w": 0.09714954346418381,
          "x": -0.8090636134147644,
          "y": -0.38486069440841675,
          "z": 0.433428555727005
        },
        "matrix": [
          [
            0.328042596578598,
            0.5385409593582153,
            -0.776119589805603,
            0.5155845284461975
          ],
          [
            0.7069686651229858,
            -0.684887707233429,
            -0.17642146348953247,
            -0.12932847440242767
          ],
          [
            -0.6265685558319092,
            -0.49082261323928833,
            -0.6054081320762634,
            1.166262149810791
          ],
          [
            0.0,
            0.0,
            0.0,
            1.0
          ]
        ]
      },
      "bone_length_armature_space": 0.11717199381918808,
      "parent": "lowerarm_l",
      "has_children": true,
      "is_end_bone": false
    },
    "index_01_l": {
      "name": "index_01_l",
      "local": {
        "location": {
          "x": 0.0,
          "y": 0.0,
          "z": 0.0
        },
        "rotation_quaternion": {
          "w": 0.9479042887687683,
          "x": 0.31797024607658386,
          "y": 0.01069414708763361,
          "z": 0.016064638271927834
        },
        "scale": {
          "x": 1.0,
          "y": 1.0,
          "z": 1.0
        },
        "matrix_basis": [
          [
            0.9992551207542419,
            -0.0236546378582716,
            0.03049021027982235,
            0.0
          ],
          [
            0.03725631907582283,
            0.7972736954689026,
            -0.6024671196937561,
            0.0
          ],
          [
            -0.010057901963591576,
            0.6031543016433716,
            0.7975611090660095,
            0.0
          ],
          [
            0.0,
            0.0,
            0.0,
            1.0
          ]
        ],
        "rotation_mode": "QUATERNION"
      },
      "armature_space": {
        "head": {
          "x": 0.5786862969398499,
          "y": -0.27282196283340454,
          "z": 0.15889762341976166
        },
        "tail": {
          "x": 0.5831046104431152,
          "y": -0.28559014201164246,
          "z": 0.13378724455833435
        }
      },
      "world_space": {
        "head": {
          "x": 0.5786862969398499,
          "y": -0.20957796275615692,
          "z": 1.108751654624939
        },
        "tail": {
          "x": 0.5831046104431152,
          "y": -0.22234614193439484,
          "z": 1.0836412906646729
        },
        "rotation_quaternion": {
          "w": 0.35475248098373413,
          "x": -0.6744853258132935,
          "y": -0.3876345753669739,
          "z": 0.5186132788658142
        },
        "matrix": [
          [
            0.16155987977981567,
            0.15495112538337708,
            -0.9746222496032715,
            0.5786862969398499
          ],
          [
            0.8908665776252747,
            -0.44778043031692505,
            0.0764852911233902,
            -0.20957796275615692
          ],
          [
            -0.424567312002182,
            -0.8806217312812805,
            -0.21038535237312317,
            1.108751654624939
          ],
          [
            0.0,
            0.0,
            0.0,
            1.0
          ]
        ]
      },
      "bone_length_armature_space": 0.02851454026541412,
      "parent": "metacarpal_index_l",
      "has_children": true,
      "is_end_bone": false
    },
    "index_02_l": {
      "name": "index_02_l",
      "local": {
        "location": {
          "x": 0.0,
          "y": 0.0,
          "z": 0.0
        },
        "rotation_quaternion": {
          "w": 0.893704354763031,
          "x": 0.4486420452594757,
          "y": -0.0023619041312485933,
          "z": -0.0027213573921471834
        },
        "scale": {
          "x": 1.0,
          "y": 1.0,
          "z": 1.0
        },
        "matrix_basis": [
          [
            0.9999740123748779,
            0.002744878875091672,
            -0.006663518492132425,
            0.0
          ],
          [
            -0.0069834766909480095,
            0.5974258184432983,
            -0.8018938302993774,
            0.0
          ],
          [
            0.001779857324436307,
            0.8019195795059204,
            0.5974294543266296,
            0.0
          ],
          [
            0.0,
            0.0,
            0.0,
            1.0
          ]
        ],
        "rotation_mode": "QUATERNION"
      },
      "armature_space": {
        "head": {
          "x": 0.5831043720245361,
          "y": -0.2855904996395111,
          "z": 0.13378694653511047
        },
        "tail": {
          "x": 0.56598299741745,
          "y": -0.2919539213180542,
          "z": 0.11577417701482773
        }
      },
      "world_space": {
        "head": {
          "x": 0.5831043720245361,
          "y": -0.2223464995622635,
          "z": 1.0836409330368042
        },
        "tail": {
          "x": 0.56598299741745,
          "y": -0.22870992124080658,
          "z": 1.065628170967102
        },
        "rotation_quaternion": {
          "w": 0.5970906615257263,
          "x": -0.43376052379608154,
          "y": -0.1394776850938797,
          "z": 0.660212516784668
        },
        "matrix": [
          [
            0.08933383226394653,
            -0.6674151420593262,
            -0.7393081784248352,
            0.5831043720245361
          ],
          [
            0.9094128608703613,
            -0.24805545806884766,
            0.333822101354599,
            -0.2223464995622635
          ],
          [
            -0.4061891734600067,
            -0.7021628618240356,
            0.5848004817962646,
            1.0836409330368042
          ],
          [
            0.0,
            0.0,
            0.0,
            1.0
          ]
        ]
      },
      "bone_length_armature_space": 0.025653351846484825,
      "parent": "index_01_l",
      "has_children": true,
      "is_end_bone": false
    },
    "index_03_l": {
      "name": "index_03_l",
      "local": {
        "location": {
          "x": 0.0,
          "y": 0.0,
          "z": 0.0
        },
        "rotation_quaternion": {
          "w": 0.931438684463501,
          "x": 0.3638351261615753,
          "y": 0.0030792932957410812,
          "z": 0.006059532985091209
        },
        "scale": {
          "x": 1.0,
          "y": 1.0,
          "z": 1.0
        },
        "matrix_basis": [
          [
            0.9999076128005981,
            -0.00904745701700449,
            0.010145687498152256,
            0.0
          ],
          [
            0.013528876937925816,
            0.7351745367050171,
            -0.6777428984642029,
            0.0
          ],
          [
            -0.0013270039344206452,
            0.6778175234794617,
            0.7352290153503418,
            0.0
          ],
          [
            0.0,
            0.0,
            0.0,
            1.0
          ]
        ],
        "rotation_mode": "QUATERNION"
      },
      "armature_space": {
        "head": {
          "x": 0.5659831166267395,
          "y": -0.29195401072502136,
          "z": 0.11577410250902176
        },
        "tail": {
          "x": 0.5373059511184692,
          "y": -0.28683507442474365,
          "z": 0.11350513994693756
        }
      },
      "world_space": {
        "head": {
          "x": 0.5659831166267395,
          "y": -0.22871001064777374,
          "z": 1.065628170967102
        },
        "tail": {
          "x": 0.5373059511184692,
          "y": -0.22359107434749603,
          "z": 1.0633591413497925
        },
        "rotation_quaternion": {
          "w": 0.7551079988479614,
          "x": -0.16008955240249634,
          "y": 0.13194581866264343,
          "z": 0.621911346912384
        },
        "matrix": [
          [
            0.191632941365242,
            -0.9814667105674744,
            0.00014188885688781738,
            0.5659831166267395
          ],
          [
            0.8969742655754089,
            0.17519444227218628,
            0.4058874249458313,
            -0.22871001064777374
          ],
          [
            -0.3983916640281677,
            -0.07765448093414307,
            0.9139299392700195,
            1.065628170967102
          ],
          [
            0.0,
            0.0,
            0.0,
            1.0
          ]
        ]
      },
      "bone_length_armature_space": 0.029218684693944577,
      "parent": "index_02_l",
      "has_children": false,
      "is_end_bone": true
    },
    "metacarpal_pinky_l": {
      "name": "metacarpal_pinky_l",
      "local": {
        "location": {
          "x": 0.0,
          "y": 0.0,
          "z": 0.0
        },
        "rotation_quaternion": {
          "w": 0.9998680353164673,
          "x": 0.0074515207670629025,
          "y": -0.008221478201448917,
          "z": -0.011862879619002342
        },
        "scale": {
          "x": 1.0,
          "y": 1.0,
          "z": 1.0
        },
        "matrix_basis": [
          [
            0.99958336353302,
            0.023600103333592415,
            -0.016617579385638237,
            0.0
          ],
          [
            -0.02384515292942524,
            0.999607503414154,
            -0.014706013724207878,
            0.0
          ],
          [
            0.016263993456959724,
            0.015096135437488556,
            0.9997537732124329,
            0.0
          ],
          [
            0.0,
            0.0,
            0.0,
            1.0
          ]
        ],
        "rotation_mode": "QUATERNION"
      },
      "armature_space": {
        "head": {
          "x": 0.5155845284461975,
          "y": -0.1925724744796753,
          "z": 0.2164081633090973
        },
        "tail": {
          "x": 0.5999614000320435,
          "y": -0.21721890568733215,
          "z": 0.1605837494134903
        }
      },
      "world_space": {
        "head": {
          "x": 0.5155845284461975,
          "y": -0.12932847440242767,
          "z": 1.166262149810791
        },
        "tail": {
          "x": 0.5999614000320435,
          "y": -0.15397490561008453,
          "z": 1.1104377508163452
        },
        "rotation_quaternion": {
          "w": 0.5211453437805176,
          "x": -0.013835192658007145,
          "y": 0.33175814151763916,
          "z": -0.7862269878387451
        },
        "matrix": [
          [
            -0.4564306139945984,
            0.8102970123291016,
            0.36754560470581055,
            0.5155845284461975
          ],
          [
            -0.8286585807800293,
            -0.2366873025894165,
            -0.5072518587112427,
            -0.12932847440242767
          ],
          [
            -0.324034184217453,
            -0.5360991954803467,
            0.7794955968856812,
            1.166262149810791
          ],
          [
            0.0,
            0.0,
            0.0,
            1.0
          ]
        ]
      },
      "bone_length_armature_space": 0.10413101453545079,
      "parent": "lowerarm_l",
      "has_children": true,
      "is_end_bone": false
    },
    "pinky_01_l": {
      "name": "pinky_01_l",
      "local": {
        "location": {
          "x": 0.0,
          "y": 0.0,
          "z": 0.0
        },
        "rotation_quaternion": {
          "w": 0.9483280181884766,
          "x": 0.3165251612663269,
          "y": 0.019209671765565872,
          "z": 0.010813623666763306
        },
        "scale": {
          "x": 1.0,
          "y": 1.0,
          "z": 1.0
        },
        "matrix_basis": [
          [
            0.9990280866622925,
            -0.008349035866558552,
            0.04327970743179321,
            0.0
          ],
          [
            0.032670412212610245,
            0.7993897795677185,
            -0.5999239087104797,
            0.0
          ],
          [
            -0.029588572680950165,
            0.6007547974586487,
            0.7988856434822083,
            0.0
          ],
          [
            0.0,
            0.0,
            0.0,
            1.0
          ]
        ],
        "rotation_mode": "QUATERNION"
      },
      "armature_space": {
        "head": {
          "x": 0.5999614000320435,
          "y": -0.21721890568733215,
          "z": 0.1605837494134903
