{
  "metadata": {
    "armature_name": "KIM_caucasian_male",
    "export_time": "2026-01-13T21:13:02.641745",
    "blender_version": "4.4.1",
    "bone_count": 56,
    "end_bone_count": 13,
    "spaces_included": [
      "LOCAL_CHANNELS",
      "ARMATURE_SPACE",
      "WORLD_SPACE"
    ],
    "note": "LOCAL matches Transform panel; replay pose via local.matrix_basis for best fidelity."
  },
  "bones": {
    "Root": {
      "name": "Root",
      "local": {
        "location": {
          "x": 0.0,
          "y": 0.0,
          "z": 0.0
        },
        "rotation_quaternion": {
          "w": 0.9999157190322876,
          "x": 0.007237130310386419,
          "y": 0.006069676950573921,
          "z": -0.008910702541470528
        },
        "scale": {
          "x": 1.0,
          "y": 1.0,
          "z": 1.0
        },
        "matrix_basis": [
          [
            0.999767541885376,
            0.017907757312059402,
            0.01200935523957014,
            0.0
          ],
          [
            -0.017732048407197,
            0.9997364282608032,
            -0.014581210911273956,
            0.0
          ],
          [
            -0.012267306447029114,
            0.014364870265126228,
            0.9998215436935425,
            0.0
          ],
          [
            0.0,
            0.0,
            0.0,
            1.0
          ]
        ],
        "rotation_mode": "QUATERNION"
      },
      "armature_space": {
        "head": {
          "x": 0.0,
          "y": 0.07072800397872925,
          "z": -0.009595036506652832
        },
        "tail": {
          "x": 0.0012781817931681871,
          "y": -0.00011918693780899048,
          "z": -0.0010185353457927704
        }
      },
      "world_space": {
        "head": {
          "x": 0.0,
          "y": 0.13397200405597687,
          "z": 0.9402589797973633
        },
        "tail": {
          "x": 0.0012781817931681871,
          "y": 0.06312481313943863,
          "z": 0.9488354921340942
        },
        "rotation_quaternion": {
          "w": 0.06014128774404526,
          "x": 0.9981316924095154,
          "y": 0.009299361146986485,
          "z": 0.005455593578517437
        },
        "matrix": [
          [
            0.999767541885376,
            0.017907757312059402,
            0.01200935523957014,
            0.0
          ],
          [
            0.01922018826007843,
            -0.9925930500030518,
            -0.1199568435549736,
            0.13397200405597687
          ],
          [
            0.009772330522537231,
            0.12015967071056366,
            -0.9927135109901428,
            0.9402589797973633
          ],
          [
            0.0,
            0.0,
            0.0,
            1.0
          ]
        ]
      },
      "bone_length_armature_space": 0.07137586768853797,
      "parent": null,
      "has_children": true,
      "is_end_bone": false
    },
    "spine_01": {
      "name": "spine_01",
      "local": {
        "location": {
          "x": 0.0,
          "y": 0.0,
          "z": 0.0
        },
        "rotation_quaternion": {
          "w": 0.9962830543518066,
          "x": -0.03157183900475502,
          "y": -0.02357148379087448,
          "z": 0.07660192251205444
        },
        "scale": {
          "x": 1.0,
          "y": 1.0,
          "z": 1.0
        },
        "matrix_basis": [
          [
            0.9871530532836914,
            -0.15114600956439972,
            -0.051804665476083755,
            0.0
          ],
          [
            0.15412278473377228,
            0.9862707257270813,
            0.05929773300886154,
            0.0
          ],
          [
            0.042130813002586365,
            -0.06652022153139114,
            0.9968951940536499,
            0.0
          ],
          [
            0.0,
            0.0,
            0.0,
            1.0
          ]
        ],
        "rotation_mode": "QUATERNION"
      },
      "armature_space": {
        "head": {
          "x": 0.0012781817931681871,
          "y": -0.00011918693780899048,
          "z": -0.0010185353457927704
        },
        "tail": {
          "x": -0.07807697355747223,
          "y": 0.04638790339231491,
          "z": 0.4782395362854004
        }
      },
      "world_space": {
        "head": {
          "x": 0.0012781817931681871,
          "y": 0.06312481313943863,
          "z": 0.9488354921340942
        },
        "tail": {
          "x": -0.07807697355747223,
          "y": 0.10963190346956253,
          "z": 1.4280935525894165
        },
        "rotation_quaternion": {
          "w": 0.7369604110717773,
          "x": 0.670782208442688,
          "y": -0.06737762689590454,
          "z": 0.0489993691444397
        },
        "matrix": [
          [
            0.986118733882904,
            -0.16261261701583862,
            -0.03357245773077011,
            0.0012781817931681871
          ],
          [
            -0.018169131129980087,
            0.09530117362737656,
            -0.9952827095985413,
            0.06312481313943863
          ],
          [
            0.16504614055156708,
            0.9820837378501892,
            0.09102344512939453,
            0.9488354921340942
          ],
          [
            0.0,
            0.0,
            0.0,
            1.0
          ]
        ]
      },
      "bone_length_armature_space": 0.48800454620262756,
      "parent": "Root",
      "has_children": true,
      "is_end_bone": false
    },
    "neck_01": {
      "name": "neck_01",
      "local": {
        "location": {
          "x": 0.0,
          "y": 0.0,
          "z": 0.0
        },
        "rotation_quaternion": {
          "w": 0.9906727075576782,
          "x": -0.060327667742967606,
          "y": -0.10299761593341827,
          "z": -0.06572418659925461
        },
        "scale": {
          "x": 1.0,
          "y": 1.0,
          "z": 1.0
        },
        "matrix_basis": [
          [
            0.9701436161994934,
            0.14264953136444092,
            -0.19614388048648834,
            0.0
          ],
          [
            -0.11779510229825974,
            0.9840818047523499,
            0.13306881487369537,
            0.0
          ],
          [
            0.21200382709503174,
            -0.10599108040332794,
            0.9715041518211365,
            0.0
          ],
          [
            0.0,
            0.0,
            0.0,
            1.0
          ]
        ],
        "rotation_mode": "QUATERNION"
      },
      "armature_space": {
        "head": {
          "x": -0.0911475270986557,
          "y": 0.018848862498998642,
          "z": 0.5533029437065125
        },
        "tail": {
          "x": -0.0935029536485672,
          "y": -0.0002970937639474869,
          "z": 0.6539937853813171
        }
      },
      "world_space": {
        "head": {
          "x": -0.0911475270986557,
          "y": 0.08209286630153656,
          "z": 1.5031569004058838
        },
        "tail": {
          "x": -0.0935029536485672,
          "y": 0.06294690817594528,
          "z": 1.6038477420806885
        },
        "rotation_quaternion": {
          "w": 0.6339597702026367,
          "x": 0.7675570249557495,
          "y": -0.0686977282166481,
          "z": -0.06505454331636429
        },
        "matrix": [
          [
            0.9820970892906189,
            -0.022974979132413864,
            -0.1869693249464035,
            -0.0911475270986557
          ],
          [
            -0.18794281780719757,
            -0.18675093352794647,
            -0.9642624258995056,
            0.08209286630153656
          ],
          [
            -0.012763027101755142,
            0.9821453094482422,
            -0.18772770464420319,
            1.5031569004058838
          ],
          [
            0.0,
            0.0,
            0.0,
            1.0
          ]
        ]
      },
      "bone_length_armature_space": 0.10252200464440696,
      "parent": "spine_01",
      "has_children": true,
      "is_end_bone": false
    },
    "head": {
      "name": "head",
      "local": {
        "location": {
          "x": 0.0,
          "y": 0.0,
          "z": 0.0
        },
        "rotation_quaternion": {
          "w": 0.9845037460327148,
          "x": 0.035280562937259674,
          "y": -0.0954480990767479,
          "z": 0.14281928539276123
        },
        "scale": {
          "x": 1.0,
          "y": 1.0,
          "z": 1.0
        },
        "matrix_basis": [
          [
            0.9409846067428589,
            -0.2879471778869629,
            -0.17786052823066711,
            0.0
          ],
          [
            0.2744773030281067,
            0.9567158818244934,
            -0.09673134982585907,
            0.0
          ],
          [
            0.1980155110359192,
            0.042204033583402634,
            0.9792898893356323,
            0.0
          ],
          [
            0.0,
            0.0,
            0.0,
            1.0
          ]
        ],
        "rotation_mode": "QUATERNION"
      },
      "armature_space": {
        "head": {
          "x": -0.09350298345088959,
          "y": -0.00029722973704338074,
          "z": 0.6539937257766724
        },
        "tail": {
          "x": -0.1317940652370453,
          "y": 0.02780168503522873,
          "z": 0.8016335964202881
        }
      },
      "world_space": {
        "head": {
          "x": -0.09350298345088959,
          "y": 0.06294676661491394,
          "z": 1.6038477420806885
        },
        "tail": {
          "x": -0.1317940652370453,
          "y": 0.09104568511247635,
          "z": 1.7514876127243042
        },
        "rotation_quaternion": {
          "w": 0.7354949116706848,
          "x": 0.6393316984176636,
          "y": -0.22279061377048492,
          "z": -0.025818364694714546
        },
        "matrix": [
          [
            0.8993961215019226,
            -0.24689549207687378,
            -0.36073440313339233,
            -0.09350298345088959
          ],
          [
            -0.32285118103027344,
            0.18117786943912506,
            -0.9289467930793762,
            0.06294676661491394
          ],
          [
            0.29471156001091003,
            0.95196133852005,
            0.08323986083269119,
            1.6038477420806885
          ],
          [
            0.0,
            0.0,
            0.0,
            1.0
          ]
        ]
      },
      "bone_length_armature_space": 0.1550912254650049,
      "parent": "neck_01",
      "has_children": false,
      "is_end_bone": true
    },
    "upperarm_l": {
      "name": "upperarm_l",
      "local": {
        "location": {
          "x": 0.0,
          "y": 0.0,
          "z": 0.0
        },
        "rotation_quaternion": {
          "w": 0.9774192571640015,
          "x": 0.11136411875486374,
          "y": 0.09436729550361633,
          "z": 0.1527894139289856
        },
        "scale": {
          "x": 1.0,
          "y": 1.0,
          "z": 1.0
        },
        "matrix_basis": [
          [
            0.93550044298172,
            -0.2776603698730469,
            0.21850334107875824,
            0.0
          ],
          [
            0.31969690322875977,
            0.9285068511962891,
            -0.18886221945285797,
            0.0
          ],
          [
            -0.15044230222702026,
            0.2465355098247528,
            0.9573857188224792,
            0.0
          ],
          [
            0.0,
            0.0,
            0.0,
            1.0
          ]
        ],
        "rotation_mode": "QUATERNION"
      },
      "armature_space": {
        "head": {
          "x": 0.06759205460548401,
          "y": 0.006544433534145355,
          "z": 0.5123465061187744
        },
        "tail": {
          "x": 0.30400848388671875,
          "y": -0.04939812421798706,
          "z": 0.6254194974899292
        }
      },
      "world_space": {
        "head": {
          "x": 0.06759205460548401,
          "y": 0.06978843361139297,
          "z": 1.4622005224227905
        },
        "tail": {
          "x": 0.30400848388671875,
          "y": 0.013845875859260559,
          "z": 1.5752735137939453
        },
        "rotation_quaternion": {
          "w": 0.5161907076835632,
          "x": 0.6760171055793762,
          "y": 0.3593953549861908,
          "z": -0.38390496373176575
        },
        "matrix": [
          [
            0.4469037353992462,
            0.882251501083374,
            -0.14801917970180511,
            0.06759205460548401
          ],
          [
            0.08958038687705994,
            -0.2087647020816803,
            -0.973854660987854,
            0.06978843361139297
          ],
          [
            -0.8900918364524841,
            0.42196226119995117,
            -0.17233222723007202,
            1.4622005224227905
          ],
          [
            0.0,
            0.0,
            0.0,
            1.0
          ]
        ]
      },
      "bone_length_armature_space": 0.26796977415528617,
      "parent": "spine_01",
      "has_children": true,
      "is_end_bone": false
    },
    "lowerarm_l": {
      "name": "lowerarm_l",
      "local": {
        "location": {
          "x": 0.0,
          "y": 0.0,
          "z": 0.0
        },
        "rotation_quaternion": {
          "w": 0.8927611112594604,
          "x": 0.3637826442718506,
          "y": 0.14010220766067505,
          "z": -0.22585690021514893
        },
        "scale": {
          "x": 1.0,
          "y": 1.0,
          "z": 1.0
        },
        "matrix_basis": [
          [
            0.858720064163208,
            0.5052059888839722,
            0.0858299657702446,
            0.0
          ],
          [
            -0.3013390004634857,
            0.6333016753196716,
            -0.7128280997276306,
            0.0
          ],
          [
            -0.4144812524318695,
            0.5862559080123901,
            0.6960670948028564,
            0.0
          ],
          [
            0.0,
            0.0,
            0.0,
            1.0
          ]
        ],
        "rotation_mode": "QUATERNION"
      },
      "armature_space": {
        "head": {
          "x": 0.30400848388671875,
          "y": -0.04939820244908333,
          "z": 0.6254196166992188
        },
        "tail": {
          "x": 0.4574953019618988,
          "y": -0.26104164123535156,
          "z": 0.5686896443367004
        }
      },
      "world_space": {
        "head": {
          "x": 0.30400848388671875,
          "y": 0.013845797628164291,
          "z": 1.5752736330032349
        },
        "tail": {
          "x": 0.4574953019618988,
          "y": -0.19779764115810394,
          "z": 1.5185437202453613
        },
        "rotation_quaternion": {
          "w": 0.06820940971374512,
          "x": 0.798408031463623,
          "y": 0.3158923387527466,
          "z": -0.5080395936965942
        },
        "matrix": [
          [
            0.28421491384506226,
            0.5737299919128418,
            -0.7681509852409363,
            0.30400848388671875
          ],
          [
            0.43511590361595154,
            -0.7911180257797241,
            -0.4298916757106781,
            0.013845797628164291
          ],
          [
            -0.8543452024459839,
            -0.21205535531044006,
            -0.47449010610580444,
            1.5752736330032349
          ],
          [
            0.0,
            0.0,
            0.0,
            1.0
          ]
        ]
      },
      "bone_length_armature_space": 0.26752465168010925,
      "parent": "upperarm_l",
      "has_children": true,
      "is_end_bone": false
    },
    "metacarpal_thumb_l": {
      "name": "metacarpal_thumb_l",
      "local": {
        "location": {
          "x": 0.0,
          "y": 0.0,
          "z": 0.0
        },
        "rotation_quaternion": {
          "w": 0.999424934387207,
          "x": 0.028733452782034874,
          "y": -0.008521361276507378,
          "z": -0.01586453802883625
        },
        "scale": {
          "x": 1.0,
          "y": 1.0,
          "z": 1.0
        },
        "matrix_basis": [
          [
            0.9993513822555542,
            0.03122113272547722,
            -0.017944607883691788,
            0.0
          ],
          [
            -0.03220052644610405,
            0.9978454113006592,
            -0.057163484394550323,
            0.0
          ],
          [
            0.016121236607432365,
            0.05770423263311386,
            0.9982035756111145,
            0.0
          ],
          [
            0.0,
            0.0,
            0.0,
            1.0
          ]
        ],
        "rotation_mode": "QUATERNION"
      },
      "armature_space": {
        "head": {
          "x": 0.4574953019618988,
          "y": -0.26104164123535156,
          "z": 0.5686896443367004
        },
        "tail": {
          "x": 0.4621935486793518,
          "y": -0.29884999990463257,
          "z": 0.5370343923568726
        }
      },
      "world_space": {
        "head": {
          "x": 0.4574953019618988,
          "y": -0.19779764115810394,
          "z": 1.5185437202453613
        },
        "tail": {
          "x": 0.4621935486793518,
          "y": -0.23560599982738495,
          "z": 1.4868884086608887
        },
        "rotation_quaternion": {
          "w": 0.34383153915405273,
          "x": -0.9329360127449036,
          "y": -0.011703009717166424,
          "z": -0.10617613792419434
        },
        "matrix": [
          [
            0.9771794676780701,
            0.09484971314668655,
            0.190063014626503,
            0.4574953019618988
          ],
          [
            -0.05117679014801979,
            -0.7632862329483032,
            0.6440304517745972,
            -0.19779764115810394
          ],
          [
            0.20615988969802856,
            -0.6390650868415833,
            -0.7410179972648621,
            1.5185437202453613
          ],
          [
            0.0,
            0.0,
            0.0,
            1.0
          ]
        ]
      },
      "bone_length_armature_space": 0.049533832224689156,
      "parent": "lowerarm_l",
      "has_children": true,
      "is_end_bone": false
    },
    "thumb_01_l": {
      "name": "thumb_01_l",
      "local": {
        "location": {
          "x": 0.0,
          "y": 0.0,
          "z": 0.0
        },
        "rotation_quaternion": {
          "w": 0.9992201328277588,
          "x": 0.033014100044965744,
          "y": 0.021564599126577377,
          "z": 0.002063020830973983
        },
        "scale": {
          "x": 1.0,
          "y": 1.0,
          "z": 1.0
        },
        "matrix_basis": [
          [
            0.9990614056587219,
            -0.002698952332139015,
            0.0432317815721035,
            0.0
          ],
          [
            0.005546695552766323,
            0.9978116154670715,
            -0.06588772684335709,
            0.0
          ],
          [
            -0.04295934736728668,
            0.06606568396091461,
            0.9968900680541992,
            0.0
          ],
          [
            0.0,
            0.0,
            0.0,
            1.0
          ]
        ],
        "rotation_mode": "QUATERNION"
      },
      "armature_space": {
        "head": {
          "x": 0.4621935486793518,
          "y": -0.29884999990463257,
          "z": 0.5370343923568726
        },
        "tail": {
          "x": 0.4673299789428711,
          "y": -0.29957637190818787,
          "z": 0.5033931732177734
        }
      },
      "world_space": {
        "head": {
          "x": 0.4621935486793518,
          "y": -0.23560599982738495,
          "z": 1.4868884086608887
        },
        "tail": {
          "x": 0.4673299789428711,
          "y": -0.23633237183094025,
          "z": 1.4532471895217896
        },
        "rotation_quaternion": {
          "w": 0.5072175860404968,
          "x": -0.43794557452201843,
          "y": 0.48172619938850403,
          "z": -0.5646892189979553
        },
        "matrix": [
          [
            -0.10186664760112762,
            0.15090063214302063,
            0.9832864999771118,
            0.4621935486793518
          ],
          [
            -0.9947803616523743,
            -0.021339979022741318,
            -0.09978251159191132,
            -0.23560599982738495
          ],
          [
            0.005925292614847422,
            -0.9883254766464233,
            0.15228767693042755,
            1.4868884086608887
          ],
          [
            0.0,
            0.0,
            0.0,
            1.0
          ]
        ]
      },
      "bone_length_armature_space": 0.0340388336905946,
      "parent": "metacarpal_thumb_l",
      "has_children": true,
      "is_end_bone": false
    },
    "thumb_02_l": {
      "name": "thumb_02_l",
      "local": {
        "location": {
          "x": 0.0,
          "y": 0.0,
          "z": 0.0
        },
        "rotation_quaternion": {
          "w": 0.9927717447280884,
          "x": 0.11918220669031143,
          "y": 0.01147160679101944,
          "z": -0.008270123042166233
        },
        "scale": {
          "x": 1.0,
          "y": 1.0,
          "z": 1.0
        },
        "matrix_basis": [
          [
            0.9995999932289124,
            0.0191551111638546,
            0.020806070417165756,
            0.0
          ],
          [
            -0.013686265796422958,
            0.9714544415473938,
            -0.2368312031030655,
            0.0
          ],
          [
            -0.024748677387833595,
            0.23645171523094177,
            0.9713280200958252,
            0.0
          ],
          [
            0.0,
            0.0,
            0.0,
            1.0
          ]
        ],
        "rotation_mode": "QUATERNION"
      },
      "armature_space": {
        "head": {
          "x": 0.4673299193382263,
          "y": -0.2995763421058655,
          "z": 0.5033932328224182
        },
        "tail": {
          "x": 0.49263280630111694,
          "y": -0.3301054537296295,
          "z": 0.49699652194976807
        }
      },
      "world_space": {
        "head": {
          "x": 0.4673299193382263,
          "y": -0.23633234202861786,
          "z": 1.453247308731079
        },
        "tail": {
          "x": 0.49263280630111694,
          "y": -0.2668614387512207,
          "z": 1.4468505382537842
        },
        "rotation_quaternion": {
          "w": 0.33740103244781494,
          "x": -0.018746068701148033,
          "y": 0.0781577005982399,
          "z": -0.9379234910011292
        },
        "matrix": [
          [
            -0.7716181874275208,
            0.629982590675354,
            0.08790619671344757,
            0.4673299193382263
          ],
          [
            -0.6358431577682495,
            -0.7601038813591003,
            -0.13396136462688446,
            -0.23633234202861786
          ],
          [
            -0.017576104030013084,
            -0.15926337242126465,
            0.9870866537094116,
            1.453247308731079
          ],
          [
            0.0,
            0.0,
            0.0,
            1.0
          ]
        ]
      },
      "bone_length_armature_space": 0.04016442003718044,
      "parent": "thumb_01_l",
      "has_children": true,
      "is_end_bone": false
    },
    "thumb_03_l": {
      "name": "thumb_03_l",
      "local": {
        "location": {
          "x": 0.0,
          "y": 0.0,
          "z": 0.0
        },
        "rotation_quaternion": {
          "w": 0.9978939294815063,
          "x": 0.06475688517093658,
          "y": -0.0028110307175666094,
          "z": -0.002522399416193366
        },
        "scale": {
          "x": 1.0,
          "y": 1.0,
          "z": 1.0
        },
        "matrix_basis": [
          [
            0.9999714493751526,
            0.004670106805860996,
            -0.005936906207352877,
            0.0
          ],
          [
            -0.005398241337388754,
            0.9916003942489624,
            -0.12922681868076324,
            0.0
          ],
          [
            0.005283535458147526,
            0.12925519049167633,
            0.9915972948074341,
            0.0
          ],
          [
            0.0,
            0.0,
            0.0,
            1.0
          ]
        ],
        "rotation_mode": "QUATERNION"
      },
      "armature_space": {
        "head": {
          "x": 0.4926327168941498,
          "y": -0.3301054537296295,
          "z": 0.4969964623451233
        },
        "tail": {
          "x": 0.513737142086029,
          "y": -0.35085731744766235,
          "z": 0.5041278600692749
        }
      },
      "world_space": {
        "head": {
          "x": 0.4926327168941498,
          "y": -0.2668614387512207,
          "z": 1.4468505382537842
        },
        "tail": {
          "x": 0.513737142086029,
          "y": -0.2876133322715759,
          "z": 1.453981876373291
        },
        "rotation_quaternion": {
          "w": 0.39789509773254395,
          "x": 0.2285534143447876,
          "y": -0.029480278491973877,
          "z": -0.8880168795585632
        },
        "matrix": [
          [
            -0.5788853168487549,
            0.6932001113891602,
            -0.42937806248664856,
            0.4926327168941498
          ],
          [
            -0.7201508283615112,
            -0.6816205382347107,
            -0.12952342629432678,
            -0.2668614387512207
          ],
          [
            -0.3824617266654968,
            0.23423869907855988,
            0.8937948942184448,
            1.4468505382537842
          ],
          [
            0.0,
            0.0,
            0.0,
            1.0
          ]
        ]
      },
      "bone_length_armature_space": 0.030444924894523325,
      "parent": "thumb_02_l",
      "has_children": false,
      "is_end_bone": true
    },
    "metacarpal_index_l": {
      "name": "metacarpal_index_l",
      "local": {
        "location": {
          "x": 0.0,
          "y": 0.0,
          "z": 0.0
        },
        "rotation_quaternion": {
          "w": 0.9997459650039673,
          "x": -0.008293889462947845,
          "y": 0.017773767933249474,
          "z": 0.0111140301451087
        },
        "scale": {
          "x": 1.0,
          "y": 1.0,
          "z": 1.0
        },
        "matrix_basis": [
          [
            0.9991211295127869,
            -0.022517241537570953,
            0.03535414859652519,
            0.0
          ],
          [
            0.02192758582532406,
            0.9996153712272644,
            0.016978641971945763,
            0.0
          ],
          [
            -0.03572286292910576,
            -0.0161884892731905,
            0.9992306232452393,
            0.0
          ],
          [
            0.0,
            0.0,
            0.0,
            1.0
          ]
        ],
        "rotation_mode": "QUATERNION"
      },
      "armature_space": {
        "head": {
          "x": 0.4574953019618988,
          "y": -0.26104164123535156,
          "z": 0.5686896443367004
        },
        "tail": {
          "x": 0.49386507272720337,
          "y": -0.3635996878147125,
          "z": 0.525234580039978
        }
      },
      "world_space": {
        "head": {
          "x": 0.4574953019618988,
          "y": -0.19779764115810394,
          "z": 1.5185437202453613
        },
        "tail": {
          "x": 0.49386507272720337,
          "y": -0.3003556728363037,
          "z": 1.4750885963439941
        },
        "rotation_quaternion": {
          "w": 0.17191338539123535,
          "x": -0.9619652628898621,
          "y": -0.1811244934797287,
          "z": 0.11073648929595947
        },
        "matrix": [
          [
            0.9098625779151917,
            0.3103969991207123,
            -0.2753250300884247,
            0.4574953019618988
          ],
          [
            0.3865453600883484,
            -0.8752797842025757,
            0.29063448309898376,
            -0.19779764115810394
          ],
          [
            -0.15077514946460724,
            -0.37086644768714905,
            -0.9163727760314941,
            1.5185437202453613
          ],
          [
            0.0,
            0.0,
            0.0,
            1.0
          ]
        ]
      },
      "bone_length_armature_space": 0.11717190837452676,
      "parent": "lowerarm_l",
      "has_children": true,
      "is_end_bone": false
    },
    "index_01_l": {
      "name": "index_01_l",
      "local": {
        "location": {
          "x": 0.0,
          "y": 0.0,
          "z": 0.0
        },
        "rotation_quaternion": {
          "w": 0.9983066320419312,
          "x": -0.057528868317604065,
          "y": -0.00352249457500875,
          "z": -0.007878053933382034
        },
        "scale": {
          "x": 1.0,
          "y": 1.0,
          "z": 1.0
        },
        "matrix_basis": [
          [
            0.9998510479927063,
            0.01613471657037735,
            -0.006126628257334232,
            0.0
          ],
          [
            -0.015324137173593044,
            0.9932567477226257,
            0.11491840332746506,
            0.0
          ],
          [
            0.007939490489661694,
            -0.11480739712715149,
            0.9933560490608215,
            0.0
          ],
          [
            0.0,
            0.0,
            0.0,
            1.0
          ]
        ],
        "rotation_mode": "QUATERNION"
      },
      "armature_space": {
        "head": {
          "x": 0.49386507272720337,
          "y": -0.3635996878147125,
          "z": 0.525234580039978
        },
        "tail": {
          "x": 0.5128859281539917,
          "y": -0.38433223962783813,
          "z": 0.5206043720245361
        }
      },
      "world_space": {
        "head": {
          "x": 0.49386507272720337,
          "y": -0.3003556728363037,
          "z": 1.4750885963439941
        },
        "tail": {
          "x": 0.5128859281539917,
          "y": -0.3210882544517517,
          "z": 1.4704583883285522
        },
        "rotation_quaternion": {
          "w": 0.07484868913888931,
          "x": -0.9287108182907104,
          "y": -0.3617345988750458,
          "z": 0.03228060528635979
        },
        "matrix": [
          [
            0.7362120747566223,
            0.6670613884925842,
            -0.1141098290681839,
            0.49386507272720337
          ],
          [
            0.676726222038269,
            -0.7270916700363159,
            0.11567077040672302,
            -0.3003556728363037
          ],
          [
            -0.0058083259500563145,
            -0.16238120198249817,
            -0.9867181777954102,
            1.4750885963439941
          ],
          [
            0.0,
            0.0,
            0.0,
            1.0
          ]
        ]
      },
      "bone_length_armature_space": 0.02851439048224044,
      "parent": "metacarpal_index_l",
      "has_children": true,
      "is_end_bone": false
    },
    "index_02_l": {
      "name": "index_02_l",
      "local": {
        "location": {
          "x": 0.0,
          "y": 0.0,
          "z": 0.0
        },
        "rotation_quaternion": {
          "w": 0.9830182194709778,
          "x": 0.1833932101726532,
          "y": -0.005203887354582548,
          "z": -0.003904573153704405
        },
        "scale": {
          "x": 1.0,
          "y": 1.0,
          "z": 1.0
        },
        "matrix_basis": [
          [
            0.999915361404419,
            0.005767818074673414,
            -0.011663176119327545,
            0.0
          ],
          [
            -0.009585248306393623,
            0.9327033758163452,
            -0.36051708459854126,
            0.0
          ],
          [
            0.008798887953162193,
            0.3605983853340149,
            0.9326797127723694,
            0.0
          ],
          [
            0.0,
            0.0,
            0.0,
            1.0
          ]
        ],
        "rotation_mode": "QUATERNION"
      },
      "armature_space": {
        "head": {
          "x": 0.5128859281539917,
          "y": -0.38433265686035156,
          "z": 0.5206040143966675
        },
        "tail": {
          "x": 0.5283071994781494,
          "y": -0.40078356862068176,
          "z": 0.5083710551261902
        }
      },
      "world_space": {
        "head": {
          "x": 0.5128859281539917,
          "y": -0.32108867168426514,
          "z": 1.4704580307006836
        },
        "tail": {
          "x": 0.5283071994781494,
          "y": -0.33753955364227295,
          "z": 1.4582250118255615
        },
        "rotation_quaternion": {
          "w": 0.21360503137111664,
          "x": -0.8967791199684143,
          "y": -0.3656957149505615,
          "z": 0.12816748023033142
        },
        "matrix": [
          [
            0.6996788382530212,
            0.601142406463623,
            -0.3861054480075836,
            0.5128859281539917
          ],
          [
            0.7106515765190125,
            -0.6412791609764099,
            0.2893710732460022,
            -0.32108867168426514
          ],
          [
            -0.07364809513092041,
            -0.4768572449684143,
            -0.875898003578186,
            1.4704580307006836
          ],
          [
            0.0,
            0.0,
            0.0,
            1.0
          ]
        ]
      },
      "bone_length_armature_space": 0.025653331141778344,
      "parent": "index_01_l",
      "has_children": true,
      "is_end_bone": false
    },
    "index_03_l": {
      "name": "index_03_l",
      "local": {
        "location": {
          "x": 0.0,
          "y": 0.0,
          "z": 0.0
        },
        "rotation_quaternion": {
          "w": 0.9725430607795715,
          "x": 0.2326943576335907,
          "y": 0.0031689144670963287,
          "z": 0.0018787297885864973
        },
        "scale": {
          "x": 1.0,
          "y": 1.0,
          "z": 1.0
        },
        "matrix_basis": [
          [
            0.9999728798866272,
            -0.0021795141510665417,
            0.007038151379674673,
            0.0
          ],
          [
            0.005129068158566952,
            0.8916996121406555,
            -0.4525986611843109,
            0.0
          ],
          [
            -0.005289471708238125,
            0.4526224732398987,
            0.8916865587234497,
            0.0
          ],
          [
            0.0,
            0.0,
            0.0,
            1.0
          ]
        ],
        "rotation_mode": "QUATERNION"
      },
      "armature_space": {
        "head": {
          "x": 0.5283072590827942,
          "y": -0.40078359842300415,
          "z": 0.5083711743354797
        },
        "tail": {
          "x": 0.5393683314323425,
          "y": -0.40982916951179504,
          "z": 0.4828844964504242
        }
      },
      "world_space": {
        "head": {
          "x": 0.5283072590827942,
          "y": -0.3375396132469177,
          "z": 1.4582252502441406
        },
        "tail": {
          "x": 0.5393683314323425,
          "y": -0.34658515453338623,
          "z": 1.4327385425567627
        },
        "rotation_quaternion": {
          "w": 0.4694267511367798,
          "x": -0.7868069410324097,
          "y": -0.35333752632141113,
          "z": 0.18901343643665314
        },
        "matrix": [
          [
            0.6788519024848938,
            0.378561407327652,
            -0.6291673183441162,
            0.5283072590827942
          ],
          [
            0.7334739565849304,
            -0.30958205461502075,
            0.6051239967346191,
            -0.3375396132469177
          ],
          [
            0.03429844230413437,
            -0.8722738027572632,
            -0.48782798647880554,
            1.4582252502441406
          ],
          [
            0.0,
            0.0,
            0.0,
            1.0
          ]
        ]
      },
      "bone_length_armature_space": 0.02921883737227023,
      "parent": "index_02_l",
      "has_children": false,
      "is_end_bone": true
    },
    "metacarpal_pinky_l": {
      "name": "metacarpal_pinky_l",
      "local": {
        "location": {
          "x": 0.0,
          "y": 0.0,
          "z": 0.0
        },
        "rotation_quaternion": {
          "w": 0.9999396800994873,
          "x": 0.00956355594098568,
          "y": 0.002631020499393344,
          "z": -0.0047396705485880375
        },
        "scale": {
          "x": 1.0,
          "y": 1.0,
          "z": 1.0
        },
        "matrix_basis": [
          [
            0.9999412298202515,
            0.009529093280434608,
            0.005171067547053099,
            0.0
          ],
          [
            -0.009428445249795914,
            0.9997721314430237,
            -0.01915089786052704,
            0.0
          ],
          [
            -0.005352379754185677,
            0.019101018086075783,
            0.9998032450675964,
            0.0
          ],
          [
            0.0,
            0.0,
            0.0,
            1.0
          ]
        ],
        "rotation_mode": "QUATERNION"
      },
      "armature_space": {
        "head": {
          "x": 0.4574953019618988,
          "y": -0.26104164123535156,
          "z": 0.5686896443367004
        },
        "tail": {
          "x": 0.5375536680221558,
          "y": -0.3273700773715973,
          "z": 0.5628228783607483
        }
      },
      "world_space": {
        "head": {
          "x": 0.4574953019618988,
          "y": -0.19779764115810394,
          "z": 1.5185437202453613
        },
        "tail": {
          "x": 0.5375536680221558,
          "y": -0.2641260623931885,
          "z": 1.5126769542694092
        },
        "rotation_quaternion": {
          "w": 0.3798959255218506,
          "x": 0.3494708836078644,
          "y": 0.1928533911705017,
          "z": -0.8344799876213074
        },
        "matrix": [
          [
            -0.467098206281662,
            0.768825113773346,
            -0.4367235004901886,
            0.4574953019618988
          ],
          [
            -0.4992387592792511,
            -0.6369725465774536,
            -0.5873900651931763,
            -0.19779764115810394
          ],
          [
            -0.7297863960266113,
            -0.05634063482284546,
            0.6813600063323975,
            1.5185437202453613
          ],
          [
            0.0,
            0.0,
            0.0,
            1.0
          ]
        ]
      },
      "bone_length_armature_space": 0.10413079539568557,
      "parent": "lowerarm_l",
      "has_children": true,
      "is_end_bone": false
    },
    "pinky_01_l": {
      "name": "pinky_01_l",
      "local": {
        "location": {
          "x": 0.0,
          "y": 0.0,
          "z": 0.0
        },
        "rotation_quaternion": {
          "w": 0.999167799949646,
          "x": 0.03603893518447876,
          "y": -0.014708233997225761,
          "z": -0.01219023298472166
        },
        "scale": {
          "x": 1.0,
          "y": 1.0,
          "z": 1.0
        },
        "matrix_basis": [
          [
            0.9992701411247253,
            0.023300038650631905,
            -0.030270634219050407,
            0.0
          ],
          [
            -0.02542031556367874,
            0.9971051812171936,
            -0.07165929675102234,
            0.0
          ],
          [
            0.028513342142105103,
            0.07237648218870163,
            0.9969696998596191,
            0.0
          ],
          [
            0.0,
            0.0,
            0.0,
            1.0
          ]
        ],
        "rotation_mode": "QUATERNION"
      },
      "armature_space": {
        "head": {
          "x": 0.5375536680221558,
          "y": -0.3273700773715973,
          "z": 0.5628228783607483
        },
