{
  "metadata": {
    "armature_name": "KIM_caucasian_male",
    "export_time": "2026-01-13T21:16:05.518657",
    "blender_version": "4.4.1",
    "bone_count": 56,
    "end_bone_count": 13,
    "spaces_included": [
      "LOCAL_CHANNELS",
      "ARMATURE_SPACE",
      "WORLD_SPACE"
    ],
    "note": "LOCAL matches Transform panel; replay pose via local.matrix_basis for best fidelity."
  },
  "bones": {
    "Root": {
      "name": "Root",
      "local": {
        "location": {
          "x": 0.0,
          "y": 0.0,
          "z": 0.0
        },
        "rotation_quaternion": {
          "w": 0.9995445609092712,
          "x": 0.00037280263495631516,
          "y": 0.0036156002897769213,
          "z": 0.029958708211779594
        },
        "scale": {
          "x": 1.0,
          "y": 1.0,
          "z": 1.0
        },
        "matrix_basis": [
          [
            0.9981787800788879,
            -0.05988743156194687,
            0.007250244729220867,
            0.0
          ],
          [
            0.05989282205700874,
            0.9982046484947205,
            -0.0005286282394081354,
            0.0
          ],
          [
            -0.00720556965097785,
            0.0009619031334295869,
            0.9999735951423645,
            0.0
          ],
          [
            0.0,
            0.0,
            0.0,
            1.0
          ]
        ],
        "rotation_mode": "QUATERNION"
      },
      "armature_space": {
        "head": {
          "x": 0.0,
          "y": 0.07072800397872925,
          "z": -0.009595036506652832
        },
        "tail": {
          "x": -0.004274517297744751,
          "y": 0.0001177564263343811,
          "z": -8.526165038347244e-05
        }
      },
      "world_space": {
        "head": {
          "x": 0.0,
          "y": 0.13397200405597687,
          "z": 0.9402589797973633
        },
        "tail": {
          "x": -0.004274517297744751,
          "y": 0.063361756503582,
          "z": 0.9497687816619873
        },
        "rotation_quaternion": {
          "w": 0.0669650286436081,
          "x": 0.9972990155220032,
          "y": -0.02964708022773266,
          "z": 0.005625642370432615
        },
        "matrix": [
          [
            0.9981787800788879,
            -0.05988743156194687,
            0.007250244729220867,
            0.0
          ],
          [
            -0.05838054418563843,
            -0.9892733693122864,
            -0.13390231132507324,
            0.13397200405597687
          ],
          [
            0.015191590413451195,
            0.1332351565361023,
            -0.9909750819206238,
            0.9402589797973633
          ],
          [
            0.0,
            0.0,
            0.0,
            1.0
          ]
        ]
      },
      "bone_length_armature_space": 0.07137586645412496,
      "parent": null,
      "has_children": true,
      "is_end_bone": false
    },
    "spine_01": {
      "name": "spine_01",
      "local": {
        "location": {
          "x": 0.0,
          "y": 0.0,
          "z": 0.0
        },
        "rotation_quaternion": {
          "w": 0.9947099685668945,
          "x": 0.06749280542135239,
          "y": 0.014228258281946182,
          "z": 0.07612164318561554
        },
        "scale": {
          "x": 1.0,
          "y": 1.0,
          "z": 1.0
        },
        "matrix_basis": [
          [
            0.9880061149597168,
            -0.14951729774475098,
            0.03858130797743797,
            0.0
          ],
          [
            0.15335851907730103,
            0.9793004393577576,
            -0.13210538029670715,
            0.0
          ],
          [
            -0.01803065463900566,
            0.13643768429756165,
            0.9904845356941223,
            0.0
          ],
          [
            0.0,
            0.0,
            0.0,
            1.0
          ]
        ],
        "rotation_mode": "QUATERNION"
      },
      "armature_space": {
        "head": {
          "x": -0.004274517297744751,
          "y": 0.0001177564263343811,
          "z": -8.526165038347244e-05
        },
        "tail": {
          "x": -0.0870048850774765,
          "y": -0.039864592254161835,
          "z": 0.47919073700904846
        }
      },
      "world_space": {
        "head": {
          "x": -0.004274517297744751,
          "y": 0.063361756503582,
          "z": 0.9497687816619873
        },
        "tail": {
          "x": -0.0870048850774765,
          "y": 0.023379407823085785,
          "z": 1.4290447235107422
        },
        "rotation_quaternion": {
          "w": 0.6740119457244873,
          "x": 0.7337477207183838,
          "y": -0.06886506825685501,
          "z": 0.05079270899295807
        },
        "matrix": [
          [
            0.9853553175926208,
            -0.1695290207862854,
            -0.0182948000729084,
            -0.004274517297744751
          ],
          [
            -0.03259047120809555,
            -0.08193083852529526,
            -0.9961050152778625,
            0.063361756503582
          ],
          [
            0.16737094521522522,
            0.9821204543113708,
            -0.08625756949186325,
            0.9497687816619873
          ],
          [
            0.0,
            0.0,
            0.0,
            1.0
          ]
        ]
      },
      "bone_length_armature_space": 0.48800449252802747,
      "parent": "Root",
      "has_children": true,
      "is_end_bone": false
    },
    "neck_01": {
      "name": "neck_01",
      "local": {
        "location": {
          "x": 0.0,
          "y": 0.0,
          "z": 0.0
        },
        "rotation_quaternion": {
          "w": 0.9917742013931274,
          "x": -0.09186545014381409,
          "y": 0.06272099167108536,
          "z": -0.06333243101835251
        },
        "scale": {
          "x": 1.0,
          "y": 1.0,
          "z": 1.0
        },
        "matrix_basis": [
          [
            0.9841101765632629,
            0.1140991598367691,
            0.13604624569416046,
            0.0
          ],
          [
            -0.1371467262506485,
            0.975099503993988,
            0.17427502572536469,
            0.0
          ],
          [
            -0.11277399957180023,
            -0.19016411900520325,
            0.9752536416053772,
            0.0
          ],
          [
            0.0,
            0.0,
            0.0,
            1.0
          ]
        ],
        "rotation_mode": "QUATERNION"
      },
      "armature_space": {
        "head": {
          "x": -0.10005201399326324,
          "y": -0.08040880411863327,
          "z": 0.5481085777282715
        },
        "tail": {
          "x": -0.10578872263431549,
          "y": -0.10885881632566452,
          "z": 0.6464368104934692
        }
      },
      "world_space": {
        "head": {
          "x": -0.10005201399326324,
          "y": -0.01716480404138565,
          "z": 1.4979625940322876
        },
        "tail": {
          "x": -0.10578872263431549,
          "y": -0.0456148162484169,
          "z": 1.5962908267974854
        },
        "rotation_quaternion": {
          "w": 0.6005996465682983,
          "x": 0.7954991459846497,
          "y": 0.02298349142074585,
          "z": 0.07702551037073135
        },
        "matrix": [
          [
            0.9870777130126953,
            -0.05595624819397926,
            0.1501547396183014,
            -0.10005201399326324
          ],
          [
            0.12908929586410522,
            -0.2775033116340637,
            -0.9520126581192017,
            -0.01716480404138565
          ],
          [
            0.09494028985500336,
            0.9591002464294434,
            -0.2666967809200287,
            1.4979625940322876
          ],
          [
            0.0,
            0.0,
            0.0,
            1.0
          ]
        ]
      },
      "bone_length_armature_space": 0.1025219708628163,
      "parent": "spine_01",
      "has_children": true,
      "is_end_bone": false
    },
    "head": {
      "name": "head",
      "local": {
        "location": {
          "x": 0.0,
          "y": 0.0,
          "z": 0.0
        },
        "rotation_quaternion": {
          "w": 0.9734621047973633,
          "x": 0.006002469453960657,
          "y": -0.10392051935195923,
          "z": 0.2038043737411499
        },
        "scale": {
          "x": 1.0,
          "y": 1.0,
          "z": 1.0
        },
        "matrix_basis": [
          [
            0.8953285813331604,
            -0.39803922176361084,
            -0.1998787224292755,
            0.0
          ],
          [
            0.3955441117286682,
            0.91685551404953,
            -0.05404526740312576,
            0.0
          ],
          [
            0.20477204024791718,
            -0.030672559514641762,
            0.9783290028572083,
            0.0
          ],
          [
            0.0,
            0.0,
            0.0,
            1.0
          ]
        ],
        "rotation_mode": "QUATERNION"
      },
      "armature_space": {
        "head": {
          "x": -0.1057886928319931,
          "y": -0.10885894298553467,
          "z": 0.6464366912841797
        },
        "tail": {
          "x": -0.1825219988822937,
          "y": -0.09981154650449753,
          "z": 0.7809111475944519
        }
      },
      "world_space": {
        "head": {
          "x": -0.1057886928319931,
          "y": -0.04561494290828705,
          "z": 1.5962907075881958
        },
        "tail": {
          "x": -0.1825219988822937,
          "y": -0.03656754642724991,
          "z": 1.7307651042938232
        },
        "rotation_quaternion": {
          "w": 0.6976504921913147,
          "x": 0.6678880453109741,
          "y": -0.20603683590888977,
          "z": 0.1573471873998642
        },
        "matrix": [
          [
            0.8655816316604614,
            -0.49476566910743713,
            -0.07730086147785187,
            -0.1057886928319931
          ],
          [
            -0.055669307708740234,
            0.05833632871508598,
            -0.9967437386512756,
            -0.04561494290828705
          ],
          [
            0.49766743183135986,
            0.8670724630355835,
            0.02295081317424774,
            1.5962907075881958
          ],
          [
            0.0,
            0.0,
            0.0,
            1.0
          ]
        ]
      },
      "bone_length_armature_space": 0.15509105127303682,
      "parent": "neck_01",
      "has_children": false,
      "is_end_bone": true
    },
    "upperarm_l": {
      "name": "upperarm_l",
      "local": {
        "location": {
          "x": 0.0,
          "y": 0.0,
          "z": 0.0
        },
        "rotation_quaternion": {
          "w": 0.9987082481384277,
          "x": 0.037604883313179016,
          "y": -0.019040370360016823,
          "z": -0.02837768755853176
        },
        "scale": {
          "x": 1.0,
          "y": 1.0,
          "z": 1.0
        },
        "matrix_basis": [
          [
            0.9976643323898315,
            0.05525004118680954,
            -0.04016583040356636,
            0.0
          ],
          [
            -0.058114081621170044,
            0.9955611824989319,
            -0.07403197139501572,
            0.0
          ],
          [
            0.03589726984500885,
            0.07619325816631317,
            0.9964466691017151,
            0.0
          ],
          [
            0.0,
            0.0,
            0.0,
            1.0
          ]
        ],
        "rotation_mode": "QUATERNION"
      },
      "armature_space": {
        "head": {
          "x": 0.05908661335706711,
          "y": -0.08296769857406616,
          "z": 0.5069330334663391
        },
        "tail": {
          "x": 0.32554829120635986,
          "y": -0.0994952917098999,
          "z": 0.5300117135047913
        }
      },
      "world_space": {
        "head": {
          "x": 0.05908661335706711,
          "y": -0.019723698496818542,
          "z": 1.456787109375
        },
        "tail": {
          "x": 0.32554829120635986,
          "y": -0.03625129163265228,
          "z": 1.4798657894134521
        },
        "rotation_quaternion": {
          "w": 0.4882332980632782,
          "x": 0.5539154410362244,
          "y": 0.4804055392742157,
          "z": -0.4733038544654846
        },
        "matrix": [
          [
            0.09038738906383514,
            0.9943733811378479,
            -0.05524023622274399,
            0.05908661335706711
          ],
          [
            0.07004287838935852,
            -0.06167716160416603,
            -0.9956355094909668,
            -0.019723698496818542
          ],
          [
            -0.9934473633766174,
            0.08612421900033951,
            -0.0752250999212265,
            1.456787109375
          ],
          [
            0.0,
            0.0,
            0.0,
            1.0
          ]
        ]
      },
      "bone_length_armature_space": 0.26796941444325717,
      "parent": "spine_01",
      "has_children": true,
      "is_end_bone": false
    },
    "lowerarm_l": {
      "name": "lowerarm_l",
      "local": {
        "location": {
          "x": 0.0,
          "y": 0.0,
          "z": 0.0
        },
        "rotation_quaternion": {
          "w": 0.9252691268920898,
          "x": 0.2985011339187622,
          "y": 0.04230150207877159,
          "z": -0.2301841527223587
        },
        "scale": {
          "x": 1.0,
          "y": 1.0,
          "z": 1.0
        },
        "matrix_basis": [
          [
            0.8904516696929932,
            0.4512186646461487,
            -0.0591399148106575,
            0.0
          ],
          [
            -0.40071049332618713,
            0.7158246636390686,
            -0.5718620419502258,
            0.0
          ],
          [
            -0.21570101380348206,
            0.5329135060310364,
            0.8182153105735779,
            0.0
          ],
          [
            0.0,
            0.0,
            0.0,
            1.0
          ]
        ],
        "rotation_mode": "QUATERNION"
      },
      "armature_space": {
        "head": {
          "x": 0.325548380613327,
          "y": -0.09949535876512527,
          "z": 0.5300118327140808
        },
        "tail": {
          "x": 0.5009436011314392,
          "y": -0.2832956910133362,
          "z": 0.44620585441589355
        }
      },
      "world_space": {
        "head": {
          "x": 0.325548380613327,
          "y": -0.036251358687877655,
          "z": 1.4798657894134521
        },
        "tail": {
          "x": 0.5009436011314392,
          "y": -0.22005169093608856,
          "z": 1.3960598707199097
        },
        "rotation_quaternion": {
          "w": 0.15850001573562622,
          "x": 0.6006130576133728,
          "y": 0.3624334931373596,
          "z": -0.6948263049125671
        },
        "matrix": [
          [
            -0.22828413546085358,
            0.6556230187416077,
            -0.719753086566925,
            0.325548380613327
          ],
          [
            0.21510328352451324,
            -0.687041163444519,
            -0.6940500140190125,
            -0.036251358687877655
          ],
          [
            -0.949541449546814,
            -0.3132646977901459,
            0.01581338420510292,
            1.4798657894134521
          ],
          [
            0.0,
            0.0,
            0.0,
            1.0
          ]
        ]
      },
      "bone_length_armature_space": 0.2675247443686114,
      "parent": "upperarm_l",
      "has_children": true,
      "is_end_bone": false
    },
    "metacarpal_thumb_l": {
      "name": "metacarpal_thumb_l",
      "local": {
        "location": {
          "x": 0.0,
          "y": 0.0,
          "z": 0.0
        },
        "rotation_quaternion": {
          "w": 0.9995161890983582,
          "x": -0.023481307551264763,
          "y": -0.017871815711259842,
          "z": 0.009828762151300907
        },
        "scale": {
          "x": 1.0,
          "y": 1.0,
          "z": 1.0
        },
        "matrix_basis": [
          [
            0.9991679787635803,
            -0.018808705732226372,
            -0.036187924444675446,
            0.0
          ],
          [
            0.02048732154071331,
            0.9987040758132935,
            0.04658857733011246,
            0.0
          ],
          [
            0.035264752805233,
            -0.04729120805859566,
            0.9982584714889526,
            0.0
          ],
          [
            0.0,
            0.0,
            0.0,
            1.0
          ]
        ],
        "rotation_mode": "QUATERNION"
      },
      "armature_space": {
        "head": {
          "x": 0.5009436011314392,
          "y": -0.2832956910133362,
          "z": 0.44620585441589355
        },
        "tail": {
          "x": 0.5033470392227173,
          "y": -0.32936787605285645,
          "z": 0.4281734228134155
        }
      },
      "world_space": {
        "head": {
          "x": 0.5009436011314392,
          "y": -0.22005169093608856,
          "z": 1.3960598707199097
        },
        "tail": {
          "x": 0.5033470392227173,
          "y": -0.26612389087677,
          "z": 1.3780274391174316
        },
        "rotation_quaternion": {
          "w": 0.17845751345157623,
          "x": -0.9682731628417969,
          "y": -0.055622171610593796,
          "z": 0.16584986448287964
        },
        "matrix": [
          [
            0.9387999176979065,
            0.048520784825086594,
            -0.34102821350097656,
            0.5009436011314392
          ],
          [
            0.16690915822982788,
            -0.9301185011863708,
            0.327140748500824,
            -0.22005169093608856
          ],
          [
            -0.3013254702091217,
            -0.3640437722206116,
            -0.8812994956970215,
            1.3960598707199097
          ],
          [
            0.0,
            0.0,
            0.0,
            1.0
          ]
        ]
      },
      "bone_length_armature_space": 0.04953373912474086,
      "parent": "lowerarm_l",
      "has_children": true,
      "is_end_bone": false
    },
    "thumb_01_l": {
      "name": "thumb_01_l",
      "local": {
        "location": {
          "x": 0.0,
          "y": 0.0,
          "z": 0.0
        },
        "rotation_quaternion": {
          "w": 0.9700387120246887,
          "x": 0.24247300624847412,
          "y": -0.009389825165271759,
          "z": -0.011988303624093533
        },
        "scale": {
          "x": 1.0,
          "y": 1.0,
          "z": 1.0
        },
        "matrix_basis": [
          [
            0.9995362162590027,
            0.018704678863286972,
            -0.024030668660998344,
            0.0
          ],
          [
            -0.027811795473098755,
            0.8821262717247009,
            -0.47019127011299133,
            0.0
          ],
          [
            0.012403307482600212,
            0.470641553401947,
            0.8822373151779175,
            0.0
          ],
          [
            0.0,
            0.0,
            0.0,
            1.0
          ]
        ],
        "rotation_mode": "QUATERNION"
      },
      "armature_space": {
        "head": {
          "x": 0.5033470392227173,
          "y": -0.32936787605285645,
          "z": 0.4281734228134155
        },
        "tail": {
          "x": 0.5079852342605591,
          "y": -0.3398418426513672,
          "z": 0.39611998200416565
        }
      },
      "world_space": {
        "head": {
          "x": 0.5033470392227173,
          "y": -0.26612389087677,
          "z": 1.3780274391174316
        },
        "tail": {
          "x": 0.5079852342605591,
          "y": -0.27659785747528076,
          "z": 1.3459739685058594
        },
        "rotation_quaternion": {
          "w": 0.5021336674690247,
          "x": -0.6226682066917419,
          "y": 0.30660563707351685,
          "z": -0.515886664390564
        },
        "matrix": [
          [
            0.2797071635723114,
            0.13626304268836975,
            0.9503663778305054,
            0.5033470392227173
          ],
          [
            -0.8999154567718506,
            -0.30770888924598694,
            0.308977872133255,
            -0.26612389087677
          ],
          [
            0.33453986048698425,
            -0.9416796565055847,
            0.03655734658241272,
            1.3780274391174316
          ],
          [
            0.0,
            0.0,
            0.0,
            1.0
          ]
        ]
      },
      "bone_length_armature_space": 0.03403879999416763,
      "parent": "metacarpal_thumb_l",
      "has_children": true,
      "is_end_bone": false
    },
    "thumb_02_l": {
      "name": "thumb_02_l",
      "local": {
        "location": {
          "x": 0.0,
          "y": 0.0,
          "z": 0.0
        },
        "rotation_quaternion": {
          "w": 0.8988550901412964,
          "x": 0.43814927339553833,
          "y": -0.00910267699509859,
          "z": -0.0013837168226018548
        },
        "scale": {
          "x": 1.0,
          "y": 1.0,
          "z": 1.0
        },
        "matrix_basis": [
          [
            0.999830424785614,
            -0.005489140748977661,
            -0.01757652498781681,
            0.0
          ],
          [
            -0.010464183986186981,
            0.6160466074943542,
            -0.7876402139663696,
            0.0
          ],
          [
            0.015151426196098328,
            0.7876905798912048,
            0.6158847212791443,
            0.0
          ],
          [
            0.0,
            0.0,
            0.0,
            1.0
          ]
        ],
        "rotation_mode": "QUATERNION"
      },
      "armature_space": {
        "head": {
          "x": 0.5079851746559143,
          "y": -0.3398418128490448,
          "z": 0.39611998200416565
        },
        "tail": {
          "x": 0.5395312309265137,
          "y": -0.34804728627204895,
          "z": 0.41958701610565186
        }
      },
      "world_space": {
        "head": {
          "x": 0.5079851746559143,
          "y": -0.276597797870636,
          "z": 1.3459739685058594
        },
        "tail": {
          "x": 0.5395312309265137,
          "y": -0.28480327129364014,
          "z": 1.369441032409668
        },
        "rotation_quaternion": {
          "w": 0.519190788269043,
          "x": 0.027681071311235428,
          "y": -0.35817813873291016,
          "z": -0.7754889130592346
        },
        "matrix": [
          [
            -0.4593476355075836,
            0.7854238748550415,
            -0.414860337972641,
            0.5079851746559143
          ],
          [
            -0.8250842690467834,
            -0.20429706573486328,
            0.5267813205718994,
            -0.276597797870636
          ],
          [
            0.3289933502674103,
            0.5842743515968323,
            0.741890013217926,
            1.3459739685058594
          ],
          [
            0.0,
            0.0,
            0.0,
            1.0
          ]
        ]
      },
      "bone_length_armature_space": 0.0401644763308414,
      "parent": "thumb_01_l",
      "has_children": true,
      "is_end_bone": false
    },
    "thumb_03_l": {
      "name": "thumb_03_l",
      "local": {
        "location": {
          "x": 0.0,
          "y": 0.0,
          "z": 0.0
        },
        "rotation_quaternion": {
          "w": 0.9888461232185364,
          "x": 0.1487491875886917,
          "y": -0.004807654768228531,
          "z": 0.005823670886456966
        },
        "scale": {
          "x": 1.0,
          "y": 1.0,
          "z": 1.0
        },
        "matrix_basis": [
          [
            0.9998859167098999,
            -0.01294769812375307,
            -0.007775528822094202,
            0.0
          ],
          [
            0.010087159462273121,
            0.9556795358657837,
            -0.29423612356185913,
            0.0
          ],
          [
            0.01124059408903122,
            0.29412412643432617,
            0.9557011127471924,
            0.0
          ],
          [
            0.0,
            0.0,
            0.0,
            1.0
          ]
        ],
        "rotation_mode": "QUATERNION"
      },
      "armature_space": {
        "head": {
          "x": 0.5395311713218689,
          "y": -0.3480473458766937,
          "z": 0.4195869565010071
        },
        "tail": {
          "x": 0.5538496971130371,
          "y": -0.3435315191745758,
          "z": 0.4460725784301758
        }
      },
      "world_space": {
        "head": {
          "x": 0.5395311713218689,
          "y": -0.2848033308982849,
          "z": 1.369441032409668
        },
        "tail": {
          "x": 0.5538496971130371,
          "y": -0.280287504196167,
          "z": 1.395926594734192
        },
        "rotation_quaternion": {
          "w": 0.6146856546401978,
          "x": 0.2842003405094147,
          "y": -0.4430873990058899,
          "z": -0.5874226093292236
        },
        "matrix": [
          [
            -0.08278630673885345,
            0.4703102111816406,
            -0.8786095380783081,
            0.5395311713218689
          ],
          [
            -0.9740113019943237,
            0.14832822978496552,
            0.17117395997047424,
            -0.2848033308982849
          ],
          [
            0.21082796156406403,
            0.8699527978897095,
            0.44581130146980286,
            1.369441032409668
          ],
          [
            0.0,
            0.0,
            0.0,
            1.0
          ]
        ]
      },
      "bone_length_armature_space": 0.030445049645762043,
      "parent": "thumb_02_l",
      "has_children": false,
      "is_end_bone": true
    },
    "metacarpal_index_l": {
      "name": "metacarpal_index_l",
      "local": {
        "location": {
          "x": 0.0,
          "y": 0.0,
          "z": 0.0
        },
        "rotation_quaternion": {
          "w": 0.9999347925186157,
          "x": -0.009242260828614235,
          "y": -0.00652553653344512,
          "z": -0.0016278959810733795
        },
        "scale": {
          "x": 1.0,
          "y": 1.0,
          "z": 1.0
        },
        "matrix_basis": [
          [
            0.999909520149231,
            0.0033762010280042887,
            -0.013020130805671215,
            0.0
          ],
          [
            -0.0031349582131952047,
            0.9998238682746887,
            0.018504561856389046,
            0.0
          ],
          [
            0.013080312870442867,
            -0.01846207119524479,
            0.9997439980506897,
            0.0
          ],
          [
            0.0,
            0.0,
            0.0,
            1.0
          ]
        ],
        "rotation_mode": "QUATERNION"
      },
      "armature_space": {
        "head": {
          "x": 0.5009436011314392,
          "y": -0.2832956910133362,
          "z": 0.44620585441589355
        },
        "tail": {
          "x": 0.5486871600151062,
          "y": -0.38305389881134033,
          "z": 0.4075005054473877
        }
      },
      "world_space": {
        "head": {
          "x": 0.5009436011314392,
          "y": -0.22005169093608856,
          "z": 1.3960598707199097
        },
        "tail": {
          "x": 0.5486871600151062,
          "y": -0.3198099136352539,
          "z": 1.3573545217514038
        },
        "rotation_quaternion": {
          "w": 0.07205383479595184,
          "x": -0.8809557557106018,
          "y": -0.26289913058280945,
          "z": 0.38679373264312744
        },
        "matrix": [
          [
            0.5625486969947815,
            0.40746641159057617,
            -0.7193815112113953,
            0.5009436011314392
          ],
          [
            0.5189451575279236,
            -0.8513845205307007,
            -0.07642489671707153,
            -0.22005169093608856
          ],
          [
            -0.6436147093772888,
            -0.330329954624176,
            -0.6904028058052063,
            1.3960598707199097
          ],
          [
            0.0,
            0.0,
            0.0,
            1.0
          ]
        ]
      },
      "bone_length_armature_space": 0.11717189049075256,
      "parent": "lowerarm_l",
      "has_children": true,
      "is_end_bone": false
    },
    "index_01_l": {
      "name": "index_01_l",
      "local": {
        "location": {
          "x": 0.0,
          "y": 0.0,
          "z": 0.0
        },
        "rotation_quaternion": {
          "w": 0.9391766786575317,
          "x": 0.3430856168270111,
          "y": -0.004314806312322617,
          "z": -0.014866350218653679
        },
        "scale": {
          "x": 1.0,
          "y": 1.0,
          "z": 1.0
        },
        "matrix_basis": [
          [
            0.9995207190513611,
            0.024963563308119774,
            -0.018305592238903046,
            0.0
          ],
          [
            -0.03088495507836342,
            0.7641425132751465,
            -0.6443077325820923,
            0.0
          ],
          [
            -0.0020961309783160686,
            0.6445643305778503,
            0.7645472884178162,
            0.0
          ],
          [
            0.0,
            0.0,
            0.0,
            1.0
          ]
        ],
        "rotation_mode": "QUATERNION"
      },
      "armature_space": {
        "head": {
          "x": 0.5486871600151062,
          "y": -0.38305389881134033,
          "z": 0.4075005054473877
        },
        "tail": {
          "x": 0.5519077777862549,
          "y": -0.3983779847621918,
          "z": 0.38367030024528503
        }
      },
      "world_space": {
        "head": {
          "x": 0.5486871600151062,
          "y": -0.3198099136352539,
          "z": 1.3573545217514038
        },
        "tail": {
          "x": 0.5519077777862549,
          "y": -0.33513396978378296,
          "z": 1.3335243463516235
        },
        "rotation_quaternion": {
          "w": 0.3690186142921448,
          "x": -0.7419829368591309,
          "y": -0.30841100215911865,
          "z": 0.46708592772483826
        },
        "matrix": [
          [
            0.3734271228313446,
            0.1129465103149414,
            -0.9207578897476196,
            0.5486871600151062
          ],
          [
            0.8023982644081116,
            -0.5374164581298828,
            0.25950148701667786,
            -0.3198099136352539
          ],
          [
            -0.4655229151248932,
            -0.835725724697113,
            -0.2913156747817993,
            1.3573545217514038
          ],
          [
            0.0,
            0.0,
            0.0,
            1.0
          ]
        ]
      },
      "bone_length_armature_space": 0.028514533774613597,
      "parent": "metacarpal_index_l",
      "has_children": true,
      "is_end_bone": false
    },
    "index_02_l": {
      "name": "index_02_l",
      "local": {
        "location": {
          "x": 0.0,
          "y": 0.0,
          "z": 0.0
        },
        "rotation_quaternion": {
          "w": 0.8915382623672485,
          "x": 0.4528133273124695,
          "y": 0.01056022010743618,
          "z": -0.00288223079405725
        },
        "scale": {
          "x": 1.0,
          "y": 1.0,
          "z": 1.0
        },
        "matrix_basis": [
          [
            0.9997603297233582,
            0.014702854678034782,
            0.016219455748796463,
            0.0
          ],
          [
            0.004424378741532564,
            0.5899035930633545,
            -0.807461678981781,
            0.0
          ],
          [
            -0.02143990620970726,
            0.8073399662971497,
            0.5896971225738525,
            0.0
          ],
          [
            0.0,
            0.0,
            0.0,
            1.0
          ]
        ],
        "rotation_mode": "QUATERNION"
      },
      "armature_space": {
        "head": {
          "x": 0.5519074201583862,
          "y": -0.39837828278541565,
          "z": 0.38367000222206116
        },
        "tail": {
          "x": 0.5349553823471069,
          "y": -0.4020709991455078,
          "z": 0.3647732436656952
        }
      },
      "world_space": {
        "head": {
          "x": 0.5519074201583862,
          "y": -0.33513426780700684,
          "z": 1.3335239887237549
        },
        "tail": {
          "x": 0.5349553823471069,
          "y": -0.3388270139694214,
          "z": 1.3146272897720337
        },
        "rotation_quaternion": {
          "w": 0.6488418579101562,
          "x": -0.4935842752456665,
          "y": -0.08385524898767471,
          "z": 0.5730158686637878
        },
        "matrix": [
          [
            0.3292385935783386,
            -0.660813570022583,
            -0.674483060836792,
            0.5519074201583862
          ],
          [
            0.8263744711875916,
            -0.14394745230674744,
            0.54441237449646,
            -0.33513426780700684
          ],
          [
            -0.45684725046157837,
            -0.7366223335266113,
            0.49869033694267273,
            1.3335239887237549
          ],
          [
            0.0,
            0.0,
            0.0,
            1.0
          ]
        ]
      },
      "bone_length_armature_space": 0.02565336726864403,
      "parent": "index_01_l",
      "has_children": true,
      "is_end_bone": false
    },
    "index_03_l": {
      "name": "index_03_l",
      "local": {
        "location": {
          "x": 0.0,
          "y": 0.0,
          "z": 0.0
        },
        "rotation_quaternion": {
          "w": 0.9126828908920288,
          "x": 0.4086068868637085,
          "y": 0.002751949243247509,
          "z": 0.006545311771333218
        },
        "scale": {
          "x": 1.0,
          "y": 1.0,
          "z": 1.0
        },
        "matrix_basis": [
          [
            0.99989914894104,
            -0.0096986573189497,
            0.010372232645750046,
            0.0
          ],
          [
            0.014196518808603287,
            0.6659951210021973,
            -0.7458209991455078,
            0.0
          ],
          [
            0.0003256049531046301,
            0.7458930611610413,
            0.6660656929016113,
            0.0
          ],
          [
            0.0,
            0.0,
            0.0,
            1.0
          ]
        ],
        "rotation_mode": "QUATERNION"
      },
      "armature_space": {
        "head": {
          "x": 0.5349555015563965,
          "y": -0.40207111835479736,
          "z": 0.3647731840610504
        },
        "tail": {
          "x": 0.508741021156311,
          "y": -0.3893930912017822,
          "z": 0.3623649775981903
        }
      },
      "world_space": {
        "head": {
          "x": 0.5349555015563965,
          "y": -0.33882713317871094,
          "z": 1.3146271705627441
        },
        "tail": {
          "x": 0.508741021156311,
          "y": -0.3261491060256958,
          "z": 1.3122190237045288
        },
        "rotation_quaternion": {
          "w": 0.8294363021850586,
          "x": -0.1542016565799713,
          "y": 0.17025373876094818,
          "z": 0.5091865658760071
        },
        "matrix": [
          [
            0.42348501086235046,
            -0.897182822227478,
            0.12539315223693848,
            0.5349555015563965
          ],
          [
            0.7921689748764038,
            0.43390095233917236,
            0.4291837811470032,
            -0.33882713317871094
          ],
          [
            -0.4394664764404297,
            -0.08242055773735046,
            0.8944775462150574,
            1.3146271705627441
          ],
          [
            0.0,
            0.0,
            0.0,
            1.0
          ]
        ]
      },
      "bone_length_armature_space": 0.02921867283449384,
      "parent": "index_02_l",
      "has_children": false,
      "is_end_bone": true
    },
    "metacarpal_pinky_l": {
      "name": "metacarpal_pinky_l",
      "local": {
        "location": {
          "x": 0.0,
          "y": 0.0,
          "z": 0.0
        },
        "rotation_quaternion": {
          "w": 0.9989677667617798,
          "x": -0.042576976120471954,
          "y": 0.0069336420856416225,
          "z": 0.014232506975531578
        },
        "scale": {
          "x": 1.0,
          "y": 1.0,
          "z": 1.0
        },
        "matrix_basis": [
          [
            0.999498724937439,
            -0.029026057571172714,
            0.012641015462577343,
            0.0
          ],
          [
            0.02784520387649536,
            0.995969295501709,
            0.08526341617107391,
            0.0
          ],
          [
            -0.015064924024045467,
            -0.08486868441104889,
            0.9962782263755798,
            0.0
          ],
          [
            0.0,
            0.0,
            0.0,
            1.0
          ]
        ],
        "rotation_mode": "QUATERNION"
      },
      "armature_space": {
        "head": {
          "x": 0.5009436011314392,
          "y": -0.2832956910133362,
          "z": 0.44620585441589355
        },
        "tail": {
          "x": 0.5890480279922485,
          "y": -0.32293346524238586,
          "z": 0.407351016998291
        }
      },
      "world_space": {
        "head": {
          "x": 0.5009436011314392,
          "y": -0.22005169093608856,
          "z": 1.3960598707199097
        },
        "tail": {
          "x": 0.5890480279922485,
          "y": -0.25968945026397705,
          "z": 1.3572050333023071
        },
        "rotation_quaternion": {
          "w": 0.49198636412620544,
          "x": 0.05884417146444321,
          "y": 0.2600424587726593,
          "z": -0.828773021697998
        },
        "matrix": [
          [
            -0.5089727640151978,
            0.846094012260437,
            0.15833961963653564,
            0.5009436011314392
          ],
          [
            -0.7848874926567078,
            -0.3806539475917816,
            -0.48893216252326965,
            -0.22005169093608856
          ],
          [
            -0.35341310501098633,
            -0.37313491106033325,
            0.8578364253044128,
            1.3960598707199097
          ],
          [
            0.0,
            0.0,
            0.0,
            1.0
          ]
        ]
      },
      "bone_length_armature_space": 0.10413088736631677,
      "parent": "lowerarm_l",
      "has_children": true,
      "is_end_bone": false
    },
    "pinky_01_l": {
      "name": "pinky_01_l",
      "local": {
        "location": {
          "x": 0.0,
          "y": 0.0,
          "z": 0.0
        },
        "rotation_quaternion": {
          "w": 0.9453427791595459,
          "x": 0.325465589761734,
          "y": 0.008804867044091225,
          "z": 0.017936579883098602
        },
        "scale": {
          "x": 1.0,
          "y": 1.0,
          "z": 1.0
        },
        "matrix_basis": [
          [
            0.9992015361785889,
            -0.02818107046186924,
            0.02832271344959736,
            0.0
          ],
          [
            0.039643794298172,
            0.7875008583068848,
            -0.615037202835083,
            0.0
          ],
          [
            -0.004971755668520927,
            0.6156689524650574,
            0.7879892587661743,
            0.0
          ],
          [
            0.0,
            0.0,
            0.0,
            1.0
          ]
        ],
        "rotation_mode": "QUATERNION"
      },
      "armature_space": {
        "head": {
          "x": 0.5890480279922485,
          "y": -0.32293346524238586,
          "z": 0.407351016998291
        },
        "tail": {
          "x": 0.5951499342918396,
