{
  "metadata": {
    "armature_name": "KIM_caucasian_male",
    "export_time": "2026-01-13T21:16:35.146405",
    "blender_version": "4.4.1",
    "bone_count": 56,
    "end_bone_count": 13,
    "spaces_included": [
      "LOCAL_CHANNELS",
      "ARMATURE_SPACE",
      "WORLD_SPACE"
    ],
    "note": "LOCAL matches Transform panel; replay pose via local.matrix_basis for best fidelity."
  },
  "bones": {
    "Root": {
      "name": "Root",
      "local": {
        "location": {
          "x": 0.0,
          "y": 0.0,
          "z": 0.0
        },
        "rotation_quaternion": {
          "w": 0.9996321201324463,
          "x": 0.010870955884456635,
          "y": 0.015667587518692017,
          "z": -0.019286563619971275
        },
        "scale": {
          "x": 1.0,
          "y": 1.0,
          "z": 1.0
        },
        "matrix_basis": [
          [
            0.9987651109695435,
            0.038899581879377365,
            0.030904320999979973,
            0.0
          ],
          [
            -0.03821829333901405,
            0.9990196824073792,
            -0.0223382618278265,
            0.0
          ],
          [
            -0.03174297511577606,
            0.021129565313458443,
            0.9992727041244507,
            0.0
          ],
          [
            0.0,
            0.0,
            0.0,
            1.0
          ]
        ],
        "rotation_mode": "QUATERNION"
      },
      "armature_space": {
        "head": {
          "x": 0.0,
          "y": 0.07072800397872925,
          "z": -0.009595036506652832
        },
        "tail": {
          "x": 0.002776491455733776,
          "y": -0.00013340264558792114,
          "z": -0.0015038689598441124
        }
      },
      "world_space": {
        "head": {
          "x": 0.0,
          "y": 0.13397200405597687,
          "z": 0.9402589797973633
        },
        "tail": {
          "x": 0.002776491455733776,
          "y": 0.0631105974316597,
          "z": 0.9483501315116882
        },
        "rotation_quaternion": {
          "w": 0.05649661272764206,
          "x": 0.9980935454368591,
          "y": 0.020298240706324577,
          "z": 0.01433270052075386
        },
        "matrix": [
          [
            0.9987651109695435,
            0.038899581879377365,
            0.030904320999979973,
            0.0
          ],
          [
            0.042138587683439255,
            -0.9927921891212463,
            -0.1121964231133461,
            0.13397200405597687
          ],
          [
            0.026317398995161057,
            0.1133599802851677,
            -0.9932124614715576,
            0.9402589797973633
          ],
          [
            0.0,
            0.0,
            0.0,
            1.0
          ]
        ]
      },
      "bone_length_armature_space": 0.07137586927017939,
      "parent": null,
      "has_children": true,
      "is_end_bone": false
    },
    "spine_01": {
      "name": "spine_01",
      "local": {
        "location": {
          "x": 0.0,
          "y": 0.0,
          "z": 0.0
        },
        "rotation_quaternion": {
          "w": 0.9946326613426208,
          "x": 0.05607127398252487,
          "y": 0.05549202114343643,
          "z": -0.06695260107517242
        },
        "scale": {
          "x": 1.0,
          "y": 1.0,
          "z": 1.0
        },
        "matrix_basis": [
          [
            0.9848759770393372,
            0.13940949738025665,
            0.10288012027740479,
            0.0
          ],
          [
            -0.12696346640586853,
            0.9847466945648193,
            -0.1189713105559349,
            0.0
          ],
          [
            -0.11789658665657043,
            0.10410997271537781,
            0.9875532984733582,
            0.0
          ],
          [
            0.0,
            0.0,
            0.0,
            1.0
          ]
        ],
        "rotation_mode": "QUATERNION"
      },
      "armature_space": {
        "head": {
          "x": 0.002776491455733776,
          "y": -0.00013340264558792114,
          "z": -0.0015038689598441124
        },
        "tail": {
          "x": 0.05968198552727699,
          "y": -0.03627373278141022,
          "z": 0.4818221926689148
        }
      },
      "world_space": {
        "head": {
          "x": 0.002776491455733776,
          "y": 0.0631105974316597,
          "z": 0.9483501315116882
        },
        "tail": {
          "x": 0.05968198552727699,
          "y": 0.026970267295837402,
          "z": 1.4316761493682861
        },
        "rotation_quaternion": {
          "w": 0.6740240454673767,
          "x": 0.7326759696006775,
          "y": 0.09307156503200531,
          "z": 0.014668148942291737
        },
        "matrix": [
          [
            0.9822449088096619,
            0.11660932749509811,
            0.14695969223976135,
            0.002776491455733776
          ],
          [
            0.15615665912628174,
            -0.07405786961317062,
            -0.9849521517753601,
            0.0631105974316597
          ],
          [
            -0.10397166013717651,
            0.9904197454452515,
            -0.09095384180545807,
            0.9483501315116882
          ],
          [
            0.0,
            0.0,
            0.0,
            1.0
          ]
        ]
      },
      "bone_length_armature_space": 0.4880045410737216,
      "parent": "Root",
      "has_children": true,
      "is_end_bone": false
    },
    "neck_01": {
      "name": "neck_01",
      "local": {
        "location": {
          "x": 0.0,
          "y": 0.0,
          "z": 0.0
        },
        "rotation_quaternion": {
          "w": 0.994417130947113,
          "x": 0.016819080337882042,
          "y": 0.09935370832681656,
          "z": 0.031314652413129807
        },
        "scale": {
          "x": 1.0,
          "y": 1.0,
          "z": 1.0
        },
        "matrix_basis": [
          [
            0.9782964587211609,
            -0.05893757939338684,
            0.19865143299102783,
            0.0
          ],
          [
            0.06562172621488571,
            0.9974730014801025,
            -0.027227910235524178,
            0.0
          ],
          [
            -0.19654469192028046,
            0.039672818034887314,
            0.9796919226646423,
            0.0
          ],
          [
            0.0,
            0.0,
            0.0,
            1.0
          ]
        ],
        "rotation_mode": "QUATERNION"
      },
      "armature_space": {
        "head": {
          "x": 0.07331656664609909,
          "y": -0.07585471868515015,
          "z": 0.551184892654419
        },
        "tail": {
          "x": 0.08448632061481476,
          "y": -0.12565186619758606,
          "z": 0.6401017308235168
        }
      },
      "world_space": {
        "head": {
          "x": 0.07331656664609909,
          "y": -0.012610718607902527,
          "z": 1.501038908958435
        },
        "tail": {
          "x": 0.08448632061481476,
          "y": -0.06240786612033844,
          "z": 1.5899558067321777
        },
        "rotation_quaternion": {
          "w": 0.4931383430957794,
          "x": 0.8566733002662659,
          "y": 0.11811921000480652,
          "z": 0.09472876042127609
        },
        "matrix": [
          [
            0.9541484713554382,
            0.10895053297281265,
            0.2788015604019165,
            0.07331656664609909
          ],
          [
            0.2958081364631653,
            -0.48572465777397156,
            -0.822538435459137,
            -0.012610718607902527
          ],
          [
            0.045805372297763824,
            0.8673009872436523,
            -0.4956861734390259,
            1.501038908958435
          ],
          [
            0.0,
            0.0,
            0.0,
            1.0
          ]
        ]
      },
      "bone_length_armature_space": 0.10252181856164118,
      "parent": "spine_01",
      "has_children": true,
      "is_end_bone": false
    },
    "head": {
      "name": "head",
      "local": {
        "location": {
          "x": 0.0,
          "y": 0.0,
          "z": 0.0
        },
        "rotation_quaternion": {
          "w": 0.9710851907730103,
          "x": 0.0652964860200882,
          "y": 0.043108146637678146,
          "z": 0.22554759681224823
        },
        "scale": {
          "x": 1.0,
          "y": 1.0,
          "z": 1.0
        },
        "matrix_basis": [
          [
            0.8945399522781372,
            -0.4324222505092621,
            0.1131782978773117,
            0.0
          ],
          [
            0.4436814785003662,
            0.8897293210029602,
            -0.107371024787426,
            0.0
          ],
          [
            -0.05426843464374542,
            0.1462627798318863,
            0.9877561330795288,
            0.0
          ],
          [
            0.0,
            0.0,
            0.0,
            1.0
          ]
        ],
        "rotation_mode": "QUATERNION"
      },
      "armature_space": {
        "head": {
          "x": 0.08448635786771774,
          "y": -0.12565195560455322,
          "z": 0.6401016116142273
        },
        "tail": {
          "x": 0.027188245207071304,
          "y": -0.18817950785160065,
          "z": 0.7699493169784546
        }
      },
      "world_space": {
        "head": {
          "x": 0.08448635786771774,
          "y": -0.0624079555273056,
          "z": 1.5899555683135986
        },
        "tail": {
          "x": 0.027188245207071304,
          "y": -0.12493550777435303,
          "z": 1.7198033332824707
        },
        "rotation_quaternion": {
          "w": 0.5448281168937683,
          "x": 0.7888755202293396,
          "y": -0.03972663730382919,
          "z": 0.2815307676792145
        },
        "matrix": [
          [
            0.8383252024650574,
            -0.3694502115249634,
            0.40089571475982666,
            0.08448635786771774
          ],
          [
            0.24409133195877075,
            -0.4031689167022705,
            -0.881972074508667,
            -0.0624079555273056
          ],
          [
            0.48747700452804565,
            0.8372399210929871,
            -0.24780970811843872,
            1.5899555683135986
          ],
          [
            0.0,
            0.0,
            0.0,
            1.0
          ]
        ]
      },
      "bone_length_armature_space": 0.15509092802963825,
      "parent": "neck_01",
      "has_children": false,
      "is_end_bone": true
    },
    "upperarm_l": {
      "name": "upperarm_l",
      "local": {
        "location": {
          "x": 0.0,
          "y": 0.0,
          "z": 0.0
        },
        "rotation_quaternion": {
          "w": 0.6728882789611816,
          "x": 0.5077633261680603,
          "y": 0.09094209223985672,
          "z": 0.5302144289016724
        },
        "scale": {
          "x": 1.0,
          "y": 1.0,
          "z": 1.0
        },
        "matrix_basis": [
          [
            0.4212043881416321,
            -0.6211960315704346,
            0.6608346104621887,
            0.0
          ],
          [
            0.8059042692184448,
            -0.07790187001228333,
            -0.5868983864784241,
            0.0
          ],
          [
            0.41605913639068604,
            0.7797735929489136,
            0.4678118824958801,
            0.0
          ],
          [
            0.0,
            0.0,
            0.0,
            1.0
          ]
        ],
        "rotation_mode": "QUATERNION"
      },
      "armature_space": {
        "head": {
          "x": 0.2132849246263504,
          "y": -0.05059508979320526,
          "z": 0.4687351584434509
        },
        "tail": {
          "x": 0.2546946406364441,
          "y": -0.2742905020713806,
          "z": 0.6103453636169434
        }
      },
      "world_space": {
        "head": {
          "x": 0.2132849246263504,
          "y": 0.012648910284042358,
          "z": 1.4185891151428223
        },
        "tail": {
          "x": 0.2546946406364441,
          "y": -0.211046501994133,
          "z": 1.5601993799209595
        },
        "rotation_quaternion": {
          "w": 0.28703397512435913,
          "x": 0.9041409492492676,
          "y": -0.014892996288836002,
          "z": -0.3160994350910187
        },
        "matrix": [
          [
            0.7997190356254578,
            0.15453147888183594,
            -0.5801460146903992,
            0.2132849246263504
          ],
          [
            -0.2083931863307953,
            -0.834779679775238,
            -0.5096229314804077,
            0.012648910284042358
          ],
          [
            -0.5630509853363037,
            0.5284565091133118,
            -0.6353906393051147,
            1.4185891151428223
          ],
          [
            0.0,
            0.0,
            0.0,
            1.0
          ]
        ]
      },
      "bone_length_armature_space": 0.26796987233747105,
      "parent": "spine_01",
      "has_children": true,
      "is_end_bone": false
    },
    "lowerarm_l": {
      "name": "lowerarm_l",
      "local": {
        "location": {
          "x": 0.0,
          "y": 0.0,
          "z": 0.0
        },
        "rotation_quaternion": {
          "w": 0.957024335861206,
          "x": 0.23684580624103546,
          "y": -0.1301780492067337,
          "z": 0.10517674684524536
        },
        "scale": {
          "x": 1.0,
          "y": 1.0,
          "z": 1.0
        },
        "matrix_basis": [
          [
            0.9439830780029297,
            -0.262977659702301,
            -0.19934578239917755,
            0.0
          ],
          [
            0.1396491676568985,
            0.8656838536262512,
            -0.48071780800819397,
            0.0
          ],
          [
            0.2989884614944458,
            0.4259510040283203,
            0.8539154529571533,
            0.0
          ],
          [
            0.0,
            0.0,
            0.0,
            1.0
          ]
        ],
        "rotation_mode": "QUATERNION"
      },
      "armature_space": {
        "head": {
          "x": 0.25469452142715454,
          "y": -0.2742905914783478,
          "z": 0.6103454232215881
        },
        "tail": {
          "x": 0.1315799206495285,
          "y": -0.4952233135700226,
          "z": 0.6975288391113281
        }
      },
      "world_space": {
        "head": {
          "x": 0.25469452142715454,
          "y": -0.21104659140110016,
          "z": 1.560199499130249
        },
        "tail": {
          "x": 0.1315799206495285,
          "y": -0.43197929859161377,
          "z": 1.6473828554153442
        },
        "rotation_quaternion": {
          "w": 0.045913200825452805,
          "x": 0.856171727180481,
          "y": -0.2914980947971344,
          "z": -0.42413556575775146
        },
        "matrix": [
          [
            0.470275342464447,
            -0.46019938588142395,
            -0.7530321478843689,
            0.25469452142715454
          ],
          [
            -0.5380922555923462,
            -0.8258411288261414,
            0.1686515510082245,
            -0.21104659140110016
          ],
          [
            -0.6995036005973816,
            0.32588955760002136,
            -0.6360067129135132,
            1.560199499130249
          ],
          [
            0.0,
            0.0,
            0.0,
            1.0
          ]
        ]
      },
      "bone_length_armature_space": 0.2675246181729902,
      "parent": "upperarm_l",
      "has_children": true,
      "is_end_bone": false
    },
    "metacarpal_thumb_l": {
      "name": "metacarpal_thumb_l",
      "local": {
        "location": {
          "x": 0.0,
          "y": 0.0,
          "z": 0.0
        },
        "rotation_quaternion": {
          "w": 0.9994593858718872,
          "x": -0.031240034848451614,
          "y": 0.007762410677969456,
          "z": -0.006692931521683931
        },
        "scale": {
          "x": 1.0,
          "y": 1.0,
          "z": 1.0
        },
        "matrix_basis": [
          [
            0.9997898936271667,
            0.01289363019168377,
            0.015934603288769722,
            0.0
          ],
          [
            -0.013863622210919857,
            0.9979585409164429,
            0.062342386692762375,
            0.0
          ],
          [
            -0.015098253265023232,
            -0.06255020201206207,
            0.9979276061058044,
            0.0
          ],
          [
            0.0,
            0.0,
            0.0,
            1.0
          ]
        ],
        "rotation_mode": "QUATERNION"
      },
      "armature_space": {
        "head": {
          "x": 0.1315799206495285,
          "y": -0.4952233135700226,
          "z": 0.6975288391113281
        },
        "tail": {
          "x": 0.09442498534917831,
          "y": -0.5265833735466003,
          "z": 0.6880608201026917
        }
      },
      "world_space": {
        "head": {
          "x": 0.1315799206495285,
          "y": -0.43197929859161377,
          "z": 1.6473828554153442
        },
        "tail": {
          "x": 0.09442498534917831,
          "y": -0.4633393883705139,
          "z": 1.6379148960113525
        },
        "rotation_quaternion": {
          "w": 0.07280954718589783,
          "x": 0.8249731063842773,
          "y": -0.42207249999046326,
          "z": 0.36874502897262573
        },
        "matrix": [
          [
            0.3717627227306366,
            -0.7500945329666138,
            0.5469462871551514,
            0.1315799206495285
          ],
          [
            -0.6427006125450134,
            -0.6331057548522949,
            -0.4314082860946655,
            -0.43197929859161377
          ],
          [
            0.669875979423523,
            -0.19114311039447784,
            -0.7174567580223083,
            1.6473828554153442
          ],
          [
            0.0,
            0.0,
            0.0,
            1.0
          ]
        ]
      },
      "bone_length_armature_space": 0.04953368498696242,
      "parent": "lowerarm_l",
      "has_children": true,
      "is_end_bone": false
    },
    "thumb_01_l": {
      "name": "thumb_01_l",
      "local": {
        "location": {
          "x": 0.0,
          "y": 0.0,
          "z": 0.0
        },
        "rotation_quaternion": {
          "w": 0.9613349437713623,
          "x": 0.2750823497772217,
          "y": 0.001677446998655796,
          "z": 0.01273325365036726
        },
        "scale": {
          "x": 1.0,
          "y": 1.0,
          "z": 1.0
        },
        "matrix_basis": [
          [
            0.9996700882911682,
            -0.023558970540761948,
            0.010230563580989838,
            0.0
          ],
          [
            0.025404715910553932,
            0.8483351469039917,
            -0.5288498401641846,
            0.0
          ],
          [
            0.0037802099250257015,
            0.5289352536201477,
            0.8486537933349609,
            0.0
          ],
          [
            0.0,
            0.0,
            0.0,
            1.0
          ]
        ],
        "rotation_mode": "QUATERNION"
      },
      "armature_space": {
        "head": {
          "x": 0.09442498534917831,
          "y": -0.5265833735466003,
          "z": 0.6880608201026917
        },
        "tail": {
          "x": 0.09765584021806717,
          "y": -0.5586131811141968,
          "z": 0.6770027875900269
        }
      },
      "world_space": {
        "head": {
          "x": 0.09442498534917831,
          "y": -0.4633393883705139,
          "z": 1.6379148960113525
        },
        "tail": {
          "x": 0.09765584021806717,
          "y": -0.49536919593811035,
          "z": 1.626856803894043
        },
        "rotation_quaternion": {
          "w": 0.07665956765413284,
          "x": -0.17475445568561554,
          "y": 0.1537228226661682,
          "z": -0.9695119857788086
        },
        "matrix": [
          [
            -0.927168071269989,
            0.09491751343011856,
            0.3624216914176941,
            0.09442498534917831
          ],
          [
            -0.20237211883068085,
            -0.9409855604171753,
            -0.27127835154533386,
            -0.4633393883705139
          ],
          [
            0.3152864873409271,
            -0.324867844581604,
            0.8916665315628052,
            1.6379148960113525
          ],
          [
            0.0,
            0.0,
            0.0,
            1.0
          ]
        ]
      },
      "bone_length_armature_space": 0.03403861231691703,
      "parent": "metacarpal_thumb_l",
      "has_children": true,
      "is_end_bone": false
    },
    "thumb_02_l": {
      "name": "thumb_02_l",
      "local": {
        "location": {
          "x": 0.0,
          "y": 0.0,
          "z": 0.0
        },
        "rotation_quaternion": {
          "w": 0.9046139717102051,
          "x": 0.4261196255683899,
          "y": 0.009301947429776192,
          "z": -0.003012049477547407
        },
        "scale": {
          "x": 1.0,
          "y": 1.0,
          "z": 1.0
        },
        "matrix_basis": [
          [
            0.9998087882995605,
            0.013376968912780285,
            0.014262356795370579,
            0.0
          ],
          [
            0.002478000707924366,
            0.6368259787559509,
            -0.7710035443305969,
            0.0
          ],
          [
            -0.019396329298615456,
            0.7708914875984192,
            0.6366710662841797,
            0.0
          ],
          [
            0.0,
            0.0,
            0.0,
            1.0
          ]
        ],
        "rotation_mode": "QUATERNION"
      },
      "armature_space": {
        "head": {
          "x": 0.09765586256980896,
          "y": -0.5586131811141968,
          "z": 0.6770027279853821
        },
        "tail": {
          "x": 0.08330917358398438,
          "y": -0.5577502846717834,
          "z": 0.7145077586174011
        }
      },
      "world_space": {
        "head": {
          "x": 0.09765586256980896,
          "y": -0.49536919593811035,
          "z": 1.626856803894043
        },
        "tail": {
          "x": 0.08330917358398438,
          "y": -0.494506299495697,
          "z": 1.6643617153167725
        },
        "rotation_quaternion": {
          "w": 0.17088040709495544,
          "x": -0.08644977957010269,
          "y": 0.6939321756362915,
          "z": 0.6941070556640625
        },
        "matrix": [
          [
            -0.9266521334648132,
            -0.3571990132331848,
            0.11715012788772583,
            0.09765586256980896
          ],
          [
            0.11724042892456055,
            0.021484017372131348,
            0.992871105670929,
            -0.49536919593811035
          ],
          [
            -0.35717201232910156,
            0.9337875843048096,
            0.021971017122268677,
            1.626856803894043
          ],
          [
            0.0,
            0.0,
            0.0,
            1.0
          ]
        ]
      },
      "bone_length_armature_space": 0.04016465401639047,
      "parent": "thumb_01_l",
      "has_children": true,
      "is_end_bone": false
    },
    "thumb_03_l": {
      "name": "thumb_03_l",
      "local": {
        "location": {
          "x": 0.0,
          "y": 0.0,
          "z": 0.0
        },
        "rotation_quaternion": {
          "w": 0.9873092174530029,
          "x": 0.1586841493844986,
          "y": 0.0015354218194261193,
          "z": 0.006123227998614311
        },
        "scale": {
          "x": 1.0,
          "y": 1.0,
          "z": 1.0
        },
        "matrix_basis": [
          [
            0.9999203085899353,
            -0.011603744700551033,
            0.004975190851837397,
            0.0
          ],
          [
            0.012578332796692848,
            0.9495636820793152,
            -0.3133218288421631,
            0.0
          ],
          [
            -0.0010885538067668676,
            0.31335943937301636,
            0.9496339559555054,
            0.0
          ],
          [
            0.0,
            0.0,
            0.0,
            1.0
          ]
        ],
        "rotation_mode": "QUATERNION"
      },
      "armature_space": {
        "head": {
          "x": 0.08330913633108139,
          "y": -0.5577503442764282,
          "z": 0.7145076990127563
        },
        "tail": {
          "x": 0.0773342028260231,
          "y": -0.5409199595451355,
          "z": 0.7391641139984131
        }
      },
      "world_space": {
        "head": {
          "x": 0.08330913633108139,
          "y": -0.4945063591003418,
          "z": 1.6643617153167725
        },
        "tail": {
          "x": 0.0773342028260231,
          "y": -0.4776759743690491,
          "z": 1.6890181303024292
        },
        "rotation_quaternion": {
          "w": 0.01219407469034195,
          "x": 0.11771275103092194,
          "y": -0.881055474281311,
          "z": -0.4579697251319885
        },
        "matrix": [
          [
            -0.9719896912574768,
            -0.19625413417816162,
            -0.129305899143219,
            0.08330913633108139
          ],
          [
            -0.21859264373779297,
            0.5528150200843811,
            0.8041223287582397,
            -0.4945063591003418
          ],
          [
            -0.08633099496364594,
            0.8098701238632202,
            -0.580233633518219,
            1.6643617153167725
          ],
          [
            0.0,
            0.0,
            0.0,
            1.0
          ]
        ]
      },
      "bone_length_armature_space": 0.030445040265538206,
      "parent": "thumb_02_l",
      "has_children": false,
      "is_end_bone": true
    },
    "metacarpal_index_l": {
      "name": "metacarpal_index_l",
      "local": {
        "location": {
          "x": 0.0,
          "y": 0.0,
          "z": 0.0
        },
        "rotation_quaternion": {
          "w": 0.9978459477424622,
          "x": -0.06497183442115784,
          "y": 0.0019249129109084606,
          "z": 0.008870475925505161
        },
        "scale": {
          "x": 1.0,
          "y": 1.0,
          "z": 1.0
        },
        "matrix_basis": [
          [
            0.999835193157196,
            -0.017952866852283478,
            0.0026888709980994463,
            0.0
          ],
          [
            0.017452606931328773,
            0.9913999438285828,
            0.12969791889190674,
            0.0
          ],
          [
            -0.004994195420295,
            -0.12962961196899414,
            0.9915499091148376,
            0.0
          ],
          [
            0.0,
            0.0,
            0.0,
            1.0
          ]
        ],
        "rotation_mode": "QUATERNION"
      },
      "armature_space": {
        "head": {
          "x": 0.1315799206495285,
          "y": -0.4952233135700226,
          "z": 0.6975288391113281
        },
        "tail": {
          "x": 0.054121799767017365,
          "y": -0.5798131227493286,
          "z": 0.7214875221252441
        }
      },
      "world_space": {
        "head": {
          "x": 0.1315799206495285,
          "y": -0.43197929859161377,
          "z": 1.6473828554153442
        },
        "tail": {
          "x": 0.054121799767017365,
          "y": -0.5165691375732422,
          "z": 1.6713415384292603
        },
        "rotation_quaternion": {
          "w": 0.12620162963867188,
          "x": 0.9269302487373352,
          "y": -0.3508673906326294,
          "z": 0.042019158601760864
        },
        "matrix": [
          [
            0.7502527832984924,
            -0.6610649228096008,
            -0.010662943124771118,
            0.1315799206495285
          ],
          [
            -0.6398535370826721,
            -0.7219303250312805,
            -0.26344698667526245,
            -0.43197929859161377
          ],
          [
            0.16645817458629608,
            0.20447519421577454,
            -0.9646219611167908,
            1.6473828554153442
          ],
          [
            0.0,
            0.0,
            0.0,
            1.0
          ]
        ]
      },
      "bone_length_armature_space": 0.11717173226890908,
      "parent": "lowerarm_l",
      "has_children": true,
      "is_end_bone": false
    },
    "index_01_l": {
      "name": "index_01_l",
      "local": {
        "location": {
          "x": 0.0,
          "y": 0.0,
          "z": 0.0
        },
        "rotation_quaternion": {
          "w": 0.9498839378356934,
          "x": 0.31210801005363464,
          "y": 0.01377498172223568,
          "z": 0.010927263647317886
        },
        "scale": {
          "x": 1.0,
          "y": 1.0,
          "z": 1.0
        },
        "matrix_basis": [
          [
            0.9993816614151001,
            -0.01216069981455803,
            0.032990239560604095,
            0.0
          ],
          [
            0.029357828199863434,
            0.8049383759498596,
            -0.5926316976547241,
            0.0
          ],
          [
            -0.019348295405507088,
            0.5932338237762451,
            0.8047977089881897,
            0.0
          ],
          [
            0.0,
            0.0,
            0.0,
            1.0
          ]
        ],
        "rotation_mode": "QUATERNION"
      },
      "armature_space": {
        "head": {
          "x": 0.054121799767017365,
          "y": -0.5798131227493286,
          "z": 0.7214875221252441
        },
        "tail": {
          "x": 0.04483218491077423,
          "y": -0.6058464646339417,
          "z": 0.7144848108291626
        }
      },
      "world_space": {
        "head": {
          "x": 0.054121799767017365,
          "y": -0.5165691375732422,
          "z": 1.6713415384292603
        },
        "tail": {
          "x": 0.04483218491077423,
          "y": -0.5426024794578552,
          "z": 1.6643388271331787
        },
        "rotation_quaternion": {
          "w": 0.11085094511508942,
          "x": -0.9744235873222351,
          "y": 0.17668288946151733,
          "z": -0.08362970501184464
        },
        "matrix": [
          [
            0.9235782027244568,
            -0.32578718662261963,
            0.20215268433094025,
            0.054121799767017365
          ],
          [
            -0.3628689646720886,
            -0.9129907488822937,
            0.18647894263267517,
            -0.5165691375732422
          ],
          [
            0.12381158769130707,
            -0.24558553099632263,
            -0.9614428877830505,
            1.6713415384292603
          ],
          [
            0.0,
            0.0,
            0.0,
            1.0
          ]
        ]
      },
      "bone_length_armature_space": 0.028514379095369885,
      "parent": "metacarpal_index_l",
      "has_children": true,
      "is_end_bone": false
    },
    "index_02_l": {
      "name": "index_02_l",
      "local": {
        "location": {
          "x": 0.0,
          "y": 0.0,
          "z": 0.0
        },
        "rotation_quaternion": {
          "w": 0.9091587066650391,
          "x": 0.4163879156112671,
          "y": 0.007036805152893066,
          "z": -0.0014939703978598118
        },
        "scale": {
          "x": 1.0,
          "y": 1.0,
          "z": 1.0
        },
        "matrix_basis": [
          [
            0.9998965263366699,
            0.008576593361794949,
            0.011551002971827984,
            0.0
          ],
          [
            0.003143568756058812,
            0.6532377600669861,
            -0.757146418094635,
            0.0
          ],
          [
            -0.014039287343621254,
            0.7571043968200684,
            0.6531431674957275,
            0.0
          ],
          [
            0.0,
            0.0,
            0.0,
            1.0
          ]
        ],
        "rotation_mode": "QUATERNION"
      },
      "armature_space": {
        "head": {
          "x": 0.04483190178871155,
          "y": -0.6058467030525208,
          "z": 0.7144843935966492
        },
        "tail": {
          "x": 0.042470984160900116,
          "y": -0.6180766820907593,
          "z": 0.6920578479766846
        }
      },
      "world_space": {
        "head": {
          "x": 0.04483190178871155,
          "y": -0.5426027178764343,
          "z": 1.6643383502960205
        },
        "tail": {
          "x": 0.042470984160900116,
          "y": -0.5548326969146729,
          "z": 1.6419118642807007
        },
        "rotation_quaternion": {
          "w": 0.49633586406707764,
          "x": -0.8509740829467773,
          "y": 0.12361161410808563,
          "z": -0.11922270059585571
        },
        "matrix": [
          [
            0.9410120248794556,
            -0.0920317992568016,
            0.3256167769432068,
            0.04483190178871155
          ],
          [
            -0.3287298381328583,
            -0.47674235701560974,
            0.8152631521224976,
            -0.5426027178764343
          ],
          [
            0.08020539581775665,
            -0.8742189407348633,
            -0.47887635231018066,
            1.6643383502960205
          ],
          [
            0.0,
            0.0,
            0.0,
            1.0
          ]
        ]
      },
      "bone_length_armature_space": 0.025653386643826305,
      "parent": "index_01_l",
      "has_children": true,
      "is_end_bone": false
    },
    "index_03_l": {
      "name": "index_03_l",
      "local": {
        "location": {
          "x": 0.0,
          "y": 0.0,
          "z": 0.0
        },
        "rotation_quaternion": {
          "w": 0.9332427978515625,
          "x": 0.35922276973724365,
          "y": -0.0009866320760920644,
          "z": -0.00400658929720521
        },
        "scale": {
          "x": 1.0,
          "y": 1.0,
          "z": 1.0
        },
        "matrix_basis": [
          [
            0.9999659657478333,
            0.0067693996243178844,
            -0.0047200508415699005,
            0.0
          ],
          [
            -0.008187082596123219,
            0.7418859004974365,
            -0.6704761981964111,
            0.0
          ],
          [
            -0.0010369817027822137,
            0.6704920530319214,
            0.7419160604476929,
            0.0
          ],
          [
            0.0,
            0.0,
            0.0,
            1.0
          ]
        ],
        "rotation_mode": "QUATERNION"
      },
      "armature_space": {
        "head": {
          "x": 0.042470917105674744,
          "y": -0.6180768013000488,
          "z": 0.6920579075813293
        },
        "tail": {
          "x": 0.05088897794485092,
          "y": -0.6111741662025452,
          "z": 0.664942741394043
        }
      },
      "world_space": {
        "head": {
          "x": 0.042470917105674744,
          "y": -0.5548328161239624,
          "z": 1.6419119834899902
        },
        "tail": {
          "x": 0.05088897794485092,
          "y": -0.5479301810264587,
          "z": 1.614796757698059
        },
        "rotation_quaternion": {
          "w": 0.7858288884162903,
          "x": -0.5842162370681763,
          "y": 0.02435959503054619,
          "z": -0.2014228254556656
        },
        "matrix": [
          [
            0.9176702499389648,
            0.28810542821884155,
            0.27363529801368713,
            0.042470917105674744
          ],
          [
            -0.3450316786766052,
            0.23623991012573242,
            0.9083746671676636,
            -0.5548328161239624
          ],
          [
            0.1970651000738144,
            -0.9280074834823608,
            0.31619903445243835,
            1.6419119834899902
          ],
          [
            0.0,
            0.0,
            0.0,
            1.0
          ]
        ]
      },
      "bone_length_armature_space": 0.029218870180108037,
      "parent": "index_02_l",
      "has_children": false,
      "is_end_bone": true
    },
    "metacarpal_pinky_l": {
      "name": "metacarpal_pinky_l",
      "local": {
        "location": {
          "x": 0.0,
          "y": 0.0,
          "z": 0.0
        },
        "rotation_quaternion": {
          "w": 0.9989880323410034,
          "x": -0.039363496005535126,
          "y": -0.01360965147614479,
          "z": -0.01698051579296589
        },
        "scale": {
          "x": 1.0,
          "y": 1.0,
          "z": 1.0
        },
        "matrix_basis": [
          [
            0.999052882194519,
            0.03499811142683029,
            -0.02585493214428425,
            0.0
          ],
          [
            -0.03285521641373634,
            0.996324360370636,
            0.07910951972007751,
            0.0
          ],
          [
            0.02852858230471611,
            -0.07818512618541718,
            0.9965305924415588,
            0.0
          ],
          [
            0.0,
            0.0,
            0.0,
            1.0
          ]
        ],
        "rotation_mode": "QUATERNION"
      },
      "armature_space": {
        "head": {
          "x": 0.1315799206495285,
          "y": -0.4952233135700226,
          "z": 0.6975288391113281
        },
        "tail": {
          "x": 0.11309845745563507,
          "y": -0.5872926712036133,
          "z": 0.7425277829170227
        }
      },
      "world_space": {
        "head": {
          "x": 0.1315799206495285,
          "y": -0.43197929859161377,
          "z": 1.6473828554153442
        },
        "tail": {
          "x": 0.11309845745563507,
          "y": -0.5240486860275269,
          "z": 1.6923818588256836
        },
        "rotation_quaternion": {
          "w": 0.003003864549100399,
          "x": 0.3799293637275696,
          "y": -0.24063622951507568,
          "z": -0.8931622505187988
        },
        "matrix": [
          [
            -0.7112895250320435,
            -0.1774832308292389,
            -0.6801226139068604,
            0.1315799206495285
          ],
          [
            -0.188215434551239,
            -0.8841705918312073,
            0.4275716245174408,
            -0.43197929859161377
          ],
          [
            -0.6772360801696777,
            0.43213891983032227,
            0.595500648021698,
            1.6473828554153442
          ],
          [
            0.0,
            0.0,
            0.0,
            1.0
          ]
        ]
      },
      "bone_length_armature_space": 0.10413086137348564,
      "parent": "lowerarm_l",
      "has_children": true,
      "is_end_bone": false
    },
    "pinky_01_l": {
      "name": "pinky_01_l",
      "local": {
        "location": {
          "x": 0.0,
          "y": 0.0,
          "z": 0.0
        },
        "rotation_quaternion": {
          "w": 0.9425570964813232,
          "x": 0.33340778946876526,
          "y": -0.0027812845073640347,
          "z": -0.02043500356376171
        },
        "scale": {
          "x": 1.0,
          "y": 1.0,
          "z": 1.0
        },
        "matrix_basis": [
          [
            0.9991493225097656,
            0.03666771203279495,
            -0.018869416788220406,
            0.0
          ],
          [
            -0.040376920253038406,
            0.7768433094024658,
            -0.628398060798645,
            0.0
          ],
          [
            -0.008383340202271938,
            0.6286254525184631,
            0.777662992477417,
            0.0
          ],
          [
            0.0,
            0.0,
            0.0,
            1.0
          ]
        ],
        "rotation_mode": "QUATERNION"
      },
      "armature_space": {
        "head": {
          "x": 0.11309845745563507,
          "y": -0.5872926712036133,
          "z": 0.7425277829170227
        },
        "tail": {
