{
  "metadata": {
    "armature_name": "KIM_caucasian_male",
    "export_time": "2026-01-13T19:11:54.898036",
    "blender_version": "4.4.1",
    "bone_count": 56,
    "end_bone_count": 13,
    "spaces_included": [
      "LOCAL_CHANNELS",
      "ARMATURE_SPACE",
      "WORLD_SPACE"
    ],
    "note": "LOCAL matches Transform panel; replay pose via local.matrix_basis for best fidelity."
  },
  "bones": {
    "Root": {
      "name": "Root",
      "local": {
        "location": {
          "x": 0.0,
          "y": 0.0,
          "z": 0.0
        },
        "rotation_quaternion": {
          "w": 0.9996882677078247,
          "x": 0.011698739603161812,
          "y": 0.0022287508472800255,
          "z": -0.02194511704146862
        },
        "scale": {
          "x": 1.0,
          "y": 1.0,
          "z": 1.0
        },
        "matrix_basis": [
          [
            0.999026894569397,
            0.04392869770526886,
            0.003942651674151421,
            0.0
          ],
          [
            -0.04382440447807312,
            0.9987630844116211,
            -0.023488005623221397,
            0.0
          ],
          [
            -0.004969572648406029,
            0.023292364552617073,
            0.9997163414955139,
            0.0
          ],
          [
            0.0,
            0.0,
            0.0,
            1.0
          ]
        ],
        "rotation_mode": "QUATERNION"
      },
      "armature_space": {
        "head": {
          "x": 0.0,
          "y": 0.07072800397872925,
          "z": -0.009595036506652832
        },
        "tail": {
          "x": 0.003135449020192027,
          "y": -0.00013600289821624756,
          "z": -0.0016593029722571373
        }
      },
      "world_space": {
        "head": {
          "x": 0.0,
          "y": 0.13397200405597687,
          "z": 0.9402589797973633
        },
        "tail": {
          "x": 0.003135449020192027,
          "y": 0.06310799717903137,
          "z": 0.9481947422027588
        },
        "rotation_quaternion": {
          "w": 0.055674485862255096,
          "x": 0.998205304145813,
          "y": 0.022045407444238663,
          "z": 0.0007452930440194905
        },
        "matrix": [
          [
            0.999026894569397,
            0.04392869770526886,
            0.003942651674151421,
            0.0
          ],
          [
            0.04409467428922653,
            -0.9928286671638489,
            -0.11111675202846527,
            0.13397200405597687
          ],
          [
            -0.0009668017737567425,
            0.111182302236557,
            -0.9938066005706787,
            0.9402589797973633
          ],
          [
            0.0,
            0.0,
            0.0,
            1.0
          ]
        ]
      },
      "bone_length_armature_space": 0.07137586795134848,
      "parent": null,
      "has_children": true,
      "is_end_bone": false
    },
    "spine_01": {
      "name": "spine_01",
      "local": {
        "location": {
          "x": 0.0,
          "y": 0.0,
          "z": 0.0
        },
        "rotation_quaternion": {
          "w": 0.9970941543579102,
          "x": -0.05549418926239014,
          "y": -0.01732759177684784,
          "z": 0.04922829940915108
        },
        "scale": {
          "x": 1.0,
          "y": 1.0,
          "z": 1.0
        },
        "matrix_basis": [
          [
            0.9945526719093323,
            -0.09624733775854111,
            -0.04001824930310249,
            0.0
          ],
          [
            0.10009366273880005,
            0.9889939427375793,
            0.10895984619855881,
            0.0
          ],
          [
            0.02909071184694767,
            -0.11237187683582306,
            0.9932402968406677,
            0.0
          ],
          [
            0.0,
            0.0,
            0.0,
            1.0
          ]
        ],
        "rotation_mode": "QUATERNION"
      },
      "armature_space": {
        "head": {
          "x": 0.003135449020192027,
          "y": -0.00013600289821624756,
          "z": -0.0016593029722571373
        },
        "tail": {
          "x": -0.04623669758439064,
          "y": 0.06383064389228821,
          "z": 0.4796089828014374
        }
      },
      "world_space": {
        "head": {
          "x": 0.003135449020192027,
          "y": 0.06310799717903137,
          "z": 0.9481947422027588
        },
        "tail": {
          "x": -0.04623669758439064,
          "y": 0.12707464396953583,
          "z": 1.4294630289077759
        },
        "rotation_quaternion": {
          "w": 0.7513452768325806,
          "x": 0.6579598188400269,
          "y": -0.03193047270178795,
          "z": 0.03936554118990898
        },
        "matrix": [
          [
            0.9948616027832031,
            -0.10117217898368835,
            0.003820914775133133,
            0.003135449020192027
          ],
          [
            0.01713697426021099,
            0.13107886910438538,
            -0.9912238121032715,
            0.06310799717903137
          ],
          [
            0.09978415817022324,
            0.9862030148506165,
            0.13213913142681122,
            0.9481947422027588
          ],
          [
            0.0,
            0.0,
            0.0,
            1.0
          ]
        ]
      },
      "bone_length_armature_space": 0.48800461586032196,
      "parent": "Root",
      "has_children": true,
      "is_end_bone": false
    },
    "neck_01": {
      "name": "neck_01",
      "local": {
        "location": {
          "x": 0.0,
          "y": 0.0,
          "z": 0.0
        },
        "rotation_quaternion": {
          "w": 0.9884026646614075,
          "x": -0.06121857836842537,
          "y": 0.007620210759341717,
          "z": -0.1387602537870407
        },
        "scale": {
          "x": 1.0,
          "y": 1.0,
          "z": 1.0
        },
        "matrix_basis": [
          [
            0.9613750576972961,
            0.2733690142631531,
            0.032053083181381226,
            0.0
          ],
          [
            -0.27523499727249146,
            0.9539957642555237,
            0.11890244483947754,
            0.0
          ],
          [
            0.0019257377134636045,
            -0.12313197553157806,
            0.9923884272575378,
            0.0
          ],
          [
            0.0,
            0.0,
            0.0,
            1.0
          ]
        ],
        "rotation_mode": "QUATERNION"
      },
      "armature_space": {
        "head": {
          "x": -0.053511861711740494,
          "y": 0.03905196487903595,
          "z": 0.556399941444397
        },
        "tail": {
          "x": -0.03514692187309265,
          "y": 0.026717636734247208,
          "z": 0.6565066576004028
        }
      },
      "world_space": {
        "head": {
          "x": -0.053511861711740494,
          "y": 0.10229596495628357,
          "z": 1.506253957748413
        },
        "tail": {
          "x": -0.03514692187309265,
          "y": 0.08996163308620453,
          "z": 1.606360673904419
        },
        "rotation_quaternion": {
          "w": 0.6573768854141235,
          "x": 0.7475466728210449,
          "y": 0.0877525582909584,
          "z": -0.03645889088511467
        },
        "matrix": [
          [
            0.9819403886795044,
            0.1791328340768814,
            0.06086466833949089,
            -0.053511861711740494
          ],
          [
            0.08326484262943268,
            -0.12030986696481705,
            -0.989238440990448,
            0.10229596495628357
          ],
          [
            -0.16988353431224823,
            0.9764477014541626,
            -0.13305442035198212,
            1.506253957748413
          ],
          [
            0.0,
            0.0,
            0.0,
            1.0
          ]
        ]
      },
      "bone_length_armature_space": 0.10252200577992242,
      "parent": "spine_01",
      "has_children": true,
      "is_end_bone": false
    },
    "head": {
      "name": "head",
      "local": {
        "location": {
          "x": 0.0,
          "y": 0.0,
          "z": 0.0
        },
        "rotation_quaternion": {
          "w": 0.9728262424468994,
          "x": 0.0009008821216411889,
          "y": 0.06481313705444336,
          "z": 0.22227799892425537
        },
        "scale": {
          "x": 1.0,
          "y": 1.0,
          "z": 1.0
        },
        "matrix_basis": [
          [
            0.892783522605896,
            -0.4323589503765106,
            0.1265043318271637,
            0.0
          ],
          [
            0.432592511177063,
            0.9011833667755127,
            0.027060264721512794,
            0.0
          ],
          [
            -0.1257033497095108,
            0.03056587278842926,
            0.9915968775749207,
            0.0
          ],
          [
            0.0,
            0.0,
            0.0,
            1.0
          ]
        ],
        "rotation_mode": "QUATERNION"
      },
      "armature_space": {
        "head": {
          "x": -0.03514692559838295,
          "y": 0.026717491447925568,
          "z": 0.6565065979957581
        },
        "tail": {
          "x": -0.08027739822864532,
          "y": 0.05103543400764465,
          "z": 0.8028799891471863
        }
      },
      "world_space": {
        "head": {
          "x": -0.03514692559838295,
          "y": 0.08996149152517319,
          "z": 1.606360673904419
        },
        "tail": {
          "x": -0.08027739822864532,
          "y": 0.11427943408489227,
          "z": 1.7527339458465576
        },
        "rotation_quaternion": {
          "w": 0.7605180144309998,
          "x": 0.61961829662323,
          "y": 0.0034177477937191725,
          "z": 0.19409812986850739
        },
        "matrix": [
          [
            0.9246280193328857,
            -0.2909949719905853,
            0.2457335740327835,
            -0.03514692559838295
          ],
          [
            0.29946738481521606,
            0.15679869055747986,
            -0.9411342144012451,
            0.08996149152517319
          ],
          [
            0.23533660173416138,
            0.9437950253486633,
            0.23212473094463348,
            1.606360673904419
          ],
          [
            0.0,
            0.0,
            0.0,
            1.0
          ]
        ]
      },
      "bone_length_armature_space": 0.15509123409718997,
      "parent": "neck_01",
      "has_children": false,
      "is_end_bone": true
    },
    "upperarm_l": {
      "name": "upperarm_l",
      "local": {
        "location": {
          "x": 0.0,
          "y": 0.0,
          "z": 0.0
        },
        "rotation_quaternion": {
          "w": 0.7547815442085266,
          "x": 0.4963492155075073,
          "y": 0.08960314095020294,
          "z": 0.41942059993743896
        },
        "scale": {
          "x": 1.0,
          "y": 1.0,
          "z": 1.0
        },
        "matrix_basis": [
          [
            0.6321153044700623,
            -0.5441929697990417,
            0.5516197681427002,
            0.0
          ],
          [
            0.7220907807350159,
            0.15544763207435608,
            -0.6741076707839966,
            0.0
          ],
          [
            0.28109657764434814,
            0.8244332671165466,
            0.4912174642086029,
            0.0
          ],
          [
            0.0,
            0.0,
            0.0,
            1.0
          ]
        ],
        "rotation_mode": "QUATERNION"
      },
      "armature_space": {
        "head": {
          "x": 0.1025291234254837,
          "y": 0.02965185046195984,
          "z": 0.5055084824562073
        },
        "tail": {
          "x": 0.1424829065799713,
          "y": -0.17176027595996857,
          "z": 0.6776852607727051
        }
      },
      "world_space": {
        "head": {
          "x": 0.1025291234254837,
          "y": 0.09289585053920746,
          "z": 1.4553625583648682
        },
        "tail": {
          "x": 0.1424829065799713,
          "y": -0.10851627588272095,
          "z": 1.6275392770767212
        },
        "rotation_quaternion": {
          "w": 0.3494475483894348,
          "x": 0.8766330480575562,
          "y": -0.04555133730173111,
          "z": -0.3276066184043884
        },
        "matrix": [
          [
            0.7811986804008484,
            0.14909832179546356,
            -0.6062166690826416,
            0.1025291234254837
          ],
          [
            -0.30882593989372253,
            -0.7516235113143921,
            -0.5828284025192261,
            0.09289585053920746
          ],
          [
            -0.5425494313240051,
            0.6425239443778992,
            -0.5411259531974792,
            1.4553625583648682
          ],
          [
            0.0,
            0.0,
            0.0,
            1.0
          ]
        ]
      },
      "bone_length_armature_space": 0.2679701308257947,
      "parent": "spine_01",
      "has_children": true,
      "is_end_bone": false
    },
    "lowerarm_l": {
      "name": "lowerarm_l",
      "local": {
        "location": {
          "x": 0.0,
          "y": 0.0,
          "z": 0.0
        },
        "rotation_quaternion": {
          "w": 0.9206926822662354,
          "x": 0.37484246492385864,
          "y": -0.07761657983064651,
          "z": 0.07611735165119171
        },
        "scale": {
          "x": 1.0,
          "y": 1.0,
          "z": 1.0
        },
        "matrix_basis": [
          [
            0.9763636589050293,
            -0.19834935665130615,
            -0.08585800230503082,
            0.0
          ],
          [
            0.08197339624166489,
            0.707398533821106,
            -0.7020453810691833,
            0.0
          ],
          [
            0.199986070394516,
            0.6784135103225708,
            0.7069376111030579,
            0.0
          ],
          [
            0.0,
            0.0,
            0.0,
            1.0
          ]
        ],
        "rotation_mode": "QUATERNION"
      },
      "armature_space": {
        "head": {
          "x": 0.14248280227184296,
          "y": -0.17176033556461334,
          "z": 0.6776853799819946
        },
        "tail": {
          "x": -0.020904481410980225,
          "y": -0.3778327703475952,
          "z": 0.7267581820487976
        }
      },
      "world_space": {
        "head": {
          "x": 0.14248280227184296,
          "y": -0.10851633548736572,
          "z": 1.6275393962860107
        },
        "tail": {
          "x": -0.020904481410980225,
          "y": -0.3145887851715088,
          "z": 1.676612138748169
        },
        "rotation_quaternion": {
          "w": 0.02828221768140793,
          "x": -0.8753304481506348,
          "y": 0.3377172648906708,
          "z": 0.3448825478553772
        },
        "matrix": [
          [
            0.5340059995651245,
            -0.610737681388855,
            -0.5846688151359558,
            0.14248280227184296
          ],
          [
            -0.5717207193374634,
            -0.7702937126159668,
            0.2824591398239136,
            -0.10851633548736572
          ],
          [
            -0.6228798627853394,
            0.18343296647071838,
            -0.7605177164077759,
            1.6275393962860107
          ],
          [
            0.0,
            0.0,
            0.0,
            1.0
          ]
        ]
      },
      "bone_length_armature_space": 0.26752456160252003,
      "parent": "upperarm_l",
      "has_children": true,
      "is_end_bone": false
    },
    "metacarpal_thumb_l": {
      "name": "metacarpal_thumb_l",
      "local": {
        "location": {
          "x": 0.0,
          "y": 0.0,
          "z": 0.0
        },
        "rotation_quaternion": {
          "w": 0.9985003471374512,
          "x": -0.05369883030653,
          "y": -0.00975259393453598,
          "z": 0.004297015722841024
        },
        "scale": {
          "x": 1.0,
          "y": 1.0,
          "z": 1.0
        },
        "matrix_basis": [
          [
            0.999772846698761,
            -0.00753373745828867,
            -0.0199374258518219,
            0.0
          ],
          [
            0.009628549218177795,
            0.9941959381103516,
            0.1071527898311615,
            0.0
          ],
          [
            0.019014447927474976,
            -0.10732041299343109,
            0.9940426349639893,
            0.0
          ],
          [
            0.0,
            0.0,
            0.0,
            1.0
          ]
        ],
        "rotation_mode": "QUATERNION"
      },
      "armature_space": {
        "head": {
          "x": -0.020904481410980225,
          "y": -0.3778327703475952,
          "z": 0.7267581820487976
        },
        "tail": {
          "x": -0.06035083904862404,
          "y": -0.40212658047676086,
          "z": 0.7092257738113403
        }
      },
      "world_space": {
        "head": {
          "x": -0.020904481410980225,
          "y": -0.3145887851715088,
          "z": 1.676612138748169
        },
        "tail": {
          "x": -0.06035083904862404,
          "y": -0.33888256549835205,
          "z": 1.6590797901153564
        },
        "rotation_quaternion": {
          "w": 0.038891568779945374,
          "x": 0.7594959139823914,
          "y": -0.5032507181167603,
          "z": 0.4103562831878662
        },
        "matrix": [
          [
            0.15669141709804535,
            -0.7963544130325317,
            0.5841813087463379,
            -0.020904481410980225
          ],
          [
            -0.732514500617981,
            -0.4904502332210541,
            -0.47210270166397095,
            -0.3145887851715088
          ],
          [
            0.6624770164489746,
            -0.3539496064186096,
            -0.660195529460907,
            1.676612138748169
          ],
          [
            0.0,
            0.0,
            0.0,
            1.0
          ]
        ]
      },
      "bone_length_armature_space": 0.04953372222333122,
      "parent": "lowerarm_l",
      "has_children": true,
      "is_end_bone": false
    },
    "thumb_01_l": {
      "name": "thumb_01_l",
      "local": {
        "location": {
          "x": 0.0,
          "y": 0.0,
          "z": 0.0
        },
        "rotation_quaternion": {
          "w": 0.9991196990013123,
          "x": -0.03976169601082802,
          "y": 0.012449923902750015,
          "z": -0.004893142729997635
        },
        "scale": {
          "x": 1.0,
          "y": 1.0,
          "z": 1.0
        },
        "matrix_basis": [
          [
            0.9996421337127686,
            0.008787610568106174,
            0.025267047807574272,
            0.0
          ],
          [
            -0.010767730884253979,
            0.9967901110649109,
            0.07933154702186584,
            0.0
          ],
          [
            -0.02448880858719349,
            -0.07957522571086884,
            0.9965280294418335,
            0.0
          ],
          [
            0.0,
            0.0,
            0.0,
            1.0
          ]
        ],
        "rotation_mode": "QUATERNION"
      },
      "armature_space": {
        "head": {
          "x": -0.06035083904862404,
          "y": -0.40212658047676086,
          "z": 0.7092257738113403
        },
        "tail": {
          "x": -0.06481124460697174,
          "y": -0.4197996258735657,
          "z": 0.6804785132408142
        }
      },
      "world_space": {
        "head": {
          "x": -0.06035083904862404,
          "y": -0.33888256549835205,
          "z": 1.6590797901153564
        },
        "tail": {
          "x": -0.06481124460697174,
          "y": -0.35655564069747925,
          "z": 1.6303324699401855
        },
        "rotation_quaternion": {
          "w": 0.031164800748229027,
          "x": 0.07861844450235367,
          "y": -0.48931142687797546,
          "z": 0.8679990172386169
        },
        "matrix": [
          [
            -0.985696017742157,
            -0.1310398131608963,
            0.10598219931125641,
            -0.06035083904862404
          ],
          [
            -0.022835057228803635,
            -0.5192066431045532,
            -0.8543437123298645,
            -0.33888256549835205
          ],
          [
            0.16698095202445984,
            -0.8445494771003723,
            0.5087904334068298,
            1.6590797901153564
          ],
          [
            0.0,
            0.0,
            0.0,
            1.0
          ]
        ]
      },
      "bone_length_armature_space": 0.03403875403685,
      "parent": "metacarpal_thumb_l",
      "has_children": true,
      "is_end_bone": false
    },
    "thumb_02_l": {
      "name": "thumb_02_l",
      "local": {
        "location": {
          "x": 0.0,
          "y": 0.0,
          "z": 0.0
        },
        "rotation_quaternion": {
          "w": 0.997653603553772,
          "x": 0.06765208393335342,
          "y": -0.009156008251011372,
          "z": 0.005167566239833832
        },
        "scale": {
          "x": 1.0,
          "y": 1.0,
          "z": 1.0
        },
        "matrix_basis": [
          [
            0.9997789263725281,
            -0.011549727991223335,
            -0.017569856718182564,
            0.0
          ],
          [
            0.009072036482393742,
            0.990792989730835,
            -0.13508132100105286,
            0.0
          ],
          [
            0.018968243151903152,
            0.1348920613527298,
            0.9906787276268005,
            0.0
          ],
          [
            0.0,
            0.0,
            0.0,
            1.0
          ]
        ],
        "rotation_mode": "QUATERNION"
      },
      "armature_space": {
        "head": {
          "x": -0.06481121480464935,
          "y": -0.4197995960712433,
          "z": 0.6804785132408142
        },
        "tail": {
          "x": -0.08980301022529602,
          "y": -0.4507802724838257,
          "z": 0.6858438849449158
        }
      },
      "world_space": {
        "head": {
          "x": -0.06481121480464935,
          "y": -0.3565555810928345,
          "z": 1.6303324699401855
        },
        "tail": {
          "x": -0.08980301022529602,
          "y": -0.38753628730773926,
          "z": 1.635697841644287
        },
        "rotation_quaternion": {
          "w": 0.3276972472667694,
          "x": -0.03527409955859184,
          "y": 0.08331345021724701,
          "z": 0.9404409527778625
        },
        "matrix": [
          [
            -0.7827406525611877,
            -0.622237503528595,
            -0.011742979288101196,
            -0.06481121480464935
          ],
          [
            0.6104822754859924,
            -0.7713466882705688,
            0.17982158064842224,
            -0.3565555810928345
          ],
          [
            -0.12094996124505997,
            0.13358519971370697,
            0.9836362600326538,
            1.6303324699401855
          ],
          [
            0.0,
            0.0,
            0.0,
            1.0
          ]
        ]
      },
      "bone_length_armature_space": 0.040164404276752774,
      "parent": "thumb_01_l",
      "has_children": true,
      "is_end_bone": false
    },
    "thumb_03_l": {
      "name": "thumb_03_l",
      "local": {
        "location": {
          "x": 0.0,
          "y": 0.0,
          "z": 0.0
        },
        "rotation_quaternion": {
          "w": 0.9976129531860352,
          "x": 0.06860563904047012,
          "y": -0.006120378617197275,
          "z": -0.004933766555041075
        },
        "scale": {
          "x": 1.0,
          "y": 1.0,
          "z": 1.0
        },
        "matrix_basis": [
          [
            0.9998763799667358,
            0.009004194289445877,
            -0.012888506054878235,
            0.0
          ],
          [
            -0.010683763772249222,
            0.9905378222465515,
            -0.1368233561515808,
            0.0
          ],
          [
            0.011534569784998894,
            0.13694414496421814,
            0.9905115962028503,
            0.0
          ],
          [
            0.0,
            0.0,
            0.0,
            1.0
          ]
        ],
        "rotation_mode": "QUATERNION"
      },
      "armature_space": {
        "head": {
          "x": -0.08980302512645721,
          "y": -0.4507802128791809,
          "z": 0.685843825340271
        },
        "tail": {
          "x": -0.10494864732027054,
          "y": -0.471996933221817,
          "z": 0.7015713453292847
        }
      },
      "world_space": {
        "head": {
          "x": -0.08980302512645721,
          "y": -0.3875362277030945,
          "z": 1.635697841644287
        },
        "tail": {
          "x": -0.10494864732027054,
          "y": -0.4087529182434082,
          "z": 1.6514253616333008
        },
        "rotation_quaternion": {
          "w": 0.22353248298168182,
          "x": -0.1421472430229187,
          "y": 0.3187294602394104,
          "z": 0.9100763201713562
        },
        "matrix": [
          [
            -0.8596548438072205,
            -0.4974766969680786,
            -0.11623586714267731,
            -0.08980302512645721
          ],
          [
            0.31625109910964966,
            -0.6968890428543091,
            0.643685519695282,
            -0.3875362277030945
          ],
          [
            -0.4012245237827301,
            0.5165907740592957,
            0.7564172744750977,
            1.635697841644287
          ],
          [
            0.0,
            0.0,
            0.0,
            1.0
          ]
        ]
      },
      "bone_length_armature_space": 0.030444933259085972,
      "parent": "thumb_02_l",
      "has_children": false,
      "is_end_bone": true
    },
    "metacarpal_index_l": {
      "name": "metacarpal_index_l",
      "local": {
        "location": {
          "x": 0.0,
          "y": 0.0,
          "z": 0.0
        },
        "rotation_quaternion": {
          "w": 0.998668909072876,
          "x": -0.04943378269672394,
          "y": 0.010511386208236217,
          "z": 0.010314752347767353
        },
        "scale": {
          "x": 1.0,
          "y": 1.0,
          "z": 1.0
        },
        "matrix_basis": [
          [
            0.9995662569999695,
            -0.021641280502080917,
            0.019974995404481888,
            0.0
          ],
          [
            0.01956281065940857,
            0.9948998093605042,
            0.09895280748605728,
            0.0
          ],
          [
            -0.02201458439230919,
            -0.09851911664009094,
            0.9948916435241699,
            0.0
          ],
          [
            0.0,
            0.0,
            0.0,
            1.0
          ]
        ],
        "rotation_mode": "QUATERNION"
      },
      "armature_space": {
        "head": {
          "x": -0.020904481410980225,
          "y": -0.3778327703475952,
          "z": 0.7267581820487976
        },
        "tail": {
          "x": -0.11072875559329987,
          "y": -0.4530712068080902,
          "z": 0.7267507910728455
        }
      },
      "world_space": {
        "head": {
          "x": -0.020904481410980225,
          "y": -0.3145887851715088,
          "z": 1.676612138748169
        },
        "tail": {
          "x": -0.11072875559329987,
          "y": -0.3898271918296814,
          "z": 1.6766047477722168
        },
        "rotation_quaternion": {
          "w": 0.06201024726033211,
          "x": 0.896324098110199,
          "y": -0.4184424579143524,
          "z": 0.13290485739707947
        },
        "matrix": [
          [
            0.6144843697547913,
            -0.7666035890579224,
            0.18635575473308563,
            -0.020904481410980225
          ],
          [
            -0.733637273311615,
            -0.6421209573745728,
            -0.22238971292972565,
            -0.3145887851715088
          ],
          [
            0.2901489734649658,
            -6.30989670753479e-05,
            -0.9569889307022095,
            1.676612138748169
          ],
          [
            0.0,
            0.0,
            0.0,
            1.0
          ]
        ]
      },
      "bone_length_armature_space": 0.11717176553736115,
      "parent": "lowerarm_l",
      "has_children": true,
      "is_end_bone": false
    },
    "index_01_l": {
      "name": "index_01_l",
      "local": {
        "location": {
          "x": 0.0,
          "y": 0.0,
          "z": 0.0
        },
        "rotation_quaternion": {
          "w": 0.990059494972229,
          "x": -0.1387549787759781,
          "y": 0.022322000935673714,
          "z": 0.005577703006565571
        },
        "scale": {
          "x": 1.0,
          "y": 1.0,
          "z": 1.0
        },
        "matrix_basis": [
          [
            0.9989412426948547,
            -0.017239093780517578,
            0.042652349919080734,
            0.0
          ],
          [
            0.0048499382100999355,
            0.9614318609237671,
            0.2750003933906555,
            0.0
          ],
          [
            -0.04574808478355408,
            -0.27450236678123474,
            0.9604975581169128,
            0.0
          ],
          [
            0.0,
            0.0,
            0.0,
            1.0
          ]
        ],
        "rotation_mode": "QUATERNION"
      },
      "armature_space": {
        "head": {
          "x": -0.11072875559329987,
          "y": -0.4530712068080902,
          "z": 0.7267507910728455
        },
        "tail": {
          "x": -0.12655039131641388,
          "y": -0.4726569354534149,
          "z": 0.7401353716850281
        }
      },
      "world_space": {
        "head": {
          "x": -0.11072875559329987,
          "y": -0.3898271918296814,
          "z": 1.6766047477722168
        },
        "tail": {
          "x": -0.12655039131641388,
          "y": -0.4094129204750061,
          "z": 1.6899893283843994
        },
        "rotation_quaternion": {
          "w": 0.28469011187553406,
          "x": 0.9137144088745117,
          "y": -0.2748004198074341,
          "z": 0.09253356605768204
        },
        "matrix": [
          [
            0.8318446278572083,
            -0.5548652410507202,
            0.01263146847486496,
            -0.11072875559329987
          ],
          [
            -0.44949203729629517,
            -0.6868720650672913,
            -0.5711076259613037,
            -0.3898271918296814
          ],
          [
            0.32556575536727905,
            0.469397634267807,
            -0.8207843899726868,
            1.6766047477722168
          ],
          [
            0.0,
            0.0,
            0.0,
            1.0
          ]
        ]
      },
      "bone_length_armature_space": 0.028514416286084338,
      "parent": "metacarpal_index_l",
      "has_children": true,
      "is_end_bone": false
    },
    "index_02_l": {
      "name": "index_02_l",
      "local": {
        "location": {
          "x": 0.0,
          "y": 0.0,
          "z": 0.0
        },
        "rotation_quaternion": {
          "w": 0.998094379901886,
          "x": 0.06114118918776512,
          "y": -0.008095339871942997,
          "z": 0.002008911222219467
        },
        "scale": {
          "x": 1.0,
          "y": 1.0,
          "z": 1.0
        },
        "matrix_basis": [
          [
            0.9998608827590942,
            -0.005000083241611719,
            -0.015914171934127808,
            0.0
          ],
          [
            0.003020248608663678,
            0.9925154447555542,
            -0.12208188325166702,
            0.0
          ],
          [
            0.016405479982495308,
            0.12201683223247528,
            0.9923924207687378,
            0.0
          ],
          [
            0.0,
            0.0,
            0.0,
            1.0
          ]
        ],
        "rotation_mode": "QUATERNION"
      },
      "armature_space": {
        "head": {
          "x": -0.1265507936477661,
          "y": -0.4726572632789612,
          "z": 0.7401352524757385
        },
        "tail": {
          "x": -0.14031702280044556,
          "y": -0.491690456867218,
          "z": 0.7504463791847229
        }
      },
      "world_space": {
        "head": {
          "x": -0.1265507936477661,
          "y": -0.40941327810287476,
          "z": 1.6899893283843994
        },
        "tail": {
          "x": -0.14031702280044556,
          "y": -0.4284464716911316,
          "z": 1.7003004550933838
        },
        "rotation_quaternion": {
          "w": 0.2342897653579712,
          "x": 0.9311220049858093,
          "y": -0.27228236198425293,
          "z": 0.06310640275478363
        },
        "matrix": [
          [
            0.8437598347663879,
            -0.5366268754005432,
            -0.01006726548075676,
            -0.1265507936477661
          ],
          [
            -0.4774863123893738,
            -0.7419408559799194,
            -0.470670610666275,
            -0.40941327810287476
          ],
          [
            0.24510636925697327,
            0.4019419848918915,
            -0.8822582960128784,
            1.6899893283843994
          ],
          [
            0.0,
            0.0,
            0.0,
            1.0
          ]
        ]
      },
      "bone_length_armature_space": 0.025653281507139972,
      "parent": "index_01_l",
      "has_children": true,
      "is_end_bone": false
    },
    "index_03_l": {
      "name": "index_03_l",
      "local": {
        "location": {
          "x": 0.0,
          "y": 0.0,
          "z": 0.0
        },
        "rotation_quaternion": {
          "w": 0.9986176490783691,
          "x": 0.05220535770058632,
          "y": -0.0013667792081832886,
          "z": 0.0059631443582475185
        },
        "scale": {
          "x": 1.0,
          "y": 1.0,
          "z": 1.0
        },
        "matrix_basis": [
          [
            0.9999251365661621,
            -0.012052509002387524,
            -0.0021071634255349636,
            0.0
          ],
          [
            0.011767095886170864,
            0.9944781064987183,
            -0.1042826846241951,
            0.0
          ],
          [
            0.0033523959573358297,
            0.10425008088350296,
            0.9945454597473145,
            0.0
          ],
          [
            0.0,
            0.0,
            0.0,
            1.0
          ]
        ],
        "rotation_mode": "QUATERNION"
      },
      "armature_space": {
        "head": {
          "x": -0.14031703770160675,
          "y": -0.49169039726257324,
          "z": 0.7504464983940125
        },
        "tail": {
          "x": -0.15360131859779358,
          "y": -0.5167152881622314,
          "z": 0.7575891017913818
        }
      },
      "world_space": {
        "head": {
          "x": -0.14031703770160675,
          "y": -0.4284464120864868,
          "z": 1.7003004550933838
        },
        "tail": {
          "x": -0.15360131859779358,
          "y": -0.453471302986145,
          "z": 1.707443118095398
        },
        "rotation_quaternion": {
          "w": 0.15286536514759064,
          "x": 0.9572020173072815,
          "y": -0.21999584138393402,
          "z": 0.10953694581985474
        },
        "matrix": [
          [
            0.8792071342468262,
            -0.45464998483657837,
            0.14243805408477783,
            -0.14031703770160675
          ],
          [
            -0.38767221570014954,
            -0.8564678430557251,
            -0.34084200859069824,
            -0.4284464120864868
          ],
          [
            0.2769589424133301,
            0.2444523572921753,
            -0.9292743802070618,
            1.7003004550933838
          ],
          [
            0.0,
            0.0,
            0.0,
            1.0
          ]
        ]
      },
      "bone_length_armature_space": 0.029218728116301863,
      "parent": "index_02_l",
      "has_children": false,
      "is_end_bone": true
    },
    "metacarpal_pinky_l": {
      "name": "metacarpal_pinky_l",
      "local": {
        "location": {
          "x": 0.0,
          "y": 0.0,
          "z": 0.0
        },
        "rotation_quaternion": {
          "w": 0.999567449092865,
          "x": -0.027954107150435448,
          "y": 0.008291639387607574,
          "z": -0.003849945031106472
        },
        "scale": {
          "x": 1.0,
          "y": 1.0,
          "z": 1.0
        },
        "matrix_basis": [
          [
            0.9998328685760498,
            0.007232988718897104,
            0.01679134927690029,
            0.0
          ],
          [
            -0.008160130120813847,
            0.9984074831008911,
            0.05582018569111824,
            0.0
          ],
          [
            -0.01636086218059063,
            -0.05594787746667862,
            0.9982996582984924,
            0.0
          ],
          [
            0.0,
            0.0,
            0.0,
            1.0
          ]
        ],
        "rotation_mode": "QUATERNION"
      },
      "armature_space": {
        "head": {
          "x": -0.020904481410980225,
          "y": -0.3778327703475952,
          "z": 0.7267581820487976
        },
        "tail": {
          "x": -0.058904774487018585,
          "y": -0.46669599413871765,
          "z": 0.7655207514762878
        }
      },
      "world_space": {
        "head": {
          "x": -0.020904481410980225,
          "y": -0.3145887851715088,
          "z": 1.676612138748169
        },
        "tail": {
          "x": -0.058904774487018585,
          "y": -0.40345197916030884,
          "z": 1.7153747081756592
        },
        "rotation_quaternion": {
          "w": 0.07244317978620529,
          "x": -0.46541064977645874,
          "y": 0.26088619232177734,
          "z": 0.8426644802093506
        },
        "matrix": [
          [
            -0.5562905073165894,
            -0.36492860317230225,
            -0.7465713024139404,
            -0.020904481410980225
          ],
          [
            -0.12074770778417587,
            -0.8533810377120972,
            0.5071102380752563,
            -0.3145887851715088
          ],
          [
            -0.8221745491027832,
            0.37224912643432617,
            0.43066680431365967,
            1.676612138748169
          ],
          [
            0.0,
            0.0,
            0.0,
            1.0
          ]
        ]
      },
      "bone_length_armature_space": 0.10413084097050612,
      "parent": "lowerarm_l",
      "has_children": true,
      "is_end_bone": false
    },
    "pinky_01_l": {
      "name": "pinky_01_l",
      "local": {
        "location": {
          "x": 0.0,
          "y": 0.0,
          "z": 0.0
        },
        "rotation_quaternion": {
          "w": 0.9903409481048584,
          "x": -0.13818977773189545,
          "y": -0.009777002036571503,
          "z": -0.005723282694816589
        },
        "scale": {
          "x": 1.0,
          "y": 1.0,
          "z": 1.0
        },
        "matrix_basis": [
          [
            0.9997432827949524,
            0.014038166031241417,
            -0.017783332616090775,
            0.0
          ],
          [
            -0.008633838966488838,
            0.9617416858673096,
            0.2738218903541565,
            0.0
          ],
          [
            0.02094692923128605,
            -0.2735980749130249,
            0.9616159796714783,
            0.0
          ],
          [
            0.0,
            0.0,
            0.0,
            1.0
          ]
        ],
        "rotation_mode": "QUATERNION"
      },
      "armature_space": {
        "head": {
          "x": -0.058904774487018585,
          "y": -0.46669599413871765,
