{
  "metadata": {
    "armature_name": "KIM_caucasian_male",
    "export_time": "2026-01-13T20:55:01.175678",
    "blender_version": "4.4.1",
    "bone_count": 56,
    "end_bone_count": 13,
    "spaces_included": [
      "LOCAL_CHANNELS",
      "ARMATURE_SPACE",
      "WORLD_SPACE"
    ],
    "note": "LOCAL matches Transform panel; replay pose via local.matrix_basis for best fidelity."
  },
  "bones": {
    "Root": {
      "name": "Root",
      "local": {
        "location": {
          "x": 0.0,
          "y": 0.0,
          "z": 0.0
        },
        "rotation_quaternion": {
          "w": 0.9994580149650574,
          "x": -0.009262114763259888,
          "y": 0.014665311202406883,
          "z": -0.027982784435153008
        },
        "scale": {
          "x": 1.0,
          "y": 1.0,
          "z": 1.0
        },
        "matrix_basis": [
          [
            0.9980037808418274,
            0.0556635744869709,
            0.02983308583498001,
            0.0
          ],
          [
            -0.056206900626420975,
            0.998262345790863,
            0.01769343763589859,
            0.0
          ],
          [
            -0.0287963654845953,
            -0.01933494210243225,
            0.9993982911109924,
            0.0
          ],
          [
            0.0,
            0.0,
            0.0,
            1.0
          ]
        ],
        "rotation_mode": "QUATERNION"
      },
      "armature_space": {
        "head": {
          "x": 0.0,
          "y": 0.07072800397872925,
          "z": -0.009595036506652832
        },
        "tail": {
          "x": 0.003973036073148251,
          "y": 0.00030841678380966187,
          "z": 0.0013508591800928116
        }
      },
      "world_space": {
        "head": {
          "x": 0.0,
          "y": 0.13397200405597687,
          "z": 0.9402589797973633
        },
        "tail": {
          "x": 0.003973036073148251,
          "y": 0.06355241686105728,
          "z": 0.9512048959732056
        },
        "rotation_quaternion": {
          "w": 0.07657221704721451,
          "x": 0.9965634942054749,
          "y": 0.02890719100832939,
          "z": 0.012746855616569519
        },
        "matrix": [
          [
            0.9980037808418274,
            0.0556635744869709,
            0.02983308583498001,
            0.0
          ],
          [
            0.059567805379629135,
            -0.9866021275520325,
            -0.1518816500902176,
            0.13397200405597687
          ],
          [
            0.02097931317985058,
            0.1533556878566742,
            -0.9879554510116577,
            0.9402589797973633
          ],
          [
            0.0,
            0.0,
            0.0,
            1.0
          ]
        ]
      },
      "bone_length_armature_space": 0.0713758780496425,
      "parent": null,
      "has_children": true,
      "is_end_bone": false
    },
    "spine_01": {
      "name": "spine_01",
      "local": {
        "location": {
          "x": 0.0,
          "y": 0.0,
          "z": 0.0
        },
        "rotation_quaternion": {
          "w": 0.9981244802474976,
          "x": 0.022681845352053642,
          "y": 0.02378682978451252,
          "z": -0.05164665728807449
        },
        "scale": {
          "x": 1.0,
          "y": 1.0,
          "z": 1.0
        },
        "matrix_basis": [
          [
            0.9935336112976074,
            0.10417864471673965,
            0.04514155164361,
            0.0
          ],
          [
            -0.10202052444219589,
            0.9936363101005554,
            -0.047735631465911865,
            0.0
          ],
          [
            -0.049827318638563156,
            0.04282158985733986,
            0.9978394508361816,
            0.0
          ],
          [
            0.0,
            0.0,
            0.0,
            1.0
          ]
        ],
        "rotation_mode": "QUATERNION"
      },
      "armature_space": {
        "head": {
          "x": 0.003973036073148251,
          "y": 0.00030841678380966187,
          "z": 0.0013508591800928116
        },
        "tail": {
          "x": 0.04388890787959099,
          "y": 0.013797516003251076,
          "z": 0.4875332713127136
        }
      },
      "world_space": {
        "head": {
          "x": 0.003973036073148251,
          "y": 0.06355241686105728,
          "z": 0.9512048959732056
        },
        "tail": {
          "x": 0.04388890787959099,
          "y": 0.07704151421785355,
          "z": 1.437387228012085
        },
        "rotation_quaternion": {
          "w": 0.7137690186500549,
          "x": 0.6972289681434631,
          "y": 0.06598696857690811,
          "z": 0.0071601890958845615
        },
        "matrix": [
          [
            0.9911890029907227,
            0.0817946121096611,
            0.10418297350406647,
            0.003973036073148251
          ],
          [
            0.10223692655563354,
            0.027641527354717255,
            -0.9943760633468628,
            0.06355241686105728
          ],
          [
            -0.08421486616134644,
            0.9962729215621948,
            0.01903475821018219,
            0.9512048959732056
          ],
          [
            0.0,
            0.0,
            0.0,
            1.0
          ]
        ]
      },
      "bone_length_armature_space": 0.48800469522415985,
      "parent": "Root",
      "has_children": true,
      "is_end_bone": false
    },
    "neck_01": {
      "name": "neck_01",
      "local": {
        "location": {
          "x": 0.0,
          "y": 0.0,
          "z": 0.0
        },
        "rotation_quaternion": {
          "w": 0.9895758032798767,
          "x": -0.09612088650465012,
          "y": -0.024070849642157555,
          "z": 0.10450445115566254
        },
        "scale": {
          "x": 1.0,
          "y": 1.0,
          "z": 1.0
        },
        "matrix_basis": [
          [
            0.9769988059997559,
            -0.2022027224302292,
            -0.06772997975349426,
            0.0
          ],
          [
            0.21145758032798767,
            0.9596791863441467,
            0.18520678579807281,
            0.0
          ],
          [
            0.02754973992705345,
            -0.19526882469654083,
            0.9803627133369446,
            0.0
          ],
          [
            0.0,
            0.0,
            0.0,
            1.0
          ]
        ],
        "rotation_mode": "QUATERNION"
      },
      "armature_space": {
        "head": {
          "x": 0.05349089577794075,
          "y": -0.018664013594388962,
          "z": 0.5611389875411987
        },
        "tail": {
          "x": 0.04300682991743088,
          "y": -0.036773473024368286,
          "z": 0.6615027785301208
        }
      },
      "world_space": {
        "head": {
          "x": 0.05349089577794075,
          "y": 0.04457998648285866,
          "z": 1.5109930038452148
        },
        "tail": {
          "x": 0.04300682991743088,
          "y": 0.026470527052879333,
          "z": 1.6113567352294922
        },
        "rotation_quaternion": {
          "w": 0.6407228708267212,
          "x": 0.7660185098648071,
          "y": -0.03396473824977875,
          "z": 0.03919557109475136
        },
        "matrix": [
          [
            0.9946203231811523,
            -0.10226228088140488,
            0.016524463891983032,
            0.05349089577794075
          ],
          [
            -0.0018088612705469131,
            -0.17664088308811188,
            -0.9842738509178162,
            0.04457998648285866
          ],
          [
            0.10357368737459183,
            0.9789553284645081,
            -0.17587774991989136,
            1.5109930038452148
          ],
          [
            0.0,
            0.0,
            0.0,
            1.0
          ]
        ]
      },
      "bone_length_armature_space": 0.10252199194082691,
      "parent": "spine_01",
      "has_children": true,
      "is_end_bone": false
    },
    "head": {
      "name": "head",
      "local": {
        "location": {
          "x": 0.0,
          "y": 0.0,
          "z": 0.0
        },
        "rotation_quaternion": {
          "w": 0.9846614003181458,
          "x": -0.0672459676861763,
          "y": -0.16031505167484283,
          "z": -0.014801669865846634
        },
        "scale": {
          "x": 1.0,
          "y": 1.0,
          "z": 1.0
        },
        "matrix_basis": [
          [
            0.9481599926948547,
            0.050710346549749374,
            -0.3137213885784149,
            0.0
          ],
          [
            -0.00758818443864584,
            0.990517795085907,
            0.13717487454414368,
            0.0
          ],
          [
            0.3177028000354767,
            -0.12768316268920898,
            0.9395541548728943,
            0.0
          ],
          [
            0.0,
            0.0,
            0.0,
            1.0
          ]
        ],
        "rotation_mode": "QUATERNION"
      },
      "armature_space": {
        "head": {
          "x": 0.04300684109330177,
          "y": -0.03677361458539963,
          "z": 0.6615027189254761
        },
        "tail": {
          "x": 0.03565341979265213,
          "y": 0.011987075209617615,
          "z": 0.8085456490516663
        }
      },
      "world_space": {
        "head": {
          "x": 0.04300684109330177,
          "y": 0.026470385491847992,
          "z": 1.6113567352294922
        },
        "tail": {
          "x": 0.03565341979265213,
          "y": 0.07523107528686523,
          "z": 1.7583997249603271
        },
        "rotation_quaternion": {
          "w": 0.7952187657356262,
          "x": 0.5792918801307678,
          "y": -0.15756869316101074,
          "z": -0.08497191220521927
        },
        "matrix": [
          [
            0.9359040856361389,
            -0.04741382226347923,
            -0.34904980659484863,
            0.04300684109330177
          ],
          [
            -0.3176986277103424,
            0.31440210342407227,
            -0.8945497870445251,
            0.026470385491847992
          ],
          [
            0.15215672552585602,
            0.9481121897697449,
            0.2791879177093506,
            1.6113567352294922
          ],
          [
            0.0,
            0.0,
            0.0,
            1.0
          ]
        ]
      },
      "bone_length_armature_space": 0.15509126875493912,
      "parent": "neck_01",
      "has_children": false,
      "is_end_bone": true
    },
    "upperarm_l": {
      "name": "upperarm_l",
      "local": {
        "location": {
          "x": 0.0,
          "y": 0.0,
          "z": 0.0
        },
        "rotation_quaternion": {
          "w": 0.9002753496170044,
          "x": 0.20690706372261047,
          "y": 0.33693987131118774,
          "z": 0.18211336433887482
        },
        "scale": {
          "x": 1.0,
          "y": 1.0,
          "z": 1.0
        },
        "matrix_basis": [
          [
            0.7066124677658081,
            -0.1884738653898239,
            0.682038426399231,
            0.0
          ],
          [
            0.4673348367214203,
            0.8480483889579773,
            -0.2498241513967514,
            0.0
          ],
          [
            -0.5313162207603455,
            0.49526917934417725,
            0.6873219609260559,
            0.0
          ],
          [
            0.0,
            0.0,
            0.0,
            1.0
          ]
        ],
        "rotation_mode": "QUATERNION"
      },
      "armature_space": {
        "head": {
          "x": 0.1970042735338211,
          "y": -0.008357394486665726,
          "z": 0.4816102087497711
        },
        "tail": {
          "x": 0.44471266865730286,
          "y": -0.10752546787261963,
          "z": 0.5063866376876831
        }
      },
      "world_space": {
        "head": {
          "x": 0.1970042735338211,
          "y": 0.054886605590581894,
          "z": 1.4314641952514648
        },
        "tail": {
          "x": 0.44471266865730286,
          "y": -0.04428146779537201,
          "z": 1.4562406539916992
        },
        "rotation_quaternion": {
          "w": 0.2656308114528656,
          "x": 0.764458179473877,
          "y": 0.49437135457992554,
          "z": -0.3172397315502167
        },
        "matrix": [
          [
            0.30991098284721375,
            0.9243904948234558,
            -0.22239038348197937,
            0.1970042735338211
          ],
          [
            0.5873153805732727,
            -0.3700723648071289,
            -0.7197967171669006,
            0.054886605590581894
          ],
          [
            -0.7476783990859985,
            0.09245986491441727,
            -0.6576035022735596,
            1.4314641952514648
          ],
          [
            0.0,
            0.0,
            0.0,
            1.0
          ]
        ]
      },
      "bone_length_armature_space": 0.2679694551715456,
      "parent": "spine_01",
      "has_children": true,
      "is_end_bone": false
    },
    "lowerarm_l": {
      "name": "lowerarm_l",
      "local": {
        "location": {
          "x": 0.0,
          "y": 0.0,
          "z": 0.0
        },
        "rotation_quaternion": {
          "w": 0.9814258217811584,
          "x": 0.03636019304394722,
          "y": -0.08434095978736877,
          "z": 0.16842778027057648
        },
        "scale": {
          "x": 1.0,
          "y": 1.0,
          "z": 1.0
        },
        "matrix_basis": [
          [
            0.9290373921394348,
            -0.33673205971717834,
            -0.15330065786838531,
            0.0
          ],
          [
            0.32446542382240295,
            0.9406200647354126,
            -0.09978038817644119,
            0.0
          ],
          [
            0.17779693007469177,
            0.04295894503593445,
            0.98312908411026,
            0.0
          ],
          [
            0.0,
            0.0,
            0.0,
            1.0
          ]
        ],
        "rotation_mode": "QUATERNION"
      },
      "armature_space": {
        "head": {
          "x": 0.44471269845962524,
          "y": -0.10752560943365097,
          "z": 0.5063866972923279
        },
        "tail": {
          "x": 0.6296491622924805,
          "y": -0.2808768153190613,
          "z": 0.5919278264045715
        }
      },
      "world_space": {
        "head": {
          "x": 0.44471269845962524,
          "y": -0.04428160935640335,
          "z": 1.4562406539916992
        },
        "tail": {
          "x": 0.6296491622924805,
          "y": -0.21763281524181366,
          "z": 1.5417819023132324
        },
        "rotation_quaternion": {
          "w": 0.3323158621788025,
          "x": 0.804732620716095,
          "y": 0.25607576966285706,
          "z": -0.4199960231781006
        },
        "matrix": [
          [
            0.5160570740699768,
            0.6912880539894104,
            -0.5057724714279175,
            0.44471269845962524
          ],
          [
            0.13300320506095886,
            -0.6479825377464294,
            -0.7499527335166931,
            -0.04428160935640335
          ],
          [
            -0.8461708426475525,
            0.3197506368160248,
            -0.42634323239326477,
            1.4562406539916992
          ],
          [
            0.0,
            0.0,
            0.0,
            1.0
          ]
        ]
      },
      "bone_length_armature_space": 0.2675246103401566,
      "parent": "upperarm_l",
      "has_children": true,
      "is_end_bone": false
    },
    "metacarpal_thumb_l": {
      "name": "metacarpal_thumb_l",
      "local": {
        "location": {
          "x": 0.0,
          "y": 0.0,
          "z": 0.0
        },
        "rotation_quaternion": {
          "w": 0.999558687210083,
          "x": 0.026478761807084084,
          "y": -0.009036479517817497,
          "z": 0.009989771991968155
        },
        "scale": {
          "x": 1.0,
          "y": 1.0,
          "z": 1.0
        },
        "matrix_basis": [
          [
            0.9996370673179626,
            -0.020449277013540268,
            -0.017535949125885963,
            0.0
          ],
          [
            0.019492177292704582,
            0.9983981847763062,
            -0.053114697337150574,
            0.0
          ],
          [
            0.01859401725232601,
            0.05275360867381096,
            0.9984344244003296,
            0.0
          ],
          [
            0.0,
            0.0,
            0.0,
            1.0
          ]
        ],
        "rotation_mode": "QUATERNION"
      },
      "armature_space": {
        "head": {
          "x": 0.6296491622924805,
          "y": -0.2808768153190613,
          "z": 0.5919278264045715
        },
        "tail": {
          "x": 0.6467306017875671,
          "y": -0.32621294260025024,
          "z": 0.5816105604171753
        }
      },
      "world_space": {
        "head": {
          "x": 0.6296491622924805,
          "y": -0.21763281524181366,
          "z": 1.5417819023132324
        },
        "tail": {
          "x": 0.6467306017875671,
          "y": -0.2629689574241638,
          "z": 1.5314645767211914
        },
        "rotation_quaternion": {
          "w": 0.14259082078933716,
          "x": -0.9545908570289612,
          "y": -0.14845336973667145,
          "z": -0.21537348628044128
        },
        "matrix": [
          [
            0.8631517887115479,
            0.3448449969291687,
            0.3688504695892334,
            0.6296491622924805
          ],
          [
            0.22200433909893036,
            -0.9152589440345764,
            0.3361772894859314,
            -0.21763281524181366
          ],
          [
            0.45352622866630554,
            -0.2082880437374115,
            -0.8665703535079956,
            1.5417819023132324
          ],
          [
            0.0,
            0.0,
            0.0,
            1.0
          ]
        ]
      },
      "bone_length_armature_space": 0.04953368520729605,
      "parent": "lowerarm_l",
      "has_children": true,
      "is_end_bone": false
    },
    "thumb_01_l": {
      "name": "thumb_01_l",
      "local": {
        "location": {
          "x": 0.0,
          "y": 0.0,
          "z": 0.0
        },
        "rotation_quaternion": {
          "w": 0.9988329410552979,
          "x": 0.04147390276193619,
          "y": -0.016495445743203163,
          "z": -0.018454652279615402
        },
        "scale": {
          "x": 1.0,
          "y": 1.0,
          "z": 1.0
        },
        "matrix_basis": [
          [
            0.9987746477127075,
            0.03549796715378761,
            -0.0344831608235836,
            0.0
          ],
          [
            -0.038234490901231766,
            0.9958786964416504,
            -0.08224216848611832,
            0.0
          ],
          [
            0.03142161667346954,
            0.08345983922481537,
            0.9960156083106995,
            0.0
          ],
          [
            0.0,
            0.0,
            0.0,
            1.0
          ]
        ],
        "rotation_mode": "QUATERNION"
      },
      "armature_space": {
        "head": {
          "x": 0.6467306017875671,
          "y": -0.32621294260025024,
          "z": 0.5816105604171753
        },
        "tail": {
          "x": 0.662792444229126,
          "y": -0.33976152539253235,
          "z": 0.5548320412635803
        }
      },
      "world_space": {
        "head": {
          "x": 0.6467306017875671,
          "y": -0.2629689574241638,
          "z": 1.5314645767211914
        },
        "tail": {
          "x": 0.662792444229126,
          "y": -0.27651751041412354,
          "z": 1.5046861171722412
        },
        "rotation_quaternion": {
          "w": 0.5083474516868591,
          "x": -0.5026358962059021,
          "y": 0.20631103217601776,
          "z": -0.6681135892868042
        },
        "matrix": [
          [
            0.022121714428067207,
            0.4718712568283081,
            0.8813897967338562,
            0.6467306017875671
          ],
          [
            -0.8866663575172424,
            -0.3980357050895691,
            0.2353512942790985,
            -0.2629689574241638
          ],
          [
            0.46188250184059143,
            -0.7867112159729004,
            0.40959033370018005,
            1.5314645767211914
          ],
          [
            0.0,
            0.0,
            0.0,
            1.0
          ]
        ]
      },
      "bone_length_armature_space": 0.0340387424940721,
      "parent": "metacarpal_thumb_l",
      "has_children": true,
      "is_end_bone": false
    },
    "thumb_02_l": {
      "name": "thumb_02_l",
      "local": {
        "location": {
          "x": 0.0,
          "y": 0.0,
          "z": 0.0
        },
        "rotation_quaternion": {
          "w": 0.9906500577926636,
          "x": 0.1360217034816742,
          "y": -0.008006962016224861,
          "z": -0.006820536218583584
        },
        "scale": {
          "x": 1.0,
          "y": 1.0,
          "z": 1.0
        },
        "matrix_basis": [
          [
            0.9997787475585938,
            0.011335288174450397,
            -0.017719676718115807,
            0.0
          ],
          [
            -0.015691770240664482,
            0.9629031419754028,
            -0.2693905830383301,
            0.0
          ],
          [
            0.014008712954819202,
            0.2696090340614319,
            0.9628679752349854,
            0.0
          ],
          [
            0.0,
            0.0,
            0.0,
            1.0
          ]
        ],
        "rotation_mode": "QUATERNION"
      },
      "armature_space": {
        "head": {
          "x": 0.6627923846244812,
          "y": -0.3397614657878876,
          "z": 0.5548320412635803
        },
        "tail": {
          "x": 0.6921408176422119,
          "y": -0.36160311102867126,
          "z": 0.5714089274406433
        }
      },
      "world_space": {
        "head": {
          "x": 0.6627923846244812,
          "y": -0.27651745080947876,
          "z": 1.5046861171722412
        },
        "tail": {
          "x": 0.6921408176422119,
          "y": -0.29835909605026245,
          "z": 1.5212628841400146
        },
        "rotation_quaternion": {
          "w": 0.42198458313941956,
          "x": 0.02352038025856018,
          "y": -0.2236640304327011,
          "z": -0.8782655596733093
        },
        "matrix": [
          [
            -0.6427512764930725,
            0.7307075262069702,
            -0.2300807684659958,
            0.6627923846244812
          ],
          [
            -0.7517507672309875,
            -0.5438063740730286,
            0.3730219602584839,
            -0.27651745080947876
          ],
          [
            0.14745084941387177,
            0.41272610425949097,
            0.8988490700721741,
            1.5046861171722412
          ],
          [
            0.0,
            0.0,
            0.0,
            1.0
          ]
        ]
      },
      "bone_length_armature_space": 0.040164426694600616,
      "parent": "thumb_01_l",
      "has_children": true,
      "is_end_bone": false
    },
    "thumb_03_l": {
      "name": "thumb_03_l",
      "local": {
        "location": {
          "x": 0.0,
          "y": 0.0,
          "z": 0.0
        },
        "rotation_quaternion": {
          "w": 0.9988406896591187,
          "x": 0.04805915057659149,
          "y": 0.00040649878792464733,
          "z": -0.0027329809963703156
        },
        "scale": {
          "x": 1.0,
          "y": 1.0,
          "z": 1.0
        },
        "matrix_basis": [
          [
            0.9999847412109375,
            0.0054986970499157906,
            0.0005493655917234719,
            0.0
          ],
          [
            -0.005420553497970104,
            0.9953656792640686,
            -0.09600909054279327,
            0.0
          ],
          [
            -0.0010747445048764348,
            0.09600464999675751,
            0.9953802824020386,
            0.0
          ],
          [
            0.0,
            0.0,
            0.0,
            1.0
          ]
        ],
        "rotation_mode": "QUATERNION"
      },
      "armature_space": {
        "head": {
          "x": 0.6921407580375671,
          "y": -0.36160317063331604,
          "z": 0.5714088678359985
        },
        "tail": {
          "x": 0.7126113176345825,
          "y": -0.37023213505744934,
          "z": 0.5922269821166992
        }
      },
      "world_space": {
        "head": {
          "x": 0.6921407580375671,
          "y": -0.2983591556549072,
          "z": 1.5212628841400146
        },
        "tail": {
          "x": 0.7126113176345825,
          "y": -0.3069881200790405,
          "z": 1.5420809984207153
        },
        "rotation_quaternion": {
          "w": 0.5280700922012329,
          "x": 0.23946714401245117,
          "y": -0.2818279266357422,
          "z": -0.7644413709640503
        },
        "matrix": [
          [
            -0.3275929093360901,
            0.6723807454109192,
            -0.6637670993804932,
            0.6921407580375671
          ],
          [
            -0.9423348903656006,
            -0.2834289073944092,
            0.17796897888183594,
            -0.2983591556549072
          ],
          [
            -0.06846936792135239,
            0.6837968826293945,
            0.726462721824646,
            1.5212628841400146
          ],
          [
            0.0,
            0.0,
            0.0,
            1.0
          ]
        ]
      },
      "bone_length_armature_space": 0.030444978547178102,
      "parent": "thumb_02_l",
      "has_children": false,
      "is_end_bone": true
    },
    "metacarpal_index_l": {
      "name": "metacarpal_index_l",
      "local": {
        "location": {
          "x": 0.0,
          "y": 0.0,
          "z": 0.0
        },
        "rotation_quaternion": {
          "w": 0.9998676180839539,
          "x": 0.01567426510155201,
          "y": -0.0040898253209888935,
          "z": 0.0015621362254023552
        },
        "scale": {
          "x": 1.0,
          "y": 1.0,
          "z": 1.0
        },
        "matrix_basis": [
          [
            0.9999616742134094,
            -0.00325206876732409,
            -0.008129596710205078,
            0.0
          ],
          [
            0.0029956488870084286,
            0.9995037317276001,
            -0.03135715797543526,
            0.0
          ],
          [
            0.00822753831744194,
            0.03133160248398781,
            0.9994751811027527,
            0.0
          ],
          [
            0.0,
            0.0,
            0.0,
            1.0
          ]
        ],
        "rotation_mode": "QUATERNION"
      },
      "armature_space": {
        "head": {
          "x": 0.6296491622924805,
          "y": -0.2808768153190613,
          "z": 0.5919278264045715
        },
        "tail": {
          "x": 0.6912649869918823,
          "y": -0.37984105944633484,
          "z": 0.603708803653717
        }
      },
      "world_space": {
        "head": {
          "x": 0.6296491622924805,
          "y": -0.21763281524181366,
          "z": 1.5417819023132324
        },
        "tail": {
          "x": 0.6912649869918823,
          "y": -0.316597044467926,
          "z": 1.553562879562378
        },
        "rotation_quaternion": {
          "w": 0.06192940101027489,
          "x": 0.959774374961853,
          "y": 0.271773099899292,
          "z": -0.03372720256447792
        },
        "matrix": [
          [
            0.8500037789344788,
            0.5258588790893555,
            -0.031079381704330444,
            0.6296491622924805
          ],
          [
            0.5175042152404785,
            -0.8446084260940552,
            -0.13720935583114624,
            -0.21763281524181366
          ],
          [
            -0.09840282797813416,
            0.10054457932710648,
            -0.9900615811347961,
            1.5417819023132324
          ],
          [
            0.0,
            0.0,
            0.0,
            1.0
          ]
        ]
      },
      "bone_length_armature_space": 0.11717176592522177,
      "parent": "lowerarm_l",
      "has_children": true,
      "is_end_bone": false
    },
    "index_01_l": {
      "name": "index_01_l",
      "local": {
        "location": {
          "x": 0.0,
          "y": 0.0,
          "z": 0.0
        },
        "rotation_quaternion": {
          "w": 0.9981797933578491,
          "x": -0.060281187295913696,
          "y": 0.0005046417936682701,
          "z": 0.0017827048432081938
        },
        "scale": {
          "x": 1.0,
          "y": 1.0,
          "z": 1.0
        },
        "matrix_basis": [
          [
            0.9999931454658508,
            -0.0036197607405483723,
            0.000792519364040345,
            0.0
          ],
          [
            0.0034980790223926306,
            0.9927260279655457,
            0.12034472823143005,
            0.0
          ],
          [
            -0.0012223735684528947,
            -0.12034112960100174,
            0.9927318692207336,
            0.0
          ],
          [
            0.0,
            0.0,
            0.0,
            1.0
          ]
        ],
        "rotation_mode": "QUATERNION"
      },
      "armature_space": {
        "head": {
          "x": 0.6912649869918823,
          "y": -0.37984105944633484,
          "z": 0.603708803653717
        },
        "tail": {
          "x": 0.7131549715995789,
          "y": -0.39586955308914185,
          "z": 0.612483024597168
        }
      },
      "world_space": {
        "head": {
          "x": 0.6912649869918823,
          "y": -0.316597044467926,
          "z": 1.553562879562378
        },
        "tail": {
          "x": 0.7131549715995789,
          "y": -0.3326255679130554,
          "z": 1.562337040901184
        },
        "rotation_quaternion": {
          "w": 0.16568498313426971,
          "x": 0.883611798286438,
          "y": 0.4375940263271332,
          "z": 0.017034176737070084
        },
        "matrix": [
          [
            0.6164424419403076,
            0.767681896686554,
            0.17510941624641418,
            0.6912649869918823
          ],
          [
            0.7789714932441711,
            -0.562119722366333,
            -0.27789419889450073,
            -0.316597044467926
          ],
          [
            -0.11490187048912048,
            0.3077125549316406,
            -0.9445236921310425,
            1.553562879562378
          ],
          [
            0.0,
            0.0,
            0.0,
            1.0
          ]
        ]
      },
      "bone_length_armature_space": 0.028514399700179938,
      "parent": "metacarpal_index_l",
      "has_children": true,
      "is_end_bone": false
    },
    "index_02_l": {
      "name": "index_02_l",
      "local": {
        "location": {
          "x": 0.0,
          "y": 0.0,
          "z": 0.0
        },
        "rotation_quaternion": {
          "w": 0.9893243312835693,
          "x": 0.145113006234169,
          "y": 0.010554318316280842,
          "z": 0.008260316215455532
        },
        "scale": {
          "x": 1.0,
          "y": 1.0,
          "z": 1.0
        },
        "matrix_basis": [
          [
            0.9996407628059387,
            -0.013281125575304031,
            0.02328064665198326,
            0.0
          ],
          [
            0.019407400861382484,
            0.9577479362487793,
            -0.28695330023765564,
            0.0
          ],
          [
            -0.01848592981696129,
            0.28730201721191406,
            0.9576616287231445,
            0.0
          ],
          [
            0.0,
            0.0,
            0.0,
            1.0
          ]
        ],
        "rotation_mode": "QUATERNION"
      },
      "armature_space": {
        "head": {
          "x": 0.7131551504135132,
          "y": -0.39587002992630005,
          "z": 0.6124829053878784
        },
        "tail": {
          "x": 0.7333115935325623,
          "y": -0.41166502237319946,
          "z": 0.6140082478523254
        }
      },
      "world_space": {
        "head": {
          "x": 0.7131551504135132,
          "y": -0.3326260447502136,
          "z": 1.5623369216918945
        },
        "tail": {
          "x": 0.7333115935325623,
          "y": -0.34842103719711304,
          "z": 1.5638623237609863
        },
        "rotation_quaternion": {
          "w": 0.06228915601968765,
          "x": 0.8967879414558411,
          "y": 0.4338948130607605,
          "z": -0.06022200360894203
        },
        "matrix": [
          [
            0.616217315196991,
            0.7857256531715393,
            -0.05395856499671936,
            0.7131551504135132
          ],
          [
            0.7707210183143616,
            -0.6157106161117554,
            -0.163981094956398,
            -0.3326260447502136
          ],
          [
            -0.16206732392311096,
            0.059460729360580444,
            -0.9849939346313477,
            1.5623369216918945
          ],
          [
            0.0,
            0.0,
            0.0,
            1.0
          ]
        ]
      },
      "bone_length_armature_space": 0.025653277682609832,
      "parent": "index_01_l",
      "has_children": true,
      "is_end_bone": false
    },
    "index_03_l": {
      "name": "index_03_l",
      "local": {
        "location": {
          "x": 0.0,
          "y": 0.0,
          "z": 0.0
        },
        "rotation_quaternion": {
          "w": 0.970076322555542,
          "x": 0.24278682470321655,
          "y": -0.0022286002058535814,
          "z": 0.0012689532013610005
        },
        "scale": {
          "x": 1.0,
          "y": 1.0,
          "z": 1.0
        },
        "matrix_basis": [
          [
            0.9999868273735046,
            -0.0035441124346107244,
            -0.003707654308527708,
            0.0
          ],
          [
            0.0013798134168609977,
            0.8821058869361877,
            -0.47104915976524353,
            0.0
          ],
          [
            0.004939994774758816,
            0.4710378348827362,
            0.8820992112159729,
            0.0
          ],
          [
            0.0,
            0.0,
            0.0,
            1.0
          ]
        ],
        "rotation_mode": "QUATERNION"
      },
      "armature_space": {
        "head": {
          "x": 0.7333115339279175,
          "y": -0.4116649925708771,
          "z": 0.614008367061615
        },
        "tail": {
          "x": 0.7534734010696411,
          "y": -0.42679357528686523,
          "z": 0.5992313623428345
        }
      },
      "world_space": {
        "head": {
          "x": 0.7333115339279175,
          "y": -0.34842097759246826,
          "z": 1.5638623237609863
        },
        "tail": {
          "x": 0.7534734010696411,
          "y": -0.3635495901107788,
          "z": 1.5490853786468506
        },
        "rotation_quaternion": {
          "w": 0.2096952497959137,
          "x": -0.8552573323249817,
          "y": -0.4440070688724518,
          "z": 0.1655915081501007
        },
        "matrix": [
          [
            0.5508732199668884,
            0.6900333762168884,
            -0.4694598913192749,
            0.7333115339279175
          ],
          [
            0.8289288282394409,
            -0.5177711248397827,
            0.2116371989250183,
            -0.34842097759246826
          ],
          [
            -0.09703581035137177,
            -0.5057382583618164,
            -0.8572207093238831,
            1.5638623237609863
          ],
          [
            0.0,
            0.0,
            0.0,
            1.0
          ]
        ]
      },
      "bone_length_armature_space": 0.02921874013136567,
      "parent": "index_02_l",
      "has_children": false,
      "is_end_bone": true
    },
    "metacarpal_pinky_l": {
      "name": "metacarpal_pinky_l",
      "local": {
        "location": {
          "x": 0.0,
          "y": 0.0,
          "z": 0.0
        },
        "rotation_quaternion": {
          "w": 0.9998886585235596,
          "x": -0.009368691593408585,
          "y": -0.008978051133453846,
          "z": 0.0073797935619950294
        },
        "scale": {
          "x": 1.0,
          "y": 1.0,
          "z": 1.0
        },
        "matrix_basis": [
          [
            0.9997298717498779,
            -0.014589718542993069,
            -0.018092380836606026,
            0.0
          ],
          [
            0.014926169067621231,
            0.9997155070304871,
            0.018602784723043442,
            0.0
          ],
          [
            0.01781582459807396,
            -0.01886780932545662,
            0.999663233757019,
            0.0
          ],
          [
            0.0,
            0.0,
            0.0,
            1.0
          ]
        ],
        "rotation_mode": "QUATERNION"
      },
      "armature_space": {
        "head": {
          "x": 0.6296491622924805,
          "y": -0.2808768153190613,
          "z": 0.5919278264045715
        },
        "tail": {
          "x": 0.7157903909683228,
          "y": -0.31934797763824463,
          "z": 0.6360060572624207
        }
      },
      "world_space": {
        "head": {
          "x": 0.6296491622924805,
          "y": -0.21763281524181366,
          "z": 1.5417819023132324
        },
        "tail": {
          "x": 0.7157903909683228,
          "y": -0.2561039924621582,
          "z": 1.585860013961792
        },
        "rotation_quaternion": {
          "w": 0.5611735582351685,
          "x": 0.3518991470336914,
          "y": -0.018922269344329834,
          "z": -0.7489280104637146
        },
        "matrix": [
          [
            -0.12250099331140518,
            0.8272411823272705,
            -0.5483294129371643,
            0.6296491622924805
          ],
          [
            -0.8538748621940613,
            -0.3694504201412201,
            -0.3666122853755951,
            -0.21763281524181366
          ],
          [
            -0.5058616399765015,
            0.4232969880104065,
            0.7516234517097473,
            1.5417819023132324
          ],
          [
            0.0,
            0.0,
            0.0,
            1.0
          ]
        ]
      },
      "bone_length_armature_space": 0.10413084097050612,
      "parent": "lowerarm_l",
      "has_children": true,
      "is_end_bone": false
    },
    "pinky_01_l": {
      "name": "pinky_01_l",
      "local": {
        "location": {
          "x": 0.0,
          "y": 0.0,
          "z": 0.0
        },
        "rotation_quaternion": {
          "w": 0.9987264275550842,
          "x": 0.04317107051610947,
          "y": -0.01935788244009018,
          "z": -0.01752789504826069
        },
        "scale": {
          "x": 1.0,
          "y": 1.0,
          "z": 1.0
        },
        "matrix_basis": [
          [
            0.9986360669136047,
            0.033339742571115494,
            -0.04017985239624977,
            0.0
          ],
          [
            -0.03668254613876343,
            0.9956580400466919,
            -0.08555357158184052,
            0.0
          ],
          [
            0.03715306147933006,
            0.08691078424453735,
            0.9955230355262756,
            0.0
          ],
          [
            0.0,
            0.0,
            0.0,
            1.0
          ]
        ],
        "rotation_mode": "QUATERNION"
      },
      "armature_space": {
        "head": {
          "x": 0.7157903909683228,
          "y": -0.31934797763824463,
          "z": 0.6360060572624207
        },
        "tail": {
          "x": 0.7351785898208618,
