{
  "metadata": {
    "armature_name": "KIM_caucasian_male",
    "export_time": "2026-01-13T20:59:35.200411",
    "blender_version": "4.4.1",
    "bone_count": 56,
    "end_bone_count": 13,
    "spaces_included": [
      "LOCAL_CHANNELS",
      "ARMATURE_SPACE",
      "WORLD_SPACE"
    ],
    "note": "LOCAL matches Transform panel; replay pose via local.matrix_basis for best fidelity."
  },
  "bones": {
    "Root": {
      "name": "Root",
      "local": {
        "location": {
          "x": 0.0,
          "y": 0.0,
          "z": 0.0
        },
        "rotation_quaternion": {
          "w": 0.9999958872795105,
          "x": -0.0002911119954660535,
          "y": -0.002360457554459572,
          "z": 0.0016671507619321346
        },
        "scale": {
          "x": 1.0,
          "y": 1.0,
          "z": 1.0
        },
        "matrix_basis": [
          [
            0.9999833106994629,
            -0.003332913387566805,
            -0.004721866454929113,
            0.0
          ],
          [
            0.0033356621861457825,
            0.9999942779541016,
            0.0005743511137552559,
            0.0
          ],
          [
            0.004719925113022327,
            -0.0005900920950807631,
            0.9999886751174927,
            0.0
          ],
          [
            0.0,
            0.0,
            0.0,
            1.0
          ]
        ],
        "rotation_mode": "QUATERNION"
      },
      "armature_space": {
        "head": {
          "x": 0.0,
          "y": 0.07072800397872925,
          "z": -0.009595036506652832
        },
        "tail": {
          "x": -0.0002378895878791809,
          "y": 6.064772605895996e-06,
          "z": 4.1680410504341125e-05
        }
      },
      "world_space": {
        "head": {
          "x": 0.0,
          "y": 0.13397200405597687,
          "z": 0.9402589797973633
        },
        "tail": {
          "x": -0.0002378895878791809,
          "y": 0.06325006484985352,
          "z": 0.9498956799507141
        },
        "rotation_quaternion": {
          "w": 0.06765782088041306,
          "x": 0.9977045059204102,
          "y": -0.001822382677346468,
          "z": -0.002242783084511757
        },
        "matrix": [
          [
            0.9999833106994629,
            -0.003332913387566805,
            -0.004721866454929113,
            0.0
          ],
          [
            -0.003939882852137089,
            -0.9908381700515747,
            -0.13499730825424194,
            0.13397200405597687
          ],
          [
            -0.004228704143315554,
            0.1350136548280716,
            -0.990841805934906,
            0.9402589797973633
          ],
          [
            0.0,
            0.0,
            0.0,
            1.0
          ]
        ]
      },
      "bone_length_armature_space": 0.07137587702366127,
      "parent": null,
      "has_children": true,
      "is_end_bone": false
    },
    "spine_01": {
      "name": "spine_01",
      "local": {
        "location": {
          "x": 0.0,
          "y": 0.0,
          "z": 0.0
        },
        "rotation_quaternion": {
          "w": 0.9982978105545044,
          "x": 0.0461062528192997,
          "y": 0.035213764756917953,
          "z": -0.005979469977319241
        },
        "scale": {
          "x": 1.0,
          "y": 1.0,
          "z": 1.0
        },
        "matrix_basis": [
          [
            0.9974484443664551,
            0.015185733325779438,
            0.06975626945495605,
            0.0
          ],
          [
            -0.008691433817148209,
            0.9956769347190857,
            -0.09247665852308273,
            0.0
          ],
          [
            -0.07085902988910675,
            0.09163442254066467,
            0.9932684302330017,
            0.0
          ],
          [
            0.0,
            0.0,
            0.0,
            1.0
          ]
        ],
        "rotation_mode": "QUATERNION"
      },
      "armature_space": {
        "head": {
          "x": -0.0002378895878791809,
          "y": 6.064772605895996e-06,
          "z": 4.1680410504341125e-05
        },
        "tail": {
          "x": 0.00914856605231762,
          "y": -0.02170240320265293,
          "z": 0.48747289180755615
        }
      },
      "world_space": {
        "head": {
          "x": -0.0002378895878791809,
          "y": 0.06325006484985352,
          "z": 0.9498956799507141
        },
        "tail": {
          "x": 0.00914856605231762,
          "y": 0.04154159873723984,
          "z": 1.4373269081115723
        },
        "rotation_quaternion": {
          "w": 0.690563976764679,
          "x": 0.7224614024162292,
          "y": 0.02964603528380394,
          "z": 0.017088759690523148
        },
        "matrix": [
          [
            0.9976581931114197,
            0.019234491512179375,
            0.0656370222568512,
            -0.0002378895878791809
          ],
          [
            0.06643810868263245,
            -0.0444844551384449,
            -0.9967985153198242,
            0.06325006484985352
          ],
          [
            -0.016253136098384857,
            0.9988319277763367,
            -0.04565943405032158,
            0.9498956799507141
          ],
          [
            0.0,
            0.0,
            0.0,
            1.0
          ]
        ]
      },
      "bone_length_armature_space": 0.4880046553036888,
      "parent": "Root",
      "has_children": true,
      "is_end_bone": false
    },
    "neck_01": {
      "name": "neck_01",
      "local": {
        "location": {
          "x": 0.0,
          "y": 0.0,
          "z": 0.0
        },
        "rotation_quaternion": {
          "w": 0.9913557767868042,
          "x": -0.091628797352314,
          "y": 0.08623028546571732,
          "z": 0.037178296595811844
        },
        "scale": {
          "x": 1.0,
          "y": 1.0,
          "z": 1.0
        },
        "matrix_basis": [
          [
            0.9823642373085022,
            -0.08951619267463684,
            0.16415657103061676,
            0.0
          ],
          [
            0.05791148170828819,
            0.9804438948631287,
            0.18808525800704956,
            0.0
          ],
          [
            -0.17778298258781433,
            -0.1752616912126541,
            0.9683369994163513,
            0.0
          ],
          [
            0.0,
            0.0,
            0.0,
            1.0
          ]
        ],
        "rotation_mode": "QUATERNION"
      },
      "armature_space": {
        "head": {
          "x": 0.012833206914365292,
          "y": -0.0595289021730423,
          "z": 0.5590223670005798
        },
        "tail": {
          "x": 0.007043002173304558,
          "y": -0.08605822175741196,
          "z": 0.6578829884529114
        }
      },
      "world_space": {
        "head": {
          "x": 0.012833206914365292,
          "y": 0.0037150979042053223,
          "z": 1.5088763236999512
        },
        "tail": {
          "x": 0.007043002173304558,
          "y": -0.022814221680164337,
          "z": 1.6077370643615723
        },
        "rotation_quaternion": {
          "w": 0.6070609092712402,
          "x": 0.7862558364868164,
          "y": 0.04574486240744591,
          "z": 0.10576570779085159
        },
        "matrix": [
          [
            0.9734421968460083,
            -0.056478045880794525,
            0.22185714542865753,
            0.012833206914365292
          ],
          [
            0.20034638047218323,
            -0.2587687373161316,
            -0.9449341297149658,
            0.0037150979042053223
          ],
          [
            0.11077865958213806,
            0.964293360710144,
            -0.24058382213115692,
            1.5088763236999512
          ],
          [
            0.0,
            0.0,
            0.0,
            1.0
          ]
        ]
      },
      "bone_length_armature_space": 0.10252196486587309,
      "parent": "spine_01",
      "has_children": true,
      "is_end_bone": false
    },
    "head": {
      "name": "head",
      "local": {
        "location": {
          "x": 0.0,
          "y": 0.0,
          "z": 0.0
        },
        "rotation_quaternion": {
          "w": 0.9901124238967896,
          "x": 0.0032204482704401016,
          "y": 0.08947543799877167,
          "z": -0.10798770189285278
        },
        "scale": {
          "x": 1.0,
          "y": 1.0,
          "z": 1.0
        },
        "matrix_basis": [
          [
            0.9606655836105347,
            0.2144162356853485,
            0.17648594081401825,
            0.0
          ],
          [
            -0.2132636308670044,
            0.9766565561294556,
            -0.025701705366373062,
            0.0
          ],
          [
            -0.1778770238161087,
            -0.012947281822562218,
            0.9839675426483154,
            0.0
          ],
          [
            0.0,
            0.0,
            0.0,
            1.0
          ]
        ],
        "rotation_mode": "QUATERNION"
      },
      "armature_space": {
        "head": {
          "x": 0.007043041288852692,
          "y": -0.0860583484172821,
          "z": 0.6578828692436218
        },
        "tail": {
          "x": 0.01884380728006363,
          "y": -0.06235630810260773,
          "z": 0.8106973767280579
        }
      },
      "world_space": {
        "head": {
          "x": 0.007043041288852692,
          "y": -0.022814348340034485,
          "z": 1.6077368259429932
        },
        "tail": {
          "x": 0.01884380728006363,
          "y": 0.0008876919746398926,
          "z": 1.7605514526367188
        },
        "rotation_quaternion": {
          "w": 0.7417206764221191,
          "x": 0.6446440815925598,
          "y": 0.16206109523773193,
          "z": 0.08955777436494827
        },
        "matrix": [
          [
            0.9314314723014832,
            0.07608968019485474,
            0.3558734059333801,
            0.007043041288852692
          ],
          [
            0.3417966365814209,
            0.1528274416923523,
            -0.9272644519805908,
            -0.022814348340034485
          ],
          [
            -0.12494303286075592,
            0.9853265285491943,
            0.1163409873843193,
            1.6077368259429932
          ],
          [
            0.0,
            0.0,
            0.0,
            1.0
          ]
        ]
      },
      "bone_length_armature_space": 0.1550913201375303,
      "parent": "neck_01",
      "has_children": false,
      "is_end_bone": true
    },
    "upperarm_l": {
      "name": "upperarm_l",
      "local": {
        "location": {
          "x": 0.0,
          "y": 0.0,
          "z": 0.0
        },
        "rotation_quaternion": {
          "w": 0.9032342433929443,
          "x": -0.03726493939757347,
          "y": 0.427525132894516,
          "z": 0.0012889057397842407
        },
        "scale": {
          "x": 1.0,
          "y": 1.0,
          "z": 1.0
        },
        "matrix_basis": [
          [
            0.6344411969184875,
            -0.034191764891147614,
            0.7722145915031433,
            0.0
          ],
          [
            -0.02953502908349037,
            0.9972193241119385,
            0.06842001527547836,
            0.0
          ],
          [
            -0.7724067568778992,
            -0.06621585786342621,
            0.6316671967506409,
            0.0
          ],
          [
            0.0,
            0.0,
            0.0,
            1.0
          ]
        ],
        "rotation_mode": "QUATERNION"
      },
      "armature_space": {
        "head": {
          "x": 0.16139855980873108,
          "y": -0.04975239932537079,
          "z": 0.48930948972702026
        },
        "tail": {
          "x": 0.42549049854278564,
          "y": -0.004336394369602203,
          "z": 0.4899888336658478
        }
      },
      "world_space": {
        "head": {
          "x": 0.16139855980873108,
          "y": 0.013491600751876831,
          "z": 1.4391634464263916
        },
        "tail": {
          "x": 0.42549049854278564,
          "y": 0.058907605707645416,
          "z": 1.4398428201675415
        },
        "rotation_quaternion": {
          "w": 0.2320282757282257,
          "x": 0.6145251393318176,
          "y": 0.7286322116851807,
          "z": -0.1939508318901062
        },
        "matrix": [
          [
            -0.13704293966293335,
            0.9855300784111023,
            0.09974876046180725,
            0.16139855980873108
          ],
          [
            0.8055214285850525,
            0.1694820374250412,
            -0.567812979221344,
            0.013491600751876831
          ],
          [
            -0.5765055418014526,
            0.0025351326912641525,
            -0.817098081111908,
            1.4391634464263916
          ],
          [
            0.0,
            0.0,
            0.0,
            1.0
          ]
        ]
      },
      "bone_length_armature_space": 0.2679694475309616,
      "parent": "spine_01",
      "has_children": true,
      "is_end_bone": false
    },
    "lowerarm_l": {
      "name": "lowerarm_l",
      "local": {
        "location": {
          "x": 0.0,
          "y": 0.0,
          "z": 0.0
        },
        "rotation_quaternion": {
          "w": 0.8305699825286865,
          "x": 0.4461386501789093,
          "y": 0.2548794746398926,
          "z": -0.2148265391588211
        },
        "scale": {
          "x": 1.0,
          "y": 1.0,
          "z": 1.0
        },
        "matrix_basis": [
          [
            0.7777720093727112,
            0.5842801332473755,
            0.23170563578605652,
            0.0
          ],
          [
            -0.1294337809085846,
            0.5096197128295898,
            -0.8506084680557251,
            0.0
          ],
          [
            -0.6150753498077393,
            0.6315889954566956,
            0.47199350595474243,
            0.0
          ],
          [
            0.0,
            0.0,
            0.0,
            1.0
          ]
        ],
        "rotation_mode": "QUATERNION"
      },
      "armature_space": {
        "head": {
          "x": 0.4254906177520752,
          "y": -0.004336506128311157,
          "z": 0.48998886346817017
        },
        "tail": {
          "x": 0.549928605556488,
          "y": -0.0015273438766598701,
          "z": 0.253182053565979
        }
      },
      "world_space": {
        "head": {
          "x": 0.4254906177520752,
          "y": 0.05890749394893646,
          "z": 1.439842939376831
        },
        "tail": {
          "x": 0.549928605556488,
          "y": 0.061716657131910324,
          "z": 1.2030360698699951
        },
        "rotation_quaternion": {
          "w": 0.3058880865573883,
          "x": -0.5632970929145813,
          "y": -0.6416259407997131,
          "z": 0.42124247550964355
        },
        "matrix": [
          [
            -0.17825496196746826,
            0.46514609456062317,
            -0.8671010732650757,
            0.4254906177520752
          ],
          [
            0.9805587530136108,
            0.010500580072402954,
            -0.19594599306583405,
            0.05890749394893646
          ],
          [
            -0.08203792572021484,
            -0.8851781487464905,
            -0.4579782485961914,
            1.439842939376831
          ],
          [
            0.0,
            0.0,
            0.0,
            1.0
          ]
        ]
      },
      "bone_length_armature_space": 0.26752601644910523,
      "parent": "upperarm_l",
      "has_children": true,
      "is_end_bone": false
    },
    "metacarpal_thumb_l": {
      "name": "metacarpal_thumb_l",
      "local": {
        "location": {
          "x": 0.0,
          "y": 0.0,
          "z": 0.0
        },
        "rotation_quaternion": {
          "w": 0.9996019601821899,
          "x": -0.026452695950865746,
          "y": -0.006802308838814497,
          "z": -0.007072008680552244
        },
        "scale": {
          "x": 1.0,
          "y": 1.0,
          "z": 1.0
        },
        "matrix_basis": [
          [
            0.9998074173927307,
            0.014498266391456127,
            -0.013225055299699306,
            0.0
          ],
          [
            -0.013778508640825748,
            0.9985004663467407,
            0.05298054590821266,
            0.0
          ],
          [
            0.013973349705338478,
            -0.05278811976313591,
            0.9985079765319824,
            0.0
          ],
          [
            0.0,
            0.0,
            0.0,
            1.0
          ]
        ],
        "rotation_mode": "QUATERNION"
      },
      "armature_space": {
        "head": {
          "x": 0.549928605556488,
          "y": -0.0015273438766598701,
          "z": 0.253182053565979
        },
        "tail": {
          "x": 0.5424903035163879,
          "y": -0.0003375191008672118,
          "z": 0.20422416925430298
        }
      },
      "world_space": {
        "head": {
          "x": 0.549928605556488,
          "y": 0.061716657131910324,
          "z": 1.2030360698699951
        },
        "tail": {
          "x": 0.5424903035163879,
          "y": 0.06290648132562637,
          "z": 1.1540782451629639
        },
        "rotation_quaternion": {
          "w": 0.7147123217582703,
          "x": -0.6847555041313171,
          "y": -0.03459657356142998,
          "z": 0.13820046186447144
        },
        "matrix": [
          [
            0.9594071507453918,
            -0.15016686916351318,
            -0.2387213408946991,
            0.549928605556488
          ],
          [
            0.24492843449115753,
            0.024020526558160782,
            0.9692438244819641,
            0.061716657131910324
          ],
          [
            -0.13981489837169647,
            -0.9883758425712585,
            0.05982711911201477,
            1.2030360698699951
          ],
          [
            0.0,
            0.0,
            0.0,
            1.0
          ]
        ]
      },
      "bone_length_armature_space": 0.04953401240050097,
      "parent": "lowerarm_l",
      "has_children": true,
      "is_end_bone": false
    },
    "thumb_01_l": {
      "name": "thumb_01_l",
      "local": {
        "location": {
          "x": 0.0,
          "y": 0.0,
          "z": 0.0
        },
        "rotation_quaternion": {
          "w": 0.9999656081199646,
          "x": 0.00655010063201189,
          "y": 0.0006568195531144738,
          "z": 0.005051945336163044
        },
        "scale": {
          "x": 1.0,
          "y": 1.0,
          "z": 1.0
        },
        "matrix_basis": [
          [
            0.9999480843544006,
            -0.010094938799738884,
            0.001379775465466082,
            0.0
          ],
          [
            0.010112147778272629,
            0.9998631477355957,
            -0.013093113899230957,
            0.0
          ],
          [
            -0.0012474124087020755,
            0.013106387108564377,
            0.9999133348464966,
            0.0
          ],
          [
            0.0,
            0.0,
            0.0,
            1.0
          ]
        ],
        "rotation_mode": "QUATERNION"
      },
      "armature_space": {
        "head": {
          "x": 0.5424903035163879,
          "y": -0.0003375191008672118,
          "z": 0.20422416925430298
        },
        "tail": {
          "x": 0.5295359492301941,
          "y": 0.02401045523583889,
          "z": 0.18427447974681854
        }
      },
      "world_space": {
        "head": {
          "x": 0.5424903035163879,
          "y": 0.06290648132562637,
          "z": 1.1540782451629639
        },
        "tail": {
          "x": 0.5295359492301941,
          "y": 0.08725445717573166,
          "z": 1.134128451347351
        },
        "rotation_quaternion": {
          "w": 0.6211955547332764,
          "x": -0.3646434545516968,
          "y": 0.6868547201156616,
          "z": -0.0968598872423172
        },
        "matrix": [
          [
            0.037697821855545044,
            -0.3805793225765228,
            0.923979640007019,
            0.5424903035163879
          ],
          [
            -0.6212529540061951,
            0.7153052687644958,
            0.3199746608734131,
            0.06290648132562637
          ],
          [
            -0.7827090620994568,
            -0.586090624332428,
            -0.20947183668613434,
            1.1540782451629639
          ],
          [
            0.0,
            0.0,
            0.0,
            1.0
          ]
        ]
      },
      "bone_length_armature_space": 0.03403864331152292,
      "parent": "metacarpal_thumb_l",
      "has_children": true,
      "is_end_bone": false
    },
    "thumb_02_l": {
      "name": "thumb_02_l",
      "local": {
        "location": {
          "x": 0.0,
          "y": 0.0,
          "z": 0.0
        },
        "rotation_quaternion": {
          "w": 0.9897528886795044,
          "x": 0.1424080729484558,
          "y": -0.008165663108229637,
          "z": 0.006527261808514595
        },
        "scale": {
          "x": 1.0,
          "y": 1.0,
          "z": 1.0
        },
        "matrix_basis": [
          [
            0.9997814297676086,
            -0.015246464870870113,
            -0.014304907992482185,
            0.0
          ],
          [
            0.010595039464533329,
            0.9593546986579895,
            -0.2820042073726654,
            0.0
          ],
          [
            0.018023047596216202,
            0.28179100155830383,
            0.959306538105011,
            0.0
          ],
          [
            0.0,
            0.0,
            0.0,
            1.0
          ]
        ],
        "rotation_mode": "QUATERNION"
      },
      "armature_space": {
        "head": {
          "x": 0.5295358896255493,
          "y": 0.02401045151054859,
          "z": 0.18427452445030212
        },
        "tail": {
          "x": 0.5532878041267395,
          "y": 0.022869030013680458,
          "z": 0.15190574526786804
        }
      },
      "world_space": {
        "head": {
          "x": 0.5295358896255493,
          "y": 0.08725444972515106,
          "z": 1.1341285705566406
        },
        "tail": {
          "x": 0.5532878041267395,
          "y": 0.08611302822828293,
          "z": 1.1017597913742065
        },
        "rotation_quaternion": {
          "w": 0.47063836455345154,
          "x": -0.07747332006692886,
          "y": 0.5140911340713501,
          "z": -0.7128869891166687
        },
        "matrix": [
          [
            -0.544992208480835,
            0.591367244720459,
            0.5943638682365417,
            0.5295358896255493
          ],
          [
            -0.750683069229126,
            -0.028418734669685364,
            -0.6600514054298401,
            0.08725444972515106
          ],
          [
            -0.37344491481781006,
            -0.8059073090553284,
            0.4594196677207947,
            1.1341285705566406
          ],
          [
            0.0,
            0.0,
            0.0,
            1.0
          ]
        ]
      },
      "bone_length_armature_space": 0.04016458840984753,
      "parent": "thumb_01_l",
      "has_children": true,
      "is_end_bone": false
    },
    "thumb_03_l": {
      "name": "thumb_03_l",
      "local": {
        "location": {
          "x": 0.0,
          "y": 0.0,
          "z": 0.0
        },
        "rotation_quaternion": {
          "w": 0.9953879714012146,
          "x": 0.09588935971260071,
          "y": 0.0027598331216722727,
          "z": -0.0007003697683103383
        },
        "scale": {
          "x": 1.0,
          "y": 1.0,
          "z": 1.0
        },
        "matrix_basis": [
          [
            0.9999837875366211,
            0.001923556555993855,
            0.005359893199056387,
            0.0
          ],
          [
            -0.0008650020463392138,
            0.9816094636917114,
            -0.1908980906009674,
            0.0
          ],
          [
            -0.0056285252794623375,
            0.190890371799469,
            0.9815952181816101,
            0.0
          ],
          [
            0.0,
            0.0,
            0.0,
            1.0
          ]
        ],
        "rotation_mode": "QUATERNION"
      },
      "armature_space": {
        "head": {
          "x": 0.55328768491745,
          "y": 0.022869031876325607,
          "z": 0.15190571546554565
        },
        "tail": {
          "x": 0.5786957740783691,
          "y": 0.015196909196674824,
          "z": 0.13699057698249817
        }
      },
      "world_space": {
        "head": {
          "x": 0.55328768491745,
          "y": 0.08611303567886353,
          "z": 1.101759672164917
        },
        "tail": {
          "x": 0.5786957740783691,
          "y": 0.07844091206789017,
          "z": 1.086844563484192
        },
        "rotation_quaternion": {
          "w": 0.42540040612220764,
          "x": 0.21158365905284882,
          "y": 0.4393564760684967,
          "z": -0.7623863816261292
        },
        "matrix": [
          [
            -0.5485327839851379,
            0.8345606923103333,
            0.051189735531806946,
            0.55328768491745
          ],
          [
            -0.46272027492523193,
            -0.2520003914833069,
            -0.8499330878257751,
            0.08611303567886353
          ],
          [
            -0.6964260339736938,
            -0.489906370639801,
            0.5244011878967285,
            1.101759672164917
          ],
          [
            0.0,
            0.0,
            0.0,
            1.0
          ]
        ]
      },
      "bone_length_armature_space": 0.030444930689970548,
      "parent": "thumb_02_l",
      "has_children": false,
      "is_end_bone": true
    },
    "metacarpal_index_l": {
      "name": "metacarpal_index_l",
      "local": {
        "location": {
          "x": 0.0,
          "y": 0.0,
          "z": 0.0
        },
        "rotation_quaternion": {
          "w": 0.9990444183349609,
          "x": -0.03983447700738907,
          "y": 0.0171734057366848,
          "z": -0.005349367391318083
        },
        "scale": {
          "x": 1.0,
          "y": 1.0,
          "z": 1.0
        },
        "matrix_basis": [
          [
            0.9993529319763184,
            0.009320324286818504,
            0.03474016860127449,
            0.0
          ],
          [
            -0.012056698091328144,
            0.9967691898345947,
            0.07940909266471863,
            0.0
          ],
          [
            -0.03388781100511551,
            -0.07977655529975891,
            0.9962365627288818,
            0.0
          ],
          [
            0.0,
            0.0,
            0.0,
            1.0
          ]
        ],
        "rotation_mode": "QUATERNION"
      },
      "armature_space": {
        "head": {
          "x": 0.549928605556488,
          "y": -0.0015273438766598701,
          "z": 0.253182053565979
        },
        "tail": {
          "x": 0.5770823955535889,
          "y": -0.007174158003181219,
          "z": 0.13933920860290527
        }
      },
      "world_space": {
        "head": {
          "x": 0.549928605556488,
          "y": 0.061716657131910324,
          "z": 1.2030360698699951
        },
        "tail": {
          "x": 0.5770823955535889,
          "y": 0.05606984347105026,
          "z": 1.0891932249069214
        },
        "rotation_quaternion": {
          "w": 0.6026104092597961,
          "x": -0.6968911290168762,
          "y": -0.335804283618927,
          "z": 0.19605903327465057
        },
        "matrix": [
          [
            0.6975914239883423,
            0.23174355924129486,
            -0.6779830455780029,
            0.549928605556488
          ],
          [
            0.7043337225914001,
            -0.04819263145327568,
            0.7082316279411316,
            0.061716657131910324
          ],
          [
            0.13145601749420166,
            -0.9715896248817444,
            -0.1968441605567932,
            1.2030360698699951
          ],
          [
            0.0,
            0.0,
            0.0,
            1.0
          ]
        ]
      },
      "bone_length_armature_space": 0.11717255866209779,
      "parent": "lowerarm_l",
      "has_children": true,
      "is_end_bone": false
    },
    "index_01_l": {
      "name": "index_01_l",
      "local": {
        "location": {
          "x": 0.0,
          "y": 0.0,
          "z": 0.0
        },
        "rotation_quaternion": {
          "w": 0.9964087009429932,
          "x": -0.08263469487428665,
          "y": -0.007181654218584299,
          "z": 0.017019810155034065
        },
        "scale": {
          "x": 1.0,
          "y": 1.0,
          "z": 1.0
        },
        "matrix_basis": [
          [
            0.9993175268173218,
            -0.03273046761751175,
            -0.01712457835674286,
            0.0
          ],
          [
            0.035104282200336456,
            0.985763669013977,
            0.1644313931465149,
            0.0
          ],
          [
            0.011498872190713882,
            -0.16492031514644623,
            0.9862398505210876,
            0.0
          ],
          [
            0.0,
            0.0,
            0.0,
            1.0
          ]
        ],
        "rotation_mode": "QUATERNION"
      },
      "armature_space": {
        "head": {
          "x": 0.5770823955535889,
          "y": -0.007174158003181219,
          "z": 0.13933920860290527
        },
        "tail": {
          "x": 0.5947211384773254,
          "y": -0.00835696142166853,
          "z": 0.11696618795394897
        }
      },
      "world_space": {
        "head": {
          "x": 0.5770823955535889,
          "y": 0.05606984347105026,
          "z": 1.0891932249069214
        },
        "tail": {
          "x": 0.5947211384773254,
          "y": 0.054887037724256516,
          "z": 1.0668201446533203
        },
        "rotation_quaternion": {
          "w": 0.5255354046821594,
          "x": -0.7210116386413574,
          "y": -0.4506347179412842,
          "z": 0.029716745018959045
        },
        "matrix": [
          [
            0.5920880436897278,
            0.6185915470123291,
            -0.5165038108825684,
            0.5770823955535889
          ],
          [
            0.681063175201416,
            -0.04148097336292267,
            0.7310491800308228,
            0.05606984347105026
          ],
          [
            0.43079957365989685,
            -0.784622848033905,
            -0.4458625912666321,
            1.0891932249069214
          ],
          [
            0.0,
            0.0,
            0.0,
            1.0
          ]
        ]
      },
      "bone_length_armature_space": 0.028514493396458607,
      "parent": "metacarpal_index_l",
      "has_children": true,
      "is_end_bone": false
    },
    "index_02_l": {
      "name": "index_02_l",
      "local": {
        "location": {
          "x": 0.0,
          "y": 0.0,
          "z": 0.0
        },
        "rotation_quaternion": {
          "w": 0.986823558807373,
          "x": 0.16150063276290894,
          "y": 0.007464976981282234,
          "z": 0.0064065176993608475
        },
        "scale": {
          "x": 1.0,
          "y": 1.0,
          "z": 1.0
        },
        "matrix_basis": [
          [
            0.9998064637184143,
            -0.010233008302748203,
            0.01680254377424717,
            0.0
          ],
          [
            0.015055402182042599,
            0.9477530121803284,
            -0.31864961981773376,
            0.0
          ],
          [
            -0.012663916684687138,
            0.3188409209251404,
            0.9477236270904541,
            0.0
          ],
          [
            0.0,
            0.0,
            0.0,
            1.0
          ]
        ],
        "rotation_mode": "QUATERNION"
      },
      "armature_space": {
        "head": {
          "x": 0.5947210788726807,
          "y": -0.008356907404959202,
          "z": 0.1169656440615654
        },
        "tail": {
          "x": 0.6061425805091858,
          "y": -0.004065818153321743,
          "z": 0.09439945966005325
        }
      },
      "world_space": {
        "head": {
          "x": 0.5947210788726807,
          "y": 0.05488709360361099,
          "z": 1.066819667816162
        },
        "tail": {
          "x": 0.6061425805091858,
          "y": 0.0591781809926033,
          "z": 1.0442534685134888
        },
        "rotation_quaternion": {
          "w": 0.6113716959953308,
          "x": -0.6354620456695557,
          "y": -0.45810559391975403,
          "z": 0.1120353415608406
        },
        "matrix": [
          [
            0.5551717281341553,
            0.445226788520813,
            -0.7025364637374878,
            0.5947210788726807
          ],
          [
            0.719210684299469,
            0.1672726273536682,
            0.6743562817573547,
            0.05488709360361099
          ],
          [
            0.41776034235954285,
            -0.8796613216400146,
            -0.22734764218330383,
            1.066819667816162
          ],
          [
            0.0,
            0.0,
            0.0,
            1.0
          ]
        ]
      },
      "bone_length_armature_space": 0.025653398219294184,
      "parent": "index_01_l",
      "has_children": true,
      "is_end_bone": false
    },
    "index_03_l": {
      "name": "index_03_l",
      "local": {
        "location": {
          "x": 0.0,
          "y": 0.0,
          "z": 0.0
        },
        "rotation_quaternion": {
          "w": 0.972156822681427,
          "x": 0.23431728780269623,
          "y": -0.0010945724789053202,
          "z": 0.0023132977075874805
        },
        "scale": {
          "x": 1.0,
          "y": 1.0,
          "z": 1.0
        },
        "matrix_basis": [
          [
            0.9999868869781494,
            -0.005010730586946011,
            -0.001044100965373218,
            0.0
          ],
          [
            0.0039848219603300095,
            0.8901801109313965,
            -0.4555913507938385,
            0.0
          ],
          [
            0.0032122835982590914,
            0.4555812478065491,
            0.8901883959770203,
            0.0
          ],
          [
            0.0,
            0.0,
            0.0,
            1.0
          ]
        ],
        "rotation_mode": "QUATERNION"
      },
      "armature_space": {
        "head": {
          "x": 0.6061426997184753,
          "y": -0.004065934102982283,
          "z": 0.09439948201179504
        },
        "tail": {
          "x": 0.6078961491584778,
          "y": 0.012745201587677002,
          "z": 0.07056567817926407
        }
      },
      "world_space": {
        "head": {
          "x": 0.6061426997184753,
          "y": 0.05917806550860405,
          "z": 1.0442534685134888
        },
        "tail": {
          "x": 0.6078961491584778,
          "y": 0.07598920166492462,
          "z": 1.020419716835022
        },
        "rotation_quaternion": {
          "w": 0.7791562080383301,
          "x": -0.4196261465549469,
          "y": -0.4249626398086548,
          "z": 0.19035851955413818
        },
        "matrix": [
          [
            0.5663418173789978,
            0.060010939836502075,
            -0.8219826221466064,
            0.6061426997184753
          ],
          [
            0.653288722038269,
            0.5753557085990906,
            0.4921180009841919,
            0.05917806550860405
          ],
          [
            0.5024692416191101,
            -0.8157042264938354,
            0.28664618730545044,
            1.0442534685134888
          ],
          [
            0.0,
            0.0,
            0.0,
            1.0
          ]
        ]
      },
      "bone_length_armature_space": 0.02921881356010681,
      "parent": "index_02_l",
      "has_children": false,
      "is_end_bone": true
    },
    "metacarpal_pinky_l": {
      "name": "metacarpal_pinky_l",
      "local": {
        "location": {
          "x": 0.0,
          "y": 0.0,
          "z": 0.0
        },
        "rotation_quaternion": {
          "w": 0.999809741973877,
          "x": 0.019364209845662117,
          "y": 0.00016161335224751383,
          "z": -0.002352148061618209
        },
        "scale": {
          "x": 1.0,
          "y": 1.0,
          "z": 1.0
        },
        "matrix_basis": [
          [
            0.999988853931427,
            0.004709660075604916,
            0.00023207023332361132,
            0.0
          ],
          [
            -0.004697142168879509,
            0.9992389678955078,
            -0.03872181102633476,
            0.0
          ],
          [
            -0.0004142601974308491,
            0.03872029110789299,
            0.9992499947547913,
            0.0
          ],
          [
            0.0,
            0.0,
            0.0,
            1.0
          ]
        ],
        "rotation_mode": "QUATERNION"
      },
      "armature_space": {
        "head": {
          "x": 0.549928605556488,
          "y": -0.0015273438766598701,
          "z": 0.253182053565979
        },
        "tail": {
          "x": 0.6229601502418518,
          "y": 0.0022860055323690176,
          "z": 0.17905279994010925
        }
      },
      "world_space": {
        "head": {
          "x": 0.549928605556488,
          "y": 0.061716657131910324,
          "z": 1.2030360698699951
        },
        "tail": {
          "x": 0.6229601502418518,
          "y": 0.06553000211715698,
          "z": 1.1289068460464478
        },
        "rotation_quaternion": {
          "w": 0.24395433068275452,
          "x": 0.2907387614250183,
          "y": 0.6773452162742615,
          "z": -0.6302070021629333
        },
        "matrix": [
          [
            -0.7119141221046448,
            0.7013447284698486,
            -0.035970546305179596,
            0.549928605556488
          ],
          [
            0.0863809585571289,
            0.03662077710032463,
            -0.9955891966819763,
            0.061716657131910324
          ],
          [
            -0.696938693523407,
            -0.7118861675262451,
            -0.08665543794631958,
            1.2030360698699951
          ],
          [
            0.0,
            0.0,
            0.0,
            1.0
          ]
        ]
      },
      "bone_length_armature_space": 0.1041311415253799,
      "parent": "lowerarm_l",
      "has_children": true,
      "is_end_bone": false
    },
    "pinky_01_l": {
      "name": "pinky_01_l",
      "local": {
        "location": {
          "x": 0.0,
          "y": 0.0,
          "z": 0.0
        },
        "rotation_quaternion": {
          "w": 0.999186635017395,
          "x": 0.03618446737527847,
          "y": 0.014642014168202877,
          "z": 0.010118958540260792
        },
        "scale": {
          "x": 1.0,
          "y": 1.0,
          "z": 1.0
        },
        "matrix_basis": [
          [
            0.9993664622306824,
            -0.019161829724907875,
            0.02999250777065754,
            0.0
          ],
          [
            0.021281084045767784,
            0.9971765875816345,
            -0.0720137506723404,
            0.0
          ],
          [
            -0.028527911752462387,
            0.0726063996553421,
            0.9969525933265686,
            0.0
          ],
          [
            0.0,
            0.0,
            0.0,
            1.0
          ]
        ],
        "rotation_mode": "QUATERNION"
      },
      "armature_space": {
        "head": {
          "x": 0.6229601502418518,
          "y": 0.0022860055323690176,
          "z": 0.17905279994010925
        },
