{
  "metadata": {
    "armature_name": "KIM_caucasian_male",
    "export_time": "2026-01-13T19:11:25.094114",
    "blender_version": "4.4.1",
    "bone_count": 56,
    "end_bone_count": 13,
    "spaces_included": [
      "LOCAL_CHANNELS",
      "ARMATURE_SPACE",
      "WORLD_SPACE"
    ],
    "note": "LOCAL matches Transform panel; replay pose via local.matrix_basis for best fidelity."
  },
  "bones": {
    "Root": {
      "name": "Root",
      "local": {
        "location": {
          "x": 0.0,
          "y": 0.0,
          "z": 0.0
        },
        "rotation_quaternion": {
          "w": 0.9996981024742126,
          "x": 0.007013379130512476,
          "y": -0.018580535426735878,
          "z": 0.01446984987705946
        },
        "scale": {
          "x": 1.0,
          "y": 1.0,
          "z": 1.0
        },
        "matrix_basis": [
          [
            0.99889075756073,
            -0.02919158712029457,
            -0.03694688528776169,
            0.0
          ],
          [
            0.028670338913798332,
            0.9994828701019287,
            -0.01456023845821619,
            0.0
          ],
          [
            0.03735281527042389,
            0.01348480861634016,
            0.9992111325263977,
            0.0
          ],
          [
            0.0,
            0.0,
            0.0,
            1.0
          ]
        ],
        "rotation_mode": "QUATERNION"
      },
      "armature_space": {
        "head": {
          "x": 0.0,
          "y": 0.07072800397872925,
          "z": -0.009595036506652832
        },
        "tail": {
          "x": -0.0020835748873651028,
          "y": -9.281188249588013e-05,
          "z": -0.0009587220847606659
        }
      },
      "world_space": {
        "head": {
          "x": 0.0,
          "y": 0.13397200405597687,
          "z": 0.9402589797973633
        },
        "tail": {
          "x": -0.0020835748873651028,
          "y": 0.06315118819475174,
          "z": 0.948895275592804
        },
        "rotation_quaternion": {
          "w": 0.06034987419843674,
          "x": 0.9978995323181152,
          "y": -0.015688711777329445,
          "z": -0.01756352372467518
        },
        "matrix": [
          [
            0.99889075756073,
            -0.02919158712029457,
            -0.03694688528776169,
            0.0
          ],
          [
            -0.03343142941594124,
            -0.9922235012054443,
            -0.1198955625295639,
            0.13397200405597687
          ],
          [
            -0.03315988928079605,
            0.12099767476320267,
            -0.9921058416366577,
            0.9402589797973633
          ],
          [
            0.0,
            0.0,
            0.0,
            1.0
          ]
        ]
      },
      "bone_length_armature_space": 0.07137587206393464,
      "parent": null,
      "has_children": true,
      "is_end_bone": false
    },
    "spine_01": {
      "name": "spine_01",
      "local": {
        "location": {
          "x": 0.0,
          "y": 0.0,
          "z": 0.0
        },
        "rotation_quaternion": {
          "w": 0.995148777961731,
          "x": 0.06141003221273422,
          "y": -0.024724649265408516,
          "z": -0.0727771744132042
        },
        "scale": {
          "x": 1.0,
          "y": 1.0,
          "z": 1.0
        },
        "matrix_basis": [
          [
            0.9881843328475952,
            0.1418115496635437,
            -0.05814790725708008,
            0.0
          ],
          [
            -0.14788492023944855,
            0.9818645715713501,
            -0.1186254546046257,
            0.0
          ],
          [
            0.040270913392305374,
            0.1258230209350586,
            0.9912350177764893,
            0.0
          ],
          [
            0.0,
            0.0,
            0.0,
            1.0
          ]
        ],
        "rotation_mode": "QUATERNION"
      },
      "armature_space": {
        "head": {
          "x": -0.0020835748873651028,
          "y": -9.281188249588013e-05,
          "z": -0.0009587220847606659
        },
        "tail": {
          "x": 0.08146291226148605,
          "y": -0.048339374363422394,
          "z": 0.47741419076919556
        }
      },
      "world_space": {
        "head": {
          "x": -0.0020835748873651028,
          "y": 0.06315118819475174,
          "z": 0.948895275592804
        },
        "tail": {
          "x": 0.08146291226148605,
          "y": 0.014904625713825226,
          "z": 1.4272682666778564
        },
        "rotation_quaternion": {
          "w": 0.6704949736595154,
          "x": 0.735389769077301,
          "y": 0.03167787939310074,
          "z": -0.09292400628328323
        },
        "matrix": [
          [
            0.9807233810424805,
            0.17120139300823212,
            -0.09418986737728119,
            -0.0020835748873651028
          ],
          [
            -0.07801789045333862,
            -0.09886565804481506,
            -0.992037832736969,
            0.06315118819475174
          ],
          [
            -0.17915169894695282,
            0.9802698493003845,
            -0.08360454440116882,
            0.948895275592804
          ],
          [
            0.0,
            0.0,
            0.0,
            1.0
          ]
        ]
      },
      "bone_length_armature_space": 0.4880044887111668,
      "parent": "Root",
      "has_children": true,
      "is_end_bone": false
    },
    "neck_01": {
      "name": "neck_01",
      "local": {
        "location": {
          "x": 0.0,
          "y": 0.0,
          "z": 0.0
        },
        "rotation_quaternion": {
          "w": 0.9798047542572021,
          "x": -0.15935200452804565,
          "y": -0.06112620607018471,
          "z": 0.10417833179235458
        },
        "scale": {
          "x": 1.0,
          "y": 1.0,
          "z": 1.0
        },
        "matrix_basis": [
          [
            0.9708209037780762,
            -0.1846676766872406,
            -0.15298554301261902,
            0.0
          ],
          [
            0.22363001108169556,
            0.9275076389312744,
            0.29953163862228394,
            0.0
          ],
          [
            0.08658144623041153,
            -0.3250037431716919,
            0.9417410492897034,
            0.0
          ],
          [
            0.0,
            0.0,
            0.0,
            1.0
          ]
        ],
        "rotation_mode": "QUATERNION"
      },
      "armature_space": {
        "head": {
          "x": 0.09073147177696228,
          "y": -0.08998247981071472,
          "z": 0.5462886095046997
        },
        "tail": {
          "x": 0.08895260840654373,
          "y": -0.10368921607732773,
          "z": 0.647874653339386
        }
      },
      "world_space": {
        "head": {
          "x": 0.09073147177696228,
          "y": -0.026738479733467102,
          "z": 1.4961426258087158
        },
        "tail": {
          "x": 0.08895260840654373,
          "y": -0.04044521600008011,
          "z": 1.5977287292480469
        },
        "rotation_quaternion": {
          "w": 0.651655375957489,
          "x": 0.7472043633460999,
          "y": -0.09217798709869385,
          "z": -0.09238050878047943
        },
        "matrix": [
          [
            0.9659380912780762,
            -0.017351165413856506,
            -0.25819075107574463,
            0.09073147177696228
          ],
          [
            -0.2581520974636078,
            -0.13369643688201904,
            -0.9568088054656982,
            -0.026738479733467102
          ],
          [
            -0.01791781187057495,
            0.9908772110939026,
            -0.13362357020378113,
            1.4961426258087158
          ],
          [
            0.0,
            0.0,
            0.0,
            1.0
          ]
        ]
      },
      "bone_length_armature_space": 0.10252201548946621,
      "parent": "spine_01",
      "has_children": true,
      "is_end_bone": false
    },
    "head": {
      "name": "head",
      "local": {
        "location": {
          "x": 0.0,
          "y": 0.0,
          "z": 0.0
        },
        "rotation_quaternion": {
          "w": 0.9792821407318115,
          "x": -0.06454312056303024,
          "y": -0.12405027449131012,
          "z": -0.1464659720659256
        },
        "scale": {
          "x": 1.0,
          "y": 1.0,
          "z": 1.0
        },
        "matrix_basis": [
          [
            0.9263185262680054,
            0.30287620425224304,
            -0.22405369579792023,
            0.0
          ],
          [
            -0.2708498239517212,
            0.9487637877464294,
            0.16275013983249664,
            0.0
          ],
          [
            0.2618671655654907,
            -0.09007356315851212,
            0.9608914256095886,
            0.0
          ],
          [
            0.0,
            0.0,
            0.0,
            1.0
          ]
        ],
        "rotation_mode": "QUATERNION"
      },
      "armature_space": {
        "head": {
          "x": 0.08895257115364075,
          "y": -0.10368935763835907,
          "z": 0.6478745937347412
        },
        "tail": {
          "x": 0.14904779195785522,
          "y": -0.07023866474628448,
          "z": 0.7868813276290894
        }
      },
      "world_space": {
        "head": {
          "x": 0.08895257115364075,
          "y": -0.04044535756111145,
          "z": 1.5977286100387573
        },
        "tail": {
          "x": 0.14904779195785522,
          "y": -0.006994664669036865,
          "z": 1.7367353439331055
        },
        "rotation_quaternion": {
          "w": 0.7762241959571838,
          "x": 0.5490418076515198,
          "y": -0.07293041050434113,
          "z": -0.3011816442012787
        },
        "matrix": [
          [
            0.8079404830932617,
            0.3874855637550354,
            -0.443945050239563,
            0.08895257115364075
          ],
          [
            -0.5476545095443726,
            0.2156853973865509,
            -0.8084273338317871,
            -0.04044535756111145
          ],
          [
            -0.21750348806381226,
            0.896295964717865,
            0.3864710330963135,
            1.5977286100387573
          ],
          [
            0.0,
            0.0,
            0.0,
            1.0
          ]
        ]
      },
      "bone_length_armature_space": 0.15509112356765328,
      "parent": "neck_01",
      "has_children": false,
      "is_end_bone": true
    },
    "upperarm_l": {
      "name": "upperarm_l",
      "local": {
        "location": {
          "x": 0.0,
          "y": 0.0,
          "z": 0.0
        },
        "rotation_quaternion": {
          "w": 0.7868164777755737,
          "x": 0.571570634841919,
          "y": 0.2327345758676529,
          "z": 0.007847409695386887
        },
        "scale": {
          "x": 1.0,
          "y": 1.0,
          "z": 1.0
        },
        "matrix_basis": [
          [
            0.8915460705757141,
            0.25369957089424133,
            0.3752095103263855,
            0.0
          ],
          [
            0.27839744091033936,
            0.34649085998535156,
            -0.8957896828651428,
            0.0
          ],
          [
            -0.3572680950164795,
            0.9030951261520386,
            0.23828324675559998,
            0.0
          ],
          [
            0.0,
            0.0,
            0.0,
            1.0
          ]
        ],
        "rotation_mode": "QUATERNION"
      },
      "armature_space": {
        "head": {
          "x": 0.2260335385799408,
          "y": -0.0982043594121933,
          "z": 0.4532674551010132
        },
        "tail": {
          "x": 0.28935474157333374,
          "y": -0.3331391215324402,
          "z": 0.34100013971328735
        }
      },
      "world_space": {
        "head": {
          "x": 0.2260335385799408,
          "y": -0.03496035933494568,
          "z": 1.4031214714050293
        },
        "tail": {
          "x": 0.28935474157333374,
          "y": -0.26989513635635376,
          "z": 1.2908542156219482
        },
        "rotation_quaternion": {
          "w": 0.08813105523586273,
          "x": -0.7444016933441162,
          "y": -0.23210273683071136,
          "z": 0.6198607683181763
        },
        "matrix": [
          [
            0.12380200624465942,
            0.2363000363111496,
            -0.9637612104415894,
            0.2260335385799408
          ],
          [
            0.45481348037719727,
            -0.8767222762107849,
            -0.15653537213802338,
            -0.03496035933494568
          ],
          [
            -0.8819456100463867,
            -0.4189557135105133,
            -0.21601401269435883,
            1.4031214714050293
          ],
          [
            0.0,
            0.0,
            0.0,
            1.0
          ]
        ]
      },
      "bone_length_armature_space": 0.26796989579692587,
      "parent": "spine_01",
      "has_children": true,
      "is_end_bone": false
    },
    "lowerarm_l": {
      "name": "lowerarm_l",
      "local": {
        "location": {
          "x": 0.0,
          "y": 0.0,
          "z": 0.0
        },
        "rotation_quaternion": {
          "w": 0.9514669179916382,
          "x": 0.27030473947525024,
          "y": -0.1358269304037094,
          "z": 0.05654459819197655
        },
        "scale": {
          "x": 1.0,
          "y": 1.0,
          "z": 1.0
        },
        "matrix_basis": [
          [
            0.9567074775695801,
            -0.18102996051311493,
            -0.22790111601352692,
            0.0
          ],
          [
            0.03417130187153816,
            0.8474761247634888,
            -0.5297325849533081,
            0.0
          ],
          [
            0.28903821110725403,
            0.49901148676872253,
            0.8169727921485901,
            0.0
          ],
          [
            0.0,
            0.0,
            0.0,
            1.0
          ]
        ],
        "rotation_mode": "QUATERNION"
      },
      "armature_space": {
        "head": {
          "x": 0.28935468196868896,
          "y": -0.3331392705440521,
          "z": 0.34100019931793213
        },
        "tail": {
          "x": 0.1827472448348999,
          "y": -0.5741375684738159,
          "z": 0.2949121594429016
        }
      },
      "world_space": {
        "head": {
          "x": 0.28935468196868896,
          "y": -0.2698952555656433,
          "z": 1.2908542156219482
        },
        "tail": {
          "x": 0.1827472448348999,
          "y": -0.5108935832977295,
          "z": 1.2447662353515625
        },
        "rotation_quaternion": {
          "w": 0.21827809512615204,
          "x": -0.555879533290863,
          "y": 0.04395006597042084,
          "z": 0.8008877038955688
        },
        "matrix": [
          [
            -0.28670501708984375,
            -0.39849603176116943,
            -0.8712069392204285,
            0.28935468196868896
          ],
          [
            0.30077064037323,
            -0.9008458256721497,
            0.31307247281074524,
            -0.2698952555656433
          ],
          [
            -0.9095869064331055,
            -0.17227594554424286,
            0.3781355917453766,
            1.2908542156219482
          ],
          [
            0.0,
            0.0,
            0.0,
            1.0
          ]
        ]
      },
      "bone_length_armature_space": 0.26752463557928635,
      "parent": "upperarm_l",
      "has_children": true,
      "is_end_bone": false
    },
    "metacarpal_thumb_l": {
      "name": "metacarpal_thumb_l",
      "local": {
        "location": {
          "x": 0.0,
          "y": 0.0,
          "z": 0.0
        },
        "rotation_quaternion": {
          "w": 0.9990636110305786,
          "x": -0.043180882930755615,
          "y": 8.307583630084991e-05,
          "z": -0.00269186869263649
        },
        "scale": {
          "x": 1.0,
          "y": 1.0,
          "z": 1.0
        },
        "matrix_basis": [
          [
            0.9999855160713196,
            0.005371521692723036,
            0.00039847061270847917,
            0.0
          ],
          [
            -0.0053858705796301365,
            0.9962563514709473,
            0.0862804502248764,
            0.0
          ],
          [
            6.64784456603229e-05,
            -0.08628134429454803,
            0.9962708353996277,
            0.0
          ],
          [
            0.0,
            0.0,
            0.0,
            1.0
          ]
        ],
        "rotation_mode": "QUATERNION"
      },
      "armature_space": {
        "head": {
          "x": 0.1827472448348999,
          "y": -0.5741375684738159,
          "z": 0.2949121594429016
        },
        "tail": {
          "x": 0.14019715785980225,
          "y": -0.5994948744773865,
          "z": 0.29462888836860657
        }
      },
      "world_space": {
        "head": {
          "x": 0.1827472448348999,
          "y": -0.5108935832977295,
          "z": 1.2447662353515625
        },
        "tail": {
          "x": 0.14019715785980225,
          "y": -0.5362508893013,
          "z": 1.2444828748703003
        },
        "rotation_quaternion": {
          "w": 0.12179361283779144,
          "x": -0.8440292477607727,
          "y": 0.4787539541721344,
          "z": 0.20874787867069244
        },
        "matrix": [
          [
            0.4544377624988556,
            -0.8590134978294373,
            -0.23575881123542786,
            0.1827472448348999
          ],
          [
            -0.7573169469833374,
            -0.5119211673736572,
            0.40547290444374084,
            -0.5108935832977295
          ],
          [
            -0.46900036931037903,
            -0.00571855902671814,
            -0.8831872940063477,
            1.2447662353515625
          ],
          [
            0.0,
            0.0,
            0.0,
            1.0
          ]
        ]
      },
      "bone_length_armature_space": 0.04953365674351148,
      "parent": "lowerarm_l",
      "has_children": true,
      "is_end_bone": false
    },
    "thumb_01_l": {
      "name": "thumb_01_l",
      "local": {
        "location": {
          "x": 0.0,
          "y": 0.0,
          "z": 0.0
        },
        "rotation_quaternion": {
          "w": 0.9804344177246094,
          "x": 0.19670775532722473,
          "y": -0.00020421380759216845,
          "z": 0.007382559590041637
        },
        "scale": {
          "x": 1.0,
          "y": 1.0,
          "z": 1.0
        },
        "matrix_basis": [
          [
            0.999890923500061,
            -0.01455657184123993,
            0.0025039769243448973,
            0.0
          ],
          [
            0.014395889826118946,
            0.9225031137466431,
            -0.3857211172580719,
            0.0
          ],
          [
            0.0033048498444259167,
            0.3857150971889496,
            0.9226120114326477,
            0.0
          ],
          [
            0.0,
            0.0,
            0.0,
            1.0
          ]
        ],
        "rotation_mode": "QUATERNION"
      },
      "armature_space": {
        "head": {
          "x": 0.14019715785980225,
          "y": -0.5994948744773865,
          "z": 0.29462888836860657
        },
        "tail": {
          "x": 0.12012480199337006,
          "y": -0.6074322462081909,
          "z": 0.2683090567588806
        }
      },
      "world_space": {
        "head": {
          "x": 0.14019715785980225,
          "y": -0.5362508893013,
          "z": 1.2444828748703003
        },
        "tail": {
          "x": 0.12012480199337006,
          "y": -0.5441882610321045,
          "z": 1.218163013458252
        },
        "rotation_quaternion": {
          "w": 0.025140194222331047,
          "x": -0.5011333227157593,
          "y": 0.6186881065368652,
          "z": -0.6045316457748413
        },
        "matrix": [
          [
            -0.4964632987976074,
            -0.5896942615509033,
            0.6370124816894531,
            0.14019715785980225
          ],
          [
            -0.6504892110824585,
            -0.23318801820278168,
            -0.7228331565856934,
            -0.5362508893013
          ],
          [
            0.5747973322868347,
            -0.7732353210449219,
            -0.26782289147377014,
            1.2444828748703003
          ],
          [
            0.0,
            0.0,
            0.0,
            1.0
          ]
        ]
      },
      "bone_length_armature_space": 0.034038726355551996,
      "parent": "metacarpal_thumb_l",
      "has_children": true,
      "is_end_bone": false
    },
    "thumb_02_l": {
      "name": "thumb_02_l",
      "local": {
        "location": {
          "x": 0.0,
          "y": 0.0,
          "z": 0.0
        },
        "rotation_quaternion": {
          "w": 0.9334132075309753,
          "x": 0.35863593220710754,
          "y": 0.010963411070406437,
          "z": 9.319779928773642e-05
        },
        "scale": {
          "x": 1.0,
          "y": 1.0,
          "z": 1.0
        },
        "matrix_basis": [
          [
            0.9997596144676208,
            0.007689762394875288,
            0.02053363434970379,
            0.0
          ],
          [
            0.008037730120122433,
            0.7427605390548706,
            -0.6695089936256409,
            0.0
          ],
          [
            -0.02039993740618229,
            0.6695130467414856,
            0.7425201535224915,
            0.0
          ],
          [
            0.0,
            0.0,
            0.0,
            1.0
          ]
        ],
        "rotation_mode": "QUATERNION"
      },
      "armature_space": {
        "head": {
          "x": 0.12012480199337006,
          "y": -0.6074321866035461,
          "z": 0.2683090567588806
        },
        "tail": {
          "x": 0.13066861033439636,
          "y": -0.6435216069221497,
          "z": 0.282435804605484
        }
      },
      "world_space": {
        "head": {
          "x": 0.12012480199337006,
          "y": -0.5441882014274597,
          "z": 1.218163013458252
        },
        "tail": {
          "x": 0.13066861033439636,
          "y": -0.5802776217460632,
          "z": 1.2322897911071777
        },
        "rotation_quaternion": {
          "w": 0.061181556433439255,
          "x": -0.3487616777420044,
          "y": -0.21676227450370789,
          "z": -0.9097452163696289
        },
        "matrix": [
          [
            -0.7492445111274719,
            0.2625160813331604,
            0.6080446243286133,
            0.12012480199337006
          ],
          [
            0.039877474308013916,
            -0.8985421657562256,
            0.4370726943016052,
            -0.5441882014274597
          ],
          [
            0.6610966920852661,
            0.35172295570373535,
            0.6627640724182129,
            1.218163013458252
          ],
          [
            0.0,
            0.0,
            0.0,
            1.0
          ]
        ]
      },
      "bone_length_armature_space": 0.04016445124099743,
      "parent": "thumb_01_l",
      "has_children": true,
      "is_end_bone": false
    },
    "thumb_03_l": {
      "name": "thumb_03_l",
      "local": {
        "location": {
          "x": 0.0,
          "y": 0.0,
          "z": 0.0
        },
        "rotation_quaternion": {
          "w": 0.9851839542388916,
          "x": 0.17145690321922302,
          "y": -0.00032828166149556637,
          "z": -0.0038774264976382256
        },
        "scale": {
          "x": 1.0,
          "y": 1.0,
          "z": 1.0
        },
        "matrix_basis": [
          [
            0.9999697208404541,
            0.00752738444134593,
            -0.0019764588214457035,
            0.0
          ],
          [
            -0.007752528879791498,
            0.9411749839782715,
            -0.33783063292503357,
            0.0
          ],
          [
            -0.0006827874458394945,
            0.33783572912216187,
            0.941204845905304,
            0.0
          ],
          [
            0.0,
            0.0,
            0.0,
            1.0
          ]
        ],
        "rotation_mode": "QUATERNION"
      },
      "armature_space": {
        "head": {
          "x": 0.1306685209274292,
          "y": -0.6435215473175049,
          "z": 0.282435804605484
        },
        "tail": {
          "x": 0.14794614911079407,
          "y": -0.6588408350944519,
          "z": 0.30227765440940857
        }
      },
      "world_space": {
        "head": {
          "x": 0.1306685209274292,
          "y": -0.5802775621414185,
          "z": 1.2322897911071777
        },
        "tail": {
          "x": 0.14794614911079407,
          "y": -0.5955968499183655,
          "z": 1.252131700515747
        },
        "rotation_quaternion": {
          "w": 0.26209044456481934,
          "x": -0.14043724536895752,
          "y": -0.423931360244751,
          "z": -0.8554929494857788
        },
        "matrix": [
          [
            -0.823171854019165,
            0.5675051212310791,
            0.01806780695915222,
            0.1306685209274292
          ],
          [
            -0.329363077878952,
            -0.5031810402870178,
            0.7989553809165955,
            -0.5802775621414185
          ],
          [
            0.46250519156455994,
            0.6517304182052612,
            0.6011244058609009,
            1.2322897911071777
          ],
          [
            0.0,
            0.0,
            0.0,
            1.0
          ]
        ]
      },
      "bone_length_armature_space": 0.03044496743427519,
      "parent": "thumb_02_l",
      "has_children": false,
      "is_end_bone": true
    },
    "metacarpal_index_l": {
      "name": "metacarpal_index_l",
      "local": {
        "location": {
          "x": 0.0,
          "y": 0.0,
          "z": 0.0
        },
        "rotation_quaternion": {
          "w": 0.9997330904006958,
          "x": -0.020172758027911186,
          "y": -0.008729015477001667,
          "z": -0.0071271853521466255
        },
        "scale": {
          "x": 1.0,
          "y": 1.0,
          "z": 1.0
        },
        "matrix_basis": [
          [
            0.9997460246086121,
            0.014602743089199066,
            -0.01716582104563713,
            0.0
          ],
          [
            -0.013898389413952827,
            0.9990845322608948,
            0.040459174662828445,
            0.0
          ],
          [
            0.017740922048687935,
            -0.04021032154560089,
            0.9990337491035461,
            0.0
          ],
          [
            0.0,
            0.0,
            0.0,
            1.0
          ]
        ],
        "rotation_mode": "QUATERNION"
      },
      "armature_space": {
        "head": {
          "x": 0.1827472448348999,
          "y": -0.5741375684738159,
          "z": 0.2949121594429016
        },
        "tail": {
          "x": 0.10921750217676163,
          "y": -0.6647937297821045,
          "z": 0.2847108244895935
        }
      },
      "world_space": {
        "head": {
          "x": 0.1827472448348999,
          "y": -0.5108935832977295,
          "z": 1.2447662353515625
        },
        "tail": {
          "x": 0.10921750217676163,
          "y": -0.6015497446060181,
          "z": 1.2345647811889648
        },
        "rotation_quaternion": {
          "w": 0.20495259761810303,
          "x": -0.8185017108917236,
          "y": 0.2667260468006134,
          "z": 0.46573230624198914
        },
        "matrix": [
          [
            0.4239013195037842,
            -0.6275382041931152,
            -0.653072714805603,
            0.1827472448348999
          ],
          [
            -0.2457263469696045,
            -0.7737032771110535,
            0.5839540958404541,
            -0.5108935832977295
          ],
          [
            -0.8717437982559204,
            -0.08706305921077728,
            -0.4821791350841522,
            1.2447662353515625
          ],
          [
            0.0,
            0.0,
            0.0,
            1.0
          ]
        ]
      },
      "bone_length_armature_space": 0.11717179846378796,
      "parent": "lowerarm_l",
      "has_children": true,
      "is_end_bone": false
    },
    "index_01_l": {
      "name": "index_01_l",
      "local": {
        "location": {
          "x": 0.0,
          "y": 0.0,
          "z": 0.0
        },
        "rotation_quaternion": {
          "w": 0.972963273525238,
          "x": 0.23091855645179749,
          "y": -0.0021163946948945522,
          "z": -0.0038454204332083464
        },
        "scale": {
          "x": 1.0,
          "y": 1.0,
          "z": 1.0
        },
        "matrix_basis": [
          [
            0.9999614953994751,
            0.00650547631084919,
            -0.00589430658146739,
            0.0
          ],
          [
            -0.008460335433483124,
            0.8933236598968506,
            -0.4493342638015747,
            0.0
          ],
          [
            0.002342390827834606,
            0.44936683773994446,
            0.8933442831039429,
            0.0
          ],
          [
            0.0,
            0.0,
            0.0,
            1.0
          ]
        ],
        "rotation_mode": "QUATERNION"
      },
      "armature_space": {
        "head": {
          "x": 0.10921750217676163,
          "y": -0.6647937297821045,
          "z": 0.2847108244895935
        },
        "tail": {
          "x": 0.09144294261932373,
          "y": -0.6812019348144531,
          "z": 0.26961416006088257
        }
      },
      "world_space": {
        "head": {
          "x": 0.10921750217676163,
          "y": -0.6015497446060181,
          "z": 1.2345647811889648
        },
        "tail": {
          "x": 0.09144294261932373,
          "y": -0.6179579496383667,
          "z": 1.219468116760254
        },
        "rotation_quaternion": {
          "w": 0.4229433238506317,
          "x": -0.7957472801208496,
          "y": 0.1827603131532669,
          "z": 0.3930698037147522
        },
        "matrix": [
          [
            0.6241905093193054,
            -0.623354434967041,
            -0.47097355127334595,
            0.10921750217676163
          ],
          [
            0.041628558188676834,
            -0.575436532497406,
            0.8167866468429565,
            -0.6015497446060181
          ],
          [
            -0.7801679372787476,
            -0.5294403433799744,
            -0.3332340717315674,
            1.2345647811889648
          ],
          [
            0.0,
            0.0,
            0.0,
            1.0
          ]
        ]
      },
      "bone_length_armature_space": 0.028514442823511305,
      "parent": "metacarpal_index_l",
      "has_children": true,
      "is_end_bone": false
    },
    "index_02_l": {
      "name": "index_02_l",
      "local": {
        "location": {
          "x": 0.0,
          "y": 0.0,
          "z": 0.0
        },
        "rotation_quaternion": {
          "w": 0.9057049751281738,
          "x": 0.42379945516586304,
          "y": -0.0025901098269969225,
          "z": -0.009263208135962486
        },
        "scale": {
          "x": 1.0,
          "y": 1.0,
          "z": 1.0
        },
        "matrix_basis": [
          [
            0.9998149871826172,
            0.014584093354642391,
            -0.012543235905468464,
            0.0
          ],
          [
            -0.018974842503666878,
            0.6406164169311523,
            -0.7676265835762024,
            0.0
          ],
          [
            -0.003159734420478344,
            0.7677225470542908,
            0.6407746076583862,
            0.0
          ],
          [
            0.0,
            0.0,
            0.0,
            1.0
          ]
        ],
        "rotation_mode": "QUATERNION"
      },
      "armature_space": {
        "head": {
          "x": 0.09144240617752075,
          "y": -0.6812019348144531,
          "z": 0.269614040851593
        },
        "tail": {
          "x": 0.07152819633483887,
          "y": -0.6754745841026306,
          "z": 0.2544907331466675
        }
      },
      "world_space": {
        "head": {
          "x": 0.09144240617752075,
          "y": -0.6179579496383667,
          "z": 1.219468116760254
        },
        "tail": {
          "x": 0.07152819633483887,
          "y": -0.6122305989265442,
          "z": 1.2043447494506836
        },
        "rotation_quaternion": {
          "w": 0.7207849025726318,
          "x": -0.5399552583694458,
          "y": 0.30347880721092224,
          "z": 0.3111562430858612
        },
        "matrix": [
          [
            0.6221649050712585,
            -0.7762837409973145,
            0.10146376490592957,
            0.09144240617752075
          ],
          [
            0.12082589417695999,
            0.2232605218887329,
            0.967241644859314,
            -0.6179579496383667
          ],
          [
            -0.7735117077827454,
            -0.5895279049873352,
            0.2327023297548294,
            1.219468116760254
          ],
          [
            0.0,
            0.0,
            0.0,
            1.0
          ]
        ]
      },
      "bone_length_armature_space": 0.025653318024061823,
      "parent": "index_01_l",
      "has_children": true,
      "is_end_bone": false
    },
    "index_03_l": {
      "name": "index_03_l",
      "local": {
        "location": {
          "x": 0.0,
          "y": 0.0,
          "z": 0.0
        },
        "rotation_quaternion": {
          "w": 0.967424750328064,
          "x": 0.25311368703842163,
          "y": -0.004799281246960163,
          "z": 0.0001242084545083344
        },
        "scale": {
          "x": 1.0,
          "y": 1.0,
          "z": 1.0
        },
        "matrix_basis": [
          [
            0.9999539256095886,
            -0.00266985222697258,
            -0.009223009459674358,
            0.0
          ],
          [
            -0.00218920293264091,
            0.8718668818473816,
            -0.4897380769252777,
            0.0
          ],
          [
            0.009348765015602112,
            0.4897356927394867,
            0.871820867061615,
            0.0
          ],
          [
            0.0,
            0.0,
            0.0,
            1.0
          ]
        ],
        "rotation_mode": "QUATERNION"
      },
      "armature_space": {
        "head": {
          "x": 0.07152816653251648,
          "y": -0.6754747033119202,
          "z": 0.2544907331466675
        },
        "tail": {
          "x": 0.05661114305257797,
          "y": -0.6538236737251282,
          "z": 0.24174514412879944
        }
      },
      "world_space": {
        "head": {
          "x": 0.07152816653251648,
          "y": -0.6122307181358337,
          "z": 1.2043447494506836
        },
        "tail": {
          "x": 0.05661114305257797,
          "y": -0.5905796885490417,
          "z": 1.1915991306304932
        },
        "rotation_quaternion": {
          "w": 0.857720673084259,
          "x": -0.3225732147693634,
          "y": 0.36717090010643005,
          "z": 0.15952226519584656
        },
        "matrix": [
          [
            0.6794769167900085,
            -0.5105302929878235,
            0.5269445776939392,
            0.07152816653251648
          ],
          [
            0.036772724241018295,
            0.7409985661506653,
            0.6704994440078735,
            -0.6122307181358337
          ],
          [
            -0.7327800989151001,
            -0.43621379137039185,
            0.5222688317298889,
            1.2043447494506836
          ],
          [
            0.0,
            0.0,
            0.0,
            1.0
          ]
        ]
      },
      "bone_length_armature_space": 0.029218738886281567,
      "parent": "index_02_l",
      "has_children": false,
      "is_end_bone": true
    },
    "metacarpal_pinky_l": {
      "name": "metacarpal_pinky_l",
      "local": {
        "location": {
          "x": 0.0,
          "y": 0.0,
          "z": 0.0
        },
        "rotation_quaternion": {
          "w": 0.9997535943984985,
          "x": -0.017546819522976875,
          "y": -0.0074079311452806,
          "z": 0.011402281001210213
        },
        "scale": {
          "x": 1.0,
          "y": 1.0,
          "z": 1.0
        },
        "matrix_basis": [
          [
            0.9996302127838135,
            -0.02253897115588188,
            -0.01521235890686512,
            0.0
          ],
          [
            0.02305891364812851,
            0.9991241693496704,
            0.03491605818271637,
            0.0
          ],
          [
            0.014412064105272293,
            -0.03525392711162567,
            0.999274492263794,
            0.0
          ],
          [
            0.0,
            0.0,
            0.0,
            1.0
          ]
        ],
        "rotation_mode": "QUATERNION"
      },
      "armature_space": {
        "head": {
          "x": 0.1827472448348999,
          "y": -0.5741375684738159,
          "z": 0.2949121594429016
        },
        "tail": {
          "x": 0.17286960780620575,
          "y": -0.6723495125770569,
          "z": 0.2617446482181549
        }
      },
      "world_space": {
        "head": {
          "x": 0.1827472448348999,
          "y": -0.5108935832977295,
          "z": 1.2447662353515625
        },
        "tail": {
          "x": 0.17286960780620575,
          "y": -0.6091055274009705,
          "z": 1.2115986347198486
        },
        "rotation_quaternion": {
          "w": 0.04430018365383148,
          "x": 0.023207664489746094,
          "y": -0.16265831887722015,
          "z": 0.9854143261909485
        },
        "matrix": [
          [
            -0.994998037815094,
            -0.09485798329114914,
            0.03132660686969757,
            0.1827472448348999
          ],
          [
            0.07975824922323227,
            -0.9431598782539368,
            -0.3226274847984314,
            -0.5108935832977295
          ],
          [
            0.060150232166051865,
            -0.3185179829597473,
            0.9460138082504272,
            1.2447662353515625
          ],
          [
            0.0,
            0.0,
            0.0,
            1.0
          ]
        ]
      },
      "bone_length_armature_space": 0.10413086682359593,
      "parent": "lowerarm_l",
      "has_children": true,
      "is_end_bone": false
    },
    "pinky_01_l": {
      "name": "pinky_01_l",
      "local": {
        "location": {
          "x": 0.0,
          "y": 0.0,
          "z": 0.0
        },
        "rotation_quaternion": {
          "w": 0.9437050819396973,
          "x": 0.33047670125961304,
          "y": 0.00759343896061182,
          "z": 0.012181956321001053
        },
        "scale": {
          "x": 1.0,
          "y": 1.0,
          "z": 1.0
        },
        "matrix_basis": [
          [
            0.999587893486023,
            -0.017973439767956734,
            0.022383639588952065,
            0.0
          ],
          [
            0.028011256828904152,
            0.7812734842300415,
            -0.6235600709915161,
            0.0
          ],
          [
            -0.006280228495597839,
            0.6239300966262817,
            0.7814549803733826,
            0.0
          ],
          [
            0.0,
            0.0,
            0.0,
            1.0
          ]
        ],
        "rotation_mode": "QUATERNION"
      },
      "armature_space": {
        "head": {
          "x": 0.17286960780620575,
          "y": -0.6723495125770569,
          "z": 0.2617446482181549
        },
        "tail": {
