{
  "metadata": {
    "armature_name": "KIM_caucasian_male",
    "export_time": "2026-01-13T20:24:41.583650",
    "blender_version": "4.4.1",
    "bone_count": 56,
    "end_bone_count": 13,
    "spaces_included": [
      "LOCAL_CHANNELS",
      "ARMATURE_SPACE",
      "WORLD_SPACE"
    ],
    "note": "LOCAL matches Transform panel; replay pose via local.matrix_basis for best fidelity."
  },
  "bones": {
    "Root": {
      "name": "Root",
      "local": {
        "location": {
          "x": 0.0,
          "y": 0.0,
          "z": 0.0
        },
        "rotation_quaternion": {
          "w": 0.999958872795105,
          "x": -0.005687007214874029,
          "y": 0.0014487657463178039,
          "z": -0.006924692075699568
        },
        "scale": {
          "x": 1.0,
          "y": 1.0,
          "z": 1.0
        },
        "matrix_basis": [
          [
            0.9998999238014221,
            0.0138323362916708,
            0.0029761737678200006,
            0.0
          ],
          [
            -0.013865293003618717,
            0.9998394250869751,
            0.011353482492268085,
            0.0
          ],
          [
            -0.0028186507988721132,
            -0.011393611319363117,
            0.9999310970306396,
            0.0
          ],
          [
            0.0,
            0.0,
            0.0,
            1.0
          ]
        ],
        "rotation_mode": "QUATERNION"
      },
      "armature_space": {
        "head": {
          "x": 0.0,
          "y": 0.07072800397872925,
          "z": -0.009595036506652832
        },
        "tail": {
          "x": 0.0009872950613498688,
          "y": 0.00012068450450897217,
          "z": 0.0008043115958571434
        }
      },
      "world_space": {
        "head": {
          "x": 0.0,
          "y": 0.13397200405597687,
          "z": 0.9402589797973633
        },
        "tail": {
          "x": 0.0009872950613498688,
          "y": 0.06336468458175659,
          "z": 0.9506583213806152
        },
        "rotation_quaternion": {
          "w": 0.0730389654636383,
          "x": 0.9973040223121643,
          "y": 0.007006561383605003,
          "z": 0.0009789724135771394
        },
        "matrix": [
          [
            0.9998999238014221,
            0.0138323362916708,
            0.0029761737678200006,
            0.0
          ],
          [
            0.014118350110948086,
            -0.9892323613166809,
            -0.14567086100578308,
            0.13397200405597687
          ],
          [
            0.000929179135710001,
            0.14569836854934692,
            -0.9893356561660767,
            0.9402589797973633
          ],
          [
            0.0,
            0.0,
            0.0,
            1.0
          ]
        ]
      },
      "bone_length_armature_space": 0.07137586907028413,
      "parent": null,
      "has_children": true,
      "is_end_bone": false
    },
    "spine_01": {
      "name": "spine_01",
      "local": {
        "location": {
          "x": 0.0,
          "y": 0.0,
          "z": 0.0
        },
        "rotation_quaternion": {
          "w": 0.9992178678512573,
          "x": 0.02913670986890793,
          "y": -0.02638263627886772,
          "z": 0.004313523415476084
        },
        "scale": {
          "x": 1.0,
          "y": 1.0,
          "z": 1.0
        },
        "matrix_basis": [
          [
            0.9985706806182861,
            -0.010157706215977669,
            -0.052472639828920364,
            0.0
          ],
          [
            0.007082893047481775,
            0.9982649087905884,
            -0.0584554448723793,
            0.0
          ],
          [
            0.0529753677546978,
            0.05800023674964905,
            0.996910035610199,
            0.0
          ],
          [
            0.0,
            0.0,
            0.0,
            1.0
          ]
        ],
        "rotation_mode": "QUATERNION"
      },
      "armature_space": {
        "head": {
          "x": 0.0009872950613498688,
          "y": 0.00012068450450897217,
          "z": 0.0008043115958571434
        },
        "tail": {
          "x": -0.004423234146088362,
          "y": 9.322079131379724e-05,
          "z": 0.4887789785861969
        }
      },
      "world_space": {
        "head": {
          "x": 0.0009872950613498688,
          "y": 0.06336468458175659,
          "z": 0.9506583213806152
        },
        "tail": {
          "x": -0.004423234146088362,
          "y": 0.06333722174167633,
          "z": 1.4386329650878906
        },
        "rotation_quaternion": {
          "w": 0.7068704962730408,
          "x": 0.7070609927177429,
          "y": -0.017487213015556335,
          "z": -0.009649534709751606
        },
        "matrix": [
          [
            0.9992021322250366,
            -0.01108712237328291,
            -0.03836807981133461,
            0.0009872950613498688
          ],
          [
            -0.03837106376886368,
            -5.6277960538864136e-05,
            -0.9992636442184448,
            0.06336468458175659
          ],
          [
            0.011076841503381729,
            0.9999455809593201,
            -0.00048258155584335327,
            0.9506583213806152
          ],
          [
            0.0,
            0.0,
            0.0,
            1.0
          ]
        ]
      },
      "bone_length_armature_space": 0.48800467606281195,
      "parent": "Root",
      "has_children": true,
      "is_end_bone": false
    },
    "neck_01": {
      "name": "neck_01",
      "local": {
        "location": {
          "x": 0.0,
          "y": 0.0,
          "z": 0.0
        },
        "rotation_quaternion": {
          "w": 0.9941918849945068,
          "x": -0.03654448315501213,
          "y": 0.0846891701221466,
          "z": -0.055450692772865295
        },
        "scale": {
          "x": 1.0,
          "y": 1.0,
          "z": 1.0
        },
        "matrix_basis": [
          [
            0.9795059561729431,
            0.10406741499900818,
            0.17244739830493927,
            0.0
          ],
          [
            -0.1164470985531807,
            0.9911794662475586,
            0.06327231228351593,
            0.0
          ],
          [
            -0.1643417328596115,
            -0.08205660432577133,
            0.9829844832420349,
            0.0
          ],
          [
            0.0,
            0.0,
            0.0,
            1.0
          ]
        ],
        "rotation_mode": "QUATERNION"
      },
      "armature_space": {
        "head": {
          "x": -0.006565638352185488,
          "y": -0.03456580266356468,
          "z": 0.5619767308235168
        },
        "tail": {
          "x": 0.0018488266505300999,
          "y": -0.0657983049750328,
          "z": 0.6592622995376587
        }
      },
      "world_space": {
        "head": {
          "x": -0.006565638352185488,
          "y": 0.028678197413682938,
          "z": 1.5118308067321777
        },
        "tail": {
          "x": 0.0018488266505300999,
          "y": -0.0025543048977851868,
          "z": 1.6091163158416748
        },
        "rotation_quaternion": {
          "w": 0.5849748849868774,
          "x": 0.8070306181907654,
          "y": 0.07404225319623947,
          "z": 0.03199590742588043
        },
        "matrix": [
          [
            0.9869880080223083,
            0.08207525312900543,
            0.13826939463615417,
            -0.006565638352185488
          ],
          [
            0.1569426953792572,
            -0.3046438992023468,
            -0.9394474625587463,
            0.028678197413682938
          ],
          [
            -0.03498252481222153,
            0.9489297866821289,
            -0.3135640025138855,
            1.5118308067321777
          ],
          [
            0.0,
            0.0,
            0.0,
            1.0
          ]
        ]
      },
      "bone_length_armature_space": 0.10252196962084584,
      "parent": "spine_01",
      "has_children": true,
      "is_end_bone": false
    },
    "head": {
      "name": "head",
      "local": {
        "location": {
          "x": 0.0,
          "y": 0.0,
          "z": 0.0
        },
        "rotation_quaternion": {
          "w": 0.9629569053649902,
          "x": 0.109140545129776,
          "y": -0.12168697267770767,
          "z": -0.21446382999420166
        },
        "scale": {
          "x": 1.0,
          "y": 1.0,
          "z": 1.0
        },
        "matrix_basis": [
          [
            0.8783950805664062,
            0.38647687435150146,
            -0.2811720073223114,
            0.0
          ],
          [
            -0.4396008253097534,
            0.8841872215270996,
            -0.1580003798007965,
            0.0
          ],
          [
            0.18754522502422333,
            0.2623901963233948,
            0.9465612173080444,
            0.0
          ],
          [
            0.0,
            0.0,
            0.0,
            1.0
          ]
        ],
        "rotation_mode": "QUATERNION"
      },
      "armature_space": {
        "head": {
          "x": 0.0018488415516912937,
          "y": -0.06579842418432236,
          "z": 0.6592621803283691
        },
        "tail": {
          "x": 0.07092375308275223,
          "y": -0.08910616487264633,
          "z": 0.796151340007782
        }
      },
      "world_space": {
        "head": {
          "x": 0.0018488415516912937,
          "y": -0.0025544241070747375,
          "z": 1.6091161966323853
        },
        "tail": {
          "x": 0.07092375308275223,
          "y": -0.025862164795398712,
          "z": 1.7460052967071533
        },
        "rotation_quaternion": {
          "w": 0.6393132209777832,
          "x": 0.7306653261184692,
          "y": 0.12702807784080505,
          "z": -0.20315171778202057
        },
        "matrix": [
          [
            0.8851867914199829,
            0.4453853666782379,
            -0.13444830477237701,
            0.0018488415516912937
          ],
          [
            -0.07412278652191162,
            -0.1502850502729416,
            -0.9858603477478027,
            -0.0025544241070747375
          ],
          [
            -0.4592965543270111,
            0.8826421499252319,
            -0.10001873970031738,
            1.6091161966323853
          ],
          [
            0.0,
            0.0,
            0.0,
            1.0
          ]
        ]
      },
      "bone_length_armature_space": 0.1550910603274585,
      "parent": "neck_01",
      "has_children": false,
      "is_end_bone": true
    },
    "upperarm_l": {
      "name": "upperarm_l",
      "local": {
        "location": {
          "x": 0.0,
          "y": 0.0,
          "z": 0.0
        },
        "rotation_quaternion": {
          "w": 0.7956500053405762,
          "x": 0.5341276526451111,
          "y": 0.09558814018964767,
          "z": 0.2692801058292389
        },
        "scale": {
          "x": 1.0,
          "y": 1.0,
          "z": 1.0
        },
        "matrix_basis": [
          [
            0.836702287197113,
            -0.32639288902282715,
            0.43976929783821106,
            0.0
          ],
          [
            0.5306179523468018,
            0.28439176082611084,
            -0.7984773516654968,
            0.0
          ],
          [
            0.13555049896240234,
            0.9014372825622559,
            0.41114112734794617,
            0.0
          ],
          [
            0.0,
            0.0,
            0.0,
            1.0
          ]
        ],
        "rotation_mode": "QUATERNION"
      },
      "armature_space": {
        "head": {
          "x": 0.14393745362758636,
          "y": -0.04350446164608002,
          "z": 0.4964326322078705
        },
        "tail": {
          "x": 0.22121623158454895,
          "y": -0.28710004687309265,
          "z": 0.5770359039306641
        }
      },
      "world_space": {
        "head": {
          "x": 0.14393745362758636,
          "y": 0.019739538431167603,
          "z": 1.446286678314209
        },
        "tail": {
          "x": 0.22121623158454895,
          "y": -0.22385604679584503,
          "z": 1.5268899202346802
        },
        "rotation_quaternion": {
          "w": 0.2069804072380066,
          "x": 0.8473164439201355,
          "y": 0.05136234685778618,
          "z": -0.4863905608654022
        },
        "matrix": [
          [
            0.5215725302696228,
            0.28838658332824707,
            -0.802991509437561,
            0.14393745362758636
          ],
          [
            -0.11430630087852478,
            -0.9090424180030823,
            -0.40071991086006165,
            0.019739538431167603
          ],
          [
            -0.8455214500427246,
            0.30079275369644165,
            -0.44117048382759094,
            1.446286678314209
          ],
          [
            0.0,
            0.0,
            0.0,
            1.0
          ]
        ]
      },
      "bone_length_armature_space": 0.2679695969059409,
      "parent": "spine_01",
      "has_children": true,
      "is_end_bone": false
    },
    "lowerarm_l": {
      "name": "lowerarm_l",
      "local": {
        "location": {
          "x": 0.0,
          "y": 0.0,
          "z": 0.0
        },
        "rotation_quaternion": {
          "w": 0.9746357798576355,
          "x": 0.2017451524734497,
          "y": 0.030520135536789894,
          "z": -0.0919373482465744
        },
        "scale": {
          "x": 1.0,
          "y": 1.0,
          "z": 1.0
        },
        "matrix_basis": [
          [
            0.9812321066856384,
            0.1915254443883896,
            0.022396203130483627,
            0.0
          ],
          [
            -0.1668962836265564,
            0.901692807674408,
            -0.39886796474456787,
            0.0
          ],
          [
            -0.09658785909414291,
            0.3876442015171051,
            0.9167348146438599,
            0.0
          ],
          [
            0.0,
            0.0,
            0.0,
            1.0
          ]
        ],
        "rotation_mode": "QUATERNION"
      },
      "armature_space": {
        "head": {
          "x": 0.22121617197990417,
          "y": -0.2871001362800598,
          "z": 0.5770360231399536
        },
        "tail": {
          "x": 0.18717296421527863,
          "y": -0.5523281097412109,
          "z": 0.569002091884613
        }
      },
      "world_space": {
        "head": {
          "x": 0.22121617197990417,
          "y": -0.2238561362028122,
          "z": 1.5268900394439697
        },
        "tail": {
          "x": 0.18717296421527863,
          "y": -0.4890841245651245,
          "z": 1.5188560485839844
        },
        "rotation_quaternion": {
          "w": 0.04571758583188057,
          "x": -0.8555564880371094,
          "y": 0.04692651331424713,
          "z": 0.5135473608970642
        },
        "matrix": [
          [
            0.4681341350078583,
            -0.1272526979446411,
            -0.8744468688964844,
            0.22121617197990417
          ],
          [
            -0.03334061801433563,
            -0.9914157390594482,
            0.12642547488212585,
            -0.2238561362028122
          ],
          [
            -0.8830344676971436,
            -0.030030623078346252,
            -0.46836137771606445,
            1.5268900394439697
          ],
          [
            0.0,
            0.0,
            0.0,
            1.0
          ]
        ]
      },
      "bone_length_armature_space": 0.2675245085540947,
      "parent": "upperarm_l",
      "has_children": true,
      "is_end_bone": false
    },
    "metacarpal_thumb_l": {
      "name": "metacarpal_thumb_l",
      "local": {
        "location": {
          "x": 0.0,
          "y": 0.0,
          "z": 0.0
        },
        "rotation_quaternion": {
          "w": 0.9987077116966248,
          "x": -0.050545163452625275,
          "y": -0.00506451353430748,
          "z": 0.0015784017741680145
        },
        "scale": {
          "x": 1.0,
          "y": 1.0,
          "z": 1.0
        },
        "matrix_basis": [
          [
            0.999943733215332,
            -0.002640750724822283,
            -0.01027549896389246,
            0.0
          ],
          [
            0.0036646972876042128,
            0.9948853850364685,
            0.10094369947910309,
            0.0
          ],
          [
            0.009956376627087593,
            -0.10097567737102509,
            0.994839072227478,
            0.0
          ],
          [
            0.0,
            0.0,
            0.0,
            1.0
          ]
        ],
        "rotation_mode": "QUATERNION"
      },
      "armature_space": {
        "head": {
          "x": 0.18717296421527863,
          "y": -0.5523281097412109,
          "z": 0.569002091884613
        },
        "tail": {
          "x": 0.1583709865808487,
          "y": -0.5881121754646301,
          "z": 0.5504673719406128
        }
      },
      "world_space": {
        "head": {
          "x": 0.18717296421527863,
          "y": -0.4890841245651245,
          "z": 1.5188560485839844
        },
        "tail": {
          "x": 0.1583709865808487,
          "y": -0.5248681902885437,
          "z": 1.500321388244629
        },
        "rotation_quaternion": {
          "w": 0.12598247826099396,
          "x": -0.9042405486106873,
          "y": 0.350597620010376,
          "z": -0.20870757102966309
        },
        "matrix": [
          [
            0.6670443415641785,
            -0.5814626812934875,
            0.465782105922699,
            0.18717296421527863
          ],
          [
            -0.6866363883018494,
            -0.7224194407463074,
            0.08149059861898422,
            -0.4890841245651245
          ],
          [
            0.2891077995300293,
            -0.3741840422153473,
            -0.8811452984809875,
            1.5188560485839844
          ],
          [
            0.0,
            0.0,
            0.0,
            1.0
          ]
        ]
      },
      "bone_length_armature_space": 0.04953371752288384,
      "parent": "lowerarm_l",
      "has_children": true,
      "is_end_bone": false
    },
    "thumb_01_l": {
      "name": "thumb_01_l",
      "local": {
        "location": {
          "x": 0.0,
          "y": 0.0,
          "z": 0.0
        },
        "rotation_quaternion": {
          "w": 0.9973778128623962,
          "x": -0.06935719400644302,
          "y": 0.020319534465670586,
          "z": 0.003794783493503928
        },
        "scale": {
          "x": 1.0,
          "y": 1.0,
          "z": 1.0
        },
        "matrix_basis": [
          [
            0.9991454482078552,
            -0.010388277471065521,
            0.0400061160326004,
            0.0
          ],
          [
            0.0047510541044175625,
            0.9903503656387329,
            0.13850486278533936,
            0.0
          ],
          [
            -0.041058897972106934,
            -0.1381964385509491,
            0.9895533919334412,
            0.0
          ],
          [
            0.0,
            0.0,
            0.0,
            1.0
          ]
        ],
        "rotation_mode": "QUATERNION"
      },
      "armature_space": {
        "head": {
          "x": 0.1583709865808487,
          "y": -0.5881121754646301,
          "z": 0.5504673719406128
        },
        "tail": {
          "x": 0.15153546631336212,
          "y": -0.595684289932251,
          "z": 0.5179930925369263
        }
      },
      "world_space": {
        "head": {
          "x": 0.1583709865808487,
          "y": -0.5248681902885437,
          "z": 1.500321388244629
        },
        "tail": {
          "x": 0.15153546631336212,
          "y": -0.5324403047561646,
          "z": 1.4678471088409424
        },
        "rotation_quaternion": {
          "w": 0.1258264034986496,
          "x": -0.3121104836463928,
          "y": 0.6106880307197571,
          "z": -0.7168089747428894
        },
        "matrix": [
          [
            -0.7735103964805603,
            -0.2008167803287506,
            0.6011274456977844,
            0.1583709865808487
          ],
          [
            -0.561589777469635,
            -0.2224568873643875,
            -0.7969504594802856,
            -0.5248681902885437
          ],
          [
            0.293767511844635,
            -0.954043447971344,
            0.059295833110809326,
            1.500321388244629
          ],
          [
            0.0,
            0.0,
            0.0,
            1.0
          ]
        ]
      },
      "bone_length_armature_space": 0.03403880234547058,
      "parent": "metacarpal_thumb_l",
      "has_children": true,
      "is_end_bone": false
    },
    "thumb_02_l": {
      "name": "thumb_02_l",
      "local": {
        "location": {
          "x": 0.0,
          "y": 0.0,
          "z": 0.0
        },
        "rotation_quaternion": {
          "w": 0.9911960363388062,
          "x": 0.13210055232048035,
          "y": -0.006323938257992268,
          "z": 0.006326821632683277
        },
        "scale": {
          "x": 1.0,
          "y": 1.0,
          "z": 1.0
        },
        "matrix_basis": [
          [
            0.9998399615287781,
            -0.014213032089173794,
            -0.01086497213691473,
            0.0
          ],
          [
            0.01087144948542118,
            0.9650188088417053,
            -0.2619551122188568,
            0.0
          ],
          [
            0.014208078384399414,
            0.2617950737476349,
            0.9650189280509949,
            0.0
          ],
          [
            0.0,
            0.0,
            0.0,
            1.0
          ]
        ],
        "rotation_mode": "QUATERNION"
      },
      "armature_space": {
        "head": {
          "x": 0.15153546631336212,
          "y": -0.5956842303276062,
          "z": 0.5179930925369263
        },
        "tail": {
          "x": 0.14565257728099823,
          "y": -0.6354153156280518,
          "z": 0.5181000828742981
        }
      },
      "world_space": {
        "head": {
          "x": 0.15153546631336212,
          "y": -0.5324402451515198,
          "z": 1.4678471088409424
        },
        "tail": {
          "x": 0.14565257728099823,
          "y": -0.5721713304519653,
          "z": 1.467954158782959
        },
        "rotation_quaternion": {
          "w": 0.07288648188114166,
          "x": 0.14080838859081268,
          "y": -0.009045863524079323,
          "z": 0.9873088598251343
        },
        "matrix": [
          [
            -0.949721097946167,
            -0.146470308303833,
            0.2767241299152374,
            0.15153546631336212
          ],
          [
            0.14137566089630127,
            -0.9892114996910095,
            -0.03838789463043213,
            -0.5324402451515198
          ],
          [
            0.27936336398124695,
            0.0026634037494659424,
            0.9601891040802002,
            1.4678471088409424
          ],
          [
            0.0,
            0.0,
            0.0,
            1.0
          ]
        ]
      },
      "bone_length_armature_space": 0.04016439963506965,
      "parent": "thumb_01_l",
      "has_children": true,
      "is_end_bone": false
    },
    "thumb_03_l": {
      "name": "thumb_03_l",
      "local": {
        "location": {
          "x": 0.0,
          "y": 0.0,
          "z": 0.0
        },
        "rotation_quaternion": {
          "w": 0.9976459741592407,
          "x": 0.06815972179174423,
          "y": 0.0067870132625103,
          "z": 0.00326483859680593
        },
        "scale": {
          "x": 1.0,
          "y": 1.0,
          "z": 1.0
        },
        "matrix_basis": [
          [
            0.9998865723609924,
            -0.0055891042575240135,
            0.013987134210765362,
            0.0
          ],
          [
            0.007439508102834225,
            0.9906871914863586,
            -0.13595423102378845,
            0.0
          ],
          [
            -0.013097011484205723,
            0.13604286313056946,
            0.9906163811683655,
            0.0
          ],
          [
            0.0,
            0.0,
            0.0,
            1.0
          ]
        ],
        "rotation_mode": "QUATERNION"
      },
      "armature_space": {
        "head": {
          "x": 0.14565251767635345,
          "y": -0.635415256023407,
          "z": 0.5181000232696533
        },
        "tail": {
          "x": 0.14813411235809326,
          "y": -0.6638463735580444,
          "z": 0.5287021398544312
        }
      },
      "world_space": {
        "head": {
          "x": 0.14565251767635345,
          "y": -0.5721712708473206,
          "z": 1.4679540395736694
        },
        "tail": {
          "x": 0.14813411235809326,
          "y": -0.600602388381958,
          "z": 1.4785561561584473
        },
        "rotation_quaternion": {
          "w": 0.05020872876048088,
          "x": 0.04894409701228142,
          "y": -0.17478880286216736,
          "z": -0.9821061491966248
        },
        "matrix": [
          [
            -0.9901670813560486,
            0.08151094615459442,
            -0.11368846893310547,
            0.14565251767635345
          ],
          [
            -0.11573032289743423,
            -0.9338558912277222,
            0.33840787410736084,
            -0.5721712708473206
          ],
          [
            -0.07858546078205109,
            0.34823915362358093,
            0.9341135025024414,
            1.4679540395736694
          ],
          [
            0.0,
            0.0,
            0.0,
            1.0
          ]
        ]
      },
      "bone_length_armature_space": 0.030444895140560434,
      "parent": "thumb_02_l",
      "has_children": false,
      "is_end_bone": true
    },
    "metacarpal_index_l": {
      "name": "metacarpal_index_l",
      "local": {
        "location": {
          "x": 0.0,
          "y": 0.0,
          "z": 0.0
        },
        "rotation_quaternion": {
          "w": 0.9994382858276367,
          "x": -0.03206304833292961,
          "y": 0.004800970666110516,
          "z": -0.008492900058627129
        },
        "scale": {
          "x": 1.0,
          "y": 1.0,
          "z": 1.0
        },
        "matrix_basis": [
          [
            0.9998096227645874,
            0.016668392345309258,
            0.010141164064407349,
            0.0
          ],
          [
            -0.017284126952290535,
            0.9977996349334717,
            0.06400852650403976,
            0.0
          ],
          [
            -0.009051931090652943,
            -0.06417162716388702,
            0.9978978037834167,
            0.0
          ],
          [
            0.0,
            0.0,
            0.0,
            1.0
          ]
        ],
        "rotation_mode": "QUATERNION"
      },
      "armature_space": {
        "head": {
          "x": 0.18717296421527863,
          "y": -0.5523281097412109,
          "z": 0.569002091884613
        },
        "tail": {
          "x": 0.14692440629005432,
          "y": -0.6608346700668335,
          "z": 0.550682544708252
        }
      },
      "world_space": {
        "head": {
          "x": 0.18717296421527863,
          "y": -0.4890841245651245,
          "z": 1.5188560485839844
        },
        "tail": {
          "x": 0.14692440629005432,
          "y": -0.5975906848907471,
          "z": 1.500536561012268
        },
        "rotation_quaternion": {
          "w": 0.08982539921998978,
          "x": -0.9796354174613953,
          "y": 0.17002303898334503,
          "z": 0.057775408029556274
        },
        "matrix": [
          [
            0.9355084300041199,
            -0.34350064396858215,
            -0.08265259861946106,
            0.18717296421527863
          ],
          [
            -0.32274189591407776,
            -0.9260472059249878,
            0.19563820958137512,
            -0.4890841245651245
          ],
          [
            -0.14374332129955292,
            -0.15634770691394806,
            -0.9771936535835266,
            1.5188560485839844
          ],
          [
            0.0,
            0.0,
            0.0,
            1.0
          ]
        ]
      },
      "bone_length_armature_space": 0.11717178020741796,
      "parent": "lowerarm_l",
      "has_children": true,
      "is_end_bone": false
    },
    "index_01_l": {
      "name": "index_01_l",
      "local": {
        "location": {
          "x": 0.0,
          "y": 0.0,
          "z": 0.0
        },
        "rotation_quaternion": {
          "w": 0.9940531253814697,
          "x": -0.10624806582927704,
          "y": -0.021110860630869865,
          "z": 0.011143532581627369
        },
        "scale": {
          "x": 1.0,
          "y": 1.0,
          "z": 1.0
        },
        "matrix_basis": [
          [
            0.9988602995872498,
            -0.017668550834059715,
            -0.044338591396808624,
            0.0
          ],
          [
            0.026640502735972404,
            0.9771743416786194,
            0.21076194941997528,
            0.0
          ],
          [
            0.03960267826914787,
            -0.21170294284820557,
            0.9765313863754272,
            0.0
          ],
          [
            0.0,
            0.0,
            0.0,
            1.0
          ]
        ],
        "rotation_mode": "QUATERNION"
      },
      "armature_space": {
        "head": {
          "x": 0.14692440629005432,
          "y": -0.6608346700668335,
          "z": 0.550682544708252
        },
        "tail": {
          "x": 0.1472277045249939,
          "y": -0.689030110836029,
          "z": 0.5549246668815613
        }
      },
      "world_space": {
        "head": {
          "x": 0.14692440629005432,
          "y": -0.5975906848907471,
          "z": 1.500536561012268
        },
        "tail": {
          "x": 0.1472277045249939,
          "y": -0.6257861256599426,
          "z": 1.5047786235809326
        },
        "rotation_quaternion": {
          "w": 0.074775330722332,
          "x": 0.9956466555595398,
          "y": 0.0011633288813754916,
          "z": -0.05563284456729889
        },
        "matrix": [
          [
            0.9938074350357056,
            0.010636486113071442,
            -0.11060737073421478,
            0.14692440629005432
          ],
          [
            -0.006003429181873798,
            -0.9888145923614502,
            -0.14902949333190918,
            -0.5975906848907471
          ],
          [
            -0.11095605790615082,
            0.1487707495689392,
            -0.9826343059539795,
            1.500536561012268
          ],
          [
            0.0,
            0.0,
            0.0,
            1.0
          ]
        ]
      },
      "bone_length_armature_space": 0.028514390703518865,
      "parent": "metacarpal_index_l",
      "has_children": true,
      "is_end_bone": false
    },
    "index_02_l": {
      "name": "index_02_l",
      "local": {
        "location": {
          "x": 0.0,
          "y": 0.0,
          "z": 0.0
        },
        "rotation_quaternion": {
          "w": 0.9988493919372559,
          "x": 0.04659251868724823,
          "y": -0.010390960611402988,
          "z": 0.004589396063238382
        },
        "scale": {
          "x": 1.0,
          "y": 1.0,
          "z": 1.0
        },
        "matrix_basis": [
          [
            0.9997419118881226,
            -0.010136513039469719,
            -0.02033034712076187,
            0.0
          ],
          [
            0.008199948817491531,
            0.9956161379814148,
            -0.09317319095134735,
            0.0
          ],
          [
            0.021185671910643578,
            0.09298244118690491,
            0.9954423308372498,
            0.0
          ],
          [
            0.0,
            0.0,
            0.0,
            1.0
          ]
        ],
        "rotation_mode": "QUATERNION"
      },
      "armature_space": {
        "head": {
          "x": 0.1472274363040924,
          "y": -0.6890305280685425,
          "z": 0.5549244284629822
        },
        "tail": {
          "x": 0.14771407842636108,
          "y": -0.7145745754241943,
          "z": 0.5572388172149658
        }
      },
      "world_space": {
        "head": {
          "x": 0.1472274363040924,
          "y": -0.625786542892456,
          "z": 1.5047783851623535
        },
        "tail": {
          "x": 0.14771407842636108,
          "y": -0.6513305902481079,
          "z": 1.507092833518982
        },
        "rotation_quaternion": {
          "w": 0.04587890952825546,
          "x": 0.9939437508583069,
          "y": 0.004939188249409199,
          "z": -0.09973256289958954
        },
        "matrix": [
          [
            0.9800581932067871,
            0.018969839438796043,
            -0.19780395925045013,
            0.1472274363040924
          ],
          [
            0.0006672588642686605,
            -0.9957414269447327,
            -0.0921877771615982,
            -0.625786542892456
          ],
          [
            -0.19871169328689575,
            0.09021706879138947,
            -0.9759040474891663,
            1.5047783851623535
          ],
          [
            0.0,
            0.0,
            0.0,
            1.0
          ]
        ]
      },
      "bone_length_armature_space": 0.0256532950849375,
      "parent": "index_01_l",
      "has_children": true,
      "is_end_bone": false
    },
    "index_03_l": {
      "name": "index_03_l",
      "local": {
        "location": {
          "x": 0.0,
          "y": 0.0,
          "z": 0.0
        },
        "rotation_quaternion": {
          "w": 0.9980980753898621,
          "x": 0.06143898516893387,
          "y": 0.0017799900379031897,
          "z": 0.004740247502923012
        },
        "scale": {
          "x": 1.0,
          "y": 1.0,
          "z": 1.0
        },
        "matrix_basis": [
          [
            0.9999487400054932,
            -0.009243742562830448,
            0.004135681316256523,
            0.0
          ],
          [
            0.009681185707449913,
            0.9924055337905884,
            -0.122627392411232,
            0.0
          ],
          [
            -0.002970737172290683,
            0.12266114354133606,
            0.9924441576004028,
            0.0
          ],
          [
            0.0,
            0.0,
            0.0,
            1.0
          ]
        ],
        "rotation_mode": "QUATERNION"
      },
      "armature_space": {
        "head": {
          "x": 0.14771407842636108,
          "y": -0.7145745158195496,
          "z": 0.5572389364242554
        },
        "tail": {
          "x": 0.14959171414375305,
          "y": -0.7434659004211426,
          "z": 0.553302526473999
        }
      },
      "world_space": {
        "head": {
          "x": 0.14771407842636108,
          "y": -0.6513305306434631,
          "z": 1.5070929527282715
        },
        "tail": {
          "x": 0.14959171414375305,
          "y": -0.6802219152450562,
          "z": 1.5031565427780151
        },
        "rotation_quaternion": {
          "w": 0.06522511690855026,
          "x": -0.9949284791946411,
          "y": -0.0367000512778759,
          "z": 0.06720210611820221
        },
        "matrix": [
          [
            0.988274097442627,
            0.06426137685775757,
            -0.13851018249988556,
            0.14771407842636108
          ],
          [
            0.0817943587899208,
            -0.9887976050376892,
            0.12485547363758087,
            -0.6513305306434631
          ],
          [
            -0.12893591821193695,
            -0.13472266495227814,
            -0.982465922832489,
            1.5070929527282715
          ],
          [
            0.0,
            0.0,
            0.0,
            1.0
          ]
        ]
      },
      "bone_length_armature_space": 0.029218709031483422,
      "parent": "index_02_l",
      "has_children": false,
      "is_end_bone": true
    },
    "metacarpal_pinky_l": {
      "name": "metacarpal_pinky_l",
      "local": {
        "location": {
          "x": 0.0,
          "y": 0.0,
          "z": 0.0
        },
        "rotation_quaternion": {
          "w": 0.9989789724349976,
          "x": -0.04502328485250473,
          "y": -0.0008955639787018299,
          "z": -0.0036271456629037857
        },
        "scale": {
          "x": 1.0,
          "y": 1.0,
          "z": 1.0
        },
        "matrix_basis": [
          [
            0.9999721050262451,
            0.007327526807785034,
            -0.001462687156163156,
            0.0
          ],
          [
            -0.007166242226958275,
            0.9959194660186768,
            0.08996112644672394,
            0.0
          ],
          [
            0.002115911105647683,
            -0.0899481326341629,
            0.9959442019462585,
            0.0
          ],
          [
            0.0,
            0.0,
            0.0,
            1.0
          ]
        ],
        "rotation_mode": "QUATERNION"
      },
      "armature_space": {
        "head": {
          "x": 0.18717296421527863,
          "y": -0.5523281097412109,
          "z": 0.569002091884613
        },
        "tail": {
          "x": 0.20826174318790436,
          "y": -0.6542244553565979,
          "z": 0.5729537010192871
        }
      },
      "world_space": {
        "head": {
          "x": 0.18717296421527863,
          "y": -0.4890841245651245,
          "z": 1.5188560485839844
        },
        "tail": {
          "x": 0.20826174318790436,
          "y": -0.5909804701805115,
          "z": 1.5228077173233032
        },
        "rotation_quaternion": {
          "w": 0.10176414251327515,
          "x": 0.3622506260871887,
          "y": 0.0193127803504467,
          "z": -0.9263074994087219
        },
        "matrix": [
          [
            -0.7168372273445129,
            0.20252209901809692,
            -0.6671802401542664,
            0.18717296421527863
          ],
          [
            -0.1745380461215973,
            -0.978542149066925,
            -0.10950741171836853,
            -0.4890841245651245
          ],
          [
            -0.6750465035438538,
            0.03794870525598526,
            0.7368081212043762,
            1.5188560485839844
          ],
          [
            0.0,
            0.0,
            0.0,
            1.0
          ]
        ]
      },
      "bone_length_armature_space": 0.10413077049460136,
      "parent": "lowerarm_l",
      "has_children": true,
      "is_end_bone": false
    },
    "pinky_01_l": {
      "name": "pinky_01_l",
      "local": {
        "location": {
          "x": 0.0,
          "y": 0.0,
          "z": 0.0
        },
        "rotation_quaternion": {
          "w": 0.9957260489463806,
          "x": -0.09157387167215347,
          "y": -0.01040638331323862,
          "z": -0.0059796604327857494
        },
        "scale": {
          "x": 1.0,
          "y": 1.0,
          "z": 1.0
        },
        "matrix_basis": [
          [
            0.9997119307518005,
            0.013814113102853298,
            -0.019628653302788734,
            0.0
          ],
          [
            -0.010002302005887032,
            0.9831569194793701,
            0.18248942494392395,
            0.0
          ],
          [
            0.0218189749866724,
            -0.1822405308485031,
            0.9830118417739868,
            0.0
          ],
          [
            0.0,
            0.0,
            0.0,
            1.0
          ]
        ],
        "rotation_mode": "QUATERNION"
      },
      "armature_space": {
        "head": {
          "x": 0.20826174318790436,
          "y": -0.6542244553565979,
