{
  "metadata": {
    "armature_name": "KIM_caucasian_male",
    "export_time": "2026-01-13T21:02:16.870386",
    "blender_version": "4.4.1",
    "bone_count": 56,
    "end_bone_count": 13,
    "spaces_included": [
      "LOCAL_CHANNELS",
      "ARMATURE_SPACE",
      "WORLD_SPACE"
    ],
    "note": "LOCAL matches Transform panel; replay pose via local.matrix_basis for best fidelity."
  },
  "bones": {
    "Root": {
      "name": "Root",
      "local": {
        "location": {
          "x": 0.0,
          "y": 0.0,
          "z": 0.0
        },
        "rotation_quaternion": {
          "w": 0.9993938207626343,
          "x": 0.0012538571609184146,
          "y": 0.01809576153755188,
          "z": -0.029716307297348976
        },
        "scale": {
          "x": 1.0,
          "y": 1.0,
          "z": 1.0
        },
        "matrix_basis": [
          [
            0.9975789785385132,
            0.05944196507334709,
            0.036095064133405685,
            0.0
          ],
          [
            -0.05935120955109596,
            0.9982307553291321,
            -0.0035816726740449667,
            0.0
          ],
          [
            -0.03624410554766655,
            0.0014307157834991813,
            0.9993419647216797,
            0.0
          ],
          [
            0.0,
            0.0,
            0.0,
            1.0
          ]
        ],
        "rotation_mode": "QUATERNION"
      },
      "armature_space": {
        "head": {
          "x": 0.0,
          "y": 0.07072800397872925,
          "z": -0.009595036506652832
        },
        "tail": {
          "x": 0.0042427219450473785,
          "y": 0.000111408531665802,
          "z": -0.00011816900223493576
        }
      },
      "world_space": {
        "head": {
          "x": 0.0,
          "y": 0.13397200405597687,
          "z": 0.9402589797973633
        },
        "tail": {
          "x": 0.0042427219450473785,
          "y": 0.06335540860891342,
          "z": 0.9497358202934265
        },
        "rotation_quaternion": {
          "w": 0.06607580929994583,
          "x": 0.9972078800201416,
          "y": 0.030867870897054672,
          "z": 0.01605272851884365
        },
        "matrix": [
          [
            0.9975789785385132,
            0.05944196507334709,
            0.036095064133405685,
            0.0
          ],
          [
            0.06368476897478104,
            -0.9893622994422913,
            -0.13079208135604858,
            0.13397200405597687
          ],
          [
            0.027936812490224838,
            0.13277411460876465,
            -0.9907596111297607,
            0.9402589797973633
          ],
          [
            0.0,
            0.0,
            0.0,
            1.0
          ]
        ]
      },
      "bone_length_armature_space": 0.0713758719842951,
      "parent": null,
      "has_children": true,
      "is_end_bone": false
    },
    "spine_01": {
      "name": "spine_01",
      "local": {
        "location": {
          "x": 0.0,
          "y": 0.0,
          "z": 0.0
        },
        "rotation_quaternion": {
          "w": 0.9979208707809448,
          "x": -0.011011464521288872,
          "y": -0.047348685562610626,
          "z": 0.042317286133766174
        },
        "scale": {
          "x": 1.0,
          "y": 1.0,
          "z": 1.0
        },
        "matrix_basis": [
          [
            0.9919347167015076,
            -0.08341585099697113,
            -0.09543243050575256,
            0.0
          ],
          [
            0.08550136536359787,
            0.99617600440979,
            0.017969803884625435,
            0.0
          ],
          [
            0.09356853365898132,
            -0.025984475389122963,
            0.9952737092971802,
            0.0
          ],
          [
            0.0,
            0.0,
            0.0,
            1.0
          ]
        ],
        "rotation_mode": "QUATERNION"
      },
      "armature_space": {
        "head": {
          "x": 0.0042427219450473785,
          "y": 0.000111408531665802,
          "z": -0.00011816900223493576
        },
        "tail": {
          "x": -0.05209388583898544,
          "y": 0.031188087537884712,
          "z": 0.4836265742778778
        }
      },
      "world_space": {
        "head": {
          "x": 0.0042427219450473785,
          "y": 0.06335540860891342,
          "z": 0.9497358202934265
        },
        "tail": {
          "x": -0.05209388583898544,
          "y": 0.09443208575248718,
          "z": 1.4334806203842163
        },
        "rotation_quaternion": {
          "w": 0.7274258136749268,
          "x": 0.6835375428199768,
          "y": -0.05188670754432678,
          "z": 0.030594579875469208
        },
        "matrix": [
          [
            0.9927435517311096,
            -0.11544357985258102,
            -0.0336616188287735,
            0.0042427219450473785
          ],
          [
            -0.026421628892421722,
            0.06368155777454376,
            -0.9976204633712769,
            0.06335540860891342
          ],
          [
            0.11731330305337906,
            0.9912776947021484,
            0.060168735682964325,
            0.9497358202934265
          ],
          [
            0.0,
            0.0,
            0.0,
            1.0
          ]
        ]
      },
      "bone_length_armature_space": 0.4880046529554257,
      "parent": "Root",
      "has_children": true,
      "is_end_bone": false
    },
    "neck_01": {
      "name": "neck_01",
      "local": {
        "location": {
          "x": 0.0,
          "y": 0.0,
          "z": 0.0
        },
        "rotation_quaternion": {
          "w": 0.994706392288208,
          "x": 0.02115349844098091,
          "y": 0.03546943888068199,
          "z": -0.094094417989254
        },
        "scale": {
          "x": 1.0,
          "y": 1.0,
          "z": 1.0
        },
        "matrix_basis": [
          [
            0.9797763228416443,
            0.18869324028491974,
            0.06658250093460083,
            0.0
          ],
          [
            -0.18569202721118927,
            0.9813975691795349,
            -0.048757992684841156,
            0.0
          ],
          [
            -0.07454420626163483,
            0.03540808707475662,
            0.9965888857841492,
            0.0
          ],
          [
            0.0,
            0.0,
            0.0,
            1.0
          ]
        ],
        "rotation_mode": "QUATERNION"
      },
      "armature_space": {
        "head": {
          "x": -0.06171388924121857,
          "y": 0.001252833753824234,
          "z": 0.5582930445671082
        },
        "tail": {
          "x": -0.05449998751282692,
          "y": -0.03493339568376541,
          "z": 0.6539448499679565
        }
      },
      "world_space": {
        "head": {
          "x": -0.06171388924121857,
          "y": 0.06449683010578156,
          "z": 1.5081470012664795
        },
        "tail": {
          "x": -0.05449998751282692,
          "y": 0.028310604393482208,
          "z": 1.6037988662719727
        },
        "rotation_quaternion": {
          "w": 0.5663532018661499,
          "x": 0.8223625421524048,
          "y": 0.05255861207842827,
          "z": 0.014195837080478668
        },
        "matrix": [
          [
            0.9940721392631531,
            0.07036487758159637,
            0.08288201689720154,
            -0.06171388924121857
          ],
          [
            0.10252447426319122,
            -0.3529629111289978,
            -0.93000328540802,
            0.06449683010578156
          ],
          [
            -0.036185406148433685,
            0.9329938888549805,
            -0.3580881357192993,
            1.5081470012664795
          ],
          [
            0.0,
            0.0,
            0.0,
            1.0
          ]
        ]
      },
      "bone_length_armature_space": 0.10252195762695894,
      "parent": "spine_01",
      "has_children": true,
      "is_end_bone": false
    },
    "head": {
      "name": "head",
      "local": {
        "location": {
          "x": 0.0,
          "y": 0.0,
          "z": 0.0
        },
        "rotation_quaternion": {
          "w": 0.9797868132591248,
          "x": -0.15946350991725922,
          "y": -0.03585362061858177,
          "z": 0.1153421476483345
        },
        "scale": {
          "x": 1.0,
          "y": 1.0,
          "z": 1.0
        },
        "matrix_basis": [
          [
            0.9708214402198792,
            -0.21458673477172852,
            -0.10704353451728821,
            0.0
          ],
          [
            0.23745611310005188,
            0.9225351810455322,
            0.3042096197605133,
            0.0
          ],
          [
            0.03347208350896835,
            -0.3207513689994812,
            0.9465718269348145,
            0.0
          ],
          [
            0.0,
            0.0,
            0.0,
            1.0
          ]
        ],
        "rotation_mode": "QUATERNION"
      },
      "armature_space": {
        "head": {
          "x": -0.05449998006224632,
          "y": -0.03493351489305496,
          "z": 0.6539446711540222
        },
        "tail": {
          "x": -0.08754417300224304,
          "y": 0.012258410453796387,
          "z": 0.7979387044906616
        }
      },
      "world_space": {
        "head": {
          "x": -0.05449998006224632,
          "y": 0.028310485184192657,
          "z": 1.6037986278533936
        },
        "tail": {
          "x": -0.08754417300224304,
          "y": 0.075502410531044,
          "z": 1.7477927207946777
        },
        "rotation_quaternion": {
          "w": 0.8050575256347656,
          "x": 0.5834389925003052,
          "y": -0.0634479895234108,
          "z": 0.08634671568870544
        },
        "matrix": [
          [
            0.977037250995636,
            -0.21306434273719788,
            -0.0014013126492500305,
            -0.05449998006224632
          ],
          [
            0.06499333679676056,
            0.304286926984787,
            -0.9503607749938965,
            0.028310485184192657
          ],
          [
            0.20291590690612793,
            0.9284535646438599,
            0.31114867329597473,
            1.6037986278533936
          ],
          [
            0.0,
            0.0,
            0.0,
            1.0
          ]
        ]
      },
      "bone_length_armature_space": 0.15509119450172834,
      "parent": "neck_01",
      "has_children": false,
      "is_end_bone": true
    },
    "upperarm_l": {
      "name": "upperarm_l",
      "local": {
        "location": {
          "x": 0.0,
          "y": 0.0,
          "z": 0.0
        },
        "rotation_quaternion": {
          "w": 0.9459937810897827,
          "x": 0.2605031728744507,
          "y": 0.11966707557439804,
          "z": 0.15137283504009247
        },
        "scale": {
          "x": 1.0,
          "y": 1.0,
          "z": 1.0
        },
        "matrix_basis": [
          [
            0.9255321025848389,
            -0.2240482121706009,
            0.3052748143672943,
            0.0
          ],
          [
            0.348742812871933,
            0.8184487223625183,
            -0.4566400647163391,
            0.0
          ],
          [
            -0.14754241704940796,
            0.5290974378585815,
            0.835635781288147,
            0.0
          ],
          [
            0.0,
            0.0,
            0.0,
            1.0
          ]
        ],
        "rotation_mode": "QUATERNION"
      },
      "armature_space": {
        "head": {
          "x": 0.09484899789094925,
          "y": -0.010171843692660332,
          "z": 0.5094603896141052
        },
        "tail": {
          "x": 0.30866116285324097,
          "y": -0.14701351523399353,
          "z": 0.5952882766723633
        }
      },
      "world_space": {
        "head": {
          "x": 0.09484899789094925,
          "y": 0.05307215452194214,
          "z": 1.4593143463134766
        },
        "tail": {
          "x": 0.30866116285324097,
          "y": -0.08376951515674591,
          "z": 1.5451422929763794
        },
        "rotation_quaternion": {
          "w": 0.390256404876709,
          "x": 0.7510014772415161,
          "y": 0.30392295122146606,
          "z": -0.43740999698638916
        },
        "matrix": [
          [
            0.43260663747787476,
            0.7978976368904114,
            -0.41977500915527344,
            0.09484899789094925
          ],
          [
            0.11509005725383759,
            -0.5106614828109741,
            -0.8520442247390747,
            0.05307215452194214
          ],
          [
            -0.894213080406189,
            0.3202897310256958,
            -0.3127485513687134,
            1.4593143463134766
          ],
          [
            0.0,
            0.0,
            0.0,
            1.0
          ]
        ]
      },
      "bone_length_armature_space": 0.2679696142833329,
      "parent": "spine_01",
      "has_children": true,
      "is_end_bone": false
    },
    "lowerarm_l": {
      "name": "lowerarm_l",
      "local": {
        "location": {
          "x": 0.0,
          "y": 0.0,
          "z": 0.0
        },
        "rotation_quaternion": {
          "w": 0.8330369591712952,
          "x": 0.44660496711730957,
          "y": -0.2932344973087311,
          "z": 0.1435519903898239
        },
        "scale": {
          "x": 1.0,
          "y": 1.0,
          "z": 1.0
        },
        "matrix_basis": [
          [
            0.7868127226829529,
            -0.5010882019996643,
            -0.3603282868862152,
            0.0
          ],
          [
            -0.022751739248633385,
            0.559873640537262,
            -0.8282656669616699,
            0.0
          ],
          [
            0.6167724132537842,
            0.6598880887031555,
            0.42911505699157715,
            0.0
          ],
          [
            0.0,
            0.0,
            0.0,
            1.0
          ]
        ],
        "rotation_mode": "QUATERNION"
      },
      "armature_space": {
        "head": {
          "x": 0.30866116285324097,
          "y": -0.1470136195421219,
          "z": 0.5952883958816528
        },
        "tail": {
          "x": 0.2594507038593292,
          "y": -0.3732571005821228,
          "z": 0.7293099761009216
        }
      },
      "world_space": {
        "head": {
          "x": 0.30866116285324097,
          "y": -0.08376961946487427,
          "z": 1.545142412185669
        },
        "tail": {
          "x": 0.2594507038593292,
          "y": -0.3100131154060364,
          "z": 1.679163932800293
        },
        "rotation_quaternion": {
          "w": 0.11724483966827393,
          "x": 0.6808149218559265,
          "y": -0.2518076002597809,
          "z": -0.6777445077896118
        },
        "matrix": [
          [
            -0.045488834381103516,
            -0.18394751846790314,
            -0.9818831086158752,
            0.30866116285324097
          ],
          [
            -0.5017934441566467,
            -0.8456926345825195,
            0.18168038129806519,
            -0.08376961946487427
          ],
          [
            -0.8637972474098206,
            0.5009694695472717,
            -0.05383406579494476,
            1.545142412185669
          ],
          [
            0.0,
            0.0,
            0.0,
            1.0
          ]
        ]
      },
      "bone_length_armature_space": 0.2675248905813946,
      "parent": "upperarm_l",
      "has_children": true,
      "is_end_bone": false
    },
    "metacarpal_thumb_l": {
      "name": "metacarpal_thumb_l",
      "local": {
        "location": {
          "x": 0.0,
          "y": 0.0,
          "z": 0.0
        },
        "rotation_quaternion": {
          "w": 0.9999569654464722,
          "x": -0.0025082584470510483,
          "y": 0.004950761329382658,
          "z": -0.007445277646183968
        },
        "scale": {
          "x": 1.0,
          "y": 1.0,
          "z": 1.0
        },
        "matrix_basis": [
          [
            0.9998401403427124,
            0.014865078963339329,
            0.009938445873558521,
            0.0
          ],
          [
            -0.01491475012153387,
            0.9998765587806702,
            0.00494258152320981,
            0.0
          ],
          [
            -0.009863747283816338,
            -0.005090020596981049,
            0.9999383687973022,
            0.0
          ],
          [
            0.0,
            0.0,
            0.0,
            1.0
          ]
        ],
        "rotation_mode": "QUATERNION"
      },
      "armature_space": {
        "head": {
          "x": 0.2594507038593292,
          "y": -0.3732571005821228,
          "z": 0.7293099761009216
        },
        "tail": {
          "x": 0.22375822067260742,
          "y": -0.4059196710586548,
          "z": 0.7399301528930664
        }
      },
      "world_space": {
        "head": {
          "x": 0.2594507038593292,
          "y": -0.3100131154060364,
          "z": 1.679163932800293
        },
        "tail": {
          "x": 0.22375822067260742,
          "y": -0.34267568588256836,
          "z": 1.6897841691970825
        },
        "rotation_quaternion": {
          "w": 0.15635894238948822,
          "x": 0.9063833355903625,
          "y": -0.38190439343452454,
          "z": 0.09039029479026794
        },
        "matrix": [
          [
            0.691957414150238,
            -0.7205700874328613,
            0.04442746192216873,
            0.2594507038593292
          ],
          [
            -0.6640369892120361,
            -0.6594016551971436,
            -0.3524836301803589,
            -0.3100131154060364
          ],
          [
            0.283285915851593,
            0.21440307796001434,
            -0.9347697496414185,
            1.679163932800293
          ],
          [
            0.0,
            0.0,
            0.0,
            1.0
          ]
        ]
      },
      "bone_length_armature_space": 0.049533675659504714,
      "parent": "lowerarm_l",
      "has_children": true,
      "is_end_bone": false
    },
    "thumb_01_l": {
      "name": "thumb_01_l",
      "local": {
        "location": {
          "x": 0.0,
          "y": 0.0,
          "z": 0.0
        },
        "rotation_quaternion": {
          "w": 0.9996634721755981,
          "x": 0.01406396459788084,
          "y": -0.01672811061143875,
          "z": 0.013981933705508709
        },
        "scale": {
          "x": 1.0,
          "y": 1.0,
          "z": 1.0
        },
        "matrix_basis": [
          [
            0.9990493655204773,
            -0.028424983844161034,
            -0.03305168077349663,
            0.0
          ],
          [
            0.027483928948640823,
            0.9992133975028992,
            -0.028586246073246002,
            0.0
          ],
          [
            0.03383824601769447,
            0.027650680392980576,
            0.9990447759628296,
            0.0
          ],
          [
            0.0,
            0.0,
            0.0,
            1.0
          ]
        ],
        "rotation_mode": "QUATERNION"
      },
      "armature_space": {
        "head": {
          "x": 0.22375822067260742,
          "y": -0.4059196710586548,
          "z": 0.7399301528930664
        },
        "tail": {
          "x": 0.2069961428642273,
          "y": -0.4273328483104706,
          "z": 0.7194572687149048
        }
      },
      "world_space": {
        "head": {
          "x": 0.22375822067260742,
          "y": -0.34267568588256836,
          "z": 1.6897841691970825
        },
        "tail": {
          "x": 0.2069961428642273,
          "y": -0.36408883333206177,
          "z": 1.669311285018921
        },
        "rotation_quaternion": {
          "w": 0.06311992555856705,
          "x": 0.4632216691970825,
          "y": -0.42599761486053467,
          "z": 0.7745757102966309
        },
        "matrix": [
          [
            -0.5628843307495117,
            -0.492443710565567,
            0.6638226509094238,
            0.22375822067260742
          ],
          [
            -0.29687854647636414,
            -0.6290856599807739,
            -0.7184114456176758,
            -0.34267568588256836
          ],
          [
            0.7713834047317505,
            -0.6014618277549744,
            0.20790714025497437,
            1.6897841691970825
          ],
          [
            0.0,
            0.0,
            0.0,
            1.0
          ]
        ]
      },
      "bone_length_armature_space": 0.034038660198227357,
      "parent": "metacarpal_thumb_l",
      "has_children": true,
      "is_end_bone": false
    },
    "thumb_02_l": {
      "name": "thumb_02_l",
      "local": {
        "location": {
          "x": 0.0,
          "y": 0.0,
          "z": 0.0
        },
        "rotation_quaternion": {
          "w": 0.9953730702400208,
          "x": 0.09606579691171646,
          "y": -0.0006724601262249053,
          "z": -0.0018145197536796331
        },
        "scale": {
          "x": 1.0,
          "y": 1.0,
          "z": 1.0
        },
        "matrix_basis": [
          [
            0.9999924898147583,
            0.0034830474760383368,
            -0.0016873240238055587,
            0.0
          ],
          [
            -0.0037414489779621363,
            0.9815361499786377,
            -0.19124017655849457,
            0.0
          ],
          [
            0.0009900708682835102,
            0.19124504923820496,
            0.9815418124198914,
            0.0
          ],
          [
            0.0,
            0.0,
            0.0,
            1.0
          ]
        ],
        "rotation_mode": "QUATERNION"
      },
      "armature_space": {
        "head": {
          "x": 0.2069961428642273,
          "y": -0.4273327887058258,
          "z": 0.71945720911026
        },
        "tail": {
          "x": 0.20338046550750732,
          "y": -0.4626072645187378,
          "z": 0.7383204698562622
        }
      },
      "world_space": {
        "head": {
          "x": 0.2069961428642273,
          "y": -0.364088773727417,
          "z": 1.669311285018921
        },
        "tail": {
          "x": 0.20338046550750732,
          "y": -0.39936327934265137,
          "z": 1.6881744861602783
        },
        "rotation_quaternion": {
          "w": 0.11589708179235458,
          "x": 0.2860265076160431,
          "y": 0.2178114950656891,
          "z": 0.9259130358695984
        },
        "matrix": [
          [
            -0.8095136284828186,
            -0.09002193063497543,
            0.5801584720611572,
            0.2069961428642273
          ],
          [
            0.3392212986946106,
            -0.8782523274421692,
            0.3370493948459625,
            -0.364088773727417
          ],
          [
            0.47918733954429626,
            0.4696505069732666,
            0.7414997220039368,
            1.669311285018921
          ],
          [
            0.0,
            0.0,
            0.0,
            1.0
          ]
        ]
      },
      "bone_length_armature_space": 0.04016446657116569,
      "parent": "thumb_01_l",
      "has_children": true,
      "is_end_bone": false
    },
    "thumb_03_l": {
      "name": "thumb_03_l",
      "local": {
        "location": {
          "x": 0.0,
          "y": 0.0,
          "z": 0.0
        },
        "rotation_quaternion": {
          "w": 0.998431921005249,
          "x": 0.05584671348333359,
          "y": 0.0005980660789646208,
          "z": 0.0038106804713606834
        },
        "scale": {
          "x": 1.0,
          "y": 1.0,
          "z": 1.0
        },
        "matrix_basis": [
          [
            0.9999702572822571,
            -0.007542610168457031,
            0.0016198845114558935,
            0.0
          ],
          [
            0.007676210254430771,
            0.9937332272529602,
            -0.11151372641324997,
            0.0
          ],
          [
            -0.0007686285534873605,
            0.11152283847332001,
            0.9937615990638733,
            0.0
          ],
          [
            0.0,
            0.0,
            0.0,
            1.0
          ]
        ],
        "rotation_mode": "QUATERNION"
      },
      "armature_space": {
        "head": {
          "x": 0.20338039100170135,
          "y": -0.4626072347164154,
          "z": 0.7383204102516174
        },
        "tail": {
          "x": 0.21048516035079956,
          "y": -0.4846639633178711,
          "z": 0.7580667734146118
        }
      },
      "world_space": {
        "head": {
          "x": 0.20338039100170135,
          "y": -0.3993632197380066,
          "z": 1.6881744861602783
        },
        "tail": {
          "x": 0.21048516035079956,
          "y": -0.42141997814178467,
          "z": 1.707920789718628
        },
        "rotation_quaternion": {
          "w": 0.07192479819059372,
          "x": -0.13909746706485748,
          "y": -0.3641240894794464,
          "z": -0.9180917739868164
        },
        "matrix": [
          [
            -0.9509575963020325,
            0.23336480557918549,
            0.20302852988243103,
            0.20338039100170135
          ],
          [
            -0.030770083889365196,
            -0.7244808673858643,
            0.6886082291603088,
            -0.3993632197380066
          ],
          [
            0.3077894151210785,
            0.648593544960022,
            0.6961366534233093,
            1.6881744861602783
          ],
          [
            0.0,
            0.0,
            0.0,
            1.0
          ]
        ]
      },
      "bone_length_armature_space": 0.030444964924909453,
      "parent": "thumb_02_l",
      "has_children": false,
      "is_end_bone": true
    },
    "metacarpal_index_l": {
      "name": "metacarpal_index_l",
      "local": {
        "location": {
          "x": 0.0,
          "y": 0.0,
          "z": 0.0
        },
        "rotation_quaternion": {
          "w": 0.9987925291061401,
          "x": -0.04822308570146561,
          "y": 0.004680430516600609,
          "z": 0.008136484771966934
        },
        "scale": {
          "x": 1.0,
          "y": 1.0,
          "z": 1.0
        },
        "matrix_basis": [
          [
            0.999823808670044,
            -0.016704730689525604,
            0.008564825169742107,
            0.0
          ],
          [
            0.015801910310983658,
            0.9952166676521301,
            0.09640587866306305,
            0.0
          ],
          [
            -0.010134290903806686,
            -0.09625355154275894,
            0.9953052401542664,
            0.0
          ],
          [
            0.0,
            0.0,
            0.0,
            1.0
          ]
        ],
        "rotation_mode": "QUATERNION"
      },
      "armature_space": {
        "head": {
          "x": 0.2594507038593292,
          "y": -0.3732571005821228,
          "z": 0.7293099761009216
        },
        "tail": {
          "x": 0.20846569538116455,
          "y": -0.460919588804245,
          "z": 0.7880047559738159
        }
      },
      "world_space": {
        "head": {
          "x": 0.2594507038593292,
          "y": -0.3100131154060364,
          "z": 1.679163932800293
        },
        "tail": {
          "x": 0.20846569538116455,
          "y": -0.3976755738258362,
          "z": 1.737858772277832
        },
        "rotation_quaternion": {
          "w": 0.19543108344078064,
          "x": 0.9004653096199036,
          "y": -0.29619213938713074,
          "z": -0.2514740824699402
        },
        "matrix": [
          [
            0.6980617642402649,
            -0.43513068556785583,
            -0.568657636642456,
            0.2594507038593292
          ],
          [
            -0.6317136287689209,
            -0.748153805732727,
            -0.20298786461353302,
            -0.3100131154060364
          ],
          [
            -0.3371201753616333,
            0.5009295344352722,
            -0.7971410751342773,
            1.679163932800293
          ],
          [
            0.0,
            0.0,
            0.0,
            1.0
          ]
        ]
      },
      "bone_length_armature_space": 0.11717192526475546,
      "parent": "lowerarm_l",
      "has_children": true,
      "is_end_bone": false
    },
    "index_01_l": {
      "name": "index_01_l",
      "local": {
        "location": {
          "x": 0.0,
          "y": 0.0,
          "z": 0.0
        },
        "rotation_quaternion": {
          "w": 0.9977102875709534,
          "x": -0.06470473110675812,
          "y": -0.01374160498380661,
          "z": 0.014100020751357079
        },
        "scale": {
          "x": 1.0,
          "y": 1.0,
          "z": 1.0
        },
        "matrix_basis": [
          [
            0.9992247223854065,
            -0.026357177644968033,
            -0.029244957491755486,
            0.0
          ],
          [
            0.0299137644469738,
            0.9912289977073669,
            0.12872563302516937,
            0.0
          ],
          [
            0.02559560537338257,
            -0.12950067222118378,
            0.9912489056587219,
            0.0
          ],
          [
            0.0,
            0.0,
            0.0,
            1.0
          ]
        ],
        "rotation_mode": "QUATERNION"
      },
      "armature_space": {
        "head": {
          "x": 0.20846569538116455,
          "y": -0.460919588804245,
          "z": 0.7880047559738159
        },
        "tail": {
          "x": 0.20748205482959747,
          "y": -0.4844968318939209,
          "z": 0.8040115833282471
        }
      },
      "world_space": {
        "head": {
          "x": 0.20846569538116455,
          "y": -0.3976755738258362,
          "z": 1.737858772277832
        },
        "tail": {
          "x": 0.20748205482959747,
          "y": -0.4212528467178345,
          "z": 1.7538655996322632
        },
        "rotation_quaternion": {
          "w": 0.2729684114456177,
          "x": 0.9068750739097595,
          "y": -0.10982148349285126,
          "z": -0.30167046189308167
        },
        "matrix": [
          [
            0.7938687205314636,
            -0.034496426582336426,
            -0.6071102619171143,
            0.20846569538116455
          ],
          [
            -0.3638819456100464,
            -0.8268551826477051,
            -0.42883649468421936,
            -0.3976755738258362
          ],
          [
            -0.48720279335975647,
            0.5613592863082886,
            -0.6689719557762146,
            1.737858772277832
          ],
          [
            0.0,
            0.0,
            0.0,
            1.0
          ]
        ]
      },
      "bone_length_armature_space": 0.028514424820246048,
      "parent": "metacarpal_index_l",
      "has_children": true,
      "is_end_bone": false
    },
    "index_02_l": {
      "name": "index_02_l",
      "local": {
        "location": {
          "x": 0.0,
          "y": 0.0,
          "z": 0.0
        },
        "rotation_quaternion": {
          "w": 0.9871053695678711,
          "x": 0.1598971039056778,
          "y": 0.006457597948610783,
          "z": 0.0037636940833181143
        },
        "scale": {
          "x": 1.0,
          "y": 1.0,
          "z": 1.0
        },
        "matrix_basis": [
          [
            0.9998882412910461,
            -0.005365222692489624,
            0.013952266424894333,
            0.0
          ],
          [
            0.009495427832007408,
            0.9488375186920166,
            -0.3156219720840454,
            0.0
          ],
          [
            -0.011545051820576191,
            0.3157191872596741,
            0.9487824440002441,
            0.0
          ],
          [
            0.0,
            0.0,
            0.0,
            1.0
          ]
        ],
        "rotation_mode": "QUATERNION"
      },
      "armature_space": {
        "head": {
          "x": 0.20748165249824524,
          "y": -0.48449721932411194,
          "z": 0.8040116429328918
        },
        "tail": {
          "x": 0.2023201733827591,
          "y": -0.5079829096794128,
          "z": 0.8129488229751587
        }
      },
      "world_space": {
        "head": {
          "x": 0.20748165249824524,
          "y": -0.4212532043457031,
          "z": 1.7538657188415527
        },
        "tail": {
          "x": 0.2023201733827591,
          "y": -0.4447389245033264,
          "z": 1.7628028392791748
        },
        "rotation_quaternion": {
          "w": 0.13625900447368622,
          "x": 0.9282417297363281,
          "y": -0.15388762950897217,
          "z": -0.31003135442733765
        },
        "matrix": [
          [
            0.7603984475135803,
            -0.2012014538049698,
            -0.6175051331520081,
            0.20748165249824524
          ],
          [
            -0.37017929553985596,
            -0.9155042171478271,
            -0.15754219889640808,
            -0.4212532043457031
          ],
          [
            -0.5336350202560425,
            0.34838390350341797,
            -0.7706339359283447,
            1.7538657188415527
          ],
          [
            0.0,
            0.0,
            0.0,
            1.0
          ]
        ]
      },
      "bone_length_armature_space": 0.025653298205661174,
      "parent": "index_01_l",
      "has_children": true,
      "is_end_bone": false
    },
    "index_03_l": {
      "name": "index_03_l",
      "local": {
        "location": {
          "x": 0.0,
          "y": 0.0,
          "z": 0.0
        },
        "rotation_quaternion": {
          "w": 0.9727276563644409,
          "x": 0.23191198706626892,
          "y": 0.0025300499983131886,
          "z": -0.003365968819707632
        },
        "scale": {
          "x": 1.0,
          "y": 1.0,
          "z": 1.0
        },
        "matrix_basis": [
          [
            0.9999645352363586,
            0.007721839938312769,
            0.003360882168635726,
            0.0
          ],
          [
            -0.0053748441860079765,
            0.8924109935760498,
            -0.45119142532348633,
            0.0
          ],
          [
            -0.006483316421508789,
            0.4511573612689972,
            0.8924208879470825,
            0.0
          ],
          [
            0.0,
            0.0,
            0.0,
            1.0
          ]
        ],
        "rotation_mode": "QUATERNION"
      },
      "armature_space": {
        "head": {
          "x": 0.20232024788856506,
          "y": -0.5079828500747681,
          "z": 0.8129489421844482
        },
        "tail": {
          "x": 0.19051916897296906,
          "y": -0.5342155694961548,
          "z": 0.8078196048736572
        }
      },
      "world_space": {
        "head": {
          "x": 0.20232024788856506,
          "y": -0.44473886489868164,
          "z": 1.7628029584884644
        },
        "tail": {
          "x": 0.19051916897296906,
          "y": -0.47097158432006836,
          "z": 1.7576736211776733
        },
        "rotation_quaternion": {
          "w": 0.13786256313323975,
          "x": -0.9448118209838867,
          "y": 0.17913766205310822,
          "z": 0.23713764548301697
        },
        "matrix": [
          [
            0.8233511447906494,
            -0.40388792753219604,
            -0.39870765805244446,
            0.20232024788856506
          ],
          [
            -0.27311837673187256,
            -0.897807240486145,
            0.3454686999320984,
            -0.44473886489868164
          ],
          [
            -0.4974970519542694,
            -0.17554971575737,
            -0.8495252728462219,
            1.7628029584884644
          ],
          [
            0.0,
            0.0,
            0.0,
            1.0
          ]
        ]
      },
      "bone_length_armature_space": 0.029218678219494375,
      "parent": "index_02_l",
      "has_children": false,
      "is_end_bone": true
    },
    "metacarpal_pinky_l": {
      "name": "metacarpal_pinky_l",
      "local": {
        "location": {
          "x": 0.0,
          "y": 0.0,
          "z": 0.0
        },
        "rotation_quaternion": {
          "w": 0.999883770942688,
          "x": -0.006737020332366228,
          "y": -0.00880846194922924,
          "z": -0.0104716457426548
        },
        "scale": {
          "x": 1.0,
          "y": 1.0,
          "z": 1.0
        },
        "matrix_basis": [
          [
            0.9996255040168762,
            0.021059542894363403,
            -0.01747378148138523,
            0.0
          ],
          [
            -0.02082217112183571,
            0.9996899366378784,
            0.013656952418386936,
            0.0
          ],
          [
            0.01775597222149372,
            -0.01328799594193697,
            0.9997540712356567,
            0.0
          ],
          [
            0.0,
            0.0,
            0.0,
            1.0
          ]
        ],
        "rotation_mode": "QUATERNION"
      },
      "armature_space": {
        "head": {
          "x": 0.2594507038593292,
          "y": -0.3732571005821228,
          "z": 0.7293099761009216
        },
        "tail": {
          "x": 0.2704072892665863,
          "y": -0.46425652503967285,
          "z": 0.7787296175956726
        }
      },
      "world_space": {
        "head": {
          "x": 0.2594507038593292,
          "y": -0.3100131154060364,
          "z": 1.679163932800293
        },
        "tail": {
          "x": 0.2704072892665863,
          "y": -0.4010125398635864,
          "z": 1.728583574295044
        },
        "rotation_quaternion": {
          "w": 0.0760200023651123,
          "x": 0.08641567826271057,
          "y": -0.23931801319122314,
          "z": -0.9640955328941345
        },
        "matrix": [
          [
            -0.9735066890716553,
            0.10521937906742096,
            -0.2030121088027954,
            0.2594507038593292
          ],
          [
            -0.1879430115222931,
            -0.8738957643508911,
            0.4483126699924469,
            -0.3100131154060364
          ],
          [
            -0.1302410215139389,
            0.4745924174785614,
            0.8705249428749084,
            1.679163932800293
          ],
          [
            0.0,
            0.0,
            0.0,
            1.0
          ]
        ]
      },
      "bone_length_armature_space": 0.10413089568122642,
      "parent": "lowerarm_l",
      "has_children": true,
      "is_end_bone": false
    },
    "pinky_01_l": {
      "name": "pinky_01_l",
      "local": {
        "location": {
          "x": 0.0,
          "y": 0.0,
          "z": 0.0
        },
        "rotation_quaternion": {
          "w": 0.9986213445663452,
          "x": 0.04999992996454239,
          "y": -0.011633793823421001,
          "z": -0.01095800194889307
        },
        "scale": {
          "x": 1.0,
          "y": 1.0,
          "z": 1.0
        },
        "matrix_basis": [
          [
            0.9994891285896301,
            0.020722411572933197,
            -0.024331308901309967,
            0.0
          ],
          [
            -0.023049166426062584,
            0.9947598576545715,
            -0.09960702806711197,
            0.0
          ],
          [
            0.022139711305499077,
            0.10011696070432663,
            0.9947293400764465,
            0.0
          ],
          [
            0.0,
            0.0,
            0.0,
            1.0
          ]
        ],
        "rotation_mode": "QUATERNION"
      },
      "armature_space": {
        "head": {
          "x": 0.2704072892665863,
          "y": -0.46425652503967285,
          "z": 0.7787296175956726
        },
        "tail": {
