{
  "metadata": {
    "armature_name": "KIM_caucasian_male",
    "export_time": "2026-01-13T21:00:17.197820",
    "blender_version": "4.4.1",
    "bone_count": 56,
    "end_bone_count": 13,
    "spaces_included": [
      "LOCAL_CHANNELS",
      "ARMATURE_SPACE",
      "WORLD_SPACE"
    ],
    "note": "LOCAL matches Transform panel; replay pose via local.matrix_basis for best fidelity."
  },
  "bones": {
    "Root": {
      "name": "Root",
      "local": {
        "location": {
          "x": 0.0,
          "y": 0.0,
          "z": 0.0
        },
        "rotation_quaternion": {
          "w": 0.9998337030410767,
          "x": 0.0051991078071296215,
          "y": -0.002722016302868724,
          "z": 0.017272531986236572
        },
        "scale": {
          "x": 1.0,
          "y": 1.0,
          "z": 1.0
        },
        "matrix_basis": [
          [
            0.9993885159492493,
            -0.03456762433052063,
            -0.005263523664325476,
            0.0
          ],
          [
            0.0345110148191452,
            0.9993492364883423,
            -0.010490518994629383,
            0.0
          ],
          [
            0.00562273059040308,
            0.010302454233169556,
            0.9999310970306396,
            0.0
          ],
          [
            0.0,
            0.0,
            0.0,
            1.0
          ]
        ],
        "rotation_mode": "QUATERNION"
      },
      "armature_space": {
        "head": {
          "x": 0.0,
          "y": 0.07072800397872925,
          "z": -0.009595036506652832
        },
        "tail": {
          "x": -0.0024672942236065865,
          "y": -5.282461643218994e-05,
          "z": -0.0007349215447902679
        }
      },
      "world_space": {
        "head": {
          "x": 0.0,
          "y": 0.13397200405597687,
          "z": 0.9402589797973633
        },
        "tail": {
          "x": -0.0024672942236065865,
          "y": 0.06319117546081543,
          "z": 0.9491190910339355
        },
        "rotation_quaternion": {
          "w": 0.062169160693883896,
          "x": 0.9979125261306763,
          "y": -0.01741667278110981,
          "z": -0.0015522196190431714
        },
        "matrix": [
          [
            0.9993885159492493,
            -0.03456762433052063,
            -0.005263523664325476,
            0.0
          ],
          [
            -0.03495362401008606,
            -0.9916632771492004,
            -0.1240251287817955,
            0.13397200405597687
          ],
          [
            -0.0009324285201728344,
            0.12413319945335388,
            -0.992272138595581,
            0.9402589797973633
          ],
          [
            0.0,
            0.0,
            0.0,
            1.0
          ]
        ]
      },
      "bone_length_armature_space": 0.07137587199703743,
      "parent": null,
      "has_children": true,
      "is_end_bone": false
    },
    "spine_01": {
      "name": "spine_01",
      "local": {
        "location": {
          "x": 0.0,
          "y": 0.0,
          "z": 0.0
        },
        "rotation_quaternion": {
          "w": 0.9980506896972656,
          "x": 0.03455576300621033,
          "y": 0.046762239187955856,
          "z": 0.022670408710837364
        },
        "scale": {
          "x": 1.0,
          "y": 1.0,
          "z": 1.0
        },
        "matrix_basis": [
          [
            0.9945986866950989,
            -0.04202062264084816,
            0.09490896016359329,
            0.0
          ],
          [
            0.04848424345254898,
            0.996583878993988,
            -0.06685657054185867,
            0.0
          ],
          [
            -0.09177538007497787,
            0.07109704613685608,
            0.9932383894920349,
            0.0
          ],
          [
            0.0,
            0.0,
            0.0,
            1.0
          ]
        ],
        "rotation_mode": "QUATERNION"
      },
      "armature_space": {
        "head": {
          "x": -0.0024672942236065865,
          "y": -5.282461643218994e-05,
          "z": -0.0007349215447902679
        },
        "tail": {
          "x": -0.0231005996465683,
          "y": -0.016329217702150345,
          "z": 0.48656153678894043
        }
      },
      "world_space": {
        "head": {
          "x": -0.0024672942236065865,
          "y": 0.06319117546081543,
          "z": 0.9491190910339355
        },
        "tail": {
          "x": -0.0231005996465683,
          "y": 0.046914782375097275,
          "z": 1.4364155530929565
        },
        "rotation_quaternion": {
          "w": 0.6951911449432373,
          "x": 0.7178852558135986,
          "y": 0.005701940041035414,
          "z": 0.03629789501428604
        },
        "matrix": [
          [
            0.9972999095916748,
            -0.04228125885128975,
            0.060043010860681534,
            -0.0024672942236065865
          ],
          [
            0.05865432322025299,
            -0.033353179693222046,
            -0.9977210164070129,
            0.06319117546081543
          ],
          [
            0.04418788477778435,
            0.9985558390617371,
            -0.030784275382757187,
            0.9491190910339355
          ],
          [
            0.0,
            0.0,
            0.0,
            1.0
          ]
        ]
      },
      "bone_length_armature_space": 0.48800460646726873,
      "parent": "Root",
      "has_children": true,
      "is_end_bone": false
    },
    "neck_01": {
      "name": "neck_01",
      "local": {
        "location": {
          "x": 0.0,
          "y": 0.0,
          "z": 0.0
        },
        "rotation_quaternion": {
          "w": 0.9891154766082764,
          "x": 0.05529525876045227,
          "y": 0.07727250456809998,
          "z": -0.11234760284423828
        },
        "scale": {
          "x": 1.0,
          "y": 1.0,
          "z": 1.0
        },
        "matrix_basis": [
          [
            0.9628139734268188,
            0.23079511523246765,
            0.1404382735490799,
            0.0
          ],
          [
            -0.21370390057563782,
            0.968640923500061,
            -0.12674956023693085,
            0.0
          ],
          [
            -0.16528743505477905,
            0.09202402830123901,
            0.9819427728652954,
            0.0
          ],
          [
            0.0,
            0.0,
            0.0,
            1.0
          ]
        ],
        "rotation_mode": "QUATERNION"
      },
      "armature_space": {
        "head": {
          "x": -0.024114049971103668,
          "y": -0.053372688591480255,
          "z": 0.5586066842079163
        },
        "tail": {
          "x": -0.0014732405543327332,
          "y": -0.10131548345088959,
          "z": 0.646354079246521
        }
      },
      "world_space": {
        "head": {
          "x": -0.024114049971103668,
          "y": 0.009871311485767365,
          "z": 1.5084607601165771
        },
        "tail": {
          "x": -0.0014732405543327332,
          "y": -0.03807148337364197,
          "z": 1.596208095550537
        },
        "rotation_quaternion": {
          "w": 0.49361082911491394,
          "x": 0.8558521270751953,
          "y": 0.15009836852550507,
          "z": 0.03655138239264488
        },
        "matrix": [
          [
            0.9522688388824463,
            0.2208399772644043,
            0.21074628829956055,
            -0.024114049971103668
          ],
          [
            0.29300910234451294,
            -0.46763718128204346,
            -0.833943247795105,
            0.009871311485767365
          ],
          [
            -0.08561550825834274,
            0.855894148349762,
            -0.5100287199020386,
            1.5084607601165771
          ],
          [
            0.0,
            0.0,
            0.0,
            1.0
          ]
        ]
      },
      "bone_length_armature_space": 0.10252181884552056,
      "parent": "spine_01",
      "has_children": true,
      "is_end_bone": false
    },
    "head": {
      "name": "head",
      "local": {
        "location": {
          "x": 0.0,
          "y": 0.0,
          "z": 0.0
        },
        "rotation_quaternion": {
          "w": 0.9993109107017517,
          "x": -0.010119461454451084,
          "y": -0.012631855905056,
          "z": -0.03340250626206398
        },
        "scale": {
          "x": 1.0,
          "y": 1.0,
          "z": 1.0
        },
        "matrix_basis": [
          [
            0.9974493980407715,
            0.06701463460922241,
            -0.024570271372795105,
            0.0
          ],
          [
            -0.06650332361459732,
            0.9975637197494507,
            0.02106884866952896,
            0.0
          ],
          [
            0.02592233382165432,
            -0.01938110589981079,
            0.9994760751724243,
            0.0
          ],
          [
            0.0,
            0.0,
            0.0,
            1.0
          ]
        ],
        "rotation_mode": "QUATERNION"
      },
      "armature_space": {
        "head": {
          "x": -0.00147322379052639,
          "y": -0.10131557285785675,
          "z": 0.6463539600372314
        },
        "tail": {
          "x": 0.02758794091641903,
          "y": -0.11629651486873627,
          "z": 0.7979597449302673
        }
      },
      "world_space": {
        "head": {
          "x": -0.00147322379052639,
          "y": -0.03807157278060913,
          "z": 1.5962079763412476
        },
        "tail": {
          "x": 0.02758794091641903,
          "y": -0.05305251479148865,
          "z": 1.7478137016296387
        },
        "rotation_quaternion": {
          "w": 0.6537716388702393,
          "x": 0.7397347688674927,
          "y": 0.15583644807338715,
          "z": 0.033018555492162704
        },
        "matrix": [
          [
            0.9492494463920593,
            0.18738232553005219,
            0.25261390209198,
            -0.00147322379052639
          ],
          [
            0.27372950315475464,
            -0.09659499675035477,
            -0.9569440484046936,
            -0.03807157278060913
          ],
          [
            -0.15491396188735962,
            0.9775329828262329,
            -0.14298665523529053,
            1.5962079763412476
          ],
          [
            0.0,
            0.0,
            0.0,
            1.0
          ]
        ]
      },
      "bone_length_armature_space": 0.15509124620101392,
      "parent": "neck_01",
      "has_children": false,
      "is_end_bone": true
    },
    "upperarm_l": {
      "name": "upperarm_l",
      "local": {
        "location": {
          "x": 0.0,
          "y": 0.0,
          "z": 0.0
        },
        "rotation_quaternion": {
          "w": 0.9252811670303345,
          "x": 0.2838558852672577,
          "y": -0.24818934500217438,
          "z": -0.04102015122771263
        },
        "scale": {
          "x": 1.0,
          "y": 1.0,
          "z": 1.0
        },
        "matrix_basis": [
          [
            0.8734387755393982,
            -0.06498966366052628,
            -0.48257747292518616,
            0.0
          ],
          [
            -0.21681036055088043,
            0.8354863524436951,
            -0.5049315094947815,
            0.0
          ],
          [
            0.4360022246837616,
            0.5456545352935791,
            0.7156557440757751,
            0.0
          ],
          [
            0.0,
            0.0,
            0.0,
            1.0
          ]
        ],
        "rotation_mode": "QUATERNION"
      },
      "armature_space": {
        "head": {
          "x": 0.12851405143737793,
          "y": -0.04551481083035469,
          "z": 0.4980259835720062
        },
        "tail": {
          "x": 0.36548978090286255,
          "y": -0.1697404384613037,
          "z": 0.5127947330474854
        }
      },
      "world_space": {
        "head": {
          "x": 0.12851405143737793,
          "y": 0.01772918924689293,
          "z": 1.4478800296783447
        },
        "tail": {
          "x": 0.36548978090286255,
          "y": -0.10649643838405609,
          "z": 1.4626487493515015
        },
        "rotation_quaternion": {
          "w": 0.4503439664840698,
          "x": 0.46786999702453613,
          "y": 0.2557319402694702,
          "z": -0.7161628007888794
        },
        "matrix": [
          [
            -0.15657515823841095,
            0.8843386173248291,
            -0.43980610370635986,
            0.12851405143737793
          ],
          [
            -0.40574130415916443,
            -0.4635813236236572,
            -0.7876968383789062,
            0.01772918924689293
          ],
          [
            -0.9004833102226257,
            0.05511362850666046,
            0.4314003586769104,
            1.4478800296783447
          ],
          [
            0.0,
            0.0,
            0.0,
            1.0
          ]
        ]
      },
      "bone_length_armature_space": 0.2679694374411648,
      "parent": "spine_01",
      "has_children": true,
      "is_end_bone": false
    },
    "lowerarm_l": {
      "name": "lowerarm_l",
      "local": {
        "location": {
          "x": 0.0,
          "y": 0.0,
          "z": 0.0
        },
        "rotation_quaternion": {
          "w": 0.9920421838760376,
          "x": 0.05616897717118263,
          "y": 0.06770845502614975,
          "z": 0.09007293730974197
        },
        "scale": {
          "x": 1.0,
          "y": 1.0,
          "z": 1.0
        },
        "matrix_basis": [
          [
            0.9746048450469971,
            -0.17110607028007507,
            0.1444578915834427,
            0.0
          ],
          [
            0.1863185316324234,
            0.9774638414382935,
            -0.09924659132957458,
            0.0
          ],
          [
            -0.12422067672014236,
            0.12364138662815094,
            0.984521210193634,
            0.0
          ],
          [
            0.0,
            0.0,
            0.0,
            1.0
          ]
        ],
        "rotation_mode": "QUATERNION"
      },
      "armature_space": {
        "head": {
          "x": 0.3654898405075073,
          "y": -0.1697404682636261,
          "z": 0.5127949118614197
        },
        "tail": {
          "x": 0.5747891664505005,
          "y": -0.30328401923179626,
          "z": 0.6124410629272461
        }
      },
      "world_space": {
        "head": {
          "x": 0.3654898405075073,
          "y": -0.10649646818637848,
          "z": 1.462648868560791
        },
        "tail": {
          "x": 0.5747891664505005,
          "y": -0.24004001915454865,
          "z": 1.5622950792312622
        },
        "rotation_quaternion": {
          "w": 0.4876466691493988,
          "x": 0.5380873680114746,
          "y": 0.11228517442941666,
          "z": -0.6782733201980591
        },
        "matrix": [
          [
            0.05467592924833298,
            0.782355785369873,
            -0.620427131652832,
            0.3654898405075073
          ],
          [
            -0.5406771898269653,
            -0.4991825222969055,
            -0.6771150231361389,
            -0.10649646818637848
          ],
          [
            -0.8394577503204346,
            0.3724748194217682,
            0.39571094512939453,
            1.462648868560791
          ],
          [
            0.0,
            0.0,
            0.0,
            1.0
          ]
        ]
      },
      "bone_length_armature_space": 0.2675246547262108,
      "parent": "upperarm_l",
      "has_children": true,
      "is_end_bone": false
    },
    "metacarpal_thumb_l": {
      "name": "metacarpal_thumb_l",
      "local": {
        "location": {
          "x": 0.0,
          "y": 0.0,
          "z": 0.0
        },
        "rotation_quaternion": {
          "w": 0.9998645782470703,
          "x": -0.004612179938703775,
          "y": -0.005455213598906994,
          "z": -0.01482805609703064
        },
        "scale": {
          "x": 1.0,
          "y": 1.0,
          "z": 1.0
        },
        "matrix_basis": [
          [
            0.9995007514953613,
            0.02970241755247116,
            -0.01077217049896717,
            0.0
          ],
          [
            -0.029601775109767914,
            0.9995177388191223,
            0.009384891018271446,
            0.0
          ],
          [
            0.01104572881013155,
            -0.009061329998075962,
            0.9998979568481445,
            0.0
          ],
          [
            0.0,
            0.0,
            0.0,
            1.0
          ]
        ],
        "rotation_mode": "QUATERNION"
      },
      "armature_space": {
        "head": {
          "x": 0.5747891664505005,
          "y": -0.30328401923179626,
          "z": 0.6124410629272461
        },
        "tail": {
          "x": 0.5891904234886169,
          "y": -0.3468565344810486,
          "z": 0.6310858130455017
        }
      },
      "world_space": {
        "head": {
          "x": 0.5747891664505005,
          "y": -0.24004001915454865,
          "z": 1.5622950792312622
        },
        "tail": {
          "x": 0.5891904234886169,
          "y": -0.28361254930496216,
          "z": 1.580939769744873
        },
        "rotation_quaternion": {
          "w": 0.20367607474327087,
          "x": 0.9673006534576416,
          "y": 0.13670651614665985,
          "z": -0.06447504460811615
        },
        "matrix": [
          [
            0.9543086290359497,
            0.29073652625083923,
            -0.06904538720846176,
            0.5747891664505005
          ],
          [
            0.23820871114730835,
            -0.8796543478965759,
            -0.4116605520248413,
            -0.24004001915454865
          ],
          [
            -0.18042200803756714,
            0.37640580534935,
            -0.9087246060371399,
            1.5622950792312622
          ],
          [
            0.0,
            0.0,
            0.0,
            1.0
          ]
        ]
      },
      "bone_length_armature_space": 0.049533695342641765,
      "parent": "lowerarm_l",
      "has_children": true,
      "is_end_bone": false
    },
    "thumb_01_l": {
      "name": "thumb_01_l",
      "local": {
        "location": {
          "x": 0.0,
          "y": 0.0,
          "z": 0.0
        },
        "rotation_quaternion": {
          "w": 0.9994122982025146,
          "x": 0.023344742134213448,
          "y": 0.021435437723994255,
          "z": -0.013066653162240982
        },
        "scale": {
          "x": 1.0,
          "y": 1.0,
          "z": 1.0
        },
        "matrix_basis": [
          [
            0.9987395405769348,
            0.027118757367134094,
            0.0422356054186821,
            0.0
          ],
          [
            -0.025117138400673866,
            0.998568594455719,
            -0.04722222313284874,
            0.0
          ],
          [
            -0.043455757200717926,
            0.04610186442732811,
            0.9979910850524902,
            0.0
          ],
          [
            0.0,
            0.0,
            0.0,
            1.0
          ]
        ],
        "rotation_mode": "QUATERNION"
      },
      "armature_space": {
        "head": {
          "x": 0.5891904234886169,
          "y": -0.3468565344810486,
          "z": 0.6310858130455017
        },
        "tail": {
          "x": 0.5918017625808716,
          "y": -0.37810227274894714,
          "z": 0.6178377270698547
        }
      },
      "world_space": {
        "head": {
          "x": 0.5891904234886169,
          "y": -0.28361254930496216,
          "z": 1.580939769744873
        },
        "tail": {
          "x": 0.5918017625808716,
          "y": -0.31485825777053833,
          "z": 1.5676918029785156
        },
        "rotation_quaternion": {
          "w": 0.17877686023712158,
          "x": -0.7590187788009644,
          "y": 0.09520293027162552,
          "z": -0.6187614798545837
        },
        "matrix": [
          [
            0.2161417156457901,
            0.0767163410782814,
            0.9733434319496155,
            0.5891904234886169
          ],
          [
            -0.36576154828071594,
            -0.9179508090019226,
            0.15357208251953125,
            -0.28361254930496216
          ],
          [
            0.9052688479423523,
            -0.38920873403549194,
            -0.17034876346588135,
            1.580939769744873
          ],
          [
            0.0,
            0.0,
            0.0,
            1.0
          ]
        ]
      },
      "bone_length_armature_space": 0.034038610700387245,
      "parent": "metacarpal_thumb_l",
      "has_children": true,
      "is_end_bone": false
    },
    "thumb_02_l": {
      "name": "thumb_02_l",
      "local": {
        "location": {
          "x": 0.0,
          "y": 0.0,
          "z": 0.0
        },
        "rotation_quaternion": {
          "w": 0.990011990070343,
          "x": 0.1403721570968628,
          "y": -0.010765398852527142,
          "z": 0.00749845989048481
        },
        "scale": {
          "x": 1.0,
          "y": 1.0,
          "z": 1.0
        },
        "matrix_basis": [
          [
            0.9996557831764221,
            -0.017869455739855766,
            -0.01921059750020504,
            0.0
          ],
          [
            0.011824806220829487,
            0.9604788422584534,
            -0.27810168266296387,
            0.0
          ],
          [
            0.023420898243784904,
            0.2777787744998932,
            0.960359513759613,
            0.0
          ],
          [
            0.0,
            0.0,
            0.0,
            1.0
          ]
        ],
        "rotation_mode": "QUATERNION"
      },
      "armature_space": {
        "head": {
          "x": 0.591801643371582,
          "y": -0.37810224294662476,
          "z": 0.61783766746521
        },
        "tail": {
          "x": 0.6259527206420898,
          "y": -0.39208683371543884,
          "z": 0.633690595626831
        }
      },
      "world_space": {
        "head": {
          "x": 0.591801643371582,
          "y": -0.31485825777053833,
          "z": 1.567691683769226
        },
        "tail": {
          "x": 0.6259527206420898,
          "y": -0.32884281873703003,
          "z": 1.5835446119308472
        },
        "rotation_quaternion": {
          "w": 0.3732450604438782,
          "x": -0.3374795615673065,
          "y": -0.4319673776626587,
          "z": -0.7484650611877441
        },
        "matrix": [
          [
            -0.4935910105705261,
            0.8502824902534485,
            0.18272282183170319,
            0.591801643371582
          ],
          [
            -0.26716291904449463,
            -0.34818366169929504,
            0.8985497355461121,
            -0.31485825777053833
          ],
          [
            0.8276479840278625,
            0.39470165967941284,
            0.39902806282043457,
            1.567691683769226
          ],
          [
            0.0,
            0.0,
            0.0,
            1.0
          ]
        ]
      },
      "bone_length_armature_space": 0.040164414376107994,
      "parent": "thumb_01_l",
      "has_children": true,
      "is_end_bone": false
    },
    "thumb_03_l": {
      "name": "thumb_03_l",
      "local": {
        "location": {
          "x": 0.0,
          "y": 0.0,
          "z": 0.0
        },
        "rotation_quaternion": {
          "w": 0.9979335069656372,
          "x": 0.06398255378007889,
          "y": -0.004904169123619795,
          "z": -0.003319062292575836
        },
        "scale": {
          "x": 1.0,
          "y": 1.0,
          "z": 1.0
        },
        "matrix_basis": [
          [
            0.9999298453330994,
            0.00599684426560998,
            -0.010212793946266174,
            0.0
          ],
          [
            -0.007251969538629055,
            0.9917904138565063,
            -0.1276681125164032,
            0.0
          ],
          [
            0.009363344870507717,
            0.12773321568965912,
            0.9917643666267395,
            0.0
          ],
          [
            0.0,
            0.0,
            0.0,
            1.0
          ]
        ],
        "rotation_mode": "QUATERNION"
      },
      "armature_space": {
        "head": {
          "x": 0.6259526610374451,
          "y": -0.3920868933200836,
          "z": 0.6336906552314758
        },
        "tail": {
          "x": 0.6534259915351868,
          "y": -0.3905255198478699,
          "z": 0.6467164754867554
        }
      },
      "world_space": {
        "head": {
          "x": 0.6259526610374451,
          "y": -0.3288428783416748,
          "z": 1.5835447311401367
        },
        "tail": {
          "x": 0.6534259915351868,
          "y": -0.32728153467178345,
          "z": 1.5965704917907715
        },
        "rotation_quaternion": {
          "w": 0.5683799982070923,
          "x": -0.15503352880477905,
          "y": -0.4500950872898102,
          "z": -0.6710613965988159
        },
        "matrix": [
          [
            -0.30581557750701904,
            0.9023950099945068,
            -0.3035787045955658,
            0.6259526610374451
          ],
          [
            -0.6232776641845703,
            0.051285553723573685,
            0.7803168296813965,
            -0.3288428783416748
          ],
          [
            0.7197277545928955,
            0.4278498589992523,
            0.5467635989189148,
            1.5835447311401367
          ],
          [
            0.0,
            0.0,
            0.0,
            1.0
          ]
        ]
      },
      "bone_length_armature_space": 0.030444929752691464,
      "parent": "thumb_02_l",
      "has_children": false,
      "is_end_bone": true
    },
    "metacarpal_index_l": {
      "name": "metacarpal_index_l",
      "local": {
        "location": {
          "x": 0.0,
          "y": 0.0,
          "z": 0.0
        },
        "rotation_quaternion": {
          "w": 0.9997116327285767,
          "x": 0.020860573276877403,
          "y": 0.0039811101742088795,
          "z": -0.011211113072931767
        },
        "scale": {
          "x": 1.0,
          "y": 1.0,
          "z": 1.0
        },
        "matrix_basis": [
          [
            0.9997169375419617,
            0.022581856697797775,
            0.007492183707654476,
            0.0
          ],
          [
            -0.02224966324865818,
            0.9988783001899719,
            -0.04179837927222252,
            0.0
          ],
          [
            -0.008427664637565613,
            0.04161984845995903,
            0.999098002910614,
            0.0
          ],
          [
            0.0,
            0.0,
            0.0,
            1.0
          ]
        ],
        "rotation_mode": "QUATERNION"
      },
      "armature_space": {
        "head": {
          "x": 0.5747891664505005,
          "y": -0.30328401923179626,
          "z": 0.6124410629272461
        },
        "tail": {
          "x": 0.6395928859710693,
          "y": -0.389350950717926,
          "z": 0.6585082411766052
        }
      },
      "world_space": {
        "head": {
          "x": 0.5747891664505005,
          "y": -0.24004001915454865,
          "z": 1.5622950792312622
        },
        "tail": {
          "x": 0.6395928859710693,
          "y": -0.3261069655418396,
          "z": 1.6083621978759766
        },
        "rotation_quaternion": {
          "w": 0.30686143040657043,
          "x": 0.8636215925216675,
          "y": 0.19638606905937195,
          "z": -0.3484629690647125
        },
        "matrix": [
          [
            0.6800122857093811,
            0.5530663132667542,
            -0.48135295510292053,
            0.5747891664505005
          ],
          [
            0.12534750998020172,
            -0.7345367670059204,
            -0.6668909788131714,
            -0.24004001915454865
          ],
          [
            -0.7224115133285522,
            0.3931596875190735,
            -0.568824291229248,
            1.5622950792312622
          ],
          [
            0.0,
            0.0,
            0.0,
            1.0
          ]
        ]
      },
      "bone_length_armature_space": 0.11717177027197732,
      "parent": "lowerarm_l",
      "has_children": true,
      "is_end_bone": false
    },
    "index_01_l": {
      "name": "index_01_l",
      "local": {
        "location": {
          "x": 0.0,
          "y": 0.0,
          "z": 0.0
        },
        "rotation_quaternion": {
          "w": 0.9981770515441895,
          "x": -0.05785876139998436,
          "y": -0.017061779275536537,
          "z": -0.0019823554903268814
        },
        "scale": {
          "x": 1.0,
          "y": 1.0,
          "z": 1.0
        },
        "matrix_basis": [
          [
            0.9994099140167236,
            0.005931830499321222,
            -0.03383196145296097,
            0.0
          ],
          [
            -0.00198313663713634,
            0.9932968616485596,
            0.11557421833276749,
            0.0
          ],
          [
            0.03429074585437775,
            -0.11543893069028854,
            0.9927225112915039,
            0.0
          ],
          [
            0.0,
            0.0,
            0.0,
            1.0
          ]
        ],
        "rotation_mode": "QUATERNION"
      },
      "armature_space": {
        "head": {
          "x": 0.6395928859710693,
          "y": -0.389350950717926,
          "z": 0.6585082411766052
        },
        "tail": {
          "x": 0.6638935208320618,
          "y": -0.4024428129196167,
          "z": 0.6656602621078491
        }
      },
      "world_space": {
        "head": {
          "x": 0.6395928859710693,
          "y": -0.3261069655418396,
          "z": 1.6083621978759766
        },
        "tail": {
          "x": 0.6638935208320618,
          "y": -0.3391988277435303,
          "z": 1.6155142784118652
        },
        "rotation_quaternion": {
          "w": 0.34384873509407043,
          "x": 0.7741690874099731,
          "y": 0.39012959599494934,
          "z": -0.36087286472320557
        },
        "matrix": [
          [
            0.43513891100883484,
            0.8522243499755859,
            -0.29046085476875305,
            0.6395928859710693
          ],
          [
            0.3558819591999054,
            -0.45913243293762207,
            -0.8139687776565552,
            -0.3261069655418396
          ],
          [
            -0.827049732208252,
            0.25082096457481384,
            -0.5030821561813354,
            1.6083621978759766
          ],
          [
            0.0,
            0.0,
            0.0,
            1.0
          ]
        ]
      },
      "bone_length_armature_space": 0.028514366719718298,
      "parent": "metacarpal_index_l",
      "has_children": true,
      "is_end_bone": false
    },
    "index_02_l": {
      "name": "index_02_l",
      "local": {
        "location": {
          "x": 0.0,
          "y": 0.0,
          "z": 0.0
        },
        "rotation_quaternion": {
          "w": 0.9823357462882996,
          "x": 0.18688805401325226,
          "y": 0.008617118932306767,
          "z": 0.003889697603881359
        },
        "scale": {
          "x": 1.0,
          "y": 1.0,
          "z": 1.0
        },
        "matrix_basis": [
          [
            0.9998212456703186,
            -0.0044211046770215034,
            0.018383683636784554,
            0.0
          ],
          [
            0.01086285151541233,
            0.9301154613494873,
            -0.3671065866947174,
            0.0
          ],
          [
            -0.015475931577384472,
            0.36724066734313965,
            0.9299972057342529,
            0.0
          ],
          [
            0.0,
            0.0,
            0.0,
            1.0
          ]
        ],
        "rotation_mode": "QUATERNION"
      },
      "armature_space": {
        "head": {
          "x": 0.6638936400413513,
          "y": -0.4024433493614197,
          "z": 0.6656603813171387
        },
        "tail": {
          "x": 0.6820228099822998,
          "y": -0.4205095171928406,
          "z": 0.6674032807350159
        }
      },
      "world_space": {
        "head": {
          "x": 0.6638936400413513,
          "y": -0.33919936418533325,
          "z": 1.6155143976211548
        },
        "tail": {
          "x": 0.6820228099822998,
          "y": -0.35726553201675415,
          "z": 1.6172573566436768
        },
        "rotation_quaternion": {
          "w": 0.2162119299173355,
          "x": 0.8095430731773376,
          "y": 0.3180091083049774,
          "z": -0.44357943534851074
        },
        "matrix": [
          [
            0.4042145907878876,
            0.7066992521286011,
            -0.5806775689125061,
            0.6638936400413513
          ],
          [
            0.3230699598789215,
            -0.7042440176010132,
            -0.6321914196014404,
            -0.33919936418533325
          ],
          [
            -0.8557137846946716,
            0.06794114410877228,
            -0.5129833221435547,
            1.6155143976211548
          ],
          [
            0.0,
            0.0,
            0.0,
            1.0
          ]
        ]
      },
      "bone_length_armature_space": 0.02565328265494207,
      "parent": "index_01_l",
      "has_children": true,
      "is_end_bone": false
    },
    "index_03_l": {
      "name": "index_03_l",
      "local": {
        "location": {
          "x": 0.0,
          "y": 0.0,
          "z": 0.0
        },
        "rotation_quaternion": {
          "w": 0.9684556722640991,
          "x": 0.24895352125167847,
          "y": 0.010079789906740189,
          "z": -0.0037646109703928232
        },
        "scale": {
          "x": 1.0,
          "y": 1.0,
          "z": 1.0
        },
        "matrix_basis": [
          [
            0.9997684359550476,
            0.012310516089200974,
            0.01764923334121704,
            0.0
          ],
          [
            -0.002272919286042452,
            0.8760159611701965,
            -0.4822767972946167,
            0.0
          ],
          [
            -0.021398086100816727,
            0.48212501406669617,
            0.8758410811424255,
            0.0
          ],
          [
            0.0,
            0.0,
            0.0,
            1.0
          ]
        ],
        "rotation_mode": "QUATERNION"
      },
      "armature_space": {
        "head": {
          "x": 0.6820228099822998,
          "y": -0.4205094277858734,
          "z": 0.6674033999443054
        },
        "tail": {
          "x": 0.6910531520843506,
          "y": -0.4465162456035614,
          "z": 0.6576140522956848
        }
      },
      "world_space": {
        "head": {
          "x": 0.6820228099822998,
          "y": -0.3572654128074646,
          "z": 1.6172573566436768
        },
        "tail": {
          "x": 0.6910531520843506,
          "y": -0.3832722306251526,
          "z": 1.6074681282043457
        },
        "rotation_quaternion": {
          "w": 0.0658220425248146,
          "x": -0.8332465291023254,
          "y": -0.22501017153263092,
          "z": 0.5007377862930298
        },
        "matrix": [
          [
            0.3972640633583069,
            0.30906054377555847,
            -0.8640963435173035,
            0.6820228099822998
          ],
          [
            0.440897136926651,
            -0.8900753259658813,
            -0.11565244197845459,
            -0.3572654128074646
          ],
          [
            -0.8048598170280457,
            -0.3350364863872528,
            -0.489862322807312,
            1.6172573566436768
          ],
          [
            0.0,
            0.0,
            0.0,
            1.0
          ]
        ]
      },
      "bone_length_armature_space": 0.02921870925326426,
      "parent": "index_02_l",
      "has_children": false,
      "is_end_bone": true
    },
    "metacarpal_pinky_l": {
      "name": "metacarpal_pinky_l",
      "local": {
        "location": {
          "x": 0.0,
          "y": 0.0,
          "z": 0.0
        },
        "rotation_quaternion": {
          "w": 0.9989053010940552,
          "x": -0.04105227068066597,
          "y": -0.014976024627685547,
          "z": -0.016698146238923073
        },
        "scale": {
          "x": 1.0,
          "y": 1.0,
          "z": 1.0
        },
        "matrix_basis": [
          [
            0.9989937543869019,
            0.03458933159708977,
            -0.028548266738653183,
            0.0
          ],
          [
            -0.03213013336062431,
            0.9960717558860779,
            0.08251480758190155,
            0.0
          ],
          [
            0.03129025548696518,
            -0.08151451498270035,
            0.9961808323860168,
            0.0
          ],
          [
            0.0,
            0.0,
            0.0,
            1.0
          ]
        ],
        "rotation_mode": "QUATERNION"
      },
      "armature_space": {
        "head": {
          "x": 0.5747891664505005,
          "y": -0.30328401923179626,
          "z": 0.6124410629272461
        },
        "tail": {
          "x": 0.6717090606689453,
          "y": -0.33746424317359924,
          "z": 0.6292180418968201
        }
      },
      "world_space": {
        "head": {
          "x": 0.5747891664505005,
          "y": -0.24004001915454865,
          "z": 1.5622950792312622
        },
        "tail": {
          "x": 0.6717090606689453,
          "y": -0.27422022819519043,
          "z": 1.5790719985961914
        },
        "rotation_quaternion": {
          "w": 0.5612823367118835,
          "x": -0.06540340185165405,
          "y": -0.1443614810705185,
          "z": -0.812308132648468
        },
        "matrix": [
          [
            -0.3613690137863159,
            0.9307515621185303,
            -0.05580088496208191,
            0.5747891664505005
          ],
          [
            -0.8929848670959473,
            -0.328243225812912,
            0.3079516291618347,
            -0.24004001915454865
          ],
          [
            0.26831138134002686,
            0.16111427545547485,
            0.9497711062431335,
            1.5622950792312622
          ],
          [
            0.0,
            0.0,
            0.0,
            1.0
          ]
        ]
      },
      "bone_length_armature_space": 0.10413078521165815,
      "parent": "lowerarm_l",
      "has_children": true,
      "is_end_bone": false
    },
    "pinky_01_l": {
      "name": "pinky_01_l",
      "local": {
        "location": {
          "x": 0.0,
          "y": 0.0,
          "z": 0.0
        },
        "rotation_quaternion": {
          "w": 0.9982259273529053,
          "x": 0.05828532576560974,
          "y": 0.012116440571844578,
          "z": 0.0010775140253826976
        },
        "scale": {
          "x": 1.0,
          "y": 1.0,
          "z": 1.0
        },
        "matrix_basis": [
          [
            0.9997040629386902,
            -0.0007387835066765547,
            0.024315496906638145,
            0.0
          ],
          [
            0.003563626203685999,
            0.993203341960907,
            -0.11633773893117905,
            0.0
          ],
          [
            -0.024064283818006516,
            0.11638996005058289,
            0.9929120540618896,
            0.0
          ],
          [
            0.0,
            0.0,
            0.0,
            1.0
          ]
        ],
        "rotation_mode": "QUATERNION"
      },
      "armature_space": {
        "head": {
          "x": 0.6717090606689453,
          "y": -0.33746424317359924,
          "z": 0.6292180418968201
        },
        "tail": {
