{
  "metadata": {
    "armature_name": "KIM_caucasian_male",
    "export_time": "2026-01-13T21:04:25.727659",
    "blender_version": "4.4.1",
    "bone_count": 56,
    "end_bone_count": 13,
    "spaces_included": [
      "LOCAL_CHANNELS",
      "ARMATURE_SPACE",
      "WORLD_SPACE"
    ],
    "note": "LOCAL matches Transform panel; replay pose via local.matrix_basis for best fidelity."
  },
  "bones": {
    "Root": {
      "name": "Root",
      "local": {
        "location": {
          "x": 0.0,
          "y": 0.0,
          "z": 0.0
        },
        "rotation_quaternion": {
          "w": 0.9995969533920288,
          "x": 0.018140101805329323,
          "y": 0.018186137080192566,
          "z": 0.012085800990462303
        },
        "scale": {
          "x": 1.0,
          "y": 1.0,
          "z": 1.0
        },
        "matrix_basis": [
          [
            0.9990463852882385,
            -0.023502063006162643,
            0.03679608926177025,
            0.0
          ],
          [
            0.024821655824780464,
            0.999049723148346,
            -0.03582599386572838,
            0.0
          ],
          [
            -0.03591913729906082,
            0.03670516982674599,
            0.9986804127693176,
            0.0
          ],
          [
            0.0,
            0.0,
            0.0,
            1.0
          ]
        ],
        "rotation_mode": "QUATERNION"
      },
      "armature_space": {
        "head": {
          "x": 0.0,
          "y": 0.07072800397872925,
          "z": -0.009595036506652832
        },
        "tail": {
          "x": -0.0016774801770225167,
          "y": -0.0002849772572517395,
          "z": -0.0026052198372781277
        }
      },
      "world_space": {
        "head": {
          "x": 0.0,
          "y": 0.13397200405597687,
          "z": 0.9402589797973633
        },
        "tail": {
          "x": -0.0016774801770225167,
          "y": 0.06295902281999588,
          "z": 0.9472488164901733
        },
        "rotation_quaternion": {
          "w": 0.04924162104725838,
          "x": 0.9985482692718506,
          "y": -0.010833184234797955,
          "z": 0.01895901747047901
        },
        "matrix": [
          [
            0.9990463852882385,
            -0.023502063006162643,
            0.03679608926177025,
            0.0
          ],
          [
            -0.019767755642533302,
            -0.994915783405304,
            -0.0987514853477478,
            0.13397200405597687
          ],
          [
            0.038930125534534454,
            0.0979296863079071,
            -0.994438648223877,
            0.9402589797973633
          ],
          [
            0.0,
            0.0,
            0.0,
            1.0
          ]
        ]
      },
      "bone_length_armature_space": 0.0713758712675392,
      "parent": null,
      "has_children": true,
      "is_end_bone": false
    },
    "spine_01": {
      "name": "spine_01",
      "local": {
        "location": {
          "x": 0.0,
          "y": 0.0,
          "z": 0.0
        },
        "rotation_quaternion": {
          "w": 0.9975884556770325,
          "x": 0.06772605329751968,
          "y": -0.00989067368209362,
          "z": 0.011521540582180023
        },
        "scale": {
          "x": 1.0,
          "y": 1.0,
          "z": 1.0
        },
        "matrix_basis": [
          [
            0.9995388388633728,
            -0.024327224120497704,
            -0.01817302592098713,
            0.0
          ],
          [
            0.021647799760103226,
            0.9905608892440796,
            -0.13535337150096893,
            0.0
          ],
          [
            0.021294260397553444,
            0.13489754498004913,
            0.9906306862831116,
            0.0
          ],
          [
            0.0,
            0.0,
            0.0,
            1.0
          ]
        ],
        "rotation_mode": "QUATERNION"
      },
      "armature_space": {
        "head": {
          "x": -0.0016774801770225167,
          "y": -0.0002849772572517395,
          "z": -0.0026052198372781277
        },
        "tail": {
          "x": -0.033583417534828186,
          "y": -0.06062035635113716,
          "z": 0.480602890253067
        }
      },
      "world_space": {
        "head": {
          "x": -0.0016774801770225167,
          "y": 0.06295902281999588,
          "z": 0.9472488164901733
        },
        "tail": {
          "x": -0.033583417534828186,
          "y": 0.0026236437261104584,
          "z": 1.4304568767547607
        },
        "rotation_quaternion": {
          "w": 0.6610038876533508,
          "x": 0.749488353729248,
          "y": -0.035421859472990036,
          "z": 0.009292122907936573
        },
        "matrix": [
          [
            0.9973178505897522,
            -0.06538085639476776,
            -0.03289971500635147,
            -0.0016774801770225167
          ],
          [
            -0.04081267490983009,
            -0.12363775819540024,
            -0.9914878606796265,
            0.06295902281999588
          ],
          [
            0.06075705960392952,
            0.990178108215332,
            -0.1259762942790985,
            0.9472488164901733
          ],
          [
            0.0,
            0.0,
            0.0,
            1.0
          ]
        ]
      },
      "bone_length_armature_space": 0.4880045504965953,
      "parent": "Root",
      "has_children": true,
      "is_end_bone": false
    },
    "neck_01": {
      "name": "neck_01",
      "local": {
        "location": {
          "x": 0.0,
          "y": 0.0,
          "z": 0.0
        },
        "rotation_quaternion": {
          "w": 0.9912278652191162,
          "x": -0.10408591479063034,
          "y": 0.043599892407655716,
          "z": 0.06879331916570663
        },
        "scale": {
          "x": 1.0,
          "y": 1.0,
          "z": 1.0
        },
        "matrix_basis": [
          [
            0.986733078956604,
            -0.1454559862613678,
            0.07211402803659439,
            0.0
          ],
          [
            0.12730343639850616,
            0.9688671827316284,
            0.2123444825410843,
            0.0
          ],
          [
            -0.10075568407773972,
            -0.2003469616174698,
            0.9745303392410278,
            0.0
          ],
          [
            0.0,
            0.0,
            0.0,
            1.0
          ]
        ],
        "rotation_mode": "QUATERNION"
      },
      "armature_space": {
        "head": {
          "x": -0.039511483162641525,
          "y": -0.1040581613779068,
          "z": 0.5487332940101624
        },
        "tail": {
          "x": -0.06148187443614006,
          "y": -0.13432933390140533,
          "z": 0.6441885232925415
        }
      },
      "world_space": {
        "head": {
          "x": -0.039511483162641525,
          "y": -0.04081416130065918,
          "z": 1.4985873699188232
        },
        "tail": {
          "x": -0.06148187443614006,
          "y": -0.07108533382415771,
          "z": 1.5940425395965576
        },
        "rotation_quaternion": {
          "w": 0.5892064571380615,
          "x": 0.8003735542297363,
          "y": -0.07212551683187485,
          "z": 0.0838804543018341
        },
        "matrix": [
          [
            0.9755240082740784,
            -0.21430066227912903,
            0.04927658662199974,
            -0.039511483162641525
          ],
          [
            -0.01660998910665512,
            -0.2952670454978943,
            -0.9552705883979797,
            -0.04081416130065918
          ],
          [
            0.21926634013652802,
            0.9310768842697144,
            -0.29160255193710327,
            1.4985873699188232
          ],
          [
            0.0,
            0.0,
            0.0,
            1.0
          ]
        ]
      },
      "bone_length_armature_space": 0.10252191252567344,
      "parent": "spine_01",
      "has_children": true,
      "is_end_bone": false
    },
    "head": {
      "name": "head",
      "local": {
        "location": {
          "x": 0.0,
          "y": 0.0,
          "z": 0.0
        },
        "rotation_quaternion": {
          "w": 0.9816086292266846,
          "x": -0.005708984564989805,
          "y": 0.09596014767885208,
          "z": 0.16493549942970276
        },
        "scale": {
          "x": 1.0,
          "y": 1.0,
          "z": 1.0
        },
        "matrix_basis": [
          [
            0.9271758794784546,
            -0.3248998820781708,
            0.18650738894939423,
            0.0
          ],
          [
            0.3227085471153259,
            0.9455273747444153,
            0.04286244511604309,
            0.0
          ],
          [
            -0.19027385115623474,
            0.020446492359042168,
            0.9815180897712708,
            0.0
          ],
          [
            0.0,
            0.0,
            0.0,
            1.0
          ]
        ],
        "rotation_mode": "QUATERNION"
      },
      "armature_space": {
        "head": {
          "x": -0.06148184835910797,
          "y": -0.13432946801185608,
          "z": 0.644188404083252
        },
        "tail": {
          "x": -0.14273729920387268,
          "y": -0.1262347251176834,
          "z": 0.776041567325592
        }
      },
      "world_space": {
        "head": {
          "x": -0.06148184835910797,
          "y": -0.07108546793460846,
          "z": 1.594042420387268
        },
        "tail": {
          "x": -0.14273729920387268,
          "y": -0.06299072504043579,
          "z": 1.725895643234253
        },
        "rotation_quaternion": {
          "w": 0.7138291597366333,
          "x": 0.6408159732818604,
          "y": -0.1286248415708542,
          "z": 0.25151243805885315
        },
        "matrix": [
          [
            0.8403939008712769,
            -0.5239237546920776,
            0.1387162208557129,
            -0.06148184835910797
          ],
          [
            0.19422729313373566,
            0.052193742245435715,
            -0.9795672297477722,
            -0.07108546793460846
          ],
          [
            0.505981981754303,
            0.8501706123352051,
            0.14562365412712097,
            1.594042420387268
          ],
          [
            0.0,
            0.0,
            0.0,
            1.0
          ]
        ]
      },
      "bone_length_armature_space": 0.15509103999019455,
      "parent": "neck_01",
      "has_children": false,
      "is_end_bone": true
    },
    "upperarm_l": {
      "name": "upperarm_l",
      "local": {
        "location": {
          "x": 0.0,
          "y": 0.0,
          "z": 0.0
        },
        "rotation_quaternion": {
          "w": 0.9645710587501526,
          "x": 0.05729033052921295,
          "y": -0.09748786687850952,
          "z": 0.2383623719215393
        },
        "scale": {
          "x": 1.0,
          "y": 1.0,
          "z": 1.0
        },
        "matrix_basis": [
          [
            0.8673589825630188,
            -0.4710051119327545,
            -0.16075623035430908,
            0.0
          ],
          [
            0.44866466522216797,
            0.879802405834198,
            -0.15699607133865356,
            0.0
          ],
          [
            0.21537967026233673,
            0.06404630839824677,
            0.9744278788566589,
            0.0
          ],
          [
            0.0,
            0.0,
            0.0,
            1.0
          ]
        ],
        "rotation_mode": "QUATERNION"
      },
      "armature_space": {
        "head": {
          "x": 0.11437539011240005,
          "y": -0.10503262281417847,
          "z": 0.49089744687080383
        },
        "tail": {
          "x": 0.3445650339126587,
          "y": -0.1405356079339981,
          "z": 0.623412013053894
        }
      },
      "world_space": {
        "head": {
          "x": 0.11437539011240005,
          "y": -0.04178862273693085,
          "z": 1.4407514333724976
        },
        "tail": {
          "x": 0.3445650339126587,
          "y": -0.07729160785675049,
          "z": 1.5732660293579102
        },
        "rotation_quaternion": {
          "w": 0.5836402177810669,
          "x": 0.6348605155944824,
          "y": 0.30515339970588684,
          "z": -0.40397724509239197
        },
        "matrix": [
          [
            0.48736730217933655,
            0.8590145707130432,
            -0.1567387580871582,
            0.11437539011240005
          ],
          [
            -0.08409857749938965,
            -0.1324889212846756,
            -0.987610399723053,
            -0.04178862273693085
          ],
          [
            -0.869144082069397,
            0.4945138394832611,
            0.007670268416404724,
            1.4407514333724976
          ],
          [
            0.0,
            0.0,
            0.0,
            1.0
          ]
        ]
      },
      "bone_length_armature_space": 0.26796985887000535,
      "parent": "spine_01",
      "has_children": true,
      "is_end_bone": false
    },
    "lowerarm_l": {
      "name": "lowerarm_l",
      "local": {
        "location": {
          "x": 0.0,
          "y": 0.0,
          "z": 0.0
        },
        "rotation_quaternion": {
          "w": 0.8888446688652039,
          "x": 0.3140610456466675,
          "y": 0.2632926106452942,
          "z": -0.20493397116661072
        },
        "scale": {
          "x": 1.0,
          "y": 1.0,
          "z": 1.0
        },
        "matrix_basis": [
          [
            0.7773581147193909,
            0.529688835144043,
            0.33932891488075256,
            0.0
          ],
          [
            -0.19892902672290802,
            0.7187354564666748,
            -0.6662181615829468,
            0.0
          ],
          [
            -0.596776008605957,
            0.45038777589797974,
            0.664085328578949,
            0.0
          ],
          [
            0.0,
            0.0,
            0.0,
            1.0
          ]
        ],
        "rotation_mode": "QUATERNION"
      },
      "armature_space": {
        "head": {
          "x": 0.3445650339126587,
          "y": -0.1405356526374817,
          "z": 0.6234121918678284
        },
        "tail": {
          "x": 0.5302573442459106,
          "y": -0.3330812454223633,
          "z": 0.619684100151062
        }
      },
      "world_space": {
        "head": {
          "x": 0.3445650339126587,
          "y": -0.07729165256023407,
          "z": 1.5732662677764893
        },
        "tail": {
          "x": 0.5302573442459106,
          "y": -0.26983726024627686,
          "z": 1.5695381164550781
        },
        "rotation_quaternion": {
          "w": 0.1600615233182907,
          "x": 0.8301226496696472,
          "y": 0.3383997678756714,
          "z": -0.41323399543762207
        },
        "matrix": [
          [
            0.42944592237472534,
            0.6941133737564087,
            -0.5777391195297241,
            0.3445650339126587
          ],
          [
            0.42954111099243164,
            -0.7197307348251343,
            -0.545419454574585,
            -0.07729165256023407
          ],
          [
            -0.7944048047065735,
            -0.013935411348938942,
            -0.6072403788566589,
            1.5732662677764893
          ],
          [
            0.0,
            0.0,
            0.0,
            1.0
          ]
        ]
      },
      "bone_length_armature_space": 0.26752446252767587,
      "parent": "upperarm_l",
      "has_children": true,
      "is_end_bone": false
    },
    "metacarpal_thumb_l": {
      "name": "metacarpal_thumb_l",
      "local": {
        "location": {
          "x": 0.0,
          "y": 0.0,
          "z": 0.0
        },
        "rotation_quaternion": {
          "w": 0.9984449148178101,
          "x": -0.053422391414642334,
          "y": -0.011304023675620556,
          "z": -0.011234425008296967
        },
        "scale": {
          "x": 1.0,
          "y": 1.0,
          "z": 1.0
        },
        "matrix_basis": [
          [
            0.9994919896125793,
            0.023641685023903847,
            -0.02137255109846592,
            0.0
          ],
          [
            -0.021226132288575172,
            0.9940396547317505,
            0.1069326177239418,
            0.0
          ],
          [
            0.023773228749632835,
            -0.10642464458942413,
            0.9940365552902222,
            0.0
          ],
          [
            0.0,
            0.0,
            0.0,
            1.0
          ]
        ],
        "rotation_mode": "QUATERNION"
      },
      "armature_space": {
        "head": {
          "x": 0.5302573442459106,
          "y": -0.3330812454223633,
          "z": 0.619684100151062
        },
        "tail": {
          "x": 0.5436879992485046,
          "y": -0.3759678900241852,
          "z": 0.5988527536392212
        }
      },
      "world_space": {
        "head": {
          "x": 0.5302573442459106,
          "y": -0.26983726024627686,
          "z": 1.5695381164550781
        },
        "tail": {
          "x": 0.5436879992485046,
          "y": -0.31272387504577637,
          "z": 1.5487067699432373
        },
        "rotation_quaternion": {
          "w": 0.2418859601020813,
          "x": -0.9452878832817078,
          "y": -0.09266801923513412,
          "z": -0.1983298510313034
        },
        "matrix": [
          [
            0.9041557908058167,
            0.2711421847343445,
            0.3301268517971039,
            0.5302573442459106
          ],
          [
            0.07925011217594147,
            -0.8658077716827393,
            0.4940609931945801,
            -0.26983726024627686
          ],
          [
            0.41979020833969116,
            -0.420549213886261,
            -0.8043186068534851,
            1.5695381164550781
          ],
          [
            0.0,
            0.0,
            0.0,
            1.0
          ]
        ]
      },
      "bone_length_armature_space": 0.049533744109783444,
      "parent": "lowerarm_l",
      "has_children": true,
      "is_end_bone": false
    },
    "thumb_01_l": {
      "name": "thumb_01_l",
      "local": {
        "location": {
          "x": 0.0,
          "y": 0.0,
          "z": 0.0
        },
        "rotation_quaternion": {
          "w": 0.998937726020813,
          "x": -0.042858533561229706,
          "y": 0.01687602698802948,
          "z": -0.0013396380236372352
        },
        "scale": {
          "x": 1.0,
          "y": 1.0,
          "z": 1.0
        },
        "matrix_basis": [
          [
            0.9994267821311951,
            0.0012298664078116417,
            0.03383103013038635,
            0.0
          ],
          [
            -0.004122993443161249,
            0.9963226914405823,
            0.08558079600334167,
            0.0
          ],
          [
            -0.033601369708776474,
            -0.08567123115062714,
            0.9957566857337952,
            0.0
          ],
          [
            0.0,
            0.0,
            0.0,
            1.0
          ]
        ],
        "rotation_mode": "QUATERNION"
      },
      "armature_space": {
        "head": {
          "x": 0.5436879992485046,
          "y": -0.3759678900241852,
          "z": 0.5988527536392212
        },
        "tail": {
          "x": 0.5515773296356201,
          "y": -0.38344070315361023,
          "z": 0.5665951371192932
        }
      },
      "world_space": {
        "head": {
          "x": 0.5436879992485046,
          "y": -0.31272387504577637,
          "z": 1.5487067699432373
        },
        "tail": {
          "x": 0.5515773296356201,
          "y": -0.3201966881752014,
          "z": 1.516449213027954
        },
        "rotation_quaternion": {
          "w": 0.4909999966621399,
          "x": -0.48150530457496643,
          "y": 0.38619816303253174,
          "z": -0.6147540807723999
        },
        "matrix": [
          [
            -0.05414252355694771,
            0.2317766398191452,
            0.9712609648704529,
            0.5436879992485046
          ],
          [
            -0.9756014943122864,
            -0.21953924000263214,
            -0.001994594931602478,
            -0.31272387504577637
          ],
          [
            0.21276840567588806,
            -0.9476786851882935,
            0.23800969123840332,
            1.5487067699432373
          ],
          [
            0.0,
            0.0,
            0.0,
            1.0
          ]
        ]
      },
      "bone_length_armature_space": 0.034038775786425494,
      "parent": "metacarpal_thumb_l",
      "has_children": true,
      "is_end_bone": false
    },
    "thumb_02_l": {
      "name": "thumb_02_l",
      "local": {
        "location": {
          "x": 0.0,
          "y": 0.0,
          "z": 0.0
        },
        "rotation_quaternion": {
          "w": 0.996472954750061,
          "x": 0.08381947129964828,
          "y": 0.00332617643289268,
          "z": -0.002209727419540286
        },
        "scale": {
          "x": 1.0,
          "y": 1.0,
          "z": 1.0
        },
        "matrix_basis": [
          [
            0.9999681115150452,
            0.004961464088410139,
            0.006258453242480755,
            0.0
          ],
          [
            -0.0038462704978883266,
            0.9859388470649719,
            -0.16706237196922302,
            0.0
          ],
          [
            -0.006999325938522816,
            0.16703297197818756,
            0.9859264492988586,
            0.0
          ],
          [
            0.0,
            0.0,
            0.0,
            1.0
          ]
        ],
        "rotation_mode": "QUATERNION"
      },
      "armature_space": {
        "head": {
          "x": 0.5515772700309753,
          "y": -0.38344064354896545,
          "z": 0.5665951371192932
        },
        "tail": {
          "x": 0.579018235206604,
          "y": -0.41275855898857117,
          "z": 0.5658013820648193
        }
      },
      "world_space": {
        "head": {
          "x": 0.5515772700309753,
          "y": -0.32019662857055664,
          "z": 1.516449213027954
        },
        "tail": {
          "x": 0.579018235206604,
          "y": -0.34951454401016235,
          "z": 1.5156553983688354
        },
        "rotation_quaternion": {
          "w": 0.3674123287200928,
          "x": -0.04168466851115227,
          "y": -0.005848859902471304,
          "z": -0.9291051626205444
        },
        "matrix": [
          [
            -0.7265410423278809,
            0.6832166910171509,
            0.07316100597381592,
            0.5515772700309753
          ],
          [
            -0.682241678237915,
            -0.7299478650093079,
            0.04149991273880005,
            -0.32019662857055664
          ],
          [
            0.08175724744796753,
            -0.0197627991437912,
            0.9964631795883179,
            1.516449213027954
          ],
          [
            0.0,
            0.0,
            0.0,
            1.0
          ]
        ]
      },
      "bone_length_armature_space": 0.040164372077964715,
      "parent": "thumb_01_l",
      "has_children": true,
      "is_end_bone": false
    },
    "thumb_03_l": {
      "name": "thumb_03_l",
      "local": {
        "location": {
          "x": 0.0,
          "y": 0.0,
          "z": 0.0
        },
        "rotation_quaternion": {
          "w": 0.9977784156799316,
          "x": 0.06633240729570389,
          "y": 0.005469776690006256,
          "z": -0.002892836695536971
        },
        "scale": {
          "x": 1.0,
          "y": 1.0,
          "z": 1.0
        },
        "matrix_basis": [
          [
            0.9999234080314636,
            0.006498466711491346,
            0.010531472973525524,
            0.0
          ],
          [
            -0.005047173239290714,
            0.9911832809448242,
            -0.1324017345905304,
            0.0
          ],
          [
            -0.011299028061330318,
            0.13233844935894012,
            0.9911401867866516,
            0.0
          ],
          [
            0.0,
            0.0,
            0.0,
            1.0
          ]
        ],
        "rotation_mode": "QUATERNION"
      },
      "armature_space": {
        "head": {
          "x": 0.5790181756019592,
          "y": -0.41275855898857117,
          "z": 0.5658013224601746
        },
        "tail": {
          "x": 0.60122150182724,
          "y": -0.43051669001579285,
          "z": 0.5766894817352295
        }
      },
      "world_space": {
        "head": {
          "x": 0.5790181756019592,
          "y": -0.34951454401016235,
          "z": 1.515655279159546
        },
        "tail": {
          "x": 0.60122150182724,
          "y": -0.36727267503738403,
          "z": 1.5265434980392456
        },
        "rotation_quaternion": {
          "w": 0.44575634598731995,
          "x": 0.21057730913162231,
          "y": -0.09826952964067459,
          "z": -0.86446613073349
        },
        "matrix": [
          [
            -0.5139162540435791,
            0.7292962074279785,
            -0.451681911945343,
            0.5790181756019592
          ],
          [
            -0.8120693564414978,
            -0.5832882523536682,
            -0.01783221960067749,
            -0.34951454401016235
          ],
          [
            -0.27646830677986145,
            0.35763493180274963,
            0.8920068740844727,
            1.515655279159546
          ],
          [
            0.0,
            0.0,
            0.0,
            1.0
          ]
        ]
      },
      "bone_length_armature_space": 0.030444883191169562,
      "parent": "thumb_02_l",
      "has_children": false,
      "is_end_bone": true
    },
    "metacarpal_index_l": {
      "name": "metacarpal_index_l",
      "local": {
        "location": {
          "x": 0.0,
          "y": 0.0,
          "z": 0.0
        },
        "rotation_quaternion": {
          "w": 0.9983829259872437,
          "x": -0.05582326650619507,
          "y": -0.0035452854353934526,
          "z": -0.010134201496839523
        },
        "scale": {
          "x": 1.0,
          "y": 1.0,
          "z": 1.0
        },
        "matrix_basis": [
          [
            0.9997694492340088,
            0.020631445571780205,
            -0.005947656463831663,
            0.0
          ],
          [
            -0.019839808344841003,
            0.9935621023178101,
            0.11153785139322281,
            0.0
          ],
          [
            0.008210553787648678,
            -0.11139413714408875,
            0.9937424063682556,
            0.0
          ],
          [
            0.0,
            0.0,
            0.0,
            1.0
          ]
        ],
        "rotation_mode": "QUATERNION"
      },
      "armature_space": {
        "head": {
          "x": 0.5302573442459106,
          "y": -0.3330812454223633,
          "z": 0.619684100151062
        },
        "tail": {
          "x": 0.5927037000656128,
          "y": -0.43107062578201294,
          "z": 0.6045925617218018
        }
      },
      "world_space": {
        "head": {
          "x": 0.5302573442459106,
          "y": -0.26983726024627686,
          "z": 1.5695381164550781
        },
        "tail": {
          "x": 0.5927037000656128,
          "y": -0.3678266406059265,
          "z": 1.5544465780258179
        },
        "rotation_quaternion": {
          "w": 0.06256642937660217,
          "x": -0.9580655097961426,
          "y": -0.27917957305908203,
          "z": 0.015960589051246643
        },
        "matrix": [
          [
            0.8436079025268555,
            0.532947301864624,
            -0.0655173808336258,
            0.5302573442459106
          ],
          [
            0.5369420051574707,
            -0.8362885117530823,
            0.11097314953804016,
            -0.26983726024627686
          ],
          [
            0.004351777024567127,
            -0.12879857420921326,
            -0.9916683435440063,
            1.5695381164550781
          ],
          [
            0.0,
            0.0,
            0.0,
            1.0
          ]
        ]
      },
      "bone_length_armature_space": 0.11717175760428927,
      "parent": "lowerarm_l",
      "has_children": true,
      "is_end_bone": false
    },
    "index_01_l": {
      "name": "index_01_l",
      "local": {
        "location": {
          "x": 0.0,
          "y": 0.0,
          "z": 0.0
        },
        "rotation_quaternion": {
          "w": 0.9944376945495605,
          "x": -0.10527615249156952,
          "y": 0.001711357617750764,
          "z": -0.002786582801491022
        },
        "scale": {
          "x": 1.0,
          "y": 1.0,
          "z": 1.0
        },
        "matrix_basis": [
          [
            0.9999786019325256,
            0.005181835498660803,
            0.00399039825424552,
            0.0
          ],
          [
            -0.005902496166527271,
            0.9778183102607727,
            0.20937161147594452,
            0.0
          ],
          [
            -0.0028169555589556694,
            -0.20939068496227264,
            0.9778280258178711,
            0.0
          ],
          [
            0.0,
            0.0,
            0.0,
            1.0
          ]
        ],
        "rotation_mode": "QUATERNION"
      },
      "armature_space": {
        "head": {
          "x": 0.5927037000656128,
          "y": -0.43107062578201294,
          "z": 0.6045925617218018
        },
        "tail": {
          "x": 0.614658772945404,
          "y": -0.4481200873851776,
          "z": 0.6109455823898315
        }
      },
      "world_space": {
        "head": {
          "x": 0.5927037000656128,
          "y": -0.3678266406059265,
          "z": 1.5544465780258179
        },
        "tail": {
          "x": 0.614658772945404,
          "y": -0.3848760724067688,
          "z": 1.5607995986938477
        },
        "rotation_quaternion": {
          "w": 0.08669190108776093,
          "x": 0.8904590010643005,
          "y": 0.43991124629974365,
          "z": 0.07775350660085678
        },
        "matrix": [
          [
            0.6008649468421936,
            0.769964337348938,
            0.2147461473941803,
            0.5927037000656128
          ],
          [
            0.7969270944595337,
            -0.5979253053665161,
            -0.0859815776348114,
            -0.3678266406059265
          ],
          [
            0.062200456857681274,
            0.22280128300189972,
            -0.9728847742080688,
            1.5544465780258179
          ],
          [
            0.0,
            0.0,
            0.0,
            1.0
          ]
        ]
      },
      "bone_length_armature_space": 0.028514386686617425,
      "parent": "metacarpal_index_l",
      "has_children": true,
      "is_end_bone": false
    },
    "index_02_l": {
      "name": "index_02_l",
      "local": {
        "location": {
          "x": 0.0,
          "y": 0.0,
          "z": 0.0
        },
        "rotation_quaternion": {
          "w": 0.9971794486045837,
          "x": 0.07466099411249161,
          "y": -0.003823626320809126,
          "z": -0.006667031906545162
        },
        "scale": {
          "x": 1.0,
          "y": 1.0,
          "z": 1.0
        },
        "matrix_basis": [
          [
            0.9998818635940552,
            0.01272550318390131,
            -0.00862121768295765,
            0.0
          ],
          [
            -0.01386740617454052,
            0.9887625575065613,
            -0.14884983003139496,
            0.0
          ],
          [
            0.006630148738622665,
            0.14895179867744446,
            0.9888222217559814,
            0.0
          ],
          [
            0.0,
            0.0,
            0.0,
            1.0
          ]
        ],
        "rotation_mode": "QUATERNION"
      },
      "armature_space": {
        "head": {
          "x": 0.6146589517593384,
          "y": -0.4481205344200134,
          "z": 0.6109453439712524
        },
        "tail": {
          "x": 0.6354235410690308,
          "y": -0.4629118740558624,
          "z": 0.6137982606887817
        }
      },
      "world_space": {
        "head": {
          "x": 0.6146589517593384,
          "y": -0.384876549243927,
          "z": 1.5607993602752686
        },
        "tail": {
          "x": 0.6354235410690308,
          "y": -0.3996678590774536,
          "z": 1.5636522769927979
        },
        "rotation_quaternion": {
          "w": 0.05375759303569794,
          "x": 0.8876911401748657,
          "y": 0.4569648206233978,
          "z": 0.017254285514354706
        },
        "matrix": [
          [
            0.5817708373069763,
            0.8094319701194763,
            0.0797637403011322,
            0.6146589517593384
          ],
          [
            0.8131425380706787,
            -0.5765865445137024,
            -0.07967126369476318,
            -0.384876549243927
          ],
          [
            -0.018497277051210403,
            0.11120985448360443,
            -0.9936319589614868,
            1.5607993602752686
          ],
          [
            0.0,
            0.0,
            0.0,
            1.0
          ]
        ]
      },
      "bone_length_armature_space": 0.025653284627034353,
      "parent": "index_01_l",
      "has_children": true,
      "is_end_bone": false
    },
    "index_03_l": {
      "name": "index_03_l",
      "local": {
        "location": {
          "x": 0.0,
          "y": 0.0,
          "z": 0.0
        },
        "rotation_quaternion": {
          "w": 0.999129593372345,
          "x": 0.04080767184495926,
          "y": 0.005170321092009544,
          "z": 0.006943232845515013
        },
        "scale": {
          "x": 1.0,
          "y": 1.0,
          "z": 1.0
        },
        "matrix_basis": [
          [
            0.9998500943183899,
            -0.013452401384711266,
            0.010898316279053688,
            0.0
          ],
          [
            0.014296356588602066,
            0.9965730309486389,
            -0.08147250860929489,
            0.0
          ],
          [
            -0.009764967486262321,
            0.0816161036491394,
            0.996616005897522,
            0.0
          ],
          [
            0.0,
            0.0,
            0.0,
            1.0
          ]
        ],
        "rotation_mode": "QUATERNION"
      },
      "armature_space": {
        "head": {
          "x": 0.635423481464386,
          "y": -0.4629118740558624,
          "z": 0.6137983798980713
        },
        "tail": {
          "x": 0.6604472994804382,
          "y": -0.47789034247398376,
          "z": 0.6120140552520752
        }
      },
      "world_space": {
        "head": {
          "x": 0.635423481464386,
          "y": -0.3996678590774536,
          "z": 1.5636523962020874
        },
        "tail": {
          "x": 0.6604472994804382,
          "y": -0.41464632749557495,
          "z": 1.5618680715560913
        },
        "rotation_quaternion": {
          "w": 0.04062580689787865,
          "x": -0.8696101307868958,
          "y": -0.4919682443141937,
          "z": -0.009747770614922047
        },
        "matrix": [
          [
            0.5157443881034851,
            0.8564329743385315,
            -0.023020174354314804,
            0.635423481464386
          ],
          [
            0.8548493385314941,
            -0.5126335620880127,
            0.08024782687425613,
            -0.3996678590774536
          ],
          [
            0.05692706257104874,
            -0.06106718257069588,
            -0.9965161085128784,
            1.5636523962020874
          ],
          [
            0.0,
            0.0,
            0.0,
            1.0
          ]
        ]
      },
      "bone_length_armature_space": 0.029218655481089404,
      "parent": "index_02_l",
      "has_children": false,
      "is_end_bone": true
    },
    "metacarpal_pinky_l": {
      "name": "metacarpal_pinky_l",
      "local": {
        "location": {
          "x": 0.0,
          "y": 0.0,
          "z": 0.0
        },
        "rotation_quaternion": {
          "w": 0.9980659484863281,
          "x": -0.06165361404418945,
          "y": -0.006294053513556719,
          "z": 0.0048502348363399506
        },
        "scale": {
          "x": 1.0,
          "y": 1.0,
          "z": 1.0
        },
        "matrix_basis": [
          [
            0.999873697757721,
            -0.008905606344342232,
            -0.013161829672753811,
            0.0
          ],
          [
            0.010457810945808887,
            0.9923506379127502,
            0.12300769239664078,
            0.0
          ],
          [
            0.011965692043304443,
            -0.12312979996204376,
            0.9923184514045715,
            0.0
          ],
          [
            0.0,
            0.0,
            0.0,
            1.0
          ]
        ],
        "rotation_mode": "QUATERNION"
      },
      "armature_space": {
        "head": {
          "x": 0.5302573442459106,
          "y": -0.3330812454223633,
          "z": 0.619684100151062
        },
        "tail": {
          "x": 0.6235767602920532,
          "y": -0.37815597653388977,
          "z": 0.6298317909240723
        }
      },
      "world_space": {
        "head": {
          "x": 0.5302573442459106,
          "y": -0.26983726024627686,
          "z": 1.5695381164550781
        },
        "tail": {
          "x": 0.6235767602920532,
          "y": -0.31491196155548096,
          "z": 1.5796858072280884
        },
        "rotation_quaternion": {
          "w": 0.49813470244407654,
          "x": 0.3830215334892273,
          "y": 0.18822188675403595,
          "z": -0.7548038959503174
        },
        "matrix": [
          [
            -0.21031157672405243,
            0.8961750268936157,
            -0.39069056510925293,
            0.5302573442459106
          ],
          [
            -0.6078026294708252,
            -0.43286657333374023,
            -0.6657348871231079,
            -0.26983726024627686
          ],
          [
            -0.7657377123832703,
            0.09745116531848907,
            0.6357381939888,
            1.5695381164550781
          ],
          [
            0.0,
            0.0,
            0.0,
            1.0
          ]
        ]
      },
      "bone_length_armature_space": 0.104130785036975,
      "parent": "lowerarm_l",
      "has_children": true,
      "is_end_bone": false
    },
    "pinky_01_l": {
      "name": "pinky_01_l",
      "local": {
        "location": {
          "x": 0.0,
          "y": 0.0,
          "z": 0.0
        },
        "rotation_quaternion": {
          "w": 0.9923688173294067,
          "x": -0.12280014157295227,
          "y": -0.011014929972589016,
          "z": 0.001706952229142189
        },
        "scale": {
          "x": 1.0,
          "y": 1.0,
          "z": 1.0
        },
        "matrix_basis": [
          [
            0.9997515082359314,
            -0.0006825824384577572,
            -0.022280974313616753,
            0.0
          ],
          [
            0.006093122065067291,
            0.9698344469070435,
            0.2436884641647339,
            0.0
          ],
          [
            0.021442517638206482,
            -0.24376367032527924,
            0.969597578048706,
            0.0
          ],
          [
            0.0,
            0.0,
            0.0,
            1.0
          ]
        ],
        "rotation_mode": "QUATERNION"
      },
      "armature_space": {
        "head": {
          "x": 0.6235767602920532,
          "y": -0.37815597653388977,
          "z": 0.6298317909240723
        },
        "tail": {
