{
  "metadata": {
    "armature_name": "KIM_caucasian_male",
    "export_time": "2026-01-13T21:04:31.305293",
    "blender_version": "4.4.1",
    "bone_count": 56,
    "end_bone_count": 13,
    "spaces_included": [
      "LOCAL_CHANNELS",
      "ARMATURE_SPACE",
      "WORLD_SPACE"
    ],
    "note": "LOCAL matches Transform panel; replay pose via local.matrix_basis for best fidelity."
  },
  "bones": {
    "Root": {
      "name": "Root",
      "local": {
        "location": {
          "x": 0.0,
          "y": 0.0,
          "z": 0.0
        },
        "rotation_quaternion": {
          "w": 0.9994791150093079,
          "x": 0.010052165016531944,
          "y": 0.01874762587249279,
          "z": -0.024272160604596138
        },
        "scale": {
          "x": 1.0,
          "y": 1.0,
          "z": 1.0
        },
        "matrix_basis": [
          [
            0.9981187582015991,
            0.0488959439098835,
            0.03698774427175522,
            0.0
          ],
          [
            -0.04814212769269943,
            0.9986196160316467,
            -0.021003948524594307,
            0.0
          ],
          [
            -0.03796369582414627,
            0.019183767959475517,
            0.9990949630737305,
            0.0
          ],
          [
            0.0,
            0.0,
            0.0,
            1.0
          ]
        ],
        "rotation_mode": "QUATERNION"
      },
      "armature_space": {
        "head": {
          "x": 0.0,
          "y": 0.07072800397872925,
          "z": -0.009595036506652832
        },
        "tail": {
          "x": 0.003489990485832095,
          "y": -8.643418550491333e-05,
          "z": -0.001370084472000599
        }
      },
      "world_space": {
        "head": {
          "x": 0.0,
          "y": 0.13397200405597687,
          "z": 0.9402589797973633
        },
        "tail": {
          "x": 0.003489990485832095,
          "y": 0.0631575658917427,
          "z": 0.948483943939209
        },
        "rotation_quaternion": {
          "w": 0.057303231209516525,
          "x": 0.9978856444358826,
          "y": 0.025480011478066444,
          "z": 0.017069874331355095
        },
        "matrix": [
          [
            0.9981187582015991,
            0.0488959439098835,
            0.03698774427175522,
            0.0
          ],
          [
            0.052808597683906555,
            -0.992134153842926,
            -0.11349472403526306,
            0.13397200405597687
          ],
          [
            0.031147640198469162,
            0.11523435264825821,
            -0.9928569197654724,
            0.9402589797973633
          ],
          [
            0.0,
            0.0,
            0.0,
            1.0
          ]
        ]
      },
      "bone_length_armature_space": 0.0713758669956739,
      "parent": null,
      "has_children": true,
      "is_end_bone": false
    },
    "spine_01": {
      "name": "spine_01",
      "local": {
        "location": {
          "x": 0.0,
          "y": 0.0,
          "z": 0.0
        },
        "rotation_quaternion": {
          "w": 0.99757981300354,
          "x": -0.019248198717832565,
          "y": -0.057144373655319214,
          "z": -0.034619420766830444
        },
        "scale": {
          "x": 1.0,
          "y": 1.0,
          "z": 1.0
        },
        "matrix_basis": [
          [
            0.9910720586776733,
            0.07127112150192261,
            -0.11267942190170288,
            0.0
          ],
          [
            -0.06687141954898834,
            0.99686199426651,
            0.042359840124845505,
            0.0
          ],
          [
            0.11534486711025238,
            -0.03444661945104599,
            0.992728054523468,
            0.0
          ],
          [
            0.0,
            0.0,
            0.0,
            1.0
          ]
        ],
        "rotation_mode": "QUATERNION"
      },
      "armature_space": {
        "head": {
          "x": 0.003489990485832095,
          "y": -8.643418550491333e-05,
          "z": -0.001370084472000599
        },
        "tail": {
          "x": 0.021500300616025925,
          "y": 0.03107132390141487,
          "z": 0.4853057563304901
        }
      },
      "world_space": {
        "head": {
          "x": 0.003489990485832095,
          "y": 0.0631575658917427,
          "z": 0.948483943939209
        },
        "tail": {
          "x": 0.021500300616025925,
          "y": 0.09431532025337219,
          "z": 1.4351598024368286
        },
        "rotation_quaternion": {
          "w": 0.7292609214782715,
          "x": 0.6832767724990845,
          "y": -0.010107788257300854,
          "z": -0.034774329513311386
        },
        "matrix": [
          [
            0.9973772168159485,
            0.03690628334879875,
            -0.06226365640759468,
            0.003489990485832095
          ],
          [
            -0.06453221291303635,
            0.06384770572185516,
            -0.9958710670471191,
            0.0631575658917427
          ],
          [
            -0.032778795808553696,
            0.9972840547561646,
            0.06606142222881317,
            0.948483943939209
          ],
          [
            0.0,
            0.0,
            0.0,
            1.0
          ]
        ]
      },
      "bone_length_armature_space": 0.4880046498840466,
      "parent": "Root",
      "has_children": true,
      "is_end_bone": false
    },
    "neck_01": {
      "name": "neck_01",
      "local": {
        "location": {
          "x": 0.0,
          "y": 0.0,
          "z": 0.0
        },
        "rotation_quaternion": {
          "w": 0.9959946870803833,
          "x": -0.0295330211520195,
          "y": 0.04236169159412384,
          "z": -0.07299217581748962
        },
        "scale": {
          "x": 1.0,
          "y": 1.0,
          "z": 1.0
        },
        "matrix_basis": [
          [
            0.9857552647590637,
            0.14289750158786774,
            0.08869539946317673,
            0.0
          ],
          [
            -0.1479017734527588,
            0.9875999093055725,
            0.05264532193541527,
            0.0
          ],
          [
            -0.08007267862558365,
            -0.06501360982656479,
            0.994666576385498,
            0.0
          ],
          [
            0.0,
            0.0,
            0.0,
            1.0
          ]
        ],
        "rotation_mode": "QUATERNION"
      },
      "armature_space": {
        "head": {
          "x": 0.022043190896511078,
          "y": 0.0012089088559150696,
          "z": 0.5606163740158081
        },
        "tail": {
          "x": 0.03820352628827095,
          "y": -0.02578587271273136,
          "z": 0.6581913828849792
        }
      },
      "world_space": {
        "head": {
          "x": 0.022043190896511078,
          "y": 0.06445290893316269,
          "z": 1.5104703903198242
        },
        "tail": {
          "x": 0.03820352628827095,
          "y": 0.03745812922716141,
          "z": 1.6080453395843506
        },
        "rotation_quaternion": {
          "w": 0.6031136512756348,
          "x": 0.7936865091323853,
          "y": 0.06781893968582153,
          "z": -0.041430793702602386
        },
        "matrix": [
          [
            0.9873682260513306,
            0.15762899816036224,
            0.016039781272411346,
            0.022043190896511078
          ],
          [
            0.05767981335520744,
            -0.26330891251564026,
            -0.9629859328269958,
            0.06445290893316269
          ],
          [
            -0.14757202565670013,
            0.9517529606819153,
            -0.2690776586532593,
            1.5104703903198242
          ],
          [
            0.0,
            0.0,
            0.0,
            1.0
          ]
        ]
      },
      "bone_length_armature_space": 0.10252198505676331,
      "parent": "spine_01",
      "has_children": true,
      "is_end_bone": false
    },
    "head": {
      "name": "head",
      "local": {
        "location": {
          "x": 0.0,
          "y": 0.0,
          "z": 0.0
        },
        "rotation_quaternion": {
          "w": 0.9805817008018494,
          "x": -0.07433968037366867,
          "y": 0.1350255012512207,
          "z": 0.12124910950660706
        },
        "scale": {
          "x": 1.0,
          "y": 1.0,
          "z": 1.0
        },
        "matrix_basis": [
          [
            0.9341335296630859,
            -0.2578648328781128,
            0.24677982926368713,
            0.0
          ],
          [
            0.21771381795406342,
            0.9595445394515991,
            0.17853569984436035,
            0.0
          ],
          [
            -0.28283432126045227,
            -0.11304881423711777,
            0.9524834752082825,
            0.0
          ],
          [
            0.0,
            0.0,
            0.0,
            1.0
          ]
        ],
        "rotation_mode": "QUATERNION"
      },
      "armature_space": {
        "head": {
          "x": 0.038203515112400055,
          "y": -0.025786004960536957,
          "z": 0.6581912040710449
        },
        "tail": {
          "x": 0.018411051481962204,
          "y": 0.004704013466835022,
          "z": 0.8089622855186462
        }
      },
      "world_space": {
        "head": {
          "x": 0.038203515112400055,
          "y": 0.03745799511671066,
          "z": 1.608045220375061
        },
        "tail": {
          "x": 0.018411051481962204,
          "y": 0.06794801354408264,
          "z": 1.7588162422180176
        },
        "rotation_quaternion": {
          "w": 0.7679672837257385,
          "x": 0.614069402217865,
          "y": 0.09232470393180847,
          "z": 0.1569119542837143
        },
        "matrix": [
          [
            0.9337095022201538,
            -0.12761904299259186,
            0.33451494574546814,
            0.038203515112400055
          ],
          [
            0.35439470410346985,
            0.19659537076950073,
            -0.9141964912414551,
            0.03745799511671066
          ],
          [
            0.0509054958820343,
            0.9721509218215942,
            0.22879108786582947,
            1.608045220375061
          ],
          [
            0.0,
            0.0,
            0.0,
            1.0
          ]
        ]
      },
      "bone_length_armature_space": 0.15509126890740974,
      "parent": "neck_01",
      "has_children": false,
      "is_end_bone": true
    },
    "upperarm_l": {
      "name": "upperarm_l",
      "local": {
        "location": {
          "x": 0.0,
          "y": 0.0,
          "z": 0.0
        },
        "rotation_quaternion": {
          "w": 0.7903407216072083,
          "x": -0.31525322794914246,
          "y": 0.47614216804504395,
          "z": -0.22195889055728912
        },
        "scale": {
          "x": 1.0,
          "y": 1.0,
          "z": 1.0
        },
        "matrix_basis": [
          [
            0.4480457603931427,
            0.05063558742403984,
            0.8925756216049194,
            0.0
          ],
          [
            -0.6510570049285889,
            0.7026993036270142,
            0.28694695234298706,
            0.0
          ],
          [
            -0.612682580947876,
            -0.7096828818321228,
            0.3478080630302429,
            0.0
          ],
          [
            0.0,
            0.0,
            0.0,
            1.0
          ]
        ],
        "rotation_mode": "QUATERNION"
      },
      "armature_space": {
        "head": {
          "x": 0.16897080838680267,
          "y": -0.015937943011522293,
          "z": 0.4888850450515747
        },
        "tail": {
          "x": 0.36078697443008423,
          "y": 0.16844139993190765,
          "z": 0.45697182416915894
        }
      },
      "world_space": {
        "head": {
          "x": 0.16897080838680267,
          "y": 0.04730605706572533,
          "z": 1.4387390613555908
        },
        "tail": {
          "x": 0.36078697443008423,
          "y": 0.23168540000915527,
          "z": 1.4068257808685303
        },
        "rotation_quaternion": {
          "w": 0.18330584466457367,
          "x": 0.36880916357040405,
          "y": 0.9002388119697571,
          "z": -0.14124096930027008
        },
        "matrix": [
          [
            -0.6607574224472046,
            0.7158135771751404,
            0.22585535049438477,
            0.16897080838680267
          ],
          [
            0.6122522354125977,
            0.6880611181259155,
            -0.3895118832588196,
            0.04730605706572533
          ],
          [
            -0.4342224895954132,
            -0.11909276247024536,
            -0.8929064273834229,
            1.4387390613555908
          ],
          [
            0.0,
            0.0,
            0.0,
            1.0
          ]
        ]
      },
      "bone_length_armature_space": 0.26796946527216015,
      "parent": "spine_01",
      "has_children": true,
      "is_end_bone": false
    },
    "lowerarm_l": {
      "name": "lowerarm_l",
      "local": {
        "location": {
          "x": 0.0,
          "y": 0.0,
          "z": 0.0
        },
        "rotation_quaternion": {
          "w": 0.9928741455078125,
          "x": 0.053886011242866516,
          "y": -0.09427354484796524,
          "z": 0.04908914864063263
        },
        "scale": {
          "x": 1.0,
          "y": 1.0,
          "z": 1.0
        },
        "matrix_basis": [
          [
            0.9774054884910583,
            -0.10763874650001526,
            -0.1819130927324295,
            0.0
          ],
          [
            0.08731864392757416,
            0.9893730878829956,
            -0.11625967174768448,
            0.0
          ],
          [
            0.1924939602613449,
            0.09774843603372574,
            0.976417601108551,
            0.0
          ],
          [
            0.0,
            0.0,
            0.0,
            1.0
          ]
        ],
        "rotation_mode": "QUATERNION"
      },
      "armature_space": {
        "head": {
          "x": 0.36078712344169617,
          "y": 0.16844137012958527,
          "z": 0.45697179436683655
        },
        "tail": {
          "x": 0.5904111862182617,
          "y": 0.2941468358039856,
          "z": 0.40183281898498535
        }
      },
      "world_space": {
        "head": {
          "x": 0.36078712344169617,
          "y": 0.23168537020683289,
          "z": 1.4068257808685303
        },
        "tail": {
          "x": 0.5904111862182617,
          "y": 0.357390820980072,
          "z": 1.3516868352890015
        },
        "rotation_quaternion": {
          "w": 0.29694104194641113,
          "x": 0.4279809296131134,
          "y": 0.8042194247245789,
          "z": -0.2861636281013489
        },
        "matrix": [
          [
            -0.45731619000434875,
            0.8583291172981262,
            0.23266483843326569,
            0.36078712344169617
          ],
          [
            0.5184344053268433,
            0.46988388895988464,
            -0.7144474983215332,
            0.23168537020683289
          ],
          [
            -0.7225610017776489,
            -0.20610809326171875,
            -0.659878134727478,
            1.4068257808685303
          ],
          [
            0.0,
            0.0,
            0.0,
            1.0
          ]
        ]
      },
      "bone_length_armature_space": 0.2675245437610616,
      "parent": "upperarm_l",
      "has_children": true,
      "is_end_bone": false
    },
    "metacarpal_thumb_l": {
      "name": "metacarpal_thumb_l",
      "local": {
        "location": {
          "x": 0.0,
          "y": 0.0,
          "z": 0.0
        },
        "rotation_quaternion": {
          "w": 0.9998345375061035,
          "x": 0.011176149360835552,
          "y": -0.014211516827344894,
          "z": 0.002015124773606658
        },
        "scale": {
          "x": 1.0,
          "y": 1.0,
          "z": 1.0
        },
        "matrix_basis": [
          [
            0.9995879530906677,
            -0.004347242880612612,
            -0.028373287990689278,
            0.0
          ],
          [
            0.003711922559887171,
            0.9997420907020569,
            -0.022405875846743584,
            0.0
          ],
          [
            0.028463372960686684,
            0.02229132503271103,
            0.9993462562561035,
            0.0
          ],
          [
            0.0,
            0.0,
            0.0,
            1.0
          ]
        ],
        "rotation_mode": "QUATERNION"
      },
      "armature_space": {
        "head": {
          "x": 0.5904111862182617,
          "y": 0.2941468358039856,
          "z": 0.40183281898498535
        },
        "tail": {
          "x": 0.6258014440536499,
          "y": 0.2966786324977875,
          "z": 0.3672681152820587
        }
      },
      "world_space": {
        "head": {
          "x": 0.5904111862182617,
          "y": 0.357390820980072,
          "z": 1.3516868352890015
        },
        "tail": {
          "x": 0.6258014440536499,
          "y": 0.3599226474761963,
          "z": 1.3171221017837524
        },
        "rotation_quaternion": {
          "w": 0.4152120053768158,
          "x": -0.679585874080658,
          "y": -0.5942682027816772,
          "z": 0.11228322237730026
        },
        "matrix": [
          [
            0.26847192645072937,
            0.7144688963890076,
            -0.6461089253425598,
            0.5904111862182617
          ],
          [
            0.900956928730011,
            0.051112934947013855,
            0.4308878779411316,
            0.357390820980072
          ],
          [
            0.3408837616443634,
            -0.6978023648262024,
            -0.629987359046936,
            1.3516868352890015
          ],
          [
            0.0,
            0.0,
            0.0,
            1.0
          ]
        ]
      },
      "bone_length_armature_space": 0.049533817329260016,
      "parent": "lowerarm_l",
      "has_children": true,
      "is_end_bone": false
    },
    "thumb_01_l": {
      "name": "thumb_01_l",
      "local": {
        "location": {
          "x": 0.0,
          "y": 0.0,
          "z": 0.0
        },
        "rotation_quaternion": {
          "w": 0.9818477630615234,
          "x": 0.18800930678844452,
          "y": 0.016769900918006897,
          "z": 0.018612196668982506
        },
        "scale": {
          "x": 1.0,
          "y": 1.0,
          "z": 1.0
        },
        "matrix_basis": [
          [
            0.9987447261810303,
            -0.03024289198219776,
            0.03992951288819313,
            0.0
          ],
          [
            0.04285448044538498,
            0.9286121726036072,
            -0.3685687780380249,
            0.0
          ],
          [
            -0.025932446122169495,
            0.3698172867298126,
            0.928742527961731,
            0.0
          ],
          [
            0.0,
            0.0,
            0.0,
            1.0
          ]
        ],
        "rotation_mode": "QUATERNION"
      },
      "armature_space": {
        "head": {
          "x": 0.6258014440536499,
          "y": 0.2966786324977875,
          "z": 0.3672681152820587
        },
        "tail": {
          "x": 0.6269453167915344,
          "y": 0.316441148519516,
          "z": 0.3395775258541107
        }
      },
      "world_space": {
        "head": {
          "x": 0.6258014440536499,
          "y": 0.3599226474761963,
          "z": 1.3171221017837524
        },
        "tail": {
          "x": 0.6269453167915344,
          "y": 0.3796851634979248,
          "z": 1.2894315719604492
        },
        "rotation_quaternion": {
          "w": 0.8795793056488037,
          "x": -0.4499603807926178,
          "y": 0.12898214161396027,
          "z": -0.08508557826280594
        },
        "matrix": [
          [
            0.9522479176521301,
            0.03360532224178314,
            0.3034701645374298,
            0.6258014440536499
          ],
          [
            -0.2657528817653656,
            0.5805920958518982,
            0.7696029543876648,
            0.3599226474761963
          ],
          [
            -0.1503307819366455,
            -0.8135061264038086,
            0.5618029832839966,
            1.3171221017837524
          ],
          [
            0.0,
            0.0,
            0.0,
            1.0
          ]
        ]
      },
      "bone_length_armature_space": 0.034038716982047516,
      "parent": "metacarpal_thumb_l",
      "has_children": true,
      "is_end_bone": false
    },
    "thumb_02_l": {
      "name": "thumb_02_l",
      "local": {
        "location": {
          "x": 0.0,
          "y": 0.0,
          "z": 0.0
        },
        "rotation_quaternion": {
          "w": 0.9443601369857788,
          "x": 0.328826904296875,
          "y": -0.002799434121698141,
          "z": -0.006998356897383928
        },
        "scale": {
          "x": 1.0,
          "y": 1.0,
          "z": 1.0
        },
        "matrix_basis": [
          [
            0.9998863935470581,
            0.01137688010931015,
            -0.009889843873679638,
            0.0
          ],
          [
            -0.015058997087180614,
            0.7836477756500244,
            -0.6210228800773621,
            0.0
          ],
          [
            0.0006848518969491124,
            0.6211012005805969,
            0.7837300896644592,
            0.0
          ],
          [
            0.0,
            0.0,
            0.0,
            1.0
          ]
        ],
        "rotation_mode": "QUATERNION"
      },
      "armature_space": {
        "head": {
          "x": 0.6269453167915344,
          "y": 0.3164411187171936,
          "z": 0.3395775258541107
        },
        "tail": {
          "x": 0.6612513065338135,
          "y": 0.3280330300331116,
          "z": 0.35695311427116394
        }
      },
      "world_space": {
        "head": {
          "x": 0.6269453167915344,
          "y": 0.37968510389328003,
          "z": 1.2894315719604492
        },
        "tail": {
          "x": 0.6612513065338135,
          "y": 0.391277015209198,
          "z": 1.3068071603775024
        },
        "rotation_quaternion": {
          "w": 0.8006058931350708,
          "x": 0.3070637583732605,
          "y": 0.05776359513401985,
          "z": -0.5112782716751099
        },
        "matrix": [
          [
            0.47051459550857544,
            0.8541387319564819,
            -0.221500426530838,
            0.6269453167915344
          ],
          [
            -0.7831923961639404,
            0.28861165046691895,
            -0.550739049911499,
            0.37968510389328003
          ],
          [
            -0.40648353099823,
            0.4326115846633911,
            0.8047561645507812,
            1.2894315719604492
          ],
          [
            0.0,
            0.0,
            0.0,
            1.0
          ]
        ]
      },
      "bone_length_armature_space": 0.040164466910829616,
      "parent": "thumb_01_l",
      "has_children": true,
      "is_end_bone": false
    },
    "thumb_03_l": {
      "name": "thumb_03_l",
      "local": {
        "location": {
          "x": 0.0,
          "y": 0.0,
          "z": 0.0
        },
        "rotation_quaternion": {
          "w": 0.9811861515045166,
          "x": 0.1927725374698639,
          "y": 0.009419848211109638,
          "z": -0.004881570115685463
        },
        "scale": {
          "x": 1.0,
          "y": 1.0,
          "z": 1.0
        },
        "matrix_basis": [
          [
            0.9997748732566833,
            0.013211234472692013,
            0.01660318300127983,
            0.0
          ],
          [
            -0.005947682075202465,
            0.9256298542022705,
            -0.37838345766067505,
            0.0
          ],
          [
            -0.020367315039038658,
            0.3781995177268982,
            0.9255000352859497,
            0.0
          ],
          [
            0.0,
            0.0,
            0.0,
            1.0
          ]
        ],
        "rotation_mode": "QUATERNION"
      },
      "armature_space": {
        "head": {
          "x": 0.6612513065338135,
          "y": 0.3280330002307892,
          "z": 0.3569530248641968
        },
        "tail": {
          "x": 0.6784605979919434,
          "y": 0.3250844180583954,
          "z": 0.3818938732147217
        }
      },
      "world_space": {
        "head": {
          "x": 0.6612513065338135,
          "y": 0.391277015209198,
          "z": 1.306807041168213
        },
        "tail": {
          "x": 0.6784605979919434,
          "y": 0.3883284330368042,
          "z": 1.3317478895187378
        },
        "rotation_quaternion": {
          "w": 0.6701667308807373,
          "x": 0.6388671398162842,
          "y": 0.04951208084821701,
          "z": -0.37453174591064453
        },
        "matrix": [
          [
            0.7145472764968872,
            0.565260648727417,
            -0.4121916890144348,
            0.6612513065338135
          ],
          [
            -0.4387377202510834,
            -0.09685000777244568,
            -0.8933811783790588,
            0.391277015209198
          ],
          [
            -0.5449181795120239,
            0.8192129135131836,
            0.17879769206047058,
            1.306807041168213
          ],
          [
            0.0,
            0.0,
            0.0,
            1.0
          ]
        ]
      },
      "bone_length_armature_space": 0.030445028032407555,
      "parent": "thumb_02_l",
      "has_children": false,
      "is_end_bone": true
    },
    "metacarpal_index_l": {
      "name": "metacarpal_index_l",
      "local": {
        "location": {
          "x": 0.0,
          "y": 0.0,
          "z": 0.0
        },
        "rotation_quaternion": {
          "w": 0.999549150466919,
          "x": -0.021425416693091393,
          "y": 0.02048824168741703,
          "z": 0.004767115693539381
        },
        "scale": {
          "x": 1.0,
          "y": 1.0,
          "z": 1.0
        },
        "matrix_basis": [
          [
            0.999114990234375,
            -0.010407871566712856,
            0.04075373336672783,
            0.0
          ],
          [
            0.008651995100080967,
            0.999036431312561,
            0.04302685335278511,
            0.0
          ],
          [
            -0.04116228222846985,
            -0.04263617470860481,
            0.9982423782348633,
            0.0
          ],
          [
            0.0,
            0.0,
            0.0,
            1.0
          ]
        ],
        "rotation_mode": "QUATERNION"
      },
      "armature_space": {
        "head": {
          "x": 0.5904111862182617,
          "y": 0.2941468358039856,
          "z": 0.40183281898498535
        },
        "tail": {
          "x": 0.694036066532135,
          "y": 0.3231775164604187,
          "z": 0.3554826080799103
        }
      },
      "world_space": {
        "head": {
          "x": 0.5904111862182617,
          "y": 0.357390820980072,
          "z": 1.3516868352890015
        },
        "tail": {
          "x": 0.694036066532135,
          "y": 0.3864215016365051,
          "z": 1.305336594581604
        },
        "rotation_quaternion": {
          "w": 0.1566428691148758,
          "x": -0.5983755588531494,
          "y": -0.7741732597351074,
          "z": 0.1344081610441208
        },
        "matrix": [
          [
            -0.2348184883594513,
            0.8843847513198853,
            -0.40339019894599915,
            0.5904111862182617
          ],
          [
            0.9686011672019958,
            0.24776175618171692,
            -0.020646218210458755,
            0.357390820980072
          ],
          [
            0.08168694376945496,
            -0.3955749571323395,
            -0.9148015379905701,
            1.3516868352890015
          ],
          [
            0.0,
            0.0,
            0.0,
            1.0
          ]
        ]
      },
      "bone_length_armature_space": 0.11717183212008164,
      "parent": "lowerarm_l",
      "has_children": true,
      "is_end_bone": false
    },
    "index_01_l": {
      "name": "index_01_l",
      "local": {
        "location": {
          "x": 0.0,
          "y": 0.0,
          "z": 0.0
        },
        "rotation_quaternion": {
          "w": 0.9696665406227112,
          "x": 0.2442498803138733,
          "y": 0.001134375692345202,
          "z": 0.0093551529571414
        },
        "scale": {
          "x": 1.0,
          "y": 1.0,
          "z": 1.0
        },
        "matrix_basis": [
          [
            0.9998223781585693,
            -0.01758861541748047,
            0.006769922096282244,
            0.0
          ],
          [
            0.018696900457143784,
            0.8805089592933655,
            -0.4736606478691101,
            0.0
          ],
          [
            0.002370057627558708,
            0.4737030863761902,
            0.8806813955307007,
            0.0
          ],
          [
            0.0,
            0.0,
            0.0,
            1.0
          ]
        ],
        "rotation_mode": "QUATERNION"
      },
      "armature_space": {
        "head": {
          "x": 0.694036066532135,
          "y": 0.3231775164604187,
          "z": 0.3554826080799103
        },
        "tail": {
          "x": 0.7101261019706726,
          "y": 0.33784717321395874,
          "z": 0.337071031332016
        }
      },
      "world_space": {
        "head": {
          "x": 0.694036066532135,
          "y": 0.3864215016365051,
          "z": 1.305336594581604
        },
        "tail": {
          "x": 0.7101261019706726,
          "y": 0.40109115839004517,
          "z": 1.2869250774383545
        },
        "rotation_quaternion": {
          "w": 0.26117220520973206,
          "x": -0.42062830924987793,
          "y": -0.8300737142562866,
          "z": 0.25659048557281494
        },
        "matrix": [
          [
            -0.5097208023071289,
            0.5642772912979126,
            -0.6494426727294922,
            0.694036066532135
          ],
          [
            0.8323343396186829,
            0.514465868473053,
            -0.20626376569271088,
            0.3864215016365051
          ],
          [
            0.2177284210920334,
            -0.6456944346427917,
            -0.731906533241272,
            1.305336594581604
          ],
          [
            0.0,
            0.0,
            0.0,
            1.0
          ]
        ]
      },
      "bone_length_armature_space": 0.028514456857717505,
      "parent": "metacarpal_index_l",
      "has_children": true,
      "is_end_bone": false
    },
    "index_02_l": {
      "name": "index_02_l",
      "local": {
        "location": {
          "x": 0.0,
          "y": 0.0,
          "z": 0.0
        },
        "rotation_quaternion": {
          "w": 0.9250680208206177,
          "x": 0.3795686364173889,
          "y": 0.008946726098656654,
          "z": 0.009844020009040833
        },
        "scale": {
          "x": 1.0,
          "y": 1.0,
          "z": 1.0
        },
        "matrix_basis": [
          [
            0.9996461272239685,
            -0.011420982889831066,
            0.024025622755289078,
            0.0
          ],
          [
            0.025004569441080093,
            0.7116615176200867,
            -0.7020774483680725,
            0.0
          ],
          [
            -0.009079697541892529,
            0.7024297714233398,
            0.7116951942443848,
            0.0
          ],
          [
            0.0,
            0.0,
            0.0,
            1.0
          ]
        ],
        "rotation_mode": "QUATERNION"
      },
      "armature_space": {
        "head": {
          "x": 0.7101262211799622,
          "y": 0.33784711360931396,
          "z": 0.337070494890213
        },
        "tail": {
          "x": 0.7100003361701965,
          "y": 0.34325629472732544,
          "z": 0.31199413537979126
        }
      },
      "world_space": {
        "head": {
          "x": 0.7101262211799622,
          "y": 0.4010910987854004,
          "z": 1.2869244813919067
        },
        "tail": {
          "x": 0.7100003361701965,
          "y": 0.40650027990341187,
          "z": 1.2618482112884521
        },
        "rotation_quaternion": {
          "w": 0.3714180886745453,
          "x": -0.2970677316188812,
          "y": -0.6837230324745178,
          "z": 0.5534639358520508
        },
        "matrix": [
          [
            -0.5475996136665344,
            -0.004907935857772827,
            -0.8367260694503784,
            0.7101262211799622
          ],
          [
            0.8173568844795227,
            0.21085694432258606,
            -0.5361599326133728,
            0.4010910987854004
          ],
          [
            0.17906293272972107,
            -0.9775114059448242,
            -0.11145490407943726,
            1.2869244813919067
          ],
          [
            0.0,
            0.0,
            0.0,
            1.0
          ]
        ]
      },
      "bone_length_armature_space": 0.02565343856498827,
      "parent": "index_01_l",
      "has_children": true,
      "is_end_bone": false
    },
    "index_03_l": {
      "name": "index_03_l",
      "local": {
        "location": {
          "x": 0.0,
          "y": 0.0,
          "z": 0.0
        },
        "rotation_quaternion": {
          "w": 0.957771897315979,
          "x": 0.287291944026947,
          "y": -0.011145067401230335,
          "z": 0.003473319811746478
        },
        "scale": {
          "x": 1.0,
          "y": 1.0,
          "z": 1.0
        },
        "matrix_basis": [
          [
            0.9997274279594421,
            -0.013057072646915913,
            -0.019353151321411133,
            0.0
          ],
          [
            0.00024952006060630083,
            0.8349025249481201,
            -0.5503976941108704,
            0.0
          ],
          [
            0.023344578221440315,
            0.5502429008483887,
            0.8346782326698303,
            0.0
          ],
          [
            0.0,
            0.0,
            0.0,
            1.0
          ]
        ],
        "rotation_mode": "QUATERNION"
      },
      "armature_space": {
        "head": {
          "x": 0.7100004553794861,
          "y": 0.3432563543319702,
          "z": 0.31199416518211365
        },
        "tail": {
          "x": 0.6931105852127075,
          "y": 0.34069767594337463,
          "z": 0.28828921914100647
        }
      },
      "world_space": {
        "head": {
          "x": 0.7100004553794861,
          "y": 0.40650033950805664,
          "z": 1.2618482112884521
        },
        "tail": {
          "x": 0.6931105852127075,
          "y": 0.40394169092178345,
          "z": 1.2381432056427002
        },
        "rotation_quaternion": {
          "w": 0.4824303984642029,
          "x": -0.12946392595767975,
          "y": -0.47273164987564087,
          "z": 0.7259647846221924
        },
        "matrix": [
          [
            -0.5009974837303162,
            -0.5780513882637024,
            -0.6440946459770203,
            0.7100004553794861
          ],
          [
            0.8228603005409241,
            -0.0875704288482666,
            -0.5614556670188904,
            0.40650033950805664
          ],
          [
            0.268149197101593,
            -0.8112936615943909,
            0.51953125,
            1.2618482112884521
          ],
          [
            0.0,
            0.0,
            0.0,
            1.0
          ]
        ]
      },
      "bone_length_armature_space": 0.029218812867530527,
      "parent": "index_02_l",
      "has_children": false,
      "is_end_bone": true
    },
    "metacarpal_pinky_l": {
      "name": "metacarpal_pinky_l",
      "local": {
        "location": {
          "x": 0.0,
          "y": 0.0,
          "z": 0.0
        },
        "rotation_quaternion": {
          "w": 0.9999286532402039,
          "x": 0.006682772189378738,
          "y": -0.001582171069458127,
          "z": -0.009779234416782856
        },
        "scale": {
          "x": 1.0,
          "y": 1.0,
          "z": 1.0
        },
        "matrix_basis": [
          [
            0.9998037219047546,
            0.01953592710196972,
            -0.0032948211301118135,
            0.0
          ],
          [
            -0.019578220322728157,
            0.9997194409370422,
            -0.013333645649254322,
            0.0
          ],
          [
            0.0030334116891026497,
            0.013395535759627819,
            0.9999056458473206,
            0.0
          ],
          [
            0.0,
            0.0,
            0.0,
            1.0
          ]
        ],
        "rotation_mode": "QUATERNION"
      },
      "armature_space": {
        "head": {
          "x": 0.5904111862182617,
          "y": 0.2941468358039856,
          "z": 0.40183281898498535
        },
        "tail": {
          "x": 0.6694276928901672,
          "y": 0.3619595468044281,
          "z": 0.40081366896629333
        }
      },
      "world_space": {
        "head": {
          "x": 0.5904111862182617,
          "y": 0.357390820980072,
          "z": 1.3516868352890015
        },
        "tail": {
          "x": 0.6694276928901672,
          "y": 0.4252035617828369,
          "z": 1.3506677150726318
        },
        "rotation_quaternion": {
          "w": 0.7893716096878052,
          "x": 0.20212116837501526,
          "y": 0.4500069320201874,
          "z": -0.36542201042175293
        },
        "matrix": [
          [
            0.32792067527770996,
            0.7588202357292175,
            0.5627254247665405,
            0.5904111862182617
          ],
          [
            -0.394996702671051,
            0.6512264609336853,
            -0.6479829549789429,
            0.357390820980072
          ],
          [
            -0.8581706285476685,
            -0.009787267073988914,
            0.5132849812507629,
            1.3516868352890015
          ],
          [
            0.0,
            0.0,
            0.0,
            1.0
          ]
        ]
      },
      "bone_length_armature_space": 0.10413074039723112,
      "parent": "lowerarm_l",
      "has_children": true,
      "is_end_bone": false
    },
    "pinky_01_l": {
      "name": "pinky_01_l",
      "local": {
        "location": {
          "x": 0.0,
          "y": 0.0,
          "z": 0.0
        },
        "rotation_quaternion": {
          "w": 0.9413496851921082,
          "x": 0.33686283230781555,
          "y": -0.015605700202286243,
          "z": -0.011864378117024899
        },
        "scale": {
          "x": 1.0,
          "y": 1.0,
          "z": 1.0
        },
        "matrix_basis": [
          [
            0.9992313981056213,
            0.011823096312582493,
            -0.03737417981028557,
            0.0
          ],
          [
            -0.03285101801156998,
            0.7727653384208679,
            -0.6338411569595337,
            0.0
          ],
          [
            0.021387506276369095,
            0.6345817446708679,
            0.7725597620010376,
            0.0
          ],
          [
            0.0,
            0.0,
            0.0,
            1.0
          ]
        ],
        "rotation_mode": "QUATERNION"
      },
      "armature_space": {
        "head": {
          "x": 0.6694276928901672,
          "y": 0.3619595468044281,
          "z": 0.40081366896629333
        },
        "tail": {
          "x": 0.6768450140953064,
          "y": 0.37747660279273987,
          "z": 0.38498643040657043
        }
      },
