{
  "metadata": {
    "armature_name": "KIM_caucasian_male",
    "export_time": "2026-01-13T21:16:02.396855",
    "blender_version": "4.4.1",
    "bone_count": 56,
    "end_bone_count": 13,
    "spaces_included": [
      "LOCAL_CHANNELS",
      "ARMATURE_SPACE",
      "WORLD_SPACE"
    ],
    "note": "LOCAL matches Transform panel; replay pose via local.matrix_basis for best fidelity."
  },
  "bones": {
    "Root": {
      "name": "Root",
      "local": {
        "location": {
          "x": 0.0,
          "y": 0.0,
          "z": 0.0
        },
        "rotation_quaternion": {
          "w": 0.999626874923706,
          "x": -0.009219720028340816,
          "y": -0.01738385111093521,
          "z": 0.018946126103401184
        },
        "scale": {
          "x": 1.0,
          "y": 1.0,
          "z": 1.0
        },
        "matrix_basis": [
          [
            0.998677670955658,
            -0.03755756467580795,
            -0.03510408475995064,
            0.0
          ],
          [
            0.03819866105914116,
            0.999112069606781,
            0.01777384616434574,
            0.0
          ],
          [
            0.03440537303686142,
            -0.019091272726655006,
            0.9992256164550781,
            0.0
          ],
          [
            0.0,
            0.0,
            0.0,
            1.0
          ]
        ],
        "rotation_mode": "QUATERNION"
      },
      "armature_space": {
        "head": {
          "x": 0.0,
          "y": 0.07072800397872925,
          "z": -0.009595036506652832
        },
        "tail": {
          "x": -0.002680703764781356,
          "y": 0.0002459883689880371,
          "z": 0.001341777853667736
        }
      },
      "world_space": {
        "head": {
          "x": 0.0,
          "y": 0.13397200405597687,
          "z": 0.9402589797973633
        },
        "tail": {
          "x": -0.002680703764781356,
          "y": 0.06348998844623566,
          "z": 0.9511957764625549
        },
        "rotation_quaternion": {
          "w": 0.07654129713773727,
          "x": 0.9967347979545593,
          "y": -0.02007419988512993,
          "z": -0.016067998483777046
        },
        "matrix": [
          [
            0.998677670955658,
            -0.03755756467580795,
            -0.03510408475995064,
            0.0
          ],
          [
            -0.042477041482925415,
            -0.9874768257141113,
            -0.15193811058998108,
            0.13397200405597687
          ],
          [
            -0.028958290815353394,
            0.15322846174240112,
            -0.9877735376358032,
            0.9402589797973633
          ],
          [
            0.0,
            0.0,
            0.0,
            1.0
          ]
        ]
      },
      "bone_length_armature_space": 0.07137586943901524,
      "parent": null,
      "has_children": true,
      "is_end_bone": false
    },
    "spine_01": {
      "name": "spine_01",
      "local": {
        "location": {
          "x": 0.0,
          "y": 0.0,
          "z": 0.0
        },
        "rotation_quaternion": {
          "w": 0.9993185997009277,
          "x": 0.004065625369548798,
          "y": -0.03457591310143471,
          "z": -0.012265033088624477
        },
        "scale": {
          "x": 1.0,
          "y": 1.0,
          "z": 1.0
        },
        "matrix_basis": [
          [
            0.9973081350326538,
            0.024232206866145134,
            -0.0692044347524643,
            0.0
          ],
          [
            -0.024794496595859528,
            0.9996660947799683,
            -0.0072775608859956264,
            0.0
          ],
          [
            0.06900497525930405,
            0.008973859250545502,
            0.9975759387016296,
            0.0
          ],
          [
            0.0,
            0.0,
            0.0,
            1.0
          ]
        ],
        "rotation_mode": "QUATERNION"
      },
      "armature_space": {
        "head": {
          "x": -0.002680703764781356,
          "y": 0.0002459883689880371,
          "z": 0.001341777853667736
        },
        "tail": {
          "x": 0.024398604407906532,
          "y": 0.02683420106768608,
          "z": 0.48786860704421997
        }
      },
      "world_space": {
        "head": {
          "x": -0.002680703764781356,
          "y": 0.06348998844623566,
          "z": 0.9511957764625549
        },
        "tail": {
          "x": 0.024398604407906532,
          "y": 0.090078204870224,
          "z": 1.4377226829528809
        },
        "rotation_quaternion": {
          "w": 0.7258133888244629,
          "x": 0.6851275563240051,
          "y": -0.020897500216960907,
          "z": -0.05795232951641083
        },
        "matrix": [
          [
            0.9924095869064331,
            0.055490247905254364,
            -0.10974521934986115,
            -0.002680703764781356
          ],
          [
            -0.11276045441627502,
            0.05448390543460846,
            -0.9921272993087769,
            0.06348998844623566
          ],
          [
            -0.04907448962330818,
            0.9969787001609802,
            0.060326963663101196,
            0.9511957764625549
          ],
          [
            0.0,
            0.0,
            0.0,
            1.0
          ]
        ]
      },
      "bone_length_armature_space": 0.4880046772282654,
      "parent": "Root",
      "has_children": true,
      "is_end_bone": false
    },
    "neck_01": {
      "name": "neck_01",
      "local": {
        "location": {
          "x": 0.0,
          "y": 0.0,
          "z": 0.0
        },
        "rotation_quaternion": {
          "w": 0.9976797103881836,
          "x": -0.03934607654809952,
          "y": 0.04847791790962219,
          "z": -0.027147535234689713
        },
        "scale": {
          "x": 1.0,
          "y": 1.0,
          "z": 1.0
        },
        "matrix_basis": [
          [
            0.9938257932662964,
            0.050354257225990295,
            0.09886717051267624,
            0.0
          ],
          [
            -0.05798392370343208,
            0.9954298138618469,
            0.07587745040655136,
            0.0
          ],
          [
            -0.0945945754647255,
            -0.08114167302846909,
            0.9922035336494446,
            0.0
          ],
          [
            0.0,
            0.0,
            0.0,
            1.0
          ]
        ],
        "rotation_mode": "QUATERNION"
      },
      "armature_space": {
        "head": {
          "x": 0.024655502289533615,
          "y": -0.0035839825868606567,
          "z": 0.5629580020904541
        },
        "tail": {
          "x": 0.03179539740085602,
          "y": -0.029690876603126526,
          "z": 0.6618428230285645
        }
      },
      "world_space": {
        "head": {
          "x": 0.024655502289533615,
          "y": 0.05966001749038696,
          "z": 1.5128120183944702
        },
        "tail": {
          "x": 0.03179539740085602,
          "y": 0.033553123474121094,
          "z": 1.6116968393325806
        },
        "rotation_quaternion": {
          "w": 0.6101405620574951,
          "x": 0.7914313673973083,
          "y": 0.020102139562368393,
          "z": -0.03099619224667549
        },
        "matrix": [
          [
            0.9972702860832214,
            0.06964302808046341,
            -0.024532034993171692,
            0.024655502289533615
          ],
          [
            -0.006004728376865387,
            -0.2546483874320984,
            -0.9670152068138123,
            0.05966001749038696
          ],
          [
            -0.07359342277050018,
            0.9645293354988098,
            -0.25353771448135376,
            1.5128120183944702
          ],
          [
            0.0,
            0.0,
            0.0,
            1.0
          ]
        ]
      },
      "bone_length_armature_space": 0.10252197870497226,
      "parent": "spine_01",
      "has_children": true,
      "is_end_bone": false
    },
    "head": {
      "name": "head",
      "local": {
        "location": {
          "x": 0.0,
          "y": 0.0,
          "z": 0.0
        },
        "rotation_quaternion": {
          "w": 0.9935650825500488,
          "x": 0.057724479585886,
          "y": -0.03081456571817398,
          "z": 0.09244847297668457
        },
        "scale": {
          "x": 1.0,
          "y": 1.0,
          "z": 1.0
        },
        "matrix_basis": [
          [
            0.98100745677948,
            -0.18726466596126556,
            -0.05055947229266167,
            0.0
          ],
          [
            0.180149644613266,
            0.9762423038482666,
            -0.12040357291698456,
            0.0
          ],
          [
            0.07190563529729843,
            0.1090085357427597,
            0.9914367198944092,
            0.0
          ],
          [
            0.0,
            0.0,
            0.0,
            1.0
          ]
        ],
        "rotation_mode": "QUATERNION"
      },
      "armature_space": {
        "head": {
          "x": 0.03179538995027542,
          "y": -0.029691006988286972,
          "z": 0.6618427038192749
        },
        "tail": {
          "x": 0.01389726996421814,
          "y": -0.029249848797917366,
          "z": 0.8158971667289734
        }
      },
      "world_space": {
        "head": {
          "x": 0.03179538995027542,
          "y": 0.03355299308896065,
          "z": 1.611696720123291
        },
        "tail": {
          "x": 0.01389726996421814,
          "y": 0.0339941531419754,
          "z": 1.7657511234283447
        },
        "rotation_quaternion": {
          "w": 0.7053808569908142,
          "x": 0.7058274745941162,
          "y": -0.06212823837995529,
          "z": 0.019635429605841637
        },
        "matrix": [
          [
            0.991508960723877,
            -0.11540456861257553,
            -0.05993054807186127,
            0.03179538995027542
          ],
          [
            -0.06000352278351784,
            0.0028445273637771606,
            -0.9981942772865295,
            0.03355299308896065
          ],
          [
            0.11536744236946106,
            0.9933216571807861,
            -0.004105210304260254,
            1.611696720123291
          ],
          [
            0.0,
            0.0,
            0.0,
            1.0
          ]
        ]
      },
      "bone_length_armature_space": 0.15509131179727983,
      "parent": "neck_01",
      "has_children": false,
      "is_end_bone": true
    },
    "upperarm_l": {
      "name": "upperarm_l",
      "local": {
        "location": {
          "x": 0.0,
          "y": 0.0,
          "z": 0.0
        },
        "rotation_quaternion": {
          "w": 0.9691900014877319,
          "x": -0.015984605997800827,
          "y": -0.17836511135101318,
          "z": -0.1691189706325531
        },
        "scale": {
          "x": 1.0,
          "y": 1.0,
          "z": 1.0
        },
        "matrix_basis": [
          [
            0.8791693449020386,
            0.33351901173591614,
            -0.3403327763080597,
            0.0
          ],
          [
            -0.32211464643478394,
            0.9422865509986877,
            0.09131409227848053,
            0.0
          ],
          [
            0.3511459529399872,
            0.02934560738503933,
            0.9358607530593872,
            0.0
          ],
          [
            0.0,
            0.0,
            0.0,
            1.0
          ]
        ],
        "rotation_mode": "QUATERNION"
      },
      "armature_space": {
        "head": {
          "x": 0.16943757236003876,
          "y": -0.02732381597161293,
          "z": 0.4887845516204834
        },
        "tail": {
          "x": 0.41322770714759827,
          "y": -0.056615233421325684,
          "z": 0.3814711570739746
        }
      },
      "world_space": {
        "head": {
          "x": 0.16943757236003876,
          "y": 0.03592018410563469,
          "z": 1.4386385679244995
        },
        "tail": {
          "x": 0.41322770714759827,
          "y": 0.006628766655921936,
          "z": 1.3313251733779907
        },
        "rotation_quaternion": {
          "w": 0.4589228332042694,
          "x": 0.2885340750217438,
          "y": 0.4844949245452881,
          "z": -0.6865877509117126
        },
        "matrix": [
          [
            -0.4122748374938965,
            0.9097684621810913,
            0.048484742641448975,
            0.16943757236003876
          ],
          [
            -0.35059764981269836,
            -0.10930880904197693,
            -0.9301252365112305,
            0.03592018410563469
          ],
          [
            -0.8409051299095154,
            -0.4004688560962677,
            0.3640296757221222,
            1.4386385679244995
          ],
          [
            0.0,
            0.0,
            0.0,
            1.0
          ]
        ]
      },
      "bone_length_armature_space": 0.26796974407069357,
      "parent": "spine_01",
      "has_children": true,
      "is_end_bone": false
    },
    "lowerarm_l": {
      "name": "lowerarm_l",
      "local": {
        "location": {
          "x": 0.0,
          "y": 0.0,
          "z": 0.0
        },
        "rotation_quaternion": {
          "w": 0.9187226295471191,
          "x": 0.3431766629219055,
          "y": -0.06450700014829636,
          "z": 0.18443840742111206
        },
        "scale": {
          "x": 1.0,
          "y": 1.0,
          "z": 1.0
        },
        "matrix_basis": [
          [
            0.923642635345459,
            -0.38317006826400757,
            0.008061832748353481,
            0.0
          ],
          [
            0.2946208715438843,
            0.6964244842529297,
            -0.6543634533882141,
            0.0
          ],
          [
            0.24511799216270447,
            0.6067731976509094,
            0.7561372518539429,
            0.0
          ],
          [
            0.0,
            0.0,
            0.0,
            1.0
          ]
        ],
        "rotation_mode": "QUATERNION"
      },
      "armature_space": {
        "head": {
          "x": 0.4132278561592102,
          "y": -0.05661524832248688,
          "z": 0.3814712464809418
        },
        "tail": {
          "x": 0.6221568584442139,
          "y": -0.18075507879257202,
          "z": 0.49330809712409973
        }
      },
      "world_space": {
        "head": {
          "x": 0.4132278561592102,
          "y": 0.006628751754760742,
          "z": 1.3313252925872803
        },
        "tail": {
          "x": 0.6221568584442139,
          "y": -0.1175110787153244,
          "z": 1.4431620836257935
        },
        "rotation_quaternion": {
          "w": 0.5163798332214355,
          "x": 0.45600035786628723,
          "y": 0.03653432056307793,
          "z": -0.7239343523979187
        },
        "matrix": [
          [
            -0.050829652696847916,
            0.7809714078903198,
            -0.6224946975708008,
            0.4132278561592102
          ],
          [
            -0.7143309116363525,
            -0.4640316367149353,
            -0.5238378047943115,
            0.006628751754760742
          ],
          [
            -0.6979653835296631,
            0.41804343461990356,
            0.5814623832702637,
            1.3313252925872803
          ],
          [
            0.0,
            0.0,
            0.0,
            1.0
          ]
        ]
      },
      "bone_length_armature_space": 0.26752477657024315,
      "parent": "upperarm_l",
      "has_children": true,
      "is_end_bone": false
    },
    "metacarpal_thumb_l": {
      "name": "metacarpal_thumb_l",
      "local": {
        "location": {
          "x": 0.0,
          "y": 0.0,
          "z": 0.0
        },
        "rotation_quaternion": {
          "w": 0.9994902610778809,
          "x": -0.02930968627333641,
          "y": -0.0034829662181437016,
          "z": 0.012172448448836803
        },
        "scale": {
          "x": 1.0,
          "y": 1.0,
          "z": 1.0
        },
        "matrix_basis": [
          [
            0.9996793866157532,
            -0.024128317832946777,
            -0.007675922941416502,
            0.0
          ],
          [
            0.024536656215786934,
            0.9979855418205261,
            0.058504700660705566,
            0.0
          ],
          [
            0.006248840130865574,
            -0.05867428332567215,
            0.9982576370239258,
            0.0
          ],
          [
            0.0,
            0.0,
            0.0,
            1.0
          ]
        ],
        "rotation_mode": "QUATERNION"
      },
      "armature_space": {
        "head": {
          "x": 0.6221568584442139,
          "y": -0.18075507879257202,
          "z": 0.49330809712409973
        },
        "tail": {
          "x": 0.6333619356155396,
          "y": -0.2189180999994278,
          "z": 0.522831380367279
        }
      },
      "world_space": {
        "head": {
          "x": 0.6221568584442139,
          "y": -0.1175110787153244,
          "z": 1.4431620836257935
        },
        "tail": {
          "x": 0.6333619356155396,
          "y": -0.15567409992218018,
          "z": 1.4726853370666504
        },
        "rotation_quaternion": {
          "w": 0.3288712501525879,
          "x": 0.9340742230415344,
          "y": 0.08136644214391708,
          "z": -0.11282087117433548
        },
        "matrix": [
          [
            0.9613018035888672,
            0.22621172666549683,
            -0.15724731981754303,
            0.6221568584442139
          ],
          [
            0.07779794931411743,
            -0.7704460024833679,
            -0.6327402591705322,
            -0.1175110787153244
          ],
          [
            -0.26428571343421936,
            0.5960245728492737,
            -0.7582362294197083,
            1.4431620836257935
          ],
          [
            0.0,
            0.0,
            0.0,
            1.0
          ]
        ]
      },
      "bone_length_armature_space": 0.049533768640225115,
      "parent": "lowerarm_l",
      "has_children": true,
      "is_end_bone": false
    },
    "thumb_01_l": {
      "name": "thumb_01_l",
      "local": {
        "location": {
          "x": 0.0,
          "y": 0.0,
          "z": 0.0
        },
        "rotation_quaternion": {
          "w": 0.9615835547447205,
          "x": 0.2738789916038513,
          "y": 0.018148230388760567,
          "z": 0.00425702054053545
        },
        "scale": {
          "x": 1.0,
          "y": 1.0,
          "z": 1.0
        },
        "matrix_basis": [
          [
            0.999305009841919,
            0.001753876218572259,
            0.03723389655351639,
            0.0
          ],
          [
            0.018127799034118652,
            0.8499443531036377,
            -0.5265605449676514,
            0.0
          ],
          [
            -0.032570261508226395,
            0.5268695950508118,
            0.8493219017982483,
            0.0
          ],
          [
            0.0,
            0.0,
            0.0,
            1.0
          ]
        ],
        "rotation_mode": "QUATERNION"
      },
      "armature_space": {
        "head": {
          "x": 0.6333619356155396,
          "y": -0.2189180999994278,
          "z": 0.522831380367279
        },
        "tail": {
          "x": 0.6481638550758362,
          "y": -0.24824929237365723,
          "z": 0.5139313340187073
        }
      },
      "world_space": {
        "head": {
          "x": 0.6333619356155396,
          "y": -0.15567409992218018,
          "z": 1.4726853370666504
        },
        "tail": {
          "x": 0.6481638550758362,
          "y": -0.1850052922964096,
          "z": 1.4637854099273682
        },
        "rotation_quaternion": {
          "w": 0.24763968586921692,
          "x": -0.7463083863258362,
          "y": -0.08844757825136185,
          "z": -0.611453652381897
        },
        "matrix": [
          [
            0.23660369217395782,
            0.4348570704460144,
            0.8688600659370422,
            0.6333619356155396
          ],
          [
            -0.17082104086875916,
            -0.8617042303085327,
            0.477792888879776,
            -0.15567409992218018
          ],
          [
            0.9564787149429321,
            -0.26146993041038513,
            -0.12960010766983032,
            1.4726853370666504
          ],
          [
            0.0,
            0.0,
            0.0,
            1.0
          ]
        ]
      },
      "bone_length_armature_space": 0.0340386028047737,
      "parent": "metacarpal_thumb_l",
      "has_children": true,
      "is_end_bone": false
    },
    "thumb_02_l": {
      "name": "thumb_02_l",
      "local": {
        "location": {
          "x": 0.0,
          "y": 0.0,
          "z": 0.0
        },
        "rotation_quaternion": {
          "w": 0.9009711742401123,
          "x": 0.4337697923183441,
          "y": 0.009332116693258286,
          "z": 0.002776795532554388
        },
        "scale": {
          "x": 1.0,
          "y": 1.0,
          "z": 1.0
        },
        "matrix_basis": [
          [
            0.9998103976249695,
            0.0030923550948500633,
            0.01922491565346718,
            0.0
          ],
          [
            0.013099606148898602,
            0.6236721277236938,
            -0.7815763354301453,
            0.0
          ],
          [
            -0.014406955800950527,
            0.7816799879074097,
            0.6235133409500122,
            0.0
          ],
          [
            0.0,
            0.0,
            0.0,
            1.0
          ]
        ],
        "rotation_mode": "QUATERNION"
      },
      "armature_space": {
        "head": {
          "x": 0.6481637954711914,
          "y": -0.24824927747249603,
          "z": 0.5139312744140625
        },
        "tail": {
          "x": 0.671904444694519,
          "y": -0.22609005868434906,
          "z": 0.5375646948814392
        }
      },
      "world_space": {
        "head": {
          "x": 0.6481637954711914,
          "y": -0.1850052773952484,
          "z": 1.4637852907180786
        },
        "tail": {
          "x": 0.671904444694519,
          "y": -0.16284605860710144,
          "z": 1.4874186515808105
        },
        "rotation_quaternion": {
          "w": 0.5184779763221741,
          "x": -0.07463663071393967,
          "y": -0.7120645046234131,
          "z": -0.4675191640853882
        },
        "matrix": [
          [
            -0.4512215256690979,
            0.5910872220993042,
            -0.6685916781425476,
            0.6481637954711914
          ],
          [
            -0.3785024583339691,
            0.5517127513885498,
            0.7432018518447876,
            -0.1850052773952484
          ],
          [
            0.8081730604171753,
            0.5884170532226562,
            -0.02521616220474243,
            1.4637852907180786
          ],
          [
            0.0,
            0.0,
            0.0,
            1.0
          ]
        ]
      },
      "bone_length_armature_space": 0.04016451111240423,
      "parent": "thumb_01_l",
      "has_children": true,
      "is_end_bone": false
    },
    "thumb_03_l": {
      "name": "thumb_03_l",
      "local": {
        "location": {
          "x": 0.0,
          "y": 0.0,
          "z": 0.0
        },
        "rotation_quaternion": {
          "w": 0.9888210296630859,
          "x": 0.14905546605587006,
          "y": 4.393392373458482e-05,
          "z": 0.00395552720874548
        },
        "scale": {
          "x": 1.0,
          "y": 1.0,
          "z": 1.0
        },
        "matrix_basis": [
          [
            0.9999687075614929,
            -0.0078095197677612305,
            0.0012660714564844966,
            0.0
          ],
          [
            0.007835714146494865,
            0.9555336236953735,
            -0.2947780191898346,
            0.0
          ],
          [
            0.001092300284653902,
            0.2947787046432495,
            0.9555649161338806,
            0.0
          ],
          [
            0.0,
            0.0,
            0.0,
            1.0
          ]
        ],
        "rotation_mode": "QUATERNION"
      },
      "armature_space": {
        "head": {
          "x": 0.671904444694519,
          "y": -0.22609014809131622,
          "z": 0.5375646948814392
        },
        "tail": {
          "x": 0.6770888566970825,
          "y": -0.19936513900756836,
          "z": 0.5511952042579651
        }
      },
      "world_space": {
        "head": {
          "x": 0.671904444694519,
          "y": -0.1628461480140686,
          "z": 1.4874186515808105
        },
        "tail": {
          "x": 0.6770888566970825,
          "y": -0.13612113893032074,
          "z": 1.501049280166626
        },
        "rotation_quaternion": {
          "w": 0.6869210600852966,
          "x": 0.10180237144231796,
          "y": -0.6834086775779724,
          "z": -0.22522929310798645
        },
        "matrix": [
          [
            -0.035551056265830994,
            0.17028748989105225,
            -0.9847528338432312,
            0.671904444694519
          ],
          [
            -0.4485744833946228,
            0.877815842628479,
            0.16798952221870422,
            -0.1628461480140686
          ],
          [
            0.8930439949035645,
            0.4477112889289856,
            0.04517984390258789,
            1.4874186515808105
          ],
          [
            0.0,
            0.0,
            0.0,
            1.0
          ]
        ]
      },
      "bone_length_armature_space": 0.030444950675292962,
      "parent": "thumb_02_l",
      "has_children": false,
      "is_end_bone": true
    },
    "metacarpal_index_l": {
      "name": "metacarpal_index_l",
      "local": {
        "location": {
          "x": 0.0,
          "y": 0.0,
          "z": 0.0
        },
        "rotation_quaternion": {
          "w": 0.9995406866073608,
          "x": 0.026643190532922745,
          "y": 0.01402356568723917,
          "z": 0.0034613406751304865
        },
        "scale": {
          "x": 1.0,
          "y": 1.0,
          "z": 1.0
        },
        "matrix_basis": [
          [
            0.9995827078819275,
            -0.006172236520797014,
            0.028218692168593407,
            0.0
          ],
          [
            0.00766676664352417,
            0.9985563158988953,
            -0.05316482484340668,
            0.0
          ],
          [
            -0.02784980647265911,
            0.05335898697376251,
            0.9981869459152222,
            0.0
          ],
          [
            0.0,
            0.0,
            0.0,
            1.0
          ]
        ],
        "rotation_mode": "QUATERNION"
      },
      "armature_space": {
        "head": {
          "x": 0.6221568584442139,
          "y": -0.18075507879257202,
          "z": 0.49330809712409973
        },
        "tail": {
          "x": 0.6826342940330505,
          "y": -0.2599988877773285,
          "z": 0.5548886060714722
        }
      },
      "world_space": {
        "head": {
          "x": 0.6221568584442139,
          "y": -0.1175110787153244,
          "z": 1.4431620836257935
        },
        "tail": {
          "x": 0.6826342940330505,
          "y": -0.19675488770008087,
          "z": 1.5047426223754883
        },
        "rotation_quaternion": {
          "w": 0.3812864422798157,
          "x": 0.8236858248710632,
          "y": 0.1283295750617981,
          "z": -0.3996172547340393
        },
        "matrix": [
          [
            0.647675633430481,
            0.5161434412002563,
            -0.5604568719863892,
            0.6221568584442139
          ],
          [
            -0.0933297872543335,
            -0.6763048768043518,
            -0.7306855320930481,
            -0.1175110787153244
          ],
          [
            -0.7561838030815125,
            0.5255578756332397,
            -0.3898582458496094,
            1.4431620836257935
          ],
          [
            0.0,
            0.0,
            0.0,
            1.0
          ]
        ]
      },
      "bone_length_armature_space": 0.11717192725184103,
      "parent": "lowerarm_l",
      "has_children": true,
      "is_end_bone": false
    },
    "index_01_l": {
      "name": "index_01_l",
      "local": {
        "location": {
          "x": 0.0,
          "y": 0.0,
          "z": 0.0
        },
        "rotation_quaternion": {
          "w": 0.951817512512207,
          "x": 0.30642223358154297,
          "y": 0.010193156078457832,
          "z": 0.0067156832665205
        },
        "scale": {
          "x": 1.0,
          "y": 1.0,
          "z": 1.0
        },
        "matrix_basis": [
          [
            0.999701976776123,
            -0.006537390407174826,
            0.023519719019532204,
            0.0
          ],
          [
            0.01903102919459343,
            0.8121206164360046,
            -0.5831791758537292,
            0.0
          ],
          [
            -0.015288379974663258,
            0.5834529995918274,
            0.8120030164718628,
            0.0
          ],
          [
            0.0,
            0.0,
            0.0,
            1.0
          ]
        ],
        "rotation_mode": "QUATERNION"
      },
      "armature_space": {
        "head": {
          "x": 0.6826342940330505,
          "y": -0.2599988877773285,
          "z": 0.5548886060714722
        },
        "tail": {
          "x": 0.6929559111595154,
          "y": -0.28657329082489014,
          "z": 0.5554676055908203
        }
      },
      "world_space": {
        "head": {
          "x": 0.6826342940330505,
          "y": -0.19675488770008087,
          "z": 1.5047426223754883
        },
        "tail": {
          "x": 0.6929559111595154,
          "y": -0.22332929074764252,
          "z": 1.5053216218948364
        },
        "rotation_quaternion": {
          "w": 0.10240677744150162,
          "x": 0.8467071652412415,
          "y": 0.1533958464860916,
          "z": -0.49906888604164124
        },
        "matrix": [
          [
            0.454799622297287,
            0.36197948455810547,
            -0.8137123584747314,
            0.6826342940330505
          ],
          [
            0.15754669904708862,
            -0.9319648742675781,
            -0.3265281915664673,
            -0.19675488770008087
          ],
          [
            -0.876554012298584,
            0.0203065425157547,
            -0.4808899164199829,
            1.5047426223754883
          ],
          [
            0.0,
            0.0,
            0.0,
            1.0
          ]
        ]
      },
      "bone_length_armature_space": 0.02851438121246696,
      "parent": "metacarpal_index_l",
      "has_children": true,
      "is_end_bone": false
    },
    "index_02_l": {
      "name": "index_02_l",
      "local": {
        "location": {
          "x": 0.0,
          "y": 0.0,
          "z": 0.0
        },
        "rotation_quaternion": {
          "w": 0.9012291431427002,
          "x": 0.4333195686340332,
          "y": 0.004366050008684397,
          "z": 0.0010663396678864956
        },
        "scale": {
          "x": 1.0,
          "y": 1.0,
          "z": 1.0
        },
        "matrix_basis": [
          [
            0.9999595880508423,
            0.0018617570167407393,
            0.008793754503130913,
            0.0
          ],
          [
            0.005705822724848986,
            0.6244660019874573,
            -0.7810311317443848,
            0.0
          ],
          [
            -0.006945491302758455,
            0.7810497879981995,
            0.6244301795959473,
            0.0
          ],
          [
            0.0,
            0.0,
            0.0,
            1.0
          ]
        ],
        "rotation_mode": "QUATERNION"
      },
      "armature_space": {
        "head": {
          "x": 0.692955732345581,
          "y": -0.28657376766204834,
          "z": 0.5554676651954651
        },
        "tail": {
          "x": 0.6828590035438538,
          "y": -0.30863136053085327,
          "z": 0.5471243858337402
        }
      },
      "world_space": {
        "head": {
          "x": 0.692955732345581,
          "y": -0.22332976758480072,
          "z": 1.505321741104126
        },
        "tail": {
          "x": 0.6828590035438538,
          "y": -0.24538736045360565,
          "z": 1.4969784021377563
        },
        "rotation_quaternion": {
          "w": 0.25435036420822144,
          "x": -0.7963063716888428,
          "y": 0.07340717315673828,
          "z": 0.5438874363899231
        },
        "matrix": [
          [
            0.3975962996482849,
            -0.39358383417129517,
            -0.828859806060791,
            0.692955732345581
          ],
          [
            0.1597658097743988,
            -0.8598355054855347,
            0.4849306643009186,
            -0.22332976758480072
          ],
          [
            -0.903550386428833,
            -0.3252333998680115,
            -0.27898794412612915,
            1.505321741104126
          ],
          [
            0.0,
            0.0,
            0.0,
            1.0
          ]
        ]
      },
      "bone_length_armature_space": 0.025653296964794788,
      "parent": "index_01_l",
      "has_children": true,
      "is_end_bone": false
    },
    "index_03_l": {
      "name": "index_03_l",
      "local": {
        "location": {
          "x": 0.0,
          "y": 0.0,
          "z": 0.0
        },
        "rotation_quaternion": {
          "w": 0.9246010780334473,
          "x": 0.38090187311172485,
          "y": 0.005018352065235376,
          "z": 0.0012631050776690245
        },
        "scale": {
          "x": 1.0,
          "y": 1.0,
          "z": 1.0
        },
        "matrix_basis": [
          [
            0.9999464154243469,
            0.0014872627798467875,
            0.010242185555398464,
            0.0
          ],
          [
            0.006158736068755388,
            0.7098243236541748,
            -0.7043519020080566,
            0.0
          ],
          [
            -0.008317708969116211,
            0.7043772339820862,
            0.7097771763801575,
            0.0
          ],
          [
            0.0,
            0.0,
            0.0,
            1.0
          ]
        ],
        "rotation_mode": "QUATERNION"
      },
      "armature_space": {
        "head": {
          "x": 0.6828591227531433,
          "y": -0.30863142013549805,
          "z": 0.547124445438385
        },
        "tail": {
          "x": 0.65838623046875,
          "y": -0.3133239150047302,
          "z": 0.5318669080734253
        }
      },
      "world_space": {
        "head": {
          "x": 0.6828591227531433,
          "y": -0.24538742005825043,
          "z": 1.496978521347046
        },
        "tail": {
          "x": 0.65838623046875,
          "y": -0.2500799298286438,
          "z": 1.4817209243774414
        },
        "rotation_quaternion": {
          "w": 0.5935398936271667,
          "x": -0.6283053755760193,
          "y": 0.2596355080604553,
          "z": 0.43073439598083496
        },
        "matrix": [
          [
            0.4941130578517914,
            -0.837577223777771,
            -0.23305854201316833,
            0.6828591227531433
          ],
          [
            0.18505872786045074,
            -0.1605992317199707,
            0.9695160388946533,
            -0.24538742005825043
          ],
          [
            -0.8494793772697449,
            -0.5221841931343079,
            0.07564830780029297,
            1.496978521347046
          ],
          [
            0.0,
            0.0,
            0.0,
            1.0
          ]
        ]
      },
      "bone_length_armature_space": 0.029218733439037994,
      "parent": "index_02_l",
      "has_children": false,
      "is_end_bone": true
    },
    "metacarpal_pinky_l": {
      "name": "metacarpal_pinky_l",
      "local": {
        "location": {
          "x": 0.0,
          "y": 0.0,
          "z": 0.0
        },
        "rotation_quaternion": {
          "w": 0.9991353750228882,
          "x": -0.03775782883167267,
          "y": -0.01330525241792202,
          "z": 0.011221812106668949
        },
        "scale": {
          "x": 1.0,
          "y": 1.0,
          "z": 1.0
        },
        "matrix_basis": [
          [
            0.9993940591812134,
            -0.02141946367919445,
            -0.02743491902947426,
            0.0
          ],
          [
            0.02342897467315197,
            0.9968968629837036,
            0.07515174895524979,
            0.0
          ],
          [
            0.02574007399380207,
            -0.0757489800453186,
            0.9967946410179138,
            0.0
          ],
          [
            0.0,
            0.0,
            0.0,
            1.0
          ]
        ],
        "rotation_mode": "QUATERNION"
      },
      "armature_space": {
        "head": {
          "x": 0.6221568584442139,
          "y": -0.18075507879257202,
          "z": 0.49330809712409973
        },
        "tail": {
          "x": 0.7201212644577026,
          "y": -0.21279004216194153,
          "z": 0.5081386566162109
        }
      },
      "world_space": {
        "head": {
          "x": 0.6221568584442139,
          "y": -0.1175110787153244,
          "z": 1.4431620836257935
        },
        "tail": {
          "x": 0.7201212644577026,
          "y": -0.1495460420846939,
          "z": 1.457992672920227
        },
        "rotation_quaternion": {
          "w": 0.5505807995796204,
          "x": -0.16864122450351715,
          "y": -0.20745883882045746,
          "z": -0.7908108830451965
        },
        "matrix": [
          [
            -0.33684128522872925,
            0.9407828450202942,
            0.03827887400984764,
            0.6221568584442139
          ],
          [
            -0.8008385896682739,
            -0.30764177441596985,
            0.5138229727745056,
            -0.1175110787153244
          ],
          [
            0.49517500400543213,
            0.14242243766784668,
            0.8570485711097717,
            1.4431620836257935
          ],
          [
            0.0,
            0.0,
            0.0,
            1.0
          ]
        ]
      },
      "bone_length_armature_space": 0.10413073161885258,
      "parent": "lowerarm_l",
      "has_children": true,
      "is_end_bone": false
    },
    "pinky_01_l": {
      "name": "pinky_01_l",
      "local": {
        "location": {
          "x": 0.0,
          "y": 0.0,
          "z": 0.0
        },
        "rotation_quaternion": {
          "w": 0.9515200853347778,
          "x": 0.30698302388191223,
          "y": -0.01725008152425289,
          "z": -0.008576515130698681
        },
        "scale": {
          "x": 1.0,
          "y": 1.0,
          "z": 1.0
        },
        "matrix_basis": [
          [
            0.9992577433586121,
            0.005730488337576389,
            -0.038093287497758865,
            0.0
          ],
          [
            -0.026912417262792587,
            0.8113757371902466,
            -0.5839051604270935,
            0.0
          ],
          [
            0.027561908587813377,
            0.5844969153404236,
            0.81092768907547,
            0.0
          ],
          [
            0.0,
            0.0,
            0.0,
            1.0
          ]
        ],
        "rotation_mode": "QUATERNION"
      },
      "armature_space": {
        "head": {
          "x": 0.7201212644577026,
          "y": -0.21279004216194153,
          "z": 0.5081386566162109
        },
        "tail": {
          "x": 0.7322084903717041,
