{
  "metadata": {
    "armature_name": "KIM_caucasian_male",
    "export_time": "2026-01-13T21:13:12.161961",
    "blender_version": "4.4.1",
    "bone_count": 56,
    "end_bone_count": 13,
    "spaces_included": [
      "LOCAL_CHANNELS",
      "ARMATURE_SPACE",
      "WORLD_SPACE"
    ],
    "note": "LOCAL matches Transform panel; replay pose via local.matrix_basis for best fidelity."
  },
  "bones": {
    "Root": {
      "name": "Root",
      "local": {
        "location": {
          "x": 0.0,
          "y": 0.0,
          "z": 0.0
        },
        "rotation_quaternion": {
          "w": 0.999722957611084,
          "x": -0.007452019955962896,
          "y": 0.009977181442081928,
          "z": -0.019977254793047905
        },
        "scale": {
          "x": 1.0,
          "y": 1.0,
          "z": 1.0
        },
        "matrix_basis": [
          [
            0.9990027546882629,
            0.039794739335775375,
            0.02024657651782036,
            0.0
          ],
          [
            -0.040092140436172485,
            0.9990907311439514,
            0.014501277357339859,
            0.0
          ],
          [
            -0.01965109258890152,
            -0.015298544429242611,
            0.9996898174285889,
            0.0
          ],
          [
            0.0,
            0.0,
            0.0,
            1.0
          ]
        ],
        "rotation_mode": "QUATERNION"
      },
      "armature_space": {
        "head": {
          "x": 0.0,
          "y": 0.07072800397872925,
          "z": -0.009595036506652832
        },
        "tail": {
          "x": 0.00284038414247334,
          "y": 0.00021110475063323975,
          "z": 0.001073317602276802
        }
      },
      "world_space": {
        "head": {
          "x": 0.0,
          "y": 0.13397200405597687,
          "z": 0.9402589797973633
        },
        "tail": {
          "x": 0.00284038414247334,
          "y": 0.06345510482788086,
          "z": 0.9509273171424866
        },
        "rotation_quaternion": {
          "w": 0.07478408515453339,
          "x": 0.9969497919082642,
          "y": 0.02060401439666748,
          "z": 0.008608690463006496
        },
        "matrix": [
          [
            0.9990027546882629,
            0.039794739335775375,
            0.02024657651782036,
            0.0
          ],
          [
            0.04236992076039314,
            -0.9879655241966248,
            -0.14875765144824982,
            0.13397200405597687
          ],
          [
            0.014083287678658962,
            0.14946724474430084,
            -0.9886733889579773,
            0.9402589797973633
          ],
          [
            0.0,
            0.0,
            0.0,
            1.0
          ]
        ]
      },
      "bone_length_armature_space": 0.07137586803417362,
      "parent": null,
      "has_children": true,
      "is_end_bone": false
    },
    "spine_01": {
      "name": "spine_01",
      "local": {
        "location": {
          "x": 0.0,
          "y": 0.0,
          "z": 0.0
        },
        "rotation_quaternion": {
          "w": 0.995086133480072,
          "x": 0.09507738053798676,
          "y": -0.01726333051919937,
          "z": 0.02158503048121929
        },
        "scale": {
          "x": 1.0,
          "y": 1.0,
          "z": 1.0
        },
        "matrix_basis": [
          [
            0.9984721541404724,
            -0.046240635216236115,
            -0.030252505093812943,
            0.0
          ],
          [
            0.03967522457242012,
            0.9809887409210205,
            -0.18996562063694,
            0.0
          ],
          [
            0.03846149891614914,
            0.188475102186203,
            0.9813245534896851,
            0.0
          ],
          [
            0.0,
            0.0,
            0.0,
            1.0
          ]
        ],
        "rotation_mode": "QUATERNION"
      },
      "armature_space": {
        "head": {
          "x": 0.00284038414247334,
          "y": 0.00021110475063323975,
          "z": 0.001073317602276802
        },
        "tail": {
          "x": -0.023871883749961853,
          "y": -0.06313377618789673,
          "z": 0.484211266040802
        }
      },
      "world_space": {
        "head": {
          "x": 0.00284038414247334,
          "y": 0.06345510482788086,
          "z": 0.9509273171424866
        },
        "tail": {
          "x": -0.023871883749961853,
          "y": 0.00011022388935089111,
          "z": 1.434065341949463
        },
        "rotation_quaternion": {
          "w": 0.6594228744506836,
          "x": 0.7512426972389221,
          "y": -0.016092093661427498,
          "z": 0.023171747103333473
        },
        "matrix": [
          [
            0.998408317565918,
            -0.0547381192445755,
            0.013591863214969635,
            0.00284038414247334
          ],
          [
            0.006381485611200333,
            -0.12980476021766663,
            -0.991519033908844,
            0.06345510482788086
          ],
          [
            0.056038565933704376,
            0.990034282207489,
            -0.1292506605386734,
            0.9509273171424866
          ],
          [
            0.0,
            0.0,
            0.0,
            1.0
          ]
        ]
      },
      "bone_length_armature_space": 0.48800449151417385,
      "parent": "Root",
      "has_children": true,
      "is_end_bone": false
    },
    "neck_01": {
      "name": "neck_01",
      "local": {
        "location": {
          "x": 0.0,
          "y": 0.0,
          "z": 0.0
        },
        "rotation_quaternion": {
          "w": 0.9831016063690186,
          "x": 0.07510124146938324,
          "y": -0.06167254224419594,
          "z": -0.15513746440410614
        },
        "scale": {
          "x": 1.0,
          "y": 1.0,
          "z": 1.0
        },
        "matrix_basis": [
          [
            0.9442577362060547,
            0.2957684099674225,
            -0.14456278085708618,
            0.0
          ],
          [
            -0.3142951428890228,
            0.9405843615531921,
            -0.12852886319160461,
            0.0
          ],
          [
            0.09795872122049332,
            0.16679973900318146,
            0.9811125993728638,
            0.0
          ],
          [
            0.0,
            0.0,
            0.0,
            1.0
          ]
        ],
        "rotation_mode": "QUATERNION"
      },
      "armature_space": {
        "head": {
          "x": -0.027408353984355927,
          "y": -0.10702420771121979,
          "z": 0.5522176027297974
        },
        "tail": {
          "x": -0.0009762197732925415,
          "y": -0.16961956024169922,
          "z": 0.6289891004562378
        }
      },
      "world_space": {
        "head": {
          "x": -0.027408353984355927,
          "y": -0.04378020763397217,
          "z": 1.5020716190338135
        },
        "tail": {
          "x": -0.0009762197732925415,
          "y": -0.1063755601644516,
          "z": 1.578843116760254
        },
        "rotation_quaternion": {
          "w": 0.43123704195022583,
          "x": 0.8911416530609131,
          "y": 0.09356743097305298,
          "z": -0.10557641088962555
        },
        "matrix": [
          [
            0.9601977467536926,
            0.25782081484794617,
            -0.1074666827917099,
            -0.027408353984355927
          ],
          [
            0.07570747286081314,
            -0.6105591654777527,
            -0.7883438467979431,
            -0.04378020763397217
          ],
          [
            -0.26886796951293945,
            0.7488343119621277,
            -0.6057813763618469,
            1.5020716190338135
          ],
          [
            0.0,
            0.0,
            0.0,
            1.0
          ]
        ]
      },
      "bone_length_armature_space": 0.10252169961611128,
      "parent": "spine_01",
      "has_children": true,
      "is_end_bone": false
    },
    "head": {
      "name": "head",
      "local": {
        "location": {
          "x": 0.0,
          "y": 0.0,
          "z": 0.0
        },
        "rotation_quaternion": {
          "w": 0.9941397905349731,
          "x": -0.0007403225754387677,
          "y": 0.10182824730873108,
          "z": -0.03628411516547203
        },
        "scale": {
          "x": 1.0,
          "y": 1.0,
          "z": 1.0
        },
        "matrix_basis": [
          [
            0.9766289591789246,
            0.07199219614267349,
            0.20251674950122833,
            0.0
          ],
          [
            -0.0722937360405922,
            0.9973658323287964,
            -0.005917527247220278,
            0.0
          ],
          [
            -0.2024092972278595,
            -0.008861463516950607,
            0.9792609214782715,
            0.0
          ],
          [
            0.0,
            0.0,
            0.0,
            1.0
          ]
        ],
        "rotation_mode": "QUATERNION"
      },
      "armature_space": {
        "head": {
          "x": -0.0009762551635503769,
          "y": -0.169619619846344,
          "z": 0.6289889216423035
        },
        "tail": {
          "x": 0.05285869538784027,
          "y": -0.21147514879703522,
          "z": 0.7682840824127197
        }
      },
      "world_space": {
        "head": {
          "x": -0.0009762551635503769,
          "y": -0.10637561976909637,
          "z": 1.5788428783416748
        },
        "tail": {
          "x": 0.05285869538784027,
          "y": -0.1482311487197876,
          "z": 1.7181380987167358
        },
        "rotation_quaternion": {
          "w": 0.5706858038902283,
          "x": 0.7963663339614868,
          "y": 0.1984390914440155,
          "z": -0.027212340384721756
        },
        "matrix": [
          [
            0.9197626113891602,
            0.3471202552318573,
            0.18315240740776062,
            -0.0009762551635503769
          ],
          [
            0.2850024998188019,
            -0.269878625869751,
            -0.9197495579719543,
            -0.10637561976909637
          ],
          [
            -0.26983627676963806,
            0.898155927658081,
            -0.34715765714645386,
            1.5788428783416748
          ],
          [
            0.0,
            0.0,
            0.0,
            1.0
          ]
        ]
      },
      "bone_length_armature_space": 0.155091032366652,
      "parent": "neck_01",
      "has_children": false,
      "is_end_bone": true
    },
    "upperarm_l": {
      "name": "upperarm_l",
      "local": {
        "location": {
          "x": 0.0,
          "y": 0.0,
          "z": 0.0
        },
        "rotation_quaternion": {
          "w": 0.9881788492202759,
          "x": -0.12591446936130524,
          "y": 0.012107624672353268,
          "z": -0.086611807346344
        },
        "scale": {
          "x": 1.0,
          "y": 1.0,
          "z": 1.0
        },
        "matrix_basis": [
          [
            0.9847036004066467,
            0.16812686622142792,
            0.04574035853147507,
            0.0
          ],
          [
            -0.17422495782375336,
            0.9532878994941711,
            0.2467547059059143,
            0.0
          ],
          [
            -0.0021176377777010202,
            -0.25094935297966003,
            0.9679979085922241,
            0.0
          ],
          [
            0.0,
            0.0,
            0.0,
            1.0
          ]
        ],
        "rotation_mode": "QUATERNION"
      },
      "armature_space": {
        "head": {
          "x": 0.12607507407665253,
          "y": -0.10050517320632935,
          "z": 0.493673175573349
        },
        "tail": {
          "x": 0.37885940074920654,
          "y": -0.014953568577766418,
          "z": 0.4694110155105591
        }
      },
      "world_space": {
        "head": {
          "x": 0.12607507407665253,
          "y": -0.037261173129081726,
          "z": 1.4435272216796875
        },
        "tail": {
          "x": 0.37885940074920654,
          "y": 0.0482904314994812,
          "z": 1.4192650318145752
        },
        "rotation_quaternion": {
          "w": 0.49854758381843567,
          "x": 0.4242405593395233,
          "y": 0.6411553621292114,
          "z": -0.40048742294311523
        },
        "matrix": [
          [
            -0.14293985068798065,
            0.9433326721191406,
            0.2994861602783203,
            0.12607507407665253
          ],
          [
            0.1446843147277832,
            0.31925880908966064,
            -0.9365577697753906,
            -0.037261173129081726
          ],
          [
            -0.9791056513786316,
            -0.09054083377122879,
            -0.1821223795413971,
            1.4435272216796875
          ],
          [
            0.0,
            0.0,
            0.0,
            1.0
          ]
        ]
      },
      "bone_length_armature_space": 0.2679694781966019,
      "parent": "spine_01",
      "has_children": true,
      "is_end_bone": false
    },
    "lowerarm_l": {
      "name": "lowerarm_l",
      "local": {
        "location": {
          "x": 0.0,
          "y": 0.0,
          "z": 0.0
        },
        "rotation_quaternion": {
          "w": 0.9896793961524963,
          "x": 0.09247367829084396,
          "y": -0.05658454820513725,
          "z": -0.09371031820774078
        },
        "scale": {
          "x": 1.0,
          "y": 1.0,
          "z": 1.0
        },
        "matrix_basis": [
          [
            0.9760331511497498,
            0.1750211864709854,
            -0.12933260202407837,
            0.0
          ],
          [
            -0.19595150649547577,
            0.9653339982032776,
            -0.17243348062038422,
            0.0
          ],
          [
            0.0946696475148201,
            0.1936437040567398,
            0.9764935970306396,
            0.0
          ],
          [
            0.0,
            0.0,
            0.0,
            1.0
          ]
        ],
        "rotation_mode": "QUATERNION"
      },
      "armature_space": {
        "head": {
          "x": 0.3788595199584961,
          "y": -0.014953605830669403,
          "z": 0.46941110491752625
        },
        "tail": {
          "x": 0.6397546529769897,
          "y": -0.013432596810162067,
          "z": 0.41024360060691833
        }
      },
      "world_space": {
        "head": {
          "x": 0.3788595199584961,
          "y": 0.04829039424657822,
          "z": 1.4192651510238647
        },
        "tail": {
          "x": 0.6397546529769897,
          "y": 0.04981140419840813,
          "z": 1.3600976467132568
        },
        "rotation_quaternion": {
          "w": 0.47148528695106506,
          "x": 0.4099322557449341,
          "y": 0.5296648740768433,
          "z": -0.5736830234527588
        },
        "matrix": [
          [
            -0.21931399405002594,
            0.9752197861671448,
            0.029115378856658936,
            0.3788595199584961
          ],
          [
            -0.1067146435379982,
            0.005685493350028992,
            -0.9942735433578491,
            0.04829039424657822
          ],
          [
            -0.9698075652122498,
            -0.2211667001247406,
            0.10282309353351593,
            1.4192651510238647
          ],
          [
            0.0,
            0.0,
            0.0,
            1.0
          ]
        ]
      },
      "bone_length_armature_space": 0.2675245338705765,
      "parent": "upperarm_l",
      "has_children": true,
      "is_end_bone": false
    },
    "metacarpal_thumb_l": {
      "name": "metacarpal_thumb_l",
      "local": {
        "location": {
          "x": 0.0,
          "y": 0.0,
          "z": 0.0
        },
        "rotation_quaternion": {
          "w": 0.9997358918190002,
          "x": 0.001627130201086402,
          "y": -0.02212432585656643,
          "z": 0.006004939321428537
        },
        "scale": {
          "x": 1.0,
          "y": 1.0,
          "z": 1.0
        },
        "matrix_basis": [
          [
            0.9989489316940308,
            -0.012078705243766308,
            -0.04421742260456085,
            0.0
          ],
          [
            0.011934708803892136,
            0.9999225735664368,
            -0.0035191113129258156,
            0.0
          ],
          [
            0.044256508350372314,
            0.0029876905027776957,
            0.999015748500824,
            0.0
          ],
          [
            0.0,
            0.0,
            0.0,
            1.0
          ]
        ],
        "rotation_mode": "QUATERNION"
      },
      "armature_space": {
        "head": {
          "x": 0.6397546529769897,
          "y": -0.013432596810162067,
          "z": 0.41024360060691833
        },
        "tail": {
          "x": 0.6763066053390503,
          "y": -0.04361642152070999,
          "z": 0.39587417244911194
        }
      },
      "world_space": {
        "head": {
          "x": 0.6397546529769897,
          "y": 0.04981140419840813,
          "z": 1.3600976467132568
        },
        "tail": {
          "x": 0.6763066053390503,
          "y": 0.019627578556537628,
          "z": 1.3457281589508057
        },
        "rotation_quaternion": {
          "w": 0.05831855908036232,
          "x": -0.8708531856536865,
          "y": -0.43808549642562866,
          "z": 0.21516238152980804
        },
        "matrix": [
          [
            0.523571789264679,
            0.7379208207130432,
            -0.4258464276790619,
            0.6397546529769897
          ],
          [
            0.7881122827529907,
            -0.6093597412109375,
            -0.08694712817668915,
            0.04981140419840813
          ],
          [
            -0.323655366897583,
            -0.29009437561035156,
            -0.9006145000457764,
            1.3600976467132568
          ],
          [
            0.0,
            0.0,
            0.0,
            1.0
          ]
        ]
      },
      "bone_length_armature_space": 0.04953371605399395,
      "parent": "lowerarm_l",
      "has_children": true,
      "is_end_bone": false
    },
    "thumb_01_l": {
      "name": "thumb_01_l",
      "local": {
        "location": {
          "x": 0.0,
          "y": 0.0,
          "z": 0.0
        },
        "rotation_quaternion": {
          "w": 0.9994631409645081,
          "x": -0.027158565819263458,
          "y": -0.018168127164244652,
          "z": 0.00242668017745018
        },
        "scale": {
          "x": 1.0,
          "y": 1.0,
          "z": 1.0
        },
        "matrix_basis": [
          [
            0.999328076839447,
            -0.0038639141712337732,
            -0.036448556929826736,
            0.0
          ],
          [
            0.00583759555593133,
            0.9985130429267883,
            0.05419979616999626,
            0.0
          ],
          [
            0.03618493676185608,
            -0.05437614768743515,
            0.9978646636009216,
            0.0
          ],
          [
            0.0,
            0.0,
            0.0,
            1.0
          ]
        ],
        "rotation_mode": "QUATERNION"
      },
      "armature_space": {
        "head": {
          "x": 0.6763066053390503,
          "y": -0.04361642152070999,
          "z": 0.39587417244911194
        },
        "tail": {
          "x": 0.6788626313209534,
          "y": -0.06400872021913528,
          "z": 0.36874011158943176
        }
      },
      "world_space": {
        "head": {
          "x": 0.6763066053390503,
          "y": 0.019627578556537628,
          "z": 1.3457281589508057
        },
        "tail": {
          "x": 0.6788626313209534,
          "y": -0.0007647201418876648,
          "z": 1.3185940980911255
        },
        "rotation_quaternion": {
          "w": 0.4389533996582031,
          "x": -0.8562861084938049,
          "y": 0.08816736936569214,
          "z": -0.25752773880958557
        },
        "matrix": [
          [
            0.8518121838569641,
            0.07509174197912216,
            0.5184370279312134,
            0.6763066053390503
          ],
          [
            -0.377077579498291,
            -0.5990937352180481,
            0.7063281536102295,
            0.019627578556537628
          ],
          [
            0.3636338412761688,
            -0.7971561551094055,
            -0.48200276494026184,
            1.3457281589508057
          ],
          [
            0.0,
            0.0,
            0.0,
            1.0
          ]
        ]
      },
      "bone_length_armature_space": 0.034038747584117006,
      "parent": "metacarpal_thumb_l",
      "has_children": true,
      "is_end_bone": false
    },
    "thumb_02_l": {
      "name": "thumb_02_l",
      "local": {
        "location": {
          "x": 0.0,
          "y": 0.0,
          "z": 0.0
        },
        "rotation_quaternion": {
          "w": 0.9945424199104309,
          "x": 0.10408373177051544,
          "y": 0.007060883566737175,
          "z": -0.0015054215909913182
        },
        "scale": {
          "x": 1.0,
          "y": 1.0,
          "z": 1.0
        },
        "matrix_basis": [
          [
            0.9998957514762878,
            0.004464257508516312,
            0.013731316663324833,
            0.0
          ],
          [
            -0.0015245650429278612,
            0.9783286452293396,
            -0.20705263316631317,
            0.0
          ],
          [
            -0.014358076266944408,
            0.20701012015342712,
            0.9782334566116333,
            0.0
          ],
          [
            0.0,
            0.0,
            0.0,
            1.0
          ]
        ],
        "rotation_mode": "QUATERNION"
      },
      "armature_space": {
        "head": {
          "x": 0.6788625717163086,
          "y": -0.06400872766971588,
          "z": 0.36874014139175415
        },
        "tail": {
          "x": 0.7169250845909119,
          "y": -0.06236431747674942,
          "z": 0.3560231626033783
        }
      },
      "world_space": {
        "head": {
          "x": 0.6788625717163086,
          "y": -0.0007647275924682617,
          "z": 1.318594217300415
        },
        "tail": {
          "x": 0.7169250845909119,
          "y": 0.0008796826004981995,
          "z": 1.3058772087097168
        },
        "rotation_quaternion": {
          "w": 0.7018963098526001,
          "x": -0.3653237223625183,
          "y": -0.16677479445934296,
          "z": -0.5882741808891296
        },
        "matrix": [
          [
            0.2522377371788025,
            0.9476680755615234,
            0.19570636749267578,
            0.6788625717163086
          ],
          [
            -0.703962504863739,
            0.04094196856021881,
            0.7090563178062439,
            -0.0007647275924682617
          ],
          [
            0.6639413833618164,
            -0.3166230022907257,
            0.6774552464485168,
            1.318594217300415
          ],
          [
            0.0,
            0.0,
            0.0,
            1.0
          ]
        ]
      },
      "bone_length_armature_space": 0.0401644189587462,
      "parent": "thumb_01_l",
      "has_children": true,
      "is_end_bone": false
    },
    "thumb_03_l": {
      "name": "thumb_03_l",
      "local": {
        "location": {
          "x": 0.0,
          "y": 0.0,
          "z": 0.0
        },
        "rotation_quaternion": {
          "w": 0.9970368146896362,
          "x": 0.07676833122968674,
          "y": -0.0031314026564359665,
          "z": 0.0038193995133042336
        },
        "scale": {
          "x": 1.0,
          "y": 1.0,
          "z": 1.0
        },
        "matrix_basis": [
          [
            0.999951183795929,
            -0.008096949197351933,
            -0.005657829809933901,
            0.0
          ],
          [
            0.007135378662496805,
            0.9881840944290161,
            -0.15310563147068024,
            0.0
          ],
          [
            0.006830665282905102,
            0.1530577838420868,
            0.9881936311721802,
            0.0
          ],
          [
            0.0,
            0.0,
            0.0,
            1.0
          ]
        ],
        "rotation_mode": "QUATERNION"
      },
      "armature_space": {
        "head": {
          "x": 0.7169250845909119,
          "y": -0.062364403158426285,
          "z": 0.3560231924057007
        },
        "tail": {
          "x": 0.7446866631507874,
          "y": -0.05011740326881409,
          "z": 0.3535337746143341
        }
      },
      "world_space": {
        "head": {
          "x": 0.7169250845909119,
          "y": 0.0008795969188213348,
          "z": 1.3058772087097168
        },
        "tail": {
          "x": 0.7446866631507874,
          "y": 0.013126596808433533,
          "z": 1.3033877611160278
        },
        "rotation_quaternion": {
          "w": 0.8305869102478027,
          "x": -0.1174333244562149,
          "y": -0.10611070692539215,
          "z": -0.533924400806427
        },
        "matrix": [
          [
            0.40733006596565247,
            0.9118632674217224,
            -0.0508662611246109,
            0.7169250845909119
          ],
          [
            -0.862019419670105,
            0.4022679626941681,
            0.3083880543708801,
            0.0008795969188213348
          ],
          [
            0.30167078971862793,
            -0.08176834881305695,
            0.9499067068099976,
            1.3058772087097168
          ],
          [
            0.0,
            0.0,
            0.0,
            1.0
          ]
        ]
      },
      "bone_length_armature_space": 0.030444891772326354,
      "parent": "thumb_02_l",
      "has_children": false,
      "is_end_bone": true
    },
    "metacarpal_index_l": {
      "name": "metacarpal_index_l",
      "local": {
        "location": {
          "x": 0.0,
          "y": 0.0,
          "z": 0.0
        },
        "rotation_quaternion": {
          "w": 0.9992150068283081,
          "x": -0.03602278605103493,
          "y": 0.009715900756418705,
          "z": 0.013316607102751732
        },
        "scale": {
          "x": 1.0,
          "y": 1.0,
          "z": 1.0
        },
        "matrix_basis": [
          [
            0.999456524848938,
            -0.027312295511364937,
            0.018457144498825073,
            0.0
          ],
          [
            0.025912320241332054,
            0.9970500469207764,
            0.07224778085947037,
            0.0
          ],
          [
            -0.020375950261950493,
            -0.07173024863004684,
            0.9972159266471863,
            0.0
          ],
          [
            0.0,
            0.0,
            0.0,
            1.0
          ]
        ],
        "rotation_mode": "QUATERNION"
      },
      "armature_space": {
        "head": {
          "x": 0.6397546529769897,
          "y": -0.013432596810162067,
          "z": 0.41024360060691833
        },
        "tail": {
          "x": 0.7507844567298889,
          "y": -0.04588136449456215,
          "z": 0.3915707468986511
        }
      },
      "world_space": {
        "head": {
          "x": 0.6397546529769897,
          "y": 0.04981140419840813,
          "z": 1.3600976467132568
        },
        "tail": {
          "x": 0.7507844567298889,
          "y": 0.01736263558268547,
          "z": 1.3414247035980225
        },
        "rotation_quaternion": {
          "w": 0.1651177853345871,
          "x": 0.7212904095649719,
          "y": 0.5781592130661011,
          "z": -0.34381431341171265
        },
        "matrix": [
          [
            0.09504586458206177,
            0.947581946849823,
            -0.3050483465194702,
            0.6397546529769897
          ],
          [
            0.7205010652542114,
            -0.2769334018230438,
            -0.6357564926147461,
            0.04981140419840813
          ],
          [
            -0.6869135499000549,
            -0.1593630611896515,
            -0.7090607285499573,
            1.3600976467132568
          ],
          [
            0.0,
            0.0,
            0.0,
            1.0
          ]
        ]
      },
      "bone_length_armature_space": 0.1171717332624535,
      "parent": "lowerarm_l",
      "has_children": true,
      "is_end_bone": false
    },
    "index_01_l": {
      "name": "index_01_l",
      "local": {
        "location": {
          "x": 0.0,
          "y": 0.0,
          "z": 0.0
        },
        "rotation_quaternion": {
          "w": 0.9931592345237732,
          "x": -0.11405322700738907,
          "y": 0.024259068071842194,
          "z": 0.0061804745346307755
        },
        "scale": {
          "x": 1.0,
          "y": 1.0,
          "z": 1.0
        },
        "matrix_basis": [
          [
            0.9987465739250183,
            -0.017810041084885597,
            0.0467764288187027,
            0.0
          ],
          [
            0.006742740515619516,
            0.9739073514938354,
            0.2268458902835846,
            0.0
          ],
          [
            -0.049596041440963745,
            -0.2262461632490158,
            0.9728066921234131,
            0.0
          ],
          [
            0.0,
            0.0,
            0.0,
            1.0
          ]
        ],
        "rotation_mode": "QUATERNION"
      },
      "armature_space": {
        "head": {
          "x": 0.7507844567298889,
          "y": -0.04588136449456215,
          "z": 0.3915707468986511
        },
        "tail": {
          "x": 0.7785753011703491,
          "y": -0.04017161205410957,
          "z": 0.38871827721595764
        }
      },
      "world_space": {
        "head": {
          "x": 0.7507844567298889,
          "y": 0.01736263558268547,
          "z": 1.3414247035980225
        },
        "tail": {
          "x": 0.7785753011703491,
          "y": 0.023072388023138046,
          "z": 1.3385722637176514
        },
        "rotation_quaternion": {
          "w": 0.1905611753463745,
          "x": 0.593843400478363,
          "y": 0.7508715987205505,
          "z": -0.21732129156589508
        },
        "matrix": [
          [
            -0.2220723181962967,
            0.9746261835098267,
            0.028062015771865845,
            0.7507844567298889
          ],
          [
            0.8089743256568909,
            0.20024123787879944,
            -0.5526880621910095,
            0.01736263558268547
          ],
          [
            -0.5442864894866943,
            -0.1000358909368515,
            -0.8329219222068787,
            1.3414247035980225
          ],
          [
            0.0,
            0.0,
            0.0,
            1.0
          ]
        ]
      },
      "bone_length_armature_space": 0.02851436276461202,
      "parent": "metacarpal_index_l",
      "has_children": true,
      "is_end_bone": false
    },
    "index_02_l": {
      "name": "index_02_l",
      "local": {
        "location": {
          "x": 0.0,
          "y": 0.0,
          "z": 0.0
        },
        "rotation_quaternion": {
          "w": 0.9996318817138672,
          "x": 0.025235606357455254,
          "y": 0.007289664354175329,
          "z": 0.006798938848078251
        },
        "scale": {
          "x": 1.0,
          "y": 1.0,
          "z": 1.0
        },
        "matrix_basis": [
          [
            0.9998012781143188,
            -0.013224953785538673,
            0.01491711288690567,
            0.0
          ],
          [
            0.013960789889097214,
            0.998633861541748,
            -0.050353508442640305,
            0.0
          ],
          [
            -0.014230811037123203,
            0.05055175721645355,
            0.9986200332641602,
            0.0
          ],
          [
            0.0,
            0.0,
            0.0,
            1.0
          ]
        ],
        "rotation_mode": "QUATERNION"
      },
      "armature_space": {
        "head": {
          "x": 0.7785757184028625,
          "y": -0.04017190262675285,
          "z": 0.3887180984020233
        },
        "tail": {
          "x": 0.8035002946853638,
          "y": -0.03494653105735779,
          "z": 0.3856276869773865
        }
      },
      "world_space": {
        "head": {
          "x": 0.7785757184028625,
          "y": 0.023072097450494766,
          "z": 1.3385721445083618
        },
        "tail": {
          "x": 0.8035002946853638,
          "y": 0.02829746901988983,
          "z": 1.3354816436767578
        },
        "rotation_quaternion": {
          "w": 0.20379970967769623,
          "x": 0.5838086009025574,
          "y": 0.748540461063385,
          "z": -0.23941656947135925
        },
        "matrix": [
          [
            -0.23526546359062195,
            0.9715949296951294,
            0.02555544674396515,
            0.7785757184028625
          ],
          [
            0.7764230966567993,
            0.20369231700897217,
            -0.5963864326477051,
            0.023072097450494766
          ],
          [
            -0.5846549272537231,
            -0.12046805024147034,
            -0.8022966384887695,
            1.3385721445083618
          ],
          [
            0.0,
            0.0,
            0.0,
            1.0
          ]
        ]
      },
      "bone_length_armature_space": 0.02565325759384599,
      "parent": "index_01_l",
      "has_children": true,
      "is_end_bone": false
    },
    "index_03_l": {
      "name": "index_03_l",
      "local": {
        "location": {
          "x": 0.0,
          "y": 0.0,
          "z": 0.0
        },
        "rotation_quaternion": {
          "w": 0.9996012449264526,
          "x": 0.027942847460508347,
          "y": -0.003735473845154047,
          "z": 0.0016206551808863878
        },
        "scale": {
          "x": 1.0,
          "y": 1.0,
          "z": 1.0
        },
        "matrix_basis": [
          [
            0.9999668598175049,
            -0.0034487773664295673,
            -0.007377397269010544,
            0.0
          ],
          [
            0.003031258238479495,
            0.9984331130981445,
            -0.055875517427921295,
            0.0
          ],
          [
            0.007558539975434542,
            0.05585130304098129,
            0.9984104633331299,
            0.0
          ],
          [
            0.0,
            0.0,
            0.0,
            1.0
          ]
        ],
        "rotation_mode": "QUATERNION"
      },
      "armature_space": {
        "head": {
          "x": 0.8035002946853638,
          "y": -0.034946464002132416,
          "z": 0.3856278359889984
        },
        "tail": {
          "x": 0.8309580683708191,
          "y": -0.029522238299250603,
          "z": 0.37723860144615173
        }
      },
      "world_space": {
        "head": {
          "x": 0.8035002946853638,
          "y": 0.028297536075115204,
          "z": 1.335481882095337
        },
        "tail": {
          "x": 0.8309580683708191,
          "y": 0.03372175991535187,
          "z": 1.3270926475524902
        },
        "rotation_quaternion": {
          "w": 0.12678243219852448,
          "x": 0.5712254643440247,
          "y": 0.7594395875930786,
          "z": -0.2843931317329407
        },
        "matrix": [
          [
            -0.3152545094490051,
            0.939734160900116,
            -0.1323401927947998,
            0.8035002946853638
          ],
          [
            0.7955111861228943,
            0.18564239144325256,
            -0.5768008232116699,
            0.028297536075115204
          ],
          [
            -0.5174744129180908,
            -0.2871190905570984,
            -0.8060996532440186,
            1.335481882095337
          ],
          [
            0.0,
            0.0,
            0.0,
            1.0
          ]
        ]
      },
      "bone_length_armature_space": 0.02921867199406014,
      "parent": "index_02_l",
      "has_children": false,
      "is_end_bone": true
    },
    "metacarpal_pinky_l": {
      "name": "metacarpal_pinky_l",
      "local": {
        "location": {
          "x": 0.0,
          "y": 0.0,
          "z": 0.0
        },
        "rotation_quaternion": {
          "w": 0.999878466129303,
          "x": -0.008025549352169037,
          "y": -0.0048183961771428585,
          "z": -0.012471476569771767
        },
        "scale": {
          "x": 1.0,
          "y": 1.0,
          "z": 1.0
        },
        "matrix_basis": [
          [
            0.9996424913406372,
            0.025017261505126953,
            -0.00943544041365385,
            0.0
          ],
          [
            -0.024862581863999367,
            0.9995601177215576,
            0.016169333830475807,
            0.0
          ],
          [
            0.009835802018642426,
            -0.01592896319925785,
            0.9998247623443604,
            0.0
          ],
          [
            0.0,
            0.0,
            0.0,
            1.0
          ]
        ],
        "rotation_mode": "QUATERNION"
      },
      "armature_space": {
        "head": {
          "x": 0.6397546529769897,
          "y": -0.013432596810162067,
          "z": 0.41024360060691833
        },
        "tail": {
          "x": 0.7355765104293823,
          "y": 0.016299355775117874,
          "z": 0.38236159086227417
        }
      },
      "world_space": {
        "head": {
          "x": 0.6397546529769897,
          "y": 0.04981140419840813,
          "z": 1.3600976467132568
        },
        "tail": {
          "x": 0.7355765104293823,
          "y": 0.0795433521270752,
          "z": 1.3322155475616455
        },
        "rotation_quaternion": {
          "w": 0.7836832404136658,
          "x": -0.04216785728931427,
          "y": 0.16912564635276794,
          "z": -0.5962038636207581
        },
        "matrix": [
          [
            0.23187443614006042,
            0.9202070832252502,
            0.3153620958328247,
            0.6397546529769897
          ],
          [
            -0.948733389377594,
            0.2855251729488373,
            -0.13557541370391846,
            0.04981140419840813
          ],
          [
            -0.2148035615682602,
            -0.26775965094566345,
            0.9392434358596802,
            1.3600976467132568
          ],
          [
            0.0,
            0.0,
            0.0,
            1.0
          ]
        ]
      },
      "bone_length_armature_space": 0.10413080072352111,
      "parent": "lowerarm_l",
      "has_children": true,
      "is_end_bone": false
    },
    "pinky_01_l": {
      "name": "pinky_01_l",
      "local": {
        "location": {
          "x": 0.0,
          "y": 0.0,
          "z": 0.0
        },
        "rotation_quaternion": {
          "w": 0.9597976207733154,
          "x": 0.28055816888809204,
          "y": -0.008149545639753342,
          "z": -0.003040581475943327
        },
        "scale": {
          "x": 1.0,
          "y": 1.0,
          "z": 1.0
        },
        "matrix_basis": [
          [
            0.9998486638069153,
            0.001263842568732798,
            -0.01734994910657406,
            0.0
          ],
          [
            -0.010409529320895672,
            0.8425557613372803,
            -0.5385085940361023,
            0.0
          ],
          [
            0.013937708921730518,
            0.538607656955719,
            0.8424413800239563,
            0.0
          ],
          [
            0.0,
            0.0,
            0.0,
            1.0
          ]
        ],
        "rotation_mode": "QUATERNION"
      },
      "armature_space": {
        "head": {
          "x": 0.7355765104293823,
          "y": 0.016299355775117874,
          "z": 0.38236159086227417
