{
  "metadata": {
    "armature_name": "KIM_caucasian_male",
    "export_time": "2026-01-13T21:04:58.006538",
    "blender_version": "4.4.1",
    "bone_count": 56,
    "end_bone_count": 13,
    "spaces_included": [
      "LOCAL_CHANNELS",
      "ARMATURE_SPACE",
      "WORLD_SPACE"
    ],
    "note": "LOCAL matches Transform panel; replay pose via local.matrix_basis for best fidelity."
  },
  "bones": {
    "Root": {
      "name": "Root",
      "local": {
        "location": {
          "x": 0.0,
          "y": 0.0,
          "z": 0.0
        },
        "rotation_quaternion": {
          "w": 0.9999010562896729,
          "x": -0.009518004022538662,
          "y": -0.0031248119194060564,
          "z": 0.009879927150905132
        },
        "scale": {
          "x": 1.0,
          "y": 1.0,
          "z": 1.0
        },
        "matrix_basis": [
          [
            0.9997852444648743,
            -0.01969841495156288,
            -0.006437079980969429,
            0.0
          ],
          [
            0.019817383959889412,
            0.9996235966682434,
            0.018972378224134445,
            0.0
          ],
          [
            0.006060930900275707,
            -0.01909586973488331,
            0.9997993111610413,
            0.0
          ],
          [
            0.0,
            0.0,
            0.0,
            1.0
          ]
        ],
        "rotation_mode": "QUATERNION"
      },
      "armature_space": {
        "head": {
          "x": 0.0,
          "y": 0.07072800397872925,
          "z": -0.009595036506652832
        },
        "tail": {
          "x": -0.0014059914974495769,
          "y": 0.00020985305309295654,
          "z": 0.0013470100238919258
        }
      },
      "world_space": {
        "head": {
          "x": 0.0,
          "y": 0.13397200405597687,
          "z": 0.9402589797973633
        },
        "tail": {
          "x": -0.0014059914974495769,
          "y": 0.06345385313034058,
          "z": 0.9512010216712952
        },
        "rotation_quaternion": {
          "w": 0.07685737311840057,
          "x": 0.9969882369041443,
          "y": -0.010067994706332684,
          "z": -0.002452122513204813
        },
        "matrix": [
          [
            0.9997852444648743,
            -0.01969841495156288,
            -0.006437079980969429,
            0.0
          ],
          [
            -0.02045227400958538,
            -0.9879831075668335,
            -0.15320289134979248,
            0.13397200405597687
          ],
          [
            -0.003341914853081107,
            0.15330176055431366,
            -0.988180935382843,
            0.9402589797973633
          ],
          [
            0.0,
            0.0,
            0.0,
            1.0
          ]
        ]
      },
      "bone_length_armature_space": 0.07137586887516724,
      "parent": null,
      "has_children": true,
      "is_end_bone": false
    },
    "spine_01": {
      "name": "spine_01",
      "local": {
        "location": {
          "x": 0.0,
          "y": 0.0,
          "z": 0.0
        },
        "rotation_quaternion": {
          "w": 0.9972817897796631,
          "x": 0.013848703354597092,
          "y": 0.019461123272776604,
          "z": 0.06970333307981491
        },
        "scale": {
          "x": 1.0,
          "y": 1.0,
          "z": 1.0
        },
        "matrix_basis": [
          [
            0.9895254373550415,
            -0.13848870992660522,
            0.04074705019593239,
            0.0
          ],
          [
            0.13956674933433533,
            0.9898993372917175,
            -0.024909108877182007,
            0.0
          ],
          [
            -0.03688584640622139,
            0.03033513016998768,
            0.9988589286804199,
            0.0
          ],
          [
            0.0,
            0.0,
            0.0,
            1.0
          ]
        ],
        "rotation_mode": "QUATERNION"
      },
      "armature_space": {
        "head": {
          "x": -0.0014059914974495769,
          "y": 0.00020985305309295654,
          "z": 0.0013470100238919258
        },
        "tail": {
          "x": -0.06701256334781647,
          "y": 0.01856003887951374,
          "z": 0.48457324504852295
        }
      },
      "world_space": {
        "head": {
          "x": -0.0014059914974495769,
          "y": 0.06345385313034058,
          "z": 0.9512010216712952
        },
        "tail": {
          "x": -0.06701256334781647,
          "y": 0.08180403709411621,
          "z": 1.434427261352539
        },
        "rotation_quaternion": {
          "w": 0.7192052602767944,
          "x": 0.6914471983909607,
          "y": -0.03930554911494255,
          "z": 0.05567532405257225
        },
        "matrix": [
          [
            0.9907106757164001,
            -0.1344393640756607,
            0.02045646868646145,
            -0.0014059914974495769
          ],
          [
            0.025729522109031677,
            0.0376027449965477,
            -0.9989615082740784,
            0.06345385313034058
          ],
          [
            0.13353151082992554,
            0.9902152419090271,
            0.040711842477321625,
            0.9512010216712952
          ],
          [
            0.0,
            0.0,
            0.0,
            1.0
          ]
        ]
      },
      "bone_length_armature_space": 0.48800466700027534,
      "parent": "Root",
      "has_children": true,
      "is_end_bone": false
    },
    "neck_01": {
      "name": "neck_01",
      "local": {
        "location": {
          "x": 0.0,
          "y": 0.0,
          "z": 0.0
        },
        "rotation_quaternion": {
          "w": 0.9897608757019043,
          "x": -0.10078807920217514,
          "y": -0.07797838002443314,
          "z": 0.06430073082447052
        },
        "scale": {
          "x": 1.0,
          "y": 1.0,
          "z": 1.0
        },
        "matrix_basis": [
          [
            0.9795695543289185,
            -0.11156611144542694,
            -0.16732139885425568,
            0.0
          ],
          [
            0.14300328493118286,
            0.9714143872261047,
            0.18948405981063843,
            0.0
          ],
          [
            0.14139840006828308,
            -0.20954032242298126,
            0.9675222635269165,
            0.0
          ],
          [
            0.0,
            0.0,
            0.0,
            1.0
          ]
        ],
        "rotation_mode": "QUATERNION"
      },
      "armature_space": {
        "head": {
          "x": -0.07614657282829285,
          "y": -0.013331171125173569,
          "z": 0.5584872364997864
        },
        "tail": {
          "x": -0.10055733472108841,
          "y": -0.027779001742601395,
          "z": 0.6570069789886475
        }
      },
      "world_space": {
        "head": {
          "x": -0.07614657282829285,
          "y": 0.04991282895207405,
          "z": 1.5083413124084473
        },
        "tail": {
          "x": -0.10055733472108841,
          "y": 0.035464998334646225,
          "z": 1.6068609952926636
        },
        "rotation_quaternion": {
          "w": 0.6420942544937134,
          "x": 0.7546518445014954,
          "y": -0.13134711980819702,
          "z": 0.031040072441101074
        },
        "matrix": [
          [
            0.9635686874389648,
            -0.2381041944026947,
            -0.12182702869176865,
            -0.07614657282829285
          ],
          [
            -0.15838275849819183,
            -0.1409251093864441,
            -0.9772692322731018,
            0.04991282895207405
          ],
          [
            0.2155248075723648,
            0.9609679579734802,
            -0.1735048145055771,
            1.5083413124084473
          ],
          [
            0.0,
            0.0,
            0.0,
            1.0
          ]
        ]
      },
      "bone_length_armature_space": 0.10252202025774343,
      "parent": "spine_01",
      "has_children": true,
      "is_end_bone": false
    },
    "head": {
      "name": "head",
      "local": {
        "location": {
          "x": 0.0,
          "y": 0.0,
          "z": 0.0
        },
        "rotation_quaternion": {
          "w": 0.9762915372848511,
          "x": 0.06219646334648132,
          "y": 0.06813079863786697,
          "z": 0.1958179771900177
        },
        "scale": {
          "x": 1.0,
          "y": 1.0,
          "z": 1.0
        },
        "matrix_basis": [
          [
            0.9140270352363586,
            -0.3738758862018585,
            0.15738941729068756,
            0.0
          ],
          [
            0.39082586765289307,
            0.9155738353729248,
            -0.09476128965616226,
            0.0
          ],
          [
            -0.10867267102003098,
            0.14812622964382172,
            0.9829795956611633,
            0.0
          ],
          [
            0.0,
            0.0,
            0.0,
            1.0
          ]
        ],
        "rotation_mode": "QUATERNION"
      },
      "armature_space": {
        "head": {
          "x": -0.100557342171669,
          "y": -0.027779143303632736,
          "z": 0.6570068597793579
        },
        "tail": {
          "x": -0.18639731407165527,
          "y": -0.009005527943372726,
          "z": 0.7848045825958252
        }
      },
      "world_space": {
        "head": {
          "x": -0.100557342171669,
          "y": 0.03546485677361488,
          "z": 1.606860876083374
        },
        "tail": {
          "x": -0.18639731407165527,
          "y": 0.05423847213387489,
          "z": 1.7346585988998413
        },
        "rotation_quaternion": {
          "w": 0.7208380103111267,
          "x": 0.6297144293785095,
          "y": -0.2022790163755417,
          "z": 0.20720897614955902
        },
        "matrix": [
          [
            0.8322954177856445,
            -0.5534842014312744,
            -0.03065378963947296,
            -0.100557342171669
          ],
          [
            0.043975427746772766,
            0.12104964256286621,
            -0.9916719794273376,
            0.03546485677361488
          ],
          [
            0.552589476108551,
            0.8240219354629517,
            0.1250886619091034,
            1.606860876083374
          ],
          [
            0.0,
            0.0,
            0.0,
            1.0
          ]
        ]
      },
      "bone_length_armature_space": 0.1550909635905528,
      "parent": "neck_01",
      "has_children": false,
      "is_end_bone": true
    },
    "upperarm_l": {
      "name": "upperarm_l",
      "local": {
        "location": {
          "x": 0.0,
          "y": 0.0,
          "z": 0.0
        },
        "rotation_quaternion": {
          "w": 0.784861147403717,
          "x": 0.5171727538108826,
          "y": 0.34114667773246765,
          "z": -0.01200889702886343
        },
        "scale": {
          "x": 1.0,
          "y": 1.0,
          "z": 1.0
        },
        "matrix_basis": [
          [
            0.766949474811554,
            0.37171417474746704,
            0.5230842232704163,
            0.0
          ],
          [
            0.334012895822525,
            0.46477624773979187,
            -0.8200111985206604,
            0.0
          ],
          [
            -0.5479269027709961,
            0.8036240339279175,
            0.23230257630348206,
            0.0
          ],
          [
            0.0,
            0.0,
            0.0,
            1.0
          ]
        ],
        "rotation_mode": "QUATERNION"
      },
      "armature_space": {
        "head": {
          "x": 0.0815606415271759,
          "y": -0.015184754505753517,
          "z": 0.512096643447876
        },
        "tail": {
          "x": 0.2295246422290802,
          "y": -0.223520427942276,
          "z": 0.43140798807144165
        }
      },
      "world_space": {
        "head": {
          "x": 0.0815606415271759,
          "y": 0.04805924743413925,
          "z": 1.461950659751892
        },
        "tail": {
          "x": 0.2295246422290802,
          "y": -0.16027642786502838,
          "z": 1.3812620639801025
        },
        "rotation_quaternion": {
          "w": 0.0028185194823890924,
          "x": -0.8314434885978699,
          "y": -0.333558589220047,
          "z": 0.4443338215351105
        },
        "matrix": [
          [
            0.38261139392852783,
            0.5521674752235413,
            -0.7407561540603638,
            0.0815606415271759
          ],
          [
            0.5571750402450562,
            -0.7774605751037598,
            -0.29173821210861206,
            0.04805924743413925
          ],
          [
            -0.7370017766952515,
            -0.3011114299297333,
            -0.60512375831604,
            1.461950659751892
          ],
          [
            0.0,
            0.0,
            0.0,
            1.0
          ]
        ]
      },
      "bone_length_armature_space": 0.2679696924815828,
      "parent": "spine_01",
      "has_children": true,
      "is_end_bone": false
    },
    "lowerarm_l": {
      "name": "lowerarm_l",
      "local": {
        "location": {
          "x": 0.0,
          "y": 0.0,
          "z": 0.0
        },
        "rotation_quaternion": {
          "w": 0.8627644181251526,
          "x": 0.35808008909225464,
          "y": -0.28094857931137085,
          "z": 0.2201913744211197
        },
        "scale": {
          "x": 1.0,
          "y": 1.0,
          "z": 1.0
        },
        "matrix_basis": [
          [
            0.7451673150062561,
            -0.5811507701873779,
            -0.32709258794784546,
            0.0
          ],
          [
            0.17874237895011902,
            0.6465888023376465,
            -0.7416024208068848,
            0.0
          ],
          [
            0.6424771547317505,
            0.49415260553359985,
            0.5856931209564209,
            0.0
          ],
          [
            0.0,
            0.0,
            0.0,
            1.0
          ]
        ],
        "rotation_mode": "QUATERNION"
      },
      "armature_space": {
        "head": {
          "x": 0.2295246124267578,
          "y": -0.22352057695388794,
          "z": 0.43140798807144165
        },
        "tail": {
          "x": 0.1455896645784378,
          "y": -0.4771360158920288,
          "z": 0.44567275047302246
        }
      },
      "world_space": {
        "head": {
          "x": 0.2295246124267578,
          "y": -0.16027657687664032,
          "z": 1.3812620639801025
        },
        "tail": {
          "x": 0.1455896645784378,
          "y": -0.4138920307159424,
          "z": 1.3955267667770386
        },
        "rotation_quaternion": {
          "w": 0.1089618057012558,
          "x": -0.605402410030365,
          "y": 0.11884061247110367,
          "z": 0.7794178128242493
        },
        "matrix": [
          [
            -0.243230402469635,
            -0.31374678015708923,
            -0.9178246855735779,
            0.2295246124267578
          ],
          [
            0.025960475206375122,
            -0.9480083584785461,
            0.31718480587005615,
            -0.16027657687664032
          ],
          [
            -0.9696279764175415,
            0.05332130193710327,
            0.23873156309127808,
            1.3812620639801025
          ],
          [
            0.0,
            0.0,
            0.0,
            1.0
          ]
        ]
      },
      "bone_length_armature_space": 0.2675244783786335,
      "parent": "upperarm_l",
      "has_children": true,
      "is_end_bone": false
    },
    "metacarpal_thumb_l": {
      "name": "metacarpal_thumb_l",
      "local": {
        "location": {
          "x": 0.0,
          "y": 0.0,
          "z": 0.0
        },
        "rotation_quaternion": {
          "w": 0.9982388019561768,
          "x": -0.05787214636802673,
          "y": -0.005424168426543474,
          "z": -0.011863520368933678
        },
        "scale": {
          "x": 1.0,
          "y": 1.0,
          "z": 1.0
        },
        "matrix_basis": [
          [
            0.9996596574783325,
            0.024313069880008698,
            -0.009456096217036247,
            0.0
          ],
          [
            -0.02305743657052517,
            0.9930201172828674,
            0.1156691461801529,
            0.0
          ],
          [
            0.012202365323901176,
            -0.11541174352169037,
            0.9932428002357483,
            0.0
          ],
          [
            0.0,
            0.0,
            0.0,
            1.0
          ]
        ],
        "rotation_mode": "QUATERNION"
      },
      "armature_space": {
        "head": {
          "x": 0.1455896645784378,
          "y": -0.4771360158920288,
          "z": 0.44567275047302246
        },
        "tail": {
          "x": 0.10610345005989075,
          "y": -0.5065216422080994,
          "z": 0.45123210549354553
        }
      },
      "world_space": {
        "head": {
          "x": 0.1455896645784378,
          "y": -0.4138920307159424,
          "z": 1.3955267667770386
        },
        "tail": {
          "x": 0.10610345005989075,
          "y": -0.44327765703201294,
          "z": 1.4010860919952393
        },
        "rotation_quaternion": {
          "w": 0.00483899749815464,
          "x": -0.882434606552124,
          "y": 0.45094722509384155,
          "z": 0.13391174376010895
        },
        "matrix": [
          [
            0.5574283599853516,
            -0.7971591949462891,
            -0.23197169601917267,
            0.1455896645784378
          ],
          [
            -0.7945669889450073,
            -0.5932459831237793,
            0.1293148398399353,
            -0.4138920307159424
          ],
          [
            -0.24070337414741516,
            0.11223359405994415,
            -0.9640952944755554,
            1.3955267667770386
          ],
          [
            0.0,
            0.0,
            0.0,
            1.0
          ]
        ]
      },
      "bone_length_armature_space": 0.04953365076179403,
      "parent": "lowerarm_l",
      "has_children": true,
      "is_end_bone": false
    },
    "thumb_01_l": {
      "name": "thumb_01_l",
      "local": {
        "location": {
          "x": 0.0,
          "y": 0.0,
          "z": 0.0
        },
        "rotation_quaternion": {
          "w": 0.9996330738067627,
          "x": -0.016230588778853416,
          "y": 0.01817546971142292,
          "z": -0.011833259835839272
        },
        "scale": {
          "x": 1.0,
          "y": 1.0,
          "z": 1.0
        },
        "matrix_basis": [
          [
            0.99905925989151,
            0.023067839443683624,
            0.03672172129154205,
            0.0
          ],
          [
            -0.024247832596302032,
            0.9991930723190308,
            0.03201911598443985,
            0.0
          ],
          [
            -0.03595348075032234,
            -0.03287941589951515,
            0.9988124370574951,
            0.0
          ],
          [
            0.0,
            0.0,
            0.0,
            1.0
          ]
        ],
        "rotation_mode": "QUATERNION"
      },
      "armature_space": {
        "head": {
          "x": 0.10610345005989075,
          "y": -0.5065216422080994,
          "z": 0.45123210549354553
        },
        "tail": {
          "x": 0.07919207960367203,
          "y": -0.5127964019775391,
          "z": 0.4313565790653229
        }
      },
      "world_space": {
        "head": {
          "x": 0.10610345005989075,
          "y": -0.44327765703201294,
          "z": 1.4010860919952393
        },
        "tail": {
          "x": 0.07919207960367203,
          "y": -0.44955241680145264,
          "z": 1.3812105655670166
        },
        "rotation_quaternion": {
          "w": 0.13065128028392792,
          "x": 0.512383759021759,
          "y": -0.6251077651977539,
          "z": 0.5741371512413025
        },
        "matrix": [
          [
            -0.44078338146209717,
            -0.7906137704849243,
            0.42501750588417053,
            0.10610345005989075
          ],
          [
            -0.4905692934989929,
            -0.18434295058250427,
            -0.8516803979873657,
            -0.44327765703201294
          ],
          [
            0.7517040371894836,
            -0.5839114189147949,
            -0.3065986931324005,
            1.4010860919952393
          ],
          [
            0.0,
            0.0,
            0.0,
            1.0
          ]
        ]
      },
      "bone_length_armature_space": 0.034038669870671376,
      "parent": "metacarpal_thumb_l",
      "has_children": true,
      "is_end_bone": false
    },
    "thumb_02_l": {
      "name": "thumb_02_l",
      "local": {
        "location": {
          "x": 0.0,
          "y": 0.0,
          "z": 0.0
        },
        "rotation_quaternion": {
          "w": 0.993477463722229,
          "x": 0.11362557113170624,
          "y": -0.008879298344254494,
          "z": 0.0036104938481003046
        },
        "scale": {
          "x": 1.0,
          "y": 1.0,
          "z": 1.0
        },
        "matrix_basis": [
          [
            0.9998162388801575,
            -0.009191718883812428,
            -0.016822276636958122,
            0.0
          ],
          [
            0.005156057886779308,
            0.9741523861885071,
            -0.225832998752594,
            0.0
          ],
          [
            0.01846325397491455,
            0.22570477426052094,
            0.974020779132843,
            0.0
          ],
          [
            0.0,
            0.0,
            0.0,
            1.0
          ]
        ],
        "rotation_mode": "QUATERNION"
      },
      "armature_space": {
        "head": {
          "x": 0.07919208705425262,
          "y": -0.5127963423728943,
          "z": 0.4313565790653229
        },
        "tail": {
          "x": 0.07011982053518295,
          "y": -0.5515860915184021,
          "z": 0.4364781379699707
        }
      },
      "world_space": {
        "head": {
          "x": 0.07919208705425262,
          "y": -0.44955235719680786,
          "z": 1.3812105655670166
        },
        "tail": {
          "x": 0.07011982053518295,
          "y": -0.4883421063423157,
          "z": 1.3863321542739868
        },
        "rotation_quaternion": {
          "w": 0.1307990700006485,
          "x": 0.4730820059776306,
          "y": 0.0021562909241765738,
          "z": 0.871252179145813
        },
        "matrix": [
          [
            -0.5181700587272644,
            -0.22587822377681732,
            0.8249114155769348,
            0.07919208705425262
          ],
          [
            0.22995884716510773,
            -0.9657737016677856,
            -0.12000046670436859,
            -0.44955235719680786
          ],
          [
            0.8237894177436829,
            0.12751489877700806,
            0.5523813962936401,
            1.3812105655670166
          ],
          [
            0.0,
            0.0,
            0.0,
            1.0
          ]
        ]
      },
      "bone_length_armature_space": 0.040164424792480675,
      "parent": "thumb_01_l",
      "has_children": true,
      "is_end_bone": false
    },
    "thumb_03_l": {
      "name": "thumb_03_l",
      "local": {
        "location": {
          "x": 0.0,
          "y": 0.0,
          "z": 0.0
        },
        "rotation_quaternion": {
          "w": 0.9958230257034302,
          "x": 0.09121544659137726,
          "y": 0.002275608479976654,
          "z": 0.0033173130359500647
        },
        "scale": {
          "x": 1.0,
          "y": 1.0,
          "z": 1.0
        },
        "matrix_basis": [
          [
            0.999967634677887,
            -0.0061917719431221485,
            0.0051373871974647045,
            0.0
          ],
          [
            0.0070220548659563065,
            0.9833374619483948,
            -0.18165378272533417,
            0.0
          ],
          [
            -0.003927026409655809,
            0.1816839873790741,
            0.9833491444587708,
            0.0
          ],
          [
            0.0,
            0.0,
            0.0,
            1.0
          ]
        ],
        "rotation_mode": "QUATERNION"
      },
      "armature_space": {
        "head": {
          "x": 0.07011975347995758,
          "y": -0.5515860319137573,
          "z": 0.4364781379699707
        },
        "tail": {
          "x": 0.07628730684518814,
          "y": -0.5801934599876404,
          "z": 0.44487273693084717
        }
      },
      "world_space": {
        "head": {
          "x": 0.07011975347995758,
          "y": -0.4883420467376709,
          "z": 1.3863321542739868
        },
        "tail": {
          "x": 0.07628730684518814,
          "y": -0.516949474811554,
          "z": 1.3947267532348633
        },
        "rotation_quaternion": {
          "w": 0.05403745546936989,
          "x": -0.30728161334991455,
          "y": -0.16509731113910675,
          "z": -0.9356285929679871
        },
        "matrix": [
          [
            -0.805316150188446,
            0.20258089900016785,
            0.5571597814559937,
            0.07011975347995758
          ],
          [
            0.00034490320831537247,
            -0.939645528793335,
            0.34214919805526733,
            -0.4883420467376709
          ],
          [
            0.5928499102592468,
            0.2757313847541809,
            0.7566475868225098,
            1.3863321542739868
          ],
          [
            0.0,
            0.0,
            0.0,
            1.0
          ]
        ]
      },
      "bone_length_armature_space": 0.03044491641046458,
      "parent": "thumb_02_l",
      "has_children": false,
      "is_end_bone": true
    },
    "metacarpal_index_l": {
      "name": "metacarpal_index_l",
      "local": {
        "location": {
          "x": 0.0,
          "y": 0.0,
          "z": 0.0
        },
        "rotation_quaternion": {
          "w": 0.998782753944397,
          "x": -0.048926059156656265,
          "y": -0.0061420863494277,
          "z": -0.0012418986298143864
        },
        "scale": {
          "x": 1.0,
          "y": 1.0,
          "z": 1.0
        },
        "matrix_basis": [
          [
            0.999921441078186,
            0.0030817899387329817,
            -0.012147697620093822,
            0.0
          ],
          [
            -0.0018797577358782291,
            0.9952093958854675,
            0.09774826467037201,
            0.0
          ],
          [
            0.0123907420784235,
            -0.0977177545428276,
            0.9951370358467102,
            0.0
          ],
          [
            0.0,
            0.0,
            0.0,
            1.0
          ]
        ],
        "rotation_mode": "QUATERNION"
      },
      "armature_space": {
        "head": {
          "x": 0.1455896645784378,
          "y": -0.4771360158920288,
          "z": 0.44567275047302246
        },
        "tail": {
          "x": 0.08408273756504059,
          "y": -0.5755628943443298,
          "z": 0.4617433547973633
        }
      },
      "world_space": {
        "head": {
          "x": 0.1455896645784378,
          "y": -0.4138920307159424,
          "z": 1.3955267667770386
        },
        "tail": {
          "x": 0.08408273756504059,
          "y": -0.5123189091682434,
          "z": 1.4115973711013794
        },
        "rotation_quaternion": {
          "w": 0.054302558302879333,
          "x": -0.8641963601112366,
          "y": 0.2775602638721466,
          "z": 0.41614463925361633
        },
        "matrix": [
          [
            0.49956774711608887,
            -0.5249297618865967,
            -0.6891161799430847,
            0.1455896645784378
          ],
          [
            -0.43453821539878845,
            -0.8400223851203918,
            0.3248673677444458,
            -0.4138920307159424
          ],
          [
            -0.7494112849235535,
            0.1371542364358902,
            -0.6477543711662292,
            1.3955267667770386
          ],
          [
            0.0,
            0.0,
            0.0,
            1.0
          ]
        ]
      },
      "bone_length_armature_space": 0.11717174034145729,
      "parent": "lowerarm_l",
      "has_children": true,
      "is_end_bone": false
    },
    "index_01_l": {
      "name": "index_01_l",
      "local": {
        "location": {
          "x": 0.0,
          "y": 0.0,
          "z": 0.0
        },
        "rotation_quaternion": {
          "w": 0.9934731721878052,
          "x": -0.11258541792631149,
          "y": -0.004359383601695299,
          "z": -0.01779375784099102
        },
        "scale": {
          "x": 1.0,
          "y": 1.0,
          "z": 1.0
        },
        "matrix_basis": [
          [
            0.9993287324905396,
            0.03633684664964676,
            -0.00465522613376379,
            0.0
          ],
          [
            -0.03437363728880882,
            0.9740158319473267,
            0.22385632991790771,
            0.0
          ],
          [
            0.012668496929109097,
            -0.22354604303836823,
            0.9746110439300537,
            0.0
          ],
          [
            0.0,
            0.0,
            0.0,
            1.0
          ]
        ],
        "rotation_mode": "QUATERNION"
      },
      "armature_space": {
        "head": {
          "x": 0.08408273756504059,
          "y": -0.5755628943443298,
          "z": 0.4617433547973633
        },
        "tail": {
          "x": 0.08311450481414795,
          "y": -0.6039710640907288,
          "z": 0.46400323510169983
        }
      },
      "world_space": {
        "head": {
          "x": 0.08408273756504059,
          "y": -0.5123189091682434,
          "z": 1.4115973711013794
        },
        "tail": {
          "x": 0.08311450481414795,
          "y": -0.5407270789146423,
          "z": 1.4138572216033936
        },
        "rotation_quaternion": {
          "w": 0.02908650040626526,
          "x": 0.9096465706825256,
          "y": -0.03187456727027893,
          "z": -0.41313573718070984
        },
        "matrix": [
          [
            0.6566058397293091,
            -0.033955931663513184,
            -0.7534693479537964,
            0.08408273756504059
          ],
          [
            -0.0820227712392807,
            -0.9962759017944336,
            -0.026580005884170532,
            -0.5123189091682434
          ],
          [
            -0.7497662305831909,
            0.07925381511449814,
            -0.6569503545761108,
            1.4115973711013794
          ],
          [
            0.0,
            0.0,
            0.0,
            1.0
          ]
        ]
      },
      "bone_length_armature_space": 0.028514358918151027,
      "parent": "metacarpal_index_l",
      "has_children": true,
      "is_end_bone": false
    },
    "index_02_l": {
      "name": "index_02_l",
      "local": {
        "location": {
          "x": 0.0,
          "y": 0.0,
          "z": 0.0
        },
        "rotation_quaternion": {
          "w": 0.9993389248847961,
          "x": 0.03581807389855385,
          "y": 0.0050854929722845554,
          "z": -0.003606152953580022
        },
        "scale": {
          "x": 1.0,
          "y": 1.0,
          "z": 1.0
        },
        "matrix_basis": [
          [
            0.9999222755432129,
            0.007571842987090349,
            0.009905931539833546,
            0.0
          ],
          [
            -0.00684323301538825,
            0.9974081516265869,
            -0.0716254711151123,
            0.0
          ],
          [
            -0.010422592982649803,
            0.07155211269855499,
            0.997382402420044,
            0.0
          ],
          [
            0.0,
            0.0,
            0.0,
            1.0
          ]
        ],
        "rotation_mode": "QUATERNION"
      },
      "armature_space": {
        "head": {
          "x": 0.08311409503221512,
          "y": -0.6039714217185974,
          "z": 0.46400323510169983
        },
        "tail": {
          "x": 0.08209307491779327,
          "y": -0.6295934319496155,
          "z": 0.4647512137889862
        }
      },
      "world_space": {
        "head": {
          "x": 0.08311409503221512,
          "y": -0.540727436542511,
          "z": 1.4138572216033936
        },
        "tail": {
          "x": 0.08209307491779327,
          "y": -0.566349446773529,
          "z": 1.4146052598953247
        },
        "rotation_quaternion": {
          "w": 0.004375207703560591,
          "x": 0.8984213471412659,
          "y": -0.024285536259412766,
          "z": -0.43844059109687805
        },
        "matrix": [
          [
            0.6143602132797241,
            -0.03980071842670441,
            -0.788021445274353,
            0.08311409503221512
          ],
          [
            -0.04747407138347626,
            -0.9987820982933044,
            0.013433638960123062,
            -0.540727436542511
          ],
          [
            -0.787601888179779,
            0.029156718403100967,
            -0.6155057549476624,
            1.4138572216033936
          ],
          [
            0.0,
            0.0,
            0.0,
            1.0
          ]
        ]
      },
      "bone_length_armature_space": 0.025653252705710693,
      "parent": "index_01_l",
      "has_children": true,
      "is_end_bone": false
    },
    "index_03_l": {
      "name": "index_03_l",
      "local": {
        "location": {
          "x": 0.0,
          "y": 0.0,
          "z": 0.0
        },
        "rotation_quaternion": {
          "w": 0.9997494220733643,
          "x": 0.020783286541700363,
          "y": -0.00743487011641264,
          "z": -0.003735772566869855
        },
        "scale": {
          "x": 1.0,
          "y": 1.0,
          "z": 1.0
        },
        "matrix_basis": [
          [
            0.9998615384101868,
            0.007160631008446217,
            -0.01502129714936018,
            0.0
          ],
          [
            -0.007778714876621962,
            0.9991081953048706,
            -0.04150060564279556,
            0.0
          ],
          [
            0.014710730873048306,
            0.04161170870065689,
            0.9990255832672119,
            0.0
          ],
          [
            0.0,
            0.0,
            0.0,
            1.0
          ]
        ],
        "rotation_mode": "QUATERNION"
      },
      "armature_space": {
        "head": {
          "x": 0.08209317177534103,
          "y": -0.6295934319496155,
          "z": 0.46475130319595337
        },
        "tail": {
          "x": 0.07978608459234238,
          "y": -0.6584733128547668,
          "z": 0.4609617590904236
        }
      },
      "world_space": {
        "head": {
          "x": 0.08209317177534103,
          "y": -0.566349446773529,
          "z": 1.4146053791046143
        },
        "tail": {
          "x": 0.07978608459234238,
          "y": -0.5952293276786804,
          "z": 1.410815715789795
        },
        "rotation_quaternion": {
          "w": 0.07557235658168793,
          "x": -0.9085745811462402,
          "y": 0.009289762005209923,
          "z": 0.4107246696949005
        },
        "matrix": [
          [
            0.662438154220581,
            -0.07895936816930771,
            -0.7449439167976379,
            0.08209317177534103
          ],
          [
            0.04519776254892349,
            -0.9884051084518433,
            0.1449565440416336,
            -0.566349446773529
          ],
          [
            -0.7477572560310364,
            -0.12969641387462616,
            -0.6511929035186768,
            1.4146053791046143
          ],
          [
            0.0,
            0.0,
            0.0,
            1.0
          ]
        ]
      },
      "bone_length_armature_space": 0.02921867210300525,
      "parent": "index_02_l",
      "has_children": false,
      "is_end_bone": true
    },
    "metacarpal_pinky_l": {
      "name": "metacarpal_pinky_l",
      "local": {
        "location": {
          "x": 0.0,
          "y": 0.0,
          "z": 0.0
        },
        "rotation_quaternion": {
          "w": 0.9984704256057739,
          "x": -0.050699248909950256,
          "y": 0.01670236699283123,
          "z": -0.01440383493900299
        },
        "scale": {
          "x": 1.0,
          "y": 1.0,
          "z": 1.0
        },
        "matrix_basis": [
          [
            0.9990271329879761,
            0.02707001194357872,
            0.03481416776776314,
            0.0
          ],
          [
            -0.03045720048248768,
            0.9944442510604858,
            0.1007622480392456,
            0.0
          ],
          [
            -0.031893111765384674,
            -0.10172455757856369,
            0.9943012595176697,
            0.0
          ],
          [
            0.0,
            0.0,
            0.0,
            1.0
          ]
        ],
        "rotation_mode": "QUATERNION"
      },
      "armature_space": {
        "head": {
          "x": 0.1455896645784378,
          "y": -0.4771360158920288,
          "z": 0.44567275047302246
        },
        "tail": {
          "x": 0.14082352817058563,
          "y": -0.5802858471870422,
          "z": 0.4322332739830017
        }
      },
      "world_space": {
        "head": {
          "x": 0.1455896645784378,
          "y": -0.4138920307159424,
          "z": 1.3955267667770386
        },
        "tail": {
          "x": 0.14082352817058563,
          "y": -0.5170418620109558,
          "z": 1.382087230682373
        },
        "rotation_quaternion": {
          "w": 0.0248707327991724,
          "x": -0.029947014525532722,
          "y": -0.063965804874897,
          "z": 0.9971925616264343
        },
        "matrix": [
          [
            -0.9969694018363953,
            -0.04577074199914932,
            -0.06290775537490845,
            0.1455896645784378
          ],
          [
            0.05343291535973549,
            -0.9905797243118286,
            -0.12608236074447632,
            -0.4138920307159424
          ],
          [
            -0.05654444545507431,
            -0.1290634572505951,
            0.9900301694869995,
            1.3955267667770386
          ],
          [
            0.0,
            0.0,
            0.0,
            1.0
          ]
        ]
      },
      "bone_length_armature_space": 0.1041307969853021,
      "parent": "lowerarm_l",
      "has_children": true,
      "is_end_bone": false
    },
    "pinky_01_l": {
      "name": "pinky_01_l",
      "local": {
        "location": {
          "x": 0.0,
          "y": 0.0,
          "z": 0.0
        },
        "rotation_quaternion": {
          "w": 0.9485816359519958,
          "x": 0.31581732630729675,
          "y": 0.012749863788485527,
          "z": 0.017026009038090706
        },
        "scale": {
          "x": 1.0,
          "y": 1.0,
          "z": 1.0
        },
        "matrix_basis": [
          [
            0.99909508228302,
            -0.02424786239862442,
            0.03494279086589813,
            0.0
          ],
          [
            0.040354374796152115,
            0.7999390363693237,
            -0.5987228751182556,
            0.0
          ],
          [
            -0.013434356078505516,
            0.5995911955833435,
            0.800193727016449,
            0.0
          ],
          [
            0.0,
            0.0,
            0.0,
            1.0
          ]
        ],
        "rotation_mode": "QUATERNION"
      },
      "armature_space": {
        "head": {
          "x": 0.14082352817058563,
          "y": -0.5802858471870422,
          "z": 0.4322332739830017
        },
