{
  "metadata": {
    "armature_name": "KIM_caucasian_male",
    "export_time": "2026-01-13T21:05:00.936698",
    "blender_version": "4.4.1",
    "bone_count": 56,
    "end_bone_count": 13,
    "spaces_included": [
      "LOCAL_CHANNELS",
      "ARMATURE_SPACE",
      "WORLD_SPACE"
    ],
    "note": "LOCAL matches Transform panel; replay pose via local.matrix_basis for best fidelity."
  },
  "bones": {
    "Root": {
      "name": "Root",
      "local": {
        "location": {
          "x": 0.0,
          "y": 0.0,
          "z": 0.0
        },
        "rotation_quaternion": {
          "w": 0.999854326248169,
          "x": 0.013692043721675873,
          "y": 0.0013027875684201717,
          "z": 0.010114486329257488
        },
        "scale": {
          "x": 1.0,
          "y": 1.0,
          "z": 1.0
        },
        "matrix_basis": [
          [
            0.9997919797897339,
            -0.020190350711345673,
            0.002882171655073762,
            0.0
          ],
          [
            0.020261701196432114,
            0.9994204640388489,
            -0.027353744953870773,
            0.0
          ],
          [
            -0.0023282195907086134,
            0.02740645222365856,
            0.9996216893196106,
            0.0
          ],
          [
            0.0,
            0.0,
            0.0,
            1.0
          ]
        ],
        "rotation_mode": "QUATERNION"
      },
      "armature_space": {
        "head": {
          "x": 0.0,
          "y": 0.07072800397872925,
          "z": -0.009595036506652832
        },
        "tail": {
          "x": -0.0014411038719117641,
          "y": -0.0002219751477241516,
          "z": -0.001943978015333414
        }
      },
      "world_space": {
        "head": {
          "x": 0.0,
          "y": 0.13397200405597687,
          "z": 0.9402589797973633
        },
        "tail": {
          "x": -0.0014411038719117641,
          "y": 0.06302202492952347,
          "z": 0.9479100108146667
        },
        "rotation_quaternion": {
          "w": 0.053696900606155396,
          "x": 0.9985052347183228,
          "y": -0.010003743693232536,
          "z": 0.0019812188111245632
        },
        "matrix": [
          [
            0.9997919797897339,
            -0.020190350711345673,
            0.002882171655073762,
            0.0
          ],
          [
            -0.01976480707526207,
            -0.9940330982208252,
            -0.10727337747812271,
            0.13397200405597687
          ],
          [
            0.005030876956880093,
            0.10719390958547592,
            -0.9942324757575989,
            0.9402589797973633
          ],
          [
            0.0,
            0.0,
            0.0,
            1.0
          ]
        ]
      },
      "bone_length_armature_space": 0.07137587155264877,
      "parent": null,
      "has_children": true,
      "is_end_bone": false
    },
    "spine_01": {
      "name": "spine_01",
      "local": {
        "location": {
          "x": 0.0,
          "y": 0.0,
          "z": 0.0
        },
        "rotation_quaternion": {
          "w": 0.9988835453987122,
          "x": -0.047210246324539185,
          "y": -0.0014339530607685447,
          "z": 0.0009576607262715697
        },
        "scale": {
          "x": 1.0,
          "y": 1.0,
          "z": 1.0
        },
        "matrix_basis": [
          [
            0.9999940395355225,
            -0.0017777885077521205,
            -0.002955127041786909,
            0.0
          ],
          [
            0.0020485776476562023,
            0.9955405592918396,
            0.09431233257055283,
            0.0
          ],
          [
            0.0027742814272642136,
            -0.09431782364845276,
            0.9955382943153381,
            0.0
          ],
          [
            0.0,
            0.0,
            0.0,
            1.0
          ]
        ],
        "rotation_mode": "QUATERNION"
      },
      "armature_space": {
        "head": {
          "x": -0.0014411038719117641,
          "y": -0.0002219751477241516,
          "z": -0.001943978015333414
        },
        "tail": {
          "x": -0.0036521407309919596,
          "y": 0.05523628368973732,
          "z": 0.4828942120075226
        }
      },
      "world_space": {
        "head": {
          "x": -0.0014411038719117641,
          "y": 0.06302202492952347,
          "z": 0.9479100108146667
        },
        "tail": {
          "x": -0.0036521407309919596,
          "y": 0.11848028004169464,
          "z": 1.4327481985092163
        },
        "rotation_quaternion": {
          "w": 0.7461357712745667,
          "x": 0.6656892895698547,
          "y": -0.010150750167667866,
          "z": -0.006020140368491411
        },
        "matrix": [
          [
            0.9997214078903198,
            -0.0045308019034564495,
            -0.023162728175520897,
            -0.0014411038719117641
          ],
          [
            -0.02249813638627529,
            0.11364368349313736,
            -0.9932668805122375,
            0.06302202492952347
          ],
          [
            0.007132621482014656,
            0.9935183525085449,
            0.11350997537374496,
            0.9479100108146667
          ],
          [
            0.0,
            0.0,
            0.0,
            1.0
          ]
        ]
      },
      "bone_length_armature_space": 0.4880046876025557,
      "parent": "Root",
      "has_children": true,
      "is_end_bone": false
    },
    "neck_01": {
      "name": "neck_01",
      "local": {
        "location": {
          "x": 0.0,
          "y": 0.0,
          "z": 0.0
        },
        "rotation_quaternion": {
          "w": 0.9803740978240967,
          "x": -0.15616630017757416,
          "y": 0.09266790747642517,
          "z": -0.07675593346357346
        },
        "scale": {
          "x": 1.0,
          "y": 1.0,
          "z": 1.0
        },
        "matrix_basis": [
          [
            0.9710423946380615,
            0.12155584990978241,
            0.20567181706428528,
            0.0
          ],
          [
            -0.17944227159023285,
            0.9394412040710449,
            0.2919771671295166,
            0.0
          ],
          [
            -0.15772505104541779,
            -0.32042840123176575,
            0.9340494871139526,
            0.0
          ],
          [
            0.0,
            0.0,
            0.0,
            1.0
          ]
        ],
        "rotation_mode": "QUATERNION"
      },
      "armature_space": {
        "head": {
          "x": -0.004787173122167587,
          "y": 0.02911016345024109,
          "z": 0.5595746636390686
        },
        "tail": {
          "x": 0.007124384865164757,
          "y": 0.03419084474444389,
          "z": 0.6612755656242371
        }
      },
      "world_space": {
        "head": {
          "x": -0.004787173122167587,
          "y": 0.09235416352748871,
          "z": 1.5094287395477295
        },
        "tail": {
          "x": 0.007124384865164757,
          "y": 0.09743484854698181,
          "z": 1.6111295223236084
        },
        "rotation_quaternion": {
          "w": 0.7165579795837402,
          "x": 0.6890356540679932,
          "y": 0.10640965402126312,
          "z": 0.02125016413629055
        },
        "matrix": [
          [
            0.9764509797096252,
            0.11618613451719284,
            0.18178090453147888,
            -0.004787173122167587
          ],
          [
            0.1770932674407959,
            0.04955729842185974,
            -0.9829457402229309,
            0.09235416352748871
          ],
          [
            -0.12321393191814423,
            0.9919973015785217,
            0.02781379222869873,
            1.5094287395477295
          ],
          [
            0.0,
            0.0,
            0.0,
            1.0
          ]
        ]
      },
      "bone_length_armature_space": 0.10252205815555931,
      "parent": "spine_01",
      "has_children": true,
      "is_end_bone": false
    },
    "head": {
      "name": "head",
      "local": {
        "location": {
          "x": 0.0,
          "y": 0.0,
          "z": 0.0
        },
        "rotation_quaternion": {
          "w": 0.9947569370269775,
          "x": 0.014924104325473309,
          "y": 0.07899446040391922,
          "z": 0.06321325153112411
        },
        "scale": {
          "x": 1.0,
          "y": 1.0,
          "z": 1.0
        },
        "matrix_basis": [
          [
            0.9795278906822205,
            -0.12340579926967621,
            0.15904738008975983,
            0.0
          ],
          [
            0.128121480345726,
            0.9915627241134644,
            -0.019704720005393028,
            0.0
          ],
          [
            -0.15527376532554626,
            0.03967870771884918,
            0.9870743155479431,
            0.0
          ],
          [
            0.0,
            0.0,
            0.0,
            1.0
          ]
        ],
        "rotation_mode": "QUATERNION"
      },
      "armature_space": {
        "head": {
          "x": 0.007124404888600111,
          "y": 0.03419068828225136,
          "z": 0.6612755060195923
        },
        "tail": {
          "x": -0.0038344725035130978,
          "y": 0.08704805374145508,
          "z": 0.8066691160202026
        }
      },
      "world_space": {
        "head": {
          "x": 0.007124404888600111,
          "y": 0.09743468463420868,
          "z": 1.6111295223236084
        },
        "tail": {
          "x": -0.0038344725035130978,
          "y": 0.1502920538187027,
          "z": 1.7565231323242188
        },
        "rotation_quaternion": {
          "w": 0.8083170056343079,
          "x": 0.5582805275917053,
          "y": 0.13050678372383118,
          "z": 0.13384592533111572
        },
        "matrix": [
          [
            0.930106520652771,
            -0.07066130638122559,
            0.36042892932891846,
            0.007124404888600111
          ],
          [
            0.3620988130569458,
            0.3408169150352478,
            -0.8675993084907532,
            0.09743468463420868
          ],
          [
            -0.06153465434908867,
            0.9374774694442749,
            0.34258395433425903,
            1.6111295223236084
          ],
          [
            0.0,
            0.0,
            0.0,
            1.0
          ]
        ]
      },
      "bone_length_armature_space": 0.15509126179993288,
      "parent": "neck_01",
      "has_children": false,
      "is_end_bone": true
    },
    "upperarm_l": {
      "name": "upperarm_l",
      "local": {
        "location": {
          "x": 0.0,
          "y": 0.0,
          "z": 0.0
        },
        "rotation_quaternion": {
          "w": 0.8788294792175293,
          "x": -0.07924719899892807,
          "y": 0.4693775773048401,
          "z": -0.032611507922410965
        },
        "scale": {
          "x": 1.0,
          "y": 1.0,
          "z": 1.0
        },
        "matrix_basis": [
          [
            0.5572423338890076,
            -0.01707380823791027,
            0.830174446105957,
            0.0
          ],
          [
            -0.1317136287689209,
            0.9853127598762512,
            0.10867533087730408,
            0.0
          ],
          [
            -0.8198369741439819,
            -0.16990377008914948,
            0.5468091368675232,
            0.0
          ],
          [
            0.0,
            0.0,
            0.0,
            1.0
          ]
        ],
        "rotation_mode": "QUATERNION"
      },
      "armature_space": {
        "head": {
          "x": 0.14540168642997742,
          "y": 0.014930050820112228,
          "z": 0.4942344129085541
        },
        "tail": {
          "x": 0.4087342917919159,
          "y": 0.06435605883598328,
          "z": 0.4896933138370514
        }
      },
      "world_space": {
        "head": {
          "x": 0.14540168642997742,
          "y": 0.07817405462265015,
          "z": 1.4440884590148926
        },
        "tail": {
          "x": 0.4087342917919159,
          "y": 0.1276000589132309,
          "z": 1.4395473003387451
        },
        "rotation_quaternion": {
          "w": 0.24999000132083893,
          "x": 0.6002748608589172,
          "y": 0.7278251051902771,
          "z": -0.21782034635543823
        },
        "matrix": [
          [
            -0.15434926748275757,
            0.9826964735984802,
            0.10239124298095703,
            0.14540168642997742
          ],
          [
            0.7648845314979553,
            0.18444643914699554,
            -0.6171965599060059,
            0.07817405462265015
          ],
          [
            -0.6254062056541443,
            -0.016946379095315933,
            -0.7801244258880615,
            1.4440884590148926
          ],
          [
            0.0,
            0.0,
            0.0,
            1.0
          ]
        ]
      },
      "bone_length_armature_space": 0.2679694209665718,
      "parent": "spine_01",
      "has_children": true,
      "is_end_bone": false
    },
    "lowerarm_l": {
      "name": "lowerarm_l",
      "local": {
        "location": {
          "x": 0.0,
          "y": 0.0,
          "z": 0.0
        },
        "rotation_quaternion": {
          "w": 0.8847876787185669,
          "x": 0.3978354036808014,
          "y": 0.21180199086666107,
          "z": -0.11839649826288223
        },
        "scale": {
          "x": 1.0,
          "y": 1.0,
          "z": 1.0
        },
        "matrix_basis": [
          [
            0.882244348526001,
            0.3780362010002136,
            0.28059494495391846,
            0.0
          ],
          [
            -0.040986865758895874,
            0.6554185152053833,
            -0.7541529536247253,
            0.0
          ],
          [
            -0.46900421380996704,
            0.6538465023040771,
            0.5937337875366211,
            0.0
          ],
          [
            0.0,
            0.0,
            0.0,
            1.0
          ]
        ],
        "rotation_mode": "QUATERNION"
      },
      "armature_space": {
        "head": {
          "x": 0.40873441100120544,
          "y": 0.06435594707727432,
          "z": 0.4896933436393738
        },
        "tail": {
          "x": 0.5747906565666199,
          "y": 0.014470599591732025,
          "z": 0.2859613299369812
        }
      },
      "world_space": {
        "head": {
          "x": 0.40873441100120544,
          "y": 0.12759995460510254,
          "z": 1.4395473003387451
        },
        "tail": {
          "x": 0.5747906565666199,
          "y": 0.07771459966897964,
          "z": 1.2358152866363525
        },
        "rotation_quaternion": {
          "w": 0.18498316407203674,
          "x": -0.638863742351532,
          "y": -0.6103647947311401,
          "z": 0.4302199184894562
        },
        "matrix": [
          [
            -0.11527201533317566,
            0.6207141876220703,
            -0.7755165696144104,
            0.40873441100120544
          ],
          [
            0.9390463829040527,
            -0.18647021055221558,
            -0.2888273596763611,
            0.12759995460510254
          ],
          [
            -0.3238913118839264,
            -0.7615453004837036,
            -0.5613887906074524,
            1.4395473003387451
          ],
          [
            0.0,
            0.0,
            0.0,
            1.0
          ]
        ]
      },
      "bone_length_armature_space": 0.2675256225144234,
      "parent": "upperarm_l",
      "has_children": true,
      "is_end_bone": false
    },
    "metacarpal_thumb_l": {
      "name": "metacarpal_thumb_l",
      "local": {
        "location": {
          "x": 0.0,
          "y": 0.0,
          "z": 0.0
        },
        "rotation_quaternion": {
          "w": 0.9996119737625122,
          "x": -0.02764749340713024,
          "y": 0.0018171209376305342,
          "z": 0.0028790975920856
        },
        "scale": {
          "x": 1.0,
          "y": 1.0,
          "z": 1.0
        },
        "matrix_basis": [
          [
            0.9999768137931824,
            -0.005856438539922237,
            0.003473632037639618,
            0.0
          ],
          [
            0.005655483342707157,
            0.9984546303749084,
            0.05528399348258972,
            0.0
          ],
          [
            -0.0037920314352959394,
            -0.05526306852698326,
            0.9984646439552307,
            0.0
          ],
          [
            0.0,
            0.0,
            0.0,
            1.0
          ]
        ],
        "rotation_mode": "QUATERNION"
      },
      "armature_space": {
        "head": {
          "x": 0.5747906565666199,
          "y": 0.014470599591732025,
          "z": 0.2859613299369812
        },
        "tail": {
          "x": 0.5756236910820007,
          "y": 0.004564117640256882,
          "z": 0.23743519186973572
        }
      },
      "world_space": {
        "head": {
          "x": 0.5747906565666199,
          "y": 0.07771459966897964,
          "z": 1.2358152866363525
        },
        "tail": {
          "x": 0.5756236910820007,
          "y": 0.0678081214427948,
          "z": 1.1872892379760742
        },
        "rotation_quaternion": {
          "w": 0.6290853023529053,
          "x": -0.7717223763465881,
          "y": -0.0652262270450592,
          "z": 0.06664875149726868
        },
        "matrix": [
          [
            0.982606828212738,
            0.016817618161439896,
            -0.1849343627691269,
            0.5747906565666199
          ],
          [
            0.18452854454517365,
            -0.19999492168426514,
            0.962263822555542,
            0.07771459966897964
          ],
          [
            -0.020802965387701988,
            -0.9796595573425293,
            -0.19962018728256226,
            1.2358152866363525
          ],
          [
            0.0,
            0.0,
            0.0,
            1.0
          ]
        ]
      },
      "bone_length_armature_space": 0.049534012201972503,
      "parent": "lowerarm_l",
      "has_children": true,
      "is_end_bone": false
    },
    "thumb_01_l": {
      "name": "thumb_01_l",
      "local": {
        "location": {
          "x": 0.0,
          "y": 0.0,
          "z": 0.0
        },
        "rotation_quaternion": {
          "w": 0.9865946769714355,
          "x": 0.16250689327716827,
          "y": 0.014092575758695602,
          "z": -0.004899943713098764
        },
        "scale": {
          "x": 1.0,
          "y": 1.0,
          "z": 1.0
        },
        "matrix_basis": [
          [
            0.9995547533035278,
            0.014248798601329327,
            0.02621477097272873,
            0.0
          ],
          [
            -0.005088235251605511,
            0.9471349716186523,
            -0.3207949697971344,
            0.0
          ],
          [
            -0.029399869963526726,
            0.32051876187324524,
            0.9467858076095581,
            0.0
          ],
          [
            0.0,
            0.0,
            0.0,
            1.0
          ]
        ],
        "rotation_mode": "QUATERNION"
      },
      "armature_space": {
        "head": {
          "x": 0.5756236910820007,
          "y": 0.004564117640256882,
          "z": 0.23743519186973572
        },
        "tail": {
          "x": 0.578270435333252,
          "y": 0.024938523769378662,
          "z": 0.2102964222431183
        }
      },
      "world_space": {
        "head": {
          "x": 0.5756236910820007,
          "y": 0.0678081214427948,
          "z": 1.1872892379760742
        },
        "tail": {
          "x": 0.578270435333252,
          "y": 0.08818252384662628,
          "z": 1.160150408744812
        },
        "rotation_quaternion": {
          "w": 0.6759951114654541,
          "x": -0.3086959719657898,
          "y": 0.5850767493247986,
          "z": -0.32468852400779724
        },
        "matrix": [
          [
            0.10452644526958466,
            0.07775714993476868,
            0.9914776682853699,
            0.5756236910820007
          ],
          [
            -0.8001978397369385,
            0.5985680818557739,
            0.03741772472858429,
            0.0678081214427948
          ],
          [
            -0.5905619263648987,
            -0.7972944378852844,
            0.12478809803724289,
            1.1872892379760742
          ],
          [
            0.0,
            0.0,
            0.0,
            1.0
          ]
        ]
      },
      "bone_length_armature_space": 0.03403872079123431,
      "parent": "metacarpal_thumb_l",
      "has_children": true,
      "is_end_bone": false
    },
    "thumb_02_l": {
      "name": "thumb_02_l",
      "local": {
        "location": {
          "x": 0.0,
          "y": 0.0,
          "z": 0.0
        },
        "rotation_quaternion": {
          "w": 0.9245396852493286,
          "x": 0.38095879554748535,
          "y": 0.007358144968748093,
          "z": 0.006537145934998989
        },
        "scale": {
          "x": 1.0,
          "y": 1.0,
          "z": 1.0
        },
        "matrix_basis": [
          [
            0.9998062252998352,
            -0.00648140162229538,
            0.01858656108379364,
            0.0
          ],
          [
            0.017694002017378807,
            0.7096553444862366,
            -0.704326868057251,
            0.0
          ],
          [
            -0.008625027723610401,
            0.7045192718505859,
            0.7096325159072876,
            0.0
          ],
          [
            0.0,
            0.0,
            0.0,
            1.0
          ]
        ],
        "rotation_mode": "QUATERNION"
      },
      "armature_space": {
        "head": {
          "x": 0.5782703757286072,
          "y": 0.024938540533185005,
          "z": 0.21029645204544067
        },
        "tail": {
          "x": 0.609061598777771,
          "y": -0.0006743427366018295,
          "z": 0.20728622376918793
        }
      },
      "world_space": {
        "head": {
          "x": 0.5782703757286072,
          "y": 0.08818253874778748,
          "z": 1.1601505279541016
        },
        "tail": {
          "x": 0.609061598777771,
          "y": 0.06256965547800064,
          "z": 1.1571402549743652
        },
        "rotation_quaternion": {
          "w": 0.404730886220932,
          "x": 0.19493316113948822,
          "y": 0.13168948888778687,
          "z": -0.8836582899093628
        },
        "matrix": [
          [
            -0.5963877439498901,
            0.7666293382644653,
            -0.23790982365608215,
            0.5782703757286072
          ],
          [
            -0.6639468669891357,
            -0.6377010941505432,
            -0.39052820205688477,
            0.08818253874778748
          ],
          [
            -0.45110926032066345,
            -0.0749477744102478,
            0.8893240094184875,
            1.1601505279541016
          ],
          [
            0.0,
            0.0,
            0.0,
            1.0
          ]
        ]
      },
      "bone_length_armature_space": 0.0401644204900662,
      "parent": "thumb_01_l",
      "has_children": true,
      "is_end_bone": false
    },
    "thumb_03_l": {
      "name": "thumb_03_l",
      "local": {
        "location": {
          "x": 0.0,
          "y": 0.0,
          "z": 0.0
        },
        "rotation_quaternion": {
          "w": 0.9784887433052063,
          "x": 0.20624639093875885,
          "y": 0.0017574622761458158,
          "z": -0.004390528425574303
        },
        "scale": {
          "x": 1.0,
          "y": 1.0,
          "z": 1.0
        },
        "matrix_basis": [
          [
            0.9999552965164185,
            0.009317105636000633,
            0.001628252794034779,
            0.0
          ],
          [
            -0.007867224514484406,
            0.9148862957954407,
            -0.4036349654197693,
            0.0
          ],
          [
            -0.005250375252217054,
            0.403604120016098,
            0.9149186611175537,
            0.0
          ],
          [
            0.0,
            0.0,
            0.0,
            1.0
          ]
        ],
        "rotation_mode": "QUATERNION"
      },
      "armature_space": {
        "head": {
          "x": 0.6090615391731262,
          "y": -0.0006743278354406357,
          "z": 0.20728613436222076
        },
        "tail": {
          "x": 0.6228606700897217,
          "y": -0.02365162782371044,
          "z": 0.22172638773918152
        }
      },
      "world_space": {
        "head": {
          "x": 0.6090615391731262,
          "y": 0.06256967037916183,
          "z": 1.1571401357650757
        },
        "tail": {
          "x": 0.6228606700897217,
          "y": 0.03959237039089203,
          "z": 1.17158043384552
        },
        "rotation_quaternion": {
          "w": 0.339528888463974,
          "x": 0.4980182945728302,
          "y": -0.08579440414905548,
          "z": -0.793307900428772
        },
        "matrix": [
          [
            -0.2733951508998871,
            0.4532497823238373,
            -0.8484219312667847,
            0.6090615391731262
          ],
          [
            -0.6241569519042969,
            -0.7547179460525513,
            -0.2020624428987503,
            0.06256967037916183
          ],
          [
            -0.731909453868866,
            0.4743082523345947,
            0.4892384707927704,
            1.1571401357650757
          ],
          [
            0.0,
            0.0,
            0.0,
            1.0
          ]
        ]
      },
      "bone_length_armature_space": 0.030444921070722494,
      "parent": "thumb_02_l",
      "has_children": false,
      "is_end_bone": true
    },
    "metacarpal_index_l": {
      "name": "metacarpal_index_l",
      "local": {
        "location": {
          "x": 0.0,
          "y": 0.0,
          "z": 0.0
        },
        "rotation_quaternion": {
          "w": 0.9999191761016846,
          "x": -0.012316128239035606,
          "y": 0.0031606219708919525,
          "z": -0.00012215366587042809
        },
        "scale": {
          "x": 1.0,
          "y": 1.0,
          "z": 1.0
        },
        "matrix_basis": [
          [
            0.9999799728393555,
            0.00016643432900309563,
            0.006323741748929024,
            0.0
          ],
          [
            -0.0003221408405806869,
            0.9996966123580933,
            0.024629494175314903,
            0.0
          ],
          [
            -0.006317724008113146,
            -0.024631038308143616,
            0.9996766448020935,
            0.0
          ],
          [
            0.0,
            0.0,
            0.0,
            1.0
          ]
        ],
        "rotation_mode": "QUATERNION"
      },
      "armature_space": {
        "head": {
          "x": 0.5747906565666199,
          "y": 0.014470599591732025,
          "z": 0.2859613299369812
        },
        "tail": {
          "x": 0.6174228191375732,
          "y": -0.012914763763546944,
          "z": 0.18031135201454163
        }
      },
      "world_space": {
        "head": {
          "x": 0.5747906565666199,
          "y": 0.07771459966897964,
          "z": 1.2358152866363525
        },
        "tail": {
          "x": 0.6174228191375732,
          "y": 0.050329238176345825,
          "z": 1.1301653385162354
        },
        "rotation_quaternion": {
          "w": 0.5053244233131409,
          "x": -0.7643365263938904,
          "y": -0.3574734032154083,
          "z": 0.18069230020046234
        },
        "matrix": [
          [
            0.679124653339386,
            0.3638436496257782,
            -0.6375007033348083,
            0.5747906565666199
          ],
          [
            0.7290778160095215,
            -0.2337198704481125,
            0.6432892680168152,
            0.07771459966897964
          ],
          [
            0.08506140857934952,
            -0.9016677737236023,
            -0.4239976704120636,
            1.2358152866363525
          ],
          [
            0.0,
            0.0,
            0.0,
            1.0
          ]
        ]
      },
      "bone_length_armature_space": 0.11717242501571433,
      "parent": "lowerarm_l",
      "has_children": true,
      "is_end_bone": false
    },
    "index_01_l": {
      "name": "index_01_l",
      "local": {
        "location": {
          "x": 0.0,
          "y": 0.0,
          "z": 0.0
        },
        "rotation_quaternion": {
          "w": 0.9717704057693481,
          "x": 0.23532873392105103,
          "y": -0.016240743920207024,
          "z": 0.004344969056546688
        },
        "scale": {
          "x": 1.0,
          "y": 1.0,
          "z": 1.0
        },
        "matrix_basis": [
          [
            0.9994347095489502,
            -0.01608845219016075,
            -0.02951955609023571,
            0.0
          ],
          [
            0.0008007972501218319,
            0.8892030119895935,
            -0.45751214027404785,
            0.0
          ],
          [
            0.033609539270401,
            0.4572298526763916,
            0.8887132406234741,
            0.0
          ],
          [
            0.0,
            0.0,
            0.0,
            1.0
          ]
        ],
        "rotation_mode": "QUATERNION"
      },
      "armature_space": {
        "head": {
          "x": 0.6174228191375732,
          "y": -0.012914763763546944,
          "z": 0.18031135201454163
        },
        "tail": {
          "x": 0.6266716122627258,
          "y": -0.006105142645537853,
          "z": 0.15421216189861298
        }
      },
      "world_space": {
        "head": {
          "x": 0.6174228191375732,
          "y": 0.050329238176345825,
          "z": 1.1301653385162354
        },
        "tail": {
          "x": 0.6266716122627258,
          "y": 0.05713885650038719,
          "z": 1.1040661334991455
        },
        "rotation_quaternion": {
          "w": 0.6331098675727844,
          "x": -0.5901819467544556,
          "y": -0.4675239622592926,
          "z": 0.17966283857822418
        },
        "matrix": [
          [
            0.49828219413757324,
            0.32435503602027893,
            -0.8040573596954346,
            0.6174228191375732
          ],
          [
            0.7793432474136353,
            0.23881366848945618,
            0.5793036222457886,
            0.050329238176345825
          ],
          [
            0.37992343306541443,
            -0.9152995347976685,
            -0.13378769159317017,
            1.1301653385162354
          ],
          [
            0.0,
            0.0,
            0.0,
            1.0
          ]
        ]
      },
      "bone_length_armature_space": 0.028514536916352612,
      "parent": "metacarpal_index_l",
      "has_children": true,
      "is_end_bone": false
    },
    "index_02_l": {
      "name": "index_02_l",
      "local": {
        "location": {
          "x": 0.0,
          "y": 0.0,
          "z": 0.0
        },
        "rotation_quaternion": {
          "w": 0.9123759269714355,
          "x": 0.40928950905799866,
          "y": -0.007196847349405289,
          "z": 0.0006944991182535887
        },
        "scale": {
          "x": 1.0,
          "y": 1.0,
          "z": 1.0
        },
        "matrix_basis": [
          [
            0.999895453453064,
            -0.007158476859331131,
            -0.012563957832753658,
            0.0
          ],
          [
            -0.004623899701982737,
            0.6649632453918457,
            -0.7468618154525757,
            0.0
          ],
          [
            0.013700962997972965,
            0.7468417882919312,
            0.6648606061935425,
            0.0
          ],
          [
            0.0,
            0.0,
            0.0,
            1.0
          ]
        ],
        "rotation_mode": "QUATERNION"
      },
      "armature_space": {
        "head": {
          "x": 0.6266713738441467,
          "y": -0.006105052772909403,
          "z": 0.15421167016029358
        },
        "tail": {
          "x": 0.6171025037765503,
          "y": 0.008154362440109253,
          "z": 0.13515383005142212
        }
      },
      "world_space": {
        "head": {
          "x": 0.6266713738441467,
          "y": 0.057138945907354355,
          "z": 1.1040656566619873
        },
        "tail": {
          "x": 0.6171025037765503,
          "y": 0.07139836251735687,
          "z": 1.085007905960083
        },
        "rotation_quaternion": {
          "w": 0.7930600047111511,
          "x": -0.2861380875110626,
          "y": -0.3859817385673523,
          "z": 0.3744314908981323
        },
        "matrix": [
          [
            0.42163753509521484,
            -0.3730069398880005,
            -0.8264908790588379,
            0.6266713738441467
          ],
          [
            0.8147823214530945,
            0.5558518171310425,
            0.16480079293251038,
            0.057138945907354355
          ],
          [
            0.39793819189071655,
            -0.7429009675979614,
            0.538291335105896,
            1.1040656566619873
          ],
          [
            0.0,
            0.0,
            0.0,
            1.0
          ]
        ]
      },
      "bone_length_armature_space": 0.025653371558484368,
      "parent": "index_01_l",
      "has_children": true,
      "is_end_bone": false
    },
    "index_03_l": {
      "name": "index_03_l",
      "local": {
        "location": {
          "x": 0.0,
          "y": 0.0,
          "z": 0.0
        },
        "rotation_quaternion": {
          "w": 0.9629079103469849,
          "x": 0.26971134543418884,
          "y": -0.007003237958997488,
          "z": 0.0039053119253367186
        },
        "scale": {
          "x": 1.0,
          "y": 1.0,
          "z": 1.0
        },
        "matrix_basis": [
          [
            0.9998714327812195,
            -0.011298617348074913,
            -0.01138033252209425,
            0.0
          ],
          [
            0.0037432059179991484,
            0.8544811010360718,
            -0.5194690823554993,
            0.0
          ],
          [
            0.01559356041252613,
            0.5193596482276917,
            0.8544135093688965,
            0.0
          ],
          [
            0.0,
            0.0,
            0.0,
            1.0
          ]
        ],
        "rotation_mode": "QUATERNION"
      },
      "armature_space": {
        "head": {
          "x": 0.6171026229858398,
          "y": 0.008154312148690224,
          "z": 0.13515375554561615
        },
        "tail": {
          "x": 0.5953388810157776,
          "y": 0.026399170979857445,
          "z": 0.12828375399112701
        }
      },
      "world_space": {
        "head": {
          "x": 0.6171026229858398,
          "y": 0.0713983103632927,
          "z": 1.0850077867507935
        },
        "tail": {
          "x": 0.5953388810157776,
          "y": 0.08964317291975021,
          "z": 1.078137755393982
        },
        "rotation_quaternion": {
          "w": 0.865685760974884,
          "x": -0.010392386466264725,
          "y": -0.25060051679611206,
          "z": 0.4332200884819031
        },
        "matrix": [
          [
            0.49903881549835205,
            -0.7448568940162659,
            -0.4428859353065491,
            0.6171026229858398
          ],
          [
            0.7552739977836609,
            0.624424397945404,
            -0.19913838803768158,
            0.0713983103632927
          ],
          [
            0.42488205432891846,
            -0.23512360453605652,
            0.8741888999938965,
            1.0850077867507935
          ],
          [
            0.0,
            0.0,
            0.0,
            1.0
          ]
        ]
      },
      "bone_length_armature_space": 0.029218697487204934,
      "parent": "index_02_l",
      "has_children": false,
      "is_end_bone": true
    },
    "metacarpal_pinky_l": {
      "name": "metacarpal_pinky_l",
      "local": {
        "location": {
          "x": 0.0,
          "y": 0.0,
          "z": 0.0
        },
        "rotation_quaternion": {
          "w": 0.9994773268699646,
          "x": -0.023581016808748245,
          "y": -0.019011886790394783,
          "z": 0.011294500902295113
        },
        "scale": {
          "x": 1.0,
          "y": 1.0,
          "z": 1.0
        },
        "matrix_basis": [
          [
            0.9990219473838806,
            -0.0216805562376976,
            -0.038536570966243744,
            0.0
          ],
          [
            0.02347383461892605,
            0.9986327290534973,
            0.04670792445540428,
            0.0
          ],
          [
            0.0374712273478508,
            -0.047566842287778854,
            0.9981649518013,
            0.0
          ],
          [
            0.0,
            0.0,
            0.0,
            1.0
          ]
        ],
        "rotation_mode": "QUATERNION"
      },
      "armature_space": {
        "head": {
          "x": 0.5747906565666199,
          "y": 0.014470599591732025,
          "z": 0.2859613299369812
        },
        "tail": {
          "x": 0.6621453166007996,
          "y": 0.010713908821344376,
          "z": 0.22940771281719208
        }
      },
      "world_space": {
        "head": {
          "x": 0.5747906565666199,
          "y": 0.07771459966897964,
          "z": 1.2358152866363525
        },
        "tail": {
          "x": 0.6621453166007996,
          "y": 0.0739579051733017,
          "z": 1.1792616844177246
        },
        "rotation_quaternion": {
          "w": 0.363803505897522,
          "x": 0.30960753560066223,
          "y": 0.5912780165672302,
          "z": -0.6497543454170227
        },
        "matrix": [
          [
            -0.543580174446106,
            0.8388938307762146,
            0.027880772948265076,
            0.5747906565666199
          ],
          [
            -0.10664112865924835,
            -0.03607667237520218,
            -0.9936431050300598,
            0.07771459966897964
          ],
          [
            -0.8325611352920532,
            -0.5431019067764282,
            0.10907085984945297,
            1.2358152866363525
          ],
          [
            0.0,
            0.0,
            0.0,
            1.0
          ]
        ]
      },
      "bone_length_armature_space": 0.10413098037622957,
      "parent": "lowerarm_l",
      "has_children": true,
      "is_end_bone": false
    },
    "pinky_01_l": {
      "name": "pinky_01_l",
      "local": {
        "location": {
          "x": 0.0,
          "y": 0.0,
          "z": 0.0
        },
        "rotation_quaternion": {
          "w": 0.9493772983551025,
          "x": 0.3140973746776581,
          "y": 0.0029120836406946182,
          "z": 0.00414195004850626
        },
        "scale": {
          "x": 1.0,
          "y": 1.0,
          "z": 1.0
        },
        "matrix_basis": [
          [
            0.9999487400054932,
            -0.006035191006958485,
            0.008131283335387707,
            0.0
          ],
          [
            0.009693901985883713,
            0.8026513457298279,
            -0.5963696837425232,
            0.0
          ],
          [
            -0.002927380846813321,
            0.5964179635047913,
            0.8026686906814575,
            0.0
          ],
          [
            0.0,
            0.0,
            0.0,
            1.0
          ]
        ],
        "rotation_mode": "QUATERNION"
      },
      "armature_space": {
        "head": {
          "x": 0.6621453166007996,
          "y": 0.010713908821344376,
          "z": 0.22940771281719208
        },
