{
  "metadata": {
    "armature_name": "KIM_caucasian_male",
    "export_time": "2026-01-13T21:02:31.364447",
    "blender_version": "4.4.1",
    "bone_count": 56,
    "end_bone_count": 13,
    "spaces_included": [
      "LOCAL_CHANNELS",
      "ARMATURE_SPACE",
      "WORLD_SPACE"
    ],
    "note": "LOCAL matches Transform panel; replay pose via local.matrix_basis for best fidelity."
  },
  "bones": {
    "Root": {
      "name": "Root",
      "local": {
        "location": {
          "x": 0.0,
          "y": 0.0,
          "z": 0.0
        },
        "rotation_quaternion": {
          "w": 0.9998761415481567,
          "x": 0.01533958874642849,
          "y": -0.0020534535869956017,
          "z": -0.0028572161681950092
        },
        "scale": {
          "x": 1.0,
          "y": 1.0,
          "z": 1.0
        },
        "matrix_basis": [
          [
            0.9999752640724182,
            0.005650726146996021,
            -0.004194055683910847,
            0.0
          ],
          [
            -0.0057767229154706,
            0.9995130896568298,
            -0.030663643032312393,
            0.0
          ],
          [
            0.00401874165982008,
            0.030687112361192703,
            0.9995209574699402,
            0.0
          ],
          [
            0.0,
            0.0,
            0.0,
            1.0
          ]
        ],
        "rotation_mode": "QUATERNION"
      },
      "armature_space": {
        "head": {
          "x": 0.0,
          "y": 0.07072800397872925,
          "z": -0.009595036506652832
        },
        "tail": {
          "x": 0.00040332548087462783,
          "y": -0.00026000291109085083,
          "z": -0.002175126224756241
        }
      },
      "world_space": {
        "head": {
          "x": 0.0,
          "y": 0.13397200405597687,
          "z": 0.9402589797973633
        },
        "tail": {
          "x": 0.00040332548087462783,
          "y": 0.06298399716615677,
          "z": 0.9476788640022278
        },
        "rotation_quaternion": {
          "w": 0.05205458402633667,
          "x": 0.9986381530761719,
          "y": 0.0027123885229229927,
          "z": -0.002241273410618305
        },
        "matrix": [
          [
            0.9999752640724182,
            0.005650726146996021,
            -0.004194055683910847,
            0.0
          ],
          [
            0.0051840501837432384,
            -0.9945659041404724,
            -0.10397997498512268,
            0.13397200405597687
          ],
          [
            -0.004758855327963829,
            0.10395544767379761,
            -0.9945775866508484,
            0.9402589797973633
          ],
          [
            0.0,
            0.0,
            0.0,
            1.0
          ]
        ]
      },
      "bone_length_armature_space": 0.07137586976165494,
      "parent": null,
      "has_children": true,
      "is_end_bone": false
    },
    "spine_01": {
      "name": "spine_01",
      "local": {
        "location": {
          "x": 0.0,
          "y": 0.0,
          "z": 0.0
        },
        "rotation_quaternion": {
          "w": 0.9982602596282959,
          "x": -0.027302410453557968,
          "y": 0.03269889950752258,
          "z": 0.04076531156897545
        },
        "scale": {
          "x": 1.0,
          "y": 1.0,
          "z": 1.0
        },
        "matrix_basis": [
          [
            0.9945379495620728,
            -0.08317429572343826,
            0.063058041036129,
            0.0
          ],
          [
            0.07960326224565506,
            0.9951855540275574,
            0.057175785303115845,
            0.0
          ],
          [
            -0.06751000881195068,
            -0.05184385925531387,
            0.9963707327842712,
            0.0
          ],
          [
            0.0,
            0.0,
            0.0,
            1.0
          ]
        ],
        "rotation_mode": "QUATERNION"
      },
      "armature_space": {
        "head": {
          "x": 0.00040332548087462783,
          "y": -0.00026000291109085083,
          "z": -0.002175126224756241
        },
        "tail": {
          "x": -0.038047533482313156,
          "y": 0.03263802081346512,
          "z": 0.48319879174232483
        }
      },
      "world_space": {
        "head": {
          "x": 0.00040332548087462783,
          "y": 0.06298399716615677,
          "z": 0.9476788640022278
        },
        "tail": {
          "x": -0.038047533482313156,
          "y": 0.09588202089071274,
          "z": 1.4330527782440186
        },
        "rotation_quaternion": {
          "w": 0.7305501103401184,
          "x": 0.6808537840843201,
          "y": -0.001783238723874092,
          "z": 0.052264925092458725
        },
        "matrix": [
          [
            0.9945303797721863,
            -0.07879254966974258,
            0.06856455653905869,
            0.00040332548087462783
          ],
          [
            0.0739365965127945,
            0.0674138143658638,
            -0.9949818253517151,
            0.06298399716615677
          ],
          [
            0.07377554476261139,
            0.9946161508560181,
            0.07287034392356873,
            0.9476788640022278
          ],
          [
            0.0,
            0.0,
            0.0,
            1.0
          ]
        ]
      },
      "bone_length_armature_space": 0.4880046966107532,
      "parent": "Root",
      "has_children": true,
      "is_end_bone": false
    },
    "neck_01": {
      "name": "neck_01",
      "local": {
        "location": {
          "x": 0.0,
          "y": 0.0,
          "z": 0.0
        },
        "rotation_quaternion": {
          "w": 0.9971357583999634,
          "x": -0.07062478363513947,
          "y": -0.004890880081802607,
          "z": -0.02661842107772827
        },
        "scale": {
          "x": 1.0,
          "y": 1.0,
          "z": 1.0
        },
        "matrix_basis": [
          [
            0.9985350966453552,
            0.05377519503235817,
            -0.005993902217596769,
            0.0
          ],
          [
            -0.05239352583885193,
            0.9886072278022766,
            0.14110536873340607,
            0.0
          ],
          [
            0.013513583689928055,
            -0.14058461785316467,
            0.9899764657020569,
            0.0
          ],
          [
            0.0,
            0.0,
            0.0,
            1.0
          ]
        ],
        "rotation_mode": "QUATERNION"
      },
      "armature_space": {
        "head": {
          "x": -0.0414387546479702,
          "y": 0.0030675455927848816,
          "z": 0.5585501790046692
        },
        "tail": {
          "x": -0.04202261567115784,
          "y": -0.014888180419802666,
          "z": 0.6594858765602112
        }
      },
      "world_space": {
        "head": {
          "x": -0.0414387546479702,
          "y": 0.0663115456700325,
          "z": 1.50840425491333
        },
        "tail": {
          "x": -0.04202261567115784,
          "y": 0.048355817794799805,
          "z": 1.609339952468872
        },
        "rotation_quaternion": {
          "w": 0.6417970657348633,
          "x": 0.7658720016479492,
          "y": 0.02292749285697937,
          "z": 0.031796738505363464
        },
        "matrix": [
          [
            0.9969266653060913,
            -0.005695007741451263,
            0.0781339704990387,
            -0.0414387546479702
          ],
          [
            0.0759330689907074,
            -0.1751413643360138,
            -0.981610894203186,
            0.0663115456700325
          ],
          [
            0.019274983555078506,
            0.9845336675643921,
            -0.1741727590560913,
            1.50840425491333
          ],
          [
            0.0,
            0.0,
            0.0,
            1.0
          ]
        ]
      },
      "bone_length_armature_space": 0.10252201798934646,
      "parent": "spine_01",
      "has_children": true,
      "is_end_bone": false
    },
    "head": {
      "name": "head",
      "local": {
        "location": {
          "x": 0.0,
          "y": 0.0,
          "z": 0.0
        },
        "rotation_quaternion": {
          "w": 0.9917551875114441,
          "x": -0.023841949179768562,
          "y": 0.08289914578199387,
          "z": 0.09476784616708755
        },
        "scale": {
          "x": 1.0,
          "y": 1.0,
          "z": 1.0
        },
        "matrix_basis": [
          [
            0.9682935476303101,
            -0.19192595779895782,
            0.15991242229938507,
            0.0
          ],
          [
            0.1840200573205948,
            0.9809012413024902,
            0.06300310045480728,
            0.0
          ],
          [
            -0.16895021498203278,
            -0.03157840669155121,
            0.985118567943573,
            0.0
          ],
          [
            0.0,
            0.0,
            0.0,
            1.0
          ]
        ],
        "rotation_mode": "QUATERNION"
      },
      "armature_space": {
        "head": {
          "x": -0.04202260076999664,
          "y": -0.014888320118188858,
          "z": 0.6594858169555664
        },
        "tail": {
          "x": -0.07723481953144073,
          "y": 0.01686296984553337,
          "z": 0.8071517944335938
        }
      },
      "world_space": {
        "head": {
          "x": -0.04202260076999664,
          "y": 0.04835567995905876,
          "z": 1.6093398332595825
        },
        "tail": {
          "x": -0.07723481953144073,
          "y": 0.08010697364807129,
          "z": 1.7570058107376099
        },
        "rotation_quaternion": {
          "w": 0.7759080529212952,
          "x": 0.6097909808158875,
          "y": 0.01818084716796875,
          "z": 0.160596564412117
        },
        "matrix": [
          [
            0.9477561116218567,
            -0.22704346477985382,
            0.22407519817352295,
            -0.04202260076999664
          ],
          [
            0.2713906466960907,
            0.2047278732061386,
            -0.9404434561729431,
            0.04835567995905876
          ],
          [
            0.1676485240459442,
            0.9521297812461853,
            0.25565049052238464,
            1.6093398332595825
          ],
          [
            0.0,
            0.0,
            0.0,
            1.0
          ]
        ]
      },
      "bone_length_armature_space": 0.1550912200229749,
      "parent": "neck_01",
      "has_children": false,
      "is_end_bone": true
    },
    "upperarm_l": {
      "name": "upperarm_l",
      "local": {
        "location": {
          "x": 0.0,
          "y": 0.0,
          "z": 0.0
        },
        "rotation_quaternion": {
          "w": 0.8454458713531494,
          "x": 0.04768044501543045,
          "y": 0.5315024852752686,
          "z": 0.021285297349095345
        },
        "scale": {
          "x": 1.0,
          "y": 1.0,
          "z": 1.0
        },
        "matrix_basis": [
          [
            0.4341040849685669,
            0.01469341665506363,
            0.9007429480552673,
            0.0
          ],
          [
            0.08667568117380142,
            0.9945470094680786,
            -0.05799609422683716,
            0.0
          ],
          [
            -0.896683394908905,
            0.10324884951114655,
            0.43046337366104126,
            0.0
          ],
          [
            0.0,
            0.0,
            0.0,
            1.0
          ]
        ],
        "rotation_mode": "QUATERNION"
      },
      "armature_space": {
        "head": {
          "x": 0.11325494199991226,
          "y": 0.006454180926084518,
          "z": 0.5030030012130737
        },
        "tail": {
          "x": 0.3810088336467743,
          "y": 0.008480955846607685,
          "z": 0.5135553479194641
        }
      },
      "world_space": {
        "head": {
          "x": 0.11325494199991226,
          "y": 0.06969818472862244,
          "z": 1.4528570175170898
        },
        "tail": {
          "x": 0.3810088336467743,
          "y": 0.07172495871782303,
          "z": 1.463409423828125
        },
        "rotation_quaternion": {
          "w": 0.18722546100616455,
          "x": 0.6862691640853882,
          "y": 0.6846368312835693,
          "z": -0.1589145064353943
        },
        "matrix": [
          [
            0.012036807835102081,
            0.9991956949234009,
            0.03824926167726517,
            0.11325494199991226
          ],
          [
            0.880184531211853,
            0.007563456892967224,
            -0.47457176446914673,
            0.06969818472862244
          ],
          [
            -0.47448185086250305,
            0.039378970861434937,
            -0.879392147064209,
            1.4528570175170898
          ],
          [
            0.0,
            0.0,
            0.0,
            1.0
          ]
        ]
      },
      "bone_length_armature_space": 0.26796942670247265,
      "parent": "spine_01",
      "has_children": true,
      "is_end_bone": false
    },
    "lowerarm_l": {
      "name": "lowerarm_l",
      "local": {
        "location": {
          "x": 0.0,
          "y": 0.0,
          "z": 0.0
        },
        "rotation_quaternion": {
          "w": 0.9838495254516602,
          "x": 0.0417652390897274,
          "y": 0.051013559103012085,
          "z": -0.16641360521316528
        },
        "scale": {
          "x": 1.0,
          "y": 1.0,
          "z": 1.0
        },
        "matrix_basis": [
          [
            0.9394082427024841,
            0.33171308040618896,
            0.08647872507572174,
            0.0
          ],
          [
            -0.32319071888923645,
            0.9411243796348572,
            -0.09916011989116669,
            0.0
          ],
          [
            -0.11427994072437286,
            0.06520272046327591,
            0.9913065433502197,
            0.0
          ],
          [
            0.0,
            0.0,
            0.0,
            1.0
          ]
        ],
        "rotation_mode": "QUATERNION"
      },
      "armature_space": {
        "head": {
          "x": 0.38100892305374146,
          "y": 0.008480826392769814,
          "z": 0.5135553479194641
        },
        "tail": {
          "x": 0.6359506249427795,
          "y": 0.041733331978321075,
          "z": 0.439606636762619
        }
      },
      "world_space": {
        "head": {
          "x": 0.38100892305374146,
          "y": 0.07172482460737228,
          "z": 1.463409423828125
        },
        "tail": {
          "x": 0.6359506249427795,
          "y": 0.1049773320555687,
          "z": 1.3894606828689575
        },
        "rotation_quaternion": {
          "w": 0.09280090034008026,
          "x": 0.6078065037727356,
          "y": 0.7440009117126465,
          "z": -0.26157575845718384
        },
        "matrix": [
          [
            -0.24391748011112213,
            0.9529658555984497,
            -0.17988915741443634,
            0.38100892305374146
          ],
          [
            0.8558691740036011,
            0.12429705262184143,
            -0.5020344257354736,
            0.07172482460737228
          ],
          [
            -0.4560643434524536,
            -0.2764184772968292,
            -0.8459388017654419,
            1.463409423828125
          ],
          [
            0.0,
            0.0,
            0.0,
            1.0
          ]
        ]
      },
      "bone_length_armature_space": 0.2675246064237397,
      "parent": "upperarm_l",
      "has_children": true,
      "is_end_bone": false
    },
    "metacarpal_thumb_l": {
      "name": "metacarpal_thumb_l",
      "local": {
        "location": {
          "x": 0.0,
          "y": 0.0,
          "z": 0.0
        },
        "rotation_quaternion": {
          "w": 0.9996083974838257,
          "x": 0.024204066023230553,
          "y": -0.007058495655655861,
          "z": 0.012137152254581451
        },
        "scale": {
          "x": 1.0,
          "y": 1.0,
          "z": 1.0
        },
        "matrix_basis": [
          [
            0.9996057152748108,
            -0.024606486782431602,
            -0.01352392602711916,
            0.0
          ],
          [
            0.023923110216856003,
            0.9985337257385254,
            -0.04856051504611969,
            0.0
          ],
          [
            0.014698999933898449,
            0.048217836767435074,
            0.9987286925315857,
            0.0
          ],
          [
            0.0,
            0.0,
            0.0,
            1.0
          ]
        ],
        "rotation_mode": "QUATERNION"
      },
      "armature_space": {
        "head": {
          "x": 0.6359506249427795,
          "y": 0.041733331978321075,
          "z": 0.439606636762619
        },
        "tail": {
          "x": 0.6638473868370056,
          "y": 0.041057609021663666,
          "z": 0.39868080615997314
        }
      },
      "world_space": {
        "head": {
          "x": 0.6359506249427795,
          "y": 0.1049773320555687,
          "z": 1.3894606828689575
        },
        "tail": {
          "x": 0.6638473868370056,
          "y": 0.10430160909891129,
          "z": 1.3485348224639893
        },
        "rotation_quaternion": {
          "w": 0.5837011933326721,
          "x": -0.7118866443634033,
          "y": -0.39047664403915405,
          "z": -0.006199454423040152
        },
        "matrix": [
          [
            0.6949771642684937,
            0.5631875395774841,
            -0.44701918959617615,
            0.6359506249427795
          ],
          [
            0.5487160086631775,
            -0.013641685247421265,
            0.8358977437019348,
            0.1049773320555687
          ],
          [
            0.4646729826927185,
            -0.82622230052948,
            -0.3185121417045593,
            1.3894606828689575
          ],
          [
            0.0,
            0.0,
            0.0,
            1.0
          ]
        ]
      },
      "bone_length_armature_space": 0.04953392278776909,
      "parent": "lowerarm_l",
      "has_children": true,
      "is_end_bone": false
    },
    "thumb_01_l": {
      "name": "thumb_01_l",
      "local": {
        "location": {
          "x": 0.0,
          "y": 0.0,
          "z": 0.0
        },
        "rotation_quaternion": {
          "w": 0.9998279213905334,
          "x": -0.016183817759156227,
          "y": 0.006112554110586643,
          "z": 0.006702173501253128
        },
        "scale": {
          "x": 1.0,
          "y": 1.0,
          "z": 1.0
        },
        "matrix_basis": [
          [
            0.9998354315757751,
            -0.013599889352917671,
            0.012006071396172047,
            0.0
          ],
          [
            0.01320419181138277,
            0.9993863105773926,
            0.032444000244140625,
            0.0
          ],
          [
            -0.012439938262104988,
            -0.03228013217449188,
            0.9994014501571655,
            0.0
          ],
          [
            0.0,
            0.0,
            0.0,
            1.0
          ]
        ],
        "rotation_mode": "QUATERNION"
      },
      "armature_space": {
        "head": {
          "x": 0.6638473868370056,
          "y": 0.041057609021663666,
          "z": 0.39868080615997314
        },
        "tail": {
          "x": 0.6612617373466492,
          "y": 0.059157051146030426,
          "z": 0.36996912956237793
        }
      },
      "world_space": {
        "head": {
          "x": 0.6638473868370056,
          "y": 0.10430160909891129,
          "z": 1.3485348224639893
        },
        "tail": {
          "x": 0.6612617373466492,
          "y": 0.12240105122327805,
          "z": 1.319823145866394
        },
        "rotation_quaternion": {
          "w": 0.8014581799507141,
          "x": -0.45877939462661743,
          "y": 0.3514699637889862,
          "z": -0.1538018435239792
        },
        "matrix": [
          [
            0.7056282758712769,
            -0.07596181333065033,
            0.7044986486434937,
            0.6638473868370056
          ],
          [
            -0.5690256953239441,
            0.5317332744598389,
            0.627271831035614,
            0.10430160909891129
          ],
          [
            -0.42225751280784607,
            -0.8435039520263672,
            0.33198481798171997,
            1.3485348224639893
          ],
          [
            0.0,
            0.0,
            0.0,
            1.0
          ]
        ]
      },
      "bone_length_armature_space": 0.034038738813474856,
      "parent": "metacarpal_thumb_l",
      "has_children": true,
      "is_end_bone": false
    },
    "thumb_02_l": {
      "name": "thumb_02_l",
      "local": {
        "location": {
          "x": 0.0,
          "y": 0.0,
          "z": 0.0
        },
        "rotation_quaternion": {
          "w": 0.9970278739929199,
          "x": 0.07693631201982498,
          "y": 0.0015572033589705825,
          "z": -0.003734724596142769
        },
        "scale": {
          "x": 1.0,
          "y": 1.0,
          "z": 1.0
        },
        "matrix_basis": [
          [
            0.9999672770500183,
            0.007686859928071499,
            0.0025304784066975117,
            0.0
          ],
          [
            -0.007207638118416071,
            0.9881337285041809,
            -0.15342693030834198,
            0.0
          ],
          [
            -0.003679822199046612,
            0.15340366959571838,
            0.9881567358970642,
            0.0
          ],
          [
            0.0,
            0.0,
            0.0,
            1.0
          ]
        ],
        "rotation_mode": "QUATERNION"
      },
      "armature_space": {
        "head": {
          "x": 0.6612616777420044,
          "y": 0.05915703624486923,
          "z": 0.36996912956237793
        },
        "tail": {
          "x": 0.6977076530456543,
          "y": 0.06778369098901749,
          "z": 0.35546204447746277
        }
      },
      "world_space": {
        "head": {
          "x": 0.6612616777420044,
          "y": 0.12240103632211685,
          "z": 1.319823145866394
        },
        "tail": {
          "x": 0.6977076530456543,
          "y": 0.1310276985168457,
          "z": 1.3053160905838013
        },
        "rotation_quaternion": {
          "w": 0.7187870740890503,
          "x": 0.01129340659826994,
          "y": 0.3012273907661438,
          "z": -0.6264819502830505
        },
        "matrix": [
          [
            0.033563319593667984,
            0.9074192643165588,
            0.4188838005065918,
            0.6612616777420044
          ],
          [
            -0.893810510635376,
            0.21478360891342163,
            -0.3936639428138733,
            0.12240103632211685
          ],
          [
            -0.4471917152404785,
            -0.3611923158168793,
            0.8182749152183533,
            1.319823145866394
          ],
          [
            0.0,
            0.0,
            0.0,
            1.0
          ]
        ]
      },
      "bone_length_armature_space": 0.040164458849471625,
      "parent": "thumb_01_l",
      "has_children": true,
      "is_end_bone": false
    },
    "thumb_03_l": {
      "name": "thumb_03_l",
      "local": {
        "location": {
          "x": 0.0,
          "y": 0.0,
          "z": 0.0
        },
        "rotation_quaternion": {
          "w": 0.9954401254653931,
          "x": 0.095015749335289,
          "y": 0.00692830141633749,
          "z": -0.004791340325027704
        },
        "scale": {
          "x": 1.0,
          "y": 1.0,
          "z": 1.0
        },
        "matrix_basis": [
          [
            0.9998580813407898,
            0.010855580680072308,
            0.012882912531495094,
            0.0
          ],
          [
            -0.008222389034926891,
            0.9818981289863586,
            -0.18923136591911316,
            0.0
          ],
          [
            -0.014703923836350441,
            0.18909858167171478,
            0.9818480014801025,
            0.0
          ],
          [
            0.0,
            0.0,
            0.0,
            1.0
          ]
        ],
        "rotation_mode": "QUATERNION"
      },
      "armature_space": {
        "head": {
          "x": 0.6977075934410095,
          "y": 0.0677836611866951,
          "z": 0.355461984872818
        },
        "tail": {
          "x": 0.7279677987098694,
          "y": 0.0705212652683258,
          "z": 0.3573899567127228
        }
      },
      "world_space": {
        "head": {
          "x": 0.6977075934410095,
          "y": 0.13102766871452332,
          "z": 1.3053159713745117
        },
        "tail": {
          "x": 0.7279677987098694,
          "y": 0.13376526534557343,
          "z": 1.3072439432144165
        },
        "rotation_quaternion": {
          "w": 0.6742624640464783,
          "x": 0.3132581412792206,
          "y": 0.30055224895477295,
          "z": -0.5974177122116089
        },
        "matrix": [
          [
            0.10551957041025162,
            0.9939336776733398,
            0.03100748360157013,
            0.6977075934410095
          ],
          [
            -0.6173327565193176,
            0.08991998434066772,
            -0.7815467119216919,
            0.13102766871452332
          ],
          [
            -0.7795997858047485,
            0.06332707405090332,
            0.6230795979499817,
            1.3053159713745117
          ],
          [
            0.0,
            0.0,
            0.0,
            1.0
          ]
        ]
      },
      "bone_length_armature_space": 0.030444894053912895,
      "parent": "thumb_02_l",
      "has_children": false,
      "is_end_bone": true
    },
    "metacarpal_index_l": {
      "name": "metacarpal_index_l",
      "local": {
        "location": {
          "x": 0.0,
          "y": 0.0,
          "z": 0.0
        },
        "rotation_quaternion": {
          "w": 0.9992082715034485,
          "x": -0.03406683728098869,
          "y": -0.02052163891494274,
          "z": 0.0011037075892090797
        },
        "scale": {
          "x": 1.0,
          "y": 1.0,
          "z": 1.0
        },
        "matrix_basis": [
          [
            0.9991552829742432,
            -0.0008074528304859996,
            -0.04108598083257675,
            0.0
          ],
          [
            0.0036038821563124657,
            0.9976764917373657,
            0.06803443282842636,
            0.0
          ],
          [
            0.04093558341264725,
            -0.06812503188848495,
            0.9968366026878357,
            0.0
          ],
          [
            0.0,
            0.0,
            0.0,
            1.0
          ]
        ],
        "rotation_mode": "QUATERNION"
      },
      "armature_space": {
        "head": {
          "x": 0.6359506249427795,
          "y": 0.041733331978321075,
          "z": 0.439606636762619
        },
        "tail": {
          "x": 0.7380276918411255,
          "y": 0.03947003185749054,
          "z": 0.38212257623672485
        }
      },
      "world_space": {
        "head": {
          "x": 0.6359506249427795,
          "y": 0.1049773320555687,
          "z": 1.3894606828689575
        },
        "tail": {
          "x": 0.7380276918411255,
          "y": 0.10271403193473816,
          "z": 1.3319766521453857
        },
        "rotation_quaternion": {
          "w": 0.29685166478157043,
          "x": -0.7118917107582092,
          "y": -0.6342084407806396,
          "z": 0.053562283515930176
        },
        "matrix": [
          [
            0.18981900811195374,
            0.8711746335029602,
            -0.4527948200702667,
            0.6359506249427795
          ],
          [
            0.9347770810127258,
            -0.01931607723236084,
            0.3547099232673645,
            0.1049773320555687
          ],
          [
            0.3002711236476898,
            -0.49059656262397766,
            -0.818026065826416,
            1.3894606828689575
          ],
          [
            0.0,
            0.0,
            0.0,
            1.0
          ]
        ]
      },
      "bone_length_armature_space": 0.11717195515835852,
      "parent": "lowerarm_l",
      "has_children": true,
      "is_end_bone": false
    },
    "index_01_l": {
      "name": "index_01_l",
      "local": {
        "location": {
          "x": 0.0,
          "y": 0.0,
          "z": 0.0
        },
        "rotation_quaternion": {
          "w": 0.9922467470169067,
          "x": -0.12354719638824463,
          "y": -0.006557985674589872,
          "z": -0.011808482930064201
        },
        "scale": {
          "x": 1.0,
          "y": 1.0,
          "z": 1.0
        },
        "matrix_basis": [
          [
            0.9996351003646851,
            0.02505429834127426,
            -0.010096469894051552,
            0.0
          ],
          [
            -0.021813416853547096,
            0.9691932797431946,
            0.2453334927558899,
            0.0
          ],
          [
            0.01593209058046341,
            -0.2450237274169922,
            0.9693861603736877,
            0.0
          ],
          [
            0.0,
            0.0,
            0.0,
            1.0
          ]
        ],
        "rotation_mode": "QUATERNION"
      },
      "armature_space": {
        "head": {
          "x": 0.7380276918411255,
          "y": 0.03947003185749054,
          "z": 0.38212257623672485
        },
        "tail": {
          "x": 0.7661131024360657,
          "y": 0.04437704011797905,
          "z": 0.3816756010055542
        }
      },
      "world_space": {
        "head": {
          "x": 0.7380276918411255,
          "y": 0.10271403193473816,
          "z": 1.3319766521453857
        },
        "tail": {
          "x": 0.7661131024360657,
          "y": 0.10762104392051697,
          "z": 1.3315296173095703
        },
        "rotation_quaternion": {
          "w": 0.1830543875694275,
          "x": -0.6270978450775146,
          "y": -0.7433279156684875,
          "z": -0.1438855081796646
        },
        "matrix": [
          [
            -0.1464783251285553,
            0.9849565029144287,
            -0.09167568385601044,
            0.7380276918411255
          ],
          [
            0.8796012997627258,
            0.17208899557590485,
            0.44349437952041626,
            0.10271403193473816
          ],
          [
            0.45260322093963623,
            -0.01567581295967102,
            -0.8915822505950928,
            1.3319766521453857
          ],
          [
            0.0,
            0.0,
            0.0,
            1.0
          ]
        ]
      },
      "bone_length_armature_space": 0.028514361424480748,
      "parent": "metacarpal_index_l",
      "has_children": true,
      "is_end_bone": false
    },
    "index_02_l": {
      "name": "index_02_l",
      "local": {
        "location": {
          "x": 0.0,
          "y": 0.0,
          "z": 0.0
        },
        "rotation_quaternion": {
          "w": 0.9983407855033875,
          "x": 0.057216718792915344,
          "y": 0.005909052677452564,
          "z": 0.002674464136362076
        },
        "scale": {
          "x": 1.0,
          "y": 1.0,
          "z": 1.0
        },
        "matrix_basis": [
          [
            0.9999158382415771,
            -0.004663859959691763,
            0.012104544788599014,
            0.0
          ],
          [
            0.006016246508806944,
            0.993438184261322,
            -0.11421196162700653,
            0.0
          ],
          [
            -0.01149244885891676,
            0.11427517235279083,
            0.9933826327323914,
            0.0
          ],
          [
            0.0,
            0.0,
            0.0,
            1.0
          ]
        ],
        "rotation_mode": "QUATERNION"
      },
      "armature_space": {
        "head": {
          "x": 0.7661135196685791,
          "y": 0.04437704011797905,
          "z": 0.38167521357536316
        },
        "tail": {
          "x": 0.7910394668579102,
          "y": 0.05010426416993141,
          "z": 0.3796789348125458
        }
      },
      "world_space": {
        "head": {
          "x": 0.7661135196685791,
          "y": 0.10762104392051697,
          "z": 1.3315292596817017
        },
        "tail": {
          "x": 0.7910394668579102,
          "y": 0.11334826052188873,
          "z": 1.3295329809188843
        },
        "rotation_quaternion": {
          "w": 0.18553881347179413,
          "x": -0.6152739524841309,
          "y": -0.7597392201423645,
          "z": -0.09904362261295319
        },
        "matrix": [
          [
            -0.1740259975194931,
            0.971648633480072,
            -0.1600419282913208,
            0.7661135196685791
          ],
          [
            0.89814293384552,
            0.2232552021741867,
            0.3788096010684967,
            0.10762104392051697
          ],
          [
            0.40380388498306274,
            -0.07781828939914703,
            -0.911537766456604,
            1.3315292596817017
          ],
          [
            0.0,
            0.0,
            0.0,
            1.0
          ]
        ]
      },
      "bone_length_armature_space": 0.025653247179413363,
      "parent": "index_01_l",
      "has_children": true,
      "is_end_bone": false
    },
    "index_03_l": {
      "name": "index_03_l",
      "local": {
        "location": {
          "x": 0.0,
          "y": 0.0,
          "z": 0.0
        },
        "rotation_quaternion": {
          "w": 0.9998155236244202,
          "x": 0.018510274589061737,
          "y": -0.0014180010184645653,
          "z": -0.004939282778650522
        },
        "scale": {
          "x": 1.0,
          "y": 1.0,
          "z": 1.0
        },
        "matrix_basis": [
          [
            0.999947190284729,
            0.009824248030781746,
            -0.0030183338094502687,
            0.0
          ],
          [
            -0.009929238818585873,
            0.9992659687995911,
            -0.03699971362948418,
            0.0
          ],
          [
            0.002652623923495412,
            0.03702772781252861,
            0.9993107318878174,
            0.0
          ],
          [
            0.0,
            0.0,
            0.0,
            1.0
          ]
        ],
        "rotation_mode": "QUATERNION"
      },
      "armature_space": {
        "head": {
          "x": 0.7910394668579102,
          "y": 0.050104185938835144,
          "z": 0.37967902421951294
        },
        "tail": {
          "x": 0.8179553151130676,
          "y": 0.06061569228768349,
          "z": 0.37534579634666443
        }
      },
      "world_space": {
        "head": {
          "x": 0.7910394668579102,
          "y": 0.11334818601608276,
          "z": 1.3295331001281738
        },
        "tail": {
          "x": 0.8179553151130676,
          "y": 0.12385968863964081,
          "z": 1.325199842453003
        },
        "rotation_quaternion": {
          "w": 0.24480892717838287,
          "x": -0.5601133704185486,
          "y": -0.7873663306236267,
          "z": -0.07997392117977142
        },
        "matrix": [
          [
            -0.2526824176311493,
            0.9211861491203308,
            -0.2959175109863281,
            0.7910394668579102
          ],
          [
            0.8428725004196167,
            0.359752893447876,
            0.4001801013946533,
            0.11334818601608276
          ],
          [
            0.47510188817977905,
            -0.14830312132835388,
            -0.8673515319824219,
            1.3295331001281738
          ],
          [
            0.0,
            0.0,
            0.0,
            1.0
          ]
        ]
      },
      "bone_length_armature_space": 0.029218684787326057,
      "parent": "index_02_l",
      "has_children": false,
      "is_end_bone": true
    },
    "metacarpal_pinky_l": {
      "name": "metacarpal_pinky_l",
      "local": {
        "location": {
          "x": 0.0,
          "y": 0.0,
          "z": 0.0
        },
        "rotation_quaternion": {
          "w": 0.9999926090240479,
          "x": 0.002635664539411664,
          "y": 0.00279101706109941,
          "z": -1.7308630049228668e-06
        },
        "scale": {
          "x": 1.0,
          "y": 1.0,
          "z": 1.0
        },
        "matrix_basis": [
          [
            0.9999844431877136,
            1.817407064663712e-05,
            0.005581983830779791,
            0.0
          ],
          [
            1.125066864915425e-05,
            0.9999861121177673,
            -0.005271299742162228,
            0.0
          ],
          [
            -0.005582001991569996,
            0.005271280650049448,
            0.999970555305481,
            0.0
          ],
          [
            0.0,
            0.0,
            0.0,
            1.0
          ]
        ],
        "rotation_mode": "QUATERNION"
      },
      "armature_space": {
        "head": {
          "x": 0.6359506249427795,
          "y": 0.041733331978321075,
          "z": 0.439606636762619
        },
        "tail": {
          "x": 0.7361966371536255,
          "y": 0.0698985606431961,
          "z": 0.4387889802455902
        }
      },
      "world_space": {
        "head": {
          "x": 0.6359506249427795,
          "y": 0.1049773320555687,
          "z": 1.3894606828689575
        },
        "tail": {
          "x": 0.7361966371536255,
          "y": 0.13314256072044373,
          "z": 1.3886430263519287
        },
        "rotation_quaternion": {
          "w": 0.6145737767219543,
          "x": 0.38074207305908203,
          "y": 0.5074830651283264,
          "z": -0.4688234031200409
        },
        "matrix": [
          [
            0.045330483466386795,
            0.9626935720443726,
            0.2667694389820099,
            0.6359506249427795
          ],
          [
            -0.1898135244846344,
            0.2704794406890869,
            -0.9438284635543823,
            0.1049773320555687
          ],
          [
            -0.9807804822921753,
            -0.0078521016985178,
            0.19499361515045166,
            1.3894606828689575
          ],
          [
            0.0,
            0.0,
            0.0,
            1.0
          ]
        ]
      },
      "bone_length_armature_space": 0.10413074309499522,
      "parent": "lowerarm_l",
      "has_children": true,
      "is_end_bone": false
    },
    "pinky_01_l": {
      "name": "pinky_01_l",
      "local": {
        "location": {
          "x": 0.0,
          "y": 0.0,
          "z": 0.0
        },
        "rotation_quaternion": {
          "w": 0.9686517715454102,
          "x": 0.24787743389606476,
          "y": 0.014918294735252857,
          "z": -0.006927767302840948
        },
        "scale": {
          "x": 1.0,
          "y": 1.0,
          "z": 1.0
        },
        "matrix_basis": [
          [
            0.999458909034729,
            0.02081700600683689,
            0.025466790422797203,
            0.0
          ],
          [
            -0.006025370676070452,
            0.8770175576210022,
            -0.4804205298423767,
            0.0
          ],
          [
            -0.03233573958277702,
            0.480007141828537,
            0.8766684532165527,
            0.0
          ],
          [
            0.0,
            0.0,
            0.0,
            1.0
          ]
        ],
        "rotation_mode": "QUATERNION"
      },
      "armature_space": {
        "head": {
          "x": 0.7361966371536255,
          "y": 0.0698985606431961,
          "z": 0.4387889802455902
        },
        "tail": {
