{
  "metadata": {
    "armature_name": "KIM_caucasian_male",
    "export_time": "2026-01-13T21:12:30.715740",
    "blender_version": "4.4.1",
    "bone_count": 56,
    "end_bone_count": 13,
    "spaces_included": [
      "LOCAL_CHANNELS",
      "ARMATURE_SPACE",
      "WORLD_SPACE"
    ],
    "note": "LOCAL matches Transform panel; replay pose via local.matrix_basis for best fidelity."
  },
  "bones": {
    "Root": {
      "name": "Root",
      "local": {
        "location": {
          "x": 0.0,
          "y": 0.0,
          "z": 0.0
        },
        "rotation_quaternion": {
          "w": 0.9996114373207092,
          "x": 0.014478716999292374,
          "y": -0.009373730979859829,
          "z": -0.021900679916143417
        },
        "scale": {
          "x": 1.0,
          "y": 1.0,
          "z": 1.0
        },
        "matrix_basis": [
          [
            0.998865008354187,
            0.04351289942860603,
            -0.019374364987015724,
            0.0
          ],
          [
            -0.04405577853322029,
            0.9986214637756348,
            -0.028535600751638412,
            0.0
          ],
          [
            0.018105989322066307,
            0.029356764629483223,
            0.999405026435852,
            0.0
          ],
          [
            0.0,
            0.0,
            0.0,
            1.0
          ]
        ],
        "rotation_mode": "QUATERNION"
      },
      "armature_space": {
        "head": {
          "x": 0.0,
          "y": 0.07072800397872925,
          "z": -0.009595036506652832
        },
        "tail": {
          "x": 0.003105771029368043,
          "y": -0.00018417835235595703,
          "z": -0.0020895875059068203
        }
      },
      "world_space": {
        "head": {
          "x": 0.0,
          "y": 0.13397200405597687,
          "z": 0.9402589797973633
        },
        "tail": {
          "x": 0.003105771029368043,
          "y": 0.06305982172489166,
          "z": 0.9477644562721252
        },
        "rotation_quaternion": {
          "w": 0.052895642817020416,
          "x": 0.9983158707618713,
          "y": 0.021219437941908836,
          "z": -0.010827836580574512
        },
        "matrix": [
          [
            0.998865008354187,
            0.04351289942860603,
            -0.019374364987015724,
            0.0
          ],
          [
            0.04122190922498703,
            -0.9935035705566406,
            -0.10607311129570007,
            0.13397200405597687
          ],
          [
            -0.023864176124334335,
            0.1051538735628128,
            -0.9941766858100891,
            0.9402589797973633
          ],
          [
            0.0,
            0.0,
            0.0,
            1.0
          ]
        ]
      },
      "bone_length_armature_space": 0.0713758716529946,
      "parent": null,
      "has_children": true,
      "is_end_bone": false
    },
    "spine_01": {
      "name": "spine_01",
      "local": {
        "location": {
          "x": 0.0,
          "y": 0.0,
          "z": 0.0
        },
        "rotation_quaternion": {
          "w": 0.9961215853691101,
          "x": 0.038030557334423065,
          "y": 0.025881828740239143,
          "z": 0.07500439882278442
        },
        "scale": {
          "x": 1.0,
          "y": 1.0,
          "z": 1.0
        },
        "matrix_basis": [
          [
            0.9874089360237122,
            -0.14745840430259705,
            0.05726781487464905,
            0.0
          ],
          [
            0.15139560401439667,
            0.9858560562133789,
            -0.07188361883163452,
            0.0
          ],
          [
            -0.045857977122068405,
            0.07964862138032913,
            0.9957675933837891,
            0.0
          ],
          [
            0.0,
            0.0,
            0.0,
            1.0
          ]
        ],
        "rotation_mode": "QUATERNION"
      },
      "armature_space": {
        "head": {
          "x": 0.003105771029368043,
          "y": -0.00018417835235595703,
          "z": -0.0020895875059068203
        },
        "tail": {
          "x": -0.05602755397558212,
          "y": -0.03319259360432625,
          "z": 0.4811931550502777
        }
      },
      "world_space": {
        "head": {
          "x": 0.003105771029368043,
          "y": 0.06305982172489166,
          "z": 0.9477644562721252
        },
        "tail": {
          "x": -0.05602755397558212,
          "y": 0.03005140647292137,
          "z": 1.4310472011566162
        },
        "rotation_quaternion": {
          "w": 0.682685375213623,
          "x": 0.7265539765357971,
          "y": -0.01097451988607645,
          "z": 0.07706871628761292
        },
        "matrix": [
          [
            0.9878801107406616,
            -0.12117454409599304,
            0.0970039963722229,
            0.003105771029368043
          ],
          [
            0.08927939087152481,
            -0.067640021443367,
            -0.9937072396278381,
            0.06305982172489166
          ],
          [
            0.12697437405586243,
            0.9903309941291809,
            -0.056003134697675705,
            0.9477644562721252
          ],
          [
            0.0,
            0.0,
            0.0,
            1.0
          ]
        ]
      },
      "bone_length_armature_space": 0.48800463279763656,
      "parent": "Root",
      "has_children": true,
      "is_end_bone": false
    },
    "neck_01": {
      "name": "neck_01",
      "local": {
        "location": {
          "x": 0.0,
          "y": 0.0,
          "z": 0.0
        },
        "rotation_quaternion": {
          "w": 0.9954831600189209,
          "x": -0.09160824120044708,
          "y": -0.01620222069323063,
          "z": -0.018939031288027763
        },
        "scale": {
          "x": 1.0,
          "y": 1.0,
          "z": 1.0
        },
        "matrix_basis": [
          [
            0.9987576007843018,
            0.040675487369298935,
            -0.028788132593035698,
            0.0
          ],
          [
            -0.034738458693027496,
            0.9824984669685364,
            0.18300263583660126,
            0.0
          ],
          [
            0.03572801873087883,
            -0.18177521228790283,
            0.9826908111572266,
            0.0
          ],
          [
            0.0,
            0.0,
            0.0,
            1.0
          ]
        ],
        "rotation_mode": "QUATERNION"
      },
      "armature_space": {
        "head": {
          "x": -0.06153562664985657,
          "y": -0.07260729372501373,
          "z": 0.5517615079879761
        },
        "tail": {
          "x": -0.0674915760755539,
          "y": -0.09991519153118134,
          "z": 0.6504000425338745
        }
      },
      "world_space": {
        "head": {
          "x": -0.06153562664985657,
          "y": -0.009363293647766113,
          "z": 1.5016155242919922
        },
        "tail": {
          "x": -0.0674915760755539,
          "y": -0.036671191453933716,
          "z": 1.6002540588378906
        },
        "rotation_quaternion": {
          "w": 0.6056416630744934,
          "x": 0.7939416766166687,
          "y": 0.004054777789860964,
          "z": 0.05327674746513367
        },
        "matrix": [
          [
            0.9942904710769653,
            -0.05809471011161804,
            0.08950831741094589,
            -0.06153562664985657
          ],
          [
            0.07097137719392776,
            -0.26636308431625366,
            -0.9612564444541931,
            -0.009363293647766113
          ],
          [
            0.07968628406524658,
            0.9621270298957825,
            -0.26072192192077637,
            1.5016155242919922
          ],
          [
            0.0,
            0.0,
            0.0,
            1.0
          ]
        ]
      },
      "bone_length_armature_space": 0.10252197363063612,
      "parent": "spine_01",
      "has_children": true,
      "is_end_bone": false
    },
    "head": {
      "name": "head",
      "local": {
        "location": {
          "x": 0.0,
          "y": 0.0,
          "z": 0.0
        },
        "rotation_quaternion": {
          "w": 0.9900294542312622,
          "x": -0.049789685755968094,
          "y": 0.06510299444198608,
          "z": -0.11456164717674255
        },
        "scale": {
          "x": 1.0,
          "y": 1.0,
          "z": 1.0
        },
        "matrix_basis": [
          [
            0.965274453163147,
            0.22035589814186096,
            0.14031574130058289,
            0.0
          ],
          [
            -0.23332172632217407,
            0.9687932133674622,
            0.08366990089416504,
            0.0
          ],
          [
            -0.11749978363513947,
            -0.1135031208395958,
            0.9865651726722717,
            0.0
          ],
          [
            0.0,
            0.0,
            0.0,
            1.0
          ]
        ],
        "rotation_mode": "QUATERNION"
      },
      "armature_space": {
        "head": {
          "x": -0.0674915537238121,
          "y": -0.09991532564163208,
          "z": 0.650399923324585
        },
        "tail": {
          "x": -0.04764815792441368,
          "y": -0.06522448360919952,
          "z": 0.8002535104751587
        }
      },
      "world_space": {
        "head": {
          "x": -0.0674915537238121,
          "y": -0.03667132556438446,
          "z": 1.600253939628601
        },
        "tail": {
          "x": -0.04764815792441368,
          "y": -0.0019804835319519043,
          "z": 1.7501075267791748
        },
        "rotation_quaternion": {
          "w": 0.7736667394638062,
          "x": 0.6229425668716431,
          "y": 0.11524073779582977,
          "z": 0.010100766085088253
        },
        "matrix": [
          [
            0.9732354283332825,
            0.12794743478298187,
            0.19089947640895844,
            -0.0674915537238121
          ],
          [
            0.1592051237821579,
            0.2236817330121994,
            -0.9615718126296997,
            -0.03667132556438446
          ],
          [
            -0.16573233902454376,
            0.9662348031997681,
            0.19732558727264404,
            1.600253939628601
          ],
          [
            0.0,
            0.0,
            0.0,
            1.0
          ]
        ]
      },
      "bone_length_armature_space": 0.15509130625097914,
      "parent": "neck_01",
      "has_children": false,
      "is_end_bone": true
    },
    "upperarm_l": {
      "name": "upperarm_l",
      "local": {
        "location": {
          "x": 0.0,
          "y": 0.0,
          "z": 0.0
        },
        "rotation_quaternion": {
          "w": 0.9649585485458374,
          "x": 0.03891773521900177,
          "y": 0.21680453419685364,
          "z": -0.1426052451133728
        },
        "scale": {
          "x": 1.0,
          "y": 1.0,
          "z": 1.0
        },
        "matrix_basis": [
          [
            0.8653190732002258,
            0.29209136962890625,
            0.40731504559516907,
            0.0
          ],
          [
            -0.2583412230014801,
            0.956298291683197,
            -0.13694292306900024,
            0.0
          ],
          [
            -0.4295145273208618,
            0.013273075222969055,
            0.9029623866081238,
            0.0
          ],
          [
            0.0,
            0.0,
            0.0,
            1.0
          ]
        ],
        "rotation_mode": "QUATERNION"
      },
      "armature_space": {
        "head": {
          "x": 0.09509961307048798,
          "y": -0.05783851444721222,
          "z": 0.504071056842804
        },
        "tail": {
          "x": 0.35572516918182373,
          "y": -0.021153956651687622,
          "z": 0.45371013879776
        }
      },
      "world_space": {
        "head": {
          "x": 0.09509961307048798,
          "y": 0.0054054856300354,
          "z": 1.4539251327514648
        },
        "tail": {
          "x": 0.35572516918182373,
          "y": 0.04209004342556,
          "z": 1.403564214706421
        },
        "rotation_quaternion": {
          "w": 0.3238198757171631,
          "x": 0.5289451479911804,
          "y": 0.6808752417564392,
          "z": -0.3895723521709442
        },
        "matrix": [
          [
            -0.23071402311325073,
            0.9725943803787231,
            0.028834901750087738,
            0.09509961307048798
          ],
          [
            0.46798956394195557,
            0.13689829409122467,
            -0.8730663061141968,
            0.0054054856300354
          ],
          [
            -0.8530923128128052,
            -0.18793536722660065,
            -0.48675256967544556,
            1.4539251327514648
          ],
          [
            0.0,
            0.0,
            0.0,
            1.0
          ]
        ]
      },
      "bone_length_armature_space": 0.26796949112104296,
      "parent": "spine_01",
      "has_children": true,
      "is_end_bone": false
    },
    "lowerarm_l": {
      "name": "lowerarm_l",
      "local": {
        "location": {
          "x": 0.0,
          "y": 0.0,
          "z": 0.0
        },
        "rotation_quaternion": {
          "w": 0.9810400009155273,
          "x": 0.08834672719240189,
          "y": -0.062195535749197006,
          "z": 0.16089525818824768
        },
        "scale": {
          "x": 1.0,
          "y": 1.0,
          "z": 1.0
        },
        "matrix_basis": [
          [
            0.940488874912262,
            -0.32667890191078186,
            -0.0936034768819809,
            0.0
          ],
          [
            0.3046998381614685,
            0.9326151609420776,
            -0.19335727393627167,
            0.0
          ],
          [
            0.15046176314353943,
            0.15332941710948944,
            0.9766531586647034,
            0.0
          ],
          [
            0.0,
            0.0,
            0.0,
            1.0
          ]
        ],
        "rotation_mode": "QUATERNION"
      },
      "armature_space": {
        "head": {
          "x": 0.3557252883911133,
          "y": -0.021154046058654785,
          "z": 0.4537101984024048
        },
        "tail": {
          "x": 0.6135201454162598,
          "y": -0.08936216682195663,
          "z": 0.47513049840927124
        }
      },
      "world_space": {
        "head": {
          "x": 0.3557252883911133,
          "y": 0.042089954018592834,
          "z": 1.403564214706421
        },
        "tail": {
          "x": 0.6135201454162598,
          "y": -0.026118166744709015,
          "z": 1.4249844551086426
        },
        "rotation_quaternion": {
          "w": 0.40779492259025574,
          "x": 0.6311795711517334,
          "y": 0.45411741733551025,
          "z": -0.47863680124282837
        },
        "matrix": [
          [
            0.12936751544475555,
            0.9636307954788208,
            -0.23383688926696777,
            0.3557252883911133
          ],
          [
            0.18288816511631012,
            -0.254960298538208,
            -0.9494984745979309,
            0.042089954018592834
          ],
          [
            -0.9745917916297913,
            0.08006859570741653,
            -0.20922265946865082,
            1.403564214706421
          ],
          [
            0.0,
            0.0,
            0.0,
            1.0
          ]
        ]
      },
      "bone_length_armature_space": 0.2675245131368481,
      "parent": "upperarm_l",
      "has_children": true,
      "is_end_bone": false
    },
    "metacarpal_thumb_l": {
      "name": "metacarpal_thumb_l",
      "local": {
        "location": {
          "x": 0.0,
          "y": 0.0,
          "z": 0.0
        },
        "rotation_quaternion": {
          "w": 0.9998774528503418,
          "x": -0.008452345617115498,
          "y": -0.011662266217172146,
          "z": 0.006140043959021568
        },
        "scale": {
          "x": 1.0,
          "y": 1.0,
          "z": 1.0
        },
        "matrix_basis": [
          [
            0.9996525645256042,
            -0.01208143588155508,
            -0.023425469174981117,
            0.0
          ],
          [
            0.012475729919970036,
            0.9997817277908325,
            0.01675940677523613,
            0.0
          ],
          [
            0.023217879235744476,
            -0.01704583317041397,
            0.9995850920677185,
            0.0
          ],
          [
            0.0,
            0.0,
            0.0,
            1.0
          ]
        ],
        "rotation_mode": "QUATERNION"
      },
      "armature_space": {
        "head": {
          "x": 0.6135201454162598,
          "y": -0.08936216682195663,
          "z": 0.47513049840927124
        },
        "tail": {
          "x": 0.6450655460357666,
          "y": -0.1259181946516037,
          "z": 0.46407926082611084
        }
      },
      "world_space": {
        "head": {
          "x": 0.6135201454162598,
          "y": -0.026118166744709015,
          "z": 1.4249844551086426
        },
        "tail": {
          "x": 0.6450655460357666,
          "y": -0.06267419457435608,
          "z": 1.413933277130127
        },
        "rotation_quaternion": {
          "w": 0.12687601149082184,
          "x": -0.9319933652877808,
          "y": -0.3389698565006256,
          "z": -0.0197539534419775
        },
        "matrix": [
          [
            0.7694182991981506,
            0.6368479132652283,
            -0.04919400438666344,
            0.6135201454162598
          ],
          [
            0.6268231272697449,
            -0.7380037307739258,
            0.24988658726215363,
            -0.026118166744709015
          ],
          [
            0.12283594161272049,
            -0.2231055200099945,
            -0.9670312404632568,
            1.4249844551086426
          ],
          [
            0.0,
            0.0,
            0.0,
            1.0
          ]
        ]
      },
      "bone_length_armature_space": 0.04953367874417596,
      "parent": "lowerarm_l",
      "has_children": true,
      "is_end_bone": false
    },
    "thumb_01_l": {
      "name": "thumb_01_l",
      "local": {
        "location": {
          "x": 0.0,
          "y": 0.0,
          "z": 0.0
        },
        "rotation_quaternion": {
          "w": 0.9836138486862183,
          "x": 0.18007603287696838,
          "y": -0.004634467884898186,
          "z": 0.007427120581269264
        },
        "scale": {
          "x": 1.0,
          "y": 1.0,
          "z": 1.0
        },
        "matrix_basis": [
          [
            0.9998466968536377,
            -0.016279950737953186,
            -0.006442160811275244,
            0.0
          ],
          [
            0.012941723689436913,
            0.9350349307060242,
            -0.35431939363479614,
            0.0
          ],
          [
            0.011791946366429329,
            0.354181706905365,
            0.9351022839546204,
            0.0
          ],
          [
            0.0,
            0.0,
            0.0,
            1.0
          ]
        ],
        "rotation_mode": "QUATERNION"
      },
      "armature_space": {
        "head": {
          "x": 0.6450655460357666,
          "y": -0.1259181946516037,
          "z": 0.46407926082611084
        },
        "tail": {
          "x": 0.6638383269309998,
          "y": -0.13052250444889069,
          "z": 0.4360610544681549
        }
      },
      "world_space": {
        "head": {
          "x": 0.6450655460357666,
          "y": -0.06267419457435608,
          "z": 1.413933277130127
        },
        "tail": {
          "x": 0.6638383269309998,
          "y": -0.06727850437164307,
          "z": 1.3859150409698486
        },
        "rotation_quaternion": {
          "w": 0.6535824537277222,
          "x": -0.5761541724205017,
          "y": 0.07209185510873795,
          "z": -0.4854681193828583
        },
        "matrix": [
          [
            0.5182437896728516,
            0.5515146255493164,
            0.6536474227905273,
            0.6450655460357666
          ],
          [
            -0.7176610231399536,
            -0.13526754081249237,
            0.683129072189331,
            -0.06267419457435608
          ],
          [
            0.4651755690574646,
            -0.82313072681427,
            0.3257020115852356,
            1.413933277130127
          ],
          [
            0.0,
            0.0,
            0.0,
            1.0
          ]
        ]
      },
      "bone_length_armature_space": 0.034038755132344924,
      "parent": "metacarpal_thumb_l",
      "has_children": true,
      "is_end_bone": false
    },
    "thumb_02_l": {
      "name": "thumb_02_l",
      "local": {
        "location": {
          "x": 0.0,
          "y": 0.0,
          "z": 0.0
        },
        "rotation_quaternion": {
          "w": 0.9334818124771118,
          "x": 0.35856637358665466,
          "y": 0.00021684501552954316,
          "z": 0.006469168700277805
        },
        "scale": {
          "x": 1.0,
          "y": 1.0,
          "z": 1.0
        },
        "matrix_basis": [
          [
            0.9999161958694458,
            -0.011922195553779602,
            0.0050440942868590355,
            0.0
          ],
          [
            0.012233208864927292,
            0.74277663230896,
            -0.6694275736808777,
            0.0
          ],
          [
            0.00423441082239151,
            0.6694331765174866,
            0.7428601980209351,
            0.0
          ],
          [
            0.0,
            0.0,
            0.0,
            1.0
          ]
        ],
        "rotation_mode": "QUATERNION"
      },
      "armature_space": {
        "head": {
          "x": 0.6638382077217102,
          "y": -0.13052250444889069,
          "z": 0.4360610246658325
        },
        "tail": {
          "x": 0.6917539834976196,
          "y": -0.12767130136489868,
          "z": 0.4647972881793976
        }
      },
      "world_space": {
        "head": {
          "x": 0.6638382077217102,
          "y": -0.06727850437164307,
          "z": 1.3859150409698486
        },
        "tail": {
          "x": 0.6917539834976196,
          "y": -0.06442730128765106,
          "z": 1.4146512746810913
        },
        "rotation_quaternion": {
          "w": 0.6379637718200684,
          "x": 0.19355317950248718,
          "y": -0.35846272110939026,
          "z": -0.6534860730171204
        },
        "matrix": [
          [
            -0.11107531934976578,
            0.6950371265411377,
            -0.7103419303894043,
            0.6638382077217102
          ],
          [
            -0.9725645780563354,
            0.07098844647407532,
            0.2215375006198883,
            -0.06727850437164307
          ],
          [
            0.20440331101417542,
            0.7154659032821655,
            0.6680883169174194,
            1.3859150409698486
          ],
          [
            0.0,
            0.0,
            0.0,
            1.0
          ]
        ]
      },
      "bone_length_armature_space": 0.040164570043987345,
      "parent": "thumb_01_l",
      "has_children": true,
      "is_end_bone": false
    },
    "thumb_03_l": {
      "name": "thumb_03_l",
      "local": {
        "location": {
          "x": 0.0,
          "y": 0.0,
          "z": 0.0
        },
        "rotation_quaternion": {
          "w": 0.9849210977554321,
          "x": 0.17298132181167603,
          "y": 0.0011336284223943949,
          "z": 0.002577748615294695
        },
        "scale": {
          "x": 1.0,
          "y": 1.0,
          "z": 1.0
        },
        "matrix_basis": [
          [
            0.9999841451644897,
            -0.004685564897954464,
            0.0031248738523572683,
            0.0
          ],
          [
            0.005469950847327709,
            0.9401416182518005,
            -0.34074005484580994,
            0.0
          ],
          [
            -0.0013412643456831574,
            0.3407517373561859,
            0.9401523470878601,
            0.0
          ],
          [
            0.0,
            0.0,
            0.0,
            1.0
          ]
        ],
        "rotation_mode": "QUATERNION"
      },
      "armature_space": {
        "head": {
          "x": 0.6917539834976196,
          "y": -0.12767136096954346,
          "z": 0.4647972285747528
        },
        "tail": {
          "x": 0.6971219182014465,
          "y": -0.12136886268854141,
          "z": 0.4940951466560364
        }
      },
      "world_space": {
        "head": {
          "x": 0.6917539834976196,
          "y": -0.06442736089229584,
          "z": 1.4146512746810913
        },
        "tail": {
          "x": 0.6971219182014465,
          "y": -0.05812486261129379,
          "z": 1.4439492225646973
        },
        "rotation_quaternion": {
          "w": 0.6618406772613525,
          "x": 0.46824607253074646,
          "y": -0.4067845046520233,
          "z": -0.4209975600242615
        },
        "matrix": [
          [
            0.314574271440506,
            0.17631682753562927,
            -0.93271404504776,
            0.6917539834976196
          ],
          [
            -0.938217282295227,
            0.20701336860656738,
            -0.2772974371910095,
            -0.06442736089229584
          ],
          [
            0.14419220387935638,
            0.9623260498046875,
            0.23054587841033936,
            1.4146512746810913
          ],
          [
            0.0,
            0.0,
            0.0,
            1.0
          ]
        ]
      },
      "bone_length_armature_space": 0.0304451015954207,
      "parent": "thumb_02_l",
      "has_children": false,
      "is_end_bone": true
    },
    "metacarpal_index_l": {
      "name": "metacarpal_index_l",
      "local": {
        "location": {
          "x": 0.0,
          "y": 0.0,
          "z": 0.0
        },
        "rotation_quaternion": {
          "w": 0.9976575374603271,
          "x": -0.0683816596865654,
          "y": -0.0015750171151012182,
          "z": -0.0010133612668141723
        },
        "scale": {
          "x": 1.0,
          "y": 1.0,
          "z": 1.0
        },
        "matrix_basis": [
          [
            0.9999929666519165,
            0.002237379550933838,
            -0.0030040647834539413,
            0.0
          ],
          [
            -0.0018065704498440027,
            0.9906458258628845,
            0.13644614815711975,
            0.0
          ],
          [
            0.0032812459394335747,
            -0.13643977046012878,
            0.9906429648399353,
            0.0
          ],
          [
            0.0,
            0.0,
            0.0,
            1.0
          ]
        ],
        "rotation_mode": "QUATERNION"
      },
      "armature_space": {
        "head": {
          "x": 0.6135201454162598,
          "y": -0.08936216682195663,
          "z": 0.47513049840927124
        },
        "tail": {
          "x": 0.716200590133667,
          "y": -0.144851952791214,
          "z": 0.4854663610458374
        }
      },
      "world_space": {
        "head": {
          "x": 0.6135201454162598,
          "y": -0.026118166744709015,
          "z": 1.4249844551086426
        },
        "tail": {
          "x": 0.716200590133667,
          "y": -0.08160795271396637,
          "z": 1.4353203773498535
        },
        "rotation_quaternion": {
          "w": 0.13963492214679718,
          "x": 0.8452048301696777,
          "y": 0.4936733841896057,
          "z": -0.14972491562366486
        },
        "matrix": [
          [
            0.46773773431777954,
            0.8763241767883301,
            -0.1152271181344986,
            0.6135201454162598
          ],
          [
            0.7926966547966003,
            -0.4735766053199768,
            -0.38387152552604675,
            -0.026118166744709015
          ],
          [
            -0.3909667134284973,
            0.08821123093366623,
            -0.9161757826805115,
            1.4249844551086426
          ],
          [
            0.0,
            0.0,
            0.0,
            1.0
          ]
        ]
      },
      "bone_length_armature_space": 0.11717175496518743,
      "parent": "lowerarm_l",
      "has_children": true,
      "is_end_bone": false
    },
    "index_01_l": {
      "name": "index_01_l",
      "local": {
        "location": {
          "x": 0.0,
          "y": 0.0,
          "z": 0.0
        },
        "rotation_quaternion": {
          "w": 0.9794222116470337,
          "x": 0.20096267759799957,
          "y": 0.018564559519290924,
          "z": -0.0012749781599268317
        },
        "scale": {
          "x": 1.0,
          "y": 1.0,
          "z": 1.0
        },
        "matrix_basis": [
          [
            0.9993074536323547,
            0.009959051385521889,
            0.03585263714194298,
            0.0
          ],
          [
            0.004964083433151245,
            0.919224739074707,
            -0.39370197057724,
            0.0
          ],
          [
            -0.03687753155827522,
            0.3936072885990143,
            0.9185386896133423,
            0.0
          ],
          [
            0.0,
            0.0,
            0.0,
            1.0
          ]
        ],
        "rotation_mode": "QUATERNION"
      },
      "armature_space": {
        "head": {
          "x": 0.716200590133667,
          "y": -0.144851952791214,
          "z": 0.4854663610458374
        },
        "tail": {
          "x": 0.7424129247665405,
          "y": -0.1520565003156662,
          "z": 0.476859450340271
        }
      },
      "world_space": {
        "head": {
          "x": 0.716200590133667,
          "y": -0.08160795271396637,
          "z": 1.4353203773498535
        },
        "tail": {
          "x": 0.7424129247665405,
          "y": -0.08881250023841858,
          "z": 1.426713466644287
        },
        "rotation_quaternion": {
          "w": 0.006355669349431992,
          "x": -0.7544413208961487,
          "y": -0.6112505793571472,
          "z": 0.23906181752681732
        },
        "matrix": [
          [
            0.13844311237335205,
            0.9192672967910767,
            -0.3684847056865692,
            0.716200590133667
          ],
          [
            0.9253438711166382,
            -0.252663791179657,
            -0.28266578912734985,
            -0.08160795271396637
          ],
          [
            -0.3529497981071472,
            -0.3018442392349243,
            -0.8856244683265686,
            1.4353203773498535
          ],
          [
            0.0,
            0.0,
            0.0,
            1.0
          ]
        ]
      },
      "bone_length_armature_space": 0.028514398232964856,
      "parent": "metacarpal_index_l",
      "has_children": true,
      "is_end_bone": false
    },
    "index_02_l": {
      "name": "index_02_l",
      "local": {
        "location": {
          "x": 0.0,
          "y": 0.0,
          "z": 0.0
        },
        "rotation_quaternion": {
          "w": 0.9196797609329224,
          "x": 0.3926506042480469,
          "y": 0.0036614462733268738,
          "z": -0.0011634648544713855
        },
        "scale": {
          "x": 1.0,
          "y": 1.0,
          "z": 1.0
        },
        "matrix_basis": [
          [
            0.9999704957008362,
            0.005015368573367596,
            0.005821045488119125,
            0.0
          ],
          [
            0.0007353080436587334,
            0.6916483044624329,
            -0.7222341299057007,
            0.0
          ],
          [
            -0.007648386526852846,
            0.7222170829772949,
            0.6916241645812988,
            0.0
          ],
          [
            0.0,
            0.0,
            0.0,
            1.0
          ]
        ],
        "rotation_mode": "QUATERNION"
      },
      "armature_space": {
        "head": {
          "x": 0.7424131035804749,
          "y": -0.15205690264701843,
          "z": 0.4768591523170471
        },
        "tail": {
          "x": 0.752667248249054,
          "y": -0.16223937273025513,
          "z": 0.4556632339954376
        }
      },
      "world_space": {
        "head": {
          "x": 0.7424131035804749,
          "y": -0.08881290256977081,
          "z": 1.426713228225708
        },
        "tail": {
          "x": 0.752667248249054,
          "y": -0.09899537265300751,
          "z": 1.4055172204971313
        },
        "rotation_quaternion": {
          "w": 0.27035486698150635,
          "x": -0.687192976474762,
          "y": -0.4779585301876068,
          "z": 0.47563624382019043
        },
        "matrix": [
          [
            0.09065032750368118,
            0.3997202515602112,
            -0.9121437072753906,
            0.7424131035804749
          ],
          [
            0.9140809178352356,
            -0.3969269394874573,
            -0.08309870958328247,
            -0.08881290256977081
          ],
          [
            -0.3952725827693939,
            -0.8262463212013245,
            -0.40136122703552246,
            1.426713228225708
          ],
          [
            0.0,
            0.0,
            0.0,
            1.0
          ]
        ]
      },
      "bone_length_armature_space": 0.025653403891803338,
      "parent": "index_01_l",
      "has_children": true,
      "is_end_bone": false
    },
    "index_03_l": {
      "name": "index_03_l",
      "local": {
        "location": {
          "x": 0.0,
          "y": 0.0,
          "z": 0.0
        },
        "rotation_quaternion": {
          "w": 0.9580205678939819,
          "x": 0.2866007089614868,
          "y": 0.004238591063767672,
          "z": 0.006227562204003334
        },
        "scale": {
          "x": 1.0,
          "y": 1.0,
          "z": 1.0
        },
        "matrix_basis": [
          [
            0.9998865127563477,
            -0.009502698667347431,
            0.011690962128341198,
            0.0
          ],
          [
            0.014361831359565258,
            0.8356425166130066,
            -0.5490859746932983,
            0.0
          ],
          [
            -0.004551667254418135,
            0.5491915345191956,
            0.8356841206550598,
            0.0
          ],
          [
            0.0,
            0.0,
            0.0,
            1.0
          ]
        ],
        "rotation_mode": "QUATERNION"
      },
      "armature_space": {
        "head": {
          "x": 0.7526673674583435,
          "y": -0.16223937273025513,
          "z": 0.4556633234024048
        },
        "tail": {
          "x": 0.7455080151557922,
          "y": -0.17000970244407654,
          "z": 0.42842167615890503
        }
      },
      "world_space": {
        "head": {
          "x": 0.7526673674583435,
          "y": -0.09899537265300751,
          "z": 1.405517339706421
        },
        "tail": {
          "x": 0.7455080151557922,
          "y": -0.10676570236682892,
          "z": 1.3782756328582764
        },
        "rotation_quaternion": {
          "w": 0.5156054496765137,
          "x": -0.5486922860145569,
          "y": -0.31809094548225403,
          "z": 0.5761128067970276
        },
        "matrix": [
          [
            0.13382498919963837,
            -0.24502724409103394,
            -0.9602355360984802,
            0.7526673674583435
          ],
          [
            0.943162202835083,
            -0.2659372389316559,
            0.19930587708950043,
            -0.09899537265300751
          ],
          [
            -0.3041990101337433,
            -0.9323368072509766,
            0.19551289081573486,
            1.405517339706421
          ],
          [
            0.0,
            0.0,
            0.0,
            1.0
          ]
        ]
      },
      "bone_length_armature_space": 0.029218858414113515,
      "parent": "index_02_l",
      "has_children": false,
      "is_end_bone": true
    },
    "metacarpal_pinky_l": {
      "name": "metacarpal_pinky_l",
      "local": {
        "location": {
          "x": 0.0,
          "y": 0.0,
          "z": 0.0
        },
        "rotation_quaternion": {
          "w": 0.9987719058990479,
          "x": -0.046616293489933014,
          "y": 0.013656715862452984,
          "z": -0.009762496687471867
        },
        "scale": {
          "x": 1.0,
          "y": 1.0,
          "z": 1.0
        },
        "matrix_basis": [
          [
            0.9994363784790039,
            0.01822776347398758,
            0.028190070763230324,
            0.0
          ],
          [
            -0.020774265751242638,
            0.9954632520675659,
            0.0928514376282692,
            0.0
          ],
          [
            -0.02636970579624176,
            -0.09338473528623581,
            0.9952808022499084,
            0.0
          ],
          [
            0.0,
            0.0,
            0.0,
            1.0
          ]
        ],
        "rotation_mode": "QUATERNION"
      },
      "armature_space": {
        "head": {
          "x": 0.6135201454162598,
          "y": -0.08936216682195663,
          "z": 0.47513049840927124
        },
        "tail": {
          "x": 0.7172931432723999,
          "y": -0.08197981119155884,
          "z": 0.4795895218849182
        }
      },
      "world_space": {
        "head": {
          "x": 0.6135201454162598,
          "y": -0.026118166744709015,
          "z": 1.4249844551086426
        },
        "tail": {
          "x": 0.7172931432723999,
          "y": -0.018735811114311218,
          "z": 1.429443597793579
        },
        "rotation_quaternion": {
          "w": 0.714534342288971,
          "x": 0.17538240551948547,
          "y": 0.15776291489601135,
          "z": -0.6586293578147888
        },
        "matrix": [
          [
            0.08263594657182693,
            0.9965642094612122,
            -0.005572743713855743,
            0.6135201454162598
          ],
          [
            -0.8858894109725952,
            0.07089502364397049,
            -0.45844751596450806,
            -0.026118166744709015
          ],
          [
            -0.45648136734962463,
            0.0428214892745018,
            0.8887098431587219,
            1.4249844551086426
          ],
          [
            0.0,
            0.0,
            0.0,
            1.0
          ]
        ]
      },
      "bone_length_armature_space": 0.10413077114092911,
      "parent": "lowerarm_l",
      "has_children": true,
      "is_end_bone": false
    },
    "pinky_01_l": {
      "name": "pinky_01_l",
      "local": {
        "location": {
          "x": 0.0,
          "y": 0.0,
          "z": 0.0
        },
        "rotation_quaternion": {
          "w": 0.9424405694007874,
          "x": 0.3332945704460144,
          "y": 0.023716671392321587,
          "z": 0.012571092694997787
        },
        "scale": {
          "x": 1.0,
          "y": 1.0,
          "z": 1.0
        },
        "matrix_basis": [
          [
            0.9985589981079102,
            -0.007885740138590336,
            0.05308286100625992,
            0.0
          ],
          [
            0.039504289627075195,
            0.7775133848190308,
            -0.6276243329048157,
            0.0
          ],
          [
            -0.03632335364818573,
            0.6288169622421265,
            0.7767044901847839,
            0.0
          ],
          [
            0.0,
            0.0,
            0.0,
            1.0
          ]
        ],
        "rotation_mode": "QUATERNION"
      },
      "armature_space": {
        "head": {
          "x": 0.7172931432723999,
          "y": -0.08197981119155884,
          "z": 0.4795895218849182
        },
        "tail": {
