{
  "metadata": {
    "armature_name": "KIM_caucasian_male",
    "export_time": "2026-01-13T21:02:35.965012",
    "blender_version": "4.4.1",
    "bone_count": 56,
    "end_bone_count": 13,
    "spaces_included": [
      "LOCAL_CHANNELS",
      "ARMATURE_SPACE",
      "WORLD_SPACE"
    ],
    "note": "LOCAL matches Transform panel; replay pose via local.matrix_basis for best fidelity."
  },
  "bones": {
    "Root": {
      "name": "Root",
      "local": {
        "location": {
          "x": 0.0,
          "y": 0.0,
          "z": 0.0
        },
        "rotation_quaternion": {
          "w": 0.9998401403427124,
          "x": -0.014022254385054111,
          "y": 0.004132202826440334,
          "z": -0.010304238647222519
        },
        "scale": {
          "x": 1.0,
          "y": 1.0,
          "z": 1.0
        },
        "matrix_basis": [
          [
            0.999753475189209,
            0.020489297807216644,
            0.008552061393857002,
            0.0
          ],
          [
            -0.0207210686057806,
            0.999394416809082,
            0.027954867109656334,
            0.0
          ],
          [
            -0.007974106818437576,
            -0.028125183656811714,
            0.9995725750923157,
            0.0
          ],
          [
            0.0,
            0.0,
            0.0,
            1.0
          ]
        ],
        "rotation_mode": "QUATERNION"
      },
      "armature_space": {
        "head": {
          "x": 0.0,
          "y": 0.07072800397872925,
          "z": -0.009595036506652832
        },
        "tail": {
          "x": 0.0014624414034187794,
          "y": 0.00031269341707229614,
          "z": 0.001983441412448883
        }
      },
      "world_space": {
        "head": {
          "x": 0.0,
          "y": 0.13397200405597687,
          "z": 0.9402589797973633
        },
        "tail": {
          "x": 0.0014624414034187794,
          "y": 0.06355669349431992,
          "z": 0.9518374800682068
        },
        "rotation_quaternion": {
          "w": 0.0813472792506218,
          "x": 0.9966239929199219,
          "y": 0.010559207759797573,
          "z": 0.003428640076890588
        },
        "matrix": [
          [
            0.999753475189209,
            0.020489297807216644,
            0.008552061393857002,
            0.0
          ],
          [
            0.02160494215786457,
            -0.9865422248840332,
            -0.16207335889339447,
            0.13397200405597687
          ],
          [
            0.005116255953907967,
            0.162218376994133,
            -0.9867486953735352,
            0.9402589797973633
          ],
          [
            0.0,
            0.0,
            0.0,
            1.0
          ]
        ]
      },
      "bone_length_armature_space": 0.07137587572894635,
      "parent": null,
      "has_children": true,
      "is_end_bone": false
    },
    "spine_01": {
      "name": "spine_01",
      "local": {
        "location": {
          "x": 0.0,
          "y": 0.0,
          "z": 0.0
        },
        "rotation_quaternion": {
          "w": 0.9947352409362793,
          "x": 0.0879736915230751,
          "y": 0.02336265705525875,
          "z": -0.04708283767104149
        },
        "scale": {
          "x": 1.0,
          "y": 1.0,
          "z": 1.0
        },
        "matrix_basis": [
          [
            0.9944747686386108,
            0.0977805107831955,
            0.03819521516561508,
            0.0
          ],
          [
            -0.08955931663513184,
            0.9800876975059509,
            -0.17722102999687195,
            0.0
          ],
          [
            -0.054763417690992355,
            0.17282110452651978,
            0.9834296107292175,
            0.0
          ],
          [
            0.0,
            0.0,
            0.0,
            1.0
          ]
        ],
        "rotation_mode": "QUATERNION"
      },
      "armature_space": {
        "head": {
          "x": 0.0014624414034187794,
          "y": 0.00031269341707229614,
          "z": 0.001983441412448883
        },
        "tail": {
          "x": 0.04774005338549614,
          "y": -0.04702949896454811,
          "z": 0.4854765236377716
        }
      },
      "world_space": {
        "head": {
          "x": 0.0014624414034187794,
          "y": 0.06355669349431992,
          "z": 0.9518374800682068
        },
        "tail": {
          "x": 0.04774005338549614,
          "y": 0.01621450111269951,
          "z": 1.4353305101394653
        },
        "rotation_quaternion": {
          "w": 0.6696416735649109,
          "x": 0.7405513525009155,
          "y": 0.055440839380025864,
          "z": -0.009495608508586884
        },
        "matrix": [
          [
            0.993672251701355,
            0.0948309376835823,
            0.06018761545419693,
            0.0014624414034187794
          ],
          [
            0.06939683109521866,
            -0.09701244533061981,
            -0.9928609132766724,
            0.06355669349431992
          ],
          [
            -0.08831553906202316,
            0.9907620549201965,
            -0.10298116505146027,
            0.9518374800682068
          ],
          [
            0.0,
            0.0,
            0.0,
            1.0
          ]
        ]
      },
      "bone_length_armature_space": 0.488004582939906,
      "parent": "Root",
      "has_children": true,
      "is_end_bone": false
    },
    "neck_01": {
      "name": "neck_01",
      "local": {
        "location": {
          "x": 0.0,
          "y": 0.0,
          "z": 0.0
        },
        "rotation_quaternion": {
          "w": 0.992247462272644,
          "x": -0.003332244697958231,
          "y": -0.09672628343105316,
          "z": -0.07796192914247513
        },
        "scale": {
          "x": 1.0,
          "y": 1.0,
          "z": 1.0
        },
        "matrix_basis": [
          [
            0.9691319465637207,
            0.15535968542099,
            -0.19143323600292206,
            0.0
          ],
          [
            -0.1540704220533371,
            0.987821638584137,
            0.021694758906960487,
            0.0
          ],
          [
            0.1924723982810974,
            0.0084691122174263,
            0.9812658429145813,
            0.0
          ],
          [
            0.0,
            0.0,
            0.0,
            1.0
          ]
        ],
        "rotation_mode": "QUATERNION"
      },
      "armature_space": {
        "head": {
          "x": 0.05677076429128647,
          "y": -0.08856545388698578,
          "z": 0.5544471740722656
        },
        "tail": {
          "x": 0.0838131457567215,
          "y": -0.13553723692893982,
          "z": 0.6414706707000732
        }
      },
      "world_space": {
        "head": {
          "x": 0.05677076429128647,
          "y": -0.02532145380973816,
          "z": 1.5043011903762817
        },
        "tail": {
          "x": 0.0838131457567215,
          "y": -0.0722932368516922,
          "z": 1.5913246870040894
        },
        "rotation_quaternion": {
          "w": 0.5159247517585754,
          "x": 0.8417496681213379,
          "y": 0.06883765757083893,
          "z": -0.1433202624320984
        },
        "matrix": [
          [
            0.9494415521621704,
            0.2637731730937958,
            -0.17024822533130646,
            0.05677076429128647
          ],
          [
            -0.031995683908462524,
            -0.4581659436225891,
            -0.8882907629013062,
            -0.02532145380973816
          ],
          [
            -0.31231144070625305,
            0.8488327860832214,
            -0.42656606435775757,
            1.5043011903762817
          ],
          [
            0.0,
            0.0,
            0.0,
            1.0
          ]
        ]
      },
      "bone_length_armature_space": 0.10252184070423055,
      "parent": "spine_01",
      "has_children": true,
      "is_end_bone": false
    },
    "head": {
      "name": "head",
      "local": {
        "location": {
          "x": 0.0,
          "y": 0.0,
          "z": 0.0
        },
        "rotation_quaternion": {
          "w": 0.9919288754463196,
          "x": -0.05930189788341522,
          "y": -0.020762305706739426,
          "z": -0.1101338118314743
        },
        "scale": {
          "x": 1.0,
          "y": 1.0,
          "z": 1.0
        },
        "matrix_basis": [
          [
            0.9748789668083191,
            0.22095230221748352,
            -0.028127172961831093,
            0.0
          ],
          [
            -0.21602733433246613,
            0.9687076807022095,
            0.12221979349851608,
            0.0
          ],
          [
            0.05425174906849861,
            -0.11307326704263687,
            0.9921044111251831,
            0.0
          ],
          [
            0.0,
            0.0,
            0.0,
            1.0
          ]
        ],
        "rotation_mode": "QUATERNION"
      },
      "armature_space": {
        "head": {
          "x": 0.08381310105323792,
          "y": -0.13553734123706818,
          "z": 0.6414705514907837
        },
        "tail": {
          "x": 0.1636146456003189,
          "y": -0.13524343073368073,
          "z": 0.7744549512863159
        }
      },
      "world_space": {
        "head": {
          "x": 0.08381310105323792,
          "y": -0.07229334115982056,
          "z": 1.5913245677947998
        },
        "tail": {
          "x": 0.1636146456003189,
          "y": -0.0719994306564331,
          "z": 1.724308967590332
        },
        "rotation_quaternion": {
          "w": 0.687886655330658,
          "x": 0.6742865443229675,
          "y": 0.16661013662815094,
          "z": -0.21069121360778809
        },
        "matrix": [
          [
            0.8557004928588867,
            0.514549195766449,
            -0.05491693317890167,
            0.08381310105323792
          ],
          [
            -0.06518073379993439,
            0.0018950924277305603,
            -0.9978718161582947,
            -0.07229334115982056
          ],
          [
            -0.5133537650108337,
            0.8574649095535278,
            0.03515955060720444,
            1.5913245677947998
          ],
          [
            0.0,
            0.0,
            0.0,
            1.0
          ]
        ]
      },
      "bone_length_armature_space": 0.15509101736449046,
      "parent": "neck_01",
      "has_children": false,
      "is_end_bone": true
    },
    "upperarm_l": {
      "name": "upperarm_l",
      "local": {
        "location": {
          "x": 0.0,
          "y": 0.0,
          "z": 0.0
        },
        "rotation_quaternion": {
          "w": 0.8175978660583496,
          "x": 0.29728975892066956,
          "y": 0.3595176935195923,
          "z": 0.33749017119407654
        },
        "scale": {
          "x": 1.0,
          "y": 1.0,
          "z": 1.0
        },
        "matrix_basis": [
          [
            0.5136948227882385,
            -0.3381006419658661,
            0.7885465621948242,
            0.0
          ],
          [
            0.7656243443489075,
            0.5954383611679077,
            -0.2434595674276352,
            0.0
          ],
          [
            -0.38721704483032227,
            0.7287943363189697,
            0.5647316575050354,
            0.0
          ],
          [
            0.0,
            0.0,
            0.0,
            1.0
          ]
        ],
        "rotation_mode": "QUATERNION"
      },
      "armature_space": {
        "head": {
          "x": 0.1996401846408844,
          "y": -0.07480230182409286,
          "z": 0.4742845296859741
        },
        "tail": {
          "x": 0.38687312602996826,
          "y": -0.2606952488422394,
          "z": 0.5211383700370789
        }
      },
      "world_space": {
        "head": {
          "x": 0.1996401846408844,
          "y": -0.011558301746845245,
          "z": 1.4241385459899902
        },
        "tail": {
          "x": 0.38687312602996826,
          "y": -0.19745124876499176,
          "z": 1.4709923267364502
        },
        "rotation_quaternion": {
          "w": 0.1865350604057312,
          "x": 0.8912631869316101,
          "y": 0.34401968121528625,
          "z": -0.22914010286331177
        },
        "matrix": [
          [
            0.6582903861999512,
            0.698710024356842,
            -0.28010374307632446,
            0.1996401846408844
          ],
          [
            0.5277391672134399,
            -0.6937095522880554,
            -0.4901619553565979,
            -0.011558301746845245
          ],
          [
            -0.5367950201034546,
            0.174847811460495,
            -0.8254051208496094,
            1.4241385459899902
          ],
          [
            0.0,
            0.0,
            0.0,
            1.0
          ]
        ]
      },
      "bone_length_armature_space": 0.26796947613303557,
      "parent": "spine_01",
      "has_children": true,
      "is_end_bone": false
    },
    "lowerarm_l": {
      "name": "lowerarm_l",
      "local": {
        "location": {
          "x": 0.0,
          "y": 0.0,
          "z": 0.0
        },
        "rotation_quaternion": {
          "w": 0.9455098509788513,
          "x": 0.2873675227165222,
          "y": -0.06907906383275986,
          "z": 0.13659872114658356
        },
        "scale": {
          "x": 1.0,
          "y": 1.0,
          "z": 1.0
        },
        "matrix_basis": [
          [
            0.9531377553939819,
            -0.29801303148269653,
            -0.05212179943919182,
            0.0
          ],
          [
            0.21860870718955994,
            0.7975214123725891,
            -0.5622898936271667,
            0.0
          ],
          [
            0.2091379463672638,
            0.524545431137085,
            0.8252959847450256,
            0.0
          ],
          [
            0.0,
            0.0,
            0.0,
            1.0
          ]
        ],
        "rotation_mode": "QUATERNION"
      },
      "armature_space": {
        "head": {
          "x": 0.3868730664253235,
          "y": -0.2606953978538513,
          "z": 0.5211384296417236
        },
        "tail": {
          "x": 0.40261319279670715,
          "y": -0.5259673595428467,
          "z": 0.4902770519256592
        }
      },
      "world_space": {
        "head": {
          "x": 0.3868730664253235,
          "y": -0.1974513977766037,
          "z": 1.4709924459457397
        },
        "tail": {
          "x": 0.40261319279670715,
          "y": -0.46272337436676025,
          "z": 1.4401310682296753
        },
        "rotation_quaternion": {
          "w": 0.04053065553307533,
          "x": -0.9093385934829712,
          "y": -0.050668224692344666,
          "z": 0.41096633672714233
        },
        "matrix": [
          [
            0.657078742980957,
            0.05883623659610748,
            -0.7515223026275635,
            0.3868730664253235
          ],
          [
            0.12546254694461823,
            -0.9915801286697388,
            0.032065361738204956,
            -0.1974513977766037
          ],
          [
            -0.7433130741119385,
            -0.11535912752151489,
            -0.6589325666427612,
            1.4709924459457397
          ],
          [
            0.0,
            0.0,
            0.0,
            1.0
          ]
        ]
      },
      "bone_length_armature_space": 0.2675245596987059,
      "parent": "upperarm_l",
      "has_children": true,
      "is_end_bone": false
    },
    "metacarpal_thumb_l": {
      "name": "metacarpal_thumb_l",
      "local": {
        "location": {
          "x": 0.0,
          "y": 0.0,
          "z": 0.0
        },
        "rotation_quaternion": {
          "w": 0.9996325969696045,
          "x": 0.0231236033141613,
          "y": -0.00394519092515111,
          "z": -0.013579364866018295
        },
        "scale": {
          "x": 1.0,
          "y": 1.0,
          "z": 1.0
        },
        "matrix_basis": [
          [
            0.9996000528335571,
            0.02696629799902439,
            -0.008515490218997002,
            0.0
          ],
          [
            -0.02733120508491993,
            0.9985617995262146,
            -0.046123068779706955,
            0.0
          ],
          [
            0.007259475067257881,
            0.04633736237883568,
            0.9988994598388672,
            0.0
          ],
          [
            0.0,
            0.0,
            0.0,
            1.0
          ]
        ],
        "rotation_mode": "QUATERNION"
      },
      "armature_space": {
        "head": {
          "x": 0.40261319279670715,
          "y": -0.5259673595428467,
          "z": 0.4902770519256592
        },
        "tail": {
          "x": 0.39144083857536316,
          "y": -0.5626450777053833,
          "z": 0.4589158594608307
        }
      },
      "world_space": {
        "head": {
          "x": 0.40261319279670715,
          "y": -0.46272337436676025,
          "z": 1.4401310682296753
        },
        "tail": {
          "x": 0.39144083857536316,
          "y": -0.4994010925292969,
          "z": 1.4087698459625244
        },
        "rotation_quaternion": {
          "w": 0.27886801958084106,
          "x": -0.8784489035606384,
          "y": 0.22804096341133118,
          "z": -0.31393879652023315
        },
        "matrix": [
          [
            0.6988791823387146,
            -0.22555075585842133,
            0.6787448525428772,
            0.40261319279670715
          ],
          [
            -0.575739860534668,
            -0.7404602766036987,
            0.346759557723999,
            -0.46272337436676025
          ],
          [
            0.42437422275543213,
            -0.6331286430358887,
            -0.6473551392555237,
            1.4401310682296753
          ],
          [
            0.0,
            0.0,
            0.0,
            1.0
          ]
        ]
      },
      "bone_length_armature_space": 0.04953383620904355,
      "parent": "lowerarm_l",
      "has_children": true,
      "is_end_bone": false
    },
    "thumb_01_l": {
      "name": "thumb_01_l",
      "local": {
        "location": {
          "x": 0.0,
          "y": 0.0,
          "z": 0.0
        },
        "rotation_quaternion": {
          "w": 0.9822250008583069,
          "x": 0.1861916035413742,
          "y": 0.023799870163202286,
          "z": -0.0005645090714097023
        },
        "scale": {
          "x": 1.0,
          "y": 1.0,
          "z": 1.0
        },
        "matrix_basis": [
          [
            0.9988664984703064,
            0.009971621446311474,
            0.04654344171285629,
            0.0
          ],
          [
            0.007753721904009581,
            0.9306647181510925,
            -0.3657909631729126,
            0.0
          ],
          [
            -0.04696387052536011,
            0.3657372295856476,
            0.929532527923584,
            0.0
          ],
          [
            0.0,
            0.0,
            0.0,
            1.0
          ]
        ],
        "rotation_mode": "QUATERNION"
      },
      "armature_space": {
        "head": {
          "x": 0.39144083857536316,
          "y": -0.5626450777053833,
          "z": 0.4589158594608307
        },
        "tail": {
          "x": 0.4089147746562958,
          "y": -0.5755503177642822,
          "z": 0.4327099025249481
        }
      },
      "world_space": {
        "head": {
          "x": 0.39144083857536316,
          "y": -0.4994010925292969,
          "z": 1.4087698459625244
        },
        "tail": {
          "x": 0.4089147746562958,
          "y": -0.5123063325881958,
          "z": 1.3825639486312866
        },
        "rotation_quaternion": {
          "w": 0.3876570761203766,
          "x": -0.14980632066726685,
          "y": 0.4001929461956024,
          "z": -0.816777765750885
        },
        "matrix": [
          [
            -0.6545586585998535,
            0.5133566856384277,
            0.5549933910369873,
            0.39144083857536316
          ],
          [
            -0.7531633377075195,
            -0.37913501262664795,
            -0.5375887751579285,
            -0.4994010925292969
          ],
          [
            -0.06555844098329544,
            -0.7698898911476135,
            0.6348116397857666,
            1.4087698459625244
          ],
          [
            0.0,
            0.0,
            0.0,
            1.0
          ]
        ]
      },
      "bone_length_armature_space": 0.03403874057027541,
      "parent": "metacarpal_thumb_l",
      "has_children": true,
      "is_end_bone": false
    },
    "thumb_02_l": {
      "name": "thumb_02_l",
      "local": {
        "location": {
          "x": 0.0,
          "y": 0.0,
          "z": 0.0
        },
        "rotation_quaternion": {
          "w": 0.9286326766014099,
          "x": 0.3709302842617035,
          "y": 0.006579260341823101,
          "z": -0.002994122449308634
        },
        "scale": {
          "x": 1.0,
          "y": 1.0,
          "z": 1.0
        },
        "matrix_basis": [
          [
            0.9998955130577087,
            0.010441773571074009,
            0.009998210705816746,
            0.0
          ],
          [
            -0.000679986085742712,
            0.7248035073280334,
            -0.6889553666114807,
            0.0
          ],
          [
            -0.014440653845667839,
            0.6888765692710876,
            0.724734902381897,
            0.0
          ],
          [
            0.0,
            0.0,
            0.0,
            1.0
          ]
        ],
        "rotation_mode": "QUATERNION"
      },
      "armature_space": {
        "head": {
          "x": 0.4089147448539734,
          "y": -0.5755502581596375,
          "z": 0.43270987272262573
        },
        "tail": {
          "x": 0.4027584195137024,
          "y": -0.6070822477340698,
          "z": 0.4568142294883728
        }
      },
      "world_space": {
        "head": {
          "x": 0.4089147448539734,
          "y": -0.512306272983551,
          "z": 1.382563829421997
        },
        "tail": {
          "x": 0.4027584195137024,
          "y": -0.5438382625579834,
          "z": 1.4066681861877441
        },
        "rotation_quaternion": {
          "w": 0.0031317374669015408,
          "x": -0.22503116726875305,
          "y": 0.32780131697654724,
          "z": 0.9175497889518738
        },
        "matrix": [
          [
            -0.8987025618553162,
            -0.1532779037952423,
            -0.4109008312225342,
            0.4089147448539734
          ],
          [
            -0.14178362488746643,
            -0.7850731015205383,
            0.602957546710968,
            -0.512306272983551
          ],
          [
            -0.41501039266586304,
            0.6001421809196472,
            0.6838202476501465,
            1.382563829421997
          ],
          [
            0.0,
            0.0,
            0.0,
            1.0
          ]
        ]
      },
      "bone_length_armature_space": 0.04016449585018571,
      "parent": "thumb_01_l",
      "has_children": true,
      "is_end_bone": false
    },
    "thumb_03_l": {
      "name": "thumb_03_l",
      "local": {
        "location": {
          "x": 0.0,
          "y": 0.0,
          "z": 0.0
        },
        "rotation_quaternion": {
          "w": 0.9865142107009888,
          "x": 0.1635180115699768,
          "y": -0.0007286531617864966,
          "z": -0.007143611554056406
        },
        "scale": {
          "x": 1.0,
          "y": 1.0,
          "z": 1.0
        },
        "matrix_basis": [
          [
            0.9998968839645386,
            0.013856252655386925,
            -0.003773871809244156,
            0.0
          ],
          [
            -0.014332844875752926,
            0.9464216828346252,
            -0.32261526584625244,
            0.0
          ],
          [
            -0.0008985649328678846,
            0.32263609766960144,
            0.9465226531028748,
            0.0
          ],
          [
            0.0,
            0.0,
            0.0,
            1.0
          ]
        ],
        "rotation_mode": "QUATERNION"
      },
      "armature_space": {
        "head": {
          "x": 0.4027584195137024,
          "y": -0.6070823073387146,
          "z": 0.45681414008140564
        },
        "tail": {
          "x": 0.39247146248817444,
          "y": -0.6171270608901978,
          "z": 0.4836503565311432
        }
      },
      "world_space": {
        "head": {
          "x": 0.4027584195137024,
          "y": -0.5438383221626282,
          "z": 1.4066681861877441
        },
        "tail": {
          "x": 0.39247146248817444,
          "y": -0.5538830757141113,
          "z": 1.433504343032837
        },
        "rotation_quaternion": {
          "w": 0.0625995621085167,
          "x": 0.37251296639442444,
          "y": -0.5754267573356628,
          "z": -0.7253960967063904
        },
        "matrix": [
          [
            -0.7146323919296265,
            -0.33788779377937317,
            -0.612480640411377,
            0.4027584195137024
          ],
          [
            -0.5195250511169434,
            -0.3299316465854645,
            0.7881871461868286,
            -0.5438383221626282
          ],
          [
            -0.4683993458747864,
            0.8814690113067627,
            0.06023967266082764,
            1.4066681861877441
          ],
          [
            0.0,
            0.0,
            0.0,
            1.0
          ]
        ]
      },
      "bone_length_armature_space": 0.030445049645762043,
      "parent": "thumb_02_l",
      "has_children": false,
      "is_end_bone": true
    },
    "metacarpal_index_l": {
      "name": "metacarpal_index_l",
      "local": {
        "location": {
          "x": 0.0,
          "y": 0.0,
          "z": 0.0
        },
        "rotation_quaternion": {
          "w": 0.9991656541824341,
          "x": -0.04015524685382843,
          "y": -0.007363304495811462,
          "z": 0.0011485926806926727
        },
        "scale": {
          "x": 1.0,
          "y": 1.0,
          "z": 1.0
        },
        "matrix_basis": [
          [
            0.9998888969421387,
            -0.0017039180966094136,
            -0.014806565828621387,
            0.0
          ],
          [
            0.002886619418859482,
            0.9967724680900574,
            0.08022657036781311,
            0.0
          ],
          [
            0.014622078277170658,
            -0.08026040345430374,
            0.996666669845581,
            0.0
          ],
          [
            0.0,
            0.0,
            0.0,
            1.0
          ]
        ],
        "rotation_mode": "QUATERNION"
      },
      "armature_space": {
        "head": {
          "x": 0.40261319279670715,
          "y": -0.5259673595428467,
          "z": 0.4902770519256592
        },
        "tail": {
          "x": 0.3850036561489105,
          "y": -0.637332022190094,
          "z": 0.45838573575019836
        }
      },
      "world_space": {
        "head": {
          "x": 0.40261319279670715,
          "y": -0.46272337436676025,
          "z": 1.4401310682296753
        },
        "tail": {
          "x": 0.3850036561489105,
          "y": -0.5740880370140076,
          "z": 1.408239722251892
        },
        "rotation_quaternion": {
          "w": 0.13528959453105927,
          "x": -0.9870225787162781,
          "y": 0.0804799497127533,
          "z": -0.0317201241850853
        },
        "matrix": [
          [
            0.9850336313247681,
            -0.15028835833072662,
            0.08439333736896515,
            0.40261319279670715
          ],
          [
            -0.16745388507843018,
            -0.9504396915435791,
            0.2619616389274597,
            -0.46272337436676025
          ],
          [
            0.04084111750125885,
            -0.2721758186817169,
            -0.9613878130912781,
            1.4401310682296753
          ],
          [
            0.0,
            0.0,
            0.0,
            1.0
          ]
        ]
      },
      "bone_length_armature_space": 0.11717184056520179,
      "parent": "lowerarm_l",
      "has_children": true,
      "is_end_bone": false
    },
    "index_01_l": {
      "name": "index_01_l",
      "local": {
        "location": {
          "x": 0.0,
          "y": 0.0,
          "z": 0.0
        },
        "rotation_quaternion": {
          "w": 0.9759865999221802,
          "x": 0.21732871234416962,
          "y": 0.013813057914376259,
          "z": 0.005269358865916729
        },
        "scale": {
          "x": 1.0,
          "y": 1.0,
          "z": 1.0
        },
        "matrix_basis": [
          [
            0.9995628595352173,
            -0.004281699191778898,
            0.02925308421254158,
            0.0
          ],
          [
            0.016289595514535904,
            0.9054809212684631,
            -0.4240742623806,
            0.0
          ],
          [
            -0.024672353640198708,
            0.42436540126800537,
            0.9051548838615417,
            0.0
          ],
          [
            0.0,
            0.0,
            0.0,
            1.0
          ]
        ],
        "rotation_mode": "QUATERNION"
      },
      "armature_space": {
        "head": {
          "x": 0.3850036561489105,
          "y": -0.637332022190094,
          "z": 0.45838573575019836
        },
        "tail": {
          "x": 0.39119935035705566,
          "y": -0.6609153151512146,
          "z": 0.4436034858226776
        }
      },
      "world_space": {
        "head": {
          "x": 0.3850036561489105,
          "y": -0.5740880370140076,
          "z": 1.408239722251892
        },
        "tail": {
          "x": 0.39119935035705566,
          "y": -0.5976713299751282,
          "z": 1.3934575319290161
        },
        "rotation_quaternion": {
          "w": 0.27766087651252747,
          "x": -0.9539868831634521,
          "y": -0.09680519253015518,
          "z": -0.058670613914728165
        },
        "matrix": [
          [
            0.9743730425834656,
            0.21728286147117615,
            0.058183446526527405,
            0.3850036561489105
          ],
          [
            0.15212121605873108,
            -0.8270666599273682,
            0.5411285758018494,
            -0.5740880370140076
          ],
          [
            0.16570085287094116,
            -0.5184145569801331,
            -0.8389302492141724,
            1.408239722251892
          ],
          [
            0.0,
            0.0,
            0.0,
            1.0
          ]
        ]
      },
      "bone_length_armature_space": 0.028514438995999324,
      "parent": "metacarpal_index_l",
      "has_children": true,
      "is_end_bone": false
    },
    "index_02_l": {
      "name": "index_02_l",
      "local": {
        "location": {
          "x": 0.0,
          "y": 0.0,
          "z": 0.0
        },
        "rotation_quaternion": {
          "w": 0.9160338044166565,
          "x": 0.40102705359458923,
          "y": 0.004023925866931677,
          "z": -0.006579725071787834
        },
        "scale": {
          "x": 1.0,
          "y": 1.0,
          "z": 1.0
        },
        "matrix_basis": [
          [
            0.9998810291290283,
            0.01528190728276968,
            0.0020948087330907583,
            0.0
          ],
          [
            -0.008827094919979572,
            0.6782680153846741,
            -0.734761655330658,
            0.0
          ],
          [
            -0.012649400159716606,
            0.7346557378768921,
            0.6783221960067749,
            0.0
          ],
          [
            0.0,
            0.0,
            0.0,
            1.0
          ]
        ],
        "rotation_mode": "QUATERNION"
      },
      "armature_space": {
        "head": {
          "x": 0.3911992311477661,
          "y": -0.6609154939651489,
          "z": 0.443602979183197
        },
        "tail": {
          "x": 0.39590004086494446,
          "y": -0.6660362482070923,
          "z": 0.4189092814922333
        }
      },
      "world_space": {
        "head": {
          "x": 0.3911992311477661,
          "y": -0.5976715087890625,
          "z": 1.3934569358825684
        },
        "tail": {
          "x": 0.39590004086494446,
          "y": -0.6027922630310059,
          "z": 1.3687633275985718
        },
        "rotation_quaternion": {
          "w": 0.6195877194404602,
          "x": -0.7743838429450989,
          "y": -0.12768635153770447,
          "z": 0.01171174831688404
        },
        "matrix": [
          [
            0.9671178460121155,
            0.18324363231658936,
            -0.17636555433273315,
            0.3911992311477661
          ],
          [
            0.2122705578804016,
            -0.19961482286453247,
            0.9566062688827515,
            -0.5976715087890625
          ],
          [
            0.14008796215057373,
            -0.9625951051712036,
            -0.23194915056228638,
            1.3934569358825684
          ],
          [
            0.0,
            0.0,
            0.0,
            1.0
          ]
        ]
      },
      "bone_length_armature_space": 0.025653428992641284,
      "parent": "index_01_l",
      "has_children": true,
      "is_end_bone": false
    },
    "index_03_l": {
      "name": "index_03_l",
      "local": {
        "location": {
          "x": 0.0,
          "y": 0.0,
          "z": 0.0
        },
        "rotation_quaternion": {
          "w": 0.9627702236175537,
          "x": 0.2702113687992096,
          "y": -0.005959497764706612,
          "z": -0.004898726474493742
        },
        "scale": {
          "x": 1.0,
          "y": 1.0,
          "z": 1.0
        },
        "matrix_basis": [
          [
            0.9998809695243835,
            0.006212047766894102,
            -0.01412263698875904,
            0.0
          ],
          [
            -0.012653344310820103,
            0.8539236187934875,
            -0.5202445387840271,
            0.0
          ],
          [
            0.008827870711684227,
            0.5203613042831421,
            0.8539006114006042,
            0.0
          ],
          [
            0.0,
            0.0,
            0.0,
            1.0
          ]
        ],
        "rotation_mode": "QUATERNION"
      },
      "armature_space": {
        "head": {
          "x": 0.39590004086494446,
          "y": -0.6660363674163818,
          "z": 0.41890931129455566
        },
        "tail": {
          "x": 0.400471568107605,
          "y": -0.6534168720245361,
          "z": 0.3929556906223297
        }
      },
      "world_space": {
        "head": {
          "x": 0.39590004086494446,
          "y": -0.6027923822402954,
          "z": 1.3687633275985718
        },
        "tail": {
          "x": 0.400471568107605,
          "y": -0.5901728868484497,
          "z": 1.3428096771240234
        },
        "rotation_quaternion": {
          "w": 0.8325303196907043,
          "x": -0.5329567790031433,
          "y": -0.1511375606060028,
          "z": 0.0027870461344718933
        },
        "matrix": [
          [
            0.9542995691299438,
            0.15645897388458252,
            -0.25462302565574646,
            0.39590004086494446
          ],
          [
            0.16573941707611084,
            0.43189871311187744,
            0.8865631818771362,
            -0.6027923822402954
          ],
          [
            0.24868398904800415,
            -0.8882538676261902,
            0.38623279333114624,
            1.3687633275985718
          ],
          [
            0.0,
            0.0,
            0.0,
            1.0
          ]
        ]
      },
      "bone_length_armature_space": 0.029218845434161683,
      "parent": "index_02_l",
      "has_children": false,
      "is_end_bone": true
    },
    "metacarpal_pinky_l": {
      "name": "metacarpal_pinky_l",
      "local": {
        "location": {
          "x": 0.0,
          "y": 0.0,
          "z": 0.0
        },
        "rotation_quaternion": {
          "w": 0.999459981918335,
          "x": -0.030863871797919273,
          "y": -0.00034272903576493263,
          "z": -0.011277830228209496
        },
        "scale": {
          "x": 1.0,
          "y": 1.0,
          "z": 1.0
        },
        "matrix_basis": [
          [
            0.9997453689575195,
            0.022564636543393135,
            1.106710078602191e-05,
            0.0
          ],
          [
            -0.022522324696183205,
            0.9978404641151428,
            0.06170213967561722,
            0.0
          ],
          [
            0.0013812428805977106,
            -0.0616866797208786,
            0.9980946183204651,
            0.0
          ],
          [
            0.0,
            0.0,
            0.0,
            1.0
          ]
        ],
        "rotation_mode": "QUATERNION"
      },
      "armature_space": {
        "head": {
          "x": 0.40261319279670715,
          "y": -0.5259673595428467,
          "z": 0.4902770519256592
        },
        "tail": {
          "x": 0.43660926818847656,
          "y": -0.6243289709091187,
          "z": 0.49380865693092346
        }
      },
      "world_space": {
        "head": {
          "x": 0.40261319279670715,
          "y": -0.46272337436676025,
          "z": 1.4401310682296753
        },
        "tail": {
          "x": 0.43660926818847656,
          "y": -0.5610849857330322,
          "z": 1.4436626434326172
        },
        "rotation_quaternion": {
          "w": 0.1534518301486969,
          "x": 0.47372791171073914,
          "y": 0.06445041298866272,
          "z": -0.8648008704185486
        },
        "matrix": [
          [
            -0.5040687918663025,
            0.3264748454093933,
            -0.7995803952217102,
            0.40261319279670715
          ],
          [
            -0.20434728264808655,
            -0.9445973038673401,
            -0.2568625807762146,
            -0.46272337436676025
          ],
          [
            -0.8391466736793518,
            0.03391501307487488,
            0.5428597331047058,
            1.4401310682296753
          ],
          [
            0.0,
            0.0,
            0.0,
            1.0
          ]
        ]
      },
      "bone_length_armature_space": 0.10413074352351501,
      "parent": "lowerarm_l",
      "has_children": true,
      "is_end_bone": false
    },
    "pinky_01_l": {
      "name": "pinky_01_l",
      "local": {
        "location": {
          "x": 0.0,
          "y": 0.0,
          "z": 0.0
        },
        "rotation_quaternion": {
          "w": 0.9491574168205261,
          "x": 0.31457939743995667,
          "y": 0.006157523952424526,
          "z": 0.01011281181126833
        },
        "scale": {
          "x": 1.0,
          "y": 1.0,
          "z": 1.0
        },
        "matrix_basis": [
          [
            0.9997196197509766,
            -0.01532324030995369,
            0.01805148273706436,
            0.0
          ],
          [
            0.02307136170566082,
            0.8018750548362732,
            -0.5970461964607239,
            0.0
          ],
          [
            -0.005326354410499334,
            0.5972952842712402,
            0.802003800868988,
            0.0
          ],
          [
            0.0,
            0.0,
            0.0,
            1.0
          ]
        ],
        "rotation_mode": "QUATERNION"
      },
      "armature_space": {
        "head": {
          "x": 0.43660926818847656,
          "y": -0.6243289709091187,
          "z": 0.49380865693092346
        },
        "tail": {
