{
  "metadata": {
    "armature_name": "KIM_caucasian_male",
    "export_time": "2026-01-13T20:24:39.612189",
    "blender_version": "4.4.1",
    "bone_count": 56,
    "end_bone_count": 13,
    "spaces_included": [
      "LOCAL_CHANNELS",
      "ARMATURE_SPACE",
      "WORLD_SPACE"
    ],
    "note": "LOCAL matches Transform panel; replay pose via local.matrix_basis for best fidelity."
  },
  "bones": {
    "Root": {
      "name": "Root",
      "local": {
        "location": {
          "x": 0.0,
          "y": 0.0,
          "z": 0.0
        },
        "rotation_quaternion": {
          "w": 0.9999270439147949,
          "x": 0.01047265063971281,
          "y": 0.0023392685689032078,
          "z": -0.00555580435320735
        },
        "scale": {
          "x": 1.0,
          "y": 1.0,
          "z": 1.0
        },
        "matrix_basis": [
          [
            0.9999273419380188,
            0.01115979440510273,
            0.0045618279837071896,
            0.0
          ],
          [
            -0.011061801575124264,
            0.9997189044952393,
            -0.02096976712346077,
            0.0
          ],
          [
            -0.004794563632458448,
            0.020917780697345734,
            0.9997696876525879,
            0.0
          ],
          [
            0.0,
            0.0,
            0.0,
            1.0
          ]
        ],
        "rotation_mode": "QUATERNION"
      },
      "armature_space": {
        "head": {
          "x": 0.0,
          "y": 0.07072800397872925,
          "z": -0.009595036506652832
        },
        "tail": {
          "x": 0.0007965400000102818,
          "y": -0.0001808255910873413,
          "z": -0.0014821812510490417
        }
      },
      "world_space": {
        "head": {
          "x": 0.0,
          "y": 0.13397200405597687,
          "z": 0.9402589797973633
        },
        "tail": {
          "x": 0.0007965400000102818,
          "y": 0.06306317448616028,
          "z": 0.9483718276023865
        },
        "rotation_quaternion": {
          "w": 0.056913889944553375,
          "x": 0.9983609914779663,
          "y": 0.005700775422155857,
          "z": 0.0019596724305301905
        },
        "matrix": [
          [
            0.9999273419380188,
            0.01115979440510273,
            0.0045618279837071896,
            0.0
          ],
          [
            0.011605927720665932,
            -0.9934566020965576,
            -0.11361929774284363,
            0.13397200405597687
          ],
          [
            0.0032640432473272085,
            0.11366384476423264,
            -0.9935209155082703,
            0.9402589797973633
          ],
          [
            0.0,
            0.0,
            0.0,
            1.0
          ]
        ]
      },
      "bone_length_armature_space": 0.07137587079726769,
      "parent": null,
      "has_children": true,
      "is_end_bone": false
    },
    "spine_01": {
      "name": "spine_01",
      "local": {
        "location": {
          "x": 0.0,
          "y": 0.0,
          "z": 0.0
        },
        "rotation_quaternion": {
          "w": 0.9989786148071289,
          "x": 0.019380802288651466,
          "y": -0.005564234685152769,
          "z": -0.040438976138830185
        },
        "scale": {
          "x": 1.0,
          "y": 1.0,
          "z": 1.0
        },
        "matrix_basis": [
          [
            0.9966674447059631,
            0.08057966828346252,
            -0.012684582732617855,
            0.0
          ],
          [
            -0.08101102709770203,
            0.9959781765937805,
            -0.03827198967337608,
            0.0
          ],
          [
            0.009549623355269432,
            0.039172038435935974,
            0.9991868734359741,
            0.0
          ],
          [
            0.0,
            0.0,
            0.0,
            1.0
          ]
        ],
        "rotation_mode": "QUATERNION"
      },
      "armature_space": {
        "head": {
          "x": 0.0007965400000102818,
          "y": -0.0001808255910873413,
          "z": -0.0014821812510490417
        },
        "tail": {
          "x": 0.03860535845160484,
          "y": -0.006300044246017933,
          "z": 0.4850170910358429
        }
      },
      "world_space": {
        "head": {
          "x": 0.0007965400000102818,
          "y": 0.06306317448616028,
          "z": 0.9483718276023865
        },
        "tail": {
          "x": 0.03860535845160484,
          "y": 0.05694395676255226,
          "z": 1.4348710775375366
        },
        "rotation_quaternion": {
          "w": 0.7021319270133972,
          "x": 0.7109905481338501,
          "y": 0.02721867524087429,
          "z": -0.027610497549176216
        },
        "matrix": [
          [
            0.9969936013221741,
            0.07747688889503479,
            -0.0010388558730483055,
            0.0007965400000102818
          ],
          [
            -6.746780127286911e-05,
            -0.012539351359009743,
            -0.9999215006828308,
            0.06306317448616028
          ],
          [
            -0.07748435437679291,
            0.9969222545623779,
            -0.012497415766119957,
            0.9483718276023865
          ],
          [
            0.0,
            0.0,
            0.0,
            1.0
          ]
        ]
      },
      "bone_length_armature_space": 0.4880046128411263,
      "parent": "Root",
      "has_children": true,
      "is_end_bone": false
    },
    "neck_01": {
      "name": "neck_01",
      "local": {
        "location": {
          "x": 0.0,
          "y": 0.0,
          "z": 0.0
        },
        "rotation_quaternion": {
          "w": 0.9939994812011719,
          "x": -0.061907749623060226,
          "y": -0.019950533285737038,
          "z": 0.08794582635164261
        },
        "scale": {
          "x": 1.0,
          "y": 1.0,
          "z": 1.0
        },
        "matrix_basis": [
          [
            0.9837350249290466,
            -0.17236602306365967,
            -0.05055069550871849,
            0.0
          ],
          [
            0.1773063987493515,
            0.9768659472465515,
            0.11956340819597244,
            0.0
          ],
          [
            0.028772583231329918,
            -0.12658166885375977,
            0.9915388226509094,
            0.0
          ],
          [
            0.0,
            0.0,
            0.0,
            1.0
          ]
        ],
        "rotation_mode": "QUATERNION"
      },
      "armature_space": {
        "head": {
          "x": 0.04424206539988518,
          "y": -0.041895873844623566,
          "z": 0.5575768351554871
        },
        "tail": {
          "x": 0.03417997434735298,
          "y": -0.06913033872842789,
          "z": 0.6559017896652222
        }
      },
      "world_space": {
        "head": {
          "x": 0.04424206539988518,
          "y": 0.021348126232624054,
          "z": 1.5074307918548584
        },
        "tail": {
          "x": 0.03417997434735298,
          "y": -0.005886338651180267,
          "z": 1.6057558059692383
        },
        "rotation_quaternion": {
          "w": 0.6028223037719727,
          "x": 0.7955021262168884,
          "y": -0.061494700610637665,
          "z": 0.00025536317843943834
        },
        "matrix": [
          [
            0.9924366474151611,
            -0.09814631938934326,
            -0.07373498380184174,
            0.04424206539988518
          ],
          [
            -0.09753094613552094,
            -0.2656468152999878,
            -0.9591246247291565,
            0.021348126232624054
          ],
          [
            0.07454748451709747,
            0.9590680003166199,
            -0.273212730884552,
            1.5074307918548584
          ],
          [
            0.0,
            0.0,
            0.0,
            1.0
          ]
        ]
      },
      "bone_length_armature_space": 0.10252199158597827,
      "parent": "spine_01",
      "has_children": true,
      "is_end_bone": false
    },
    "head": {
      "name": "head",
      "local": {
        "location": {
          "x": 0.0,
          "y": 0.0,
          "z": 0.0
        },
        "rotation_quaternion": {
          "w": 0.9945371150970459,
          "x": 0.039825715124607086,
          "y": -0.09642801433801651,
          "z": 0.0033933294471353292
        },
        "scale": {
          "x": 1.0,
          "y": 1.0,
          "z": 1.0
        },
        "matrix_basis": [
          [
            0.9813802242279053,
            -0.0144302137196064,
            -0.1915321946144104,
            0.0
          ],
          [
            -0.000931045098695904,
            0.9968047738075256,
            -0.07987073063850403,
            0.0
          ],
          [
            0.1920727640390396,
            0.07856187969446182,
            0.9782310724258423,
            0.0
          ],
          [
            0.0,
            0.0,
            0.0,
            1.0
          ]
        ],
        "rotation_mode": "QUATERNION"
      },
      "armature_space": {
        "head": {
          "x": 0.03417997062206268,
          "y": -0.06913046538829803,
          "z": 0.6559016704559326
        },
        "tail": {
          "x": 0.020530633628368378,
          "y": -0.0656469538807869,
          "z": 0.8103519082069397
        }
      },
      "world_space": {
        "head": {
          "x": 0.03417997062206268,
          "y": -0.005886465311050415,
          "z": 1.6057556867599487
        },
        "tail": {
          "x": 0.020530633628368378,
          "y": -0.002402953803539276,
          "z": 1.7602059841156006
        },
        "rotation_quaternion": {
          "w": 0.7020542025566101,
          "x": 0.6954538226127625,
          "y": -0.135463148355484,
          "z": -0.07150998711585999
        },
        "matrix": [
          [
            0.9530720114707947,
            -0.08800901472568512,
            -0.2896692752838135,
            0.03417997062206268
          ],
          [
            -0.28882503509521484,
            0.022461190819740295,
            -0.957118570804596,
            -0.005886465311050415
          ],
          [
            0.09074169397354126,
            0.9958734512329102,
            -0.004013068974018097,
            1.6057556867599487
          ],
          [
            0.0,
            0.0,
            0.0,
            1.0
          ]
        ]
      },
      "bone_length_armature_space": 0.15509131242896984,
      "parent": "neck_01",
      "has_children": false,
      "is_end_bone": true
    },
    "upperarm_l": {
      "name": "upperarm_l",
      "local": {
        "location": {
          "x": 0.0,
          "y": 0.0,
          "z": 0.0
        },
        "rotation_quaternion": {
          "w": 0.8045088052749634,
          "x": 0.39106231927871704,
          "y": 0.21429027616977692,
          "z": 0.39232099056243896
        },
        "scale": {
          "x": 1.0,
          "y": 1.0,
          "z": 1.0
        },
        "matrix_basis": [
          [
            0.6003278493881226,
            -0.4636496901512146,
            0.6516407132148743,
            0.0
          ],
          [
            0.7988530993461609,
            0.3863089978694916,
            -0.4610850214958191,
            0.0
          ],
          [
            -0.03795291483402252,
            0.7973673343658447,
            0.6022998690605164,
            0.0
          ],
          [
            0.0,
            0.0,
            0.0,
            1.0
          ]
        ],
        "rotation_mode": "QUATERNION"
      },
      "armature_space": {
        "head": {
          "x": 0.18858076632022858,
          "y": -0.04425213113427162,
          "z": 0.4789133667945862
        },
        "tail": {
          "x": 0.31155529618263245,
          "y": -0.2580702304840088,
          "z": 0.5836361050605774
        }
      },
      "world_space": {
        "head": {
          "x": 0.18858076632022858,
          "y": 0.018991868942975998,
          "z": 1.428767442703247
        },
        "tail": {
          "x": 0.31155529618263245,
          "y": -0.19482623040676117,
          "z": 1.5334901809692383
        },
        "rotation_quaternion": {
          "w": 0.27762627601623535,
          "x": 0.8884428143501282,
          "y": 0.15480256080627441,
          "z": -0.3311031460762024
        },
        "matrix": [
          [
            0.7328141331672668,
            0.45891255140304565,
            -0.5023773312568665,
            0.18858076632022858
          ],
          [
            0.09122119843959808,
            -0.797919750213623,
            -0.5958215594291687,
            0.018991868942975998
          ],
          [
            -0.67429119348526,
            0.3908010721206665,
            -0.6265940070152283,
            1.428767442703247
          ],
          [
            0.0,
            0.0,
            0.0,
            1.0
          ]
        ]
      },
      "bone_length_armature_space": 0.2679697168099226,
      "parent": "spine_01",
      "has_children": true,
      "is_end_bone": false
    },
    "lowerarm_l": {
      "name": "lowerarm_l",
      "local": {
        "location": {
          "x": 0.0,
          "y": 0.0,
          "z": 0.0
        },
        "rotation_quaternion": {
          "w": 0.990106999874115,
          "x": 0.069694384932518,
          "y": -0.06938779354095459,
          "z": 0.10008105635643005
        },
        "scale": {
          "x": 1.0,
          "y": 1.0,
          "z": 1.0
        },
        "matrix_basis": [
          [
            0.9703382253646851,
            -0.2078537940979004,
            -0.12345250695943832,
            0.0
          ],
          [
            0.18851003050804138,
            0.9702529311180115,
            -0.1518986076116562,
            0.0
          ],
          [
            0.15135285258293152,
            0.12412098795175552,
            0.9806560277938843,
            0.0
          ],
          [
            0.0,
            0.0,
            0.0,
            1.0
          ]
        ],
        "rotation_mode": "QUATERNION"
      },
      "armature_space": {
        "head": {
          "x": 0.3115552067756653,
          "y": -0.25807034969329834,
          "z": 0.5836361646652222
        },
        "tail": {
          "x": 0.3417671024799347,
          "y": -0.49722495675086975,
          "z": 0.6996612548828125
        }
      },
      "world_space": {
        "head": {
          "x": 0.3115552067756653,
          "y": -0.19482634961605072,
          "z": 1.5334901809692383
        },
        "tail": {
          "x": 0.3417671024799347,
          "y": -0.43398094177246094,
          "z": 1.6495152711868286
        },
        "rotation_quaternion": {
          "w": 0.22545447945594788,
          "x": 0.8721652030944824,
          "y": -0.046833865344524384,
          "z": -0.431630402803421
        },
        "matrix": [
          [
            0.6230040192604065,
            0.11293131858110428,
            -0.774023711681366,
            0.3115552067756653
          ],
          [
            -0.2763197720050812,
            -0.8939540982246399,
            -0.35283663868904114,
            -0.19482634961605072
          ],
          [
            -0.7317931652069092,
            0.43369898200035095,
            -0.5257356762886047,
            1.5334901809692383
          ],
          [
            0.0,
            0.0,
            0.0,
            1.0
          ]
        ]
      },
      "bone_length_armature_space": 0.2675247767878217,
      "parent": "upperarm_l",
      "has_children": true,
      "is_end_bone": false
    },
    "metacarpal_thumb_l": {
      "name": "metacarpal_thumb_l",
      "local": {
        "location": {
          "x": 0.0,
          "y": 0.0,
          "z": 0.0
        },
        "rotation_quaternion": {
          "w": 0.9996703863143921,
          "x": -0.0251874178647995,
          "y": 0.004957938101142645,
          "z": -0.00043992354767397046
        },
        "scale": {
          "x": 1.0,
          "y": 1.0,
          "z": 1.0
        },
        "matrix_basis": [
          [
            0.9999504685401917,
            0.000629801768809557,
            0.00993476901203394,
            0.0
          ],
          [
            -0.001129312440752983,
            0.9987307786941528,
            0.050353869795799255,
            0.0
          ],
          [
            -0.009890446439385414,
            -0.05036259442567825,
            0.9986820220947266,
            0.0
          ],
          [
            0.0,
            0.0,
            0.0,
            1.0
          ]
        ],
        "rotation_mode": "QUATERNION"
      },
      "armature_space": {
        "head": {
          "x": 0.3417671024799347,
          "y": -0.49722495675086975,
          "z": 0.6996612548828125
        },
        "tail": {
          "x": 0.32772889733314514,
          "y": -0.5446300506591797,
          "z": 0.6966164112091064
        }
      },
      "world_space": {
        "head": {
          "x": 0.3417671024799347,
          "y": -0.43398094177246094,
          "z": 1.6495152711868286
        },
        "tail": {
          "x": 0.32772889733314514,
          "y": -0.48138606548309326,
          "z": 1.6464704275131226
        },
        "rotation_quaternion": {
          "w": 0.019870664924383163,
          "x": 0.9293737411499023,
          "y": -0.14522840082645416,
          "z": 0.33878979086875916
        },
        "matrix": [
          [
            0.728260338306427,
            -0.2834075391292572,
            0.6239528656005859,
            0.3417671024799347
          ],
          [
            -0.256478875875473,
            -0.9570276141166687,
            -0.13533928990364075,
            -0.43398094177246094
          ],
          [
            0.6355006098747253,
            -0.061469629406929016,
            -0.7696588039398193,
            1.6495152711868286
          ],
          [
            0.0,
            0.0,
            0.0,
            1.0
          ]
        ]
      },
      "bone_length_armature_space": 0.04953367776185508,
      "parent": "lowerarm_l",
      "has_children": true,
      "is_end_bone": false
    },
    "thumb_01_l": {
      "name": "thumb_01_l",
      "local": {
        "location": {
          "x": 0.0,
          "y": 0.0,
          "z": 0.0
        },
        "rotation_quaternion": {
          "w": 0.9987406730651855,
          "x": -0.04334583133459091,
          "y": -0.02318940870463848,
          "z": -0.010023263283073902
        },
        "scale": {
          "x": 1.0,
          "y": 1.0,
          "z": 1.0
        },
        "matrix_basis": [
          [
            0.998723566532135,
            0.02203160896897316,
            -0.04545147716999054,
            0.0
          ],
          [
            -0.018010953441262245,
            0.9960413575172424,
            0.08704735338687897,
            0.0
          ],
          [
            0.047189343720674515,
            -0.08611762523651123,
            0.9951667785644531,
            0.0
          ],
          [
            0.0,
            0.0,
            0.0,
            1.0
          ]
        ],
        "rotation_mode": "QUATERNION"
      },
      "armature_space": {
        "head": {
          "x": 0.32772889733314514,
          "y": -0.5446300506591797,
          "z": 0.6966164112091064
        },
        "tail": {
          "x": 0.331397145986557,
          "y": -0.5678501725196838,
          "z": 0.6719992160797119
        }
      },
      "world_space": {
        "head": {
          "x": 0.32772889733314514,
          "y": -0.48138606548309326,
          "z": 1.6464704275131226
        },
        "tail": {
          "x": 0.331397145986557,
          "y": -0.5046061873435974,
          "z": 1.621853232383728
        },
        "rotation_quaternion": {
          "w": 0.2211693525314331,
          "x": -0.3908050060272217,
          "y": 0.3316617012023926,
          "z": -0.8296723365783691
        },
        "matrix": [
          [
            -0.5967113971710205,
            0.10776767879724503,
            0.7951866388320923,
            0.32772889733314514
          ],
          [
            -0.6262263059616089,
            -0.6821699142456055,
            -0.37747183442115784,
            -0.48138606548309326
          ],
          [
            0.5017760992050171,
            -0.7232141494750977,
            0.4745486378669739,
            1.6464704275131226
          ],
          [
            0.0,
            0.0,
            0.0,
            1.0
          ]
        ]
      },
      "bone_length_armature_space": 0.0340387488132091,
      "parent": "metacarpal_thumb_l",
      "has_children": true,
      "is_end_bone": false
    },
    "thumb_02_l": {
      "name": "thumb_02_l",
      "local": {
        "location": {
          "x": 0.0,
          "y": 0.0,
          "z": 0.0
        },
        "rotation_quaternion": {
          "w": 0.9914635419845581,
          "x": 0.12981316447257996,
          "y": 0.006462785415351391,
          "z": 0.010337324813008308
        },
        "scale": {
          "x": 1.0,
          "y": 1.0,
          "z": 1.0
        },
        "matrix_basis": [
          [
            0.9997027516365051,
            -0.018820252269506454,
            0.015499074012041092,
            0.0
          ],
          [
            0.022176070138812065,
            0.9660833477973938,
            -0.25727641582489014,
            0.0
          ],
          [
            -0.010131390765309334,
            0.2575436532497406,
            0.9662135243415833,
            0.0
          ],
          [
            0.0,
            0.0,
            0.0,
            1.0
          ]
        ],
        "rotation_mode": "QUATERNION"
      },
      "armature_space": {
        "head": {
          "x": 0.331397145986557,
          "y": -0.5678501129150391,
          "z": 0.6719992160797119
        },
        "tail": {
          "x": 0.33896490931510925,
          "y": -0.6021389961242676,
          "z": 0.6914975047111511
        }
      },
      "world_space": {
        "head": {
          "x": 0.331397145986557,
          "y": -0.5046061277389526,
          "z": 1.621853232383728
        },
        "tail": {
          "x": 0.33896490931510925,
          "y": -0.5388950109481812,
          "z": 1.6413514614105225
        },
        "rotation_quaternion": {
          "w": 0.08895959705114365,
          "x": -0.033743225038051605,
          "y": -0.25540024042129517,
          "z": -0.9621425867080688
        },
        "matrix": [
          [
            -0.9818952679634094,
            0.18841980397701263,
            0.019490711390972137,
            0.331397145986557
          ],
          [
            -0.15394774079322815,
            -0.8537136316299438,
            0.4974667727947235,
            -0.5046061277389526
          ],
          [
            0.11037259548902512,
            0.485462486743927,
            0.8672705888748169,
            1.621853232383728
          ],
          [
            0.0,
            0.0,
            0.0,
            1.0
          ]
        ]
      },
      "bone_length_armature_space": 0.040164433940770974,
      "parent": "thumb_01_l",
      "has_children": true,
      "is_end_bone": false
    },
    "thumb_03_l": {
      "name": "thumb_03_l",
      "local": {
        "location": {
          "x": 0.0,
          "y": 0.0,
          "z": 0.0
        },
        "rotation_quaternion": {
          "w": 0.9989381432533264,
          "x": 0.045254290103912354,
          "y": 0.00860137864947319,
          "z": 0.0008985800668597221
        },
        "scale": {
          "x": 1.0,
          "y": 1.0,
          "z": 1.0
        },
        "matrix_basis": [
          [
            0.9998503923416138,
            -0.0010167532600462437,
            0.017265819013118744,
            0.0
          ],
          [
            0.0025737504474818707,
            0.9959024786949158,
            -0.09039701521396637,
            0.0
          ],
          [
            -0.017103161662817,
            0.090427927672863,
            0.9957561492919922,
            0.0
          ],
          [
            0.0,
            0.0,
            0.0,
            1.0
          ]
        ],
        "rotation_mode": "QUATERNION"
      },
      "armature_space": {
        "head": {
          "x": 0.3389648497104645,
          "y": -0.6021390557289124,
          "z": 0.6914974451065063
        },
        "tail": {
          "x": 0.34827426075935364,
          "y": -0.6203328371047974,
          "z": 0.7140633463859558
        }
      },
      "world_space": {
        "head": {
          "x": 0.3389648497104645,
          "y": -0.5388950705528259,
          "z": 1.6413514614105225
        },
        "tail": {
          "x": 0.34827426075935364,
          "y": -0.5570888519287109,
          "z": 1.6639173030853271
        },
        "rotation_quaternion": {
          "w": 0.2373063564300537,
          "x": 0.1478608399629593,
          "y": -0.3806404769420624,
          "z": -0.8814395666122437
        },
        "matrix": [
          [
            -0.843645453453064,
            0.3057793378829956,
            -0.4413180947303772,
            0.3389648497104645
          ],
          [
            -0.5309066772460938,
            -0.5975967645645142,
            0.6008462905883789,
            -0.5388950705528259
          ],
          [
            -0.08000494539737701,
            0.7412046790122986,
            0.6665051579475403,
            1.6413514614105225
          ],
          [
            0.0,
            0.0,
            0.0,
            1.0
          ]
        ]
      },
      "bone_length_armature_space": 0.030445010810421645,
      "parent": "thumb_02_l",
      "has_children": false,
      "is_end_bone": true
    },
    "metacarpal_index_l": {
      "name": "metacarpal_index_l",
      "local": {
        "location": {
          "x": 0.0,
          "y": 0.0,
          "z": 0.0
        },
        "rotation_quaternion": {
          "w": 0.9977178573608398,
          "x": -0.06749428808689117,
          "y": 0.0001212923089042306,
          "z": 0.0019224804127588868
        },
        "scale": {
          "x": 1.0,
          "y": 1.0,
          "z": 1.0
        },
        "matrix_basis": [
          [
            0.9999925494194031,
            -0.0038525592535734177,
            -1.748188878991641e-05,
            0.0
          ],
          [
            0.003819813020527363,
            0.990881621837616,
            0.13468098640441895,
            0.0
          ],
          [
            -0.0005015439237467945,
            -0.13468004763126373,
            0.9908890128135681,
            0.0
          ],
          [
            0.0,
            0.0,
            0.0,
            1.0
          ]
        ],
        "rotation_mode": "QUATERNION"
      },
      "armature_space": {
        "head": {
          "x": 0.3417671024799347,
          "y": -0.49722495675086975,
          "z": 0.6996612548828125
        },
        "tail": {
          "x": 0.32908761501312256,
          "y": -0.6065174341201782,
          "z": 0.7399553656578064
        }
      },
      "world_space": {
        "head": {
          "x": 0.3417671024799347,
          "y": -0.43398094177246094,
          "z": 1.6495152711868286
        },
        "tail": {
          "x": 0.32908761501312256,
          "y": -0.5432734489440918,
          "z": 1.6898093223571777
        },
        "rotation_quaternion": {
          "w": 0.17660394310951233,
          "x": 0.9825267791748047,
          "y": -0.04933242127299309,
          "z": 0.03191320225596428
        },
        "matrix": [
          [
            0.9930958151817322,
            -0.10821294784545898,
            0.04528641700744629,
            0.3417671024799347
          ],
          [
            -0.08566880971193314,
            -0.932754635810852,
            -0.3501852750778198,
            -0.43398094177246094
          ],
          [
            0.08013617247343063,
            0.3438895046710968,
            -0.9355918765068054,
            1.6495152711868286
          ],
          [
            0.0,
            0.0,
            0.0,
            1.0
          ]
        ]
      },
      "bone_length_armature_space": 0.1171717974081476,
      "parent": "lowerarm_l",
      "has_children": true,
      "is_end_bone": false
    },
    "index_01_l": {
      "name": "index_01_l",
      "local": {
        "location": {
          "x": 0.0,
          "y": 0.0,
          "z": 0.0
        },
        "rotation_quaternion": {
          "w": 0.9948685765266418,
          "x": -0.10087530314922333,
          "y": -0.0073010846972465515,
          "z": -0.002714536152780056
        },
        "scale": {
          "x": 1.0,
          "y": 1.0,
          "z": 1.0
        },
        "matrix_basis": [
          [
            0.9998786449432373,
            0.006874211598187685,
            -0.013979580253362656,
            0.0
          ],
          [
            -0.003928215242922306,
            0.979633629322052,
            0.20075497031211853,
            0.0
          ],
          [
            0.0150748984888196,
            -0.20067569613456726,
            0.9795417189598083,
            0.0
          ],
          [
            0.0,
            0.0,
            0.0,
            1.0
          ]
        ],
        "rotation_mode": "QUATERNION"
      },
      "armature_space": {
        "head": {
          "x": 0.32908761501312256,
          "y": -0.6065174341201782,
          "z": 0.7399553656578064
        },
        "tail": {
          "x": 0.3353412449359894,
          "y": -0.6275476217269897,
          "z": 0.7581679224967957
        }
      },
      "world_space": {
        "head": {
          "x": 0.32908761501312256,
          "y": -0.5432734489440918,
          "z": 1.6898093223571777
        },
        "tail": {
          "x": 0.3353412449359894,
          "y": -0.5643036365509033,
          "z": 1.708021879196167
        },
        "rotation_quaternion": {
          "w": 0.3402040898799896,
          "x": 0.9318886995315552,
          "y": 0.12448526173830032,
          "z": 0.018662484362721443
        },
        "matrix": [
          [
            0.9683102965354919,
            0.21931475400924683,
            0.11948393285274506,
            0.32908761501312256
          ],
          [
            0.24471133947372437,
            -0.7375290393829346,
            -0.6294183135032654,
            -0.5432734489440918
          ],
          [
            -0.04991799220442772,
            0.6387150883674622,
            -0.7678314447402954,
            1.6898093223571777
          ],
          [
            0.0,
            0.0,
            0.0,
            1.0
          ]
        ]
      },
      "bone_length_armature_space": 0.028514450861284794,
      "parent": "metacarpal_index_l",
      "has_children": true,
      "is_end_bone": false
    },
    "index_02_l": {
      "name": "index_02_l",
      "local": {
        "location": {
          "x": 0.0,
          "y": 0.0,
          "z": 0.0
        },
        "rotation_quaternion": {
          "w": 0.9998805522918701,
          "x": 0.014558272436261177,
          "y": -0.003761112689971924,
          "z": 0.003598305396735668
        },
        "scale": {
          "x": 1.0,
          "y": 1.0,
          "z": 1.0
        },
        "matrix_basis": [
          [
            0.9999458193778992,
            -0.007305261678993702,
            -0.007416556589305401,
            0.0
          ],
          [
            0.007086240686476231,
            0.9995502233505249,
            -0.029140133410692215,
            0.0
          ],
          [
            0.007626097183674574,
            0.029085999354720116,
            0.9995478391647339,
            0.0
          ],
          [
            0.0,
            0.0,
            0.0,
            1.0
          ]
        ],
        "rotation_mode": "QUATERNION"
      },
      "armature_space": {
        "head": {
          "x": 0.33534112572669983,
          "y": -0.627548098564148,
          "z": 0.7581679224967957
        },
        "tail": {
          "x": 0.3414916396141052,
          "y": -0.6462284326553345,
          "z": 0.774639368057251
        }
      },
      "world_space": {
        "head": {
          "x": 0.33534112572669983,
          "y": -0.5643041133880615,
          "z": 1.708021879196167
        },
        "tail": {
          "x": 0.3414916396141052,
          "y": -0.582984447479248,
          "z": 1.724493384361267
        },
        "rotation_quaternion": {
          "w": 0.347894549369812,
          "x": 0.929377019405365,
          "y": 0.12196741998195648,
          "z": -0.018752438947558403
        },
        "matrix": [
          [
            0.9695446491241455,
            0.2397552728652954,
            0.05000799149274826,
            0.33534112572669983
          ],
          [
            0.21366022527217865,
            -0.7281864285469055,
            -0.6512250304222107,
            -0.5643041133880615
          ],
          [
            -0.11972012370824814,
            0.6420801877975464,
            -0.7572410702705383,
            1.708021879196167
          ],
          [
            0.0,
            0.0,
            0.0,
            1.0
          ]
        ]
      },
      "bone_length_armature_space": 0.025653308097136757,
      "parent": "index_01_l",
      "has_children": true,
      "is_end_bone": false
    },
    "index_03_l": {
      "name": "index_03_l",
      "local": {
        "location": {
          "x": 0.0,
          "y": 0.0,
          "z": 0.0
        },
        "rotation_quaternion": {
          "w": 0.9992758631706238,
          "x": 0.03742922469973564,
          "y": 0.003445960581302643,
          "z": -0.005915954243391752
        },
        "scale": {
          "x": 1.0,
          "y": 1.0,
          "z": 1.0
        },
        "matrix_basis": [
          [
            0.9999062418937683,
            0.012081299908459187,
            0.006444071419537067,
            0.0
          ],
          [
            -0.011565381661057472,
            0.9971281290054321,
            -0.07484501600265503,
            0.0
          ],
          [
            -0.0073297894559800625,
            0.0747634693980217,
            0.9971743822097778,
            0.0
          ],
          [
            0.0,
            0.0,
            0.0,
            1.0
          ]
        ],
        "rotation_mode": "QUATERNION"
      },
      "armature_space": {
        "head": {
          "x": 0.34149160981178284,
          "y": -0.6462283134460449,
          "z": 0.7746394872665405
        },
        "tail": {
          "x": 0.351644903421402,
          "y": -0.6694973111152649,
          "z": 0.7891031503677368
        }
      },
      "world_space": {
        "head": {
          "x": 0.34149160981178284,
          "y": -0.5829843282699585,
          "z": 1.7244935035705566
        },
        "tail": {
          "x": 0.351644903421402,
          "y": -0.6062533259391785,
          "z": 1.738957166671753
        },
        "rotation_quaternion": {
          "w": 0.26335373520851135,
          "x": 0.9476582407951355,
          "y": 0.1801600307226181,
          "z": -0.011454849503934383
        },
        "matrix": [
          [
            0.9348223209381104,
            0.3474936783313751,
            0.0731816217303276,
            0.34149160981178284
          ],
          [
            0.33542725443840027,
            -0.7963742017745972,
            -0.5032662153244019,
            -0.5829843282699585
          ],
          [
            -0.1166023537516594,
            0.49501436948776245,
            -0.8610334396362305,
            1.7244935035705566
          ],
          [
            0.0,
            0.0,
            0.0,
            1.0
          ]
        ]
      },
      "bone_length_armature_space": 0.029218712864011672,
      "parent": "index_02_l",
      "has_children": false,
      "is_end_bone": true
    },
    "metacarpal_pinky_l": {
      "name": "metacarpal_pinky_l",
      "local": {
        "location": {
          "x": 0.0,
          "y": 0.0,
          "z": 0.0
        },
        "rotation_quaternion": {
          "w": 0.998323917388916,
          "x": -0.05430851876735687,
          "y": 0.005705378018319607,
          "z": -0.019166240468621254
        },
        "scale": {
          "x": 1.0,
          "y": 1.0,
          "z": 1.0
        },
        "matrix_basis": [
          [
            0.9992002248764038,
            0.037648532539606094,
            0.013473411090672016,
            0.0
          ],
          [
            -0.038887932896614075,
            0.9933664798736572,
            0.1082162857055664,
            0.0
          ],
          [
            -0.009309850633144379,
            -0.10865368694067001,
            0.994036078453064,
            0.0
          ],
          [
            0.0,
            0.0,
            0.0,
            1.0
          ]
        ],
        "rotation_mode": "QUATERNION"
      },
      "armature_space": {
        "head": {
          "x": 0.3417671024799347,
          "y": -0.49722495675086975,
          "z": 0.6996612548828125
        },
        "tail": {
          "x": 0.3844587206840515,
          "y": -0.5780999660491943,
          "z": 0.7494599223136902
        }
      },
      "world_space": {
        "head": {
          "x": 0.3417671024799347,
          "y": -0.43398094177246094,
          "z": 1.6495152711868286
        },
        "tail": {
          "x": 0.3844587206840515,
          "y": -0.5148559808731079,
          "z": 1.6993138790130615
        },
        "rotation_quaternion": {
          "w": 0.3025873601436615,
          "x": 0.3876368999481201,
          "y": -0.14179874956607819,
          "z": -0.859110951423645
        },
        "matrix": [
          [
            -0.5163566470146179,
            0.4099808931350708,
            -0.7518588304519653,
            0.3417671024799347
          ],
          [
            -0.6298458576202393,
            -0.7766675353050232,
            0.009052202105522156,
            -0.43398094177246094
          ],
          [
            -0.5802375674247742,
            0.47823190689086914,
            0.6592667698860168,
            1.6495152711868286
          ],
          [
            0.0,
            0.0,
            0.0,
            1.0
          ]
        ]
      },
      "bone_length_armature_space": 0.10413092034645875,
      "parent": "lowerarm_l",
      "has_children": true,
      "is_end_bone": false
    },
    "pinky_01_l": {
      "name": "pinky_01_l",
      "local": {
        "location": {
          "x": 0.0,
          "y": 0.0,
          "z": 0.0
        },
        "rotation_quaternion": {
          "w": 0.9606807231903076,
          "x": 0.27734628319740295,
          "y": -0.012659839354455471,
          "z": -0.0033917520195245743
        },
        "scale": {
          "x": 1.0,
          "y": 1.0,
          "z": 1.0
        },
        "matrix_basis": [
          [
            0.9996564388275146,
            -0.000505537202116102,
            -0.026205506175756454,
            0.0
          ],
          [
            -0.01353910006582737,
            0.8461350798606873,
            -0.5327965617179871,
            0.0
          ],
          [
            0.02244274690747261,
            0.5329683423042297,
            0.8458375334739685,
            0.0
          ],
          [
            0.0,
            0.0,
            0.0,
            1.0
          ]
        ],
        "rotation_mode": "QUATERNION"
      },
      "armature_space": {
        "head": {
          "x": 0.3844587206840515,
          "y": -0.5780999660491943,
          "z": 0.7494599223136902
        },
