{
  "metadata": {
    "armature_name": "KIM_caucasian_male",
    "export_time": "2026-01-13T21:08:31.071955",
    "blender_version": "4.4.1",
    "bone_count": 56,
    "end_bone_count": 13,
    "spaces_included": [
      "LOCAL_CHANNELS",
      "ARMATURE_SPACE",
      "WORLD_SPACE"
    ],
    "note": "LOCAL matches Transform panel; replay pose via local.matrix_basis for best fidelity."
  },
  "bones": {
    "Root": {
      "name": "Root",
      "local": {
        "location": {
          "x": 0.0,
          "y": 0.0,
          "z": 0.0
        },
        "rotation_quaternion": {
          "w": 0.9998362064361572,
          "x": 0.014251887798309326,
          "y": 0.0037617692723870277,
          "z": -0.010507437400519848
        },
        "scale": {
          "x": 1.0,
          "y": 1.0,
          "z": 1.0
        },
        "matrix_basis": [
          [
            0.9997509121894836,
            0.021118657663464546,
            0.007222804706543684,
            0.0
          ],
          [
            -0.020904207602143288,
            0.9993729591369629,
            -0.02857816033065319,
            0.0
          ],
          [
            -0.007821807637810707,
            0.02842005342245102,
            0.9995654821395874,
            0.0
          ],
          [
            0.0,
            0.0,
            0.0,
            1.0
          ]
        ],
        "rotation_mode": "QUATERNION"
      },
      "armature_space": {
        "head": {
          "x": 0.0,
          "y": 0.07072800397872925,
          "z": -0.009595036506652832
        },
        "tail": {
          "x": 0.0015073625836521387,
          "y": -0.00022833794355392456,
          "z": -0.0020161247812211514
        }
      },
      "world_space": {
        "head": {
          "x": 0.0,
          "y": 0.13397200405597687,
          "z": 0.9402589797973633
        },
        "tail": {
          "x": 0.0015073625836521387,
          "y": 0.0630156621336937,
          "z": 0.9478378891944885
        },
        "rotation_quaternion": {
          "w": 0.05313710868358612,
          "x": 0.9985248446464539,
          "y": 0.010736989788711071,
          "z": 0.00304536079056561
        },
        "matrix": [
          [
            0.9997509121894836,
            0.021118657663464546,
            0.007222804706543684,
            0.0
          ],
          [
            0.021765947341918945,
            -0.9941222667694092,
            -0.10605251789093018,
            0.13397200405597687
          ],
          [
            0.004940719343721867,
            0.10618311166763306,
            -0.9943413734436035,
            0.9402589797973633
          ],
          [
            0.0,
            0.0,
            0.0,
            1.0
          ]
        ]
      },
      "bone_length_armature_space": 0.0713758679481629,
      "parent": null,
      "has_children": true,
      "is_end_bone": false
    },
    "spine_01": {
      "name": "spine_01",
      "local": {
        "location": {
          "x": 0.0,
          "y": 0.0,
          "z": 0.0
        },
        "rotation_quaternion": {
          "w": 0.9947828054428101,
          "x": -0.05207287147641182,
          "y": -0.03979887813329697,
          "z": 0.07817677408456802
        },
        "scale": {
          "x": 1.0,
          "y": 1.0,
          "z": 1.0
        },
        "matrix_basis": [
          [
            0.9846088886260986,
            -0.15139293670654297,
            -0.08732425421476364,
            0.0
          ],
          [
            0.15968270599842072,
            0.9823536276817322,
            0.09737969934940338,
            0.0
          ],
          [
            0.07104069739580154,
            -0.10982508957386017,
            0.9914089441299438,
            0.0
          ],
          [
            0.0,
            0.0,
            0.0,
            1.0
          ]
        ],
        "rotation_mode": "QUATERNION"
      },
      "armature_space": {
        "head": {
          "x": 0.0015073625836521387,
          "y": -0.00022833794355392456,
          "z": -0.0020161247812211514
        },
        "tail": {
          "x": -0.07607419788837433,
          "y": 0.06045667827129364,
          "z": 0.4759450852870941
        }
      },
      "world_space": {
        "head": {
          "x": 0.0015073625836521387,
          "y": 0.0630156621336937,
          "z": 0.9478378891944885
        },
        "tail": {
          "x": -0.07607419788837433,
          "y": 0.12370067834854126,
          "z": 1.4257991313934326
        },
        "rotation_quaternion": {
          "w": 0.7457343339920044,
          "x": 0.6606102585792542,
          "y": -0.07782802730798721,
          "z": 0.03764762356877327
        },
        "matrix": [
          [
            0.9850509762763977,
            -0.15897820889949799,
            -0.0663362443447113,
            0.0015073625836521387
          ],
          [
            -0.04667661339044571,
            0.12435422837734222,
            -0.9911394119262695,
            0.0630156621336937
          ],
          [
            0.16581988334655762,
            0.9794262647628784,
            0.11507458239793777,
            0.9478378891944885
          ],
          [
            0.0,
            0.0,
            0.0,
            1.0
          ]
        ]
      },
      "bone_length_armature_space": 0.4880045960603619,
      "parent": "Root",
      "has_children": true,
      "is_end_bone": false
    },
    "neck_01": {
      "name": "neck_01",
      "local": {
        "location": {
          "x": 0.0,
          "y": 0.0,
          "z": 0.0
        },
        "rotation_quaternion": {
          "w": 0.9832137823104858,
          "x": 0.08711633086204529,
          "y": 0.08316610008478165,
          "z": 0.1370578110218048
        },
        "scale": {
          "x": 1.0,
          "y": 1.0,
          "z": 1.0
        },
        "matrix_basis": [
          [
            0.9485971331596375,
            -0.2550240159034729,
            0.187420055270195,
            0.0
          ],
          [
            0.2840045094490051,
            0.9472517967224121,
            -0.14851082861423492,
            0.0
          ],
          [
            -0.13966016471385956,
            0.1941050887107849,
            0.9709882736206055,
            0.0
          ],
          [
            0.0,
            0.0,
            0.0,
            1.0
          ]
        ],
        "rotation_mode": "QUATERNION"
      },
      "armature_space": {
        "head": {
          "x": -0.09001491218805313,
          "y": 0.03518855199217796,
          "z": 0.5516480207443237
        },
        "tail": {
          "x": -0.13255161046981812,
          "y": -0.00812600553035736,
          "z": 0.63426274061203
        }
      },
      "world_space": {
        "head": {
          "x": -0.09001491218805313,
          "y": 0.09843255579471588,
          "z": 1.5015020370483398
        },
        "tail": {
          "x": -0.13255161046981812,
          "y": 0.05511799454689026,
          "z": 1.5841166973114014
        },
        "rotation_quaternion": {
          "w": 0.523238480091095,
          "x": 0.8180185556411743,
          "y": -0.12237273901700974,
          "z": 0.20516391098499298
        },
        "matrix": [
          [
            0.8858656883239746,
            -0.4149057865142822,
            0.20759393274784088,
            -0.09001491218805313
          ],
          [
            0.014491230249404907,
            -0.4224931001663208,
            -0.9062504172325134,
            0.09843255579471588
          ],
          [
            0.46371880173683167,
            0.805829644203186,
            -0.3682630658149719,
            1.5015020370483398
          ],
          [
            0.0,
            0.0,
            0.0,
            1.0
          ]
        ]
      },
      "bone_length_armature_space": 0.10252177058601446,
      "parent": "spine_01",
      "has_children": true,
      "is_end_bone": false
    },
    "head": {
      "name": "head",
      "local": {
        "location": {
          "x": 0.0,
          "y": 0.0,
          "z": 0.0
        },
        "rotation_quaternion": {
          "w": 0.9841015338897705,
          "x": 0.019280362874269485,
          "y": 0.13650494813919067,
          "z": 0.11197683215141296
        },
        "scale": {
          "x": 1.0,
          "y": 1.0,
          "z": 1.0
        },
        "matrix_basis": [
          [
            0.9376551508903503,
            -0.21512942016124725,
            0.27298736572265625,
            0.0
          ],
          [
            0.22565686702728271,
            0.9741789102554321,
            -0.00737688597291708,
            0.0
          ],
          [
            -0.2643515467643738,
            0.06851845234632492,
            0.9619893431663513,
            0.0
          ],
          [
            0.0,
            0.0,
            0.0,
            1.0
          ]
        ],
        "rotation_mode": "QUATERNION"
      },
      "armature_space": {
        "head": {
          "x": -0.13255155086517334,
          "y": -0.008126117289066315,
          "z": 0.6342626214027405
        },
        "tail": {
          "x": -0.23153749108314514,
          "y": -0.02913029119372368,
          "z": 0.7517946362495422
        }
      },
      "world_space": {
        "head": {
          "x": -0.13255155086517334,
          "y": 0.055117882788181305,
          "z": 1.5841166973114014
        },
        "tail": {
          "x": -0.23153749108314514,
          "y": 0.03411370888352394,
          "z": 1.7016487121582031
        },
        "rotation_quaternion": {
          "w": 0.6419968605041504,
          "x": 0.6674569845199585,
          "y": -0.14185738563537598,
          "z": 0.3495965898036957
        },
        "matrix": [
          [
            0.7153165340423584,
            -0.6382474303245544,
            0.28453943133354187,
            -0.13255155086517334
          ],
          [
            0.25951623916625977,
            -0.13543197512626648,
            -0.9561954736709595,
            0.055117882788181305
          ],
          [
            0.6488296985626221,
            0.7578301429748535,
            0.06875844299793243,
            1.5841166973114014
          ],
          [
            0.0,
            0.0,
            0.0,
            1.0
          ]
        ]
      },
      "bone_length_armature_space": 0.15509083166796336,
      "parent": "neck_01",
      "has_children": false,
      "is_end_bone": true
    },
    "upperarm_l": {
      "name": "upperarm_l",
      "local": {
        "location": {
          "x": 0.0,
          "y": 0.0,
          "z": 0.0
        },
        "rotation_quaternion": {
          "w": 0.8782306909561157,
          "x": 0.44229668378829956,
          "y": -0.16057445108890533,
          "z": 0.08544239401817322
        },
        "scale": {
          "x": 1.0,
          "y": 1.0,
          "z": 1.0
        },
        "matrix_basis": [
          [
            0.9338308572769165,
            -0.2921193540096283,
            -0.20646104216575623,
            0.0
          ],
          [
            0.00803317129611969,
            0.5941464900970459,
            -0.8043167591094971,
            0.0
          ],
          [
            0.3576245903968811,
            0.7494373321533203,
            0.5571789741516113,
            0.0
          ],
          [
            0.0,
            0.0,
            0.0,
            1.0
          ]
        ],
        "rotation_mode": "QUATERNION"
      },
      "armature_space": {
        "head": {
          "x": 0.0682157501578331,
          "y": 0.016668621450662613,
          "z": 0.5110629200935364
        },
        "tail": {
          "x": 0.21018117666244507,
          "y": -0.17704088985919952,
          "z": 0.6299335956573486
        }
      },
      "world_space": {
        "head": {
          "x": 0.0682157501578331,
          "y": 0.07991261780261993,
          "z": 1.4609169960021973
        },
        "tail": {
          "x": 0.21018117666244507,
          "y": -0.1137968897819519,
          "z": 1.5797876119613647
        },
        "rotation_quaternion": {
          "w": 0.3709437847137451,
          "x": 0.6530247926712036,
          "y": 0.03098795935511589,
          "z": -0.6595445275306702
        },
        "matrix": [
          [
            0.128081813454628,
            0.5297821760177612,
            -0.8384068608283997,
            0.0682157501578331
          ],
          [
            -0.44883668422698975,
            -0.7228791117668152,
            -0.5253490805625916,
            0.07991261780261993
          ],
          [
            -0.8843938112258911,
            0.44359782338142395,
            0.14519855380058289,
            1.4609169960021973
          ],
          [
            0.0,
            0.0,
            0.0,
            1.0
          ]
        ]
      },
      "bone_length_armature_space": 0.26796975851564275,
      "parent": "spine_01",
      "has_children": true,
      "is_end_bone": false
    },
    "lowerarm_l": {
      "name": "lowerarm_l",
      "local": {
        "location": {
          "x": 0.0,
          "y": 0.0,
          "z": 0.0
        },
        "rotation_quaternion": {
          "w": 0.9284068942070007,
          "x": 0.26479005813598633,
          "y": 0.19724556803703308,
          "z": -0.17041492462158203
        },
        "scale": {
          "x": 1.0,
          "y": 1.0,
          "z": 1.0
        },
        "matrix_basis": [
          [
            0.8641058802604675,
            0.4208860993385315,
            0.27599993348121643,
            0.0
          ],
          [
            -0.2119714468717575,
            0.8016899824142456,
            -0.5588930249214172,
            0.0
          ],
          [
            -0.4564966559410095,
            0.4244386553764343,
            0.7819608449935913,
            0.0
          ],
          [
            0.0,
            0.0,
            0.0,
            1.0
          ]
        ],
        "rotation_mode": "QUATERNION"
      },
      "armature_space": {
        "head": {
          "x": 0.21018117666244507,
          "y": -0.17704090476036072,
          "z": 0.6299337148666382
        },
        "tail": {
          "x": 0.20089219510555267,
          "y": -0.4411448538303375,
          "z": 0.6715532541275024
        }
      },
      "world_space": {
        "head": {
          "x": 0.21018117666244507,
          "y": -0.1137969046831131,
          "z": 1.5797877311706543
        },
        "tail": {
          "x": 0.20089219510555267,
          "y": -0.3779008388519287,
          "z": 1.6214072704315186
        },
        "rotation_quaternion": {
          "w": 0.05443510785698891,
          "x": 0.8213753700256348,
          "y": -0.05856427177786827,
          "z": -0.5647562146186829
        },
        "matrix": [
          [
            0.3552412986755371,
            -0.03472200036048889,
            -0.9341295957565308,
            0.21018117666244507
          ],
          [
            -0.15769195556640625,
            -0.9872141480445862,
            -0.02327391505241394,
            -0.1137969046831131
          ],
          [
            -0.921384334564209,
            0.15557275712490082,
            -0.35617703199386597,
            1.5797877311706543
          ],
          [
            0.0,
            0.0,
            0.0,
            1.0
          ]
        ]
      },
      "bone_length_armature_space": 0.2675245200585734,
      "parent": "upperarm_l",
      "has_children": true,
      "is_end_bone": false
    },
    "metacarpal_thumb_l": {
      "name": "metacarpal_thumb_l",
      "local": {
        "location": {
          "x": 0.0,
          "y": 0.0,
          "z": 0.0
        },
        "rotation_quaternion": {
          "w": 0.9987010359764099,
          "x": -0.04551924020051956,
          "y": -0.019662726670503616,
          "z": -0.011735759675502777
        },
        "scale": {
          "x": 1.0,
          "y": 1.0,
          "z": 1.0
        },
        "matrix_basis": [
          [
            0.9989513158798218,
            0.025231095030903816,
            -0.03820596635341644,
            0.0
          ],
          [
            -0.02165096625685692,
            0.9955805540084839,
            0.09138173609972,
            0.0
          ],
          [
            0.040342777967453,
            -0.0904587134718895,
            0.9950827360153198,
            0.0
          ],
          [
            0.0,
            0.0,
            0.0,
            1.0
          ]
        ],
        "rotation_mode": "QUATERNION"
      },
      "armature_space": {
        "head": {
          "x": 0.20089219510555267,
          "y": -0.4411448538303375,
          "z": 0.6715532541275024
        },
        "tail": {
          "x": 0.17479175329208374,
          "y": -0.48246118426322937,
          "z": 0.6634715795516968
        }
      },
      "world_space": {
        "head": {
          "x": 0.20089219510555267,
          "y": -0.3779008388519287,
          "z": 1.6214072704315186
        },
        "tail": {
          "x": 0.17479175329208374,
          "y": -0.41921716928482056,
          "z": 1.613325595855713
        },
        "rotation_quaternion": {
          "w": 0.037630680948495865,
          "x": -0.9439476132392883,
          "y": 0.2855360209941864,
          "z": -0.16129480302333832
        },
        "matrix": [
          [
            0.7849060893058777,
            -0.5269231796264648,
            0.32599759101867676,
            0.20089219510555267
          ],
          [
            -0.551201343536377,
            -0.8341061472892761,
            -0.021069247275590897,
            -0.3779008388519287
          ],
          [
            0.2830199599266052,
            -0.1631547212600708,
            -0.9451424479484558,
            1.6214072704315186
          ],
          [
            0.0,
            0.0,
            0.0,
            1.0
          ]
        ]
      },
      "bone_length_armature_space": 0.04953368271018157,
      "parent": "lowerarm_l",
      "has_children": true,
      "is_end_bone": false
    },
    "thumb_01_l": {
      "name": "thumb_01_l",
      "local": {
        "location": {
          "x": 0.0,
          "y": 0.0,
          "z": 0.0
        },
        "rotation_quaternion": {
          "w": 0.9645676612854004,
          "x": 0.26358139514923096,
          "y": 0.010762014426290989,
          "z": -0.004293109755963087
        },
        "scale": {
          "x": 1.0,
          "y": 1.0,
          "z": 1.0
        },
        "matrix_basis": [
          [
            0.9997314810752869,
            0.013955323025584221,
            0.018498213961720467,
            0.0
          ],
          [
            -0.002608656184747815,
            0.8610128164291382,
            -0.5085765719413757,
            0.0
          ],
          [
            -0.023024549707770348,
            0.508391797542572,
            0.8608180284500122,
            0.0
          ],
          [
            0.0,
            0.0,
            0.0,
            1.0
          ]
        ],
        "rotation_mode": "QUATERNION"
      },
      "armature_space": {
        "head": {
          "x": 0.17479175329208374,
          "y": -0.48246118426322937,
          "z": 0.6634715795516968
        },
        "tail": {
          "x": 0.1818191260099411,
          "y": -0.5080955624580383,
          "z": 0.6422083377838135
        }
      },
      "world_space": {
        "head": {
          "x": 0.17479175329208374,
          "y": -0.41921716928482056,
          "z": 1.613325595855713
        },
        "tail": {
          "x": 0.1818191260099411,
          "y": -0.4448515772819519,
          "z": 1.5920623540878296
        },
        "rotation_quaternion": {
          "w": 0.2308705449104309,
          "x": -0.36265042424201965,
          "y": 0.26485809683799744,
          "z": -0.8631532788276672
        },
        "matrix": [
          [
            -0.6303667426109314,
            0.20645301043987274,
            0.74834144115448,
            0.17479175329208374
          ],
          [
            -0.5906553268432617,
            -0.7530983090400696,
            -0.2897743582725525,
            -0.41921716928482056
          ],
          [
            0.5037528872489929,
            -0.6246811151504517,
            0.5966746211051941,
            1.613325595855713
          ],
          [
            0.0,
            0.0,
            0.0,
            1.0
          ]
        ]
      },
      "bone_length_armature_space": 0.03403866586275291,
      "parent": "metacarpal_thumb_l",
      "has_children": true,
      "is_end_bone": false
    },
    "thumb_02_l": {
      "name": "thumb_02_l",
      "local": {
        "location": {
          "x": 0.0,
          "y": 0.0,
          "z": 0.0
        },
        "rotation_quaternion": {
          "w": 0.899941086769104,
          "x": 0.4358974099159241,
          "y": -0.009007417596876621,
          "z": -0.004298411309719086
        },
        "scale": {
          "x": 1.0,
          "y": 1.0,
          "z": 1.0
        },
        "matrix_basis": [
          [
            0.9998008012771606,
            -0.00011598611308727413,
            -0.019959622994065285,
            0.0
          ],
          [
            -0.015589253976941109,
            0.6199499368667603,
            -0.7844865322113037,
            0.0
          ],
          [
            0.012464957311749458,
            0.7846413850784302,
            0.6198246479034424,
            0.0
          ],
          [
            0.0,
            0.0,
            0.0,
            1.0
          ]
        ],
        "rotation_mode": "QUATERNION"
      },
      "armature_space": {
        "head": {
          "x": 0.1818191111087799,
          "y": -0.5080955624580383,
          "z": 0.6422083377838135
        },
        "tail": {
          "x": 0.18449579179286957,
          "y": -0.5192266702651978,
          "z": 0.680706799030304
        }
      },
      "world_space": {
        "head": {
          "x": 0.1818191111087799,
          "y": -0.4448515772819519,
          "z": 1.5920623540878296
        },
        "tail": {
          "x": 0.18449579179286957,
          "y": -0.45598268508911133,
          "z": 1.6305608749389648
        },
        "rotation_quaternion": {
          "w": 0.06401802599430084,
          "x": 0.02977747842669487,
          "y": -0.5977725982666016,
          "z": -0.798550546169281
        },
        "matrix": [
          [
            -0.9900299906730652,
            0.06664308905601501,
            -0.12409436702728271,
            0.1818191111087799
          ],
          [
            -0.13784381747245789,
            -0.2771388292312622,
            0.9508907198905945,
            -0.4448515772819519
          ],
          [
            0.02897898107767105,
            0.9585223197937012,
            0.283564954996109,
            1.5920623540878296
          ],
          [
            0.0,
            0.0,
            0.0,
            1.0
          ]
        ]
      },
      "bone_length_armature_space": 0.040164632649500466,
      "parent": "thumb_01_l",
      "has_children": true,
      "is_end_bone": false
    },
    "thumb_03_l": {
      "name": "thumb_03_l",
      "local": {
        "location": {
          "x": 0.0,
          "y": 0.0,
          "z": 0.0
        },
        "rotation_quaternion": {
          "w": 0.9928501844406128,
          "x": 0.11917294561862946,
          "y": -0.006562407594174147,
          "z": -0.001791565795429051
        },
        "scale": {
          "x": 1.0,
          "y": 1.0,
          "z": 1.0
        },
        "matrix_basis": [
          [
            0.9999074339866638,
            0.0019933900330215693,
            -0.01345798745751381,
            0.0
          ],
          [
            -0.005121635738760233,
            0.971589207649231,
            -0.2366182506084442,
            0.0
          ],
          [
            0.012603962793946266,
            0.236665278673172,
            0.9715095162391663,
            0.0
          ],
          [
            0.0,
            0.0,
            0.0,
            1.0
          ]
        ],
        "rotation_mode": "QUATERNION"
      },
      "armature_space": {
        "head": {
          "x": 0.184495747089386,
          "y": -0.5192267298698425,
          "z": 0.680706799030304
        },
        "tail": {
          "x": 0.1863878071308136,
          "y": -0.5125861167907715,
          "z": 0.7103585600852966
        }
      },
      "world_space": {
        "head": {
          "x": 0.184495747089386,
          "y": -0.4559827446937561,
          "z": 1.6305608749389648
        },
        "tail": {
          "x": 0.1863878071308136,
          "y": -0.44934213161468506,
          "z": 1.660212516784668
        },
        "rotation_quaternion": {
          "w": 0.2323247790336609,
          "x": 0.14774289727210999,
          "y": -0.7450400590896606,
          "z": -0.6075463891029358
        },
        "matrix": [
          [
            -0.8483947515487671,
            0.06214713305234909,
            -0.5257034301757812,
            0.184495747089386
          ],
          [
            -0.502444326877594,
            0.21811947226524353,
            0.8366443514823914,
            -0.4559827446937561
          ],
          [
            0.16666187345981598,
            0.9739482998847961,
            -0.15382617712020874,
            1.6305608749389648
          ],
          [
            0.0,
            0.0,
            0.0,
            1.0
          ]
        ]
      },
      "bone_length_armature_space": 0.030445107719440177,
      "parent": "thumb_02_l",
      "has_children": false,
      "is_end_bone": true
    },
    "metacarpal_index_l": {
      "name": "metacarpal_index_l",
      "local": {
        "location": {
          "x": 0.0,
          "y": 0.0,
          "z": 0.0
        },
        "rotation_quaternion": {
          "w": 0.9999858140945435,
          "x": 0.004163120873272419,
          "y": 0.0004208215977996588,
          "z": 0.0032992479391396046
        },
        "scale": {
          "x": 1.0,
          "y": 1.0,
          "z": 1.0
        },
        "matrix_basis": [
          [
            0.9999778866767883,
            -0.0065948981791734695,
            0.0008691016118973494,
            0.0
          ],
          [
            0.006601905915886164,
            0.9999435544013977,
            -0.008323347195982933,
            0.0
          ],
          [
            -0.0008141609141603112,
            0.008328900672495365,
            0.9999650120735168,
            0.0
          ],
          [
            0.0,
            0.0,
            0.0,
            1.0
          ]
        ],
        "rotation_mode": "QUATERNION"
      },
      "armature_space": {
        "head": {
          "x": 0.20089219510555267,
          "y": -0.4411448538303375,
          "z": 0.6715532541275024
        },
        "tail": {
          "x": 0.16480177640914917,
          "y": -0.552608072757721,
          "z": 0.6699250340461731
        }
      },
      "world_space": {
        "head": {
          "x": 0.20089219510555267,
          "y": -0.3779008388519287,
          "z": 1.6214072704315186
        },
        "tail": {
          "x": 0.16480177640914917,
          "y": -0.4893640875816345,
          "z": 1.619779109954834
        },
        "rotation_quaternion": {
          "w": 0.024456411600112915,
          "x": -0.98152756690979,
          "y": 0.15414775907993317,
          "z": 0.11065315455198288
        },
        "matrix": [
          [
            0.9279887080192566,
            -0.30801305174827576,
            -0.20967824757099152,
            0.20089219510555267
          ],
          [
            -0.2971882224082947,
            -0.9512808322906494,
            0.08212290704250336,
            -0.3779008388519287
          ],
          [
            -0.22475968301296234,
            -0.013896208256483078,
            -0.9743223786354065,
            1.6214072704315186
          ],
          [
            0.0,
            0.0,
            0.0,
            1.0
          ]
        ]
      },
      "bone_length_armature_space": 0.11717174731179172,
      "parent": "lowerarm_l",
      "has_children": true,
      "is_end_bone": false
    },
    "index_01_l": {
      "name": "index_01_l",
      "local": {
        "location": {
          "x": 0.0,
          "y": 0.0,
          "z": 0.0
        },
        "rotation_quaternion": {
          "w": 0.9325014352798462,
          "x": 0.36101141571998596,
          "y": -0.004972656257450581,
          "z": 0.009336675517261028
        },
        "scale": {
          "x": 1.0,
          "y": 1.0,
          "z": 1.0
        },
        "matrix_basis": [
          [
            0.9997761845588684,
            -0.021003298461437225,
            -0.0025327252224087715,
            0.0
          ],
          [
            0.013822555541992188,
            0.7391671538352966,
            -0.6733801960945129,
            0.0
          ],
          [
            0.0160153117030859,
            0.6731944680213928,
            0.7392920851707458,
            0.0
          ],
          [
            0.0,
            0.0,
            0.0,
            1.0
          ]
        ],
        "rotation_mode": "QUATERNION"
      },
      "armature_space": {
        "head": {
          "x": 0.16480177640914917,
          "y": -0.552608072757721,
          "z": 0.6699250340461731
        },
        "tail": {
          "x": 0.16179491579532623,
          "y": -0.5746309757232666,
          "z": 0.65206378698349
        }
      },
      "world_space": {
        "head": {
          "x": 0.16480177640914917,
          "y": -0.4893640875816345,
          "z": 1.619779109954834
        },
        "tail": {
          "x": 0.16179491579532623,
          "y": -0.5113869905471802,
          "z": 1.6019177436828613
        },
        "rotation_quaternion": {
          "w": 0.3368939757347107,
          "x": -0.9353776574134827,
          "y": 0.01818217895925045,
          "z": 0.10602155327796936
        },
        "matrix": [
          [
            0.9768577814102173,
            -0.10545051842927933,
            -0.18608900904655457,
            0.16480177640914917
          ],
          [
            0.03742137551307678,
            -0.7723442316055298,
            0.634101152420044,
            -0.4893640875816345
          ],
          [
            -0.21059250831604004,
            -0.6263954043388367,
            -0.7505289912223816,
            1.619779109954834
          ],
          [
            0.0,
            0.0,
            0.0,
            1.0
          ]
        ]
      },
      "bone_length_armature_space": 0.028514445694144953,
      "parent": "metacarpal_index_l",
      "has_children": true,
      "is_end_bone": false
    },
    "index_02_l": {
      "name": "index_02_l",
      "local": {
        "location": {
          "x": 0.0,
          "y": 0.0,
          "z": 0.0
        },
        "rotation_quaternion": {
          "w": 0.9045823812484741,
          "x": 0.4261217415332794,
          "y": 0.005035542882978916,
          "z": 0.011211911216378212
        },
        "scale": {
          "x": 1.0,
          "y": 1.0,
          "z": 1.0
        },
        "matrix_basis": [
          [
            0.9996978640556335,
            -0.01599268615245819,
            0.018665404990315437,
            0.0
          ],
          [
            0.024575702846050262,
            0.6365891098976135,
            -0.7708114981651306,
            0.0
          ],
          [
            0.00044515152694657445,
            0.7710373401641846,
            0.6367897987365723,
            0.0
          ],
          [
            0.0,
            0.0,
            0.0,
            1.0
          ]
        ],
        "rotation_mode": "QUATERNION"
      },
      "armature_space": {
        "head": {
          "x": 0.16179458796977997,
          "y": -0.5746310949325562,
          "z": 0.6520633101463318
        },
        "tail": {
          "x": 0.1552795171737671,
          "y": -0.5757092237472534,
          "z": 0.6272743940353394
        }
      },
      "world_space": {
        "head": {
          "x": 0.16179458796977997,
          "y": -0.5113871097564697,
          "z": 1.6019172668457031
        },
        "tail": {
          "x": 0.1552795171737671,
          "y": -0.512465238571167,
          "z": 1.5771284103393555
        },
        "rotation_quaternion": {
          "w": 0.6894494891166687,
          "x": -0.7114501595497131,
          "y": 0.0603860579431057,
          "z": 0.12186770141124725
        },
        "matrix": [
          [
            0.9630037546157837,
            -0.25396662950515747,
            -0.09013773500919342,
            0.16179458796977997
          ],
          [
            0.08211828023195267,
            -0.042026638984680176,
            0.9957362413406372,
            -0.5113871097564697
          ],
          [
            -0.256673663854599,
            -0.9663063287734985,
            -0.01961579918861389,
            1.6019172668457031
          ],
          [
            0.0,
            0.0,
            0.0,
            1.0
          ]
        ]
      },
      "bone_length_armature_space": 0.0256534377539979,
      "parent": "index_01_l",
      "has_children": true,
      "is_end_bone": false
    },
    "index_03_l": {
      "name": "index_03_l",
      "local": {
        "location": {
          "x": 0.0,
          "y": 0.0,
          "z": 0.0
        },
        "rotation_quaternion": {
          "w": 0.9219595193862915,
          "x": 0.3872831165790558,
          "y": 9.503285400569439e-05,
          "z": -0.0015990881947800517
        },
        "scale": {
          "x": 1.0,
          "y": 1.0,
          "z": 1.0
        },
        "matrix_basis": [
          [
            0.9999948740005493,
            0.0030221983324736357,
            -0.001063366886228323,
            0.0
          ],
          [
            -0.002874979982152581,
            0.7000184655189514,
            -0.714119017124176,
            0.0
          ],
          [
            -0.00141383265145123,
            0.7141184210777283,
            0.7000235319137573,
            0.0
          ],
          [
            0.0,
            0.0,
            0.0,
            1.0
          ]
        ],
        "rotation_mode": "QUATERNION"
      },
      "armature_space": {
        "head": {
          "x": 0.1552795022726059,
          "y": -0.575709342956543,
          "z": 0.6272743940353394
        },
        "tail": {
          "x": 0.15181808173656464,
          "y": -0.5537806749343872,
          "z": 0.6082773208618164
        }
      },
      "world_space": {
        "head": {
          "x": 0.1552795022726059,
          "y": -0.5124653577804565,
          "z": 1.5771284103393555
        },
        "tail": {
          "x": 0.15181808173656464,
          "y": -0.4905366897583008,
          "z": 1.5581313371658325
        },
        "rotation_quaternion": {
          "w": 0.9322912096977234,
          "x": -0.3515467047691345,
          "y": 0.0779990553855896,
          "z": 0.034123070538043976
        },
        "matrix": [
          [
            0.9855035543441772,
            -0.118465855717659,
            0.12144356966018677,
            0.1552795022726059
          ],
          [
            0.008784973062574863,
            0.7505009174346924,
            0.660811185836792,
            -0.5124653577804565
          ],
          [
            -0.1694282591342926,
            -0.6501688361167908,
            0.7406678199768066,
            1.5771284103393555
          ],
          [
            0.0,
            0.0,
            0.0,
            1.0
          ]
        ]
      },
      "bone_length_armature_space": 0.02921877269029613,
      "parent": "index_02_l",
      "has_children": false,
      "is_end_bone": true
    },
    "metacarpal_pinky_l": {
      "name": "metacarpal_pinky_l",
      "local": {
        "location": {
          "x": 0.0,
          "y": 0.0,
          "z": 0.0
        },
        "rotation_quaternion": {
          "w": 0.9977426528930664,
          "x": -0.06619000434875488,
          "y": 0.004707139916718006,
          "z": -0.010314518585801125
        },
        "scale": {
          "x": 1.0,
          "y": 1.0,
          "z": 1.0
        },
        "matrix_basis": [
          [
            0.9997429251670837,
            0.0199593398720026,
            0.010758464224636555,
            0.0
          ],
          [
            -0.02120560221374035,
            0.9910249710083008,
            0.13198406994342804,
            0.0
          ],
          [
            -0.008027592673897743,
            -0.13217829167842865,
            0.9911934733390808,
            0.0
          ],
          [
            0.0,
            0.0,
            0.0,
            1.0
          ]
        ],
        "rotation_mode": "QUATERNION"
      },
      "armature_space": {
        "head": {
          "x": 0.20089219510555267,
          "y": -0.4411448538303375,
          "z": 0.6715532541275024
        },
        "tail": {
          "x": 0.2333623617887497,
          "y": -0.5391311049461365,
          "z": 0.685249924659729
        }
      },
      "world_space": {
        "head": {
          "x": 0.20089219510555267,
          "y": -0.3779008388519287,
          "z": 1.6214072704315186
        },
        "tail": {
          "x": 0.2333623617887497,
          "y": -0.47588711977005005,
          "z": 1.6351039409637451
        },
        "rotation_quaternion": {
          "w": 0.1709081381559372,
          "x": 0.2903306782245636,
          "y": -0.01715227961540222,
          "z": -0.9413842558860779
        },
        "matrix": [
          [
            -0.7729970812797546,
            0.3118211328983307,
            -0.5524883270263672,
            0.20089219510555267
          ],
          [
            -0.33174052834510803,
            -0.9409922957420349,
            -0.06694630533456802,
            -0.3779008388519287
          ],
          [
            -0.5407665371894836,
            0.13153351843357086,
            0.8308337330818176,
            1.6214072704315186
          ],
          [
            0.0,
            0.0,
            0.0,
            1.0
          ]
        ]
      },
      "bone_length_armature_space": 0.10413076285221198,
      "parent": "lowerarm_l",
      "has_children": true,
      "is_end_bone": false
    },
    "pinky_01_l": {
      "name": "pinky_01_l",
      "local": {
        "location": {
          "x": 0.0,
          "y": 0.0,
          "z": 0.0
        },
        "rotation_quaternion": {
          "w": 0.9276245832443237,
          "x": 0.37296295166015625,
          "y": 0.0011194897815585136,
          "z": 0.020248912274837494
        },
        "scale": {
          "x": 1.0,
          "y": 1.0,
          "z": 1.0
        },
        "matrix_basis": [
          [
            0.9991774559020996,
            -0.036731719970703125,
            0.017181120812892914,
            0.0
          ],
          [
            0.03840183466672897,
            0.720977246761322,
            -0.6918938755989075,
            0.0
          ],
          [
            0.013027255423367023,
            0.6919845342636108,
            0.7217947840690613,
            0.0
          ],
          [
            0.0,
            0.0,
            0.0,
            1.0
          ]
        ],
        "rotation_mode": "QUATERNION"
      },
      "armature_space": {
        "head": {
          "x": 0.2333623617887497,
          "y": -0.5391311049461365,
          "z": 0.685249924659729
        },
        "tail": {
          "x": 0.23736651241779327,
