{
  "metadata": {
    "armature_name": "KIM_caucasian_male",
    "export_time": "2026-01-13T21:12:39.376084",
    "blender_version": "4.4.1",
    "bone_count": 56,
    "end_bone_count": 13,
    "spaces_included": [
      "LOCAL_CHANNELS",
      "ARMATURE_SPACE",
      "WORLD_SPACE"
    ],
    "note": "LOCAL matches Transform panel; replay pose via local.matrix_basis for best fidelity."
  },
  "bones": {
    "Root": {
      "name": "Root",
      "local": {
        "location": {
          "x": 0.0,
          "y": 0.0,
          "z": 0.0
        },
        "rotation_quaternion": {
          "w": 0.9998944997787476,
          "x": -0.013729642145335674,
          "y": 0.003915871027857065,
          "z": 0.0027034564409404993
        },
        "scale": {
          "x": 1.0,
          "y": 1.0,
          "z": 1.0
        },
        "matrix_basis": [
          [
            0.9999547004699707,
            -0.005513869691640139,
            0.007756680715829134,
            0.0
          ],
          [
            0.005298815667629242,
            0.9996083974838257,
            0.027477560564875603,
            0.0
          ],
          [
            -0.007905150763690472,
            -0.027435215190052986,
            0.9995923042297363,
            0.0
          ],
          [
            0.0,
            0.0,
            0.0,
            1.0
          ]
        ],
        "rotation_mode": "QUATERNION"
      },
      "armature_space": {
        "head": {
          "x": 0.0,
          "y": 0.07072800397872925,
          "z": -0.009595036506652832
        },
        "tail": {
          "x": -0.00039355724584311247,
          "y": 0.00029093772172927856,
          "z": 0.0019366936758160591
        }
      },
      "world_space": {
        "head": {
          "x": 0.0,
          "y": 0.13397200405597687,
          "z": 0.9402589797973633
        },
        "tail": {
          "x": -0.00039355724584311247,
          "y": 0.0635349377989769,
          "z": 0.9517906904220581
        },
        "rotation_quaternion": {
          "w": 0.08105898648500443,
          "x": 0.9966979622840881,
          "y": -0.0024335109628736973,
          "z": 0.004089102149009705
        },
        "matrix": [
          [
            0.9999547004699707,
            -0.005513869691640139,
            0.007756680715829134,
            0.0
          ],
          [
            -0.004188032355159521,
            -0.9868470430374146,
            -0.16160303354263306,
            0.13397200405597687
          ],
          [
            0.00854577124118805,
            0.1615634262561798,
            -0.9868323802947998,
            0.9402589797973633
          ],
          [
            0.0,
            0.0,
            0.0,
            1.0
          ]
        ]
      },
      "bone_length_armature_space": 0.07137587797567728,
      "parent": null,
      "has_children": true,
      "is_end_bone": false
    },
    "spine_01": {
      "name": "spine_01",
      "local": {
        "location": {
          "x": 0.0,
          "y": 0.0,
          "z": 0.0
        },
        "rotation_quaternion": {
          "w": 0.9961602687835693,
          "x": -0.06038941442966461,
          "y": -0.028961675241589546,
          "z": 0.056384652853012085
        },
        "scale": {
          "x": 1.0,
          "y": 1.0,
          "z": 1.0
        },
        "matrix_basis": [
          [
            0.9919639825820923,
            -0.10883834213018417,
            -0.0645110160112381,
            0.0
          ],
          [
            0.11583425849676132,
            0.9863477945327759,
            0.11704908311367035,
            0.0
          ],
          [
            0.05089086666703224,
            -0.12358105927705765,
            0.9910286664962769,
            0.0
          ],
          [
            0.0,
            0.0,
            0.0,
            1.0
          ]
        ],
        "rotation_mode": "QUATERNION"
      },
      "armature_space": {
        "head": {
          "x": -0.00039355724584311247,
          "y": 0.00029093772172927856,
          "z": 0.0019366936758160591
        },
        "tail": {
          "x": -0.057166896760463715,
          "y": 0.09635282307863235,
          "z": 0.47701284289360046
        }
      },
      "world_space": {
        "head": {
          "x": -0.00039355724584311247,
          "y": 0.0635349377989769,
          "z": 0.9517906904220581
        },
        "tail": {
          "x": -0.057166896760463715,
          "y": 0.15959683060646057,
          "z": 1.426866888999939
        },
        "rotation_quaternion": {
          "w": 0.7709090113639832,
          "x": 0.6332936882972717,
          "y": -0.0642092153429985,
          "z": 0.02270822785794735
        },
        "matrix": [
          [
            0.9907230734825134,
            -0.11633851379156113,
            -0.07023625820875168,
            -0.00039355724584311247
          ],
          [
            -0.04631383717060089,
            0.19684763252735138,
            -0.9793397188186646,
            0.0635349377989769
          ],
          [
            0.1277616173028946,
            0.973514199256897,
            0.1896338164806366,
            0.9517906904220581
          ],
          [
            0.0,
            0.0,
            0.0,
            1.0
          ]
        ]
      },
      "bone_length_armature_space": 0.48800454548696626,
      "parent": "Root",
      "has_children": true,
      "is_end_bone": false
    },
    "neck_01": {
      "name": "neck_01",
      "local": {
        "location": {
          "x": 0.0,
          "y": 0.0,
          "z": 0.0
        },
        "rotation_quaternion": {
          "w": 0.9848746061325073,
          "x": 0.00485460227355361,
          "y": 0.10172716528177261,
          "z": 0.14017917215824127
        },
        "scale": {
          "x": 1.0,
          "y": 1.0,
          "z": 1.0
        },
        "matrix_basis": [
          [
            0.9400027394294739,
            -0.27513012290000916,
            0.20173802971839905,
            0.0
          ],
          [
            0.27710551023483276,
            0.9606524705886841,
            0.01895770989358425,
            0.0
          ],
          [
            -0.19901597499847412,
            0.03808240965008736,
            0.9792560338973999,
            0.0
          ],
          [
            0.0,
            0.0,
            0.0,
            1.0
          ]
        ],
        "rotation_mode": "QUATERNION"
      },
      "armature_space": {
        "head": {
          "x": -0.06812084466218948,
          "y": 0.07680176943540573,
          "z": 0.5548686385154724
        },
        "tail": {
          "x": -0.10937943309545517,
          "y": 0.05561884492635727,
          "z": 0.6463003158569336
        }
      },
      "world_space": {
        "head": {
          "x": -0.06812084466218948,
          "y": 0.14004576206207275,
          "z": 1.5047225952148438
        },
        "tail": {
          "x": -0.10937943309545517,
          "y": 0.11886284500360489,
          "z": 1.5961543321609497
        },
        "rotation_quaternion": {
          "w": 0.6215766072273254,
          "x": 0.7502649426460266,
          "y": -0.10165092349052429,
          "z": 0.20102810859680176
        },
        "matrix": [
          [
            0.8985099792480469,
            -0.40243902802467346,
            0.1752791553735733,
            -0.06812084466218948
          ],
          [
            0.09737639129161835,
            -0.20661966502666473,
            -0.9735639095306396,
            0.14004576206207275
          ],
          [
            0.4280191659927368,
            0.891830563545227,
            -0.14646363258361816,
            1.5047225952148438
          ],
          [
            0.0,
            0.0,
            0.0,
            1.0
          ]
        ]
      },
      "bone_length_armature_space": 0.1025218957768039,
      "parent": "spine_01",
      "has_children": true,
      "is_end_bone": false
    },
    "head": {
      "name": "head",
      "local": {
        "location": {
          "x": 0.0,
          "y": 0.0,
          "z": 0.0
        },
        "rotation_quaternion": {
          "w": 0.9784456491470337,
          "x": -0.12218833714723587,
          "y": -0.030176347121596336,
          "z": -0.16371789574623108
        },
        "scale": {
          "x": 1.0,
          "y": 1.0,
          "z": 1.0
        },
        "matrix_basis": [
          [
            0.9445716738700867,
            0.3277525305747986,
            -0.01904299668967724,
            0.0
          ],
          [
            -0.3130037188529968,
            0.9165329337120056,
            0.24899010360240936,
            0.0
          ],
          [
            0.09906066954135895,
            -0.22922848165035248,
            0.9683188199996948,
            0.0
          ],
          [
            0.0,
            0.0,
            0.0,
            1.0
          ]
        ],
        "rotation_mode": "QUATERNION"
      },
      "armature_space": {
        "head": {
          "x": -0.1093793734908104,
          "y": 0.055618710815906525,
          "z": 0.6463002562522888
        },
        "tail": {
          "x": -0.12668369710445404,
          "y": 0.1179940328001976,
          "z": 0.7872369289398193
        }
      },
      "world_space": {
        "head": {
          "x": -0.1093793734908104,
          "y": 0.11886271089315414,
          "z": 1.5961542129516602
        },
        "tail": {
          "x": -0.12668369710445404,
          "y": 0.18123802542686462,
          "z": 1.7370909452438354
        },
        "rotation_quaternion": {
          "w": 0.833715558052063,
          "x": 0.5464867353439331,
          "y": -0.07753549516201019,
          "z": 0.016091547906398773
        },
        "matrix": [
          [
            0.9874587655067444,
            -0.11157582700252533,
            -0.11169688403606415,
            -0.1093793734908104
          ],
          [
            -0.05791207030415535,
            0.4021873474121094,
            -0.9137243032455444,
            0.11886271089315414
          ],
          [
            0.14687345921993256,
            0.9087400436401367,
            0.39068353176116943,
            1.5961542129516602
          ],
          [
            0.0,
            0.0,
            0.0,
            1.0
          ]
        ]
      },
      "bone_length_armature_space": 0.15509115349883443,
      "parent": "neck_01",
      "has_children": false,
      "is_end_bone": true
    },
    "upperarm_l": {
      "name": "upperarm_l",
      "local": {
        "location": {
          "x": 0.0,
          "y": 0.0,
          "z": 0.0
        },
        "rotation_quaternion": {
          "w": 0.9063209295272827,
          "x": 0.37549689412117004,
          "y": 0.16680669784545898,
          "z": 0.09879252314567566
        },
        "scale": {
          "x": 1.0,
          "y": 1.0,
          "z": 1.0
        },
        "matrix_basis": [
          [
            0.9248311519622803,
            -0.0538046695291996,
            0.37655338644981384,
            0.0
          ],
          [
            0.3043462634086609,
            0.6984842419624329,
            -0.6476829051971436,
            0.0
          ],
          [
            -0.22816823422908783,
            0.7135999202728271,
            0.6623552441596985,
            0.0
          ],
          [
            0.0,
            0.0,
            0.0,
            1.0
          ]
        ],
        "rotation_mode": "QUATERNION"
      },
      "armature_space": {
        "head": {
          "x": 0.08808246999979019,
          "y": 0.05350176990032196,
          "z": 0.509209930896759
        },
        "tail": {
          "x": 0.2673981189727783,
          "y": -0.1346566528081894,
          "z": 0.5744017362594604
        }
      },
      "world_space": {
        "head": {
          "x": 0.08808246999979019,
          "y": 0.11674576997756958,
          "z": 1.45906400680542
        },
        "tail": {
          "x": 0.2673981189727783,
          "y": -0.07141265273094177,
          "z": 1.5242557525634766
        },
        "rotation_quaternion": {
          "w": 0.3061688244342804,
          "x": 0.7778521776199341,
          "y": 0.23490174114704132,
          "z": -0.4960120618343353
        },
        "matrix": [
          [
            0.39758652448654175,
            0.6691645979881287,
            -0.6278087496757507,
            0.08808246999979019
          ],
          [
            0.06171134114265442,
            -0.7021637558937073,
            -0.7093364596366882,
            0.11674576997756958
          ],
          [
            -0.9154934883117676,
            0.24328066408634186,
            -0.3204686641693115,
            1.45906400680542
          ],
          [
            0.0,
            0.0,
            0.0,
            1.0
          ]
        ]
      },
      "bone_length_armature_space": 0.26796952739636176,
      "parent": "spine_01",
      "has_children": true,
      "is_end_bone": false
    },
    "lowerarm_l": {
      "name": "lowerarm_l",
      "local": {
        "location": {
          "x": 0.0,
          "y": 0.0,
          "z": 0.0
        },
        "rotation_quaternion": {
          "w": 0.9834762811660767,
          "x": 0.10693014413118362,
          "y": 0.025493819266557693,
          "z": 0.14384151995182037
        },
        "scale": {
          "x": 1.0,
          "y": 1.0,
          "z": 1.0
        },
        "matrix_basis": [
          [
            0.9573193788528442,
            -0.27747732400894165,
            0.08090712130069733,
            0.0
          ],
          [
            0.28838157653808594,
            0.9357511401176453,
            -0.20299237966537476,
            0.0
          ],
          [
            -0.01938314363360405,
            0.21766066551208496,
            0.9758320450782776,
            0.0
          ],
          [
            0.0,
            0.0,
            0.0,
            1.0
          ]
        ],
        "rotation_mode": "QUATERNION"
      },
      "armature_space": {
        "head": {
          "x": 0.2673981189727783,
          "y": -0.13465675711631775,
          "z": 0.57440185546875
        },
        "tail": {
          "x": 0.3390697240829468,
          "y": -0.3605501055717468,
          "z": 0.6985183358192444
        }
      },
      "world_space": {
        "head": {
          "x": 0.2673981189727783,
          "y": -0.07141275703907013,
          "z": 1.5242558717727661
        },
        "tail": {
          "x": 0.3390697240829468,
          "y": -0.2973061203956604,
          "z": 1.6483724117279053
        },
        "rotation_quaternion": {
          "w": 0.2788659334182739,
          "x": 0.820197582244873,
          "y": -0.006498889997601509,
          "z": -0.49946725368499756
        },
        "matrix": [
          [
            0.5009810328483582,
            0.2679067850112915,
            -0.8229483366012573,
            0.2673981189727783
          ],
          [
            -0.2892293632030487,
            -0.8443838357925415,
            -0.45095765590667725,
            -0.07141275703907013
          ],
          [
            -0.8157047033309937,
            0.46394437551498413,
            -0.3455364406108856,
            1.5242558717727661
          ],
          [
            0.0,
            0.0,
            0.0,
            1.0
          ]
        ]
      },
      "bone_length_armature_space": 0.26752481051249943,
      "parent": "upperarm_l",
      "has_children": true,
      "is_end_bone": false
    },
    "metacarpal_thumb_l": {
      "name": "metacarpal_thumb_l",
      "local": {
        "location": {
          "x": 0.0,
          "y": 0.0,
          "z": 0.0
        },
        "rotation_quaternion": {
          "w": 0.9986085295677185,
          "x": -0.05148439109325409,
          "y": -0.01133565790951252,
          "z": -0.0013904363149777055
        },
        "scale": {
          "x": 1.0,
          "y": 1.0,
          "z": 1.0
        },
        "matrix_basis": [
          [
            0.9997391104698181,
            0.003944221884012222,
            -0.022496597841382027,
            0.0
          ],
          [
            -0.0016097842017188668,
            0.9946948289871216,
            0.10285702347755432,
            0.0
          ],
          [
            0.022782940417528152,
            -0.10279398411512375,
            0.9944417476654053,
            0.0
          ],
          [
            0.0,
            0.0,
            0.0,
            1.0
          ]
        ],
        "rotation_mode": "QUATERNION"
      },
      "armature_space": {
        "head": {
          "x": 0.3390697240829468,
          "y": -0.3605501055717468,
          "z": 0.6985183358192444
        },
        "tail": {
          "x": 0.32783737778663635,
          "y": -0.4085130989551544,
          "z": 0.7037115693092346
        }
      },
      "world_space": {
        "head": {
          "x": 0.3390697240829468,
          "y": -0.2973061203956604,
          "z": 1.6483724117279053
        },
        "tail": {
          "x": 0.32783737778663635,
          "y": -0.3452690839767456,
          "z": 1.6535656452178955
        },
        "rotation_quaternion": {
          "w": 0.078739233314991,
          "x": 0.963016927242279,
          "y": -0.09825804829597473,
          "z": 0.23821020126342773
        },
        "matrix": [
          [
            0.8672024607658386,
            -0.2267616093158722,
            0.4433272182941437,
            0.3390697240829468
          ],
          [
            -0.15173517167568207,
            -0.9682909846305847,
            -0.1984671801328659,
            -0.2973061203956604
          ],
          [
            0.474277526140213,
            0.10484270751476288,
            -0.8741182684898376,
            1.6483724117279053
          ],
          [
            0.0,
            0.0,
            0.0,
            1.0
          ]
        ]
      },
      "bone_length_armature_space": 0.04953366521201554,
      "parent": "lowerarm_l",
      "has_children": true,
      "is_end_bone": false
    },
    "thumb_01_l": {
      "name": "thumb_01_l",
      "local": {
        "location": {
          "x": 0.0,
          "y": 0.0,
          "z": 0.0
        },
        "rotation_quaternion": {
          "w": 0.9997377395629883,
          "x": -0.005325451958924532,
          "y": -0.02105485275387764,
          "z": 0.007269860245287418
        },
        "scale": {
          "x": 1.0,
          "y": 1.0,
          "z": 1.0
        },
        "matrix_basis": [
          [
            0.9990077018737793,
            -0.0143116544932127,
            -0.04217609390616417,
            0.0
          ],
          [
            0.014760160818696022,
            0.9998375773429871,
            0.010341978631913662,
            0.0
          ],
          [
            0.04202122986316681,
            -0.010954242199659348,
            0.9990566372871399,
            0.0
          ],
          [
            0.0,
            0.0,
            0.0,
            1.0
          ]
        ],
        "rotation_mode": "QUATERNION"
      },
      "armature_space": {
        "head": {
          "x": 0.32783737778663635,
          "y": -0.4085130989551544,
          "z": 0.7037115693092346
        },
        "tail": {
          "x": 0.33025458455085754,
          "y": -0.43426889181137085,
          "z": 0.6815885305404663
        }
      },
      "world_space": {
        "head": {
          "x": 0.32783737778663635,
          "y": -0.3452690839767456,
          "z": 1.6535656452178955
        },
        "tail": {
          "x": 0.33025458455085754,
          "y": -0.3710249066352844,
          "z": 1.6314425468444824
        },
        "rotation_quaternion": {
          "w": 0.21348099410533905,
          "x": -0.48969483375549316,
          "y": 0.2758512496948242,
          "z": -0.7990813255310059
        },
        "matrix": [
          [
            -0.42925018072128296,
            0.07101370394229889,
            0.900389552116394,
            0.32783737778663635
          ],
          [
            -0.6113432049751282,
            -0.7566645741462708,
            -0.2317724972963333,
            -0.3452690839767456
          ],
          [
            0.6648377776145935,
            -0.6499406099319458,
            0.3682144284248352,
            1.6535656452178955
          ],
          [
            0.0,
            0.0,
            0.0,
            1.0
          ]
        ]
      },
      "bone_length_armature_space": 0.034038693170028,
      "parent": "metacarpal_thumb_l",
      "has_children": true,
      "is_end_bone": false
    },
    "thumb_02_l": {
      "name": "thumb_02_l",
      "local": {
        "location": {
          "x": 0.0,
          "y": 0.0,
          "z": 0.0
        },
        "rotation_quaternion": {
          "w": 0.9956619739532471,
          "x": 0.09243714809417725,
          "y": 0.00828676950186491,
          "z": 0.006629820913076401
        },
        "scale": {
          "x": 1.0,
          "y": 1.0,
          "z": 1.0
        },
        "matrix_basis": [
          [
            0.9997747540473938,
            -0.011670110747218132,
            0.017727326601743698,
            0.0
          ],
          [
            0.014734132215380669,
            0.982822835445404,
            -0.18396243453025818,
            0.0
          ],
          [
            -0.015275958925485611,
            0.18418218195438385,
            0.9827734231948853,
            0.0
          ],
          [
            0.0,
            0.0,
            0.0,
            1.0
          ]
        ],
        "rotation_mode": "QUATERNION"
      },
      "armature_space": {
        "head": {
          "x": 0.33025455474853516,
          "y": -0.43426886200904846,
          "z": 0.6815885305404663
        },
        "tail": {
          "x": 0.3442498445510864,
          "y": -0.4666194021701813,
          "z": 0.7008435726165771
        }
      },
      "world_space": {
        "head": {
          "x": 0.33025455474853516,
          "y": -0.37102484703063965,
          "z": 1.6314425468444824
        },
        "tail": {
          "x": 0.3442498445510864,
          "y": -0.40337538719177246,
          "z": 1.6506975889205933
        },
        "rotation_quaternion": {
          "w": 0.15321435034275055,
          "x": -0.10901283472776413,
          "y": -0.27165910601615906,
          "z": -0.943844735622406
        },
        "matrix": [
          [
            -0.9292832016944885,
            0.3484498858451843,
            0.12253764271736145,
            0.33025455474853516
          ],
          [
            -0.22999291121959686,
            -0.8054531812667847,
            0.5462131500244141,
            -0.37102484703063965
          ],
          [
            0.28902795910835266,
            0.47940635681152344,
            0.8286412358283997,
            1.6314425468444824
          ],
          [
            0.0,
            0.0,
            0.0,
            1.0
          ]
        ]
      },
      "bone_length_armature_space": 0.04016443973770632,
      "parent": "thumb_01_l",
      "has_children": true,
      "is_end_bone": false
    },
    "thumb_03_l": {
      "name": "thumb_03_l",
      "local": {
        "location": {
          "x": 0.0,
          "y": 0.0,
          "z": 0.0
        },
        "rotation_quaternion": {
          "w": 0.9987874031066895,
          "x": 0.04864293709397316,
          "y": -0.007244615815579891,
          "z": -0.0022812122479081154
        },
        "scale": {
          "x": 1.0,
          "y": 1.0,
          "z": 1.0
        },
        "matrix_basis": [
          [
            0.9998846054077148,
            0.0038520933594554663,
            -0.014693591743707657,
            0.0
          ],
          [
            -0.005261690821498632,
            0.9952573180198669,
            -0.09713485091924667,
            0.0
          ],
          [
            0.014249732717871666,
            0.09720095992088318,
            0.9951627850532532,
            0.0
          ],
          [
            0.0,
            0.0,
            0.0,
            1.0
          ]
        ],
        "rotation_mode": "QUATERNION"
      },
      "armature_space": {
        "head": {
          "x": 0.34424978494644165,
          "y": -0.4666194021701813,
          "z": 0.7008435130119324
        },
        "tail": {
          "x": 0.3587855100631714,
          "y": -0.4825972020626068,
          "z": 0.7222985625267029
        }
      },
      "world_space": {
        "head": {
          "x": 0.34424978494644165,
          "y": -0.40337538719177246,
          "z": 1.6506974697113037
        },
        "tail": {
          "x": 0.3587855100631714,
          "y": -0.419353187084198,
          "z": 1.6721525192260742
        },
        "rotation_quaternion": {
          "w": 0.30431944131851196,
          "x": 0.06873689591884613,
          "y": -0.3807675838470459,
          "z": -0.8704487681388855
        },
        "matrix": [
          [
            -0.8053292632102966,
            0.47744354605674744,
            -0.3514149487018585,
            0.34424978494644165
          ],
          [
            -0.5821356773376465,
            -0.5248109102249146,
            0.6210410594940186,
            -0.40337538719177246
          ],
          [
            0.11208585649728775,
            0.7047179341316223,
            0.7005879282951355,
            1.6506974697113037
          ],
          [
            0.0,
            0.0,
            0.0,
            1.0
          ]
        ]
      },
      "bone_length_armature_space": 0.030444976037813282,
      "parent": "thumb_02_l",
      "has_children": false,
      "is_end_bone": true
    },
    "metacarpal_index_l": {
      "name": "metacarpal_index_l",
      "local": {
        "location": {
          "x": 0.0,
          "y": 0.0,
          "z": 0.0
        },
        "rotation_quaternion": {
          "w": 0.998477578163147,
          "x": -0.05187065899372101,
          "y": 0.010323947295546532,
          "z": -0.015665510669350624
        },
        "scale": {
          "x": 1.0,
          "y": 1.0,
          "z": 1.0
        },
        "matrix_basis": [
          [
            0.9992960095405579,
            0.03021230176091194,
            0.0222416203469038,
            0.0
          ],
          [
            -0.03235434368252754,
            0.9941280484199524,
            0.10325992107391357,
            0.0
          ],
          [
            -0.018991298973560333,
            -0.10390684008598328,
            0.9944056868553162,
            0.0
          ],
          [
            0.0,
            0.0,
            0.0,
            1.0
          ]
        ],
        "rotation_mode": "QUATERNION"
      },
      "armature_space": {
        "head": {
          "x": 0.3390697240829468,
          "y": -0.3605501055717468,
          "z": 0.6985183358192444
        },
        "tail": {
          "x": 0.3471836447715759,
          "y": -0.46821826696395874,
          "z": 0.744026243686676
        }
      },
      "world_space": {
        "head": {
          "x": 0.3390697240829468,
          "y": -0.2973061203956604,
          "z": 1.6483724117279053
        },
        "tail": {
          "x": 0.3471836447715759,
          "y": -0.4049742817878723,
          "z": 1.693880319595337
        },
        "rotation_quaternion": {
          "w": 0.19962860643863678,
          "x": 0.9785457253456116,
          "y": 0.02650381438434124,
          "z": -0.04352537542581558
        },
        "matrix": [
          [
            0.9948062300682068,
            0.06924808770418167,
            -0.0746011734008789,
            0.3390697240829468
          ],
          [
            0.03449272736907005,
            -0.918891966342926,
            -0.3929990231990814,
            -0.2973061203956604
          ],
          [
            -0.09576556086540222,
            0.38838642835617065,
            -0.9165145754814148,
            1.6483724117279053
          ],
          [
            0.0,
            0.0,
            0.0,
            1.0
          ]
        ]
      },
      "bone_length_armature_space": 0.11717183208903341,
      "parent": "lowerarm_l",
      "has_children": true,
      "is_end_bone": false
    },
    "index_01_l": {
      "name": "index_01_l",
      "local": {
        "location": {
          "x": 0.0,
          "y": 0.0,
          "z": 0.0
        },
        "rotation_quaternion": {
          "w": 0.9969489574432373,
          "x": -0.07777474075555801,
          "y": -0.006449148524552584,
          "z": -0.0015554205747321248
        },
        "scale": {
          "x": 1.0,
          "y": 1.0,
          "z": 1.0
        },
        "matrix_basis": [
          [
            0.9999119639396667,
            0.004104511346668005,
            -0.012616998516023159,
            0.0
          ],
          [
            -0.0020981880370527506,
            0.9878973364830017,
            0.1550949513912201,
            0.0
          ],
          [
            0.013100888580083847,
            -0.15505483746528625,
            0.9878190159797668,
            0.0
          ],
          [
            0.0,
            0.0,
            0.0,
            1.0
          ]
        ],
        "rotation_mode": "QUATERNION"
      },
      "armature_space": {
        "head": {
          "x": 0.3471836447715759,
          "y": -0.46821826696395874,
          "z": 0.744026243686676
        },
        "tail": {
          "x": 0.3590657114982605,
          "y": -0.48822206258773804,
          "z": 0.7605106830596924
        }
      },
      "world_space": {
        "head": {
          "x": 0.3471836447715759,
          "y": -0.4049742817878723,
          "z": 1.693880319595337
        },
        "tail": {
          "x": 0.3590657114982605,
          "y": -0.4249780774116516,
          "z": 1.7103646993637085
        },
        "rotation_quaternion": {
          "w": 0.32515162229537964,
          "x": 0.921017587184906,
          "y": 0.20858821272850037,
          "z": -0.0499420166015625
        },
        "matrix": [
          [
            0.907993495464325,
            0.41670429706573486,
            0.04365158453583717,
            0.3471836447715759
          ],
          [
            0.35175010561943054,
            -0.7015343904495239,
            -0.6197755336761475,
            -0.4049742817878723
          ],
          [
            -0.227641299366951,
            0.5781098008155823,
            -0.7835703492164612,
            1.693880319595337
          ],
          [
            0.0,
            0.0,
            0.0,
            1.0
          ]
        ]
      },
      "bone_length_armature_space": 0.02851441909292874,
      "parent": "metacarpal_index_l",
      "has_children": true,
      "is_end_bone": false
    },
    "index_02_l": {
      "name": "index_02_l",
      "local": {
        "location": {
          "x": 0.0,
          "y": 0.0,
          "z": 0.0
        },
        "rotation_quaternion": {
          "w": 0.9982540011405945,
          "x": 0.05856822058558464,
          "y": 0.002705441787838936,
          "z": -0.0071702622808516026
        },
        "scale": {
          "x": 1.0,
          "y": 1.0,
          "z": 1.0
        },
        "matrix_basis": [
          [
            0.9998825192451477,
            0.01463239174336195,
            0.004561536945402622,
            0.0
          ],
          [
            -0.013998580165207386,
            0.993036687374115,
            -0.1169707179069519,
            0.0
          ],
          [
            -0.006241335067898035,
            0.11689312011003494,
            0.9931249022483826,
            0.0
          ],
          [
            0.0,
            0.0,
            0.0,
            1.0
          ]
        ],
        "rotation_mode": "QUATERNION"
      },
      "armature_space": {
        "head": {
          "x": 0.3590656518936157,
          "y": -0.4882226288318634,
          "z": 0.7605107426643372
        },
        "tail": {
          "x": 0.37068653106689453,
          "y": -0.5071249604225159,
          "z": 0.7733850479125977
        }
      },
      "world_space": {
        "head": {
          "x": 0.3590656518936157,
          "y": -0.4249786138534546,
          "z": 1.710364818572998
        },
        "tail": {
          "x": 0.37068653106689453,
          "y": -0.44388097524642944,
          "z": 1.7232390642166138
        },
        "rotation_quaternion": {
          "w": 0.2923028767108917,
          "x": 0.9271847605705261,
          "y": 0.2147994488477707,
          "z": -0.0935341939330101
        },
        "matrix": [
          [
            0.8902250528335571,
            0.4529983103275299,
            -0.047873057425022125,
            0.3590656518936157
          ],
          [
            0.3436376452445984,
            -0.736840009689331,
            -0.5822201371192932,
            -0.4249786138534546
          ],
          [
            -0.29902130365371704,
            0.5018585920333862,
            -0.8116268515586853,
            1.710364818572998
          ],
          [
            0.0,
            0.0,
            0.0,
            1.0
          ]
        ]
      },
      "bone_length_armature_space": 0.02565327895449883,
      "parent": "index_01_l",
      "has_children": true,
      "is_end_bone": false
    },
    "index_03_l": {
      "name": "index_03_l",
      "local": {
        "location": {
          "x": 0.0,
          "y": 0.0,
          "z": 0.0
        },
        "rotation_quaternion": {
          "w": 0.9999439716339111,
          "x": 0.009632784873247147,
          "y": 0.0026748196687549353,
          "z": -0.00350767420604825
        },
        "scale": {
          "x": 1.0,
          "y": 1.0,
          "z": 1.0
        },
        "matrix_basis": [
          [
            0.9999610781669617,
            0.007066487334668636,
            0.005281762219965458,
            0.0
          ],
          [
            -0.006963423453271389,
            0.999789834022522,
            -0.01928325556218624,
            0.0
          ],
          [
            -0.005416917148977518,
            0.019245725125074387,
            0.9998000860214233,
            0.0
          ],
          [
            0.0,
            0.0,
            0.0,
            1.0
          ]
        ],
        "rotation_mode": "QUATERNION"
      },
      "armature_space": {
        "head": {
          "x": 0.37068650126457214,
          "y": -0.5071249008178711,
          "z": 0.7733851671218872
        },
        "tail": {
          "x": 0.38620835542678833,
          "y": -0.5292447209358215,
          "z": 0.7844989895820618
        }
      },
      "world_space": {
        "head": {
          "x": 0.37068650126457214,
          "y": -0.44388091564178467,
          "z": 1.7232391834259033
        },
        "tail": {
          "x": 0.38620835542678833,
          "y": -0.4660007357597351,
          "z": 1.7343530654907227
        },
        "rotation_quaternion": {
          "w": 0.2274090051651001,
          "x": 0.933548092842102,
          "y": 0.26412633061408997,
          "z": -0.08372806757688522
        },
        "matrix": [
          [
            0.8464537858963013,
            0.5312303304672241,
            -0.036198146641254425,
            0.37068650126457214
          ],
          [
            0.4550686776638031,
            -0.7570444941520691,
            -0.46882450580596924,
            -0.44388091564178467
          ],
          [
            -0.27645888924598694,
            0.3803674578666687,
            -0.8825559020042419,
            1.7232391834259033
          ],
          [
            0.0,
            0.0,
            0.0,
            1.0
          ]
        ]
      },
      "bone_length_armature_space": 0.029218683106459323,
      "parent": "index_02_l",
      "has_children": false,
      "is_end_bone": true
    },
    "metacarpal_pinky_l": {
      "name": "metacarpal_pinky_l",
      "local": {
        "location": {
          "x": 0.0,
          "y": 0.0,
          "z": 0.0
        },
        "rotation_quaternion": {
          "w": 0.9990145564079285,
          "x": -0.04162677377462387,
          "y": -0.015302806161344051,
          "z": 0.001742534339427948
        },
        "scale": {
          "x": 1.0,
          "y": 1.0,
          "z": 1.0
        },
        "matrix_basis": [
          [
            0.9995255470275879,
            -0.002207621466368437,
            -0.030720524489879608,
            0.0
          ],
          [
            0.004755647387355566,
            0.9965283274650574,
            0.08311817795038223,
            0.0
          ],
          [
            0.030430380254983902,
            -0.0832248404622078,
            0.9960660934448242,
            0.0
          ],
          [
            0.0,
            0.0,
            0.0,
            1.0
          ]
        ],
        "rotation_mode": "QUATERNION"
      },
      "armature_space": {
        "head": {
          "x": 0.3390697240829468,
          "y": -0.3605501055717468,
          "z": 0.6985183358192444
        },
        "tail": {
          "x": 0.39768707752227783,
          "y": -0.4305998682975769,
          "z": 0.7485211491584778
        }
      },
      "world_space": {
        "head": {
          "x": 0.3390697240829468,
          "y": -0.2973061203956604,
          "z": 1.6483724117279053
        },
        "tail": {
          "x": 0.39768707752227783,
          "y": -0.3673558831214905,
          "z": 1.6983752250671387
        },
        "rotation_quaternion": {
          "w": 0.3738194406032562,
          "x": 0.2825377583503723,
          "y": -0.15460942685604095,
          "z": -0.8697859048843384
        },
        "matrix": [
          [
            -0.5608623027801514,
            0.5629206299781799,
            -0.6070863604545593,
            0.3390697240829468
          ],
          [
            -0.7376523613929749,
            -0.672709584236145,
            0.057716719806194305,
            -0.2973061203956604
          ],
          [
            -0.3759060204029083,
            0.4801924228668213,
            0.7925426363945007,
            1.6483724117279053
          ],
          [
            0.0,
            0.0,
            0.0,
            1.0
          ]
        ]
      },
      "bone_length_armature_space": 0.10413090134095447,
      "parent": "lowerarm_l",
      "has_children": true,
      "is_end_bone": false
    },
    "pinky_01_l": {
      "name": "pinky_01_l",
      "local": {
        "location": {
          "x": 0.0,
          "y": 0.0,
          "z": 0.0
        },
        "rotation_quaternion": {
          "w": 0.9560297727584839,
          "x": 0.29300057888031006,
          "y": -0.010854663327336311,
          "z": -0.006313140969723463
        },
        "scale": {
          "x": 1.0,
          "y": 1.0,
          "z": 1.0
        },
        "matrix_basis": [
          [
            0.9996846318244934,
            0.005710256285965443,
            -0.02445427142083645,
            0.0
          ],
          [
            -0.018431946635246277,
            0.8282216191291809,
            -0.5600975155830383,
            0.0
          ],
          [
            0.01705525442957878,
            0.5603716373443604,
            0.8280656933784485,
            0.0
          ],
          [
            0.0,
            0.0,
            0.0,
            1.0
          ]
        ],
        "rotation_mode": "QUATERNION"
      },
      "armature_space": {
        "head": {
          "x": 0.39768707752227783,
          "y": -0.4305998682975769,
          "z": 0.7485211491584778
        },
        "tail": {
