{
  "metadata": {
    "armature_name": "KIM_caucasian_male",
    "export_time": "2026-01-13T21:02:15.848683",
    "blender_version": "4.4.1",
    "bone_count": 56,
    "end_bone_count": 13,
    "spaces_included": [
      "LOCAL_CHANNELS",
      "ARMATURE_SPACE",
      "WORLD_SPACE"
    ],
    "note": "LOCAL matches Transform panel; replay pose via local.matrix_basis for best fidelity."
  },
  "bones": {
    "Root": {
      "name": "Root",
      "local": {
        "location": {
          "x": 0.0,
          "y": 0.0,
          "z": 0.0
        },
        "rotation_quaternion": {
          "w": 0.9997663497924805,
          "x": 0.012276743538677692,
          "y": -0.0032006693072617054,
          "z": -0.01750476285815239
        },
        "scale": {
          "x": 1.0,
          "y": 1.0,
          "z": 1.0
        },
        "matrix_basis": [
          [
            0.9993667006492615,
            0.0349227599799633,
            -0.006829645950347185,
            0.0
          ],
          [
            -0.03507993370294571,
            0.9990857243537903,
            -0.024435697123408318,
            0.0
          ],
          [
            0.0059700398705899715,
            0.02465980313718319,
            0.9996780753135681,
            0.0
          ],
          [
            0.0,
            0.0,
            0.0,
            1.0
          ]
        ],
        "rotation_mode": "QUATERNION"
      },
      "armature_space": {
        "head": {
          "x": 0.0,
          "y": 0.07072800397872925,
          "z": -0.009595036506652832
        },
        "tail": {
          "x": 0.0024926422629505396,
          "y": -0.0001719444990158081,
          "z": -0.0017529241740703583
        }
      },
      "world_space": {
        "head": {
          "x": 0.0,
          "y": 0.13397200405597687,
          "z": 0.9402589797973633
        },
        "tail": {
          "x": 0.0024926422629505396,
          "y": 0.06307205557823181,
          "z": 0.9481011033058167
        },
        "rotation_quaternion": {
          "w": 0.05510306358337402,
          "x": 0.9983221888542175,
          "y": 0.017249377444386482,
          "z": -0.004372656345367432
        },
        "matrix": [
          [
            0.9993667006492615,
            0.0349227599799633,
            -0.006829645950347185,
            0.0
          ],
          [
            0.03395896777510643,
            -0.9933322072029114,
            -0.11017252504825592,
            0.13397200405597687
          ],
          [
            -0.010631677694618702,
            0.10987064242362976,
            -0.9938960671424866,
            0.9402589797973633
          ],
          [
            0.0,
            0.0,
            0.0,
            1.0
          ]
        ]
      },
      "bone_length_armature_space": 0.07137587043928793,
      "parent": null,
      "has_children": true,
      "is_end_bone": false
    },
    "spine_01": {
      "name": "spine_01",
      "local": {
        "location": {
          "x": 0.0,
          "y": 0.0,
          "z": 0.0
        },
        "rotation_quaternion": {
          "w": 0.9986350536346436,
          "x": -0.031003879383206367,
          "y": -0.04039531201124191,
          "z": 0.011617225594818592
        },
        "scale": {
          "x": 1.0,
          "y": 1.0,
          "z": 1.0
        },
        "matrix_basis": [
          [
            0.9964665174484253,
            -0.02069791406393051,
            -0.08140070736408234,
            0.0
          ],
          [
            0.025707559660077095,
            0.9978076219558716,
            0.06098455935716629,
            0.0
          ],
          [
            0.07995998859405518,
            -0.06286168098449707,
            0.9948139786720276,
            0.0
          ],
          [
            0.0,
            0.0,
            0.0,
            1.0
          ]
        ],
        "rotation_mode": "QUATERNION"
      },
      "armature_space": {
        "head": {
          "x": 0.0024926422629505396,
          "y": -0.0001719444990158081,
          "z": -0.0017529241740703583
        },
        "tail": {
          "x": -0.003841709578409791,
          "y": 0.04102553054690361,
          "z": 0.4844684302806854
        }
      },
      "world_space": {
        "head": {
          "x": 0.0024926422629505396,
          "y": 0.06307205557823181,
          "z": 0.9481011033058167
        },
        "tail": {
          "x": -0.003841709578409791,
          "y": 0.10426953434944153,
          "z": 1.434322476387024
        },
        "rotation_quaternion": {
          "w": 0.736032247543335,
          "x": 0.6765116453170776,
          "y": -0.021603578701615334,
          "z": -0.011038882657885551
        },
        "matrix": [
          [
            0.9988228678703308,
            -0.012980196624994278,
            -0.046737637370824814,
            0.0024926422629505396
          ],
          [
            -0.045479997992515564,
            0.08442084491252899,
            -0.995391845703125,
            0.06307205557823181
          ],
          [
            0.016866086050868034,
            0.9963527321815491,
            0.0837308019399643,
            0.9481011033058167
          ],
          [
            0.0,
            0.0,
            0.0,
            1.0
          ]
        ]
      },
      "bone_length_armature_space": 0.4880046668698163,
      "parent": "Root",
      "has_children": true,
      "is_end_bone": false
    },
    "neck_01": {
      "name": "neck_01",
      "local": {
        "location": {
          "x": 0.0,
          "y": 0.0,
          "z": 0.0
        },
        "rotation_quaternion": {
          "w": 0.9990682601928711,
          "x": 0.017837099730968475,
          "y": 0.023655295372009277,
          "z": -0.03138464689254761
        },
        "scale": {
          "x": 1.0,
          "y": 1.0,
          "z": 1.0
        },
        "matrix_basis": [
          [
            0.9969108700752258,
            0.06355468928813934,
            0.04614688828587532,
            0.0
          ],
          [
            -0.06186692416667938,
            0.9973936676979065,
            -0.037125784903764725,
            0.0
          ],
          [
            -0.04838613048195839,
            0.034156132489442825,
            0.9982445240020752,
            0.0
          ],
          [
            0.0,
            0.0,
            0.0,
            1.0
          ]
        ],
        "rotation_mode": "QUATERNION"
      },
      "armature_space": {
        "head": {
          "x": -0.006412981543689966,
          "y": 0.012686066329479218,
          "z": 0.5603236556053162
        },
        "tail": {
          "x": -0.003088966943323612,
          "y": -0.021639633923768997,
          "z": 0.6568713188171387
        }
      },
      "world_space": {
        "head": {
          "x": -0.006412981543689966,
          "y": 0.07593006640672684,
          "z": 1.5101776123046875
        },
        "tail": {
          "x": -0.003088966943323612,
          "y": 0.04160436615347862,
          "z": 1.6067253351211548
        },
        "rotation_quaternion": {
          "w": 0.5765044093132019,
          "x": 0.8169252276420593,
          "y": 0.015329087153077126,
          "z": -0.006398218683898449
        },
        "matrix": [
          [
            0.9994481801986694,
            0.032422661781311035,
            0.007221002131700516,
            -0.006412981543689966
          ],
          [
            0.01766839809715748,
            -0.3348151743412018,
            -0.9421183466911316,
            0.07593006640672684
          ],
          [
            -0.02812846004962921,
            0.9417321085929871,
            -0.33520644903182983,
            1.5101776123046875
          ],
          [
            0.0,
            0.0,
            0.0,
            1.0
          ]
        ]
      },
      "bone_length_armature_space": 0.10252196805951153,
      "parent": "spine_01",
      "has_children": true,
      "is_end_bone": false
    },
    "head": {
      "name": "head",
      "local": {
        "location": {
          "x": 0.0,
          "y": 0.0,
          "z": 0.0
        },
        "rotation_quaternion": {
          "w": 0.9900475740432739,
          "x": -0.11127379536628723,
          "y": -0.07952438294887543,
          "z": -0.03316584601998329
        },
        "scale": {
          "x": 1.0,
          "y": 1.0,
          "z": 1.0
        },
        "matrix_basis": [
          [
            0.9851518273353577,
            0.08336949348449707,
            -0.15008486807346344,
            0.0
          ],
          [
            -0.047973569482564926,
            0.9730363488197327,
            0.22560769319534302,
            0.0
          ],
          [
            0.16484682261943817,
            -0.21505771577358246,
            0.9625880122184753,
            0.0
          ],
          [
            0.0,
            0.0,
            0.0,
            1.0
          ]
        ],
        "rotation_mode": "QUATERNION"
      },
      "armature_space": {
        "head": {
          "x": -0.0030889681074768305,
          "y": -0.021639754995703697,
          "z": 0.6568711400032043
        },
        "tail": {
          "x": 0.01339251734316349,
          "y": 0.0161710474640131,
          "z": 0.8063769936561584
        }
      },
      "world_space": {
        "head": {
          "x": -0.0030889681074768305,
          "y": 0.04160424321889877,
          "z": 1.6067252159118652
        },
        "tail": {
          "x": 0.01339251734316349,
          "y": 0.07941504567861557,
          "z": 1.7562310695648193
        },
        "rotation_quaternion": {
          "w": 0.7883860468864441,
          "x": 0.6094348430633545,
          "y": -0.018622737377882004,
          "z": -0.08179301023483276
        },
        "matrix": [
          [
            0.9859261512756348,
            0.10627030581235886,
            -0.12905937433242798,
            -0.0030889681074768305
          ],
          [
            -0.15166819095611572,
            0.24379877746105194,
            -0.9578931927680969,
            0.04160424321889877
          ],
          [
            -0.07033170759677887,
            0.9639929533004761,
            0.25648629665374756,
            1.6067252159118652
          ],
          [
            0.0,
            0.0,
            0.0,
            1.0
          ]
        ]
      },
      "bone_length_armature_space": 0.1550912531442923,
      "parent": "neck_01",
      "has_children": false,
      "is_end_bone": true
    },
    "upperarm_l": {
      "name": "upperarm_l",
      "local": {
        "location": {
          "x": 0.0,
          "y": 0.0,
          "z": 0.0
        },
        "rotation_quaternion": {
          "w": 0.6677141785621643,
          "x": 0.41113361716270447,
          "y": 0.4967149496078491,
          "z": 0.37202322483062744
        },
        "scale": {
          "x": 1.0,
          "y": 1.0,
          "z": 1.0
        },
        "matrix_basis": [
          [
            0.22974595427513123,
            -0.0883779376745224,
            0.9692297577857971,
            0.0
          ],
          [
            0.9052428007125854,
            0.3851357400417328,
            -0.17946049571037292,
            0.0
          ],
          [
            -0.35742470622062683,
            0.9186185002326965,
            0.1684868186712265,
            0.0
          ],
          [
            0.0,
            0.0,
            0.0,
            1.0
          ]
        ],
        "rotation_mode": "QUATERNION"
      },
      "armature_space": {
        "head": {
          "x": 0.1441337764263153,
          "y": -0.002984102815389633,
          "z": 0.49615800380706787
        },
        "tail": {
          "x": 0.24561628699302673,
          "y": -0.24814963340759277,
          "z": 0.5336122512817383
        }
      },
      "world_space": {
        "head": {
          "x": 0.1441337764263153,
          "y": 0.060259897261857986,
          "z": 1.446012020111084
        },
        "tail": {
          "x": 0.24561628699302673,
          "y": -0.18490563333034515,
          "z": 1.4834662675857544
        },
        "rotation_quaternion": {
          "w": 0.09368825703859329,
          "x": 0.9717008471488953,
          "y": 0.18377162516117096,
          "z": -0.11510002613067627
        },
        "matrix": [
          [
            0.9059600234031677,
            0.37870925664901733,
            -0.18925093114376068,
            0.1441337764263153
          ],
          [
            0.335575133562088,
            -0.914901077747345,
            -0.22437885403633118,
            0.060259897261857986
          ],
          [
            -0.25812166929244995,
            0.13977055251598358,
            -0.955955982208252,
            1.446012020111084
          ],
          [
            0.0,
            0.0,
            0.0,
            1.0
          ]
        ]
      },
      "bone_length_armature_space": 0.2679695069779195,
      "parent": "spine_01",
      "has_children": true,
      "is_end_bone": false
    },
    "lowerarm_l": {
      "name": "lowerarm_l",
      "local": {
        "location": {
          "x": 0.0,
          "y": 0.0,
          "z": 0.0
        },
        "rotation_quaternion": {
          "w": 0.9063229560852051,
          "x": 0.33465346693992615,
          "y": -0.2069476991891861,
          "z": 0.15413768589496613
        },
        "scale": {
          "x": 1.0,
          "y": 1.0,
          "z": 1.0
        },
        "matrix_basis": [
          [
            0.866828441619873,
            -0.41790857911109924,
            -0.27195748686790466,
            0.0
          ],
          [
            0.14088551700115204,
            0.7284972667694092,
            -0.6704050898551941,
            0.0
          ],
          [
            0.47828832268714905,
            0.5428113341331482,
            0.6903594136238098,
            0.0
          ],
          [
            0.0,
            0.0,
            0.0,
            1.0
          ]
        ],
        "rotation_mode": "QUATERNION"
      },
      "armature_space": {
        "head": {
          "x": 0.24561619758605957,
          "y": -0.24814976751804352,
          "z": 0.5336122512817383
        },
        "tail": {
          "x": 0.15082493424415588,
          "y": -0.4845818877220154,
          "z": 0.4518566131591797
        }
      },
      "world_space": {
        "head": {
          "x": 0.24561619758605957,
          "y": -0.1849057674407959,
          "z": 1.4834662675857544
        },
        "tail": {
          "x": 0.15082493424415588,
          "y": -0.42133790254592896,
          "z": 1.4017106294631958
        },
        "rotation_quaternion": {
          "w": 0.22010904550552368,
          "x": -0.8784533143043518,
          "y": 0.09830348193645477,
          "z": 0.41256290674209595
        },
        "matrix": [
          [
            0.6402570009231567,
            -0.3543274402618408,
            -0.6815593838691711,
            0.24561619758605957
          ],
          [
            0.008906945586204529,
            -0.8837774991989136,
            0.46782296895980835,
            -0.1849057674407959
          ],
          [
            -0.7681146860122681,
            -0.30560052394866943,
            -0.5626922845840454,
            1.4834662675857544
          ],
          [
            0.0,
            0.0,
            0.0,
            1.0
          ]
        ]
      },
      "bone_length_armature_space": 0.2675247965874717,
      "parent": "upperarm_l",
      "has_children": true,
      "is_end_bone": false
    },
    "metacarpal_thumb_l": {
      "name": "metacarpal_thumb_l",
      "local": {
        "location": {
          "x": 0.0,
          "y": 0.0,
          "z": 0.0
        },
        "rotation_quaternion": {
          "w": 0.9992371797561646,
          "x": -0.03311255946755409,
          "y": -0.011019356548786163,
          "z": 0.017527787014842033
        },
        "scale": {
          "x": 1.0,
          "y": 1.0,
          "z": 1.0
        },
        "matrix_basis": [
          [
            0.9991427063941956,
            -0.03429907560348511,
            -0.02318268083035946,
            0.0
          ],
          [
            0.03575859218835831,
            0.9971926808357239,
            0.06578831374645233,
            0.0
          ],
          [
            0.020861120894551277,
            -0.06656089425086975,
            0.9975642561912537,
            0.0
          ],
          [
            0.0,
            0.0,
            0.0,
            1.0
          ]
        ],
        "rotation_mode": "QUATERNION"
      },
      "armature_space": {
        "head": {
          "x": 0.15082493424415588,
          "y": -0.4845818877220154,
          "z": 0.4518566131591797
        },
        "tail": {
          "x": 0.1199435144662857,
          "y": -0.5042909383773804,
          "z": 0.4185175597667694
        }
      },
      "world_space": {
        "head": {
          "x": 0.15082493424415588,
          "y": -0.42133790254592896,
          "z": 1.4017106294631958
        },
        "tail": {
          "x": 0.1199435144662857,
          "y": -0.44104695320129395,
          "z": 1.368371605873108
        },
        "rotation_quaternion": {
          "w": 0.2583446204662323,
          "x": -0.7899946570396423,
          "y": 0.48405778408050537,
          "z": -0.27359557151794434
        },
        "matrix": [
          [
            0.3816649913787842,
            -0.623443067073822,
            0.6823859810829163,
            0.15082493424415588
          ],
          [
            -0.9061707258224487,
            -0.3978918194770813,
            0.14330731332302094,
            -0.42133790254592896
          ],
          [
            0.18217234313488007,
            -0.6730586290359497,
            -0.7168121933937073,
            1.4017106294631958
          ],
          [
            0.0,
            0.0,
            0.0,
            1.0
          ]
        ]
      },
      "bone_length_armature_space": 0.04953383973437068,
      "parent": "lowerarm_l",
      "has_children": true,
      "is_end_bone": false
    },
    "thumb_01_l": {
      "name": "thumb_01_l",
      "local": {
        "location": {
          "x": 0.0,
          "y": 0.0,
          "z": 0.0
        },
        "rotation_quaternion": {
          "w": 0.998954176902771,
          "x": -0.04319460317492485,
          "y": 0.00886338111013174,
          "z": 0.01210230402648449
        },
        "scale": {
          "x": 1.0,
          "y": 1.0,
          "z": 1.0
        },
        "matrix_basis": [
          [
            0.999549925327301,
            -0.02494499459862709,
            0.0166627150028944,
            0.0
          ],
          [
            0.02341359294950962,
            0.9959754943847656,
            0.08651339262723923,
            0.0
          ],
          [
            -0.01875373162329197,
            -0.08608432114124298,
            0.9961113333702087,
            0.0
          ],
          [
            0.0,
            0.0,
            0.0,
            1.0
          ]
        ],
        "rotation_mode": "QUATERNION"
      },
      "armature_space": {
        "head": {
          "x": 0.1199435144662857,
          "y": -0.5042909383773804,
          "z": 0.4185175597667694
        },
        "tail": {
          "x": 0.12122399359941483,
          "y": -0.5028486847877502,
          "z": 0.3845334053039551
        }
      },
      "world_space": {
        "head": {
          "x": 0.1199435144662857,
          "y": -0.44104695320129395,
          "z": 1.368371605873108
        },
        "tail": {
          "x": 0.12122399359941483,
          "y": -0.4396046996116638,
          "z": 1.3343874216079712
        },
        "rotation_quaternion": {
          "w": 0.15032848715782166,
          "x": -0.11850303411483765,
          "y": 0.7061072587966919,
          "z": -0.6817411780357361
        },
        "matrix": [
          [
            -0.9267168045043945,
            0.037618547677993774,
            0.37387242913246155,
            0.1199435144662857
          ],
          [
            -0.3723216652870178,
            0.04237176850438118,
            -0.9271361827850342,
            -0.44104695320129395
          ],
          [
            -0.05071975290775299,
            -0.9984006881713867,
            -0.02526148408651352,
            1.368371605873108
          ],
          [
            0.0,
            0.0,
            0.0,
            1.0
          ]
        ]
      },
      "bone_length_armature_space": 0.034038837905568047,
      "parent": "metacarpal_thumb_l",
      "has_children": true,
      "is_end_bone": false
    },
    "thumb_02_l": {
      "name": "thumb_02_l",
      "local": {
        "location": {
          "x": 0.0,
          "y": 0.0,
          "z": 0.0
        },
        "rotation_quaternion": {
          "w": 0.9928696155548096,
          "x": 0.11903746426105499,
          "y": 0.0016626131255179644,
          "z": 0.006104595493525267
        },
        "scale": {
          "x": 1.0,
          "y": 1.0,
          "z": 1.0
        },
        "matrix_basis": [
          [
            0.9999199509620667,
            -0.01172630861401558,
            0.0047548674046993256,
            0.0
          ],
          [
            0.012517961673438549,
            0.9715856313705444,
            -0.23635706305503845,
            0.0
          ],
          [
            -0.0018481649458408356,
            0.2363976687192917,
            0.9716546535491943,
            0.0
          ],
          [
            0.0,
            0.0,
            0.0,
            1.0
          ]
        ],
        "rotation_mode": "QUATERNION"
      },
      "armature_space": {
        "head": {
          "x": 0.12122401595115662,
          "y": -0.5028485655784607,
          "z": 0.38453343510627747
        },
        "tail": {
          "x": 0.10713981837034225,
          "y": -0.5381567478179932,
          "z": 0.37156611680984497
        }
      },
      "world_space": {
        "head": {
          "x": 0.12122401595115662,
          "y": -0.43960458040237427,
          "z": 1.3343874216079712
        },
        "tail": {
          "x": 0.10713981837034225,
          "y": -0.47491276264190674,
          "z": 1.3214201927185059
        },
        "rotation_quaternion": {
          "w": 0.179830402135849,
          "x": 0.006115658208727837,
          "y": -0.1676771342754364,
          "z": 0.9692822098731995
        },
        "matrix": [
          [
            -0.9352470636367798,
            -0.3506637513637543,
            -0.048451848328113556,
            0.12122401595115662
          ],
          [
            0.3465622365474701,
            -0.8790910243988037,
            -0.3272520899772644,
            -0.43960458040237427
          ],
          [
            0.07216273993253708,
            -0.3228561282157898,
            0.9437006115913391,
            1.3343874216079712
          ],
          [
            0.0,
            0.0,
            0.0,
            1.0
          ]
        ]
      },
      "bone_length_armature_space": 0.04016445767196976,
      "parent": "thumb_01_l",
      "has_children": true,
      "is_end_bone": false
    },
    "thumb_03_l": {
      "name": "thumb_03_l",
      "local": {
        "location": {
          "x": 0.0,
          "y": 0.0,
          "z": 0.0
        },
        "rotation_quaternion": {
          "w": 0.9977271556854248,
          "x": 0.06714322417974472,
          "y": -0.004531633574515581,
          "z": -0.003427329007536173
        },
        "scale": {
          "x": 1.0,
          "y": 1.0,
          "z": 1.0
        },
        "matrix_basis": [
          [
            0.9999354481697083,
            0.006230541504919529,
            -0.009502911940217018,
            0.0
          ],
          [
            -0.0074476152658462524,
            0.9909600615501404,
            -0.13395017385482788,
            0.0
          ],
          [
            0.008582424372434616,
            0.13401229679584503,
            0.9909424781799316,
            0.0
          ],
          [
            0.0,
            0.0,
            0.0,
            1.0
          ]
        ],
        "rotation_mode": "QUATERNION"
      },
      "armature_space": {
        "head": {
          "x": 0.10713978111743927,
          "y": -0.5381566882133484,
          "z": 0.3715660572052002
        },
        "tail": {
          "x": 0.09969694912433624,
          "y": -0.5676172971725464,
          "z": 0.37345457077026367
        }
      },
      "world_space": {
        "head": {
          "x": 0.10713978111743927,
          "y": -0.47491270303726196,
          "z": 1.3214200735092163
        },
        "tail": {
          "x": 0.09969694912433624,
          "y": -0.50437331199646,
          "z": 1.3233085870742798
        },
        "rotation_quaternion": {
          "w": 0.11663544178009033,
          "x": -0.1588645726442337,
          "y": 0.05060286074876785,
          "z": 0.9790799617767334
        },
        "matrix": [
          [
            -0.922316312789917,
            -0.24446901679039001,
            -0.2992779612541199,
            0.10713978111743927
          ],
          [
            0.21231281757354736,
            -0.9676710963249207,
            0.136147603392601,
            -0.47491270303726196
          ],
          [
            -0.3228886127471924,
            0.062030285596847534,
            0.9444096684455872,
            1.3214200735092163
          ],
          [
            0.0,
            0.0,
            0.0,
            1.0
          ]
        ]
      },
      "bone_length_armature_space": 0.030444863863019894,
      "parent": "thumb_02_l",
      "has_children": false,
      "is_end_bone": true
    },
    "metacarpal_index_l": {
      "name": "metacarpal_index_l",
      "local": {
        "location": {
          "x": 0.0,
          "y": 0.0,
          "z": 0.0
        },
        "rotation_quaternion": {
          "w": 0.999557614326477,
          "x": -0.028662271797657013,
          "y": 0.0008836369961500168,
          "z": 0.007890972308814526
        },
        "scale": {
          "x": 1.0,
          "y": 1.0,
          "z": 1.0
        },
        "matrix_basis": [
          [
            0.9998738765716553,
            -0.01582561619579792,
            0.0013141457457095385,
            0.0
          ],
          [
            0.015724308788776398,
            0.9982324242591858,
            0.05731312930583954,
            0.0
          ],
          [
            -0.0022188385482877493,
            -0.057285238057374954,
            0.9983553886413574,
            0.0
          ],
          [
            0.0,
            0.0,
            0.0,
            1.0
          ]
        ],
        "rotation_mode": "QUATERNION"
      },
      "armature_space": {
        "head": {
          "x": 0.15082493424415588,
          "y": -0.4845818877220154,
          "z": 0.4518566131591797
        },
        "tail": {
          "x": 0.08782300353050232,
          "y": -0.5681543350219727,
          "z": 0.39917197823524475
        }
      },
      "world_space": {
        "head": {
          "x": 0.15082493424415588,
          "y": -0.42133790254592896,
          "z": 1.4017106294631958
        },
        "tail": {
          "x": 0.08782300353050232,
          "y": -0.5049103498458862,
          "z": 1.3490259647369385
        },
        "rotation_quaternion": {
          "w": 0.23306646943092346,
          "x": -0.9250234365463257,
          "y": 0.29842299222946167,
          "z": -0.030909642577171326
        },
        "matrix": [
          [
            0.819976270198822,
            -0.5376887917518616,
            0.19629013538360596,
            0.15082493424415588
          ],
          [
            -0.5665051341056824,
            -0.7132475972175598,
            0.41273483633995056,
            -0.42133790254592896
          ],
          [
            -0.08192050457000732,
            -0.44963598251342773,
            -0.8894554376602173,
            1.4017106294631958
          ],
          [
            0.0,
            0.0,
            0.0,
            1.0
          ]
        ]
      },
      "bone_length_armature_space": 0.11717195904520553,
      "parent": "lowerarm_l",
      "has_children": true,
      "is_end_bone": false
    },
    "index_01_l": {
      "name": "index_01_l",
      "local": {
        "location": {
          "x": 0.0,
          "y": 0.0,
          "z": 0.0
        },
        "rotation_quaternion": {
          "w": 0.9939039945602417,
          "x": -0.10991527885198593,
          "y": 0.008573586121201515,
          "z": -0.0002532079815864563
        },
        "scale": {
          "x": 1.0,
          "y": 1.0,
          "z": 1.0
        },
        "matrix_basis": [
          [
            0.9998528361320496,
            -0.001381407375447452,
            0.017098305746912956,
            0.0
          ],
          [
            -0.002388064982369542,
            0.9758371114730835,
            0.21848613023757935,
            0.0
          ],
          [
            -0.01698698103427887,
            -0.21849481761455536,
            0.9756902456283569,
            0.0
          ],
          [
            0.0,
            0.0,
            0.0,
            1.0
          ]
        ],
        "rotation_mode": "QUATERNION"
      },
      "armature_space": {
        "head": {
          "x": 0.08782300353050232,
          "y": -0.5681543350219727,
          "z": 0.39917197823524475
        },
        "tail": {
          "x": 0.07990764826536179,
          "y": -0.5953531861305237,
          "z": 0.39590999484062195
        }
      },
      "world_space": {
        "head": {
          "x": 0.08782300353050232,
          "y": -0.5049103498458862,
          "z": 1.3490259647369385
        },
        "tail": {
          "x": 0.07990764826536179,
          "y": -0.5321092009544373,
          "z": 1.3457640409469604
        },
        "rotation_quaternion": {
          "w": 0.049106404185295105,
          "x": -0.9865201711654663,
          "y": 0.1437242478132248,
          "z": -0.06090843677520752
        },
        "matrix": [
          [
            0.9512670040130615,
            -0.27759191393852234,
            0.13429048657417297,
            0.08782300353050232
          ],
          [
            -0.2895556390285492,
            -0.9538640379905701,
            0.07938030362129211,
            -0.5049103498458862
          ],
          [
            0.10606004297733307,
            -0.11439812183380127,
            -0.9877645373344421,
            1.3490259647369385
          ],
          [
            0.0,
            0.0,
            0.0,
            1.0
          ]
        ]
      },
      "bone_length_armature_space": 0.028514398185120884,
      "parent": "metacarpal_index_l",
      "has_children": true,
      "is_end_bone": false
    },
    "index_02_l": {
      "name": "index_02_l",
      "local": {
        "location": {
          "x": 0.0,
          "y": 0.0,
          "z": 0.0
        },
        "rotation_quaternion": {
          "w": 0.9999122023582458,
          "x": 0.00617339089512825,
          "y": -0.005579203367233276,
          "z": 0.01031357329338789
        },
        "scale": {
          "x": 1.0,
          "y": 1.0,
          "z": 1.0
        },
        "matrix_basis": [
          [
            0.9997249841690063,
            -0.020694220438599586,
            -0.011030087247490883,
            0.0
          ],
          [
            0.02055644989013672,
            0.9997110366821289,
            -0.012460781261324883,
            0.0
          ],
          [
            0.011284766718745232,
            0.012230615131556988,
            0.9998615384101868,
            0.0
          ],
          [
            0.0,
            0.0,
            0.0,
            1.0
          ]
        ],
        "rotation_mode": "QUATERNION"
      },
      "armature_space": {
        "head": {
          "x": 0.0799073576927185,
          "y": -0.5953534841537476,
          "z": 0.3959096074104309
        },
        "tail": {
          "x": 0.07294245809316635,
          "y": -0.6199352145195007,
          "z": 0.3936031758785248
        }
      },
      "world_space": {
        "head": {
          "x": 0.0799073576927185,
          "y": -0.5321094989776611,
          "z": 1.3457636833190918
        },
        "tail": {
          "x": 0.07294245809316635,
          "y": -0.5566912293434143,
          "z": 1.3434572219848633
        },
        "rotation_quaternion": {
          "w": 0.042417459189891815,
          "x": -0.9892654418945312,
          "y": 0.13815218210220337,
          "z": -0.021652575582265854
        },
        "matrix": [
          [
            0.9608902931213379,
            -0.2715015113353729,
            0.05456053465604782,
            0.0799073576927185
          ],
          [
            -0.2751750946044922,
            -0.958229660987854,
            0.07794103771448135,
            -0.5321094989776611
          ],
          [
            0.031120408326387405,
            -0.08990800380706787,
            -0.9954710602760315,
            1.3457636833190918
          ],
          [
            0.0,
            0.0,
            0.0,
            1.0
          ]
        ]
      },
      "bone_length_armature_space": 0.025653282907547155,
      "parent": "index_01_l",
      "has_children": true,
      "is_end_bone": false
    },
    "index_03_l": {
      "name": "index_03_l",
      "local": {
        "location": {
          "x": 0.0,
          "y": 0.0,
          "z": 0.0
        },
        "rotation_quaternion": {
          "w": 0.9999784231185913,
          "x": 0.002673135604709387,
          "y": -0.005960785783827305,
          "z": -0.0007512890151701868
        },
        "scale": {
          "x": 1.0,
          "y": 1.0,
          "z": 1.0
        },
        "matrix_basis": [
          [
            0.999927818775177,
            0.0014706776710227132,
            -0.011925331316888332,
            0.0
          ],
          [
            -0.0015344135463237762,
            0.9999845623970032,
            -0.005337199196219444,
            0.0
          ],
          [
            0.0119172977283597,
            0.005355112254619598,
            0.9999146461486816,
            0.0
          ],
          [
            0.0,
            0.0,
            0.0,
            1.0
          ]
        ],
        "rotation_mode": "QUATERNION"
      },
      "armature_space": {
        "head": {
          "x": 0.07294242829084396,
          "y": -0.6199352145195007,
          "z": 0.3936033248901367
        },
        "tail": {
          "x": 0.06782552599906921,
          "y": -0.6482224464416504,
          "z": 0.3883706033229828
        }
      },
      "world_space": {
        "head": {
          "x": 0.07294242829084396,
          "y": -0.5566912293434143,
          "z": 1.3434573411941528
        },
        "tail": {
          "x": 0.06782552599906921,
          "y": -0.584978461265564,
          "z": 1.3382246494293213
        },
        "rotation_quaternion": {
          "w": 0.08481420576572418,
          "x": -0.9902158975601196,
          "y": 0.09351854771375656,
          "z": -0.059441711753606796
        },
        "matrix": [
          [
            0.9754419326782227,
            -0.17512425780296326,
            0.13358376920223236,
            0.07294242829084396
          ],
          [
            -0.19529001414775848,
            -0.9681218266487122,
            0.1568504273891449,
            -0.5566912293434143
          ],
          [
            0.10185764729976654,
            -0.17908822000026703,
            -0.9785534739494324,
            1.3434573411941528
          ],
          [
            0.0,
            0.0,
            0.0,
            1.0
          ]
        ]
      },
      "bone_length_armature_space": 0.02921868522310631,
      "parent": "index_02_l",
      "has_children": false,
      "is_end_bone": true
    },
    "metacarpal_pinky_l": {
      "name": "metacarpal_pinky_l",
      "local": {
        "location": {
          "x": 0.0,
          "y": 0.0,
          "z": 0.0
        },
        "rotation_quaternion": {
          "w": 0.999889612197876,
          "x": -0.012985264882445335,
          "y": 0.0037408703938126564,
          "z": -0.006191561464220285
        },
        "scale": {
          "x": 1.0,
          "y": 1.0,
          "z": 1.0
        },
        "matrix_basis": [
          [
            0.9998953342437744,
            0.012284603901207447,
            0.007641713134944439,
            0.0
          ],
          [
            -0.012478908523917198,
            0.9995861053466797,
            0.02592133916914463,
            0.0
          ],
          [
            -0.007320116739720106,
            -0.026013987138867378,
            0.9996348023414612,
            0.0
          ],
          [
            0.0,
            0.0,
            0.0,
            1.0
          ]
        ],
        "rotation_mode": "QUATERNION"
      },
      "armature_space": {
        "head": {
          "x": 0.15082493424415588,
          "y": -0.4845818877220154,
          "z": 0.4518566131591797
        },
        "tail": {
          "x": 0.1390957534313202,
          "y": -0.5868778824806213,
          "z": 0.4363267123699188
        }
      },
      "world_space": {
        "head": {
          "x": 0.15082493424415588,
          "y": -0.42133790254592896,
          "z": 1.4017106294631958
        },
        "tail": {
          "x": 0.1390957534313202,
          "y": -0.5236338973045349,
          "z": 1.3861807584762573
        },
        "rotation_quaternion": {
          "w": 0.08508826047182083,
          "x": -0.46691086888313293,
          "y": -0.0396219864487648,
          "z": 0.8793089985847473
        },
        "matrix": [
          [
            -0.5495085120201111,
            -0.11263895034790039,
            -0.8278605341911316,
            0.15082493424415588
          ],
          [
            0.18663744628429413,
            -0.9823803305625916,
            0.009778471663594246,
            -0.42133790254592896
          ],
          [
            -0.8143808245658875,
            -0.149138405919075,
            0.5608528852462769,
            1.4017106294631958
          ],
          [
            0.0,
            0.0,
            0.0,
            1.0
          ]
        ]
      },
      "bone_length_armature_space": 0.1041307942951818,
      "parent": "lowerarm_l",
      "has_children": true,
      "is_end_bone": false
    },
    "pinky_01_l": {
      "name": "pinky_01_l",
      "local": {
        "location": {
          "x": 0.0,
          "y": 0.0,
          "z": 0.0
        },
        "rotation_quaternion": {
          "w": 0.9593855142593384,
          "x": 0.2818664312362671,
          "y": -0.007745914161205292,
          "z": -0.00841139629483223
        },
        "scale": {
          "x": 1.0,
          "y": 1.0,
          "z": 1.0
        },
        "matrix_basis": [
          [
            0.9997385144233704,
            0.011772917583584785,
            -0.01960441656410694,
            0.0
          ],
          [
            -0.02050616964697838,
            0.8409610986709595,
            -0.5407068133354187,
            0.0
          ],
          [
            0.010120854713022709,
            0.5409674644470215,
            0.8409826159477234,
            0.0
          ],
          [
            0.0,
            0.0,
            0.0,
            1.0
          ]
        ],
        "rotation_mode": "QUATERNION"
      },
      "armature_space": {
        "head": {
          "x": 0.1390957534313202,
