{
  "metadata": {
    "armature_name": "KIM_caucasian_male",
    "export_time": "2026-01-13T21:13:22.599103",
    "blender_version": "4.4.1",
    "bone_count": 56,
    "end_bone_count": 13,
    "spaces_included": [
      "LOCAL_CHANNELS",
      "ARMATURE_SPACE",
      "WORLD_SPACE"
    ],
    "note": "LOCAL matches Transform panel; replay pose via local.matrix_basis for best fidelity."
  },
  "bones": {
    "Root": {
      "name": "Root",
      "local": {
        "location": {
          "x": 0.0,
          "y": 0.0,
          "z": 0.0
        },
        "rotation_quaternion": {
          "w": 0.9997260570526123,
          "x": -0.018440889194607735,
          "y": 0.009811365976929665,
          "z": 0.01056484691798687
        },
        "scale": {
          "x": 1.0,
          "y": 1.0,
          "z": 1.0
        },
        "matrix_basis": [
          [
            0.9995842576026917,
            -0.021485766395926476,
            0.019227705895900726,
            0.0
          ],
          [
            0.020762044936418533,
            0.9990966320037842,
            0.037078987807035446,
            0.0
          ],
          [
            -0.02000700682401657,
            -0.036664362996816635,
            0.9991273283958435,
            0.0
          ],
          [
            0.0,
            0.0,
            0.0,
            1.0
          ]
        ],
        "rotation_mode": "QUATERNION"
      },
      "armature_space": {
        "head": {
          "x": 0.0,
          "y": 0.07072800397872925,
          "z": -0.009595036506652832
        },
        "tail": {
          "x": -0.0015335652278736234,
          "y": 0.00041569024324417114,
          "z": 0.002584547735750675
        }
      },
      "world_space": {
        "head": {
          "x": 0.0,
          "y": 0.13397200405597687,
          "z": 0.9402589797973633
        },
        "tail": {
          "x": -0.0015335652278736234,
          "y": 0.06365969032049179,
          "z": 0.9524385929107666
        },
        "rotation_quaternion": {
          "w": 0.08574818819761276,
          "x": 0.9962125420570374,
          "y": -0.009879874996840954,
          "z": 0.010500811040401459
        },
        "matrix": [
          [
            0.9995842576026917,
            -0.021485766395926476,
            0.019227705895900726,
            0.0
          ],
          [
            -0.017884057015180588,
            -0.9850992560386658,
            -0.17105481028556824,
            0.13397200405597687
          ],
          [
            0.022616583853960037,
            0.17064008116722107,
            -0.9850809574127197,
            0.9402589797973633
          ],
          [
            0.0,
            0.0,
            0.0,
            1.0
          ]
        ]
      },
      "bone_length_armature_space": 0.07137587595990101,
      "parent": null,
      "has_children": true,
      "is_end_bone": false
    },
    "spine_01": {
      "name": "spine_01",
      "local": {
        "location": {
          "x": 0.0,
          "y": 0.0,
          "z": 0.0
        },
        "rotation_quaternion": {
          "w": 0.9975285530090332,
          "x": -0.047474753111600876,
          "y": 0.05152128264307976,
          "z": 0.005344251170754433
        },
        "scale": {
          "x": 1.0,
          "y": 1.0,
          "z": 1.0
        },
        "matrix_basis": [
          [
            0.9946339726448059,
            -0.015554006211459637,
            0.10228046774864197,
            0.0
          ],
          [
            0.00577016593888402,
            0.9954351782798767,
            0.09526553004980087,
            0.0
          ],
          [
            -0.10329533368349075,
            -0.0941641554236412,
            0.990183413028717,
            0.0
          ],
          [
            0.0,
            0.0,
            0.0,
            1.0
          ]
        ],
        "rotation_mode": "QUATERNION"
      },
      "armature_space": {
        "head": {
          "x": -0.0015335652278736234,
          "y": 0.00041569024324417114,
          "z": 0.002584547735750675
        },
        "tail": {
          "x": -0.01843727007508278,
          "y": 0.087010458111763,
          "z": 0.48254716396331787
        }
      },
      "world_space": {
        "head": {
          "x": -0.0015335652278736234,
          "y": 0.06365969032049179,
          "z": 0.9524385929107666
        },
        "tail": {
          "x": -0.01843727007508278,
          "y": 0.15025445818901062,
          "z": 1.432401180267334
        },
        "rotation_quaternion": {
          "w": 0.7670249938964844,
          "x": 0.6401095390319824,
          "y": 0.01990763284265995,
          "z": 0.039193470031023026
        },
        "matrix": [
          [
            0.9961350560188293,
            -0.034638650715351105,
            0.08071571588516235,
            -0.0015335652278736234
          ],
          [
            0.08561107516288757,
            0.1774478554725647,
            -0.980399489402771,
            0.06365969032049179
          ],
          [
            0.019637102261185646,
            0.9835274815559387,
            0.17972785234451294,
            0.9524385929107666
          ],
          [
            0.0,
            0.0,
            0.0,
            1.0
          ]
        ]
      },
      "bone_length_armature_space": 0.4880046135642423,
      "parent": "Root",
      "has_children": true,
      "is_end_bone": false
    },
    "neck_01": {
      "name": "neck_01",
      "local": {
        "location": {
          "x": 0.0,
          "y": 0.0,
          "z": 0.0
        },
        "rotation_quaternion": {
          "w": 0.9903512001037598,
          "x": -0.03080311231315136,
          "y": 0.10881101340055466,
          "z": 0.0800999104976654
        },
        "scale": {
          "x": 1.0,
          "y": 1.0,
          "z": 1.0
        },
        "matrix_basis": [
          [
            0.9634883403778076,
            -0.16535751521587372,
            0.21058757603168488,
            0.0
          ],
          [
            0.1519506424665451,
            0.9852703213691711,
            0.07844330370426178,
            0.0
          ],
          [
            -0.22045688331127167,
            -0.04358029365539551,
            0.9744226336479187,
            0.0
          ],
          [
            0.0,
            0.0,
            0.0,
            1.0
          ]
        ],
        "rotation_mode": "QUATERNION"
      },
      "armature_space": {
        "head": {
          "x": -0.018174201250076294,
          "y": 0.06600223481655121,
          "z": 0.5607926249504089
        },
        "tail": {
          "x": -0.03558771684765816,
          "y": 0.047891765832901,
          "z": 0.6601884961128235
        }
      },
      "world_space": {
        "head": {
          "x": -0.018174201250076294,
          "y": 0.12924623489379883,
          "z": 1.5106465816497803
        },
        "tail": {
          "x": -0.03558771684765816,
          "y": 0.11113576591014862,
          "z": 1.6100425720214844
        },
        "rotation_quaternion": {
          "w": 0.6408466100692749,
          "x": 0.748115599155426,
          "y": 0.031468965113162994,
          "z": 0.16925859451293945
        },
        "matrix": [
          [
            0.9407228827476501,
            -0.1698525995016098,
            0.29358237981796265,
            -0.018174201250076294
          ],
          [
            0.2640213072299957,
            -0.17665071785449982,
            -0.9482023119926453,
            0.12924623489379883
          ],
          [
            0.21291786432266235,
            0.969514012336731,
            -0.12133635580539703,
            1.5106465816497803
          ],
          [
            0.0,
            0.0,
            0.0,
            1.0
          ]
        ]
      },
      "bone_length_armature_space": 0.10252198988270485,
      "parent": "spine_01",
      "has_children": true,
      "is_end_bone": false
    },
    "head": {
      "name": "head",
      "local": {
        "location": {
          "x": 0.0,
          "y": 0.0,
          "z": 0.0
        },
        "rotation_quaternion": {
          "w": 0.9728193879127502,
          "x": -0.05614760145545006,
          "y": -0.026055794209241867,
          "z": 0.22313931584358215
        },
        "scale": {
          "x": 1.0,
          "y": 1.0,
          "z": 1.0
        },
        "matrix_basis": [
          [
            0.8990598917007446,
            -0.4312225580215454,
            -0.0757526382803917,
            0.0
          ],
          [
            0.4370744526386261,
            0.8941125869750977,
            0.09761480987071991,
            0.0
          ],
          [
            0.025637688115239143,
            -0.12087109684944153,
            0.9923371076583862,
            0.0
          ],
          [
            0.0,
            0.0,
            0.0,
            1.0
          ]
        ],
        "rotation_mode": "QUATERNION"
      },
      "armature_space": {
        "head": {
          "x": -0.03558765724301338,
          "y": 0.047891631722450256,
          "z": 0.6601884365081787
        },
        "tail": {
          "x": -0.1392195075750351,
          "y": 0.07287250459194183,
          "z": 0.7728363871574402
        }
      },
      "world_space": {
        "head": {
          "x": -0.03558765724301338,
          "y": 0.11113563179969788,
          "z": 1.6100424528121948
        },
        "tail": {
          "x": -0.1392195075750351,
          "y": 0.13611650466918945,
          "z": 1.7226903438568115
        },
        "rotation_quaternion": {
          "w": 0.7429559826850891,
          "x": 0.5620180368423462,
          "y": -0.16897565126419067,
          "z": 0.32186874747276306
        },
        "matrix": [
          [
            0.735694944858551,
            -0.6682037115097046,
            0.11071118712425232,
            -0.03558765724301338
          ],
          [
            0.28833717107772827,
            0.16107314825057983,
            -0.9438842535018921,
            0.11113563179969788
          ],
          [
            0.6128789186477661,
            0.7263381481170654,
            0.31116992235183716,
            1.6100424528121948
          ],
          [
            0.0,
            0.0,
            0.0,
            1.0
          ]
        ]
      },
      "bone_length_armature_space": 0.15509083082350833,
      "parent": "neck_01",
      "has_children": false,
      "is_end_bone": true
    },
    "upperarm_l": {
      "name": "upperarm_l",
      "local": {
        "location": {
          "x": 0.0,
          "y": 0.0,
          "z": 0.0
        },
        "rotation_quaternion": {
          "w": 0.8242372274398804,
          "x": 0.48906803131103516,
          "y": 0.20221903920173645,
          "z": 0.20137766003608704
        },
        "scale": {
          "x": 1.0,
          "y": 1.0,
          "z": 1.0
        },
        "matrix_basis": [
          [
            0.8371089696884155,
            -0.13416819274425507,
            0.5303276777267456,
            0.0
          ],
          [
            0.5297636389732361,
            0.4405190050601959,
            -0.7247713804244995,
            0.0
          ],
          [
            -0.13637816905975342,
            0.8876609206199646,
            0.43983983993530273,
            0.0
          ],
          [
            0.0,
            0.0,
            0.0,
            1.0
          ]
        ],
        "rotation_mode": "QUATERNION"
      },
      "armature_space": {
        "head": {
          "x": 0.1338314563035965,
          "y": 0.06379140913486481,
          "z": 0.4982106685638428
        },
        "tail": {
          "x": 0.2791934013366699,
          "y": -0.1496565192937851,
          "z": 0.569747805595398
        }
      },
      "world_space": {
        "head": {
          "x": 0.1338314563035965,
          "y": 0.12703540921211243,
          "z": 1.4480646848678589
        },
        "tail": {
          "x": 0.2791934013366699,
          "y": -0.08641251921653748,
          "z": 1.519601821899414
        },
        "rotation_quaternion": {
          "w": 0.2610425651073456,
          "x": 0.8311312794685364,
          "y": 0.18326924741268158,
          "z": -0.4555107653141022
        },
        "matrix": [
          [
            0.5178448557853699,
            0.5424571633338928,
            -0.6614960432052612,
            0.1338314563035965
          ],
          [
            0.06682659685611725,
            -0.7965383529663086,
            -0.6008836030960083,
            0.12703540921211243
          ],
          [
            -0.8528664112091064,
            0.266960084438324,
            -0.4487374424934387,
            1.4480646848678589
          ],
          [
            0.0,
            0.0,
            0.0,
            1.0
          ]
        ]
      },
      "bone_length_armature_space": 0.2679695386916696,
      "parent": "spine_01",
      "has_children": true,
      "is_end_bone": false
    },
    "lowerarm_l": {
      "name": "lowerarm_l",
      "local": {
        "location": {
          "x": 0.0,
          "y": 0.0,
          "z": 0.0
        },
        "rotation_quaternion": {
          "w": 0.8792501091957092,
          "x": 0.37710240483283997,
          "y": -0.1295396238565445,
          "z": 0.2606387436389923
        },
        "scale": {
          "x": 1.0,
          "y": 1.0,
          "z": 1.0
        },
        "matrix_basis": [
          [
            0.8305738568305969,
            -0.5560327172279358,
            -0.031220462173223495,
            0.0
          ],
          [
            0.36063387989997864,
            0.5797224640846252,
            -0.7306607365608215,
            0.0
          ],
          [
            0.4243704378604889,
            0.5956085920333862,
            0.6820265054702759,
            0.0
          ],
          [
            0.0,
            0.0,
            0.0,
            1.0
          ]
        ],
        "rotation_mode": "QUATERNION"
      },
      "armature_space": {
        "head": {
          "x": 0.27919334173202515,
          "y": -0.14965663850307465,
          "z": 0.5697479248046875
        },
        "tail": {
          "x": 0.15308259427547455,
          "y": -0.35387176275253296,
          "z": 0.687907874584198
        }
      },
      "world_space": {
        "head": {
          "x": 0.27919334173202515,
          "y": -0.08641263842582703,
          "z": 1.5196019411087036
        },
        "tail": {
          "x": 0.15308259427547455,
          "y": -0.29062777757644653,
          "z": 1.6377618312835693
        },
        "rotation_quaternion": {
          "w": 0.04884175583720207,
          "x": 0.7694200277328491,
          "y": -0.3404971659183502,
          "z": -0.5382091403007507
        },
        "matrix": [
          [
            0.18878468871116638,
            -0.47139889001846313,
            -0.8614774942398071,
            0.27919334173202515
          ],
          [
            -0.5765454173088074,
            -0.7633510828018188,
            0.29135963320732117,
            -0.08641263842582703
          ],
          [
            -0.7949624061584473,
            0.44167906045913696,
            -0.415894478559494,
            1.5196019411087036
          ],
          [
            0.0,
            0.0,
            0.0,
            1.0
          ]
        ]
      },
      "bone_length_armature_space": 0.2675247835327576,
      "parent": "upperarm_l",
      "has_children": true,
      "is_end_bone": false
    },
    "metacarpal_thumb_l": {
      "name": "metacarpal_thumb_l",
      "local": {
        "location": {
          "x": 0.0,
          "y": 0.0,
          "z": 0.0
        },
        "rotation_quaternion": {
          "w": 0.9992080926895142,
          "x": -0.03810833767056465,
          "y": -0.009818599559366703,
          "z": 0.0058797188103199005
        },
        "scale": {
          "x": 1.0,
          "y": 1.0,
          "z": 1.0
        },
        "matrix_basis": [
          [
            0.9997380375862122,
            -0.011001784354448318,
            -0.020069781690835953,
            0.0
          ],
          [
            0.012498466297984123,
            0.9970263838768005,
            0.0760408565402031,
            0.0
          ],
          [
            0.01917351596057415,
            -0.07627177983522415,
            0.9969027042388916,
            0.0
          ],
          [
            0.0,
            0.0,
            0.0,
            1.0
          ]
        ],
        "rotation_mode": "QUATERNION"
      },
      "armature_space": {
        "head": {
          "x": 0.15308259427547455,
          "y": -0.35387176275253296,
          "z": 0.687907874584198
        },
        "tail": {
          "x": 0.10998199135065079,
          "y": -0.3782690465450287,
          "z": 0.6887409687042236
        }
      },
      "world_space": {
        "head": {
          "x": 0.15308259427547455,
          "y": -0.29062777757644653,
          "z": 1.6377618312835693
        },
        "tail": {
          "x": 0.10998199135065079,
          "y": -0.3150250315666199,
          "z": 1.6385949850082397
        },
        "rotation_quaternion": {
          "w": 0.14376288652420044,
          "x": 0.8325484991073608,
          "y": -0.4827648401260376,
          "z": 0.2305070161819458
        },
        "matrix": [
          [
            0.42760878801345825,
            -0.8701273798942566,
            0.24500766396522522,
            0.15308259427547455
          ],
          [
            -0.7375734448432922,
            -0.4925394356250763,
            -0.4619416892528534,
            -0.29062777757644653
          ],
          [
            0.5226271152496338,
            0.016818810254335403,
            -0.8524035215377808,
            1.6377618312835693
          ],
          [
            0.0,
            0.0,
            0.0,
            1.0
          ]
        ]
      },
      "bone_length_armature_space": 0.049533660304426096,
      "parent": "lowerarm_l",
      "has_children": true,
      "is_end_bone": false
    },
    "thumb_01_l": {
      "name": "thumb_01_l",
      "local": {
        "location": {
          "x": 0.0,
          "y": 0.0,
          "z": 0.0
        },
        "rotation_quaternion": {
          "w": 0.9997695684432983,
          "x": 0.009431357495486736,
          "y": -0.01844043843448162,
          "z": 0.005649109371006489
        },
        "scale": {
          "x": 1.0,
          "y": 1.0,
          "z": 1.0
        },
        "matrix_basis": [
          [
            0.9992560744285583,
            -0.011643451638519764,
            -0.036765821278095245,
            0.0
          ],
          [
            0.010947778820991516,
            0.9997583031654358,
            -0.019066711887717247,
            0.0
          ],
          [
            0.036978937685489655,
            0.018650025129318237,
            0.9991419911384583,
            0.0
          ],
          [
            0.0,
            0.0,
            0.0,
            1.0
          ]
        ],
        "rotation_mode": "QUATERNION"
      },
      "armature_space": {
        "head": {
          "x": 0.10998199135065079,
          "y": -0.3782690465450287,
          "z": 0.6887409687042236
        },
        "tail": {
          "x": 0.09541401267051697,
          "y": -0.3984428644180298,
          "z": 0.6655154824256897
        }
      },
      "world_space": {
        "head": {
          "x": 0.10998199135065079,
          "y": -0.3150250315666199,
          "z": 1.6385949850082397
        },
        "tail": {
          "x": 0.09541401267051697,
          "y": -0.33519887924194336,
          "z": 1.6153695583343506
        },
        "rotation_quaternion": {
          "w": 0.09929166734218597,
          "x": 0.2962331175804138,
          "y": -0.4402317404747009,
          "z": 0.8417738676071167
        },
        "matrix": [
          [
            -0.8047747611999512,
            -0.427984356880188,
            0.41129881143569946,
            0.10998199135065079
          ],
          [
            -0.09365836530923843,
            -0.592675507068634,
            -0.7999774217605591,
            -0.3150250315666199
          ],
          [
            0.5861484408378601,
            -0.6823286414146423,
            0.43688833713531494,
            1.6385949850082397
          ],
          [
            0.0,
            0.0,
            0.0,
            1.0
          ]
        ]
      },
      "bone_length_armature_space": 0.03403868584890161,
      "parent": "metacarpal_thumb_l",
      "has_children": true,
      "is_end_bone": false
    },
    "thumb_02_l": {
      "name": "thumb_02_l",
      "local": {
        "location": {
          "x": 0.0,
          "y": 0.0,
          "z": 0.0
        },
        "rotation_quaternion": {
          "w": 0.990605354309082,
          "x": 0.13654722273349762,
          "y": 0.006575675681233406,
          "z": 0.003560695331543684
        },
        "scale": {
          "x": 1.0,
          "y": 1.0,
          "z": 1.0
        },
        "matrix_basis": [
          [
            0.9998881816864014,
            -0.005258707329630852,
            0.01400020532310009,
            0.0
          ],
          [
            0.008850268088281155,
            0.9626843333244324,
            -0.27048200368881226,
            0.0
          ],
          [
            -0.012055393308401108,
            0.2705756425857544,
            0.9626232385635376,
            0.0
          ],
          [
            0.0,
            0.0,
            0.0,
            1.0
          ]
        ],
        "rotation_mode": "QUATERNION"
      },
      "armature_space": {
        "head": {
          "x": 0.09541402757167816,
          "y": -0.3984428346157074,
          "z": 0.6655154824256897
        },
        "tail": {
          "x": 0.08095956593751907,
          "y": -0.42902180552482605,
          "z": 0.687175989151001
        }
      },
      "world_space": {
        "head": {
          "x": 0.09541402757167816,
          "y": -0.3351988196372986,
          "z": 1.6153695583343506
        },
        "tail": {
          "x": 0.08095956593751907,
          "y": -0.36577779054641724,
          "z": 1.637030005455017
        },
        "rotation_quaternion": {
          "w": 0.23976051807403564,
          "x": 0.1667919009923935,
          "y": 0.24868075549602509,
          "z": 0.9235005378723145
        },
        "matrix": [
          [
            -0.8293903470039368,
            -0.35988232493400574,
            0.4273127615451813,
            0.09541402757167816
          ],
          [
            0.525794267654419,
            -0.7613453269004822,
            0.37933310866355896,
            -0.3351988196372986
          ],
          [
            0.18881899118423462,
            0.5392968058586121,
            0.8206827044487,
            1.6153695583343506
          ],
          [
            0.0,
            0.0,
            0.0,
            1.0
          ]
        ]
      },
      "bone_length_armature_space": 0.04016444317963629,
      "parent": "thumb_01_l",
      "has_children": true,
      "is_end_bone": false
    },
    "thumb_03_l": {
      "name": "thumb_03_l",
      "local": {
        "location": {
          "x": 0.0,
          "y": 0.0,
          "z": 0.0
        },
        "rotation_quaternion": {
          "w": 0.9970722794532776,
          "x": 0.07646463811397552,
          "y": -0.00011869100853800774,
          "z": -7.533770985901356e-05
        },
        "scale": {
          "x": 1.0,
          "y": 1.0,
          "z": 1.0
        },
        "matrix_basis": [
          [
            0.9999999403953552,
            0.00013208294694777578,
            -0.0002482083800714463,
            0.0
          ],
          [
            -0.00016838560986798257,
            0.9883062839508057,
            -0.15248152613639832,
            0.0
          ],
          [
            0.0002251656842418015,
            0.1524815559387207,
            0.9883062839508057,
            0.0
          ],
          [
            0.0,
            0.0,
            0.0,
            1.0
          ]
        ],
        "rotation_mode": "QUATERNION"
      },
      "armature_space": {
        "head": {
          "x": 0.0809595063328743,
          "y": -0.42902177572250366,
          "z": 0.6871759295463562
        },
        "tail": {
          "x": 0.0788026973605156,
          "y": -0.4470132291316986,
          "z": 0.7116413116455078
        }
      },
      "world_space": {
        "head": {
          "x": 0.0809595063328743,
          "y": -0.36577779054641724,
          "z": 1.6370298862457275
        },
        "tail": {
          "x": 0.0788026973605156,
          "y": -0.3837692141532898,
          "z": 1.661495327949524
        },
        "rotation_quaternion": {
          "w": 0.06497523188591003,
          "x": 0.050134655088186264,
          "y": 0.44755154848098755,
          "z": 0.8904843330383301
        },
        "matrix": [
          [
            -0.9865292906761169,
            -0.0708431676030159,
            0.14744795858860016,
            0.0809595063328743
          ],
          [
            0.16059476137161255,
            -0.5909512639045715,
            0.7905604839324951,
            -0.36577779054641724
          ],
          [
            0.031128965318202972,
            0.8035955429077148,
            0.5943728685379028,
            1.6370298862457275
          ],
          [
            0.0,
            0.0,
            0.0,
            1.0
          ]
        ]
      },
      "bone_length_armature_space": 0.030445018092051742,
      "parent": "thumb_02_l",
      "has_children": false,
      "is_end_bone": true
    },
    "metacarpal_index_l": {
      "name": "metacarpal_index_l",
      "local": {
        "location": {
          "x": 0.0,
          "y": 0.0,
          "z": 0.0
        },
        "rotation_quaternion": {
          "w": 0.9999253153800964,
          "x": -0.006752764340490103,
          "y": -0.0033545002806931734,
          "z": -0.009617791511118412
        },
        "scale": {
          "x": 1.0,
          "y": 1.0,
          "z": 1.0
        },
        "matrix_basis": [
          [
            0.9997925162315369,
            0.019279450178146362,
            -0.006578606087714434,
            0.0
          ],
          [
            -0.019188841804862022,
            0.9997237920761108,
            0.013569045811891556,
            0.0
          ],
          [
            0.006838392931967974,
            -0.013439994305372238,
            0.9998862743377686,
            0.0
          ],
          [
            0.0,
            0.0,
            0.0,
            1.0
          ]
        ],
        "rotation_mode": "QUATERNION"
      },
      "armature_space": {
        "head": {
          "x": 0.15308259427547455,
          "y": -0.35387176275253296,
          "z": 0.687907874584198
        },
        "tail": {
          "x": 0.07276634126901627,
          "y": -0.43333134055137634,
          "z": 0.7189674973487854
        }
      },
      "world_space": {
        "head": {
          "x": 0.15308259427547455,
          "y": -0.29062777757644653,
          "z": 1.6377618312835693
        },
        "tail": {
          "x": 0.07276634126901627,
          "y": -0.37008732557296753,
          "z": 1.6688215732574463
        },
        "rotation_quaternion": {
          "w": 0.11276095360517502,
          "x": 0.9127740263938904,
          "y": -0.3849828839302063,
          "z": -0.07692032307386398
        },
        "matrix": [
          [
            0.6917427182197571,
            -0.6854575872421265,
            -0.227244034409523,
            0.15308259427547455
          ],
          [
            -0.7201520800590515,
            -0.678146243095398,
            -0.146624356508255,
            -0.29062777757644653
          ],
          [
            -0.0536009781062603,
            0.26507776975631714,
            -0.96274334192276,
            1.6377618312835693
          ],
          [
            0.0,
            0.0,
            0.0,
            1.0
          ]
        ]
      },
      "bone_length_armature_space": 0.11717177697839985,
      "parent": "lowerarm_l",
      "has_children": true,
      "is_end_bone": false
    },
    "index_01_l": {
      "name": "index_01_l",
      "local": {
        "location": {
          "x": 0.0,
          "y": 0.0,
          "z": 0.0
        },
        "rotation_quaternion": {
          "w": 0.9997900128364563,
          "x": -0.0065598636865615845,
          "y": -0.013198303990066051,
          "z": -0.01424042135477066
        },
        "scale": {
          "x": 1.0,
          "y": 1.0,
          "z": 1.0
        },
        "matrix_basis": [
          [
            0.9992460012435913,
            0.028648020699620247,
            -0.02620423398911953,
            0.0
          ],
          [
            -0.028301704674959183,
            0.9995083808898926,
            0.013492871075868607,
            0.0
          ],
          [
            0.026577895507216454,
            -0.012741073966026306,
            0.9995655417442322,
            0.0
          ],
          [
            0.0,
            0.0,
            0.0,
            1.0
          ]
        ],
        "rotation_mode": "QUATERNION"
      },
      "armature_space": {
        "head": {
          "x": 0.07276634126901627,
          "y": -0.43333134055137634,
          "z": 0.7189674973487854
        },
        "tail": {
          "x": 0.06307724863290787,
          "y": -0.45805999636650085,
          "z": 0.7293446660041809
        }
      },
      "world_space": {
        "head": {
          "x": 0.07276634126901627,
          "y": -0.37008732557296753,
          "z": 1.6688215732574463
        },
        "tail": {
          "x": 0.06307724863290787,
          "y": -0.39481598138809204,
          "z": 1.6791987419128418
        },
        "rotation_quaternion": {
          "w": 0.16479302942752838,
          "x": 0.9586166143417358,
          "y": -0.19805532693862915,
          "z": -0.12112611532211304
        },
        "matrix": [
          [
            0.892204999923706,
            -0.33979693055152893,
            -0.2975035011768341,
            0.07276634126901627
          ],
          [
            -0.4196399450302124,
            -0.8672346472740173,
            -0.2679673731327057,
            -0.37008732557296753
          ],
          [
            -0.16695240139961243,
            0.3639279007911682,
            -0.9163500070571899,
            1.6688215732574463
          ],
          [
            0.0,
            0.0,
            0.0,
            1.0
          ]
        ]
      },
      "bone_length_armature_space": 0.028514391917559934,
      "parent": "metacarpal_index_l",
      "has_children": true,
      "is_end_bone": false
    },
    "index_02_l": {
      "name": "index_02_l",
      "local": {
        "location": {
          "x": 0.0,
          "y": 0.0,
          "z": 0.0
        },
        "rotation_quaternion": {
          "w": 0.9831904768943787,
          "x": 0.18257053196430206,
          "y": -0.0017240894958376884,
          "z": -0.0012759268283843994
        },
        "scale": {
          "x": 1.0,
          "y": 1.0,
          "z": 1.0
        },
        "matrix_basis": [
          [
            0.9999908208847046,
            0.0018794223433360457,
            -0.003856109920889139,
            0.0
          ],
          [
            -0.0031384939793497324,
            0.9333327412605286,
            -0.3589988052845001,
            0.0
          ],
          [
            0.002924323547631502,
            0.3590076267719269,
            0.9333300590515137,
            0.0
          ],
          [
            0.0,
            0.0,
            0.0,
            1.0
          ]
        ],
        "rotation_mode": "QUATERNION"
      },
      "armature_space": {
        "head": {
          "x": 0.06307680904865265,
          "y": -0.4580603241920471,
          "z": 0.7293445467948914
        },
        "tail": {
          "x": 0.052523162215948105,
          "y": -0.48141470551490784,
          "z": 0.7304773926734924
        }
      },
      "world_space": {
        "head": {
          "x": 0.06307680904865265,
          "y": -0.3948163390159607,
          "z": 1.6791985034942627
        },
        "tail": {
          "x": 0.052523162215948105,
          "y": -0.418170690536499,
          "z": 1.6803314685821533
        },
        "rotation_quaternion": {
          "w": 0.004182548262178898,
          "x": -0.9695062637329102,
          "y": 0.21163487434387207,
          "z": 0.12349431216716766
        },
        "matrix": [
          [
            0.8799196481704712,
            -0.411395788192749,
            -0.23768651485443115,
            0.06307680904865265
          ],
          [
            -0.40932974219322205,
            -0.9103863835334778,
            0.060381293296813965,
            -0.3948163390159607
          ],
          [
            -0.24122920632362366,
            0.0441608726978302,
            -0.9694701433181763,
            1.6791985034942627
          ],
          [
            0.0,
            0.0,
            0.0,
            1.0
          ]
        ]
      },
      "bone_length_armature_space": 0.025653263904546936,
      "parent": "index_01_l",
      "has_children": true,
      "is_end_bone": false
    },
    "index_03_l": {
      "name": "index_03_l",
      "local": {
        "location": {
          "x": 0.0,
          "y": 0.0,
          "z": 0.0
        },
        "rotation_quaternion": {
          "w": 0.969295084476471,
          "x": 0.2458961009979248,
          "y": -0.0005854674964211881,
          "z": -0.0013365955092012882
        },
        "scale": {
          "x": 1.0,
          "y": 1.0,
          "z": 1.0
        },
        "matrix_basis": [
          [
            0.999995768070221,
            0.002303182613104582,
            -0.0017923087580129504,
            0.0
          ],
          [
            -0.0028790391515940428,
            0.8790666460990906,
            -0.4766902029514313,
            0.0
          ],
          [
            0.00047765427734702826,
            0.476693332195282,
            0.8790695071220398,
            0.0
          ],
          [
            0.0,
            0.0,
            0.0,
            1.0
          ]
        ],
        "rotation_mode": "QUATERNION"
      },
      "armature_space": {
        "head": {
          "x": 0.0525231808423996,
          "y": -0.48141467571258545,
          "z": 0.7304775714874268
        },
        "tail": {
          "x": 0.04169093817472458,
          "y": -0.5038016438484192,
          "z": 0.7151406407356262
        }
      },
      "world_space": {
        "head": {
          "x": 0.0525231808423996,
          "y": -0.418170690536499,
          "z": 1.6803315877914429
        },
        "tail": {
          "x": 0.04169093817472458,
          "y": -0.44055765867233276,
          "z": 1.664994716644287
        },
        "rotation_quaternion": {
          "w": 0.2862306535243988,
          "x": -0.9391160011291504,
          "y": 0.18702644109725952,
          "z": 0.033977534621953964
        },
        "matrix": [
          [
            0.9277330636978149,
            -0.3707300126552582,
            0.043248601257801056,
            0.0525231808423996
          ],
          [
            -0.33182889223098755,
            -0.7661863565444946,
            0.5503163933753967,
            -0.418170690536499
          ],
          [
            -0.17088378965854645,
            -0.5249022841453552,
            -0.8338406682014465,
            1.6803315877914429
          ],
          [
            0.0,
            0.0,
            0.0,
            1.0
          ]
        ]
      },
      "bone_length_armature_space": 0.029218748722444534,
      "parent": "index_02_l",
      "has_children": false,
      "is_end_bone": true
    },
    "metacarpal_pinky_l": {
      "name": "metacarpal_pinky_l",
      "local": {
        "location": {
          "x": 0.0,
          "y": 0.0,
          "z": 0.0
        },
        "rotation_quaternion": {
          "w": 0.9995929002761841,
          "x": -0.023962005972862244,
          "y": -0.009872700087726116,
          "z": 0.011935895308852196
        },
        "scale": {
          "x": 1.0,
          "y": 1.0,
          "z": 1.0
        },
        "matrix_basis": [
          [
            0.9995201230049133,
            -0.023388933390378952,
            -0.02030937746167183,
            0.0
          ],
          [
            0.024335211142897606,
            0.9985666871070862,
            0.04766882210969925,
            0.0
          ],
          [
            0.019165346398949623,
            -0.04814017936587334,
            0.998656690120697,
            0.0
          ],
          [
            0.0,
            0.0,
            0.0,
            1.0
          ]
        ],
        "rotation_mode": "QUATERNION"
      },
      "armature_space": {
        "head": {
          "x": 0.15308259427547455,
          "y": -0.35387176275253296,
          "z": 0.687907874584198
        },
        "tail": {
          "x": 0.1380406618118286,
          "y": -0.441574364900589,
          "z": 0.7419933676719666
        }
      },
      "world_space": {
        "head": {
          "x": 0.15308259427547455,
          "y": -0.29062777757644653,
          "z": 1.6377618312835693
        },
        "tail": {
          "x": 0.1380406618118286,
          "y": -0.3783303499221802,
          "z": 1.691847324371338
        },
        "rotation_quaternion": {
          "w": 0.006954651325941086,
          "x": -0.23418590426445007,
          "y": 0.2807738184928894,
          "z": 0.9307388067245483
        },
        "matrix": [
          [
            -0.8902174234390259,
            -0.14445240795612335,
            -0.43202605843544006,
            0.15308259427547455
          ],
          [
            -0.11856051534414291,
            -0.8422353863716125,
            0.5259115099906921,
            -0.29062777757644653
          ],
          [
            -0.4398398995399475,
            0.5193997025489807,
            0.7326518297195435,
            1.6377618312835693
          ],
          [
            0.0,
            0.0,
            0.0,
            1.0
          ]
        ]
      },
      "bone_length_armature_space": 0.10413091266040965,
      "parent": "lowerarm_l",
      "has_children": true,
      "is_end_bone": false
    },
    "pinky_01_l": {
      "name": "pinky_01_l",
      "local": {
        "location": {
          "x": 0.0,
          "y": 0.0,
          "z": 0.0
        },
        "rotation_quaternion": {
          "w": 0.9983206987380981,
          "x": 0.055132001638412476,
          "y": 0.017378510907292366,
          "z": 0.0037718075327575207
        },
        "scale": {
          "x": 1.0,
          "y": 1.0,
          "z": 1.0
        },
        "matrix_basis": [
          [
            0.9993675351142883,
            -0.005614723078906536,
            0.03511454910039902,
            0.0
          ],
          [
            0.009447171352803707,
            0.9938924908638,
            -0.10994774103164673,
            0.0
          ],
          [
            -0.034282758831977844,
            0.11020993441343307,
            0.9933168888092041,
            0.0
          ],
          [
            0.0,
            0.0,
            0.0,
            1.0
          ]
        ],
        "rotation_mode": "QUATERNION"
      },
      "armature_space": {
        "head": {
          "x": 0.1380406618118286,
          "y": -0.441574364900589,
