{
  "metadata": {
    "armature_name": "KIM_caucasian_male",
    "export_time": "2026-01-13T21:02:17.094479",
    "blender_version": "4.4.1",
    "bone_count": 56,
    "end_bone_count": 13,
    "spaces_included": [
      "LOCAL_CHANNELS",
      "ARMATURE_SPACE",
      "WORLD_SPACE"
    ],
    "note": "LOCAL matches Transform panel; replay pose via local.matrix_basis for best fidelity."
  },
  "bones": {
    "Root": {
      "name": "Root",
      "local": {
        "location": {
          "x": 0.0,
          "y": 0.0,
          "z": 0.0
        },
        "rotation_quaternion": {
          "w": 0.9995269775390625,
          "x": -0.00757257454097271,
          "y": -1.1980844647041522e-05,
          "z": -0.029809972271323204
        },
        "scale": {
          "x": 1.0,
          "y": 1.0,
          "z": 1.0
        },
        "matrix_basis": [
          [
            0.9982227087020874,
            0.05959192290902138,
            0.0004275261308066547,
            0.0
          ],
          [
            -0.05959156155586243,
            0.9981080293655396,
            0.015138699673116207,
            0.0
          ],
          [
            0.00047542681568302214,
            -0.015137271024286747,
            0.9998853206634521,
            0.0
          ],
          [
            0.0,
            0.0,
            0.0,
            1.0
          ]
        ],
        "rotation_mode": "QUATERNION"
      },
      "armature_space": {
        "head": {
          "x": 0.0,
          "y": 0.07072800397872925,
          "z": -0.009595036506652832
        },
        "tail": {
          "x": 0.004253425169736147,
          "y": 0.000279061496257782,
          "z": 0.0010524839162826538
        }
      },
      "world_space": {
        "head": {
          "x": 0.0,
          "y": 0.13397200405597687,
          "z": 0.9402589797973633
        },
        "tail": {
          "x": 0.004253425169736147,
          "y": 0.0635230615735054,
          "z": 0.95090651512146
        },
        "rotation_quaternion": {
          "w": 0.07489116489887238,
          "x": 0.9967460632324219,
          "y": 0.029741445556282997,
          "z": -0.002020190702751279
        },
        "matrix": [
          [
            0.9982227087020874,
            0.05959192290902138,
            0.0004275261308066547,
            0.0
          ],
          [
            0.05898674950003624,
            -0.9870134592056274,
            -0.14941555261611938,
            0.13397200405597687
          ],
          [
            -0.008481990545988083,
            0.14917534589767456,
            -0.9887814521789551,
            0.9402589797973633
          ],
          [
            0.0,
            0.0,
            0.0,
            1.0
          ]
        ]
      },
      "bone_length_armature_space": 0.07137586923195241,
      "parent": null,
      "has_children": true,
      "is_end_bone": false
    },
    "spine_01": {
      "name": "spine_01",
      "local": {
        "location": {
          "x": 0.0,
          "y": 0.0,
          "z": 0.0
        },
        "rotation_quaternion": {
          "w": 0.9990291595458984,
          "x": 0.029991377145051956,
          "y": -0.0025197567883878946,
          "z": -0.03216928616166115
        },
        "scale": {
          "x": 1.0,
          "y": 1.0,
          "z": 1.0
        },
        "matrix_basis": [
          [
            0.9979175925254822,
            0.06412496417760849,
            -0.006964223459362984,
            0.0
          ],
          [
            -0.06442724913358688,
            0.9961313009262085,
            -0.05976240336894989,
            0.0
          ],
          [
            0.0031050185207277536,
            0.06008663773536682,
            0.998188316822052,
            0.0
          ],
          [
            0.0,
            0.0,
            0.0,
            1.0
          ]
        ],
        "rotation_mode": "QUATERNION"
      },
      "armature_space": {
        "head": {
          "x": 0.004253425169736147,
          "y": 0.000279061496257782,
          "z": 0.0010524839162826538
        },
        "tail": {
          "x": 0.039573874324560165,
          "y": 0.0030539545696228743,
          "z": 0.48776936531066895
        }
      },
      "world_space": {
        "head": {
          "x": 0.004253425169736147,
          "y": 0.0635230615735054,
          "z": 0.95090651512146
        },
        "tail": {
          "x": 0.039573874324560165,
          "y": 0.06629795581102371,
          "z": 1.437623381614685
        },
        "rotation_quaternion": {
          "w": 0.7077463865280151,
          "x": 0.7050561904907227,
          "y": 0.04402254894375801,
          "z": -0.007277366239577532
        },
        "matrix": [
          [
            0.99601811170578,
            0.07237778604030609,
            0.05205121263861656,
            0.004253425169736147
          ],
          [
            0.051775168627500534,
            0.0056862421333789825,
            -0.99864262342453,
            0.0635230615735054
          ],
          [
            -0.07257598638534546,
            0.9973680973052979,
            0.0019153468310832977,
            0.95090651512146
          ],
          [
            0.0,
            0.0,
            0.0,
            1.0
          ]
        ]
      },
      "bone_length_armature_space": 0.4880046571021602,
      "parent": "Root",
      "has_children": true,
      "is_end_bone": false
    },
    "neck_01": {
      "name": "neck_01",
      "local": {
        "location": {
          "x": 0.0,
          "y": 0.0,
          "z": 0.0
        },
        "rotation_quaternion": {
          "w": 0.9784711599349976,
          "x": -0.11812040209770203,
          "y": -0.11307835578918457,
          "z": -0.12591767311096191
        },
        "scale": {
          "x": 1.0,
          "y": 1.0,
          "z": 1.0
        },
        "matrix_basis": [
          [
            0.9427160620689392,
            0.27312734723091125,
            -0.19154092669487,
            0.0
          ],
          [
            -0.2196999043226242,
            0.9403846263885498,
            0.2596319317817688,
            0.0
          ],
          [
            0.2510347068309784,
            -0.2026776820421219,
            0.9465216994285583,
            0.0
          ],
          [
            0.0,
            0.0,
            0.0,
            1.0
          ]
        ],
        "rotation_mode": "QUATERNION"
      },
      "armature_space": {
        "head": {
          "x": 0.04667842388153076,
          "y": -0.03116307593882084,
          "z": 0.5608615279197693
        },
        "tail": {
          "x": 0.08253741264343262,
          "y": -0.04658615216612816,
          "z": 0.655661404132843
        }
      },
      "world_space": {
        "head": {
          "x": 0.04667842388153076,
          "y": 0.03208092600107193,
          "z": 1.5107154846191406
        },
        "tail": {
          "x": 0.08253741264343262,
          "y": 0.01665784791111946,
          "z": 1.605515480041504
        },
        "rotation_quaternion": {
          "w": 0.6463675498962402,
          "x": 0.7379388213157654,
          "y": 0.0836072713136673,
          "z": -0.17511455714702606
        },
        "matrix": [
          [
            0.924689769744873,
            0.3497709333896637,
            -0.1503637284040451,
            0.04667842388153076
          ],
          [
            -0.1029806137084961,
            -0.15043771266937256,
            -0.9832414388656616,
            0.03208092600107193
          ],
          [
            -0.36653226613998413,
            0.9246841073036194,
            -0.10309019684791565,
            1.5107154846191406
          ],
          [
            0.0,
            0.0,
            0.0,
            1.0
          ]
        ]
      },
      "bone_length_armature_space": 0.10252197483712167,
      "parent": "spine_01",
      "has_children": true,
      "is_end_bone": false
    },
    "head": {
      "name": "head",
      "local": {
        "location": {
          "x": 0.0,
          "y": 0.0,
          "z": 0.0
        },
        "rotation_quaternion": {
          "w": 0.9690837860107422,
          "x": -0.12025295197963715,
          "y": -0.017859643325209618,
          "z": 0.2147017866373062
        },
        "scale": {
          "x": 1.0,
          "y": 1.0,
          "z": 1.0
        },
        "matrix_basis": [
          [
            0.9071683287620544,
            -0.41183269023895264,
            -0.08625202625989914,
            0.0
          ],
          [
            0.42042338848114014,
            0.8788847327232361,
            0.225401371717453,
            0.0
          ],
          [
            -0.017022065818309784,
            -0.2407393604516983,
            0.9704405069351196,
            0.0
          ],
          [
            0.0,
            0.0,
            0.0,
            1.0
          ]
        ],
        "rotation_mode": "QUATERNION"
      },
      "armature_space": {
        "head": {
          "x": 0.08253736048936844,
          "y": -0.0465862937271595,
          "z": 0.6556612849235535
        },
        "tail": {
          "x": 0.07586292177438736,
          "y": 0.025755170732736588,
          "z": 0.7926847338676453
        }
      },
      "world_space": {
        "head": {
          "x": 0.08253736048936844,
          "y": 0.01665770635008812,
          "z": 1.6055152416229248
        },
        "tail": {
          "x": 0.07586292177438736,
          "y": 0.08899916708469391,
          "z": 1.7425386905670166
        },
        "rotation_quaternion": {
          "w": 0.8561448454856873,
          "x": 0.5162623524665833,
          "y": -0.015481185168027878,
          "z": 0.01579819619655609
        },
        "matrix": [
          [
            0.9990215301513672,
            -0.043035838752985,
            -0.010196004062891006,
            0.08253736048936844
          ],
          [
            0.011066596955060959,
            0.466447651386261,
            -0.8844796419143677,
            0.01665770635008812
          ],
          [
            0.04282055422663689,
            0.883508026599884,
            0.46647000312805176,
            1.6055152416229248
          ],
          [
            0.0,
            0.0,
            0.0,
            1.0
          ]
        ]
      },
      "bone_length_armature_space": 0.15509113877954347,
      "parent": "neck_01",
      "has_children": false,
      "is_end_bone": true
    },
    "upperarm_l": {
      "name": "upperarm_l",
      "local": {
        "location": {
          "x": 0.0,
          "y": 0.0,
          "z": 0.0
        },
        "rotation_quaternion": {
          "w": 0.8410665988922119,
          "x": 0.15651613473892212,
          "y": 0.4778023362159729,
          "z": 0.19953608512878418
        },
        "scale": {
          "x": 1.0,
          "y": 1.0,
          "z": 1.0
        },
        "matrix_basis": [
          [
            0.46378055214881897,
            -0.1860787272453308,
            0.8661884069442749,
            0.0
          ],
          [
            0.4852138161659241,
            0.871376097202301,
            -0.07260336726903915,
            0.0
          ],
          [
            -0.7412659525871277,
            0.4539586007595062,
            0.4944152534008026,
            0.0
          ],
          [
            0.0,
            0.0,
            0.0,
            1.0
          ]
        ],
        "rotation_mode": "QUATERNION"
      },
      "armature_space": {
        "head": {
          "x": 0.19138279557228088,
          "y": -0.02696375921368599,
          "z": 0.482950359582901
        },
        "tail": {
          "x": 0.43846380710601807,
          "y": -0.12776343524456024,
          "z": 0.5074047446250916
        }
      },
      "world_space": {
        "head": {
          "x": 0.19138279557228088,
          "y": 0.03628024086356163,
          "z": 1.4328043460845947
        },
        "tail": {
          "x": 0.43846380710601807,
          "y": -0.06451943516731262,
          "z": 1.457258701324463
        },
        "rotation_quaternion": {
          "w": 0.17792406678199768,
          "x": 0.8084911704063416,
          "y": 0.5293976068496704,
          "z": -0.18553496897220612
        },
        "matrix": [
          [
            0.3706294298171997,
            0.9220492839813232,
            -0.11161989718675613,
            0.19138279557228088
          ],
          [
            0.790004551410675,
            -0.3761610984802246,
            -0.48414453864097595,
            0.03628024086356163
          ],
          [
            -0.4883948266506195,
            0.0912582129240036,
            -0.8678459525108337,
            1.4328043460845947
          ],
          [
            0.0,
            0.0,
            0.0,
            1.0
          ]
        ]
      },
      "bone_length_armature_space": 0.2679694349703153,
      "parent": "spine_01",
      "has_children": true,
      "is_end_bone": false
    },
    "lowerarm_l": {
      "name": "lowerarm_l",
      "local": {
        "location": {
          "x": 0.0,
          "y": 0.0,
          "z": 0.0
        },
        "rotation_quaternion": {
          "w": 0.9803073406219482,
          "x": 0.1966364085674286,
          "y": -0.00849493034183979,
          "z": -0.01611246168613434
        },
        "scale": {
          "x": 1.0,
          "y": 1.0,
          "z": 1.0
        },
        "matrix_basis": [
          [
            0.9993364214897156,
            0.028249504044651985,
            -0.022991878911852837,
            0.0
          ],
          [
            -0.03493115305900574,
            0.9221490025520325,
            -0.38525447249412537,
            0.0
          ],
          [
            0.010318691842257977,
            0.3858019709587097,
            0.9225239157676697,
            0.0
          ],
          [
            0.0,
            0.0,
            0.0,
            1.0
          ]
        ],
        "rotation_mode": "QUATERNION"
      },
      "armature_space": {
        "head": {
          "x": 0.43846386671066284,
          "y": -0.12776358425617218,
          "z": 0.5074048042297363
        },
        "tail": {
          "x": 0.6288034915924072,
          "y": -0.29752588272094727,
          "z": 0.4266517758369446
        }
      },
      "world_space": {
        "head": {
          "x": 0.43846386671066284,
          "y": -0.06451958417892456,
          "z": 1.4572588205337524
        },
        "tail": {
          "x": 0.6288034915924072,
          "y": -0.23428188264369965,
          "z": 1.3765058517456055
        },
        "rotation_quaternion": {
          "w": 0.006793090607970953,
          "x": 0.8265203237533569,
          "y": 0.4273987114429474,
          "z": -0.3662630021572113
        },
        "matrix": [
          [
            0.36636245250701904,
            0.7114849090576172,
            -0.5996395945549011,
            0.43846386671066284
          ],
          [
            0.701531171798706,
            -0.634567379951477,
            -0.32431232929229736,
            -0.06451958417892456
          ],
          [
            -0.6112586259841919,
            -0.3018527925014496,
            -0.7316159009933472,
            1.4572588205337524
          ],
          [
            0.0,
            0.0,
            0.0,
            1.0
          ]
        ]
      },
      "bone_length_armature_space": 0.2675246999825721,
      "parent": "upperarm_l",
      "has_children": true,
      "is_end_bone": false
    },
    "metacarpal_thumb_l": {
      "name": "metacarpal_thumb_l",
      "local": {
        "location": {
          "x": 0.0,
          "y": 0.0,
          "z": 0.0
        },
        "rotation_quaternion": {
          "w": 0.9996185302734375,
          "x": -0.017860064283013344,
          "y": 0.014473442919552326,
          "z": 0.01531522162258625
        },
        "scale": {
          "x": 1.0,
          "y": 1.0,
          "z": 1.0
        },
        "matrix_basis": [
          [
            0.9991119503974915,
            -0.03113575279712677,
            0.02838878147304058,
            0.0
          ],
          [
            0.03010176494717598,
            0.9988929033279419,
            0.036149829626083374,
            0.0
          ],
          [
            -0.029482904821634293,
            -0.035263173282146454,
            0.9989430904388428,
            0.0
          ],
          [
            0.0,
            0.0,
            0.0,
            1.0
          ]
        ],
        "rotation_mode": "QUATERNION"
      },
      "armature_space": {
        "head": {
          "x": 0.6288034915924072,
          "y": -0.29752588272094727,
          "z": 0.4266517758369446
        },
        "tail": {
          "x": 0.6405296325683594,
          "y": -0.32671549916267395,
          "z": 0.38838860392570496
        }
      },
      "world_space": {
        "head": {
          "x": 0.6288034915924072,
          "y": -0.23428188264369965,
          "z": 1.3765058517456055
        },
        "tail": {
          "x": 0.6405296325683594,
          "y": -0.26347148418426514,
          "z": 1.3382426500320435
        },
        "rotation_quaternion": {
          "w": 0.45152726769447327,
          "x": -0.8713952898979187,
          "y": -0.03846016526222229,
          "z": -0.18792064487934113
        },
        "matrix": [
          [
            0.9264136552810669,
            0.23673047125339508,
            0.2927737832069397,
            0.6288034915924072
          ],
          [
            -0.10267346352338791,
            -0.5892884731292725,
            0.8013721108436584,
            -0.23428188264369965
          ],
          [
            0.36223989725112915,
            -0.772467851638794,
            -0.5216219425201416,
            1.3765058517456055
          ],
          [
            0.0,
            0.0,
            0.0,
            1.0
          ]
        ]
      },
      "bone_length_armature_space": 0.04953389143913973,
      "parent": "lowerarm_l",
      "has_children": true,
      "is_end_bone": false
    },
    "thumb_01_l": {
      "name": "thumb_01_l",
      "local": {
        "location": {
          "x": 0.0,
          "y": 0.0,
          "z": 0.0
        },
        "rotation_quaternion": {
          "w": 0.9999534487724304,
          "x": -0.005882918834686279,
          "y": -0.002290293574333191,
          "z": -0.007293858099728823
        },
        "scale": {
          "x": 1.0,
          "y": 1.0,
          "z": 1.0
        },
        "matrix_basis": [
          [
            0.9998831152915955,
            0.014613984152674675,
            -0.00449455576017499,
            0.0
          ],
          [
            -0.014560089446604252,
            0.9998244047164917,
            0.01179870031774044,
            0.0
          ],
          [
            0.004666192457079887,
            -0.011731879785656929,
            0.9999203085899353,
            0.0
          ],
          [
            0.0,
            0.0,
            0.0,
            1.0
          ]
        ],
        "rotation_mode": "QUATERNION"
      },
      "armature_space": {
        "head": {
          "x": 0.6405296325683594,
          "y": -0.32671549916267395,
          "z": 0.38838860392570496
        },
        "tail": {
          "x": 0.649021565914154,
          "y": -0.3197649121284485,
          "z": 0.3561672568321228
        }
      },
      "world_space": {
        "head": {
          "x": 0.6405296325683594,
          "y": -0.26347148418426514,
          "z": 1.3382426500320435
        },
        "tail": {
          "x": 0.649021565914154,
          "y": -0.25652092695236206,
          "z": 1.3060212135314941
        },
        "rotation_quaternion": {
          "w": 0.5962814092636108,
          "x": -0.36586081981658936,
          "y": 0.49653586745262146,
          "z": -0.5138545036315918
        },
        "matrix": [
          [
            -0.021189233288168907,
            0.2494795173406601,
            0.968148410320282,
            0.6405296325683594
          ],
          [
            -0.9761300683021545,
            0.20419739186763763,
            -0.07398292422294617,
            -0.26347148418426514
          ],
          [
            -0.21615271270275116,
            -0.9466127157211304,
            0.23919931054115295,
            1.3382426500320435
          ],
          [
            0.0,
            0.0,
            0.0,
            1.0
          ]
        ]
      },
      "bone_length_armature_space": 0.0340387842297459,
      "parent": "metacarpal_thumb_l",
      "has_children": true,
      "is_end_bone": false
    },
    "thumb_02_l": {
      "name": "thumb_02_l",
      "local": {
        "location": {
          "x": 0.0,
          "y": 0.0,
          "z": 0.0
        },
        "rotation_quaternion": {
          "w": 0.9983396530151367,
          "x": 0.056660596281290054,
          "y": 0.007680719718337059,
          "z": -0.006969095207750797
        },
        "scale": {
          "x": 1.0,
          "y": 1.0,
          "z": 1.0
        },
        "matrix_basis": [
          [
            0.9997848868370056,
            0.014785436913371086,
            0.014546187594532967,
            0.0
          ],
          [
            -0.013044659979641438,
            0.9934819936752319,
            -0.11324009299278259,
            0.0
          ],
          [
            -0.01612568087875843,
            0.11302598565816879,
            0.9934611916542053,
            0.0
          ],
          [
            0.0,
            0.0,
            0.0,
            1.0
          ]
        ],
        "rotation_mode": "QUATERNION"
      },
      "armature_space": {
        "head": {
          "x": 0.6490215063095093,
          "y": -0.3197648823261261,
          "z": 0.3561672866344452
        },
        "tail": {
          "x": 0.6770434379577637,
          "y": -0.344675749540329,
          "z": 0.34176579117774963
        }
      },
      "world_space": {
        "head": {
          "x": 0.6490215063095093,
          "y": -0.2565208673477173,
          "z": 1.3060213327407837
        },
        "tail": {
          "x": 0.6770434379577637,
          "y": -0.28143173456192017,
          "z": 1.2916197776794434
        },
        "rotation_quaternion": {
          "w": 0.37868842482566833,
          "x": 0.03854336217045784,
          "y": 0.21560093760490417,
          "z": -0.899236261844635
        },
        "matrix": [
          [
            -0.7102189660072327,
            0.6976807713508606,
            0.09397328644990921,
            0.6490215063095093
          ],
          [
            -0.6644414067268372,
            -0.620222270488739,
            -0.4169434905052185,
            -0.2565208673477173
          ],
          [
            -0.2326112538576126,
            -0.3585636615753174,
            0.9040675163269043,
            1.3060213327407837
          ],
          [
            0.0,
            0.0,
            0.0,
            1.0
          ]
        ]
      },
      "bone_length_armature_space": 0.04016445006349534,
      "parent": "thumb_01_l",
      "has_children": true,
      "is_end_bone": false
    },
    "thumb_03_l": {
      "name": "thumb_03_l",
      "local": {
        "location": {
          "x": 0.0,
          "y": 0.0,
          "z": 0.0
        },
        "rotation_quaternion": {
          "w": 0.9988296031951904,
          "x": 0.04812609776854515,
          "y": 0.004600680898874998,
          "z": -0.001532467664219439
        },
        "scale": {
          "x": 1.0,
          "y": 1.0,
          "z": 1.0
        },
        "matrix_basis": [
          [
            0.9999529719352722,
            0.003504173830151558,
            0.009043089114129543,
            0.0
          ],
          [
            -0.0026185226161032915,
            0.9953630566596985,
            -0.09615364670753479,
            0.0
          ],
          [
            -0.009338095784187317,
            0.09612543880939484,
            0.9953254461288452,
            0.0
          ],
          [
            0.0,
            0.0,
            0.0,
            1.0
          ]
        ],
        "rotation_mode": "QUATERNION"
      },
      "armature_space": {
        "head": {
          "x": 0.6770433783531189,
          "y": -0.3446757197380066,
          "z": 0.34176573157310486
        },
        "tail": {
          "x": 0.7003477811813354,
          "y": -0.3642600476741791,
          "z": 0.34226512908935547
        }
      },
      "world_space": {
        "head": {
          "x": 0.6770433783531189,
          "y": -0.28143173456192017,
          "z": 1.2916197776794434
        },
        "tail": {
          "x": 0.7003477811813354,
          "y": -0.30101603269577026,
          "z": 1.2921191453933716
        },
        "rotation_quaternion": {
          "w": 0.4020419120788574,
          "x": 0.29600074887275696,
          "y": 0.1293286830186844,
          "z": -0.8567496538162231
        },
        "matrix": [
          [
            -0.5014916658401489,
            0.765462338924408,
            -0.4032047986984253,
            0.6770433783531189
          ],
          [
            -0.612336277961731,
            -0.6432716846466064,
            -0.4596148133277893,
            -0.28143173456192017
          ],
          [
            -0.6111926436424255,
            0.016403809189796448,
            0.7913207411766052,
            1.2916197776794434
          ],
          [
            0.0,
            0.0,
            0.0,
            1.0
          ]
        ]
      },
      "bone_length_armature_space": 0.030444876019665692,
      "parent": "thumb_02_l",
      "has_children": false,
      "is_end_bone": true
    },
    "metacarpal_index_l": {
      "name": "metacarpal_index_l",
      "local": {
        "location": {
          "x": 0.0,
          "y": 0.0,
          "z": 0.0
        },
        "rotation_quaternion": {
          "w": 0.9996253252029419,
          "x": -0.017581317573785782,
          "y": 0.012243224307894707,
          "z": -0.0170390997081995
        },
        "scale": {
          "x": 1.0,
          "y": 1.0,
          "z": 1.0
        },
        "matrix_basis": [
          [
            0.9991195201873779,
            0.03363492712378502,
            0.02507641352713108,
            0.0
          ],
          [
            -0.03449593484401703,
            0.9988011121749878,
            0.034732233732938766,
            0.0
          ],
          [
            -0.023878134787082672,
            -0.03556668758392334,
            0.9990820288658142,
            0.0
          ],
          [
            0.0,
            0.0,
            0.0,
            1.0
          ]
        ],
        "rotation_mode": "QUATERNION"
      },
      "armature_space": {
        "head": {
          "x": 0.6288034915924072,
          "y": -0.29752588272094727,
          "z": 0.4266517758369446
        },
        "tail": {
          "x": 0.6928123235702515,
          "y": -0.3757292926311493,
          "z": 0.36735278367996216
        }
      },
      "world_space": {
        "head": {
          "x": 0.6288034915924072,
          "y": -0.23428188264369965,
          "z": 1.3765058517456055
        },
        "tail": {
          "x": 0.6928123235702515,
          "y": -0.3124852776527405,
          "z": 1.317206859588623
        },
        "rotation_quaternion": {
          "w": 0.28082239627838135,
          "x": -0.913008451461792,
          "y": -0.29567891359329224,
          "z": -0.011336956173181534
        },
        "matrix": [
          [
            0.8248905539512634,
            0.5462820529937744,
            -0.14536623656749725,
            0.6288034915924072
          ],
          [
            0.5335483551025391,
            -0.6674255132675171,
            0.5194897055625916,
            -0.23428188264369965
          ],
          [
            0.1867685765028,
            -0.5060862898826599,
            -0.8420262932777405,
            1.3765058517456055
          ],
          [
            0.0,
            0.0,
            0.0,
            1.0
          ]
        ]
      },
      "bone_length_armature_space": 0.11717198587085012,
      "parent": "lowerarm_l",
      "has_children": true,
      "is_end_bone": false
    },
    "index_01_l": {
      "name": "index_01_l",
      "local": {
        "location": {
          "x": 0.0,
          "y": 0.0,
          "z": 0.0
        },
        "rotation_quaternion": {
          "w": 0.9955284595489502,
          "x": -0.09368833899497986,
          "y": 0.011162522248923779,
          "z": -0.0045856330543756485
        },
        "scale": {
          "x": 1.0,
          "y": 1.0,
          "z": 1.0
        },
        "matrix_basis": [
          [
            0.9997087121009827,
            0.007038659881800413,
            0.023084457963705063,
            0.0
          ],
          [
            -0.011221853084862232,
            0.9824029207229614,
            0.18643644452095032,
            0.0
          ],
          [
            -0.021365975961089134,
            -0.18664118647575378,
            0.9821957945823669,
            0.0
          ],
          [
            0.0,
            0.0,
            0.0,
            1.0
          ]
        ],
        "rotation_mode": "QUATERNION"
      },
      "armature_space": {
        "head": {
          "x": 0.6928123235702515,
          "y": -0.3757292926311493,
          "z": 0.36735278367996216
        },
        "tail": {
          "x": 0.7158122658729553,
          "y": -0.39222612977027893,
          "z": 0.3638994097709656
        }
      },
      "world_space": {
        "head": {
          "x": 0.6928123235702515,
          "y": -0.3124852776527405,
          "z": 1.317206859588623
        },
        "tail": {
          "x": 0.7158122658729553,
          "y": -0.3289821147918701,
          "z": 1.313753366470337
        },
        "rotation_quaternion": {
          "w": 0.1424756795167923,
          "x": -0.8761167526245117,
          "y": -0.43638041615486145,
          "z": -0.1472836136817932
        },
        "matrix": [
          [
            0.5757593512535095,
            0.806609034538269,
            0.13372677564620972,
            0.6928123235702515
          ],
          [
            0.7226722240447998,
            -0.5785451531410217,
            0.37819385528564453,
            -0.3124852776527405
          ],
          [
            0.38242489099502563,
            -0.12110945582389832,
            -0.916022777557373,
            1.317206859588623
          ],
          [
            0.0,
            0.0,
            0.0,
            1.0
          ]
        ]
      },
      "bone_length_armature_space": 0.028514360691370606,
      "parent": "metacarpal_index_l",
      "has_children": true,
      "is_end_bone": false
    },
    "index_02_l": {
      "name": "index_02_l",
      "local": {
        "location": {
          "x": 0.0,
          "y": 0.0,
          "z": 0.0
        },
        "rotation_quaternion": {
          "w": 0.99992436170578,
          "x": 0.010345962829887867,
          "y": -0.0020819897763431072,
          "z": 0.006325880065560341
        },
        "scale": {
          "x": 1.0,
          "y": 1.0,
          "z": 1.0
        },
        "matrix_basis": [
          [
            0.9999113082885742,
            -0.01269388385117054,
            -0.004032770171761513,
            0.0
          ],
          [
            0.012607722543179989,
            0.9997059106826782,
            -0.020716700702905655,
            0.0
          ],
          [
            0.004294559359550476,
            0.020664019510149956,
            0.9997772574424744,
            0.0
          ],
          [
            0.0,
            0.0,
            0.0,
            1.0
          ]
        ],
        "rotation_mode": "QUATERNION"
      },
      "armature_space": {
        "head": {
          "x": 0.7158125042915344,
          "y": -0.3922264277935028,
          "z": 0.36389899253845215
        },
        "tail": {
          "x": 0.7367010712623596,
          "y": -0.4068908393383026,
          "z": 0.36130791902542114
        }
      },
      "world_space": {
        "head": {
          "x": 0.7158125042915344,
          "y": -0.328982412815094,
          "z": 1.3137530088424683
        },
        "tail": {
          "x": 0.7367010712623596,
          "y": -0.3436468243598938,
          "z": 1.311161994934082
        },
        "rotation_quaternion": {
          "w": 0.11922205239534378,
          "x": -0.8781417012214661,
          "y": -0.447176069021225,
          "z": -0.12118910253047943
        },
        "matrix": [
          [
            0.5706934928894043,
            0.8142648339271545,
            0.10621477663516998,
            0.7158125042915344
          ],
          [
            0.7564716339111328,
            -0.571638822555542,
            0.31777331233024597,
            -0.328982412815094
          ],
          [
            0.3194710314273834,
            -0.10100400447845459,
            -0.9422051906585693,
            1.3137530088424683
          ],
          [
            0.0,
            0.0,
            0.0,
            1.0
          ]
        ]
      },
      "bone_length_armature_space": 0.025653281604636678,
      "parent": "index_01_l",
      "has_children": true,
      "is_end_bone": false
    },
    "index_03_l": {
      "name": "index_03_l",
      "local": {
        "location": {
          "x": 0.0,
          "y": 0.0,
          "z": 0.0
        },
        "rotation_quaternion": {
          "w": 0.9999602437019348,
          "x": 0.005475160665810108,
          "y": 0.005782778840512037,
          "z": 0.004031548276543617
        },
        "scale": {
          "x": 1.0,
          "y": 1.0,
          "z": 1.0
        },
        "matrix_basis": [
          [
            0.9999006390571594,
            -0.007999452762305737,
            0.011609245091676712,
            0.0
          ],
          [
            0.008126099593937397,
            0.9999075531959534,
            -0.010903258807957172,
            0.0
          ],
          [
            -0.011520951054990292,
            0.010996513068675995,
            0.999873161315918,
            0.0
          ],
          [
            0.0,
            0.0,
            0.0,
            1.0
          ]
        ],
        "rotation_mode": "QUATERNION"
      },
      "armature_space": {
        "head": {
          "x": 0.7367010116577148,
          "y": -0.4068908989429474,
          "z": 0.3613080084323883
        },
        "tail": {
          "x": 0.7619926333427429,
          "y": -0.42068129777908325,
          "z": 0.35642024874687195
        }
      },
      "world_space": {
        "head": {
          "x": 0.7367010116577148,
          "y": -0.3436468839645386,
          "z": 1.311161994934082
        },
        "tail": {
          "x": 0.7619926333427429,
          "y": -0.3574373126029968,
          "z": 1.3062742948532104
        },
        "rotation_quaternion": {
          "w": 0.1776600480079651,
          "x": -0.8466431498527527,
          "y": -0.4821310043334961,
          "z": -0.13849955797195435
        },
        "matrix": [
          [
            0.4967348873615265,
            0.8655975461006165,
            0.06320694088935852,
            0.7367010116577148
          ],
          [
            0.7671749591827393,
            -0.47197225689888,
            0.4343787729740143,
            -0.3436468839645386
          ],
          [
            0.4058327376842499,
            -0.16728204488754272,
            -0.8985157608985901,
            1.311161994934082
          ],
          [
            0.0,
            0.0,
            0.0,
            1.0
          ]
        ]
      },
      "bone_length_armature_space": 0.02921868226602592,
      "parent": "index_02_l",
      "has_children": false,
      "is_end_bone": true
    },
    "metacarpal_pinky_l": {
      "name": "metacarpal_pinky_l",
      "local": {
        "location": {
          "x": 0.0,
          "y": 0.0,
          "z": 0.0
        },
        "rotation_quaternion": {
          "w": 0.9992895126342773,
          "x": 0.03746815398335457,
          "y": 0.0033796639181673527,
          "z": -0.0023061675019562244
        },
        "scale": {
          "x": 1.0,
          "y": 1.0,
          "z": 1.0
        },
        "matrix_basis": [
          [
            0.9999665021896362,
            0.0048623173497617245,
            0.00658170972019434,
            0.0
          ],
          [
            -0.004355798475444317,
            0.9971816539764404,
            -0.07489865273237228,
            0.0
          ],
          [
            -0.0069273412227630615,
            0.07486747950315475,
            0.9971694350242615,
            0.0
          ],
          [
            0.0,
            0.0,
            0.0,
            1.0
          ]
        ],
        "rotation_mode": "QUATERNION"
      },
      "armature_space": {
        "head": {
          "x": 0.6288034915924072,
          "y": -0.29752588272094727,
          "z": 0.4266517758369446
        },
        "tail": {
          "x": 0.7147194147109985,
          "y": -0.3561769723892212,
          "z": 0.4219909906387329
        }
      },
      "world_space": {
        "head": {
          "x": 0.6288034915924072,
          "y": -0.23428188264369965,
          "z": 1.3765058517456055
        },
        "tail": {
          "x": 0.7147194147109985,
          "y": -0.29293298721313477,
          "z": 1.371845006942749
        },
        "rotation_quaternion": {
          "w": 0.3760811984539032,
          "x": 0.48546192049980164,
          "y": 0.2773810923099518,
          "z": -0.738883912563324
        },
        "matrix": [
          [
            -0.24577903747558594,
            0.8250769972801208,
            -0.5087637901306152,
            0.6288034915924072
          ],
          [
            -0.2864459753036499,
            -0.5632447004318237,
            -0.7750512361526489,
            -0.23428188264369965
          ],
          [
            -0.9260421395301819,
            -0.04475893825292587,
            0.3747755289077759,
            1.3765058517456055
          ],
          [
            0.0,
            0.0,
            0.0,
            1.0
          ]
        ]
      },
      "bone_length_armature_space": 0.10413077861736887,
      "parent": "lowerarm_l",
      "has_children": true,
      "is_end_bone": false
    },
    "pinky_01_l": {
      "name": "pinky_01_l",
      "local": {
        "location": {
          "x": 0.0,
          "y": 0.0,
          "z": 0.0
        },
        "rotation_quaternion": {
          "w": 0.9660258293151855,
          "x": 0.2576950788497925,
          "y": -0.007541061379015446,
          "z": -0.018178580328822136
        },
        "scale": {
          "x": 1.0,
          "y": 1.0,
          "z": 1.0
        },
        "matrix_basis": [
          [
            0.9992253184318542,
            0.03123536705970764,
            -0.023938780650496483,
            0.0
          ],
          [
            -0.039008546620607376,
            0.8665255904197693,
            -0.4976060390472412,
            0.0
          ],
          [
            0.005200658924877644,
            0.4981543719768524,
            0.8670727610588074,
            0.0
          ],
          [
            0.0,
            0.0,
            0.0,
            1.0
          ]
        ],
        "rotation_mode": "QUATERNION"
      },
      "armature_space": {
        "head": {
          "x": 0.7147194147109985,
          "y": -0.3561769723892212,
          "z": 0.4219909906387329
        },
        "tail": {
