{
  "metadata": {
    "armature_name": "KIM_caucasian_male",
    "export_time": "2026-01-13T21:02:46.891306",
    "blender_version": "4.4.1",
    "bone_count": 56,
    "end_bone_count": 13,
    "spaces_included": [
      "LOCAL_CHANNELS",
      "ARMATURE_SPACE",
      "WORLD_SPACE"
    ],
    "note": "LOCAL matches Transform panel; replay pose via local.matrix_basis for best fidelity."
  },
  "bones": {
    "Root": {
      "name": "Root",
      "local": {
        "location": {
          "x": 0.0,
          "y": 0.0,
          "z": 0.0
        },
        "rotation_quaternion": {
          "w": 0.9994112253189087,
          "x": -0.013641453348100185,
          "y": -0.010674739256501198,
          "z": 0.02961917221546173
        },
        "scale": {
          "x": 1.0,
          "y": 1.0,
          "z": 1.0
        },
        "matrix_basis": [
          [
            0.9980174899101257,
            -0.05891222879290581,
            -0.02214500494301319,
            0.0
          ],
          [
            0.05949470400810242,
            0.9978732466697693,
            0.026634490117430687,
            0.0
          ],
          [
            0.02052881196141243,
            -0.02789919637143612,
            0.9993999004364014,
            0.0
          ],
          [
            0.0,
            0.0,
            0.0,
            1.0
          ]
        ],
        "rotation_mode": "QUATERNION"
      },
      "armature_space": {
        "head": {
          "x": 0.0,
          "y": 0.07072800397872925,
          "z": -0.009595036506652832
        },
        "tail": {
          "x": -0.004204911645501852,
          "y": 0.0004181191325187683,
          "z": 0.0019528623670339584
        }
      },
      "world_space": {
        "head": {
          "x": 0.0,
          "y": 0.13397200405597687,
          "z": 0.9402589797973633
        },
        "tail": {
          "x": -0.004204911645501852,
          "y": 0.06366211920976639,
          "z": 0.951806902885437
        },
        "rotation_quaternion": {
          "w": 0.08093845099210739,
          "x": 0.9962217211723328,
          "y": -0.030271021649241447,
          "z": -0.008655105717480183
        },
        "matrix": [
          [
            0.9980174899101257,
            -0.05891222879290581,
            -0.02214500494301319,
            0.0
          ],
          [
            -0.06171436235308647,
            -0.985065221786499,
            -0.16074174642562866,
            0.13397200405597687
          ],
          [
            -0.012344765476882458,
            0.16178995370864868,
            -0.9867550730705261,
            0.9402589797973633
          ],
          [
            0.0,
            0.0,
            0.0,
            1.0
          ]
        ]
      },
      "bone_length_armature_space": 0.07137587152557133,
      "parent": null,
      "has_children": true,
      "is_end_bone": false
    },
    "spine_01": {
      "name": "spine_01",
      "local": {
        "location": {
          "x": 0.0,
          "y": 0.0,
          "z": 0.0
        },
        "rotation_quaternion": {
          "w": 0.9989063739776611,
          "x": 0.012633390724658966,
          "y": -0.04454109072685242,
          "z": 0.0065349992364645
        },
        "scale": {
          "x": 1.0,
          "y": 1.0,
          "z": 1.0
        },
        "matrix_basis": [
          [
            0.9959467649459839,
            -0.014181114733219147,
            -0.08881963789463043,
            0.0
          ],
          [
            0.011930294334888458,
            0.9995954036712646,
            -0.025821300223469734,
            0.0
          ],
          [
            0.08914987742900848,
            0.0246569961309433,
            0.9957129955291748,
            0.0
          ],
          [
            0.0,
            0.0,
            0.0,
            1.0
          ]
        ],
        "rotation_mode": "QUATERNION"
      },
      "armature_space": {
        "head": {
          "x": -0.004204911645501852,
          "y": 0.0004181191325187683,
          "z": 0.0019528623670339584
        },
        "tail": {
          "x": -0.0036086332984268665,
          "y": 0.02470383606851101,
          "z": 0.4893524646759033
        }
      },
      "world_space": {
        "head": {
          "x": -0.004204911645501852,
          "y": 0.06366211920976639,
          "z": 0.951806902885437
        },
        "tail": {
          "x": -0.0036086332984268665,
          "y": 0.08794783800840378,
          "z": 1.4392064809799194
        },
        "rotation_quaternion": {
          "w": 0.7224822640419006,
          "x": 0.6873162388801575,
          "y": -0.05387056618928909,
          "z": -0.052094098180532455
        },
        "matrix": [
          [
            0.9887683391571045,
            0.0012218785705044866,
            -0.14945131540298462,
            -0.004204911645501852
          ],
          [
            -0.1493263691663742,
            0.0497656874358654,
            -0.9875348806381226,
            0.06366211920976639
          ],
          [
            0.006230802740901709,
            0.9987671971321106,
            0.04938864707946777,
            0.951806902885437
          ],
          [
            0.0,
            0.0,
            0.0,
            1.0
          ]
        ]
      },
      "bone_length_armature_space": 0.48800464277309585,
      "parent": "Root",
      "has_children": true,
      "is_end_bone": false
    },
    "neck_01": {
      "name": "neck_01",
      "local": {
        "location": {
          "x": 0.0,
          "y": 0.0,
          "z": 0.0
        },
        "rotation_quaternion": {
          "w": 0.9856793284416199,
          "x": -0.12908661365509033,
          "y": -0.10726197808980942,
          "z": 0.016363851726055145
        },
        "scale": {
          "x": 1.0,
          "y": 1.0,
          "z": 1.0
        },
        "matrix_basis": [
          [
            0.9764541983604431,
            -0.004566849675029516,
            -0.21567653119564056,
            0.0
          ],
          [
            0.05995119363069534,
            0.9661377668380737,
            0.25096556544303894,
            0.0
          ],
          [
            0.20722712576389313,
            -0.257986456155777,
            0.9436630010604858,
            0.0
          ],
          [
            0.0,
            0.0,
            0.0,
            1.0
          ]
        ],
        "rotation_mode": "QUATERNION"
      },
      "armature_space": {
        "head": {
          "x": -0.00870220735669136,
          "y": -0.005900541320443153,
          "z": 0.5641934871673584
        },
        "tail": {
          "x": -0.01096243504434824,
          "y": -0.013775884173810482,
          "z": 0.6663876175880432
        }
      },
      "world_space": {
        "head": {
          "x": -0.00870220735669136,
          "y": 0.057343460619449615,
          "z": 1.5140475034713745
        },
        "tail": {
          "x": -0.01096243504434824,
          "y": 0.04946811497211456,
          "z": 1.616241693496704
        },
        "rotation_quaternion": {
          "w": 0.6664074063301086,
          "x": 0.7227080464363098,
          "y": -0.13225960731506348,
          "z": -0.12689223885536194
        },
        "matrix": [
          [
            0.9328114986419678,
            -0.02204640954732895,
            -0.3596896529197693,
            -0.00870220735669136
          ],
          [
            -0.36029407382011414,
            -0.0768166184425354,
            -0.9296706914901733,
            0.057343460619449615
          ],
          [
            -0.007134627550840378,
            0.9968083500862122,
            -0.0796000212430954,
            1.5140475034713745
          ],
          [
            0.0,
            0.0,
            0.0,
            1.0
          ]
        ]
      },
      "bone_length_armature_space": 0.10252204444510342,
      "parent": "spine_01",
      "has_children": true,
      "is_end_bone": false
    },
    "head": {
      "name": "head",
      "local": {
        "location": {
          "x": 0.0,
          "y": 0.0,
          "z": 0.0
        },
        "rotation_quaternion": {
          "w": 0.9844385385513306,
          "x": 0.08132517337799072,
          "y": -0.0793633833527565,
          "z": -0.13404686748981476
        },
        "scale": {
          "x": 1.0,
          "y": 1.0,
          "z": 1.0
        },
        "matrix_basis": [
          [
            0.9514657855033875,
            0.25101330876350403,
            -0.17805951833724976,
            0.0
          ],
          [
            -0.2768302857875824,
            0.9508352875709534,
            -0.13884244859218597,
            0.0
          ],
          [
            0.13445398211479187,
            0.18139609694480896,
            0.9741753339767456,
            0.0
          ],
          [
            0.0,
            0.0,
            0.0,
            1.0
          ]
        ],
        "rotation_mode": "QUATERNION"
      },
      "armature_space": {
        "head": {
          "x": -0.010962489061057568,
          "y": -0.0137760229408741,
          "z": 0.6663875579833984
        },
        "tail": {
          "x": 0.03163255751132965,
          "y": -0.014005174860358238,
          "z": 0.8155146837234497
        }
      },
      "world_space": {
        "head": {
          "x": -0.010962489061057568,
          "y": 0.04946797713637352,
          "z": 1.6162415742874146
        },
        "tail": {
          "x": 0.03163255751132965,
          "y": 0.04923882335424423,
          "z": 1.7653687000274658
        },
        "rotation_quaternion": {
          "w": 0.699140191078186,
          "x": 0.6451122760772705,
          "y": -0.10229510068893433,
          "z": -0.2908076345920563
        },
        "matrix": [
          [
            0.8099322319030762,
            0.27464690804481506,
            -0.5182459354400635,
            -0.010962489061057568
          ],
          [
            -0.5386159420013428,
            -0.0014775395393371582,
            -0.8425502777099609,
            0.04946797713637352
          ],
          [
            -0.23217162489891052,
            0.961550772190094,
            0.14673267304897308,
            1.6162415742874146
          ],
          [
            0.0,
            0.0,
            0.0,
            1.0
          ]
        ]
      },
      "bone_length_armature_space": 0.1550912298046118,
      "parent": "neck_01",
      "has_children": false,
      "is_end_bone": true
    },
    "upperarm_l": {
      "name": "upperarm_l",
      "local": {
        "location": {
          "x": 0.0,
          "y": 0.0,
          "z": 0.0
        },
        "rotation_quaternion": {
          "w": 0.9503363966941833,
          "x": -0.1129261702299118,
          "y": 0.07473181188106537,
          "z": 0.28022056818008423
        },
        "scale": {
          "x": 1.0,
          "y": 1.0,
          "z": 1.0
        },
        "matrix_basis": [
          [
            0.8317831754684448,
            -0.549485981464386,
            0.07875224947929382,
            0.0
          ],
          [
            0.5157292485237122,
            0.8174481987953186,
            0.25651848316192627,
            0.0
          ],
          [
            -0.20532919466495514,
            -0.17275291681289673,
            0.9633256793022156,
            0.0
          ],
          [
            0.0,
            0.0,
            0.0,
            1.0
          ]
        ],
        "rotation_mode": "QUATERNION"
      },
      "armature_space": {
        "head": {
          "x": 0.1390542984008789,
          "y": -0.034793511033058167,
          "z": 0.4981607496738434
        },
        "tail": {
          "x": 0.3648320734500885,
          "y": -0.009907735511660576,
          "z": 0.6403331756591797
        }
      },
      "world_space": {
        "head": {
          "x": 0.1390542984008789,
          "y": 0.028450489044189453,
          "z": 1.448014736175537
        },
        "tail": {
          "x": 0.3648320734500885,
          "y": 0.053336262702941895,
          "z": 1.5901871919631958
        },
        "rotation_quaternion": {
          "w": 0.6228841543197632,
          "x": 0.6092729568481445,
          "y": 0.39805740118026733,
          "z": -0.2869705855846405
        },
        "matrix": [
          [
            0.5183954238891602,
            0.84255051612854,
            0.14620140194892883,
            0.1390542984008789
          ],
          [
            0.1275554895401001,
            0.09286796301603317,
            -0.987474262714386,
            0.028450489044189453
          ],
          [
            -0.845579981803894,
            0.5305545926094055,
            -0.05933090299367905,
            1.448014736175537
          ],
          [
            0.0,
            0.0,
            0.0,
            1.0
          ]
        ]
      },
      "bone_length_armature_space": 0.26796996574084364,
      "parent": "spine_01",
      "has_children": true,
      "is_end_bone": false
    },
    "lowerarm_l": {
      "name": "lowerarm_l",
      "local": {
        "location": {
          "x": 0.0,
          "y": 0.0,
          "z": 0.0
        },
        "rotation_quaternion": {
          "w": 0.8497801423072815,
          "x": 0.5250145792961121,
          "y": -0.03114907443523407,
          "z": 0.0355437770485878
        },
        "scale": {
          "x": 1.0,
          "y": 1.0,
          "z": 1.0
        },
        "matrix_basis": [
          [
            0.995532751083374,
            -0.09311623126268387,
            -0.015617727302014828,
            0.0
          ],
          [
            0.027701355516910553,
            0.4461926519870758,
            -0.8945082426071167,
            0.0
          ],
          [
            0.09026173502206802,
            0.8900796175003052,
            0.4467788636684418,
            0.0
          ],
          [
            0.0,
            0.0,
            0.0,
            1.0
          ]
        ],
        "rotation_mode": "QUATERNION"
      },
      "armature_space": {
        "head": {
          "x": 0.3648321032524109,
          "y": -0.009907791391015053,
          "z": 0.6403332948684692
        },
        "tail": {
          "x": 0.4401109218597412,
          "y": -0.251335084438324,
          "z": 0.7275996804237366
        }
      },
      "world_space": {
        "head": {
          "x": 0.3648321032524109,
          "y": 0.053336210548877716,
          "z": 1.5901873111724854
        },
        "tail": {
          "x": 0.4401109218597412,
          "y": -0.18809108436107635,
          "z": 1.6774537563323975
        },
        "rotation_quaternion": {
          "w": 0.21471627056598663,
          "x": 0.8671029210090637,
          "y": 0.0516960471868515,
          "z": -0.4464940130710602
        },
        "matrix": [
          [
            0.595941424369812,
            0.28139039874076843,
            -0.7521125078201294,
            0.3648321032524109
          ],
          [
            -0.10208740830421448,
            -0.902449369430542,
            -0.4185260832309723,
            0.053336210548877716
          ],
          [
            -0.7965179681777954,
            0.32619962096214294,
            -0.5090842843055725,
            1.5901873111724854
          ],
          [
            0.0,
            0.0,
            0.0,
            1.0
          ]
        ]
      },
      "bone_length_armature_space": 0.2675246877981679,
      "parent": "upperarm_l",
      "has_children": true,
      "is_end_bone": false
    },
    "metacarpal_thumb_l": {
      "name": "metacarpal_thumb_l",
      "local": {
        "location": {
          "x": 0.0,
          "y": 0.0,
          "z": 0.0
        },
        "rotation_quaternion": {
          "w": 0.9991859197616577,
          "x": -0.04030248150229454,
          "y": -0.0017175182001665235,
          "z": -0.00065227085724473
        },
        "scale": {
          "x": 1.0,
          "y": 1.0,
          "z": 1.0
        },
        "matrix_basis": [
          [
            0.9999932646751404,
            0.0014419201761484146,
            -0.003379663685336709,
            0.0
          ],
          [
            -0.001165039255283773,
            0.9967505931854248,
            0.08054158836603165,
            0.0
          ],
          [
            0.003484816290438175,
            -0.0805371031165123,
            0.9967455267906189,
            0.0
          ],
          [
            0.0,
            0.0,
            0.0,
            1.0
          ]
        ],
        "rotation_mode": "QUATERNION"
      },
      "armature_space": {
        "head": {
          "x": 0.4401109218597412,
          "y": -0.251335084438324,
          "z": 0.7275996804237366
        },
        "tail": {
          "x": 0.43237417936325073,
          "y": -0.2998954951763153,
          "z": 0.7216317653656006
        }
      },
      "world_space": {
        "head": {
          "x": 0.4401109218597412,
          "y": -0.18809108436107635,
          "z": 1.6774537563323975
        },
        "tail": {
          "x": 0.43237417936325073,
          "y": -0.2366514950990677,
          "z": 1.6714857816696167
        },
        "rotation_quaternion": {
          "w": 0.03511614724993706,
          "x": -0.9521230459213257,
          "y": 0.0926888957619667,
          "z": -0.2892012894153595
        },
        "matrix": [
          [
            0.8155426979064941,
            -0.15619158744812012,
            0.5572201013565063,
            0.4401109218597412
          ],
          [
            -0.19681376218795776,
            -0.9803515076637268,
            0.013257458806037903,
            -0.18809108436107635
          ],
          [
            0.5442044138908386,
            -0.12048222124576569,
            -0.830264687538147,
            1.6774537563323975
          ],
          [
            0.0,
            0.0,
            0.0,
            1.0
          ]
        ]
      },
      "bone_length_armature_space": 0.04953369167041529,
      "parent": "lowerarm_l",
      "has_children": true,
      "is_end_bone": false
    },
    "thumb_01_l": {
      "name": "thumb_01_l",
      "local": {
        "location": {
          "x": 0.0,
          "y": 0.0,
          "z": 0.0
        },
        "rotation_quaternion": {
          "w": 0.9979871511459351,
          "x": -0.06271003931760788,
          "y": -0.00594970490783453,
          "z": 0.007342346478253603
        },
        "scale": {
          "x": 1.0,
          "y": 1.0,
          "z": 1.0
        },
        "matrix_basis": [
          [
            0.9998213648796082,
            -0.013908922672271729,
            -0.012796335853636265,
            0.0
          ],
          [
            0.015401347540318966,
            0.9920271039009094,
            0.12508025765419006,
            0.0
          ],
          [
            0.010954580269753933,
            -0.12525500357151031,
            0.9920641183853149,
            0.0
          ],
          [
            0.0,
            0.0,
            0.0,
            1.0
          ]
        ],
        "rotation_mode": "QUATERNION"
      },
      "armature_space": {
        "head": {
          "x": 0.43237417936325073,
          "y": -0.2998954951763153,
          "z": 0.7216317653656006
        },
        "tail": {
          "x": 0.43613573908805847,
          "y": -0.3190843462944031,
          "z": 0.6937700510025024
        }
      },
      "world_space": {
        "head": {
          "x": 0.43237417936325073,
          "y": -0.2366514950990677,
          "z": 1.6714857816696167
        },
        "tail": {
          "x": 0.43613573908805847,
          "y": -0.25584036111831665,
          "z": 1.6436240673065186
        },
        "rotation_quaternion": {
          "w": 0.27874869108200073,
          "x": -0.4280725419521332,
          "y": 0.3747405409812927,
          "z": -0.7737070322036743
        },
        "matrix": [
          [
            -0.4781063497066498,
            0.11050909757614136,
            0.871321976184845,
            0.43237417936325073
          ],
          [
            -0.75217205286026,
            -0.5637381076812744,
            -0.3412288427352905,
            -0.2366514950990677
          ],
          [
            0.45349088311195374,
            -0.8185336589813232,
            0.35265079140663147,
            1.6714857816696167
          ],
          [
            0.0,
            0.0,
            0.0,
            1.0
          ]
        ]
      },
      "bone_length_armature_space": 0.03403874926743877,
      "parent": "metacarpal_thumb_l",
      "has_children": true,
      "is_end_bone": false
    },
    "thumb_02_l": {
      "name": "thumb_02_l",
      "local": {
        "location": {
          "x": 0.0,
          "y": 0.0,
          "z": 0.0
        },
        "rotation_quaternion": {
          "w": 0.994947075843811,
          "x": 0.1000233069062233,
          "y": 0.008382328785955906,
          "z": 0.0023664601612836123
        },
        "scale": {
          "x": 1.0,
          "y": 1.0,
          "z": 1.0
        },
        "matrix_basis": [
          [
            0.9998482465744019,
            -0.003032148815691471,
            0.01715334877371788,
            0.0
          ],
          [
            0.006385861895978451,
            0.9799794554710388,
            -0.19899612665176392,
            0.0
          ],
          [
            -0.016206543892621994,
            0.19907546043395996,
            0.979850172996521,
            0.0
          ],
          [
            0.0,
            0.0,
            0.0,
            1.0
          ]
        ],
        "rotation_mode": "QUATERNION"
      },
      "armature_space": {
        "head": {
          "x": 0.43613573908805847,
          "y": -0.3190842866897583,
          "z": 0.6937700510025024
        },
        "tail": {
          "x": 0.4482760429382324,
          "y": -0.3555491864681244,
          "z": 0.7054364681243896
        }
      },
      "world_space": {
        "head": {
          "x": 0.43613573908805847,
          "y": -0.2558403015136719,
          "z": 1.6436240673065186
        },
        "tail": {
          "x": 0.4482760429382324,
          "y": -0.2923051714897156,
          "z": 1.6552904844284058
        },
        "rotation_quaternion": {
          "w": 0.14582955837249756,
          "x": -0.05679260194301605,
          "y": -0.15744291245937347,
          "z": -0.9750487804412842
        },
        "matrix": [
          [
            -0.9510166049003601,
            0.30226513743400574,
            0.0648311972618103,
            0.43613573908805847
          ],
          [
            -0.26649874448776245,
            -0.9078909158706665,
            0.3235935866832733,
            -0.2558403015136719
          ],
          [
            0.1566714495420456,
            0.2904667258262634,
            0.9439793229103088,
            1.6436240673065186
          ],
          [
            0.0,
            0.0,
            0.0,
            1.0
          ]
        ]
      },
      "bone_length_armature_space": 0.04016442705690916,
      "parent": "thumb_01_l",
      "has_children": true,
      "is_end_bone": false
    },
    "thumb_03_l": {
      "name": "thumb_03_l",
      "local": {
        "location": {
          "x": 0.0,
          "y": 0.0,
          "z": 0.0
        },
        "rotation_quaternion": {
          "w": 0.9943554401397705,
          "x": 0.10606877505779266,
          "y": -0.0025572890881448984,
          "z": -0.00042331457370892167
        },
        "scale": {
          "x": 1.0,
          "y": 1.0,
          "z": 1.0
        },
        "matrix_basis": [
          [
            0.9999865889549255,
            0.00029935326892882586,
            -0.005175509490072727,
            0.0
          ],
          [
            -0.0013843473279848695,
            0.977498471736908,
            -0.210937961935997,
            0.0
          ],
          [
            0.004995907656848431,
            0.21094229817390442,
            0.9774857759475708,
            0.0
          ],
          [
            0.0,
            0.0,
            0.0,
            1.0
          ]
        ],
        "rotation_mode": "QUATERNION"
      },
      "armature_space": {
        "head": {
          "x": 0.44827598333358765,
          "y": -0.3555491864681244,
          "z": 0.7054364085197449
        },
        "tail": {
          "x": 0.4595337212085724,
          "y": -0.37498044967651367,
          "z": 0.725993275642395
        }
      },
      "world_space": {
        "head": {
          "x": 0.44827598333358765,
          "y": -0.2923051714897156,
          "z": 1.6552903652191162
        },
        "tail": {
          "x": 0.4595337212085724,
          "y": -0.31173646450042725,
          "z": 1.6758472919464111
        },
        "rotation_quaternion": {
          "w": 0.2646784782409668,
          "x": 0.1537390649318695,
          "y": -0.3329010605812073,
          "z": -0.8919004797935486
        },
        "matrix": [
          [
            -0.8126187324523926,
            0.36977434158325195,
            -0.4504638910293579,
            0.44827598333358765
          ],
          [
            -0.5744942426681519,
            -0.6382442116737366,
            0.5124461650848389,
            -0.2923051714897156
          ],
          [
            -0.09801774471998215,
            0.6752163767814636,
            0.7310878038406372,
            1.6552903652191162
          ],
          [
            0.0,
            0.0,
            0.0,
            1.0
          ]
        ]
      },
      "bone_length_armature_space": 0.030444957874785565,
      "parent": "thumb_02_l",
      "has_children": false,
      "is_end_bone": true
    },
    "metacarpal_index_l": {
      "name": "metacarpal_index_l",
      "local": {
        "location": {
          "x": 0.0,
          "y": 0.0,
          "z": 0.0
        },
        "rotation_quaternion": {
          "w": 0.9992334246635437,
          "x": -0.0345228835940361,
          "y": 0.017433978617191315,
          "z": 0.0060683125630021095
        },
        "scale": {
          "x": 1.0,
          "y": 1.0,
          "z": 1.0
        },
        "matrix_basis": [
          [
            0.9993184804916382,
            -0.013331064023077488,
            0.03442223742604256,
            0.0
          ],
          [
            0.010923579335212708,
            0.997542679309845,
            0.0692044273018837,
            0.0
          ],
          [
            -0.035260219126939774,
            -0.06878124922513962,
            0.9970084428787231,
            0.0
          ],
          [
            0.0,
            0.0,
            0.0,
            1.0
          ]
        ],
        "rotation_mode": "QUATERNION"
      },
      "armature_space": {
        "head": {
          "x": 0.4401109218597412,
          "y": -0.251335084438324,
          "z": 0.7275996804237366
        },
        "tail": {
          "x": 0.44642335176467896,
          "y": -0.3663632869720459,
          "z": 0.7489981651306152
        }
      },
      "world_space": {
        "head": {
          "x": 0.4401109218597412,
          "y": -0.18809108436107635,
          "z": 1.6774537563323975
        },
        "tail": {
          "x": 0.44642335176467896,
          "y": -0.3031193017959595,
          "z": 1.6988521814346313
        },
        "rotation_quaternion": {
          "w": 0.09107975661754608,
          "x": 0.995147705078125,
          "y": 0.029182804748415947,
          "z": 0.02310599386692047
        },
        "matrix": [
          [
            0.9972289204597473,
            0.05387340858578682,
            0.051303692162036896,
            0.4401109218597412
          ],
          [
            0.06229141354560852,
            -0.9817059636116028,
            -0.1799275279045105,
            -0.18809108436107635
          ],
          [
            0.040672168135643005,
            0.18262502551078796,
            -0.9823480844497681,
            1.6774537563323975
          ],
          [
            0.0,
            0.0,
            0.0,
            1.0
          ]
        ]
      },
      "bone_length_armature_space": 0.11717179233175924,
      "parent": "lowerarm_l",
      "has_children": true,
      "is_end_bone": false
    },
    "index_01_l": {
      "name": "index_01_l",
      "local": {
        "location": {
          "x": 0.0,
          "y": 0.0,
          "z": 0.0
        },
        "rotation_quaternion": {
          "w": 0.9936566948890686,
          "x": -0.11227228492498398,
          "y": 0.003779479768127203,
          "z": -0.005201934836804867
        },
        "scale": {
          "x": 1.0,
          "y": 1.0,
          "z": 1.0
        },
        "matrix_basis": [
          [
            0.9999173283576965,
            0.009489213116466999,
            0.00867907702922821,
            0.0
          ],
          [
            -0.011186536401510239,
            0.9747357368469238,
            0.22308088839054108,
            0.0
          ],
          [
            -0.00634294468909502,
            -0.2231595367193222,
            0.9747613072395325,
            0.0
          ],
          [
            0.0,
            0.0,
            0.0,
            1.0
          ]
        ],
        "rotation_mode": "QUATERNION"
      },
      "armature_space": {
        "head": {
          "x": 0.44642335176467896,
          "y": -0.3663632869720459,
          "z": 0.7489981651306152
        },
        "tail": {
          "x": 0.4566861391067505,
          "y": -0.388485312461853,
          "z": 0.7637752890586853
        }
      },
      "world_space": {
        "head": {
          "x": 0.44642335176467896,
          "y": -0.3031193017959595,
          "z": 1.6988521814346313
        },
        "tail": {
          "x": 0.4566861391067505,
          "y": -0.3252413272857666,
          "z": 1.7136292457580566
        },
        "rotation_quaternion": {
          "w": 0.264234721660614,
          "x": 0.9409062266349792,
          "y": 0.20559582114219666,
          "z": 0.05104746297001839
        },
        "matrix": [
          [
            0.910248875617981,
            0.3599158227443695,
            0.20471341907978058,
            0.44642335176467896
          ],
          [
            0.41387030482292175,
            -0.7758207321166992,
            -0.47625023126602173,
            -0.3031193017959595
          ],
          [
            -0.012588774785399437,
            0.5182337164878845,
            -0.8551545143127441,
            1.6988521814346313
          ],
          [
            0.0,
            0.0,
            0.0,
            1.0
          ]
        ]
      },
      "bone_length_armature_space": 0.02851442075151849,
      "parent": "metacarpal_index_l",
      "has_children": true,
      "is_end_bone": false
    },
    "index_02_l": {
      "name": "index_02_l",
      "local": {
        "location": {
          "x": 0.0,
          "y": 0.0,
          "z": 0.0
        },
        "rotation_quaternion": {
          "w": 0.9972529411315918,
          "x": 0.07344695180654526,
          "y": -0.005740385968238115,
          "z": 0.007691171020269394
        },
        "scale": {
          "x": 1.0,
          "y": 1.0,
          "z": 1.0
        },
        "matrix_basis": [
          [
            0.9998157620429993,
            -0.016183312982320786,
            -0.01031944714486599,
            0.0
          ],
          [
            0.014496858231723309,
            0.9890927672386169,
            -0.14657868444919586,
            0.0
          ],
          [
            0.012579020112752914,
            0.14640207588672638,
            0.9891451597213745,
            0.0
          ],
          [
            0.0,
            0.0,
            0.0,
            1.0
          ]
        ],
        "rotation_mode": "QUATERNION"
      },
      "armature_space": {
        "head": {
          "x": 0.4566861093044281,
          "y": -0.3884858787059784,
          "z": 0.7637751698493958
        },
        "tail": {
          "x": 0.4665633738040924,
          "y": -0.40956416726112366,
          "z": 0.7745565176010132
        }
      },
      "world_space": {
        "head": {
          "x": 0.4566861093044281,
          "y": -0.3252418637275696,
          "z": 1.7136292457580566
        },
        "tail": {
          "x": 0.4665633738040924,
          "y": -0.34632015228271484,
          "z": 1.7244105339050293
        },
        "rotation_quaternion": {
          "w": 0.21990658342838287,
          "x": 0.9543735384941101,
          "y": 0.20201623439788818,
          "z": 0.001292382599785924
        },
        "matrix": [
          [
            0.9183754324913025,
            0.38502952456474304,
            0.09131675213575363,
            0.4566861093044281
          ],
          [
            0.38616669178009033,
            -0.8216610550880432,
            -0.4192242920398712,
            -0.3252418637275696
          ],
          [
            -0.08638253062963486,
            0.42027080059051514,
            -0.9032853245735168,
            1.7136292457580566
          ],
          [
            0.0,
            0.0,
            0.0,
            1.0
          ]
        ]
      },
      "bone_length_armature_space": 0.02565330504815186,
      "parent": "index_01_l",
      "has_children": true,
      "is_end_bone": false
    },
    "index_03_l": {
      "name": "index_03_l",
      "local": {
        "location": {
          "x": 0.0,
          "y": 0.0,
          "z": 0.0
        },
        "rotation_quaternion": {
          "w": 0.999925971031189,
          "x": 0.01020667515695095,
          "y": -0.006441028788685799,
          "z": 0.0015934677794575691
        },
        "scale": {
          "x": 1.0,
          "y": 1.0,
          "z": 1.0
        },
        "matrix_basis": [
          [
            0.9999119639396667,
            -0.003318182658404112,
            -0.012848575599491596,
            0.0
          ],
          [
            0.003055216744542122,
            0.9997865557670593,
            -0.0204323660582304,
            0.0
          ],
          [
            0.012913632206618786,
            0.0203913114964962,
            0.9997086524963379,
            0.0
          ],
          [
            0.0,
            0.0,
            0.0,
            1.0
          ]
        ],
        "rotation_mode": "QUATERNION"
      },
      "armature_space": {
        "head": {
          "x": 0.46656334400177,
          "y": -0.4095641076564789,
          "z": 0.774556577205658
        },
        "tail": {
          "x": 0.4803743362426758,
          "y": -0.433662474155426,
          "z": 0.7836262583732605
        }
      },
      "world_space": {
        "head": {
          "x": 0.46656334400177,
          "y": -0.34632009267807007,
          "z": 1.7244105339050293
        },
        "tail": {
          "x": 0.4803743362426758,
          "y": -0.3704184889793396,
          "z": 1.7334802150726318
        },
        "rotation_quaternion": {
          "w": 0.16040831804275513,
          "x": 0.9551519155502319,
          "y": 0.24877721071243286,
          "z": 0.007990420795977116
        },
        "matrix": [
          [
            0.8760920166969299,
            0.4726766049861908,
            0.09507639706134796,
            0.46656334400177
          ],
          [
            0.4778038263320923,
            -0.8247582912445068,
            -0.30245327949523926,
            -0.34632009267807007
          ],
          [
            -0.06454753130674362,
            0.3104060888290405,
            -0.9484172463417053,
            1.7244105339050293
          ],
          [
            0.0,
            0.0,
            0.0,
            1.0
          ]
        ]
      },
      "bone_length_armature_space": 0.029218724816827517,
      "parent": "index_02_l",
      "has_children": false,
      "is_end_bone": true
    },
    "metacarpal_pinky_l": {
      "name": "metacarpal_pinky_l",
      "local": {
        "location": {
          "x": 0.0,
          "y": 0.0,
          "z": 0.0
        },
        "rotation_quaternion": {
          "w": 0.9997925758361816,
          "x": -0.019147111102938652,
          "y": 0.005410447251051664,
          "z": -0.004349533002823591
        },
        "scale": {
          "x": 1.0,
          "y": 1.0,
          "z": 1.0
        },
        "matrix_basis": [
          [
            0.9999036192893982,
            0.008490072563290596,
            0.01098521240055561,
            0.0
          ],
          [
            -0.008904450573027134,
            0.9992289543151855,
            0.038239214569330215,
            0.0
          ],
          [
            -0.0106520876288414,
            -0.03833334520459175,
            0.9992082118988037,
            0.0
          ],
          [
            0.0,
            0.0,
            0.0,
            1.0
          ]
        ],
        "rotation_mode": "QUATERNION"
      },
      "armature_space": {
        "head": {
          "x": 0.4401109218597412,
          "y": -0.251335084438324,
          "z": 0.7275996804237366
        },
        "tail": {
          "x": 0.49466368556022644,
          "y": -0.32788392901420593,
          "z": 0.7724049687385559
        }
      },
      "world_space": {
        "head": {
          "x": 0.4401109218597412,
          "y": -0.18809108436107635,
          "z": 1.6774537563323975
        },
        "tail": {
          "x": 0.49466368556022644,
          "y": -0.2646399140357971,
          "z": 1.7222590446472168
        },
        "rotation_quaternion": {
          "w": 0.35226455330848694,
          "x": 0.39151933789253235,
          "y": -0.09136898815631866,
          "z": -0.845147430896759
        },
        "matrix": [
          [
            -0.4452439844608307,
            0.523887038230896,
            -0.7261543869972229,
            0.4401109218597412
          ],
          [
            -0.6669771671295166,
            -0.7351223826408386,
            -0.12139780819416046,
            -0.18809108436107635
          ],
          [
            -0.597415566444397,
            0.4302789568901062,
            0.6767337322235107,
            1.6774537563323975
          ],
          [
            0.0,
            0.0,
            0.0,
            1.0
          ]
        ]
      },
      "bone_length_armature_space": 0.10413089575109961,
      "parent": "lowerarm_l",
      "has_children": true,
      "is_end_bone": false
    },
    "pinky_01_l": {
      "name": "pinky_01_l",
      "local": {
        "location": {
          "x": 0.0,
          "y": 0.0,
          "z": 0.0
        },
        "rotation_quaternion": {
          "w": 0.9982414245605469,
          "x": -0.055528514087200165,
          "y": -0.017793692648410797,
          "z": -0.0106771569699049
        },
        "scale": {
          "x": 1.0,
          "y": 1.0,
          "z": 1.0
        },
        "matrix_basis": [
          [
            0.9991387724876404,
            0.023292874917387962,
            -0.03433902934193611,
            0.0
          ],
          [
            -0.019340645521879196,
            0.9936051368713379,
            0.11124169826507568,
            0.0
          ],
          [
            0.036710575222969055,
            -0.11048175394535065,
            0.9931999444961548,
            0.0
          ],
          [
            0.0,
            0.0,
            0.0,
            1.0
          ]
        ],
        "rotation_mode": "QUATERNION"
      },
      "armature_space": {
        "head": {
          "x": 0.49466368556022644,
          "y": -0.32788392901420593,
          "z": 0.7724049687385559
        },
        "tail": {
