{
  "metadata": {
    "armature_name": "KIM_caucasian_male",
    "export_time": "2026-01-13T21:05:04.895093",
    "blender_version": "4.4.1",
    "bone_count": 56,
    "end_bone_count": 13,
    "spaces_included": [
      "LOCAL_CHANNELS",
      "ARMATURE_SPACE",
      "WORLD_SPACE"
    ],
    "note": "LOCAL matches Transform panel; replay pose via local.matrix_basis for best fidelity."
  },
  "bones": {
    "Root": {
      "name": "Root",
      "local": {
        "location": {
          "x": 0.0,
          "y": 0.0,
          "z": 0.0
        },
        "rotation_quaternion": {
          "w": 0.9998096227645874,
          "x": -0.003401857102289796,
          "y": 0.018622498959302902,
          "z": 0.004732469562441111
        },
        "scale": {
          "x": 1.0,
          "y": 1.0,
          "z": 1.0
        },
        "matrix_basis": [
          [
            0.9992616176605225,
            -0.009589839726686478,
            0.03720570728182793,
            0.0
          ],
          [
            0.009336435236036777,
            0.999932050704956,
            0.0069786799140274525,
            0.0
          ],
          [
            -0.03727010637521744,
            -0.006626158021390438,
            0.9992832541465759,
            0.0
          ],
          [
            0.0,
            0.0,
            0.0,
            1.0
          ]
        ],
        "rotation_mode": "QUATERNION"
      },
      "armature_space": {
        "head": {
          "x": 0.0,
          "y": 0.07072800397872925,
          "z": -0.009595036506652832
        },
        "tail": {
          "x": -0.0006844831514172256,
          "y": 6.838887929916382e-05,
          "z": 0.00046800635755062103
        }
      },
      "world_space": {
        "head": {
          "x": 0.0,
          "y": 0.13397200405597687,
          "z": 0.9402589797973633
        },
        "tail": {
          "x": -0.0006844831514172256,
          "y": 0.06331238895654678,
          "z": 0.9503220319747925
        },
        "rotation_quaternion": {
          "w": 0.0707489550113678,
          "x": 0.9973090887069702,
          "y": -0.0034671598114073277,
          "z": 0.018899010494351387
        },
        "matrix": [
          [
            0.9992616176605225,
            -0.009589839726686478,
            0.03720570728182793,
            0.0
          ],
          [
            -0.004241480492055416,
            -0.9899650812149048,
            -0.1412486732006073,
            0.13397200405597687
          ],
          [
            0.038187168538570404,
            0.1409866213798523,
            -0.9892818331718445,
            0.9402589797973633
          ],
          [
            0.0,
            0.0,
            0.0,
            1.0
          ]
        ]
      },
      "bone_length_armature_space": 0.07137586813670953,
      "parent": null,
      "has_children": true,
      "is_end_bone": false
    },
    "spine_01": {
      "name": "spine_01",
      "local": {
        "location": {
          "x": 0.0,
          "y": 0.0,
          "z": 0.0
        },
        "rotation_quaternion": {
          "w": 0.9918212294578552,
          "x": 0.09635366499423981,
          "y": -0.021951762959361076,
          "z": -0.08077657967805862
        },
        "scale": {
          "x": 1.0,
          "y": 1.0,
          "z": 1.0
        },
        "matrix_basis": [
          [
            0.9859865307807922,
            0.15600158274173737,
            -0.05911068990826607,
            0.0
          ],
          [
            -0.1644621193408966,
            0.9683822393417358,
            -0.18758484721183777,
            0.0
          ],
          [
            0.027978209778666496,
            0.19467759132385254,
            0.9804681539535522,
            0.0
          ],
          [
            0.0,
            0.0,
            0.0,
            1.0
          ]
        ],
        "rotation_mode": "QUATERNION"
      },
      "armature_space": {
        "head": {
          "x": -0.0006844831514172256,
          "y": 6.838887929916382e-05,
          "z": 0.00046800635755062103
        },
        "tail": {
          "x": 0.05687880888581276,
          "y": -0.06978301703929901,
          "z": 0.4800048768520355
        }
      },
      "world_space": {
        "head": {
          "x": -0.0006844831514172256,
          "y": 0.06331238895654678,
          "z": 0.9503220319747925
        },
        "tail": {
          "x": 0.05687880888581276,
          "y": -0.006539016962051392,
          "z": 1.429858922958374
        },
        "rotation_quaternion": {
          "w": 0.6540476083755493,
          "x": 0.7535783052444458,
          "y": 0.02555113099515438,
          "z": -0.060735415667295456
        },
        "matrix": [
          [
            0.9913167357444763,
            0.11795727163553238,
            -0.058113690465688705,
            -0.0006844831514172256
          ],
          [
            -0.0409373864531517,
            -0.14313776791095734,
            -0.98885577917099,
            0.06331238895654678
          ],
          [
            -0.12496190518140793,
            0.9826550483703613,
            -0.13706788420677185,
            0.9503220319747925
          ],
          [
            0.0,
            0.0,
            0.0,
            1.0
          ]
        ]
      },
      "bone_length_armature_space": 0.48800445746061893,
      "parent": "Root",
      "has_children": true,
      "is_end_bone": false
    },
    "neck_01": {
      "name": "neck_01",
      "local": {
        "location": {
          "x": 0.0,
          "y": 0.0,
          "z": 0.0
        },
        "rotation_quaternion": {
          "w": 0.9982253313064575,
          "x": 0.03615797683596611,
          "y": -0.0415501669049263,
          "z": -0.02263684943318367
        },
        "scale": {
          "x": 1.0,
          "y": 1.0,
          "z": 1.0
        },
        "matrix_basis": [
          [
            0.9955223202705383,
            0.0421886146068573,
            -0.08458986133337021,
            0.0
          ],
          [
            -0.048198092728853226,
            0.9963603615760803,
            -0.07030648738145828,
            0.0
          ],
          [
            0.08131585270166397,
            0.07406874746084213,
            0.9939323663711548,
            0.0
          ],
          [
            0.0,
            0.0,
            0.0,
            1.0
          ]
        ],
        "rotation_mode": "QUATERNION"
      },
      "armature_space": {
        "head": {
          "x": 0.0635000541806221,
          "y": -0.11455729603767395,
          "z": 0.5471997857093811
        },
        "tail": {
          "x": 0.07591595500707626,
          "y": -0.1731722056865692,
          "z": 0.6303914189338684
        }
      },
      "world_space": {
        "head": {
          "x": 0.0635000541806221,
          "y": -0.05131329596042633,
          "z": 1.497053861618042
        },
        "tail": {
          "x": 0.07591595500707626,
          "y": -0.1099282056093216,
          "z": 1.5802454948425293
        },
        "rotation_quaternion": {
          "w": 0.4626477062702179,
          "x": 0.8792806267738342,
          "y": 0.009494301863014698,
          "z": -0.11283878237009048
        },
        "matrix": [
          [
            0.9743546843528748,
            0.12110553681850433,
            -0.18964825570583344,
            0.0635000541806221
          ],
          [
            -0.08771243691444397,
            -0.5717337131500244,
            -0.8157373070716858,
            -0.05131329596042633
          ],
          [
            -0.20722012221813202,
            0.8114569187164307,
            -0.5464535355567932,
            1.497053861618042
          ],
          [
            0.0,
            0.0,
            0.0,
            1.0
          ]
        ]
      },
      "bone_length_armature_space": 0.10252175518554964,
      "parent": "spine_01",
      "has_children": true,
      "is_end_bone": false
    },
    "head": {
      "name": "head",
      "local": {
        "location": {
          "x": 0.0,
          "y": 0.0,
          "z": 0.0
        },
        "rotation_quaternion": {
          "w": 0.961704671382904,
          "x": -0.10515771806240082,
          "y": 0.14319473505020142,
          "z": -0.2087133675813675
        },
        "scale": {
          "x": 1.0,
          "y": 1.0,
          "z": 1.0
        },
        "matrix_basis": [
          [
            0.8718680143356323,
            0.37132516503334045,
            0.3193177282810211,
            0.0
          ],
          [
            -0.431557297706604,
            0.8907611966133118,
            0.142488032579422,
            0.0
          ],
          [
            -0.2315264493227005,
            -0.26203465461730957,
            0.936874270439148,
            0.0
          ],
          [
            0.0,
            0.0,
            0.0,
            1.0
          ]
        ],
        "rotation_mode": "QUATERNION"
      },
      "armature_space": {
        "head": {
          "x": 0.07591591775417328,
          "y": -0.17317228019237518,
          "z": 0.6303912997245789
        },
        "tail": {
          "x": 0.16252261400222778,
          "y": -0.17199914157390594,
          "z": 0.7590424418449402
        }
      },
      "world_space": {
        "head": {
          "x": 0.07591591775417328,
          "y": -0.10992828011512756,
          "z": 1.5802452564239502
        },
        "tail": {
          "x": 0.16252261400222778,
          "y": -0.10875514149665833,
          "z": 1.7088963985443115
        },
        "rotation_quaternion": {
          "w": 0.6477101445198059,
          "x": 0.694129228591919,
          "y": 0.2902648448944092,
          "z": -0.12001118063926697
        },
        "matrix": [
          [
            0.8026863932609558,
            0.5584279298782349,
            0.20941093564033508,
            0.07591591775417328
          ],
          [
            0.2475007176399231,
            0.007564261555671692,
            -0.9688583612442017,
            -0.10992828011512756
          ],
          [
            -0.5426250696182251,
            0.8295245170593262,
            -0.1321413666009903,
            1.5802452564239502
          ],
          [
            0.0,
            0.0,
            0.0,
            1.0
          ]
        ]
      },
      "bone_length_armature_space": 0.15509098129916976,
      "parent": "neck_01",
      "has_children": false,
      "is_end_bone": true
    },
    "upperarm_l": {
      "name": "upperarm_l",
      "local": {
        "location": {
          "x": 0.0,
          "y": 0.0,
          "z": 0.0
        },
        "rotation_quaternion": {
          "w": -0.7523282766342163,
          "x": 0.3787290155887604,
          "y": 0.07022198289632797,
          "z": 0.5344487428665161
        },
        "scale": {
          "x": 1.0,
          "y": 1.0,
          "z": 1.0
        },
        "matrix_basis": [
          [
            0.4188668429851532,
            0.8573520183563232,
            0.29916253685951233,
            0.0
          ],
          [
            -0.7509716153144836,
            0.14185774326324463,
            0.6449171900749207,
            0.0
          ],
          [
            0.5104824304580688,
            -0.4947969913482666,
            0.7032663822174072,
            0.0
          ],
          [
            0.0,
            0.0,
            0.0,
            1.0
          ]
        ],
        "rotation_mode": "QUATERNION"
      },
      "armature_space": {
        "head": {
          "x": 0.2040845900774002,
          "y": -0.11423153430223465,
          "z": 0.4619763493537903
        },
        "tail": {
          "x": 0.21275398135185242,
          "y": 0.05503580719232559,
          "z": 0.2544153332710266
        }
      },
      "world_space": {
        "head": {
          "x": 0.2040845900774002,
          "y": -0.05098753422498703,
          "z": 1.4118304252624512
        },
        "tail": {
          "x": 0.21275398135185242,
          "y": 0.11827980726957321,
          "z": 1.2042694091796875
        },
        "rotation_quaternion": {
          "w": 0.2822110950946808,
          "x": -0.11695507913827896,
          "y": 0.858015239238739,
          "z": -0.4129023253917694
        },
        "matrix": [
          [
            -0.8133572340011597,
            0.03235216066241264,
            0.580864429473877,
            0.2040845900774002
          ],
          [
            -0.43374961614608765,
            0.6316666007041931,
            -0.6425408720970154,
            -0.05098753422498703
          ],
          [
            -0.38770321011543274,
            -0.7745697498321533,
            -0.49974188208580017,
            1.4118304252624512
          ],
          [
            0.0,
            0.0,
            0.0,
            1.0
          ]
        ]
      },
      "bone_length_armature_space": 0.26797045648814494,
      "parent": "spine_01",
      "has_children": true,
      "is_end_bone": false
    },
    "lowerarm_l": {
      "name": "lowerarm_l",
      "local": {
        "location": {
          "x": 0.0,
          "y": 0.0,
          "z": 0.0
        },
        "rotation_quaternion": {
          "w": 0.9603105783462524,
          "x": 0.14186808466911316,
          "y": -0.1312607079744339,
          "z": 0.20111653208732605
        },
        "scale": {
          "x": 1.0,
          "y": 1.0,
          "z": 1.0
        },
        "matrix_basis": [
          [
            0.8846455216407776,
            -0.4235120713710785,
            -0.1950380653142929,
            0.0
          ],
          [
            0.34902524948120117,
            0.8788511753082275,
            -0.32527223229408264,
            0.0
          ],
          [
            0.3091661334037781,
            0.21967744827270508,
            0.9252881407737732,
            0.0
          ],
          [
            0.0,
            0.0,
            0.0,
            1.0
          ]
        ],
        "rotation_mode": "QUATERNION"
      },
      "armature_space": {
        "head": {
          "x": 0.21275411546230316,
          "y": 0.05503588169813156,
          "z": 0.25441527366638184
        },
        "tail": {
          "x": 0.370868980884552,
          "y": 0.20888477563858032,
          "z": 0.10308834910392761
        }
      },
      "world_space": {
        "head": {
          "x": 0.21275411546230316,
          "y": 0.11827988177537918,
          "z": 1.204269289970398
        },
        "tail": {
          "x": 0.370868980884552,
          "y": 0.27212876081466675,
          "z": 1.0529423952102661
        },
        "rotation_quaternion": {
          "w": 0.5576422214508057,
          "x": 0.05877852067351341,
          "y": 0.6903466582298279,
          "z": -0.4571673274040222
        },
        "matrix": [
          [
            -0.37116068601608276,
            0.5910294651985168,
            0.7161871790885925,
            0.21275411546230316
          ],
          [
            -0.42871659994125366,
            0.5750834345817566,
            -0.6967647671699524,
            0.11827988177537918
          ],
          [
            -0.8236819505691528,
            -0.5656563639640808,
            0.039935290813446045,
            1.204269289970398
          ],
          [
            0.0,
            0.0,
            0.0,
            1.0
          ]
        ]
      },
      "bone_length_armature_space": 0.2675250063331246,
      "parent": "upperarm_l",
      "has_children": true,
      "is_end_bone": false
    },
    "metacarpal_thumb_l": {
      "name": "metacarpal_thumb_l",
      "local": {
        "location": {
          "x": 0.0,
          "y": 0.0,
          "z": 0.0
        },
        "rotation_quaternion": {
          "w": 0.9997543096542358,
          "x": 0.005935664754360914,
          "y": 0.01816309057176113,
          "z": 0.011241343803703785
        },
        "scale": {
          "x": 1.0,
          "y": 1.0,
          "z": 1.0
        },
        "matrix_basis": [
          [
            0.9990874528884888,
            -0.022261543199419975,
            0.03645070642232895,
            0.0
          ],
          [
            0.022692784667015076,
            0.9996768236160278,
            -0.011460057459771633,
            0.0
          ],
          [
            -0.036183807998895645,
            0.012276767753064632,
            0.9992697238922119,
            0.0
          ],
          [
            0.0,
            0.0,
            0.0,
            1.0
          ]
        ],
        "rotation_mode": "QUATERNION"
      },
      "armature_space": {
        "head": {
          "x": 0.370868980884552,
          "y": 0.20888477563858032,
          "z": 0.10308834910392761
        },
        "tail": {
          "x": 0.4114028215408325,
          "y": 0.20590731501579285,
          "z": 0.0747733935713768
        }
      },
      "world_space": {
        "head": {
          "x": 0.370868980884552,
          "y": 0.27212876081466675,
          "z": 1.0529423952102661
        },
        "tail": {
          "x": 0.4114028215408325,
          "y": 0.26915132999420166,
          "z": 1.024627447128296
        },
        "rotation_quaternion": {
          "w": 0.04488670453429222,
          "x": -0.6228665709495544,
          "y": -0.6840550303459167,
          "z": 0.3769499361515045
        },
        "matrix": [
          [
            -0.2200421243906021,
            0.8183091878890991,
            -0.5309910178184509,
            0.370868980884552
          ],
          [
            0.8859913349151611,
            -0.060109931975603104,
            -0.4597892761230469,
            0.27212876081466675
          ],
          [
            -0.40816953778266907,
            -0.5716304779052734,
            -0.7117934823036194,
            1.0529423952102661
          ],
          [
            0.0,
            0.0,
            0.0,
            1.0
          ]
        ]
      },
      "bone_length_armature_space": 0.04953376875957229,
      "parent": "lowerarm_l",
      "has_children": true,
      "is_end_bone": false
    },
    "thumb_01_l": {
      "name": "thumb_01_l",
      "local": {
        "location": {
          "x": 0.0,
          "y": 0.0,
          "z": 0.0
        },
        "rotation_quaternion": {
          "w": 0.9982653856277466,
          "x": -0.05214560404419899,
          "y": -0.025717267766594887,
          "z": -0.009264294058084488
        },
        "scale": {
          "x": 1.0,
          "y": 1.0,
          "z": 1.0
        },
        "matrix_basis": [
          [
            0.9985055923461914,
            0.021178532391786575,
            -0.050379130989313126,
            0.0
          ],
          [
            -0.015814363956451416,
            0.9943900108337402,
            0.10458680987358093,
            0.0
          ],
          [
            0.052311502397060394,
            -0.10363379865884781,
            0.9932389259338379,
            0.0
          ],
          [
            0.0,
            0.0,
            0.0,
            1.0
          ]
        ],
        "rotation_mode": "QUATERNION"
      },
      "armature_space": {
        "head": {
          "x": 0.4114028215408325,
          "y": 0.20590731501579285,
          "z": 0.0747733935713768
        },
        "tail": {
          "x": 0.41865405440330505,
          "y": 0.18663987517356873,
          "z": 0.0476658008992672
        }
      },
      "world_space": {
        "head": {
          "x": 0.4114028215408325,
          "y": 0.26915132999420166,
          "z": 1.024627447128296
        },
        "tail": {
          "x": 0.41865405440330505,
          "y": 0.24988387525081635,
          "z": 0.9975197911262512
        },
        "rotation_quaternion": {
          "w": 0.44180724024772644,
          "x": -0.8832390308380127,
          "y": -0.14759010076522827,
          "z": 0.05396629124879837
        },
        "matrix": [
          [
            0.9506093263626099,
            0.21302954852581024,
            -0.22574368119239807,
            0.4114028215408325
          ],
          [
            0.30840080976486206,
            -0.566047191619873,
            0.7645125985145569,
            0.26915132999420166
          ],
          [
            0.03508266806602478,
            -0.7963785529136658,
            -0.6037917733192444,
            1.024627447128296
          ],
          [
            0.0,
            0.0,
            0.0,
            1.0
          ]
        ]
      },
      "bone_length_armature_space": 0.03403874570039969,
      "parent": "metacarpal_thumb_l",
      "has_children": true,
      "is_end_bone": false
    },
    "thumb_02_l": {
      "name": "thumb_02_l",
      "local": {
        "location": {
          "x": 0.0,
          "y": 0.0,
          "z": 0.0
        },
        "rotation_quaternion": {
          "w": 0.9967989325523376,
          "x": 0.0795983076095581,
          "y": -0.003187379566952586,
          "z": 0.00677105039358139
        },
        "scale": {
          "x": 1.0,
          "y": 1.0,
          "z": 1.0
        },
        "matrix_basis": [
          [
            0.999888002872467,
            -0.014006171375513077,
            -0.005276424810290337,
            0.0
          ],
          [
            0.01299133151769638,
            0.987236499786377,
            -0.1587301790714264,
            0.0
          ],
          [
            0.007432281505316496,
            0.15864385664463043,
            0.9873079061508179,
            0.0
          ],
          [
            0.0,
            0.0,
            0.0,
            1.0
          ]
        ],
        "rotation_mode": "QUATERNION"
      },
      "armature_space": {
        "head": {
          "x": 0.4186539947986603,
          "y": 0.18663984537124634,
          "z": 0.04766584187746048
        },
        "tail": {
          "x": 0.44057974219322205,
          "y": 0.20745785534381866,
          "z": 0.021226102486252785
        }
      },
      "world_space": {
        "head": {
          "x": 0.4186539947986603,
          "y": 0.24988384544849396,
          "z": 0.997519850730896
        },
        "tail": {
          "x": 0.44057974219322205,
          "y": 0.2707018554210663,
          "z": 0.9710801243782043
        },
        "rotation_quaternion": {
          "w": 0.8518334627151489,
          "x": -0.43516743183135986,
          "y": -0.18313874304294586,
          "z": -0.22686812281608582
        },
        "matrix": [
          [
            0.8299820423126221,
            0.5459001660346985,
            -0.11455465853214264,
            0.4186539947986603
          ],
          [
            -0.22711727023124695,
            0.518319845199585,
            0.8244770169258118,
            0.24988384544849396
          ],
          [
            0.5094614624977112,
            -0.6582878828048706,
            0.5541841387748718,
            0.997519850730896
          ],
          [
            0.0,
            0.0,
            0.0,
            1.0
          ]
        ]
      },
      "bone_length_armature_space": 0.040164508576249626,
      "parent": "thumb_01_l",
      "has_children": true,
      "is_end_bone": false
    },
    "thumb_03_l": {
      "name": "thumb_03_l",
      "local": {
        "location": {
          "x": 0.0,
          "y": 0.0,
          "z": 0.0
        },
        "rotation_quaternion": {
          "w": 0.9966025352478027,
          "x": 0.08223380148410797,
          "y": 0.004493746906518936,
          "z": -0.0008697498706169426
        },
        "scale": {
          "x": 1.0,
          "y": 1.0,
          "z": 1.0
        },
        "matrix_basis": [
          [
            0.9999580979347229,
            0.0024726656265556812,
            0.008813912980258465,
            0.0
          ],
          [
            -0.0009945140918716788,
            0.9864736795425415,
            -0.16391664743423462,
            0.0
          ],
          [
            -0.009100005030632019,
            0.16390101611614227,
            0.986434817314148,
            0.0
          ],
          [
            0.0,
            0.0,
            0.0,
            1.0
          ]
        ],
        "rotation_mode": "QUATERNION"
      },
      "armature_space": {
        "head": {
          "x": 0.44057977199554443,
          "y": 0.2074577659368515,
          "z": 0.021226124837994576
        },
        "tail": {
          "x": 0.45182374119758606,
          "y": 0.23278528451919556,
          "z": 0.00861730519682169
        }
      },
      "world_space": {
        "head": {
          "x": 0.44057977199554443,
          "y": 0.2707017660140991,
          "z": 0.9710801243782043
        },
        "tail": {
          "x": 0.45182374119758606,
          "y": 0.296029269695282,
          "z": 0.9584712982177734
        },
        "rotation_quaternion": {
          "w": 0.95698481798172,
          "x": -0.21871280670166016,
          "y": -0.011718839406967163,
          "z": -0.19028308987617493
        },
        "matrix": [
          [
            0.9273099899291992,
            0.3693220913410187,
            0.060805659741163254,
            0.44057977199554443
          ],
          [
            -0.3590700626373291,
            0.8319138884544373,
            0.42306971549987793,
            0.2707017660140991
          ],
          [
            0.10566428303718567,
            -0.4141523241996765,
            0.9040613770484924,
            0.9710801243782043
          ],
          [
            0.0,
            0.0,
            0.0,
            1.0
          ]
        ]
      },
      "bone_length_armature_space": 0.030444906970452778,
      "parent": "thumb_02_l",
      "has_children": false,
      "is_end_bone": true
    },
    "metacarpal_index_l": {
      "name": "metacarpal_index_l",
      "local": {
        "location": {
          "x": 0.0,
          "y": 0.0,
          "z": 0.0
        },
        "rotation_quaternion": {
          "w": 0.9992579221725464,
          "x": -0.038426730781793594,
          "y": -0.002078388584777713,
          "z": -0.0017086209263652563
        },
        "scale": {
          "x": 1.0,
          "y": 1.0,
          "z": 1.0
        },
        "matrix_basis": [
          [
            0.9999855160713196,
            0.0035744374617934227,
            -0.0040223789401352406,
            0.0
          ],
          [
            -0.003254974726587534,
            0.9970409274101257,
            0.0768035352230072,
            0.0
          ],
          [
            0.0042850058525800705,
            -0.07678932696580887,
            0.9970381259918213,
            0.0
          ],
          [
            0.0,
            0.0,
            0.0,
            1.0
          ]
        ],
        "rotation_mode": "QUATERNION"
      },
      "armature_space": {
        "head": {
          "x": 0.370868980884552,
          "y": 0.20888477563858032,
          "z": 0.10308834910392761
        },
        "tail": {
          "x": 0.4599571228027344,
          "y": 0.2532463073730469,
          "z": 0.04124483838677406
        }
      },
      "world_space": {
        "head": {
          "x": 0.370868980884552,
          "y": 0.27212876081466675,
          "z": 1.0529423952102661
        },
        "tail": {
          "x": 0.4599571228027344,
          "y": 0.3164902925491333,
          "z": 0.9910988807678223
        },
        "rotation_quaternion": {
          "w": 0.20460036396980286,
          "x": 0.36543795466423035,
          "y": 0.8046368956565857,
          "z": -0.4208957552909851
        },
        "matrix": [
          [
            -0.6491870880126953,
            0.7603211402893066,
            0.021633662283420563,
            0.370868980884552
          ],
          [
            0.4158605933189392,
            0.37860262393951416,
            -0.8268737196922302,
            0.27212876081466675
          ],
          [
            -0.6368839740753174,
            -0.5278022885322571,
            -0.5619762539863586,
            1.0529423952102661
          ],
          [
            0.0,
            0.0,
            0.0,
            1.0
          ]
        ]
      },
      "bone_length_armature_space": 0.11717193718726836,
      "parent": "lowerarm_l",
      "has_children": true,
      "is_end_bone": false
    },
    "index_01_l": {
      "name": "index_01_l",
      "local": {
        "location": {
          "x": 0.0,
          "y": 0.0,
          "z": 0.0
        },
        "rotation_quaternion": {
          "w": 0.9958738088607788,
          "x": -0.08978363871574402,
          "y": -0.0034069218672811985,
          "z": -0.012752003967761993
        },
        "scale": {
          "x": 1.0,
          "y": 1.0,
          "z": 1.0
        },
        "matrix_basis": [
          [
            0.9996515512466431,
            0.0260105449706316,
            -0.004495885688811541,
            0.0
          ],
          [
            -0.024787001311779022,
            0.9835525751113892,
            0.17891323566436768,
            0.0
          ],
          [
            0.009075570851564407,
            -0.17873945832252502,
            0.9838545918464661,
            0.0
          ],
          [
            0.0,
            0.0,
            0.0,
            1.0
          ]
        ],
        "rotation_mode": "QUATERNION"
      },
      "armature_space": {
        "head": {
          "x": 0.4599571228027344,
          "y": 0.2532463073730469,
          "z": 0.04124483838677406
        },
        "tail": {
          "x": 0.47239217162132263,
          "y": 0.2742363512516022,
          "z": 0.026484772562980652
        }
      },
      "world_space": {
        "head": {
          "x": 0.4599571228027344,
          "y": 0.3164902925491333,
          "z": 0.9910988807678223
        },
        "tail": {
          "x": 0.47239217162132263,
          "y": 0.337480366230011,
          "z": 0.976338803768158
        },
        "rotation_quaternion": {
          "w": 0.15310530364513397,
          "x": 0.185202956199646,
          "y": 0.9190319776535034,
          "z": -0.31247228384017944
        },
        "matrix": [
          [
            -0.8845173716545105,
            0.43609747290611267,
            0.16567488014698029,
            0.4599571228027344
          ],
          [
            0.24473318457603455,
            0.736121416091919,
            -0.6310555934906006,
            0.3164902925491333
          ],
          [
            -0.39716097712516785,
            -0.5176361203193665,
            -0.7578454613685608,
            0.9910988807678223
          ],
          [
            0.0,
            0.0,
            0.0,
            1.0
          ]
        ]
      },
      "bone_length_armature_space": 0.02851441603091665,
      "parent": "metacarpal_index_l",
      "has_children": true,
      "is_end_bone": false
    },
    "index_02_l": {
      "name": "index_02_l",
      "local": {
        "location": {
          "x": 0.0,
          "y": 0.0,
          "z": 0.0
        },
        "rotation_quaternion": {
          "w": 0.9990934133529663,
          "x": 0.04157143086194992,
          "y": -0.008064476773142815,
          "z": -0.004395273979753256
        },
        "scale": {
          "x": 1.0,
          "y": 1.0,
          "z": 1.0
        },
        "matrix_basis": [
          [
            0.9998313188552856,
            0.008112074807286263,
            -0.016479765996336937,
            0.0
          ],
          [
            -0.009453082457184792,
            0.9965050220489502,
            -0.08299659192562103,
            0.0
          ],
          [
            0.015748895704746246,
            0.0831383764743805,
            0.9964135885238647,
            0.0
          ],
          [
            0.0,
            0.0,
            0.0,
            1.0
          ]
        ],
        "rotation_mode": "QUATERNION"
      },
      "armature_space": {
        "head": {
          "x": 0.47239261865615845,
          "y": 0.2742363512516022,
          "z": 0.026484427973628044
        },
        "tail": {
          "x": 0.48300400376319885,
          "y": 0.29250508546829224,
          "z": 0.01193298026919365
        }
      },
      "world_space": {
        "head": {
          "x": 0.47239261865615845,
          "y": 0.337480366230011,
          "z": 0.9763384461402893
        },
        "tail": {
          "x": 0.48300400376319885,
          "y": 0.35574907064437866,
          "z": 0.9617869853973389
        },
        "rotation_quaternion": {
          "w": 0.18101884424686432,
          "x": 0.15924321115016937,
          "y": 0.9073601961135864,
          "z": -0.3443419337272644
        },
        "matrix": [
          [
            -0.8837477564811707,
            0.413646936416626,
            0.21882949769496918,
            0.47239261865615845
          ],
          [
            0.16431787610054016,
            0.7121400833129883,
            -0.682536780834198,
            0.337480366230011
          ],
          [
            -0.4381691813468933,
            -0.5672356486320496,
            -0.6973273158073425,
            0.9763384461402893
          ],
          [
            0.0,
            0.0,
            0.0,
            1.0
          ]
        ]
      },
      "bone_length_armature_space": 0.025653319087660713,
      "parent": "index_01_l",
      "has_children": true,
      "is_end_bone": false
    },
    "index_03_l": {
      "name": "index_03_l",
      "local": {
        "location": {
          "x": 0.0,
          "y": 0.0,
          "z": 0.0
        },
        "rotation_quaternion": {
          "w": 0.9995235800743103,
          "x": 0.03074618987739086,
          "y": -0.0020379461348056793,
          "z": -0.001762832049280405
        },
        "scale": {
          "x": 1.0,
          "y": 1.0,
          "z": 1.0
        },
        "matrix_basis": [
          [
            0.9999854564666748,
            0.0033986661583185196,
            -0.004182351287454367,
            0.0
          ],
          [
            -0.003649302525445819,
            0.998103141784668,
            -0.061455897986888885,
            0.0
          ],
          [
            0.003965549636632204,
            0.06147027015686035,
            0.9981010556221008,
            0.0
          ],
          [
            0.0,
            0.0,
            0.0,
            1.0
          ]
        ],
        "rotation_mode": "QUATERNION"
      },
      "armature_space": {
        "head": {
          "x": 0.48300400376319885,
          "y": 0.292505145072937,
          "z": 0.011933096684515476
        },
        "tail": {
          "x": 0.4933154582977295,
          "y": 0.31048572063446045,
          "z": -0.00866080354899168
        }
      },
      "world_space": {
        "head": {
          "x": 0.48300400376319885,
          "y": 0.35574913024902344,
          "z": 0.9617871046066284
        },
        "tail": {
          "x": 0.4933154582977295,
          "y": 0.3737297058105469,
          "z": 0.9411932229995728
        },
        "rotation_quaternion": {
          "w": 0.12262614071369171,
          "x": 0.14099913835525513,
          "y": 0.8903106451034546,
          "z": -0.4152458906173706
        },
        "matrix": [
          [
            -0.9301642775535583,
            0.3529062569141388,
            0.10125109553337097,
            0.48300400376319885
          ],
          [
            0.14922703802585602,
            0.6153799295425415,
            -0.77397620677948,
            0.35574913024902344
          ],
          [
            -0.3354509174823761,
            -0.7048196196556091,
            -0.6250726580619812,
            0.9617871046066284
          ],
          [
            0.0,
            0.0,
            0.0,
            1.0
          ]
        ]
      },
      "bone_length_armature_space": 0.02921875967917913,
      "parent": "index_02_l",
      "has_children": false,
      "is_end_bone": true
    },
    "metacarpal_pinky_l": {
      "name": "metacarpal_pinky_l",
      "local": {
        "location": {
          "x": 0.0,
          "y": 0.0,
          "z": 0.0
        },
        "rotation_quaternion": {
          "w": 0.9996029138565063,
          "x": -0.027942586690187454,
          "y": 0.003383954055607319,
          "z": 0.0013767259661108255
        },
        "scale": {
          "x": 1.0,
          "y": 1.0,
          "z": 1.0
        },
        "matrix_basis": [
          [
            0.9999732971191406,
            -0.0029414715245366096,
            0.006688281893730164,
            0.0
          ],
          [
            0.002563245827332139,
            0.9984346032142639,
            0.055872298777103424,
            0.0
          ],
          [
            -0.006842159200459719,
            -0.05585366487503052,
            0.9984155297279358,
            0.0
          ],
          [
            0.0,
            0.0,
            0.0,
            1.0
          ]
        ],
        "rotation_mode": "QUATERNION"
      },
      "armature_space": {
        "head": {
          "x": 0.370868980884552,
          "y": 0.20888477563858032,
          "z": 0.10308834910392761
        },
        "tail": {
          "x": 0.40293681621551514,
          "y": 0.28613102436065674,
          "z": 0.04105665907263756
        }
      },
      "world_space": {
        "head": {
          "x": 0.370868980884552,
          "y": 0.27212876081466675,
          "z": 1.0529423952102661
        },
        "tail": {
          "x": 0.40293681621551514,
          "y": 0.34937500953674316,
          "z": 0.9909106492996216
        },
        "rotation_quaternion": {
          "w": 0.8928741812705994,
          "x": -0.25737208127975464,
          "y": 0.27145105600357056,
          "z": -0.2506985068321228
        },
        "matrix": [
          [
            0.7269290685653687,
            0.30795741081237793,
            0.6137887835502625,
            0.370868980884552
          ],
          [
            -0.5874126553535461,
            0.7418197393417358,
            0.32349634170532227,
            0.27212876081466675
          ],
          [
            -0.35570046305656433,
            -0.5957095623016357,
            0.7201535105705261,
            1.0529423952102661
          ],
          [
            0.0,
            0.0,
            0.0,
            1.0
          ]
        ]
      },
      "bone_length_armature_space": 0.10413097233208507,
      "parent": "lowerarm_l",
      "has_children": true,
      "is_end_bone": false
    },
    "pinky_01_l": {
      "name": "pinky_01_l",
      "local": {
        "location": {
          "x": 0.0,
          "y": 0.0,
          "z": 0.0
        },
        "rotation_quaternion": {
          "w": 0.9948683977127075,
          "x": -0.0987282246351242,
          "y": -0.017687711864709854,
          "z": 0.013297230005264282
        },
        "scale": {
          "x": 1.0,
          "y": 1.0,
          "z": 1.0
        },
        "matrix_basis": [
          [
            0.9990206360816956,
            -0.022965434938669205,
            -0.0378195159137249,
            0.0
          ],
          [
            0.029950540512800217,
            0.9801518321037292,
            0.19597278535366058,
            0.0
          ],
          [
            0.03256826847791672,
            -0.19691357016563416,
            0.9798797369003296,
            0.0
          ],
          [
            0.0,
            0.0,
            0.0,
            1.0
          ]
        ],
        "rotation_mode": "QUATERNION"
      },
      "armature_space": {
        "head": {
          "x": 0.40293681621551514,
          "y": 0.28613102436065674,
          "z": 0.04105665907263756
        },
        "tail": {
